id,addicted_label
691369,0.9993962912637249
691370,0.9389218541553197
691371,0.9681349880262806
691372,0.9817589903996229
691373,0.9968740226943871
691374,0.8732659817710509
691375,0.888792437317757
691376,0.6088483331901584
691377,0.9715320251531514
691378,0.36531257114531385
691379,0.9997353354891414
691380,0.8302436348289322
691381,0.9988971376181737
691382,0.9591097618601353
691383,0.974118210271969
691384,0.9999861042140661
691385,0.06638708770672931
691386,0.9752955850949541
691387,0.999500333718855
691388,0.999924900944964
691389,0.6257118549188558
691390,0.9873390208890486
691391,0.5281620229692704
691392,0.9988352869559951
691393,0.8984506941767649
691394,0.008292959913548769
691395,0.9981085001554657
691396,0.9996092228345056
691397,0.9997863962510615
691398,0.17140924786012318
691399,0.9999284258545886
691400,0.9109798999125817
691401,0.9998986515401611
691402,0.3075427000893819
691403,0.8279694522707857
691404,0.6452190258763487
691405,0.9998277145097971
691406,0.9997264202136893
691407,0.2523285995493732
691408,0.6854778588813524
691409,0.14183508712469736
691410,0.9955898862590731
691411,0.5247581282940117
691412,0.9999540735830543
691413,0.2561402643096531
691414,0.7607742392422521
691415,0.23650599798632638
691416,0.15728199131914444
691417,0.9998244397868605
691418,0.05675867037816418
691419,0.9898781303817833
691420,0.8261622778548174
691421,0.9777300039425789
691422,0.9786812859036158
691423,0.025833328554700805
691424,0.08594513578031376
691425,0.3444103075428944
691426,0.9782505347180112
691427,0.9999875814420065
691428,0.07084646860610762
691429,0.9991108141107157
691430,0.9054944832483773
691431,0.003734699654982936
691432,0.999394422474343
691433,0.5334584479395575
691434,0.9746498666064798
691435,0.05061015070666361
691436,0.9233110843841759
691437,0.9330624605334445
691438,0.021802024688723467
691439,0.9940317346319187
691440,0.5371688022346015
691441,0.9999610400318599
691442,0.05394460755956072
691443,0.050938181387842854
691444,0.6746143957370229
691445,0.4555597054280056
691446,0.9995293552725653
691447,0.9881060957071526
691448,0.9969488554970514
691449,0.9998002541990869
691450,0.9556948265211057
691451,0.9532405647744425
691452,0.9996299854973136
691453,0.9999519483335327
691454,0.013484628572072662
691455,0.07447056906709837
691456,0.039355037732699445
691457,0.846777398219722
691458,0.016873362615825397
691459,0.9989214346597303
691460,0.5791205952585416
691461,0.8640473540878394
691462,0.9995300007577529
691463,0.907067137677732
691464,0.6793553398304095
691465,0.9991231619547214
691466,0.9847062272784953
691467,0.028584439685722565
691468,0.9998859852286711
691469,0.14456574989802007
691470,0.6273472063150727
691471,0.03418370988392893
691472,0.42880570267309936
691473,0.9999393609826467
691474,0.9997423847212044
691475,0.8159919575965198
691476,0.9999724642614874
691477,0.025712805898567472
691478,0.9996941950934594
691479,0.14582016101613693
691480,0.5723291373851096
691481,0.008543267074515332
691482,0.9934924162065166
691483,0.9999273903290333
691484,0.8167433988363699
691485,0.060286249105806995
691486,0.5069395267393619
691487,0.7463476203968966
691488,0.052996802718038104
691489,0.887263588813564
691490,0.9999494997863125
691491,0.999917114873693
691492,0.9992606084331692
691493,0.9993760545405889
691494,0.9997670057790222
691495,0.5409507884121232
691496,0.9125231884861437
691497,0.5681182145801751
691498,0.9995169614285475
691499,0.9986063973376371
691500,0.9428344804782538
691501,0.7657864221818886
691502,0.08380713489433755
691503,0.03200432173303801
691504,0.09030386174957719
691505,0.7386917411393912
691506,0.9998409376686603
691507,0.003397786811104084
691508,0.6335076503415886
691509,0.06084887203873367
691510,0.9985673157854956
691511,0.9998569290399724
691512,0.46260767451245444
691513,0.19616222449028614
691514,0.9939287353688337
691515,0.43103969756911126
691516,0.04604072005935003
691517,0.9999754596825117
691518,0.999919632959092
691519,0.9986103344472822
691520,0.9331244444775797
691521,0.9999449986253794
691522,0.8668559275209737
691523,0.27766074863597795
691524,0.40227636267590783
691525,0.9996825354010529
691526,0.9997243953747739
691527,0.008470498986700815
691528,0.01757893962124464
691529,0.8702809262236021
691530,0.9998256452344515
691531,0.9866631454245405
691532,0.9989529861403533
691533,0.40021468391323217
691534,0.999963058312232
691535,0.9764909080850055
691536,0.9965636142758731
691537,0.934989179713861
691538,0.9983800349175622
691539,0.2386849987754216
691540,0.9997020959401075
691541,0.8799715193874462
691542,0.9926269463094506
691543,0.3852038620920985
691544,0.8941805152741442
691545,0.9984412747980034
691546,0.031478909174987794
691547,0.9320509268042811
691548,0.09675618065261392
691549,0.9928652746191278
691550,0.9734611150568327
691551,0.2080265667816763
691552,0.9978690527990657
691553,0.9999089323170112
691554,0.48167265980986423
691555,0.0915219086064645
691556,0.2989741554651186
691557,0.1383109254993823
691558,0.975127486263935
691559,0.1238173861487083
691560,0.9943170177934871
691561,0.9887947287825
691562,0.9999100560652363
691563,0.9500370302141186
691564,0.13952772673096384
691565,0.9982806310295683
691566,0.11548841919166025
691567,0.9992952317806383
691568,0.15168867425241195
691569,0.3606175605866409
691570,0.9952224182372886
691571,0.3847634089347981
691572,0.999872402424846
691573,0.9236769679304916
691574,0.9345315362130372
691575,0.9989995673435837
691576,0.9996927254191184
691577,0.9990300232192924
691578,0.7060284173478333
691579,0.9972710687783468
691580,0.9996590667654321
691581,0.9699949118660762
691582,0.9995673740417227
691583,0.9992262297554928
691584,0.026265150389816125
691585,0.9871812122154336
691586,0.9999201540287663
691587,0.15740955266631662
691588,0.9990093502619739
691589,0.08987606124918214
691590,0.6015654465698387
691591,0.9023742535199883
691592,0.9313608346795024
691593,0.7667135271665961
691594,0.994273003648185
691595,0.3400001997008407
691596,0.021701968173880457
691597,0.02586037151852298
691598,0.9996979362450329
691599,0.7667837345928191
691600,0.8574577674625479
691601,0.4720126528697416
691602,0.9906549892320269
691603,0.9989971503536232
691604,0.9993127005820488
691605,0.9999254286086718
691606,0.9931297152829647
691607,0.9995821409699539
691608,0.990503396677884
691609,0.9994941324007258
691610,0.27678037601580907
691611,0.05438252950687515
691612,0.41702481216417586
691613,0.2923420148489168
691614,0.7014268826141152
691615,0.7135219845106195
691616,0.020467676706547616
691617,0.9993962940791313
691618,0.9065075383142764
691619,0.9997145037201696
691620,0.7640128559646491
691621,0.9339522036118586
691622,0.9997911277669664
691623,0.885497664650673
691624,0.6652189320062128
691625,0.9669726171490495
691626,0.9497264354429671
691627,0.04161763705827594
691628,0.8895209720624833
691629,0.9999577091995786
691630,0.999953331026395
691631,0.0878755200151425
691632,0.06493728392763255
691633,0.6585063560938705
691634,0.9998937853812582
691635,0.1153007856142747
691636,0.9822559466841752
691637,0.16241616570189404
691638,0.06366352616591024
691639,0.008681486924768698
691640,0.9977343041121443
691641,0.9525564143901222
691642,0.9967314957077075
691643,0.10421053118801579
691644,0.15189872789982922
691645,0.020099063730195883
691646,0.19769321157021802
691647,0.971802042363291
691648,0.8882781928722159
691649,0.9998976639428473
691650,0.9999641779550512
691651,0.7359944799154388
691652,0.9956244606597221
691653,0.877782984948601
691654,0.9978513872031715
691655,0.9912475393862209
691656,0.8013618872216689
691657,0.7649382465290568
691658,0.08371451389960835
691659,0.9998731910806967
691660,0.7107728832487574
691661,0.6947438150720749
691662,0.9998501384895941
691663,0.20580961619002974
691664,0.07236319452053062
691665,0.9948073426393421
691666,0.7747110768807861
691667,0.9705611050899893
691668,0.03481989539841778
691669,0.2972713836033533
691670,0.9998484797597066
691671,0.9998007965083182
691672,0.9589776086082749
691673,0.4606026488528302
691674,0.9969732403027459
691675,0.989826173736081
691676,0.9706239974153498
691677,0.9718125117445109
691678,0.9999615551670658
691679,0.007658737744253501
691680,0.9983176015965071
691681,0.9999386521228593
691682,0.734653147561482
691683,0.9075775920172197
691684,0.9920299225478391
691685,0.999695259014718
691686,0.9992701939410962
691687,0.5513372403570364
691688,0.9961630859318177
691689,0.9970485706961778
691690,0.4024091410691819
691691,0.11774208509603037
691692,0.9525918058409168
691693,0.1379123123015081
691694,0.11071282669270172
691695,0.050708407221602164
691696,0.9032796263490952
691697,0.43415489792831474
691698,0.9996243945109332
691699,0.7998115500463105
691700,0.5403021309018518
691701,0.4419724308154278
691702,0.9997000032194014
691703,0.8813807012454262
691704,0.6778228342442141
691705,0.8157103437804574
691706,0.9995635182226192
691707,0.9994126619966878
691708,0.13330932817974148
691709,0.9999429002914693
691710,0.8869629790015547
691711,0.9997197893372234
691712,0.011720762558580637
691713,0.9995992340056351
691714,0.674943306185609
691715,0.9996208552427683
691716,0.9505711150379003
691717,0.9870883175370414
691718,0.9996886199380112
691719,0.03662201481943125
691720,0.766617245802212
691721,0.6446719672873494
691722,0.9997130847268558
691723,0.6131613135394578
691724,0.9024339605782454
691725,0.9582488655486757
691726,0.3238664049699228
691727,0.013003795824726301
691728,0.9981898287272829
691729,0.9996764643635887
691730,0.9999361742632227
691731,0.1608540234782814
691732,0.5555537105306416
691733,0.9914523251787923
691734,0.9998480146097489
691735,0.6176708577639236
691736,0.9999829910028035
691737,0.8892487627186538
691738,0.1958313278743028
691739,0.9864519100586635
691740,0.6153306714520034
691741,0.9999757987636452
691742,0.21985632266323546
691743,0.44863692012663886
691744,0.4595652576256477
691745,0.8853238130240836
691746,0.9997177008427186
691747,0.3376876792114406
691748,0.22689106130927897
691749,0.9006824315899719
691750,0.717037056982704
691751,0.49384542786544927
691752,0.9999505602224423
691753,0.9914738165652953
691754,0.7282128907109147
691755,0.9994900613627672
691756,0.5288036995797096
691757,0.981160973350363
691758,0.0686734935677353
691759,0.9972194717876982
691760,0.6891757655911176
691761,0.9178666234631268
691762,0.9418596719423789
691763,0.038530192996106306
691764,0.9185641631640119
691765,0.9993839031953451
691766,0.9999677248094635
691767,0.8577570019682224
691768,0.18070125565987444
691769,0.9976089297573042
691770,0.996873953751771
691771,0.4995376758687249
691772,0.9749460602281159
691773,0.16874953139711948
691774,0.05343108403542492
691775,0.9999912080576004
691776,0.31728708542705153
691777,0.061844529503801884
691778,0.00665014185157327
691779,0.9998354039430728
691780,0.9970761528524252
691781,0.8385235385291618
691782,0.6259816149325783
691783,0.9995606034865477
691784,0.047824920631191085
691785,0.00432526819993479
691786,0.37354942611328346
691787,0.04003875749791876
691788,0.12433403834305354
691789,0.9999794664583578
691790,0.1916215646563027
691791,0.9983696569617507
691792,0.9994692373856224
691793,0.9999902876193627
691794,0.9374538950904641
691795,0.8120971026962045
691796,0.7192472106026089
691797,0.4140390451264937
691798,0.1691259264944177
691799,0.9991711701407187
691800,0.7374758570354201
691801,0.029766520673924147
691802,0.9996517302825112
691803,0.7256018308489811
691804,0.84820065135052
691805,0.9987940073311482
691806,0.978718660268883
691807,0.9998577080281063
691808,0.9989772350376555
691809,0.6454662649078455
691810,0.999449686031303
691811,0.9977216349248296
691812,0.30640514140530695
691813,0.9997079457453592
691814,0.9401270875210901
691815,0.9555948797497209
691816,0.3329443645196661
691817,0.8434324637579758
691818,0.8704447060955702
691819,0.9997619926856969
691820,0.27413823885167504
691821,0.4957138152864613
691822,0.9010701610439024
691823,0.23670382782371374
691824,0.9968017625854767
691825,0.9971106715887635
691826,0.6946086425755664
691827,0.9971849335367855
691828,0.9724993425595008
691829,0.9429261338102173
691830,0.9698531919559811
691831,0.12166122090551229
691832,0.931798110381746
691833,0.20749452018885597
691834,0.14445163191600804
691835,0.9993371207312431
691836,0.9957486265578933
691837,0.982984099135748
691838,0.9995719705457735
691839,0.0478067584041391
691840,0.9997344146095162
691841,0.9967240457504056
691842,0.556474811725311
691843,0.9999269611493523
691844,0.9924923692610526
691845,0.9945471653422934
691846,0.999584173211328
691847,0.9999386214960564
691848,0.9094508587059662
691849,0.8384876880135435
691850,0.9735039638562542
691851,0.9997557517232641
691852,0.05321689512854851
691853,0.10600589624387075
691854,0.9999862574113616
691855,0.03825120391795399
691856,0.9999024310980973
691857,0.6788540884940407
691858,0.9997371294461623
691859,0.9753945194840717
691860,0.7743616264168037
691861,0.28373493790635596
691862,0.9982505376814947
691863,0.07538714338699853
691864,0.5883170082093252
691865,0.9510539857591629
691866,0.9785310035340744
691867,0.9992147217747572
691868,0.707311193328735
691869,0.0468303344906586
691870,0.021305107789460296
691871,0.07078870870422932
691872,0.8092535765275233
691873,0.9997519992070381
691874,0.9997656884574908
691875,0.35061655193016783
691876,0.22624843568362274
691877,0.9847944084316215
691878,0.9747027406196693
691879,0.9993828117036302
691880,0.11029336199997725
691881,0.5454160090600568
691882,0.9987313561776465
691883,0.9996249656135219
691884,0.8666615100789561
691885,0.7375274755398227
691886,0.6318270627368099
691887,0.7579518554707774
691888,0.9980581766049741
691889,0.999408368227443
691890,0.11236711090707438
691891,0.7054615019573962
691892,0.9995879658567621
691893,0.9947240265256416
691894,0.969364507273224
691895,0.9997326918790497
691896,0.6405902507592444
691897,0.9987061452959267
691898,0.849152459133002
691899,0.9990651859024915
691900,0.07019207470300909
691901,0.9999570400234529
691902,0.9970410556996965
691903,0.9907723805588449
691904,0.9996758384409686
691905,0.9995152274842145
691906,0.06675881602866715
691907,0.999874616072557
691908,0.7044152481656615
691909,0.024818157299983074
691910,0.8466964602821574
691911,0.9999664699820863
691912,0.9996295544818412
691913,0.947802203719601
691914,0.9992945231021173
691915,0.2949913975422485
691916,0.9978072246766528
691917,0.9965927025307055
691918,0.10293276261160891
691919,0.24754249730939923
691920,0.9637791939789355
691921,0.2540846917692463
691922,0.9965173591652323
691923,0.9866893681505695
691924,0.9997882211534427
691925,0.9959325733188205
691926,0.9256243839491405
691927,0.16689427059745388
691928,0.6684995488135634
691929,0.9858988374090815
691930,0.973133686320174
691931,0.9639334732849164
691932,0.7483719338885448
691933,0.9995481738405818
691934,0.8062424876292769
691935,0.022158187136159597
691936,0.011005137172437465
691937,0.9979995176289296
691938,0.9986677760639235
691939,0.11902169696528106
691940,0.9973745203638265
691941,0.999189496606487
691942,0.8257784751447239
691943,0.34467454274709314
691944,0.7352800341518473
691945,0.9020229922681787
691946,0.9963781326132604
691947,0.9802940275802768
691948,0.027649610083749943
691949,0.9998959519586594
691950,0.5663663176334526
691951,0.5446781494145426
691952,0.999986244229444
691953,0.008547561582759175
691954,0.06929927156747787
691955,0.557891235892304
691956,0.999976592508847
691957,0.9799504072550598
691958,0.9029323742211127
691959,0.23715050224267967
691960,0.9919150003165462
691961,0.9918807615703923
691962,0.9997929007224914
691963,0.40395767311139696
691964,0.9712898322893203
691965,0.05548552016025987
691966,0.06082470532110522
691967,0.6789061167444949
691968,0.9995340169078735
691969,0.9995467350883488
691970,0.6788998977391688
691971,0.6418928558425314
691972,0.8658534171338181
691973,0.7827453419129506
691974,0.22689958391939263
691975,0.6914791212434308
691976,0.6233664449746477
691977,0.0031183442794147165
691978,0.08894180112399785
691979,0.9726737225550853
691980,0.8980240418186587
691981,0.9993002709330392
691982,0.6169104829273971
691983,0.9884762063117732
691984,0.009219577694452431
691985,0.9928171677564717
691986,0.9996418686010421
691987,0.9994115350024422
691988,0.46844686642534306
691989,0.9895515867431328
691990,0.6972235046284074
691991,0.030809133712785073
691992,0.9471784411897957
691993,0.7096072440256722
691994,0.7930550160278427
691995,0.026555898060548807
691996,0.9990482718778587
691997,0.9368646442849523
691998,0.8404273270452733
691999,0.9603316339732089
692000,0.5204213792285284
692001,0.9992298171632596
692002,0.9999759878799561
692003,0.999802121819149
692004,0.6592501647315356
692005,0.6572808223342692
692006,0.999980806592264
692007,0.9998200910149382
692008,0.2766482371585565
692009,0.17164650046307298
692010,0.9388903751214196
692011,0.26444947390197027
692012,0.9733313104776229
692013,0.5996297541760225
692014,0.3431704044807583
692015,0.9994810578084801
692016,0.8677836218277062
692017,0.8860274166687543
692018,0.8990914986000369
692019,0.9999528271490183
692020,0.9831542548660201
692021,0.9996313885668815
692022,0.9989109682097984
692023,0.691426142517807
692024,0.46963713586224
692025,0.9990105628113253
692026,0.08411816540261202
692027,0.9998678627930517
692028,0.23720984801377765
692029,0.8733146455660079
692030,0.99954594792744
692031,0.9686328751582025
692032,0.9993519187564057
692033,0.9994293320270771
692034,0.9783968856999166
692035,0.9993846445184765
692036,0.44165116020650336
692037,0.45990997427035735
692038,0.11395643394532913
692039,0.026918550595268563
692040,0.984775818257175
692041,0.16024769086884977
692042,0.9998363607462731
692043,0.4562740646997053
692044,0.8296426937982302
692045,0.9977698996940222
692046,0.07312880599041807
692047,0.9997317708615638
692048,0.2718613178013201
692049,0.9994397736336365
692050,0.9989955712857904
692051,0.9889725456397989
692052,0.9976861258794695
692053,0.9958503141972701
692054,0.8873906290662661
692055,0.230571477892749
692056,0.9797876639612106
692057,0.912733706603889
692058,0.016338344150094337
692059,0.9997928220191882
692060,0.9956965532009858
692061,0.8406727292510501
692062,0.9974745795460398
692063,0.9998763682582041
692064,0.9693852992129591
692065,0.9907794083172546
692066,0.9535918673667145
692067,0.9999079041167166
692068,0.9992159490366004
692069,0.9997150657603383
692070,0.8694217184282454
692071,0.3004946209360375
692072,0.9905636866157228
692073,0.9846405589687807
692074,0.7443449156158515
692075,0.9999886239790654
692076,0.9998730820958035
692077,0.5597120051494562
692078,0.9999559859658727
692079,0.9977029489675485
692080,0.9989796488621584
692081,0.9991916685130199
692082,0.9980854912877107
692083,0.024940691024710186
692084,0.9983921801124648
692085,0.9949397163235554
692086,0.8784014657916203
692087,0.9998710599272118
692088,0.9927056573580674
692089,0.002484607719072719
692090,0.9977881652508388
692091,0.11219466670162609
692092,0.5396773661448913
692093,0.9999160508622638
692094,0.021488682716527267
692095,0.09607169996349599
692096,0.9977563704387633
692097,0.9662753577771124
692098,0.0236308074632973
692099,0.0495981624673768
692100,0.012211855252978878
692101,0.9999934805249715
692102,0.999190804309858
692103,0.1418728548895866
692104,0.9991452984735143
692105,0.9999598022674343
692106,0.059737593419795024
692107,0.9794197922956117
692108,0.25192480490264374
692109,0.9999575116774004
692110,0.5781666932284322
692111,0.9992199128193475
692112,0.17104882430765647
692113,0.6875254482874325
692114,0.9999646798725215
692115,0.5898126886694557
692116,0.8713034335924372
692117,0.5741913837516114
692118,0.49168251983674394
692119,0.8616852482486439
692120,0.8841710965195257
692121,0.9998798786209784
692122,0.11192709907966111
692123,0.9849534083485807
692124,0.2554552566676282
692125,0.9980955631077149
692126,0.9995064761813586
692127,0.9690838111951481
692128,0.28519535062251977
692129,0.6957705944033137
692130,0.3134800509751853
692131,0.9901765490809428
692132,0.9448739339843809
692133,0.9918137872665176
692134,0.9955380867423476
692135,0.9995553923295816
692136,0.3863532526255261
692137,0.9988470810224865
692138,0.9998716336463627
692139,0.9998923970509063
692140,0.6547183071116671
692141,0.7850690974572443
692142,0.9947520334599244
692143,0.609555122893383
692144,0.9999419890737331
692145,0.9999573342489422
692146,0.822736341101315
692147,0.7286881258326652
692148,0.7330817008318105
692149,0.999827483393167
692150,0.13580834708610037
692151,0.146709181055161
692152,0.995890843620734
692153,0.9999598485165158
692154,0.022488500284938345
692155,0.9779777602098281
692156,0.9858699452265793
692157,0.8883296404674463
692158,0.04354940659354412
692159,0.9209369210829141
692160,0.9123529243703057
692161,0.9998562222329319
692162,0.9990341871001034
692163,0.7712854541009012
692164,0.011291217853381608
692165,0.979656677197724
692166,0.9994516298380594
692167,0.8676193862975345
692168,0.9999820262431331
692169,0.9996217723269899
692170,0.9973759150739949
692171,0.9985048950409658
692172,0.9997216931028052
692173,0.43763295296115035
692174,0.05665297479804458
692175,0.4302357562720138
692176,0.9997406654996657
692177,0.9998987158511805
692178,0.8362223979273271
692179,0.9940710380051991
692180,0.9938213965500509
692181,0.2572000498355486
692182,0.6951945104748992
692183,0.9994658775060374
692184,0.9994654660064941
692185,0.9249657043401022
692186,0.08452551775989302
692187,0.9983918705741959
692188,0.8055044810575427
692189,0.9971257397039471
692190,0.8507954289139292
692191,0.9918656255563087
692192,0.040646683001800216
692193,0.6488022348059311
692194,0.9997949609757657
692195,0.624887828458146
692196,0.9987852954829
692197,0.7576954253383712
692198,0.9228484345003468
692199,0.47998382984843585
692200,0.9815706788353358
692201,0.997938633612915
692202,0.33289934760922657
692203,0.935382169724237
692204,0.10459965299092132
692205,0.18345291545313233
692206,0.04659396320126649
692207,0.9997882130859913
692208,0.017168332935685798
692209,0.446053706210349
692210,0.07326949182180567
692211,0.03359999610698447
692212,0.9565609439350206
692213,0.999003323000182
692214,0.05328576501495755
692215,0.988367261903927
692216,0.19584521667057864
692217,0.9996315471919998
692218,0.9983777354299515
692219,0.1500821962453359
692220,0.9677465195214138
692221,0.5649021382080699
692222,0.015589043835439853
692223,0.029266444325716456
692224,0.26805954159779843
692225,0.04812232910882973
692226,0.7971581859733412
692227,0.980144760231302
692228,0.9971369710869787
692229,0.023424426222012268
692230,0.9717504806888964
692231,0.46808873063734224
692232,0.9954599846288281
692233,0.9990101958054116
692234,0.009852337894048739
692235,0.9526646930126279
692236,0.9924809301329218
692237,0.4418135653933806
692238,0.9998608676806507
692239,0.046999858045051045
692240,0.5435573386151314
692241,0.9996294313687468
692242,0.9981813162498128
692243,0.9785211854299483
692244,0.8363391374060414
692245,0.9243665485206216
692246,0.9895221897574402
692247,0.9997098916107787
692248,0.9987619249653958
692249,0.9999420721027396
692250,0.04742935607122238
692251,0.8968152085836962
692252,0.9997956247481945
692253,0.9999092012650614
692254,0.874412723091505
692255,0.9994650057634256
692256,0.9999634089666068
692257,0.09306609439180852
692258,0.9998467329700469
692259,0.9952906040871676
692260,0.9998768452701928
692261,0.22531864424375164
692262,0.41484563119029194
692263,0.8778235961895313
692264,0.2171878167582591
692265,0.9997575062564319
692266,0.9933857719127723
692267,0.004754546988085723
692268,0.9991834184589554
692269,0.6938707889618274
692270,0.9937306144827985
692271,0.026838344858440208
692272,0.9997560184933384
692273,0.3301995144650851
692274,0.10652758287075854
692275,0.999950630499377
692276,0.9874100482300753
692277,0.8495481993258878
692278,0.9252052409352058
692279,0.9678108641715286
692280,0.43616278801146524
692281,0.15592712742992337
692282,0.7992225412454514
692283,0.996703364970708
692284,0.12363469460151082
692285,0.2699966281497333
692286,0.999883589856467
692287,0.9151067339430827
692288,0.7862103841833268
692289,0.994366635566434
692290,0.9983553988624279
692291,0.9978355743286408
692292,0.5078260438981618
692293,0.9983924381387714
692294,0.9998560597966328
692295,0.9875194743181746
692296,0.9985587895641813
692297,0.999125541973146
692298,0.9998359182246681
692299,0.9997189655301282
692300,0.9314882206773176
692301,0.9999792294011998
692302,0.03795790497322095
692303,0.1452540864615936
692304,0.9260570906834613
692305,0.9970052878207437
692306,0.9987138010084649
692307,0.5255822048792962
692308,0.9979833352040258
692309,0.9984314490553613
692310,0.9983678935071475
692311,0.9452957343232793
692312,0.9999407836323617
692313,0.5721860912070874
692314,0.11037961257643782
692315,0.9036917351855874
692316,0.2896048461178244
692317,0.045287094928974814
692318,0.999296822681113
692319,0.9254877025146308
692320,0.9952028630165941
692321,0.9999494148837478
692322,0.9995807561915591
692323,0.9875231231463149
692324,0.010805017683313475
692325,0.21670580936306486
692326,0.8729041291111455
692327,0.04652445456042223
692328,0.004728678823788708
692329,0.9999642536377954
692330,0.2673220611405722
692331,0.2598696648428726
692332,0.9749182716913873
692333,0.9779814981936497
692334,0.9992848296660097
692335,0.9997930085000276
692336,0.2545621854761433
692337,0.9995522703105428
692338,0.9884511116978213
692339,0.736833833378037
692340,0.9888257409066851
692341,0.999367218094841
692342,0.7994684678738193
692343,0.31234054893390056
692344,0.9972913378402961
692345,0.9998297354407519
692346,0.9998602920124203
692347,0.8872272619251715
692348,0.4700951907199037
692349,0.8245568688327476
692350,0.4791084377496678
692351,0.9996971541604919
692352,0.5318129736867397
692353,0.9905795647483313
692354,0.13240328641076776
692355,0.9995480342849206
692356,0.8147908285567564
692357,0.011703062949520344
692358,0.9998820731167903
692359,0.8953282697359762
692360,0.24201450265780622
692361,0.31882059046591804
692362,0.8893026771016725
692363,0.12383675432611829
692364,0.4126070763001194
692365,0.9974011041992275
692366,0.6127016663054219
692367,0.4103115354015148
692368,0.998221103117753
692369,0.0684930015380113
692370,0.9937208326346558
692371,0.9960008706440044
692372,0.798711850744046
692373,0.09864801378808893
692374,0.9552428996110709
692375,0.999692554415079
692376,0.7740158452288
692377,0.9997015489641419
692378,0.7197448112955724
692379,0.999990058490094
692380,0.9022580548181662
692381,0.005902950078867286
692382,0.9986750838317976
692383,0.9870521552791314
692384,0.9701078936559684
692385,0.08058226679127675
692386,0.5112054603894616
692387,0.9995287700650664
692388,0.5325484834821202
692389,0.4726972628968435
692390,0.057155462884687244
692391,0.01808432386060841
692392,0.9988826773026326
692393,0.8085283293185281
692394,0.6846433514415291
692395,0.8797682363291367
692396,0.721582723293859
692397,0.9999624627916808
692398,0.8006442366380189
692399,0.4729867730358996
692400,0.31013847366635705
692401,0.9948846538860866
692402,0.554068587793515
692403,0.24967117176232895
692404,0.9969069823421786
692405,0.9996588899098222
692406,0.9990339677883593
692407,0.6003857606277628
692408,0.9974169839587936
692409,0.9752563716402445
692410,0.9998256965110026
692411,0.9983103231042952
692412,0.2664827264049592
692413,0.3663708445578179
692414,0.025386596587639983
692415,0.9925703057153794
692416,0.8118790252715054
692417,0.9998537958893654
692418,0.6457421369984033
692419,0.9999587074570853
692420,0.9999710579683141
692421,0.6448055137835726
692422,0.2398021283376052
692423,0.9989724105390294
692424,0.1201717810618469
692425,0.6661000566511156
692426,0.9999314925149528
692427,0.9999606862654626
692428,0.9985201558179106
692429,0.012104857771621964
692430,0.9974716407096891
692431,0.10296917921102108
692432,0.997901015812293
692433,0.3214845903854944
692434,0.9797559058301926
692435,0.7095188987293466
692436,0.13136796119788857
692437,0.5904378202530176
692438,0.16153893306462214
692439,0.6592037836365704
692440,0.031285134819391026
692441,0.9995084187652192
692442,0.9998551806170592
692443,0.9994484775951155
692444,0.9915143901735617
692445,0.28954826512014414
692446,0.8962468951052066
692447,0.9995865134556614
692448,0.9625103608746068
692449,0.7275216189883027
692450,0.9985379165268626
692451,0.9988430413634837
692452,0.9989288679527162
692453,0.04614498222356329
692454,0.9998933080079768
692455,0.9663587758998347
692456,0.02966538855821128
692457,0.19075012371065161
692458,0.9329428317642017
692459,0.6784105508143138
692460,0.11011362776629935
692461,0.9980756899042075
692462,0.9836565990190447
692463,0.9977722022824
692464,0.025641568818293697
692465,0.3872314626630754
692466,0.9972128080879132
692467,0.43375218931787934
692468,0.12431760228235317
692469,0.9895983479625232
692470,0.3226523787246088
692471,0.9999195844895793
692472,0.8853151505993242
692473,0.9999873798971717
692474,0.056276580608501534
692475,0.4585949346870565
692476,0.99798239676142
692477,0.5462804998788918
692478,0.17159686940209204
692479,0.9926668434425985
692480,0.8745538213924539
692481,0.9916982737250081
692482,0.01908398781034679
692483,0.053533688571642785
692484,0.11377481316415841
692485,0.16973190246637637
692486,0.9999823594616732
692487,0.9472614866497215
692488,0.9996724942502238
692489,0.9995918642828394
692490,0.9997386737491392
692491,0.9203251819931659
692492,0.691148546588997
692493,0.8286351096999356
692494,0.5096008497482103
692495,0.9994762743445076
692496,0.0074232721052221885
692497,0.4525496900279057
692498,0.9998719817916568
692499,0.9997369159595257
692500,0.625401573324727
692501,0.9806407194174904
692502,0.4519468657679697
692503,0.9997490231927618
692504,0.9998988514199882
692505,0.8405939720397788
692506,0.5606625677002105
692507,0.09243374027648932
692508,0.016507311817198618
692509,0.20245480979589264
692510,0.9978757994993295
692511,0.9997547601110564
692512,0.7223318683424257
692513,0.18471545544582085
692514,0.893028187771534
692515,0.7694480415611363
692516,0.9893595220181928
692517,0.9992069094979128
692518,0.8669622513693798
692519,0.9981810848140042
692520,0.3851649062434681
692521,0.9825959535731522
692522,0.9996973911639998
692523,0.9837665615340294
692524,0.9999525319876951
692525,0.32582699363303524
692526,0.9879797631266223
692527,0.992420450431934
692528,0.9998886157383425
692529,0.997777518177722
692530,0.9897501912898145
692531,0.013148516068180663
692532,0.9998080071205793
692533,0.9997410848493624
692534,0.99985816473203
692535,0.8853944647192902
692536,0.7505957267792621
692537,0.9999652090663679
692538,0.9957538784194875
692539,0.889028365777595
692540,0.11584589575754278
692541,0.7308689864073844
692542,0.29203376450797996
692543,0.05155923963486724
692544,0.13465802997930454
692545,0.9973154144436671
692546,0.7245824091593726
692547,0.8085044471371237
692548,0.0076285445595220425
692549,0.9998442189122574
692550,0.5767999230931564
692551,0.0910574616900937
692552,0.16908160595782476
692553,0.9973984857420948
692554,0.9796428146476115
692555,0.21877406954238335
692556,0.8754343232489763
692557,0.18868874084720377
692558,0.5827948476643515
692559,0.9999952421218277
692560,0.27855924038634056
692561,0.47943664765403093
692562,0.9928038195450383
692563,0.9997313120959463
692564,0.8968272954903633
692565,0.997733885771866
692566,0.9702017573265194
692567,0.9983648143725332
692568,0.9998527198000596
692569,0.8122267997662036
692570,0.8738261385666368
692571,0.020893843898766015
692572,0.9996343995689596
692573,0.997406693236753
692574,0.9863574371888473
692575,0.9996136692707294
692576,0.040721015590919146
692577,0.5336546187666602
692578,0.9887837943775208
692579,0.1308342161915226
692580,0.8320459868938597
692581,0.9999272535931423
692582,0.2710545068006958
692583,0.9992817032084962
692584,0.9998496841047286
692585,0.9978829467723467
692586,0.9998976767200871
692587,0.5410120879143689
692588,0.8885239479520062
692589,0.9024485914422911
692590,0.9527696059048337
692591,0.7521532555761634
692592,0.9984294269691631
692593,0.989398115119808
692594,0.5254696457787426
692595,0.9995570971030638
692596,0.07138368453927374
692597,0.9109618292403476
692598,0.7766558060739488
692599,0.16803753649835762
692600,0.8594280649636586
692601,0.9087320159384065
692602,0.9841291137766648
692603,0.1798492252491926
692604,0.06639794761901746
692605,0.7874624114642839
692606,0.018086822100998087
692607,0.09024009253484015
692608,0.9120587280488082
692609,0.6592979037991201
692610,0.9979495457301705
692611,0.8724561660031616
692612,0.3458228148861184
692613,0.877722331626515
692614,0.9963022966363806
692615,0.481566956225832
692616,0.3176856491253486
692617,0.0359584335503068
692618,0.9983119325457201
692619,0.9998296892154457
692620,0.9976563268740383
692621,0.9993379683652742
692622,0.9987459080735035
692623,0.5509128608906831
692624,0.9996261242916817
692625,0.9998843421189336
692626,0.9976511458014994
692627,0.9999455204148437
692628,0.22774140849236588
692629,0.2192721475097228
692630,0.9958940836987957
692631,0.5161529091184094
692632,0.5546120187902548
692633,0.9346830178006096
692634,0.9890396169360514
692635,0.07043559728092079
692636,0.7024981876327797
692637,0.9924428095790043
692638,0.9996791931015071
692639,0.18651426021265277
692640,0.9371788209464151
692641,0.9859678618930121
692642,0.672950159551726
692643,0.9835871271004251
692644,0.02379634556042228
692645,0.10894420486378885
692646,0.410558428742274
692647,0.9998691756381205
692648,0.25152229056091563
692649,0.8126575685110169
692650,0.0651210656511568
692651,0.9358904099661269
692652,0.9971331713138758
692653,0.973452636461733
692654,0.9482478226948017
692655,0.9954990934351812
692656,0.49757779752416986
692657,0.8275230326217666
692658,0.709479813717431
692659,0.9889497270854056
692660,0.940416169092177
692661,0.9997435813391298
692662,0.4415351761588476
692663,0.7832918242320775
692664,0.9467834700095803
692665,0.9415702108060671
692666,0.4106916010979338
692667,0.004994469649867717
692668,0.5563816622017653
692669,0.9958110816701302
692670,0.16828931031016528
692671,0.9999660126704676
692672,0.9999193893952321
692673,0.02311498242832994
692674,0.9860953697793406
692675,0.5378148383657552
692676,0.9996027287136083
692677,0.39398901561204247
692678,0.3573400677986339
692679,0.23711908670007295
692680,0.997774698982751
692681,0.6839697384835327
692682,0.9999716334558677
692683,0.965128978646317
692684,0.052700038715560754
692685,0.9998884888396309
692686,0.039595011197856245
692687,0.7798017460067193
692688,0.8728042842623337
692689,0.9978918667805553
692690,0.9997219734399023
692691,0.20851830500466512
692692,0.9992334330383708
692693,0.9853503786649542
692694,0.7326513906202516
692695,0.05074708000778318
692696,0.9946574440705291
692697,0.08582213986623878
692698,0.8938617373728694
692699,0.9998659281498783
692700,0.9940376388220609
692701,0.9998373601674388
692702,0.9999392364770144
692703,0.30201984596169645
692704,0.9990822871153806
692705,0.9999829087821925
692706,0.4163376719419063
692707,0.18136340426780626
692708,0.9920528049880125
692709,0.999670591821864
692710,0.998579349910672
692711,0.9490920911180981
692712,0.24211438521769346
692713,0.029179126720764646
692714,0.9409035505625256
692715,0.5407269983648465
692716,0.6147211108828318
692717,0.7969065988265248
692718,0.7363702896389928
692719,0.998779208923971
692720,0.2022440945863309
692721,0.5357246138876092
692722,0.9921818633129454
692723,0.37070956963586865
692724,0.7957764200614019
692725,0.8416482682088638
692726,0.05341880717294327
692727,0.839819614936026
692728,0.9330939631275383
692729,0.09181457880520444
692730,0.9450045749324326
692731,0.8526238613821311
692732,0.9999552162858745
692733,0.9999635428262201
692734,0.05983343444466824
692735,0.6744506400188148
692736,0.9310541686070253
692737,0.9993726301559269
692738,0.6210570098956523
692739,0.5644298184816097
692740,0.04396954464900785
692741,0.9174166901673435
692742,0.19602482263600723
692743,0.9641280734284183
692744,0.9993356680568812
692745,0.8163234880255225
692746,0.9812038850321654
692747,0.9998825206907906
692748,0.1991073355987354
692749,0.7138622237151688
692750,0.18325307660936516
692751,0.7526456427731971
692752,0.9998370001561837
692753,0.9997255626204411
692754,0.9997912867485418
692755,0.8621579354093679
692756,0.9120682819757414
692757,0.0486615006257725
692758,0.9991356047590623
692759,0.19191060077437083
692760,0.03190485269725723
692761,0.002887237946086465
692762,0.9554920256588662
692763,0.9997379125283259
692764,0.9993824851683831
692765,0.03904686963764495
692766,0.999738664377458
692767,0.9983265010706477
692768,0.9996512858584294
692769,0.9289040846357081
692770,0.997693858004768
692771,0.9963669750567352
692772,0.9997221181443727
692773,0.1505918215354669
692774,0.9294749608786574
692775,0.23046185776175535
692776,0.9962995796733479
692777,0.23432901737851788
692778,0.9764903843848589
692779,0.9983379260035954
692780,0.9215191823254703
692781,0.5425617012029103
692782,0.9998644665152235
692783,0.9987670390672847
692784,0.8062294885983052
692785,0.8764294410757889
692786,0.9999838994124393
692787,0.9959900648350092
692788,0.9999796691077834
692789,0.9998614348869067
692790,0.9995465655945102
692791,0.9999678535269532
692792,0.9998505251059429
692793,0.8485001005348742
692794,0.017288009689325243
692795,0.7760912205385766
692796,0.997937170539581
692797,0.39571083847083177
692798,0.9993828592846263
692799,0.9999737677325212
692800,0.5376766781743078
692801,0.9999222815951189
692802,0.9944455089249147
692803,0.7941375332534415
692804,0.07200097177540268
692805,0.9407627693095953
692806,0.9996986716600433
692807,0.282675525438402
692808,0.9611214730880244
692809,0.9987299992075428
692810,0.8456869283419977
692811,0.9994724020599008
692812,0.760500381507579
692813,0.9983479204334154
692814,0.7757889380754034
692815,0.9976909923803046
692816,0.9998242017225605
692817,0.9992536480240608
692818,0.6361863947781196
692819,0.9972820408132865
692820,0.421459602494993
692821,0.9997467046986268
692822,0.11106298421667822
692823,0.9465688978059851
692824,0.7108630256843204
692825,0.9830626593572593
692826,0.05207393660418387
692827,0.9990080906780157
692828,0.9248061719177189
692829,0.6337863447740936
692830,0.5884202181285065
692831,0.9992655981230384
692832,0.9997525455716264
692833,0.9988410865959563
692834,0.13364090492777242
692835,0.9981817698504583
692836,0.61959712677936
692837,0.7278122484531071
692838,0.99167380867136
692839,0.9413317432790382
692840,0.9992715123124556
692841,0.8359445645169317
692842,0.41340556896939096
692843,0.06751911060784294
692844,0.9684135689762763
692845,0.6491204427835476
692846,0.0547927806299587
692847,0.43434141649151015
692848,0.9947095142958136
692849,0.0609310971371721
692850,0.048825786341469765
692851,0.5292624516973573
692852,0.8896242337849347
692853,0.9964920975684989
692854,0.09590180661372283
692855,0.29695399407067957
692856,0.6773104651697959
692857,0.4228827949280338
692858,0.999012607776508
692859,0.8715434296098781
692860,0.7881224093174732
692861,0.8742171736965978
692862,0.5150359738463077
692863,0.8321626545454945
692864,0.305644279096876
692865,0.9883860455971456
692866,0.9999083659771232
692867,0.9999116156077023
692868,0.9952651956884425
692869,0.0050976546622076915
692870,0.7766912756202108
692871,0.05363899681267699
692872,0.7830136840392257
692873,0.7826644046757751
692874,0.555968850372058
692875,0.16835157594089425
692876,0.825648855274685
692877,0.7124914126212689
692878,0.5205022055557955
692879,0.9548195009649849
692880,0.9999216140219782
692881,0.07753136640817217
692882,0.9973017535234359
692883,0.9983116298355624
692884,0.9998623170571197
692885,0.7375159707152954
692886,0.25027920479309346
692887,0.9855447881575022
692888,0.9965198696718648
692889,0.8091477425792871
692890,0.26161463599071794
692891,0.9842861003791052
692892,0.9947364504752831
692893,0.9970359907237838
692894,0.050602400306065436
692895,0.9965221637828268
692896,0.9999814469844606
692897,0.27999550940927226
692898,0.999796806453196
692899,0.03559045420558713
692900,0.048858131809271316
692901,0.4122856732675316
692902,0.9881447223355968
692903,0.05667072529779875
692904,0.9531920373657614
692905,0.04117080703767345
692906,0.9755814802747598
692907,0.9995444377089566
692908,0.01964288101866045
692909,0.9999637067525066
692910,0.6080326842043753
692911,0.46407462299427804
692912,0.9999505920424826
692913,0.9997583817333258
692914,0.8616731022233152
692915,0.8235184765107987
692916,0.9802845574860101
692917,0.5629923850466043
692918,0.08435557997621611
692919,0.03367967632064077
692920,0.9998961292260147
692921,0.49487555540840056
692922,0.762662430931223
692923,0.3402719939573356
692924,0.8414223409421615
692925,0.999927830580075
692926,0.9686539661018033
692927,0.8360304529674916
692928,0.035130470513111106
692929,0.050335112612679686
692930,0.19435687224787462
692931,0.20594111687743993
692932,0.9981894391091787
692933,0.30796548407193414
692934,0.9879939168489222
692935,0.9999801598938218
692936,0.4240420898985033
692937,0.5686061911490868
692938,0.9999879911000296
692939,0.9966594005661268
692940,0.46827696176751693
692941,0.7894441506524439
692942,0.7472997794000177
692943,0.8502635808259602
692944,0.08649043020099492
692945,0.694352654378307
692946,0.10597170640451913
692947,0.9497640002891168
692948,0.9012540938760418
692949,0.9996187645943041
692950,0.234834667959557
692951,0.9995780139453814
692952,0.9985147836958073
692953,0.9997490250921385
692954,0.9044579275081821
692955,0.6145666681547097
692956,0.05384768180270369
692957,0.03372403386318925
692958,0.5971417473113321
692959,0.9999543146101404
692960,0.20603718823037787
692961,0.3412207991207169
692962,0.9994704070540148
692963,0.802923572004056
692964,0.9999596757094982
692965,0.9976335530151723
692966,0.6312700395870189
692967,0.9997106389130221
692968,0.9527431306722898
692969,0.9979086513948527
692970,0.9998808931829484
692971,0.9996082855879664
692972,0.9804969014183111
692973,0.008017894028088033
692974,0.7357511805672547
692975,0.9995018389581412
692976,0.45898187999752965
692977,0.9645860585266948
692978,0.9975667484856116
692979,0.9987626433125368
692980,0.9966025380711169
692981,0.97960180604163
692982,0.9641770195326176
692983,0.9114008570714871
692984,0.9995857360073525
692985,0.999440391154051
692986,0.8872952657230875
692987,0.9998173080182154
692988,0.6368800995913141
692989,0.012080241016794523
692990,0.7547023435487857
692991,0.9987790762319146
692992,0.9985648927320653
692993,0.011636320232467893
692994,0.9841115719377509
692995,0.5012548156660803
692996,0.03137980633619028
692997,0.009201342362788346
692998,0.9953738123841247
692999,0.42523031491451935
693000,0.3772045998679384
693001,0.0931238131355925
693002,0.3424420117881918
693003,0.05643881609007256
693004,0.7687884729684669
693005,0.009920592612268716
693006,0.7516302872473111
693007,0.546326358198409
693008,0.9992107055910795
693009,0.9975428830748372
693010,0.9997629546210772
693011,0.5736551403850431
693012,0.9997103763263934
693013,0.7757885979664412
693014,0.9051326549342535
693015,0.9997924842117856
693016,0.9994971538367823
693017,0.994032146235769
693018,0.9966006601184023
693019,0.9998808786097895
693020,0.9086360962119941
693021,0.03476888130566331
693022,0.9998526631555616
693023,0.8378842265951261
693024,0.993013697757487
693025,0.9998405567525697
693026,0.996854546325902
693027,0.9765694861183181
693028,0.8420731700823425
693029,0.9974229964228032
693030,0.9986131195022689
693031,0.1372715595379472
693032,0.9441454057931906
693033,0.06308291271506455
693034,0.9997474249387129
693035,0.9975515095018781
693036,0.016460902859775518
693037,0.30131232939275027
693038,0.9775173732644789
693039,0.17798654007132514
693040,0.7794746843816305
693041,0.9941395444030527
693042,0.252910494839361
693043,0.7654828762778463
693044,0.997241329979311
693045,0.9982188971128455
693046,0.9999114183262461
693047,0.5688143693165496
693048,0.9995555237424911
693049,0.34021987349625815
693050,0.9998771489875644
693051,0.8516581791848321
693052,0.9997037265945364
693053,0.9998870945068065
693054,0.9902912915553967
693055,0.9597847387823351
693056,0.9998730371423312
693057,0.5880186188861546
693058,0.2541701596487189
693059,0.6209385954534054
693060,0.5526782279373759
693061,0.020081230044761752
693062,0.0603569735146777
693063,0.9964502146455767
693064,0.9990401618972716
693065,0.8912336914633339
693066,0.7439107411397681
693067,0.9996416896687468
693068,0.9801585533017707
693069,0.9999871573867796
693070,0.9723334509630712
693071,0.3381091605352965
693072,0.9139685399861783
693073,0.8344430762392486
693074,0.9995931481431573
693075,0.050837043914697115
693076,0.9142319354914483
693077,0.4885573776096309
693078,0.4134953641231211
693079,0.9129421261592282
693080,0.9997415593003682
693081,0.16072231324760472
693082,0.9996525060134747
693083,0.9995917212027163
693084,0.9554292248626525
693085,0.1077226957311299
693086,0.7804233361805064
693087,0.9999554591563904
693088,0.34401567962370677
693089,0.9983677197299611
693090,0.9972542379558108
693091,0.9943253117972539
693092,0.9993745820968556
693093,0.9862729571736597
693094,0.9992803363201177
693095,0.9975596109936633
693096,0.9988607468838067
693097,0.9956742042802793
693098,0.07391028380698908
693099,0.2838289787747658
693100,0.5079947100982684
693101,0.6578034222072122
693102,0.9646410249778026
693103,0.9176875411448572
693104,0.03753182918369523
693105,0.9922141660004009
693106,0.7378492964391457
693107,0.9278099960207402
693108,0.7797546556843664
693109,0.4132048293221648
693110,0.13144646802184096
693111,0.19221740529613224
693112,0.9748397168103515
693113,0.186986113893485
693114,0.8648507623225112
693115,0.17880584724650223
693116,0.9331112949243549
693117,0.9992640816847006
693118,0.9772342744683109
693119,0.99196242208819
693120,0.13268323408721874
693121,0.3710636796357456
693122,0.9041321991539959
693123,0.9311389240299104
693124,0.6096282529215884
693125,0.9999410764369241
693126,0.9998840823718955
693127,0.07919725621278778
693128,0.11213380277657409
693129,0.999648324532613
693130,0.05552535558368258
693131,0.09112201932184678
693132,0.06990343166808344
693133,0.16946315521398664
693134,0.1174335248319256
693135,0.09315580346511747
693136,0.29203453762440085
693137,0.9951956684941842
693138,0.9974032394977902
693139,0.9978523301664295
693140,0.9969497080024575
693141,0.5064356287069902
693142,0.4810607293696777
693143,0.02619522231911778
693144,0.9182487342684543
693145,0.9996135804446016
693146,0.35049739078975606
693147,0.9975186697603647
693148,0.02363152870099549
693149,0.9847474113355474
693150,0.0772442080402681
693151,0.011665219818492105
693152,0.042893315125055495
693153,0.05383065912264392
693154,0.9998116898577956
693155,0.06870531644535495
693156,0.9951975643796522
693157,0.7082984599645485
693158,0.9998255565825469
693159,0.3167126722697084
693160,0.46609571531092087
693161,0.9983822082073535
693162,0.9983641047066101
693163,0.3575569469444553
693164,0.3919566920127168
693165,0.9998625718056413
693166,0.0345539806450683
693167,0.2624698254850624
693168,0.4661160298572552
693169,0.9995596318983021
693170,0.6998256254961821
693171,0.9953159021672993
693172,0.748407053567892
693173,0.46559323576965433
693174,0.4519096856702619
693175,0.05313791517659108
693176,0.999467284311095
693177,0.09090433814959213
693178,0.21795717471486362
693179,0.9938404609456105
693180,0.9998773160044598
693181,0.9999357270256349
693182,0.1646207602988953
693183,0.9998022903033927
693184,0.09731672798655606
693185,0.9731578193131603
693186,0.9474889279335251
693187,0.9992855708911078
693188,0.9995709502030271
693189,0.9878643942024113
693190,0.9996943664333905
693191,0.9977222994135924
693192,0.055889656958035376
693193,0.058218530070693886
693194,0.9976517730875009
693195,0.9716321241286979
693196,0.09939309249666722
693197,0.7934845745343347
693198,0.9199836302129847
693199,0.9998293284369713
693200,0.7709227945008016
693201,0.8297869018783104
693202,0.7459850281367963
693203,0.9356283452981835
693204,0.9820727623901531
693205,0.9996350782644485
693206,0.9997891819004945
693207,0.9058937415008073
693208,0.9995566193845684
693209,0.9812387093801447
693210,0.9943044972410339
693211,0.9980600973819027
693212,0.1277920237112356
693213,0.6546821409742233
693214,0.9865867580105281
693215,0.9998393946785936
693216,0.8500680149692861
693217,0.7475487307198536
693218,0.6227925544561493
693219,0.9918946893008199
693220,0.937950073082914
693221,0.025074789543798267
693222,0.9999320290835368
693223,0.571676425373513
693224,0.9998820859698493
693225,0.9152464172673792
693226,0.9998011832369542
693227,0.9997609300391153
693228,0.997988247952692
693229,0.9985270912717952
693230,0.9668677314402666
693231,0.9948919724974853
693232,0.9997836462083171
693233,0.9983228531957421
693234,0.8403958755563216
693235,0.991354212138109
693236,0.9960382653206171
693237,0.9888553362424567
693238,0.9964930421250469
693239,0.1450847540466111
693240,0.8535001880217704
693241,0.3120589878274158
693242,0.6625738025921535
693243,0.82524688518769
693244,0.9595645714322291
693245,0.9999614457671562
693246,0.5046822897069124
693247,0.46549885339147506
693248,0.9982091858898033
693249,0.8792422415928176
693250,0.9999540487655152
693251,0.9548066870843261
693252,0.029121239648026417
693253,0.9985969819697257
693254,0.5471463699323107
693255,0.99940477226701
693256,0.9959988611639083
693257,0.9991338899185813
693258,0.9597283770912314
693259,0.32467243979657134
693260,0.7137381970559538
693261,0.19511656578198722
693262,0.6089872458664873
693263,0.8172922126001924
693264,0.9941383687231957
693265,0.6030903796678683
693266,0.9996576054280548
693267,0.923087726469016
693268,0.9979737534785131
693269,0.9995595239538385
693270,0.9510710312236086
693271,0.9997433961251065
693272,0.9990620509074729
693273,0.9999901796565613
693274,0.9942612579461737
693275,0.39446143001845513
693276,0.2334110591004219
693277,0.3178810413879452
693278,0.9915966133679966
693279,0.6431873790063976
693280,0.9997198774548697
693281,0.6653214486302985
693282,0.466732980118503
693283,0.017601067860667313
693284,0.999233135699471
693285,0.9479713446125845
693286,0.5965106632309478
693287,0.9841648530683959
693288,0.9755014801788898
693289,0.48017963705409894
693290,0.6315635287034722
693291,0.014632593023177586
693292,0.737940341190799
693293,0.045872177262807595
693294,0.958903117946794
693295,0.3665493398867841
693296,0.9874863456843423
693297,0.9999463975930946
693298,0.9777717541022191
693299,0.9997112277840497
693300,0.022148012608646777
693301,0.9247539339808262
693302,0.9579520692559532
693303,0.8248658271111999
693304,0.9999674649118636
693305,0.775425316279249
693306,0.24969640542827068
693307,0.1286884360801468
693308,0.9992362719416727
693309,0.9998020060822159
693310,0.6087434286522435
693311,0.9962194504717488
693312,0.9998166642923102
693313,0.14376869810126403
693314,0.9735790205685647
693315,0.9996508204899799
693316,0.21498884173466826
693317,0.9999377475387425
693318,0.907179714324316
693319,0.09126160584433009
693320,0.9149234615224384
693321,0.004200858083837206
693322,0.9998600113389334
693323,0.0015023269695526587
693324,0.9372335419532063
693325,0.9732227297096426
693326,0.010945008257467491
693327,0.9996410658486957
693328,0.0555748704564953
693329,0.9997445401277147
693330,0.26626208670398227
693331,0.3035323816809821
693332,0.8358142761276525
693333,0.9998239448439434
693334,0.9691860261347546
693335,0.9997351616830579
693336,0.9993370209150525
693337,0.05295191934526339
693338,0.9965447835924939
693339,0.9171938146642913
693340,0.999835258257596
693341,0.07446060204434862
693342,0.99831207773672
693343,0.4889946539061307
693344,0.9985817981755396
693345,0.9935686704014051
693346,0.12439441997407562
693347,0.9997649355998761
693348,0.2494879167721185
693349,0.9995981850785455
693350,0.02725840160322906
693351,0.7991431537059797
693352,0.39525258192002277
693353,0.6941804113071195
693354,0.9999075760163082
693355,0.9405402272788856
693356,0.9980022672391617
693357,0.9998296281425966
693358,0.9964245090077176
693359,0.8671939603659722
693360,0.8571399615074354
693361,0.6731995933358969
693362,0.9997714037152643
693363,0.9995250361193235
693364,0.25012751562667157
693365,0.0269566157676975
693366,0.1266943303171591
693367,0.9999457299601091
693368,0.09272252234988802
693369,0.757480958006347
693370,0.6319435594756636
693371,0.5173609285091131
693372,0.9950085277742453
693373,0.9011170221866927
693374,0.5596651615510452
693375,0.8264745159589728
693376,0.062498303472198743
693377,0.06397180580046133
693378,0.9819532441496329
693379,0.9999775194678826
693380,0.9966805012656734
693381,0.7075987712072298
693382,0.5331550962330208
693383,0.9998927698340344
693384,0.9742021192806974
693385,0.02787926436037197
693386,0.21212199311872476
693387,0.38339181515833953
693388,0.18473526937413604
693389,0.01839661892951283
693390,0.9780547745401921
693391,0.9971234374163571
693392,0.6968345877253618
693393,0.9740318246834035
693394,0.9998386525376768
693395,0.9948942448297604
693396,0.9962743823730457
693397,0.6827590240172958
693398,0.5495388874466445
693399,0.9867383348000238
693400,0.19204616554688578
693401,0.9647120295718048
693402,0.7668040906431359
693403,0.9999335155952416
693404,0.9512553894677822
693405,0.2161320500506992
693406,0.9927517712624692
693407,0.04460583473618188
693408,0.999855524370438
693409,0.03529853888294261
693410,0.3464432122346365
693411,0.9759858207302685
693412,0.23702076025151037
693413,0.44468225628625435
693414,0.9996238332052473
693415,0.8750281024302646
693416,0.99986750483929
693417,0.6132234801957168
693418,0.7150960413693337
693419,0.9996926706363419
693420,0.05613341020638091
693421,0.95779606234891
693422,0.030054951416386005
693423,0.6304718051804866
693424,0.25320884487482354
693425,0.9972613277097999
693426,0.0478826656652863
693427,0.22185273888657325
693428,0.9995666036697493
693429,0.9895607784311128
693430,0.4954309135266564
693431,0.9989534993925118
693432,0.941166913568847
693433,0.9975829332085486
693434,0.983260010321403
693435,0.024310822687944916
693436,0.9955273638608256
693437,0.004538174878882662
693438,0.9999839190422116
693439,0.06411683078668023
693440,0.9999132536080746
693441,0.9790497939567024
693442,0.9990697505239712
693443,0.3264102335920804
693444,0.6985132404608938
693445,0.9777001592166995
693446,0.04738884752252162
693447,0.6894055930215124
693448,0.900500457955044
693449,0.7687016517850115
693450,0.9711391544959996
693451,0.9864643420546926
693452,0.8694644182495261
693453,0.9976897746572504
693454,0.02466202140838582
693455,0.6221454079254939
693456,0.027097345657532006
693457,0.9256668859514519
693458,0.6611354666568803
693459,0.04997399566580454
693460,0.9927828750286483
693461,0.9185104747420146
693462,0.9999972021128821
693463,0.2372030378073703
693464,0.016725987915558772
693465,0.8844178845723977
693466,0.8989077252227221
693467,0.9999794642285222
693468,0.7181294906622859
693469,0.9999748668098257
693470,0.8764512423862715
693471,0.21677329735580175
693472,0.35531604210363954
693473,0.6445388966007208
693474,0.44737381653834674
693475,0.9762636223141177
693476,0.781428225482411
693477,0.9714506187580525
693478,0.6084389638121458
693479,0.036292343166234156
693480,0.9999421446610206
693481,0.17246851409268033
693482,0.9690622834375135
693483,0.9743933012312085
693484,0.9718025958806252
693485,0.9994606264511722
693486,0.9993091033449493
693487,0.40197389405822925
693488,0.8530749429967495
693489,0.9959117726028133
693490,0.9229614511777119
693491,0.9788574219871449
693492,0.17183611397773227
693493,0.5192782746031638
693494,0.9994782007665662
693495,0.9680439101178646
693496,0.9999194997687681
693497,0.6196701382645322
693498,0.952372962885715
693499,0.7363570547001436
693500,0.8120169661423267
693501,0.9998564478490559
693502,0.051275766514273256
693503,0.999154761356917
693504,0.9982294354470542
693505,0.2967529151003431
693506,0.14267771641952953
693507,0.05110527594493955
693508,0.7823534087580079
693509,0.25726868183786633
693510,0.0441092625903752
693511,0.9968092069103467
693512,0.9907608721626919
693513,0.08278660418181044
693514,0.9699377391520563
693515,0.9956414234870542
693516,0.9791383503006369
693517,0.6060629780586677
693518,0.9973024383848755
693519,0.9999659369586998
693520,0.9992734332531101
693521,0.9349010366538082
693522,0.9954746982110168
693523,0.16828218357946062
693524,0.014840253882994477
693525,0.999995825188752
693526,0.9200708755430034
693527,0.7830513035128426
693528,0.9924812870416952
693529,0.5112528671702284
693530,0.743513510039542
693531,0.01796285263119963
693532,0.8953879437087751
693533,0.03868269666194069
693534,0.9872026982778975
693535,0.9984919068857696
693536,0.9993679041518838
693537,0.9979527371180916
693538,0.9934052440817531
693539,0.1687543439720478
693540,0.9996888856462545
693541,0.9834211142531752
693542,0.999937520179841
693543,0.7291121564772063
693544,0.949524593951502
693545,0.9996155499888417
693546,0.9638421373015837
693547,0.776009945490667
693548,0.1552672205809791
693549,0.9991549514606186
693550,0.9980938853880348
693551,0.988583123748006
693552,0.44220262808933153
693553,0.9981852582042543
693554,0.9926779110119555
693555,0.05850295806787525
693556,0.6415070210310563
693557,0.23276757816968188
693558,0.9366988933193331
693559,0.9997214085229775
693560,0.9995746774165872
693561,0.8461116040484974
693562,0.9955023344144216
693563,0.9944043702995116
693564,0.736235176971148
693565,0.052136134649999076
693566,0.11336279267364126
693567,0.7324443690893682
693568,0.9997511436193198
693569,0.9999575373762857
693570,0.15809878880407652
693571,0.9999273333786862
693572,0.18377667264616027
693573,0.9986511957295732
693574,0.15146649710409316
693575,0.2331038540882921
693576,0.990902841597572
693577,0.5199535468269815
693578,0.01964023869314917
693579,0.9998579020182983
693580,0.9996048380939828
693581,0.03209963469626573
693582,0.9834328401231537
693583,0.977885717154281
693584,0.9999508112639758
693585,0.850731559017438
693586,0.9953864155129633
693587,0.9997487378290557
693588,0.049734858629809406
693589,0.027500300739968068
693590,0.9549581823205417
693591,0.7363656134678804
693592,0.0141953181569771
693593,0.008885161875842556
693594,0.9715704067109832
693595,0.28557320327964286
693596,0.5258415536779709
693597,0.4800469360950058
693598,0.9570625764563757
693599,0.9998122097563693
693600,0.9100562169561613
693601,0.9933111733731685
693602,0.9998451569183384
693603,0.9962892724236662
693604,0.998777120846932
693605,0.9967266840312576
693606,0.5768365678154586
693607,0.4022308770900418
693608,0.04389221462094358
693609,0.5571140196456518
693610,0.7367077829452878
693611,0.9998507808316222
693612,0.2495805512921894
693613,0.3730266297685526
693614,0.1944296212738012
693615,0.9998608902154202
693616,0.766641926499258
693617,0.4862692988899446
693618,0.9672376090610771
693619,0.9999896542148539
693620,0.7125069209864523
693621,0.10018666679283172
693622,0.8262466499414767
693623,0.03228181058910727
693624,0.08079362715651703
693625,0.9968354641436261
693626,0.04565375835114103
693627,0.9799404490761787
693628,0.3446735202080604
693629,0.8934538476890055
693630,0.4327196713906129
693631,0.5498454713177328
693632,0.5079554909100341
693633,0.9998186271181637
693634,0.4451851016184324
693635,0.9999706317480714
693636,0.45497891350338326
693637,0.5182878654001444
693638,0.7134084761310602
693639,0.25214556340180316
693640,0.0352857206458152
693641,0.1469524663188016
693642,0.6845419041028256
693643,0.9019655255627449
693644,0.19394707272710837
693645,0.9973693901448721
693646,0.9999563804151256
693647,0.9421995779882435
693648,0.8586738197782919
693649,0.49772383870257597
693650,0.9993429081978
693651,0.9999206772899418
693652,0.9997106725057525
693653,0.995866704210606
693654,0.9997815473154348
693655,0.9997481152246755
693656,0.17643249225308685
693657,0.8599967214487103
693658,0.5931654561349613
693659,0.5275241331981422
693660,0.6170220242109692
693661,0.21215589160491713
693662,0.8370210064866248
693663,0.44867146809185987
693664,0.9854595486236497
693665,0.6193791794777614
693666,0.9956135599709257
693667,0.9944320666087448
693668,0.9946425788621873
693669,0.1749016166880335
693670,0.8112381511730095
693671,0.9844990967106686
693672,0.6914434116240263
693673,0.8664474263847275
693674,0.9999603639274379
693675,0.7417316184480451
693676,0.06668335933598703
693677,0.9996013213874305
693678,0.9992085280289915
693679,0.8129338637275911
693680,0.5759585254315096
693681,0.9990455705470869
693682,0.053910151015647285
693683,0.01729999317231505
693684,0.9955440350949641
693685,0.4191294677256535
693686,0.9989489982889901
693687,0.9992985277858558
693688,0.9999009765129578
693689,0.9549912683490265
693690,0.21175497828127515
693691,0.9996050995683516
693692,0.07776145181292635
693693,0.8638972139545598
693694,0.22928744393036643
693695,0.9654771626293428
693696,0.07454692193831455
693697,0.7489570797470181
693698,0.8393549558712736
693699,0.9994313062784466
693700,0.4076431410194701
693701,0.669383834213817
693702,0.990979061410507
693703,0.9861207751817028
693704,0.9844865681092493
693705,0.9875833373627205
693706,0.9956021961518784
693707,0.0786049857075709
693708,0.9997579944081297
693709,0.9963165290392868
693710,0.9904390384934451
693711,0.22785160080823674
693712,0.9999766693565949
693713,0.9967248563121783
693714,0.07843825677046
693715,0.4830679786658143
693716,0.3271392067347703
693717,0.9993887908240104
693718,0.8635128189568896
693719,0.948474171520569
693720,0.3402040652459206
693721,0.9791797542448561
693722,0.9996163412627828
693723,0.9983234640899452
693724,0.32094853758261516
693725,0.08626971990547522
693726,0.6219855558908458
693727,0.9995760321201145
693728,0.09853103822327447
693729,0.3047579470383993
693730,0.8286198458818093
693731,0.9996818531174453
693732,0.9654320920799712
693733,0.9992192205562961
693734,0.5748865617717273
693735,0.5315088908618497
693736,0.38183753782080804
693737,0.8652662743838024
693738,0.6910847654607803
693739,0.9961620177408815
693740,0.9977125266413917
693741,0.9987627836235788
693742,0.9969199512191371
693743,0.9998766461606498
693744,0.9999794487654478
693745,0.9843402975186477
693746,0.996364344083958
693747,0.012534385344822055
693748,0.6451407577402397
693749,0.43481543097459446
693750,0.3235516644418707
693751,0.5505424429070085
693752,0.4420746142239034
693753,0.3364776369025911
693754,0.9997748106681854
693755,0.053092732171915416
693756,0.8712178317616748
693757,0.9967762764600008
693758,0.006442469366418446
693759,0.7707429243921243
693760,0.9993004392813722
693761,0.9804907727750027
693762,0.16457588504119008
693763,0.9970880152715602
693764,0.06445778003123476
693765,0.8075994483943735
693766,0.8550138914010321
693767,0.6686160657793017
693768,0.6670905081881179
693769,0.991643107338129
693770,0.2463327594526146
693771,0.9723842304240864
693772,0.030507690344698756
693773,0.6058626155597763
693774,0.8247987361049469
693775,0.5928786342880233
693776,0.9997323795603312
693777,0.8285930556596379
693778,0.7771848275854727
693779,0.9999910332511184
693780,0.9999568571395284
693781,0.8429580784571536
693782,0.8530939847822037
693783,0.9998590277035859
693784,0.9998032055589504
693785,0.9837024164910295
693786,0.01894155116808582
693787,0.9998884995513713
693788,0.664300759321327
693789,0.9997040758335174
693790,0.9990669853324293
693791,0.35395141944237846
693792,0.9990346007826686
693793,0.04914769907249268
693794,0.9963199560649514
693795,0.7647281869610879
693796,0.9995751942693569
693797,0.30136375920047864
693798,0.9697926645589932
693799,0.9967063482120715
693800,0.2961014345019859
693801,0.8439911451044502
693802,0.9948262090657516
693803,0.9999227190170097
693804,0.9986900532662495
693805,0.9998269060310008
693806,0.9847195204926207
693807,0.995613672698378
693808,0.013741559924631299
693809,0.7689587544447731
693810,0.8238487806882143
693811,0.995229633119485
693812,0.9198673854197049
693813,0.7524864124576855
693814,0.9958402544692546
693815,0.9809620155830037
693816,0.6181714221284514
693817,0.9893047102049478
693818,0.9989858795575468
693819,0.9956165045696074
693820,0.998153051753963
693821,0.9193293259388359
693822,0.20254247342976958
693823,0.9839419336733397
693824,0.9894325212075398
693825,0.9999930377927209
693826,0.5912402975463187
693827,0.04851060929759245
693828,0.74884314478234
693829,0.004320860678111066
693830,0.9998713038720464
693831,0.9998601617866715
693832,0.9963329957497316
693833,0.4661058572455471
693834,0.05670272707249556
693835,0.9363729335214731
693836,0.05214695625536603
693837,0.7918319363919124
693838,0.9996173707685935
693839,0.617674167704355
693840,0.08293315960671441
693841,0.997793986769224
693842,0.12875123831807433
693843,0.12246187267484353
693844,0.3987217484265936
693845,0.763305999903258
693846,0.999506722249718
693847,0.9651323152466191
693848,0.9998588891526927
693849,0.044451398819758264
693850,0.6867231030821259
693851,0.588665584024135
693852,0.999983443917251
693853,0.05651908050593889
693854,0.9998886900885257
693855,0.9995225765044113
693856,0.9998732344204319
693857,0.07092129407429316
693858,0.0258877860684457
693859,0.9983032942446031
693860,0.8423612904202707
693861,0.453318028112187
693862,0.5179781275658841
693863,0.3436186771407829
693864,0.9984459770170679
693865,0.7043572595340152
693866,0.9694733907063273
693867,0.5518518927384262
693868,0.7183627172865922
693869,0.8653587735398567
693870,0.02865649083933494
693871,0.9736355205824245
693872,0.8685359069332871
693873,0.999948754627092
693874,0.97817021264049
693875,0.9315326868396936
693876,0.8535958304736061
693877,0.8989015490440804
693878,0.023815572491416692
693879,0.006839939845299678
693880,0.41822112681075113
693881,0.9041976583396691
693882,0.7374775142596998
693883,0.9967538452234648
693884,0.999869783588236
693885,0.6430630195071694
693886,0.8989110105555638
693887,0.8312003813225342
693888,0.999084600817234
693889,0.7446609076363133
693890,0.9999695133016051
693891,0.5406856373235992
693892,0.8457407891586257
693893,0.9999801774005161
693894,0.5713914780085406
693895,0.04152474933457388
693896,0.02296732615810152
693897,0.017189224512986698
693898,0.14069597029408293
693899,0.9995154636811058
693900,0.9999890907989353
693901,0.004237554883827875
693902,0.5839439737292859
693903,0.993215147288425
693904,0.9993796654159963
693905,0.9997377533557081
693906,0.9971869305353953
693907,0.3971893379816905
693908,0.9992225553586691
693909,0.9940733242994102
693910,0.8474234061570634
693911,0.9982401441342762
693912,0.06175371938997991
693913,0.9921062571330864
693914,0.24301636320813022
693915,0.9983901115434564
693916,0.08646791340204293
693917,0.35800175419389235
693918,0.9876974188748813
693919,0.11189935442115725
693920,0.9998054985469336
693921,0.25885068662515837
693922,0.9983306913369481
693923,0.8458536723943277
693924,0.006106141014487514
693925,0.9984259199438335
693926,0.9999680230214042
693927,0.8102044620509933
693928,0.6089979751586048
693929,0.9999684295324442
693930,0.9997016834088017
693931,0.7970631881503611
693932,0.9999828603084358
693933,0.9985359968287827
693934,0.43607000578381283
693935,0.9995621129393057
693936,0.8655029594191874
693937,0.9960352828842722
693938,0.9874521169918188
693939,0.6223907075872877
693940,0.5586669586442171
693941,0.7826904866465798
693942,0.9809367030032898
693943,0.0030054009158336573
693944,0.002827924359705929
693945,0.8262670703438763
693946,0.9998832445434462
693947,0.06359934848507783
693948,0.404925516515965
693949,0.44529613935865947
693950,0.9993447537429894
693951,0.8828322326260791
693952,0.7782341090433009
693953,0.2148132876860323
693954,0.9996504619906842
693955,0.8388243367799895
693956,0.004323952830856905
693957,0.9998012372735778
693958,0.999244396902067
693959,0.0038969827906365512
693960,0.018947943278921138
693961,0.9999745196568652
693962,0.06251647476815532
693963,0.5201517040847534
693964,0.9832940470924312
693965,0.8660772438918689
693966,0.9684976006697927
693967,0.9999463434529761
693968,0.9999603561055255
693969,0.015824414676994213
693970,0.3839066897051191
693971,0.836692574150332
693972,0.9827016035731759
693973,0.25021779946760553
693974,0.9999594268670025
693975,0.40425313986665423
693976,0.791981995768705
693977,0.931030988808292
693978,0.009636732306473727
693979,0.047308768354850234
693980,0.7779425959724118
693981,0.1591916950869332
693982,0.9824069904003172
693983,0.9648305708768439
693984,0.9996326669795966
693985,0.1395920777143596
693986,0.9194419791780769
693987,0.9955729566209162
693988,0.985997819367418
693989,0.012280368810622683
693990,0.98125548141086
693991,0.9993828468192263
693992,0.9988272201954325
693993,0.7171144029324588
693994,0.12709303398487026
693995,0.20353584317937923
693996,0.9997907171341377
693997,0.23259381368561366
693998,0.45815412264188293
693999,0.06779696666076647
694000,0.9512665062522487
694001,0.9997319901882398
694002,0.999973724554628
694003,0.066345438278367
694004,0.7512594168387158
694005,0.15434996027922265
694006,0.6572836965606697
694007,0.9998414153711085
694008,0.8244204440677787
694009,0.2871567019010653
694010,0.7910141636710553
694011,0.5141621592787635
694012,0.49983304311007376
694013,0.9997964398845411
694014,0.5183450358879448
694015,0.7949706454240326
694016,0.9897492229023155
694017,0.9646482834743011
694018,0.995301337631773
694019,0.26807781193640995
694020,0.1787488043893517
694021,0.5052195600095657
694022,0.8362707923250119
694023,0.9907816382280569
694024,0.1374628471312491
694025,0.96853945106288
694026,0.8223664267169677
694027,0.49951815154473633
694028,0.972066898710532
694029,0.8988307412567169
694030,0.9759587838947835
694031,0.7174286869790361
694032,0.9998690453278369
694033,0.9200777101671025
694034,0.9885322681769155
694035,0.9949898540846936
694036,0.95150766164039
694037,0.9998911487241031
694038,0.9966895426685938
694039,0.9996844496296066
694040,0.9998127211661175
694041,0.9158654553041559
694042,0.999899485092735
694043,0.9979391789086912
694044,0.9990080160324027
694045,0.005266382853645889
694046,0.8055210283302825
694047,0.8136301109704975
694048,0.9996495254250153
694049,0.9786300263602468
694050,0.9990236323414576
694051,0.9999659656695047
694052,0.999974296685847
694053,0.9987100988562063
694054,0.17516626430731475
694055,0.9984709749887788
694056,0.9999791095607621
694057,0.9998591856423032
694058,0.9966284034241425
694059,0.9070723636128735
694060,0.20255122396028044
694061,0.9834463704294043
694062,0.32214910424128634
694063,0.721789494489355
694064,0.059199953545003806
694065,0.8369360325105524
694066,0.10150372293865498
694067,0.7043390100966543
694068,0.16391984882387284
694069,0.801207860473703
694070,0.6301176899046717
694071,0.9997222486734876
694072,0.2438902054942362
694073,0.5230823951232362
694074,0.9979684980274741
694075,0.9956605282322453
694076,0.9995985842763531
694077,0.6909653579101315
694078,0.3949309855901606
694079,0.9534920006083807
694080,0.17090510280020552
694081,0.9152366207816115
694082,0.9999567411332768
694083,0.9987039254668133
694084,0.8849118486625862
694085,0.0336116146451681
694086,0.8418709731489551
694087,0.07411958290936876
694088,0.9996507450404108
694089,0.4704450087782726
694090,0.03942643147292126
694091,0.8136827865761229
694092,0.9997756312182724
694093,0.9066288698578153
694094,0.9999025404955583
694095,0.9999781391271754
694096,0.037601614742137204
694097,0.9966813819746916
694098,0.9999871370921539
694099,0.6566339746062173
694100,0.03281679331959643
694101,0.9516906046505732
694102,0.5840128892991739
694103,0.9999336808422218
694104,0.9910906505383695
694105,0.057408754052281644
694106,0.9420574650191738
694107,0.9069203229793238
694108,0.5750849209141426
694109,0.9756061789427901
694110,0.9692170270518004
694111,0.9952679239102525
694112,0.9997407327150288
694113,0.9850247487781507
694114,0.9996631713777677
694115,0.9999854063353778
694116,0.9998708876530913
694117,0.6641242777013254
694118,0.9906728339686051
694119,0.2756488396120837
694120,0.5721147641403053
694121,0.9094778631969958
694122,0.9816341043565713
694123,0.9929874084498636
694124,0.44910909056117043
694125,0.9526845106098287
694126,0.9997202301664094
694127,0.9715100874067613
694128,0.9869612865349519
694129,0.9999415566428762
694130,0.9997604602015843
694131,0.9986115420984126
694132,0.1021192499883657
694133,0.40602720239125556
694134,0.9996838352557503
694135,0.9970389092056862
694136,0.9999771370380375
694137,0.07706855273703829
694138,0.5328502753125559
694139,0.8414218104440649
694140,0.9999435229825174
694141,0.9998470538147863
694142,0.41532345814085897
694143,0.03449846230364974
694144,0.34783216513715043
694145,0.8793336634511999
694146,0.9963665921963489
694147,0.5085097027691474
694148,0.9792797031171645
694149,0.9979136068027433
694150,0.32422176316469475
694151,0.9884679272387417
694152,0.9989057637238543
694153,0.23670393591952524
694154,0.9834620756688166
694155,0.9999741391154957
694156,0.9997912723702334
694157,0.19127710391064626
694158,0.9766636009892041
694159,0.025562679610852485
694160,0.9994615294073907
694161,0.8944603370699338
694162,0.9649148876670072
694163,0.9127970792657336
694164,0.9981316003336498
694165,0.9983796128377316
694166,0.9983910702370992
694167,0.8899063260156962
694168,0.999754476126337
694169,0.4943398937995196
694170,0.9128424112334886
694171,0.8109127442990521
694172,0.997055751133225
694173,0.27062694243924956
694174,0.9979132221890858
694175,0.2618964181051569
694176,0.9902540502540773
694177,0.09073535187381601
694178,0.9999796989382472
694179,0.9999806319850193
694180,0.9650040807752176
694181,0.15917148483250215
694182,0.9372449938539351
694183,0.9998005124247318
694184,0.6382808250664622
694185,0.9999148424214781
694186,0.8343272492568249
694187,0.046240705679823475
694188,0.15876041142900169
694189,0.999779274404907
694190,0.9200196227027002
694191,0.9453325500870943
694192,0.5851305461849322
694193,0.9990775813337008
694194,0.6268622319263752
694195,0.21502882902966758
694196,0.9996746905691649
694197,0.9739403035678678
694198,0.9998259111870171
694199,0.6421142412281856
694200,0.9948787683331767
694201,0.2646904134858946
694202,0.987342726832378
694203,0.27174668263621476
694204,0.9998444469583505
694205,0.9999664710048789
694206,0.9998557108704622
694207,0.9996667839598541
694208,0.7453938404238138
694209,0.9997158764863086
694210,0.6926938728184386
694211,0.1390493620511195
694212,0.9798757580882212
694213,0.9997561944120386
694214,0.6633532714589169
694215,0.5540122159980418
694216,0.7107657666357922
694217,0.9795175487141748
694218,0.9997417727784415
694219,0.9956185226506646
694220,0.9409471839523673
694221,0.9993858345654918
694222,0.9989778209311467
694223,0.9977761664137914
694224,0.7492889743761781
694225,0.3349347178053492
694226,0.9997686355373266
694227,0.6082571815231649
694228,0.36136571214997215
694229,0.9781979608074133
694230,0.9998157862365517
694231,0.7622898748136532
694232,0.0859794656900948
694233,0.8833777817433739
694234,0.9792706094386338
694235,0.999978851700249
694236,0.9299358314690778
694237,0.9118294115536609
694238,0.7203862919183559
694239,0.9986349963873695
694240,0.8020131636526688
694241,0.8802263824816702
694242,0.9999097496103163
694243,0.9995039788565274
694244,0.9905320153685737
694245,0.25905911124488035
694246,0.19518584742951958
694247,0.999976916971048
694248,0.4906379806711779
694249,0.8900282842988219
694250,0.2141311224348793
694251,0.9984703207820619
694252,0.9998241602072496
694253,0.2981705121613162
694254,0.9671967022822882
694255,0.09996174412224829
694256,0.26089052728757667
694257,0.9997098540210929
694258,0.59213370445009
694259,0.2252793488581873
694260,0.9997301845522698
694261,0.6731684718537755
694262,0.20394821102026367
694263,0.9380836492281395
694264,0.18968280391481063
694265,0.9998324814233761
694266,0.9973216689723747
694267,0.5625597522815929
694268,0.998312043790723
694269,0.9986553766645462
694270,0.9997954445680688
694271,0.7928740861627761
694272,0.8077566951726193
694273,0.9244113600079882
694274,0.7566643379127886
694275,0.9872526040692167
694276,0.999453209748485
694277,0.3823844798771174
694278,0.023590385023874023
694279,0.9997620174479381
694280,0.04696933031197638
694281,0.3922408915621909
694282,0.7880869482736814
694283,0.7106340415655404
694284,0.2272697268507217
694285,0.051947999090923125
694286,0.49021587646573334
694287,0.9996255368588874
694288,0.9954335958343794
694289,0.012288981917850142
694290,0.8355390759923804
694291,0.4098451990479579
694292,0.9995174583830144
694293,0.3204692606556866
694294,0.9999755320099968
694295,0.10697508087803398
694296,0.582540963161833
694297,0.9997786139401326
694298,0.8438395533367106
694299,0.9347198708079449
694300,0.001444630679290644
694301,0.9999468949176848
694302,0.9998585500146263
694303,0.9999739071784122
694304,0.023557979568488922
694305,0.6125030421966883
694306,0.38958226940572505
694307,0.998399634268216
694308,0.6230831514134725
694309,0.992610128116026
694310,0.11432428541822054
694311,0.9995639867464045
694312,0.03408881540688311
694313,0.11812418513504366
694314,0.9978816537775046
694315,0.260614387184373
694316,0.8712043406414369
694317,0.6968266490307484
694318,0.06486568840518002
694319,0.6434518289265827
694320,0.9978430165149198
694321,0.8753500942205494
694322,0.028994092557136142
694323,0.772401775710771
694324,0.9710430042046924
694325,0.16007726149280926
694326,0.04606622614779206
694327,0.9999605195840283
694328,0.99947039444635
694329,0.9969208578092472
694330,0.9963796777947936
694331,0.9996218739553114
694332,0.9729027860448085
694333,0.9970168028892178
694334,0.0658186610135355
694335,0.9991729923723647
694336,0.9933229734692863
694337,0.9750788218468014
694338,0.012455355228817414
694339,0.28473446532809205
694340,0.802671392214315
694341,0.9942873951418261
694342,0.8324535290115065
694343,0.08153366794088535
694344,0.5581459122597635
694345,0.08667978301126336
694346,0.24166721486321832
694347,0.14240492822241055
694348,0.9527483307605905
694349,0.5871559133834896
694350,0.9994735470509639
694351,0.9999732164641413
694352,0.085742974183231
694353,0.40313252715986625
694354,0.9999759995730253
694355,0.5662087225383324
694356,0.9179172708234205
694357,0.9998971998092521
694358,0.0521796937269772
694359,0.9996754833527013
694360,0.640543289206374
694361,0.04618701322806548
694362,0.08268205080340042
694363,0.7953744141164227
694364,0.8909290940295473
694365,0.9770158621515359
694366,0.9994004204595606
694367,0.859801645547432
694368,0.4974146211342068
694369,0.999963011567123
694370,0.9375231511245187
694371,0.15775443358513946
694372,0.6311845810124648
694373,0.9966295541177623
694374,0.9977120864907072
694375,0.7194615908158077
694376,0.3952249276862341
694377,0.9987552816540332
694378,0.8562170122482318
694379,0.31786952626500753
694380,0.2656231801554043
694381,0.7047258596730721
694382,0.9959769382987056
694383,0.9964183034805333
694384,0.021122206520285874
694385,0.5696232602579437
694386,0.9997869013354028
694387,0.5886301474156328
694388,0.904630328009271
694389,0.9990130259954718
694390,0.3266930471581933
694391,0.6167760616941889
694392,0.9979502625732772
694393,0.996834329272988
694394,0.999900946822329
694395,0.5335074654710416
694396,0.008982993718284607
694397,0.9990458393498005
694398,0.9809122118449398
694399,0.8136966956692063
694400,0.03795635022275007
694401,0.9280129388102398
694402,0.9936726196701964
694403,0.9337371662179825
694404,0.3495529651814382
694405,0.9936085240954038
694406,0.9998549679783357
694407,0.9997001407090822
694408,0.9430832802720195
694409,0.5326643478564881
694410,0.9997533791658554
694411,0.3374504835411134
694412,0.14576949234768133
694413,0.6010623609134204
694414,0.8664215519182605
694415,0.9927637665989724
694416,0.9970816995846208
694417,0.999971438578105
694418,0.7362971159188458
694419,0.025412559558449142
694420,0.9481875394336173
694421,0.29993908456556984
694422,0.9999428371467515
694423,0.9999109629692071
694424,0.8326179884720241
694425,0.9999742817840696
694426,0.9930294599199838
694427,0.999917957292384
694428,0.9993834582838486
694429,0.5536129937367069
694430,0.954987475372254
694431,0.005834955865562189
694432,0.9953700556005429
694433,0.9992473963677944
694434,0.979358078712995
694435,0.9306088774394825
694436,0.9956064279916327
694437,0.740541461460193
694438,0.5966921606158146
694439,0.0276645060734554
694440,0.025164835855988485
694441,0.9983647329777151
694442,0.9886302396443323
694443,0.9581346916449787
694444,0.24658905320314153
694445,0.004924091675399384
694446,0.9997150422538919
694447,0.5862332648241315
694448,0.3610978333216137
694449,0.9978969484984623
694450,0.05447164677413245
694451,0.9807536241414998
694452,0.9999790326015356
694453,0.9991639621054339
694454,0.7993696998962401
694455,0.028574722092311676
694456,0.9999806029782755
694457,0.5764164524621178
694458,0.04199148552000015
694459,0.5131372972067731
694460,0.8520797817041813
694461,0.9996646479880068
694462,0.997397485399611
694463,0.9999422073755966
694464,0.15243999755047738
694465,0.9997842654027653
694466,0.9954175087230847
694467,0.9986965347693404
694468,0.9995932657954456
694469,0.5589902324322894
694470,0.9919120411554744
694471,0.9994744336482675
694472,0.9976907433250141
694473,0.9985917338087906
694474,0.9714480887246455
694475,0.999563226166845
694476,0.9989762571113234
694477,0.9734438722060952
694478,0.9914531016743925
694479,0.9912702769992706
694480,0.9999278733583034
694481,0.4765487315327127
694482,0.9981824758820852
694483,0.6946663547082501
694484,0.21003058864171575
694485,0.0718675726468953
694486,0.0014633135616623223
694487,0.2992924205013618
694488,0.9961853948839139
694489,0.13934052868518862
694490,0.9885997811877354
694491,0.04509794841489838
694492,0.5379307151920351
694493,0.585189892668735
694494,0.5868111703476498
694495,0.9996077602663844
694496,0.9612653773547251
694497,0.9944154552644724
694498,0.03373372881341906
694499,0.894594842640015
694500,0.9483702738736126
694501,0.6721569899198379
694502,0.8671348158839638
694503,0.9956389197200365
694504,0.5851943914579739
694505,0.9998817351078209
694506,0.013777895739880286
694507,0.9398525667432238
694508,0.9994920765164816
694509,0.6257591721416796
694510,0.028316905420345026
694511,0.9999500880876357
694512,0.9996667658851468
694513,0.9441511245937888
694514,0.951179752582283
694515,0.9253091867795668
694516,0.9912275094596216
694517,0.8014450583371155
694518,0.9998855481070985
694519,0.9982355615875983
694520,0.9995471057141792
694521,0.999875822497899
694522,0.9999690389123312
694523,0.006507454891973685
694524,0.005412779821849668
694525,0.02928434818459185
694526,0.1021651814871229
694527,0.9998898243244323
694528,0.8159404335942577
694529,0.9686271705544152
694530,0.9983476114739618
694531,0.9998595537009678
694532,0.9999368907980195
694533,0.9997239468778812
694534,0.9907552494417264
694535,0.9909928021987862
694536,0.9956610867324379
694537,0.9872488027796024
694538,0.4540624202915442
694539,0.9698478112592577
694540,0.897966688911362
694541,0.9983920450849608
694542,0.9999930659980217
694543,0.9996333826427618
694544,0.6925324993114093
694545,0.8383945035257423
694546,0.5365610382446336
694547,0.27077057368120233
694548,0.06488634472276213
694549,0.8915203373546379
694550,0.8528457210364413
694551,0.9986088169439347
694552,0.4931591001126715
694553,0.331544283268004
694554,0.03555770905429482
694555,0.9984931780402717
694556,0.9919579303979486
694557,0.18334220668585335
694558,0.995361698979166
694559,0.17042537707755162
694560,0.995410253297512
694561,0.6653303787914441
694562,0.9996732126920336
694563,0.5717325089833873
694564,0.8027324850023775
694565,0.12352780695967337
694566,0.9596692931689762
694567,0.9998519728002899
694568,0.02492706580724176
694569,0.9983056996723131
694570,0.13018081816839172
694571,0.004285788451438743
694572,0.11818745909557007
694573,0.8333141781622003
694574,0.5039009286809191
694575,0.9521528645105082
694576,0.3418786215480255
694577,0.9986489065038253
694578,0.9991270911130734
694579,0.9986104879784521
694580,0.2371449617518728
694581,0.9984390575302191
694582,0.9964561230372311
694583,0.3693612249208412
694584,0.16596873258185524
694585,0.9994642030712344
694586,0.060979585449182
694587,0.9997285625326369
694588,0.9091674173106064
694589,0.9920378537280863
694590,0.9595017113799278
694591,0.9953821264851277
694592,0.9823245915402408
694593,0.998762971217714
694594,0.5390061993746378
694595,0.9998925920748465
694596,0.035830506967448494
694597,0.8847630833630302
694598,0.5733310948567509
694599,0.016333852776687342
694600,0.9975438517701103
694601,0.9792266042979876
694602,0.9734081403548598
694603,0.6062719807634654
694604,0.08486627662661524
694605,0.9466877428004354
694606,0.9930340519331324
694607,0.6524960649311063
694608,0.1767890491628284
694609,0.9998827815991284
694610,0.7929540198927016
694611,0.996721145962641
694612,0.9900918870123961
694613,0.7030068017622304
694614,0.7742870945976592
694615,0.5388993084911275
694616,0.7239577745306935
694617,0.9810523588211592
694618,0.9995138199725846
694619,0.12352077714910181
694620,0.8252302092201007
694621,0.999779959288466
694622,0.9997922397631156
694623,0.9995243853153288
694624,0.999981330079361
694625,0.5660730036870916
694626,0.12007142957156763
694627,0.9998726367843623
694628,0.9999671227802824
694629,0.571157759130199
694630,0.9998718404743359
694631,0.999743076375885
694632,0.9998638639589895
694633,0.9997661651972111
694634,0.9983603266815383
694635,0.07519279818813515
694636,0.9925786034444934
694637,0.2014886927309047
694638,0.9563433363713538
694639,0.005732671633830667
694640,0.7756497168412
694641,0.994993869002966
694642,0.07741613401076193
694643,0.4174546643526523
694644,0.3823974578559682
694645,0.999604042099741
694646,0.2930457143461149
694647,0.24919677996266856
694648,0.008737908310876593
694649,0.49839122132160185
694650,0.9847571084143985
694651,0.36869140108745924
694652,0.43048674811993315
694653,0.9946531638825545
694654,0.8345308927537357
694655,0.9999180360565535
694656,0.9852221289402566
694657,0.9996660467176945
694658,0.9982166952168376
694659,0.900064063509837
694660,0.9948969467287481
694661,0.9885975030487347
694662,0.9998688038947086
694663,0.2827868526696858
694664,0.9726000190641733
694665,0.353010550923201
694666,0.986793086698432
694667,0.9998900156088396
694668,0.502255376230292
694669,0.776784558520732
694670,0.7452423594071313
694671,0.9981861719610055
694672,0.9737013249730053
694673,0.08813526586066373
694674,0.5434748161260992
694675,0.9910706470086461
694676,0.006349008841894184
694677,0.9998013194391177
694678,0.9786352566378798
694679,0.9993322788505341
694680,0.31028255593742105
694681,0.9186807465691239
694682,0.9733712390778819
694683,0.9994354840860211
694684,0.8881476660283227
694685,0.870109388879819
694686,0.994503355160729
694687,0.46238148803516477
694688,0.0015981742765503093
694689,0.7791199141126657
694690,0.9999775201746328
694691,0.46323799957271083
694692,0.15318355761469163
694693,0.14427435662359098
694694,0.0286472888229785
694695,0.9966565864779875
694696,0.9982929463649726
694697,0.9824142024313158
694698,0.08459146146977159
694699,0.028023469321841396
694700,0.8456688859569543
694701,0.972309958162101
694702,0.01637148645003075
694703,0.9634655462946952
694704,0.9797120123429361
694705,0.7227486228969858
694706,0.8468139759768194
694707,0.5464727716348406
694708,0.06866936413712535
694709,0.9997161753593936
694710,0.46973365751675455
694711,0.9978492355436918
694712,0.9995219308390983
694713,0.9997027730296968
694714,0.9999233401195573
694715,0.9999283281888578
694716,0.9999862898472747
694717,0.951727763066909
694718,0.995366003249393
694719,0.8648532141934995
694720,0.98951868796983
694721,0.4567478695503856
694722,0.9995404354330839
694723,0.9521211008404799
694724,0.024627308508473618
694725,0.03241551227733496
694726,0.9912909001098736
694727,0.9939042008691521
694728,0.2029398928981085
694729,0.5971129138186884
694730,0.9996920564665233
694731,0.011829440178637136
694732,0.1031163440876528
694733,0.20595834545610525
694734,0.1369881734680247
694735,0.1239041329442801
694736,0.47896310490475
694737,0.11184682609484715
694738,0.9922018569700417
694739,0.31420787347039403
694740,0.9902907468902467
694741,0.46466103668542236
694742,0.011815677475107122
694743,0.0581872607067488
694744,0.999722734917089
694745,0.9873570576926136
694746,0.3817813213921208
694747,0.6152338044397571
694748,0.8413938399546051
694749,0.9998491087086716
694750,0.7895305331024228
694751,0.9709165777681619
694752,0.9996959682999996
694753,0.8961478001824295
694754,0.05668255048948865
694755,0.9999850970282431
694756,0.9863394668068531
694757,0.9998580946654857
694758,0.999956644414961
694759,0.7804854460167686
694760,0.701175128607445
694761,0.998707822470928
694762,0.999895877371326
694763,0.275759189762679
694764,0.06581747658666716
694765,0.6228458602508907
694766,0.6612669483727329
694767,0.99777207413613
694768,0.9994973081988652
694769,0.5730480354091749
694770,0.9996920484729583
694771,0.9877211223774731
694772,0.059043390934025865
694773,0.9617628988534112
694774,0.9884117024324777
694775,0.9798259797776817
694776,0.12859943339554167
694777,0.872571882082372
694778,0.23941452689881726
694779,0.6623600396703839
694780,0.9978714080273869
694781,0.9998393676517248
694782,0.9999767665343086
694783,0.2447720630279644
694784,0.994491303307577
694785,0.9977598709380328
694786,0.9991062302374922
694787,0.44117403664654253
694788,0.9967978516815222
694789,0.4652293364103035
694790,0.9992572067536268
694791,0.9998158609496987
694792,0.9118505083541373
694793,0.9952624782676531
694794,0.9999554613370503
694795,0.9999797196419743
694796,0.9997837346051832
694797,0.9975175238670609
694798,0.07386147193531188
694799,0.9812159707374799
694800,0.26481404041099965
694801,0.38535804353988334
694802,0.8592330281684606
694803,0.9997086793538434
694804,0.9993541530230176
694805,0.9707445301103812
694806,0.9867197069045969
694807,0.4767882116931771
694808,0.9994278653515805
694809,0.013782638102424218
694810,0.473513580662777
694811,0.7477654812169454
694812,0.5715059060955898
694813,0.06376296922561418
694814,0.9980848579661417
694815,0.999096863595015
694816,0.9749953677949501
694817,0.4266074154286955
694818,0.009117682521904421
694819,0.046764451689759984
694820,0.053587657779562335
694821,0.9319286879983795
694822,0.032268074392692955
694823,0.992719739259392
694824,0.05671840557111992
694825,0.6646644660631649
694826,0.009536810419237863
694827,0.9996645472426995
694828,0.9984235366711025
694829,0.9953920721897251
694830,0.9804286420967999
694831,0.9905938777952907
694832,0.9999020638855629
694833,0.06481057552659165
694834,0.997299356757663
694835,0.9999682612286527
694836,0.9996276046545756
694837,0.4234340940285636
694838,0.9999709450289234
694839,0.9935456636921718
694840,0.9510827308110403
694841,0.2913362837203482
694842,0.3237798686301113
694843,0.9996267141210621
694844,0.999492752879994
694845,0.5527513514452559
694846,0.9967052901054627
694847,0.999017502986648
694848,0.9999570000335509
694849,0.9367783626039338
694850,0.07545083249287582
694851,0.8597923663600462
694852,0.7780071844618976
694853,0.017892362511040046
694854,0.32720947641036086
694855,0.11277018698290021
694856,0.9999162655968181
694857,0.07542693403343816
694858,0.7501108428831003
694859,0.999098957542178
694860,0.9999169990701544
694861,0.890002101387448
694862,0.7223218803089296
694863,0.8047247145094938
694864,0.9998192798458525
694865,0.9767332492615584
694866,0.9977178800609986
694867,0.9999597025466341
694868,0.9999493622910369
694869,0.9976394743007955
694870,0.020598324982835824
694871,0.11698038028902855
694872,0.9484794878993233
694873,0.18649658083182782
694874,0.9995551898595537
694875,0.22137602214178811
694876,0.5784363901838995
694877,0.46908168786936744
694878,0.27815563500149204
694879,0.9858313843678339
694880,0.8377568835164814
694881,0.7261742434399532
694882,0.15096856235970732
694883,0.9416184013846005
694884,0.6465283027090601
694885,0.9878380761562822
694886,0.9998345018134234
694887,0.7992111038729155
694888,0.9899084679483243
694889,0.13921702816595982
694890,0.9791484722611421
694891,0.9986407076071099
694892,0.9754659194112794
694893,0.5077826256689503
694894,0.9881031928819682
694895,0.9961517275545927
694896,0.7045494796576265
694897,0.9998733614574046
694898,0.9577060453468643
694899,0.9069348366550004
694900,0.999319983343425
694901,0.9991022020841185
694902,0.0618304734660118
694903,0.9982471591822419
694904,0.583168952614645
694905,0.28476736284748805
694906,0.020114275182154275
694907,0.5735768211475405
694908,0.012004478479526778
694909,0.7701772678722036
694910,0.9227787194635597
694911,0.9835071255762865
694912,0.9564144359755496
694913,0.9988686322766467
694914,0.8552578678794341
694915,0.9999859068456742
694916,0.07865980587176752
694917,0.16271965211922607
694918,0.9345695341599979
694919,0.1195545330989628
694920,0.8841283303653444
694921,0.1860501221303908
694922,0.9997683011393602
694923,0.13825779502252358
694924,0.9502282581370514
694925,0.9216408991410538
694926,0.9996508775837147
694927,0.24759783373831334
694928,0.9999541082673137
694929,0.8853014162059265
694930,0.5606300422337945
694931,0.9999796941530821
694932,0.07920297095027039
694933,0.999910423427276
694934,0.9990095137299897
694935,0.9998479181944093
694936,0.8122353938220552
694937,0.9976535002401916
694938,0.8418904268603418
694939,0.029877254408501294
694940,0.9990616918283513
694941,0.9434350022524648
694942,0.8356602742010484
694943,0.9910882511608188
694944,0.9997550601302995
694945,0.9681766038922524
694946,0.03798792904279333
694947,0.9997476688135994
694948,0.9557361265658265
694949,0.9534942043144955
694950,0.9886599960866352
694951,0.6900029095971405
694952,0.8460094865742469
694953,0.66169929991185
694954,0.9381344449941483
694955,0.004798787589109652
694956,0.7155491561933819
694957,0.9987379877103979
694958,0.9998051659847345
694959,0.1572913226697923
694960,0.9956831860112123
694961,0.9999534313271458
694962,0.9961434652680687
694963,0.30088844101398077
694964,0.9976556099020644
694965,0.4799967747397086
694966,0.9966461213910964
694967,0.012026702247326732
694968,0.8391449693597314
694969,0.9993384452298208
694970,0.9994811267489713
694971,0.9961348327073163
694972,0.7879330851920388
694973,0.9545328635914349
694974,0.8742824636671291
694975,0.959210020866656
694976,0.7013967581584684
694977,0.25875341109372535
694978,0.9560843968711141
694979,0.8672525542351855
694980,0.9334349846959376
694981,0.01136041313893573
694982,0.9999827360206955
694983,0.675380500701788
694984,0.9999175812273161
694985,0.04296478318086623
694986,0.7822759983640074
694987,0.25794878014102374
694988,0.9994162280528652
694989,0.9432163009574579
694990,0.07442659655902795
694991,0.998839705289504
694992,0.9996726087542609
694993,0.9994125818806157
694994,0.9996579988699423
694995,0.0034346158730528
694996,0.9651574455820284
694997,0.012873165026769415
694998,0.04859839759111996
694999,0.8186724881879622
695000,0.9477782136646598
695001,0.9990214470203744
695002,0.5753872176647468
695003,0.4119873764916038
695004,0.5902624756497756
695005,0.9997965239546351
695006,0.7973221287284926
695007,0.004839724101691652
695008,0.43695330980722014
695009,0.9879564433899466
695010,0.8392946224047111
695011,0.9995267613945487
695012,0.5962627195324448
695013,0.04764394956807457
695014,0.9995746493334039
695015,0.29561081919935245
695016,0.2514472760271455
695017,0.9941950731258193
695018,0.1738491547652777
695019,0.9946752173414793
695020,0.9324706637303841
695021,0.9983784119019339
695022,0.9998712584726742
695023,0.17100088443919714
695024,0.019327805785141153
695025,0.9875106173907449
695026,0.999944079421855
695027,0.9999699367193142
695028,0.5614775328248925
695029,0.1632711284632839
695030,0.2289942339301867
695031,0.7594249233559645
695032,0.9961762866615793
695033,0.15167635504956073
695034,0.9446242888382352
695035,0.22851702004427663
695036,0.9998862555393527
695037,0.9999401591297361
695038,0.11325476463595228
695039,0.8630210193196443
695040,0.7863799763598821
695041,0.12513414073886017
695042,0.09283714825779577
695043,0.9997160049099899
695044,0.6265341531368595
695045,0.0776575515439483
695046,0.9990041789002488
695047,0.9923386364056811
695048,0.5697432408151688
695049,0.9934046341841648
695050,0.9984943485321922
695051,0.9995342252198623
695052,0.9978972257326912
695053,0.9378440025838077
695054,0.05209897696228656
695055,0.9266957190890572
695056,0.9998078946025777
695057,0.02275635973579642
695058,0.6387188047055132
695059,0.9995085410581869
695060,0.7491591805048986
695061,0.3137800346092267
695062,0.986323852370125
695063,0.632309977785842
695064,0.9996406600196996
695065,0.14789108510757398
695066,0.9940807669958867
695067,0.9601815811089712
695068,0.6097610554188515
695069,0.009451871003860062
695070,0.999928278053789
695071,0.027962021355169252
695072,0.9989359492708625
695073,0.8992303823392597
695074,0.8495114747161644
695075,0.29465569751161635
695076,0.046745554459142
695077,0.974193888976269
695078,0.9417973508068656
695079,0.9999779087953614
695080,0.9999057902759491
695081,0.284196922329259
695082,0.7686605385197987
695083,0.9963324631481338
695084,0.42235255414255407
695085,0.00929645680162475
695086,0.48693219058627923
695087,0.99561606973272
695088,0.9996626018079328
695089,0.22125178516704547
695090,0.9999388038298714
695091,0.15954795462500307
695092,0.3592898343111146
695093,0.9839899700447379
695094,0.996949217334765
695095,0.999590792931645
695096,0.9996157281666973
695097,0.5559825027425552
695098,0.9985334567593984
695099,0.9997687508683153
695100,0.9859373662942552
695101,0.9999779176989314
695102,0.07077569758968497
695103,0.8624058942456096
695104,0.17882956084404217
695105,0.98560001943686
695106,0.9994165061864692
695107,0.24565296216742777
695108,0.7576099066757643
695109,0.6831612785912613
695110,0.09677555422796502
695111,0.9954713345388786
695112,0.9955223071872268
695113,0.5288810962620653
695114,0.9998749070314086
695115,0.9757768506697773
695116,0.1137536071826864
695117,0.922153538158866
695118,0.9998184039918661
695119,0.9992948675983203
695120,0.024088260123941746
695121,0.08056267428314555
695122,0.9998608945658528
695123,0.7795772646905308
695124,0.9970973357483159
695125,0.9992314536511192
695126,0.29982915527092574
695127,0.3147790370515317
695128,0.984274565509679
695129,0.9992840675304973
695130,0.9999289185105096
695131,0.9999105910932888
695132,0.9981964246378932
695133,0.998107670763712
695134,0.6513804295620556
695135,0.9997376825497611
695136,0.7767608470812648
695137,0.6819809721885312
695138,0.034862790713099674
695139,0.9994912606746015
695140,0.1349573898165844
695141,0.9877178205327306
695142,0.8298100651263892
695143,0.770366875248816
695144,0.7862406084388001
695145,0.9999073036508337
695146,0.9282237308423424
695147,0.09424745250567083
695148,0.9850100967686207
695149,0.9038067800086473
695150,0.010653531231752812
695151,0.11556766677089306
695152,0.9928399057737705
695153,0.9704262051572274
695154,0.998739975719631
695155,0.7091044231639516
695156,0.037012558843336256
695157,0.9990497882611145
695158,0.5274501465904273
695159,0.9998601054816249
695160,0.5544285114793276
695161,0.29433870839963755
695162,0.04878377536604506
695163,0.7853255398847443
695164,0.9992449053328638
695165,0.9992453042776072
695166,0.9200582277164844
695167,0.9999794022502944
695168,0.29190825746289206
695169,0.9999147008188333
695170,0.5762431104455061
695171,0.9897939263758939
695172,0.9998895446003269
695173,0.9996858402851474
695174,0.9831103638849427
695175,0.3735246376504312
695176,0.8380782065146364
695177,0.9998928807198078
695178,0.0012284535066939036
695179,0.43112909937003463
695180,0.9430057322467058
695181,0.1685084340133244
695182,0.9998932340178401
695183,0.999703904141953
695184,0.008800467249493097
695185,0.47447763726216474
695186,0.9981094522194596
695187,0.8949234901035121
695188,0.9999754653954045
695189,0.9996625603482314
695190,0.15363311670116037
695191,0.9998295186214835
695192,0.9917628565248615
695193,0.07502671751589565
695194,0.9947470068337045
695195,0.07360254883105154
695196,0.999755227728198
695197,0.04356751134862599
695198,0.9997694158424336
695199,0.9989665051264696
695200,0.24381237260841307
695201,0.9827514489507432
695202,0.9355285106622232
695203,0.5931069033254581
695204,0.9975579160397823
695205,0.9995327059247204
695206,0.8059457530393757
695207,0.5769866292798803
695208,0.09106667951534803
695209,0.1535597304956963
695210,0.9091599355629195
695211,0.9999175333823701
695212,0.5460608302332008
695213,0.9981711134725538
695214,0.996833868669575
695215,0.7266203130878405
695216,0.9999001209694816
695217,0.9998557456671882
695218,0.9999342879769781
695219,0.4080240167189437
695220,0.3331385432725304
695221,0.9829744708752205
695222,0.9996831626138194
695223,0.9996932588326441
695224,0.9701511629601327
695225,0.00628765910496451
695226,0.997944897364119
695227,0.22972626408352895
695228,0.9999674382155923
695229,0.9985435693954168
695230,0.9387718956626483
695231,0.013701961529630241
695232,0.9994352089735741
695233,0.9965200605963374
695234,0.9997430402132892
695235,0.008606100661058038
695236,0.010790876122992578
695237,0.7562104456424363
695238,0.7114434047788669
695239,0.9998482032875183
695240,0.9551693743143155
695241,0.45289196895059036
695242,0.9446279685202459
695243,0.7631310934923783
695244,0.9997157320819723
695245,0.7692667870952943
695246,0.07729735100580432
695247,0.014728304211490031
695248,0.9964363685255511
695249,0.9314661554747803
695250,0.390191142138728
695251,0.9880215671768717
695252,0.2892313796049291
695253,0.999101718990957
695254,0.27353193290204236
695255,0.7321585555237817
695256,0.9875707374686419
695257,0.09213818193891318
695258,0.9999236258521286
695259,0.29754782846592254
695260,0.014803777117865215
695261,0.9985297265374551
695262,0.9956755775136239
695263,0.9976053032040431
695264,0.3610223521235367
695265,0.9985088469482641
695266,0.22130181238140217
695267,0.023421080982476916
695268,0.9915581950542404
695269,0.9994419933354953
695270,0.007229708330656442
695271,0.9992175221178115
695272,0.9465252673422935
695273,0.580669831726151
695274,0.9994687113282237
695275,0.10600225192986706
695276,0.026538889452570442
695277,0.14467567221960456
695278,0.9843118294614569
695279,0.9818226383148898
695280,0.9894022062969519
695281,0.5475353899813089
695282,0.05206037920193761
695283,0.999607654780454
695284,0.9977638878145862
695285,0.9999239754849574
695286,0.9997283547575204
695287,0.9445379950667774
695288,0.9999333752634264
695289,0.9999391360175275
695290,0.6553548693383568
695291,0.9937154546911169
695292,0.9995325540548275
695293,0.997276236832378
695294,0.9981988320534728
695295,0.09428144825224236
695296,0.05460214324300139
695297,0.9983770358868731
695298,0.17561888554765437
695299,0.999700172444016
695300,0.07868619665946035
695301,0.9999829248087599
695302,0.9456487424920741
695303,0.999577627852235
695304,0.33103096526099585
695305,0.9799437484310711
695306,0.027396069611032556
695307,0.153157644696077
695308,0.3446037097707661
695309,0.8011149939152675
695310,0.059559937974643096
695311,0.774509829291097
695312,0.17241507108446283
695313,0.9699807690712313
695314,0.9977125307354786
695315,0.9150321651886046
695316,0.07578571754924665
695317,0.9964569966832537
695318,0.003127835342086755
695319,0.12842267494093454
695320,0.9979506312909983
695321,0.036470248366250485
695322,0.5735481302378186
695323,0.9996155017208752
695324,0.9995383087520029
695325,0.9997786205198876
695326,0.07066600126625061
695327,0.9992603712785916
695328,0.019656800442342335
695329,0.44933076021935037
695330,0.9860346650159024
695331,0.5582234849305225
695332,0.2983335162592928
695333,0.9999850974580595
695334,0.9973020006930282
695335,0.9999707146997056
695336,0.007440322933936159
695337,0.31735589267349223
695338,0.9992822396988352
695339,0.9959135280185016
695340,0.07655324673243369
695341,0.9981933011297999
695342,0.6182188449197996
695343,0.032001216283730205
695344,0.004176442261945483
695345,0.8378558546998662
695346,0.9954045400498648
695347,0.6852952144747544
695348,0.9993634571262943
695349,0.28872581296865474
695350,0.9999658637109721
695351,0.19642467234943267
695352,0.9629931892670331
695353,0.8842327565287231
695354,0.9693859430303932
695355,0.31628676255609967
695356,0.9133602612332734
695357,0.8469879181566892
695358,0.9826274883352248
695359,0.0904673297111595
695360,0.9996299614083674
695361,0.9953600009849771
695362,0.9990013133786031
695363,0.9516857411894242
695364,0.9930019165393389
695365,0.8991274693966802
695366,0.012185893032923441
695367,0.9999556466270643
695368,0.08130449786001104
695369,0.2093272998441362
695370,0.16265841994111693
695371,0.7457917361581288
695372,0.9999448558703361
695373,0.251917250253895
695374,0.9993363116332444
695375,0.9915202002997477
695376,0.11048583833565766
695377,0.9998481348328263
695378,0.9005862586549507
695379,0.8967776557303836
695380,0.2806319327448058
695381,0.999955239045547
695382,0.9998287261478075
695383,0.6811222654749782
695384,0.0522709917685318
695385,0.004797789286944766
695386,0.9893967245691966
695387,0.7987479769224988
695388,0.9997579987154609
695389,0.9977011315761082
695390,0.23436403444938841
695391,0.9337774586596455
695392,0.9998555011944541
695393,0.9998840245148882
695394,0.8081978223563282
695395,0.9279394345153561
695396,0.4091471672056283
695397,0.24014429327354322
695398,0.9997401608737251
695399,0.30404526945524374
695400,0.9997223289861025
695401,0.08889141066323777
695402,0.9962112152056468
695403,0.994554152266377
695404,0.9673492448502072
695405,0.2147168540544845
695406,0.3862088638443455
695407,0.7981088475575646
695408,0.9006205003113688
695409,0.5889413891416462
695410,0.9459210612366311
695411,0.9845719200577074
695412,0.4205965058025409
695413,0.9995338080593716
695414,0.8017317521703698
695415,0.8883471332553012
695416,0.972446859307869
695417,0.9492552874480908
695418,0.10089890565265616
695419,0.6517217974630362
695420,0.7415511967918702
695421,0.7033879780973025
695422,0.5211127137063822
695423,0.995897669556802
695424,0.6275421219194621
695425,0.9999253457928202
695426,0.9997663909094802
695427,0.9995940485562097
695428,0.9997608763146262
695429,0.35694305781316765
695430,0.3192562965300061
695431,0.8161251251423953
695432,0.5402477694356844
695433,0.9987577288646959
695434,0.9978608014303965
695435,0.9987275155639476
695436,0.9999774385611795
695437,0.9984751688366291
695438,0.02624321563795424
695439,0.12934743025516848
695440,0.9995435613604838
695441,0.9922756754304571
695442,0.017528130208498735
695443,0.03750207149377908
695444,0.7925680197136749
695445,0.9944199262439344
695446,0.38396787199711413
695447,0.7898360566459302
695448,0.6999000972211897
695449,0.5277534567631048
695450,0.8196348740503308
695451,0.06608910498299309
695452,0.15092413523468917
695453,0.999572923684783
695454,0.8575806744548868
695455,0.05478141642177178
695456,0.9997144756060428
695457,0.9999776186845084
695458,0.6925801212512613
695459,0.0908885109317547
695460,0.9891774173428396
695461,0.9653607061697888
695462,0.9998319680600528
695463,0.9999431070513156
695464,0.009003489914774197
695465,0.99813830303182
695466,0.98674880922934
695467,0.9862193682680842
695468,0.016227445787540082
695469,0.016823310077530674
695470,0.06362577569778587
695471,0.15576176168715747
695472,0.12213978367272807
695473,0.3829993633830494
695474,0.14426330370286755
695475,0.6138913239644215
695476,0.9574632749737417
695477,0.9105016715949703
695478,0.9996724957190211
695479,0.9731887240584614
695480,0.9527600499934898
695481,0.38475757587424264
695482,0.9999460038252064
695483,0.8109440228898791
695484,0.9933038597644988
695485,0.04338522541912921
695486,0.8493084953743549
695487,0.9969295164854306
695488,0.794452661421633
695489,0.06285870161713779
695490,0.1300669759810068
695491,0.985766938078308
695492,0.9992643354811608
695493,0.6145718582543988
695494,0.9875712992314919
695495,0.99926722853168
695496,0.9999030939270095
695497,0.04576095144417726
695498,0.01621107827950638
695499,0.02018638230582024
695500,0.9976116486838498
695501,0.9998583803616536
695502,0.09756327006339238
695503,0.39326181275587146
695504,0.9999362625555243
695505,0.8458353726802419
695506,0.4468927448934118
695507,0.9757156134081607
695508,0.17046837923934507
695509,0.6777131955262261
695510,0.9936712555707738
695511,0.4992046571855092
695512,0.9157197890482072
695513,0.8652008865770991
695514,0.9989622689939905
695515,0.9920018384473754
695516,0.9838969247464923
695517,0.9806989328650786
695518,0.3040031657506893
695519,0.3133901487380122
695520,0.9998061616171381
695521,0.7556670308050366
695522,0.9978739147175797
695523,0.9329169822132076
695524,0.07016018747058264
695525,0.9997313763855289
695526,0.28362127136610354
695527,0.9970128603198172
695528,0.9204635137880598
695529,0.9894591992940982
695530,0.99987933065093
695531,0.9998942442108765
695532,0.07313987883125264
695533,0.9954578485551818
695534,0.33840976094735487
695535,0.9277009181387701
695536,0.15406790943244214
695537,0.9680380362398484
695538,0.9999611490999211
695539,0.7855521971341499
695540,0.9991248828269046
695541,0.9999296671347757
695542,0.9819946783801097
695543,0.9966625639910702
695544,0.4161235046610162
695545,0.05252186834764417
695546,0.4421244332893751
695547,0.9999740030324593
695548,0.797789513449523
695549,0.9999891777575973
695550,0.9999631430286416
695551,0.9936800363517441
695552,0.9994531285703288
695553,0.9947394124304907
695554,0.01224230951670556
695555,0.02199309624613917
695556,0.986012334049772
695557,0.015351038135421817
695558,0.9999202103757507
695559,0.9983213212954004
695560,0.9987982466399324
695561,0.9980799125567364
695562,0.18265104536501292
695563,0.9983598042154112
695564,0.9999916478506669
695565,0.9946518773901775
695566,0.36869499009525397
695567,0.2220571633561576
695568,0.9348986405579176
695569,0.7655144464833462
695570,0.9999239952903495
695571,0.1712790279328624
695572,0.9997400003809275
695573,0.8580299292904556
695574,0.16920693948413715
695575,0.9981478249530682
695576,0.15230941409375523
695577,0.014836830265522412
695578,0.7837135834533543
695579,0.9999594399715712
695580,0.9997296021498913
695581,0.41987469976894454
695582,0.997507185900027
695583,0.995115293427238
695584,0.9911180546131831
695585,0.9986414451818595
695586,0.052421598410361245
695587,0.9694522326893822
695588,0.21446048148367658
695589,0.9855462267866923
695590,0.026580291020547403
695591,0.44893053696906227
695592,0.9997102336327084
695593,0.9552724080755066
695594,0.47243331638700314
695595,0.8584821605875458
695596,0.9968133346583994
695597,0.42717064582144526
695598,0.18425518332252538
695599,0.9110598809587609
695600,0.9186745153075875
695601,0.9998538399670124
695602,0.9999525425913826
695603,0.4233978719765088
695604,0.9874253440406738
695605,0.969052186963788
695606,0.2117717628363435
695607,0.9959844329829238
695608,0.14837975076924007
695609,0.9835538484916888
695610,0.938715360663708
695611,0.8668178639651507
695612,0.9331241316840273
695613,0.9965688548342103
695614,0.9998008390671799
695615,0.01146848303292304
695616,0.881037458147025
695617,0.3560130801308558
695618,0.9999759714140759
695619,0.9716142484459125
695620,0.6415908989182825
695621,0.9998701845802589
695622,0.9998220944779617
695623,0.9091543809060495
695624,0.7748631207915655
695625,0.9999743496774024
695626,0.9977904619192605
695627,0.9039075848424705
695628,0.7900379115126701
695629,0.5702191121496507
695630,0.9999047980666593
695631,0.9600940875689776
695632,0.007611754731766246
695633,0.9975557058745939
695634,0.9795907110984956
695635,0.14568407111650836
695636,0.9980958617212594
695637,0.9998828963718014
695638,0.9521204784730974
695639,0.9998637231640983
695640,0.22572860699048392
695641,0.9978868793983398
695642,0.39693756351040044
695643,0.9996627154954159
695644,0.9985433891607771
695645,0.4482181514521081
695646,0.9884272075410849
695647,0.9962741155124668
695648,0.04953878528573287
695649,0.5123544657349379
695650,0.790886092986324
695651,0.7364135926376199
695652,0.016489656330231053
695653,0.9995058322210937
695654,0.9996052892048978
695655,0.9710374393203507
695656,0.004367053222390408
695657,0.999400688773508
695658,0.5433459210729198
695659,0.6001857288665828
695660,0.44570345652704235
695661,0.9944203111338374
695662,0.9880285268579936
695663,0.8563282187173635
695664,0.9999048490602674
695665,0.21712228825937557
695666,0.6493965553034567
695667,0.9987260066322297
695668,0.8034375801617295
695669,0.9998943654028561
695670,0.6693076352970655
695671,0.6910508930601353
695672,0.5524121314579458
695673,0.988312205999113
695674,0.8829743114347287
695675,0.8522749677753403
695676,0.9995595746883823
695677,0.9998274678659376
695678,0.9962652330699193
695679,0.9979098236281271
695680,0.39747882984364813
695681,0.9998747812677002
695682,0.9877078790426506
695683,0.1680515412125415
695684,0.879750054120612
695685,0.3233776470050427
695686,0.9703033334198676
695687,0.9992602109077596
695688,0.9999917977674417
695689,0.07460790415210261
695690,0.0646215322757293
695691,0.3289606195343082
695692,0.14291222679501486
695693,0.7541374197128873
695694,0.9997089905777423
695695,0.9987538676939706
695696,0.9994755539371694
695697,0.6582419127779064
695698,0.5729884119337418
695699,0.6130604185291748
695700,0.03664740603306067
695701,0.9998568637773388
695702,0.8421069627659776
695703,0.9999713091313804
695704,0.1051148913603425
695705,0.9984029411934513
695706,0.9982544973216042
695707,0.9985216683389994
695708,0.18165985214669514
695709,0.29087716760799603
695710,0.12641020457775706
695711,0.9381475375861884
695712,0.9998755065596037
695713,0.06538370365888217
695714,0.98343714558027
695715,0.8355578804530397
695716,0.9999178136385461
695717,0.9999645996604318
695718,0.8200484394092046
695719,0.15941144942824542
695720,0.9998893979880745
695721,0.9993830852917006
695722,0.9947446467688332
695723,0.5248390168953861
695724,0.9997713255625915
695725,0.16271216219561668
695726,0.5303555473279589
695727,0.05620086457458046
695728,0.03617431824668638
695729,0.9635453292765854
695730,0.9998058374978024
695731,0.9838280569512512
695732,0.37332326027008556
695733,0.5923706862241583
695734,0.13790722656320514
695735,0.9979401988669192
695736,0.6194474705629207
695737,0.9971021969014675
695738,0.9904636730632446
695739,0.9922244982461061
695740,0.3554447601434372
695741,0.9980198915076992
695742,0.47633655515365453
695743,0.9934901754526749
695744,0.9989256426595843
695745,0.02900821218840759
695746,0.8707327114996511
695747,0.9024935736203739
695748,0.9954846739529536
695749,0.009903359681580483
695750,0.998708661097571
695751,0.9999896814968181
695752,0.9858300471310627
695753,0.8356636509450004
695754,0.8398756409160955
695755,0.9999381335904838
695756,0.999991778869082
695757,0.9761042802183718
695758,0.9996834010040341
695759,0.8699442586153325
695760,0.999936124828804
695761,0.3906061492582252
695762,0.9825086036566403
695763,0.0070475779479482505
695764,0.9446102115150203
695765,0.9982391550103737
695766,0.9978818040873367
695767,0.9748977340146117
695768,0.9997265261337922
695769,0.7469908685272761
695770,0.39602039581711507
695771,0.9603346310904564
695772,0.05685869287259285
695773,0.9975833393190949
695774,0.999875602376902
695775,0.9997182695307161
695776,0.9952524680828051
695777,0.9999521045377554
695778,0.999821277693199
695779,0.07083483920872906
695780,0.11334085709098261
695781,0.9504041162299013
695782,0.3161313557596735
695783,0.9009343961826533
695784,0.9998367584050885
695785,0.9997081280009062
695786,0.9998748618637875
695787,0.15665199901918017
695788,0.6407613500218102
695789,0.02207929382264308
695790,0.9994300695172745
695791,0.8593780013763539
695792,0.9997257502621968
695793,0.23820339013130468
695794,0.7108482782246885
695795,0.9997038648938645
695796,0.9997306068951831
695797,0.5173930661167709
695798,0.9996892251160404
695799,0.014215370490619664
695800,0.13853880607884855
695801,0.9999141306664726
695802,0.9247703131694786
695803,0.9998005618391049
695804,0.9169970619074316
695805,0.842346359490785
695806,0.9950403199050746
695807,0.11027765575555373
695808,0.9993274708909012
695809,0.9975797045171848
695810,0.9999282447222657
695811,0.9862011431038019
695812,0.2751714228632775
695813,0.25032175907458964
695814,0.9889398429962221
695815,0.6198509663125837
695816,0.9705277283611589
695817,0.9907467432547523
695818,0.9997581075093145
695819,0.9691866989555451
695820,0.9995451301243423
695821,0.936365172574522
695822,0.9898626627161331
695823,0.1095342693951448
695824,0.8994627417093668
695825,0.9996074009115561
695826,0.9704841564663639
695827,0.997438361158175
695828,0.2867277731263267
695829,0.9997235363320193
695830,0.10436058694311753
695831,0.998371841492397
695832,0.4030768679706044
695833,0.02281354836734127
695834,0.9970486351584361
695835,0.07390678536608208
695836,0.9986568482468907
695837,0.8316306160057751
695838,0.6488452938345657
695839,0.13198963124195048
695840,0.9999478532037012
695841,0.062440294823520884
695842,0.018497173151843165
695843,0.9955523382452232
695844,0.20367267492712496
695845,0.9992710463574578
695846,0.9981583872301136
695847,0.9998065644348978
695848,0.8486563204844751
695849,0.9923016990082074
695850,0.9554458734560705
695851,0.007734184675400152
695852,0.999136788879381
695853,0.9993142950896703
695854,0.7993703289510359
695855,0.9877612141317048
695856,0.9998318577944887
695857,0.8091965268236405
695858,0.9999637129563785
695859,0.19912603206011548
695860,0.6432627619100731
695861,0.7319496570814815
695862,0.9877355254948617
695863,0.5561640110661874
695864,0.6741871497852338
695865,0.018898995873053562
695866,0.2911721013675662
695867,0.5581116787764703
695868,0.9960566231641792
695869,0.9970665392314872
695870,0.9645872831247655
695871,0.5118333721313012
695872,0.7920179872972575
695873,0.01757108077825951
695874,0.9849002972408684
695875,0.9994588205416727
695876,0.7496876810201423
695877,0.9993844769127365
695878,0.6771403296905417
695879,0.9391868950752789
695880,0.1305508561821102
695881,0.011267821239306636
695882,0.9999086767193568
695883,0.8494407685148402
695884,0.09177596799454604
695885,0.9995077664578824
695886,0.9996637993489375
695887,0.9995824302346621
695888,0.8998949752539384
695889,0.7734087491761484
695890,0.2554817694395668
695891,0.09088138646614138
695892,0.7732640327887292
695893,0.999872309049393
695894,0.033915984695497794
695895,0.4595704618753176
695896,0.9516118269135806
695897,0.5083708566146512
695898,0.9870810727845312
695899,0.9987455147138345
695900,0.9999763969399118
695901,0.9300943338540171
695902,0.9999288974077938
695903,0.9577341423149964
695904,0.9291072184571172
695905,0.9997861836503574
695906,0.8483420374989359
695907,0.9991975977143307
695908,0.7404307081960085
695909,0.012181245485265616
695910,0.9911261340265196
695911,0.019684818407267532
695912,0.8342178247308673
695913,0.9986203158192712
695914,0.792485028702051
695915,0.6591213504249771
695916,0.11132372702962089
695917,0.9995153222564348
695918,0.9961501046780759
695919,0.9981131712372822
695920,0.5660247431823064
695921,0.825937692633556
695922,0.9426014709107856
695923,0.012152447427832195
695924,0.9998918566504624
695925,0.8990891986140543
695926,0.9248642909988969
695927,0.8553566785068858
695928,0.9991199978908363
695929,0.08279041622283301
695930,0.9306077752475408
695931,0.7872138295960434
695932,0.3227106246187247
695933,0.06284264048372225
695934,0.9973085884499415
695935,0.9999525344314453
695936,0.007432723593062187
695937,0.7560231779080884
695938,0.892481157159245
695939,0.9998106215677806
695940,0.9987462645695684
695941,0.9996357100813483
695942,0.9935642406352877
695943,0.9999766712759987
695944,0.47516892025488283
695945,0.9997584034271294
695946,0.8219499270188564
695947,0.9696316780406669
695948,0.9994254516125667
695949,0.9694679638953626
695950,0.23426207297476925
695951,0.8919600296095822
695952,0.24895599188567213
695953,0.01477258553042302
695954,0.9975707276230951
695955,0.9857136720802114
695956,0.9999261558223644
695957,0.7933797750578861
695958,0.9978690395345939
695959,0.9911599286511558
695960,0.9998274339967421
695961,0.9997027088014657
695962,0.4201543404719823
695963,0.9877014608013335
695964,0.5194108423147822
695965,0.47003657276246485
695966,0.9945382261282687
695967,0.7322259347188884
695968,0.9569666331732424
695969,0.10920810984716826
695970,0.3899761733974987
695971,0.14837005329256758
695972,0.9991950200203534
695973,0.3224202620215657
695974,0.518262667438171
695975,0.9998146421794004
695976,0.5003435903774018
695977,0.999797567115349
695978,0.9992260176037172
695979,0.9013091092813444
695980,0.9580279583721473
695981,0.023202889874578022
695982,0.999917017739821
695983,0.960327334407459
695984,0.7733280173150896
695985,0.9997608322156164
695986,0.9999705256664202
695987,0.9988968668657916
695988,0.9915290969998317
695989,0.26301999780718915
695990,0.9999820962340421
695991,0.04587746609318088
695992,0.999825970380011
695993,0.999829521302163
695994,0.08632458354863104
695995,0.9974338036364483
695996,0.9997058853235212
695997,0.9754715524767081
695998,0.8725593107909464
695999,0.8820064002160015
696000,0.8015627097324707
696001,0.9988611456248109
696002,0.7156746889336052
696003,0.14627201953469363
696004,0.32219160586220374
696005,0.9900468037169259
696006,0.9999391731980349
696007,0.9661523655922966
696008,0.019189289535977486
696009,0.0018590165079542958
696010,0.9998356322662487
696011,0.24794543518814796
696012,0.39317380920548517
696013,0.7463427801540397
696014,0.9998789761061344
696015,0.01946377453672845
696016,0.9998497731511831
696017,0.9983908480042822
696018,0.6716553350488441
696019,0.41928705654885956
696020,0.8502356382634311
696021,0.05754115607567001
696022,0.023988395052373292
696023,0.028553679647285165
696024,0.9947492834660419
696025,0.022671353248967123
696026,0.9614442531970331
696027,0.012669629042197584
696028,0.9893347478683204
696029,0.005847941327284957
696030,0.9799991329942265
696031,0.25189640994030804
696032,0.9945110957067173
696033,0.28842667456191345
696034,0.9969070097904265
696035,0.9999284676687741
696036,0.9950153412494178
696037,0.999381739987973
696038,0.14680497919606758
696039,0.9992328503102388
696040,0.8855078573400321
696041,0.01812480585514655
696042,0.33688813964182207
696043,0.9998873777666717
696044,0.986107296815222
696045,0.9999785789648227
696046,0.14174444350520155
696047,0.9961158204314273
696048,0.9944431076582474
696049,0.002516509320183154
696050,0.8273135648103207
696051,0.9365442137476632
696052,0.9996248646923158
696053,0.9941210942162872
696054,0.02302629658479713
696055,0.2963967994443144
696056,0.9993607710465402
696057,0.9995609953559865
696058,0.07072134938385577
696059,0.9994604105047551
696060,0.9968294075126425
696061,0.11795135990470404
696062,0.0011393836873817662
696063,0.012379007266095973
696064,0.015115045691628439
696065,0.9651939397069876
696066,0.9540482448056273
696067,0.9999375529263549
696068,0.9973431083871496
696069,0.9991590581213589
696070,0.9936324806894908
696071,0.9998416048030168
696072,0.9976289063644248
696073,0.7848567384745707
696074,0.95181351066762
696075,0.4110917957302159
696076,0.9924906991993763
696077,0.9741091564089375
696078,0.7545644602500261
696079,0.012488121450035135
696080,0.989493407881601
696081,0.9997270187048788
696082,0.9995604326155825
696083,0.9993933545043721
696084,0.08718524782674383
696085,0.04844902044768856
696086,0.9999684027079396
696087,0.939918634313403
696088,0.9996920280771924
696089,0.21852350611885418
696090,0.021227713803457723
696091,0.6836919694491337
696092,0.8009941588500369
696093,0.9942375803279085
696094,0.1691914347699261
696095,0.8599123584675994
696096,0.586207902603969
696097,0.0055275909821319216
696098,0.5340126836239008
696099,0.9998115982347253
696100,0.9996133227523053
696101,0.6545740741707365
696102,0.9998731994993335
696103,0.8360085547958156
696104,0.9996567495753783
696105,0.6499825307648592
696106,0.4877196924842887
696107,0.2677519630542881
696108,0.9329602509919406
696109,0.5704776071541467
696110,0.9971928644686714
696111,0.0841304868301973
696112,0.9998071702396674
696113,0.9962906865641001
696114,0.9790303829246484
696115,0.08136059984191353
696116,0.9973439076419339
696117,0.9995637703534392
696118,0.9386143148591894
696119,0.3390327808365382
696120,0.9875390872130072
696121,0.946326621278579
696122,0.9988536818456065
696123,0.8781577472273612
696124,0.023626169715572225
696125,0.9827863099811889
696126,0.014807167513977376
696127,0.9993123811694204
696128,0.7576275769714702
696129,0.9836631445795044
696130,0.9129593375942615
696131,0.9998095470224612
696132,0.9070998826020893
696133,0.9995500229584657
696134,0.9997388306284164
696135,0.21807323223326786
696136,0.06829582741277412
696137,0.996829048480675
696138,0.019943283641270515
696139,0.9999672638986672
696140,0.7666878758502937
696141,0.9997972905911814
696142,0.9999106506862399
696143,0.9986158242560688
696144,0.9903491976302319
696145,0.9995796256656264
696146,0.9998115960223807
696147,0.9997880929369676
696148,0.9699169481353449
696149,0.999869391995007
696150,0.9626622638615183
696151,0.9679698887327177
696152,0.9872189187099213
696153,0.9565787481067817
696154,0.9997296698132304
696155,0.9411293052701368
696156,0.355651200407886
696157,0.6611773646243718
696158,0.9803246787900295
696159,0.07795701713771896
696160,0.6880457588018817
696161,0.8144933359447665
696162,0.9999595100174934
696163,0.773743146730643
696164,0.1561339184932871
696165,0.8203539795020607
696166,0.9991432722888789
696167,0.026287218508471995
696168,0.9993395883675769
696169,0.8336759903827811
696170,0.9999820377280639
696171,0.9997019274837391
696172,0.9552108944252655
696173,0.9998769548083561
696174,0.17083454957276933
696175,0.2404179825625658
696176,0.9962944738391586
696177,0.32870978669115164
696178,0.9970636338273249
696179,0.9041821251465374
696180,0.995335981344766
696181,0.9911058609028083
696182,0.07003671485104121
696183,0.3288648135540667
696184,0.9610984864437876
696185,0.6673874311970589
696186,0.9886135037014048
696187,0.9995167721104832
696188,0.5970093168597763
696189,0.7009622730851635
696190,0.18106266458894854
696191,0.14595490264713068
696192,0.33266219641540046
696193,0.44468101810581595
696194,0.7863221399076439
696195,0.4219981993299672
696196,0.5096971692716749
696197,0.036914642134887564
696198,0.8242085029994662
696199,0.9913096064443397
696200,0.4570245791063972
696201,0.9815528147821632
696202,0.20389772950406485
696203,0.032216111556117435
696204,0.999950071279271
696205,0.8887737498148272
696206,0.7516121445489072
696207,0.9499132070970164
696208,0.6920443798942757
696209,0.6836281087240621
696210,0.7506488191017977
696211,0.9996021208240268
696212,0.9964392108322154
696213,0.566004586750575
696214,0.5352057488717062
696215,0.7267553906798674
696216,0.7482562267097297
696217,0.08584171394893778
696218,0.07694360842536083
696219,0.999793549520213
696220,0.49479510109414904
696221,0.9245234370625203
696222,0.040209486560258204
696223,0.9996858171242493
696224,0.9999377649908445
696225,0.07045333586629333
696226,0.9834624323505058
696227,0.6998789173072221
696228,0.9926609801538291
696229,0.9716933147535001
696230,0.9454221881271495
696231,0.9888186890282075
696232,0.9979105167964628
696233,0.4782960170613142
696234,0.9571867388557149
696235,0.32451669628011226
696236,0.9954820465845954
696237,0.859768232597544
696238,0.6544166257892051
696239,0.9902576050798706
696240,0.6289273853261688
696241,0.9995507076651857
696242,0.2639161667081608
696243,0.9998620616986196
696244,0.18007578025168913
696245,0.999903295152898
696246,0.9904817473509706
696247,0.15651072147844833
696248,0.6032210067178072
696249,0.006803630614207572
696250,0.5126083267228054
696251,0.9996397660161032
696252,0.9116505898021685
696253,0.781028663929285
696254,0.9953105987774893
696255,0.10536216082558363
696256,0.9811197065370607
696257,0.12398003515452038
696258,0.9981683218689493
696259,0.6822147623122152
696260,0.9993976957006421
696261,0.9789866131782814
696262,0.78919280613987
696263,0.2438451893418208
696264,0.17872237895812285
696265,0.3664273610990716
696266,0.056477161043131115
696267,0.9990805564958167
696268,0.9870553829433946
696269,0.9995525425471269
696270,0.9999436186383284
696271,0.9999509676818419
696272,0.5530932933693259
696273,0.46559544247083917
696274,0.9509920258329928
696275,0.9995489024996589
696276,0.9991746369686407
696277,0.2164886337253656
696278,0.9999006654486955
696279,0.999917859710717
696280,0.8295250467175455
696281,0.0442183492799966
696282,0.9989429041113751
696283,0.9996093907802538
696284,0.7376128840840588
696285,0.9912854300590958
696286,0.9878099989318989
696287,0.9995488745637786
696288,0.9952107267186163
696289,0.7899197518112042
696290,0.8135975088623064
696291,0.9998270177597911
696292,0.9896925649132421
696293,0.7689200365039155
696294,0.9992481441301513
696295,0.21356894750429695
696296,0.9975224748104432
696297,0.9992235139644061
696298,0.9997202340451589
696299,0.13335922956961319
696300,0.012626200268196119
696301,0.9999713819451188
696302,0.3064256242133487
696303,0.994176410584592
696304,0.9998888724223963
696305,0.3540187352082967
696306,0.9413050443638733
696307,0.9998581534635382
696308,0.6735681272818944
696309,0.9999042676515845
696310,0.7714053825930078
696311,0.23138477273419217
696312,0.9001972073367557
696313,0.9998557687654566
696314,0.14031592035723556
696315,0.4743985800569211
696316,0.6140946914303487
696317,0.9997791674499124
696318,0.9998583500361746
696319,0.9998856806695526
696320,0.8642786503751381
696321,0.3405595302750143
696322,0.03370869598067789
696323,0.9937536641927858
696324,0.9988654249981781
696325,0.9999868249543964
696326,0.5497577755022826
696327,0.9997360859728304
696328,0.9887870072891959
696329,0.31474976021559076
696330,0.6517005291515633
696331,0.6723275913223383
696332,0.16204056179658075
696333,0.9967840842124813
696334,0.9920054090115852
696335,0.9938740637292829
696336,0.9994263882444192
696337,0.9997179380983368
696338,0.030847395869417316
696339,0.9999727349221184
696340,0.9998395673348075
696341,0.011076497988749386
696342,0.9878599463956971
696343,0.19069387334248825
696344,0.9990568522494969
696345,0.9996748401851621
696346,0.9959716813940804
696347,0.7887886737284528
696348,0.999949730568773
696349,0.4602914924035349
696350,0.8189127997796188
696351,0.014649406904321802
696352,0.48945588323420175
696353,0.030284978826853638
696354,0.9976051142168398
696355,0.988967391512612
696356,0.9985464783771023
696357,0.9995641617654971
696358,0.8943434215244734
696359,0.005619848190864227
696360,0.9781293710515453
696361,0.9986782412168891
696362,0.9999783870561275
696363,0.9951329931458837
696364,0.11119698643809986
696365,0.17261237605368213
696366,0.996358087841351
696367,0.9999923731637007
696368,0.006985942112182036
696369,0.6893901882638415
696370,0.9649787810342938
696371,0.8563877643273717
696372,0.630934889918608
696373,0.004123448587438858
696374,0.8219147427556163
696375,0.07894072712099766
696376,0.07526150872530192
696377,0.9995607601509742
696378,0.9696019705623469
696379,0.9994335239263126
696380,0.6799432260494396
696381,0.7281796802591965
696382,0.2659202878341774
696383,0.8706028040558451
696384,0.9991535657004557
696385,0.1912218761244094
696386,0.9997736804377917
696387,0.1485098165075902
696388,0.13181291805915946
696389,0.013904851950651085
696390,0.7343013539218071
696391,0.9998556842616454
696392,0.06626347107692765
696393,0.9986282709389472
696394,0.04554177367737867
696395,0.9227352754568221
696396,0.7817956417258223
696397,0.8606004713055893
696398,0.9994731991845193
696399,0.9995852210186342
696400,0.03194556632711475
696401,0.04232113818714964
696402,0.13411530180054385
696403,0.7810462334829917
696404,0.9999175110627837
696405,0.9256474122623832
696406,0.9925206069024188
696407,0.35946746812855357
696408,0.9994588713406889
696409,0.9978005153075096
696410,0.9931811235699666
696411,0.43572007354520037
696412,0.8238997257922196
696413,0.6646209390691479
696414,0.9901431947476609
696415,0.07395681366643161
696416,0.9426298067993548
696417,0.5292563894820914
696418,0.8979976447629912
696419,0.9638862358614593
696420,0.19361997004478557
696421,0.916626293483059
696422,0.9681004688861337
696423,0.9697716535505687
696424,0.47573257913336864
696425,0.5806530024805803
696426,0.8340994153852008
696427,0.9940011423865257
696428,0.24227802667941672
696429,0.9996053450033207
696430,0.999855726335608
696431,0.999853884475881
696432,0.772794377354717
696433,0.29218052184878507
696434,0.9999389298934088
696435,0.2740488508720359
696436,0.999983031861798
696437,0.031190500643994583
696438,0.24141419568064953
696439,0.928182684865231
696440,0.9086079189338792
696441,0.9942535067820046
696442,0.8170774576934732
696443,0.9992149191387732
696444,0.9397602751584476
696445,0.9997171855916624
696446,0.9990536549742055
696447,0.9999464372010396
696448,0.999924761857496
696449,0.5704975469976472
696450,0.4841154354714756
696451,0.9998929358531736
696452,0.9999886133273039
696453,0.998935827709644
696454,0.9994143792182703
696455,0.7288770726108073
696456,0.9201168945614088
696457,0.024193284358757318
696458,0.02103361750009714
696459,0.9958257894496962
696460,0.14804693739443509
696461,0.6089516365137972
696462,0.20608466709935827
696463,0.7778886906230382
696464,0.9578880194513333
696465,0.9987862420346567
696466,0.9997696918724812
696467,0.2037932370459301
696468,0.8143355918522762
696469,0.9044333787177896
696470,0.9999177672970607
696471,0.7054379767174959
696472,0.04712686638253188
696473,0.9400771500360354
696474,0.8111568560779784
696475,0.999822908113177
696476,0.3520841480467445
696477,0.3718573217643155
696478,0.9999438218715355
696479,0.7435693375065381
696480,0.999163379430732
696481,0.7670173693937073
696482,0.033522194559041395
696483,0.6682739187436919
696484,0.5909050623056602
696485,0.9944612802658231
696486,0.9847296937751082
696487,0.1727176155088199
696488,0.9998418067303685
696489,0.8056868472297276
696490,0.9987310411219714
696491,0.3474657360385704
696492,0.00237446158832849
696493,0.9088274016331429
696494,0.9999677567327343
696495,0.6519539648520392
696496,0.5409606249106526
696497,0.06007718880798142
696498,0.9997473320781551
696499,0.7451710683073631
696500,0.2750835915766852
696501,0.9978600054862146
696502,0.30554861256261495
696503,0.9988212398352407
696504,0.5929220807405824
696505,0.017968563583464502
696506,0.9259615204447309
696507,0.6237106899411246
696508,0.7279409849132692
696509,0.9957137463321764
696510,0.4864756470748177
696511,0.24366717889486256
696512,0.656224930157829
696513,0.9985759074625533
696514,0.9987624917297664
696515,0.9716110696659562
696516,0.7947041307764463
696517,0.27386256525839875
696518,0.806608389450111
696519,0.976859212879001
696520,0.9997618002149375
696521,0.9995211633830576
696522,0.9847906497830798
696523,0.41450497957132815
696524,0.4410308877789697
696525,0.07323250101557466
696526,0.8638558349810971
696527,0.4413717041177374
696528,0.9993208589845513
696529,0.6855004115384018
696530,0.12351644389714475
696531,0.23463825363507412
696532,0.9999077802026668
696533,0.15110928614354294
696534,0.37401871768293227
696535,0.20779492836712202
696536,0.9244526733669511
696537,0.99989770534076
696538,0.9974911571334386
696539,0.0025502452265159497
696540,0.9500261672820391
696541,0.9992686127805437
696542,0.4622288754677233
696543,0.999882420692503
696544,0.24685906819939846
696545,0.998917606939139
696546,0.9995828910609439
696547,0.993252644952838
696548,0.33892563126135566
696549,0.788628531294592
696550,0.04319765510610688
696551,0.9987536903646029
696552,0.9956093304242695
696553,0.9944068566548292
696554,0.986335827650999
696555,0.1548328191286881
696556,0.9973293238445975
696557,0.9995289290995517
696558,0.8313823707705496
696559,0.9989726694026225
696560,0.6740905977186942
696561,0.02777909628500645
696562,0.873158493631823
696563,0.843990315813259
696564,0.9899472386958686
696565,0.4615607337487869
696566,0.7741110320880005
696567,0.9946934313226276
696568,0.9719555210892838
696569,0.9991766048129058
696570,0.4859103833440099
696571,0.40697340740230165
696572,0.9999770521165079
696573,0.6294181114506554
696574,0.6285047835516798
696575,0.9991690442032937
696576,0.28037441149728964
696577,0.9993079775204449
696578,0.871221566990513
696579,0.999897168245395
696580,0.9999484352345365
696581,0.006111738453619882
696582,0.015068514649580155
696583,0.3449283413442744
696584,0.9899933062989199
696585,0.9999903662640134
696586,0.8514738574952988
696587,0.9659764700761737
696588,0.9909083861795047
696589,0.9998075643894448
696590,0.9810748216711405
696591,0.09594741674353902
696592,0.47622106142036136
696593,0.9435764967972602
696594,0.9842895411920225
696595,0.9996769652292509
696596,0.5303543174288892
696597,0.6506238598726497
696598,0.15355649524578072
696599,0.18544659327175927
696600,0.9995858917408609
696601,0.9975803603257097
696602,0.9896128611434223
696603,0.9840068703714625
696604,0.9769880596444211
696605,0.9627246963422711
696606,0.04120259553166331
696607,0.5589027697123728
696608,0.9798189478462128
696609,0.9961110746784952
696610,0.9317789975028958
696611,0.999868850837345
696612,0.27170153699934546
696613,0.009058597355116426
696614,0.9801885818933979
696615,0.7629659897162667
696616,0.989355157089866
696617,0.21798563286403996
696618,0.9686713038985781
696619,0.24268886661438088
696620,0.9846455219051584
696621,0.9499244269277385
696622,0.24280564741886174
696623,0.7954379439037328
696624,0.0022641716678261812
696625,0.7677595520103506
696626,0.9750550368600799
696627,0.9999510806737831
696628,0.9810121149951941
696629,0.9818101265702275
696630,0.9999299446159187
696631,0.004766923410739235
696632,0.053785147572898456
696633,0.4195780019038198
696634,0.999814771215142
696635,0.986742779500998
696636,0.08405494093650463
696637,0.5289600540536963
696638,0.9644833961116916
696639,0.1927438565131708
696640,0.9974090784048313
696641,0.7262393824177831
696642,0.9996121962075873
696643,0.010986267251410577
696644,0.9998738311539419
696645,0.9992735004424007
696646,0.5432694705092945
696647,0.9997065861306564
696648,0.9985457090430763
696649,0.9339872613158395
696650,0.01581796849026644
696651,0.9992727821035531
696652,0.652825069750762
696653,0.5967604482184945
696654,0.1850638560017544
696655,0.7638087900517478
696656,0.999874275864686
696657,0.6911802228906576
696658,0.9997479916994634
696659,0.9669430493228887
696660,0.7280924724596656
696661,0.08756431017900554
696662,0.9630810367379363
696663,0.9997095692289197
696664,0.9998281017441477
696665,0.9971142279979599
696666,0.022073972872106214
696667,0.026578159169144966
696668,0.9959433003065086
696669,0.9965373545646126
696670,0.9089213722820797
696671,0.07982204947014201
696672,0.9982918914846436
696673,0.8518150912728014
696674,0.9763453229915477
696675,0.9994960019635579
696676,0.9997240410576232
696677,0.9996166424223858
696678,0.9999492404887381
696679,0.013593146580140093
696680,0.18853574658972072
696681,0.049203246252453335
696682,0.5663289985990532
696683,0.9571244896879261
696684,0.9969203409821272
696685,0.9946130340317947
696686,0.5985519229625498
696687,0.16353116358633407
696688,0.7765468643577808
696689,0.6417424717946909
696690,0.9994439865702618
696691,0.9911875189553301
696692,0.7421982188416176
696693,0.9997624673587373
696694,0.97336879689608
696695,0.5944615760491747
696696,0.2276183623098339
696697,0.030989118823946036
696698,0.999882086992919
696699,0.13221802822750098
696700,0.20139232761389136
696701,0.0744292238503752
696702,0.9954981900074522
696703,0.02038144710317152
696704,0.508086902582277
696705,0.8847046095261644
696706,0.6088045065855856
696707,0.012263115973634324
696708,0.5983589266988348
696709,0.05916794737793596
696710,0.5555560889241838
696711,0.28393599781592105
696712,0.6022669156809541
696713,0.9994732429915977
696714,0.1342041833145039
696715,0.7333499468651283
696716,0.9300962768410881
696717,0.27305737119764584
696718,0.8964268998165581
696719,0.8835849628056128
696720,0.9974627553451556
696721,0.23179379212603624
696722,0.9079725134178072
696723,0.029796727342064615
696724,0.9992553289389225
696725,0.749981190748503
696726,0.9290313080326404
696727,0.9999658080338337
696728,0.3429997082540836
696729,0.5303335682881837
696730,0.02645436304678294
696731,0.47233600532052955
696732,0.9997242040860135
696733,0.9285938379784286
696734,0.9340820399902807
696735,0.9963592429981734
696736,0.9999625861883217
696737,0.9986243048874661
696738,0.49976530996535357
696739,0.9998284972091958
696740,0.9917033135268671
696741,0.5706305050760775
696742,0.9954280298319087
696743,0.9977643785260327
696744,0.6328365509348497
696745,0.9723980032561874
696746,0.9997401915530479
696747,0.998190465033854
696748,0.9977060718931201
696749,0.9971147858798854
696750,0.8779596712130879
696751,0.9999723386158643
696752,0.06371175295786821
696753,0.008989961033148865
696754,0.9991266963704146
696755,0.9997690609013925
696756,0.9742444895716788
696757,0.9993109691941563
696758,0.5803041058500824
696759,0.9909985995399049
696760,0.8165767518555773
696761,0.5755767456718651
696762,0.8467844364665995
696763,0.15120233560959753
696764,0.9523629500726792
696765,0.6754937391446472
696766,0.4901712028216366
696767,0.9999343700391368
696768,0.12768006820103905
696769,0.652746138654383
696770,0.09535533583138646
696771,0.9994327464230071
696772,0.9959429369690487
696773,0.9129341067702944
696774,0.9885279796926656
696775,0.025421155557894627
696776,0.6281628495924841
696777,0.9992427461994148
696778,0.9995491606855487
696779,0.7119064036435057
696780,0.999866179077848
696781,0.9999274810692212
696782,0.9720080181720794
696783,0.9794523053478126
696784,0.6682085953693873
696785,0.009207343658601295
696786,0.9989213177792724
696787,0.9999404583711344
696788,0.4247524215260102
696789,0.999978013503352
696790,0.7693112890633194
696791,0.9112204447558141
696792,0.3875115758802023
696793,0.9998721410922954
696794,0.9910659835729991
696795,0.9492620955190626
696796,0.3831329326201148
696797,0.8921977787139354
696798,0.015896455771611084
696799,0.9998375560556105
696800,0.9997941028188788
696801,0.9996604964865337
696802,0.6094163135430235
696803,0.11300728524314244
696804,0.933698242939228
696805,0.48394345456221555
696806,0.9936557105598887
696807,0.6580540981756813
696808,0.8912016821303381
696809,0.5741580554918707
696810,0.8763166573497485
696811,0.009720497772945915
696812,0.9998327957780397
696813,0.9999595537408056
696814,0.6982410444565217
696815,0.15832710077985424
696816,0.9996034549952306
696817,0.31428881079015564
696818,0.9829252360373295
696819,0.5986241811394373
696820,0.9983316689928081
696821,0.9994551833263344
696822,0.8559037625980745
696823,0.4198551639030343
696824,0.9310622757778431
696825,0.9266480661508277
696826,0.6442962817824316
696827,0.6872065290545695
696828,0.24994160253036432
696829,0.9406187936282164
696830,0.9997806690969975
696831,0.9983913826330079
696832,0.9963902635889716
696833,0.9992288939831069
696834,0.059360015538443556
696835,0.9992715828496194
696836,0.19580432357778652
696837,0.8828482171995455
696838,0.9990433195509029
696839,0.9468186706090307
696840,0.9998051046320298
696841,0.8952234039123509
696842,0.03975615546389813
696843,0.10296425643631342
696844,0.5225412201248216
696845,0.06553888961310483
696846,0.9783543855727361
696847,0.9617833777460898
696848,0.5351277458774343
696849,0.5621480970965494
696850,0.9998504047815797
696851,0.9999582487772856
696852,0.30808681389189585
696853,0.6526718551935752
696854,0.9997976259711483
696855,0.6974550138377202
696856,0.9969985103172646
696857,0.08019415462379385
696858,0.9997018889859559
696859,0.8145686399322231
696860,0.981656277451548
696861,0.4971626930935704
696862,0.9998974887824497
696863,0.7957159408225253
696864,0.9993905473323539
696865,0.2183581713518874
696866,0.5487949236483147
696867,0.2789757754033135
696868,0.9999748449555385
696869,0.05762757468661873
696870,0.7240687644697722
696871,0.9998890281991403
696872,0.1314693390594358
696873,0.9976093671547157
696874,0.921479319499678
696875,0.050055568842568635
696876,0.039335799569751445
696877,0.9781027638585756
696878,0.9995746627015326
696879,0.042375332449573644
696880,0.9594378855254209
696881,0.4608428672452616
696882,0.8369470261851204
696883,0.4258535585940175
696884,0.9923868531738987
696885,0.6661466551772208
696886,0.9447557205481908
696887,0.16670899668032052
696888,0.7823641256097489
696889,0.7189650447310801
696890,0.9777641153151406
696891,0.9994965274134455
696892,0.20782227482187587
696893,0.7689495334332612
696894,0.9766478863935293
696895,0.07237505473965405
696896,0.9924570915770775
696897,0.7320168945476426
696898,0.1893098557374609
696899,0.999800920642428
696900,0.9952270351886154
696901,0.9996079318216818
696902,0.1388076668629848
696903,0.6551940604362082
696904,0.9999148105867717
696905,0.3050104245684465
696906,0.9674556041229446
696907,0.9999896862562707
696908,0.9996377637858231
696909,0.997142561652158
696910,0.08004121300213632
696911,0.9940283502646532
696912,0.06500043732059108
696913,0.9970854766981042
696914,0.16632145362352527
696915,0.9972897503293159
696916,0.9999121452031007
696917,0.9188694046462156
696918,0.7763973676266269
696919,0.5719027384568457
696920,0.9957920476587594
696921,0.6168958055403576
696922,0.1322384453355741
696923,0.3115783640808295
696924,0.9929533492804712
696925,0.6521680159224361
696926,0.9638149492464224
696927,0.16016045919026858
696928,0.9998983893462334
696929,0.4509982649183079
696930,0.9968160145569891
696931,0.9862975683437519
696932,0.022200787345680026
696933,0.9263229927161578
696934,0.21292428465264976
696935,0.9912901208129226
696936,0.3171645566081406
696937,0.9661794303231019
696938,0.9996851622879586
696939,0.737730065932686
696940,0.9607237823616936
696941,0.9985402162455116
696942,0.9999376003253974
696943,0.9987574471249872
696944,0.0909882267776081
696945,0.7286072764511637
696946,0.9905277807064841
696947,0.9994915009852865
696948,0.8024523244117037
696949,0.3903808813232194
696950,0.4767320492503057
696951,0.9998365725695915
696952,0.6077778827054647
696953,0.41930449880162163
696954,0.9994455686055705
696955,0.4521308856864458
696956,0.999683482306618
696957,0.9821685801204338
696958,0.040134664988746904
696959,0.9999673545060614
696960,0.04573086756417703
696961,0.4723634934001489
696962,0.9991171980038408
696963,0.9985621721194005
696964,0.1783762932139598
696965,0.006737303699307235
696966,0.7752562833641687
696967,0.9999221018534055
696968,0.9999180410278925
696969,0.8352072632308948
696970,0.9877121131667053
696971,0.9998207879948642
696972,0.6318192021015037
696973,0.016002722345575503
696974,0.8197416358829234
696975,0.2505434120651816
696976,0.9973779860664349
696977,0.4566886098322721
696978,0.8306071381339243
696979,0.9921321570918991
696980,0.1053130603844177
696981,0.6200157931670296
696982,0.9680131748319017
696983,0.7188252297772992
696984,0.9999441677361498
696985,0.10948886184315121
696986,0.9997294222118226
696987,0.7016815074577497
696988,0.07809409685855664
696989,0.9818241642104383
696990,0.44717218279160575
696991,0.9996502476840385
696992,0.9623996610585648
696993,0.9999805942463517
696994,0.999908978649707
696995,0.9644972476701164
696996,0.8042748725307214
696997,0.4988155630914207
696998,0.3983046447156165
696999,0.429087354589942
697000,0.996225497038669
697001,0.45119018632628205
697002,0.6433228058072832
697003,0.007960549442207844
697004,0.9780615576212047
697005,0.20928922428612806
697006,0.9949007966515502
697007,0.7393603446125079
697008,0.9851302205230978
697009,0.6696546291103525
697010,0.9998730882267565
697011,0.9998780990203844
697012,0.2562597289368272
697013,0.9933565301727423
697014,0.9980898752872027
697015,0.9995438629336432
697016,0.9885609327161085
697017,0.7811198824168007
697018,0.9206787529291319
697019,0.9923780747021249
697020,0.017349949924735437
697021,0.8718569853338571
697022,0.4797319882396986
697023,0.9999288272551412
697024,0.02350262647658081
697025,0.9776673718236274
697026,0.9705953954684252
697027,0.999521716390536
697028,0.9997602610682043
697029,0.10253930699726382
697030,0.049433388969786454
697031,0.7824349529117572
697032,0.6536064604621177
697033,0.9969974026451771
697034,0.9082396906636508
697035,0.8221763186999453
697036,0.009804812930738205
697037,0.2241351031293134
697038,0.41379365352659314
697039,0.9582474498771683
697040,0.5534295220660707
697041,0.9998876247628908
697042,0.04380544243005523
697043,0.9695624530242479
697044,0.4830161314895623
697045,0.04130229773884598
697046,0.9999835528580898
697047,0.9996665405774332
697048,0.07098600457127006
697049,0.9993816676654346
697050,0.9655487546883176
697051,0.9744134896552068
697052,0.8402406079967759
697053,0.8800269961978873
697054,0.9854485278746579
697055,0.012007403560249779
697056,0.8858239559173027
697057,0.9931839719710224
697058,0.9817725308355054
697059,0.4966296755118177
697060,0.9992582693979335
697061,0.9997771031408291
697062,0.8554388811925497
697063,0.999644814233472
697064,0.8047517160588271
697065,0.9993498396579188
697066,0.9367667184281148
697067,0.9998354973106229
697068,0.8146749917294085
697069,0.5818563925705774
697070,0.49592609593565584
697071,0.19334230838057165
697072,0.07653824908850813
697073,0.9992995380920915
697074,0.7669661960888605
697075,0.74245177436205
697076,0.9950063521233756
697077,0.9758623461691132
697078,0.9967487523530911
697079,0.6349446934726264
697080,0.9765014542620825
697081,0.978748810888825
697082,0.09894368137862368
697083,0.9865705971480017
697084,0.9948805140604614
697085,0.1407165689591426
697086,0.9946630722583729
697087,0.9970980060643112
697088,0.9999786073869165
697089,0.9992245010736205
697090,0.9895692127264015
697091,0.9998706342647146
697092,0.9999074341662043
697093,0.08544454593377906
697094,0.7788236159122024
697095,0.7936305735909396
697096,0.0180130762129974
697097,0.999680214965921
697098,0.8974471512833072
697099,0.9997403028280616
697100,0.9998500153356517
697101,0.9998911427925155
697102,0.9997603448779506
697103,0.851031856705595
697104,0.8995305043608799
697105,0.9996495155835777
697106,0.9997135237149677
697107,0.8002908674488204
697108,0.9998604492200187
697109,0.9830289628973443
697110,0.8800094738243864
697111,0.09319112001706562
697112,0.9995965413239264
697113,0.9997721000269367
697114,0.9975671022447868
697115,0.9589694599249221
697116,0.024208953713497718
697117,0.9987708154841416
697118,0.9256119285328499
697119,0.035827752342420506
697120,0.999838352506352
697121,0.8900503357796886
697122,0.2511344785571002
697123,0.0013490700972239207
697124,0.017177902239826917
697125,0.8702304697455507
697126,0.010185788218726934
697127,0.9995800058261911
697128,0.9988810907353773
697129,0.9968834965980137
697130,0.997738859979812
697131,0.7530957615847876
697132,0.3314661671466038
697133,0.9890362306500823
697134,0.9998228171880259
697135,0.0037405660099195798
697136,0.1481040639889832
697137,0.09201730394182935
697138,0.7910587989779563
697139,0.5774985637525981
697140,0.998421311674692
697141,0.2611096510350356
697142,0.016507479226286675
697143,0.9990468751445636
697144,0.9526211171463577
697145,0.9994400791489582
697146,0.14837563917160804
697147,0.9979675892940081
697148,0.9990920519369964
697149,0.9996596438610605
697150,0.9975577627644001
697151,0.9983120260120062
697152,0.9999889922689036
697153,0.8796214756602898
697154,0.3558912894566653
697155,0.9971937804647553
697156,0.9703224087750978
697157,0.3967446908684769
697158,0.7517628580541772
697159,0.9997840035419684
697160,0.16130457025876588
697161,0.7073384834996843
697162,0.7941977925350423
697163,0.006188530378204439
697164,0.9996103636937888
697165,0.208185933172314
697166,0.014600760710608417
697167,0.9818750580195049
697168,0.8280955817888243
697169,0.513552113443795
697170,0.9784851347581027
697171,0.11425080586820571
697172,0.9984546619451674
697173,0.9730496346546855
697174,0.12113295887735513
697175,0.9960425402711018
697176,0.9979195363430677
697177,0.9906462806398827
697178,0.9878699996508198
697179,0.9665355565503164
697180,0.07204830034011088
697181,0.6358000865596634
697182,0.8706487844615949
697183,0.007174507621612937
697184,0.04936683491796461
697185,0.9623255762036931
697186,0.9992367800091531
697187,0.9991670786272682
697188,0.999609711950549
697189,0.35595791964104856
697190,0.6743143497153905
697191,0.9983337380247267
697192,0.14419793756327506
697193,0.9998594376880697
697194,0.8092023720379089
697195,0.9997075106351951
697196,0.9818788316033282
697197,0.01630874348220752
697198,0.9990335845223897
697199,0.3161918713667784
697200,0.06206984221358201
697201,0.9994058950448415
697202,0.9999426576530511
697203,0.6052206162375711
697204,0.9983535207979573
697205,0.9510312556265457
697206,0.9998969997936805
697207,0.9032385633684099
697208,0.17663571329827565
697209,0.9999465784354595
697210,0.9998384640177725
697211,0.9971244240786676
697212,0.5118863666114404
697213,0.9083499244315556
697214,0.5116093345279368
697215,0.9892196739122958
697216,0.9996151929681307
697217,0.9975974607575131
697218,0.3785329421898235
697219,0.044317130555720875
697220,0.9980535917098448
697221,0.10452784224154929
697222,0.7474827189604598
697223,0.9999863319608808
697224,0.9999740296217757
697225,0.01476399600384492
697226,0.9836871743888824
697227,0.9396107060222899
697228,0.9861554204056403
697229,0.0949910538174886
697230,0.999863431695339
697231,0.8659308233546896
697232,0.9999353600321294
697233,0.10641504254324977
697234,0.9915554944679066
697235,0.9456714345314271
697236,0.999565992518681
697237,0.30224794729035215
697238,0.07631151539575813
697239,0.8440318224737333
697240,0.6983511961693276
697241,0.9999672882014954
697242,0.3247552350744919
697243,0.04265098693501246
697244,0.9960725037967801
697245,0.9974012996499841
697246,0.9409097034144778
697247,0.9999035889541406
697248,0.34351505457199016
697249,0.9390154811865121
697250,0.9675370022506966
697251,0.8131086617343941
697252,0.7140946426167339
697253,0.9997645005420144
697254,0.9948801753529777
697255,0.0162682047040352
697256,0.9987629626823036
697257,0.9997975117423537
697258,0.02226661312930929
697259,0.031094377438761367
697260,0.2066947120798486
697261,0.9946215046129101
697262,0.9938841110674754
697263,0.9998238331689926
697264,0.9980145239274814
697265,0.9997206459734156
697266,0.9999570386559407
697267,0.9883905702955971
697268,0.9999607702797626
697269,0.9999325911818695
697270,0.4147674137472226
697271,0.9897746734083377
697272,0.07182073265963076
697273,0.9722682469066637
697274,0.6453469545964605
697275,0.9980279937648157
697276,0.9995489613171764
697277,0.9988667652097531
697278,0.06294216498132171
697279,0.9434275685106424
697280,0.9698905089099261
697281,0.0934440540213381
697282,0.9998421045961522
697283,0.8073929158598802
697284,0.9866543853111289
697285,0.9992448923848885
697286,0.946021273157983
697287,0.7285684408893401
697288,0.5001011126261806
697289,0.665571380533394
697290,0.2960626542411766
697291,0.9814102574095742
697292,0.7120472974029075
697293,0.798878936884253
697294,0.9998699580197008
697295,0.9987674441985652
697296,0.9779578273852478
697297,0.9957930885693612
697298,0.9984400744753157
697299,0.9508892874606119
697300,0.9021984137601371
697301,0.5743969727465124
697302,0.9994749786407136
697303,0.008170455428992704
697304,0.9993239220547929
697305,0.08565966930723984
697306,0.9953272820715457
697307,0.9324997564350112
697308,0.05099633246538273
697309,0.9958818373078377
697310,0.22881467430424787
697311,0.9983911158913903
697312,0.9999793783019579
697313,0.9999809594872483
697314,0.013279435552255331
697315,0.11476604466700341
697316,0.7695256299063769
697317,0.0760536681574595
697318,0.03996266683822937
697319,0.9999807381822674
697320,0.9992193122621448
697321,0.1207862129847168
697322,0.9997496836049342
697323,0.9925955925602369
697324,0.8685795972233354
697325,0.9964063092913068
697326,0.9962228836033951
697327,0.4011149133461531
697328,0.9990860865167661
697329,0.11124181598385845
697330,0.03852444548788946
697331,0.9972977230725213
697332,0.9999180734554799
697333,0.999622911701461
697334,0.9844246747466909
697335,0.9418959324131515
697336,0.0798763219972085
697337,0.8866458025270204
697338,0.9586500972878467
697339,0.999166827703549
697340,0.03584721120909884
697341,0.7228206009522886
697342,0.9998573228021542
697343,0.9958950400965847
697344,0.10030349616981499
697345,0.7547825082527728
697346,0.9992880194907792
697347,0.999915941481435
697348,0.1700868667115884
697349,0.6390551579535835
697350,0.21065169261337285
697351,0.9999787418451201
697352,0.8940313114490069
697353,0.7206250255275584
697354,0.9981312260527577
697355,0.6717263941681744
697356,0.4070359487475257
697357,0.9198873544473456
697358,0.9999437326706324
697359,0.7956789403609873
697360,0.8314254287086565
697361,0.9820596035346487
697362,0.9612784214032639
697363,0.9998679459043053
697364,0.9999502139494711
697365,0.006006114399949207
697366,0.991426450390718
697367,0.9745003438396145
697368,0.9997804221221176
697369,0.9797627609359097
697370,0.9148400879039384
697371,0.9998940105762701
697372,0.011794776095375398
697373,0.9987969473082586
697374,0.9997928721213152
697375,0.9989144534281842
697376,0.9913123030438322
697377,0.9968460813047457
697378,0.2686515968500273
697379,0.3916036910236617
697380,0.16145580477872823
697381,0.9991951394879505
697382,0.04887488160206183
697383,0.9997080511298893
697384,0.9997615060665201
697385,0.999683689636908
697386,0.9997577899933621
697387,0.5235383255256559
697388,0.28661550817607645
697389,0.17779063730275393
697390,0.8038938287578269
697391,0.43938824871174226
697392,0.9767284147645574
697393,0.35575434619990653
697394,0.029359308578045508
697395,0.9982772934817599
697396,0.4618651733118836
697397,0.9999667149406306
697398,0.4264905009374562
697399,0.3874932140142728
697400,0.7251591941898443
697401,0.9998786700949851
697402,0.99953419385611
697403,0.9991171946995914
697404,0.5736730509111359
697405,0.999378678032622
697406,0.10582408210689437
697407,0.13509253517323502
697408,0.8613296068177767
697409,0.5198774880114827
697410,0.10004865891778335
697411,0.9742644928281218
697412,0.9975285613035682
697413,0.9991402400305149
697414,0.819757704583522
697415,0.995115047777898
697416,0.43318496282669783
697417,0.996635705557922
697418,0.3273793203169363
697419,0.9959177024648858
697420,0.9262039204974272
697421,0.1648171230395706
697422,0.9880178650462603
697423,0.9999419081088199
697424,0.9997726851812396
697425,0.5492275396891889
697426,0.18741691771894753
697427,0.03459411107412957
697428,0.15980459929636348
697429,0.9996239387131186
697430,0.8643235211708025
697431,0.026889849789002402
697432,0.8046720858833576
697433,0.6158788984875475
697434,0.2890969299303322
697435,0.9967285378768992
697436,0.09559145853892848
697437,0.9966784024471149
697438,0.8803506963233549
697439,0.9784081248061489
697440,0.008381634442954738
697441,0.9997746636355087
697442,0.03412430443836162
697443,0.9968787383944581
697444,0.02610038368459888
697445,0.7822177446510965
697446,0.9925060745685592
697447,0.9998908366642523
697448,0.9999838325500561
697449,0.00904503696942685
697450,0.9997254225579663
697451,0.9974822250270293
697452,0.008286072327151632
697453,0.9870775058149224
697454,0.10161782922901932
697455,0.983335345975058
697456,0.9998931586697443
697457,0.01149460555256732
697458,0.971368200744659
697459,0.9999866750449379
697460,0.08735159685900427
697461,0.9997509760958336
697462,0.041930186372333825
697463,0.105788198600937
697464,0.9986652564066556
697465,0.9999740262701278
697466,0.9999057609613924
697467,0.9964443179922106
697468,0.9927948460932607
697469,0.47539242262461623
697470,0.9311697186355599
697471,0.9998858264923203
697472,0.8642586552227348
697473,0.5240982275106365
697474,0.9997181578869562
697475,0.09562684277226058
697476,0.9579318092400029
697477,0.6024597224101503
697478,0.4693420761695325
697479,0.45728317012975095
697480,0.9057313546067025
697481,0.9999285087502419
697482,0.7374853172903924
697483,0.9998581131112727
697484,0.99989370276706
697485,0.9939455137771503
697486,0.0673681729428912
697487,0.32226567841117865
697488,0.9920890289114487
697489,0.9986634087747441
697490,0.9661360639015099
697491,0.32925539068390863
697492,0.7306112862139766
697493,0.9999452717653883
697494,0.9708558482439807
697495,0.2085758602604263
697496,0.5504363770442641
697497,0.9607896777637306
697498,0.3486974909727636
697499,0.13420682140996412
697500,0.9996959532761891
697501,0.9998659923458311
697502,0.11972398832622216
697503,0.9999317912515898
697504,0.9202248179251795
697505,0.7706539891372244
697506,0.999814768362943
697507,0.9306960425229058
697508,0.22315886225435758
697509,0.5134332961298204
697510,0.9996479295676589
697511,0.9990799247976794
697512,0.7655988356536177
697513,0.39124792736858033
697514,0.9335885919438949
697515,0.772385211619053
697516,0.9999175535602083
697517,0.9992005554012386
697518,0.9998979807031992
697519,0.7907623558744632
697520,0.06210718857683459
697521,0.9941348581144597
697522,0.060041906995404015
697523,0.9995913543234691
697524,0.2958291865170879
697525,0.9900286988682372
697526,0.9999698233243369
697527,0.999460662426944
697528,0.8881803944150246
697529,0.5468354647492152
697530,0.5677885828398505
697531,0.9989275555707318
697532,0.9991378307277112
697533,0.7962517861629606
697534,0.98493718595252
697535,0.9992728968358783
697536,0.20890644274321363
697537,0.5621072441208055
697538,0.2290937998109978
697539,0.07522057356825441
697540,0.6790591262272418
697541,0.99978913587064
697542,0.17748887766994542
697543,0.99133504692912
697544,0.7529404155633085
697545,0.6181296031374784
697546,0.9406113917024322
697547,0.9999461800213634
697548,0.9988416520918856
697549,0.9466782608810589
697550,0.9438297467702339
697551,0.9618066924029709
697552,0.999957798015566
697553,0.8309046726199645
697554,0.09536543948162854
697555,0.8769547138255362
697556,0.6013602802262729
697557,0.9865542656301913
697558,0.01748601771140597
697559,0.1207726452613691
697560,0.8530855372034796
697561,0.9997981250715672
697562,0.5316139585768525
697563,0.7706720473718074
697564,0.39339421327201596
697565,0.9369282086817323
697566,0.831143385758683
697567,0.9999727719899367
697568,0.3585126723495208
697569,0.9997845029396268
697570,0.01358088475774272
697571,0.014357870175582963
697572,0.9994124852738506
697573,0.9997864996508952
697574,0.1706800356555681
697575,0.3597054426029072
697576,0.7043759332767389
697577,0.8829715973441007
697578,0.16781339910041712
697579,0.15350752746945157
697580,0.9310920815871078
697581,0.9922261408427375
697582,0.7358974348517608
697583,0.9184032601752115
697584,0.9997955070166351
697585,0.7831849599256774
697586,0.9999431132261146
697587,0.9683378634646578
697588,0.9992731333343974
697589,0.9990444086131613
697590,0.9317579672336074
697591,0.040000698365033574
697592,0.8351940806779419
697593,0.6088063313060821
697594,0.4908867566138433
697595,0.29479253613792483
697596,0.9236568471566218
697597,0.47907704215151437
697598,0.9973455164047396
697599,0.9961271960369149
697600,0.3431397532757321
697601,0.9600672205469344
697602,0.8054897048465601
697603,0.9839741439965378
697604,0.05465316618183515
697605,0.9998199614367524
697606,0.015025728948010934
697607,0.010373709072460827
697608,0.6354671541019968
697609,0.4897395738864977
697610,0.9999716718184106
697611,0.998086065049007
697612,0.4225308334480802
697613,0.9860095365317865
697614,0.7429990344688004
697615,0.4684564406280305
697616,0.9997991082863453
697617,0.9997588121338282
697618,0.9999173475825154
697619,0.20909085426145885
697620,0.8958335823177684
697621,0.3773107993102037
697622,0.42724248399970766
697623,0.9963265929269003
697624,0.9417532981615526
697625,0.4098306932109045
697626,0.07386468450967923
697627,0.9900746745558912
697628,0.9999808996877853
697629,0.9974841675875682
697630,0.6628420340087955
697631,0.07345586455518334
697632,0.8380059288717785
697633,0.05248815406392656
697634,0.11275901310564732
697635,0.1807221254969122
697636,0.010921438887779323
697637,0.9996990253322834
697638,0.02058671182715928
697639,0.4283766335624689
697640,0.06953588517987352
697641,0.9996870491667532
697642,0.5173271231684469
697643,0.8867284852315387
697644,0.999983877562574
697645,0.9995000325394702
697646,0.925751586286025
697647,0.997641555517849
697648,0.4006298898081857
697649,0.006106937117338084
697650,0.9995559785785686
697651,0.00716769550688947
697652,0.9703513537586224
697653,0.8850129004466156
697654,0.9999346847959463
697655,0.9986436122459769
697656,0.9996048910232196
697657,0.7097342421326751
697658,0.018848867093875468
697659,0.7411911470385664
697660,0.9776197572183888
697661,0.9999840330114158
697662,0.9900138938908782
697663,0.9995948446801147
697664,0.1261687885384151
697665,0.010113535530837466
697666,0.006601619098231178
697667,0.2957158040335165
697668,0.9972088850934566
697669,0.10363563394672409
697670,0.27599499106593284
697671,0.23681497267450155
697672,0.9909190786572372
697673,0.9523024683232941
697674,0.9408145858464497
697675,0.2648492024410509
697676,0.9611820733303826
697677,0.9998942234286385
697678,0.9998966140896226
697679,0.842133932684316
697680,0.9950933698282712
697681,0.9999674915954334
697682,0.6659822475785333
697683,0.9996964724528911
697684,0.015299563987111332
697685,0.6310091626825154
697686,0.9996920831454272
697687,0.9998886547295098
697688,0.9997772866518664
697689,0.9999072191425739
697690,0.4410044172739451
697691,0.21392119293583586
697692,0.2865178024120385
697693,0.4624552667367885
697694,0.9784613936480943
697695,0.9997918974681255
697696,0.9999482083638462
697697,0.9994577147457313
697698,0.7752494925767099
697699,0.9995143913148643
697700,0.9855798844895783
697701,0.8203330478053154
697702,0.9999802205145603
697703,0.9999247054677729
697704,0.284507953997394
697705,0.5848952178420657
697706,0.35069527788313
697707,0.0931703156152558
697708,0.05835128523705354
697709,0.006016242487772333
697710,0.9994648874429869
697711,0.663870736312405
697712,0.2625235580345628
697713,0.9999803331318682
697714,0.999870428056929
697715,0.11625045241376883
697716,0.9998510122962172
697717,0.8391048276618251
697718,0.6415092726244411
697719,0.99945123019711
697720,0.49029346051784717
697721,0.8507794147137869
697722,0.895936532642351
697723,0.9997208020796257
697724,0.9999896650681613
697725,0.9566787843934363
697726,0.908051462784464
697727,0.9996549214117525
697728,0.03847911781641129
697729,0.9992559611616274
697730,0.6041567293426955
697731,0.9998828197719406
697732,0.9996005858657924
697733,0.861492994998603
697734,0.998430253700701
697735,0.2366967976830486
697736,0.04556600978996013
697737,0.9411422243609122
697738,0.9996597502789686
697739,0.9352952346331926
697740,0.5674824791338506
697741,0.5747137762921404
697742,0.4026034825132331
697743,0.9896946149396153
697744,0.8447411578460865
697745,0.24158253266154486
697746,0.6303265721970542
697747,0.9999290220585415
697748,0.9994543547558117
697749,0.9996997601394284
697750,0.23904091580819506
697751,0.08074952734892024
697752,0.9773503996021964
697753,0.9588718114796477
697754,0.9930393799134047
697755,0.9997967962957353
697756,0.9941509915760023
697757,0.7555241080864145
697758,0.32673779808057707
697759,0.9994764833929355
697760,0.679828224053694
697761,0.9995883736515319
697762,0.9999270685911869
697763,0.15839887007367967
697764,0.7134287628959918
697765,0.9996248598856919
697766,0.9998059775672684
697767,0.9826206959370127
697768,0.9387150282702543
697769,0.48994559862594833
697770,0.9454977740064067
697771,0.19631632366651686
697772,0.16547000301149603
697773,0.9584544649438321
697774,0.008608815446689086
697775,0.27132501034356055
697776,0.9826337511581091
697777,0.9989735551737069
697778,0.9881233489684973
697779,0.9827783948792448
697780,0.016276250959015713
697781,0.0293341980534432
697782,0.6618543944449902
697783,0.9753925059812243
697784,0.999970090584874
697785,0.09131896362515517
697786,0.9984472638150863
697787,0.3325107325987968
697788,0.11123689587080318
697789,0.023232904168181082
697790,0.9964202410302578
697791,0.01563851541785223
697792,0.5201308845265941
697793,0.9990284344155765
697794,0.9997058434649186
697795,0.7906050033262164
697796,0.04095718336505317
697797,0.999840913303025
697798,0.7429092148875638
697799,0.7991130712035437
697800,0.9925617288617271
697801,0.9982805891929548
697802,0.9999921433557653
697803,0.9701425968768069
697804,0.9615894584781115
697805,0.23352379016678398
697806,0.5243957009358423
697807,0.9999361447529315
697808,0.9029852434515555
697809,0.99881607926953
697810,0.9996884502016395
697811,0.5053089776195406
697812,0.9764693813113221
697813,0.9996718126224862
697814,0.8810757107393961
697815,0.9997571343510718
697816,0.32422079054863284
697817,0.4304118402294419
697818,0.9956697522970801
697819,0.9998631631281114
697820,0.9272166233488985
697821,0.9186903758239277
697822,0.11275987924157639
697823,0.1097736687980639
697824,0.23560321312477506
697825,0.999580138982258
697826,0.10912927611731471
697827,0.9995626410429204
697828,0.624151465827308
697829,0.9994500496161967
697830,0.019649246707454635
697831,0.9707445244347103
697832,0.995983516662276
697833,0.9031053375324782
697834,0.9990616799021563
697835,0.9999470172336893
697836,0.9997912535976778
697837,0.5880774883239235
697838,0.7181815431568503
697839,0.5230466203803361
697840,0.980325220154157
697841,0.12807179608900862
697842,0.7448541491074897
697843,0.9942588462062791
697844,0.35127307579793693
697845,0.6915519086952331
697846,0.8771317406969141
697847,0.8087674974652996
697848,0.4015475146990279
697849,0.03903956655018415
697850,0.5540560820644913
697851,0.11317121758123604
697852,0.1261160410142864
697853,0.9809986420048986
697854,0.9975402881890669
697855,0.999990205136535
697856,0.9336872349616698
697857,0.9997143137900509
697858,0.39615548358703045
697859,0.9990582304957438
697860,0.9924120651266753
697861,0.9597254934835038
697862,0.17282894021533346
697863,0.8147750597399506
697864,0.9997521550064471
697865,0.8843645790599767
697866,0.26477999603072355
697867,0.29852469727360315
697868,0.9197719301523386
697869,0.0894376152624369
697870,0.6087322810912714
697871,0.9932180347939924
697872,0.6528573515587709
697873,0.4138916138623723
697874,0.996530249927796
697875,0.26730173806995844
697876,0.7774984872721429
697877,0.6911191689861272
697878,0.999957519847773
697879,0.9989130782404632
697880,0.9995407321533905
697881,0.5027331878367602
697882,0.5968838390142821
697883,0.8143788507005497
697884,0.9907558291639526
697885,0.1364184140389176
697886,0.9827699304760855
697887,0.6113542088158013
697888,0.3694711391018677
697889,0.44674853254967206
697890,0.09151892383379095
697891,0.02954316475233137
697892,0.999437518185079
697893,0.999905533741691
697894,0.36972297928560416
697895,0.999989995095439
697896,0.972774787454229
697897,0.9997605000667398
697898,0.40064732073727655
697899,0.3874175979665828
697900,0.9987365224652167
697901,0.005044420367257852
697902,0.5519378213545127
697903,0.9988628292069162
697904,0.999939896571514
697905,0.9918064526655135
697906,0.9999181571035429
697907,0.8494498742807266
697908,0.7941433932222187
697909,0.9999449711542452
697910,0.580285906539252
697911,0.6412395443232155
697912,0.9871374361495655
697913,0.9940554835264517
697914,0.41884910641095197
697915,0.05953359543441143
697916,0.8449879926322666
697917,0.9429685479149771
697918,0.9976662349578295
697919,0.20255684721715628
697920,0.9979976562377088
697921,0.9973588208126649
697922,0.9999676206104651
697923,0.24488955302753634
697924,0.3624629297198242
697925,0.5864371526478944
697926,0.05577049562151543
697927,0.9996878736843298
697928,0.9717528609510118
697929,0.9421084450382274
697930,0.9999513064661816
697931,0.9996339107170308
697932,0.8286107554615683
697933,0.7652909564804822
697934,0.9974545675563642
697935,0.0483625879691065
697936,0.4664132757306947
697937,0.585407745260172
697938,0.030537136748119774
697939,0.654187410879052
697940,0.4374654997070172
697941,0.9974892617408918
697942,0.999437680180656
697943,0.999623607375649
697944,0.9459786451272489
697945,0.9989251167556669
697946,0.984087990924742
697947,0.9999433374719862
697948,0.23233386754240137
697949,0.999886772292838
697950,0.0037877555123253235
697951,0.9094302901966429
697952,0.12058171630499305
697953,0.8148632296187208
697954,0.7623291224058902
697955,0.9477531350379049
697956,0.9997439426348168
697957,0.9999007665933924
697958,0.013086210035633794
697959,0.9975930960936894
697960,0.013902426065257191
697961,0.9998528331583104
697962,0.9998709769202442
697963,0.9985183324662706
697964,0.9982346297573745
697965,0.9841108835486719
697966,0.9999647655239539
697967,0.06337072043124015
697968,0.9996820877952075
697969,0.8216549818564569
697970,0.8454415838423606
697971,0.9999816336371079
697972,0.9942947557209754
697973,0.7788500233876403
697974,0.9998678139354211
697975,0.9999351739255162
697976,0.9998628389580878
697977,0.012794388046766785
697978,0.9996574965059095
697979,0.3169743221865215
697980,0.6880707594213813
697981,0.08051453467190939
697982,0.9999595390514937
697983,0.3231363429164857
697984,0.3086030544178428
697985,0.9974636023986723
697986,0.9938618088361285
697987,0.7721893419235131
697988,0.9997891551100548
697989,0.7229030396799035
697990,0.01869609658752389
697991,0.9532988361570127
697992,0.3505171417305152
697993,0.9995578404174871
697994,0.8860426534594805
697995,0.16049427817694828
697996,0.3013681521694717
697997,0.9636089182414198
697998,0.9139668081075414
697999,0.9985491212713047
698000,0.9414799000642922
698001,0.7546928777105598
698002,0.9999141151296727
698003,0.9998612239478308
698004,0.2815682736362714
698005,0.8618402226965822
698006,0.9781692154166619
698007,0.980008127754707
698008,0.7134925180707359
698009,0.9476595964866782
698010,0.5175246827049493
698011,0.9983266746543003
698012,0.7011929569626404
698013,0.079928471171989
698014,0.03433778692913012
698015,0.8358953825675421
698016,0.9993341852806413
698017,0.9996162758018706
698018,0.6977822910465455
698019,0.8133292488070645
698020,0.9998765597449282
698021,0.9990839991241811
698022,0.999117604979147
698023,0.027884749684602667
698024,0.7784684929713184
698025,0.9877913601270877
698026,0.9689211360030183
698027,0.6754659489879355
698028,0.9997359634565697
698029,0.9999948376761223
698030,0.7204151014456982
698031,0.999989613237322
698032,0.9147220484602906
698033,0.8198694382182374
698034,0.1575247759946123
698035,0.04235160359506647
698036,0.9983345608802334
698037,0.04033829751129074
698038,0.790912994117686
698039,0.3875912684856821
698040,0.32197486173250056
698041,0.9237978802828744
698042,0.6006740535506951
698043,0.2060476289235169
698044,0.5361127515666884
698045,0.999545517036504
698046,0.9929710936223843
698047,0.998646930484953
698048,0.99959893741339
698049,0.9845497073950897
698050,0.9999926928468383
698051,0.005254129996595754
698052,0.9998255305810468
698053,0.995132737278823
698054,0.9783794224369424
698055,0.9217235970861714
698056,0.828969693789909
698057,0.6277836736475252
698058,0.025782900752374077
698059,0.029749678309210194
698060,0.9999513555798816
698061,0.17395972046924027
698062,0.7283463540231103
698063,0.9770692524115185
698064,0.30203131878975453
698065,0.0023368084996124817
698066,0.7680741420661893
698067,0.9997704434773604
698068,0.7444433508040771
698069,0.9102671900684647
698070,0.9991447395628371
698071,0.9788733291391283
698072,0.8533343359707564
698073,0.5512441975916968
698074,0.9999749890872465
698075,0.995993793671667
698076,0.23718206679496104
698077,0.134506015404421
698078,0.9861373018360456
698079,0.986920498027454
698080,0.9976764011034471
698081,0.9997908850470325
698082,0.9993218563078993
698083,0.7414809827732194
698084,0.9991336109357768
698085,0.9268736373099509
698086,0.9929160856320689
698087,0.39903706836778574
698088,0.01612653645095793
698089,0.6957687409871343
698090,0.5783926544039208
698091,0.9968546962173268
698092,0.4138551192033545
698093,0.575314538604857
698094,0.8092280013250968
698095,0.032947544135154536
698096,0.011571693509076155
698097,0.8012981337135523
698098,0.5493882573599269
698099,0.9995609869509079
698100,0.9207301215071596
698101,0.9142204675245548
698102,0.9768197965400606
698103,0.8964463575358991
698104,0.9986346748039171
698105,0.9998321157712651
698106,0.08199603443139059
698107,0.9999659519803625
698108,0.027812056102750705
698109,0.9996635645790191
698110,0.9945467141287212
698111,0.9948536862315205
698112,0.6229816830597397
698113,0.9999636150986246
698114,0.9688601364962269
698115,0.9996901369761442
698116,0.9917259813058885
698117,0.21309299640940146
698118,0.3051937465507219
698119,0.9997593954239214
698120,0.7075017760359101
698121,0.33212397567678953
698122,0.2400174173264811
698123,0.9094289103215186
698124,0.19780263397303322
698125,0.9907028016797421
698126,0.2489281113181649
698127,0.030176544923962885
698128,0.16810000207788292
698129,0.8084357756406108
698130,0.9999399506305118
698131,0.9999440013979193
698132,0.9997387967733133
698133,0.9996628392040302
698134,0.9998559265002428
698135,0.8340593159378036
698136,0.9982368113713194
698137,0.9997180900458058
698138,0.9997720298962571
698139,0.6289098419756572
698140,0.8537260798016619
698141,0.9069807768672079
698142,0.18379540469933953
698143,0.9999393815173785
698144,0.9895375782053908
698145,0.9975199981676562
698146,0.6269132669845298
698147,0.979038495706924
698148,0.41437511464119625
698149,0.5510136532669822
698150,0.9551579433723407
698151,0.9995848122141184
698152,0.9632797135660764
698153,0.016896370630554075
698154,0.9440487602877008
698155,0.0682743468025295
698156,0.39108807369708076
698157,0.9999929404760739
698158,0.010584723008613153
698159,0.6451769335889583
698160,0.9997300064262621
698161,0.9895560066726341
698162,0.9988665396775787
698163,0.0395226648493212
698164,0.9974154583746138
698165,0.5880028718583822
698166,0.15428951722906512
698167,0.9941457871023113
698168,0.9913933116159797
698169,0.9892863207009205
698170,0.010854735288939873
698171,0.991677153963092
698172,0.9995719823740572
698173,0.9741750313232717
698174,0.9998961245901234
698175,0.6105309193883786
698176,0.8861215703810987
698177,0.98214041809335
698178,0.9996556244867618
698179,0.7822567931923308
698180,0.883340995795932
698181,0.4619333623675062
698182,0.007241619522022512
698183,0.5377956855920428
698184,0.5326873071919601
698185,0.9947241399127154
698186,0.9929401885541277
698187,0.9451310155588326
698188,0.752774807036821
698189,0.9885496849590973
698190,0.16080247769510903
698191,0.9164159780316283
698192,0.9950045160453309
698193,0.999969948410824
698194,0.040311026841929984
698195,0.42075202211107254
698196,0.07896244705118748
698197,0.9991886767923676
698198,0.22870743216069517
698199,0.1557546802351158
698200,0.24612360695907978
698201,0.9986735112893141
698202,0.5759321427208633
698203,0.8195040526276192
698204,0.48006587813393525
698205,0.33477854634441384
698206,0.9969088114453132
698207,0.29828747361178554
698208,0.8724027198514992
698209,0.8772647196827477
698210,0.1565103036875081
698211,0.9996999983413364
698212,0.5796809177684594
698213,0.9997723776627309
698214,0.5190914298005739
698215,0.9994235401347528
698216,0.9978350034599278
698217,0.9851504236573765
698218,0.6527791094336702
698219,0.9996623593501225
698220,0.4519926148869228
698221,0.9974567066156803
698222,0.9625767921877444
698223,0.8492179181579804
698224,0.9999106448598664
698225,0.08181563662383415
698226,0.9997647744643735
698227,0.9908117335732061
698228,0.5632410891737729
698229,0.7831003395106761
698230,0.7581103082815872
698231,0.9943126503995381
698232,0.9758376506223093
698233,0.9973671015070686
698234,0.9996713277057646
698235,0.8305394193756728
698236,0.4741968688771788
698237,0.0033816677341872393
698238,0.9942860264324767
698239,0.9996919008473856
698240,0.4517654349285414
698241,0.9991196461841065
698242,0.9998691373311734
698243,0.06098466084507137
698244,0.9995100859237565
698245,0.6289888926726908
698246,0.05416697194069169
698247,0.9988749903917238
698248,0.8069734318651847
698249,0.2821197613484239
698250,0.9993560307169708
698251,0.9990620378027608
698252,0.3503772929360442
698253,0.0010049975149239122
698254,0.0693076486948804
698255,0.9962777345893805
698256,0.6545767766798447
698257,0.6106122003536527
698258,0.7471981864018793
698259,0.9995410103246927
698260,0.9998526811385036
698261,0.9253210724238811
698262,0.9946740859796661
698263,0.9950128641124236
698264,0.9996090843363172
698265,0.6451404362330633
698266,0.9991038544977682
698267,0.7018220097186287
698268,0.9998035168665762
698269,0.999979936883993
698270,0.9999888840046115
698271,0.9344903342470928
698272,0.9939060654364232
698273,0.9999943124401187
698274,0.4160322660293149
698275,0.999968914364276
698276,0.9908664979921227
698277,0.7356549208933753
698278,0.8808966231650781
698279,0.9101571646255182
698280,0.9971803927647716
698281,0.8401570077635028
698282,0.02338627334677338
698283,0.9990422818839355
698284,0.9997751329563663
698285,0.999796188385397
698286,0.8788208087575179
698287,0.9990221375801507
698288,0.40266344162643697
698289,0.8387145351250346
698290,0.001786606768315472
698291,0.10762708626587938
698292,0.4398387962532524
698293,0.999763522326873
698294,0.2363322027274985
698295,0.09822817605450912
698296,0.9981403106287235
698297,0.8797955393419385
698298,0.22374278742646708
698299,0.9974876192282168
698300,0.9929255082595811
698301,0.7030709425524906
698302,0.9999360872942099
698303,0.9968467089792076
698304,0.9999200709586262
698305,0.9933191924369038
698306,0.9999612685069748
698307,0.9999754847294884
698308,0.89615910603277
698309,0.9997366185106692
698310,0.01699997411345816
698311,0.9995388553197058
698312,0.9999289918154388
698313,0.9986360324248491
698314,0.9998340860396182
698315,0.998801554999951
698316,0.9933672532539228
698317,0.9999268876281613
698318,0.9990990978715982
698319,0.944672364647555
698320,0.8642097636836281
698321,0.9985161770434184
698322,0.9967824334811575
698323,0.07219486420192171
698324,0.9998133293605321
698325,0.9793608825505383
698326,0.9984913037750218
698327,0.9987355939951685
698328,0.584846062800003
698329,0.9985649831515826
698330,0.5433205533884472
698331,0.006638787298328317
698332,0.9997389298457273
698333,0.9879541524438087
698334,0.2162127751201922
698335,0.9893360624417544
698336,0.20711723534934365
698337,0.9989848999500129
698338,0.9999778304094149
698339,0.9981610424056905
698340,0.9976082974673084
698341,0.9975989452291425
698342,0.9998466785572575
698343,0.9978855921248401
698344,0.9999649888904346
698345,0.9982972615854311
698346,0.9814075570547633
698347,0.9046585413413033
698348,0.9999831023461818
698349,0.9617799663621663
698350,0.9997906941834096
698351,0.2651454964327056
698352,0.1902266213990813
698353,0.9669415137409778
698354,0.9963100970132095
698355,0.815247688429215
698356,0.9732569710565173
698357,0.10843678538909955
698358,0.06878026529441172
698359,0.007282467856858673
698360,0.1393817981156554
698361,0.571449636616095
698362,0.20266550072371592
698363,0.509463738668729
698364,0.5556728738014391
698365,0.026510567066491856
698366,0.9999385263922709
698367,0.9999042860767087
698368,0.7197121174558141
698369,0.25632279979648187
698370,0.8837009861401004
698371,0.8895549978345925
698372,0.5579707338034305
698373,0.6938679471978952
698374,0.029259346201689296
698375,0.1268075075016942
698376,0.5268947342105108
698377,0.017231134573439433
698378,0.9996815461430462
698379,0.19821957688562714
698380,0.9971666804401556
698381,0.4146522780472177
698382,0.21398662564982357
698383,0.9816426185415692
698384,0.9994370490731106
698385,0.9685418989464659
698386,0.9731410369570155
698387,0.892027429198679
698388,0.9982697262443145
698389,0.9923531610481938
698390,0.9999893503631183
698391,0.7698097865571953
698392,0.6941335134142606
698393,0.0449271933073369
698394,0.9999679609585128
698395,0.9222514425658774
698396,0.29911044884131377
698397,0.9272673731870931
698398,0.8995440991704708
698399,0.9997551145264406
698400,0.7797644926678213
698401,0.9995925043740741
698402,0.8026270272733509
698403,0.8603394885762895
698404,0.9997190348998926
698405,0.21462769357870023
698406,0.9999788996461787
698407,0.9895162321903034
698408,0.025561235674702178
698409,0.997105113443288
698410,0.8940856077730985
698411,0.942444648845311
698412,0.9988681808354392
698413,0.9313083154408869
698414,0.9971621208521022
698415,0.07139778171019744
698416,0.9825699348924306
698417,0.594500354269309
698418,0.9973817384264299
698419,0.4203448055870127
698420,0.041633452745059946
698421,0.20010626775513074
698422,0.9967182277895366
698423,0.9985147218857782
698424,0.015886806370481836
698425,0.8676818288706747
698426,0.29892196913398084
698427,0.5448409757067549
698428,0.9918931767521953
698429,0.9959746289534926
698430,0.9860930545446722
698431,0.9998373920669126
698432,0.8748975395412089
698433,0.9995999319253266
698434,0.023841016306330395
698435,0.9996142381459507
698436,0.73261190851155
698437,0.28336761918012676
698438,0.9974983171967375
698439,0.02408660760264737
698440,0.7664162019329104
698441,0.5338669561734897
698442,0.742329429591664
698443,0.5284750977677817
698444,0.2838539526837059
698445,0.8324496004615836
698446,0.9998918506401655
698447,0.9987673109097742
698448,0.5358117197504794
698449,0.42717696042501996
698450,0.9307187041180507
698451,0.9450794963653409
698452,0.6030192412493597
698453,0.08589424882326062
698454,0.9804471467452069
698455,0.9947443804907771
698456,0.6155766632826343
698457,0.3034106536404654
698458,0.9287284085911403
698459,0.3319014643551795
698460,0.99836099985841
698461,0.04218923336881428
698462,0.8969813437410903
698463,0.995453103191569
698464,0.9996883431870868
698465,0.9999228585675453
698466,0.9992068586135783
698467,0.6896878809337543
698468,0.24776002021980256
698469,0.022466112877611258
698470,0.013598554055475736
698471,0.957014214413779
698472,0.40721907368676646
698473,0.9990340990075102
698474,0.9194982755373792
698475,0.9994621158774433
698476,0.1465692854988302
698477,0.6874627252929519
698478,0.37916786487210863
698479,0.8086712613718028
698480,0.241701834302679
698481,0.9844387068224023
698482,0.966392847948359
698483,0.1928627692483874
698484,0.9585658452630517
698485,0.1217101507054458
698486,0.9627190001988916
698487,0.7827517172350678
698488,0.24294286714865299
698489,0.6225565549763333
698490,0.9994140017198785
698491,0.6608233106997761
698492,0.9993195564328483
698493,0.689943759044424
698494,0.9822636197493194
698495,0.9799741987673563
698496,0.9894268194587117
698497,0.9987941772282003
698498,0.3499124362446666
698499,0.6573081576813904
698500,0.9999513038603159
698501,0.2540386801473613
698502,0.48268658283174837
698503,0.8017648118896459
698504,0.9981312979462741
698505,0.9747318830505496
698506,0.9621770796302245
698507,0.28618916008332046
698508,0.003536671797293295
698509,0.7116511858164251
698510,0.9860642937178412
698511,0.05601386198086607
698512,0.9994159195162375
698513,0.07410748252957705
698514,0.9972840462799946
698515,0.27241012923652996
698516,0.02494408838819437
698517,0.9994245167791249
698518,0.9999823923898492
698519,0.15905209277405524
698520,0.0703555384166355
698521,0.999485530571576
698522,0.9999730860281886
698523,0.9996232446043365
698524,0.7006343215605866
698525,0.004974425419321482
698526,0.9998431458960875
698527,0.9910087834633399
698528,0.9996209489836473
698529,0.9995874008007747
698530,0.9995458626065318
698531,0.9969732359384471
698532,0.9424526659935761
698533,0.7070229234548929
698534,0.97825610848673
698535,0.7165925986465185
698536,0.0683068139303966
698537,0.06661362765414967
698538,0.8209813486740374
698539,0.8820938653891208
698540,0.8110163533639692
698541,0.9498352534939989
698542,0.8228538430374905
698543,0.9999370322510348
698544,0.9998649827827688
698545,0.9999272193744079
698546,0.9936096632501017
698547,0.07099512874740888
698548,0.4669148516236593
698549,0.9991442892719216
698550,0.3130461714727902
698551,0.9998385847681036
698552,0.5900377637108164
698553,0.9700343209467541
698554,0.9999101976234048
698555,0.9999865498447509
698556,0.23456301051988243
698557,0.006825641892919848
698558,0.861594543737333
698559,0.2811028907073899
698560,0.9992511536123467
698561,0.9999283899585287
698562,0.840123383405837
698563,0.9995563986678215
698564,0.5832301780229937
698565,0.04116826145053314
698566,0.9484485470259576
698567,0.007622908211026319
698568,0.06619009881106439
698569,0.9975772751951437
698570,0.9113909274461995
698571,0.6380104291334314
698572,0.999949878086331
698573,0.03845059247883788
698574,0.9999621111659628
698575,0.9804879880629649
698576,0.39710365738491066
698577,0.9973733594141823
698578,0.999225394401404
698579,0.9577927152821446
698580,0.2118611700113455
698581,0.9945823771901288
698582,0.9955521050063804
698583,0.994851609475427
698584,0.25234375169271916
698585,0.999845288972292
698586,0.9998603963506945
698587,0.9998582165965244
698588,0.9032483009589782
698589,0.9984629724131511
698590,0.633971229131968
698591,0.9849555915795515
698592,0.841723290991362
698593,0.9992129330882671
698594,0.999267009682142
698595,0.9995719652989423
698596,0.9941365699282589
698597,0.7337344066207727
698598,0.9999570945925511
698599,0.14710899381172687
698600,0.8215661560244368
698601,0.44669918138035203
698602,0.9087343027605542
698603,0.9999722921705517
698604,0.9998924093505908
698605,0.9984717126137004
698606,0.5193084399886462
698607,0.12201819565981475
698608,0.971735391842961
698609,0.6655975476669569
698610,0.5953411088242558
698611,0.28603996868798637
698612,0.9315382967214237
698613,0.678839121398484
698614,0.40679899357379856
698615,0.9998631728919385
698616,0.6168482942267577
698617,0.9998498726711951
698618,0.9983612822898169
698619,0.9995822000880281
698620,0.9980424323723607
698621,0.9996192959002819
698622,0.9902650917574385
698623,0.9999486810354599
698624,0.9999074225978287
698625,0.5470697937839623
698626,0.9995668234907301
698627,0.9999899075148694
698628,0.48637023077129204
698629,0.9985285533629007
698630,0.999923090631053
698631,0.9995647030607308
698632,0.9984619911933531
698633,0.35780546505109456
698634,0.19689828144308552
698635,0.02413635050008926
698636,0.9999084053293446
698637,0.9152267511672114
698638,0.9959137721672378
698639,0.15978053044366414
698640,0.9865340142183113
698641,0.989172880710614
698642,0.5450822257018423
698643,0.4554839590503676
698644,0.8555203854055445
698645,0.999705505008154
698646,0.9999863144565984
698647,0.9998440671717543
698648,0.9880102546887063
698649,0.9999845598076044
698650,0.5643753214241405
698651,0.9944487856026579
698652,0.5155489381110366
698653,0.07323292584641264
698654,0.225686815795414
698655,0.9998837542394963
698656,0.007316689052242926
698657,0.9537414957302277
698658,0.25215660158364656
698659,0.9997993310740108
698660,0.9613651924378016
698661,0.9960854452954697
698662,0.07251730199877128
698663,0.47839410985469266
698664,0.2460256572700582
698665,0.9999754372732421
698666,0.9998812751413246
698667,0.9998459591391851
698668,0.999822777920887
698669,0.9808337427310212
698670,0.5826857024014809
698671,0.30806381024475266
698672,0.552236320186039
698673,0.99948990716931
698674,0.2673173647569274
698675,0.5841050353775223
698676,0.6467232299666937
698677,0.9320174983570918
698678,0.9963813173147242
698679,0.067465498223062
698680,0.12716015951636972
698681,0.4199796312652463
698682,0.90565204163101
698683,0.23628749243776204
698684,0.9999361225057812
698685,0.43226203528470686
698686,0.9942760554385085
698687,0.9999156708949117
698688,0.9999013128485607
698689,0.8922701916829218
698690,0.835018088732816
698691,0.9949417457868636
698692,0.05704685725463718
698693,0.18488730446997106
698694,0.9893723906781948
698695,0.8349633929811835
698696,0.9997842198784554
698697,0.9989446316426198
698698,0.9512847589049777
698699,0.9993955693272547
698700,0.7927882829039364
698701,0.9999777599264759
698702,0.9998476383928162
698703,0.2845571652930266
698704,0.9996012941581125
698705,0.08194326139290674
698706,0.5828906013439574
698707,0.9998485252486535
698708,0.9976572134843802
698709,0.4257087038197868
698710,0.5289337307139214
698711,0.7847588224693474
698712,0.1008279680836526
698713,0.9997161536923692
698714,0.6578056036053592
698715,0.9519153693700954
698716,0.9976517056419965
698717,0.750326395140708
698718,0.7748391482144403
698719,0.007845146145794957
698720,0.8571158532300464
698721,0.8316153606630754
698722,0.9999282134179264
698723,0.01563440581764327
698724,0.9136052854913197
698725,0.3337111969539819
698726,0.9997878543240237
698727,0.8887736146203599
698728,0.6425936685750424
698729,0.14176937448436977
698730,0.9959591331840207
698731,0.3423187553365609
698732,0.8520587968459636
698733,0.6202400244159124
698734,0.27249822695123804
698735,0.10434795162762758
698736,0.9998147314846071
698737,0.4597905436622192
698738,0.09662232729439024
698739,0.999989031702678
698740,0.9973226106376013
698741,0.25433238658784624
698742,0.44453859628540615
698743,0.9820673261067805
698744,0.04589325152497081
698745,0.9793291419897064
698746,0.9875316559135446
698747,0.1390094214170794
698748,0.9992407124110889
698749,0.9230361374464162
698750,0.24180278834384683
698751,0.999416209611763
698752,0.8635876106171485
698753,0.06323371944397457
698754,0.9937199938930418
698755,0.9995336091424967
698756,0.004106603359975648
698757,0.99754056574571
698758,0.948300872628822
698759,0.9563762882964844
698760,0.3637195855664722
698761,0.6812563037508222
698762,0.089770827377218
698763,0.26319351568872745
698764,0.9618954958190793
698765,0.8417105918187254
698766,0.9996629626912614
698767,0.297092117872342
698768,0.9996720767429785
698769,0.999961983411688
698770,0.01097898534738926
698771,0.9984063813829034
698772,0.46453730381261316
698773,0.9780303090093747
698774,0.21217005742011988
698775,0.8561390562509213
698776,0.5153242379491112
698777,0.5823225501568857
698778,0.6570711788690146
698779,0.9997922926744324
698780,0.9978765727147474
698781,0.9999343337035342
698782,0.004427070485570547
698783,0.48114006925114616
698784,0.5146803021358014
698785,0.4809432981011097
698786,0.08453636884925016
698787,0.3267683565094003
698788,0.9997816024888706
698789,0.05391584194267764
698790,0.0698019681409778
698791,0.9949997121907719
698792,0.9995420405544495
698793,0.9999581348655124
698794,0.996801067870865
698795,0.9991469553583647
698796,0.01378261394623925
698797,0.634677927304435
698798,0.9973665076307023
698799,0.673894509564254
698800,0.9999834317376968
698801,0.9999420231861351
698802,0.44096258169825536
698803,0.041805297545410854
698804,0.9811465749251984
698805,0.06411762982804887
698806,0.9994162598539966
698807,0.8937723015975692
698808,0.06879116622030206
698809,0.7132528968763228
698810,0.5961739797778592
698811,0.9910361161950318
698812,0.9998019104465519
698813,0.9997991910180902
698814,0.9947664217162844
698815,0.9742081823379085
698816,0.04840106801664451
698817,0.999393483389292
698818,0.03719607161572617
698819,0.9978564683245685
698820,0.5181790876897258
698821,0.8781707457632415
698822,0.9912482185323619
698823,0.31327806310855955
698824,0.025967874890221856
698825,0.9996487675451781
698826,0.998851109608297
698827,0.9823729175504499
698828,0.21459134984852513
698829,0.03157923398798366
698830,0.7298740802099066
698831,0.9571465475825833
698832,0.9755593338109998
698833,0.8473095076157799
698834,0.9999916252209374
698835,0.9989460817771796
698836,0.9976608011436104
698837,0.9997371691699312
698838,0.9999050783340617
698839,0.9996060903662779
698840,0.9966721408854122
698841,0.6978542730108583
698842,0.999704543030691
698843,0.7109120728700958
698844,0.3779393043484452
698845,0.9998524273229857
698846,0.9999012893437961
698847,0.9999436865455374
698848,0.6843239093433171
698849,0.024272119787017755
698850,0.5012098689829654
698851,0.9925810888582215
698852,0.9997405577532213
698853,0.9580437828256978
698854,0.9971300390154233
698855,0.8153126286608995
698856,0.6303255786175879
698857,0.2138285523006352
698858,0.07431301483490206
698859,0.1909783578857943
698860,0.6756602953182422
698861,0.27064363356985727
698862,0.8687762881397065
698863,0.6458722282876292
698864,0.13683990165380933
698865,0.9982700329403181
698866,0.9986574304399725
698867,0.9998988830227602
698868,0.9984274625386137
698869,0.9923337616718022
698870,0.9996486662906108
698871,0.933001508232872
698872,0.9637328897696011
698873,0.04805758137915361
698874,0.9998035429148187
698875,0.10948746548749377
698876,0.996511234441006
698877,0.6748970104980163
698878,0.9956026643338673
698879,0.808320946117013
698880,0.5212729875913943
698881,0.06979828254542311
698882,0.9994013316219141
698883,0.9994496914601781
698884,0.9998930275824349
698885,0.6842971106095261
698886,0.010087951975579037
698887,0.9994526426573324
698888,0.8735317980745179
698889,0.98211323664355
698890,0.9987416986585698
698891,0.2589475259374023
698892,0.905070049825774
698893,0.5315552919556611
698894,0.9986205091124996
698895,0.9997851064056696
698896,0.9754377059465872
698897,0.9998762556709146
698898,0.9999006644223384
698899,0.9555660743246552
698900,0.9743548499507617
698901,0.9999774969941551
698902,0.8916328931717838
698903,0.025424536389674103
698904,0.9995130349738088
698905,0.8561047301383251
698906,0.3464744819069313
698907,0.6765972402427132
698908,0.9997222579037452
698909,0.687646492353327
698910,0.9994691180077571
698911,0.9961126649380361
698912,0.3468506331228557
698913,0.611156240317412
698914,0.0123849561738487
698915,0.9999803001493638
698916,0.9998195162438237
698917,0.33534179931049324
698918,0.9996401196503502
698919,0.998525876322994
698920,0.784889750413718
698921,0.9963533826973968
698922,0.9993797395225894
698923,0.10821121428126887
698924,0.9894128050687501
698925,0.9997627542943098
698926,0.9996533131657622
698927,0.8919476008129806
698928,0.25359931422567583
698929,0.7223265290286824
698930,0.9998807595568304
698931,0.018915708324228526
698932,0.9976649459771488
698933,0.06558266353620117
698934,0.9881821593217581
698935,0.3390137214347116
698936,0.9997078886452722
698937,0.03607230355083261
698938,0.62329106890256
698939,0.05057198015789784
698940,0.8697397954433708
698941,0.02100120047524815
698942,0.005118698598463382
698943,0.8998296817764164
698944,0.4050495193627155
698945,0.987962122291351
698946,0.976773566330281
698947,0.9929383723104157
698948,0.9981915321401396
698949,0.964338245963257
698950,0.07934096110489168
698951,0.9996700108469978
698952,0.9475787501976127
698953,0.9974789442401721
698954,0.993558297523103
698955,0.9992390988008016
698956,0.09297323571618803
698957,0.9999527317351862
698958,0.9999530620090042
698959,0.9997504651365414
698960,0.0740682541621938
698961,0.9025783672039795
698962,0.894371494666492
698963,0.5509028371751661
698964,0.9999026460576045
698965,0.05489588006857257
698966,0.5519064693395994
698967,0.999808368379532
698968,0.08444604913898594
698969,0.9760523246352346
698970,0.5172771538539828
698971,0.9996599419569174
698972,0.9999701061773967
698973,0.9998309144945625
698974,0.95895408364199
698975,0.44761640475519693
698976,0.999861612616499
698977,0.9837825021033422
698978,0.8614775540607271
698979,0.6307582396772696
698980,0.26787398513843985
698981,0.999773025805315
698982,0.8960254820277495
698983,0.9998301094171883
698984,0.07037593353555958
698985,0.7024016037978321
698986,0.6371691766767613
698987,0.9995284544033347
698988,0.9999495894152415
698989,0.9983784263415256
698990,0.6829219716480234
698991,0.6615774855277501
698992,0.6439116180535333
698993,0.962391897350636
698994,0.13986209086670776
698995,0.08970360263770308
698996,0.9523180119681556
698997,0.4653458076841041
698998,0.9997246753574917
698999,0.9999664609832299
699000,0.9937731637367639
699001,0.9975668102414368
699002,0.10090118694879438
699003,0.9998267458781094
699004,0.8631992710470933
699005,0.7871542497165782
699006,0.9323791497092111
699007,0.9999895921941875
699008,0.8668821460192904
699009,0.19949052410101809
699010,0.9995979678372879
699011,0.8865642695261373
699012,0.9999579438396937
699013,0.8600404891422238
699014,0.6455739956999246
699015,0.6010973314742687
699016,0.1311502234890923
699017,0.9942715944377756
699018,0.38435530190458245
699019,0.9999198277156423
699020,0.6434256199441734
699021,0.9999556811052626
699022,0.9978781959054339
699023,0.9998417979005761
699024,0.9999156131085768
699025,0.5253478525318319
699026,0.35755627692299885
699027,0.9990865459735954
699028,0.41685263367996406
699029,0.15300531778696203
699030,0.9919293593695064
699031,0.003042627981101757
699032,0.9807663373218972
699033,0.9993132961708306
699034,0.9583321727567652
699035,0.9922290679210908
699036,0.13912104663492492
699037,0.9998977794808682
699038,0.9934039986645098
699039,0.9843146885769333
699040,0.9992458802888494
699041,0.17061425525579577
699042,0.9990984316995819
699043,0.01345347549040892
699044,0.8352892273268586
699045,0.9995667842250162
699046,0.6778551802832613
699047,0.9998474712464238
699048,0.20204221697355246
699049,0.0577408546546202
699050,0.2904905516460586
699051,0.9939930274597866
699052,0.9997419807421457
699053,0.9660601845144008
699054,0.34357044874459053
699055,0.9998257068567384
699056,0.478707727670849
699057,0.9207779123378067
699058,0.9846259110155569
699059,0.3477708625079411
699060,0.9969721091345616
699061,0.9998463469282796
699062,0.9562556065534407
699063,0.014723311488327244
699064,0.9986134208818994
699065,0.172722460706561
699066,0.5353503286144417
699067,0.999361737361647
699068,0.9716797577380902
699069,0.9987792820190247
699070,0.01452730498044676
699071,0.9532198060928965
699072,0.9300387596984414
699073,0.999977772569004
699074,0.9998957477611001
699075,0.18213966329216877
699076,0.5081520643681998
699077,0.9963986260020435
699078,0.8831644150213587
699079,0.49692872836101115
699080,0.8020240643991629
699081,0.7813224742845178
699082,0.991503296073436
699083,0.9655176057986463
699084,0.9465668931465316
699085,0.5968087371352119
699086,0.9997008813160648
699087,0.9962674253587147
699088,0.8736697868740333
699089,0.28776294741573066
699090,0.997786541070778
699091,0.2865482849145812
699092,0.9995313798194263
699093,0.5639655665110959
699094,0.48115849759314716
699095,0.2841962932036556
699096,0.1538387472252434
699097,0.8727624588628479
699098,0.27574828670231755
699099,0.826805815968833
699100,0.6834241312021176
699101,0.9999857557570664
699102,0.8173659646517568
699103,0.9232620343628406
699104,0.9999647015147484
699105,0.9990103639079455
699106,0.8820821704498225
699107,0.9812754505730762
699108,0.9988445728308493
699109,0.16573954486695303
699110,0.9268352891825888
699111,0.9818018233939007
699112,0.9425233636711858
699113,0.9990888539703651
699114,0.01983086710041724
699115,0.9882277889851867
699116,0.9996580382548078
699117,0.9978459704659202
699118,0.9999867335273225
699119,0.030235025304036132
699120,0.03394882601195477
699121,0.999833673735697
699122,0.6426210230208403
699123,0.9990972964421412
699124,0.33742381789238607
699125,0.999362436817012
699126,0.14773881154171087
699127,0.9998870013698787
699128,0.2607517235706272
699129,0.9913671999275073
699130,0.029142069629077068
699131,0.22071713783081348
699132,0.8794869535685257
699133,0.1262222607769665
699134,0.8248954088343634
699135,0.5232648143516234
699136,0.9963157160156861
699137,0.9999247774346156
699138,0.9615776151745661
699139,0.008411136536593734
699140,0.4171526470126352
699141,0.9987999797060693
699142,0.901605304202477
699143,0.01819648065347508
699144,0.9790688663020689
699145,0.677440574937379
699146,0.9998991313910552
699147,0.9986206992683027
699148,0.9379816803162819
699149,0.9998254610358962
699150,0.9999214496621066
699151,0.9942951895668103
699152,0.4794645007579212
699153,0.01523173063780527
699154,0.7991902444051164
699155,0.8106367453237165
699156,0.14294608948147797
699157,0.16511913688934832
699158,0.0723030949304985
699159,0.9999015994517695
699160,0.9984409809054883
699161,0.9649893963841021
699162,0.5948894888585265
699163,0.5447253614585723
699164,0.5660357902022224
699165,0.951978160414275
699166,0.006080218215103928
699167,0.9345363001121538
699168,0.6200086572131962
699169,0.8848921821626538
699170,0.046625690394648305
699171,0.8988417834540035
699172,0.9986012834296835
699173,0.03378996637417825
699174,0.07954415474136582
699175,0.8271452902678758
699176,0.9647555376796335
699177,0.7764338516818191
699178,0.9998037442365335
699179,0.032974617132312485
699180,0.9880821604187082
699181,0.9678011618275875
699182,0.9831196307291818
699183,0.9928977656133762
699184,0.16721033818076958
699185,0.9839644206691573
699186,0.8002847046470021
699187,0.9999387212510882
699188,0.987148887493509
699189,0.9942678010009713
699190,0.6145352536164213
699191,0.9941763613745198
699192,0.9999583230380398
699193,0.9870699672218352
699194,0.9999658059390912
699195,0.9927334460327788
699196,0.9934319105703304
699197,0.33924965246480004
699198,0.95710713900445
699199,0.9985905880869441
699200,0.9998915540006301
699201,0.9998627613580907
699202,0.9785135104928326
699203,0.397675567444601
699204,0.08969653323465432
699205,0.9993580270985306
699206,0.9986338777374248
699207,0.993276619106108
699208,0.7803882400080282
699209,0.9971858234348228
699210,0.9781919319047008
699211,0.9420642542266455
699212,0.9955057430309795
699213,0.994152428045509
699214,0.9997216815437517
699215,0.26351845080576325
699216,0.9981056448133513
699217,0.032605192759821953
699218,0.9999610072961755
699219,0.9955755665615623
699220,0.9981565381049801
699221,0.7561282458214638
699222,0.46927450514418745
699223,0.9999359529707412
699224,0.9994759124413106
699225,0.1553364690733358
699226,0.2162874839631774
699227,0.2313807781542189
699228,0.9999552123767667
699229,0.8375864622484916
699230,0.9992135529559105
699231,0.007454386801398113
699232,0.45473161308449617
699233,0.999991486141506
699234,0.9998372590213733
699235,0.43696991746030966
699236,0.8342315745057048
699237,0.050440273040660566
699238,0.9575342925186529
699239,0.9989712790605467
699240,0.9999568732540314
699241,0.866934114282963
699242,0.9997990495736395
699243,0.8688746445664324
699244,0.14179512297130195
699245,0.41979037356010296
699246,0.506409741123343
699247,0.9999810465973156
699248,0.41507859733866914
699249,0.575124562178779
699250,0.999356231089606
699251,0.020798774353365055
699252,0.16580652822584432
699253,0.9997583031056612
699254,0.01356507973561001
699255,0.32440161888144164
699256,0.15645402796468186
699257,0.999644061817088
699258,0.9955635962081223
699259,0.9878709065791988
699260,0.9998809178015122
699261,0.8550976770402832
699262,0.299837140304061
699263,0.999857398506873
699264,0.6566022261360673
699265,0.9988966896965497
699266,0.9938871814874183
699267,0.06654949218717582
699268,0.30161621506149716
699269,0.03702928335416855
699270,0.9999401606094558
699271,0.6102297957572044
699272,0.9969721003596649
699273,0.980658320378528
699274,0.9527439770883175
699275,0.9958890321999557
699276,0.4451363534572089
699277,0.9999563531443144
699278,0.971336971360732
699279,0.9996317811727653
699280,0.9998264475750117
699281,0.8393231451325291
699282,0.9996182242899959
699283,0.9996717172915708
699284,0.03297463990478024
699285,0.2369382865205833
699286,0.9321128310267167
699287,0.9971729374756553
699288,0.005730709953541186
699289,0.9125463069340685
699290,0.8262176380319344
699291,0.9999449000540689
699292,0.3893247724877793
699293,0.01443928010590005
699294,0.9976527189094598
699295,0.4880543355821142
699296,0.8359801152615549
699297,0.9976838660578367
699298,0.9998525454320817
699299,0.7651592362215021
699300,0.07088474192792041
699301,0.9999758550773565
699302,0.9270891391912996
699303,0.5341934374093475
699304,0.9958274705833923
699305,0.9061017715029519
699306,0.5901412633621825
699307,0.7916295692947193
699308,0.06475670374500826
699309,0.9888385049991858
699310,0.8876667215152738
699311,0.17274621164651355
699312,0.16217253830545109
699313,0.9994605725264688
699314,0.9421277023487852
699315,0.9238225214440141
699316,0.1455114222262247
699317,0.5601673407238665
699318,0.9957934307444873
699319,0.15468368210061148
699320,0.18018417094438785
699321,0.9568219633016611
699322,0.6495149904081512
699323,0.7518889207116259
699324,0.9864673508218949
699325,0.9994831512398524
699326,0.9994649154305019
699327,0.9065986920353308
699328,0.9624928475884068
699329,0.6309085573772231
699330,0.9913165118533249
699331,0.044016413468567814
699332,0.9934694396020851
699333,0.08561971956680049
699334,0.7166358894085433
699335,0.46496716740702065
699336,0.9598000859027087
699337,0.9995729249651645
699338,0.7446311214001224
699339,0.14570780401767647
699340,0.4803720095801461
699341,0.974853244509237
699342,0.8487579588557235
699343,0.9995432936357078
699344,0.9948798643908419
699345,0.999520901305395
699346,0.8962735804080892
699347,0.4041601009828266
699348,0.9989802075299204
699349,0.9878216924244991
699350,0.3954985527482092
699351,0.4340851107190969
699352,0.9937187542324417
699353,0.9984263600807302
699354,0.9325060859950913
699355,0.9212414968898124
699356,0.9999728082941848
699357,0.9724619873465022
699358,0.4574076879309652
699359,0.9966880596556683
699360,0.048321452678133106
699361,0.8982824276333853
699362,0.999994217174487
699363,0.9383503475257836
699364,0.8744774989308126
699365,0.999982869586699
699366,0.9995690976054041
699367,0.9999634667113086
699368,0.4877286043676708
699369,0.10445306457807832
699370,0.7239903473682218
699371,0.9996113061066584
699372,0.9999422821192319
699373,0.9993657926188375
699374,0.0643325524331196
699375,0.38130718851702317
699376,0.9959891541733116
699377,0.3405545612825034
699378,0.9922685961939328
699379,0.995702346244874
699380,0.9996121954901183
699381,0.9817162702157083
699382,0.9999119493881483
699383,0.1387557152190456
699384,0.997823457065147
699385,0.9999853471267718
699386,0.27949070213817356
699387,0.5193782886868116
699388,0.22107624763242728
699389,0.9997664554878973
699390,0.9979083596238231
699391,0.9676100045736713
699392,0.002514569043009916
699393,0.0868082277612223
699394,0.046664350050180436
699395,0.5256927314882757
699396,0.1430261853514904
699397,0.6372997906819664
699398,0.32251512937653254
699399,0.03120543390251595
699400,0.9999343813321862
699401,0.8814675957342787
699402,0.995391093998319
699403,0.9999463158581161
699404,0.7612548725199719
699405,0.9997946103271824
699406,0.5178612652935694
699407,0.9992070203627652
699408,0.5030881048430043
699409,0.999870635945001
699410,0.7134895359960094
699411,0.9853887045113476
699412,0.9997833801752595
699413,0.9997385470030523
699414,0.9992739332051219
699415,0.20847973637148656
699416,0.26016553873056253
699417,0.9999883529829872
699418,0.9997502515185384
699419,0.3404748743743373
699420,0.11242794395739703
699421,0.0156430801658966
699422,0.7683124093245809
699423,0.05496789548534577
699424,0.943096550789793
699425,0.999963847015314
699426,0.6857984549802614
699427,0.7396361979393098
699428,0.9998886308717387
699429,0.0609481551871815
699430,0.1505594024286899
699431,0.7197824404543295
699432,0.05964230221230975
699433,0.5720432820376928
699434,0.00470182904752291
699435,0.08755862238276556
699436,0.9798998055699377
699437,0.09458683458053999
699438,0.9997687494846956
699439,0.9882513736874821
699440,0.14150465607723178
699441,0.2314410384892107
699442,0.9999717315378454
699443,0.9901271119907022
699444,0.9992793977381199
699445,0.7847519329714875
699446,0.8370089451340872
699447,0.5511801852329034
699448,0.010087667361395106
699449,0.3882014190933965
699450,0.9999604894375143
699451,0.8130491584490859
699452,0.9998769752108427
699453,0.49963805831114716
699454,0.8212863086861858
699455,0.06705319206991055
699456,0.007342378809499451
699457,0.06050869284420691
699458,0.9841707711477296
699459,0.9442659268601661
699460,0.963313224471277
699461,0.9566206940587911
699462,0.9975056157494409
699463,0.999744785663155
699464,0.0077983382612992445
699465,0.18470920038656527
699466,0.9767428747027638
699467,0.9999628665273543
699468,0.003417792524380513
699469,0.11381368392153333
699470,0.9999843648132934
699471,0.9978418078459237
699472,0.9446646912851262
699473,0.9987931379996168
699474,0.12319924135073437
699475,0.997393948718094
699476,0.9997257225802574
699477,0.667920828102119
699478,0.9982337356451989
699479,0.999526016784614
699480,0.9971971113355222
699481,0.9840991040062641
699482,0.14037799437049425
699483,0.9848850007118802
699484,0.00850404255762639
699485,0.36953664407926523
699486,0.6328576403054391
699487,0.034841005619660935
699488,0.9989788212933235
699489,0.5975428867920698
699490,0.26868846831097964
699491,0.998373840099265
699492,0.9956484096435
699493,0.16694011141299397
699494,0.5125601815649807
699495,0.9079935906906912
699496,0.5972861885754895
699497,0.017030540260547282
699498,0.9957255889826612
699499,0.9999302032683705
699500,0.38987378638599035
699501,0.6835041598705387
699502,0.6274058557191037
699503,0.9825096367152722
699504,0.24984578765454768
699505,0.9692386895476967
699506,0.14993964407305302
699507,0.12871804324357763
699508,0.9984238115192262
699509,0.277715875240698
699510,0.5652338791847982
699511,0.9995734121331483
699512,0.3621012613352539
699513,0.999727877122629
699514,0.9998663239211778
699515,0.037781091491233376
699516,0.9999839551191598
699517,0.999559746595226
699518,0.17545030566453576
699519,0.44525028041774933
699520,0.9999948305398181
699521,0.9526870698213478
699522,0.9998871986178344
699523,0.2613733025689398
699524,0.2483342287286988
699525,0.6546745422189824
699526,0.7549941473560599
699527,0.17156604958268967
699528,0.8788027038752713
699529,0.9999387283066057
699530,0.7686689762816978
699531,0.29105814569195676
699532,0.5036471238760795
699533,0.8129729135008742
699534,0.9974217706835746
699535,0.006600371636304532
699536,0.8703399579857116
699537,0.9847787397328459
699538,0.7409868501956847
699539,0.5228001212648405
699540,0.9605747011609891
699541,0.9268606388366416
699542,0.9998977599671572
699543,0.04007618983914332
699544,0.5437374303303404
699545,0.7134577407782212
699546,0.8938813963371914
699547,0.17589755026073384
699548,0.6099724802567835
699549,0.14656746221890246
699550,0.9931032110601719
699551,0.6178042374003023
699552,0.9954054473162557
699553,0.8295123178124062
699554,0.9998342292144449
699555,0.06617833589405679
699556,0.6368149259754141
699557,0.9932642405335494
699558,0.9995423972326862
699559,0.9997329761693496
699560,0.999460921623423
699561,0.9747204914345632
699562,0.994921087349772
699563,0.9999785863861305
699564,0.9999874614148367
699565,0.08043235689749947
699566,0.32480867472380115
699567,0.9647600583527067
699568,0.9994556408693673
699569,0.9996453309593716
699570,0.34573919756623206
699571,0.9388844437815783
699572,0.9998698640506091
699573,0.8637613205831012
699574,0.99985629274835
699575,0.9999904338523062
699576,0.999769102535324
699577,0.9997693138117962
699578,0.9936179882174376
699579,0.9965920826019977
699580,0.9523314903984201
699581,0.09027667419303105
699582,0.10627198558433568
699583,0.984852049303051
699584,0.9998141072541524
699585,0.08362031501107947
699586,0.9052397715745599
699587,0.6861209057769055
699588,0.9999420710470374
699589,0.07990392398465261
699590,0.9999030259410464
699591,0.9998966532547462
699592,0.7694728020152173
699593,0.9999365664701845
699594,0.21638664818306413
699595,0.9951151820732391
699596,0.09137833167470442
699597,0.9998086004899126
699598,0.9996495831264073
699599,0.99978012662577
699600,0.9996503514659093
699601,0.9979132966394633
699602,0.9999321274897991
699603,0.24606479268254403
699604,0.9127924914673713
699605,0.9999273919635651
699606,0.2731799842257611
699607,0.3224201275621128
699608,0.9850167383946953
699609,0.5940352899645329
699610,0.22650371077120765
699611,0.01948369976290818
699612,0.6971948577338497
699613,0.9937993867276375
699614,0.667228066357414
699615,0.24327745091133432
699616,0.5952646815717398
699617,0.9988250629776063
699618,0.9999921605220567
699619,0.9999109476372763
699620,0.9985592214692579
699621,0.9998710962122541
699622,0.9988898514626319
699623,0.9980710870489933
699624,0.9829793400058133
699625,0.089588899707737
699626,0.004992876820417442
699627,0.9999163712618206
699628,0.9951897913776035
699629,0.35162578373059294
699630,0.9999594339410245
699631,0.9999939719807225
699632,0.9645110227965625
699633,0.9953456096010125
699634,0.014448666442691535
699635,0.9983222598670691
699636,0.4324262724680113
699637,0.033633501164346595
699638,0.11186403832850761
699639,0.9998701553619296
699640,0.10736913398638415
699641,0.9955751744827166
699642,0.7967339127332342
699643,0.9990064552893969
699644,0.5438865253825806
699645,0.9998685164077817
699646,0.9812728841011105
699647,0.6999481684252564
699648,0.9994116352642617
699649,0.7692363386241458
699650,0.0087959501242219
699651,0.03853359835748274
699652,0.9968962840988871
699653,0.9943097183001481
699654,0.9192614762702844
699655,0.46867721256884054
699656,0.9945852297230859
699657,0.20355952358211993
699658,0.9995918465881171
699659,0.9955639905866087
699660,0.7823615111831536
699661,0.9293616773996438
699662,0.994382838164767
699663,0.9855815912651579
699664,0.9998941711958494
699665,0.9998165465159367
699666,0.9997993420177806
699667,0.9983383066077028
699668,0.9865530156857353
699669,0.9999840568480564
699670,0.9946111299808988
699671,0.9998923997722211
699672,0.1340521900800236
699673,0.47305174002159245
699674,0.9592437187086953
699675,0.9995134657970274
699676,0.4786600665753669
699677,0.9995381453231504
699678,0.9511310775674597
699679,0.9967220315620291
699680,0.999970200216758
699681,0.9990524567506209
699682,0.8133637454360556
699683,0.9994966317882591
699684,0.3264256864787539
699685,0.9894040841940703
699686,0.9462857425110112
699687,0.6301643362823498
699688,0.8101275315648492
699689,0.999578590173773
699690,0.996928769083359
699691,0.5995921031576107
699692,0.9997420429273984
699693,0.1294209451122402
699694,0.9995813067369467
699695,0.999771723988655
699696,0.30579088225867773
699697,0.9996598081371639
699698,0.9866054431769252
699699,0.8924144960243088
699700,0.13087548249909012
699701,0.8844326267114604
699702,0.05047701398667265
699703,0.9992353051567924
699704,0.30905236890168825
699705,0.9999532074817719
699706,0.8582237295088695
699707,0.7450632759765378
699708,0.2083419082150525
699709,0.08205083620052377
699710,0.9936101881279749
699711,0.9766779665457161
699712,0.9929733316944294
699713,0.9977845620076717
699714,0.2868625137120669
699715,0.9720033320744045
699716,0.9714201415745736
699717,0.9912464547867679
699718,0.9861651727053861
699719,0.3857400160996024
699720,0.8246056127897077
699721,0.9977905107149325
699722,0.975403915500437
699723,0.7639127283018246
699724,0.9855906406050692
699725,0.963776533209432
699726,0.7223903070854055
699727,0.5669516145289598
699728,0.9766390860685132
699729,0.9979870607505854
699730,0.999398124928858
699731,0.9869258090977466
699732,0.6045470945415917
699733,0.9691318812502056
699734,0.15935838714285222
699735,0.8723121519843874
699736,0.9993531552003083
699737,0.48006892563133446
699738,0.17062560473977106
699739,0.9037305846810266
699740,0.47450545272667827
699741,0.9840501609568335
699742,0.9999177466091527
699743,0.19591336292892758
699744,0.9999395174601725
699745,0.673061361949617
699746,0.997198365293648
699747,0.9953338703117252
699748,0.9476146686292561
699749,0.6408518947071346
699750,0.9966877056732515
699751,0.33413627544852587
699752,0.2890198507170992
699753,0.9995338030077424
699754,0.09326464982876785
699755,0.0592869227630533
699756,0.23813334526535368
699757,0.9996505045919928
699758,0.9999668614775958
699759,0.9841723438155778
699760,0.8677824300947605
699761,0.9998172380180808
699762,0.12465627183850458
699763,0.9996491321130332
699764,0.9999613953495212
699765,0.9999855340248751
699766,0.23966364116628866
699767,0.9824615021230689
699768,0.06902881449787814
699769,0.5444999692984513
699770,0.9987869997457302
699771,0.9999451314055681
699772,0.5414820277147236
699773,0.964827303401433
699774,0.9969455331602618
699775,0.9891596662690411
699776,0.9977227057911819
699777,0.9946590656339924
699778,0.999939306966859
699779,0.8563939736838276
699780,0.9999963851131006
699781,0.481583330510598
699782,0.08135496604426422
699783,0.9999614203847482
699784,0.7847074681106132
699785,0.5769696228715062
699786,0.03504990965476007
699787,0.10761378030233316
699788,0.026784315543352043
699789,0.8499676709442494
699790,0.46501277174153216
699791,0.3564147455677519
699792,0.9904744194313677
699793,0.8342769451210881
699794,0.9726085984796864
699795,0.012476542118385059
699796,0.21015773157357445
699797,0.3808871735766926
699798,0.263524427764825
699799,0.00282738123088082
699800,0.2784943753718921
699801,0.3922747567532659
699802,0.01226121894748038
699803,0.7659253164345683
699804,0.30194595559409937
699805,0.9998392323153438
699806,0.9998156299011588
699807,0.9375002581327951
699808,0.026458133961316313
699809,0.5801914596413251
699810,0.9614798303291209
699811,0.8470530157891353
699812,0.9986898798080341
699813,0.2691633513295204
699814,0.7025386619917924
699815,0.5912688015963039
699816,0.9996729864363967
699817,0.9956688028292067
699818,0.9976708729950634
699819,0.03584868963404301
699820,0.9496459686908438
699821,0.7890935678924547
699822,0.9992282826725009
699823,0.016520151212304178
699824,0.02150544550470679
699825,0.9455365659666117
699826,0.999944426034761
699827,0.9738072924061805
699828,0.38627179313161797
699829,0.9424880324554527
699830,0.8180242365926418
699831,0.04643494179601063
699832,0.18883340238116647
699833,0.37113278729137245
699834,0.07412084033052062
699835,0.7473889598054494
699836,0.16605158231151754
699837,0.9998609398059009
699838,0.7687152933157864
699839,0.6855393660486024
699840,0.998796993282155
699841,0.25252276407512453
699842,0.9999245672995187
699843,0.9479248016607463
699844,0.9953387567281269
699845,0.07339025652646256
699846,0.9995341998795592
699847,0.9994389461658265
699848,0.7102779059148492
699849,0.7819768371538491
699850,0.9996226767229265
699851,0.5332297778643887
699852,0.8461674623612709
699853,0.5883879881153448
699854,0.9406011739714882
699855,0.9960790864860717
699856,0.08060683630945231
699857,0.14034349982408995
699858,0.9992327736302812
699859,0.957658887150338
699860,0.2967852400084109
699861,0.42958187721297775
699862,0.011779640516828543
699863,0.9162967812342365
699864,0.5849005990215119
699865,0.999859991272815
699866,0.16682504098375617
699867,0.9999436484248189
699868,0.9413113406858956
699869,0.32257382463749024
699870,0.9865723346375223
699871,0.6838999274969548
699872,0.9997255126003836
699873,0.9999470155162338
699874,0.9980586236020531
699875,0.9919241251924459
699876,0.9718864519032215
699877,0.9999784055654662
699878,0.8161401928479375
699879,0.09736037480457425
699880,0.9986933995185012
699881,0.9901771567316271
699882,0.04485717103507582
699883,0.8303282722487615
699884,0.022866309081098816
699885,0.9999169657877631
699886,0.9779397255222715
699887,0.5104180510796381
699888,0.9852707024125036
699889,0.2957178498887042
699890,0.4260598632402186
699891,0.9091393073176123
699892,0.04051670997053061
699893,0.9988469258973269
699894,0.11921886816131697
699895,0.7318752857693245
699896,0.8047663477255822
699897,0.9957084344830623
699898,0.9882005921022842
699899,0.9718835865319764
699900,0.029844069467775753
699901,0.9996091372760283
699902,0.22627802453302256
699903,0.9996005274914381
699904,0.02206237199386749
699905,0.11588672126216426
699906,0.03863436578601599
699907,0.9995225001559465
699908,0.6778448850166028
699909,0.20145183567284003
699910,0.9997578308492404
699911,0.12283325320903964
699912,0.2603713115520395
699913,0.3164868095947436
699914,0.2511544071806928
699915,0.7239377897769262
699916,0.08043172229617603
699917,0.9984893044458554
699918,0.7553237631353044
699919,0.041917838242010105
699920,0.4058884052460341
699921,0.6700479594633368
699922,0.8896563577541206
699923,0.9998731843225719
699924,0.9977557652979692
699925,0.9999401949043587
699926,0.7723316544315466
699927,0.999372077349421
699928,0.27904102523373747
699929,0.9979125600531592
699930,0.9978117753622897
699931,0.9999675775808599
699932,0.20681753486811555
699933,0.010708142079375961
699934,0.9961530797465222
699935,0.09874177188173755
699936,0.7506236251615994
699937,0.7688890818020702
699938,0.9970300293976239
699939,0.9981136895764189
699940,0.9931286593249493
699941,0.9160795890828584
699942,0.9474832932127004
699943,0.9998564489026613
699944,0.8256957786374004
699945,0.9838031981485755
699946,0.17248380193985932
699947,0.2665462112655499
699948,0.9971565835437222
699949,0.4805293231270159
699950,0.42732299080828035
699951,0.9998787517481085
699952,0.9993892511307215
699953,0.999968089122556
699954,0.8309510177648785
699955,0.8429512449386667
699956,0.47635458425263216
699957,0.790090875703329
699958,0.9999171200286525
699959,0.9985166517250412
699960,0.9990015578030551
699961,0.9993787910564083
699962,0.9430724009445355
699963,0.9962080683665417
699964,0.9989891931730137
699965,0.6010627719396053
699966,0.999990894532276
699967,0.9973724314617871
699968,0.5926116163718218
699969,0.9323723690885828
699970,0.01800057931225053
699971,0.9989678224003387
699972,0.1285505979757337
699973,0.9008737587088349
699974,0.5483783118329072
699975,0.999085798806977
699976,0.9981554090113995
699977,0.8940944950093777
699978,0.9926206820432
699979,0.9088840427253086
699980,0.9996978692931239
699981,0.9994062694578567
699982,0.7899529318371856
699983,0.7780650948373984
699984,0.9998337305807081
699985,0.999973260661646
699986,0.012259437854740199
699987,0.15466674313515566
699988,0.9996088548100148
699989,0.9165334312305258
699990,0.03824240449750391
699991,0.1296841787633767
699992,0.9999807641883196
699993,0.99943804592148
699994,0.9993329134066828
699995,0.7140470763755907
699996,0.9991728374527961
699997,0.9929785286543296
699998,0.9584272629121909
699999,0.9967275605010977
700000,0.9991667266642437
700001,0.7658922464474346
700002,0.15631709143656222
700003,0.9272930727344952
700004,0.9329922874903828
700005,0.9998605461835081
700006,0.8623362854577129
700007,0.9340202192847522
700008,0.41810379195912517
700009,0.024833965015370454
700010,0.4721196244166631
700011,0.9529175104088998
700012,0.9997966415480728
700013,0.9994315558777984
700014,0.20182948083349306
700015,0.014044331653728818
700016,0.06261203423956611
700017,0.9820740364068156
700018,0.1765742447769008
700019,0.9998535895222199
700020,0.16785069569322564
700021,0.9998452086498573
700022,0.8908281428804056
700023,0.997943749808194
700024,0.9964429280139069
700025,0.5436750625981245
700026,0.911786825136478
700027,0.7196196031396525
700028,0.9996884649755745
700029,0.03158593850299167
700030,0.3354196399161803
700031,0.9474494335021482
700032,0.9972645596280039
700033,0.9520350987854012
700034,0.9998142915293012
700035,0.9997065119689099
700036,0.7614426465960376
700037,0.9999624741712884
700038,0.9986296550614052
700039,0.9993864278060175
700040,0.999954084095714
700041,0.7447607004613601
700042,0.9792146461443589
700043,0.9998762327005455
700044,0.9419173224277281
700045,0.932515227540357
700046,0.996448608096216
700047,0.9991422157283371
700048,0.9997038436974628
700049,0.025783400085891528
700050,0.9998846132609376
700051,0.0331811048915035
700052,0.8756638036846315
700053,0.9921257212945196
700054,0.9830042183334795
700055,0.007613378935582003
700056,0.22033396231095265
700057,0.9862104998346475
700058,0.9177100452975032
700059,0.999295692304428
700060,0.9996808734965529
700061,0.9999817645823634
700062,0.9992835560133614
700063,0.1784832585497021
700064,0.999348694890247
700065,0.9999487485144719
700066,0.021216560832799217
700067,0.6788364097976778
700068,0.9584485533522089
700069,0.05499919096817109
700070,0.6073487293934983
700071,0.5061060489090166
700072,0.9999203417589888
700073,0.9979648586390539
700074,0.8999596869622235
700075,0.7384196243616911
700076,0.0825419194917098
700077,0.703205702087021
700078,0.9999029923343143
700079,0.9968333045844566
700080,0.015717511135279985
700081,0.9998257811867612
700082,0.9978276700196915
700083,0.9069233887354282
700084,0.9983040043263121
700085,0.016424787698221994
700086,0.6431966939802609
700087,0.9162609420354315
700088,0.04088701477005056
700089,0.0028091204485510236
700090,0.13990975347139673
700091,0.405917534208812
700092,0.9920453296546887
700093,0.504584886190507
700094,0.999950619348702
700095,0.907529566290141
700096,0.9989138238685633
700097,0.9998220425058658
700098,0.43618968409625536
700099,0.9786180267200011
700100,0.9998743312500036
700101,0.008583255184731116
700102,0.03804850421289376
700103,0.4558895327174126
700104,0.9994628396196621
700105,0.9974826802742747
700106,0.6547820837423535
700107,0.5755747676660984
700108,0.986684185515222
700109,0.9854409757112432
700110,0.9775069333277682
700111,0.5657533622823403
700112,0.9995447940675132
700113,0.9797673166910179
700114,0.1294002530475318
700115,0.9195981328352298
700116,0.9995215866244886
700117,0.999490302209951
700118,0.45259924394583556
700119,0.9985263398081499
700120,0.5936945042721545
700121,0.7558868739548095
700122,0.1698784944292729
700123,0.9008182239758162
700124,0.9998293439619994
700125,0.3238166325682634
700126,0.38173191128422107
700127,0.86648412111257
700128,0.9329217778158263
700129,0.9486757974754745
700130,0.9999123509985821
700131,0.9997758732257123
700132,0.8456845267511586
700133,0.5656736408633516
700134,0.8745141313766001
700135,0.9996536719266793
700136,0.9999246218412596
700137,0.28392865072936785
700138,0.9902753313925254
700139,0.9998704654169219
700140,0.03192494076940581
700141,0.9997665339195274
700142,0.04764834069532361
700143,0.9999631238539575
700144,0.9984062239095437
700145,0.7316247285008028
700146,0.43439761917960396
700147,0.9222080614059333
700148,0.9883443293663188
700149,0.0954275197782728
700150,0.2553472849728938
700151,0.7326565802609125
700152,0.4178355904110393
700153,0.7596806109595031
700154,0.2866672614025162
700155,0.09996562806747164
700156,0.9994180416645222
700157,0.998199121892392
700158,0.9654180692705343
700159,0.5402248992192689
700160,0.9992598877222485
700161,0.9982096382256326
700162,0.9995858058895539
700163,0.9998795040213719
700164,0.9999512835442887
700165,0.500986483364855
700166,0.90984626997677
700167,0.9988288679073694
700168,0.9774376735605226
700169,0.9978763093726672
700170,0.9971708832484161
700171,0.9998887378573333
700172,0.3627837228958405
700173,0.8033554624983318
700174,0.9993253605619749
700175,0.952379455977262
700176,0.8604259572564855
700177,0.6363808829095556
700178,0.9990424715457102
700179,0.6917423230089658
700180,0.9997486896639904
700181,0.6816211544982611
700182,0.9999557005913063
700183,0.011713956136917386
700184,0.27882527339526225
700185,0.9690662955915583
700186,0.9979822510698539
700187,0.9961285364714219
700188,0.9882054537749226
700189,0.9998500240877936
700190,0.9014609149619937
700191,0.09770124332443288
700192,0.05565782858826262
700193,0.9487343518777533
700194,0.9997663833144892
700195,0.17909774808466244
700196,0.9998816448026178
700197,0.9407830200923628
700198,0.06145415378512328
700199,0.24477897233101326
700200,0.4776957674025955
700201,0.9999781829508758
700202,0.998538194320064
700203,0.777083156340353
700204,0.3164412356889026
700205,0.159401295701585
700206,0.9966887881810456
700207,0.0881983500772974
700208,0.19903064335595688
700209,0.3423055291845458
700210,0.11039530199299855
700211,0.9835064646141181
700212,0.6215293550076961
700213,0.10023762289279586
700214,0.7119741443298949
700215,0.14031930411859508
700216,0.7685398208659288
700217,0.1790677327375507
700218,0.99738917498484
700219,0.17632059014857532
700220,0.02408752282361138
700221,0.00842313360756879
700222,0.3732889402341869
700223,0.16493346983285392
700224,0.9997320989206993
700225,0.282337369497698
700226,0.9999144466167964
700227,0.30625868712430004
700228,0.9997810681159516
700229,0.9971201750848208
700230,0.3583611211321967
700231,0.9996833098534506
700232,0.05959302373686829
700233,0.9998418819358386
700234,0.4591577915230955
700235,0.6473944003175631
700236,0.9992923974670563
700237,0.9996303495238024
700238,0.6659807557559856
700239,0.3838510671004963
700240,0.9998954625365495
700241,0.9177396838049624
700242,0.9991817326375183
700243,0.9742073313777102
700244,0.07056272406338117
700245,0.04793305566574235
700246,0.9996546796505834
700247,0.9175404275568874
700248,0.5688704378172025
700249,0.9934262886511318
700250,0.9998688334789345
700251,0.49711776414289766
700252,0.9679395807428426
700253,0.02250078782698477
700254,0.8905350959100506
700255,0.9994289692342068
700256,0.8865457624912392
700257,0.9996400288799494
700258,0.14688314040764874
700259,0.9998247330376502
700260,0.026601560754140663
700261,0.9536501543356175
700262,0.30876208988490306
700263,0.06476497511339013
700264,0.07058342324198702
700265,0.4369438012046604
700266,0.9992231154907832
700267,0.9999448279980923
700268,0.7633333328300798
700269,0.6603185690505506
700270,0.999113244806547
700271,0.012971437052605981
700272,0.9933678229611678
700273,0.6124132431189531
700274,0.1968564438675342
700275,0.9999616342123266
700276,0.02148145325271676
700277,0.9631902043523212
700278,0.9996438461633267
700279,0.9670052153169622
700280,0.9998719061343351
700281,0.24750281859025872
700282,0.5167912810650156
700283,0.04078116211488005
700284,0.9868578447184454
700285,0.3619772595259052
700286,0.9861489192669807
700287,0.5240840659667303
700288,0.24919161506705728
700289,0.9665695786577463
700290,0.999067027302643
700291,0.369031291142758
700292,0.025020714694433628
700293,0.9999966195765106
700294,0.025784415004325524
700295,0.3717392705988103
700296,0.803434025033233
700297,0.9962217442440437
700298,0.9262672619464094
700299,0.8806155701222965
700300,0.9997533269784007
700301,0.09876528618949165
700302,0.9986958261706305
700303,0.9983472235913202
700304,0.9983465844839852
700305,0.6904039014937093
700306,0.8565062112756405
700307,0.7946105919473954
700308,0.5096195613574898
700309,0.5386880543304369
700310,0.9995911299218443
700311,0.6309675611716987
700312,0.24601914203467756
700313,0.6500680391232083
700314,0.5180599394604056
700315,0.9997674188247996
700316,0.09717969648984232
700317,0.6791646820773407
700318,0.018001307505017394
700319,0.9351499774894568
700320,0.5484082243947754
700321,0.670949721095399
700322,0.3233145644041567
700323,0.3471152237779556
700324,0.04181521322471278
700325,0.996640117605075
700326,0.06640863395388709
700327,0.9999804244935404
700328,0.9644334939290088
700329,0.4354723870998667
700330,0.9997816234403143
700331,0.9998969323410106
700332,0.996624577122097
700333,0.1310695455878717
700334,0.9091130715732485
700335,0.9987266556015547
700336,0.9413513109466468
700337,0.9143897505345571
700338,0.8965185999193238
700339,0.7205502627998137
700340,0.9978912752961835
700341,0.9997958793222976
700342,0.2398284219577303
700343,0.12303195003059568
700344,0.5946781985980183
700345,0.8943182570047068
700346,0.8917500923185907
700347,0.4964324696667838
700348,0.9606801972503656
700349,0.852564666643197
700350,0.004459693075637364
700351,0.9989505178619422
700352,0.999476119962405
700353,0.9993649998265999
700354,0.9996809665241264
700355,0.6451734606577699
700356,0.009809927480964774
700357,0.870825237861089
700358,0.9999901483980328
700359,0.8485816378820734
700360,0.9983298706157749
700361,0.99761703853508
700362,0.996708093424737
700363,0.5706952940441793
700364,0.3282082282248594
700365,0.130447229501256
700366,0.7465060749712489
700367,0.9999574554083374
700368,0.9875659902686093
700369,0.837033531536665
700370,0.8357010412654452
700371,0.9992293359066668
700372,0.9878164463718321
700373,0.5007095605945651
700374,0.9999040229164619
700375,0.9840298267761323
700376,0.8349844225701955
700377,0.9507558228981265
700378,0.8798082742715109
700379,0.7110899544644416
700380,0.999923208497852
700381,0.987668597025536
700382,0.9911942456701511
700383,0.999786693387583
700384,0.9999437405820109
700385,0.9874943578524975
700386,0.01770551579397755
700387,0.9999598845632298
700388,0.9997335879878497
700389,0.7595835076916679
700390,0.9999361949192196
700391,0.9982718387280897
700392,0.9810139084109339
700393,0.9977807360602697
700394,0.4143444138377724
700395,0.13088694857637184
700396,0.07506975355906058
700397,0.9995029102145054
700398,0.49527696801410864
700399,0.5672304435471935
700400,0.999676044920235
700401,0.998597311365061
700402,0.9744460859691673
700403,0.5721227888123066
700404,0.012978875348357281
700405,0.9798985908564617
700406,0.9998291402277371
700407,0.9856452123564562
700408,0.9999704702602388
700409,0.003835782497050906
700410,0.9995869250207845
700411,0.9978573415596158
700412,0.9726382632381199
700413,0.03871419762747078
700414,0.7905783634480649
700415,0.8537875950044418
700416,0.21974012457072423
700417,0.552484398992974
700418,0.24298204327187262
700419,0.9912999151997539
700420,0.9997173545186885
700421,0.9998958106763246
700422,0.9998529193371155
700423,0.9656131475628119
700424,0.29412006436260185
700425,0.014454081336110217
700426,0.9999516921910703
700427,0.981071927204696
700428,0.9310181214616595
700429,0.9852209746343337
700430,0.5965593297294622
700431,0.9872927667147688
700432,0.999326815366756
700433,0.9998938869809747
700434,0.7129158744591
700435,0.9983729709415576
700436,0.9997641438997582
700437,0.06260428393503004
700438,0.9770047083915623
700439,0.9998403957125844
700440,0.2556742762257752
700441,0.6820362730036327
700442,0.9932538942829678
700443,0.6537464186597647
700444,0.024675182242101985
700445,0.3609398283530618
700446,0.9999725047490651
700447,0.9993247163849952
700448,0.9969866767598352
700449,0.9830162903014378
700450,0.48461389921207165
700451,0.871686666310719
700452,0.9999181518771154
700453,0.49149935594220806
700454,0.997018562187417
700455,0.6156137053787819
700456,0.7862748845208064
700457,0.9458642707253233
700458,0.9996495799162295
700459,0.09649103458434338
700460,0.6176119985708673
700461,0.9975033850202744
700462,0.9982938546939405
700463,0.25168701457213016
700464,0.8687797265164663
700465,0.5223971922121359
700466,0.9986486811731661
700467,0.9998133163005093
700468,0.6004908180915773
700469,0.6471932145565701
700470,0.8359549793360925
700471,0.36617243227654594
700472,0.9822403401348521
700473,0.3634924120885266
700474,0.9109011819908135
700475,0.9996907580037675
700476,0.904670409413115
700477,0.47786119682000283
700478,0.9988739603265414
700479,0.13268302628356682
700480,0.670390489203551
700481,0.9407289747713894
700482,0.9980782306147089
700483,0.9764369004398843
700484,0.9948168518374547
700485,0.12431749966542036
700486,0.9917289886628875
700487,0.9850410711799911
700488,0.9999723991361842
700489,0.18640342085981293
700490,0.10395050482628046
700491,0.02062316576037329
700492,0.9991165016367785
700493,0.07446675638714072
700494,0.03238211904312291
700495,0.12294812724287277
700496,0.9963033427429466
700497,0.9552562210790018
700498,0.9611830608029363
700499,0.6912218809161523
700500,0.9994063604600727
700501,0.9997983911114398
700502,0.9955228896001946
700503,0.7868074759855095
700504,0.16397301390064123
700505,0.9999455136088974
700506,0.9961507914261478
700507,0.006814901317456566
700508,0.9180734812749441
700509,0.543460441948232
700510,0.04989406329944929
700511,0.9993145918228453
700512,0.9568483781359532
700513,0.997247509802362
700514,0.25468697040125465
700515,0.9860537651596777
700516,0.9995708322995571
700517,0.5705768661785083
700518,0.9529933306810173
700519,0.9988059530014006
700520,0.999958459891854
700521,0.9998155846753318
700522,0.997831280678699
700523,0.07917281455332396
700524,0.06937634785270604
700525,0.8322187836358474
700526,0.9700080074817328
700527,0.9896879462813181
700528,0.9986541668456039
700529,0.9915825772506153
700530,0.9999750956940486
700531,0.9783136953151625
700532,0.9982721402149324
700533,0.9962387380618671
700534,0.3132639192456591
700535,0.08013776969897118
700536,0.4297538207641015
700537,0.9966332013551104
700538,0.009434195812018646
700539,0.9997263531342093
700540,0.042907423863872425
700541,0.00619923919159338
700542,0.1960282267795609
700543,0.8413128061704135
700544,0.39684425415521263
700545,0.9995155028817146
700546,0.9981982040562252
700547,0.9613872028113647
700548,0.9700309655437995
700549,0.008319971137725648
700550,0.9999579948013368
700551,0.999974354125302
700552,0.08840919695762534
700553,0.9716988214953013
700554,0.030071429746683774
700555,0.013496464493504126
700556,0.22997952926186319
700557,0.007508086258671363
700558,0.1321213347153517
700559,0.18907983857106198
700560,0.5618779534856995
700561,0.9895725295549129
700562,0.3686201166477656
700563,0.9979856524752924
700564,0.9997850602811962
700565,0.3219433798158412
700566,0.2025017850940805
700567,0.999523693645293
700568,0.9276800249883015
700569,0.9999490474624271
700570,0.9999803734417212
700571,0.8799051053906086
700572,0.20282388975871213
700573,0.5214082368079189
700574,0.9997326622006903
700575,0.9997822409735708
700576,0.01215726179801234
700577,0.9997785478011025
700578,0.8081788548152185
700579,0.29896565205160974
700580,0.31606389991288736
700581,0.9007516429556985
700582,0.8589616603026307
700583,0.9844670597369194
700584,0.8690654265012455
700585,0.9997054872561518
700586,0.9958587330875805
700587,0.9969094211813885
700588,0.04504235883016364
700589,0.0077936759388939295
700590,0.666220665862208
700591,0.9737656774566186
700592,0.04526408732384502
700593,0.999719060013624
700594,0.9875210738943518
700595,0.007430948959503098
700596,0.9856965710274102
700597,0.9275018744234025
700598,0.9744956486716861
700599,0.9802870227883314
700600,0.07716441922419065
700601,0.999034787207258
700602,0.05370430956562599
700603,0.9981992059484515
700604,0.06648215183305507
700605,0.9999888499480587
700606,0.3472962021675118
700607,0.9221774391754173
700608,0.7862049707582025
700609,0.9215711998761702
700610,0.9997143995463109
700611,0.721990958709599
700612,0.6380408633964185
700613,0.07238870321959331
700614,0.14707638940834833
700615,0.9133875963283116
700616,0.01599423157357135
700617,0.053837428422291465
700618,0.7091541379020248
700619,0.8122130282941302
700620,0.9222409727925973
700621,0.9688344687350208
700622,0.9995765740771433
700623,0.5643160272601604
700624,0.006895055743715401
700625,0.052762859541902934
700626,0.999118805826479
700627,0.8561695370782437
700628,0.14606949521706233
700629,0.9896962796128298
700630,0.9996403749180848
700631,0.249683689393452
700632,0.9998612216854107
700633,0.9984112622505655
700634,0.5479248076248509
700635,0.9999316368538519
700636,0.5226934964213442
700637,0.9824108373845309
700638,0.050901015595950526
700639,0.3503577807057724
700640,0.9892703296558587
700641,0.9984418180964384
700642,0.9999519526978922
700643,0.9999093411239794
700644,0.9075789206835889
700645,0.7928524102496322
700646,0.23160619912167496
700647,0.9999870618874804
700648,0.9978432923993641
700649,0.03604685665041545
700650,0.9990544190723922
700651,0.9998900845698645
700652,0.986904796426999
700653,0.782715918218088
700654,0.8289314958875716
700655,0.9999749510533735
700656,0.9996989901786368
700657,0.3478683958205373
700658,0.9993601385119066
700659,0.687747557582166
700660,0.3512741135952774
700661,0.8332058609055519
700662,0.02607953215936919
700663,0.994763003990937
700664,0.9996885847349827
700665,0.7860005590274768
700666,0.9991609926524987
700667,0.9911769871008526
700668,0.9869220500640945
700669,0.3908986946008112
700670,0.1581180286322902
700671,0.9331557340915922
700672,0.43110012218928756
700673,0.99548909508232
700674,0.9998044907868551
700675,0.9187579493222311
700676,0.9999597515001339
700677,0.9998660661339305
700678,0.8990563636148263
700679,0.9790872599484471
700680,0.8819826588177393
700681,0.9997782432012112
700682,0.23886653590067358
700683,0.8417396184363952
700684,0.6574481357356425
700685,0.036797653742079224
700686,0.8330392698626947
700687,0.9999489206416409
700688,0.1586213389336579
700689,0.9997900219729636
700690,0.9997607909286303
700691,0.9999673317517132
700692,0.15383856719232886
700693,0.9990287375478883
700694,0.9940526691496352
700695,0.5890414107312649
700696,0.9998092007126036
700697,0.032557737915920454
700698,0.1904581000669363
700699,0.5174975196054714
700700,0.6117789773956993
700701,0.9999727583485216
700702,0.007843480288303119
700703,0.6267027623774294
700704,0.7268035917583449
700705,0.8341559218209891
700706,0.2267807361808469
700707,0.33013292245837267
700708,0.8239170358144601
700709,0.9997156781335873
700710,0.4138516666822002
700711,0.008010559637443283
700712,0.990673437793657
700713,0.9991555168570896
700714,0.9745560914172002
700715,0.7739474477394905
700716,0.0053974432800991765
700717,0.1162848925782925
700718,0.03871238995512803
700719,0.9979596126296951
700720,0.8868000052697598
700721,0.9930832152458828
700722,0.20228672414756427
700723,0.11050995409331343
700724,0.8116637046377241
700725,0.9997583107140022
700726,0.3887707718387623
700727,0.9995363300295964
700728,0.995873141533165
700729,0.29513334920160406
700730,0.996688906033661
700731,0.7159977998937784
700732,0.005452498370794909
700733,0.5457103590857619
700734,0.9042156622940638
700735,0.5269432247193334
700736,0.9999591666087737
700737,0.999233149504664
700738,0.91099047919116
700739,0.9960464954817556
700740,0.08914185760109064
700741,0.9994910607297582
700742,0.9907219970541254
700743,0.9770735077138336
700744,0.9999655349567768
700745,0.9972778117468752
700746,0.4762123170862706
700747,0.996031807022202
700748,0.4614883834619985
700749,0.1595395624862098
700750,0.22037636083403866
700751,0.04846701832119249
700752,0.5783040598118845
700753,0.9276684613175218
700754,0.9362283702695389
700755,0.7248778640370954
700756,0.9705230001462866
700757,0.9999465440630001
700758,0.19452894479827748
700759,0.926490346466535
700760,0.12239820653155253
700761,0.004182645738514474
700762,0.05471148690601285
700763,0.654025429418323
700764,0.999332134261141
700765,0.8620012798484411
700766,0.7628541506830004
700767,0.9811049877088828
700768,0.4416093064113683
700769,0.8704386207182289
700770,0.8652101488105874
700771,0.054171848043489595
700772,0.9355407364830324
700773,0.9943769615324333
700774,0.6767393404609098
700775,0.9999388163047961
700776,0.9981765906185615
700777,0.9999229723316638
700778,0.1306499904257517
700779,0.9992403862379702
700780,0.999717812692686
700781,0.9994048673203118
700782,0.6855689568262513
700783,0.07416869926939462
700784,0.9344915886281964
700785,0.5961835335778943
700786,0.9794812882903776
700787,0.9998363645142132
700788,0.9992145622287713
700789,0.2512952850355831
700790,0.18046137741153423
700791,0.2707458899408558
700792,0.2869023845644986
700793,0.9998695473912262
700794,0.013121601658039578
700795,0.9986913343713516
700796,0.9994519712513964
700797,0.9980777283640836
700798,0.9987451871273352
700799,0.995610686690794
700800,0.10201153782082203
700801,0.5438289815828424
700802,0.7094900369611401
700803,0.44710373445675455
700804,0.8744195818257928
700805,0.9998122589519401
700806,0.7135405726065974
700807,0.9999083383672126
700808,0.5720512431100158
700809,0.23296294735647752
700810,0.9991528962731315
700811,0.9931354300365995
700812,0.9854984552474816
700813,0.9121300810005271
700814,0.6815062973889705
700815,0.8063845080983439
700816,0.9965409103162122
700817,0.9999828360026574
700818,0.05645397444839106
700819,0.9928643262104855
700820,0.9998836756785708
700821,0.9466449065177626
700822,0.979488518619145
700823,0.8676704275728195
700824,0.997398117342942
700825,0.14209468763782568
700826,0.9996425103648641
700827,0.9978572662494778
700828,0.7265020272639333
700829,0.9969089072038058
700830,0.6931317965904717
700831,0.9998321541322353
700832,0.9998790264237609
700833,0.24999287796327405
700834,0.9989709926773679
700835,0.8204822008809332
700836,0.9969561984770715
700837,0.2918041369800367
700838,0.10005283877774401
700839,0.6130854988553835
700840,0.8664377932260965
700841,0.1730322757970179
700842,0.9969000847183198
700843,0.9996694586333041
700844,0.614120043402866
700845,0.45595160234355386
700846,0.01580168556772788
700847,0.8303234773525346
700848,0.9998932297182497
700849,0.9457801925635461
700850,0.9998287987496786
700851,0.05503625109254431
700852,0.9326298457640758
700853,0.9824121174180749
700854,0.6117641159050917
700855,0.9999302263344763
700856,0.45121144674719055
700857,0.013087226677791025
700858,0.9986065326670337
700859,0.4463663329630212
700860,0.025954969071106622
700861,0.08379289976957555
700862,0.7733939115801203
700863,0.4803077064190349
700864,0.18913892251972075
700865,0.9857237719990986
700866,0.7517776647829151
700867,0.9816003064711671
700868,0.8705869036608944
700869,0.9999354230844544
700870,0.8974809966012454
700871,0.033123863367729545
700872,0.9976297161677476
700873,0.007249622134837807
700874,0.746330115430398
700875,0.9633630898079606
700876,0.917429276690199
700877,0.9998241829530695
700878,0.9896942889613193
700879,0.033752740244478094
700880,0.45075104252059
700881,0.9998748379391244
700882,0.9643726288326487
700883,0.8535991286853064
700884,0.9198297476344084
700885,0.020829822179937917
700886,0.9994896987819506
700887,0.43574219622009946
700888,0.04037812656500386
700889,0.5074871873219556
700890,0.7706421564147345
700891,0.978572959458816
700892,0.09972548613091847
700893,0.9998999790907342
700894,0.9998884761738015
700895,0.9999629758648356
700896,0.404820617223829
700897,0.7677549631583158
700898,0.04008110482559884
700899,0.9929298316459073
700900,0.9982291534580432
700901,0.014132222454871352
700902,0.11946395709744667
700903,0.9998776851974429
700904,0.8535467578659066
700905,0.9998995584100581
700906,0.13586272318479709
700907,0.9970167376740204
700908,0.9999510477467211
700909,0.8878105596199257
700910,0.9997888125094812
700911,0.9890384260186293
700912,0.6643502409525346
700913,0.789037674839612
700914,0.9996858301460345
700915,0.9965848762101558
700916,0.9999715362215682
700917,0.9995046852851346
700918,0.8007090086723334
700919,0.9100837254600869
700920,0.9995669094416645
700921,0.9962034022551788
700922,0.9995947902107551
700923,0.3990187092896512
700924,0.9999295944905304
700925,0.035848699460139445
700926,0.9999350461970529
700927,0.12948380876313018
700928,0.802530883860827
700929,0.9999577105817334
700930,0.2213077621539453
700931,0.36725737474605546
700932,0.9987160904586192
700933,0.9830594094588597
700934,0.9995412653834232
700935,0.9865621832542986
700936,0.9998774462017213
700937,0.7340078075971973
700938,0.9999791352382791
700939,0.4468107656236682
700940,0.49478912553640864
700941,0.1345607851335335
700942,0.9999619452473656
700943,0.9238076652324686
700944,0.986258752029927
700945,0.990735148409098
700946,0.9772759132515857
700947,0.9989802945400337
700948,0.981983987793923
700949,0.9965533587061657
700950,0.8271994766591598
700951,0.999468149466614
700952,0.5057573607267759
700953,0.4050494044280815
700954,0.13262415833349894
700955,0.9999360110224016
700956,0.1182019221138661
700957,0.11424606335731403
700958,0.015258940555715087
700959,0.904441964175523
700960,0.9229685944355339
700961,0.9999473179213156
700962,0.2797225279293537
700963,0.921925630521498
700964,0.1362082912008557
700965,0.999927752426957
700966,0.05308792647000737
700967,0.965015774394492
700968,0.8740883345393053
700969,0.9939633054857079
700970,0.9932214221615774
700971,0.09430216321547613
700972,0.8083217521121344
700973,0.733111014571683
700974,0.9625732701309639
700975,0.9912366525318156
700976,0.9305997278109109
700977,0.9998325660467721
700978,0.9998417374715555
700979,0.9999374763688799
700980,0.9999442598415305
700981,0.9713442821529907
700982,0.03836605589683303
700983,0.9127479361383173
700984,0.9994030774018605
700985,0.956350086316614
700986,0.11896104395286221
700987,0.38450628243641305
700988,0.922262360056998
700989,0.9071279463272739
700990,0.028389858716684327
700991,0.8887223468502453
700992,0.9900308213064363
700993,0.9998026648513065
700994,0.9962119928347677
700995,0.07080127320136481
700996,0.20718412832211305
700997,0.9990885758212562
700998,0.9354959794262601
700999,0.9955372637772922
701000,0.35595344076844415
701001,0.9002214865481296
701002,0.8686006815830549
701003,0.11169514351427236
701004,0.9992368377467131
701005,0.007121390744985272
701006,0.5824048007641237
701007,0.015277948427538112
701008,0.3521114048472981
701009,0.9999529852299975
701010,0.9965227303876532
701011,0.45726696968560276
701012,0.978883032740609
701013,0.20635570303978368
701014,0.7063746915450134
701015,0.7613845267622377
701016,0.9998624701082942
701017,0.9964150620331109
701018,0.30297268290241186
701019,0.9999502006850571
701020,0.8872829432948484
701021,0.9992851417034077
701022,0.9998119766120324
701023,0.9979647292167483
701024,0.9983157092174351
701025,0.24169981752563113
701026,0.21756805754163555
701027,0.014618015522881956
701028,0.028335502340014244
701029,0.9999314618933289
701030,0.9999231486575044
701031,0.02881899497747973
701032,0.05099532207232531
701033,0.3487815040092118
701034,0.9796257677238273
701035,0.05435199958081198
701036,0.7884658226490697
701037,0.8753568334772528
701038,0.22076797778987034
701039,0.9996251428012897
701040,0.9999126537305034
701041,0.9910985546693629
701042,0.9999947414573529
701043,0.9998412194990577
701044,0.99398384467156
701045,0.009708722615962825
701046,0.96884222852742
701047,0.792642496355096
701048,0.9998646872238443
701049,0.1405594506021293
701050,0.9997433576333086
701051,0.5040984251796574
701052,0.687058996998414
701053,0.0328796834880332
701054,0.9988286221784709
701055,0.9522040598005033
701056,0.9817257211865906
701057,0.01270804698306096
701058,0.08102520114317846
701059,0.15819998986105294
701060,0.9995494911879117
701061,0.9238015439269243
701062,0.5459921916484403
701063,0.9550908580221862
701064,0.9964643117117999
701065,0.9995221943099092
701066,0.9692386443488852
701067,0.12429892016005141
701068,0.9805576064833721
701069,0.00394685331975193
701070,0.9459014913126944
701071,0.9741823989696294
701072,0.03967656968130817
701073,0.056871272182181534
701074,0.4705203986078712
701075,0.9999445946417939
701076,0.03259577014399983
701077,0.998789697861578
701078,0.9859116310422992
701079,0.9997436098261014
701080,0.08768392532491306
701081,0.29286468772119584
701082,0.8805587958569068
701083,0.7622275550265207
701084,0.031223151246144575
701085,0.5953533347307753
701086,0.6478531636712743
701087,0.9995232567877568
701088,0.999939597606704
701089,0.9410080994772436
701090,0.9988579202196082
701091,0.4533024145733119
701092,0.6384117754299035
701093,0.8149156868036197
701094,0.5250448224013737
701095,0.9962160232707936
701096,0.66434409239797
701097,0.9701937630196373
701098,0.7604683381835375
701099,0.9210909173132817
701100,0.9997497110630535
701101,0.9765233726017588
701102,0.9995639161653884
701103,0.9767031234067624
701104,0.9904860879471014
701105,0.9999691141745752
701106,0.012794993860791637
701107,0.9894354973203934
701108,0.36141819268661657
701109,0.9988436832612066
701110,0.9910649560231164
701111,0.9997134436544048
701112,0.9333378672231502
701113,0.37929988199032727
701114,0.6902141380962799
701115,0.9492794176713738
701116,0.9995227337797796
701117,0.5791809960493033
701118,0.014542740315565624
701119,0.5809768635774777
701120,0.9996857240154504
701121,0.999636589690515
701122,0.9730742563649131
701123,0.11166537199387515
701124,0.9107776224354547
701125,0.9986040548139601
701126,0.9783283807950288
701127,0.9083467751890782
701128,0.18428710179082858
701129,0.9307605260260878
701130,0.9997964152074698
701131,0.04230173199146178
701132,0.8504268702723665
701133,0.2067048762652488
701134,0.9989350451562766
701135,0.9999416267290845
701136,0.9991901669491043
701137,0.9997114801151132
701138,0.9997483784653272
701139,0.9734551013903702
701140,0.8796048369792133
701141,0.998502885970761
701142,0.9987001706010594
701143,0.0028889781894419434
701144,0.7265059530547398
701145,0.9994086409695392
701146,0.9991872314960433
701147,0.9897502470612424
701148,0.974366566504047
701149,0.9982423008513598
701150,0.5671901958385566
701151,0.9997904410886524
701152,0.9994345191385485
701153,0.0034801537146248243
701154,0.9950656896304222
701155,0.9460235740926352
701156,0.9656843437562399
701157,0.9990243663883664
701158,0.6125973811895828
701159,0.9941368041137425
701160,0.9080521223857583
701161,0.03455855170626376
701162,0.9848517532377206
701163,0.9843200280605546
701164,0.10212612845042754
701165,0.9996862112924249
701166,0.9978740927205583
701167,0.9925510140087231
701168,0.9948859626095521
701169,0.04508471395571051
701170,0.0026714888353460294
701171,0.9960717224795441
701172,0.11315173412524013
701173,0.9999236487966856
701174,0.994981015733164
701175,0.9995772043971994
701176,0.999713364159789
701177,0.9979693321002576
701178,0.9997343768602565
701179,0.9994132737179573
701180,0.9994547053233739
701181,0.8693411146403663
701182,0.9585063173643196
701183,0.9976867551111528
701184,0.310978429412904
701185,0.0039292209868759705
701186,0.9843567549729113
701187,0.9998936999713263
701188,0.9999370633268939
701189,0.999985332601011
701190,0.9993345801183572
701191,0.999971367452146
701192,0.36621147898820744
701193,0.6824355970362455
701194,0.662178253780313
701195,0.7050871028302785
701196,0.6389216682169727
701197,0.09826960628723869
701198,0.9999819058189068
701199,0.9488426124876393
701200,0.9664152512915763
701201,0.7336432245873342
701202,0.14454850204631134
701203,0.7910477408948458
701204,0.9359796409373915
701205,0.5904131691581354
701206,0.4312137422918897
701207,0.99721539903401
701208,0.9992392643158633
701209,0.01329345142361361
701210,0.9808140789237478
701211,0.9969184439747636
701212,0.06639747280042425
701213,0.16773935607721513
701214,0.7703954591422711
701215,0.9861823093442816
701216,0.9999652722670318
701217,0.9959232208740716
701218,0.8908369592499965
701219,0.9999189923081058
701220,0.9992009501598577
701221,0.5162923431717686
701222,0.9092456585576725
701223,0.7362232272521587
701224,0.9521193336126463
701225,0.16815525030807682
701226,0.9401454339712273
701227,0.9570815749054298
701228,0.9086150306678943
701229,0.7384224057394333
701230,0.4420091047783109
701231,0.48467441978126263
701232,0.8830813823625515
701233,0.9907105577641313
701234,0.11166924821176091
701235,0.5271560856150482
701236,0.18090802923220806
701237,0.9996727001132554
701238,0.9033918857715941
701239,0.1947555464822635
701240,0.8642202977101163
701241,0.9802120025169638
701242,0.5518907887206371
701243,0.9834437750278651
701244,0.011540279055949652
701245,0.7683434412882109
701246,0.31321448820452213
701247,0.9886281686427045
701248,0.9998344675967865
701249,0.7203253008543457
701250,0.9995147507180463
701251,0.9997968788338515
701252,0.03825858801113496
701253,0.3279475286453953
701254,0.9997915275373175
701255,0.9022246763453512
701256,0.9934912106474093
701257,0.5209240038231199
701258,0.5145012179997361
701259,0.788308703336601
701260,0.9989797679538371
701261,0.987182808533976
701262,0.9712519539383117
701263,0.45179196779051894
701264,0.9996214866214826
701265,0.9914438513062742
701266,0.07205645900418636
701267,0.8368472503220488
701268,0.9989270053941723
701269,0.999563736414611
701270,0.06139332584507723
701271,0.9996240065557092
701272,0.9887321586226863
701273,0.9982950409988042
701274,0.48994225409745146
701275,0.9995908651571646
701276,0.5721198064781752
701277,0.9997892938264514
701278,0.7323563812090028
701279,0.18721406338450525
701280,0.8297942140005794
701281,0.48277274680389615
701282,0.9892445600719503
701283,0.012191641815127118
701284,0.7669516231876605
701285,0.9992341228238956
701286,0.9995745138061414
701287,0.2973902867461978
701288,0.012975665120287042
701289,0.9950966264775433
701290,0.243804705538908
701291,0.8070167876183073
701292,0.9965038078848155
701293,0.9998844813437751
701294,0.3942611255627904
701295,0.9995384005597847
701296,0.9995789483710389
701297,0.3557380852549904
701298,0.8743301016133131
701299,0.9997284745909027
701300,0.8389743842302722
701301,0.9692608197904866
701302,0.9998043028935517
701303,0.9998415955275897
701304,0.9382778149072943
701305,0.9925805153409459
701306,0.9985399703976994
701307,0.9999569357681022
701308,0.8136510125461214
701309,0.7032403358253936
701310,0.9544817337132683
701311,0.24878505449230215
701312,0.7307933562027965
701313,0.039064332493752595
701314,0.9998918959184265
701315,0.11951006730575775
701316,0.08692426063338857
701317,0.049577739596092754
701318,0.9988898173728493
701319,0.806179713474507
701320,0.98313602340662
701321,0.02711283627585709
701322,0.28948362057140586
701323,0.9998649423780102
701324,0.906767861442606
701325,0.0452855142013804
701326,0.4925670716794489
701327,0.9657953567431661
701328,0.12600027075784354
701329,0.6732404962469244
701330,0.9990324147610414
701331,0.4963589509467098
701332,0.10568633215060304
701333,0.9999922805872753
701334,0.07876648017983905
701335,0.034151692791265766
701336,0.9999452737877929
701337,0.9998104468950695
701338,0.9992346831430273
701339,0.9992994566930993
701340,0.9998408124742233
701341,0.7938736480902
701342,0.8518816058975773
701343,0.9943645834464468
701344,0.9096999343099745
701345,0.9996853953256133
701346,0.9997639504824211
701347,0.9975985252490316
701348,0.9993094840936438
701349,0.9994533018568287
701350,0.0753418054166885
701351,0.06257005751211306
701352,0.9996998351363071
701353,0.9731127133609051
701354,0.9581531238505547
701355,0.3904729928800866
701356,0.999210857816798
701357,0.9946820222076701
701358,0.3680713468074073
701359,0.6640401680521955
701360,0.9957964941190437
701361,0.9987734354894283
701362,0.32522220928634316
701363,0.7766129879749055
701364,0.9815886280614722
701365,0.9989755157331659
701366,0.9980746485034143
701367,0.9824218694714502
701368,0.44150158031555264
701369,0.998942759734238
701370,0.7492930744275574
701371,0.9369930228049949
701372,0.4733552540637026
701373,0.3425778107839453
701374,0.9997781408729484
701375,0.8265012980459839
701376,0.9998487309296192
701377,0.9922324818990624
701378,0.9882067892424837
701379,0.6268428355248962
701380,0.08271310928589998
701381,0.1089676637373776
701382,0.9999882205897628
701383,0.7791179041221896
701384,0.25220440994233095
701385,0.9187733067910908
701386,0.9964573295527339
701387,0.017237274714536604
701388,0.9998780459621575
701389,0.03606481671406302
701390,0.9996818583381695
701391,0.7563008184198172
701392,0.9635933694871368
701393,0.26069927202046345
701394,0.8059214867832853
701395,0.035007073962521076
701396,0.9927686908430527
701397,0.9902656771313774
701398,0.2831836672019088
701399,0.9998036166360785
701400,0.8738718496006803
701401,0.9999605040241606
701402,0.007576449571066684
701403,0.3228285008880237
701404,0.019701821551996353
701405,0.17621048018073424
701406,0.999859224742403
701407,0.7328690071446882
701408,0.7969171419826643
701409,0.9985905922457793
701410,0.9997752373835973
701411,0.3991193935230929
701412,0.08355224260485924
701413,0.9997464474054277
701414,0.9692912990804735
701415,0.5891184630609788
701416,0.9997547233457376
701417,0.9999206863278753
701418,0.9992997543971418
701419,0.9861421073803716
701420,0.9996996227218644
701421,0.9998528685778658
701422,0.9998096426847878
701423,0.013143402177223075
701424,0.11290320952465177
701425,0.4122389093384551
701426,0.9974763080638469
701427,0.0122113963982664
701428,0.9926625733507513
701429,0.013507173476640282
701430,0.9611760823150538
701431,0.49515821094258494
701432,0.9520723296419684
701433,0.996539334571128
701434,0.999933810026933
701435,0.9994687004349807
701436,0.6800196378918154
701437,0.9999219260320302
701438,0.9999452513716647
701439,0.9999349654899221
701440,0.72776410850038
701441,0.9704455713786451
701442,0.41898149390734996
701443,0.023277578494693668
701444,0.9967352502638903
701445,0.9886169468784081
701446,0.989155890462831
701447,0.03239493068919761
701448,0.9997838855609084
701449,0.9995830483720747
701450,0.9755515825243348
701451,0.2925202196651867
701452,0.5895478093387987
701453,0.9999700315683955
701454,0.9957749691486164
701455,0.06069967566130133
701456,0.9704071794266539
701457,0.6358245579446882
701458,0.0911313156392495
701459,0.9998224137126721
701460,0.9437217107624314
701461,0.9997994602636302
701462,0.8780190676546897
701463,0.7336251957644142
701464,0.9634487606439204
701465,0.9999515698842674
701466,0.30941538045679284
701467,0.994341262359171
701468,0.7111038555491527
701469,0.9999809190244426
701470,0.9997313269315731
701471,0.9289663869151009
701472,0.38492928869790183
701473,0.08238281959143964
701474,0.3920592113276952
701475,0.9944817255292198
701476,0.9652508181394339
701477,0.9999560697133909
701478,0.9998836957463385
701479,0.9974479472653838
701480,0.9989248368130251
701481,0.9969692715662402
701482,0.0074830085462491164
701483,0.9965641056126189
701484,0.9241882168864466
701485,0.07458070196227405
701486,0.9956384679235873
701487,0.16091954987313145
701488,0.9474836204621222
701489,0.8173674731294989
701490,0.8997990602623467
701491,0.7282400396590195
701492,0.04547033239615211
701493,0.9964270855753741
701494,0.22913623130388863
701495,0.9909053097227294
701496,0.05326954496174659
701497,0.0249598429703666
701498,0.9998361035125222
701499,0.20532195150880395
701500,0.09345879282524408
701501,0.999089397773863
701502,0.9997556044925786
701503,0.9999327508773006
701504,0.9998180684623423
701505,0.9996963214841482
701506,0.9958227511117221
701507,0.28565091823065947
701508,0.022814104564368092
701509,0.5602365965551451
701510,0.9998887373680112
701511,0.9951054831068566
701512,0.10040145857346891
701513,0.9993922915599515
701514,0.847527247128204
701515,0.9978705906246375
701516,0.6176768776466404
701517,0.9968144513220905
701518,0.7637317383991937
701519,0.006643839872518237
701520,0.8838408273845573
701521,0.7136731517740309
701522,0.2930678455280031
701523,0.1695679198444011
701524,0.999816217387829
701525,0.09079098629149002
701526,0.9972675618535901
701527,0.0026883632370391275
701528,0.4044839498857231
701529,0.9881182732996945
701530,0.9990600452577539
701531,0.05171822446117548
701532,0.0782990610718477
701533,0.7050453642690044
701534,0.8497941054106171
701535,0.9424940312069383
701536,0.493812595974631
701537,0.5203727795096054
701538,0.7145938644965133
701539,0.9997685435769146
701540,0.05620501286832163
701541,0.9923999836198254
701542,0.9998722871778999
701543,0.9997784015042106
701544,0.6988068076316245
701545,0.13669765725576932
701546,0.5356043797565226
701547,0.2633050129325364
701548,0.7484383580331853
701549,0.9997881854509132
701550,0.9994906384511449
701551,0.1400223789421717
701552,0.999936602222865
701553,0.9955216730303529
701554,0.005448094417323045
701555,0.18619396810154934
701556,0.9134329941978737
701557,0.6031174987030576
701558,0.9148972760968721
701559,0.9983601572843067
701560,0.9917256424929429
701561,0.6152813468303616
701562,0.5745211035000177
701563,0.9764699723142138
701564,0.9999418016968391
701565,0.029596727514860026
701566,0.048572543242717356
701567,0.7885783153893998
701568,0.6400147768133372
701569,0.015125928817434874
701570,0.022523911193051895
701571,0.7465239187111311
701572,0.9994595057754767
701573,0.9824910091146981
701574,0.9593936902972694
701575,0.8052198630265719
701576,0.9766830058557634
701577,0.9979748796234295
701578,0.9952227238163132
701579,0.6863180078058121
701580,0.9795522160697165
701581,0.9994865900882187
701582,0.9965479871495695
701583,0.438910492960884
701584,0.007825458098563911
701585,0.04292870644897283
701586,0.02717481425033278
701587,0.9999302366015536
701588,0.06546923198021105
701589,0.737635947602717
701590,0.8532577376382406
701591,0.03299033014036611
701592,0.9979288858776494
701593,0.9999130700790816
701594,0.04779998701256069
701595,0.8645733006221367
701596,0.611854016335892
701597,0.002598990008151179
701598,0.9959978999624015
701599,0.7684140123150881
701600,0.9992895182360763
701601,0.0894637904851546
701602,0.9976525991006218
701603,0.722678550364422
701604,0.9995895930229677
701605,0.5828288940449858
701606,0.9938257279013226
701607,0.5294806807585899
701608,0.9999029771147085
701609,0.9996886800294527
701610,0.9649539275853479
701611,0.6091550267990805
701612,0.8363723975948197
701613,0.9995010164977434
701614,0.9967010444689639
701615,0.1325284648759865
701616,0.8879885586250656
701617,0.9997996930990808
701618,0.8449602210524069
701619,0.9996335847048801
701620,0.13952574693319442
701621,0.9945522228374251
701622,0.3745937863485879
701623,0.8495145471331143
701624,0.9999946569534116
701625,0.3222509645024719
701626,0.9990471700373671
701627,0.998456111797702
701628,0.9991614336805041
701629,0.4885248938734281
701630,0.9995069802258523
701631,0.989118183379535
701632,0.40330319343256366
701633,0.9909029128013931
701634,0.006286300566982278
701635,0.999986356932981
701636,0.9994042447770237
701637,0.6187326351419263
701638,0.9998258747418889
701639,0.9998547308578215
701640,0.8922863604883582
701641,0.9165244773091636
701642,0.9998154006513186
701643,0.005624833122353334
701644,0.9816273712287347
701645,0.9997992597815011
701646,0.3455612530421468
701647,0.9999179893834268
701648,0.9362787425432835
701649,0.6758373733216094
701650,0.0514661502281135
701651,0.8672324135062286
701652,0.09237156497025834
701653,0.6742694961827167
701654,0.779595769075577
701655,0.9998593412515955
701656,0.9996901586424787
701657,0.9998718033778213
701658,0.9997662584898657
701659,0.255452395241334
701660,0.9940467117910154
701661,0.06445461170807648
701662,0.9969632187586388
701663,0.02689105402882354
701664,0.2380940740386628
701665,0.9895681870817169
701666,0.9999840880051968
701667,0.002482648029044288
701668,0.9844092818027058
701669,0.0468565066845333
701670,0.4803666933686289
701671,0.04791650145586038
701672,0.24615323103771147
701673,0.8237173777835463
701674,0.6308561056912826
701675,0.01845790021399996
701676,0.999663558118406
701677,0.999776585623071
701678,0.19451266679180418
701679,0.9173269048613115
701680,0.3474301158852682
701681,0.9998020285055274
701682,0.9965173307216626
701683,0.7947249982318517
701684,0.11639143435519464
701685,0.9859675282625788
701686,0.9753015726534077
701687,0.9401866747958211
701688,0.9287958400978829
701689,0.9998411832603024
701690,0.9998424956465948
701691,0.9942430083331886
701692,0.9982070848830065
701693,0.9985220547022168
701694,0.9997667595654645
701695,0.9619784266188673
701696,0.25397939353887306
701697,0.9940483117558467
701698,0.025241935830852543
701699,0.7664014436122963
701700,0.9999035062913653
701701,0.9985943371701594
701702,0.9986041787189106
701703,0.8935569238944328
701704,0.9946878253461571
701705,0.9997860373929942
701706,0.1177407390542475
701707,0.9985658671241903
701708,0.9979917627573085
701709,0.995725821066753
701710,0.190963555929781
701711,0.9534537398964892
701712,0.9868367075054334
701713,0.9995094964738545
701714,0.9993420604546088
701715,0.014890484561493784
701716,0.9990071036758903
701717,0.024073817223584634
701718,0.060776642528970276
701719,0.999963323010585
701720,0.9508310636741423
701721,0.9680818222739527
701722,0.02680997307598335
701723,0.022417863498819086
701724,0.715231545941385
701725,0.16939530504023106
701726,0.9740670892069051
701727,0.9997201177314906
701728,0.6649167300621842
701729,0.8058392250289581
701730,0.6255914185975932
701731,0.3070989128360988
701732,0.1490894439652567
701733,0.9994976907578814
701734,0.9992399440333521
701735,0.9999842681887058
701736,0.9994925838606064
701737,0.9999919104451358
701738,0.9983105921730291
701739,0.927830895232004
701740,0.9870026028137239
701741,0.9999595295293382
701742,0.35560274294978544
701743,0.06858334505433684
701744,0.027516321509197396
701745,0.0291617165471358
701746,0.9559229138417007
701747,0.9998193692728587
701748,0.21549714535827164
701749,0.9999786547242178
701750,0.9142284188676991
701751,0.9501029122995102
701752,0.2962417572219525
701753,0.9998569866747761
701754,0.9998081580963354
701755,0.9835061689328065
701756,0.9997986467978333
701757,0.9999771469566907
701758,0.1761282302710928
701759,0.9999864909619007
701760,0.9996220280277757
701761,0.9985410584814913
701762,0.9639452293003847
701763,0.9978848147395518
701764,0.9998754010581216
701765,0.9981102801731461
701766,0.9953135678506082
701767,0.9997697263914529
701768,0.44219725413844324
701769,0.9996638152154749
701770,0.9803286890372466
701771,0.9941403039020682
701772,0.48897022542506186
701773,0.5753327745716992
701774,0.9999256058127005
701775,0.7159163469789955
701776,0.99565963359377
701777,0.9999899906783307
701778,0.569045050450498
701779,0.999961420999548
701780,0.6004223597753189
701781,0.24464503183412464
701782,0.9998301599447872
701783,0.013782673472919232
701784,0.5800706871808611
701785,0.9992558793989483
701786,0.8193215690675546
701787,0.9950545628552967
701788,0.9529955732987061
701789,0.0019990451486231924
701790,0.919592519585055
701791,0.7454924305345842
701792,0.010071708669158729
701793,0.01660502853540349
701794,0.9026290976865066
701795,0.9998427888705097
701796,0.975979500919185
701797,0.9989123312362443
701798,0.0036486017838173452
701799,0.31437243026984785
701800,0.9293652360876418
701801,0.9961059741951681
701802,0.4223590484581715
701803,0.6636543041960484
701804,0.9995202131490203
701805,0.12438759999477353
701806,0.7402597986597836
701807,0.9926283682115981
701808,0.8897607132371954
701809,0.999757042317782
701810,0.9998698154669547
701811,0.656239397602632
701812,0.9995389160835078
701813,0.6944425656582276
701814,0.6865734528510372
701815,0.9990048626348571
701816,0.0025676034208603495
701817,0.9910273729450347
701818,0.2978646797067177
701819,0.9946805096971272
701820,0.9928871391109009
701821,0.958695820075207
701822,0.9999646596932975
701823,0.04579488031353893
701824,0.006920613441467038
701825,0.9993146696925062
701826,0.41014027544030973
701827,0.023557168095643594
701828,0.9926901964970671
701829,0.4846194151508963
701830,0.6192007134627412
701831,0.5534430695089145
701832,0.9986711415506171
701833,0.351696639266742
701834,0.8813283149673823
701835,0.07528677388683386
701836,0.9989808631744754
701837,0.9918206418743715
701838,0.22778364752692082
701839,0.9965944522913138
701840,0.6068377453326096
701841,0.2562644121101959
701842,0.9998835840512617
701843,0.9874799509937708
701844,0.9994405731877165
701845,0.9999538003824252
701846,0.9952417732315837
701847,0.043479335671619615
701848,0.9118409102999163
701849,0.13986573008952985
701850,0.354662889095247
701851,0.9999774589189441
701852,0.09007608256749818
701853,0.999947465967907
701854,0.9899839708517634
701855,0.9997568347327117
701856,0.7022364279346319
701857,0.9990543508080401
701858,0.033259109951086496
701859,0.9874334416910038
701860,0.7400288616946561
701861,0.9982611410135822
701862,0.4873912221493614
701863,0.8014552730362412
701864,0.7622081936536115
701865,0.9973071033019317
701866,0.220345192038633
701867,0.9999592872512091
701868,0.8562068946540226
701869,0.932313367577814
701870,0.8038877401014999
701871,0.44642863726031795
701872,0.876743785109908
701873,0.7631969037684039
701874,0.5642747008498634
701875,0.06583087862994848
701876,0.9997938678787046
701877,0.33046970076193255
701878,0.6936912046079602
701879,0.9989200993223886
701880,0.6947307250600662
701881,0.28445094884634853
701882,0.11370577991354797
701883,0.9993812919280819
701884,0.6002938188032164
701885,0.7706742646738703
701886,0.4766991589852898
701887,0.9967351079302433
701888,0.032987135343307744
701889,0.8445921609141124
701890,0.7703482343951337
701891,0.9374852550224669
701892,0.6313930254708215
701893,0.15464135132924883
701894,0.4257875785836619
701895,0.3476891924848324
701896,0.26713781026285566
701897,0.9983123900032459
701898,0.9998897444803376
701899,0.7671855554727306
701900,0.16163101580069705
701901,0.999890796105975
701902,0.9993375757726533
701903,0.30838457407527015
701904,0.17691572645369635
701905,0.5743245843613197
701906,0.8326472561596967
701907,0.9996067371208666
701908,0.9978563573256924
701909,0.9996259786686631
701910,0.9349714794725942
701911,0.5378694181547187
701912,0.9941113743325193
701913,0.7892596797135956
701914,0.07154475734943166
701915,0.9982462216898104
701916,0.3737193304018012
701917,0.704122760153026
701918,0.9998532116763627
701919,0.02549236608588127
701920,0.7263910443059661
701921,0.9724448040179072
701922,0.9996821413746388
701923,0.1178567161067145
701924,0.7198012746474973
701925,0.9754819801549359
701926,0.05249334276968971
701927,0.5165503482151143
701928,0.999940077780913
701929,0.9994589604751483
701930,0.11896109864994515
701931,0.9984638032802793
701932,0.999643230979598
701933,0.02641913911465542
701934,0.9998036618068102
701935,0.9998595697021304
701936,0.9961309982151005
701937,0.048641911421962586
701938,0.9999701020537742
701939,0.5110839115566098
701940,0.4526372864318481
701941,0.5984416095877868
701942,0.022072072263339987
701943,0.8812123424134197
701944,0.966901147017215
701945,0.6061367267128679
701946,0.9999578890298404
701947,0.5205568736032625
701948,0.9971432018154172
701949,0.9985054433455278
701950,0.9967770639553624
701951,0.9187439497035361
701952,0.9999022640105122
701953,0.6350522988659428
701954,0.9997835886033822
701955,0.4146622484538387
701956,0.9111462701253907
701957,0.9619419488713129
701958,0.5401999712089941
701959,0.9998771996175002
701960,0.9995729505716408
701961,0.29590314186773375
701962,0.03206955681226754
701963,0.9997994917052428
701964,0.004044395474348804
701965,0.9994390698838078
701966,0.9118778579133066
701967,0.9995822601204573
701968,0.9998736276537177
701969,0.3894069889008125
701970,0.04789906985832767
701971,0.021041290099278548
701972,0.8023727595914223
701973,0.3607171838094895
701974,0.8112407784564797
701975,0.9854731425790546
701976,0.9994721153079493
701977,0.9580539847487596
701978,0.9999619110099099
701979,0.9338640412171536
701980,0.8673665474966775
701981,0.3385268478153912
701982,0.9995823974820304
701983,0.9984198925506154
701984,0.02344676759307284
701985,0.8917527002938335
701986,0.9993027469630378
701987,0.9839943713212992
701988,0.40587358386077865
701989,0.8355158362576888
701990,0.4870655839963276
701991,0.9999360940108126
701992,0.9970809508373611
701993,0.29547236472408384
701994,0.9983238827993223
701995,0.9935618773130628
701996,0.9898872592587561
701997,0.9997530239164628
701998,0.9792506668660897
701999,0.9611214331632256
702000,0.07459921975102428
702001,0.9003653300376324
702002,0.912282990341567
702003,0.9987983682421677
702004,0.6188128854862424
702005,0.05841935045094482
702006,0.2277745095447788
702007,0.17185232904498654
702008,0.4861674944607104
702009,0.040023774730811736
702010,0.1477964713296264
702011,0.9997990386804863
702012,0.9952045240879275
702013,0.9995499282633848
702014,0.9991581695375071
702015,0.15061046107378231
702016,0.9043345942819989
702017,0.9999191335867691
702018,0.9967677209414749
702019,0.9117130605422774
702020,0.9989730362455618
702021,0.43114107621915815
702022,0.3805977893072834
702023,0.2721996673495286
702024,0.900725739815903
702025,0.6606827700700373
702026,0.9745685926379473
702027,0.9856102247266136
702028,0.999914146765701
702029,0.6649570046757333
702030,0.038871380518490165
702031,0.9988924233682313
702032,0.9955587482737804
702033,0.9998581057269655
702034,0.3499243388336588
702035,0.41996250782839206
702036,0.9988845046201204
702037,0.7768620798375265
702038,0.7407696720225218
702039,0.9952382191180382
702040,0.08841465187576765
702041,0.7653728195016665
702042,0.9976282670718899
702043,0.9997685581883036
702044,0.009822330628350709
702045,0.9993501225650785
702046,0.7612473207057546
702047,0.03756334934633215
702048,0.9989680518052757
702049,0.9997828362649244
702050,0.0742554783766546
702051,0.15337352358934445
702052,0.06197881947248274
702053,0.9975514648451131
702054,0.9998773547991294
702055,0.23693532192647757
702056,0.3351937944216374
702057,0.04643913713840815
702058,0.8052887270854961
702059,0.0027577207250683443
702060,0.7262437501512676
702061,0.952848902080449
702062,0.9997228239537326
702063,0.9996024063590687
702064,0.9978939968154006
702065,0.8859431523687376
702066,0.9882864239299386
702067,0.9998221422425599
702068,0.8821003850091371
702069,0.9894395129424167
702070,0.3985778525305884
702071,0.9189563218655
702072,0.7196026138888516
702073,0.9207947888176279
702074,0.1488620183733596
702075,0.9123525381921904
702076,0.9999225803603691
702077,0.9999719882883886
702078,0.9850871692545786
702079,0.7670473335172561
702080,0.8183152032579162
702081,0.9989708168971589
702082,0.990882614663642
702083,0.00424826689250214
702084,0.9886298119697542
702085,0.5620455324981429
702086,0.6223833978617445
702087,0.10716447487121167
702088,0.9999909836242507
702089,0.9998658106264506
702090,0.9974938332184113
702091,0.33813230674936257
702092,0.9900718155115584
702093,0.07446172810202406
702094,0.0408830480601506
702095,0.9999490998938712
702096,0.24039584530392893
702097,0.995389764717423
702098,0.7788487259664633
702099,0.9881296668836544
702100,0.99993825814222
702101,0.9978813857929428
702102,0.040529876608333036
702103,0.17803195693346913
702104,0.9515346307953199
702105,0.9957139704860193
702106,0.9906521295848191
702107,0.9731677398298021
702108,0.9999345936217564
702109,0.6081865942941919
702110,0.9804924775410552
702111,0.4193692957010874
702112,0.9969841144222936
702113,0.6880538094735473
702114,0.82438467906282
702115,0.9996978666630226
702116,0.8852499888354558
702117,0.883433561766696
702118,0.012524027377613127
702119,0.03999900987600988
702120,0.9998360227350336
702121,0.936108461047933
702122,0.9991395215762148
702123,0.0030236302729239606
702124,0.9867079274471544
702125,0.016919149076834412
702126,0.2310173356216894
702127,0.140886163232568
702128,0.9850558761192624
702129,0.8226755642404104
702130,0.9955641267367283
702131,0.9986201989043895
702132,0.9999774165069718
702133,0.3702791783110126
702134,0.4232735262189061
702135,0.0034470919825952072
702136,0.9355595774712246
702137,0.7572539863279449
702138,0.9999745852370641
702139,0.9997910275740229
702140,0.7882231284220559
702141,0.9940102930296688
702142,0.7889226692747318
702143,0.9987022310676619
702144,0.4604671234808588
702145,0.7555293999558428
702146,0.9947082065387733
702147,0.9873336188079805
702148,0.25814865261616377
702149,0.17136176344899162
702150,0.9904540089418508
702151,0.9999374638503717
702152,0.02640575926278995
702153,0.08761890389330541
702154,0.9980177163466575
702155,0.9983553807772567
702156,0.003192152943478847
702157,0.16113307360184095
702158,0.30208882373408813
702159,0.9957179104560929
702160,0.9998728119505517
702161,0.9997001541240434
702162,0.9967293969534372
702163,0.29757484267343604
702164,0.9327089234512546
702165,0.7897921526050122
702166,0.9996727804674965
702167,0.7240823806624402
702168,0.9996880934752428
702169,0.34124132891673237
702170,0.8417298458215957
702171,0.9824719285146263
702172,0.2204520876350114
702173,0.2676128486830933
702174,0.7191115107154031
702175,0.9987901788143834
702176,0.4402044340401704
702177,0.9987456455913497
702178,0.9893536299234813
702179,0.025227575677408902
702180,0.876557241728684
702181,0.01705084294947722
702182,0.5283499591624133
702183,0.3791304871322926
702184,0.4790195373043594
702185,0.5008147358537217
702186,0.9818561049721746
702187,0.3463223401056841
702188,0.5896119926391019
702189,0.03296868453244152
702190,0.20441965184098915
702191,0.9993308935693089
702192,0.42245990472786754
702193,0.9808760436131961
702194,0.5282609233809861
702195,0.19643186567010004
702196,0.9636933733306121
702197,0.6737974221443629
702198,0.9999639081438394
702199,0.9984334785393659
702200,0.9995416188756766
702201,0.8783498128548394
702202,0.9996847489104064
702203,0.9995037388959925
702204,0.9987165012461987
702205,0.43989706677243834
702206,0.953144136855627
702207,0.6988242429672332
702208,0.9711515802444001
702209,0.9724784020432162
702210,0.7565185075915798
702211,0.1331304160674391
702212,0.6095659588528098
702213,0.99742558851257
702214,0.9659415124575756
702215,0.9532358898361457
702216,0.9999598796514578
702217,0.9996704867267059
702218,0.9970023493291874
702219,0.05511689082176841
702220,0.9980184016751232
702221,0.9994527098007376
702222,0.9090985865284664
702223,0.20573465457042406
702224,0.9997870940440031
702225,0.9934949815521911
702226,0.062303839997051524
702227,0.9541474909384543
702228,0.04237208797308135
702229,0.6573515009589491
702230,0.8858361147480065
702231,0.9867448580130089
702232,0.9874232910364914
702233,0.894671706187344
702234,0.9827456398554062
702235,0.6853634422510609
702236,0.995311882738782
702237,0.03328480170635316
702238,0.02003740727601995
702239,0.9989562828318088
702240,0.7132584788946723
702241,0.789657219010885
702242,0.9992885642839718
702243,0.9875454256710038
702244,0.39355151831921864
702245,0.9995032805120869
702246,0.9999780438689265
702247,0.9987884290377934
702248,0.7592954386962085
702249,0.9999202093814652
702250,0.8535318409498693
702251,0.9997721137715376
702252,0.6385130992984079
702253,0.8020287522218704
702254,0.06143214288039267
702255,0.27221656656941967
702256,0.3747739661876922
702257,0.9414186910279045
702258,0.999977976552008
702259,0.5261286884505361
702260,0.9999332718809143
702261,0.9359814145366483
702262,0.9975348727506741
702263,0.8194795832621441
702264,0.9999194979855016
702265,0.990182094009928
702266,0.9989134275800491
702267,0.9957721635220294
702268,0.588778598928345
702269,0.9736396177579509
702270,0.9999843684893103
702271,0.6681411073625917
702272,0.9995220192098109
702273,0.25619758080092814
702274,0.9985019952623124
702275,0.9998927714075752
702276,0.08842303578143369
702277,0.056564030980664315
702278,0.8259227074593265
702279,0.9977736648424735
702280,0.9998312705384095
702281,0.068524580981131
702282,0.16157756027510844
702283,0.999797606046207
702284,0.02357689592367846
702285,0.9169745393368981
702286,0.6394155656128485
702287,0.999978558260782
702288,0.999941162142335
702289,0.9937859407880018
702290,0.9928693192114965
702291,0.25940773667756
702292,0.06981551849221719
702293,0.3559934299848404
702294,0.7970183515415362
702295,0.01688359959221767
702296,0.9997536618195175
702297,0.9958531246138862
702298,0.9996135883424517
702299,0.9969592757627402
702300,0.6019071994255414
702301,0.7008052015085333
702302,0.995987077570687
702303,0.997670273493043
702304,0.5680710487951001
702305,0.9998842010087494
702306,0.999868699690915
702307,0.9975410703420545
702308,0.9991100446799595
702309,0.4799925287245787
702310,0.9077421158769443
702311,0.9998869948011477
702312,0.9999327722054162
702313,0.9999082363781747
702314,0.050816775958900606
702315,0.08024071925110199
702316,0.9987008188614028
702317,0.7258974871336031
702318,0.8649840823078718
702319,0.9803783311306676
702320,0.6262599951330554
702321,0.8209428009655144
702322,0.9769966766785383
702323,0.09373812603587506
702324,0.9376644184131201
702325,0.9248925335483784
702326,0.9988129661400829
702327,0.46772544211456407
702328,0.9977182753323561
702329,0.8188817162691396
702330,0.9939493441917318
702331,0.5529469412249304
702332,0.9708976104258451
702333,0.9987965240551492
702334,0.9999972737226752
702335,0.9982119378156763
702336,0.9999209569325425
702337,0.18547221632534566
702338,0.09103757971733166
702339,0.007898125372055347
702340,0.047194657899140846
702341,0.9996387573369399
702342,0.4964479856957501
702343,0.0025648896822763317
702344,0.9996113919700228
702345,0.9846379920171798
702346,0.1385446195347844
702347,0.9998951113849714
702348,0.23785585018243655
702349,0.9960546082230317
702350,0.16356585601803403
702351,0.1661203483307833
702352,0.9866955471966447
702353,0.8271369829727446
702354,0.11870673908894805
702355,0.9997560645644603
702356,0.9999669231677856
702357,0.580394101533033
702358,0.8121087421539475
702359,0.21782341545381878
702360,0.9958748676986818
702361,0.9979096195788056
702362,0.9994674994174991
702363,0.42713260509641743
702364,0.9997491062362465
702365,0.9916486520032056
702366,0.020141771638445112
702367,0.8442349690688677
702368,0.9946068244934629
702369,0.6697076027890738
702370,0.9881520639089358
702371,0.9793563405840706
702372,0.8172032367693121
702373,0.5338184426245896
702374,0.9980315648523611
702375,0.9996296426622424
702376,0.9686800364160931
702377,0.02729902233618728
702378,0.38344976338320325
702379,0.997727861031412
702380,0.02220982401355157
702381,0.288692848081985
702382,0.6288195793857198
702383,0.9997768672009041
702384,0.8380668633215649
702385,0.1715657987469915
702386,0.999839631736455
702387,0.10739505143643141
702388,0.9412821365376748
702389,0.9999660196567176
702390,0.9939117431533375
702391,0.9995488753626827
702392,0.9991472825882901
702393,0.9018678938750246
702394,0.99496947017849
702395,0.47791595260448116
702396,0.9998810933016016
702397,0.4035734384733005
702398,0.7419051363448507
702399,0.9999739449471079
702400,0.150133734528577
702401,0.9995122907247895
702402,0.6738826038237238
702403,0.023983623373807116
702404,0.9988671859500015
702405,0.9155169183745867
702406,0.792434883205952
702407,0.9964820637283807
702408,0.2583627063938155
702409,0.6187349633859012
702410,0.4507350689982149
702411,0.9928294571030364
702412,0.9131012380127488
702413,0.968499246822851
702414,0.9693383054317277
702415,0.999667756242103
702416,0.9999662496294776
702417,0.9999170685498896
702418,0.9515048659006077
702419,0.9995874287278501
702420,0.999769075909387
702421,0.607077463984697
702422,0.9738340227912683
702423,0.4685468891812953
702424,0.27352544798044137
702425,0.036701223569722746
702426,0.7995395369790281
702427,0.9998842862206072
702428,0.9992307506855971
702429,0.12043554539731352
702430,0.9981589168013159
702431,0.9977393146789248
702432,0.008836377910560586
702433,0.7577452448202601
702434,0.33319404474373304
702435,0.05223939454290775
702436,0.18041325390615215
702437,0.5073537680023454
702438,0.01348981779552748
702439,0.9943190021994098
702440,0.9761732344324766
702441,0.5578209997801694
702442,0.9951844982607534
702443,0.10039415633641605
702444,0.9981839046169467
702445,0.9246288937884078
702446,0.9653045261590653
702447,0.023779120471389366
702448,0.9852559850787569
702449,0.07518949530296497
702450,0.9415685427093126
702451,0.3397248507059886
702452,0.05512363445777886
702453,0.9979519008858424
702454,0.9999272110289305
702455,0.998612280395279
702456,0.5723502940484554
702457,0.7372573711716087
702458,0.294215651403034
702459,0.9994074736564
702460,0.9995097400111499
702461,0.9982807645358536
702462,0.9983165326862369
702463,0.6107201931572979
702464,0.994334162005027
702465,0.24764839025531352
702466,0.9127937770851436
702467,0.9996844788243615
702468,0.592922950946549
702469,0.6271782690366007
702470,0.3515833430229692
702471,0.24778815128471732
702472,0.9976846689150691
702473,0.9928187675165993
702474,0.999683366435064
702475,0.1527636704466009
702476,0.9999882321672462
702477,0.9996218109506781
702478,0.967781294215219
702479,0.8719815379574382
702480,0.03149257014129956
702481,0.9998144009695287
702482,0.9899021589681212
702483,0.9971005973540732
702484,0.9985290736378547
702485,0.5344452935983431
702486,0.03609482484120769
702487,0.3828605709578997
702488,0.8192474137816643
702489,0.016985120771934276
702490,0.980877294495041
702491,0.7869757571601741
702492,0.1504111489761664
702493,0.18018397038999037
702494,0.62253894106514
702495,0.028409525837645888
702496,0.9995894570622831
702497,0.9995631444206023
702498,0.9840472335736696
702499,0.9703063822444061
702500,0.9101953143824957
702501,0.48562576056867995
702502,0.9531435908159385
702503,0.9974473320263382
702504,0.9999747233912941
702505,0.280427821281252
702506,0.999744080347218
702507,0.09055719575933417
702508,0.9996264037883769
702509,0.09366760218497068
702510,0.9944481273445024
702511,0.5418362465879603
702512,0.9999151813714888
702513,0.9998630999993641
702514,0.018976485490287142
702515,0.0584556951616822
702516,0.2825780831466102
702517,0.5815286683356579
702518,0.7293750678056176
702519,0.9994654492719554
702520,0.1840803642479053
702521,0.4977566486762161
702522,0.08971275520327536
702523,0.06848078295402704
702524,0.9267566216831864
702525,0.3299653508391282
702526,0.999855881505968
702527,0.9885865448404065
702528,0.8783550917855256
702529,0.9391197513277583
702530,0.06757413408211219
702531,0.998860921593315
702532,0.219564656513299
702533,0.9906535736387436
702534,0.9999636951032277
702535,0.41913740198424176
702536,0.21838977566408743
702537,0.9856102193563676
702538,0.005275232565133849
702539,0.2029374980719277
702540,0.8807462329597342
702541,0.25697111986338883
702542,0.35932098708159455
702543,0.9999344244811221
702544,0.9971619109295924
702545,0.3692587051161472
702546,0.18440480597494693
702547,0.35149375863945054
702548,0.60186961816319
702549,0.2482157837651231
702550,0.9981657458435187
702551,0.9999601488844606
702552,0.4997277391886062
702553,0.838212225915656
702554,0.8514059624993218
702555,0.8575971724730431
702556,0.7254838148677599
702557,0.004941238056268432
702558,0.6958616876484767
702559,0.9999566048864453
702560,0.235242330716039
702561,0.03476389865614961
702562,0.5972410134522979
702563,0.9433052581033958
702564,0.9903748851153735
702565,0.32135250802158394
702566,0.9970578414804122
702567,0.8498814688679057
702568,0.3216781939137713
702569,0.6465629053870425
702570,0.5574948117974889
702571,0.7150389066637473
702572,0.28705753920589694
702573,0.9999808097159012
702574,0.9997572318733834
702575,0.2770243684789176
702576,0.5332663707768289
702577,0.4412233102028449
702578,0.9814346494028359
702579,0.09264343704536694
702580,0.4021576020835387
702581,0.9968529402988744
702582,0.9988681898022183
702583,0.007862439735931818
702584,0.9917435159593391
702585,0.09545862449778282
702586,0.9993242245462507
702587,0.6603180108615863
702588,0.34520979613589464
702589,0.9997438227163427
702590,0.7085065952715525
702591,0.7510633371347701
702592,0.9993784277915961
702593,0.5355526953056323
702594,0.9999845029512303
702595,0.24910765879760918
702596,0.9991973126467375
702597,0.9995598225661759
702598,0.9999744460636232
702599,0.1329746627736142
702600,0.454595705002407
702601,0.27639761271983154
702602,0.06243919882670816
702603,0.07004158238469961
702604,0.9996496699908104
702605,0.99349024339268
702606,0.20885330476819997
702607,0.04216611631692056
702608,0.9991967459875636
702609,0.26038695454664024
702610,0.908134121034476
702611,0.11070074611899332
702612,0.7664130289186921
702613,0.7176007529697015
702614,0.9990542041203934
702615,0.48799563677228186
702616,0.6824188487353045
702617,0.6839044244286945
702618,0.8694837963913935
702619,0.24766780949010214
702620,0.9999275856114835
702621,0.022137724063957347
702622,0.9806765980753264
702623,0.9981668939428012
702624,0.9996339384967308
702625,0.009385662306284598
702626,0.2289809586291719
702627,0.5360297094783701
702628,0.9993702163978566
702629,0.7997535244714562
702630,0.9999826935757193
702631,0.999808512707698
702632,0.9978669470769602
702633,0.999765697921037
702634,0.03934664949583293
702635,0.9305018877608222
702636,0.4883494931711094
702637,0.999036731405428
702638,0.08218236509780595
702639,0.9989285036018333
702640,0.012522284285004917
702641,0.9496605238116602
702642,0.8344350909576193
702643,0.7492095555793717
702644,0.999904269497021
702645,0.1929605840435354
702646,0.020088529164538876
702647,0.45627765691196775
702648,0.847868099118524
702649,0.98526374288293
702650,0.9908381219203053
702651,0.6630157413987454
702652,0.6155014110877669
702653,0.9994818297197834
702654,0.999947012807678
702655,0.026393096342072552
702656,0.9021982134076825
702657,0.9751626720546756
702658,0.006271085311957839
702659,0.5240938202750139
702660,0.11432727499615394
702661,0.0353797216759397
702662,0.01910216827652904
702663,0.9792737242176642
702664,0.9983193795239473
702665,0.6526982373525367
702666,0.9989866514600039
702667,0.5512194857831215
702668,0.09515463786839858
702669,0.9995501510210707
702670,0.8037335288348897
702671,0.40567806546766133
702672,0.2652898018653688
702673,0.8025485368701061
702674,0.8226930754876042
702675,0.04629806664534491
702676,0.9990659939004944
702677,0.9720621710890887
702678,0.9897010614358167
702679,0.9999924617594664
702680,0.6807718479049645
702681,0.43869299166454695
702682,0.04923037094823146
702683,0.3114773250227155
702684,0.10685164969025143
702685,0.41284559444919844
702686,0.9783759020165113
702687,0.9995900848050743
702688,0.9999805656296602
702689,0.9879789035602408
702690,0.59708647440105
702691,0.0074052962967938295
702692,0.6858843637299338
702693,0.5175924945291601
702694,0.9966861752874799
702695,0.999895051834153
702696,0.8755747747300544
702697,0.9999597439208281
702698,0.998366459889039
702699,0.43528016934990876
702700,0.9287858753762426
702701,0.8925712614372463
702702,0.9592755903820684
702703,0.9224675960546415
702704,0.3955655106998608
702705,0.7010907215268853
702706,0.5975729600275287
702707,0.2467160496036557
702708,0.7726059426792834
702709,0.9194241717455148
702710,0.3526761086729281
702711,0.9998836688094298
702712,0.9979231942014781
702713,0.8567988483615085
702714,0.34247520830795386
702715,0.8001646481723927
702716,0.9688667203878987
702717,0.9527762244143456
702718,0.9996404705465772
702719,0.03050843482661459
702720,0.6327284938541753
702721,0.9999819731519164
702722,0.9922614216387738
702723,0.9965671169448176
702724,0.9999792410363839
702725,0.9999533089763489
702726,0.9977915025885664
702727,0.2439520826457534
702728,0.9993090158025542
702729,0.20877874184477896
702730,0.9963076807830389
702731,0.9997610138527739
702732,0.9971348166002518
702733,0.8113095996226043
702734,0.9990981211879015
702735,0.011097814634722564
702736,0.027155992011712708
702737,0.05407074335292923
702738,0.02981005766385218
702739,0.9691279610778522
702740,0.4299372206579758
702741,0.3956821973168668
702742,0.5831844707520739
702743,0.9998168672212541
702744,0.042233963583921605
702745,0.8940223992380816
702746,0.7742749115703959
702747,0.9997978942365111
702748,0.9950451443309267
702749,0.018804109573148653
702750,0.9999966405392526
702751,0.03963883081278238
702752,0.7432519711071336
702753,0.4623065582016529
702754,0.999261575517489
702755,0.9985040208056761
702756,0.9994615514480765
702757,0.490906734053704
702758,0.9994156449194573
702759,0.997476308186062
702760,0.10637257895480864
702761,0.9864518287276214
702762,0.9967343085355156
702763,0.8760274401518722
702764,0.5868841382281154
702765,0.056870429609112975
702766,0.8174945648178749
702767,0.656040959626986
702768,0.12067524319152416
702769,0.3180237735813827
702770,0.5120099114247838
702771,0.01402301701599417
702772,0.9994217909543635
702773,0.9588703511235205
702774,0.4623619409206141
702775,0.9997335091491814
702776,0.31785622782876755
702777,0.9999102269944574
702778,0.02481601542143701
702779,0.2621286866382577
702780,0.999511034078793
702781,0.99991139441306
702782,0.9995327937680756
702783,0.7576323396992979
702784,0.008178736132281888
702785,0.07741990893364883
702786,0.5083190171903431
702787,0.97922187969064
702788,0.8753117491966257
702789,0.99186853226341
702790,0.9919648015883787
702791,0.9905900579222845
702792,0.9987562912708106
702793,0.16748688578438145
702794,0.8940721205299353
702795,0.8886154455245018
702796,0.9998756169241747
702797,0.9985649209040728
702798,0.9999753002666749
702799,0.7973681354858254
702800,0.9934455298288983
702801,0.004937240235070839
702802,0.9966550963787831
702803,0.99983346802804
702804,0.9999666157162188
702805,0.10741165150921628
702806,0.9927662342295032
702807,0.02237913882079065
702808,0.9774647152258674
702809,0.9946867790403311
702810,0.8429712801190659
702811,0.9995203591684287
702812,0.22683010192877612
702813,0.9798305958893251
702814,0.9379635345381678
702815,0.9997312260518675
702816,0.6336808409798216
702817,0.10633974761633205
702818,0.9469916066645421
702819,0.9949198281192013
702820,0.0865952833838792
702821,0.783996902573925
702822,0.9962382400829699
702823,0.9992961824260379
702824,0.9999859515365436
702825,0.13631068701031834
702826,0.9988971226735315
702827,0.14735960721731817
702828,0.1373207438089859
702829,0.9976747759721512
702830,0.9997661285460638
702831,0.9999505920234146
702832,0.9997674105338774
702833,0.8893090359951558
702834,0.9804898640256958
702835,0.7415188929846042
702836,0.9998150918262897
702837,0.9998154336747189
702838,0.6049297908235511
702839,0.9223922146494608
702840,0.9999176368015592
702841,0.0855621769738478
702842,0.9734878276922336
702843,0.9983540276349727
702844,0.9606456333111073
702845,0.9988527910422064
702846,0.9995894319301004
702847,0.1501274915987941
702848,0.999908976503706
702849,0.9996327281385065
702850,0.9924923138837262
702851,0.9996055111023345
702852,0.37827610716476257
702853,0.9999671773713908
702854,0.9999858838996678
702855,0.9164098881472065
702856,0.07278610811024216
702857,0.9893105562196677
702858,0.36223536362569336
702859,0.9999392588830375
702860,0.0217140094300567
702861,0.1936410223444653
702862,0.502345062383059
702863,0.643172214104982
702864,0.9991980328160024
702865,0.157286754575784
702866,0.7157326428199672
702867,0.9997928552347505
702868,0.9773130746156543
702869,0.9465469421783206
702870,0.9997932164940744
702871,0.9995480294924985
702872,0.9551950046158064
702873,0.9991799354035927
702874,0.04654569136147983
702875,0.10814518768293008
702876,0.9834803364215166
702877,0.9999685333801248
702878,0.02456850500414646
702879,0.9998520312937986
702880,0.5952855697727054
702881,0.9999848668583897
702882,0.7853174653347685
702883,0.9999885826115122
702884,0.22375541707704646
702885,0.19746928694152865
702886,0.9996462558661713
702887,0.9476290194552933
702888,0.9990793422830052
702889,0.9821092430816751
702890,0.9728133500759205
702891,0.999943010970104
702892,0.9998388067478874
702893,0.6575619219636029
702894,0.9494375954489692
702895,0.8783322297910298
702896,0.9996814545534349
702897,0.9607799046479795
702898,0.22035371683664218
702899,0.995534395933501
702900,0.9939209947409382
702901,0.9878723661256776
702902,0.07005399316860743
702903,0.9810658632709354
702904,0.9990853414442166
702905,0.02002728068867932
702906,0.9994338239061877
702907,0.9999549983000027
702908,0.15106965866407343
702909,0.07946034403338062
702910,0.9951487100918561
702911,0.9999821941407501
702912,0.9214348432497098
702913,0.8384119173833152
702914,0.006990808302931737
702915,0.05517661450502208
702916,0.9998485552528376
702917,0.7709035285113002
702918,0.9989165939427083
702919,0.6312537932408291
702920,0.9962627826516774
702921,0.9998352633769927
702922,0.36623822136452633
702923,0.13700070304183937
702924,0.027696273765615266
702925,0.962832387014729
702926,0.9626334137868067
702927,0.6529993564060707
702928,0.9011073538491887
702929,0.2035751553838257
702930,0.22115057955895256
702931,0.39679032197861697
702932,0.9983006515499229
702933,0.04223569733755569
702934,0.6426657708768141
702935,0.047410428704571406
702936,0.6956269867419389
702937,0.99270472458341
702938,0.8393858061289865
702939,0.5559579530518115
702940,0.9995275681972765
702941,0.9998961874338514
702942,0.5997606915105138
702943,0.9996672552126024
702944,0.6760321968786345
702945,0.9730165455605546
702946,0.010935324975735985
702947,0.0735611313405121
702948,0.9992042613159857
702949,0.9995429522919121
702950,0.26538454292812674
702951,0.19224296502918836
702952,0.9984180844516837
702953,0.9992646569018665
702954,0.8847793711027717
702955,0.4008221882093327
702956,0.8586734958089803
702957,0.9997790762083065
702958,0.9992206411365652
702959,0.9976372699834644
702960,0.9986545804074161
702961,0.9998752395470426
702962,0.7510675255895491
702963,0.14599784019338588
702964,0.9987541924569199
702965,0.9999728739197922
702966,0.8481569093382805
702967,0.998294540129441
702968,0.9995156486081422
702969,0.9977966715007014
702970,0.9482281059275767
702971,0.9942342281906053
702972,0.9198753508757445
702973,0.999953720205776
702974,0.909396189682111
702975,0.966751613122058
702976,0.9996861456315358
702977,0.8455486838230889
702978,0.9607412679469055
702979,0.995056599299302
702980,0.06286340713304511
702981,0.9384581542694923
702982,0.9998120207415215
702983,0.999049726550663
702984,0.9998933724337782
702985,0.9997868561605232
702986,0.004517937152816581
702987,0.9821066016611485
702988,0.30723956285383175
702989,0.9999049620728864
702990,0.9213439056672672
702991,0.9936808926498548
702992,0.7038937150851087
702993,0.971261742603304
702994,0.9997621568571928
702995,0.12399796838036359
702996,0.7855930091731589
702997,0.9870368155357516
702998,0.992067968390105
702999,0.7816618710593731
703000,0.47075810182223765
703001,0.9949185041840025
703002,0.9997800885124973
703003,0.5309135070029071
703004,0.9985785325062625
703005,0.5592600153486036
703006,0.9911449866884452
703007,0.9984912320292183
703008,0.9970800583226922
703009,0.503640235796238
703010,0.4943835651033841
703011,0.8005123580024627
703012,0.9643875731797785
703013,0.9998493474890626
703014,0.9952194584997405
703015,0.9999864357917956
703016,0.021771263816962795
703017,0.9990357563691055
703018,0.9074627272183486
703019,0.9995051338677137
703020,0.08943160152492297
703021,0.8751543642347615
703022,0.9999112431929491
703023,0.7170989781092747
703024,0.9998278136509104
703025,0.9998637235173506
703026,0.6648717154171578
703027,0.4304818876867086
703028,0.061378931639524514
703029,0.450970674180756
703030,0.46021943959715284
703031,0.8722236624760544
703032,0.8182211668314305
703033,0.9902556418030792
703034,0.05433062985386828
703035,0.005160105356016588
703036,0.5171938180563739
703037,0.3335714760340446
703038,0.04253195802342068
703039,0.9998755837981459
703040,0.9542590202857888
703041,0.12929272737403172
703042,0.9998913444714115
703043,0.99998610350781
703044,0.3958473471313694
703045,0.5730248666022101
703046,0.18748085971066414
703047,0.9991305207341646
703048,0.1136171976472523
703049,0.8504354515189785
703050,0.0007393984492288407
703051,0.9994765511590145
703052,0.09356262020424842
703053,0.9998424319278887
703054,0.997111667971964
703055,0.6997757547753859
703056,0.9951416642602104
703057,0.9883796478782609
703058,0.999941158062163
703059,0.9987840545745126
703060,0.997643503291928
703061,0.9966527156608567
703062,0.9993348714986621
703063,0.9986614042625397
703064,0.7693629299841337
703065,0.9841885472676216
703066,0.2556950584741988
703067,0.9946497018878787
703068,0.244652039651575
703069,0.033869861479979765
703070,0.20691789203471606
703071,0.9996027410066193
703072,0.9997250592015542
703073,0.13749282425885478
703074,0.38070324093947017
703075,0.012151094547456415
703076,0.03257911979132614
703077,0.9888349805173032
703078,0.7013529418222476
703079,0.9840614309824323
703080,0.044658906177504266
703081,0.008271114408726691
703082,0.09253433332869769
703083,0.9594549306704538
703084,0.41215412382502403
703085,0.9989065546475093
703086,0.978874953096499
703087,0.9868937411564453
703088,0.9998161695802428
703089,0.5731456028110574
703090,0.9652599009616508
703091,0.4478498184795094
703092,0.9877248229741136
703093,0.9986332534049422
703094,0.10800706513342058
703095,0.9718029363246552
703096,0.29874215628298345
703097,0.9997621353737294
703098,0.9999661404674602
703099,0.7319670497924191
703100,0.5105178632568665
703101,0.08069957822865559
703102,0.017920880653823353
703103,0.9999618427930741
703104,0.9950781123486145
703105,0.8827658761437496
703106,0.9962303551033181
703107,0.056807480355858836
703108,0.9996503372578178
703109,0.9983033695531032
703110,0.24045342964433616
703111,0.6952758580819786
703112,0.029106112126256637
703113,0.20794780327701373
703114,0.5160905986932505
703115,0.9361397357825503
703116,0.8178793695072551
703117,0.02971730729133845
703118,0.9987139762431256
703119,0.3594486036225487
703120,0.8279920369035467
703121,0.9999751053930535
703122,0.9996547256775392
703123,0.6350061721181354
703124,0.9997752712656764
703125,0.9999728313370568
703126,0.996390097616613
703127,0.835566075733033
703128,0.9939391996828628
703129,0.9695324304946469
703130,0.9980974995612437
703131,0.999993278480441
703132,0.9909741221958288
703133,0.844836059413722
703134,0.8722895658792237
703135,0.027457268634365026
703136,0.9812746990629634
703137,0.9178361039215444
703138,0.9895415803057412
703139,0.7792274656679921
703140,0.00612350469257539
703141,0.999868704472324
703142,0.220258364421707
703143,0.44812314756661464
703144,0.9064940318702883
703145,0.2950503998149565
703146,0.3921900347685584
703147,0.6266280224035238
703148,0.9628785151862955
703149,0.9999482103595497
703150,0.9966281609186927
703151,0.0058994718497578395
703152,0.9999545884016857
703153,0.9956495978998301
703154,0.9990779215785761
703155,0.4975673589871285
703156,0.999928230435652
703157,0.0020273102716653803
703158,0.9988688992430266
703159,0.9998564349725384
703160,0.9986854989102968
703161,0.9366006143924369
703162,0.9993890304782271
703163,0.9999112172258896
703164,0.9984728086644824
703165,0.6264098435101308
703166,0.9991651218687425
703167,0.44194298460448844
703168,0.8682360563981139
703169,0.7515602306313343
703170,0.821863276568563
703171,0.9979230391055582
703172,0.5698925554368587
703173,0.9262953253315845
703174,0.7898553073382478
703175,0.9993099501244052
703176,0.9999738579605546
703177,0.999918585492636
703178,0.9982876613123979
703179,0.9999421907150198
703180,0.9875338605835062
703181,0.9975243077910642
703182,0.87338368354941
703183,0.011491990055185735
703184,0.2949471671490014
703185,0.9996626900239296
703186,0.8814637532728296
703187,0.5821242374468987
703188,0.25947926481183886
703189,0.4193026379773396
703190,0.4667919982233275
703191,0.9998997093206062
703192,0.9997283049065694
703193,0.49603614412834146
703194,0.9955411044132144
703195,0.19495331766912136
703196,0.17710454156191893
703197,0.5891677283757307
703198,0.7773142638410864
703199,0.04170064112609868
703200,0.9996572939484178
703201,0.4586017789140209
703202,0.974330988364468
703203,0.5670946523916982
703204,0.9946231183829305
703205,0.9353489974956739
703206,0.9815918509232651
703207,0.5122047863435476
703208,0.9926293159729651
703209,0.9444577647625181
703210,0.9993567803166434
703211,0.16638048291716998
703212,0.8975021542026813
703213,0.9766541955349219
703214,0.9959585275913752
703215,0.9987285742394713
703216,0.929674813279203
703217,0.9999335847455433
703218,0.03976566426556083
703219,0.6519738492859086
703220,0.9621700791785064
703221,0.5062849532435388
703222,0.7632599659552374
703223,0.9749328608478942
703224,0.2260229556505981
703225,0.9111360928761139
703226,0.30342277732297346
703227,0.058563020498915166
703228,0.014128193512901014
703229,0.9985743205051103
703230,0.09878136293935057
703231,0.42995101572989713
703232,0.9912128671391507
703233,0.4894500692976539
703234,0.9999846377804436
703235,0.6595482387330014
703236,0.6698735184132287
703237,0.9991593987479931
703238,0.9899072788503277
703239,0.9881000414840718
703240,0.9941231828437613
703241,0.9413643565911551
703242,0.7147926209221566
703243,0.6419118239889612
703244,0.9999664240334272
703245,0.999879571162462
703246,0.9936207050804066
703247,0.9051644190837316
703248,0.9999311225542709
703249,0.9916243605951764
703250,0.6155460690615313
703251,0.9998290053572916
703252,0.4544505395694117
703253,0.5782356166302867
703254,0.6975951093892391
703255,0.9999911428095618
703256,0.19496242593210672
703257,0.995179321599691
703258,0.8021835169344772
703259,0.9984356446503113
703260,0.9280165322989251
703261,0.9999668656192677
703262,0.1549922835182832
703263,0.9998371718385879
703264,0.9919806649831584
703265,0.11987526731204469
703266,0.005998271343320613
703267,0.9999168833942658
703268,0.9269041333763117
703269,0.9987306936204533
703270,0.8075146836369873
703271,0.9769978803118344
703272,0.9508295924952259
703273,0.05848455957118154
703274,0.06560441773056039
703275,0.999586341161559
703276,0.999395784662597
703277,0.5539934618584061
703278,0.3242629012673093
703279,0.9921892755025886
703280,0.8260087737351876
703281,0.999835926510942
703282,0.999940743980121
703283,0.9897264091094027
703284,0.21434795695898037
703285,0.97261401703657
703286,0.9992190056023849
703287,0.9998603212402644
703288,0.9791559112157016
703289,0.977979371861374
703290,0.9843847079077892
703291,0.7225130140536118
703292,0.9902532318980882
703293,0.9937357873627083
703294,0.7243360430690451
703295,0.999886172261183
703296,0.9781507804336327
703297,0.3921703371598779
703298,0.9517569024528805
703299,0.9813353944249443
703300,0.9757263514888725
703301,0.9789924315685252
703302,0.9996531548550848
703303,0.9999666460311194
703304,0.9947616455749904
703305,0.9999880445868918
703306,0.8618385201957386
703307,0.14378133939701696
703308,0.8334033493766559
703309,0.9994520323309832
703310,0.9998735138105641
703311,0.6854879602266484
703312,0.570129490015651
703313,0.9888536326938342
703314,0.981556821491927
703315,0.35298186613323934
703316,0.8668359082103936
703317,0.998580835632219
703318,0.9999936788005608
703319,0.30432361410347825
703320,0.999864517906773
703321,0.9965931051369802
703322,0.999924063004469
703323,0.02571588346130177
703324,0.6965227980488253
703325,0.9997474142442652
703326,0.8432072257087431
703327,0.985630586367219
703328,0.9995248924064146
703329,0.9964800666739542
703330,0.9979785374648904
703331,0.9999179862278003
703332,0.41291575359856697
703333,0.008767373574177383
703334,0.3626108048868215
703335,0.009029005264026856
703336,0.9997468929758784
703337,0.7260956928223112
703338,0.999969955343932
703339,0.9994774551989118
703340,0.5353114231113976
703341,0.9044414889231623
703342,0.9499220026360062
703343,0.9846055638478911
703344,0.9796137417057982
703345,0.12370363380954673
703346,0.9975441778098264
703347,0.9998976288843795
703348,0.41881995288521556
703349,0.9932023672433353
703350,0.3979688348509063
703351,0.9909675764095519
703352,0.33174381686482246
703353,0.988271852919874
703354,0.9998501796456689
703355,0.2619122041906947
703356,0.12047717412565857
703357,0.9493558362041744
703358,0.9999218729520061
703359,0.9982609385369787
703360,0.9979244614230307
703361,0.9897963513017456
703362,0.9882274569730439
703363,0.786783771907702
703364,0.9020927175981582
703365,0.9976731368623649
703366,0.07192128185185014
703367,0.9993939761901067
703368,0.9989158434732882
703369,0.5490613719524101
703370,0.33054065110597286
703371,0.9988299106534
703372,0.9991879538743764
703373,0.5151977237378841
703374,0.9391325713591077
703375,0.029413781305180384
703376,0.8190835317672152
703377,0.9934200173984549
703378,0.9998084377046778
703379,0.4970938509381288
703380,0.9998046598574981
703381,0.020357463479531834
703382,0.9994731525813562
703383,0.7318623848510108
703384,0.6593626102763331
703385,0.9999926300809397
703386,0.016795606785691346
703387,0.30562212936354893
703388,0.9942681969923681
703389,0.02644141330574525
703390,0.05719167226032488
703391,0.012369926081379112
703392,0.991511710057943
703393,0.35617747512664105
703394,0.9999473292128226
703395,0.9994234330131284
703396,0.9960377854060318
703397,0.40375964342387344
703398,0.8765718666135811
703399,0.9999389191424641
703400,0.9957176704575252
703401,0.9556437749231326
703402,0.03158479606224552
703403,0.08005630368139252
703404,0.9951219642283751
703405,0.9982247170812004
703406,0.9999436840439258
703407,0.0367635145552297
703408,0.6889623425892293
703409,0.9607907306724047
703410,0.7733129791852167
703411,0.9985101149963493
703412,0.9904403554900558
703413,0.672625517860221
703414,0.9233545677959486
703415,0.9998655285216015
703416,0.9834762069729445
703417,0.5103992501776754
703418,0.9994171290661971
703419,0.012266659665983167
703420,0.06032886433938745
703421,0.5714106104314215
703422,0.9999856863251338
703423,0.9976156515667698
703424,0.855083648334592
703425,0.01126184564987393
703426,0.46584625529110396
703427,0.31403075391683094
703428,0.1648003049261409
703429,0.9788614804347007
703430,0.4215123683560986
703431,0.4443433234797423
703432,0.9997649110139051
703433,0.998817341854123
703434,0.9912094360866965
703435,0.9999399281302607
703436,0.5719213146399927
703437,0.8718294376717723
703438,0.4965283444580846
703439,0.045471180614474735
703440,0.5643101459221014
703441,0.4085824809917579
703442,0.6237111996751444
703443,0.9993021612792667
703444,0.030199046461780395
703445,0.09323367065616002
703446,0.7757777822616447
703447,0.9991520482228899
703448,0.9898306130502944
703449,0.9999744118021003
703450,0.9999565497354203
703451,0.7528285214881179
703452,0.14770983115686565
703453,0.9727897894256496
703454,0.019507371147112203
703455,0.9997433298687113
703456,0.13211543689310662
703457,0.9998508909140783
703458,0.8374133217346837
703459,0.8244036915272392
703460,0.9366953694118174
703461,0.9999535065542497
703462,0.8974095668848134
703463,0.9996667858922942
703464,0.9986104188114797
703465,0.9338322997212641
703466,0.3741331900992422
703467,0.9942218903546426
703468,0.5773060543509285
703469,0.26893273422075675
703470,0.9999509438491692
703471,0.8685418040972577
703472,0.7971149686228338
703473,0.7202847247880189
703474,0.9998377445201246
703475,0.7619654625732276
703476,0.9820118937769622
703477,0.7003768317763706
703478,0.7258172802379714
703479,0.06399273944008903
703480,0.2769849193778643
703481,0.19013152877884276
703482,0.017581973029772893
703483,0.9976934462094433
703484,0.9038037967166377
703485,0.9999857941471608
703486,0.7562370900650954
703487,0.9995361659458605
703488,0.9069754350068604
703489,0.8342401139876754
703490,0.9987857610667854
703491,0.2440503396572808
703492,0.2884521112681246
703493,0.7532338238657874
703494,0.012470944980192609
703495,0.8755392515019549
703496,0.9997307194905638
703497,0.970583305221034
703498,0.9936268229555213
703499,0.9964439286215876
703500,0.32619621465180193
703501,0.7369038131087364
703502,0.9997286661102592
703503,0.9179944050968349
703504,0.9968444299281353
703505,0.33315431791697486
703506,0.9996421548101397
703507,0.9983753059273814
703508,0.9918543306560924
703509,0.6838685618051129
703510,0.3155183862344953
703511,0.6194106352846748
703512,0.9999643260961378
703513,0.8922206601183286
703514,0.12199316324951892
703515,0.976323330971209
703516,0.9971482342633263
703517,0.9983545073833666
703518,0.9962500545924942
703519,0.42761196561503123
703520,0.9999791868957695
703521,0.9970651019763144
703522,0.14819145701021313
703523,0.9989376492982389
703524,0.9995250469503405
703525,0.9515094068897408
703526,0.9999544284506701
703527,0.7284352771732379
703528,0.9987486727215542
703529,0.3530777917460133
703530,0.9998497768192368
703531,0.9110284484015246
703532,0.7845036223279659
703533,0.9990121517113291
703534,0.9995786514186499
703535,0.9939524462101172
703536,0.9996484405298873
703537,0.013556297180445803
703538,0.008662046252929994
703539,0.9999300531959276
703540,0.9988146861110867
703541,0.9999361887774443
703542,0.7172844396842218
703543,0.9995422438972498
703544,0.3220993909311041
703545,0.9940628900932035
703546,0.6974686879542165
703547,0.9861156972924263
703548,0.7858324834787345
703549,0.0665378436143934
703550,0.21308001807132987
703551,0.9999613500490845
703552,0.979920255411527
703553,0.01574300595097866
703554,0.998888041333541
703555,0.9997432038477247
703556,0.9991797883592415
703557,0.5477189793355675
703558,0.9970427559864777
703559,0.9980397944374372
703560,0.9476743806193224
703561,0.13165359755236372
703562,0.9989532890348699
703563,0.14722601636679275
703564,0.978321530344152
703565,0.6270291608065297
703566,0.9994792328977455
703567,0.060737277482898006
703568,0.24767536011679214
703569,0.9995760935972802
703570,0.989786712927353
703571,0.8749451383197637
703572,0.6947573679101737
703573,0.8041022967407332
703574,0.9982347358348727
703575,0.9555553136934496
703576,0.060803718109533056
703577,0.3197118242996643
703578,0.9162310669047097
703579,0.9890700436671475
703580,0.9999826854813331
703581,0.3939019022451913
703582,0.99924963912544
703583,0.9953640119036303
703584,0.9978504160949588
703585,0.9992898984471553
703586,0.012450925570769687
703587,0.7961639265550208
703588,0.9999575880786757
703589,0.9995863859686074
703590,0.5649996006686707
703591,0.999825543642467
703592,0.43748033400031905
703593,0.9989577877332838
703594,0.9733479309430885
703595,0.9899947537731646
703596,0.7081171561791045
703597,0.9997859469325622
703598,0.7542302425449595
703599,0.17632713927597143
703600,0.05908061121931808
703601,0.9989245654672907
703602,0.16863294108631968
703603,0.8111561662151339
703604,0.9994762001305334
703605,0.9981173534785788
703606,0.9850672115557673
703607,0.9942292888232664
703608,0.9893007260296979
703609,0.8396723541950286
703610,0.999953168449031
703611,0.999852250059533
703612,0.11465897774141061
703613,0.1825405119318122
703614,0.9961151307659686
703615,0.9958320050900691
703616,0.999222389504878
703617,0.05546494660627906
703618,0.9102621409304547
703619,0.6735703939519352
703620,0.2908629437417769
703621,0.9999821643823412
703622,0.9334405998650352
703623,0.016714407574055068
703624,0.999872543700844
703625,0.6777269031550055
703626,0.9916674042598467
703627,0.5081714665163138
703628,0.4395518642305656
703629,0.6184579509125565
703630,0.9989088715266841
703631,0.7522687650412955
703632,0.11001400306489631
703633,0.8189576937320011
703634,0.1845641774779248
703635,0.9741744096645252
703636,0.7128205783380072
703637,0.9998403952397958
703638,0.9968407207085199
703639,0.36943016747581703
703640,0.01625538981451597
703641,0.39520295696995533
703642,0.9363832415854734
703643,0.9992971625195888
703644,0.9994959941915147
703645,0.9997033814784146
703646,0.9996142612205583
703647,0.797730302255802
703648,0.9898330677606836
703649,0.9988548491351723
703650,0.9773407766587785
703651,0.661015816109948
703652,0.9201473978436947
703653,0.9997140501030777
703654,0.08018835268733092
703655,0.9880839463612454
703656,0.9651739492269101
703657,0.043760913194881214
703658,0.6926198859737934
703659,0.9693460662022247
703660,0.9960273461614777
703661,0.47462458011722464
703662,0.016158164765918654
703663,0.986640100144526
703664,0.9725230360277717
703665,0.8338986336548708
703666,0.9999460541133706
703667,0.17543088474245783
703668,0.8219148764985421
703669,0.9861652188923657
703670,0.8700953307251429
703671,0.9214256804872814
703672,0.356679659776292
703673,0.16919578491858478
703674,0.9997122620844516
703675,0.9987904178542533
703676,0.06946829142874406
703677,0.2870238662658926
703678,0.999682579352773
703679,0.999238276181748
703680,0.692194809706614
703681,0.9536557758460125
703682,0.9995553440986398
703683,0.9556379032191502
703684,0.9978388737649296
703685,0.9985584976736384
703686,0.9997272370024175
703687,0.9999792571406885
703688,0.8292550591466772
703689,0.8042630745636182
703690,0.9966616045465295
703691,0.07387138221313766
703692,0.9999159543074692
703693,0.005945632516343608
703694,0.8634386260955742
703695,0.169454763576331
703696,0.026531838779884624
703697,0.6430924281196401
703698,0.37929487368819237
703699,0.9994026958597726
703700,0.9982624543199314
703701,0.26469980155073813
703702,0.03597524147246522
703703,0.9992729380674633
703704,0.9950269262426485
703705,0.9997405148378038
703706,0.4620516588245799
703707,0.9984847465564637
703708,0.5793691610869353
703709,0.2059421653115088
703710,0.5912129275751737
703711,0.9995593307838508
703712,0.9998284902513594
703713,0.0681014226148363
703714,0.1576596027963898
703715,0.8904718174792148
703716,0.024022972210183652
703717,0.9884274331020088
703718,0.9983012269607481
703719,0.32806274061974555
703720,0.9920604282616293
703721,0.7183051885601437
703722,0.9999697189367761
703723,0.9999863208614395
703724,0.9800672009479294
703725,0.278985732679534
703726,0.3697232102025585
703727,0.9998248446758548
703728,0.8791270527646396
703729,0.9999873147174136
703730,0.2565929017004786
703731,0.9997934391067098
703732,0.971936868660308
703733,0.8995280440361795
703734,0.5364666494057694
703735,0.6686531698768515
703736,0.8370214297261291
703737,0.9999137935726646
703738,0.41720190914736743
703739,0.9986087822794854
703740,0.6800105905213053
703741,0.9403300866827302
703742,0.40429955258108397
703743,0.9999730900346344
703744,0.9792322743241065
703745,0.9998932206703753
703746,0.46361681421288253
703747,0.7271061268327613
703748,0.9510682332617793
703749,0.9920422809569376
703750,0.9999612849528716
703751,0.9200752219038579
703752,0.9968608642695957
703753,0.9794160476718063
703754,0.9999339528750224
703755,0.9345315601765855
703756,0.9929348981869174
703757,0.9968772895376343
703758,0.990720671852823
703759,0.994489756944663
703760,0.6612536380787679
703761,0.9996124310494698
703762,0.9965761747127132
703763,0.859737640525386
703764,0.9959320912563275
703765,0.017403302374493973
703766,0.771833974761061
703767,0.9756796456564154
703768,0.9309692617987645
703769,0.860664412913662
703770,0.9983408087380113
703771,0.9964999806801793
703772,0.6221492312808209
703773,0.1995251891853328
703774,0.9675504110716583
703775,0.04342598410284063
703776,0.7151640949620572
703777,0.05610178983295524
703778,0.9997791570332271
703779,0.9738365357206223
703780,0.5426926331294873
703781,0.19267402438088588
703782,0.8711034265419875
703783,0.26422300362931417
703784,0.0072397495295956436
703785,0.9988850612169256
703786,0.9999321985197578
703787,0.6728072119362284
703788,0.9761074908460179
703789,0.8337335628622664
703790,0.9995642227874942
703791,0.026904385756785987
703792,0.06426447599309815
703793,0.616519867568431
703794,0.02635486395295701
703795,0.9998319073102686
703796,0.6475863610032733
703797,0.9959595653325511
703798,0.6263410885926013
703799,0.3455828300613565
703800,0.9999750518528479
703801,0.8883216175795686
703802,0.932150384567281
703803,0.9998660107249344
703804,0.7312585052662565
703805,0.9999674266459944
703806,0.9859954266917554
703807,0.9996324608043905
703808,0.9995935868246747
703809,0.9484933017661545
703810,0.9291305313871608
703811,0.9570455522864132
703812,0.9996348654574896
703813,0.9846797401919909
703814,0.9999539885536453
703815,0.17583037988267072
703816,0.9968265986585936
703817,0.9999852077855029
703818,0.9891511007291638
703819,0.0668403964859501
703820,0.8672021338814132
703821,0.8299912853745209
703822,0.9997586222534034
703823,0.982822745419953
703824,0.7558555742379025
703825,0.9997077396252034
703826,0.9932517373644204
703827,0.8735871322390568
703828,0.3058971041353798
703829,0.9888536876648868
703830,0.9927877174700308
703831,0.7600087546152061
703832,0.9984278027533822
703833,0.9833951643853193
703834,0.9009224060406696
703835,0.06672671704399855
703836,0.9988182859598164
703837,0.42808364064434784
703838,0.2671989900817433
703839,0.9936376345239051
703840,0.022584313526485468
703841,0.12538039862980638
703842,0.9488066630324422
703843,0.5564897459940724
703844,0.9996470783844245
703845,0.4810023470354544
703846,0.5419123908643461
703847,0.9960823280501165
703848,0.7834966478348375
703849,0.0144744739297825
703850,0.9960892016032135
703851,0.891942850662057
703852,0.7651914468789326
703853,0.7749967809607878
703854,0.999922337893223
703855,0.41127026183554233
703856,0.9433919766590471
703857,0.9952642981598692
703858,0.9882984732311765
703859,0.9741120688334945
703860,0.8067247177334097
703861,0.1317180767085138
703862,0.12940972604579445
703863,0.9215347317430489
703864,0.9937008811356691
703865,0.9544168117466576
703866,0.006849097880884142
703867,0.9995584764436579
703868,0.023563570102193468
703869,0.99857776268519
703870,0.8833039464883868
703871,0.9998108199503883
703872,0.8614202451918839
703873,0.34464438518089724
703874,0.9992489676411612
703875,0.9979779251191752
703876,0.601460041479529
703877,0.8935552938816682
703878,0.9504165961511495
703879,0.5032928053019401
703880,0.08940514867464605
703881,0.9120521858419677
703882,0.9666325896371293
703883,0.022826212847210578
703884,0.9998637782337487
703885,0.9774661282944196
703886,0.9997812416353422
703887,0.9482334419302192
703888,0.5021544970749713
703889,0.01199357077676081
703890,0.9999198206332627
703891,0.9999026135323057
703892,0.3764150334245998
703893,0.3378869697805514
703894,0.9859235270144311
703895,0.9987418492663853
703896,0.9994194780536441
703897,0.7931548397588722
703898,0.9190417202234884
703899,0.9996656095057178
703900,0.40276029378677536
703901,0.257607462835052
703902,0.7065484063614682
703903,0.9950937014067232
703904,0.9559931927928981
703905,0.6711379883836193
703906,0.9901697584123859
703907,0.016504004224146177
703908,0.543051757856303
703909,0.9263401685938586
703910,0.26061345498664146
703911,0.9998509547221726
703912,0.5460657731379683
703913,0.8242305597400718
703914,0.9974036460689909
703915,0.8537923587988805
703916,0.828157869210767
703917,0.9733547014272141
703918,0.9881627391381953
703919,0.9938240617192835
703920,0.4151287933458497
703921,0.9987207748764224
703922,0.9985323310893799
703923,0.4990009482002037
703924,0.9993536952858302
703925,0.999835880806007
703926,0.9972076251454858
703927,0.5182888457443997
703928,0.9966977092714941
703929,0.6667836407112206
703930,0.9988881939170643
703931,0.09025891722721942
703932,0.2377249635076853
703933,0.9998413849153693
703934,0.12317441211154198
703935,0.010225229150847082
703936,0.9822130738598334
703937,0.9997743262014966
703938,0.9983212928960743
703939,0.004469198307705809
703940,0.6044237829168677
703941,0.9070771588721458
703942,0.9997582931528866
703943,0.27663584421273113
703944,0.9982317024128409
703945,0.11040801339361854
703946,0.018581296251068427
703947,0.7863969100425832
703948,0.9981485047293822
703949,0.9997665319425787
703950,0.9862693607286314
703951,0.999693189412438
703952,0.7892963039074921
703953,0.9999503611224487
703954,0.8219318328543275
703955,0.47700383438733207
703956,0.9048936021991424
703957,0.009868608105980975
703958,0.506502753497664
703959,0.990603238947247
703960,0.6885334913349669
703961,0.582550428881312
703962,0.9805211285824458
703963,0.06467405251836303
703964,0.7020723799837489
703965,0.7857745397425577
703966,0.33764378832733705
703967,0.09338539018089717
703968,0.982047587712489
703969,0.9996381759267792
703970,0.993784343002733
703971,0.0439442084605008
703972,0.999922268801554
703973,0.9998596079789257
703974,0.3488274130690398
703975,0.9887536345520146
703976,0.8722746333589879
703977,0.530365713179417
703978,0.087226916932637
703979,0.2656741826420447
703980,0.9991420154348355
703981,0.7196016328914614
703982,0.029727628964776966
703983,0.4818946323575961
703984,0.9047080920930661
703985,0.961659642016536
703986,0.9988293789842477
703987,0.956768998751971
703988,0.028970914461408266
703989,0.9366312720906752
703990,0.9723650927209735
703991,0.9999425712326181
703992,0.9996793107732653
703993,0.9052431700660772
703994,0.9982676550436567
703995,0.9708716424787118
703996,0.9984141583366214
703997,0.5851152384932002
703998,0.9991102217478223
703999,0.999756678581171
704000,0.9537567077936407
704001,0.6891929902101741
704002,0.9996146449610928
704003,0.011322071870630824
704004,0.09624341100610437
704005,0.6842345853332197
704006,0.9999008317774816
704007,0.7907348728834781
704008,0.9438270002025779
704009,0.01897997513322828
704010,0.23577658589152528
704011,0.9999429538954949
704012,0.5378809658115006
704013,0.999964146221536
704014,0.255123076931869
704015,0.997210165770313
704016,0.9769969841790689
704017,0.999953222569276
704018,0.03864368577826167
704019,0.9846155790245277
704020,0.7051313127938339
704021,0.7857326299424829
704022,0.7352004905968867
704023,0.8254293485066593
704024,0.9997799281766215
704025,0.999962219504068
704026,0.8321087812964745
704027,0.9499672756168358
704028,0.9931819984565099
704029,0.8508637663402395
704030,0.9980957475371176
704031,0.9214740070011418
704032,0.6156718857815714
704033,0.9990612087995517
704034,0.9990369501013516
704035,0.17133296846437956
704036,0.9998559188309745
704037,0.9271844576241004
704038,0.9987184738074246
704039,0.298974096690708
704040,0.9999187868544658
704041,0.9999904733261817
704042,0.9515155967378097
704043,0.9999871525148434
704044,0.28857348859165266
704045,0.1344143071812269
704046,0.909244713929231
704047,0.9997927886078228
704048,0.004661663903757838
704049,0.9944127573566894
704050,0.05034744024460838
704051,0.8578456924054527
704052,0.05496970913061137
704053,0.9952924776290292
704054,0.9900354521658521
704055,0.45710403948532574
704056,0.9575269283423535
704057,0.9940046635968962
704058,0.03628594184995478
704059,0.06519601388153691
704060,0.9999902016863945
704061,0.294436143257555
704062,0.9497833687565279
704063,0.6950303912290325
704064,0.0029800756983197904
704065,0.992908894820427
704066,0.23888563531476217
704067,0.9996188034581439
704068,0.9998319011732468
704069,0.010918338930633554
704070,0.4349482002202093
704071,0.9962346246226664
704072,0.046109055629805426
704073,0.7435857585665323
704074,0.9954693253112152
704075,0.2821266952800091
704076,0.9975041747615966
704077,0.9998175550526115
704078,0.12561198167070795
704079,0.9996112515223436
704080,0.999992961014887
704081,0.2744945159073967
704082,0.02076814789653978
704083,0.6197682649922387
704084,0.9577063914245421
704085,0.41460057831657393
704086,0.21232177523243467
704087,0.9488944633165262
704088,0.9974243319680998
704089,0.03670328529341637
704090,0.6847747159408459
704091,0.08552562618107905
704092,0.9865497058009398
704093,0.1224643194594294
704094,0.06994255985677321
704095,0.8498512155605462
704096,0.5177766979347964
704097,0.5541442319165961
704098,0.9878023229087637
704099,0.3188680039623718
704100,0.9914229945231877
704101,0.9999201140277689
704102,0.975526431984364
704103,0.9961429194877063
704104,0.17438188918291775
704105,0.9982669344436531
704106,0.9994837858332702
704107,0.9326281461706423
704108,0.9995360623696479
704109,0.025866387400172997
704110,0.9561462666523585
704111,0.999922590701686
704112,0.8335612148348408
704113,0.4465258293231509
704114,0.9998814255515961
704115,0.06316164837975335
704116,0.9977932812656946
704117,0.9998119544336878
704118,0.8199062205315817
704119,0.5382495143064874
704120,0.08714928065003671
704121,0.9922536309321173
704122,0.18647565444020353
704123,0.7321086192290849
704124,0.9999253507843955
704125,0.2693717791433271
704126,0.17005257740380328
704127,0.9995068960767423
704128,0.999921786068273
704129,0.9987176189965805
704130,0.24475602987548695
704131,0.14030011562624026
704132,0.9627442754100892
704133,0.9887590774339182
704134,0.9997204780780272
704135,0.030423241638974956
704136,0.9645978584457215
704137,0.964194606145274
704138,0.9997100695315031
704139,0.9333808915863048
704140,0.17413651149010745
704141,0.9755128242692539
704142,0.9869540496062571
704143,0.9987701506866782
704144,0.8597625112609253
704145,0.14027003653408227
704146,0.5744779162187712
704147,0.9992257111425655
704148,0.9667708605966787
704149,0.21337375571956274
704150,0.4833711469757763
704151,0.9996434547870613
704152,0.10814649365917142
704153,0.8914518183623551
704154,0.6443055183403934
704155,0.9990352155491176
704156,0.8327724063668757
704157,0.5355159004537524
704158,0.2024166375615397
704159,0.9990001420557642
704160,0.9561561173704265
704161,0.4918124936251974
704162,0.9999437401896314
704163,0.9368489733435026
704164,0.08033860955828864
704165,0.9850731150300684
704166,0.6661932135930112
704167,0.9998577084293092
704168,0.14998843209858298
704169,0.9924046864747884
704170,0.9998014138035076
704171,0.9805138272366436
704172,0.9987120569705654
704173,0.0405171493288153
704174,0.9245253326263232
704175,0.9951380744550301
704176,0.5250509025566371
704177,0.45437721119779384
704178,0.0162865968959412
704179,0.07577378674968663
704180,0.006052546734725137
704181,0.9788421920703834
704182,0.9955152468782612
704183,0.9998893063619673
704184,0.8983641792418108
704185,0.9998946364939081
704186,0.9999623533210948
704187,0.8061446023869873
704188,0.9969344132674142
704189,0.8997473010710824
704190,0.9996955095747747
704191,0.9995706929113494
704192,0.370598434995385
704193,0.9890050763220353
704194,0.36940612669586825
704195,0.5310124656678413
704196,0.1873979698556138
704197,0.9995769339019734
704198,0.26880091380545634
704199,0.8838013702967445
704200,0.9999548334868205
704201,0.6935454625113935
704202,0.9863838693109298
704203,0.9851620888056793
704204,0.9235759089325617
704205,0.4952691967219316
704206,0.04678106959640181
704207,0.9998289033394194
704208,0.9972175175527032
704209,0.6697816842908362
704210,0.9950072738586562
704211,0.24690314924722473
704212,0.7047706704335079
704213,0.8943348884649684
704214,0.9997249266532443
704215,0.15849493375521392
704216,0.5105595511678768
704217,0.04961448211468222
704218,0.9344860750099431
704219,0.9965225650006979
704220,0.9998193043743632
704221,0.9996391550471422
704222,0.6964304799152107
704223,0.15904078497623114
704224,0.07151369593680607
704225,0.8406772963151616
704226,0.9984813808544015
704227,0.9991720008245399
704228,0.30399582990483304
704229,0.5435862726011698
704230,0.8377108821992281
704231,0.008762901554774515
704232,0.3758231807606826
704233,0.3379801662170152
704234,0.9999644687635851
704235,0.037693910803216
704236,0.6545140534384298
704237,0.9989570377138647
704238,0.9605651880029591
704239,0.8908274554201361
704240,0.9998912370648929
704241,0.5428425322499256
704242,0.4106602529896483
704243,0.8782623428579447
704244,0.9935286207031975
704245,0.015429343406856179
704246,0.9967685131242277
704247,0.10263740384369158
704248,0.34382766619486455
704249,0.8854741558589436
704250,0.7567901573924993
704251,0.04251226917430202
704252,0.05123722550320178
704253,0.8229630728588753
704254,0.9969025272351522
704255,0.05884823357412611
704256,0.8317428563839714
704257,0.550514675828924
704258,0.8080729232434334
704259,0.330798420357287
704260,0.055926264044265504
704261,0.9976813791376781
704262,0.655241687089981
704263,0.9962054316868176
704264,0.7474073144550745
704265,0.9999494672821861
704266,0.6408765685780805
704267,0.5838149709690224
704268,0.49555907361411805
704269,0.5906142515992938
704270,0.5670977937824908
704271,0.9998627416277263
704272,0.9895570220032243
704273,0.7210303375050644
704274,0.9991428394980227
704275,0.802696339439479
704276,0.6572673575997079
704277,0.27795887866530694
704278,0.8357312463825434
704279,0.586471894489364
704280,0.45982327457215433
704281,0.9392672976299095
704282,0.9995355128687281
704283,0.43260197319200344
704284,0.7371846746854878
704285,0.023108596137840286
704286,0.9571921193268558
704287,0.9612457199832878
704288,0.8661716689124737
704289,0.45941705339577144
704290,0.13989525843933165
704291,0.9981348212421678
704292,0.9999368801815014
704293,0.9985095148573973
704294,0.9921826942304472
704295,0.9957578265826501
704296,0.9955886011558792
704297,0.2195053935979558
704298,0.2000813012512754
704299,0.886719154508934
704300,0.9822906903022433
704301,0.0670836568102012
704302,0.18790495724109327
704303,0.9997158994858628
704304,0.4030630579024137
704305,0.7511622865335381
704306,0.7818787561489347
704307,0.9999603082991534
704308,0.32356394691286383
704309,0.10977697165107649
704310,0.34930067700210854
704311,0.9997245409414073
704312,0.6881444760428872
704313,0.9997116160895498
704314,0.9982322996802775
704315,0.605253542434426
704316,0.06748207498811637
704317,0.3100615159825803
704318,0.9971798832355339
704319,0.3828818016998198
704320,0.9076097462880425
704321,0.10843178137566309
704322,0.9999159375123575
704323,0.42490476135414657
704324,0.339646701253571
704325,0.9999737379777052
704326,0.9836700109383161
704327,0.6869811313890732
704328,0.0061376800596524995
704329,0.3549996827112033
704330,0.9147760236829037
704331,0.9989111362978074
704332,0.9993880391845972
704333,0.9998752261279762
704334,0.8080136852670688
704335,0.017462551725797495
704336,0.11153557762540176
704337,0.9851796254982772
704338,0.9976139318411266
704339,0.08165914016057547
704340,0.9999803881266767
704341,0.9973892451032262
704342,0.9998286202450439
704343,0.33162938025895716
704344,0.9997975376110906
704345,0.8255746545872615
704346,0.8427782661843883
704347,0.7528879103573032
704348,0.17278704377578735
704349,0.8215086216565645
704350,0.9550414632641453
704351,0.04204975506210973
704352,0.0532999028142875
704353,0.9996976163263052
704354,0.9996875202086286
704355,0.023486032310848896
704356,0.9999354780042953
704357,0.728421743951353
704358,0.9760603677040977
704359,0.6242810543443178
704360,0.9941046517295873
704361,0.8295812835143394
704362,0.8773310549110133
704363,0.712318094464566
704364,0.9999316571130895
704365,0.9948551812848624
704366,0.9197366073671761
704367,0.9347586673029804
704368,0.9999656163982222
704369,0.22390183599033597
704370,0.9073042396902048
704371,0.3539189570315812
704372,0.9849125364509163
704373,0.7815179202924382
704374,0.9993718330138153
704375,0.5720306116843261
704376,0.5941280234630235
704377,0.9389930512997559
704378,0.999232043296753
704379,0.9943552527134589
704380,0.047096150721511715
704381,0.9996647435557923
704382,0.03579037086386687
704383,0.05710970988535957
704384,0.611355277385093
704385,0.7578667764510018
704386,0.3290055750452843
704387,0.02298122951497202
704388,0.9998665692753738
704389,0.1696845173565011
704390,0.975048599277125
704391,0.3727818780200117
704392,0.9922225541708651
704393,0.09871702001259625
704394,0.8602235553412497
704395,0.6695952772850772
704396,0.9997560731474755
704397,0.7944609640699589
704398,0.6001556365829744
704399,0.7786834627675847
704400,0.14211043160788814
704401,0.9999379445011523
704402,0.9996135763322672
704403,0.9928946646724759
704404,0.9301321116648669
704405,0.19965594744850565
704406,0.9996975963240535
704407,0.989779145203882
704408,0.9060454658284947
704409,0.9994470109153355
704410,0.9996723986864301
704411,0.6885110139404597
704412,0.9989132956563788
704413,0.42774708210662304
704414,0.8160970881199096
704415,0.15085496476897392
704416,0.039450435118689495
704417,0.1598035245858177
704418,0.03230128710163992
704419,0.9914453430513033
704420,0.993722372495565
704421,0.9990513213198515
704422,0.19663603499545534
704423,0.009668681550380063
704424,0.9832935301130035
704425,0.8679572225553592
704426,0.9962177260277436
704427,0.999496715298542
704428,0.9857467756732213
704429,0.08847677890579811
704430,0.9988979923506585
704431,0.9993977350715721
704432,0.03752708704944768
704433,0.032767066627258604
704434,0.8046449031721985
704435,0.00435451246560826
704436,0.5601048966103761
704437,0.1863355236173431
704438,0.8902739933859847
704439,0.3186805262853469
704440,0.6552340587205132
704441,0.9960647832277734
704442,0.9792932366175664
704443,0.9999126168269874
704444,0.005411324494411453
704445,0.969232314342609
704446,0.997367171486484
704447,0.10289330663833057
704448,0.9999083297615979
704449,0.9998161084504433
704450,0.8518445099588292
704451,0.9577661164693102
704452,0.7549845814195344
704453,0.9904042670140043
704454,0.8643222090756573
704455,0.5242850446555848
704456,0.38942184161092896
704457,0.10073583774847326
704458,0.999897029797225
704459,0.9996577321838331
704460,0.935276508330509
704461,0.9821215045662673
704462,0.9777694871708135
704463,0.9694184846455847
704464,0.8755065439786598
704465,0.802896484683749
704466,0.99893814385644
704467,0.9992971155522576
704468,0.22351338130149198
704469,0.09545932943493247
704470,0.32916811172651306
704471,0.8306790307268873
704472,0.8999267194719461
704473,0.9998121974947682
704474,0.9242826835653541
704475,0.9989903517256203
704476,0.9986457574003709
704477,0.970527118197972
704478,0.38747998667188477
704479,0.42265565438683206
704480,0.36032202245391876
704481,0.10145741850655321
704482,0.08146627077969033
704483,0.9980753435524592
704484,0.9513084761813352
704485,0.999721338623106
704486,0.999123870575076
704487,0.9989909670739884
704488,0.15280097039636426
704489,0.32195429054671754
704490,0.9997060933007561
704491,0.855458535089571
704492,0.9848845673114983
704493,0.8879864248094527
704494,0.9997976889985272
704495,0.9879749899242463
704496,0.9999852331563851
704497,0.6676092013752405
704498,0.33197727876947714
704499,0.9950669498718232
704500,0.9613856007062598
704501,0.9922314161939155
704502,0.9996306805641025
704503,0.39371681185370855
704504,0.6398245011589767
704505,0.7464955331370395
704506,0.9942247808955766
704507,0.9838790504526624
704508,0.7596480007402807
704509,0.38397981097924466
704510,0.28716264704567673
704511,0.6757305010637293
704512,0.9971942070447147
704513,0.8815140024950994
704514,0.3803914138995115
704515,0.9998121714974789
704516,0.6406185056794966
704517,0.038848884834062174
704518,0.998187928113715
704519,0.04224011371347543
704520,0.9986115082669969
704521,0.29630573669250326
704522,0.9946309959560338
704523,0.8861505195309124
704524,0.9996098803373094
704525,0.4611114299728501
704526,0.9967355348914448
704527,0.9168965647833047
704528,0.9985840157195995
704529,0.9999900877292919
704530,0.9998308936524021
704531,0.957285814213895
704532,0.5729617207544573
704533,0.8463401224838865
704534,0.8369204539746338
704535,0.8013204292859626
704536,0.9962946933232399
704537,0.9926881259408225
704538,0.9981512910183314
704539,0.9921622545386943
704540,0.991790875616225
704541,0.9982161858461185
704542,0.9972010671307261
704543,0.15166647339629893
704544,0.29483692234320025
704545,0.08555338773731203
704546,0.4313056386125269
704547,0.5784942546963293
704548,0.9198097078642612
704549,0.0032752540089231955
704550,0.1519576238398834
704551,0.9904358192190157
704552,0.9560465127894795
704553,0.9998320067140442
704554,0.9990119337226957
704555,0.087541581061942
704556,0.2947197117474507
704557,0.050831842933865765
704558,0.8569266317095089
704559,0.8963885302828478
704560,0.17998950949865922
704561,0.9998454004266736
704562,0.9708724026856512
704563,0.10094859737563694
704564,0.9989528545380907
704565,0.9524270872886189
704566,0.9996789964918438
704567,0.811572716529028
704568,0.9983742910175412
704569,0.999791792755204
704570,0.7734166579119279
704571,0.9999847355000341
704572,0.1639731143480342
704573,0.284906606948908
704574,0.9851037023723158
704575,0.9998342910892658
704576,0.2708142293469453
704577,0.9995476808904128
704578,0.9961800047001448
704579,0.9918375511855346
704580,0.9773588129833084
704581,0.9981985554043264
704582,0.45989499225103003
704583,0.17631105361955485
704584,0.08765999768987198
704585,0.997527349856245
704586,0.8674150481429415
704587,0.7643549542225591
704588,0.5567339894532823
704589,0.005773678425115082
704590,0.9996019474803504
704591,0.999802625945465
704592,0.9984990209118376
704593,0.010033097029766553
704594,0.9988576880311149
704595,0.7642241177118339
704596,0.04812859364322153
704597,0.9999508027367257
704598,0.9992831552456876
704599,0.9836961783375848
704600,0.9689250552294744
704601,0.1837627026202347
704602,0.5440617207732475
704603,0.9850845561713246
704604,0.9998770438959159
704605,0.9996966245008293
704606,0.26257413085405623
704607,0.3560266836387237
704608,0.7162844228040446
704609,0.9558284725849172
704610,0.999470374921388
704611,0.872333089760002
704612,0.9365242630888061
704613,0.38627078596379905
704614,0.9995659039668363
704615,0.9996116799162946
704616,0.7049134774487904
704617,0.9999047068418911
704618,0.9996501194572784
704619,0.7209498529921072
704620,0.6564310738740124
704621,0.1516506970009093
704622,0.9997645590871577
704623,0.0185023193753412
704624,0.0755991963890976
704625,0.9969600427279687
704626,0.9924599255671197
704627,0.9395704929509039
704628,0.008563721550748311
704629,0.9999270784690275
704630,0.04047167478377668
704631,0.9984268903627642
704632,0.9884140607417007
704633,0.09053156669847479
704634,0.996496146928139
704635,0.9998257662325771
704636,0.7492874659328964
704637,0.9478667316083306
704638,0.0029095659046006707
704639,0.9996495057573032
704640,0.4863461414382273
704641,0.5503238240894013
704642,0.9999606625511531
704643,0.9996474895977856
704644,0.9999501466692379
704645,0.999417445917994
704646,0.9997352752691846
704647,0.5761737568531479
704648,0.9999237990195146
704649,0.9951314920113441
704650,0.9831350740025504
704651,0.9929289645721551
704652,0.02147562966822345
704653,0.9948153529742174
704654,0.9999912842466494
704655,0.9481454151922112
704656,0.9999629484393762
704657,0.6786481809668963
704658,0.9998994381375993
704659,0.6581105352793023
704660,0.07812246021226144
704661,0.9920577584626785
704662,0.8073771522068235
704663,0.8351512562932183
704664,0.33123320371110515
704665,0.23497020942660543
704666,0.9991481657635249
704667,0.9985754806026949
704668,0.3502755714480815
704669,0.7880952065052125
704670,0.15973753276968314
704671,0.9892589800568381
704672,0.9981986401085949
704673,0.8613020554776074
704674,0.9982885794558708
704675,0.9968500073017604
704676,0.9999706657056411
704677,0.9845106280588969
704678,0.9980955354669068
704679,0.612338585570944
704680,0.030493963921291185
704681,0.8722188679345584
704682,0.8373642997457711
704683,0.27473400811468524
704684,0.9959330936079133
704685,0.5935979096596933
704686,0.8002682508846808
704687,0.09714783200420304
704688,0.34254554821205063
704689,0.9997436377522406
704690,0.9961649746560635
704691,0.9995205017997211
704692,0.9998806512973988
704693,0.989561434871085
704694,0.999930743842757
704695,0.7386267572063385
704696,0.562075067701133
704697,0.6969521941333315
704698,0.47358343894146804
704699,0.9871819253894498
704700,0.9970039709859544
704701,0.13086791435260062
704702,0.9998221893019026
704703,0.30357567017112175
704704,0.5689677774828553
704705,0.2542439708398332
704706,0.996593787948489
704707,0.9555246249539345
704708,0.8780905863398272
704709,0.9993235653716412
704710,0.9994653735128678
704711,0.9870015137931167
704712,0.8471221025152045
704713,0.06889751774251653
704714,0.9998498071341341
704715,0.9994426223736821
704716,0.9947316961063385
704717,0.9998879853468569
704718,0.13853702993408576
704719,0.5662712305168145
704720,0.9973834666296081
704721,0.9975761786481341
704722,0.5753566002976059
704723,0.0073751246608444055
704724,0.9992959381357759
704725,0.012172949159714253
704726,0.03986459209778604
704727,0.5337332323904251
704728,0.9997526826840724
704729,0.04814109054201794
704730,0.01265269291372013
704731,0.999501574215749
704732,0.9823193763230966
704733,0.9999299354922515
704734,0.9963499884474105
704735,0.6127965984370882
704736,0.3341227791150539
704737,0.9998334352068015
704738,0.3543569951894235
704739,0.1756722340806814
704740,0.005228184392320455
704741,0.9985465108170126
704742,0.7886756450073691
704743,0.12496656740207521
704744,0.9950124382717591
704745,0.9836117875920485
704746,0.9978416301454349
704747,0.6081748667310671
704748,0.47355101657468235
704749,0.7095770405700108
704750,0.6320061271620646
704751,0.5035676074806763
704752,0.1658826656829186
704753,0.9979900410190203
704754,0.9998710806907357
704755,0.996329468577603
704756,0.9996681794686532
704757,0.6675745049668801
704758,0.24254829463333585
704759,0.6926330982139599
704760,0.739175885851235
704761,0.9598267854955485
704762,0.05431399742374654
704763,0.9032369401338085
704764,0.9649261970716678
704765,0.9991627314690399
704766,0.9871408644298542
704767,0.4672646169224636
704768,0.9987133703413331
704769,0.9998808657800171
704770,0.3254007028943814
704771,0.9841136303592775
704772,0.022550241467940074
704773,0.9992598120675082
704774,0.997667965397502
704775,0.99695840071508
704776,0.9959255797124558
704777,0.4660904229718484
704778,0.9821659348936815
704779,0.9748652579155554
704780,0.7699750526779066
704781,0.9999440993389778
704782,0.30899545977511433
704783,0.9698637575426664
704784,0.035395707201292696
704785,0.9997174785769098
704786,0.9789950258994184
704787,0.15409704890688655
704788,0.8587601334646336
704789,0.8838643982958811
704790,0.9999196072958978
704791,0.9892558330153167
704792,0.9989725378403513
704793,0.9951097666260647
704794,0.9992744496243506
704795,0.004419223086564677
704796,0.999461704694299
704797,0.9902801856187031
704798,0.9969909214621793
704799,0.9999299665902872
704800,0.1253243777030265
704801,0.033636477188191745
704802,0.039061822606299396
704803,0.973253029090028
704804,0.9995633932111457
704805,0.16327956466916266
704806,0.00511081326841727
704807,0.9751006954900523
704808,0.02102335462869141
704809,0.313560926754485
704810,0.05138411617719099
704811,0.4623102457310147
704812,0.18258221304049363
704813,0.9813976389701236
704814,0.9998822712844986
704815,0.13535810318637204
704816,0.824177070472178
704817,0.9996741216572949
704818,0.9974554171948469
704819,0.9985401887681196
704820,0.13747995134800062
704821,0.9267132477940345
704822,0.008196621572369321
704823,0.9997102184444051
704824,0.971655974800933
704825,0.9998555925653818
704826,0.9990646107907009
704827,0.19361335206082272
704828,0.716888238517583
704829,0.9912959871601528
704830,0.14489010324048773
704831,0.9990810413356366
704832,0.9759043872613298
704833,0.9971493918143637
704834,0.9611345961350514
704835,0.9996684562071632
704836,0.9988917179453896
704837,0.012541346105347798
704838,0.8617622549790177
704839,0.9989833620493569
704840,0.99912262133075
704841,0.9744700064761054
704842,0.9989060109216507
704843,0.12286578769471568
704844,0.972233919488726
704845,0.6631633932218223
704846,0.8624914331130281
704847,0.584064351092211
704848,0.4592864523476161
704849,0.6818178466184825
704850,0.6753456585598376
704851,0.8754090209983927
704852,0.44857861489825485
704853,0.9998954893520673
704854,0.28078926950964733
704855,0.10903848570736886
704856,0.999392530127072
704857,0.9978532955588131
704858,0.13353418060529015
704859,0.9994894770802181
704860,0.9984006743791365
704861,0.9998321570832936
704862,0.946360538531853
704863,0.14822167275525633
704864,0.9996074402572835
704865,0.0801656939401766
704866,0.9973794689141863
704867,0.17466865883075824
704868,0.9969250500406306
704869,0.9992262160549703
704870,0.00985623262839167
704871,0.05600171901983249
704872,0.4085932877406976
704873,0.9983508110284158
704874,0.07098385090669665
704875,0.014370031247978851
704876,0.05024542084896341
704877,0.9999273561778856
704878,0.9996678682852893
704879,0.9988541283395271
704880,0.639335328475495
704881,0.1602312154696014
704882,0.9887942554542479
704883,0.8209561877416722
704884,0.90477540538766
704885,0.8425223112396409
704886,0.06312590205038211
704887,0.999876296753279
704888,0.6312632128262843
704889,0.9997864590853796
704890,0.9999797384701032
704891,0.20257415183507207
704892,0.9987105935260336
704893,0.010428812512412122
704894,0.9696070172485681
704895,0.9159328098323517
704896,0.99957555776874
704897,0.017739357890414965
704898,0.9980610160938629
704899,0.323846326736196
704900,0.9740178025841902
704901,0.033072780026063606
704902,0.45370825225503664
704903,0.9983250063536759
704904,0.9510858679137028
704905,0.9964213510122054
704906,0.999580648310869
704907,0.5304404747844255
704908,0.9640203856682924
704909,0.9987636589936872
704910,0.6671473056723287
704911,0.9999479125189364
704912,0.027477390772020376
704913,0.9281729164291482
704914,0.9996968672089392
704915,0.43104255853518125
704916,0.9993570445807824
704917,0.9987708942353799
704918,0.9064585953505502
704919,0.9997662246686376
704920,0.8954870135843486
704921,0.99997719126306
704922,0.9903806917700128
704923,0.9890241708535372
704924,0.9994984319174992
704925,0.9996005980310185
704926,0.9964340328309319
704927,0.6268947648337903
704928,0.9999000403876885
704929,0.05402333848063473
704930,0.9721014248285068
704931,0.9983839047793746
704932,0.025309425513257808
704933,0.9975066756773241
704934,0.9863241372058792
704935,0.9981018655953124
704936,0.999895596988662
704937,0.9988204911801074
704938,0.008721574314515937
704939,0.06337162000023311
704940,0.9896137413386679
704941,0.8275179357106853
704942,0.944206331462597
704943,0.7582201565970844
704944,0.9661389584180544
704945,0.9573527069674771
704946,0.9972558427115907
704947,0.035700642536824596
704948,0.9924250858168728
704949,0.9563136143862925
704950,0.9253893165031327
704951,0.9961258354292089
704952,0.7074059285140566
704953,0.14568524663262844
704954,0.5772501940671948
704955,0.9533555565872425
704956,0.07200408518999331
704957,0.9992746996519329
704958,0.9963240182238704
704959,0.9849331899478869
704960,0.9999759345986536
704961,0.9625173083094615
704962,0.9997170419329349
704963,0.8884706389315824
704964,0.7229468165972273
704965,0.5496964416355095
704966,0.9998386264110797
704967,0.9997289930817839
704968,0.9991278621862033
704969,0.9995127829860667
704970,0.01150009738128118
704971,0.9999290849999818
704972,0.9831947309195737
704973,0.9990472927641262
704974,0.9996482997795217
704975,0.9900972382255178
704976,0.7454170821677393
704977,0.9994275562187158
704978,0.9802840742728783
704979,0.9988241778828809
704980,0.6313659769736657
704981,0.9997292065079604
704982,0.724294527866144
704983,0.9987809842792958
704984,0.9553344971726744
704985,0.3423390827967494
704986,0.49138911384142603
704987,0.9998148525906596
704988,0.17927758493038448
704989,0.9968094051159624
704990,0.9894180055159104
704991,0.8177227905457635
704992,0.23968928550815877
704993,0.9902893869072142
704994,0.9920704694015544
704995,0.9979351057991614
704996,0.997591004610475
704997,0.6343132741497999
704998,0.999996597741913
704999,0.5292727627880804
705000,0.9986039631478667
705001,0.1807560979013244
705002,0.005551264898678113
705003,0.7875847943751417
705004,0.9655471739530239
705005,0.9959146009749269
705006,0.9998688424254414
705007,0.9991881466345616
705008,0.06917894511023515
705009,0.9999826523164201
705010,0.7141111160332709
705011,0.7504717092339099
705012,0.9999899321884793
705013,0.9310424795344394
705014,0.9996546463416626
705015,0.6455997601889452
705016,0.9999332551989044
705017,0.29580881640232565
705018,0.4304620367778129
705019,0.9985889062414457
705020,0.03539743249918622
705021,0.09921825397397371
705022,0.2474433762676664
705023,0.14724470160951597
705024,0.9999455905680907
705025,0.01644910225037286
705026,0.9997935998057244
705027,0.9795415165403349
705028,0.9999812272250554
705029,0.07636236195195246
705030,0.9923183472085967
705031,0.2951763044912412
705032,0.9997552570289991
705033,0.9998357089644694
705034,0.9962461885565455
705035,0.9508640437879524
705036,0.016762789601416563
705037,0.0060252751453061075
705038,0.868843846653932
705039,0.9872364109841395
705040,0.6780113333667315
705041,0.9861526909139438
705042,0.9942583208209502
705043,0.9946754738139472
705044,0.08068476574878179
705045,0.684058744341639
705046,0.9996169543518316
705047,0.9605301280473628
705048,0.7648762935413609
705049,0.9928469166943071
705050,0.46803213516126385
705051,0.5170941067768282
705052,0.9998742882635476
705053,0.01774925778717441
705054,0.9995685081574981
705055,0.999920351992551
705056,0.07195768681634541
705057,0.6289102417300918
705058,0.9824605079559741
705059,0.3584801181902457
705060,0.8401131395412363
705061,0.9914413724314455
705062,0.010587126618577719
705063,0.21738824548530805
705064,0.9954257195498389
705065,0.7658764693703567
705066,0.09934292867360259
705067,0.9999354147300538
705068,0.8368238730904054
705069,0.9277490865930236
705070,0.9846293104192394
705071,0.7680246685423967
705072,0.9999314402701907
705073,0.9974920019205389
705074,0.2991996214950601
705075,0.961563840029489
705076,0.4225043648832692
705077,0.9879977996762459
705078,0.997232692708119
705079,0.9943943340308494
705080,0.17668580560823657
705081,0.9936172604087197
705082,0.38276641191546185
705083,0.971394173260827
705084,0.992393986048552
705085,0.12556358870787032
705086,0.9998638337765384
705087,0.9317084962731039
705088,0.6948184262775281
705089,0.010278900934921472
705090,0.7128248733560789
705091,0.17182342833053804
705092,0.8261584763298039
705093,0.9986121335045494
705094,0.9999699703631362
705095,0.9990304760482405
705096,0.014653065662541107
705097,0.6748612758762813
705098,0.1503298602763036
705099,0.9998766767577647
705100,0.6997193131195021
705101,0.9180388950092865
705102,0.9834750461980648
705103,0.24826848265748994
705104,0.008967088217651489
705105,0.999887765389764
705106,0.9631782440771256
705107,0.8833464663347446
705108,0.9603641751481584
705109,0.9997226515090034
705110,0.9965493771821947
705111,0.9955416036009614
705112,0.07938400539919935
705113,0.9996278785364638
705114,0.9921973827683827
705115,0.2963951242447834
705116,0.951118009667462
705117,0.5658166931106992
705118,0.9977118005874546
705119,0.7014873062896512
705120,0.998320241494089
705121,0.46549562676893685
705122,0.08763521963199972
705123,0.028748256788193847
705124,0.9996881821201635
705125,0.8634621168141743
705126,0.9999965155368742
705127,0.9488572188004747
705128,0.9486888065062165
705129,0.9985376589921068
705130,0.2830466260901022
705131,0.9765099328045801
705132,0.9999517762374823
705133,0.8697299309667224
705134,0.8263473835347576
705135,0.9998418994400751
705136,0.02216643204583437
705137,0.08077903741098821
705138,0.8959076567081234
705139,0.9988022687173869
705140,0.9989096302335703
705141,0.9992029626659874
705142,0.20450256736946004
705143,0.061474661319021746
705144,0.9999218287788826
705145,0.0585335435128922
705146,0.14913150078304233
705147,0.9998599032370761
705148,0.4543459065310249
705149,0.9869386127163887
705150,0.9999882075033325
705151,0.7121554902841863
705152,0.44390513731971415
705153,0.3774177885808251
705154,0.9978841330863426
705155,0.006379851166254813
705156,0.999986475434462
705157,0.9988871372660981
705158,0.9678590652368168
705159,0.16537794517328724
705160,0.9983293189179607
705161,0.9964233809435612
705162,0.9925694761099794
705163,0.9943798147030282
705164,0.9999901575746875
705165,0.9958836228198663
705166,0.3194369793588046
705167,0.8060346674503538
705168,0.9834355230218561
705169,0.9199829249264382
705170,0.998492276769204
705171,0.4921141760070852
705172,0.2531712333898414
705173,0.9997653839251688
705174,0.9998713835984838
705175,0.5754603587138146
705176,0.9940623536696069
705177,0.46031373086384175
705178,0.2724717212429423
705179,0.7363746757829994
705180,0.02550117150586491
705181,0.714054415794896
705182,0.012472536396538548
705183,0.5284456300886239
705184,0.5657304096691647
705185,0.8149956041472287
705186,0.3309477326915292
705187,0.4553165634341632
705188,0.9921793082647117
705189,0.9997230563996875
705190,0.03205077974509894
705191,0.9998811069499809
705192,0.9231457793618262
705193,0.9996187800578645
705194,0.9785367623400717
705195,0.9999649677827953
705196,0.028328354245652953
705197,0.9983505704490614
705198,0.6128944903531032
705199,0.918813147143741
705200,0.8816297940912577
705201,0.09263109773085773
705202,0.9976881162806658
705203,0.9328322261630106
705204,0.9997843751174773
705205,0.32635005409795126
705206,0.6549302876959741
705207,0.054965030707652164
705208,0.9999653659454606
705209,0.8519114903989384
705210,0.4233596390988904
705211,0.013787007758795582
705212,0.9951902311276511
705213,0.01071007449828363
705214,0.4001668399147467
705215,0.673073642681149
705216,0.9999862276966882
705217,0.5859804175846828
705218,0.18277037114481853
705219,0.9996828543303351
705220,0.9969751076827542
705221,0.9995961520616222
705222,0.5839584829103629
705223,0.9974429184319671
705224,0.8296067779374632
705225,0.9992544568994391
705226,0.9873129903845665
705227,0.2334452720530717
705228,0.9289730026767404
705229,0.9867824083515302
705230,0.9542290206359068
705231,0.9983487844061514
705232,0.9997103092225558
705233,0.893196598579739
705234,0.8542017284968888
705235,0.996330500729384
705236,0.9990702616385069
705237,0.4352103515972867
705238,0.9825103881180808
705239,0.9992616918955262
705240,0.9679499591256693
705241,0.9999742973114875
705242,0.44291614042065175
705243,0.9982272167170101
705244,0.00825034621127087
705245,0.48237220980415846
705246,0.9995920194524197
705247,0.9993055962232973
705248,0.9871689913104187
705249,0.4005231405235462
705250,0.9991306164645559
705251,0.9989365149496692
705252,0.5680534428576872
705253,0.020728521010132086
705254,0.6094413113803189
705255,0.9982933523047253
705256,0.9870538534770522
705257,0.007460849611099203
705258,0.08770393882427094
705259,0.9588612410091226
705260,0.9538741500512532
705261,0.6258681025503653
705262,0.9378806672221562
705263,0.9998719036505751
705264,0.9990401091075101
705265,0.9967710651189305
705266,0.9990521075389922
705267,0.8130394154209134
705268,0.9648148780569049
705269,0.9542247766052776
705270,0.931150164542526
705271,0.9882707735925708
705272,0.996766303829793
705273,0.998421903825343
705274,0.6700311868790709
705275,0.1126327709153796
705276,0.3039502986285618
705277,0.6077199492420682
705278,0.999391597507411
705279,0.9994230614709578
705280,0.9998616733855434
705281,0.7941907850038039
705282,0.18858507416002201
705283,0.9951031301840031
705284,0.9114213167012614
705285,0.9992865098475137
705286,0.9996590423287041
705287,0.15444961225607387
705288,0.9955082126860196
705289,0.07432505367553308
705290,0.19224227989797563
705291,0.9999219660839516
705292,0.9975236087625503
705293,0.9384267039050235
705294,0.4685711405035824
705295,0.8686166764009229
705296,0.7504192419360021
705297,0.999859020878253
705298,0.999576605046915
705299,0.9381557670896848
705300,0.6942135919299993
705301,0.19178270289366095
705302,0.9979810970417173
705303,0.9995310792434147
705304,0.9999593216111006
705305,0.9999353501973373
705306,0.8983158587244231
705307,0.859946757526342
705308,0.267064419815683
705309,0.04000626293235463
705310,0.9708844761685542
705311,0.6436180830500196
705312,0.3957471156442024
705313,0.2824549963821506
705314,0.7096547577016388
705315,0.9997013471503517
705316,0.9942301161502216
705317,0.9992745179380456
705318,0.9988409614684586
705319,0.9972057114253007
705320,0.9997759752192625
705321,0.5493619153156144
705322,0.9328454644146008
705323,0.019968030317223266
705324,0.9842868569575193
705325,0.999914843264885
705326,0.9963549553566444
705327,0.987119853128718
705328,0.032464811233283875
705329,0.8972965326720597
705330,0.8071716748492828
705331,0.999958076824319
705332,0.9703660173546685
705333,0.8408608827270383
705334,0.999920356436987
705335,0.09632632283130377
705336,0.41908938911310206
705337,0.9217797558483276
705338,0.701586352680051
705339,0.06039364155693212
705340,0.03611729245079851
705341,0.16968335340280719
705342,0.31752270519388837
705343,0.7822867780294117
705344,0.1132010235592806
705345,0.869380232500854
705346,0.7015169785635693
705347,0.9168830240200015
705348,0.9840798540781107
705349,0.9089589880788027
705350,0.9975950774750242
705351,0.9985065504691897
705352,0.08578494611739981
705353,0.715074880413303
705354,0.019504705679360412
705355,0.22646369380167755
705356,0.3514831308869528
705357,0.9997934959175858
705358,0.3247049864532396
705359,0.9644127790741719
705360,0.1124801394219979
705361,0.6200183011771224
705362,0.680429384162512
705363,0.43957853926091933
705364,0.999020672156816
705365,0.5226068145228974
705366,0.9994161941967209
705367,0.3914282722653195
705368,0.43705144367326776
705369,0.6369026326316777
705370,0.9744616119667346
705371,0.8598465301802128
705372,0.31520146382815584
705373,0.8550265018159295
705374,0.9986452997595066
705375,0.9999226595447457
705376,0.026652123892041895
705377,0.08436206978408228
705378,0.03472785935105241
705379,0.14223057161330047
705380,0.9994458770075175
705381,0.08109849978718536
705382,0.06518038636725336
705383,0.6513581649563586
705384,0.05418861255393438
705385,0.9949398638305833
705386,0.9659283565441354
705387,0.9999762628223892
705388,0.9998408020434231
705389,0.019176509476842837
705390,0.12902274222348528
705391,0.06297281098577624
705392,0.9935540931823086
705393,0.6712888184765522
705394,0.9378897810652989
705395,0.8741378425759436
705396,0.4938117385298771
705397,0.2040543546528324
705398,0.932070967630694
705399,0.9997280994791822
705400,0.9978772718138149
705401,0.9929375224706491
705402,0.8026244698468163
705403,0.9990645599490957
705404,0.12076374543022442
705405,0.2275304040009225
705406,0.3457980677081474
705407,0.5186574928831879
705408,0.024766385648223425
705409,0.9246557400468391
705410,0.9177183966355744
705411,0.3347715919538952
705412,0.9712963675705832
705413,0.9999448265641844
705414,0.9556999618458135
705415,0.9734090725609474
705416,0.9492155607485098
705417,0.014880001527430124
705418,0.0193828411924711
705419,0.734783961285969
705420,0.999568470977504
705421,0.9991837654907059
705422,0.895523039538434
705423,0.9966448400619681
705424,0.9968902450672705
705425,0.1059367074243217
705426,0.7194744535508693
705427,0.10420458106637104
705428,0.9993046445165117
705429,0.9301328614514477
705430,0.2720350042498182
705431,0.9998957298953917
705432,0.10649454975704407
705433,0.9974409058420322
705434,0.5595318980668766
705435,0.02034261312447335
705436,0.9999463926421799
705437,0.9999528088168388
705438,0.9971985316091633
705439,0.9492070148665511
705440,0.8303049785373581
705441,0.0861554671808911
705442,0.8361267140072122
705443,0.2615014048662873
705444,0.03168577270188113
705445,0.6514545294873675
705446,0.0937583389043289
705447,0.9997517080080466
705448,0.9809975772666609
705449,0.24022096191941
705450,0.9973607881642861
705451,0.9996291519093428
705452,0.9999331505060993
705453,0.9984493371697625
705454,0.00732039421004073
705455,0.9087428154806036
705456,0.9995360121713359
705457,0.9963408787131007
705458,0.9972338406055541
705459,0.6297712486142285
705460,0.9957713975536504
705461,0.9995637169392321
705462,0.9847866694975309
705463,0.6050310985582645
705464,0.1915787973884751
705465,0.08854740730371469
705466,0.5158994449050265
705467,0.9905289616049184
705468,0.4368529738870731
705469,0.9999521530147576
705470,0.9047823470712903
705471,0.8015838360683323
705472,0.9969656736129979
705473,0.9977233681840381
705474,0.998815909128144
705475,0.10447524599719854
705476,0.9993791981440284
705477,0.0039693537971485695
705478,0.9992549037287323
705479,0.8353186214768352
705480,0.9990179668132919
705481,0.9997827889598612
705482,0.7693960607263897
705483,0.9994944872295021
705484,0.8086981164703098
705485,0.9948207399199241
705486,0.02124894583893007
705487,0.12337136165634735
705488,0.9983550500125898
705489,0.1947750657197651
705490,0.9916066116535854
705491,0.6045147398431951
705492,0.623706417253233
705493,0.5251218568840722
705494,0.9314297748380462
705495,0.06289160114229778
705496,0.8661352657201986
705497,0.9999704860321342
705498,0.26125479445591204
705499,0.16833602485344643
705500,0.9106428593156493
705501,0.43238729426827105
705502,0.019078423733690678
705503,0.9999525943177114
705504,0.7057383985842427
705505,0.9998021434227142
705506,0.9994573000564894
705507,0.01828812019854401
705508,0.9998345246272062
705509,0.9980094402937261
705510,0.9844048918562089
705511,0.9999686569351158
705512,0.650175217967014
705513,0.20670288543530593
705514,0.8126241953003059
705515,0.40983553207874857
705516,0.8471748317173472
705517,0.9979726842440736
705518,0.9962389473288629
705519,0.04703024784699095
705520,0.4068342024368135
705521,0.03276480608954985
705522,0.2593659025095665
705523,0.9989023096394254
705524,0.7704665060805418
705525,0.9998758794220721
705526,0.9999690815607887
705527,0.427334131028853
705528,0.03168506204234081
705529,0.999964296958918
705530,0.3602904386734909
705531,0.7279316531135803
705532,0.46793797978028534
705533,0.9760650393857616
705534,0.4354321012996101
705535,0.992461511677434
705536,0.6552230220816386
705537,0.7736481093653595
705538,0.026704982686403908
705539,0.8944525095191936
705540,0.7987069048272915
705541,0.9982412323091616
705542,0.9021524047707611
705543,0.9984645633893746
705544,0.9999705285151455
705545,0.17748812017884555
705546,0.6409355348234173
705547,0.9795437967489244
705548,0.9997110552946178
705549,0.19631111917619215
705550,0.09482760085372151
705551,0.7284123073159716
705552,0.9993936011090203
705553,0.9997339031916901
705554,0.9909029523695826
705555,0.9989638337124667
705556,0.6866833963898009
705557,0.3761200875846905
705558,0.2052502471137923
705559,0.8543752920425252
705560,0.20358224981993006
705561,0.9991077777458741
705562,0.2999022076359582
705563,0.9999824938845574
705564,0.9998134089939608
705565,0.6982645190121216
705566,0.3849194115406988
705567,0.9997233090306611
705568,0.05965066353956995
705569,0.11133417359143757
705570,0.9986488706741854
705571,0.999513713248193
705572,0.03160861752548298
705573,0.9995928178957303
705574,0.8313058773582399
705575,0.7266631460666647
705576,0.27286219067313394
705577,0.7757137158897436
705578,0.9999121728429148
705579,0.9984726898275402
705580,0.5392749689243309
705581,0.7929536491566544
705582,0.99958576434096
705583,0.17825993765138973
705584,0.8521642049512852
705585,0.5487137612618882
705586,0.9389325066210077
705587,0.9499672221411197
705588,0.9508624984214575
705589,0.6536090099595555
705590,0.833899841695471
705591,0.9969481537955687
705592,0.1337383441670739
705593,0.6781055749825668
705594,0.04884013003934582
705595,0.8925132125728047
705596,0.9993288996531424
705597,0.6941480251211348
705598,0.0410479463772245
705599,0.7237346889418709
705600,0.09203403816677305
705601,0.07171775315103711
705602,0.6622880107765393
705603,0.1261450637267913
705604,0.07165005274671736
705605,0.7548012343149646
705606,0.8595805405082567
705607,0.9730776497163597
705608,0.7980812901222145
705609,0.6078163555934192
705610,0.9616994001116674
705611,0.9787320135231334
705612,0.11992296088642736
705613,0.9962574551059487
705614,0.7944548092654131
705615,0.8248827309874607
705616,0.9999732762805117
705617,0.9873834437297941
705618,0.9657138185454519
705619,0.2880705476465929
705620,0.9996927758539119
705621,0.2538803294203981
705622,0.9095156248863319
705623,0.08690873317071621
705624,0.10318500133949844
705625,0.541263590862202
705626,0.9348175751640004
705627,0.9962816383656491
705628,0.9175326405140847
705629,0.3365852699041728
705630,0.8420509589475815
705631,0.9987714527907194
705632,0.20880805285428441
705633,0.9710493369153628
705634,0.885409541278843
705635,0.9999883071072972
705636,0.9935754927647897
705637,0.1757171754877875
705638,0.00492545125040289
705639,0.9728273042939194
705640,0.33101569764772293
705641,0.9996646262762967
705642,0.9998811250433546
705643,0.9998893915034744
705644,0.99644734650067
705645,0.9992525620913645
705646,0.9997333259205792
705647,0.12468913427310518
705648,0.9426368685403588
705649,0.5157792667168519
705650,0.9999478850554706
705651,0.9999469463853503
705652,0.014035827123253544
705653,0.08201144270337218
705654,0.6089942609587812
705655,0.9998242667291835
705656,0.8003082011221974
705657,0.9956282182386949
705658,0.8293668506126981
705659,0.983778964187696
705660,0.9992622088426739
705661,0.688768176198393
705662,0.5631678439175415
705663,0.023387459023170767
705664,0.848458902682014
705665,0.4665261531010414
705666,0.19391006555591644
705667,0.9453856686269931
705668,0.2808318770678181
705669,0.9998250254593787
705670,0.6578685657763956
705671,0.6467701110192231
705672,0.3389526165557206
705673,0.9539264728215857
705674,0.005634505364736789
705675,0.7960277222944595
705676,0.3676631357383935
705677,0.32667926415800214
705678,0.4657596632437642
705679,0.9976357422253145
705680,0.16454637354273904
705681,0.998881580299612
705682,0.8274946544938394
705683,0.9090088521815484
705684,0.9999326629838392
705685,0.9994025955708121
705686,0.9946976547217433
705687,0.1441888676882943
705688,0.014239090331948522
705689,0.9809392686043197
705690,0.3309532734168541
705691,0.9810642805431574
705692,0.9999170988445248
705693,0.44055671885842296
705694,0.9989498767729482
705695,0.2616035876847628
705696,0.7267560252336375
705697,0.7543145799627431
705698,0.03167608227663084
705699,0.9991705860357163
705700,0.9995896657446107
705701,0.9999727210402296
705702,0.006133773896613555
705703,0.9994586085269271
705704,0.8747378675403464
705705,0.08722945776182073
705706,0.38872290636515977
705707,0.9863194678908653
705708,0.042842251387456634
705709,0.9968752761886964
705710,0.0020715411570268695
705711,0.4393484410822347
705712,0.9998676487976138
705713,0.9746253711462196
705714,0.0018285143719842924
705715,0.010155595123420971
705716,0.999499524551424
705717,0.994412224603344
705718,0.9998797366835107
705719,0.10060956250408915
705720,0.997320346109554
705721,0.7588310993552152
705722,0.600545732378067
705723,0.8052089518939973
705724,0.9784914903485437
705725,0.9997493741651491
705726,0.7273292163791787
705727,0.9417452755562309
705728,0.7112235860436139
705729,0.3287747934791127
705730,0.994125088225496
705731,0.991395377367748
705732,0.9740014710632795
705733,0.9382370696386064
705734,0.9902596969553958
705735,0.38947559575182344
705736,0.9997531398757199
705737,0.8410028485672435
705738,0.8121491354182151
705739,0.974609835335535
705740,0.997112439175779
705741,0.9980658864769305
705742,0.707614040554605
705743,0.9216726802507766
705744,0.48690507816311634
705745,0.1365685290777777
705746,0.32834094178428064
705747,0.32632667507587
705748,0.999628274797544
705749,0.9994894681364845
705750,0.9999941483373305
705751,0.07841655821824714
705752,0.21278513099844554
705753,0.9991847999159467
705754,0.9997052217772182
705755,0.9835767971781857
705756,0.9975467514899401
705757,0.5700544133839246
705758,0.8879792577173604
705759,0.9999689787101008
705760,0.9023248402765527
705761,0.26818679854350636
705762,0.9976198818598949
705763,0.9999404575533783
705764,0.9570024535015924
705765,0.9999799615891571
705766,0.16454157860794877
705767,0.9996059463811348
705768,0.712573531629074
705769,0.9985653423235353
705770,0.9017793386364351
705771,0.07149556147229727
705772,0.958533822285075
705773,0.9992702194042344
705774,0.3138507715239248
705775,0.014137209996021534
705776,0.989460802622595
705777,0.9999795348862975
705778,0.1684323029038685
705779,0.6942500190359071
705780,0.9999890281317374
705781,0.9995578925941281
705782,0.9963100662655175
705783,0.9999544357060159
705784,0.4712040564407365
705785,0.49577308279107
705786,0.6806194478346517
705787,0.9946278208879301
705788,0.040281119267518505
705789,0.947476323206673
705790,0.9523350242173836
705791,0.6571901075987313
705792,0.9960766666636818
705793,0.8077832139891451
705794,0.8785037345359881
705795,0.998366386219809
705796,0.999872879937663
705797,0.6969480535425919
705798,0.02175481435720502
705799,0.3327931645183978
705800,0.9987358292864091
705801,0.14088082994976373
705802,0.9998982335202478
705803,0.527001430552057
705804,0.31469493092430245
705805,0.9805734591044732
705806,0.829416250973054
705807,0.9229674542469095
705808,0.9997463049527583
705809,0.9917828174903933
705810,0.9998266409371857
705811,0.993238515657039
705812,0.9841305738078427
705813,0.3836470933941233
705814,0.9844356455233492
705815,0.29102262928201994
705816,0.9996684784470287
705817,0.5174483397719891
705818,0.5791776085681144
705819,0.33319724325592553
705820,0.9977036688765855
705821,0.9641056733077339
705822,0.9835692686961728
705823,0.06530080643807903
705824,0.9481143662954563
705825,0.5759588946358274
705826,0.999947484924329
705827,0.999627739246347
705828,0.6405928794619937
705829,0.7319236311908127
705830,0.6446464638232409
705831,0.5676000896073068
705832,0.3873038187350208
705833,0.5570462706186807
705834,0.9954312612925453
705835,0.879187824352328
705836,0.1609729203158423
705837,0.9998542936907362
705838,0.9999741656559182
705839,0.13703449628274703
705840,0.9999611533378145
705841,0.9996164253039956
705842,0.2215631676051144
705843,0.6050623188973688
705844,0.9984412457536006
705845,0.9838042852582705
705846,0.9846779479107522
705847,0.438319835920227
705848,0.999843999674338
705849,0.7273233094859395
705850,0.9945153847354664
705851,0.9981276018371615
705852,0.133346276026183
705853,0.7266461359208967
705854,0.9997647467270816
705855,0.9999089736357669
705856,0.9993649677817255
705857,0.8351814225178424
705858,0.9475635980288589
705859,0.7086699001010981
705860,0.9979550161231932
705861,0.3202606225541007
705862,0.0859546020267483
705863,0.7837675652774141
705864,0.9937656201025769
705865,0.1746833851133125
705866,0.6313997393854804
705867,0.9938476681876365
705868,0.9991419003577869
705869,0.5170568206838554
705870,0.9813224614423004
705871,0.5655198781784347
705872,0.9988642291730225
705873,0.9913323624338692
705874,0.9937857811614292
705875,0.15576123001180392
705876,0.9985730275207336
705877,0.44405559905214687
705878,0.9991629174140887
705879,0.9994995115583083
705880,0.9998226338030887
705881,0.9937040731800182
705882,0.019846443766933335
705883,0.35589909253421986
705884,0.9945017764855554
705885,0.9999644390746131
705886,0.9998986541020588
705887,0.9989710768855895
705888,0.6631557113419804
705889,0.9992056128162377
705890,0.5891449280458123
705891,0.40699727462222374
705892,0.41182341799909156
705893,0.8281867984422243
705894,0.5977607905353522
705895,0.9977015391966473
705896,0.9998825033767325
705897,0.30650869681745463
705898,0.05161033287816078
705899,0.9988434333182777
705900,0.999974753077429
705901,0.9999690544382929
705902,0.8025718706102287
705903,0.999835616159475
705904,0.08344843536757934
705905,0.9510148180494451
705906,0.9957609199672857
705907,0.9918259939604853
705908,0.4587112966800644
705909,0.44895992099316456
705910,0.9994894154335968
705911,0.9996068568628547
705912,0.990937324358406
705913,0.9777087202245738
705914,0.8816514782356235
705915,0.9994180379697482
705916,0.9992274987433853
705917,0.8464519826133501
705918,0.10603126735663364
705919,0.8939661920371811
705920,0.9985359594463368
705921,0.828061440457509
705922,0.27036758979553693
705923,0.999955036539933
705924,0.9439999564891579
705925,0.9996092437769819
705926,0.9659539811691773
705927,0.8797126120435135
705928,0.9977661680045288
705929,0.22435683362790507
705930,0.9201857943380537
705931,0.48799673873464117
705932,0.26576999570151394
705933,0.9997814595729588
705934,0.5917057783442135
705935,0.6266181968665173
705936,0.9739512447655999
705937,0.8517695895870208
705938,0.997606826051528
705939,0.8018292712872125
705940,0.02820528592730681
705941,0.9936312207793141
705942,0.8129562268842228
705943,0.999042131843019
705944,0.9783552718785606
705945,0.9860925400251606
705946,0.20440893218808073
705947,0.999926630940676
705948,0.24087126219146646
705949,0.9999740507750723
705950,0.940843697815533
705951,0.9997709242096566
705952,0.7681131293228659
705953,0.32058691017579866
705954,0.7154028012695155
705955,0.9997824302272991
705956,0.7583583933301001
705957,0.999982158503582
705958,0.2071909506029514
705959,0.9997162009057159
705960,0.1429154027284394
705961,0.8258837055407373
705962,0.9998101691170812
705963,0.004970635798497084
705964,0.999941801989669
705965,0.33561157564939437
705966,0.9997491003939389
705967,0.994416503537072
705968,0.967595648420528
705969,0.9998579160572113
705970,0.05310050197705002
705971,0.05018199114033124
705972,0.028136176433180202
705973,0.9981949653972814
705974,0.8899825903802251
705975,0.9996780242296239
705976,0.008569842772343406
705977,0.8180461813405673
705978,0.9161942941464986
705979,0.9848353714971712
705980,0.9996665266960794
705981,0.9116848649132232
705982,0.9932448683678572
705983,0.9896804834239011
705984,0.9996540547619521
705985,0.4680279382515077
705986,0.9988365156767913
705987,0.9180187499257136
705988,0.9997797012423415
705989,0.5832946595947543
705990,0.7558848006564228
705991,0.9961742902260273
705992,0.08100946155119162
705993,0.5160011392591783
705994,0.5919569198197749
705995,0.6832210940629517
705996,0.9860398852174024
705997,0.9346022746555604
705998,0.9902007977441712
705999,0.06730623271854996
706000,0.8631479916255399
706001,0.6384250248859706
706002,0.14039497893340325
706003,0.9161731169571217
706004,0.6935200024842584
706005,0.9999057467126882
706006,0.9712572454325437
706007,0.9997550647831627
706008,0.9753883116938928
706009,0.3334954393513514
706010,0.9998566108848159
706011,0.9421501329877364
706012,0.65308844653607
706013,0.999925591028145
706014,0.5992887743865616
706015,0.999437323360086
706016,0.9958475559366444
706017,0.9999254799062008
706018,0.27181894668030754
706019,0.9559644012758928
706020,0.5079360640374064
706021,0.999874321948612
706022,0.9956588705807363
706023,0.7347977949751305
706024,0.66006087697412
706025,0.9988028305786594
706026,0.10934276365808412
706027,0.9973318238441176
706028,0.4358562060806015
706029,0.671423729817044
706030,0.9999069953159505
706031,0.9998594633142428
706032,0.4377063296218366
706033,0.9947084680002518
706034,0.6305091854576358
706035,0.9923589762496623
706036,0.24430692056551645
706037,0.12587884095118956
706038,0.18428602309628025
706039,0.9945784035025778
706040,0.922827845556309
706041,0.7659172661456883
706042,0.965002552373598
706043,0.997754754859449
706044,0.3400202658554917
706045,0.9985502399001935
706046,0.9997631643930186
706047,0.9993786103861801
706048,0.9999812403467682
706049,0.9316429418756085
706050,0.2614283323079589
706051,0.1805767262657872
706052,0.8161562729442495
706053,0.9968222985097585
706054,0.998591442193201
706055,0.9648643824054293
706056,0.08281138987958471
706057,0.9999297057288398
706058,0.9999610534440355
706059,0.3321822941489997
706060,0.9993014980630065
706061,0.1483570302626549
706062,0.9876025171110141
706063,0.6071799703991876
706064,0.7239777933858177
706065,0.6880020603320633
706066,0.8354368933693784
706067,0.9912186803595247
706068,0.9999220463465193
706069,0.9998948910354446
706070,0.0377122763371312
706071,0.06829618082266999
706072,0.6949150366104574
706073,0.9701163667486594
706074,0.4503414110096219
706075,0.952914612928706
706076,0.9972467275789973
706077,0.9805633775297489
706078,0.34325618937844127
706079,0.9999413897803764
706080,0.9997428468947666
706081,0.7793306389213299
706082,0.9997577070317996
706083,0.019879312267313543
706084,0.07542251339201439
706085,0.006868914908820424
706086,0.18448818902067018
706087,0.10139187979995706
706088,0.9917468103523911
706089,0.06643365914295886
706090,0.991279031950601
706091,0.999968324255306
706092,0.07304038349227425
706093,0.9988681158578377
706094,0.9994714395507951
706095,0.0242830749263026
706096,0.6714537534810232
706097,0.7458145772091326
706098,0.7871404318801861
706099,0.005548435804359062
706100,0.33343107125781635
706101,0.9998957748439374
706102,0.9997721565988785
706103,0.9080380223246054
706104,0.06839350309689277
706105,0.9997165334944323
706106,0.9998528443890977
706107,0.7172531869102993
706108,0.7444355679674757
706109,0.1473170399060208
706110,0.5991199264790379
706111,0.8361140394348789
706112,0.9982294848968107
706113,0.9950560217918719
706114,0.286558518945182
706115,0.880500959045912
706116,0.46296122599716005
706117,0.7773635012614218
706118,0.757558488262718
706119,0.32791290304747256
706120,0.008449568707170367
706121,0.9993836408185266
706122,0.9978544649683949
706123,0.5666891507003621
706124,0.06795382303577321
706125,0.9986322349538764
706126,0.5492557432909897
706127,0.0732738774781582
706128,0.42718726046494715
706129,0.8470334233562251
706130,0.7065610218715744
706131,0.9854217780977805
706132,0.9597877006619762
706133,0.9661539680277673
706134,0.03872742194941593
706135,0.9427198985755761
706136,0.011431910940243272
706137,0.011846692051200366
706138,0.04204937142968049
706139,0.9966197396667076
706140,0.26112055499625153
706141,0.11982373241468038
706142,0.9995886901285284
706143,0.8073462942970868
706144,0.29707232754054574
706145,0.9997351005741237
706146,0.05574656702558937
706147,0.9997830429430332
706148,0.999390014205848
706149,0.999139115870268
706150,0.9149277841652657
706151,0.3810136060265828
706152,0.9528050197365102
706153,0.9681923279895563
706154,0.009991990685491127
706155,0.24896399257702684
706156,0.8994150986004277
706157,0.9998048412866976
706158,0.9999108323523849
706159,0.996919651681158
706160,0.99859428460334
706161,0.0015601798764048901
706162,0.023340109228805753
706163,0.19195940723312988
706164,0.6220739581380285
706165,0.8851595685544129
706166,0.15955600767240435
706167,0.03720258642252294
706168,0.045298920361961925
706169,0.047684536026977364
706170,0.7567592013173048
706171,0.9967629575845346
706172,0.9999349919298555
706173,0.07770985547661716
706174,0.9998266785459629
706175,0.9985924713751904
706176,0.9995787385343595
706177,0.9996379274072926
706178,0.0031074938612121812
706179,0.9066170000580414
706180,0.12736603550721914
706181,0.5236025150507924
706182,0.99963026601603
706183,0.7244847946919565
706184,0.9997995470806026
706185,0.9981293622272732
706186,0.07788752665829414
706187,0.25077516715248016
706188,0.999107106404899
706189,0.9999948661904992
706190,0.18390255376179074
706191,0.3047538888502586
706192,0.9881669564323277
706193,0.01672385322065059
706194,0.9845793670229935
706195,0.9997245282038618
706196,0.9947339473164284
706197,0.8744203645357559
706198,0.05091836649842183
706199,0.04394843777489458
706200,0.976875882463266
706201,0.99768042048023
706202,0.21670446617096523
706203,0.9997652343843567
706204,0.4355226733901869
706205,0.2510294498844639
706206,0.11013410053751421
706207,0.9695704909798377
706208,0.9999353659706371
706209,0.9859856954620024
706210,0.9999798128266888
706211,0.9989498379791986
706212,0.999729129738602
706213,0.6582937197432779
706214,0.9877650495851172
706215,0.06936928082728744
706216,0.3991098124890016
706217,0.17391064005864643
706218,0.531513110828772
706219,0.9974854611521546
706220,0.9987675304857916
706221,0.3871042989172694
706222,0.9052696725705893
706223,0.39296181073245584
706224,0.9980539481060111
706225,0.2965945368129506
706226,0.3466010013683055
706227,0.2465067798067856
706228,0.999974930723475
706229,0.4108187721879342
706230,0.6469393286566228
706231,0.9998912504316451
706232,0.9996193650095451
706233,0.9011209103181004
706234,0.6929242280559842
706235,0.9996314175629974
706236,0.9083459404983989
706237,0.8045213994581544
706238,0.9954481791024714
706239,0.9998693921205072
706240,0.9995268259139983
706241,0.9991279912286621
706242,0.20436196076530377
706243,0.8687956247245233
706244,0.9962887647865986
706245,0.9999336331832748
706246,0.9996366334364514
706247,0.056902130626150155
706248,0.9912117684523145
706249,0.9830103930990657
706250,0.9998126722004517
706251,0.898353508681326
706252,0.9987222257377805
706253,0.9484886689840033
706254,0.9727520852192699
706255,0.7185575599478524
706256,0.98012345740537
706257,0.5952581219591796
706258,0.9968963603459855
706259,0.9997002206502974
706260,0.5791414849776253
706261,0.9998622060495914
706262,0.6663857840649448
706263,0.08852160449047312
706264,0.36660017702184927
706265,0.36349075295880157
706266,0.9959422439034082
706267,0.6666315293255931
706268,0.9999267861489712
706269,0.10379044220421174
706270,0.1732683772802927
706271,0.02340539052762909
706272,0.14139383997911673
706273,0.984374765507644
706274,0.999091016765736
706275,0.9373647459370732
706276,0.9176397114846282
706277,0.7135187642042874
706278,0.9995785590370583
706279,0.9999221047075715
706280,0.9997136546868939
706281,0.9999699257599447
706282,0.9998696035351491
706283,0.999846141771447
706284,0.876319953461094
706285,0.5572445701645773
706286,0.5219359324366596
706287,0.9938249044601937
706288,0.9997749973790033
706289,0.9051913640884274
706290,0.2989440577942263
706291,0.9999378386534865
706292,0.18441145403644035
706293,0.6310939722439153
706294,0.01823890286929178
706295,0.9983283520525579
706296,0.9994230181313668
706297,0.9998887566871171
706298,0.7196667763521153
706299,0.10530402293664576
706300,0.7432643395981671
706301,0.5003633108862615
706302,0.8475648824099433
706303,0.576352090175895
706304,0.9981499961412799
706305,0.9980025000454515
706306,0.9225009179658156
706307,0.03808226303252583
706308,0.48552799162313454
706309,0.9977929180702523
706310,0.5080049188804724
706311,0.9995441280019506
706312,0.6149539293066847
706313,0.7180466196638624
706314,0.182211370405163
706315,0.4632700932001019
706316,0.9640817601566178
706317,0.9997739825993519
706318,0.5808031062696243
706319,0.9999952614917403
706320,0.1545778721196387
706321,0.1506127272337456
706322,0.8006413190800676
706323,0.999790365162021
706324,0.013201405599898717
706325,0.0338557849356993
706326,0.5038366677440326
706327,0.9958979817321824
706328,0.3110934646091235
706329,0.0824167390577016
706330,0.9988732579825874
706331,0.4335828916383862
706332,0.22790567130226447
706333,0.14075449074932175
706334,0.13725030568788438
706335,0.9963858366885254
706336,0.2890977740038444
706337,0.06784089545921752
706338,0.8947822280893719
706339,0.002475741041883191
706340,0.9997366451224243
706341,0.076486561805128
706342,0.9345908105847351
706343,0.1635496204245776
706344,0.9999819822499536
706345,0.8287726900940919
706346,0.8655343509983604
706347,0.014818910873314935
706348,0.07301686867228444
706349,0.2780932088846938
706350,0.9999146629148432
706351,0.9996972247824432
706352,0.9997476964128387
706353,0.9994527950349522
706354,0.9969129105356317
706355,0.07031211776162813
706356,0.9887269551573471
706357,0.9623203722797046
706358,0.9543213794619679
706359,0.9965263439570529
706360,0.022938285908573722
706361,0.9998608269762114
706362,0.051722289827438005
706363,0.7531065846731247
706364,0.9879370956717999
706365,0.578279510755147
706366,0.9998043620099819
706367,0.13414573486572845
706368,0.6648257061509679
706369,0.999951914547351
706370,0.9357327810519404
706371,0.14506477966782788
706372,0.3391543871282175
706373,0.6169860975092345
706374,0.7002394611961391
706375,0.015002634910105892
706376,0.9998398336678822
706377,0.8058680338554607
706378,0.033700152863036556
706379,0.12186189860633842
706380,0.02134950943211969
706381,0.31084799084386483
706382,0.1892660556753436
706383,0.9995612561214823
706384,0.08699347853528894
706385,0.9875603899544008
706386,0.9992960529533617
706387,0.8872138515475693
706388,0.1655644393387161
706389,0.08304240161565613
706390,0.0408682534498509
706391,0.9999344898144025
706392,0.735089096201412
706393,0.9996034984288892
706394,0.9981817531092321
706395,0.10550519465024322
706396,0.3454707199199086
706397,0.9985933489627485
706398,0.9742248051520592
706399,0.9290996750433324
706400,0.06801746300372961
706401,0.9825222195876411
706402,0.27801768291291235
706403,0.7917322256274417
706404,0.995951251861783
706405,0.9986123148919107
706406,0.13378877407088083
706407,0.999797474995734
706408,0.9987687046805364
706409,0.506186859499823
706410,0.9967818805012832
706411,0.9999277097595669
706412,0.9968288002894702
706413,0.5468199846590959
706414,0.005871560582908457
706415,0.7108399331729256
706416,0.9898934012192224
706417,0.9997741142520976
706418,0.9841363571238639
706419,0.9814417567339191
706420,0.9974438214280404
706421,0.9809501794906583
706422,0.42299168909948015
706423,0.9713440848106674
706424,0.7652579259397896
706425,0.6667249385456661
706426,0.7806614644476197
706427,0.43408709335331735
706428,0.5169908802204934
706429,0.024782731066993267
706430,0.9082653465107243
706431,0.08088648432679027
706432,0.999942545495373
706433,0.30337326905896383
706434,0.9949283024388078
706435,0.8253277360110483
706436,0.9998438169097847
706437,0.07291575172332586
706438,0.8444832636285132
706439,0.9975620071687701
706440,0.9999940506580058
706441,0.9985700055454259
706442,0.12478111733132735
706443,0.9997279181638683
706444,0.10203420790082543
706445,0.9960044985301614
706446,0.6240607834420747
706447,0.09714400937783164
706448,0.9990957613870672
706449,0.6807684675641643
706450,0.8179848668437786
706451,0.9996938228262842
706452,0.9999250080538591
706453,0.6950028596814971
706454,0.999840562817469
706455,0.26927987784560337
706456,0.9803414779621235
706457,0.9984324672189557
706458,0.5054598126361269
706459,0.9969127460923493
706460,0.8451856224909051
706461,0.9769921817146072
706462,0.9425815560925916
706463,0.9982434537538913
706464,0.9060863951442072
706465,0.047801643241798496
706466,0.8860068219699748
706467,0.9982746886469032
706468,0.20084794893213648
706469,0.9991912524473566
706470,0.9999261367899296
706471,0.9980880047763574
706472,0.05673448448045016
706473,0.9999317311543225
706474,0.08139331820028359
706475,0.9827374978745549
706476,0.8777253974245903
706477,0.9999101430175049
706478,0.9999617913766796
706479,0.38309320601939173
706480,0.43003577957832884
706481,0.9978642361281931
706482,0.11958863435175442
706483,0.9450907922630909
706484,0.9967676967297338
706485,0.6912488045561378
706486,0.9999848119732591
706487,0.09050214973354317
706488,0.17838729008962106
706489,0.9878050554712567
706490,0.15419572924326347
706491,0.9995103005738657
706492,0.9976129031178599
706493,0.5310710826005206
706494,0.3041799330571662
706495,0.9998142842009128
706496,0.9927340101571929
706497,0.9114930878518551
706498,0.24427434895365807
706499,0.0893173462018838
706500,0.9998010824059123
706501,0.6675849748641537
706502,0.1601508919918704
706503,0.9715780129638271
706504,0.9999812231773431
706505,0.03160913911271093
706506,0.9988645523150681
706507,0.8033900264857079
706508,0.9994019601502486
706509,0.8332783557504599
706510,0.9520006041511689
706511,0.9927744651160868
706512,0.17551763955026123
706513,0.019404559752046337
706514,0.9965741554504907
706515,0.9768120537026596
706516,0.21713250838413
706517,0.9999716917729773
706518,0.9992457894356842
706519,0.9441683942431385
706520,0.06348372730439963
706521,0.8665322761034154
706522,0.9914210094348945
706523,0.3303815111014531
706524,0.9860635315316146
706525,0.5512779751217673
706526,0.01818752540189284
706527,0.9999381229281661
706528,0.11223304882737245
706529,0.992716650721885
706530,0.9895478159833945
706531,0.8262561348683142
706532,0.9991352782642486
706533,0.9990641148113251
706534,0.9977424966014483
706535,0.9975871371739565
706536,0.27434775772286335
706537,0.1105832664672512
706538,0.37495498473395256
706539,0.06884678418193994
706540,0.9942251794558834
706541,0.9981180590398611
706542,0.9819062021792252
706543,0.5644205286848262
706544,0.999883681936407
706545,0.9997493747272541
706546,0.9990400653242435
706547,0.24247743345248268
706548,0.9805741515424315
706549,0.1302329389248872
706550,0.9780288104219688
706551,0.6365996861145017
706552,0.06037018680550019
706553,0.9994672640826667
706554,0.3528456670513727
706555,0.9997666886777863
706556,0.9811456009134638
706557,0.641552654609985
706558,0.9921837965502215
706559,0.9918583622774877
706560,0.6972758297967084
706561,0.5854511920193418
706562,0.7603343679135887
706563,0.02380978340179532
706564,0.9724707183928816
706565,0.9946733525033268
706566,0.9996169190880646
706567,0.9911108714227956
706568,0.5433059814468274
706569,0.9814714390663772
706570,0.9641970017075348
706571,0.5926952922254503
706572,0.825532879966046
706573,0.3465894986987661
706574,0.28781192215324725
706575,0.9993012708700765
706576,0.9644259182384709
706577,0.816689816505209
706578,0.9997983185473686
706579,0.9997710365330603
706580,0.48796674248444843
706581,0.9376761182949783
706582,0.12332914525958155
706583,0.9373492249021866
706584,0.9977681652276151
706585,0.9999616515657155
706586,0.008522443940281321
706587,0.4115568221934836
706588,0.728409985068432
706589,0.7177390715863722
706590,0.997699424596532
706591,0.9326297949529536
706592,0.6018935256448511
706593,0.9999556454879115
706594,0.9999669861548688
706595,0.9998909716476323
706596,0.9999086221464283
706597,0.034716645516081696
706598,0.8481369866546187
706599,0.9999614097013872
706600,0.9965891761973247
706601,0.9986595594326189
706602,0.9989130565446815
706603,0.2214966278046284
706604,0.9949283281143566
706605,0.8414625103935423
706606,0.9846050002254696
706607,0.9972781975897527
706608,0.9999800507179719
706609,0.9999009188760155
706610,0.7659160278440789
706611,0.10128814325008831
706612,0.9999475523230927
706613,0.9999430066067154
706614,0.23644297245294327
706615,0.6628304873711846
706616,0.9998616349697858
706617,0.021255305560433858
706618,0.9973763580148167
706619,0.9996351559579175
706620,0.9811653712147518
706621,0.9985449934746666
706622,0.9998215826277292
706623,0.9981713204525708
706624,0.9998517765149288
706625,0.22965709200261408
706626,0.009003365408478386
706627,0.9979581449844452
706628,0.9999676381483309
706629,0.9912834724686225
706630,0.9979190805994982
706631,0.9993569155688211
706632,0.03677351831507108
706633,0.005651988047560242
706634,0.9407820127578674
706635,0.07931534104060184
706636,0.9997196906305539
706637,0.11307282866404854
706638,0.7679702471664122
706639,0.9968706109907525
706640,0.9999485508444858
706641,0.9976672125167184
706642,0.41455181757477577
706643,0.9990388095400742
706644,0.4246562181822965
706645,0.9998412006107462
706646,0.9952905360867133
706647,0.6851918628355242
706648,0.9910465018694697
706649,0.9976065867851202
706650,0.15151471081227727
706651,0.09884843358424525
706652,0.015806793005976216
706653,0.9976323151277461
706654,0.02902183605014893
706655,0.04456297285374735
706656,0.1924266094428368
706657,0.9997115770576809
706658,0.42974320423257134
706659,0.1874070100189399
706660,0.06466267841006836
706661,0.7050932582026226
706662,0.28583336569278706
706663,0.4769489985377096
706664,0.9980507730635724
706665,0.9984884885692733
706666,0.8209201277225906
706667,0.9505675410548915
706668,0.015901283361494385
706669,0.6963503022833388
706670,0.9950583071347086
706671,0.8521839265827685
706672,0.9687546529921225
706673,0.3082277775885744
706674,0.007274008174726591
706675,0.9793609018126395
706676,0.999762929115376
706677,0.9400786380995605
706678,0.9996644536570098
706679,0.22370768873720132
706680,0.5569695733645526
706681,0.46042183968813377
706682,0.7913638812025524
706683,0.4495952407761439
706684,0.590577982774926
706685,0.9980221154192435
706686,0.3117893934551821
706687,0.995432799445676
706688,0.3330588419311609
706689,0.9966681525000746
706690,0.8639732070620183
706691,0.2558406242649803
706692,0.9116122010573752
706693,0.991460766566888
706694,0.9998957836093889
706695,0.9779748085001487
706696,0.023388902946746323
706697,0.3112338278925912
706698,0.17522976817439703
706699,0.9603257073104647
706700,0.9628496306239775
706701,0.4412648299069625
706702,0.9243380495854854
706703,0.999064977955212
706704,0.9990981146644105
706705,0.6829999995684097
706706,0.9965657341630507
706707,0.4984224872351223
706708,0.7685846275209705
706709,0.982721126426455
706710,0.998759675599312
706711,0.08240235399824002
706712,0.9963557408715674
706713,0.6538385937740565
706714,0.8915110479585728
706715,0.8371058215444491
706716,0.9858689025280367
706717,0.038860225434191424
706718,0.9984373407462569
706719,0.9065598074353812
706720,0.7608941068620962
706721,0.9998377749505103
706722,0.9453050109471465
706723,0.987825300729559
706724,0.996530101047575
706725,0.997367766080344
706726,0.8654749848033063
706727,0.9759758201863824
706728,0.9998926310783305
706729,0.9981299813022442
706730,0.9571060105101141
706731,0.5791925570362152
706732,0.587957121561692
706733,0.9999152645592712
706734,0.9931874192928116
706735,0.9997956893160326
706736,0.9988657446945735
706737,0.06944958809740431
706738,0.835124788866591
706739,0.010359804939845363
706740,0.9999141472275925
706741,0.9904305998403087
706742,0.999771312387516
706743,0.9997790671574021
706744,0.9997385118405641
706745,0.998016022744857
706746,0.5788063896801737
706747,0.8933267106990372
706748,0.004159911143932056
706749,0.9638236775534186
706750,0.4226805618052915
706751,0.8771022115324683
706752,0.4261660586696224
706753,0.9929660117349873
706754,0.8488595309839619
706755,0.9384856600638157
706756,0.9833312690771356
706757,0.9658728332852764
706758,0.07591711089181569
706759,0.8061895286066427
706760,0.9622628316257238
706761,0.9958497435390821
706762,0.9912760786687637
706763,0.9428413874752082
706764,0.7179010836061328
706765,0.15895494226661935
706766,0.021177741200346524
706767,0.6336948555798817
706768,0.999714881672973
706769,0.9893458892540096
706770,0.9410942437757163
706771,0.053573230271837344
706772,0.7996600044747249
706773,0.9816051701187491
706774,0.9945040632980281
706775,0.22086119506174368
706776,0.9979556841028434
706777,0.906877008827395
706778,0.9563821781819812
706779,0.9956774341641056
706780,0.32139732435235885
706781,0.9966555148329819
706782,0.26282717922534005
706783,0.979548007225103
706784,0.8104338386965695
706785,0.8376830989415702
706786,0.9998006825071644
706787,0.0664856826892171
706788,0.9087386694506933
706789,0.9590040470444913
706790,0.9657634489384865
706791,0.003781535543666268
706792,0.9561343194998762
706793,0.004061027873234641
706794,0.9999631496357558
706795,0.10658960709247521
706796,0.3459794526563532
706797,0.02555457826481298
706798,0.6470288377771309
706799,0.9995184604513174
706800,0.16830189463120426
706801,0.9881121127769791
706802,0.9992014432068865
706803,0.19909241934262248
706804,0.9997908204010029
706805,0.8283018561837061
706806,0.9954007087210558
706807,0.5758701919936767
706808,0.1449658531010664
706809,0.9997785141186177
706810,0.7726877224299744
706811,0.9978350045937188
706812,0.06273074419508602
706813,0.9951198551239057
706814,0.8994151712547236
706815,0.9999206561525751
706816,0.029467571566715842
706817,0.004329452305964478
706818,0.9997912669903357
706819,0.3441340103403813
706820,0.98188224007428
706821,0.9986865667211016
706822,0.9401696093836472
706823,0.7756916071893482
706824,0.9967068471119317
706825,0.25974326614224114
706826,0.9853354545538389
706827,0.9978836439400843
706828,0.3194711518908278
706829,0.3307658666110807
706830,0.10057668620637111
706831,0.9089475477782717
706832,0.9998891468800318
706833,0.9999298336323825
706834,0.9983496876655078
706835,0.004547650049560656
706836,0.13923919659061923
706837,0.6586663245593074
706838,0.6478273375820414
706839,0.18150830687942576
706840,0.7124635044393295
706841,0.9741234633249829
706842,0.9955510472934763
706843,0.9998861195386878
706844,0.032410253995013544
706845,0.8865937817199155
706846,0.9999033979814196
706847,0.9998196719603898
706848,0.9807460639815087
706849,0.993974780449411
706850,0.9987902691593706
706851,0.9999628274234753
706852,0.7178788424188365
706853,0.018479020276454053
706854,0.8159536505554967
706855,0.05077302461297434
706856,0.014208107552074786
706857,0.024583651068384095
706858,0.940928391220364
706859,0.8842398472581918
706860,0.9901895298821779
706861,0.5797423314490411
706862,0.9999830949400137
706863,0.6717335994033473
706864,0.9999615846351714
706865,0.7228823842314798
706866,0.6101693535220425
706867,0.3701349585407223
706868,0.8038275415005132
706869,0.9998962356683092
706870,0.8078033302000143
706871,0.9997283004737827
706872,0.8842133846730036
706873,0.128681133939541
706874,0.9968868279795888
706875,0.9999823824469581
706876,0.5274706296936099
706877,0.7619401994779138
706878,0.25699630073307167
706879,0.983704750168596
706880,0.3555975264954686
706881,0.4284567061110519
706882,0.056750008718288586
706883,0.998337725257799
706884,0.9973246417345222
706885,0.12377985247712522
706886,0.9975686668933489
706887,0.5287590782252813
706888,0.5569854842736802
706889,0.9773931199553784
706890,0.02657534313042993
706891,0.7203652202956807
706892,0.009767764219321238
706893,0.15997509935853776
706894,0.9997788604677937
706895,0.9992523821422621
706896,0.9935688928409467
706897,0.04707100523909699
706898,0.9230982865883142
706899,0.20333747409440017
706900,0.9996937897037118
706901,0.7251970663602231
706902,0.7951653291316924
706903,0.8663063829888623
706904,0.8420093221411731
706905,0.7068858084985394
706906,0.08405883757502527
706907,0.8499425300611873
706908,0.9990831832676974
706909,0.6016849626829238
706910,0.6210306634713627
706911,0.9975240975290991
706912,0.06734554548012335
706913,0.05936584714942937
706914,0.9984550936999497
706915,0.9999804976288176
706916,0.9984724897984819
706917,0.9484714908068277
706918,0.2278230111221746
706919,0.9997050230027369
706920,0.9402958101890002
706921,0.13536633905383988
706922,0.81903250984475
706923,0.535353311137616
706924,0.7680258753289698
706925,0.9928663030662718
706926,0.9999595590015
706927,0.993629298469986
706928,0.058098029414816885
706929,0.43714137507644923
706930,0.5603135534456031
706931,0.9927062991013547
706932,0.6943884464595877
706933,0.998883718198
706934,0.9991147715063613
706935,0.9947360732634272
706936,0.872919332051906
706937,0.9999917326674376
706938,0.9304359760756311
706939,0.028582945329427414
706940,0.14843060388707285
706941,0.9987830901230723
706942,0.831543224152115
706943,0.1900916282036349
706944,0.8897870572349238
706945,0.9935222145830918
706946,0.04479876392044719
706947,0.7601807873876948
706948,0.993789723226129
706949,0.33454954521475877
706950,0.05953204583102116
706951,0.09277617200902064
706952,0.05198849395417935
706953,0.9997004886174303
706954,0.9996661191303957
706955,0.9995641720739865
706956,0.6125141368188728
706957,0.9992462710386367
706958,0.8178239619272448
706959,0.9974105188253889
706960,0.9655294067361021
706961,0.2613846940588938
706962,0.9953286793153988
706963,0.616352695476941
706964,0.999838070857454
706965,0.9991282648119992
706966,0.9914932494327879
706967,0.13111790909202176
706968,0.9983817925628495
706969,0.19987601529310225
706970,0.9978270815993356
706971,0.9944249448145265
706972,0.4642317263898256
706973,0.12039627059093219
706974,0.7260694484590943
706975,0.9027139000102623
706976,0.9918482713411042
706977,0.997345755051113
706978,0.9650812378222473
706979,0.9985138893780321
706980,0.9782731439983963
706981,0.9997076629437296
706982,0.9999813470365754
706983,0.008436128570035513
706984,0.896816475395805
706985,0.14297147291434595
706986,0.4186769061913602
706987,0.9999243958174533
706988,0.020194599551297196
706989,0.19869420887876305
706990,0.9995204758182693
706991,0.9995002961489605
706992,0.7597927330221959
706993,0.9714808274939931
706994,0.876905762205041
706995,0.9442092103867261
706996,0.5354450426437083
706997,0.7771680686910954
706998,0.31451073358079795
706999,0.1217781193351368
707000,0.930373907485824
707001,0.9925366633917221
707002,0.11116208874408515
707003,0.9999428397101316
707004,0.3614189659449154
707005,0.9179496032557524
707006,0.6243406652094825
707007,0.12375386244799766
707008,0.08765342792115835
707009,0.9998574206227582
707010,0.9300826153055836
707011,0.9426610446976125
707012,0.9766405071026294
707013,0.999687235037933
707014,0.591918048058559
707015,0.9985749091908124
707016,0.9752750557740142
707017,0.9423551471885461
707018,0.1477684663122498
707019,0.8392566276485474
707020,0.37947186521839865
707021,0.9978802809272458
707022,0.9998601103348987
707023,0.1435533320156763
707024,0.0293144874847241
707025,0.26104426038902356
707026,0.9995668254704602
707027,0.998937060933029
707028,0.9738654939631511
707029,0.9510628609897273
707030,0.9918484697253194
707031,0.9475758361217985
707032,0.019227283879973474
707033,0.8523251533067597
707034,0.9971896035246882
707035,0.9955668236718277
707036,0.7845772515127696
707037,0.999630336558094
707038,0.01951392247478331
707039,0.9994927395435966
707040,0.9966407611014219
707041,0.906389750340965
707042,0.203871635531981
707043,0.9752942409597387
707044,0.9997283629716684
707045,0.15452460898590675
707046,0.6896323361575607
707047,0.9976736888142529
707048,0.837864047061824
707049,0.012667505662531999
707050,0.26399967784077844
707051,0.9999278638217939
707052,0.07124161230525358
707053,0.9998367827077073
707054,0.6260511768846551
707055,0.09570882022346106
707056,0.9978978772640243
707057,0.9897413176573213
707058,0.6517278530625282
707059,0.8787103426807994
707060,0.9923053134979352
707061,0.9999199320534811
707062,0.9997253485063502
707063,0.9802292613634924
707064,0.16156030945055827
707065,0.9507977036185731
707066,0.9998218248747046
707067,0.9342128695973175
707068,0.9998687809059688
707069,0.9999699601147466
707070,0.9971978859022967
707071,0.2550071883145173
707072,0.4754637980930377
707073,0.6780972791425055
707074,0.08936699128072428
707075,0.7404450893841764
707076,0.9998210533024636
707077,0.9788230920325216
707078,0.9988768949910942
707079,0.552255421013734
707080,0.875332101554712
707081,0.9629202988287566
707082,0.9888128834202576
707083,0.9235002191410608
707084,0.7100057484729548
707085,0.9488992688741806
707086,0.5281602018662271
707087,0.9942193000179335
707088,0.9480037557185519
707089,0.0239291356703716
707090,0.9999201480527291
707091,0.9999433153062646
707092,0.5949024745573563
707093,0.015363424268902155
707094,0.8371788285515447
707095,0.62311102605754
707096,0.17858738203749402
707097,0.9999854117655735
707098,0.9527971268234285
707099,0.02263812082319947
707100,0.7907940244066605
707101,0.99948869818196
707102,0.9956308880440958
707103,0.9988150608056343
707104,0.9999184474015039
707105,0.9999124351195496
707106,0.49466626748486986
707107,0.9995844596242762
707108,0.9680894622974503
707109,0.9985700405264881
707110,0.8179264569132314
707111,0.9948150664500883
707112,0.9997743485673881
707113,0.9229614444400757
707114,0.9998309948845507
707115,0.9999905119838144
707116,0.9995501161058713
707117,0.5101945913235394
707118,0.17202766956263052
707119,0.8005757089486174
707120,0.9981096449368203
707121,0.9996981711434195
707122,0.9650281333583349
707123,0.5022457536463026
707124,0.0859003644064326
707125,0.32259375937873147
707126,0.9604533266288898
707127,0.999781276570672
707128,0.5340235487622649
707129,0.9752974485977282
707130,0.8591105202730419
707131,0.038946189482819644
707132,0.7495230763714801
707133,0.014603178317939034
707134,0.16599138030429708
707135,0.3455184527150623
707136,0.9266190783907944
707137,0.9998750519749828
707138,0.9996102496581112
707139,0.9066966986203174
707140,0.5472511479961557
707141,0.4605942909063532
707142,0.09717624946065848
707143,0.9999960642131298
707144,0.0959851701180326
707145,0.9998927587593947
707146,0.9991124593735548
707147,0.9997789368823735
707148,0.06879044743158153
707149,0.5920578166849427
707150,0.8703741239878888
707151,0.9998797729551547
707152,0.9997842974708502
707153,0.47542555993511604
707154,0.9998303571354603
707155,0.058649531463430785
707156,0.9999168019401172
707157,0.9999659988234921
707158,0.9999856411670218
707159,0.9996305624646933
707160,0.11189523885758146
707161,0.9928449750720465
707162,0.9940009933571492
707163,0.8848110929502382
707164,0.9998650165538576
707165,0.7299150601463489
707166,0.9929211208430697
707167,0.2899550622882985
707168,0.19877522820859417
707169,0.9951971258488799
707170,0.823929797115788
707171,0.9990069792927646
707172,0.9987433640587701
707173,0.9909028571187322
707174,0.2093932985397412
707175,0.6065854508680597
707176,0.131494787487275
707177,0.9936369452304143
707178,0.9541565388422192
707179,0.999807233304731
707180,0.9997244915881632
707181,0.7452858212167093
707182,0.8971100826394405
707183,0.27437068333764414
707184,0.8919057224046348
707185,0.9963704538475104
707186,0.9323318373819798
707187,0.9994687725893121
707188,0.02640672979541345
707189,0.9985798235537258
707190,0.21962337791652436
707191,0.0034214686422918005
707192,0.5536788149989981
707193,0.9995740700198928
707194,0.9973445456972997
707195,0.6775807668473746
707196,0.699646092942535
707197,0.12533747258303957
707198,0.9995186281633941
707199,0.9999804548221439
707200,0.9520288571334059
707201,0.9998539400828012
707202,0.9998270120628588
707203,0.010192458128813567
707204,0.05817700929358258
707205,0.6878771328850412
707206,0.9998935076439409
707207,0.9681300117075691
707208,0.7284023575281517
707209,0.4718054779941093
707210,0.9817614037484116
707211,0.5383081619840379
707212,0.9988946895380894
707213,0.19077098736928766
707214,0.9847162971874377
707215,0.9966331729939766
707216,0.9892813832332934
707217,0.9999842335413883
707218,0.968325670335869
707219,0.9940662117401476
707220,0.5980553608686202
707221,0.999717296689359
707222,0.9995810251238515
707223,0.9988163131927018
707224,0.05029439022888016
707225,0.9997177883477646
707226,0.9999659299079982
707227,0.9998925049858289
707228,0.9019554063784618
707229,0.9996366947577273
707230,0.9975082734045111
707231,0.00902113915425005
707232,0.9467842928783585
707233,0.0858852156659007
707234,0.8956256357043126
707235,0.9999843179600851
707236,0.9844788186218942
707237,0.9998861550702539
707238,0.3141578058526439
707239,0.7210734860229555
707240,0.9999194438449204
707241,0.35945021477030914
707242,0.999421683880324
707243,0.959905664300041
707244,0.9552066066991904
707245,0.9702167844894138
707246,0.8770833348372853
707247,0.7637672467526699
707248,0.9992761106805641
707249,0.3964103020216219
707250,0.9958427520687234
707251,0.9911468825351523
707252,0.05647806564906595
707253,0.8664462720640504
707254,0.31706037315633845
707255,0.894117806218935
707256,0.7980238012834793
707257,0.7953060512669912
707258,0.9976812067411456
707259,0.3559031755538838
707260,0.9994405743551464
707261,0.5189504178783484
707262,0.7487632448945967
707263,0.32169003263030327
707264,0.9996453474778597
707265,0.46216031694283427
707266,0.1438431331090208
707267,0.0015604892391976547
707268,0.05457348530601901
707269,0.5855433770538836
707270,0.9997106882843165
707271,0.9999770433163808
707272,0.9987681372457757
707273,0.3764155698292333
707274,0.36719059328011916
707275,0.9998125665883627
707276,0.9573869822686477
707277,0.9999806638423054
707278,0.09617511221410405
707279,0.9472641019329681
707280,0.9934648939797233
707281,0.5391747626845624
707282,0.9430125258633177
707283,0.999821133657149
707284,0.9988903849262947
707285,0.9998396875048728
707286,0.9647959817561517
707287,0.9995606617403923
707288,0.32863495552918554
707289,0.9998580409837297
707290,0.9995883173073976
707291,0.8234257847638189
707292,0.9997064616594674
707293,0.33790011309848433
707294,0.7248860047662087
707295,0.15347786076686862
707296,0.9997389809705508
707297,0.2853587165230802
707298,0.9631304639932472
707299,0.5260596254140135
707300,0.9997685882131926
707301,0.24261954169290526
707302,0.9417514354854191
707303,0.8147244544808749
707304,0.9999749785791457
707305,0.44712354890206163
707306,0.9206241475849404
707307,0.7957026154515098
707308,0.9999088871605116
707309,0.20157833923136104
707310,0.3266876772548784
707311,0.9974605094616078
707312,0.9999930034325759
707313,0.9996244623884699
707314,0.999801548237544
707315,0.9954674742168219
707316,0.8941578790811109
707317,0.9999878318691106
707318,0.9993705213133426
707319,0.9997542250448859
707320,0.9999374808881751
707321,0.9999622377414077
707322,0.8729636815921267
707323,0.03388592100750422
707324,0.9959136316746671
707325,0.33815517899814684
707326,0.9720945529513425
707327,0.14971064288816566
707328,0.1519654964743051
707329,0.6411894084605291
707330,0.9997018805811938
707331,0.2551640223534042
707332,0.2021186346925689
707333,0.007304232613297479
707334,0.9999923500138126
707335,0.983571129077724
707336,0.679688557465366
707337,0.999685539982516
707338,0.9962789564930292
707339,0.903528586622425
707340,0.11140473134686703
707341,0.9998531483533188
707342,0.9965726807157267
707343,0.37038555195638684
707344,0.9896305325569856
707345,0.047047621498926495
707346,0.2231829560901982
707347,0.9934017015298358
707348,0.9675186160555105
707349,0.9948214410926335
707350,0.9017860152676166
707351,0.8074163148747189
707352,0.8592417720545669
707353,0.8405258535617935
707354,0.9782025188526366
707355,0.9981084329383099
707356,0.2513778579506526
707357,0.12033965150666684
707358,0.9919434217478978
707359,0.800288974583919
707360,0.07581119647009665
707361,0.4709202342235441
707362,0.2956425049929512
707363,0.6641085952344876
707364,0.9978772136809482
707365,0.26649257320948583
707366,0.9682282200876839
707367,0.994580902560147
707368,0.47462282199911693
707369,0.791719306548562
707370,0.9733761243609889
707371,0.015910508040510057
707372,0.16714560255152694
707373,0.2967807987186769
707374,0.08513646584571768
707375,0.8506392913888634
707376,0.018653946278430793
707377,0.01097480580540273
707378,0.8915812724012286
707379,0.6749668854214731
707380,0.7241881079394915
707381,0.15523390028965445
707382,0.9999831512579476
707383,0.9037170345802658
707384,0.04694107513165682
707385,0.997814212026237
707386,0.9952619878507473
707387,0.03936722541561764
707388,0.12360845193192688
707389,0.855138389932517
707390,0.8907866182082498
707391,0.9990549810200721
707392,0.8970772385111325
707393,0.9366439328277719
707394,0.6033382765066528
707395,0.998807579146002
707396,0.5058098674933328
707397,0.8031075464243
707398,0.7218755335816439
707399,0.9996355557929258
707400,0.03359160474935639
707401,0.9994453616019716
707402,0.999914715105036
707403,0.21638118761922623
707404,0.9982675521578156
707405,0.23163394126100684
707406,0.9668199926907364
707407,0.8739107227203144
707408,0.9980858496061538
707409,0.32055171624213646
707410,0.9986757395552588
707411,0.9999452933415649
707412,0.9929157672260238
707413,0.9731112314503136
707414,0.5955440476072652
707415,0.009865857517332766
707416,0.98855671969581
707417,0.6206938901392623
707418,0.7923916930464522
707419,0.996664917510987
707420,0.3734820900841138
707421,0.03201110499127479
707422,0.6990298111232445
707423,0.44083707717413323
707424,0.992485879627485
707425,0.9999713897257956
707426,0.9996938228484403
707427,0.5790075372878611
707428,0.09576806976840088
707429,0.9999677359201278
707430,0.01270245871741398
707431,0.3891692830063088
707432,0.3325060688440478
707433,0.7316368446834902
707434,0.9969737051935321
707435,0.9250680455099254
707436,0.9999043500424152
707437,0.10729486731585533
707438,0.9439541114220998
707439,0.812041579869464
707440,0.029865987362970244
707441,0.9999813474815802
707442,0.023838097843245608
707443,0.9878576620476387
707444,0.9987862028467922
707445,0.9998505708348471
707446,0.7701891636965443
707447,0.6139154315238382
707448,0.264294946075294
707449,0.39334299444025866
707450,0.999693638324751
707451,0.603151632390083
707452,0.9358422120707485
707453,0.9949574760311236
707454,0.10665152802145245
707455,0.9724854952336994
707456,0.9884464839696858
707457,0.034408801524819184
707458,0.08160305828940596
707459,0.24835355488988736
707460,0.9779580033006827
707461,0.99471364814483
707462,0.36227338347605365
707463,0.9970265125832986
707464,0.9998762435910852
707465,0.9988747078978306
707466,0.9998871149947588
707467,0.9901346250266576
707468,0.9993908034773316
707469,0.5073609430264481
707470,0.5352476497324589
707471,0.19208544676985737
707472,0.027369421632446374
707473,0.9678511532415638
707474,0.3951957121890187
707475,0.08362883321125504
707476,0.3045237493556022
707477,0.4858177710485919
707478,0.6830381012893909
707479,0.9795665030991484
707480,0.7784364891811996
707481,0.9930165109407147
707482,0.6377085309396787
707483,0.999982348038373
707484,0.9999345212126907
707485,0.9997788242809027
707486,0.9991752186744813
707487,0.9979792200537609
707488,0.973851832446296
707489,0.9998152061790382
707490,0.6795705994892363
707491,0.9993468464156685
707492,0.999557122794692
707493,0.9578012558553874
707494,0.9999768922889072
707495,0.008599561615280448
707496,0.9998477733394042
707497,0.9999896764159468
707498,0.9999086543751565
707499,0.9922523462162134
707500,0.3789472796717371
707501,0.9996191082412818
707502,0.9879748885532791
707503,0.9753863163978731
707504,0.9971083785659871
707505,0.009379396513779614
707506,0.9997610883094598
707507,0.5039852649579329
707508,0.9999973936719158
707509,0.9997429119215238
707510,0.9999666704272481
707511,0.9968078809165102
707512,0.34850250628516727
707513,0.9911221709472648
707514,0.27588574548952227
707515,0.9997679164415962
707516,0.017832358524819535
707517,0.998360950807279
707518,0.9966054392243455
707519,0.8634314785532043
707520,0.7203845776592452
707521,0.9978519768069688
707522,0.9996975383439088
707523,0.014279877792955706
707524,0.9996774743055186
707525,0.2116189484531622
707526,0.8307967941382859
707527,0.9281640460800172
707528,0.9992790845489994
707529,0.1231247530771295
707530,0.9999491982025215
707531,0.9993895757721328
707532,0.8381631206108429
707533,0.9994068227664655
707534,0.06272257853646455
707535,0.3874591521563624
707536,0.9950925376110038
707537,0.08477437833785385
707538,0.10736737002565742
707539,0.8484939335918241
707540,0.9968964477293099
707541,0.8221007338823683
707542,0.956624196135204
707543,0.9944348811356525
707544,0.9911015507841298
707545,0.9994651227837676
707546,0.9998455658874033
707547,0.8751344865181689
707548,0.8564941672927745
707549,0.975103085250095
707550,0.9557130257171105
707551,0.99898412305262
707552,0.017042705474448097
707553,0.9823685069611173
707554,0.9998890414102717
707555,0.9952943653948798
707556,0.09169876933685783
707557,0.9335998925321576
707558,0.5941083223149147
707559,0.7126897861168309
707560,0.8580961551399542
707561,0.6827762105890485
707562,0.8864337819883916
707563,0.9995491003135604
707564,0.9999766300620072
707565,0.9999853195893058
707566,0.9999705592748318
707567,0.9989103150285222
707568,0.9996915564432252
707569,0.10500958844241776
707570,0.9962237212105295
707571,0.984607003244834
707572,0.9735774876301377
707573,0.7245565021057331
707574,0.9999972281330483
707575,0.011752243636177478
707576,0.6937394633180537
707577,0.03531506338490206
707578,0.9993531993774194
707579,0.29732740377502714
707580,0.8168563399846592
707581,0.009240883574080754
707582,0.9997639128553489
707583,0.9996023602322752
707584,0.9987389179400826
707585,0.9896150365414002
707586,0.11577255255894012
707587,0.6671420773868157
707588,0.39005487068419137
707589,0.980040175874794
707590,0.9938709969203977
707591,0.9998911979568998
707592,0.3784357001528397
707593,0.8455870429148964
707594,0.9999161744615749
707595,0.9998981612529635
707596,0.9980703195734216
707597,0.9974518495048375
707598,0.579389467595339
707599,0.12356599057428252
707600,0.999933730618143
707601,0.9987237792087573
707602,0.9991578560390573
707603,0.7119699837940006
707604,0.9998060418932407
707605,0.9994096121844811
707606,0.9998412914765432
707607,0.9960167660935706
707608,0.97791114879354
707609,0.47286596360592087
707610,0.4498874584900844
707611,0.9687935618608612
707612,0.01355273960646302
707613,0.9552139230647061
707614,0.6779159992067136
707615,0.8990778356663232
707616,0.995204193906186
707617,0.6892384742651801
707618,0.521977538410492
707619,0.17863127974879128
707620,0.9841950433072706
707621,0.619537898554549
707622,0.9945184135014943
707623,0.9773062949851876
707624,0.9996979705289506
707625,0.4258733333067105
707626,0.4099280007317115
707627,0.18022391282882994
707628,0.9995552369208762
707629,0.9946748118245823
707630,0.9978627153918052
707631,0.9989685602419529
707632,0.44035350063080103
707633,0.9995932309062393
707634,0.9999568997147682
707635,0.6182489170554143
707636,0.44688718578035647
707637,0.6822064367679428
707638,0.9983173262499438
707639,0.99180750213905
707640,0.42076366661049225
707641,0.9947563188058827
707642,0.9766399945940312
707643,0.43113954272225596
707644,0.9996890772779469
707645,0.39740079423708174
707646,0.5923836070354518
707647,0.7039181883764578
707648,0.9643024440373149
707649,0.995951046236228
707650,0.9996914970354625
707651,0.036646990728724495
707652,0.9882732564216261
707653,0.9937994440441303
707654,0.32300035642517144
707655,0.12296225828349257
707656,0.998731596629548
707657,0.21304756412640297
707658,0.007397669202941815
707659,0.6061632340300405
707660,0.9984453041320633
707661,0.8355076194591422
707662,0.9996192502452008
707663,0.01917613240010809
707664,0.03664537546823026
707665,0.934886787896104
707666,0.9929250857136755
707667,0.39586096467564824
707668,0.7307927511927653
707669,0.03340736818847081
707670,0.10211483954133446
707671,0.9439040093277227
707672,0.6039774576075887
707673,0.4456299757377688
707674,0.9644791791749684
707675,0.7275080066817727
707676,0.9996564576073932
707677,0.9839426424276767
707678,0.543313991846584
707679,0.9994244262741347
707680,0.12372118887926745
707681,0.9990309330569294
707682,0.5960916244325623
707683,0.7997649357602907
707684,0.0425166836571588
707685,0.9980661997644671
707686,0.754539751892656
707687,0.9999560945908779
707688,0.29689793367647066
707689,0.18368192708666792
707690,0.9715750849427329
707691,0.012209379140107831
707692,0.37589950820403795
707693,0.6059467265925782
707694,0.9999719886872651
707695,0.09490141981751427
707696,0.09116888598197415
707697,0.008356527165664273
707698,0.35985783833562895
707699,0.9611175742589105
707700,0.6671104397603507
707701,0.914901252253303
707702,0.999912421961834
707703,0.9998153901868378
707704,0.035489404281357675
707705,0.982207288541439
707706,0.37319782635354104
707707,0.11202800716584593
707708,0.49742648832713326
707709,0.9999859242079037
707710,0.9958938942785083
707711,0.9138419812714931
707712,0.7059968070156288
707713,0.9991276798178892
707714,0.9997148957157346
707715,0.2152414780306846
707716,0.3501927802447067
707717,0.9998153594515213
707718,0.9560950302257278
707719,0.793823133472483
707720,0.9959224088271525
707721,0.0874178414198099
707722,0.9999892695438146
707723,0.9697949162560788
707724,0.9998685847302257
707725,0.9908642116153403
707726,0.8263370589194287
707727,0.9850563026704391
707728,0.5851728916114108
707729,0.9986595069649898
707730,0.3123511655539193
707731,0.17459566276587457
707732,0.9521523453583813
707733,0.9999898588995574
707734,0.9989252362468944
707735,0.9983424604970608
707736,0.9427257305611294
707737,0.9922239176352597
707738,0.9976442691821606
707739,0.9996169864548219
707740,0.9855416374072581
707741,0.6376325614557212
707742,0.33487026322737107
707743,0.9928814265608398
707744,0.938087118063921
707745,0.3714630132282141
707746,0.9689715539282855
707747,0.9998512907186652
707748,0.7864841220259644
707749,0.028102212238620493
707750,0.9959292129643348
707751,0.010593236617073395
707752,0.9589454297705349
707753,0.9738787089415626
707754,0.34362464569240503
707755,0.009257568129969562
707756,0.9689660020356199
707757,0.9987567802876127
707758,0.9998040535245454
707759,0.5401744722288176
707760,0.007727072472465868
707761,0.9996390116193038
707762,0.6504958172977269
707763,0.770703277182212
707764,0.9998046226987893
707765,0.9934857826394549
707766,0.9999449774576641
707767,0.4029518833018405
707768,0.9977153489046691
707769,0.7479004524371864
707770,0.7698509005132033
707771,0.9999232705913288
707772,0.7512322975108214
707773,0.0019380930244492966
707774,0.5056308494229502
707775,0.08051202715316998
707776,0.9983039420149895
707777,0.25783168104982657
707778,0.9991681282699828
707779,0.9994763134893778
707780,0.830066867791261
707781,0.9476118980722594
707782,0.9999521734002655
707783,0.13481062723965073
707784,0.9662231068815292
707785,0.9924010331502366
707786,0.5130588211696283
707787,0.3766735968818724
707788,0.5721433977096724
707789,0.7157283940111241
707790,0.9950437142503465
707791,0.9958904667695392
707792,0.9999866299678983
707793,0.9973705463688414
707794,0.5070262424425485
707795,0.9998168980578743
707796,0.9993984502034671
707797,0.9938937233283556
707798,0.999852163654396
707799,0.9901661824547979
707800,0.22655175700602975
707801,0.2553888852507489
707802,0.9998052757946063
707803,0.8797973138119268
707804,0.9994979602204002
707805,0.03852370100132165
707806,0.6302556832132014
707807,0.9999816561594159
707808,0.9972307952287598
707809,0.5906927891993873
707810,0.02547862599428568
707811,0.9995504580213225
707812,0.996838533005171
707813,0.9826612293955906
707814,0.9998097371755545
707815,0.09423290474803761
707816,0.9148427671650607
707817,0.9999900940445522
707818,0.9999677908919588
707819,0.3299736562045896
707820,0.45623743845508546
707821,0.21987716138971716
707822,0.8634698901102231
707823,0.999795672942621
707824,0.9665031133123743
707825,0.9337308433700686
707826,0.9995467973376246
707827,0.9961781381882455
707828,0.14849057147390185
707829,0.9981494842982351
707830,0.22759633220195402
707831,0.8813802502644371
707832,0.9997353083634395
707833,0.29682012194318325
707834,0.9987918985452908
707835,0.4810578653503039
707836,0.9957156459581358
707837,0.6585821839376349
707838,0.022936811085726212
707839,0.35389095288758615
707840,0.4932711138311428
707841,0.9999713793990714
707842,0.4902100000827332
707843,0.04069703474750635
707844,0.9871913551394476
707845,0.6699218395736515
707846,0.9150004838044028
707847,0.9924208911052578
707848,0.9999289770464256
707849,0.6446202786103625
707850,0.01952093864640188
707851,0.9996878912310513
707852,0.641823151129443
707853,0.9995763929872511
707854,0.999283962307385
707855,0.999858219824417
707856,0.41537412893196796
707857,0.08848579562761297
707858,0.9885421364390014
707859,0.9289029716110271
707860,0.7174916390841449
707861,0.9995706201656654
707862,0.8346029787923228
707863,0.9999006411043883
707864,0.6836362173440276
707865,0.9481442700236509
707866,0.981282414455656
707867,0.04584221420752581
707868,0.9996322043322412
707869,0.6728910677522522
707870,0.9366765399644414
707871,0.12618165429193343
707872,0.9562736918994261
707873,0.9999825377337244
707874,0.9918751265999055
707875,0.9906015611697252
707876,0.5271970229323414
707877,0.9970479126289612
707878,0.9892178886195211
707879,0.9944482001884775
707880,0.3203878090232926
707881,0.9961766470443327
707882,0.3594179687873723
707883,0.7489348409623867
707884,0.6090842270888307
707885,0.9999101887777194
707886,0.9823204208862701
707887,0.9882635747741122
707888,0.6644710081308468
707889,0.5159777004689946
707890,0.9673309819495641
707891,0.9999058034755058
707892,0.9998281786849436
707893,0.999938477408229
707894,0.5172163235385437
707895,0.6520538762004395
707896,0.9921739475720741
707897,0.6178351939700046
707898,0.6284045287903312
707899,0.23592600767132482
707900,0.9995284980888162
707901,0.9999478100972092
707902,0.8875813034221539
707903,0.9999315101173902
707904,0.0321060730985348
707905,0.07810764432871246
707906,0.29390130592842306
707907,0.10844792449147296
707908,0.1096825589399672
707909,0.988115231479815
707910,0.999545769594451
707911,0.6384360470531106
707912,0.33511365837685364
707913,0.03357766177671171
707914,0.8871526484049044
707915,0.3485127814468626
707916,0.9993951978356452
707917,0.7571024812809677
707918,0.9998088177344833
707919,0.9999243254584234
707920,0.9927176694128195
707921,0.9319215883287453
707922,0.9935765705338258
707923,0.9900648038142912
707924,0.7726198147711035
707925,0.009968153815097159
707926,0.056848613682758536
707927,0.9864268581597521
707928,0.9997512713273182
707929,0.9586190584983763
707930,0.02411094178267589
707931,0.9862648939647342
707932,0.13906998856304956
707933,0.8036408664118823
707934,0.05210118788066985
707935,0.13607696993028828
707936,0.008579891837466396
707937,0.7108633082514207
707938,0.08185745441633918
707939,0.9997953051665949
707940,0.8868273705752893
707941,0.9994792627726974
707942,0.2913547969512515
707943,0.999949157532201
707944,0.6827032127767849
707945,0.9705225183411612
707946,0.056808698721703924
707947,0.6443334513857978
707948,0.26172764078660976
707949,0.9854280259530281
707950,0.5946993993231963
707951,0.9966443267769636
707952,0.9895333983767834
707953,0.11743169604161113
707954,0.5208150268154483
707955,0.9963154221131207
707956,0.7406813415957889
707957,0.3152874612352677
707958,0.8462526232607125
707959,0.10621569938179472
707960,0.029276176526059704
707961,0.9140869002443746
707962,0.4094939925086949
707963,0.9999354063399567
707964,0.9999274511771685
707965,0.9986494411461667
707966,0.9974977071468684
707967,0.46397192896924744
707968,0.9975830901052305
707969,0.9985710333250563
707970,0.7153844567381159
707971,0.9967942234650514
707972,0.28694261176970387
707973,0.46097107953379357
707974,0.9998804205963507
707975,0.2374738786255987
707976,0.9785930486422857
707977,0.9913859521552609
707978,0.9995175074336716
707979,0.9603363589098227
707980,0.9995787239480083
707981,0.9993488425570143
707982,0.9862102144909124
707983,0.9987219569546553
707984,0.9960902248994912
707985,0.9997662675663905
707986,0.9999208409142128
707987,0.9997527608121459
707988,0.9946044139683152
707989,0.1442740660612116
707990,0.01699720447559278
707991,0.9533978063158388
707992,0.9649147809654398
707993,0.9996245521564568
707994,0.7996119850428962
707995,0.9999151693996494
707996,0.873102520867385
707997,0.8056352238769897
707998,0.9272201675848457
707999,0.9963585344344986
708000,0.930685985793166
708001,0.5833655223244114
708002,0.29644603212760295
708003,0.9962799603509024
708004,0.9998791074237194
708005,0.9994415499333124
708006,0.9999454634673477
708007,0.9988379711425242
708008,0.999885453229926
708009,0.999915467208559
708010,0.003933744230977784
708011,0.9989215616343142
708012,0.6288903002891528
708013,0.9983985858909177
708014,0.9999165070508482
708015,0.942099866838219
708016,0.987103954953901
708017,0.4849619228163419
708018,0.8078117460271712
708019,0.0352159834959207
708020,0.08154625011311874
708021,0.4477748581742867
708022,0.9050702833402877
708023,0.9848502494000442
708024,0.3316904275571656
708025,0.9706419242618953
708026,0.9059068598216236
708027,0.04654646821064726
708028,0.9840282738773719
708029,0.0576190803350917
708030,0.30630461757866884
708031,0.5864824832257494
708032,0.024834738526283994
708033,0.9985406080837634
708034,0.715246775552663
708035,0.9998994682132709
708036,0.3138641133620781
708037,0.9975873190180112
708038,0.1318519616564801
708039,0.232762073654465
708040,0.9992703838133502
708041,0.9702602794469859
708042,0.07138042421320868
708043,0.9998655962010584
708044,0.8454908929111474
708045,0.017786225485305816
708046,0.9998656566078161
708047,0.9976850839216129
708048,0.8220948047132803
708049,0.7919426727108572
708050,0.9983988321566903
708051,0.08993016190645803
708052,0.024467786847835554
708053,0.4206554198321969
708054,0.13410343479066034
708055,0.845822029694902
708056,0.9992708886602832
708057,0.999000321451752
708058,0.9994046307802389
708059,0.8778270969757551
708060,0.3752158048607307
708061,0.9960402349666496
708062,0.6398164802576853
708063,0.9993443925416461
708064,0.999262194324546
708065,0.9994819630032772
708066,0.9989976966213625
708067,0.349278672584534
708068,0.11644976099117507
708069,0.9999450717006737
708070,0.9137684628666219
708071,0.9999323033805717
708072,0.6923288310433691
708073,0.47246194151218657
708074,0.9999092332877582
708075,0.8257257369583553
708076,0.2566591813668341
708077,0.8524225308288651
708078,0.02960463163165554
708079,0.06696290256573152
708080,0.8631592687848175
708081,0.9990405077230547
708082,0.4856379126540161
708083,0.9813601693040805
708084,0.39931186518861483
708085,0.9546057798365952
708086,0.5211903019819674
708087,0.471030599435178
708088,0.9524668106795031
708089,0.03009986117874055
708090,0.7605121448911122
708091,0.12427830297073147
708092,0.8854662239495309
708093,0.8016785968184474
708094,0.8971011271384726
708095,0.9999489064004807
708096,0.999953744532706
708097,0.09458038021055379
708098,0.3381802413424666
708099,0.9376596641740329
708100,0.10471310934266057
708101,0.9693228372640506
708102,0.9409378043098886
708103,0.01181413753338681
708104,0.9662673016290364
708105,0.9979272281087109
708106,0.9838993331003107
708107,0.195384592691615
708108,0.9991625058113818
708109,0.9901100918910486
708110,0.9960849881504332
708111,0.9236429319258161
708112,0.5130704313842952
708113,0.15000617580674494
708114,0.9993298963591726
708115,0.3221936949852593
708116,0.9998478467650758
708117,0.7912544068393612
708118,0.04682510808389489
708119,0.12803573802149984
708120,0.7845696094529789
708121,0.9993896759635819
708122,0.7080332180206143
708123,0.99996037936421
708124,0.9983146144608609
708125,0.8608194564624715
708126,0.9265191143755357
708127,0.09813346062417033
708128,0.9997408408440429
708129,0.01843385456942431
708130,0.41223580633498536
708131,0.011978260819606755
708132,0.7354877640734623
708133,0.8710885202031076
708134,0.9874017240758128
708135,0.9987236141705147
708136,0.0864733102670404
708137,0.4994054906182055
708138,0.9997444881128104
708139,0.9995785032807862
708140,0.03393428195811307
708141,0.7414417105038171
708142,0.9027358229048528
708143,0.2336882650294841
708144,0.9861509565088853
708145,0.05721383568000259
708146,0.7710065461939065
708147,0.9823798829534257
708148,0.819210550267501
708149,0.24106946857211936
708150,0.9995689506109259
708151,0.176019436919789
708152,0.9829553902792927
708153,0.9945801633663567
708154,0.9753568539280059
708155,0.11711746952445398
708156,0.42084186631778603
708157,0.9995188917590314
708158,0.5333559164478524
708159,0.015677649944102322
708160,0.6944417642783565
708161,0.9378149069980632
708162,0.6047592653228904
708163,0.9461705044664963
708164,0.37767159820281715
708165,0.9398810912802953
708166,0.01566037619548617
708167,0.03768525089957168
708168,0.04986139312750021
708169,0.999954358681725
708170,0.9953337068088737
708171,0.9973878450415299
708172,0.9998556155226843
708173,0.6542820260856989
708174,0.2913738405812652
708175,0.06801846726724278
708176,0.9624682489408449
708177,0.390976268676114
708178,0.2389676727159413
708179,0.9611466679218803
708180,0.5942757623776158
708181,0.9965729290459592
708182,0.8318782441077208
708183,0.912629100162942
708184,0.5904682091285154
708185,0.02684038064968405
708186,0.9922983923641466
708187,0.9999892154921989
708188,0.2070268740513016
708189,0.9997392522253016
708190,0.9888779435801398
708191,0.9771506615629948
708192,0.983318189390661
708193,0.7261177882248198
708194,0.3788994123270315
708195,0.9248879029677978
708196,0.07104955985112164
708197,0.9857384681061674
708198,0.6331808887778358
708199,0.8582706880763327
708200,0.998863220373478
708201,0.7119930132482348
708202,0.8243922248782878
708203,0.721615665505128
708204,0.07767240703202616
708205,0.9997290330900002
708206,0.4887848958283687
708207,0.9999796471738082
708208,0.9986425814398051
708209,0.9535673709833385
708210,0.059945574324780766
708211,0.2594873317913874
708212,0.9910279607098114
708213,0.8693945171542645
708214,0.9996063420384758
708215,0.9987738051528121
708216,0.7533538105349632
708217,0.5896349079629013
708218,0.9998179336705071
708219,0.9997354413305573
708220,0.9997879185530326
708221,0.5187878119188901
708222,0.9662576667235774
708223,0.05924850996036045
708224,0.9981719817184156
708225,0.7554842628814379
708226,0.9996204951570554
708227,0.9999911479707344
708228,0.013876752472885457
708229,0.9989986814037948
708230,0.9450208771778916
708231,0.2303078968646432
708232,0.9999852275390964
708233,0.9895023400324876
708234,0.998332929790227
708235,0.5519387362782296
708236,0.9999610047251695
708237,0.9998170170407349
708238,0.447063051785753
708239,0.9999480293694132
708240,0.9720937015525484
708241,0.9995771381428089
708242,0.99757339131024
708243,0.30038014936258584
708244,0.5013323229115474
708245,0.6691965121439853
708246,0.9925171653446141
708247,0.14483424403455
708248,0.9067411597607343
708249,0.37078389158788083
708250,0.9993904575572028
708251,0.9993353282384079
708252,0.9998738338990318
708253,0.9978148672796219
708254,0.9966274671727902
708255,0.8857464333278053
708256,0.7572552176382124
708257,0.9999650280675938
708258,0.8636963710170216
708259,0.25794585663744285
708260,0.9985744944487673
708261,0.7007209914270801
708262,0.9997393955359182
708263,0.9968199609741888
708264,0.1503069435614776
708265,0.06867263997120898
708266,0.9947793872417576
708267,0.9997638945760983
708268,0.2898625385272692
708269,0.9834630988705891
708270,0.7742267149446813
708271,0.9984845902242052
708272,0.9998565685436835
708273,0.023328691021572513
708274,0.404047064240898
708275,0.041591024421837076
708276,0.08691736691584016
708277,0.26948201512009656
708278,0.0018295886327348286
708279,0.9485283581151808
708280,0.9215830263170177
708281,0.9999785734215674
708282,0.025390778711001344
708283,0.9999789050993013
708284,0.9991053510914807
708285,0.021995086081050764
708286,0.9797225812573421
708287,0.29593514752987776
708288,0.4554464383153672
708289,0.038881763518182434
708290,0.9871583603966847
708291,0.9997466893005377
708292,0.9992473530795775
708293,0.049272534864188595
708294,0.9676100035278781
708295,0.9957033738680809
708296,0.99871219276169
708297,0.01290802440256762
708298,0.9856025804253159
708299,0.9673170187766238
708300,0.996416226604026
708301,0.9998398474176853
708302,0.9991722664026012
708303,0.06702800348045508
708304,0.1268031940030301
708305,0.1987694100683775
708306,0.9380939928979444
708307,0.4207060250059653
708308,0.9826060289854133
708309,0.9818375359181178
708310,0.9999672953714913
708311,0.10756609494278582
708312,0.06999334029331192
708313,0.3605400617080125
708314,0.9964702647946978
708315,0.9994450690020534
708316,0.5279348636964256
708317,0.36784795739835807
708318,0.49749054179072955
708319,0.9501038900514123
708320,0.0288006053322874
708321,0.8454611534842082
708322,0.7949240712950275
708323,0.5984588049079109
708324,0.25870658302541405
708325,0.4536780533018644
708326,0.9747361439419294
708327,0.9571169878105431
708328,0.08443543887920915
708329,0.333151088374787
708330,0.9998756085373084
708331,0.4453790315560271
708332,0.9945145752218297
708333,0.9999569792287322
708334,0.0078106195120030905
708335,0.9998934002451072
708336,0.5981224637901643
708337,0.9979599851645055
708338,0.9999152822971938
708339,0.9998667658888148
708340,0.997018442667075
708341,0.3053558953826184
708342,0.1544722984007977
708343,0.02626022737741841
708344,0.9993738451766614
708345,0.9553756205548196
708346,0.49017153499552724
708347,0.4173034834064158
708348,0.6698148667477348
708349,0.9991573207687068
708350,0.9992988457558407
708351,0.9995602585724246
708352,0.47150912209490226
708353,0.9994434189180905
708354,0.5142870842169184
708355,0.9894483927161135
708356,0.9324242989062146
708357,0.9993157148930867
708358,0.4646848489466534
708359,0.9319481255494619
708360,0.02309248909990403
708361,0.08383795224766383
708362,0.622396171216239
708363,0.11051037384816004
708364,0.004319775725492131
708365,0.7540175384997093
708366,0.03606174359836688
708367,0.9996131260364407
708368,0.991769037302057
708369,0.9686833243529541
708370,0.6239679905960797
708371,0.9517747946085569
708372,0.7842621936707775
708373,0.4405334885673817
708374,0.9998004323348022
708375,0.012496606715284075
708376,0.2892555372490996
708377,0.9795771468413692
708378,0.9992046460471636
708379,0.34456307436408484
708380,0.9999577234524903
708381,0.9639851152268585
708382,0.9996345253923297
708383,0.9513241912141107
708384,0.22263500580985793
708385,0.3739968577343152
708386,0.8174578134856407
708387,0.998763286239758
708388,0.9923425225459176
708389,0.7282603295307473
708390,0.7572611136986535
708391,0.9977905481832391
708392,0.45305076776399567
708393,0.03554281549450859
708394,0.26149918775828235
708395,0.9022644247105437
708396,0.999960943485108
708397,0.020319599323619215
708398,0.9996025208472692
708399,0.37165560365280553
708400,0.8737376070285401
708401,0.2479399354937957
708402,0.9992632084971765
708403,0.24290141083189515
708404,0.9976680612593393
708405,0.988586578475514
708406,0.5942638019457799
708407,0.33090711339011125
708408,0.986927299086386
708409,0.9967562874219593
708410,0.980825715612738
708411,0.6349671321602722
708412,0.04772477531265899
708413,0.6947564652762487
708414,0.7552636646474987
708415,0.11211093348235032
708416,0.6944305488589495
708417,0.013307889198229332
708418,0.5343486541327055
708419,0.03567055658538153
708420,0.9996544920739399
708421,0.5626426449031108
708422,0.9994565833953609
708423,0.8827952746066553
708424,0.9779379132787472
708425,0.9953756493413639
708426,0.08278571927820447
708427,0.7676356965898321
708428,0.4200055168080148
708429,0.8383895633696417
708430,0.012967627861046199
708431,0.8948413736643586
708432,0.9998881858752865
708433,0.999394278982566
708434,0.494556502969987
708435,0.8457518129972039
708436,0.9935480741916509
708437,0.09527064236006336
708438,0.9995849656185467
708439,0.9986484135739935
708440,0.9092447654320792
708441,0.5206431020135346
708442,0.9782087033090123
708443,0.9999361931273121
708444,0.7625429431028428
708445,0.999305872652408
708446,0.435298149595024
708447,0.896645464675319
708448,0.6782139240303793
708449,0.1714134098933166
708450,0.9997304294426708
708451,0.9998574655703875
708452,0.9239103695055009
708453,0.045289679209102554
708454,0.9820329434855339
708455,0.8649655561422785
708456,0.014093174860382422
708457,0.9997189587405999
708458,0.9968776690037595
708459,0.9747370286310417
708460,0.9980558680189897
708461,0.5954114377825145
708462,0.045436099252678774
708463,0.20241578553290662
708464,0.18493788184170046
708465,0.9991129995148502
708466,0.9262259920787317
708467,0.8970468018378044
708468,0.9867613050672899
708469,0.2635005519670461
708470,0.9830274994313487
708471,0.4581496401007503
708472,0.9927212693728766
708473,0.9960299677496809
708474,0.008534523669772025
708475,0.9757371998793926
708476,0.5653683422591207
708477,0.9691284728578751
708478,0.03486193792193472
708479,0.9979835409763347
708480,0.9983370913368667
708481,0.35894521299703464
708482,0.9541471119079237
708483,0.9910793858566218
708484,0.5468470718955871
708485,0.9985710025682508
708486,0.23971329524696844
708487,0.058526368097628664
708488,0.1525013579204561
708489,0.9947451361250735
708490,0.483236082471358
708491,0.9795210290445919
708492,0.001338486179080763
708493,0.9911826018649932
708494,0.9999366111455962
708495,0.9740643854029138
708496,0.8953154309260456
708497,0.9978421391194988
708498,0.9598905465531749
708499,0.1656105981903759
708500,0.9842093670878695
708501,0.030196330941794088
708502,0.871199476839136
708503,0.15054503900724317
708504,0.5972545383499563
708505,0.8976849426939918
708506,0.228651044892513
708507,0.8375328379389764
708508,0.9997143647060741
708509,0.971552196025371
708510,0.23101392197899098
708511,0.26869806014566294
708512,0.017289158347286067
708513,0.011809110508520914
708514,0.9905967990466411
708515,0.9933235303985626
708516,0.953943579618461
708517,0.9970319879699445
708518,0.7830370664246222
708519,0.9998965612813568
708520,0.2583563472842213
708521,0.9977894333502716
708522,0.9995490017872597
708523,0.9998124041046246
708524,0.9992330389152323
708525,0.32229368015044446
708526,0.49146593244045983
708527,0.9974862975002565
708528,0.21866353113878378
708529,0.4946915042475186
708530,0.36547425508658127
708531,0.9996576267932131
708532,0.9997728779267891
708533,0.9998681877900967
708534,0.9997812193005554
708535,0.9413729866611983
708536,0.9995330739746466
708537,0.20350562567745184
708538,0.533367093423381
708539,0.7615234028254475
708540,0.9892810541954311
708541,0.988420331363065
708542,0.5758023746566918
708543,0.9987252489657206
708544,0.4257556501568296
708545,0.6103105524533362
708546,0.15718555120425282
708547,0.959931720513513
708548,0.2649767537390279
708549,0.502288490146932
708550,0.9995965870087831
708551,0.9994205972449393
708552,0.5709556604751392
708553,0.9933106759773854
708554,0.8629320201599137
708555,0.9998848058291687
708556,0.9561060575537952
708557,0.9990162648572387
708558,0.20818954464559317
708559,0.9999573109112171
708560,0.9424236885242219
708561,0.032032318795748166
708562,0.28220821344194924
708563,0.22991130369470777
708564,0.7787750140104519
708565,0.9225660050189406
708566,0.24468471947050136
708567,0.6511507397700431
708568,0.9977100371666765
708569,0.7574237381640248
708570,0.7423376488032212
708571,0.9331847224727594
708572,0.9999791463246555
708573,0.982603285295268
708574,0.9188203053601336
708575,0.2958501672000777
708576,0.9977206819075582
708577,0.9589492113997111
708578,0.9706474059137459
708579,0.9996183356191366
708580,0.9989579781535318
708581,0.9981879290397705
708582,0.9997534313808295
708583,0.9983242360458879
708584,0.06302042360992337
708585,0.9778580649315333
708586,0.9996383292144617
708587,0.800848353171399
708588,0.6861359479159699
708589,0.9999000667892234
708590,0.9253888402034883
708591,0.999968837696561
708592,0.9925104315236273
708593,0.9999578481192768
708594,0.9981878357827771
708595,0.3740813847462997
708596,0.4313916756787284
708597,0.9098584725760785
708598,0.19887651068361428
708599,0.9996781721299558
708600,0.9983252536435978
708601,0.9963389630818684
708602,0.15262577126020493
708603,0.34255297385858563
708604,0.9948866883153542
708605,0.10159987691788817
708606,0.01704712326239142
708607,0.9749481163670497
708608,0.9989643348889836
708609,0.4305341554813618
708610,0.49942334422647533
708611,0.9989542325839955
708612,0.9364458035105658
708613,0.9962159381147329
708614,0.22174061588900779
708615,0.009612342188883273
708616,0.9860403766384904
708617,0.011007413881098653
708618,0.5180866556221223
708619,0.533775469838861
708620,0.7539821101998014
708621,0.6496337310113582
708622,0.9982296606889354
708623,0.8888199849785358
708624,0.3471982667905844
708625,0.9998288546425718
708626,0.9997641319806987
708627,0.8655560158831819
708628,0.9992120173116952
708629,0.9843766395726441
708630,0.9963596964106315
708631,0.99848520124642
708632,0.21898118792606652
708633,0.9994799078834375
708634,0.9973990743762091
708635,0.9992786219430607
708636,0.8912562274069497
708637,0.9996607576961686
708638,0.04891122480367825
708639,0.6917619483837875
708640,0.04552952674295819
708641,0.7926693880748723
708642,0.9433164290746938
708643,0.9996861044623142
708644,0.13179380796880008
708645,0.8757587678653763
708646,0.9214493764108788
708647,0.1071605102961407
708648,0.7722760458191646
708649,0.6763657236219787
708650,0.9947888252235613
708651,0.04678239466000564
708652,0.9295507769434777
708653,0.6415228103999909
708654,0.9997617776413108
708655,0.9990164635426653
708656,0.2716913219764414
708657,0.8146117517219079
708658,0.014805735671883407
708659,0.9999597882347111
708660,0.9993553572628657
708661,0.3135452446784219
708662,0.11203060115722709
708663,0.9999018547873334
708664,0.9999690005566657
708665,0.9613941726092463
708666,0.4026012788730744
708667,0.027979462583707315
708668,0.9971029013448607
708669,0.37294570031561036
708670,0.9890902052664756
708671,0.3031402445604917
708672,0.9979422211231812
708673,0.9964359324000703
708674,0.9708037161462626
708675,0.9955475005828631
708676,0.20772366948698712
708677,0.9916592662739101
708678,0.8743943338243743
708679,0.8947818044028075
708680,0.9996110234503601
708681,0.9444795400132715
708682,0.0426408015648857
708683,0.9986883770426088
708684,0.9022850744148603
708685,0.9980076347706706
708686,0.027655439759510052
708687,0.11063631103920593
708688,0.9999445977584159
708689,0.9992888480312588
708690,0.9750003736406576
708691,0.9993829119752423
708692,0.5480870294675748
708693,0.016012532027595103
708694,0.8795578800645526
708695,0.9999869812274794
708696,0.10240446352595281
708697,0.9053312047997726
708698,0.021097296586457336
708699,0.4340295995412766
708700,0.9772665010431321
708701,0.7465776115549738
708702,0.9863638172456609
708703,0.9988838957272647
708704,0.41723592075190985
708705,0.9999822785697412
708706,0.9999455189911233
708707,0.9863341792196547
708708,0.006761537359459849
708709,0.986355060967132
708710,0.8725342906035808
708711,0.020325679691364368
708712,0.9746523743931012
708713,0.6237202562617092
708714,0.9767622838821672
708715,0.007879831039514285
708716,0.3478584395737939
708717,0.2654923721939064
708718,0.6387187309106143
708719,0.9994503463742286
708720,0.999648208036666
708721,0.9709437216795522
708722,0.01824468177303698
708723,0.03733305657456634
708724,0.9989119351907013
708725,0.40795650287749724
708726,0.9998901366613043
708727,0.9261378215906629
708728,0.42611441557688945
708729,0.995623533587617
708730,0.1272862850504712
708731,0.21024050917484643
708732,0.4844151308411093
708733,0.17085779616505084
708734,0.9997807081072614
708735,0.759211174017216
708736,0.843668068818024
708737,0.9997023781694456
708738,0.998916442570971
708739,0.0092256267121674
708740,0.006673840907832982
708741,0.017419455104161992
708742,0.9999871197961362
708743,0.026305811685948054
708744,0.05567696733158663
708745,0.9989089072951455
708746,0.20868504873163604
708747,0.6983926019895499
708748,0.9990845824087693
708749,0.9972144995337048
708750,0.9996179251805309
708751,0.9271020800689603
708752,0.14463246480702072
708753,0.5106702079685397
708754,0.9997179700201265
708755,0.3673102994948314
708756,0.012838426347840041
708757,0.9955650141264031
708758,0.9962278072543317
708759,0.9646959005966771
708760,0.9998736976446964
708761,0.5234372924467623
708762,0.050388149368355
708763,0.5201983106681205
708764,0.8531386919554499
708765,0.21835275611464905
708766,0.9997440703116801
708767,0.07806534067396792
708768,0.8068599745171279
708769,0.9985202059181355
708770,0.007849031132621568
708771,0.9995678920447079
708772,0.999681462417581
708773,0.7709506550338505
708774,0.8819625628886976
708775,0.9950657297171832
708776,0.6789433703242376
708777,0.9998545383649887
708778,0.7101940121220673
708779,0.9993639082456784
708780,0.9827008914880058
708781,0.11852974624332831
708782,0.9983969690082495
708783,0.9929671170662145
708784,0.30750176632957416
708785,0.9996969472176349
708786,0.9089166398303931
708787,0.9999191707628647
708788,0.04936722362976997
708789,0.8130968279465954
708790,0.9193733900537849
708791,0.04893774257554864
708792,0.9997458691129391
708793,0.6651495610671132
708794,0.9883290824652533
708795,0.9985401227479754
708796,0.9998770281251284
708797,0.5142402050108474
708798,0.07340860237784513
708799,0.9133214935530498
708800,0.9448838978414873
708801,0.9106442216648027
708802,0.9995575743875792
708803,0.9986523185486116
708804,0.9870281643801415
708805,0.14014491951341074
708806,0.9758895806092738
708807,0.9855184701638082
708808,0.9989646090341755
708809,0.9976679777083329
708810,0.936538155122116
708811,0.9998343945780099
708812,0.9963391591475168
708813,0.46603528921279863
708814,0.9989735049257238
708815,0.8700638404768255
708816,0.9982591928485538
708817,0.9994978686829104
708818,0.999322312024332
708819,0.08443219334152899
708820,0.9877493563905023
708821,0.8396671177645778
708822,0.9674557578597367
708823,0.2841982572397303
708824,0.5713042636768532
708825,0.7436397690144407
708826,0.8159743334560208
708827,0.9995434352854642
708828,0.9120855252855755
708829,0.8707491844579769
708830,0.8969060894667016
708831,0.999168072283735
708832,0.9999788468623914
708833,0.2925915796751809
708834,0.6655791279748636
708835,0.9977956357134419
708836,0.9841676305495208
708837,0.9980810841233463
708838,0.9966021164668157
708839,0.999859636525369
708840,0.03448257329128881
708841,0.23596681424005117
708842,0.46816896313395046
708843,0.09613474704987279
708844,0.9999632590880787
708845,0.9996169899452154
708846,0.9915798474175644
708847,0.9769320222335323
708848,0.9965732170973453
708849,0.05257765191802497
708850,0.9993171042413789
708851,0.034030764811471576
708852,0.038869954069174865
708853,0.9997653691398045
708854,0.9982884907956918
708855,0.012007163716449045
708856,0.8651590102456768
708857,0.9968090123631099
708858,0.9910062455269117
708859,0.9615483228086374
708860,0.9995485007774074
708861,0.4972406579624517
708862,0.07453995616932357
708863,0.6315914296619616
708864,0.034517189954149756
708865,0.9999649550560014
708866,0.7301641910140024
708867,0.9998315439232361
708868,0.9999367160686594
708869,0.8968801518646463
708870,0.7925328806057039
708871,0.06050404805678629
708872,0.9931922364656859
708873,0.18514146833153278
708874,0.9952647501423458
708875,0.20384372160618866
708876,0.9886667511163671
708877,0.9996039159675599
708878,0.9999944976204367
708879,0.9923745428087875
708880,0.9208747722227415
708881,0.7667196167093628
708882,0.9997784915869596
708883,0.8171295649905701
708884,0.9994065975872501
708885,0.9676252312741593
708886,0.8043154649255708
708887,0.9936081772209908
708888,0.9815679255462663
708889,0.7055458505098573
708890,0.8563983935751619
708891,0.999933053410897
708892,0.9373042130365131
708893,0.9999622374028769
708894,0.9995478094363095
708895,0.11750939271690555
708896,0.06284132698228093
708897,0.87279866594976
708898,0.9998050500861737
708899,0.983754509409542
708900,0.7479046221496966
708901,0.23141052918240707
708902,0.9997214040245544
708903,0.7270482269360242
708904,0.9819056440768524
708905,0.9997709258532518
708906,0.6502741563874223
708907,0.10553542662006864
708908,0.981850060260081
708909,0.9740156455878923
708910,0.9904637113590468
708911,0.1660972656725093
708912,0.7736147181980331
708913,0.9998719424410895
708914,0.9558647522530184
708915,0.996733013052183
708916,0.823314479043042
708917,0.4380076319708447
708918,0.15749292682092217
708919,0.29362723516718886
708920,0.9158816176769058
708921,0.7874044777042892
708922,0.613816387110982
708923,0.11390501919427734
708924,0.9993894107926105
708925,0.9999020195015829
708926,0.28306499587684386
708927,0.6976515679089265
708928,0.9798287198200646
708929,0.9999063209770916
708930,0.568606529887352
708931,0.9410257665434223
708932,0.998686308684106
708933,0.03154158040527902
708934,0.5446417387720877
708935,0.9975367359751636
708936,0.9937168724404999
708937,0.4629407880846508
708938,0.9996545773108667
708939,0.9984655074441022
708940,0.6510084864304737
708941,0.9827251938599837
708942,0.9658374781892305
708943,0.9948015488178261
708944,0.9997716928106952
708945,0.9973839686175974
708946,0.8542203085184951
708947,0.010696547442568151
708948,0.5754338990612926
708949,0.9974299556353539
708950,0.9580050886489484
708951,0.997890232854897
708952,0.9925925659511003
708953,0.11668689632949529
708954,0.999822647133333
708955,0.5364102897934123
708956,0.2837262671430132
708957,0.7061802642566348
708958,0.9999591975212477
708959,0.9993142791778944
708960,0.015533247893380779
708961,0.9996596929842341
708962,0.23831491291404622
708963,0.41434366574474557
708964,0.1898961816964148
708965,0.10776214235534101
708966,0.9997824563726918
708967,0.10258705610033432
708968,0.9985023023866826
708969,0.9612513819179617
708970,0.999967798697408
708971,0.05564262968672555
708972,0.9701560263187461
708973,0.015230342936405163
708974,0.9990794230711686
708975,0.025300524739594682
708976,0.17828206131892635
708977,0.3400592319721113
708978,0.9255846429044159
708979,0.9618582974121797
708980,0.5033872511122678
708981,0.590481486430355
708982,0.9996380343291711
708983,0.999983171194474
708984,0.07831585991693413
708985,0.12761318759699675
708986,0.9930697918404527
708987,0.017954158056575478
708988,0.9840643070233559
708989,0.4651031512768548
708990,0.9991799023055287
708991,0.17788798272957743
708992,0.9999696068201044
708993,0.9257573721600045
708994,0.44924024506251903
708995,0.4191163874504071
708996,0.033044374626061364
708997,0.9999144944347547
708998,0.9577134859713646
708999,0.9993627921649342
709000,0.027898078153608473
709001,0.034495084706158995
709002,0.9987880598272871
709003,0.10660521421942389
709004,0.9999227965794146
709005,0.9972750634653813
709006,0.9892015667823337
709007,0.49156517932560684
709008,0.08721804415749267
709009,0.9999341172978985
709010,0.9885434601411653
709011,0.5162806718433175
709012,0.9409389694684109
709013,0.8911163774682598
709014,0.007931497735534993
709015,0.009158615968484406
709016,0.9997600252985843
709017,0.9981385286661582
709018,0.8689652154997951
709019,0.9925296839156167
709020,0.023062535673984797
709021,0.9993625419495263
709022,0.9994953588822155
709023,0.23862170457203713
709024,0.9999229284816569
709025,0.08358651992942409
709026,0.989390368833504
709027,0.9986026548903528
709028,0.9999308593086
709029,0.9992044384164784
709030,0.2216314556587196
709031,0.7457812457709776
709032,0.9624896207446088
709033,0.9346176912221555
709034,0.5429077605310909
709035,0.9708015719903449
709036,0.018655447783071856
709037,0.9976848696785288
709038,0.7486783927013608
709039,0.9995588477028131
709040,0.999832249407229
709041,0.5492119112590479
709042,0.9965672420847683
709043,0.14102033685307633
709044,0.664601680780183
709045,0.9815525080782548
709046,0.9997506136589109
709047,0.4106299803076244
709048,0.6556187061631078
709049,0.005815623968724538
709050,0.7107337118766258
709051,0.9957691401930775
709052,0.9977150304495024
709053,0.7626891605517072
709054,0.13255641855650507
709055,0.4703746928636866
709056,0.3139257405858505
709057,0.9922977071079487
709058,0.033880327211215366
709059,0.8301616717598115
709060,0.049252883652561294
709061,0.999934793456543
709062,0.9792364137910679
709063,0.9982271749774554
709064,0.5479124935274964
709065,0.9968715526413997
709066,0.9970910373742513
709067,0.9999582660216786
709068,0.9994028121473605
709069,0.999886288492825
709070,0.7764449552999344
709071,0.9972106846482189
709072,0.969447634578811
709073,0.09812529500081278
709074,0.992558358348807
709075,0.0774484515681957
709076,0.9571685174726456
709077,0.1333836138905883
709078,0.18991459601038957
709079,0.999828542986577
709080,0.004248773259804648
709081,0.011628215048830205
709082,0.9941018800844335
709083,0.9999328816417299
709084,0.8838702866685555
709085,0.9909276145515776
709086,0.6102685741373739
709087,0.9998411533319094
709088,0.999979036169786
709089,0.030016812157296936
709090,0.9994311377923252
709091,0.8360549371533996
709092,0.7819509532057283
709093,0.5180421921777929
709094,0.9910130705370148
709095,0.9991370672618549
709096,0.987837066186259
709097,0.6498397137308806
709098,0.13910587245250491
709099,0.9996091151500095
709100,0.9996219989684783
709101,0.999992328204695
709102,0.7644093003010981
709103,0.9998192476654889
709104,0.8144709866359687
709105,0.9994081111851351
709106,0.04607366388508513
709107,0.9870538609328321
709108,0.9936106133720618
709109,0.25003480897705643
709110,0.9997695149400486
709111,0.9998067248795994
709112,0.056444242282238447
709113,0.9999202887960184
709114,0.7390470169669237
709115,0.9994574452057696
709116,0.0891044028548443
709117,0.8942800150370244
709118,0.9904380024314487
709119,0.9999829037155279
709120,0.7245936048004251
709121,0.984709245469522
709122,0.909383403002685
709123,0.9570579419186284
709124,0.14002447019666664
709125,0.9998434151998861
709126,0.9999073442384672
709127,0.13608841967091095
709128,0.9794551174826064
709129,0.9998595536647501
709130,0.894708754815463
709131,0.17975106872093113
709132,0.7765383910786371
709133,0.4093962614941225
709134,0.2868761035520775
709135,0.19210273802225553
709136,0.9994984583762183
709137,0.0991793851310277
709138,0.9979213845155602
709139,0.8168385319123975
709140,0.3182129594282059
709141,0.2605993975636363
709142,0.030132787426590722
709143,0.992428209405541
709144,0.9982660714432317
709145,0.7431489981032275
709146,0.6467897742709976
709147,0.19512162555549115
709148,0.03729485693742032
709149,0.9999825190982163
709150,0.9984698114097483
709151,0.9997761387175554
709152,0.6585101078949986
709153,0.9999903785700108
709154,0.9691897974165022
709155,0.9997451565767804
709156,0.1217136480790868
709157,0.9979896767001337
709158,0.41641926453956574
709159,0.015169371702502465
709160,0.99873173190874
709161,0.9648042998459744
709162,0.3550934405029636
709163,0.9914243339295192
709164,0.9194642031557461
709165,0.20485374091671746
709166,0.9903540218891724
709167,0.691696498760884
709168,0.910840875669304
709169,0.9998317574666382
709170,0.9999447465745788
709171,0.8604327260375456
709172,0.9993823635727193
709173,0.9962187375207132
709174,0.9775762595122617
709175,0.9688142847838535
709176,0.9335383335201304
709177,0.78272575108837
709178,0.9997161439635769
709179,0.9990651272803057
709180,0.9999566626924207
709181,0.09849739397202566
709182,0.022142126640612277
709183,0.9936209223825105
709184,0.5281476405521178
709185,0.9632582559493073
709186,0.987870744824019
709187,0.9995853406384337
709188,0.8355729575844395
709189,0.9999190890462308
709190,0.8033093682020918
709191,0.27045062605453807
709192,0.9997726537409415
709193,0.06920055969550536
709194,0.963440273414407
709195,0.9998995537561437
709196,0.9991724276828317
709197,0.9998173514761832
709198,0.9999133068289988
709199,0.568493838098592
709200,0.48567495845174247
709201,0.731103135298786
709202,0.9986018293913512
709203,0.869145034909837
709204,0.9998844039213945
709205,0.5763985038025257
709206,0.8294767191168055
709207,0.9958616239532416
709208,0.3367848132767761
709209,0.468041241235544
709210,0.7574976901491556
709211,0.47203568656610734
709212,0.08321248408309494
709213,0.6728678351735591
709214,0.9960489765298505
709215,0.9630273248856859
709216,0.9870957695746732
709217,0.9997592995977358
709218,0.08118835095555095
709219,0.9894273096948135
709220,0.19904830198092538
709221,0.7133439812074901
709222,0.9954933478318135
709223,0.010952433343059837
709224,0.9961688631259626
709225,0.7524431365153759
709226,0.9287643800211266
709227,0.6241016969187022
709228,0.9938524564188619
709229,0.9999286784996174
709230,0.05798845960953347
709231,0.9895730977570738
709232,0.22761623015031718
709233,0.29501888933979925
709234,0.23896695850782718
709235,0.8242962548813277
709236,0.9998391060713674
709237,0.9997914632240044
709238,0.9666272517822863
709239,0.8876583605650875
709240,0.9845522703168005
709241,0.7918861320242481
709242,0.03014549843523454
709243,0.09220592127098204
709244,0.9996845867274105
709245,0.9998648831098993
709246,0.9855002128215236
709247,0.2373552290633728
709248,0.36668661171671024
709249,0.9989493332200194
709250,0.9986395069308465
709251,0.9988665164057046
709252,0.9999854273106744
709253,0.9934059779767694
709254,0.811410331404048
709255,0.9999924304584307
709256,0.12763189575794223
709257,0.9833679824531429
709258,0.9996589621490091
709259,0.03185194577258221
709260,0.9944932084416206
709261,0.005926763081851097
709262,0.8173442236050218
709263,0.01697318320981972
709264,0.07165909923099427
709265,0.8531099006326857
709266,0.9652875249848973
709267,0.9795691911011575
709268,0.9997634635803687
709269,0.9942978239178297
709270,0.6650501142001412
709271,0.9985985965538615
709272,0.9994711499805142
709273,0.9999695767418687
709274,0.9981749978496179
709275,0.9994463851403514
709276,0.04014268907745648
709277,0.09596065205406029
709278,0.08481390491979987
709279,0.5250904991127641
709280,0.9997740869838936
709281,0.9999570265987285
709282,0.6321308420951752
709283,0.16615183546943924
709284,0.9990422760892101
709285,0.9970485585818127
709286,0.2745913324271792
709287,0.9950067071731732
709288,0.9991014287768132
709289,0.263404228393091
709290,0.898098627908385
709291,0.9998592533633837
709292,0.540481245697912
709293,0.22994740820552195
709294,0.9983589399140069
709295,0.09428095186388075
709296,0.998887181193388
709297,0.9998562726221191
709298,0.03807011301927034
709299,0.9278037705283575
709300,0.6087664063112528
709301,0.998746776704679
709302,0.9772121295022507
709303,0.5109693179110169
709304,0.9882539270038391
709305,0.9999497869606262
709306,0.975917028576214
709307,0.09362747572130625
709308,0.9874019431746774
709309,0.0117513064719234
709310,0.9970685831222489
709311,0.9803255787588614
709312,0.560221574774571
709313,0.08219897629621337
709314,0.11674260158239962
709315,0.34183489200497474
709316,0.6251292476728894
709317,0.9716196949609722
709318,0.9867818534135998
709319,0.008538297637611783
709320,0.9828255765690233
709321,0.5517639769129865
709322,0.999329353684145
709323,0.9959928603569763
709324,0.035083251859519535
709325,0.999750725260808
709326,0.9969412579767524
709327,0.9991435823484511
709328,0.6478917875397681
709329,0.8665840548701821
709330,0.9905273924342937
709331,0.9911131330280384
709332,0.5299718717167291
709333,0.9994383444101378
709334,0.9945166886086337
709335,0.27566225065312533
709336,0.9999032862764294
709337,0.9707769249326361
709338,0.9964554680903375
709339,0.8174594867662075
709340,0.9912731161936397
709341,0.9973833263091244
709342,0.4094183202535452
709343,0.02147906392497684
709344,0.9805167792872118
709345,0.0390360858086381
709346,0.9996392277803259
709347,0.5364660152025227
709348,0.9998520239354893
709349,0.8110624376051434
709350,0.21240407100393094
709351,0.9976199465677942
709352,0.9836468856560656
709353,0.013213180065385438
709354,0.9999755020306861
709355,0.9999450504913232
709356,0.9999477534222683
709357,0.9893801124179569
709358,0.9998539104909848
709359,0.9996045513749822
709360,0.142211036889248
709361,0.41093230204343384
709362,0.8785106659042958
709363,0.5723010921378612
709364,0.9482376770900354
709365,0.6887184846818153
709366,0.5565896755897676
709367,0.018463043161277587
709368,0.007672451138506443
709369,0.9997355652448809
709370,0.9998181908400767
709371,0.3897401808349937
709372,0.9990437159211167
709373,0.7752892304265739
709374,0.9991325678076306
709375,0.9997253893628796
709376,0.2396008389862902
709377,0.018726633457524303
709378,0.4748316607123035
709379,0.9983190901130301
709380,0.49126201102116573
709381,0.25521933721362133
709382,0.8862538688902044
709383,0.7639708819905603
709384,0.06751865832572855
709385,0.014017265463517555
709386,0.9988502890347284
709387,0.9847584591653584
709388,0.9357962041069545
709389,0.942470739777066
709390,0.1497519624678313
709391,0.9996808701032163
709392,0.9993562566707228
709393,0.9999903867575125
709394,0.8129639079811216
709395,0.9999867319547433
709396,0.007379292488304922
709397,0.9557265896092715
709398,0.9339506923069647
709399,0.5830750170234539
709400,0.8367844579219329
709401,0.9998293480340013
709402,0.8858234849307727
709403,0.4818906810903587
709404,0.09884384224024194
709405,0.0016982884010963194
709406,0.9994284773750817
709407,0.9989840443031731
709408,0.9996768683527457
709409,0.6195963167668189
709410,0.8555903084393038
709411,0.03436388735692402
709412,0.9997567868112162
709413,0.14888974161080687
709414,0.9997257199972771
709415,0.9901191774178383
709416,0.9960821589013256
709417,0.7292997327713584
709418,0.003920485438363156
709419,0.7612335717027497
709420,0.995496192164806
709421,0.5151353182236841
709422,0.3267664228221706
709423,0.11254288685452621
709424,0.04722339227895918
709425,0.051488207648820714
709426,0.6720097508441709
709427,0.23753069047560288
709428,0.13039004980091307
709429,0.9994730405139657
709430,0.8416982503367972
709431,0.984961794714313
709432,0.9933268476784678
709433,0.9793110699427843
709434,0.9972331650594782
709435,0.9957351263751539
709436,0.9438651498064016
709437,0.9786709651573968
709438,0.9973893358588857
709439,0.36232615185021555
709440,0.795242891544074
709441,0.9977253897816718
709442,0.18403399700260623
709443,0.9999086658183235
709444,0.7793065676207553
709445,0.717210840548865
709446,0.3614280963347316
709447,0.9991018344915447
709448,0.9997492435299087
709449,0.18725333167523855
709450,0.2804413317270342
709451,0.9989705510302584
709452,0.9824757618092284
709453,0.9994066334829167
709454,0.991642282694279
709455,0.7824669249385685
709456,0.9959753019314356
709457,0.9010494527090969
709458,0.9594761900658489
709459,0.6530077244731488
709460,0.8625161989273593
709461,0.9967853411842906
709462,0.9879761739357907
709463,0.9997764990434825
709464,0.999686754637732
709465,0.9949878548926276
709466,0.9984522007923431
709467,0.1367850247669322
709468,0.01268643987525995
709469,0.9999882559023187
709470,0.6833532558810753
709471,0.357491501395388
709472,0.07476213807503439
709473,0.011123511106008524
709474,0.8170343738756253
709475,0.9997419446683413
709476,0.9980216577438721
709477,0.7836122281660705
709478,0.9997226101932452
709479,0.8100013216525037
709480,0.005221927258340317
709481,0.9996146844706707
709482,0.9972921302299087
709483,0.9933842597700848
709484,0.7665828848058847
709485,0.9999974648878491
709486,0.9996046055814959
709487,0.9786461599720933
709488,0.9994443154332091
709489,0.6061867658449369
709490,0.9998803669429518
709491,0.9997441389566438
709492,0.75119247985723
709493,0.9724474100024172
709494,0.9974947980721593
709495,0.09159924212309833
709496,0.11629781297322124
709497,0.07374071836292992
709498,0.9662715914718761
709499,0.9936983258245051
709500,0.04000837533173862
709501,0.2677576731683695
709502,0.01165989593179371
709503,0.44418514448195207
709504,0.004732788864765104
709505,0.9990754823312844
709506,0.9996960596767395
709507,0.5965444824607429
709508,0.10817524122497146
709509,0.996229233801964
709510,0.2665877877012828
709511,0.48349656378751815
709512,0.9904223152557194
709513,0.983239303444748
709514,0.7719370889713318
709515,0.9967565576057701
709516,0.8414064540765558
709517,0.11528949345550463
709518,0.9215085471367167
709519,0.9978899098668859
709520,0.6973569816366667
709521,0.11561284877334957
709522,0.8898509150321245
709523,0.995712217703145
709524,0.19600635419608897
709525,0.9999874658714571
709526,0.48938997508236864
709527,0.9121305799437142
709528,0.9344530556828337
709529,0.376372958537019
709530,0.0911185757657473
709531,0.9994421816048272
709532,0.9996047272889632
709533,0.424545769662631
709534,0.22992033665959194
709535,0.29226932908490594
709536,0.6097314212796558
709537,0.734171576150459
709538,0.9989523874485715
709539,0.8274451798253091
709540,0.1672554951201337
709541,0.08440581464320523
709542,0.015344543022699327
709543,0.9819651692627992
709544,0.4840005411315632
709545,0.9935176362155886
709546,0.9995030101929943
709547,0.2396776994410143
709548,0.9969445077140235
709549,0.9497094106740167
709550,0.636260841448973
709551,0.978898893474821
709552,0.9783332787076338
709553,0.8837743407901474
709554,0.7012897931783382
709555,0.959260401528744
709556,0.9746221147047741
709557,0.45733413664453426
709558,0.718991715327372
709559,0.010712564795193651
709560,0.9993451300922181
709561,0.00357887296911
709562,0.9993409427451014
709563,0.713024099411531
709564,0.82942445734053
709565,0.9999621554116688
709566,0.9951496660620821
709567,0.9315651764942827
709568,0.4126383604184258
709569,0.999729330124717
709570,0.10019761918122601
709571,0.9979080137890026
709572,0.805293134241508
709573,0.9920155233525169
709574,0.980071724308226
709575,0.8680075183235045
709576,0.22345147086962192
709577,0.8104296972932108
709578,0.9153650837054558
709579,0.010380287137050427
709580,0.9993794602744542
709581,0.8712323244530757
709582,0.1550364302603251
709583,0.3836779390920225
709584,0.8153421122114676
709585,0.7069878182131735
709586,0.9910653438692332
709587,0.9340835319375249
709588,0.25450439593294993
709589,0.8345500289512524
709590,0.12189962561062329
709591,0.21902964090154434
709592,0.8415510524485164
709593,0.8462926837738657
709594,0.9997819499643177
709595,0.3142650152504167
709596,0.07726853179395135
709597,0.7727720321842044
709598,0.9988886182851331
709599,0.9986589898066456
709600,0.6944188191829153
709601,0.47381257827470924
709602,0.9989703750407705
709603,0.9997019054919177
709604,0.026620579686263874
709605,0.9664917736031211
709606,0.9999321819246472
709607,0.9991216498620797
709608,0.6035257791500943
709609,0.6047719606445848
709610,0.7848206634684289
709611,0.9995619108541028
709612,0.16695479307019406
709613,0.9994150964260469
709614,0.9940279532196319
709615,0.44558689415775743
709616,0.22905866625680846
709617,0.6179460747594976
709618,0.8463318039101099
709619,0.9999818888504469
709620,0.03564589362487757
709621,0.9999936298195273
709622,0.8912479958884603
709623,0.6921346791883587
709624,0.9750281154191329
709625,0.9999261664049256
709626,0.9544214021213964
709627,0.9997231799255264
709628,0.9997723233143763
709629,0.9990578484906459
709630,0.8808206532206855
709631,0.3676984753465341
709632,0.9997888229032943
709633,0.07939236363596223
709634,0.9477213679791999
709635,0.9997309641918191
709636,0.9964756821520769
709637,0.9390783980739135
709638,0.9994383081094504
709639,0.023902209699763158
709640,0.2699657141558541
709641,0.13660980183593838
709642,0.9688958684395934
709643,0.18155798008506044
709644,0.9999052039294649
709645,0.9960222602863058
709646,0.0751647217779278
709647,0.18204169863409222
709648,0.9998942103898985
709649,0.004273276541872153
709650,0.009435961553142427
709651,0.27789747852044216
709652,0.35283584285145614
709653,0.2365254465212184
709654,0.15168424090728963
709655,0.9999216208471459
709656,0.9047088320862585
709657,0.781504005698731
709658,0.9975451268324891
709659,0.028926074806216763
709660,0.9998687096442825
709661,0.9991020537538715
709662,0.9988362666450801
709663,0.998650285686737
709664,0.6462374211684164
709665,0.9764484279579291
709666,0.3432446248117901
709667,0.7502772343506743
709668,0.8549325546236969
709669,0.9993621553966676
709670,0.9991800632090314
709671,0.31340946868818315
709672,0.9998000087578358
709673,0.018906787741358337
709674,0.927393104144071
709675,0.7544885562172043
709676,0.996265703891215
709677,0.35339125153566686
709678,0.9993400815904492
709679,0.9998248635141309
709680,0.0054743332814467804
709681,0.9826003084031472
709682,0.9655066162252752
709683,0.9001891832157758
709684,0.9928787717126715
709685,0.99519029136532
709686,0.14773210685046098
709687,0.9516284149599521
709688,0.9999363569561528
709689,0.8466042037880435
709690,0.7734433355008419
709691,0.09810151885632121
709692,0.6337798097693614
709693,0.9990371595096716
709694,0.8651209723149943
709695,0.9918267667396983
709696,0.9284637376789533
709697,0.032140109385421584
709698,0.9998609915519556
709699,0.997889046495266
709700,0.9964220599112834
709701,0.8664994506905432
709702,0.9986347047093238
709703,0.9436989898426011
709704,0.9991146354101392
709705,0.9034311748312649
709706,0.7093475720474809
709707,0.9865404563492661
709708,0.8417678188828249
709709,0.9986263756148956
709710,0.7984189815763003
709711,0.8370757300279339
709712,0.03099188781855674
709713,0.871639827174362
709714,0.9946073355633853
709715,0.854152329393497
709716,0.996475364738766
709717,0.9117600294494574
709718,0.9910813795294184
709719,0.02755731016026896
709720,0.9998270673201834
709721,0.32438596845712947
709722,0.8921748925440481
709723,0.7916031939999482
709724,0.013480078658396417
709725,0.01684274653262746
709726,0.5022249933640888
709727,0.9136851591196671
709728,0.06423370892908649
709729,0.9958356635527801
709730,0.9978173495035649
709731,0.9999339141897211
709732,0.6811450931544037
709733,0.9999160874380979
709734,0.999450075351773
709735,0.9882975838476704
709736,0.9972251799084251
709737,0.9901367993226842
709738,0.0607807230686913
709739,0.991896819989284
709740,0.989505610478259
709741,0.5741420204487782
709742,0.6213487909956472
709743,0.9959717384795289
709744,0.9944412277848109
709745,0.9432552203801631
709746,0.962619393676226
709747,0.018820689194570306
709748,0.20974244597913935
709749,0.06578294457891476
709750,0.8602673447824685
709751,0.9912256705763944
709752,0.5062686396183158
709753,0.2944512306846024
709754,0.9593995339767245
709755,0.9998326260350818
709756,0.14047736912920208
709757,0.9902125536900237
709758,0.9950712015889164
709759,0.9770300919321098
709760,0.6369430331463124
709761,0.9999787914037093
709762,0.9999881251208249
709763,0.999043943482441
709764,0.8096269396850031
709765,0.9989896360772239
709766,0.9211974651176891
709767,0.9993972917425455
709768,0.9987537260039463
709769,0.35476305606635106
709770,0.999935283204213
709771,0.38213716757061456
709772,0.6887038750056516
709773,0.999569570097488
709774,0.24193831140479324
709775,0.012743084862660209
709776,0.6266553004576692
709777,0.13794510704952
709778,0.9997922944103432
709779,0.8797795411005617
709780,0.1498300433217023
709781,0.7484388136949541
709782,0.6180175384574668
709783,0.9994984434090046
709784,0.9992390901139323
709785,0.12054309027620001
709786,0.9962850334581062
709787,0.4302675729244946
709788,0.7283491374692485
709789,0.01615013706058423
709790,0.9896730572566899
709791,0.19243675663988827
709792,0.10989953504784772
709793,0.9655525566122496
709794,0.21095952574402388
709795,0.9997007994475154
709796,0.3253311671534307
709797,0.9615329437125403
709798,0.18220705233200596
709799,0.052503937060988964
709800,0.999775967811457
709801,0.9974107602644787
709802,0.0964656133262077
709803,0.9732414903626052
709804,0.9984669623193776
709805,0.9776288324898254
709806,0.8985590252372243
709807,0.3359096981247228
709808,0.37406964569542156
709809,0.9993651669772093
709810,0.8958121882358123
709811,0.9954742088267066
709812,0.9911431901025853
709813,0.9959101240442294
709814,0.9999033422297667
709815,0.407890672634346
709816,0.9972464759500773
709817,0.5928264061569517
709818,0.9992575864630205
709819,0.7486904652740657
709820,0.9995063911175515
709821,0.8012062962982341
709822,0.9999667957341177
709823,0.3847851018120847
709824,0.11612059913826339
709825,0.05774025817315161
709826,0.15981283681381908
709827,0.9998183169329602
709828,0.9918093501330285
709829,0.9786541062678911
709830,0.9999228853780547
709831,0.9995581231777035
709832,0.48557707480319673
709833,0.9991448442547043
709834,0.9990705946450726
709835,0.9411398908148694
709836,0.9999499636423519
709837,0.9995785765133327
709838,0.999948291965497
709839,0.9999709865389581
709840,0.9885441237646146
709841,0.04629830232028425
709842,0.9901946900156327
709843,0.03726125296437855
709844,0.0550655116962077
709845,0.48587453608963493
709846,0.942298083406475
709847,0.9886423464755947
709848,0.9914139828419435
709849,0.9861709158631375
709850,0.99882094768949
709851,0.9869021165340147
709852,0.9980317257701445
709853,0.8659221827531994
709854,0.9735560733395481
709855,0.008498353742098477
709856,0.9989613448056498
709857,0.4135374248151155
709858,0.9997343079878387
709859,0.10185621876937662
709860,0.9968643505276115
709861,0.8456684609914775
709862,0.015175862366843169
709863,0.9987778311501095
709864,0.2349934099129301
709865,0.05621768574109861
709866,0.2576712196567067
709867,0.9999725552054991
709868,0.003989122022751816
709869,0.9972043650040443
709870,0.7250807636925247
709871,0.9997705626610864
709872,0.6625864368725911
709873,0.07796373749508578
709874,0.3203951220303178
709875,0.9993569769870032
709876,0.036836733195914316
709877,0.9998267099351197
709878,0.3766914584367951
709879,0.9995668904417221
709880,0.9998709764348886
709881,0.9989582241523166
709882,0.3485830904707968
709883,0.798735679306168
709884,0.9774478289833168
709885,0.9989006680629848
709886,0.9976151081579341
709887,0.9829868927580881
709888,0.9757029255822713
709889,0.9998433762710326
709890,0.9993271529506695
709891,0.9999613714436344
709892,0.1392875456223594
709893,0.999907349639187
709894,0.5306244742669193
709895,0.47660734237847857
709896,0.5373891337828399
709897,0.8825738744840232
709898,0.9999843431216222
709899,0.1584877879946241
709900,0.5688263839992735
709901,0.9997868496819787
709902,0.9972748415143713
709903,0.037328463444996546
709904,0.6683104061977735
709905,0.8514186814385937
709906,0.2897495042810663
709907,0.9961090498474883
709908,0.9995908122248638
709909,0.04258289714144075
709910,0.349159465520397
709911,0.7504824281048958
709912,0.9905659008547913
709913,0.9999890319326796
709914,0.3362900378636206
709915,0.9866467761686533
709916,0.4684784870168587
709917,0.26884582110445726
709918,0.9924194265559488
709919,0.927715048004781
709920,0.9884827326484471
709921,0.9976256537276161
709922,0.9961748714173528
709923,0.19476579705467895
709924,0.9998733518208043
709925,0.9993501280501424
709926,0.8030018237665877
709927,0.22821511797472452
709928,0.015989186308681434
709929,0.9985587462371424
709930,0.9985159875851528
709931,0.9996838952650832
709932,0.9899187028022076
709933,0.9422487570053489
709934,0.37335377283657656
709935,0.1550384342392053
709936,0.8001008849583546
709937,0.40035880319274847
709938,0.05042441731208132
709939,0.7922137972135735
709940,0.9908477909373846
709941,0.999278913761634
709942,0.9999847330996581
709943,0.9996918988887643
709944,0.762564965910113
709945,0.9994540366608399
709946,0.9505987476312017
709947,0.12485366610880877
709948,0.9900360766112515
709949,0.9998947300633485
709950,0.13487474763550872
709951,0.9998543358525176
709952,0.029403311023249216
709953,0.9990501331872024
709954,0.9861452919044555
709955,0.8487452917692593
709956,0.5253306599244557
709957,0.9626251447519325
709958,0.04917862602532777
709959,0.9998654488368502
709960,0.9999766823783743
709961,0.4774880868219423
709962,0.025993811696425485
709963,0.9997013789297617
709964,0.267074540236128
709965,0.9999892874113407
709966,0.43236346589012986
709967,0.9988963764606281
709968,0.7439941337313676
709969,0.9689143422379015
709970,0.9996890853500431
709971,0.98984146089455
709972,0.9999230473873325
709973,0.571659274763693
709974,0.9974811678965552
709975,0.999823672665616
709976,0.9999763781375464
709977,0.7899699547260199
709978,0.2347102794283784
709979,0.9882171058410812
709980,0.21481722464689917
709981,0.33023905917455093
709982,0.9995422133497388
709983,0.8301853245714121
709984,0.9870438557851045
709985,0.007769283503067599
709986,0.9998452542658345
709987,0.11232569867368637
709988,0.027923250200188238
709989,0.19245383104037617
709990,0.9990036544536363
709991,0.6777888603445664
709992,0.967221680539499
709993,0.1657645977109683
709994,0.9977124358596559
709995,0.967030754449232
709996,0.49744116313843056
709997,0.9929793748098155
709998,0.8212764801561883
709999,0.9992343592133905
710000,0.997982349389877
710001,0.9838757256530781
710002,0.9926330215413108
710003,0.9974078212783773
710004,0.9982875047296789
710005,0.01482053476024235
710006,0.9998342574565864
710007,0.998352772481718
710008,0.9999034492290104
710009,0.9953140940441644
710010,0.9976826476402767
710011,0.8513544576595471
710012,0.09485475867933504
710013,0.7077219998891342
710014,0.9999034582597044
710015,0.8908423918786149
710016,0.7773741959043303
710017,0.9941355944813985
710018,0.9869871479773948
710019,0.5753795835886192
710020,0.9983074578785781
710021,0.9995514119153348
710022,0.288279121848391
710023,0.9971031579805304
710024,0.9913781764305141
710025,0.03686623219253999
710026,0.942654726090411
710027,0.8123893108697099
710028,0.4666183265692808
710029,0.018277547435411042
710030,0.11147962023344007
710031,0.7970977699596318
710032,0.6639005350691214
710033,0.9951183005914548
710034,0.9826770019198268
710035,0.3306719691750304
710036,0.9721410128191206
710037,0.9961655764690094
710038,0.018201763276012837
710039,0.706196483402828
710040,0.9999220609932132
710041,0.9771461776456165
710042,0.06406329887765967
710043,0.09653422049250003
710044,0.9997821977961648
710045,0.9663455764456188
710046,0.008106541013334195
710047,0.9714395160689229
710048,0.02318058340115179
710049,0.9988426803593937
710050,0.8419274203314915
710051,0.976143724218351
710052,0.9704513625374022
710053,0.7726222307395199
710054,0.2729590300170005
710055,0.8338026450027042
710056,0.17477547431571747
710057,0.023420234288810723
710058,0.6180511742295699
710059,0.9999648190944046
710060,0.5400032703422435
710061,0.20090554281639655
710062,0.660429286537032
710063,0.4429555387111151
710064,0.16363953398272216
710065,0.6827895120368861
710066,0.07383868291999596
710067,0.9995382095174004
710068,0.08249904358885815
710069,0.5624840259018282
710070,0.03920336296340485
710071,0.9998619994150335
710072,0.8326042510976784
710073,0.5730920947720403
710074,0.9814959795939917
710075,0.8988193416484364
710076,0.12390757163795396
710077,0.7914267913322177
710078,0.999381987877119
710079,0.6778868990146446
710080,0.15112617532748152
710081,0.3895520691327314
710082,0.6279766866506371
710083,0.5351795435393596
710084,0.9778094542113729
710085,0.18867244897987848
710086,0.9999133242507463
710087,0.48076111298413554
710088,0.44470974247986783
710089,0.9998457090436237
710090,0.9954947815142027
710091,0.9929263004982855
710092,0.9991379347472484
710093,0.8154380974453199
710094,0.9999539683453315
710095,0.9999804585075487
710096,0.16484745501760267
710097,0.08308841679523825
710098,0.5593903825133025
710099,0.8481469530025572
710100,0.9993358753373223
710101,0.8460738089228713
710102,0.999459074493646
710103,0.9935968191450955
710104,0.722828777026594
710105,0.8320057873064021
710106,0.7627374147920005
710107,0.9997260509902254
710108,0.9995512610022058
710109,0.0024795667061709805
710110,0.9947021751633922
710111,0.9986889520017084
710112,0.7822736472762535
710113,0.980254722127262
710114,0.9674732220596043
710115,0.9998070378723165
710116,0.1339250436189294
710117,0.35987721033821374
710118,0.4309834172021234
710119,0.14740965528637234
710120,0.9721740205894132
710121,0.9897870112555245
710122,0.0614151980823446
710123,0.1522607859225496
710124,0.059538910001482856
710125,0.9997439583115351
710126,0.339215350755103
710127,0.9826177618644052
710128,0.3076017300616702
710129,0.9999498589099582
710130,0.5354956847921739
710131,0.9931149028204593
710132,0.5259962000246752
710133,0.9917993294098353
710134,0.46576459747752585
710135,0.9999129580357198
710136,0.9924045960719163
710137,0.707092843573932
710138,0.9991977485536172
710139,0.6934101385172329
710140,0.02689435772531069
710141,0.9999938327206332
710142,0.8820851172152511
710143,0.7828233074431981
710144,0.01758633298672213
710145,0.8667548274582275
710146,0.8604482264327266
710147,0.6782464861557093
710148,0.9928112687961173
710149,0.9976023468939366
710150,0.12988526392550265
710151,0.5570690527989128
710152,0.06015832711623738
710153,0.9833280768115311
710154,0.9905273099962033
710155,0.9891331050033375
710156,0.8929448369132255
710157,0.5590635301914912
710158,0.9996821066353148
710159,0.9993564959923468
710160,0.7278454113701691
710161,0.9996644319084143
710162,0.9890464347283104
710163,0.11291551659440782
710164,0.053536762741079394
710165,0.9625038167368348
710166,0.47603566154163746
710167,0.010952391910276771
710168,0.9995489609003412
710169,0.3070994022896772
710170,0.9824985012908545
710171,0.9997789265317163
710172,0.9969825698023345
710173,0.9995361483273181
710174,0.9270814306845625
710175,0.03600359552722649
710176,0.9973290444811815
710177,0.05660471376067316
710178,0.9998563612491282
710179,0.9980038111859666
710180,0.03785857728883815
710181,0.2876610057836655
710182,0.380182225139107
710183,0.5527170059840922
710184,0.7265536133464247
710185,0.22301625826506716
710186,0.06136473587213381
710187,0.9985272223023635
710188,0.9974876803676391
710189,0.1859878278894429
710190,0.9550256644278635
710191,0.1290560396202568
710192,0.7160934956652716
710193,0.9993805422368252
710194,0.9998701541978108
710195,0.999109766413081
710196,0.1936566913709361
710197,0.9662688074496102
710198,0.2148141059532363
710199,0.9999682579572262
710200,0.0827614449020205
710201,0.12832044606338633
710202,0.7499208439688706
710203,0.022156831281300846
710204,0.9658380717150754
710205,0.9502857684771104
710206,0.7852932754551725
710207,0.572745806181902
710208,0.9989094165004828
710209,0.4825138057614772
710210,0.9710987047102896
710211,0.01697766731408285
710212,0.5950602003960761
710213,0.12820908499313188
710214,0.3883754720184842
710215,0.9998824094647083
710216,0.6097404540014937
710217,0.9952274979026273
710218,0.8023084873920177
710219,0.9943658522044314
710220,0.10139704192397939
710221,0.9996981361898183
710222,0.8776897654941384
710223,0.479134229935395
710224,0.5725291918275621
710225,0.00620126162553232
710226,0.9913718593543068
710227,0.997779420324471
710228,0.27412861777543274
710229,0.999960303546925
710230,0.9996817006832712
710231,0.8091288711261115
710232,0.05326813745024418
710233,0.9988444847240368
710234,0.9988061254125755
710235,0.8560983604982553
710236,0.14076740312493125
710237,0.829967956975908
710238,0.9995550243292253
710239,0.5484085594534286
710240,0.9643612870994868
710241,0.48985797359649197
710242,0.9999064501628778
710243,0.3411042331257733
710244,0.9999813244301106
710245,0.3071287830179511
710246,0.9995233822191838
710247,0.9987379596381137
710248,0.3922698201621417
710249,0.9996910045748368
710250,0.040657191159955836
710251,0.9850656572045982
710252,0.9997200003017109
710253,0.05748410190907342
710254,0.4822568286617498
710255,0.4913021041826635
710256,0.997711056770543
710257,0.34340914019187285
710258,0.9500224669382082
710259,0.9965664302254712
710260,0.3788946074621288
710261,0.8687095939115326
710262,0.12402249903208847
710263,0.8814116366153637
710264,0.46075659765948285
710265,0.9997365900696791
710266,0.6229967172046923
710267,0.014516498789208547
710268,0.9998963552046092
710269,0.8451704901891965
710270,0.9993581896624778
710271,0.8295183066387317
710272,0.6000145007768319
710273,0.8875691013766551
710274,0.9997317374103212
710275,0.7975606302058099
710276,0.7252998757211753
710277,0.07246555749626733
710278,0.9747000576155733
710279,0.0036549955696765137
710280,0.8108669845594939
710281,0.14618038547368373
710282,0.9689520086954521
710283,0.9999055230087293
710284,0.9998588190918513
710285,0.9386715942745515
710286,0.9978411251619981
710287,0.032136420515467834
710288,0.8724857339028702
710289,0.4722722255248799
710290,0.9994772948325554
710291,0.10657121395202679
710292,0.9999487145458588
710293,0.7559609787020944
710294,0.2923085353120357
710295,0.9705170271390151
710296,0.9994551838404584
710297,0.8620305806530804
710298,0.8860598622327645
710299,0.20753883603285456
710300,0.7256565223707243
710301,0.4016819615717994
710302,0.9948362543091082
710303,0.4350097566629556
710304,0.5884160967609771
710305,0.9729124984990487
710306,0.9993748363335434
710307,0.7080346840957978
710308,0.9988085802520003
710309,0.9528677397854945
710310,0.9948467867740631
710311,0.6007555373034698
710312,0.1333797868303684
710313,0.9893961077025673
710314,0.999687345509257
710315,0.06245742092656812
710316,0.9915892893463099
710317,0.9998628275589582
710318,0.9868205868461927
710319,0.9979954924725278
710320,0.0732955006670359
710321,0.9739799250885947
710322,0.13640933374816952
710323,0.5151754379725666
710324,0.9984515092489811
710325,0.5348192792413345
710326,0.9998005962095766
710327,0.9998255485600658
710328,0.9687042108851678
710329,0.9946119933410567
710330,0.4809128324248317
710331,0.9999841940463355
710332,0.999647959794918
710333,0.9997702122487864
710334,0.9999194120909578
710335,0.048558141081008054
710336,0.9940841613347413
710337,0.041837481022448275
710338,0.997591459749958
710339,0.9984553776684912
710340,0.9999460421884856
710341,0.9887766723178448
710342,0.9743946599525483
710343,0.01397125093170417
710344,0.94440372061423
710345,0.47925112662365976
710346,0.9990333349624461
710347,0.9992460859195722
710348,0.8775437320044968
710349,0.6744065057453006
710350,0.9830853894267908
710351,0.11607143415031691
710352,0.0024221567532699906
710353,0.8271693713420012
710354,0.29750015277695996
710355,0.9994532647704204
710356,0.9982861116663829
710357,0.9999718688895511
710358,0.7449906036353409
710359,0.9912830599638393
710360,0.022897235488607705
710361,0.997387737203024
710362,0.8702796850470278
710363,0.9996737053405306
710364,0.9996360877368151
710365,0.9997698226207805
710366,0.998528489815544
710367,0.9994495684628013
710368,0.07870020590324764
710369,0.9984123967384126
710370,0.9998276109901294
710371,0.8263149154468477
710372,0.9981922745093961
710373,0.9989264005972038
710374,0.9651554275273482
710375,0.6144765979777358
710376,0.00822840340876476
710377,0.18321831571738276
710378,0.9995212592026301
710379,0.041003252018940825
710380,0.9997804445411583
710381,0.7543766394099131
710382,0.9901626370274359
710383,0.6241995231952346
710384,0.9997485313459924
710385,0.9998650620684575
710386,0.9549417762965251
710387,0.9951390959262985
710388,0.043231120484514406
710389,0.9932990793385597
710390,0.8133656871398038
710391,0.3086689492608483
710392,0.9996496033239086
710393,0.5888024975779308
710394,0.13725974082889672
710395,0.8216551948291533
710396,0.999925038631744
710397,0.9257492162407012
710398,0.9998081971204356
710399,0.7509367758866695
710400,0.3205197645436476
710401,0.0397063688568932
710402,0.9998904758277543
710403,0.9994904106780649
710404,0.31729967543827553
710405,0.9974153448575321
710406,0.9877592950348506
710407,0.15295085676505427
710408,0.668470670454612
710409,0.9999689347225685
710410,0.029052636953267312
710411,0.8208523768660401
710412,0.018961280402524414
710413,0.9907470260682121
710414,0.9866455316593932
710415,0.9650323391147869
710416,0.9985148842227127
710417,0.3455305515184781
710418,0.9997658351901244
710419,0.9998216844406087
710420,0.9994894494039493
710421,0.7315697365109187
710422,0.8097236588398856
710423,0.7073624763325934
710424,0.9958862228502507
710425,0.46588526134714475
710426,0.2534336524992271
710427,0.9998883362533942
710428,0.9998740547584071
710429,0.968960778710041
710430,0.9938123056849073
710431,0.9999750026256922
710432,0.7010849484941852
710433,0.29630376234214895
710434,0.9312924412121077
710435,0.02457223550927658
710436,0.8816562704450663
710437,0.9987576927967581
710438,0.9995106900624897
710439,0.7971719924903778
710440,0.9835833269464556
710441,0.0412361581657333
710442,0.32564202542091075
710443,0.9999711314141535
710444,0.02832960726689405
710445,0.9997090627719479
710446,0.4106336337364143
710447,0.9657874499810593
710448,0.9999528862579048
710449,0.34991438162793087
710450,0.9846246879211458
710451,0.9998176444853191
710452,0.9981025021446887
710453,0.6591905939771925
710454,0.90717703994456
710455,0.9999290214742337
710456,0.4644588025366456
710457,0.2429248075734416
710458,0.20316074788754548
710459,0.9700025022585606
710460,0.999727742513793
710461,0.024028552370328207
710462,0.762524107897242
710463,0.9986800723779323
710464,0.4034937447259521
710465,0.9529143101863354
710466,0.9996269676590845
710467,0.9998658739584914
710468,0.9996733964540335
710469,0.2608203816757018
710470,0.712773230590829
710471,0.9998762182565023
710472,0.9230620117182292
710473,0.15966184609123557
710474,0.9951838723449116
710475,0.9997654795292397
710476,0.8524344620745807
710477,0.6664729444625106
710478,0.9913348306461855
710479,0.4649738380920646
710480,0.7693366692275513
710481,0.9990992344727371
710482,0.7873671416877827
710483,0.10961505697093593
710484,0.9940904004996938
710485,0.07678123605801089
710486,0.9372370608961909
710487,0.6818003104456359
710488,0.05171675553136601
710489,0.9997410944283578
710490,0.9999164894293195
710491,0.8060685110863206
710492,0.8496813549470807
710493,0.30166641295755403
710494,0.4313489768214119
710495,0.9999499816890262
710496,0.9997359024661402
710497,0.9873762779458144
710498,0.45152361193295315
710499,0.8997667823746145
710500,0.7583204649604285
710501,0.9432123172776539
710502,0.9998023497089927
710503,0.9999745934509401
710504,0.9999629075939859
710505,0.8856836232054623
710506,0.9303360434000729
710507,0.8915818442252015
710508,0.9972965492707004
710509,0.9994074753874757
710510,0.9998647391473388
710511,0.03392285783883198
710512,0.013592955551623993
710513,0.03984214660483655
710514,0.8824347524465435
710515,0.4288376158425342
710516,0.9998451596909177
710517,0.9997256568098006
710518,0.9534443546364909
710519,0.9999892080206836
710520,0.9936032915121202
710521,0.9997884724658683
710522,0.9982705943623211
710523,0.6298124943075488
710524,0.9922262840656404
710525,0.9998196726336112
710526,0.9973659032957536
710527,0.9810057687427713
710528,0.9992336548044691
710529,0.01807138075509763
710530,0.9998589659738782
710531,0.9998871898750941
710532,0.9999948503825735
710533,0.975217677464217
710534,0.9991941018173494
710535,0.996108210663655
710536,0.9997090711134011
710537,0.9711291735273081
710538,0.9468139200512795
710539,0.9999615707007754
710540,0.999594193510911
710541,0.4667724586923398
710542,0.9994140332832294
710543,0.9998732634717147
710544,0.9998046863235033
710545,0.9626302511113811
710546,0.9991011531889221
710547,0.44919369516505414
710548,0.9944370298943348
710549,0.9999874671767888
710550,0.31265750949318494
710551,0.9789965648046515
710552,0.9999525991526605
710553,0.9968214261696685
710554,0.9515223947985155
710555,0.20183154194281933
710556,0.15930288164593603
710557,0.9658221498765192
710558,0.9159662662220245
710559,0.9998776999464785
710560,0.9943058455207975
710561,0.9117053043401323
710562,0.9799716626321495
710563,0.7043394171838616
710564,0.98910049560986
710565,0.9524505691730414
710566,0.9818295456110578
710567,0.6739051950234285
710568,0.9974585254435485
710569,0.36787303516520925
710570,0.9998169464373283
710571,0.05482050780984783
710572,0.3957097241559585
710573,0.040527549766453196
710574,0.9912446875621843
710575,0.9976820669377611
710576,0.9375301633547622
710577,0.9995384628805973
710578,0.9967291454377772
710579,0.9999386449059238
710580,0.9999500961399951
710581,0.9714066078490199
710582,0.16958156778976957
710583,0.9995287176680261
710584,0.9863869248947463
710585,0.6131004088358136
710586,0.9997069141695885
710587,0.979335317843188
710588,0.9995610453126103
710589,0.6918987008814418
710590,0.9998988698247018
710591,0.06228008813016439
710592,0.9670615770565999
710593,0.9998655975883576
710594,0.12516127936967159
710595,0.9886830334515138
710596,0.20554398628097026
710597,0.32502028087084534
710598,0.9542294314575432
710599,0.999869635928916
710600,0.045861309604169134
710601,0.015577736589614612
710602,0.921068291654563
710603,0.9650189114313101
710604,0.004729046780757994
710605,0.987703114790325
710606,0.49431627279893686
710607,0.9147052933493843
710608,0.9997439442475688
710609,0.8316982939785689
710610,0.9996411992200569
710611,0.9998182615791921
710612,0.9999403344284636
710613,0.9888269043684886
710614,0.9880761361399166
710615,0.9923987536175481
710616,0.9673714523307724
710617,0.9893850127467154
710618,0.9978826293080567
710619,0.9998269500756183
710620,0.24609385415682777
710621,0.9932099033882966
710622,0.999969372005639
710623,0.9281619394598312
710624,0.9993083130036606
710625,0.9997957328432614
710626,0.994280306576832
710627,0.9905573625160292
710628,0.9998596529676305
710629,0.9996800589334451
710630,0.8709618596156724
710631,0.7115984494907275
710632,0.8604792633137891
710633,0.9994494143386798
710634,0.02231687283802245
710635,0.021495981021907307
710636,0.9996824976403612
710637,0.9990615618520868
710638,0.08016062923594959
710639,0.506240430907624
710640,0.999247672367459
710641,0.050045425983255225
710642,0.9414295882075614
710643,0.9549502770746745
710644,0.9731264080424887
710645,0.9999396516051742
710646,0.1670501866164859
710647,0.9996706896267067
710648,0.19386542012379837
710649,0.9998894942317407
710650,0.10791418016958329
710651,0.9894484517827591
710652,0.9955990584032317
710653,0.996863244785786
710654,0.9565931583335998
710655,0.6361496005786604
710656,0.8907327911042844
710657,0.9450172930689142
710658,0.12660169063172053
710659,0.12064118579253633
710660,0.999801844999038
710661,0.8834538250473287
710662,0.1670317883095413
710663,0.9994707183923114
710664,0.999987041927462
710665,0.999967590633172
710666,0.9984917249179271
710667,0.9996822889758759
710668,0.9864931509102679
710669,0.9994381836962778
710670,0.9908753940105379
710671,0.9998427859067428
710672,0.9877380403311711
710673,0.9889866713887844
710674,0.29787612867968627
710675,0.9941072606137636
710676,0.901579012632192
710677,0.2841631774764645
710678,0.9998956142950611
710679,0.36927291439599297
710680,0.8931644126037745
710681,0.8015365734248191
710682,0.19691637318984137
710683,0.15237652822881598
710684,0.9232722761481503
710685,0.9973890183935016
710686,0.9997358765435851
710687,0.9950157410633972
710688,0.9969975278233761
710689,0.4847053766240722
710690,0.9950505899897747
710691,0.053905152434625694
710692,0.9994158637655729
710693,0.7525236258309025
710694,0.9985460628471498
710695,0.9930604435985446
710696,0.3468411900358264
710697,0.8532162861250723
710698,0.9962014678449149
710699,0.9835899683794967
710700,0.012458943089694441
710701,0.9997600102343365
710702,0.9998634099017127
710703,0.9953841337502531
710704,0.9998882401814382
710705,0.967065500609668
710706,0.9999097919317983
710707,0.15690496838030663
710708,0.18166861075834423
710709,0.9745612524373792
710710,0.23427113866640192
710711,0.9950984664062106
710712,0.2695890824205245
710713,0.006616085510640678
710714,0.9991027091577327
710715,0.9770669814120502
710716,0.9980487161645992
710717,0.8709343732295742
710718,0.8170676801454444
710719,0.9901462149620843
710720,0.9832033444795631
710721,0.9324416315178795
710722,0.9988002457195462
710723,0.9869102598529578
710724,0.9999852728148643
710725,0.23328027791995717
710726,0.9181956676390692
710727,0.992202659620378
710728,0.9787802692464784
710729,0.918689286000996
710730,0.9364107603761427
710731,0.9123371240193863
710732,0.06112860650421296
710733,0.8586674678828172
710734,0.9992840554905555
710735,0.9998361991085726
710736,0.0240005062372624
710737,0.9999705302564798
710738,0.9987101669800905
710739,0.9999178532042334
710740,0.9994466821903214
710741,0.1101865700684285
710742,0.9997676196407681
710743,0.9787344600116913
710744,0.9664097730626775
710745,0.9978591724990952
710746,0.9996777586765258
710747,0.9943915115430393
710748,0.9983974631887151
710749,0.893269414079628
710750,0.9999663724467653
710751,0.893035899803395
710752,0.12238269376461705
710753,0.9984186742183881
710754,0.9988747815421266
710755,0.4258360206495493
710756,0.999916225969019
710757,0.9996410272944225
710758,0.3687809578472988
710759,0.37178266877227645
710760,0.9999650367431643
710761,0.22065453599942433
710762,0.03592145201746291
710763,0.00696582626962434
710764,0.8936043617253329
710765,0.8177308937415034
710766,0.9997984244337584
710767,0.27353802726730114
710768,0.949896719987639
710769,0.01708231628488079
710770,0.9999584012024714
710771,0.2620125372660296
710772,0.8098531060091657
710773,0.9999874973169408
710774,0.8963394934776746
710775,0.9958346678816083
710776,0.999040162189764
710777,0.6221541172601949
710778,0.9999283498964108
710779,0.17676380605728767
710780,0.9996584034445151
710781,0.7259180601741823
710782,0.9964164158387232
710783,0.3743374766233072
710784,0.7365733935762092
710785,0.9992486262867977
710786,0.9094900543078333
710787,0.3381411384299643
710788,0.6529359802124911
710789,0.5024608196368922
710790,0.056001132947729335
710791,0.023336173054022545
710792,0.4543975108300037
710793,0.04442439137043332
710794,0.05490160116316892
710795,0.9999209383599339
710796,0.4575060289042736
710797,0.15034764684002921
710798,0.955254687383318
710799,0.08890711660847143
710800,0.6549572389414257
710801,0.9999617341824418
710802,0.9997924085216732
710803,0.9950910681426819
710804,0.11416285895681864
710805,0.959273340313819
710806,0.023816169967065683
710807,0.023773466754127958
710808,0.49975378497064077
710809,0.1820757523873569
710810,0.6088930935544199
710811,0.8934185774878086
710812,0.7053734875558553
710813,0.9988456614551418
710814,0.9987070414144839
710815,0.40954380410328683
710816,0.4300556382826237
710817,0.9998359096970881
710818,0.5012749453864574
710819,0.9521774668210831
710820,0.09716660447547891
710821,0.9428526715116108
710822,0.008234364299856958
710823,0.9768518964607631
710824,0.15232786294096212
710825,0.9998590309935073
710826,0.7406630296183137
710827,0.04188885679758952
710828,0.4220705201560879
710829,0.47499546015927824
710830,0.9997065277011119
710831,0.30802479898516577
710832,0.7859926236933386
710833,0.12752474239972617
710834,0.9982355734155675
710835,0.950020201018702
710836,0.024414069419596233
710837,0.6827087583434703
710838,0.9431268610068717
710839,0.45438270837923084
710840,0.9972510320306858
710841,0.033911754500863596
710842,0.4550750789712533
710843,0.8737166874063573
710844,0.9997774157874689
710845,0.9990520304501276
710846,0.9998370612401418
710847,0.9999939862290186
710848,0.9837831351761621
710849,0.9998889794298058
710850,0.02065998390156685
710851,0.0049635358738332365
710852,0.9999759228697345
710853,0.9999903708262252
710854,0.3450981920427272
710855,0.13715706656004598
710856,0.9960650072949072
710857,0.9999441471740569
710858,0.9996896351257791
710859,0.9679513056342597
710860,0.999922036920206
710861,0.9986717069665605
710862,0.999188596316154
710863,0.6085220383970942
710864,0.10316818313070343
710865,0.9087116683089047
710866,0.3196039322163371
710867,0.02417144092628137
710868,0.9963066577691579
710869,0.08509032876103653
710870,0.9997978413271061
710871,0.9728179970104964
710872,0.6645496235173486
710873,0.9813228122494926
710874,0.7843503106926442
710875,0.9999901635748542
710876,0.09133051345933171
710877,0.029461217234600337
710878,0.9982168412115762
710879,0.8874919460259558
710880,0.14197773052132626
710881,0.995665313876096
710882,0.9999865341184491
710883,0.999563692015502
710884,0.9994087241491023
710885,0.908222602497373
710886,0.3773337068293
710887,0.9834289787738807
710888,0.9331120092551901
710889,0.15426436948167974
710890,0.4379654505917784
710891,0.07889122173711062
710892,0.9998818732040501
710893,0.7347278172887248
710894,0.9971635626368331
710895,0.9716321692009668
710896,0.8856652677624662
710897,0.2327366365678813
710898,0.2765513783277322
710899,0.9987528769889997
710900,0.9753027280068831
710901,0.5924724370790853
710902,0.14078469429310358
710903,0.8960541349998735
710904,0.9517653083071916
710905,0.999966792563207
710906,0.999896405829284
710907,0.9941713428927066
710908,0.981846996309377
710909,0.988030891205501
710910,0.839112347792293
710911,0.16307377297980297
710912,0.7096418833965803
710913,0.9993784895204652
710914,0.049698539044241825
710915,0.9981816677941457
710916,0.06641773262991117
710917,0.9998588390741512
710918,0.972644639816775
710919,0.890142645366202
710920,0.9995603937077391
710921,0.9993651042155574
710922,0.8909230083915006
710923,0.9999216096398644
710924,0.9998272917340201
710925,0.046709686700993854
710926,0.8745961822499442
710927,0.9996986745675616
710928,0.9918838040810752
710929,0.7878805863952665
710930,0.9965652621287836
710931,0.062425863833868195
710932,0.6630075663253838
710933,0.0054554299266726045
710934,0.9911628664351166
710935,0.9997663193496575
710936,0.6330657941686721
710937,0.9934961320495563
710938,0.5787184727964807
710939,0.9771668244358376
710940,0.3280532763513385
710941,0.8562310940947478
710942,0.9903179669877056
710943,0.8274458969318378
710944,0.9979382600997939
710945,0.9998146000909665
710946,0.999560622603492
710947,0.9998291091800557
710948,0.9942029746724185
710949,0.9527998515869925
710950,0.9986185319280069
710951,0.474027412005
710952,0.46631365928904955
710953,0.07063804094815837
710954,0.40695724417353374
710955,0.9134577600306448
710956,0.9998950734290091
710957,0.9998262583621602
710958,0.9966946150163487
710959,0.9999241778255817
710960,0.15952442906476583
710961,0.9961587199940659
710962,0.8691828063966716
710963,0.7338428414980592
710964,0.07449302979302415
710965,0.9997395617334671
710966,0.025396098594465795
710967,0.9999106473651118
710968,0.4761501178926019
710969,0.9935753048183268
710970,0.8608993529965174
710971,0.9999531057240679
710972,0.869660093393966
710973,0.9828407899063646
710974,0.013631444807261486
710975,0.18168366161610705
710976,0.0278074590828633
710977,0.020729052220535785
710978,0.06185811051297018
710979,0.9972980832924984
710980,0.9625714513266728
710981,0.9980051498449551
710982,0.9999911568811585
710983,0.9936698568596896
710984,0.6169371282712023
710985,0.1356541104063955
710986,0.9999689950890754
710987,0.9657750272179622
710988,0.31181061733065596
710989,0.7873616379087115
710990,0.2780319576480067
710991,0.5099765011174697
710992,0.9958816313969721
710993,0.9494073415525963
710994,0.34998120308107195
710995,0.9986745863209405
710996,0.7809718630406288
710997,0.2732623511323108
710998,0.9557547171623811
710999,0.20980905399473002
711000,0.37125875876242853
711001,0.7802122544643602
711002,0.9924227040664044
711003,0.9822349682547571
711004,0.5431879532082896
711005,0.981758856258947
711006,0.9996490629260053
711007,0.9021097282128999
711008,0.03873328994849269
711009,0.19705516982272675
711010,0.38073353706161706
711011,0.46462410512375296
711012,0.9988311236251743
711013,0.009158184080221371
711014,0.5521086797262652
711015,0.9902584919059982
711016,0.7433444761368255
711017,0.03603605299082782
711018,0.9999524270833944
711019,0.9998771851987721
711020,0.5678877607505348
711021,0.9999554315465088
711022,0.9833064766905811
711023,0.9988510442868417
711024,0.851785804485347
711025,0.999225629644512
711026,0.9945199024076923
711027,0.9999313937858453
711028,0.9987652663439319
711029,0.9794232742529133
711030,0.8964209877026048
711031,0.9997169321727573
711032,0.9904924331636986
711033,0.9993105998413077
711034,0.9988239625560928
711035,0.8633000666466227
711036,0.9974873789735028
711037,0.9995837813391921
711038,0.9968786101757341
711039,0.9993436603028782
711040,0.9794599885044653
711041,0.9998665088667074
711042,0.8550126268033231
711043,0.6013454016989243
711044,0.9684375192032031
711045,0.9998365175891128
711046,0.999619470792448
711047,0.9155385645424663
711048,0.9840410345355202
711049,0.4159042504111736
711050,0.9999323416271395
711051,0.27931776176566125
711052,0.9999519749550254
711053,0.024818548347129595
711054,0.9998243041572846
711055,0.11087157999112904
711056,0.9927002698212218
711057,0.5416677350008949
711058,0.9971742725281407
711059,0.08888377482319008
711060,0.3361833469505647
711061,0.9884811315834042
711062,0.9511236297972001
711063,0.9992821712199915
711064,0.8341033921277945
711065,0.9965374687819806
711066,0.9999832712774341
711067,0.9999905942083409
711068,0.006324053090228294
711069,0.9852743809878519
711070,0.9991105046123717
711071,0.9953199310165709
711072,0.9997065099356823
711073,0.8492518517234539
711074,0.18500436923604463
711075,0.9301640051725788
711076,0.8313038667105181
711077,0.9990633386163411
711078,0.637665796220298
711079,0.46998680595318076
711080,0.0819479739183056
711081,0.959029795261228
711082,0.8758253865059475
711083,0.20789428014494515
711084,0.6423345492002659
711085,0.9418241523475972
711086,0.008517733936006364
711087,0.37679285928442985
711088,0.8455220963078454
711089,0.3523514887142136
711090,0.9997613018322634
711091,0.174971267485671
711092,0.9546895806414356
711093,0.9994930705483713
711094,0.9260141791317611
711095,0.055754874537430034
711096,0.9999804217396226
711097,0.9722962316126709
711098,0.9999825997083877
711099,0.9936539363756001
711100,0.9939326773375092
711101,0.9996293621279393
711102,0.4517940728560142
711103,0.08463182964903057
711104,0.14144038476984502
711105,0.012851515199164092
711106,0.9925276496268624
711107,0.9999730100562589
711108,0.5964358051986434
711109,0.703943761056637
711110,0.991877325896404
711111,0.9760862331154732
711112,0.19167679428777484
711113,0.9930175933992764
711114,0.9980968169589212
711115,0.9999566935311057
711116,0.06556413468415039
711117,0.9999271122415196
711118,0.00960697787161344
711119,0.9998706828771172
711120,0.9990912812629849
711121,0.943311726575403
711122,0.9997163081975992
711123,0.012869200972344928
711124,0.08051404440786623
711125,0.0055205454662013214
711126,0.999862360735502
711127,0.2758435396124304
711128,0.9035766336274509
711129,0.9716109986809882
711130,0.9999652195177786
711131,0.9992677700512096
711132,0.9331646563360926
711133,0.9976689449774111
711134,0.9949699653697585
711135,0.9960097726983357
711136,0.9996766928188061
711137,0.017925670256653335
711138,0.9997170683395536
711139,0.10334733807820767
711140,0.12624157109367132
711141,0.9998682616435376
711142,0.9915246351740369
711143,0.23257630121243894
711144,0.3063905357475319
711145,0.9996967353109181
711146,0.511529312964369
711147,0.9872364407591799
711148,0.8225062894460227
711149,0.050774096276747976
711150,0.9981952236060052
711151,0.978874819262691
711152,0.9998626576389906
711153,0.995371116139433
711154,0.9786064793977309
711155,0.998680207984872
711156,0.5724742451875438
711157,0.9998260484014572
711158,0.9973251145936388
711159,0.9979682857130036
711160,0.13842885384959625
711161,0.34328479473738127
711162,0.8895048728057161
711163,0.999964597384307
711164,0.9945949145029693
711165,0.9997126212263503
711166,0.8895830383445416
711167,0.9996041262947193
711168,0.23650457320506577
711169,0.7822709770789211
711170,0.9986827931672924
711171,0.9899919685139325
711172,0.7604161115284849
711173,0.5833871763048115
711174,0.9900988819146647
711175,0.06052919353531845
711176,0.8306736291454726
711177,0.9994622277788932
711178,0.08840739562854909
711179,0.23935465070576217
711180,0.19756492718982044
711181,0.9999653544409545
711182,0.9752646599952636
711183,0.9990892373668555
711184,0.2358224444477484
711185,0.9996120996229747
711186,0.9984030309538214
711187,0.9998590509800025
711188,0.7839899128012751
711189,0.5507594139925887
711190,0.9479591121919092
711191,0.4319270529012361
711192,0.6643131850896224
711193,0.021022875066827675
711194,0.9995675174075994
711195,0.9990132236621134
711196,0.999984953311243
711197,0.9623470340209221
711198,0.9869204545019937
711199,0.9999012419467859
711200,0.9999554008141278
711201,0.6491388261640261
711202,0.3820948767586997
711203,0.34240402183764274
711204,0.9997993631936806
711205,0.9997212940235971
711206,0.9997140463091294
711207,0.6314024611963952
711208,0.9963364955383769
711209,0.9903585409104837
711210,0.30096895206296315
711211,0.8902304617196672
711212,0.41340487271529663
711213,0.9993271861038078
711214,0.013329438509405687
711215,0.3727719097070614
711216,0.9850991700838418
711217,0.9995210077880889
711218,0.9969816936989053
711219,0.9617341371351639
711220,0.10297598701162913
711221,0.2977570152388701
711222,0.9999744984924424
711223,0.9998351194126454
711224,0.9860967995542413
711225,0.9980135805251703
711226,0.9978810972618852
711227,0.7358005834281294
711228,0.4924691229552335
711229,0.7889002198100035
711230,0.9997387279835266
711231,0.9993087454101042
711232,0.9854480071899152
711233,0.9465487004772657
711234,0.9688075240494171
711235,0.9992814289974463
711236,0.21381303238235252
711237,0.1350291331261224
711238,0.036973687480060635
711239,0.8272795882385209
711240,0.5428156768784205
711241,0.9732835381443871
711242,0.6364973362040435
711243,0.46238405248790226
711244,0.36589160583807323
711245,0.005393623941799736
711246,0.879964978218194
711247,0.4400450558214883
711248,0.9367017316004882
711249,0.495301387240885
711250,0.9934214853115572
711251,0.9986156792816931
711252,0.590676642130478
711253,0.13434947231558875
711254,0.9981283752574497
711255,0.9926223731992718
711256,0.2598229028538436
711257,0.8639131293510047
711258,0.9910984891821851
711259,0.9011527434072056
711260,0.6880190929837756
711261,0.6351859937352691
711262,0.9716028728947629
711263,0.9969715862170256
711264,0.005785392629692086
711265,0.8634545805992885
711266,0.05626586052343087
711267,0.02823036978196818
711268,0.2681961677320619
711269,0.4693180713983269
711270,0.3054732452711532
711271,0.994392298326839
711272,0.8476182032215831
711273,0.9999096749135672
711274,0.8180007121082085
711275,0.9949888579211519
711276,0.9960973261553201
711277,0.5021835792279745
711278,0.06706897348224247
711279,0.9952519686289698
711280,0.9987965411484863
711281,0.9984170203855842
711282,0.9995413650505605
711283,0.4869326285748371
711284,0.6666861425910082
711285,0.9999098078648045
711286,0.9997372529430739
711287,0.4697459837012292
711288,0.04778856948070549
711289,0.9961100414377391
711290,0.998899293009268
711291,0.9992590014206154
711292,0.7739767838917289
711293,0.9999743199397286
711294,0.9996887595640747
711295,0.955258138970379
711296,0.9998385842350935
711297,0.9977310137852932
711298,0.9998341610733066
711299,0.055408244062866915
711300,0.6018845817072637
711301,0.9991488651774927
711302,0.023710822491709766
711303,0.8411278112577373
711304,0.2974107158361872
711305,0.9983895493766949
711306,0.8179248249869273
711307,0.9624279818313252
711308,0.9048562025618115
711309,0.02010973090601632
711310,0.827747537105589
711311,0.9861960484600758
711312,0.84387229111527
711313,0.46193238424807975
711314,0.999841423024789
711315,0.9940789802351664
711316,0.6878281800009598
711317,0.9964955291741006
711318,0.9729690289695567
711319,0.9732925501051514
711320,0.9999606463850415
711321,0.9174368025763087
711322,0.9999639762110832
711323,0.9991961535127392
711324,0.007395343798163781
711325,0.7661063474772782
711326,0.23914423000579693
711327,0.9873161841655063
711328,0.2446886968166834
711329,0.7433811739764138
711330,0.514263873991627
711331,0.9988097675814274
711332,0.9981918174186462
711333,0.9901266647093521
711334,0.9999862060947224
711335,0.9922100013419128
711336,0.9999551461828109
711337,0.11351635713533362
711338,0.46656306632592015
711339,0.04317828804226394
711340,0.9532814302154827
711341,0.9607761239839236
711342,0.7374292876763493
711343,0.9994785781840028
711344,0.584366242178602
711345,0.7646546388495172
711346,0.999878572009945
711347,0.9739800115490825
711348,0.9996809633054363
711349,0.481853747679298
711350,0.3421150832404841
711351,0.06093046023092201
711352,0.7692403608330094
711353,0.1762346611272536
711354,0.9998231315293837
711355,0.9996591259945469
711356,0.9998852479230205
711357,0.01436152857176896
711358,0.935373728537213
711359,0.26751588439158563
711360,0.9882195668704667
711361,0.032981204642908726
711362,0.9997017788473317
711363,0.9911595107829921
711364,0.9989320494057727
711365,0.5685548453151604
711366,0.3417399418047302
711367,0.9996984480856748
711368,0.05044276105220859
711369,0.9993867831699024
711370,0.2222006581889337
711371,0.4087688523520452
711372,0.998270352993219
711373,0.16832908217454437
711374,0.6796756773454141
711375,0.7396396592084007
711376,0.9974422912197152
711377,0.9995237845174437
711378,0.08254295684603458
711379,0.9959187697044827
711380,0.18313725081269275
711381,0.9282807002664621
711382,0.726109923212449
711383,0.13997233153913527
711384,0.9973858338070741
711385,0.9791022529116991
711386,0.9827790074689262
711387,0.9997542799124601
711388,0.9454216402416871
711389,0.21252370232298534
711390,0.01915171244335678
711391,0.005093694656120126
711392,0.9588553188923203
711393,0.8054705990105895
711394,0.9999096608376009
711395,0.9980507008649993
711396,0.999732018251853
711397,0.9972540035561598
711398,0.06161937962910646
711399,0.9193998950961597
711400,0.9913673354690584
711401,0.7440363137741077
711402,0.9726706270457861
711403,0.36149675585424773
711404,0.8951856847993993
711405,0.007353314951091851
711406,0.9996898557898822
711407,0.9993614041537189
711408,0.685134289309065
711409,0.9996502480051529
711410,0.9990982006629181
711411,0.002568314523580751
711412,0.7886384539773168
711413,0.999940465020815
711414,0.27596944583718763
711415,0.9998484649888224
711416,0.4067894228109632
711417,0.8348386104152528
711418,0.9276404922470616
711419,0.1338480079704666
711420,0.9949401875951096
711421,0.999656757435041
711422,0.9998460674346556
711423,0.04564301301738728
711424,0.13050769122341388
711425,0.24792305789767183
711426,0.9978470092136494
711427,0.3488717410623359
711428,0.006408680481301131
711429,0.995437931102862
711430,0.08277341436220573
711431,0.0741269480195233
711432,0.3548520225938896
711433,0.682498791957675
711434,0.9972915156170081
711435,0.9996659816653333
711436,0.9268934574631787
711437,0.9294062131364444
711438,0.9932137398984634
711439,0.2196546855160625
711440,0.5890281134146231
711441,0.011327245894181402
711442,0.9995137688823006
711443,0.111649614751762
711444,0.18041771822892821
711445,0.9997668631737231
711446,0.9659845121844848
711447,0.9994680684788202
711448,0.9641517111350881
711449,0.9997344038083669
711450,0.984928509761539
711451,0.9796721367556342
711452,0.9969197825702434
711453,0.14997888240517304
711454,0.043748587753606974
711455,0.9183429261496114
711456,0.9539889817441662
711457,0.12713519348928043
711458,0.9999064457676228
711459,0.9996781513665532
711460,0.03431742061501586
711461,0.7946312864752325
711462,0.9989231351969019
711463,0.9988840079337044
711464,0.6689448182910311
711465,0.9955159124774879
711466,0.9981395826803592
711467,0.9912803916445949
711468,0.6839545578481177
711469,0.8749912905105
711470,0.8489720910529855
711471,0.014068298321131554
711472,0.8826381802942063
711473,0.24098394937835
711474,0.9998600635606767
711475,0.9995510351283455
711476,0.9999867606780164
711477,0.004126228676451944
711478,0.9997473396491765
711479,0.42448591540334335
711480,0.7003690650672323
711481,0.00735265118852026
711482,0.997316877657793
711483,0.9847995301453891
711484,0.09063739153238565
711485,0.008196131770871393
711486,0.3584791825741193
711487,0.014911367602795881
711488,0.8730781913997115
711489,0.05385112888108992
711490,0.3307115965823171
711491,0.7607012299764834
711492,0.9985918189563878
711493,0.9991125292530098
711494,0.9994166793970547
711495,0.9994686924252201
711496,0.9999350158548098
711497,0.9998105406370735
711498,0.9975443919069256
711499,0.4376042892571811
711500,0.26125934291902037
711501,0.9998055941346325
711502,0.06956661471975577
711503,0.9427568265052781
711504,0.7760621226260022
711505,0.8539183271327087
711506,0.7184824186555168
711507,0.897327163060332
711508,0.5294882642633936
711509,0.11603971361988277
711510,0.9998743090489336
711511,0.8440091129381576
711512,0.9964873030203698
711513,0.9996357663157671
711514,0.9997615127726283
711515,0.06427896531205646
711516,0.25118464631331866
711517,0.020036041525966046
711518,0.34971163064957217
711519,0.9971303814197062
711520,0.016481525643656708
711521,0.9999534759341301
711522,0.9994088545373592
711523,0.995034761183456
711524,0.9995824827899442
711525,0.13250943167430615
711526,0.9762044213897252
711527,0.03147038149172278
711528,0.9970148562841541
711529,0.09053808971696202
711530,0.9377955740687314
711531,0.1327404785292492
711532,0.3550203410285131
711533,0.9988769725827064
711534,0.9705088807019489
711535,0.9962381450868152
711536,0.9998094407829946
711537,0.3663904249561987
711538,0.7407864366718708
711539,0.455189911922602
711540,0.9991551000613008
711541,0.03446565846385153
711542,0.6965587809831113
711543,0.9773475311118475
711544,0.9917895727583323
711545,0.3048004284663453
711546,0.9999083894142039
711547,0.029775146772459595
711548,0.9996592435799702
711549,0.9995575254391764
711550,0.999805131366112
711551,0.9949400210595132
711552,0.9999845230268636
711553,0.6821899528343681
711554,0.9905391901944834
711555,0.1358749824309737
711556,0.20978737905171832
711557,0.9389330319174427
711558,0.999891991057474
711559,0.9762208905756935
711560,0.9998967450100552
711561,0.025349023806504573
711562,0.9526765167226213
711563,0.9693982614249014
711564,0.9997894532460009
711565,0.9613457204806852
711566,0.020216287425650206
711567,0.6518430566214943
711568,0.9998873406977556
711569,0.07068981192455209
711570,0.03211071572398051
711571,0.3413169985573025
711572,0.9423483988206053
711573,0.9998421286662169
711574,0.16014558702634288
711575,0.12100589266664064
711576,0.9997877422427972
711577,0.9605790497753187
711578,0.9485755326317586
711579,0.9973120418187505
711580,0.0727104035394698
711581,0.9999478980024032
711582,0.7259383262250174
711583,0.9750773328140481
711584,0.5886249111114804
711585,0.12425383317287685
711586,0.9973667460267704
711587,0.42932799121872356
711588,0.9999520441973171
711589,0.9997337682394174
711590,0.3117322183854645
711591,0.7267912343341572
711592,0.1238807339737145
711593,0.09711461741009729
711594,0.993034876612269
711595,0.9998259786204269
711596,0.9994301909326297
711597,0.9975833014274299
711598,0.5451911431905667
711599,0.4261695360067367
711600,0.015752100656886127
711601,0.9658941786658448
711602,0.8062411311459812
711603,0.9110970546039796
711604,0.9806992500999565
711605,0.0042901160763778355
711606,0.9974203169052829
711607,0.4944548959699983
711608,0.9740431685555712
711609,0.9997243233996722
711610,0.9997112125648937
711611,0.6422537079634275
711612,0.07998820566602036
711613,0.009091171180134767
711614,0.9967070684672241
711615,0.9654620091369478
711616,0.9597876035610637
711617,0.9998067340750292
711618,0.9999628871630908
711619,0.007133917487238461
711620,0.8060270179660785
711621,0.9785577259321612
711622,0.9995559923101912
711623,0.8344142790926052
711624,0.9999740620283659
711625,0.9968998870872969
711626,0.9526657954502196
711627,0.9995618862082887
711628,0.9511044985643426
711629,0.3648585438919011
711630,0.2762375537561126
711631,0.9701984575159832
711632,0.6129105276977411
711633,0.8473005013074102
711634,0.9711105604038743
711635,0.6652731079885772
711636,0.9999627638496624
711637,0.0014682901097417297
711638,0.17100606362568388
711639,0.9990892728622944
711640,0.6051062783952975
711641,0.8397698450494117
711642,0.9899704307569281
711643,0.7411207934401298
711644,0.998894725486517
711645,0.9996258981280373
711646,0.09023270469583453
711647,0.8638049978570778
711648,0.8568559538596464
711649,0.7738248717202403
711650,0.09827935249539634
711651,0.9995579682988291
711652,0.9980798046654882
711653,0.8622457669271459
711654,0.9997962106101079
711655,0.9987587397621218
711656,0.999820646541342
711657,0.9968117267399581
711658,0.9974857462166014
711659,0.9929731708901256
711660,0.9997156707907248
711661,0.9999253662061238
711662,0.006697185163215377
711663,0.9586104798029085
711664,0.9996715428416537
711665,0.5944750155998254
711666,0.9989116927251254
711667,0.7505156932053167
711668,0.6300608139652086
711669,0.9451390382247161
711670,0.9733073716377254
711671,0.9959460490378274
711672,0.9998083487957853
711673,0.20778325878826115
711674,0.9864946247228881
711675,0.21779244081280788
711676,0.9980670593508971
711677,0.995367028205821
711678,0.9987115153158274
711679,0.9998511874327858
711680,0.9825494316293917
711681,0.3334283420578191
711682,0.9998914541628121
711683,0.9997517486671508
711684,0.8602208811363842
711685,0.9436852717958568
711686,0.04159815741269515
711687,0.9999774837125488
711688,0.7824991235914717
711689,0.9999393912276875
711690,0.9838438274949375
711691,0.7241688610351295
711692,0.5746183339007803
711693,0.9953520688707458
711694,0.9999545800577365
711695,0.9998767873571441
711696,0.0399280545603581
711697,0.9995199530968705
711698,0.1507500053520814
711699,0.9986045082729887
711700,0.03186600349407223
711701,0.9792053881977139
711702,0.7821743910101139
711703,0.11059887007814106
711704,0.9997156308772475
711705,0.8112720422542427
711706,0.30483479603374675
711707,0.5664423102208717
711708,0.08766543893654652
711709,0.186126709212269
711710,0.8784789617364592
711711,0.9999825979778187
711712,0.959745543858221
711713,0.7494170605428819
711714,0.9987703859588534
711715,0.8982920444402833
711716,0.9993939417196219
711717,0.4291688992794511
711718,0.5199320237644961
711719,0.9081212406571064
711720,0.44031739192086516
711721,0.579116554033191
711722,0.9346142967507743
711723,0.9998837827798778
711724,0.7050680595228453
711725,0.9979237510157033
711726,0.999399792196098
711727,0.3165522385959777
711728,0.17213880483985708
711729,0.9999866513437261
711730,0.1034113957248686
711731,0.9998449768658935
711732,0.9993502050475864
711733,0.9999720080859149
711734,0.9999787596006519
711735,0.28194117374057076
711736,0.9999152137439512
711737,0.9997554763259731
711738,0.9977797966656263
711739,0.9951205524706161
711740,0.9999267779643666
711741,0.05376951282395617
711742,0.3658396055353174
711743,0.06821693904193418
711744,0.3529570636172118
711745,0.9999319894007264
711746,0.433497305745891
711747,0.9842837869764918
711748,0.999920174171161
711749,0.011838314512395528
711750,0.6290552262068702
711751,0.9997947434949621
711752,0.9993665760666632
711753,0.7312189061984344
711754,0.9998679815442209
711755,0.9003892709548431
711756,0.8471588038332816
711757,0.08090657714283526
711758,0.9763027831333386
711759,0.9998968592873727
711760,0.9886481010671144
711761,0.9831083615425664
711762,0.5904479618388758
711763,0.009603114483878255
711764,0.7363158188101794
711765,0.999943467602621
711766,0.9998350914013688
711767,0.9821436263326835
711768,0.9958056977287348
711769,0.42545656092851314
711770,0.44975486977755375
711771,0.673527084359598
711772,0.5814446854391049
711773,0.9146428680478746
711774,0.041522320725903825
711775,0.9367861846417089
711776,0.05576529732212391
711777,0.9999541373480466
711778,0.5171891253589329
711779,0.7665179895505315
711780,0.04563076142623903
711781,0.5621290360490184
711782,0.9521476058228737
711783,0.9826768659783465
711784,0.7277580252546452
711785,0.9600379081330404
711786,0.24292442113764473
711787,0.9998938340877904
711788,0.9999147584568863
711789,0.9997501519449359
711790,0.08876220779734734
711791,0.03804529115455278
711792,0.9999799991271356
711793,0.5998146893226769
711794,0.9780360617990358
711795,0.9207717203928533
711796,0.04829452325499649
711797,0.03693068289942544
711798,0.3407822765780385
711799,0.998766647794394
711800,0.5606535735728752
711801,0.0210772440513136
711802,0.5199619514029182
711803,0.9998451285185996
711804,0.687936439115649
711805,0.06254203094005653
711806,0.999881447003461
711807,0.9934407498941344
711808,0.9391598887541773
711809,0.8858385114268266
711810,0.7794522323325883
711811,0.19654898856751543
711812,0.9918996126272732
711813,0.0313036126427846
711814,0.9936036535224346
711815,0.9998888213501572
711816,0.27333239265195863
711817,0.9953334846161179
711818,0.04992772157566851
711819,0.9999654287013142
711820,0.09015002399891915
711821,0.9619829478981006
711822,0.9997939009759641
711823,0.9967533234038977
711824,0.9984564648258039
711825,0.7538313905746356
711826,0.29811145844858544
711827,0.7281939386073335
711828,0.16583165630007693
711829,0.9040865389525071
711830,0.9888435146730147
711831,0.9992845249997739
711832,0.9981937560333112
711833,0.9808927239710622
711834,0.5486638492802912
711835,0.9937625065468754
711836,0.01488036462493858
711837,0.9999227598891732
711838,0.47640822297011465
711839,0.656490815507254
711840,0.3182023317027307
711841,0.4261510402221544
711842,0.9998389612335069
711843,0.9999201307515728
711844,0.9336591154536651
711845,0.5953091121149037
711846,0.997707353386112
711847,0.030010009588934
711848,0.2488100857067739
711849,0.9996073379210513
711850,0.8676114324598571
711851,0.19696143706711042
711852,0.9926980700758813
711853,0.6085399232492087
711854,0.9999088685673849
711855,0.9987224916991992
711856,0.9999877022182249
711857,0.9990463305093752
711858,0.8331337250917588
711859,0.9944380407545574
711860,0.8580015854465407
711861,0.8263039224477909
711862,0.9998345945940552
711863,0.9998407761737041
711864,0.05855072598288985
711865,0.9996149010465614
711866,0.11289771909403959
711867,0.9995794966928893
711868,0.9993187153924826
711869,0.9998799915284005
711870,0.9554703148213678
711871,0.9999252286037357
711872,0.9999851838656898
711873,0.7260946310602314
711874,0.9924661437446428
711875,0.4018874048169846
711876,0.9998972366636564
711877,0.30884537440417575
711878,0.9619680092145013
711879,0.9999141722400373
711880,0.9954879488079595
711881,0.9738035981366473
711882,0.9972308471478559
711883,0.7882854477580618
711884,0.9994073244478038
711885,0.9988099694025021
711886,0.9974822928937325
711887,0.9839992667507687
711888,0.9823523556842196
711889,0.9558388868272383
711890,0.012860133550166943
711891,0.12312316766769614
711892,0.9832767558361137
711893,0.9980141576339576
711894,0.9998508164055191
711895,0.9544032950195798
711896,0.9932258409144809
711897,0.9957847934547149
711898,0.8888209926133037
711899,0.9961982155622229
711900,0.9857761804348453
711901,0.030778882942128726
711902,0.5846502525113282
711903,0.5480891259027102
711904,0.9998398407514023
711905,0.2771717912194708
711906,0.9641098438237947
711907,0.5974755936547504
711908,0.9998474411048517
711909,0.9997669133926271
711910,0.30356416907296346
711911,0.9979904744267567
711912,0.9986562714655889
711913,0.49915274649603314
711914,0.39739580674184705
711915,0.8442441492383775
711916,0.3983772497825927
711917,0.5948973215409686
711918,0.9998855365654544
711919,0.9996188573872888
711920,0.9871640680360267
711921,0.9993808726924557
711922,0.9946973982168659
711923,0.8502607638368407
711924,0.9995848570349863
711925,0.3313279462521222
711926,0.17589388276891355
711927,0.999820607068184
711928,0.999958987501475
711929,0.997692176245527
711930,0.9144812316275692
711931,0.9998301604629101
711932,0.9889840187934278
711933,0.22455068168857795
711934,0.693882634476603
711935,0.9480940834777831
711936,0.024626061258747896
711937,0.9995151868013832
711938,0.9845377869580134
711939,0.36847911896373625
711940,0.9974845798014325
711941,0.9999302467567566
711942,0.10336596790035488
711943,0.9912385153153811
711944,0.9933489867172615
711945,0.8217362716277998
711946,0.08463232716437014
711947,0.9854715203712223
711948,0.9247443431879541
711949,0.999447271450968
711950,0.9995943541717175
711951,0.010875327062700469
711952,0.999867826515989
711953,0.5839701368120589
711954,0.4392426427216624
711955,0.8141017011972493
711956,0.999888680734339
711957,0.6184816808076441
711958,0.9997162972016502
711959,0.05871826536979126
711960,0.999627600701051
711961,0.30784319114603365
711962,0.8490540372869304
711963,0.9998882532703051
711964,0.0651518700342186
711965,0.19874492707343128
711966,0.47029522217027275
711967,0.052944936581989066
711968,0.9976346855702422
711969,0.9981597897391091
711970,0.09146023193244106
711971,0.9453612025066207
711972,0.9989105805265848
711973,0.9923014963665029
711974,0.9441643713531991
711975,0.009656518578940444
711976,0.06120814605576365
711977,0.013329406317240782
711978,0.8262228121293476
711979,0.9962151113256802
711980,0.9999479199150368
711981,0.9996736357871425
711982,0.021155100191237928
711983,0.9922532725042551
711984,0.9999677539498688
711985,0.9985036868260093
711986,0.9381888430001141
711987,0.11360708766000074
711988,0.79553992106871
711989,0.08612941397924306
711990,0.40707990050380316
711991,0.6841891285614101
711992,0.9965359733795406
711993,0.41256565645152143
711994,0.3111946634419087
711995,0.5093259173338645
711996,0.9996667429612702
711997,0.8240423049333431
711998,0.10283340629668225
711999,0.6439198466765546
712000,0.9998173608138222
712001,0.9998495649261486
712002,0.9460108783715082
712003,0.9999496192879483
712004,0.9954842229394403
712005,0.9921498032561326
712006,0.9884148078695975
712007,0.009981323074149746
712008,0.9986202389429503
712009,0.999003291412485
712010,0.5522680518542556
712011,0.9475258958414101
712012,0.9967032148961281
712013,0.3451031129977169
712014,0.056825362648267576
712015,0.6326616829464284
712016,0.7025036153004852
712017,0.8863649432722565
712018,0.9999650603163573
712019,0.9627490079240553
712020,0.026912656200863652
712021,0.6990729729269447
712022,0.9983945890448986
712023,0.7637626503618447
712024,0.1300035770168122
712025,0.99850261964304
712026,0.9999488969031328
712027,0.9991487425651944
712028,0.9359730702798256
712029,0.9998557748639554
712030,0.6084660898531286
712031,0.9927206656488209
712032,0.9995523554894984
712033,0.9977000226291426
712034,0.6389644700246946
712035,0.006230364837749943
712036,0.975319545225245
712037,0.9999584868565573
712038,0.47446008229477576
712039,0.8845161001513202
712040,0.9996139337453851
712041,0.999610314409949
712042,0.999215975366657
712043,0.9958623299298124
712044,0.741901140650845
712045,0.764837282236982
712046,0.05599645191202941
712047,0.08740225536119774
712048,0.9998175698693843
712049,0.9970030141240099
712050,0.9662540171628713
712051,0.9979862152808359
712052,0.9999535390639749
712053,0.9930917206341489
712054,0.9999411625051616
712055,0.9898310746947804
712056,0.40590261585208093
712057,0.928586238061984
712058,0.9182913905820673
712059,0.6076931047952226
712060,0.8728365594214026
712061,0.9999528910707391
712062,0.857087758870792
712063,0.9995385589357537
712064,0.9665615021072739
712065,0.9985624447202279
712066,0.9988637262222172
712067,0.9979782428577689
712068,0.9796555181538809
712069,0.9995370564515251
712070,0.9957630199793368
712071,0.5126192927084463
712072,0.9858449231172455
712073,0.9926339088974048
712074,0.999923766777653
712075,0.9985841775521994
712076,0.9989446303283656
712077,0.982594951440426
712078,0.9777810434059626
712079,0.927667378941684
712080,0.6121380366912028
712081,0.9998674483270782
712082,0.490576321517103
712083,0.9999524326353674
712084,0.9963537846340653
712085,0.8907906553901641
712086,0.9880429353404294
712087,0.08954601635325543
712088,0.9999154664950463
712089,0.9604697298315423
712090,0.023300312178021827
712091,0.9999632317165965
712092,0.04243523247496922
712093,0.9263919110536767
712094,0.9982713749213022
712095,0.18738358393231627
712096,0.6257480663369254
712097,0.9997779586918777
712098,0.9969111234484879
712099,0.15990671105040347
712100,0.9863940199653354
712101,0.99947942209644
712102,0.32207668137773365
712103,0.9998000405060306
712104,0.10050591382378325
712105,0.9982209588828175
712106,0.9992533490973035
712107,0.849764095571643
712108,0.9999918491131101
712109,0.7497087670617222
712110,0.9997022010405566
712111,0.9746180569666154
712112,0.9894606570619608
712113,0.8666940688218017
712114,0.8918196594693089
712115,0.07621527977152572
712116,0.8239585760755263
712117,0.9736675680271012
712118,0.045809681246073285
712119,0.057320430835026935
712120,0.8197246203648465
712121,0.9977279052567052
712122,0.958761217297154
712123,0.9988187479828255
712124,0.5616565405929731
712125,0.7686289435720319
712126,0.8361776712987736
712127,0.10127259784930828
712128,0.9996674342174873
712129,0.06785872900084118
712130,0.9969661668714149
712131,0.9752049738274553
712132,0.0014352565440792
712133,0.39971874932381435
712134,0.010493921141184262
712135,0.25096295861790885
712136,0.9987333327777359
712137,0.0029772777932518192
712138,0.9503178668629839
712139,0.9440253868376435
712140,0.0160313076273768
712141,0.01891520924549151
712142,0.5623238503739836
712143,0.004261300849053903
712144,0.4412919749997869
712145,0.999731438703628
712146,0.8526921575712992
712147,0.9953107266568033
712148,0.026061828026249578
712149,0.5295011662114687
712150,0.9954264795798335
712151,0.9989116187935368
712152,0.9931294852475139
712153,0.03275315238142594
712154,0.35946588735117857
712155,0.6995879657647606
712156,0.41267801384888836
712157,0.016866785109292428
712158,0.21648726326570789
712159,0.9999425640571566
712160,0.9348428550334531
712161,0.9423213443162961
712162,0.9987655369810035
712163,0.9575230110587164
712164,0.4981861114052049
712165,0.9758769325399963
712166,0.9999002167318347
712167,0.9999844192110474
712168,0.022455772789690447
712169,0.9563527580281701
712170,0.9777956694290078
712171,0.9993536646809478
712172,0.3378407244634989
712173,0.21267846853941597
712174,0.010472359409660095
712175,0.7456154729292173
712176,0.9992624517889668
712177,0.9884018233134984
712178,0.9611707080554978
712179,0.9999174020838414
712180,0.8057749676539234
712181,0.039073519682457064
712182,0.9903227858225253
712183,0.4951095877023005
712184,0.9982499373786899
712185,0.9995111914513966
712186,0.9997358186717157
712187,0.9995206773667938
712188,0.014793041929494759
712189,0.8323645367193188
712190,0.9995275320824734
712191,0.19276364667284512
712192,0.2731552753214247
712193,0.995859141900852
712194,0.8163655896064632
712195,0.012102728799730803
712196,0.03382338703957465
712197,0.9926795715408676
712198,0.9980276179134975
712199,0.9714471864121094
712200,0.7587593684191588
712201,0.33849960512395566
712202,0.7945323492067464
712203,0.9996762040242015
712204,0.9491052473323845
712205,0.9998673215881941
712206,0.999268475213606
712207,0.396339118253328
712208,0.96183037317995
712209,0.9997511539042061
712210,0.37133382455334574
712211,0.992996652268324
712212,0.1100456692091476
712213,0.09207114133759091
712214,0.9988578747126787
712215,0.9997128270057033
712216,0.015686285051665454
712217,0.9974447482011182
712218,0.9987220886780949
712219,0.9750329687775933
712220,0.2552541551943931
712221,0.9197543146776859
712222,0.859763920293068
712223,0.6895045635002246
712224,0.8643887329711544
712225,0.7384665256989515
712226,0.9988385061988229
712227,0.8973869574844541
712228,0.9989537856226104
712229,0.9988029209912517
712230,0.9999779874202757
712231,0.4634364371645994
712232,0.9995995110996292
712233,0.9375187503380509
712234,0.009854277078344626
712235,0.9882945857305401
712236,0.9995558145032417
712237,0.7571618986574304
712238,0.999572745488488
712239,0.9969727531131038
712240,0.09057704142463427
712241,0.009687710517527494
712242,0.9199348290931322
712243,0.656831068993442
712244,0.9856205001518707
712245,0.9992878649885537
712246,0.13639768493984292
712247,0.03636317722036326
712248,0.9973781323000759
712249,0.9280488621212978
712250,0.9986838660656093
712251,0.9999725161465646
712252,0.05237014319478503
712253,0.9713721951734816
712254,0.05884076494121584
712255,0.06057138554585137
712256,0.6275123166865076
712257,0.545118385920959
712258,0.9911456355477952
712259,0.9896398978657699
712260,0.9359283401128038
712261,0.9996360378567644
712262,0.8365221256243142
712263,0.03687372571350542
712264,0.3492890896198869
712265,0.9098443977614707
712266,0.9998973578342776
712267,0.9257919361370728
712268,0.9996257787064675
712269,0.9997135396903729
712270,0.8558693157221793
712271,0.9187590381717413
712272,0.4159586148158135
712273,0.08273220215716713
712274,0.9999770456977893
712275,0.9998414871494377
712276,0.5169675539239531
712277,0.02898677411468154
712278,0.8348418804258355
712279,0.6514342943127182
712280,0.6479315353350994
712281,0.9988480713582122
712282,0.9992067011447139
712283,0.9909842297304986
712284,0.977367664821752
712285,0.9997867918495289
712286,0.9998107709288793
712287,0.9965706702274743
712288,0.9999597593372671
712289,0.995458930157564
712290,0.9998446779215042
712291,0.9996591557979133
712292,0.8458857719351256
712293,0.8763064650951962
712294,0.9982110471632164
712295,0.8402971402128265
712296,0.9989263422845038
712297,0.9995613494049519
712298,0.6892046221728108
712299,0.9996935964419098
712300,0.9999543006132674
712301,0.008668428491893632
712302,0.9999513020282798
712303,0.592455160049303
712304,0.958947944275758
712305,0.9954847971602583
712306,0.004670000268016245
712307,0.9999927846232062
712308,0.0872127938667005
712309,0.9870355898971492
712310,0.5927275898779347
712311,0.9999174648234742
712312,0.9999881099307004
712313,0.9998379488225826
712314,0.9999894276446244
712315,0.9998341788645569
712316,0.9956998232254064
712317,0.9995146083071687
712318,0.9840518863933081
712319,0.9985989206956281
712320,0.7293959029743788
712321,0.9981004002341045
712322,0.5369865114958905
712323,0.9763725104173826
712324,0.999868667487065
712325,0.6898853374286389
712326,0.871818769710689
712327,0.9997388984617546
712328,0.19476375970685333
712329,0.2460208403321406
712330,0.044298247979310465
712331,0.9999767171101182
712332,0.9998502422612916
712333,0.5727687763512845
712334,0.6710727164091023
712335,0.5503928584462014
712336,0.9825418561490225
712337,0.02651276277116107
712338,0.9989322179543322
712339,0.9878658964867238
712340,0.8542273149985786
712341,0.9995135295026403
712342,0.9254318079939061
712343,0.8018333769077977
712344,0.0017382411362514612
712345,0.9997727889088756
712346,0.9445751495409911
712347,0.7233968698688007
712348,0.9998349368664734
712349,0.8825016642305565
712350,0.9788252836221705
712351,0.8481229886208048
712352,0.9995045145127284
712353,0.87841750056931
712354,0.6156611939157449
712355,0.5898631356079512
712356,0.6221088504506085
712357,0.9985954192956248
712358,0.9973094646776632
712359,0.6836556598580221
712360,0.8784015239641674
712361,0.4580717232494044
712362,0.9996378246851012
712363,0.9654082120376212
712364,0.9974157554136444
712365,0.9945876637848085
712366,0.8197859817946358
712367,0.957146522421417
712368,0.9252268713893816
712369,0.9990421815722669
712370,0.3108352768658545
712371,0.9998348148010963
712372,0.9998780224537356
712373,0.9966609551243146
712374,0.9946652453360303
712375,0.9983004273440601
712376,0.9994961686017978
712377,0.016402697627323364
712378,0.9641703730146742
712379,0.9429184816828602
712380,0.9997733773603749
712381,0.9189008144573181
712382,0.9999278428104428
712383,0.8403988041522066
712384,0.7938000975790924
712385,0.8375771773062208
712386,0.9999795013178432
712387,0.9971936466468125
712388,0.016659188035424568
712389,0.9983267852062259
712390,0.2433845455781919
712391,0.9999803280605335
712392,0.553516131867911
712393,0.9425792660897352
712394,0.9994486562135226
712395,0.9999165346969249
712396,0.9984824641509669
712397,0.49259993663342627
712398,0.6260530462863385
712399,0.017275855461699432
712400,0.9771022654469663
712401,0.5239479091237926
712402,0.9486473680721692
712403,0.9996958285201586
712404,0.9142434431848616
712405,0.6853752840709679
712406,0.8220813100118733
712407,0.02793911788571626
712408,0.9944823221676802
712409,0.10312543028054733
712410,0.49472169556403334
712411,0.9022834814097483
712412,0.9999827071151517
712413,0.9998159385779503
712414,0.9147805156696935
712415,0.8509239323864167
712416,0.973128261070944
712417,0.8037384153842391
712418,0.9999764834099178
712419,0.9999853540714075
712420,0.150128869047474
712421,0.9919859348635933
712422,0.36931654855409635
712423,0.9717242943806129
712424,0.9712083209280997
712425,0.9999505329934324
712426,0.043213853842600985
712427,0.9997445092668489
712428,0.6522662832770723
712429,0.425323184422717
712430,0.9994263864528554
712431,0.9997210340757867
712432,0.35831514307584
712433,0.7245472140541988
712434,0.9904113531085301
712435,0.6620276877279916
712436,0.6545334916104009
712437,0.9977515170763339
712438,0.10202706534590192
712439,0.9979121655917677
712440,0.9957603007324889
712441,0.44863194470389756
712442,0.7671272969706933
712443,0.9999513622064125
712444,0.9801313764278426
712445,0.21069635425453137
712446,0.9999406394326728
712447,0.996151064969842
712448,0.032285443114642286
712449,0.5401571934677054
712450,0.3375363053847542
712451,0.9996392837237761
712452,0.0017693080543085622
712453,0.0270674907627401
712454,0.8689117078576262
712455,0.8867572213039084
712456,0.5634093929258455
712457,0.991082944483918
712458,0.5147771862750614
712459,0.539617719554581
712460,0.9973625525889673
712461,0.43217182673949855
712462,0.6108270892106704
712463,0.9999166322974313
712464,0.42069203814047174
712465,0.9987914576026917
712466,0.7214988085069283
712467,0.22919436014213673
712468,0.03168788287918145
712469,0.998974410000892
712470,0.9997530139076225
712471,0.9573404868016813
712472,0.9778455956854221
712473,0.37841063054021373
712474,0.44065869576808103
712475,0.11499606238307564
712476,0.23744936645571593
712477,0.9788207609406551
712478,0.9327182225217779
712479,0.9990974047668818
712480,0.8951195667294648
712481,0.999791745127276
712482,0.999305550711406
712483,0.8947631325515182
712484,0.26097471149698903
712485,0.45837441816502306
712486,0.9999745145683115
712487,0.999971454645591
712488,0.9994739588039867
712489,0.09482107603770183
712490,0.9965033091338367
712491,0.9664420484854029
712492,0.008802392226307071
712493,0.9959755818371182
712494,0.5297579320163548
712495,0.9998649008790111
712496,0.014401368690053895
712497,0.9062136851142706
712498,0.999851011439159
712499,0.431454500485974
712500,0.9951884385768249
712501,0.9754518140851329
712502,0.003035298755200948
712503,0.7959516244829838
712504,0.1249100805515761
712505,0.078195171514453
712506,0.9999558712381478
712507,0.2609462972121884
712508,0.11896648170571986
712509,0.7366115882865907
712510,0.933072517609794
712511,0.9990680792228239
712512,0.9919079834134609
712513,0.8319464058889643
712514,0.9995183242575945
712515,0.9989082612941313
712516,0.03243810392453273
712517,0.368322290772387
712518,0.3404368716900207
712519,0.9973563552694349
712520,0.9608933143937823
712521,0.9997319743503932
712522,0.7305607117974746
712523,0.8520162323318727
712524,0.9813675783300685
712525,0.05712534830392581
712526,0.9968110217412924
712527,0.9998420085866236
712528,0.9997296388758101
712529,0.9999772226067296
712530,0.043717353631359854
712531,0.9346301876064247
712532,0.9978709984428713
712533,0.8871491931830803
712534,0.011656847065109582
712535,0.9997906354825741
712536,0.4580534790933995
712537,0.9987790102025198
712538,0.10077923376822841
712539,0.9988245661689983
712540,0.6266361398909331
712541,0.24120522342007944
712542,0.8318378338599984
712543,0.011063637763766699
712544,0.5546614523364805
712545,0.9908395807768303
712546,0.9828694942850165
712547,0.9999472406688519
712548,0.5758108303644328
712549,0.7979782552907457
712550,0.4439959673741698
712551,0.8821961763210155
712552,0.830518265076079
712553,0.9999300180960564
712554,0.54019784359904
712555,0.811936060024703
712556,0.9953260085436075
712557,0.9993030372658416
712558,0.33934822704645445
712559,0.3548197080027839
712560,0.9999330328062495
712561,0.8630116296239538
712562,0.6878376131876165
712563,0.998637180916979
712564,0.01986680831540639
712565,0.9998831502031085
712566,0.992913434130537
712567,0.9875666914444221
712568,0.040733590794357656
712569,0.7837930320481837
712570,0.9214597436342971
712571,0.9925710822057715
712572,0.01087578829943335
712573,0.9988104585898406
712574,0.6437233735435923
712575,0.12867125130389684
712576,0.0851161615061822
712577,0.9995953011501588
712578,0.6773509792923402
712579,0.8474019935314936
712580,0.999868538677173
712581,0.5215437389146725
712582,0.9985409669726721
712583,0.184132469816301
712584,0.9991122526364433
712585,0.48719745841867523
712586,0.9489441374139338
712587,0.10929724176515647
712588,0.9997938089090241
712589,0.22630751813495026
712590,0.009402732254781849
712591,0.9999824583557501
712592,0.9767716129732086
712593,0.1884823429837129
712594,0.4145215427859954
712595,0.9305021082545251
712596,0.9990503738882206
712597,0.9992761395034685
712598,0.9863289585821621
712599,0.23829056943014226
712600,0.9999394932333132
712601,0.9989638096669726
712602,0.20726901141611803
712603,0.9838131481317031
712604,0.9496093328788029
712605,0.6652616214614849
712606,0.9999645707841989
712607,0.018310776101700402
712608,0.9999295368402016
712609,0.3350807569305552
712610,0.4091229956203676
712611,0.9946047310094924
712612,0.9994036460786291
712613,0.9999019070967627
712614,0.9998762789126739
712615,0.9999722244707187
712616,0.01778642413130087
712617,0.518703484773735
712618,0.027319108608980756
712619,0.9984617116950092
712620,0.9993049134216172
712621,0.044325096939630285
712622,0.004149218948653944
712623,0.9912185465173364
712624,0.9868526911433939
712625,0.9806809462993097
712626,0.9127301999346795
712627,0.390904855796922
712628,0.9997131254192446
712629,0.9642803830200655
712630,0.7359394384153859
712631,0.06846468650581633
712632,0.7390247243647885
712633,0.9872571913134692
712634,0.018179081032843023
712635,0.9290917198263346
712636,0.03846211526787161
712637,0.9204690789233947
712638,0.9964829319186794
712639,0.9995244243178671
712640,0.10031629002287046
712641,0.08670731127043975
712642,0.9925560793185957
712643,0.9756963870153335
712644,0.42792985846161374
712645,0.9941418678501917
712646,0.9826856792996645
712647,0.9977840075479716
712648,0.9991272930697114
712649,0.9396471926209342
712650,0.9763427292587936
712651,0.6466317037496656
712652,0.6150335488754596
712653,0.9985058441300799
712654,0.3423703949314324
712655,0.08958553354141871
712656,0.03288464977077322
712657,0.9989972518982742
712658,0.9983106940145035
712659,0.9963590694847122
712660,0.9999269382316457
712661,0.8620766043699833
712662,0.9995564900486824
712663,0.999940237185866
712664,0.9985094756860784
712665,0.6855576800508728
712666,0.27648072681492347
712667,0.012027148812045647
712668,0.8283036228194203
712669,0.989038126625371
712670,0.9998526502916987
712671,0.6957993573634573
712672,0.9988031813609077
712673,0.53325759861153
712674,0.5886358894249104
712675,0.9278449877781079
712676,0.9560939687423451
712677,0.9628947383037719
712678,0.8871607986563944
712679,0.1678330298448243
712680,0.9999834810475581
712681,0.9998868870011212
712682,0.014333805853554487
712683,0.9992682385266753
712684,0.9985546573202859
712685,0.9879368204896065
712686,0.17680103680951803
712687,0.9982034534562377
712688,0.9992623882522963
712689,0.8454514487672274
712690,0.9869517063116781
712691,0.7301821761244758
712692,0.9993414118256503
712693,0.4019960598692913
712694,0.6907416561677987
712695,0.21196250254678556
712696,0.952830254919343
712697,0.9597857087854256
712698,0.9998728089602904
712699,0.9697000918053054
712700,0.9999244067331914
712701,0.453405309202929
712702,0.9998519645133861
712703,0.9273987401216932
712704,0.9949637672010719
712705,0.07702374996841767
712706,0.9988477007146404
712707,0.7057186504558466
712708,0.9148305807362894
712709,0.9998373824090399
712710,0.9977868687470257
712711,0.1791401478769395
712712,0.7770885423055993
712713,0.9995184992787445
712714,0.7032614497744129
712715,0.012936133134322458
712716,0.014054578196844678
712717,0.9996732209325806
712718,0.7218883456648613
712719,0.628059482570723
712720,0.9987325205158263
712721,0.9999945306079017
712722,0.03066591804343547
712723,0.8555803531702981
712724,0.07969955507465021
712725,0.9982793519578277
712726,0.9740445305635452
712727,0.9999120503121809
712728,0.23064588798187508
712729,0.9999843653597653
712730,0.9770039983930107
712731,0.05122069732271219
712732,0.9926777430578484
712733,0.03155259364830684
712734,0.9999818271367374
712735,0.9607713639505
712736,0.9727852425502217
712737,0.9998120318332999
712738,0.21324219872243766
712739,0.9997558521013887
712740,0.7696384400461543
712741,0.07075365066626736
712742,0.9960320165245758
712743,0.8155660727203751
712744,0.15648546889411857
712745,0.9999884696257493
712746,0.7424314237959241
712747,0.9998825464444248
712748,0.34751176415010765
712749,0.799169399332741
712750,0.994596655127038
712751,0.9999831404434629
712752,0.9998034584108293
712753,0.19353606409626664
712754,0.9991485943317869
712755,0.7471170074317601
712756,0.13529669359414762
712757,0.05208480974970001
712758,0.7236784376850671
712759,0.9912397958184633
712760,0.9904719677855355
712761,0.18132485619817296
712762,0.8261685835876064
712763,0.9995591830991413
712764,0.9987346001150315
712765,0.9951386681698031
712766,0.9999738966647826
712767,0.8424044034110123
712768,0.9964239838446074
712769,0.9818767572486395
712770,0.03469925988879931
712771,0.7240815997999981
712772,0.07876164322171465
712773,0.6414997618534863
712774,0.5767535411566764
712775,0.27300620230156813
712776,0.712650537952447
712777,0.9998297097571012
712778,0.9609292651019312
712779,0.9995422069214952
712780,0.8091177468318272
712781,0.9998821827111033
712782,0.09803808517722064
712783,0.4448390699400461
712784,0.973421773529561
712785,0.19530859708653064
712786,0.9963916312722813
712787,0.9999408131862302
712788,0.9804850705845725
712789,0.7770797142486021
712790,0.9623770811495898
712791,0.8932073900054589
712792,0.9948589928820244
712793,0.9995920455102527
712794,0.9710359552798282
712795,0.9950452227518385
712796,0.9452846978982867
712797,0.9960565146354943
712798,0.9977556039100857
712799,0.564290680738294
712800,0.686677226379479
712801,0.09194504418051513
712802,0.818270761672287
712803,0.9999303812621307
712804,0.010164590099791676
712805,0.9983820516779334
712806,0.9849009392894842
712807,0.22633604414883626
712808,0.0652787583043879
712809,0.7427511702722429
712810,0.984976271697849
712811,0.9999742034004218
712812,0.8522728112989553
712813,0.49672010486411966
712814,0.9994955927963285
712815,0.8729146148165084
712816,0.9996207957687202
712817,0.9981626214575621
712818,0.0018158290794637847
712819,0.32933177593157126
712820,0.9951318904961748
712821,0.09172753340610484
712822,0.967380170781986
712823,0.6567138681055511
712824,0.20950145009916094
712825,0.6454670003337921
712826,0.03853450180559532
712827,0.34505255094492016
712828,0.9988610472788579
712829,0.9996488673887587
712830,0.8684536802298839
712831,0.9390500033390424
712832,0.603662908063173
712833,0.7153910693345719
712834,0.9998844578671267
712835,0.20821468529961465
712836,0.9906694927068247
712837,0.7374580665866264
712838,0.982116732067692
712839,0.9999571331799375
712840,0.8484122635461167
712841,0.6674359904249196
712842,0.8934702174398256
712843,0.34787194104458924
712844,0.284363517256116
712845,0.9607424675858061
712846,0.9999028795930385
712847,0.1005637401206663
712848,0.9998334669290769
712849,0.9994892739679747
712850,0.41091929499862334
712851,0.9999399953495988
712852,0.9994173520802513
712853,0.9102224257218294
712854,0.9884838140871322
712855,0.03568755733628642
712856,0.9959012046967209
712857,0.9734759171375454
712858,0.4790390263103285
712859,0.21555230611034354
712860,0.8958628445318111
712861,0.9998384823791315
712862,0.9969804538164939
712863,0.999708465671115
712864,0.30533086996404335
712865,0.9994515779805044
712866,0.9994122728530341
712867,0.01052757350085548
712868,0.9987196559197485
712869,0.9853497335050195
712870,0.919213316997123
712871,0.05885182929968816
712872,0.2503534810832665
712873,0.7417548310263645
712874,0.045156870409131904
712875,0.9999139596117019
712876,0.07251151578000893
712877,0.3710814541575814
712878,0.542049346426485
712879,0.2639003162965707
712880,0.8051286092228314
712881,0.6404886011350526
712882,0.9833830543451463
712883,0.9980302449442837
712884,0.9859189087507242
712885,0.1777603550850621
712886,0.1328557461495162
712887,0.9995311463420818
712888,0.9852959166374621
712889,0.9988746023516393
712890,0.9121372347720427
712891,0.9972227337530973
712892,0.9979511318610732
712893,0.9348377092763264
712894,0.9113009600636739
712895,0.9947637322940519
712896,0.7714431872710629
712897,0.9996966296216252
712898,0.9999339950237703
712899,0.710876148943721
712900,0.08024579566319093
712901,0.9961402019403459
712902,0.03175826620744474
712903,0.43911908659581195
712904,0.5634892111584424
712905,0.9928545901975938
712906,0.3204270175839188
712907,0.9998795686165242
712908,0.012950836378691155
712909,0.9743973772279532
712910,0.9751478346185729
712911,0.6868481577978207
712912,0.9999134155705587
712913,0.9998857238415759
712914,0.053207912813753866
712915,0.9901360957325738
712916,0.9903413598884991
712917,0.9997975433666833
712918,0.6376497528653238
712919,0.999294427049715
712920,0.7542969484463784
712921,0.6327532814054975
712922,0.3794148695049362
712923,0.9843058132140228
712924,0.003289800871137394
712925,0.986467777642283
712926,0.8346670416565589
712927,0.035015409556074885
712928,0.9990085731792709
712929,0.9995015879177831
712930,0.9962639003026402
712931,0.9954267124898906
712932,0.990470672131034
712933,0.38552069716686743
712934,0.9993508451256784
712935,0.1992384423126208
712936,0.9994995223436816
712937,0.9991498041762853
712938,0.9985020178385787
712939,0.9206285845043672
712940,0.9999345624734176
712941,0.8611654028252582
712942,0.08359981258019214
712943,0.999822374634032
712944,0.9409736536615689
712945,0.06402219547589702
712946,0.9962855571113701
712947,0.2829531755374734
712948,0.9997058038672786
712949,0.9918408383371984
712950,0.2313172140541831
712951,0.9999809294510611
712952,0.634060592843647
712953,0.49610988353224295
712954,0.3071542637470076
712955,0.9808856056612745
712956,0.9296954512464102
712957,0.0021819320747780485
712958,0.9715415858324543
712959,0.9965442101785937
712960,0.9998913815857728
712961,0.4932583917505021
712962,0.7421125503822823
712963,0.9741319124906395
712964,0.876028054825519
712965,0.9999478838208771
712966,0.8545977016218397
712967,0.9999487536519742
712968,0.9531878900071218
712969,0.1669384009424047
712970,0.5674075981884312
712971,0.007315022603904608
712972,0.14323841069572477
712973,0.3712656709978821
712974,0.3756480518633254
712975,0.07480389146553719
712976,0.8867303688957349
712977,0.9735369647423844
712978,0.3188240434914628
712979,0.8814536258554124
712980,0.7000767699332306
712981,0.0864090805861637
712982,0.9970005706422247
712983,0.5161201468042563
712984,0.40414711622857474
712985,0.9948827830368494
712986,0.9902952710970853
712987,0.8649758395348573
712988,0.7039647351162948
712989,0.09327362983418715
712990,0.94431339194761
712991,0.9997533371370997
712992,0.9958196287347504
712993,0.14952810200105648
712994,0.42546253897934383
712995,0.9998022545754238
712996,0.9993517315239138
712997,0.9975482971164512
712998,0.8436653060064203
712999,0.41210923292385654
713000,0.9993321464986189
713001,0.6755561940555213
713002,0.9995065748775096
713003,0.9917772864295271
713004,0.8957561018198056
713005,0.9999277885398263
713006,0.7665654774747714
713007,0.9769711537013643
713008,0.5801280416401843
713009,0.8503479108763898
713010,0.04938869924694682
713011,0.1803394069780297
713012,0.9953908454857388
713013,0.999913259505214
713014,0.9841746355707691
713015,0.07653613856985228
713016,0.8420038822759592
713017,0.40511499834295606
713018,0.9414460960736665
713019,0.9981063761471062
713020,0.999623178455751
713021,0.999779647348274
713022,0.5058178156254329
713023,0.9992561388072188
713024,0.9958004710718977
713025,0.9999638130663624
713026,0.10067873123276312
713027,0.9984148546472937
713028,0.833942735250393
713029,0.9920360490054182
713030,0.980592164707512
713031,0.9996227141696892
713032,0.999151636118894
713033,0.009739854414193911
713034,0.7681169080154645
713035,0.4061897429316317
713036,0.9998502197540104
713037,0.4511555368176908
713038,0.8243407345045588
713039,0.2805431912106493
713040,0.9996259268278511
713041,0.9998130329463961
713042,0.10600232472756962
713043,0.9999845566243623
713044,0.7205519764612283
713045,0.9996190581054676
713046,0.46787758750508524
713047,0.37763119233219533
713048,0.8420787866378194
713049,0.999014656869364
713050,0.9730154140681816
713051,0.6683224633118219
713052,0.9944467659207619
713053,0.6039686093103657
713054,0.005203060707524108
713055,0.9966420106928032
713056,0.01072478477759093
713057,0.8560104570531084
713058,0.9998620270741099
713059,0.9999889301433442
713060,0.1681389023685098
713061,0.2856836959666215
713062,0.9555425129639126
713063,0.6785342482246179
713064,0.9999960208441294
713065,0.34662975851986627
713066,0.38241407708184044
713067,0.030233415153553857
713068,0.9991266803753808
713069,0.9997949065548553
713070,0.4598100170010918
713071,0.8730988334157925
713072,0.7687382830609962
713073,0.9995459354487783
713074,0.9799284458798396
713075,0.9999321196027062
713076,0.012990232347915827
713077,0.8394544230714227
713078,0.932877700760564
713079,0.43679942626957485
713080,0.21022796497666732
713081,0.9986739387615244
713082,0.9992851511725894
713083,0.9974105030880711
713084,0.999603211273583
713085,0.41993696200686237
713086,0.8499389121588894
713087,0.9387216050895864
713088,0.15642609995042875
713089,0.1924494895863117
713090,0.9997468778386205
713091,0.04442590021264569
713092,0.03318665560151955
713093,0.9998674039125127
713094,0.20164971210930027
713095,0.9680130945998004
713096,0.8004390402778035
713097,0.997825535866073
713098,0.1313475758664807
713099,0.014958915855425931
713100,0.2818333643422095
713101,0.9995300715532
713102,0.9747889058005448
713103,0.004671264064556057
713104,0.3448293595401137
713105,0.7598809766348646
713106,0.9995753663836002
713107,0.9965236337400725
713108,0.9945550534716301
713109,0.9872605576650558
713110,0.9932801174660977
713111,0.9960046004851999
713112,0.9216224236555153
713113,0.9979773295417815
713114,0.15427463500350957
713115,0.9996315110520781
713116,0.996066325970031
713117,0.9963265634006728
713118,0.5352351283496574
713119,0.9950754254770815
713120,0.9224078392944266
713121,0.9999788198559082
713122,0.9996464944657354
713123,0.9965602985084746
713124,0.06916587698598164
713125,0.8641141095092897
713126,0.7463911947729877
713127,0.9119428286496909
713128,0.9997262510835411
713129,0.6704544382632518
713130,0.8960862530478184
713131,0.27796818836870146
713132,0.016395631258167787
713133,0.9997110129073434
713134,0.9822361507459111
713135,0.12941937112907687
713136,0.8983557629645726
713137,0.9956539837914303
713138,0.9945503659113722
713139,0.9868023343231573
713140,0.9930886263637744
713141,0.42631222027619764
713142,0.2339533079623345
713143,0.3703353500190588
713144,0.11356741808721946
713145,0.40479091886851776
713146,0.9739073989763237
713147,0.7826950202496954
713148,0.939684734506399
713149,0.11921698037133123
713150,0.9633798449441183
713151,0.999728955189835
713152,0.9687513637389902
713153,0.7151688943140836
713154,0.9713221900989465
713155,0.09780425571864967
713156,0.9356533480190112
713157,0.9965098714962903
713158,0.0936590942697961
713159,0.9288654745667326
713160,0.9996054391473279
713161,0.8880815209571102
713162,0.04475283006318159
713163,0.4355919822836597
713164,0.01198944771785473
713165,0.9998802417162873
713166,0.5319165170661149
713167,0.039455088158355946
713168,0.9999357556292376
713169,0.17833786167129678
713170,0.9997418552746878
713171,0.7281713813941519
713172,0.9999884300217058
713173,0.9989104572014036
713174,0.7154502123685229
713175,0.01271357832438368
713176,0.9999762013731721
713177,0.9997069414402753
713178,0.9998767158847247
713179,0.5376303003804458
713180,0.618888091974965
713181,0.5420323771738149
713182,0.34515715556783
713183,0.730245019102528
713184,0.30691729844803695
713185,0.541634167619568
713186,0.9761167569027842
713187,0.9999175978335599
713188,0.9999738738497479
713189,0.9999881835889844
713190,0.9982033982365226
713191,0.9875088224905232
713192,0.9999404605526372
713193,0.7813393757368001
713194,0.9988852118382634
713195,0.1442305423517159
713196,0.979160437431817
713197,0.7714519791873051
713198,0.7353570564599105
713199,0.9997322163848033
713200,0.9997102803291114
713201,0.9720199222737311
713202,0.9971645956014161
713203,0.9996824101631289
713204,0.9999775554445781
713205,0.9968869386797277
713206,0.9008295291802059
713207,0.1592889887953807
713208,0.0781033248245599
713209,0.9354572046287583
713210,0.999837206294323
713211,0.03588527969061585
713212,0.6929370921404543
713213,0.7213273170094526
713214,0.5610030378580355
713215,0.999685132439631
713216,0.08548950761505072
713217,0.045623910619707296
713218,0.9952997586670923
713219,0.9585024430989411
713220,0.9996220827217519
713221,0.9630373574129337
713222,0.020859621797654833
713223,0.43134874938532775
713224,0.18668699394286922
713225,0.9898858506814348
713226,0.9882634896662548
713227,0.9275880000487418
713228,0.9999481334065727
713229,0.9999144051931852
713230,0.020297429883609976
713231,0.39010367205851537
713232,0.9898654990801439
713233,0.813611528356454
713234,0.9873661742261038
713235,0.9998396313921121
713236,0.9901420948891175
713237,0.29988321521640315
713238,0.7276821867035386
713239,0.9996946274066855
713240,0.9999649835998169
713241,0.9983311585740628
713242,0.9974769749746584
713243,0.9935715083209231
713244,0.4696953998048684
713245,0.999484851081885
713246,0.5500861997555356
713247,0.9999224203349132
713248,0.9907689984634459
713249,0.9553908624970145
713250,0.9898468429330987
713251,0.9481380761253705
713252,0.875974380149444
713253,0.6529409799623793
713254,0.9904468023987956
713255,0.7259590481452105
713256,0.9847906896667282
713257,0.9964191182464082
713258,0.9991761350155342
713259,0.5279089048753218
713260,0.983671463507466
713261,0.995493095607076
713262,0.9701593506319102
713263,0.9999616651482947
713264,0.3955062573606162
713265,0.999516867270862
713266,0.9814248591242485
713267,0.9824716304150757
713268,0.026443880744752284
713269,0.9688438442937273
713270,0.5922311111249953
713271,0.02836619680202544
713272,0.999664225499508
713273,0.1967788533530959
713274,0.7708156458817286
713275,0.06333620180497032
713276,0.022890236672464002
713277,0.999632425462043
713278,0.9971610964387647
713279,0.9637194621152277
713280,0.04348628111071643
713281,0.9819832185875039
713282,0.9991254656151382
713283,0.02882126881648635
713284,0.862729029771087
713285,0.9994712343627906
713286,0.01255865755935267
713287,0.9997731679551113
713288,0.916911856429124
713289,0.06387373678305464
713290,0.9963119813541352
713291,0.692561073249412
713292,0.009218163274283025
713293,0.3003831715619015
713294,0.7094622867489555
713295,0.2623822137273666
713296,0.9717267719048345
713297,0.8190853593415486
713298,0.9921630192468972
713299,0.9181996999357872
713300,0.7985130092685089
713301,0.9873340307718161
713302,0.9990405010548356
713303,0.9202109251260635
713304,0.3072674357649641
713305,0.9994392871810881
713306,0.8844994467780019
713307,0.16721856168451926
713308,0.9978752573771896
713309,0.3999514060930623
713310,0.9999101200451741
713311,0.9993625070717898
713312,0.9991950715989095
713313,0.9989988228946454
713314,0.9995040049757903
713315,0.9709077870653807
713316,0.20999435137198658
713317,0.999957814685752
713318,0.9989964332161121
713319,0.9996644687504715
713320,0.9992833785124846
713321,0.9881934598095521
713322,0.997816808908658
713323,0.8825603023617394
713324,0.9996361556341079
713325,0.12903685332045012
713326,0.17019508322979315
713327,0.5276555086396999
713328,0.051967629935879875
713329,0.4887112154837093
713330,0.8667764512519287
713331,0.8878492230532445
713332,0.1714476652528819
713333,0.01828203633229792
713334,0.9888445678835704
713335,0.3995463218893604
713336,0.09039132675206965
713337,0.47296949613271155
713338,0.7411516632410571
713339,0.9959747221681388
713340,0.9449830164972759
713341,0.9999903405962758
713342,0.9995967973859429
713343,0.13850230720776338
713344,0.9998492070253614
713345,0.2573121893707114
713346,0.9931684514720135
713347,0.9970382760862335
713348,0.8644881864168055
713349,0.31188932419047816
713350,0.8344962455173857
713351,0.9994915285953023
713352,0.14856079257124225
713353,0.9557476075215748
713354,0.8202833264518677
713355,0.9870202726422785
713356,0.9920843458450987
713357,0.09932080316111297
713358,0.277843875223318
713359,0.9997676563153816
713360,0.9649906806334505
713361,0.9977344843358942
713362,0.013971298198859724
713363,0.08411061505475914
713364,0.990819144945473
713365,0.9901070787469086
713366,0.9981590218864065
713367,0.9515141219308259
713368,0.2689228124483109
713369,0.2031736378771517
713370,0.9948787095337808
713371,0.9761796781053419
713372,0.8413956185927582
713373,0.4077525535991265
713374,0.9981997541302885
713375,0.9995140624066035
713376,0.9996488134731385
713377,0.8095022695702551
713378,0.44843537416078094
713379,0.900713373684321
713380,0.2502644066855698
713381,0.9977190859479681
713382,0.9827925332445125
713383,0.013223334622142011
713384,0.9997550266250864
713385,0.9982758734057946
713386,0.9986316989698888
713387,0.08904485326384505
713388,0.9996421907507309
713389,0.005582494478392772
713390,0.9990430931412159
713391,0.4444539682068092
713392,0.03885614563841516
713393,0.01982805899961691
713394,0.7320830583755444
713395,0.6635226141735809
713396,0.9924217261016363
713397,0.9081763155542502
713398,0.674576044177114
713399,0.4667766148372682
713400,0.9999869321018869
713401,0.7568339144599912
713402,0.847679208450641
713403,0.9965790018588004
713404,0.669835378502152
713405,0.600529369262374
713406,0.9930970467436342
713407,0.9717411676991379
713408,0.9997386626567919
713409,0.23852406915718882
713410,0.8154144667844172
713411,0.999734561645296
713412,0.9201624522972531
713413,0.9845790331795847
713414,0.9998849125544208
713415,0.9989220482267018
713416,0.9716230015994733
713417,0.9991776111508102
713418,0.9998331641689328
713419,0.251237080806513
713420,0.9999276734849815
713421,0.7226187526631564
713422,0.9441899997145164
713423,0.9998872314621277
713424,0.9489026855115923
713425,0.1254397302143217
713426,0.008809791860609095
713427,0.9995300526446624
713428,0.9945458216063705
713429,0.8784692720642029
713430,0.1337983184427318
713431,0.027515985355453756
713432,0.970826675956231
713433,0.7962362536552334
713434,0.9999920693070505
713435,0.9936128949699208
713436,0.8099275890582522
713437,0.9973885302556988
713438,0.05248973045879361
713439,0.06119676350059035
713440,0.9986908353115163
713441,0.9516764060407381
713442,0.9750926454352054
713443,0.999456291959975
713444,0.38634100876679767
713445,0.6220683461984282
713446,0.0015708655313688424
713447,0.9983582878292231
713448,0.9996446705186605
713449,0.5700641694972013
713450,0.8830903710628466
713451,0.004332635241879242
713452,0.9420124635689096
713453,0.9999513887671749
713454,0.9929916049055959
713455,0.9952427250976612
713456,0.9974905093665766
713457,0.2285608999528415
713458,0.7161292198787875
713459,0.9996931682718488
713460,0.9977558051546753
713461,0.0010692428017325852
713462,0.998443382444395
713463,0.34591498909590346
713464,0.9364913962004136
713465,0.9073962944574523
713466,0.6764361960649715
713467,0.8927944970973611
713468,0.496665401936798
713469,0.979974552995762
713470,0.047364937631227205
713471,0.8389297400229361
713472,0.9710222822066296
713473,0.9658674864846485
713474,0.9999495929565269
713475,0.04709179495994523
713476,0.6362575234594562
713477,0.9533382933516761
713478,0.9797834640910644
713479,0.8496273624412374
713480,0.2005396928856809
713481,0.0695616328983706
713482,0.9957976883542781
713483,0.48233704154691764
713484,0.990445656629896
713485,0.1315135047339315
713486,0.9987333775859957
713487,0.39627325851822004
713488,0.999559953459285
713489,0.9846432141286932
713490,0.9635692724392391
713491,0.15901082646866813
713492,0.08015956892893429
713493,0.016729659652399604
713494,0.46921448593437554
713495,0.1093627769923699
713496,0.6221548996143786
713497,0.16409772277881002
713498,0.7863263237522509
713499,0.09176410375390938
713500,0.34143260863285346
713501,0.7404616760585301
713502,0.6027461517201929
713503,0.9561736706806478
713504,0.9704314333990258
713505,0.9973290097438845
713506,0.3137363022531724
713507,0.8483196338105268
713508,0.9981827791122317
713509,0.9916728245317354
713510,0.813205945328181
713511,0.9630526277551216
713512,0.7506361267360829
713513,0.9997659213815637
713514,0.9943645533369614
713515,0.2657654173066423
713516,0.9905815780190064
713517,0.7070752686492796
713518,0.9967837227425378
713519,0.8163408151701443
713520,0.9999517043125311
713521,0.9996968849797143
713522,0.9387687306247812
713523,0.04104450493421026
713524,0.28437531953376355
713525,0.4086635721395847
713526,0.9835719034196153
713527,0.2816389524214757
713528,0.7958921734195874
713529,0.9995391635228417
713530,0.9998346643428293
713531,0.04540525758883712
713532,0.852671316109092
713533,0.9989015851065588
713534,0.999790830544204
713535,0.9989104913304199
713536,0.9992167983064315
713537,0.7690090364810827
713538,0.06381140659791396
713539,0.7582682756749228
713540,0.9998444424370264
713541,0.05669536691915039
713542,0.9762237815663148
713543,0.9821674824235166
713544,0.9669116110148968
713545,0.9986299139646351
713546,0.8155215856230628
713547,0.9998637136570776
713548,0.8732561354951218
713549,0.9999604820805242
713550,0.9955600857128057
713551,0.9990768113512616
713552,0.9598008732744021
713553,0.9992790794587743
713554,0.9955055847950818
713555,0.9882726023119596
713556,0.9942282983478605
713557,0.9909581158232509
713558,0.13890015350601298
713559,0.9976984293779463
713560,0.977991928182802
713561,0.9999881264353728
713562,0.41159289380503716
713563,0.0694017795549136
713564,0.9787672352642962
713565,0.9994533781519284
713566,0.02680811136847131
713567,0.9998482104563886
713568,0.9999234152872274
713569,0.5861504408105767
713570,0.6499847584019744
713571,0.18338160429995454
713572,0.6693900315851209
713573,0.9992644063350813
713574,0.347554211070656
713575,0.9945089628734195
713576,0.9967844373373963
713577,0.6395860199346542
713578,0.979326489279603
713579,0.9974009282778027
713580,0.9997681066923448
713581,0.02608986980516332
713582,0.9991348651436035
713583,0.15558528185239243
713584,0.9999838899301525
713585,0.9900609254127815
713586,0.9998909116526988
713587,0.9999657332808638
713588,0.9210222779583968
713589,0.9541925868706166
713590,0.9998073818527676
713591,0.9951754749733333
713592,0.9976082108209976
713593,0.998971857075819
713594,0.18870552920148423
713595,0.05987215391499025
713596,0.12119330632890282
713597,0.9916483982655759
713598,0.23437046715761295
713599,0.6670977562583371
713600,0.9961468791866502
713601,0.9986599376188801
713602,0.9828608381172107
713603,0.9853081668745942
713604,0.8617232611744139
713605,0.05535713115767581
713606,0.5350904050066602
713607,0.6662694617026212
713608,0.5758306757171103
713609,0.8919574086116354
713610,0.5811159832435894
713611,0.9961068146830656
713612,0.9244564177414016
713613,0.5395123836988192
713614,0.6669438302606037
713615,0.9999774898935386
713616,0.2355782004237724
713617,0.9971728835816298
713618,0.9965152119661711
713619,0.9997277663678048
713620,0.42749608580149
713621,0.9989961944306895
713622,0.8813526736920085
713623,0.9998644243492941
713624,0.02468277271053322
713625,0.9967276580020594
713626,0.413981803221388
713627,0.1378362775485682
713628,0.37264310788307076
713629,0.9999203932796104
713630,0.31913065073112795
713631,0.9412212039226906
713632,0.2713817543904409
713633,0.9999648254086377
713634,0.9961935334408953
713635,0.999503462808652
713636,0.0843243041154343
713637,0.8009343582836794
713638,0.0789632501875046
713639,0.08847966926149237
713640,0.9980939857904785
713641,0.9963359695216342
713642,0.17624032802109924
713643,0.6911857668844749
713644,0.999650031087211
713645,0.9959125015377134
713646,0.9994031286621183
713647,0.4145565257243475
713648,0.9994077848650521
713649,0.9433361270822895
713650,0.9435411078780025
713651,0.9998263903244493
713652,0.9991482723950189
713653,0.6720702130313204
713654,0.9984971680445492
713655,0.9234617850841118
713656,0.9997693865065438
713657,0.9963600083148005
713658,0.3263476000887344
713659,0.8815765272529212
713660,0.9999766893088787
713661,0.922297436447973
713662,0.9980389030238412
713663,0.025887628444689847
713664,0.23657823230988043
713665,0.692647116551403
713666,0.990529467094651
713667,0.40169708778448826
713668,0.9993431371336423
713669,0.3362807120450275
713670,0.44851027715348035
713671,0.9993188939846994
713672,0.803622763077287
713673,0.30791489539975
713674,0.7791092099689013
713675,0.9995659880026717
713676,0.9999680023176385
713677,0.9999625296796166
713678,0.35653382234207576
713679,0.619478682173937
713680,0.999867199493266
713681,0.9653587796247463
713682,0.3451860476229197
713683,0.9976373758819459
713684,0.9739300733157247
713685,0.9997054996897222
713686,0.9751970717655921
713687,0.0630202612684319
713688,0.9999737090399504
713689,0.15162557934691065
713690,0.9996606930867753
713691,0.5634992239813759
713692,0.9967021795050329
713693,0.8919309157324435
713694,0.6166953896407229
713695,0.9998460586923416
713696,0.6834006597853292
713697,0.9982562016741775
713698,0.9997497712681012
713699,0.9996550189797122
713700,0.7087370891533489
713701,0.1176761400078342
713702,0.9994512978036142
713703,0.7196438784336893
713704,0.9902939286397848
713705,0.9998714138147846
713706,0.050980968382308034
713707,0.6624438251951861
713708,0.0034901478257960417
713709,0.012131191663434692
713710,0.9995769325772862
713711,0.9980664759350761
713712,0.9920496415444358
713713,0.24190932813276922
713714,0.2042899188377417
713715,0.215452711430779
713716,0.10342785709776509
713717,0.4967275222317281
713718,0.7876042888365414
713719,0.4920661493609775
713720,0.9993617121104929
713721,0.9786604266007669
713722,0.3497068520859963
713723,0.9999939677506804
713724,0.2509734254905582
713725,0.9990969305083353
713726,0.9999246299390905
713727,0.9999934814620741
713728,0.9996565967365818
713729,0.019260459013294328
713730,0.9976641501505175
713731,0.8755830378731675
713732,0.9998449860245492
713733,0.9997086540142793
713734,0.358481941957039
713735,0.8933694252886643
713736,0.999975115023817
713737,0.9987542155088847
713738,0.9827765623207058
713739,0.009022388238145971
713740,0.07717235619791338
713741,0.9999556695104126
713742,0.9999083197996904
713743,0.0459369765824148
713744,0.014632795354362089
713745,0.36960033892297517
713746,0.9924534005558601
713747,0.9873927461674279
713748,0.9992829736224316
713749,0.9801494195964908
713750,0.7298406371156234
713751,0.9477553731100361
713752,0.2651604975851859
713753,0.9299248117059018
713754,0.861172449427408
713755,0.9976257084968512
713756,0.02375725803049058
713757,0.174494870598237
713758,0.9978503180822202
713759,0.9237200264981207
713760,0.3517299288063208
713761,0.09181549875868125
713762,0.9996143154978233
713763,0.9061093128923516
713764,0.09157515755700595
713765,0.23381160554866598
713766,0.9901270878054467
713767,0.22911120073113517
713768,0.9998773598271052
713769,0.9997254966864568
713770,0.999271110060177
713771,0.9987004362389087
713772,0.9999792323910912
713773,0.018131708718283363
713774,0.11268764772899859
713775,0.7505344000471033
713776,0.4244753715916947
713777,0.41643343254969245
713778,0.9999847496130455
713779,0.5510047036927356
713780,0.6302239970299087
713781,0.9961135615550818
713782,0.9998408391742751
713783,0.6321991972665549
713784,0.7554117744727291
713785,0.42006837892631055
713786,0.007711882294999426
713787,0.9996266771522335
713788,0.9683240073561916
713789,0.42247102165462946
713790,0.9997648642231922
713791,0.19685206025113153
713792,0.688276972690449
713793,0.9985452509580657
713794,0.5233940639794062
713795,0.6482367064128374
713796,0.9910620324102326
713797,0.039943308128007664
713798,0.9998846575662981
713799,0.033368618355147886
713800,0.9879064405925058
713801,0.9237204520232546
713802,0.9964359028458114
713803,0.9948822057111398
713804,0.6200979195392841
713805,0.9998372345716227
713806,0.9793279259308518
713807,0.9857260622830155
713808,0.9933938182235301
713809,0.8902917965645559
713810,0.9997382650223363
713811,0.19187443108986235
713812,0.9999850845841254
713813,0.9998963852657032
713814,0.9995317070330434
713815,0.9722086495634207
713816,0.9947123141335394
713817,0.9954012040123389
713818,0.8388214347505053
713819,0.05302693022076275
713820,0.9592754754450479
713821,0.7012412998113506
713822,0.9910882689602053
713823,0.997200006012162
713824,0.9929211345092865
713825,0.9997679455302522
713826,0.3753019280057766
713827,0.0017849749637740997
713828,0.9996232374496717
713829,0.8589443255615
713830,0.005574980929269704
713831,0.9514328623697412
713832,0.005933424619095793
713833,0.9997405815962899
713834,0.9744352299585313
713835,0.9810537298599438
713836,0.9997297163570479
713837,0.9771782914456085
713838,0.9670333171296146
713839,0.9975522540282846
713840,0.3422732193802004
713841,0.997411453275523
713842,0.31124150086974556
713843,0.9425590737065952
713844,0.12668130487327917
713845,0.08942505654783328
713846,0.9999496812583191
713847,0.9993999319872722
713848,0.748231529063466
713849,0.9990993239125798
713850,0.39447046020364923
713851,0.9991449481718688
713852,0.9999217763703887
713853,0.706443503473321
713854,0.7502082161863531
713855,0.2490934403197516
713856,0.3821336900944695
713857,0.4250149653766102
713858,0.9431130488316748
713859,0.9780816388867561
713860,0.9693588508332135
713861,0.9976349758548277
713862,0.7095199266761736
713863,0.18676921108390898
713864,0.0702457435181552
713865,0.059989758521512206
713866,0.9998561058150046
713867,0.9994112517288476
713868,0.9993508585027467
713869,0.941507783199175
713870,0.3703525735147428
713871,0.9999581791059422
713872,0.9998374051037028
713873,0.9960500139876396
713874,0.3171028665189691
713875,0.9995471876771538
713876,0.9871773850804595
713877,0.9993643688638983
713878,0.9988853810807317
713879,0.16549054765951435
713880,0.010034131070123619
713881,0.8941883630695031
713882,0.9999733432540322
713883,0.1046861306107626
713884,0.9846115029015752
713885,0.7502588858737721
713886,0.9879087354527033
713887,0.9998130245401495
713888,0.9997993215644982
713889,0.9905704690201484
713890,0.9999257063575187
713891,0.9742130093383136
713892,0.6530485267700483
713893,0.9978842266960088
713894,0.07890542131647069
713895,0.8118462112987097
713896,0.9997179836567701
713897,0.9992058250252265
713898,0.9317385675195327
713899,0.6933025431388227
713900,0.5579329983672902
713901,0.9989578988473989
713902,0.24244400133864277
713903,0.9997620109247831
713904,0.9976822490742255
713905,0.9948392482590359
713906,0.7552688575993183
713907,0.007451490878194386
713908,0.98636004412552
713909,0.00943475795728683
713910,0.3335742049170958
713911,0.9995262667273815
713912,0.06350792952094322
713913,0.024008536550954966
713914,0.9980433461537342
713915,0.9999691511891391
713916,0.6802719000776761
713917,0.9995992775425536
713918,0.008576567363597935
713919,0.9881661951160038
713920,0.4533879776040803
713921,0.9994799849912583
713922,0.9555237022483423
713923,0.994252562429091
713924,0.8240643112075973
713925,0.997466825650591
713926,0.9945705198366155
713927,0.9897970915050123
713928,0.9386145612423822
713929,0.9999607884844048
713930,0.859337971895719
713931,0.9449358003832372
713932,0.8103471217610236
713933,0.9998016469047599
713934,0.47702960684526236
713935,0.05921585862326467
713936,0.31905960821760415
713937,0.5276152384223726
713938,0.12231647436829693
713939,0.9999551309113224
713940,0.9995705381053825
713941,0.9984931743829185
713942,0.7393525740195463
713943,0.951831894709159
713944,0.9333925182531984
713945,0.9999735706416074
713946,0.007021794533883232
713947,0.95631596012127
713948,0.9899703759236889
713949,0.9578364468212331
713950,0.07007279876047676
713951,0.9087526083559568
713952,0.06623352478169378
713953,0.6929244977764223
713954,0.9387647201124403
713955,0.7791308365148498
713956,0.999483292258787
713957,0.9999730438249146
713958,0.9792676734670946
713959,0.400770197531943
713960,0.7363426618803466
713961,0.36809901177693594
713962,0.010199555031148212
713963,0.7766365193955926
713964,0.9998908003362359
713965,0.99986156940403
713966,0.2583135469440253
713967,0.9976041376644578
713968,0.848798283101251
713969,0.8701184443742915
713970,0.06404442076322538
713971,0.99935788336876
713972,0.9877078081366877
713973,0.9953593842469073
713974,0.2909015642555572
713975,0.9960739126936162
713976,0.5230983864606719
713977,0.4432593342395994
713978,0.9999900728509593
713979,0.9999081168131282
713980,0.20653933498641672
713981,0.8395805844176154
713982,0.13923107943437307
713983,0.9816804604405459
713984,0.9998381826613838
713985,0.9976596019712105
713986,0.1098801823220574
713987,0.997416993263287
713988,0.9994607380798091
713989,0.9987553920841983
713990,0.9997547472477399
713991,0.9995467527858106
713992,0.9999870952206404
713993,0.9999805605004213
713994,0.9950137473944058
713995,0.3649496371407432
713996,0.9996429002892864
713997,0.008368958851846362
713998,0.999395187887619
713999,0.7652901193341555
714000,0.5542191996176575
714001,0.996698915775538
714002,0.8109658049182835
714003,0.9961644334399524
714004,0.9996725901483502
714005,0.999943455329404
714006,0.9983871906114912
714007,0.9963562490362424
714008,0.9879832807186106
714009,0.4853158639656594
714010,0.995308417022551
714011,0.7736700259995726
714012,0.996595164903473
714013,0.9996871398725186
714014,0.999790168817432
714015,0.9930820818750172
714016,0.5362207780775209
714017,0.9974680443722695
714018,0.9986060868509804
714019,0.006093875515729397
714020,0.9955187229366002
714021,0.5778326449924192
714022,0.9811047096055021
714023,0.999330790780588
714024,0.9984416122681525
714025,0.998393415539873
714026,0.9915052915535172
714027,0.048693345428594784
714028,0.9728560659083889
714029,0.9343916983550113
714030,0.24818483994084972
714031,0.9998811795901332
714032,0.25332040681448753
714033,0.9998959303073383
714034,0.9820398138787305
714035,0.964149345059553
714036,0.9518076743281116
714037,0.02663779417452738
714038,0.0996956784605925
714039,0.9984311753439644
714040,0.010573480302226079
714041,0.9914939713145486
714042,0.9998938465216196
714043,0.988962584656355
714044,0.1769548753401972
714045,0.020962546987433474
714046,0.999597350869886
714047,0.09740029647261507
714048,0.06503052504198494
714049,0.873423988104388
714050,0.7281956513013833
714051,0.9965417165497936
714052,0.9280160091096876
714053,0.9913913747419733
714054,0.9995486915359793
714055,0.6768857366408045
714056,0.13643380546697256
714057,0.439515952000404
714058,0.999935255246548
714059,0.9448241155989623
714060,0.9939061473240874
714061,0.9991932212945716
714062,0.9899383581514152
714063,0.4914509415671843
714064,0.10169098153930052
714065,0.9745862993871406
714066,0.8661337721046727
714067,0.9978697121454932
714068,0.9833611802940427
714069,0.3290144557404995
714070,0.9991297567389167
714071,0.9464084164821032
714072,0.9994362765631787
714073,0.16027856399426227
714074,0.05078078947578371
714075,0.9999792997406272
714076,0.1005829128423755
714077,0.7929071084195497
714078,0.045057308705807556
714079,0.9996997096551155
714080,0.6419236518928028
714081,0.03800178399204297
714082,0.7943415675076781
714083,0.00854090699328035
714084,0.4619805789061783
714085,0.9999227475960116
714086,0.9982765554096859
714087,0.009205102202955461
714088,0.1318709719374528
714089,0.9999200795969423
714090,0.16502020577480714
714091,0.6664132727247493
714092,0.97530013013573
714093,0.13519036761376904
714094,0.5199334419281464
714095,0.6911182064830396
714096,0.9997204491468213
714097,0.7483090065769815
714098,0.9892306893690215
714099,0.9999281430238737
714100,0.4879336261629081
714101,0.8155445580937916
714102,0.9999421631767459
714103,0.779497383678095
714104,0.1860222585480481
714105,0.798853238263421
714106,0.9999871798108037
714107,0.9957712477103509
714108,0.5230659478006013
714109,0.5225099190915071
714110,0.9992320947304654
714111,0.9991741597133279
714112,0.3339472339498941
714113,0.8577362651893108
714114,0.9172677682111127
714115,0.9990978555143868
714116,0.9991409613121399
714117,0.04871597020268642
714118,0.9999880563317872
714119,0.9990043819740064
714120,0.01490974698082686
714121,0.9999789764359023
714122,0.6417583168404174
714123,0.9986441937778987
714124,0.9810290299561132
714125,0.9992742768255571
714126,0.9041642171039066
714127,0.9904794954564498
714128,0.9961305965156189
714129,0.9997314322186293
714130,0.8027326937837571
714131,0.9998005191238906
714132,0.4291302267451139
714133,0.4259404222834364
714134,0.719301527187141
714135,0.026169932871318448
714136,0.04108851478474806
714137,0.43492545857733306
714138,0.9476715063291558
714139,0.9999369545010393
714140,0.9777214162046677
714141,0.9965347612059553
714142,0.9999703801432951
714143,0.9814287849597447
714144,0.9990105931494324
714145,0.29703738071611785
714146,0.9017102874273016
714147,0.5731759469529876
714148,0.999704101284288
714149,0.9568266458278571
714150,0.9998857724776552
714151,0.9999910163784925
714152,0.9921585657927732
714153,0.3846967792745603
714154,0.9984568978476842
714155,0.9353253895370457
714156,0.6170556720577063
714157,0.8717063092770143
714158,0.9621543799477568
714159,0.9988680915110715
714160,0.014815613331363976
714161,0.8450569584010322
714162,0.9998095149269461
714163,0.9966973597103572
714164,0.4507511156252168
714165,0.9996521109481136
714166,0.008090214746139168
714167,0.9978385228320996
714168,0.44020851138658124
714169,0.9990998649017588
714170,0.9147906465975724
714171,0.04910672366753245
714172,0.9917881490937515
714173,0.9995539013552887
714174,0.511788237451683
714175,0.011760170861976888
714176,0.9998803393492691
714177,0.9817369788790522
714178,0.9416431477900571
714179,0.9988802231400413
714180,0.6315176739956041
714181,0.9478354908572032
714182,0.9999569053544269
714183,0.06151069745978871
714184,0.9999069601121908
714185,0.4977256926858157
714186,0.9608507368884152
714187,0.9867901291381489
714188,0.9992271169198856
714189,0.041712488059395814
714190,0.9762704479433516
714191,0.9748758611594166
714192,0.9998572230127105
714193,0.929779914600402
714194,0.9999273325522142
714195,0.9987322794533839
714196,0.9997840407303229
714197,0.9937035910182235
714198,0.04704611624647631
714199,0.9999273806979287
714200,0.999763954766419
714201,0.6351494738711259
714202,0.9340114512408988
714203,0.552427948414533
714204,0.9981070709845385
714205,0.0258006088509623
714206,0.9632610659541603
714207,0.8679372255882285
714208,0.4084065780881224
714209,0.11930398304005421
714210,0.668019321925654
714211,0.9827266494563702
714212,0.9875118546924977
714213,0.9799717340697764
714214,0.9989206755190171
714215,0.7698652304588185
714216,0.9900756952735379
714217,0.7576863083438733
714218,0.29499627032187536
714219,0.33231097375412333
714220,0.9999279435888373
714221,0.9999041762404103
714222,0.9980368294387107
714223,0.999929313924345
714224,0.9641770575146926
714225,0.8453704275531122
714226,0.9982703042699989
714227,0.9982888109113393
714228,0.022131716027274283
714229,0.9137522638423354
714230,0.9997306584614549
714231,0.9969572649877276
714232,0.4430342053963022
714233,0.999636093762255
714234,0.9569412733685041
714235,0.8149566272823054
714236,0.9997256727716316
714237,0.9917404440877723
714238,0.022603235852778056
714239,0.9998708358572468
714240,0.9999922883853004
714241,0.5285278997544542
714242,0.9883116634880362
714243,0.9999804984691136
714244,0.03192679798022099
714245,0.9824195911193754
714246,0.9999234994001976
714247,0.37590505151767784
714248,0.8587531321173798
714249,0.9998908745237629
714250,0.8107312271859387
714251,0.14215745224022563
714252,0.4196641932871923
714253,0.24160654372476553
714254,0.8314229141406309
714255,0.3857675654333072
714256,0.027533028563835382
714257,0.009716008680654677
714258,0.6301172339608766
714259,0.9999876550674602
714260,0.48108857042623954
714261,0.35450243833673084
714262,0.9988404020762063
714263,0.9976966824355971
714264,0.20912655169984837
714265,0.3217727135477497
714266,0.7342657479441305
714267,0.992437677975991
714268,0.9879552803134515
714269,0.672978973728612
714270,0.31416405223355315
714271,0.987878890327691
714272,0.48648044341183383
714273,0.012858719719579408
714274,0.9898035867972943
714275,0.9994557313808291
714276,0.9999175235024231
714277,0.04136540217226914
714278,0.9993166162497122
714279,0.09519131803573078
714280,0.0674750496157493
714281,0.8015999059240815
714282,0.9997019779619999
714283,0.8760334656709391
714284,0.9732621636062939
714285,0.9908180876388346
714286,0.8999707141851022
714287,0.013649973576532585
714288,0.9998854148707437
714289,0.25350246758592593
714290,0.9998097071317903
714291,0.3883524662124242
714292,0.9245128493589289
714293,0.17694944367972826
714294,0.8761840081367867
714295,0.2634067201310753
714296,0.8849568455195975
714297,0.3788119924495405
714298,0.8374184553246843
714299,0.4134235001171427
714300,0.9995534377952997
714301,0.953685546455541
714302,0.9996128536382205
714303,0.6525018764052293
714304,0.6769920524965912
714305,0.9979413895575386
714306,0.9999273970435205
714307,0.5775544644743011
714308,0.9855524836066636
714309,0.8270458931522202
714310,0.1592110385273477
714311,0.9999602137491392
714312,0.9999464520342292
714313,0.9930360643174071
714314,0.525637967149233
714315,0.5013264162416562
714316,0.9999445106742552
714317,0.005986546208322668
714318,0.07874087421424646
714319,0.9997259178895384
714320,0.999976109325085
714321,0.6421296023725844
714322,0.30532517361049444
714323,0.114004839977444
714324,0.8911268148019016
714325,0.8690835095139056
714326,0.9980575231394921
714327,0.05652315159252154
714328,0.9998650218324519
714329,0.9999731658937798
714330,0.919948585267426
714331,0.15976674191123977
714332,0.874872856219562
714333,0.9983812703643995
714334,0.3902133108666913
714335,0.617463735133486
714336,0.996687275342469
714337,0.994146046607322
714338,0.5277574519120937
714339,0.9999708076489378
714340,0.6898018271425628
714341,0.9989346251537758
714342,0.03616030373337735
714343,0.017528929877930338
714344,0.262427463353174
714345,0.8663267021039236
714346,0.9920895560165315
714347,0.9999667422380851
714348,0.9997714304430276
714349,0.9999417185140965
714350,0.9992424869871848
714351,0.9425468590823702
714352,0.999930378194496
714353,0.9997297790506585
714354,0.9964729462110449
714355,0.7466541517469794
714356,0.9943268192304004
714357,0.9911202727712815
714358,0.9933906355442336
714359,0.6739556244094835
714360,0.11243843944303085
714361,0.003199897350113429
714362,0.9999645902333864
714363,0.03527830838642232
714364,0.969376151663615
714365,0.9996766236577976
714366,0.9366731470847628
714367,0.6274409646132203
714368,0.36511226290337606
714369,0.9996785029599305
714370,0.9981555663071495
714371,0.009912959138032897
714372,0.14977720167092828
714373,0.06899252910026055
714374,0.9989512058343917
714375,0.8889438152014129
714376,0.9980983339258165
714377,0.9047868194431594
714378,0.9999585083216531
714379,0.9972553748937508
714380,0.6000458614876913
714381,0.8677976146969077
714382,0.592810741654334
714383,0.3987592694230947
714384,0.9994641207777186
714385,0.9892694682885966
714386,0.7883229029550558
714387,0.6914836526399372
714388,0.00811775450114949
714389,0.9943641919414734
714390,0.9997656032906059
714391,0.918435533595652
714392,0.996219325397321
714393,0.027197440232131612
714394,0.9992957200895158
714395,0.9491479850959319
714396,0.5085096546027464
714397,0.4301745312186032
714398,0.9353784755554562
714399,0.8914256800797646
714400,0.07996034422264695
714401,0.9984605120274903
714402,0.9937208556365119
714403,0.11723499895644238
714404,0.9994383055957512
714405,0.38138169391404686
714406,0.8744061535954912
714407,0.8877999357405504
714408,0.11962020017201411
714409,0.8658788389105214
714410,0.9993154716680116
714411,0.02822582320573257
714412,0.7715938393142051
714413,0.9999383142401731
714414,0.9412268257073216
714415,0.11064220710831456
714416,0.0127430304278145
714417,0.9996585267109207
714418,0.298369503120895
714419,0.315632650521175
714420,0.9939188198885727
714421,0.8863799252262011
714422,0.09871851103882354
714423,0.9997689858272206
714424,0.9089919609493893
714425,0.4200502749182638
714426,0.8669235353967362
714427,0.9905707029888573
714428,0.9999942104690954
714429,0.9999709414902215
714430,0.6191896096577324
714431,0.9999180418998828
714432,0.9981768765720089
714433,0.30437618520340093
714434,0.9995091743032407
714435,0.43321923932063094
714436,0.24650653540547285
714437,0.7809441982771996
714438,0.037645030004671724
714439,0.8623613225678615
714440,0.5993554387044211
714441,0.3296192312178895
714442,0.994002375531412
714443,0.16136090072876946
714444,0.9971726888996454
714445,0.9998884593778542
714446,0.9996501692054991
714447,0.9998929204152425
714448,0.7190372490315882
714449,0.9942425466094389
714450,0.9955342198958436
714451,0.14059611969348715
714452,0.9812667651012978
714453,0.9984638846247691
714454,0.6346861358712593
714455,0.17911271751848687
714456,0.9999095815847929
714457,0.356423714901575
714458,0.9998285190341434
714459,0.9147791582345266
714460,0.9989335284501751
714461,0.8085718416626294
714462,0.9991098513192262
714463,0.9856561738951508
714464,0.9996138497502987
714465,0.9907793880538031
714466,0.36911344303105664
714467,0.8513220083735378
714468,0.002070639475094419
714469,0.9990840827425842
714470,0.9995543111573537
714471,0.048758007046608355
714472,0.993938842280766
714473,0.6446261878980035
714474,0.9999448205362118
714475,0.05258440017860902
714476,0.9803191792786652
714477,0.976804489862179
714478,0.9878050997837377
714479,0.04120455688278965
714480,0.25817244655393395
714481,0.13701873017146515
714482,0.9683647099920845
714483,0.08685138352933605
714484,0.9974160075284936
714485,0.9994371221174922
714486,0.20556684542246295
714487,0.3504568959911666
714488,0.13642125577525746
714489,0.802272095947517
714490,0.9955008029565628
714491,0.9982125854682931
714492,0.019215556654161244
714493,0.9993582388572143
714494,0.8652584250513424
714495,0.9997687631797652
714496,0.9931783546398879
714497,0.820984078238208
714498,0.9991205018295233
714499,0.8701707793687323
714500,0.999938328160346
714501,0.9489198881891481
714502,0.9050416147632024
714503,0.9998123157425218
714504,0.997857055107603
714505,0.9919168933512886
714506,0.9935263852582055
714507,0.014644011254203032
714508,0.2168072207283721
714509,0.697227454299256
714510,0.999908820369494
714511,0.984910166541142
714512,0.1507657820165507
714513,0.6805252270553221
714514,0.9823970166921853
714515,0.632995906799833
714516,0.06206102190336548
714517,0.9902829258698066
714518,0.9930618360552526
714519,0.9943474371947855
714520,0.028985741257550327
714521,0.9988007541006827
714522,0.880759000960744
714523,0.3787854857713507
714524,0.1969430969170592
714525,0.24134446285379363
714526,0.08836044870931366
714527,0.7225965807044381
714528,0.9975237988692576
714529,0.9981601935662072
714530,0.9986899279546162
714531,0.9849527836748809
714532,0.3657762117080291
714533,0.9999103374876364
714534,0.9992668159099097
714535,0.9895831969809925
714536,0.8271776374139099
714537,0.7169545882739008
714538,0.999509742242447
714539,0.02723629918105315
714540,0.5861769255298253
714541,0.9999899395455759
714542,0.9938813522188639
714543,0.9934291167748011
714544,0.17749130483700376
714545,0.9132552002978647
714546,0.8317667781920255
714547,0.9955156735174898
714548,0.9979682803231832
714549,0.889602579580658
714550,0.9923857580797237
714551,0.6665399980686332
714552,0.42394986091782094
714553,0.8339741185336527
714554,0.9999953190062391
714555,0.9997707346481228
714556,0.22912626379214832
714557,0.03178208233305073
714558,0.9999846029423514
714559,0.6002227695911381
714560,0.979995192624086
714561,0.8253207854707929
714562,0.9759108053371961
714563,0.3793257222745503
714564,0.9970491851601586
714565,0.8196129284704771
714566,0.3930898318935694
714567,0.5404736393478077
714568,0.9971256486609804
714569,0.7087567324399119
714570,0.5698451195819793
714571,0.8339854188742416
714572,0.9772318742945068
714573,0.9993012169284332
714574,0.9983438159104668
714575,0.9999871484726304
714576,0.05560068686295053
714577,0.976764056314962
714578,0.3796369588171161
714579,0.5384356800574858
714580,0.17171697906477967
714581,0.9995251222831938
714582,0.16267873157531487
714583,0.3678476614033295
714584,0.9997866834445659
714585,0.9687789073363312
714586,0.13650284953751884
714587,0.9996054627539496
714588,0.9998872112046276
714589,0.9890205470309326
714590,0.9997136986504499
714591,0.12632996135189245
714592,0.8547931335292602
714593,0.9998049635332015
714594,0.9826805915705091
714595,0.9665115504708413
714596,0.047004396891279075
714597,0.6741430602752916
714598,0.9672592941142868
714599,0.9985315364473102
714600,0.9965302694519274
714601,0.9998563910068531
714602,0.9997381168534012
714603,0.9712206776326836
714604,0.03323913040017419
714605,0.9983453881635217
714606,0.21337873320009768
714607,0.9998309787990641
714608,0.9987122550021961
714609,0.1538892620104057
714610,0.999883384459229
714611,0.8233824623657039
714612,0.011638231914669702
714613,0.6929486399984258
714614,0.6328589402916915
714615,0.1694824473031845
714616,0.9994913964081568
714617,0.18626066487029685
714618,0.044443101955983486
714619,0.9708789483326739
714620,0.9937946637120237
714621,0.9998771849841582
714622,0.9986748599137235
714623,0.9891837367979475
714624,0.9997713011799343
714625,0.6014638152230101
714626,0.39019389678177147
714627,0.9966379553799276
714628,0.015128466438652635
714629,0.3927530671014493
714630,0.9944479928108296
714631,0.0195745429447572
714632,0.6663895755784719
714633,0.9998514087804784
714634,0.3429601503297104
714635,0.9968327928387413
714636,0.9999893786945808
714637,0.46777469199894406
714638,0.5912476332888918
714639,0.9333893367637232
714640,0.9992417688346834
714641,0.9845256973944655
714642,0.9992905396018936
714643,0.9998627231376833
714644,0.5991107897988847
714645,0.9903409485030614
714646,0.9649068750882891
714647,0.7045219376611098
714648,0.05197168580992528
714649,0.9486853079630475
714650,0.9998866462025194
714651,0.8721201186895062
714652,0.9993962141565469
714653,0.9814090737227137
714654,0.03003827788908329
714655,0.856251972567176
714656,0.017478659513415106
714657,0.9994211044491926
714658,0.028521638335272888
714659,0.42161336632297874
714660,0.9766746436318553
714661,0.5784837203617553
714662,0.7034317263072203
714663,0.999902112596488
714664,0.7994546218624301
714665,0.9997580279413758
714666,0.9945377604929466
714667,0.9796480454631475
714668,0.99993674102356
714669,0.9205315230048992
714670,0.9984965526286635
714671,0.9998287757192544
714672,0.9481227172137852
714673,0.20964140764490447
714674,0.2920671246795191
714675,0.16142119666923915
714676,0.34500888055392137
714677,0.9931421915488218
714678,0.9284651081589819
714679,0.9786386220207987
714680,0.9996128165253046
714681,0.04816168503681749
714682,0.8780771264295173
714683,0.9986101234829364
714684,0.9994978220508473
714685,0.9999744720033084
714686,0.9996881958750103
714687,0.40392842822525055
714688,0.0652537818696626
714689,0.9997743840228718
714690,0.9515408725491945
714691,0.999769674044098
714692,0.3667532486278277
714693,0.9782581402706505
714694,0.9053629603103287
714695,0.9993614288882517
714696,0.052534318548903045
714697,0.99837724274491
714698,0.005292033979796622
714699,0.9383933011336119
714700,0.1312627680832179
714701,0.16521968253527006
714702,0.9997139692360913
714703,0.004215677510494297
714704,0.8040271704225215
714705,0.592793206674213
714706,0.9997268127548898
714707,0.23528741445094295
714708,0.9537447625000977
714709,0.9994476040907319
714710,0.9992516938513307
714711,0.24780530668269385
714712,0.5050912225563665
714713,0.9821331290267479
714714,0.9989198917490623
714715,0.917835555556229
714716,0.9998649814335379
714717,0.3851855593662841
714718,0.4475217987733985
714719,0.6117845451174169
714720,0.5754499103250342
714721,0.9990287354374847
714722,0.7445091466663558
714723,0.9866385220671106
714724,0.9999883068898856
714725,0.9993162288931183
714726,0.999854002814814
714727,0.6367055700096564
714728,0.96615014253667
714729,0.9995025325378147
714730,0.9998565832237913
714731,0.9999493948110665
714732,0.7187863140213515
714733,0.9971730642223423
714734,0.6245068606230633
714735,0.010122836700413779
714736,0.9954969689428
714737,0.9963091731699226
714738,0.392340675615263
714739,0.6130160094828276
714740,0.9990686747360491
714741,0.4798544349855487
714742,0.10496800077732682
714743,0.8904775371072204
714744,0.9998697572031048
714745,0.9999430074502994
714746,0.9999124267682984
714747,0.2784713736259597
714748,0.9999438390920519
714749,0.9885510045120358
714750,0.9999394494292682
714751,0.9969992602403304
714752,0.14503160217804895
714753,0.9711751731588409
714754,0.9970392630719587
714755,0.9996115875373781
714756,0.8168901045775747
714757,0.9996130312194026
714758,0.9714243988693414
714759,0.9990569000539917
714760,0.9994486373765455
714761,0.08727442737688111
714762,0.21431148360344698
714763,0.8834154312923421
714764,0.9988967369872801
714765,0.2731126582506591
714766,0.9998276282569358
714767,0.9999031583649403
714768,0.9791855418133204
714769,0.999816852803953
714770,0.6951575108733176
714771,0.9999178697837287
714772,0.8669652680194848
714773,0.992972453139314
714774,0.9996719697394454
714775,0.9881913855143134
714776,0.9157127798354227
714777,0.999505909468033
714778,0.9994143676875187
714779,0.9998754549700157
714780,0.9993613914037609
714781,0.37736206037541226
714782,0.9999841972487487
714783,0.9957086480606856
714784,0.6959946524990237
714785,0.34075812858111215
714786,0.9924639767787984
714787,0.7517660011811772
714788,0.08991662066047418
714789,0.9998721506743902
714790,0.9998664518179708
714791,0.9993194449378563
714792,0.374193043626756
714793,0.9999423983832147
714794,0.9998360851663165
714795,0.015773972763561774
714796,0.036705630492511916
714797,0.9918082556162673
714798,0.9984990067037506
714799,0.8041136693970712
714800,0.8924966312175033
714801,0.6378213792874702
714802,0.5013665775915409
714803,0.9998925427775369
714804,0.9890539108091934
714805,0.9984173141118164
714806,0.922757919335788
714807,0.08148885555191215
714808,0.6022036063095648
714809,0.7580189731054189
714810,0.0669562212328823
714811,0.8795214221957128
714812,0.971845050020492
714813,0.8839863045814761
714814,0.07675368178266216
714815,0.8892899353624456
714816,0.9995649099439381
714817,0.3434234363841113
714818,0.6869895297353652
714819,0.14389095044365308
714820,0.9437295434800022
714821,0.012667425597431652
714822,0.9996751481414285
714823,0.9994263278603063
714824,0.02779544295387618
714825,0.9479325465861235
714826,0.9937285854242124
714827,0.07950170500835686
714828,0.9960837873604413
714829,0.9794014255006828
714830,0.7604483218404577
714831,0.9991575334058587
714832,0.03172836774596196
714833,0.31334063406471013
714834,0.9999645541170488
714835,0.9810396542070039
714836,0.9995863410183643
714837,0.44266338783693043
714838,0.9531072711704929
714839,0.99951804914575
714840,0.9999531297836002
714841,0.41513627951626186
714842,0.9672469922368325
714843,0.050941147545477954
714844,0.999494125663305
714845,0.16736222372708887
714846,0.4500337929748396
714847,0.9988988237888479
714848,0.4707610325955448
714849,0.9985041088794474
714850,0.9984024161398812
714851,0.9592599319494595
714852,0.133283172870417
714853,0.8564124973154559
714854,0.7462081634815123
714855,0.7974857510057713
714856,0.9992421763741115
714857,0.9989411067026863
714858,0.9883284201493385
714859,0.9993618473262743
714860,0.9967385281062411
714861,0.9777187972730126
714862,0.7993826269033115
714863,0.871478425956588
714864,0.9993416841376778
714865,0.9942161651967392
714866,0.4429768073446537
714867,0.037693017923062025
714868,0.9960927281190635
714869,0.9990935549869999
714870,0.9993160603684832
714871,0.6010591281572953
714872,0.152757668218109
714873,0.9876768473738969
714874,0.9998467247836578
714875,0.007671973854188283
714876,0.8444686155082828
714877,0.9557366376776218
714878,0.9257804543310834
714879,0.7418126459714798
714880,0.9999471717774163
714881,0.8746142808470193
714882,0.9736993674268506
714883,0.9999924827636701
714884,0.3549500632391272
714885,0.9663587488747073
714886,0.9989506166833828
714887,0.7862430981832522
714888,0.9998918790336676
714889,0.9513709476281237
714890,0.9189442985229496
714891,0.9987195391214007
714892,0.8888424445553423
714893,0.054365407625527
714894,0.3308448535887576
714895,0.9972271324823347
714896,0.09374252927188295
714897,0.9303423702521502
714898,0.8810229730437003
714899,0.004149200855223584
714900,0.9604730372496075
714901,0.9991873702036694
714902,0.9992093111224704
714903,0.9998705180433702
714904,0.05686047664371803
714905,0.9999761726013432
714906,0.9905152897874699
714907,0.9978686660624339
714908,0.09490655211314847
714909,0.6825813032642081
714910,0.9999035019651263
714911,0.7386142744389761
714912,0.4691327429178719
714913,0.9989876599116497
714914,0.9988370031745253
714915,0.06311111838075842
714916,0.9871996804902812
714917,0.7454767806228657
714918,0.9972172005617099
714919,0.5988077770122212
714920,0.35859394701236336
714921,0.9779246054135627
714922,0.4851427988474829
714923,0.9948639970795724
714924,0.9477433700754367
714925,0.24258961217878922
714926,0.9998352115594026
714927,0.9464671147459786
714928,0.9999649778382835
714929,0.5273604227875454
714930,0.9986405496703639
714931,0.999873366191707
714932,0.011551214142108327
714933,0.8016017328349428
714934,0.9919341252684164
714935,0.016351788825872626
714936,0.5447203232007908
714937,0.5495860467529985
714938,0.963598007701723
714939,0.9956129090210919
714940,0.675155884135266
714941,0.9703625079487155
714942,0.769894067833227
714943,0.9291891071661629
714944,0.04268887174344843
714945,0.6259042345571573
714946,0.018384097250609154
714947,0.19170094122567655
714948,0.229870992190364
714949,0.9998821304210566
714950,0.9300544983875947
714951,0.9967247435093779
714952,0.9636382876757326
714953,0.09100969439160868
714954,0.16332978956188202
714955,0.7036878974323093
714956,0.669527364481374
714957,0.09724182237442525
714958,0.6846773877141686
714959,0.7565237208527421
714960,0.9182264400316145
714961,0.9996561735634316
714962,0.38221812363227564
714963,0.006097228698299856
714964,0.9858764741920952
714965,0.9889204669521197
714966,0.4431635524633698
714967,0.8236017177907702
714968,0.9993586789561365
714969,0.9996909272993464
714970,0.36309208228844264
714971,0.3306715864605244
714972,0.8485591760230236
714973,0.999969960811205
714974,0.7019700200151522
714975,0.13514486058361078
714976,0.018452079476984903
714977,0.9979359352872603
714978,0.9999300083545117
714979,0.8183808899008558
714980,0.3610898882914113
714981,0.9997581807901764
714982,0.7196329836202867
714983,0.6888625489597779
714984,0.4394477269719511
714985,0.9990444190812882
714986,0.3854852800521369
714987,0.9998980063341352
714988,0.9994863180687027
714989,0.9984310896168216
714990,0.3114438200794485
714991,0.34482510686196005
714992,0.9967767513750377
714993,0.9974337612851341
714994,0.9999701874047866
714995,0.4887546870844538
714996,0.09863083435701953
714997,0.9561713112967813
714998,0.9999018841950068
714999,0.7636372701461726
715000,0.6005942159939932
715001,0.08200767135046766
715002,0.8721242455477689
715003,0.9997631996210177
715004,0.05810292905101318
715005,0.9998835288630208
715006,0.988833957851496
715007,0.7328731570793856
715008,0.9997943326024781
715009,0.9964952587440807
715010,0.992230268398492
715011,0.9334105711901732
715012,0.9997469848417604
715013,0.26859675903685243
715014,0.6738193807805248
715015,0.6168115006176855
715016,0.9575254151257147
715017,0.6876582233946945
715018,0.9956776945766966
715019,0.8249113878649379
715020,0.9952293222202545
715021,0.23535265781512338
715022,0.6422352016496532
715023,0.9999034808161018
715024,0.9989122927613465
715025,0.02920679125127852
715026,0.7041988906844162
715027,0.9916763113527336
715028,0.8660255502353147
715029,0.9754256278267764
715030,0.9591427737975706
715031,0.9993861124594732
715032,0.9980148896157812
715033,0.11058871904613646
715034,0.9994628763326099
715035,0.154235235222199
715036,0.020981227013734175
715037,0.455933842813928
715038,0.9994697926951202
715039,0.9714772875427755
715040,0.08302940556032916
715041,0.9019374759038451
715042,0.9804224029776227
715043,0.6617053155646453
715044,0.9979104158995857
715045,0.8736521016852749
715046,0.99462117470557
715047,0.996647933013705
715048,0.7646474844911607
715049,0.5653417311548563
715050,0.9996713839288811
715051,0.09143485136804355
715052,0.8960318664860663
715053,0.9967673607667427
715054,0.9965987712022701
715055,0.9983518522017274
715056,0.9978458421460675
715057,0.010220895688821412
715058,0.5266681296156365
715059,0.931202342310619
715060,0.918510965690116
715061,0.8553641632046087
715062,0.9991236414087943
715063,0.9986825525915661
715064,0.9915730482928253
715065,0.9999231581684823
715066,0.9990319292727038
715067,0.16669517062239672
715068,0.9975018180476722
715069,0.03936792931684195
715070,0.9996414824999249
715071,0.9701384477996169
715072,0.04510054034278279
715073,0.8015143631627143
715074,0.3440079974512359
715075,0.9997896475632903
715076,0.9994466731302558
715077,0.9933603071129431
715078,0.9996897365070595
715079,0.5617465196937722
715080,0.9987282373819826
715081,0.89230295693586
715082,0.8707408512137481
715083,0.1853649511694729
715084,0.999437614611947
715085,0.9822002300877075
715086,0.997309066760104
715087,0.9927684540423648
715088,0.8535699147207579
715089,0.9241575376728072
715090,0.8275432602329253
715091,0.9999714753538349
715092,0.9999127151371703
715093,0.16734166498883957
715094,0.9998944227906399
715095,0.9965346923730025
715096,0.9944351116802785
715097,0.6990005442289626
715098,0.9998651568468668
715099,0.9949663851371207
715100,0.9995863504995868
715101,0.022986752382156944
715102,0.6684783359063977
715103,0.9870746461650243
715104,0.1644509286614037
715105,0.01943013223601752
715106,0.01893498949878459
715107,0.006935604178311369
715108,0.9815457416709024
715109,0.9996930359876239
715110,0.9781089642698079
715111,0.9996739227670234
715112,0.9913582052369683
715113,0.28502507210161976
715114,0.9999815756932311
715115,0.999905999964339
715116,0.009639861072551268
715117,0.05100458923902369
715118,0.14881436559125932
715119,0.5878515825029351
715120,0.9998075670841702
715121,0.9997645500758414
715122,0.9925771183396125
715123,0.9999727129121467
715124,0.9872258373747982
715125,0.9982673239885147
715126,0.010500952151952826
715127,0.9996713690736896
715128,0.8266258540819669
715129,0.2920460317037622
715130,0.9844948915183407
715131,0.12875985126777068
715132,0.9200408274873797
715133,0.9993329878093006
715134,0.9363812556948166
715135,0.9998770313109665
715136,0.9338089237785767
715137,0.561541446379211
715138,0.2842206984286635
715139,0.8663628905349272
715140,0.6564187251369038
715141,0.013311741758175916
715142,0.9996840599275852
715143,0.9761115412859014
715144,0.4443147112195267
715145,0.5383728587888963
715146,0.34776188444055894
715147,0.998323316991514
715148,0.6869857789142146
715149,0.9996860207558083
715150,0.9790236824411364
715151,0.997951618667637
715152,0.06866738120856372
715153,0.4933924681349426
715154,0.02740577608315967
715155,0.9694638037059962
715156,0.999683777639943
715157,0.6557500533868952
715158,0.6192101238938365
715159,0.9424560194022501
715160,0.9751048121935904
715161,0.9997843576581184
715162,0.9996469639712222
715163,0.9999791144572383
715164,0.09064840529113845
715165,0.9991007295079056
715166,0.9999058397553289
715167,0.1919877068846724
715168,0.7848057306717018
715169,0.9996009264620529
715170,0.36726553643433146
715171,0.6859720463355876
715172,0.9976967766820648
715173,0.998842737882229
715174,0.9774508664229085
715175,0.9916410494081096
715176,0.8390676565264167
715177,0.06896560915581784
715178,0.999592337788044
715179,0.09276138672383541
715180,0.3290689909374755
715181,0.9996004194812799
715182,0.9929413651187913
715183,0.03631513268308202
715184,0.9999827160452643
715185,0.9918980611146326
715186,0.9999240895077842
715187,0.9972873818820185
715188,0.992216403634014
715189,0.9999584730222456
715190,0.15044258765402224
715191,0.9765111150214983
715192,0.966584009313086
715193,0.9310679120247957
715194,0.9672063003646588
715195,0.9998576409086172
715196,0.9999709244189798
715197,0.9644782595114683
715198,0.05118196290712821
715199,0.3296280150297155
715200,0.7289224774720604
715201,0.9999701786529416
715202,0.9999170800964697
715203,0.996777846985569
715204,0.9928865830529635
715205,0.9184077686531206
715206,0.8485551091385493
715207,0.9181156881088401
715208,0.9997845933701048
715209,0.776189296626188
715210,0.9971306326364182
715211,0.8440965949468135
715212,0.5939357065246034
715213,0.9980333239341471
715214,0.9383351697177285
715215,0.9998970081419961
715216,0.9999813864953824
715217,0.7150671999190436
715218,0.9999488530440497
715219,0.14863712421643077
715220,0.985848934131093
715221,0.005605980201693817
715222,0.9999110645851581
715223,0.11124897738051871
715224,0.9999163322511304
715225,0.030523430310869952
715226,0.9993640691720744
715227,0.6691642945785967
715228,0.03319156519942633
715229,0.06835734518903967
715230,0.3216336089348289
715231,0.30897564513725284
715232,0.9996655719355408
715233,0.8638049795039873
715234,0.9999028151056928
715235,0.33203785949780057
715236,0.4071824430270632
715237,0.9994263751221176
715238,0.07690689329416975
715239,0.9093600348035289
715240,0.3474131537800934
715241,0.2761598214479406
715242,0.9493988198069561
715243,0.9708214061212886
715244,0.9966923057823156
715245,0.06752037841736588
715246,0.9989099445756449
715247,0.9993726794967653
715248,0.0227299364344831
715249,0.9982182106378344
715250,0.9998862382558076
715251,0.8357065892795871
715252,0.7989499045879573
715253,0.35944233551146465
715254,0.018259289374830102
715255,0.9999643790466975
715256,0.9890697359318493
715257,0.9806547669431034
715258,0.11734246818559753
715259,0.9925902476259476
715260,0.02695162539521428
715261,0.9990636337407588
715262,0.5447217620622455
715263,0.986070095270382
715264,0.9995344427534545
715265,0.8644145248283976
715266,0.04779039248667946
715267,0.24465614144453784
715268,0.10078819485932346
715269,0.17490098484477523
715270,0.9972585961264222
715271,0.7045881780095042
715272,0.06093505885180611
715273,0.8277165632159709
715274,0.9999649474532202
715275,0.03856129088205176
715276,0.9997045013805829
715277,0.9810644789191572
715278,0.020083871578635615
715279,0.8738359512340472
715280,0.2073773637241902
715281,0.012908867438981913
715282,0.15826836732174504
715283,0.9560058307631366
715284,0.19613523858424495
715285,0.9998533361688968
715286,0.9787725351404664
715287,0.9993965608954668
715288,0.4305974207447093
715289,0.5468895348805061
715290,0.04965562495429343
715291,0.8892344650759805
715292,0.999928732648565
715293,0.9507237000686277
715294,0.27463620791525184
715295,0.9996780611686797
715296,0.9997746212288983
715297,0.1233767888045344
715298,0.8989917801315518
715299,0.24423195333830106
715300,0.11499522356385969
715301,0.44846646168005316
715302,0.9008068798716589
715303,0.9968815424405585
715304,0.03783729795477059
715305,0.9999014512020701
715306,0.8186554149149672
715307,0.9996201399673478
715308,0.996327380288453
715309,0.9995076543480004
715310,0.8431812858486514
715311,0.01416265033893394
715312,0.9998231069215455
715313,0.8364875877445789
715314,0.6056791175998346
715315,0.07365745986179213
715316,0.5037854831685509
715317,0.009910752034305182
715318,0.9960077757013692
715319,0.6789398685971728
715320,0.11587261500044263
715321,0.029048466594427946
715322,0.999166446839735
715323,0.14575604421674454
715324,0.8784714385752554
715325,0.9522716266542244
715326,0.1126605417400234
715327,0.04534674970454872
715328,0.9941238577468752
715329,0.8974106896087887
715330,0.02894052783220869
715331,0.13967892476250376
715332,0.016828372017333174
715333,0.7383378544134651
715334,0.0833581924964641
715335,0.9997994003129519
715336,0.9954468825504794
715337,0.4591715236481131
715338,0.7682227752688742
715339,0.9967153449312672
715340,0.9999423337336074
715341,0.9970331447917096
715342,0.9997147386070899
715343,0.945941241287409
715344,0.9997483117215418
715345,0.32927555185027596
715346,0.9939295924502444
715347,0.99994069666529
715348,0.07595363364654517
715349,0.9959984768471525
715350,0.9975668346619879
715351,0.9607529606538713
715352,0.7073127779084512
715353,0.9042438259224712
715354,0.6952818859203596
715355,0.8657484229345228
715356,0.9996913641830361
715357,0.5624059969864171
715358,0.5816343792559687
715359,0.9994232491928425
715360,0.9997190601301748
715361,0.9993832637396676
715362,0.6219539673949188
715363,0.3484662758690489
715364,0.9856544500405571
715365,0.7882174778717173
715366,0.3411679287788378
715367,0.8419765679180123
715368,0.9989307044424176
715369,0.9985790079842042
715370,0.9999501164863855
715371,0.9953939314686029
715372,0.11272407157871153
715373,0.9999533210889846
715374,0.9995711919425615
715375,0.9067858870464336
715376,0.9962110575009129
715377,0.07706248646734115
715378,0.30454314635227026
715379,0.9739379169679813
715380,0.87441370367096
715381,0.9751998749874298
715382,0.9537219952281495
715383,0.028157608606949623
715384,0.9992080472395708
715385,0.9526788559211279
715386,0.9916760762764771
715387,0.32544846088031265
715388,0.2313502837478505
715389,0.9999698011650768
715390,0.9990189747344016
715391,0.9998512188999107
715392,0.8342549283915114
715393,0.999864936998032
715394,0.05465867419675416
715395,0.9995192378439717
715396,0.9995531804669799
715397,0.9992238787909035
715398,0.13298453936286908
715399,0.377358009515005
715400,0.9999638102856733
715401,0.9659551601062434
715402,0.034585736341968765
715403,0.997128479556346
715404,0.8466034576426203
715405,0.9999565232420922
715406,0.43682030683846473
715407,0.8716594528647084
715408,0.8300885992506891
715409,0.2132274729156317
715410,0.9939405732235967
715411,0.3478870847627734
715412,0.9709650820493569
715413,0.9651264772454982
715414,0.4863026503540073
715415,0.8785043240224357
715416,0.4170730450907253
715417,0.30361590989175513
715418,0.9995347801774691
715419,0.7943613831466381
715420,0.9879718503495528
715421,0.9999892429517179
715422,0.5415156246678088
715423,0.9983093605857265
715424,0.6507571364091762
715425,0.590570942452302
715426,0.9991083010632349
715427,0.8513707168007476
715428,0.5898366985718037
715429,0.9823708424713762
715430,0.0892809573440437
715431,0.9972819762563041
715432,0.9997936487948729
715433,0.3334330192766983
715434,0.9999789357924583
715435,0.1289184044351329
715436,0.02870448883692732
715437,0.14135262620380504
715438,0.5277178194020303
715439,0.2953397107464221
715440,0.004114111526993113
715441,0.9907595926615037
715442,0.975061138064578
715443,0.5569084813211844
715444,0.900723076352669
715445,0.9429917260145155
715446,0.9954281871944557
715447,0.9999246821019474
715448,0.9995331071061005
715449,0.6504030802164242
715450,0.9760169028048493
715451,0.9999441898721785
715452,0.8125850582147294
715453,0.9998427142406401
715454,0.9974970067912478
715455,0.9910565864210952
715456,0.9996285808463603
715457,0.9988531592267782
715458,0.9999535676195964
715459,0.9741858541783648
715460,0.18666173465335184
715461,0.9995453596873315
715462,0.9997153739437241
715463,0.4525800894267852
715464,0.5780782698752229
715465,0.8420330043941138
715466,0.9998776902038478
715467,0.04987152254753759
715468,0.9996753712790518
715469,0.048851350352255435
715470,0.9993891943115742
715471,0.5610346223520796
715472,0.1689535700625508
715473,0.10695522081595664
715474,0.008550398610720903
715475,0.3232513955928456
715476,0.004237536227063992
715477,0.65897474498662
715478,0.12651451681984932
715479,0.041584612233300323
715480,0.9995345072558404
715481,0.9494846530710686
715482,0.9996344977718096
715483,0.9991682172906644
715484,0.9892946079992786
715485,0.9953620423238183
715486,0.7317246182102979
715487,0.9433620873743862
715488,0.5979479150201602
715489,0.981737960271688
715490,0.668001268742454
715491,0.9968069684608358
715492,0.0585543234123182
715493,0.9996327661884132
715494,0.9982410689605627
715495,0.7713209348138127
715496,0.07693275799268078
715497,0.3853106812535087
715498,0.013276406523751717
715499,0.9988717980339163
715500,0.07768546156793966
715501,0.9999526466296507
715502,0.7375446344433803
715503,0.9804648243659682
715504,0.9944327896461367
715505,0.9100125474308826
715506,0.9996997570959383
715507,0.2989413675719201
715508,0.9822965425047204
715509,0.9999350222420942
715510,0.9975076807454984
715511,0.745984316485361
715512,0.4429308414789552
715513,0.027218557647146892
715514,0.924941003964766
715515,0.028735868264169396
715516,0.996162956888557
715517,0.11067251383147649
715518,0.01700350066635199
715519,0.999935900347044
715520,0.7091214644494256
715521,0.814648292401388
715522,0.9997615314974025
715523,0.9733096685578868
715524,0.9799044871367788
715525,0.8961794159808397
715526,0.7809500605949684
715527,0.5891825621558788
715528,0.9998768525660907
715529,0.9964643827848407
715530,0.9996998223096163
715531,0.072363005616684
715532,0.9995878456350044
715533,0.9992450079892112
715534,0.7986929367061446
715535,0.9993395951898008
715536,0.7828238184479848
715537,0.006044490960246448
715538,0.9955964594640085
715539,0.5316328062687499
715540,0.4546464809441177
715541,0.9808817514395658
715542,0.9994772651873974
715543,0.9967621294894259
715544,0.13996216585282695
715545,0.16270668614958136
715546,0.25611207375011463
715547,0.9999686418844511
715548,0.018863255850843332
715549,0.6910752219481107
715550,0.2571009956213903
715551,0.998418914196157
715552,0.11778979344503754
715553,0.4445487134507491
715554,0.9925095989430966
715555,0.8826550848830294
715556,0.9997883067097783
715557,0.39538150841540504
715558,0.9996083673792046
715559,0.6477379603464026
715560,0.969182599183025
715561,0.541283793625849
715562,0.99992151956
715563,0.2994020593616907
715564,0.9842244121196118
715565,0.9674199849249403
715566,0.4461592844133663
715567,0.9993419675013017
715568,0.0350504089036175
715569,0.046351261863825766
715570,0.2585390938596537
715571,0.9999661383890615
715572,0.7977849125375032
715573,0.0633916777067406
715574,0.9975359007707852
715575,0.11943730547689546
715576,0.9332482018647694
715577,0.4342019948236975
715578,0.9876942417090484
715579,0.94532879904233
715580,0.9997497303201974
715581,0.07585675694148893
715582,0.9994664134832717
715583,0.999766936904672
715584,0.00126839783805899
715585,0.9611185249688766
715586,0.9990230430926995
715587,0.9624753744316782
715588,0.015061551750219927
715589,0.09155739283663089
715590,0.8920826489052197
715591,0.9521084414036323
715592,0.2808244054533398
715593,0.9976903728451575
715594,0.9992687406105578
715595,0.7647822494963443
715596,0.9937525787076423
715597,0.9992914938332902
715598,0.9946144232329375
715599,0.37048033247402645
715600,0.9991422486382269
715601,0.9933231845575687
715602,0.9875179483802531
715603,0.4713439664635565
715604,0.945542381046388
715605,0.9999258822704985
715606,0.9950852994245357
715607,0.779145826231874
715608,0.9765876342415065
715609,0.0365557020757641
715610,0.9920380835877576
715611,0.7539190222150338
715612,0.8388456390138939
715613,0.9971921195035502
715614,0.9269897467443946
715615,0.9999411272452744
715616,0.8058030777090185
715617,0.5812102974419148
715618,0.9998798931123105
715619,0.6241331860452849
715620,0.3632548294908569
715621,0.9970669772751328
715622,0.6731823083434333
715623,0.47328294542385085
715624,0.8012775164097028
715625,0.4347266387332725
715626,0.999733069718157
715627,0.15957882747145807
715628,0.9333125303634153
715629,0.9993816628654391
715630,0.006404425298595896
715631,0.9832668370053064
715632,0.9999460109055718
715633,0.054344797873968856
715634,0.23798286762575147
715635,0.9437956800262581
715636,0.04082187784520332
715637,0.934348614443429
715638,0.9740026859886037
715639,0.9998746307942971
715640,0.007622675851681749
715641,0.9994022744131148
715642,0.8748659890289753
715643,0.9987275838277978
715644,0.9768721681732875
715645,0.9998042599595283
715646,0.10382027839319763
715647,0.6981888887204225
715648,0.8243491865577701
715649,0.970161066030192
715650,0.9625382086467429
715651,0.9996476774670404
715652,0.9990415130555625
715653,0.9984760319023828
715654,0.7708625096455585
715655,0.0050736146582547525
715656,0.992398317813376
715657,0.9075147441492379
715658,0.21854510207332467
715659,0.9910552848090752
715660,0.7948713131943529
715661,0.9099917180495993
715662,0.8523345654375228
715663,0.1259049759030159
715664,0.1544024393878855
715665,0.489587355766672
715666,0.7781022139079627
715667,0.9861274873997812
715668,0.5508263796815225
715669,0.1984526884606996
715670,0.999769388569523
715671,0.09634124366596493
715672,0.9983439283066036
715673,0.1742614492523744
715674,0.9851187179771366
715675,0.9994457166847082
715676,0.993664243912382
715677,0.9284842099460713
715678,0.9999765237825475
715679,0.07990314544307629
715680,0.9843002470231402
715681,0.9086993353999784
715682,0.4346718851030304
715683,0.4280871860102905
715684,0.9997615242208191
715685,0.9991566359118406
715686,0.5885260095010045
715687,0.014005874282579496
715688,0.9952222570338383
715689,0.7636406847554977
715690,0.9281330833598911
715691,0.9997082176153955
715692,0.9997584298474822
715693,0.855251383559509
715694,0.929054779902015
715695,0.999470181618747
715696,0.9469330851981217
715697,0.013925729989422379
715698,0.9749842500454435
715699,0.9994934941689704
715700,0.7523904537087579
715701,0.948399177065536
715702,0.026420856139488254
715703,0.13547837448675087
715704,0.6606639251202302
715705,0.9895086045258421
715706,0.23016938843656115
715707,0.9531020938698157
715708,0.9963722637582797
715709,0.9993261720153445
715710,0.9998581279448608
715711,0.27239317262367496
715712,0.7380161375306085
715713,0.9526797092202154
715714,0.08627548857839103
715715,0.8926554086707068
715716,0.999751451651766
715717,0.059766953546203684
715718,0.955676633132732
715719,0.9984138006586738
715720,0.06269264129372434
715721,0.03492238316797517
715722,0.6749385634010266
715723,0.9816694214425008
715724,0.031042373959201244
715725,0.5431150841706127
715726,0.5338180352527272
715727,0.9757144492596579
715728,0.08952952291384361
715729,0.5344113333542927
715730,0.9997195047089849
715731,0.20887355769968435
715732,0.5371665331585674
715733,0.6130011037305176
715734,0.9947173503498656
715735,0.870250918491454
715736,0.996616725125536
715737,0.8060656545695939
715738,0.20782288855473757
715739,0.9981805655583189
715740,0.98940552278427
715741,0.9998384118028626
715742,0.5386630228629387
715743,0.3185924677898971
715744,0.9995269458814744
715745,0.9071588012918799
715746,0.999450727229458
715747,0.908315104558205
715748,0.9963582721709969
715749,0.9995005863178614
715750,0.99527626539552
715751,0.9947701622216605
715752,0.6343106958098156
715753,0.999165613154332
715754,0.21946254413271643
715755,0.9706185933885769
715756,0.9999243531781009
715757,0.011706377824564539
715758,0.9549131522145987
715759,0.9820905300514116
715760,0.9923038481533089
715761,0.9993981646589498
715762,0.8743885790135639
715763,0.9785281478868995
715764,0.9995971549223138
715765,0.7749025028009333
715766,0.8340572145799559
715767,0.33568923498423886
715768,0.95778349466102
715769,0.4479197472944502
715770,0.9999424368825934
715771,0.9805488420464896
715772,0.48997844266281465
715773,0.8685507780584802
715774,0.9293574832641047
715775,0.9961488261431826
715776,0.7230279130563904
715777,0.6724666715071346
715778,0.9996572517506266
715779,0.848290354064537
715780,0.976257239041221
715781,0.9994826471217001
715782,0.015770947766136197
715783,0.9999749435261616
715784,0.6908346070750078
715785,0.9858745277337764
715786,0.002307736137845434
715787,0.9997069942231223
715788,0.6993769042297546
715789,0.22231886800021056
715790,0.9997915183438432
715791,0.9997905274935819
715792,0.9980466053910397
715793,0.9999721828868878
715794,0.00913739860417219
715795,0.802331599207945
715796,0.34288148490648923
715797,0.14345434563341486
715798,0.012634867157839902
715799,0.998909625484237
715800,0.999071315678279
715801,0.7297176027210335
715802,0.9866462966407468
715803,0.9996629169314112
715804,0.2838837649924797
715805,0.13118809718968275
715806,0.939543192558246
715807,0.9813479846373206
715808,0.9278879501375852
715809,0.9947339948186826
715810,0.5435528709713393
715811,0.011737545213516686
715812,0.5257427628084876
715813,0.845058162073302
715814,0.9335244200547055
715815,0.9901288119558179
715816,0.9998347634646709
715817,0.9999880353795988
715818,0.6156230541496952
715819,0.6155868047690479
715820,0.5334862848644639
715821,0.701175438002611
715822,0.020680043822889346
715823,0.9993780741905948
715824,0.9863820155434135
715825,0.40564457589148817
715826,0.9385819362711604
715827,0.9565974342761138
715828,0.07257406937498481
715829,0.9996045583510124
715830,0.9998438057866144
715831,0.9998872686787319
715832,0.7431337977476451
715833,0.9993066839345979
715834,0.9997203670338035
715835,0.1988868052195155
715836,0.999647681390416
715837,0.4362092932506999
715838,0.5456874855208782
715839,0.7074851829626355
715840,0.9965457080288351
715841,0.9929223171095236
715842,0.999837864398595
715843,0.6821153819614838
715844,0.048730163187887254
715845,0.05764573586989104
715846,0.9995280702339158
715847,0.9999762864073853
715848,0.5591406262832287
715849,0.5524811049963755
715850,0.9999063888838594
715851,0.023103143600199914
715852,0.0010413438886976772
715853,0.9996287083673514
715854,0.9978673443427889
715855,0.9943855696638985
715856,0.9998056660209453
715857,0.6253324915765044
715858,0.9996998064474927
715859,0.0777317256854341
715860,0.999906233348427
715861,0.9657445762618224
715862,0.865750927421891
715863,0.9997654908136404
715864,0.9998733954204618
715865,0.6142367020475876
715866,0.8105045115902149
715867,0.9995527072061494
715868,0.7815136960819918
715869,0.03381958017886127
715870,0.12488913557510314
715871,0.9971053335144325
715872,0.9999359611907068
715873,0.9999763384019655
715874,0.9972975468182901
715875,0.6522397376511729
715876,0.8923204559103883
715877,0.2775122693558244
715878,0.24275810241656332
715879,0.7863112930306123
715880,0.9998880846406418
715881,0.990286124943293
715882,0.36537530711533805
715883,0.692134616724138
715884,0.10808916042221373
715885,0.9997416643830688
715886,0.8073649815890087
715887,0.9343947271560065
715888,0.4387286052679508
715889,0.9994698468713807
715890,0.1471034661351791
715891,0.9996726336054895
715892,0.9998718608472419
715893,0.011276992999583707
715894,0.99617241380436
715895,0.9998627120141838
715896,0.9656572872024848
715897,0.6254420286261492
715898,0.8619079873616302
715899,0.9929476414160672
715900,0.9998645278498646
715901,0.887538817337697
715902,0.9994419189139502
715903,0.32519300551372393
715904,0.998594392994308
715905,0.9091790385954222
715906,0.9990585581322231
715907,0.998104451172645
715908,0.9695155775499718
715909,0.9076770747367175
715910,0.03599665545713039
715911,0.09367081223311902
715912,0.9238462096929305
715913,0.9961265423260779
715914,0.9938955342342626
715915,0.9505419102802329
715916,0.9198044873756028
715917,0.999342495125838
715918,0.009645891003189473
715919,0.934200370844881
715920,0.4990328322315695
715921,0.9999029197163913
715922,0.4572469682308553
715923,0.514117315231376
715924,0.02298092698733782
715925,0.9973295189902467
715926,0.009628363190390014
715927,0.39896839274608814
715928,0.42373214517914665
715929,0.8422938355062088
715930,0.6151754036465695
715931,0.9973770227865102
715932,0.23356906295552882
715933,0.9995815234918162
715934,0.9999831352152068
715935,0.09009386408724182
715936,0.7735277791519137
715937,0.8411852615738143
715938,0.9999783679477809
715939,0.6833965519604739
715940,0.04730075100207669
715941,0.9996952867838451
715942,0.49881108466539287
715943,0.16034641479066325
715944,0.9944431684452137
715945,0.9990298566756252
715946,0.981196812008759
715947,0.9987483006865995
715948,0.2624162126641755
715949,0.4832338640221054
715950,0.999262992581986
715951,0.9999089868638243
715952,0.07652824153444274
715953,0.9992867925459349
715954,0.9482284456066596
715955,0.9990647300743485
715956,0.27142591842196195
715957,0.025561562454871175
715958,0.8686346591478115
715959,0.0066025359009078185
715960,0.7406049250175024
715961,0.8816971883660356
715962,0.014210854809796685
715963,0.9891804735943344
715964,0.8855158236796099
715965,0.779365526796869
715966,0.2998971873441022
715967,0.9998335072140593
715968,0.9972187251830259
715969,0.9948256268465016
715970,0.08077955791017517
715971,0.9000336139133702
715972,0.9995506170159618
715973,0.9944634815220814
715974,0.9801143193606103
715975,0.9186019359717505
715976,0.987354974103642
715977,0.9980231903054058
715978,0.0878238614789365
715979,0.9999125487776115
715980,0.999714692480892
715981,0.5725113151237501
715982,0.3866219545455738
715983,0.8759487641943066
715984,0.9999447737617868
715985,0.11192803985331963
715986,0.5789600447191257
715987,0.9997056610275954
715988,0.7745320858075404
715989,0.9753444339171784
715990,0.11069072663034704
715991,0.47367729867302627
715992,0.9998318585168444
715993,0.9998553719257486
715994,0.6416526762552732
715995,0.9990302711978603
715996,0.9996816973126307
715997,0.9994517663251539
715998,0.9996586822592335
715999,0.10721727887028738
716000,0.9973607938378735
716001,0.5775834825833989
716002,0.984977577678727
716003,0.8450539658621332
716004,0.9999481386158207
716005,0.9997329823484549
716006,0.7139057924421431
716007,0.7358336896270632
716008,0.9825809769074414
716009,0.9998687285227341
716010,0.9995480360249965
716011,0.9987611185344807
716012,0.8862518186542848
716013,0.1877046875358938
716014,0.008102219127495001
716015,0.03619833042832594
716016,0.5784174541117545
716017,0.9992773667823824
716018,0.9999838271851398
716019,0.9972243333770658
716020,0.2541917877254251
716021,0.9436800900628128
716022,0.9957607567954117
716023,0.9998551094850031
716024,0.3349894111503067
716025,0.999737333660491
716026,0.9995459802074702
716027,0.94067681079063
716028,0.08247761399074087
716029,0.6811205515950737
716030,0.999350746190493
716031,0.977018976531789
716032,0.9996014607895909
716033,0.13851573773886433
716034,0.768940970991006
716035,0.9999084211941633
716036,0.07737322714555796
716037,0.9996706280271983
716038,0.9936931263105409
716039,0.06792945232703225
716040,0.9130648628505422
716041,0.2738884810563434
716042,0.8107383333501144
716043,0.9024870338950911
716044,0.5877526257646286
716045,0.9814450834347457
716046,0.9862325118079277
716047,0.22130895418674507
716048,0.9943512785861552
716049,0.1439946405768001
716050,0.8777708219794169
716051,0.6505283453460511
716052,0.9999803051921778
716053,0.999789902595697
716054,0.999916362067605
716055,0.9805047726204543
716056,0.648005899666184
716057,0.9982628551809889
716058,0.9999091441923295
716059,0.06482847917089724
716060,0.01686246858833078
716061,0.9997970800540517
716062,0.9977043297538192
716063,0.9196883950080863
716064,0.9795058885329451
716065,0.9969007244683397
716066,0.4279326948851664
716067,0.9994880142554812
716068,0.8380278490801089
716069,0.0255015264762045
716070,0.11231544471721533
716071,0.005265671977086125
716072,0.9983501475817969
716073,0.9589688315860112
716074,0.008332687651886125
716075,0.2672526055321439
716076,0.9806794438638091
716077,0.9721974198189233
716078,0.07231227200763587
716079,0.9988412245295656
716080,0.9921604551653863
716081,0.001266843785553224
716082,0.9935351612524321
716083,0.019390043176297483
716084,0.19613439435186322
716085,0.4742366879912983
716086,0.5134872622085082
716087,0.998580004453103
716088,0.9996061976543219
716089,0.8780563071513129
716090,0.12343505402533306
716091,0.011791424361047388
716092,0.9993740801496989
716093,0.13272615536218407
716094,0.9999784320137071
716095,0.21435856393684372
716096,0.7577707582122347
716097,0.03189391991091901
716098,0.9968736346815055
716099,0.3540872068966795
716100,0.9637213378431668
716101,0.8823629613657027
716102,0.9948445795503209
716103,0.0367611938460832
716104,0.4708233251842104
716105,0.9974067846895935
716106,0.9841901175168704
716107,0.9977667081710018
716108,0.207805003896982
716109,0.12734045542780817
716110,0.9996799189515247
716111,0.8465912297726856
716112,0.9759223175813622
716113,0.9642971104434519
716114,0.9999568942143128
716115,0.23372747850592973
716116,0.5247111491801705
716117,0.999718051936191
716118,0.9998862548395393
716119,0.2709409601834803
716120,0.0867198836292623
716121,0.017252848779545905
716122,0.5301165899553038
716123,0.986866905022998
716124,0.8556035199656822
716125,0.999266799393126
716126,0.5310063833650736
716127,0.6018570781847334
716128,0.478843103880663
716129,0.1623808622757009
716130,0.5708426160616505
716131,0.9571311980633301
716132,0.9985492596735674
716133,0.6502370213370083
716134,0.8545239680238887
716135,0.9913950950418873
716136,0.24667099162790324
716137,0.10116071393354728
716138,0.9994677533761689
716139,0.9862765422230668
716140,0.9774127506272601
716141,0.33424967904629826
716142,0.9972428344379314
716143,0.999969499897181
716144,0.07547064405617868
716145,0.5434631419074576
716146,0.9584507337931487
716147,0.04755684010999824
716148,0.6011364295667911
716149,0.9998754061637831
716150,0.9986448904528404
716151,0.27656212505690614
716152,0.9995688314742883
716153,0.08609594102069777
716154,0.9999667073579035
716155,0.9997039583779187
716156,0.9321670223963139
716157,0.7567115224458683
716158,0.9999877692528842
716159,0.9999284428109505
716160,0.7040421994047084
716161,0.8209452182936375
716162,0.7031575375277662
716163,0.9999255783261085
716164,0.9975413621172444
716165,0.8345899692757974
716166,0.9878748697128776
716167,0.8384126198721644
716168,0.02605721779596834
716169,0.8373882084530749
716170,0.5473165668084569
716171,0.030624840317544044
716172,0.9404265908379378
716173,0.7180012947566892
716174,0.6465444273278707
716175,0.5499134445195476
716176,0.8563897531016393
716177,0.12283339006143804
716178,0.3232162241302806
716179,0.6760597700986863
716180,0.010542381476295175
716181,0.7546830034373699
716182,0.9998184338478857
716183,0.9996948233367193
716184,0.7655688793142061
716185,0.5149074879021753
716186,0.02118323380865359
716187,0.9940759933226956
716188,0.9269427841189323
716189,0.058150859202554424
716190,0.9999281949666483
716191,0.999903750145887
716192,0.17938826461689544
716193,0.99860792005244
716194,0.23251353618547005
716195,0.996171257141919
716196,0.997496931147926
716197,0.9884571530471894
716198,0.9952704282348755
716199,0.9999657631448211
716200,0.999401507422888
716201,0.9989032877041788
716202,0.9207506349567252
716203,0.33463190931211834
716204,0.9890030771474025
716205,0.9948791765302304
716206,0.5045413910323079
716207,0.9796385300692425
716208,0.2935480145789491
716209,0.433776764274853
716210,0.20330510853241318
716211,0.5092382973044975
716212,0.9999949695913412
716213,0.925424795367654
716214,0.9949527969791921
716215,0.020930648146003716
716216,0.9889239046652503
716217,0.999950228263677
716218,0.9930119779941474
716219,0.670809169989306
716220,0.5251044488903187
716221,0.09696822639248937
716222,0.3739501887293858
716223,0.9998029768241754
716224,0.9997804360448916
716225,0.9983268976323465
716226,0.9965030911341107
716227,0.09061790126975615
716228,0.6109424274812106
716229,0.999823756775996
716230,0.2876830558566996
716231,0.14909062703050358
716232,0.9998725242898333
716233,0.881571351865746
716234,0.986887183830569
716235,0.2961115308690763
716236,0.9940875234925446
716237,0.4391164840904287
716238,0.9984190606573637
716239,0.3266254341061075
716240,0.9998073814293515
716241,0.9552155274029377
716242,0.5741661175146302
716243,0.836831576673517
716244,0.934253453766444
716245,0.9418212392429761
716246,0.9997039012371742
716247,0.0394468760044899
716248,0.11419042847721872
716249,0.8629144881668905
716250,0.9995969016226165
716251,0.6805610705500695
716252,0.6967053601990874
716253,0.9974460239485472
716254,0.9890739371512027
716255,0.34720555020502064
716256,0.05802753274049744
716257,0.9983147789022484
716258,0.3511674050486031
716259,0.5694593874933758
716260,0.6950761702532577
716261,0.9986760853406909
716262,0.9999531968175717
716263,0.28902092537349805
716264,0.17766150428453728
716265,0.574612571257161
716266,0.9372882076931107
716267,0.9852721120874877
716268,0.563556597293583
716269,0.9077744636616585
716270,0.9996448011038054
716271,0.3867536146315472
716272,0.8868462103696466
716273,0.9880251099489836
716274,0.6754355251958093
716275,0.4566781548409349
716276,0.9968577145693713
716277,0.9999648299820854
716278,0.47944912121619404
716279,0.27887647546513217
716280,0.834434856511032
716281,0.9321016238477349
716282,0.5432418144790083
716283,0.9999876282471984
716284,0.10743382365883587
716285,0.011034015825076498
716286,0.7417357759594783
716287,0.593726969834951
716288,0.05723196002354007
716289,0.9117250182019496
716290,0.9992147775047602
716291,0.048630869241864216
716292,0.9058678239837686
716293,0.07269231221709226
716294,0.9884528854097969
716295,0.9107651638452869
716296,0.9999484572078874
716297,0.8678593373006779
716298,0.9999280688234014
716299,0.9828015431854623
716300,0.9523038721556831
716301,0.9990626448776652
716302,0.41853103715738904
716303,0.9970649746948461
716304,0.5942848587123719
716305,0.8827251204119284
716306,0.999704140095205
716307,0.3486965161153863
716308,0.9998547355336005
716309,0.8243049532663789
716310,0.99617983741146
716311,0.8937734298744633
716312,0.918790015825536
716313,0.01938939397732267
716314,0.9815222935301746
716315,0.38291743226467984
716316,0.771229130591655
716317,0.9840594124599968
716318,0.9995599775260074
716319,0.9837308203494555
716320,0.5050512772796816
716321,0.4800289187450105
716322,0.9966588763190598
716323,0.6451575353893149
716324,0.5105502996890053
716325,0.7753507955471987
716326,0.9986481674991405
716327,0.9727000825583652
716328,0.9994930772387477
716329,0.8625089097671117
716330,0.014170585716271857
716331,0.1759266344794575
716332,0.45437975959053034
716333,0.997222813443492
716334,0.00710646132911046
716335,0.9993288619880019
716336,0.5922584938582007
716337,0.6463041679767002
716338,0.9996209168854401
716339,0.9993412407918201
716340,0.8843450693815491
716341,0.16887939886690656
716342,0.9135307179857284
716343,0.8481074424755354
716344,0.9423602090855865
716345,0.8795254215925576
716346,0.9987614334830239
716347,0.2846199382947365
716348,0.9998219128347521
716349,0.7132097559856913
716350,0.6923428079538758
716351,0.8996555422735034
716352,0.9998981876927433
716353,0.9841508996200695
716354,0.999841289544467
716355,0.9972916706017385
716356,0.9850346995138404
716357,0.8273452940900113
716358,0.19578910545798167
716359,0.9996744878014812
716360,0.20807373431662501
716361,0.9992999963271899
716362,0.9967515492906356
716363,0.999806765051064
716364,0.9983639946027751
716365,0.6839318691356482
716366,0.9311008316251037
716367,0.07653352766171505
716368,0.6447444908821528
716369,0.2908864396876244
716370,0.9938550548734628
716371,0.9999391299273132
716372,0.9998622060368161
716373,0.9765461401079539
716374,0.9638987683451613
716375,0.9920933025654419
716376,0.9986895479269241
716377,0.8502769672618117
716378,0.02590883723218263
716379,0.016919033048372945
716380,0.8772095436563957
716381,0.992299221555307
716382,0.9988537100930698
716383,0.9999606234732994
716384,0.06309775188857054
716385,0.9058279542114646
716386,0.15509660078697168
716387,0.07410566331030652
716388,0.9999024175983374
716389,0.8452656349315097
716390,0.6915174212606596
716391,0.015868447837891035
716392,0.9999208891492222
716393,0.9999550909328808
716394,0.012813333857763197
716395,0.9952353112424598
716396,0.2438031806911114
716397,0.05587131387390917
716398,0.9601564823869952
716399,0.999258515698275
716400,0.341700289875959
716401,0.9995568632779843
716402,0.3016541806708699
716403,0.0483821370822779
716404,0.9974954478496347
716405,0.4011599616928205
716406,0.9994438347446774
716407,0.9953858568699431
716408,0.9999801246709226
716409,0.9956836773300252
716410,0.02354348818948393
716411,0.9775373593674127
716412,0.6347149054889012
716413,0.9972182053451213
716414,0.28955229498304214
716415,0.9996418548050272
716416,0.9999704950232327
716417,0.9987605354962241
716418,0.9998238357579201
716419,0.9959098871165639
716420,0.4076758812639263
716421,0.6453210126039942
716422,0.9993796072325754
716423,0.9767707894873476
716424,0.9957878024777229
716425,0.01720817377863638
716426,0.9946466442412134
716427,0.9996728902158284
716428,0.9989311160438101
716429,0.9957258441179058
716430,0.2075793013291278
716431,0.6612131193219181
716432,0.3525994321974849
716433,0.3991386346601461
716434,0.0301031879129939
716435,0.024623993288265603
716436,0.999767474011386
716437,0.012720872364248131
716438,0.9999051096814844
716439,0.9515449197913379
716440,0.5665502171604281
716441,0.9997309484620325
716442,0.9996680194718122
716443,0.8238478437068953
716444,0.0784222848174254
716445,0.16969402232435987
716446,0.8255938762644206
716447,0.9997003771773403
716448,0.08602067031145655
716449,0.9996301214650194
716450,0.08501406412179603
716451,0.9359200913025063
716452,0.992706317088133
716453,0.13081961364763822
716454,0.994413679979838
716455,0.3330225134444361
716456,0.12955202801092142
716457,0.9975932190279297
716458,0.9998773617961758
716459,0.9997770367160596
716460,0.8527287943812946
716461,0.9939690740326936
716462,0.9556848484927918
716463,0.757269759395415
716464,0.9964961952358127
716465,0.99701972976292
716466,0.9997051070674754
716467,0.33434102576887503
716468,0.9978476932417959
716469,0.9798548873983519
716470,0.016600094669301166
716471,0.9997789797536332
716472,0.9998558926410059
716473,0.043503381252078394
716474,0.8571037276280871
716475,0.9993464473843108
716476,0.57086957891155
716477,0.986585044071306
716478,0.7560157071444404
716479,0.008906728074492307
716480,0.9989732013292898
716481,0.04913380007602871
716482,0.9999411625693805
716483,0.30169112883726684
716484,0.5439884677057174
716485,0.8583820703675169
716486,0.02050743177977394
716487,0.9985399176435552
716488,0.7930372944440662
716489,0.6989752676656596
716490,0.3254141626076706
716491,0.9995015304985829
716492,0.9969128283951527
716493,0.5665362319749484
716494,0.9206884519207621
716495,0.9999641827096863
716496,0.9998543367991303
716497,0.13130634173907305
716498,0.9955465676376056
716499,0.9995307948366723
716500,0.3005491862951758
716501,0.43624624264632866
716502,0.10978375701754053
716503,0.009352513170775123
716504,0.9392441207641256
716505,0.9083897500388733
716506,0.9678482817670897
716507,0.7304077282951105
716508,0.1298765424425318
716509,0.45358369228497536
716510,0.9999512055526375
716511,0.034556611343288135
716512,0.32558917420804373
716513,0.844627322011902
716514,0.8377104514852283
716515,0.3122540488661345
716516,0.9997219989849493
716517,0.11314899702189711
716518,0.04289922452456142
716519,0.9108677082874286
716520,0.03675396206297812
716521,0.9999246622567501
716522,0.01527214242245252
716523,0.15709491581681423
716524,0.09580430692371923
716525,0.8195353523578326
716526,0.900153459129511
716527,0.1520167425003033
716528,0.9101075724631802
716529,0.9976442906836613
716530,0.808000200736265
716531,0.43813094987301576
716532,0.9997272928624257
716533,0.49009490040637405
716534,0.5409839185017141
716535,0.999890112903344
716536,0.5218708092876705
716537,0.9998103696386177
716538,0.9996378010737005
716539,0.9934548553973606
716540,0.8312171325632673
716541,0.8242951669228086
716542,0.03472706988342258
716543,0.570590562756025
716544,0.6004186516939363
716545,0.2201301656108322
716546,0.9966576246961433
716547,0.9485742434976879
716548,0.7947415530948005
716549,0.9998901424141848
716550,0.9999358017448639
716551,0.998692651201331
716552,0.9999898626491185
716553,0.9965232045160293
716554,0.9999508484172155
716555,0.6511880863300288
716556,0.9702110990239745
716557,0.5772234029464521
716558,0.7015871997770993
716559,0.57659528019103
716560,0.6317093692823159
716561,0.017088193301200167
716562,0.47038837993652416
716563,0.9852463190814775
716564,0.9949420109682834
716565,0.8574577692200476
716566,0.367731172943974
716567,0.990226365595622
716568,0.992504603098844
716569,0.2553613991061488
716570,0.9240820987651733
716571,0.6849389978138618
716572,0.9997823536136601
716573,0.9671305161030578
716574,0.9999439943114948
716575,0.981798069650541
716576,0.995621780938088
716577,0.5247121191621004
716578,0.9810148429547255
716579,0.9956578043388287
716580,0.9973137956674208
716581,0.925259891014304
716582,0.9988049302305322
716583,0.9970556064714675
716584,0.21571969272849054
716585,0.7841371030579236
716586,0.0960382208109933
716587,0.9999777866576214
716588,0.9995098145695082
716589,0.9932628637327175
716590,0.9987842219377935
716591,0.7372058805242242
716592,0.9999837916038298
716593,0.35056891643454635
716594,0.9999689968650238
716595,0.9991692442505827
716596,0.4177701964294943
716597,0.9669257231013404
716598,0.10113836174861493
716599,0.6260433362226332
716600,0.986681216094838
716601,0.19076633919879277
716602,0.8474288371835923
716603,0.19632602087047973
716604,0.10949403333430181
716605,0.549476594063066
716606,0.11089015258799628
716607,0.4174096637836456
716608,0.9994054367913741
716609,0.4871861058245129
716610,0.9888099997442281
716611,0.9871922217656849
716612,0.12106945376287173
716613,0.43618178774845473
716614,0.8920741840164825
716615,0.9998968965744297
716616,0.2677799076580389
716617,0.9999741761622329
716618,0.109369873340952
716619,0.9995305353992336
716620,0.9998171305103813
716621,0.9842900925433857
716622,0.9263082453230094
716623,0.9953815435023053
716624,0.9994051441600434
716625,0.5591251361093044
716626,0.9671431244805917
716627,0.9970674612911398
716628,0.9976603324429436
716629,0.9999654442227832
716630,0.999972020189756
716631,0.1548891969872076
716632,0.9158605118383831
716633,0.9882613953718627
716634,0.9997450975028028
716635,0.995292064241295
716636,0.9905001284107896
716637,0.6091747614381209
716638,0.9989084048046795
716639,0.5081901193268722
716640,0.29102877437413993
716641,0.054875919279687164
716642,0.5722192499951881
716643,0.02806771117857301
716644,0.7395753500317656
716645,0.09738147599281458
716646,0.9353097497190722
716647,0.9698689175481676
716648,0.06142180014662684
716649,0.11287705933695548
716650,0.9998939732660628
716651,0.978080746043667
716652,0.9988302777944021
716653,0.4028325708761027
716654,0.004570935925957239
716655,0.6053768883138518
716656,0.9965682345372909
716657,0.47351642195349547
716658,0.9997314358822816
716659,0.09362175438475288
716660,0.9997421751742197
716661,0.9761561030156188
716662,0.9980907925132805
716663,0.6818968781085675
716664,0.9994519817794921
716665,0.05007407070322184
716666,0.9512040307421106
716667,0.9911181250738001
716668,0.9755151700700841
716669,0.8713232718971176
716670,0.3034242369180028
716671,0.809070431648798
716672,0.6038487671995971
716673,0.9402203596154466
716674,0.9960906137922954
716675,0.0436185105984286
716676,0.9998752700522796
716677,0.9702325626393689
716678,0.0690900375197835
716679,0.2673434951675867
716680,0.9985046399630004
716681,0.9997388572371826
716682,0.6353752817144066
716683,0.09344306430572334
716684,0.9999885707002956
716685,0.06468421231996516
716686,0.015862588137707485
716687,0.9999513852857924
716688,0.9995470448066743
716689,0.27710583636265335
716690,0.6518494105540973
716691,0.9712116321888915
716692,0.9667988769334734
716693,0.85922856868571
716694,0.9517734204389658
716695,0.9999182309878062
716696,0.12766777091795053
716697,0.5994906098909328
716698,0.999979483659393
716699,0.9921031567318319
716700,0.015488251237431104
716701,0.20779230995544606
716702,0.9914061881576286
716703,0.9642289813737484
716704,0.6837584764694808
716705,0.9994565593129213
716706,0.08995197727092125
716707,0.9999860127523807
716708,0.9977545523890999
716709,0.9995211188595412
716710,0.9325056860805677
716711,0.9998253034794131
716712,0.17311615781784723
716713,0.9983573404872752
716714,0.2597732512636184
716715,0.9958407363039758
716716,0.9965416351207446
716717,0.9991947824311141
716718,0.9754309393103829
716719,0.9438734090394167
716720,0.9581076112562845
716721,0.9999543123693384
716722,0.9997279505171743
716723,0.9992095203138971
716724,0.5236303437413378
716725,0.830831769813623
716726,0.40960513516447916
716727,0.995529316562477
716728,0.9207706086126681
716729,0.06283679860942563
716730,0.7879398298608855
716731,0.6905954155629609
716732,0.00578077797451963
716733,0.9996689487652262
716734,0.25636896460111913
716735,0.9368250505313236
716736,0.9991296137167298
716737,0.9999105281233024
716738,0.012041149933232465
716739,0.012398635397317222
716740,0.20106360444233917
716741,0.78578752570023
716742,0.994637762625177
716743,0.9670269046562245
716744,0.9982042446480699
716745,0.41568341295475286
716746,0.3089511040180871
716747,0.7063259784030204
716748,0.9656901330018329
716749,0.9316566054432192
716750,0.5561084935700524
716751,0.7718904523383268
716752,0.9979736682681347
716753,0.1287734063846468
716754,0.41310697076456815
716755,0.7956504424106962
716756,0.9737591555246974
716757,0.9998484019431568
716758,0.33341422838599466
716759,0.94091897830107
716760,0.9907409939313963
716761,0.993430202773246
716762,0.7113177237718766
716763,0.6834098957578568
716764,0.7020357559576582
716765,0.010158796819669245
716766,0.05278051765509449
716767,0.9985495403266078
716768,0.9798869210171827
716769,0.011495368184190925
716770,0.2858725049013023
716771,0.05446902855181862
716772,0.9987438984468181
716773,0.999878133353072
716774,0.17932465965429012
716775,0.8910005887453981
716776,0.9033446073164525
716777,0.6131877610160432
716778,0.9695590642106922
716779,0.9962672262849253
716780,0.049829255811721485
716781,0.9995520951001579
716782,0.9977857403716374
716783,0.9956252304570761
716784,0.1666264185672672
716785,0.9986208499063123
716786,0.41877982795008256
716787,0.194993272401767
716788,0.9999336311137972
716789,0.9708998685757104
716790,0.9248371909726782
716791,0.9990563691951714
716792,0.4287092621850611
716793,0.9960756517285718
716794,0.9996595556238752
716795,0.009705490134345178
716796,0.9995691409981124
716797,0.9997554259014731
716798,0.014554731125456532
716799,0.004679469461423123
716800,0.966766052242714
716801,0.9998795993563028
716802,0.9993689247591848
716803,0.9998787533677116
716804,0.9984723782547595
716805,0.9994171364019842
716806,0.9730789827753914
716807,0.9976660027127606
716808,0.10491752726340486
716809,0.9899550110173443
716810,0.9998914988929823
716811,0.15155505167324773
716812,0.9675309542101018
716813,0.9992696314546621
716814,0.9054801188774865
716815,0.9998665669755344
716816,0.9998453029191317
716817,0.9955489750213304
716818,0.9997931702870293
716819,0.9998862793803934
716820,0.8456207115671655
716821,0.9802298243661871
716822,0.9997154551904476
716823,0.8912901331295133
716824,0.9211000970613481
716825,0.9988624844677219
716826,0.9972953303261987
716827,0.9999337814920466
716828,0.9998265824764437
716829,0.8394919851629196
716830,0.9998832148417114
716831,0.9996091798756888
716832,0.9928789413405683
716833,0.9992116987604684
716834,0.9781049301903533
716835,0.5979918846632652
716836,0.9997468223218785
716837,0.99370329616958
716838,0.999863785024871
716839,0.9999091598171224
716840,0.26284670607893545
716841,0.0029443018181369166
716842,0.8931165519038072
716843,0.9999484349703167
716844,0.114384927145944
716845,0.9976698898873808
716846,0.21960003501183673
716847,0.8959061802607454
716848,0.9987173453441682
716849,0.9998789421167436
716850,0.9996065155462924
716851,0.9546943978225391
716852,0.04710197144263459
716853,0.9998997295377354
716854,0.03382479495672976
716855,0.003309664858811435
716856,0.9880722293210789
716857,0.9895233732963724
716858,0.9910801431082324
716859,0.05810326333406465
716860,0.9995679383007048
716861,0.5774373231937433
716862,0.9764773758384014
716863,0.1650377732232048
716864,0.14861756222788017
716865,0.9997190856381784
716866,0.9997395697142415
716867,0.4664733317691248
716868,0.9811578693194245
716869,0.49779278834531104
716870,0.3430703962291367
716871,0.3620438673032528
716872,0.9537565613629293
716873,0.9995970965973007
716874,0.5225600023728658
716875,0.39821198321593865
716876,0.7110193551201918
716877,0.16840466001536694
716878,0.9919820545896825
716879,0.04110487045282208
716880,0.999930482413971
716881,0.9992097858039642
716882,0.9547945022535291
716883,0.9985017911279807
716884,0.9999659350298649
716885,0.9995810314259108
716886,0.568840788498256
716887,0.928778698062376
716888,0.38140572429227204
716889,0.6083265220660234
716890,0.879564553969059
716891,0.9965062184194062
716892,0.9871200071588059
716893,0.3078883223561566
716894,0.0860912623969509
716895,0.101516753591898
716896,0.04691703931340234
716897,0.7517783368295962
716898,0.9997464852004668
716899,0.4703868707764497
716900,0.9736768799409706
716901,0.9611208260223403
716902,0.2213417861930473
716903,0.998205990052897
716904,0.9998331018623956
716905,0.9955817136814514
716906,0.35969643820291497
716907,0.3450748054169638
716908,0.9127454654225609
716909,0.3564466553677328
716910,0.1570506101231297
716911,0.3792338660649432
716912,0.9978601605517172
716913,0.9998869924170094
716914,0.2693002446389247
716915,0.9985972591882013
716916,0.4976404636415084
716917,0.9704295584585801
716918,0.9938534775694525
716919,0.0023276655815072256
716920,0.9110141233633232
716921,0.9755004421767759
716922,0.01677686384900589
716923,0.05414388741626594
716924,0.9999560435161061
716925,0.28326953134646615
716926,0.6376982968277323
716927,0.04232243510148707
716928,0.06959335781900094
716929,0.404727214061124
716930,0.0060508555956412914
716931,0.9491126554397478
716932,0.9958565841243765
716933,0.1320770891338545
716934,0.6661599628044854
716935,0.014651134418474121
716936,0.8163326665567189
716937,0.9984223474300115
716938,0.9831760984020244
716939,0.6175554865959054
716940,0.9035423085848
716941,0.8140211509896771
716942,0.999966972373878
716943,0.23351430293052694
716944,0.9891453920612503
716945,0.9999154965472892
716946,0.05636606576284314
716947,0.23753773130052896
716948,0.4722718735351118
716949,0.12250423844336486
716950,0.9990574120193686
716951,0.9998074401681641
716952,0.9992198645118121
716953,0.9032032941641911
716954,0.14801232865435296
716955,0.9995662690824341
716956,0.9976183326702585
716957,0.06013772445157381
716958,0.800474541839516
716959,0.7952321676313777
716960,0.2451154683829418
716961,0.46307329676380016
716962,0.9883707057900432
716963,0.7439905797084525
716964,0.999419253068716
716965,0.04356344068788394
716966,0.9564712121590846
716967,0.9999869668190631
716968,0.9994721474610033
716969,0.9995597713628037
716970,0.7106209032220347
716971,0.9836338287984958
716972,0.9999688357378426
716973,0.47318551501305905
716974,0.9925846223310597
716975,0.12769377962131057
716976,0.46912126257150477
716977,0.9998121118365592
716978,0.02054031480461702
716979,0.6878681899823725
716980,0.035798058541369
716981,0.9843046435990472
716982,0.826411874760377
716983,0.9992260579557527
716984,0.9920317630240919
716985,0.013892479368623235
716986,0.07419047067358077
716987,0.9999842537324466
716988,0.9846380149966465
716989,0.9210460331749908
716990,0.6085580001149986
716991,0.5338900635236465
716992,0.2024222974177825
716993,0.9923478049273269
716994,0.4144392816204282
716995,0.8103640181341203
716996,0.9872491641880999
716997,0.7394985415508069
716998,0.9943937418466868
716999,0.9808322643816538
717000,0.9933725478896063
717001,0.9264379323133911
717002,0.9996430612378278
717003,0.3767726850020278
717004,0.9997567413349088
717005,0.6948620116997238
717006,0.9992691721001041
717007,0.5800270476742945
717008,0.9999797214339585
717009,0.9998051128579069
717010,0.5898025760606895
717011,0.9980120842098552
717012,0.33803751912665186
717013,0.99390139623344
717014,0.9707589555191165
717015,0.9345357750781463
717016,0.015345161026588628
717017,0.5131775386799424
717018,0.14240637684279525
717019,0.014662661819902036
717020,0.9408683419152235
717021,0.7426906023872483
717022,0.2868761500412266
717023,0.9945351878095371
717024,0.9998478130049341
717025,0.6670869294945809
717026,0.9987529748455085
717027,0.15095213085647255
717028,0.5834889348582954
717029,0.046978375835768846
717030,0.016317535997027625
717031,0.8650847739300447
717032,0.48889193422806604
717033,0.999986672400426
717034,0.556635034083281
717035,0.9998334409638217
717036,0.24269526471799896
717037,0.34405062650841656
717038,0.9996852992731945
717039,0.9976541412048852
717040,0.9914943010330958
717041,0.2588821201097739
717042,0.9999116533252691
717043,0.23802913205791787
717044,0.9994299985123536
717045,0.9933461271890258
717046,0.9507467509083605
717047,0.9968310725503924
717048,0.6846666375052393
717049,0.6060435343006982
717050,0.9387465969467143
717051,0.9790424207987094
717052,0.8193928588648893
717053,0.2769726725300555
717054,0.578356370820657
717055,0.9999200488919712
717056,0.9998383211067403
717057,0.9999923520251774
717058,0.9998916779261379
717059,0.11717353980226615
717060,0.9998044855648962
717061,0.9993786409078701
717062,0.9886246200496122
717063,0.9932103397238673
717064,0.9995755891618469
717065,0.998168235876265
717066,0.5928668384760822
717067,0.9923210460028651
717068,0.31141357819299925
717069,0.17582979283118233
717070,0.8509793382939275
717071,0.946532182326464
717072,0.11156321094685995
717073,0.9968957180603277
717074,0.181119274833051
717075,0.0392227495863051
717076,0.03385664059604279
717077,0.9979083563334761
717078,0.999901495447496
717079,0.0834006017395426
717080,0.9988769818595629
717081,0.9994832038630379
717082,0.1414165051949504
717083,0.9960788986923913
717084,0.051577638158962304
717085,0.13664217889480332
717086,0.9996054966817526
717087,0.09839593144965161
717088,0.13884240167934533
717089,0.8155418864113385
717090,0.8700031705854443
717091,0.9998858112189607
717092,0.9983387358285687
717093,0.8120471697987586
717094,0.8428421858805895
717095,0.39896260953256263
717096,0.9694675124775272
717097,0.9979743572924973
717098,0.6714556717396436
717099,0.9980921231307406
717100,0.9841435306368
717101,0.9915065483064787
717102,0.6580504730204134
717103,0.9994695524067667
717104,0.9754464170879691
717105,0.905307437924262
717106,0.04244749693125809
717107,0.6735773794647022
717108,0.09322522089744895
717109,0.9997896880634527
717110,0.2796099065759103
717111,0.007365090256013032
717112,0.5341089800995035
717113,0.9978949655697249
717114,0.10576696355987529
717115,0.6712557250628077
717116,0.006846547776966581
717117,0.9500151770350709
717118,0.9989954070558547
717119,0.9838488252393283
717120,0.4431351779839744
717121,0.8425900684978687
717122,0.9985317147512702
717123,0.9888330272877218
717124,0.9902462076625778
717125,0.012739247443007928
717126,0.9400234776905534
717127,0.9997077687573442
717128,0.9998895790169648
717129,0.2483575329448361
717130,0.8296271617183858
717131,0.8997706185006543
717132,0.9625178106620622
717133,0.9987441508535804
717134,0.6431729859343875
717135,0.996596313792629
717136,0.995980270472588
717137,0.09680023042585639
717138,0.9858641780073562
717139,0.6990855082939544
717140,0.9122032749950459
717141,0.04994722928323295
717142,0.9999375758004911
717143,0.006424298644125314
717144,0.4021843157236212
717145,0.018087639069838908
717146,0.05774624337413749
717147,0.9977425367546453
717148,0.9962051848856736
717149,0.9963874173258407
717150,0.9996183824525257
717151,0.98241456008256
717152,0.03290153552174808
717153,0.9988911372888778
717154,0.8731376641431421
717155,0.9450009474433019
717156,0.9993180462016484
717157,0.9554645144574946
717158,0.6848846802005517
717159,0.13707466877930854
717160,0.7240968912990056
717161,0.713699080146684
717162,0.999636859897669
717163,0.8743925797788564
717164,0.5970804280152826
717165,0.9909579234237625
717166,0.8498694889555818
717167,0.9865410845209508
717168,0.999376619461636
717169,0.9995255331518025
717170,0.9803677274106243
717171,0.5151715841588557
717172,0.0028166214001450903
717173,0.999606774248347
717174,0.20116987703697908
717175,0.9966827476387092
717176,0.9976848828875211
717177,0.8096431475469195
717178,0.4160083677717728
717179,0.5518837539209182
717180,0.9992797686256993
717181,0.9999422075438652
717182,0.06423937929961841
717183,0.09910533423214053
717184,0.06704405301820462
717185,0.2767300148081676
717186,0.9914460170220278
717187,0.9824443444714952
717188,0.9991351159732078
717189,0.5630832956532129
717190,0.9981129154716062
717191,0.9997194770002331
717192,0.610736522375855
717193,0.03199036753396832
717194,0.3750040436890668
717195,0.9985687895684783
717196,0.9999666708571024
717197,0.9998552712455249
717198,0.9996225241518799
717199,0.996380758357609
717200,0.9951385535659449
717201,0.9996825076682949
717202,0.022537986400113813
717203,0.8666001159984079
717204,0.9986370802335292
717205,0.9997401546848823
717206,0.9997803057716652
717207,0.877911159732411
717208,0.9777611160941608
717209,0.017434373526165677
717210,0.8280590679148048
717211,0.9968717515794336
717212,0.24874107476056695
717213,0.07189639281059376
717214,0.005486940633499151
717215,0.644887945775358
717216,0.9339657184017068
717217,0.9998033874902243
717218,0.6645010801442928
717219,0.9996857513237548
717220,0.45819148391467696
717221,0.9988190535013941
717222,0.09133526343534026
717223,0.9999832846557902
717224,0.08858908016887188
717225,0.03394973078771078
717226,0.9994816572136519
717227,0.8223090708767928
717228,0.9152065627205536
717229,0.9410907150989855
717230,0.9592468233126716
717231,0.5295805294121779
717232,0.997669675318787
717233,0.9879294285867997
717234,0.8907674421740859
717235,0.5957276372653842
717236,0.9995648631173053
717237,0.5866854666918905
717238,0.918486175473944
717239,0.1509684485820947
717240,0.9711336072428237
717241,0.9999164409526249
717242,0.013511511451206505
717243,0.5878726924337154
717244,0.9962746274264028
717245,0.9999785876289585
717246,0.9998822905856708
717247,0.9499802087850406
717248,0.9988568620642079
717249,0.7386577470626363
717250,0.9991615075320702
717251,0.9976407964006255
717252,0.9960193477859481
717253,0.9622917237551115
717254,0.9763386193924762
717255,0.9992188907549993
717256,0.04796567047868819
717257,0.9902573990592981
717258,0.9999463034293439
717259,0.8674675414957074
717260,0.9988041911635079
717261,0.8556320091835719
717262,0.9023508838298843
717263,0.4334813402427742
717264,0.3134319780154517
717265,0.7542066964651555
717266,0.9998664722584959
717267,0.9060986679006318
717268,0.7102197954098801
717269,0.9999618074212848
717270,0.7863207971556845
717271,0.94442939904261
717272,0.9997971151615335
717273,0.785070815927156
717274,0.9592811634877002
717275,0.015288831937124936
717276,0.9747651899975678
717277,0.010770281618193133
717278,0.9973283379322206
717279,0.3202582006365112
717280,0.9962143525989278
717281,0.9996442768547138
717282,0.9999509411040658
717283,0.9994600035791292
717284,0.9999361342334236
717285,0.0022597602490448663
717286,0.989570489520193
717287,0.947017278307585
717288,0.325517840731003
717289,0.9999081876787003
717290,0.011471971180475157
717291,0.9997718241373987
717292,0.5474045081545054
717293,0.6336120626493631
717294,0.9998412988902086
717295,0.9938419591660184
717296,0.0027013116615518884
717297,0.9460905765220399
717298,0.2023735040796137
717299,0.9984098790604415
717300,0.7431875894023854
717301,0.9999555138160032
717302,0.01378193029484102
717303,0.2537311442036896
717304,0.7255892832168782
717305,0.4451353123752901
717306,0.5808378975564594
717307,0.9817213650531152
717308,0.9997861147518052
717309,0.998420276036011
717310,0.053399644123526074
717311,0.9962356428337353
717312,0.9998322693282322
717313,0.9898373461954934
717314,0.7427542085123058
717315,0.9990287938177609
717316,0.9710541855631392
717317,0.13929021236241004
717318,0.6235309355123968
717319,0.9975352612967289
717320,0.9998308019018202
717321,0.999913022368335
717322,0.9996045709582757
717323,0.9981401439781741
717324,0.9738411956963623
717325,0.9937140391942352
717326,0.9062651349285731
717327,0.9985033147172764
717328,0.8913948660765387
717329,0.9994826640721807
717330,0.9833358799265915
717331,0.10306718602113116
717332,0.9966700463042515
717333,0.9992921687646124
717334,0.35070482124358193
717335,0.4706476150744442
717336,0.9987544119902527
717337,0.5561677565108561
717338,0.640770134607333
717339,0.9999756981721596
717340,0.8984305082700783
717341,0.9961390243528854
717342,0.6006818102154177
717343,0.0197001562847371
717344,0.17923900342629734
717345,0.9997441615119381
717346,0.12123079675750939
717347,0.9997234743923796
717348,0.42468704898310494
717349,0.9998564488297266
717350,0.9833503477259814
717351,0.9891108216161966
717352,0.40152374609621894
717353,0.9999684865804533
717354,0.12164020740495096
717355,0.9902826327979887
717356,0.5022451861225988
717357,0.8165672558726478
717358,0.3102032804011274
717359,0.9100122990524105
717360,0.9767561829495784
717361,0.03084641374512359
717362,0.9999823077236687
717363,0.9990882272918928
717364,0.999758068834669
717365,0.03354528639467726
717366,0.0074111158141994884
717367,0.9801006415834946
717368,0.9586171760904753
717369,0.9979961954903487
717370,0.11900576707260849
717371,0.19908047073103005
717372,0.27589371334075696
717373,0.6244988459089644
717374,0.3071784555189949
717375,0.9716830590979026
717376,0.11996504603228994
717377,0.9543245817762829
717378,0.9992982799581002
717379,0.9994163464095639
717380,0.9991009073110024
717381,0.5728594541946985
717382,0.9992258275130477
717383,0.999985621813068
717384,0.9997975849149241
717385,0.43381218721279097
717386,0.9995089168061339
717387,0.37462165345157383
717388,0.9992099217812255
717389,0.5273900758232706
717390,0.994843691400071
717391,0.7593966118384475
717392,0.8226393748068757
717393,0.9111711672187868
717394,0.9983457435118075
717395,0.9946476955962678
717396,0.061727123545746554
717397,0.15124067601847985
717398,0.9961129429451834
717399,0.9999901179653072
717400,0.897403618631812
717401,0.9994196397912449
717402,0.7597286601229024
717403,0.03824860629730783
717404,0.722674180872581
717405,0.9998561345807377
717406,0.9154367244799811
717407,0.994270390725096
717408,0.2266080446042234
717409,0.9999313189451028
717410,0.554183134849211
717411,0.9995757983772096
717412,0.9944228148219333
717413,0.9999560586872962
717414,0.1270693503934567
717415,0.04234836557827305
717416,0.9995357009359037
717417,0.9004589082612275
717418,0.994083169048069
717419,0.2498155537826662
717420,0.999902445498618
717421,0.3028246854006317
717422,0.3842006865771225
717423,0.8607978425693896
717424,0.5376199617336531
717425,0.04284157200156661
717426,0.5519883061413561
717427,0.9845853264574109
717428,0.8767550246481719
717429,0.2074902922768736
717430,0.9985701594335509
717431,0.015078611921595132
717432,0.9972151914300127
717433,0.471480289553352
717434,0.7721692444012593
717435,0.6178972145130259
717436,0.9941202898693422
717437,0.32781829915955646
717438,0.999493100087703
717439,0.6454946101071507
717440,0.999818307011596
717441,0.8259465433226634
717442,0.9992510210638813
717443,0.9896425394415609
717444,0.9779537671272602
717445,0.9975019679424383
717446,0.9994542967675728
717447,0.9764896334755102
717448,0.9767130427077653
717449,0.9994322231387902
717450,0.9092324025492576
717451,0.7093567673541143
717452,0.9980467376511352
717453,0.0801144999452929
717454,0.9998712412340002
717455,0.26334779558641314
717456,0.2922517807581401
717457,0.8920190841656662
717458,0.8254978430900027
717459,0.6350273347687003
717460,0.9997868550808122
717461,0.5838982880324337
717462,0.989439929026042
717463,0.9022599937179354
717464,0.9972156373332738
717465,0.6458342512032371
717466,0.3425282674816728
717467,0.9922991853207082
717468,0.45557270804224953
717469,0.7836645153108168
717470,0.9991026095818938
717471,0.9999554673270443
717472,0.03710889379867189
717473,0.027703111301722205
717474,0.8884344790333163
717475,0.9997137727796492
717476,0.9803120004103424
717477,0.1316752040512444
717478,0.9982974029216505
717479,0.9987272364434543
717480,0.46707567338621014
717481,0.35932202526227747
717482,0.3591019017414739
717483,0.9999859044306159
717484,0.7124097029564745
717485,0.09840921801364357
717486,0.8564632007543806
717487,0.8027425344569141
717488,0.3634555873194939
717489,0.9999517074644291
717490,0.9605861541884309
717491,0.9453973839950098
717492,0.9927470080313461
717493,0.999722555497248
717494,0.9998344849601861
717495,0.9998070697653737
717496,0.09601035466626216
717497,0.866799362405624
717498,0.9155669026953812
717499,0.9159167901672228
717500,0.9996791303997217
717501,0.998492726515535
717502,0.9999291736107585
717503,0.3511793162975956
717504,0.99949832488301
717505,0.873466979360336
717506,0.6778786742942173
717507,0.9929178979323119
717508,0.9998413010417566
717509,0.9979089248907371
717510,0.748969045439722
717511,0.1748534525313511
717512,0.797314174376567
717513,0.057898744942399265
717514,0.9992142038162373
717515,0.473909381791937
717516,0.874019462062845
717517,0.9949943303516524
717518,0.9999798105517795
717519,0.054304840274621624
717520,0.32016178163931125
717521,0.9926945317333109
717522,0.9996680193189589
717523,0.7373735739104152
717524,0.8389233925411952
717525,0.9998391158016009
717526,0.9958055541655113
717527,0.9998335311792582
717528,0.9995599186054198
717529,0.17231497026968484
717530,0.9289291504407811
717531,0.8636229505426991
717532,0.9892885265814838
717533,0.9994712073905558
717534,0.9998950454776163
717535,0.9996604872545083
717536,0.464306007192309
717537,0.9619924669803716
717538,0.9986898235386668
717539,0.4949349285854084
717540,0.28830952510656077
717541,0.9996536325812407
717542,0.7492783346047425
717543,0.492570727647926
717544,0.9674928894529811
717545,0.9098505140857123
717546,0.9992163141540138
717547,0.9674119341770856
717548,0.6232166943649037
717549,0.9993854918927971
717550,0.9812557289767803
717551,0.9746555592889765
717552,0.4774332979269937
717553,0.669311128380852
717554,0.24137229784142006
717555,0.389543064272057
717556,0.9970276700074598
717557,0.9815093640870332
717558,0.9982010525031138
717559,0.9998290106334655
717560,0.7792877624896303
717561,0.7126314247572026
717562,0.4058837207331673
717563,0.9994065720126291
717564,0.9857988140871633
717565,0.3408758082586509
717566,0.9635969192116309
717567,0.7330632123141367
717568,0.13240806259167792
717569,0.9996890932135329
717570,0.9172918476613741
717571,0.5354168691200815
717572,0.03868873196580602
717573,0.9992403661875598
717574,0.9733488908128543
717575,0.9998789972044035
717576,0.4952429061595819
717577,0.9782781355492454
717578,0.03435918669959797
717579,0.9940979097300275
717580,0.003991613215723423
717581,0.12998681002529414
717582,0.9973081404844882
717583,0.9974086295420841
717584,0.016129440518419833
717585,0.9997208527958406
717586,0.9962510346404816
717587,0.8821848489789522
717588,0.8915109150535194
717589,0.44789921040397407
717590,0.05473453885277581
717591,0.9646135813579861
717592,0.9996457414657716
717593,0.9979176454652592
717594,0.8117114661319634
717595,0.9999052771225121
717596,0.2818877038688064
717597,0.005557264805851274
717598,0.13707269825771293
717599,0.7961971762012174
717600,0.13477437990316657
717601,0.9797639364612096
717602,0.40789846565221577
717603,0.9996862376199864
717604,0.9960198409987849
717605,0.9969259231753638
717606,0.9963424988175172
717607,0.8366712137752677
717608,0.11588754241002444
717609,0.9997071992680799
717610,0.939059786161509
717611,0.5436341266149776
717612,0.9825303116063715
717613,0.11976056194824496
717614,0.9946028043943688
717615,0.5522666689746963
717616,0.9740592923668872
717617,0.3601324390335921
717618,0.994066756218308
717619,0.7747200406428779
717620,0.9998241976777609
717621,0.6654827456817897
717622,0.898140317778205
717623,0.9995854773833324
717624,0.9872247158303272
717625,0.06771056355446853
717626,0.8297343445467591
717627,0.9998411060837074
717628,0.8939857555529209
717629,0.021349992490322232
717630,0.010027253957545746
717631,0.9775098241259547
717632,0.9975347948882874
717633,0.9997659280745674
717634,0.9993834032052401
717635,0.12328950004572412
717636,0.75781900346061
717637,0.9561141672307736
717638,0.9997036328388377
717639,0.930852501790323
717640,0.9997455110232936
717641,0.999402322613143
717642,0.9996189952711416
717643,0.998654777627878
717644,0.376117432879123
717645,0.27686995429553185
717646,0.8550039960903131
717647,0.999984179981289
717648,0.9981714662841004
717649,0.9337369392297667
717650,0.9998173675898139
717651,0.974624061563559
717652,0.9887804693902951
717653,0.07472893476771722
717654,0.9911234304613671
717655,0.7924528703920172
717656,0.9996890854080336
717657,0.562135669538444
717658,0.36805708677633575
717659,0.4626828389418711
717660,0.8523939718171414
717661,0.9998292452250745
717662,0.6583831019913277
717663,0.21983930146900418
717664,0.9994873766552361
717665,0.9999403066674287
717666,0.9997902197793588
717667,0.9882931194579232
717668,0.3592193730231309
717669,0.9999429004209203
717670,0.7378880349922102
717671,0.9962049937239577
717672,0.3147768715831473
717673,0.37332667016314564
717674,0.8174552659550764
717675,0.5983294913063033
717676,0.11954066277238884
717677,0.3586606443172464
717678,0.9999323738720522
717679,0.9998727781522048
717680,0.9998541669790405
717681,0.9999840247181861
717682,0.3919599939333798
717683,0.9939561433213182
717684,0.9997713702168135
717685,0.9990939637243919
717686,0.9986910451004491
717687,0.9997725710652452
717688,0.999879015078418
717689,0.9901721086114077
717690,0.5117207147839065
717691,0.0668058889766492
717692,0.9999277358342772
717693,0.9664504454109518
717694,0.9962646973022642
717695,0.6602373831361159
717696,0.43822798826337095
717697,0.6188512637781948
717698,0.998422942291416
717699,0.9999489065843876
717700,0.1353550486893649
717701,0.6473439312573024
717702,0.9990143704084283
717703,0.9972430870246269
717704,0.5774817204886934
717705,0.2912593927473387
717706,0.008355464512005728
717707,0.9998791287714566
717708,0.9997853731987509
717709,0.9967381540278027
717710,0.9965569580193341
717711,0.9995130136960368
717712,0.7296034825768936
717713,0.9998454291215905
717714,0.9995227222264551
717715,0.3373433856130759
717716,0.9967908061068962
717717,0.6537627093981482
717718,0.9944532900258056
717719,0.15145155912117356
717720,0.8849574614058751
717721,0.06822717462873543
717722,0.3236941063539063
717723,0.28529647040851325
717724,0.7958583142726406
717725,0.012518026125918284
717726,0.01901596244714127
717727,0.9252790704871018
717728,0.9997266076281993
717729,0.9994451414515764
717730,0.7010240206187844
717731,0.9992094423248266
717732,0.345298788143574
717733,0.9962233355023946
717734,0.3692358095315643
717735,0.9668270545004298
717736,0.9767057831113314
717737,0.9999768407182226
717738,0.9997666233193205
717739,0.7900477358267189
717740,0.9945678385337087
717741,0.9573780950033807
717742,0.9998508520154401
717743,0.9996380651284748
717744,0.9997194879653426
717745,0.9999156367538466
717746,0.9361575520998977
717747,0.03291552810595251
717748,0.787018015215371
717749,0.7439521509936853
717750,0.022666955370306323
717751,0.7139115075512689
717752,0.9706101899509886
717753,0.9943675365865832
717754,0.5375641034461707
717755,0.8886833474167009
717756,0.9151445971626252
717757,0.9879834813946375
717758,0.4757963268451827
717759,0.8190728447392952
717760,0.9893524478518018
717761,0.8416446961977999
717762,0.33894062807735403
717763,0.12052051339705172
717764,0.9998862595340675
717765,0.9999629633755267
717766,0.9997980359609744
717767,0.15087708554713314
717768,0.9999139799136763
717769,0.42060664996139097
717770,0.9993314546722041
717771,0.9740223394279228
717772,0.998795979419888
717773,0.9887914458186563
717774,0.9968087327653112
717775,0.9992936161716656
717776,0.26838951855591897
717777,0.7711889062426824
717778,0.03097993845175335
717779,0.9998749019906097
717780,0.005228743918294468
717781,0.9999674472163269
717782,0.999755708352579
717783,0.9995220601635215
717784,0.018153674387108708
717785,0.9802018196700641
717786,0.9997788739027833
717787,0.9998032592719442
717788,0.9998992062526271
717789,0.6430092594460335
717790,0.9986262850389424
717791,0.22929625681661925
717792,0.020074237699494797
717793,0.27083976001497656
717794,0.0776574723794837
717795,0.29305701493188385
717796,0.9971757426479511
717797,0.6617489412280007
717798,0.9996099979266764
717799,0.8705675003212089
717800,0.9905875026086715
717801,0.9568831597896219
717802,0.024316484566596176
717803,0.977268233956588
717804,0.9951484079793209
717805,0.9997627820993664
717806,0.19659905472651984
717807,0.6358744672690338
717808,0.999951604528521
717809,0.9999419249802082
717810,0.33546374678619006
717811,0.5448493857488464
717812,0.7677314566221772
717813,0.7504259866706968
717814,0.018080571329587014
717815,0.06834340254595646
717816,0.9654597998654402
717817,0.5107471001311036
717818,0.997716804453347
717819,0.6483087680333481
717820,0.7738881538084476
717821,0.9999892551932922
717822,0.9992758486153241
717823,0.024331245923857228
717824,0.9996328132155403
717825,0.06028036248352381
717826,0.023598523624565965
717827,0.742385504652108
717828,0.4896761624370032
717829,0.9999455378945875
717830,0.9999552085266279
717831,0.9997401460458879
717832,0.6244031940436239
717833,0.999973440214438
717834,0.8992458725433263
717835,0.9966520349877945
717836,0.29878834907455376
717837,0.9924000835688446
717838,0.2287733412537647
717839,0.03813708216052507
717840,0.9821438477330273
717841,0.9972515905395936
717842,0.9981405508092335
717843,0.9999815078128658
717844,0.21778208984850828
717845,0.9883382256766023
717846,0.9996425379420852
717847,0.8720860436082478
717848,0.7606793246171552
717849,0.9966551522824215
717850,0.21031306101376146
717851,0.9998838614721609
717852,0.9999211294637079
717853,0.23683466910202633
717854,0.9965034659194607
717855,0.3459155342963714
717856,0.9966723860427553
717857,0.9999544748064464
717858,0.04796313018553382
717859,0.0237406064154354
717860,0.9901809996409844
717861,0.9985781772574016
717862,0.9444848607178586
717863,0.960848947961467
717864,0.9995355343153943
717865,0.19920019303724246
717866,0.9653397430163819
717867,0.9909217625932574
717868,0.02314807762350209
717869,0.9997623239043523
717870,0.05067418719670729
717871,0.9997653965455426
717872,0.9932300545098005
717873,0.3515586138660188
717874,0.0338511642795188
717875,0.9962372623076675
717876,0.3106415613699026
717877,0.8803532695305982
717878,0.5607861654996088
717879,0.9974296907435898
717880,0.7690465770164413
717881,0.05779992483255599
717882,0.6303348783452676
717883,0.9998974141015411
717884,0.027403962493863586
717885,0.9994731656424043
717886,0.19914753297151355
717887,0.027587728631622392
717888,0.9994312052034182
717889,0.9999145759503926
717890,0.999872406104401
717891,0.9996063012288956
717892,0.9439603861217856
717893,0.9996143429372428
717894,0.22870385028306214
717895,0.31304480402355733
717896,0.5992546318612408
717897,0.8995503805274304
717898,0.9882579114006749
717899,0.9997238520317688
717900,0.7201148812405875
717901,0.9993068110671458
717902,0.9999971433713808
717903,0.5581473213358021
717904,0.9994683005045782
717905,0.9311020589488265
717906,0.47759039658146607
717907,0.56795330401798
717908,0.27190891630501945
717909,0.5600916017016425
717910,0.6249479364817678
717911,0.7347067661347848
717912,0.6770069316069047
717913,0.9997045962485218
717914,0.7985096527741438
717915,0.11206436399238451
717916,0.9999619842761001
717917,0.004004444241695241
717918,0.3113297753829254
717919,0.7475878595332729
717920,0.18719615295136036
717921,0.4346871663465758
717922,0.05728149580227943
717923,0.6486728066190288
717924,0.9997852753254329
717925,0.9271664316964101
717926,0.5380456983930297
717927,0.9993203996916198
717928,0.045793492624627063
717929,0.007892187586500454
717930,0.3722145891896881
717931,0.4213487350028468
717932,0.5804916235457369
717933,0.4259554540443331
717934,0.4813496881743805
717935,0.9999946645451644
717936,0.11134586181598759
717937,0.05559739571338937
717938,0.9998371479694984
717939,0.9997019213102661
717940,0.4783992863677674
717941,0.9956897958081744
717942,0.976254691971491
717943,0.9305794429250269
717944,0.713824130043472
717945,0.9969326978537638
717946,0.9972031669275958
717947,0.7512674262785124
717948,0.033498596048172215
717949,0.9979878246027514
717950,0.9998204774144235
717951,0.7078871355163772
717952,0.03864884708335926
717953,0.8840735305651071
717954,0.016850245811329437
717955,0.07554702629362918
717956,0.12974195057161195
717957,0.998898229841837
717958,0.4282068745205273
717959,0.9922076255984466
717960,0.9282191301440313
717961,0.14120238584444794
717962,0.5369202095659598
717963,0.9998560379378965
717964,0.9260943551692101
717965,0.9996155532078745
717966,0.9996426806674257
717967,0.09133587637191287
717968,0.9850999087223148
717969,0.4468589300229816
717970,0.008299772622955563
717971,0.9997774726075397
717972,0.702070923065438
717973,0.23289620993579285
717974,0.9986826589394158
717975,0.34522783555449454
717976,0.9998019118900223
717977,0.015375316993689108
717978,0.5402169331100191
717979,0.9633669586549145
717980,0.04146970931989019
717981,0.9981278488652467
717982,0.9999688201121112
717983,0.6242846095777872
717984,0.9982264913939501
717985,0.5911780462526881
717986,0.9997725792926192
717987,0.9090619184868929
717988,0.9909010956785105
717989,0.9634179817890167
717990,0.9998438789766293
717991,0.16766989477456445
717992,0.9916007517266836
717993,0.9990666279989806
717994,0.39966886221243536
717995,0.02239624407383505
717996,0.999796265637996
717997,0.016339017645069082
717998,0.40927934168626545
717999,0.16678484268890587
718000,0.9981776812757306
718001,0.0619506025070968
718002,0.9999845983318052
718003,0.6927440795298371
718004,0.6563026945497119
718005,0.0729393921224188
718006,0.6806165956216514
718007,0.003519946872847444
718008,0.33381244258141335
718009,0.009727898769675754
718010,0.9912256990406122
718011,0.7728376937660474
718012,0.9999276969711702
718013,0.9929923314994091
718014,0.9991502531679364
718015,0.9973008456093878
718016,0.38037887669848036
718017,0.9957102376690969
718018,0.03674628281334598
718019,0.9965421779706986
718020,0.7337793843833634
718021,0.8011334818241596
718022,0.9999214713761051
718023,0.2241831708273846
718024,0.5724165562569615
718025,0.8142900139561409
718026,0.9999909431743843
718027,0.9816814585581581
718028,0.9302346087040962
718029,0.9957965756132117
718030,0.6446374400494067
718031,0.989905904210501
718032,0.9995250155588565
718033,0.6752519242850712
718034,0.9987757649744706
718035,0.9882351772174818
718036,0.1931247040374402
718037,0.00412302135184276
718038,0.2897342857640758
718039,0.998306514638365
718040,0.9986235040519553
718041,0.995106492191224
718042,0.8064284424129179
718043,0.09727301090681842
718044,0.9934846787308712
718045,0.9479062996664818
718046,0.5336726873646871
718047,0.5485803310762223
718048,0.1634509290701533
718049,0.23196445700301926
718050,0.7466929668161506
718051,0.9996898010015767
718052,0.9884768939233373
718053,0.1362646258388559
718054,0.09321271465177305
718055,0.9682480669892052
718056,0.019443302951376605
718057,0.3087720360567327
718058,0.9559464942161611
718059,0.9999386711298153
718060,0.9962066616051892
718061,0.9486866142991557
718062,0.6067844868830177
718063,0.05515968632354035
718064,0.9966858924920555
718065,0.9649472483665034
718066,0.0090158019147243
718067,0.11719567526088427
718068,0.2290380867656904
718069,0.9252401551972018
718070,0.9366002451864825
718071,0.7397569838795429
718072,0.98784079803579
718073,0.9998701911191451
718074,0.5927096654089807
718075,0.20029543515672882
718076,0.9857864436167656
718077,0.996357333385594
718078,0.16207495133233452
718079,0.44419383659151845
718080,0.8433853348067549
718081,0.9998209261124815
718082,0.9990739839683106
718083,0.9887179983489673
718084,0.6710728109462925
718085,0.5301386577302006
718086,0.6321323475854491
718087,0.05006724546398367
718088,0.9940978961172258
718089,0.999773885019337
718090,0.9995619803393045
718091,0.13685566636939256
718092,0.95652774273609
718093,0.9524472909371531
718094,0.9985929369369723
718095,0.9999281804338193
718096,0.04297370502151958
718097,0.47978461235086267
718098,0.21316020085154358
718099,0.9938312440939125
718100,0.006244891189556982
718101,0.9935028699774111
718102,0.10225357392295298
718103,0.9988713167057566
718104,0.9990610140692457
718105,0.10433515567522589
718106,0.1971773750592874
718107,0.2872191115572232
718108,0.9999057347408478
718109,0.9991240809540145
718110,0.022391655297721982
718111,0.999969343301061
718112,0.9962128913087502
718113,0.3082756968274447
718114,0.575446558786739
718115,0.9784583516403697
718116,0.999863861360414
718117,0.9566519639928289
718118,0.06624994169530633
718119,0.06960513255218016
718120,0.058555752678408554
718121,0.7218895083583075
718122,0.9720228933956627
718123,0.45098174835259625
718124,0.9998646325020071
718125,0.999983909478085
718126,0.9991686895458065
718127,0.3297255462089053
718128,0.9990443182051444
718129,0.9981620832183487
718130,0.48108141572720925
718131,0.6095744375999479
718132,0.9863174567432673
718133,0.9999760276787706
718134,0.06375686937062088
718135,0.9983463066594997
718136,0.8885095494715167
718137,0.5699463569796404
718138,0.06353196729635426
718139,0.004403090428576789
718140,0.9038493516169746
718141,0.9999193873155869
718142,0.9994481991644926
718143,0.06781393541593775
718144,0.13664489824942552
718145,0.41496790708951004
718146,0.34594767562939355
718147,0.931622936498472
718148,0.8414808519606508
718149,0.13580171417313977
718150,0.9999236487245697
718151,0.10157935240408049
718152,0.9998615167421994
718153,0.998980711261178
718154,0.005190777806301542
718155,0.05960474764373242
718156,0.9806239342059982
718157,0.998929145774443
718158,0.056028308502301324
718159,0.9997164919320116
718160,0.4853288349631278
718161,0.11916454581346098
718162,0.7143015174067086
718163,0.4204925903942384
718164,0.9999848605834323
718165,0.9847010694846687
718166,0.03279587440671179
718167,0.9814737560737178
718168,0.9992874601102759
718169,0.9987162788756154
718170,0.8779060681124238
718171,0.9191701888002254
718172,0.21310597995241826
718173,0.76220488148694
718174,0.9941481887274883
718175,0.9999827461362191
718176,0.282751692208989
718177,0.9983485854291865
718178,0.6605951506220384
718179,0.8156610723215308
718180,0.9998974298979985
718181,0.999940597248835
718182,0.9894944649031997
718183,0.15032602035556808
718184,0.12330673435749451
718185,0.38127802804532707
718186,0.038040427704686956
718187,0.6390894358487221
718188,0.26613771166852285
718189,0.2861046517208501
718190,0.7329748566466965
718191,0.30983638634674493
718192,0.999996958492903
718193,0.04588253091096382
718194,0.059784515948751456
718195,0.22526095756367764
718196,0.804075628272175
718197,0.9971893782782916
718198,0.36283483141791273
718199,0.999111113121057
718200,0.9997712589634875
718201,0.11477074092789841
718202,0.9999312325394728
718203,0.8395152563416861
718204,0.6589914329234006
718205,0.7718902395635842
718206,0.23691448914955432
718207,0.3056696073871435
718208,0.9953233982798922
718209,0.609298318016587
718210,0.9886897503907073
718211,0.07816818733731347
718212,0.042092563549082876
718213,0.9079530393059354
718214,0.9918945931041316
718215,0.09298673635405506
718216,0.47224125326060695
718217,0.9980656949537529
718218,0.7714940463867942
718219,0.9996814283399968
718220,0.9548899855594579
718221,0.9984252865789595
718222,0.9991595385350378
718223,0.9928024278961649
718224,0.2778011923701725
718225,0.9792905699227868
718226,0.060400831826494444
718227,0.9962357052555473
718228,0.9974081716680915
718229,0.9996407083998555
718230,0.9997689201892315
718231,0.9861909574271426
718232,0.1587966254383997
718233,0.9744964647789334
718234,0.9990376778488279
718235,0.969620491533868
718236,0.012804561402630789
718237,0.4136335531193467
718238,0.9781661759209797
718239,0.6040043072833563
718240,0.9948867898786521
718241,0.9998699380640721
718242,0.6741601198613347
718243,0.41482775848472736
718244,0.0055919545559930724
718245,0.9924836197124274
718246,0.8034159157077262
718247,0.8326038908411616
718248,0.8175730562228005
718249,0.999805269853132
718250,0.06974289766572694
718251,0.9500847881342291
718252,0.033639793931187524
718253,0.9994552649415456
718254,0.9999894822504263
718255,0.9996768687609543
718256,0.5218355280347879
718257,0.9899614679927392
718258,0.9993776231060576
718259,0.9996132906469282
718260,0.9999527815696359
718261,0.8626789443986844
718262,0.9990801279043036
718263,0.8904490608666542
718264,0.06772803380586846
718265,0.3347944459107392
718266,0.999868427773028
718267,0.9590136183792061
718268,0.6190958189195155
718269,0.6849066078458794
718270,0.9962871686222727
718271,0.9680685242986533
718272,0.03523873597854989
718273,0.6463974722836698
718274,0.6656146005527118
718275,0.7348893770560516
718276,0.9975266298630473
718277,0.9986611639678112
718278,0.6101132851592326
718279,0.031347464941226776
718280,0.8378385890146409
718281,0.9081257139535288
718282,0.8321853027019951
718283,0.9998953509196942
718284,0.9054350303916504
718285,0.9965863712707089
718286,0.9956575504828415
718287,0.6296985790175477
718288,0.9904046374144382
718289,0.9553405025004524
718290,0.9997847397203542
718291,0.8672188210749148
718292,0.11085015597597225
718293,0.08516170617049763
718294,0.7644216816586431
718295,0.9999428428782591
718296,0.19885222424220014
718297,0.9997844636942552
718298,0.08855297061797054
718299,0.3599949207902233
718300,0.9999756885142855
718301,0.9999496319360959
718302,0.1652640311077267
718303,0.8682308003388344
718304,0.3223740556230835
718305,0.25555049096615806
718306,0.4929785591607089
718307,0.9785870228768472
718308,0.2117783812779592
718309,0.999752246660935
718310,0.9998011169978287
718311,0.8520102080603866
718312,0.9902015921294756
718313,0.9952660382739804
718314,0.9998958092021482
718315,0.7970364546349125
718316,0.25820310260705526
718317,0.9989591360685716
718318,0.5946519120855009
718319,0.5569727976851251
718320,0.9912122362075744
718321,0.9941748928911972
718322,0.9996712071524974
718323,0.09092304854323126
718324,0.01711432299676186
718325,0.01588981229572658
718326,0.9805599885061225
718327,0.925961767396439
718328,0.10496499244997853
718329,0.189407774808205
718330,0.924372280854484
718331,0.06781733472061052
718332,0.9999970039548057
718333,0.93055833839645
718334,0.9969142527368928
718335,0.9986656147241764
718336,0.9999698327487375
718337,0.9993165820157233
718338,0.9998155658948725
718339,0.026204591266943546
718340,0.8062948314673652
718341,0.849546626670587
718342,0.9973334766020165
718343,0.9996763007909218
718344,0.13045832340726618
718345,0.07971342783004234
718346,0.41469317135216055
718347,0.9884767123073511
718348,0.47585873081985974
718349,0.9996981070386985
718350,0.999562067744135
718351,0.9998361722857556
718352,0.99098461987607
718353,0.9863422556401553
718354,0.9989981468459813
718355,0.8246757192643905
718356,0.24648567801518456
718357,0.9998699326645015
718358,0.9984543102936451
718359,0.9714346867882175
718360,0.8000683259003629
718361,0.913260390840869
718362,0.6651277496833035
718363,0.8732769162696536
718364,0.0025016109443532775
718365,0.9585726362197922
718366,0.9985800933051627
718367,0.32207745101013097
718368,0.444240016480735
718369,0.9939791907399309
718370,0.9990669624416332
718371,0.0494671720955694
718372,0.023341765917913215
718373,0.3729744188251093
718374,0.0754360453729025
718375,0.04358339966488574
718376,0.9835990642409559
718377,0.6905927520735203
718378,0.9871849456703873
718379,0.33470529661745696
718380,0.03775897427558049
718381,0.0848572293747934
718382,0.18905345134670568
718383,0.14559983150596792
718384,0.9995915319740922
718385,0.9857281160484119
718386,0.9859138033889838
718387,0.9888604090424455
718388,0.9614588215001258
718389,0.846007761983097
718390,0.9999661758614026
718391,0.9999260254892979
718392,0.12683989728317518
718393,0.9988192856932363
718394,0.7033672644429261
718395,0.9998745278334136
718396,0.7053940834112309
718397,0.9995712036855595
718398,0.9974686766978611
718399,0.5596873748398281
718400,0.9588821403605345
718401,0.0887246261045069
718402,0.9999753179396287
718403,0.06978025841932627
718404,0.9957939498594529
718405,0.45701175947647554
718406,0.6982156324031741
718407,0.8780414373078527
718408,0.9999687247428417
718409,0.021330018549854696
718410,0.9470781590845712
718411,0.9964717591907057
718412,0.9917414835354592
718413,0.9810249884038799
718414,0.7511350179112278
718415,0.9824029814266078
718416,0.819972362396063
718417,0.45556047138692635
718418,0.9988292397503913
718419,0.9937461870083841
718420,0.8528715461898417
718421,0.5307245082141288
718422,0.999942851018675
718423,0.09845821630073534
718424,0.9940311921959678
718425,0.15626576994724448
718426,0.9982154609465872
718427,0.18952113235562906
718428,0.9421107396261836
718429,0.06658268383800077
718430,0.8412004509413763
718431,0.9999768943147962
718432,0.19793663605452633
718433,0.690205143923994
718434,0.9997406998350572
718435,0.999942216165242
718436,0.7644395008897056
718437,0.9915960525218185
718438,0.04048488996350085
718439,0.10474207657786522
718440,0.1640088560280909
718441,0.9997717126079677
718442,0.39410163612840365
718443,0.49922296155078344
718444,0.3641919980158978
718445,0.06513110725723488
718446,0.028902628131853403
718447,0.08290843507140283
718448,0.8794943392034562
718449,0.9757323438127248
718450,0.005276021241885493
718451,0.9992021445999784
718452,0.06817737032687046
718453,0.9998504983705727
718454,0.9950405061650995
718455,0.031040050809734016
718456,0.9980329282982698
718457,0.9254494176970467
718458,0.9998714726002518
718459,0.12052012110303201
718460,0.995572469468691
718461,0.9834041573283507
718462,0.05151010128955214
718463,0.7691000890198544
718464,0.999931983345492
718465,0.7629019046238014
718466,0.9998937767068022
718467,0.6253193031909722
718468,0.9973538841794258
718469,0.9786946872820246
718470,0.1819231393970015
718471,0.9994692403956198
718472,0.1344198471759498
718473,0.6249708628404659
718474,0.9994123063670588
718475,0.9999287375425427
718476,0.9833415273778433
718477,0.9939443666408498
718478,0.9982172633434047
718479,0.973475672273585
718480,0.0035189456521318137
718481,0.3084652229533229
718482,0.9915154583732644
718483,0.9932545257524539
718484,0.593320768344409
718485,0.8097259782810543
718486,0.9993937380622884
718487,0.6023188066566378
718488,0.021269936579771474
718489,0.23017467173116068
718490,0.08386310683426768
718491,0.9994846692850753
718492,0.9999852124507235
718493,0.013968579174438767
718494,0.9990614384772322
718495,0.3359530865836216
718496,0.9907824524444109
718497,0.9769612372426086
718498,0.8875915987060784
718499,0.9843291421931795
718500,0.013875044751313823
718501,0.6469894820568667
718502,0.8909776534529819
718503,0.948226833490581
718504,0.867016580322137
718505,0.9997259130379866
718506,0.9758009909880156
718507,0.996831159922388
718508,0.006277418913329728
718509,0.5068318724063217
718510,0.9999139424420622
718511,0.9995050755053327
718512,0.9974567816635678
718513,0.9999697962568271
718514,0.7967501019465288
718515,0.999592648917763
718516,0.03813730152607167
718517,0.9997590464873432
718518,0.9543911435613271
718519,0.9998386058624993
718520,0.6819484934450072
718521,0.9991502300592389
718522,0.06076533116298768
718523,0.9999391776994873
718524,0.9998319997436058
718525,0.9997635650441739
718526,0.9524835575318717
718527,0.9999612911934298
718528,0.9570064087740178
718529,0.18363077657208848
718530,0.9325959913548654
718531,0.9996281699440996
718532,0.8320549315488217
718533,0.9704982977005384
718534,0.9447233702427946
718535,0.7724370128134886
718536,0.5502693138948024
718537,0.7083303252652011
718538,0.1864946641698348
718539,0.9992684398713848
718540,0.5453639592566327
718541,0.2255077204874159
718542,0.9999926051599994
718543,0.9920768214330087
718544,0.04366950131185684
718545,0.8892299951408487
718546,0.9978041437051316
718547,0.9998607793044371
718548,0.08644588399681716
718549,0.6802488590982632
718550,0.9973985923995082
718551,0.9996804241667323
718552,0.9985755924648925
718553,0.5642416446898042
718554,0.916415567598566
718555,0.8013498284245176
718556,0.9674255061560585
718557,0.9997045654922057
718558,0.9935975496815748
718559,0.9999479274325505
718560,0.9998559557164775
718561,0.9984076493863918
718562,0.2093353264571876
718563,0.9998477300972551
718564,0.6845007001772621
718565,0.3098449580558742
718566,0.9992712918823992
718567,0.9978499499289516
718568,0.06352166625495378
718569,0.41374783196665343
718570,0.9582704730275997
718571,0.9990187509549442
718572,0.9523035935978033
718573,0.7141737712762004
718574,0.9696970945102884
718575,0.6381582959110682
718576,0.9996145070207063
718577,0.07735991982584829
718578,0.9922631569782803
718579,0.9962663933583418
718580,0.9484058254628174
718581,0.9985677908791208
718582,0.993692144752311
718583,0.3217284956605479
718584,0.568262399858576
718585,0.9994127814394295
718586,0.7672305343531789
718587,0.6177135659172297
718588,0.9999844287966553
718589,0.7745285498854255
718590,0.01975925911637572
718591,0.9958836917534143
718592,0.9999765874307904
718593,0.9277009946819733
718594,0.4443874920679225
718595,0.9703262197797113
718596,0.9905789571406156
718597,0.2738710249307035
718598,0.9998213114939263
718599,0.8692993547986261
718600,0.03834609570783503
718601,0.999991552540261
718602,0.9990299891766313
718603,0.9994892616644329
718604,0.8037001383564575
718605,0.9976686713738699
718606,0.9965360111155682
718607,0.9998062412759288
718608,0.9985961146390612
718609,0.24997233753347503
718610,0.5042688048076522
718611,0.925498008791537
718612,0.6000995775734075
718613,0.3605801723536438
718614,0.9998712935208647
718615,0.9433670833442336
718616,0.90857318401282
718617,0.02792516348068448
718618,0.5736061569375602
718619,0.01309927502302665
718620,0.12336360027010346
718621,0.38747415269547725
718622,0.016116860136249717
718623,0.3932516590046414
718624,0.9684507179004042
718625,0.9933704737957487
718626,0.06610933591265025
718627,0.9997621172750357
718628,0.9992303021624074
718629,0.9922832484544601
718630,0.9298723758476726
718631,0.5929228537584853
718632,0.9995071128904751
718633,0.7988141809685942
718634,0.9999827956004486
718635,0.9735078687344243
718636,0.7005145719362214
718637,0.3617522946861569
718638,0.44288261193274125
718639,0.8818123341191774
718640,0.021424986814391117
718641,0.9126178887233114
718642,0.14228793412998428
718643,0.9996723781719893
718644,0.561090208146311
718645,0.5629242697218871
718646,0.9999204061754522
718647,0.27983955717328207
718648,0.6456130010636942
718649,0.9997061612082254
718650,0.995905904773596
718651,0.8335175520554401
718652,0.37109566241625175
718653,0.8207873721617613
718654,0.23878024990835012
718655,0.9678410931022667
718656,0.9520805029399286
718657,0.6841815086574679
718658,0.31269338824725634
718659,0.3611306785480346
718660,0.9997074716601688
718661,0.7059949022668626
718662,0.9848413669354402
718663,0.014413850120730917
718664,0.6591269045653937
718665,0.9741877266640414
718666,0.9999831951046863
718667,0.9988654478174854
718668,0.9960583789874671
718669,0.4877143298159027
718670,0.9550154155650576
718671,0.9899780392747924
718672,0.9996831557825858
718673,0.9997933878325245
718674,0.9998285174382792
718675,0.503424989460041
718676,0.9993654578369374
718677,0.4541721676750761
718678,0.6995607655298873
718679,0.9723720364944007
718680,0.14603480217032136
718681,0.999728765955701
718682,0.9965677120127793
718683,0.9917527256819783
718684,0.3667570324007472
718685,0.9997448989818507
718686,0.24084524950660505
718687,0.3540795851271027
718688,0.9979176402759692
718689,0.3606786235533645
718690,0.5094807819120681
718691,0.9227997482347046
718692,0.9994858710280686
718693,0.5379429603618244
718694,0.008047445437783336
718695,0.9852845599375677
718696,0.5748187854695975
718697,0.9695506151927475
718698,0.3958787429912903
718699,0.8025840384660399
718700,0.8827794191471716
718701,0.9665745537657415
718702,0.1289107731442447
718703,0.9926028690418962
718704,0.8060809991030883
718705,0.9767408059971805
718706,0.9998543853512291
718707,0.7654495912228503
718708,0.42100206174477023
718709,0.9999069790983657
718710,0.9855793471312579
718711,0.1704652810408556
718712,0.2752006671063171
718713,0.9773679278538006
718714,0.6451123401888942
718715,0.999894385278049
718716,0.47120264394510825
718717,0.3850729080322042
718718,0.9998157320237293
718719,0.8248579864931748
718720,0.03416242790757872
718721,0.9885265187307597
718722,0.436050837572694
718723,0.9997130509871157
718724,0.9944872488498919
718725,0.9927512637389058
718726,0.5940219200552939
718727,0.9955553154570994
718728,0.9991300605289783
718729,0.9986130956225453
718730,0.9995818233265504
718731,0.5265107995585088
718732,0.22942620992534835
718733,0.9990211850783489
718734,0.999933553164241
718735,0.2090873622210176
718736,0.29763711660345316
718737,0.29054173207846273
718738,0.9719809360504262
718739,0.72474481389943
718740,0.6166112558554384
718741,0.9497507787857798
718742,0.36830843745381964
718743,0.9996643658781279
718744,0.8346450428822083
718745,0.9991883873307005
718746,0.9824431111254298
718747,0.3181677577099811
718748,0.06487496097686718
718749,0.06546083549100237
718750,0.9983553853189968
718751,0.9897098803476886
718752,0.19700379176413174
718753,0.8799178787900586
718754,0.9999135706294711
718755,0.9974287139022119
718756,0.9657753501085995
718757,0.9932101229944178
718758,0.999886653993546
718759,0.26424057689011793
718760,0.5212812845220481
718761,0.999988591433525
718762,0.9958504810336363
718763,0.8818041278849589
718764,0.30382354015547697
718765,0.9992426261616646
718766,0.9826992496973799
718767,0.6669210085648727
718768,0.9962648369597694
718769,0.9943180283997874
718770,0.9999910762024302
718771,0.4817689006425943
718772,0.9998508830723757
718773,0.09264655034563044
718774,0.892361974566376
718775,0.751350809608798
718776,0.9730539705043626
718777,0.9829543011040383
718778,0.7933678333825768
718779,0.9998997477339554
718780,0.7518315290851754
718781,0.999771588883346
718782,0.9948806656354905
718783,0.9997631671849693
718784,0.4302779596796107
718785,0.21526652729499834
718786,0.7835718839448642
718787,0.7276707937649362
718788,0.19226324654126722
718789,0.8071721464785001
718790,0.9999110535358722
718791,0.9991589183011059
718792,0.9998488903544153
718793,0.9909931798410976
718794,0.6302338212538284
718795,0.9999673190941033
718796,0.6084657191376568
718797,0.3620575058545795
718798,0.9719342118245675
718799,0.8615444492726987
718800,0.6887003774652324
718801,0.3185799149223937
718802,0.9999437909287613
718803,0.6531193871316809
718804,0.6835646715550803
718805,0.9472665049968672
718806,0.6872507090259942
718807,0.9265152321727854
718808,0.3201635968113539
718809,0.9938350610311518
718810,0.983398306258489
718811,0.6634485980985647
718812,0.8140575284308256
718813,0.014961300285650781
718814,0.7572558328114974
718815,0.9984233352669447
718816,0.07478770264263587
718817,0.9895275431266207
718818,0.9922137001212261
718819,0.9995949955724697
718820,0.9005923626521974
718821,0.9999611210235577
718822,0.5262117581700314
718823,0.9999761287691675
718824,0.9224577207167247
718825,0.999681346055217
718826,0.9985141233870118
718827,0.9989921924034778
718828,0.8246005815786999
718829,0.9999910144100403
718830,0.9982471017628336
718831,0.13920289734199942
718832,0.994868706598736
718833,0.977920701149657
718834,0.9993339872271527
718835,0.10371179330498906
718836,0.9893563849449919
718837,0.9884051080557195
718838,0.06413404910247851
718839,0.8887196553991721
718840,0.5761642489071305
718841,0.06288870617349988
718842,0.9998460151746196
718843,0.8460198868976494
718844,0.9992896019470683
718845,0.3695306194499298
718846,0.08136932612213298
718847,0.4022478370219795
718848,0.8483982954376443
718849,0.9995032773115562
718850,0.7638048123622354
718851,0.01439477532362299
718852,0.6476813018812071
718853,0.09670044709201675
718854,0.9999286163479675
718855,0.965219522569903
718856,0.998851500602977
718857,0.9998085530305916
718858,0.9967001611265265
718859,0.016393964702125317
718860,0.6738635227904183
718861,0.01636346266075861
718862,0.998493581412324
718863,0.9998338604122387
718864,0.07564695716312653
718865,0.7125545015150165
718866,0.9999536105938351
718867,0.992250156203747
718868,0.9998067653280013
718869,0.68180878692107
718870,0.6125418317848691
718871,0.00454567014952764
718872,0.7914100083357103
718873,0.993830600913901
718874,0.8682486412077663
718875,0.02347103809911136
718876,0.39414425791426255
718877,0.7769505865588167
718878,0.9998323574173027
718879,0.9992511489396956
718880,0.4879197294544061
718881,0.42066854277205656
718882,0.9818214817997432
718883,0.9791587628961604
718884,0.9998636970135635
718885,0.9998241071037677
718886,0.9975526501477914
718887,0.9995927997666036
718888,0.9753764535111944
718889,0.9998416260687474
718890,0.9986936707922471
718891,0.998520709526001
718892,0.7434670955366599
718893,0.9907825239787416
718894,0.9545595087713962
718895,0.8298148007653083
718896,0.7611298125403254
718897,0.10397951071341943
718898,0.8284724091587362
718899,0.01244225574788789
718900,0.3414289747053014
718901,0.9978443300383883
718902,0.5041742250465326
718903,0.09440304156787162
718904,0.2947606527124503
718905,0.23740499956294311
718906,0.047098866986803344
718907,0.9943646649598481
718908,0.9999559930919755
718909,0.9792344382642768
718910,0.21729410921060865
718911,0.667068132083795
718912,0.09526927441204709
718913,0.849530388555189
718914,0.03418638566744879
718915,0.37662219420148135
718916,0.006934454390998714
718917,0.9913741169309672
718918,0.843578971380332
718919,0.06695963375077121
718920,0.6978158223100897
718921,0.9959514134174017
718922,0.2118901215215299
718923,0.15164421810431036
718924,0.041650166542624274
718925,0.32711740249489096
718926,0.9500488492752549
718927,0.9500449374902868
718928,0.3804490824589455
718929,0.834848561728835
718930,0.9992926869817103
718931,0.06662254419521367
718932,0.9958539745042116
718933,0.9938370126787319
718934,0.9983244858771838
718935,0.9999855379021239
718936,0.3020960611649719
718937,0.9999523666232939
718938,0.11226457691376918
718939,0.9792190473642703
718940,0.997100863377574
718941,0.49718602520630395
718942,0.7518919135657739
718943,0.033312561363033344
718944,0.5815359008286732
718945,0.958262586136766
718946,0.015753281409246426
718947,0.9526959464133791
718948,0.9944141683192118
718949,0.9784839435138357
718950,0.9999441860677188
718951,0.13878795119888204
718952,0.999927159599872
718953,0.009332606704837373
718954,0.9994923034649624
718955,0.137713338238528
718956,0.005920133352053398
718957,0.5687180120406289
718958,0.04653971949110618
718959,0.7254570724650564
718960,0.5544580345592375
718961,0.11718403534653836
718962,0.5784923871530951
718963,0.9998346474619998
718964,0.9765055094499232
718965,0.8753768305381573
718966,0.9999445381823755
718967,0.038017862414290934
718968,0.02579887581140196
718969,0.9999677829504542
718970,0.9995415960367747
718971,0.663169529892037
718972,0.9312168679145906
718973,0.9999765794950528
718974,0.8108614895351152
718975,0.9973549390198897
718976,0.9951955196853163
718977,0.9964615876855665
718978,0.9986579171133381
718979,0.8624954226812873
718980,0.9994040614950381
718981,0.21281271206537822
718982,0.616383846203553
718983,0.9980775318045702
718984,0.8905648176011849
718985,0.9999706845943521
718986,0.2327823380108155
718987,0.2531406475917811
718988,0.9983805180459577
718989,0.9698051932900309
718990,0.858149041330794
718991,0.6094919142271522
718992,0.5789534632019354
718993,0.44173983986144594
718994,0.9999457157122214
718995,0.983054404153628
718996,0.7305120278111898
718997,0.7034344716081118
718998,0.9998608421059121
718999,0.9421212424973155
719000,0.8511063566032969
719001,0.3366020274322057
719002,0.011809773061383665
719003,0.9985408723805997
719004,0.024220032194130568
719005,0.4833408653731766
719006,0.9135792814628801
719007,0.8537447732186022
719008,0.9987978997008781
719009,0.9964417827583788
719010,0.8044479286679201
719011,0.3879298052938722
719012,0.9999170079411936
719013,0.8266013431887672
719014,0.9999764503137321
719015,0.9950211291252182
719016,0.995131132058525
719017,0.9994421490072158
719018,0.9999186037505847
719019,0.9998464141333854
719020,0.5443374556344766
719021,0.986068997675096
719022,0.03113672991223625
719023,0.9998141904240903
719024,0.8924791353747996
719025,0.9994943401072087
719026,0.9906852468660129
719027,0.5149344202459422
719028,0.7807315820374088
719029,0.21638301670976526
719030,0.009333715802322777
719031,0.9923507442697748
719032,0.07736147393960117
719033,0.9969317024722733
719034,0.9194360379327213
719035,0.894502210739742
719036,0.34075452986901256
719037,0.9973402399080358
719038,0.9999702668827506
719039,0.9448090219323324
719040,0.17668331419115196
719041,0.999429795596529
719042,0.9989258171785194
719043,0.9997782541965947
719044,0.9899470446832619
719045,0.009444484415537227
719046,0.994666145301517
719047,0.03175455273703109
719048,0.7457092607844262
719049,0.24951974614602235
719050,0.9962476016720402
719051,0.02713135924383249
719052,0.22561742120784556
719053,0.9998997480858007
719054,0.5168965597236281
719055,0.11176371953728349
719056,0.9907398777869614
719057,0.6188543491360882
719058,0.006946971695997775
719059,0.5894482456490125
719060,0.1276970590193985
719061,0.9988929742605404
719062,0.9654425365097772
719063,0.9998829788515449
719064,0.9564019840630091
719065,0.9988889951838532
719066,0.9449373279572778
719067,0.06382243628448468
719068,0.9916623765622485
719069,0.33288319601012983
719070,0.3398885912612124
719071,0.5703713151751394
719072,0.8343264924049474
719073,0.9411015973531602
719074,0.9997471537028455
719075,0.9795886535472235
719076,0.14155049201432646
719077,0.9997899828174341
719078,0.9820922585834027
719079,0.8498683454028224
719080,0.4912310636214853
719081,0.21733376442740296
719082,0.9995258670328604
719083,0.9998469842930664
719084,0.9994673313980806
719085,0.5843169559843504
719086,0.16521297254644265
719087,0.9995945841855876
719088,0.4686098518082672
719089,0.2569071762417561
719090,0.35922745739130707
719091,0.9999890561131966
719092,0.024964225266308936
719093,0.6604744029669654
719094,0.7856090130086251
719095,0.016180278848137424
719096,0.9750811123624858
719097,0.9380115805237308
719098,0.14704358657780273
719099,0.27839501234745206
719100,0.7470420883502447
719101,0.8949803834496903
719102,0.4137697761435018
719103,0.999820439394419
719104,0.9898195280749389
719105,0.9924139471060975
719106,0.6656307996442904
719107,0.999237238939746
719108,0.7762932311664797
719109,0.999795005596551
719110,0.8122697660666343
719111,0.9933384368199301
719112,0.5593381956409991
719113,0.9637828897040237
719114,0.9951967850972347
719115,0.9996994406515504
719116,0.9999896249834082
719117,0.677859833249882
719118,0.7366622435176978
719119,0.008742480885077501
719120,0.03180488228078779
719121,0.9906418532752996
719122,0.9995193083000866
719123,0.990901870246597
719124,0.20330257728713644
719125,0.07861110091188492
719126,0.40272969691735433
719127,0.8990495981961546
719128,0.034781879895971514
719129,0.9884351234569921
719130,0.8108950353360683
719131,0.9985350047087068
719132,0.9915027003397172
719133,0.0056226504729765675
719134,0.9976782191758051
719135,0.1636787237957003
719136,0.9431674944848363
719137,0.9995635681450222
719138,0.05126022531645926
719139,0.9992126499189323
719140,0.01854590513803727
719141,0.016257583890129355
719142,0.09625877292674459
719143,0.8689180211219011
719144,0.8330403245996327
719145,0.9972637633849208
719146,0.6178315541699567
719147,0.9998979728566773
719148,0.8940285155917171
719149,0.8800233343571366
719150,0.9996478198102108
719151,0.17924624501349046
719152,0.7020503043152064
719153,0.9999585316887696
719154,0.0582784863292717
719155,0.9661029455133571
719156,0.9917521464964933
719157,0.4651920749788018
719158,0.7345801767358382
719159,0.9981588270834324
719160,0.9900969387498457
719161,0.4319339999416274
719162,0.0882750619983978
719163,0.9996576187580101
719164,0.9999822511165627
719165,0.9998554212013233
719166,0.9954506706011672
719167,0.9999578135576996
719168,0.3042890916310692
719169,0.9987278430254865
719170,0.4931906042622943
719171,0.9826739391202355
719172,0.9698502081615319
719173,0.9999831173896978
719174,0.9317059333227555
719175,0.9643960606154889
719176,0.9939403727412695
719177,0.999737186840387
719178,0.9990448632334125
719179,0.9965183803059748
719180,0.9080862100944034
719181,0.12542471090273877
719182,0.5103667218621628
719183,0.7333026343380349
719184,0.998984643089786
719185,0.5982662569336933
719186,0.9971699450190941
719187,0.9652931978882789
719188,0.6324586176434616
719189,0.9717789776213376
719190,0.9999976820238075
719191,0.385295964459865
719192,0.06891140278688576
719193,0.2762082979590631
719194,0.9872433778092474
719195,0.44283197261868584
719196,0.06517509590102168
719197,0.9997666330931183
719198,0.987092708978115
719199,0.3269926422968368
719200,0.9994092393672567
719201,0.5503489559929822
719202,0.7313415452440623
719203,0.8448077380010257
719204,0.7413810826302605
719205,0.9983790878609474
719206,0.6127571668274626
719207,0.4365788571435821
719208,0.9998872054810661
719209,0.030772080280964453
719210,0.1376209348848042
719211,0.9920878939304179
719212,0.9994909759615953
719213,0.01376959953572022
719214,0.4943320853308492
719215,0.09387029797584966
719216,0.9995128834499587
719217,0.9431969181211192
719218,0.17729339017463452
719219,0.9950346167443938
719220,0.9994573839679246
719221,0.9980980081593137
719222,0.026219678558706792
719223,0.831249241211024
719224,0.9995991261000664
719225,0.9996922325753625
719226,0.04874791122344919
719227,0.9942450649820118
719228,0.6259383320577432
719229,0.9998093895566459
719230,0.9994572216553093
719231,0.9925790052684236
719232,0.6656137846361451
719233,0.6262253712236308
719234,0.9972872191144693
719235,0.7979777621721109
719236,0.9511838807996328
719237,0.9989226098795849
719238,0.24163238329680103
719239,0.6544190689249447
719240,0.69728334599219
719241,0.012124909390698125
719242,0.4657449077187459
719243,0.23782387996522272
719244,0.9983714691526087
719245,0.18261683411272014
719246,0.8926067485208464
719247,0.8493202077616516
719248,0.9989399619009861
719249,0.9954191962574983
719250,0.9987564368236768
719251,0.8805952279114935
719252,0.9999718764654049
719253,0.285460241467146
719254,0.8156989633669279
719255,0.9971453593625494
719256,0.1112907228740926
719257,0.9998993383973152
719258,0.8166721106219126
719259,0.07148718692984886
719260,0.8929867009122596
719261,0.9975811439596982
719262,0.9049693978085511
719263,0.9468391890071917
719264,0.32700527861171247
719265,0.654501835958065
719266,0.08500312915330659
719267,0.26759113025766773
719268,0.9999675685013477
719269,0.9996199693555644
719270,0.1145435460760931
719271,0.8070285692737372
719272,0.9912567920519053
719273,0.9885601194252064
719274,0.9993954116393073
719275,0.9596631788574975
719276,0.9995059877889483
719277,0.9922011216340858
719278,0.7157819408171904
719279,0.007651344726578614
719280,0.009351413272276045
719281,0.6676124220524509
719282,0.9999622301238036
719283,0.34035260681232216
719284,0.04713159457132658
719285,0.45344441101686705
719286,0.3825854430082297
719287,0.9998524643875962
719288,0.723010461138146
719289,0.2898650565697532
719290,0.5845534124563804
719291,0.0372949641066309
719292,0.02466485504247224
719293,0.7950331077287821
719294,0.9976230181064771
719295,0.9787544639936893
719296,0.9999213993599314
719297,0.5102166675616939
719298,0.9995867772678106
719299,0.9996368386898162
719300,0.999845365854011
719301,0.9947512593776262
719302,0.9831865732723918
719303,0.7721982224463237
719304,0.9173919720348007
719305,0.15646323131169038
719306,0.5320174485078372
719307,0.3982336590137179
719308,0.9994662093010678
719309,0.99837792026868
719310,0.39870720267931153
719311,0.12095453431004771
719312,0.9696091597768132
719313,0.6179124973929622
719314,0.9997609407230362
719315,0.7300402707175663
719316,0.9824661223161287
719317,0.9998661384833478
719318,0.9999620007631367
719319,0.9977892365381675
719320,0.10133789583024203
719321,0.4275778634656412
719322,0.9919157403488259
719323,0.021216544608716283
719324,0.9746161700928911
719325,0.9998843971115877
719326,0.9957667517440008
719327,0.747054450842064
719328,0.05944826335481006
719329,0.32838178053716593
719330,0.9630142848889764
719331,0.013849677622475158
719332,0.995208580868972
719333,0.020660649205169433
719334,0.8966885207686608
719335,0.14450256145836696
719336,0.8394873656494612
719337,0.9399505917668135
719338,0.6940236321191053
719339,0.6757829666023565
719340,0.33399381065529987
719341,0.9939435700579321
719342,0.4868228541552416
719343,0.9999400767908629
719344,0.9990724274872662
719345,0.9994266039173157
719346,0.007832373728522121
719347,0.9967763729063908
719348,0.9914087694013679
719349,0.9998867401517388
719350,0.996496992457961
719351,0.9919446361082297
719352,0.874317340552194
719353,0.9989871242453701
719354,0.9934322683094945
719355,0.8055902146591223
719356,0.3051786103852239
719357,0.9999699261519343
719358,0.9983968238395668
719359,0.9885976025870512
719360,0.9999155633865098
719361,0.9927649704952763
719362,0.99946280090921
719363,0.013837356199805861
719364,0.6623908264489999
719365,0.9964881295456227
719366,0.008813920291391547
719367,0.9981102423472014
719368,0.997071039061761
719369,0.17985953641047953
719370,0.6483973407548826
719371,0.9984499356200515
719372,0.9998427287320066
719373,0.9999481007994964
719374,0.9757398940883306
719375,0.14993323163302175
719376,0.9999827885909816
719377,0.9680491741135541
719378,0.9982959131411961
719379,0.48264569164494314
719380,0.7660567959749783
719381,0.5281800099025445
719382,0.999941107395955
719383,0.9991837864666129
719384,0.05901402376231986
719385,0.1477296531289869
719386,0.9964116924353434
719387,0.011732233658985151
719388,0.999762665797453
719389,0.9655915394806858
719390,0.9999870544695726
719391,0.9985406788304294
719392,0.9988409435674057
719393,0.042107166356473796
719394,0.99408051496419
719395,0.6082555895017051
719396,0.9972244004802284
719397,0.9974121064227625
719398,0.9811122136635558
719399,0.9975431746066968
719400,0.9087973474153903
719401,0.33828982632558224
719402,0.028501209149718695
719403,0.5087133312487541
719404,0.3967654295718068
719405,0.9793065765701915
719406,0.8908632037498583
719407,0.9883220904381301
719408,0.9997374010636843
719409,0.09879933291952608
719410,0.7072675700686887
719411,0.9619511288522827
719412,0.9998247863562605
719413,0.9999747923548046
719414,0.08108682058789894
719415,0.9652224070663231
719416,0.9951930084503922
719417,0.38279959654214246
719418,0.8899153617791762
719419,0.9602430155498896
719420,0.9994575744000345
719421,0.9937150049847229
719422,0.7276060216608651
719423,0.8594900132800634
719424,0.4457009606073618
719425,0.040197369726190625
719426,0.9851524030800174
719427,0.8218661485271352
719428,0.9978155819175691
719429,0.5532652760935548
719430,0.9808066806349908
719431,0.9181421732933823
719432,0.09892412434516429
719433,0.49906524099556226
719434,0.9946888531098959
719435,0.9996414433917749
719436,0.8966787264404981
719437,0.40208524325330697
719438,0.9998371407610271
719439,0.9995602255069505
719440,0.06880657954342353
719441,0.999192943659039
719442,0.9735334165511098
719443,0.9998806470954096
719444,0.5408230284660599
719445,0.8949882007556147
719446,0.6573103073846311
719447,0.9999111323918372
719448,0.9971880525173159
719449,0.9998582320037916
719450,0.9999180095139782
719451,0.10582054691282172
719452,0.9111367177397678
719453,0.8902562632935896
719454,0.9999414137004194
719455,0.4055539211886038
719456,0.6763338161852909
719457,0.4081900725519194
719458,0.12250746369387457
719459,0.21143436020470513
719460,0.4476239940261745
719461,0.9992536468303588
719462,0.9999829387063943
719463,0.9999732946689478
719464,0.9999597864401847
719465,0.9735651446204621
719466,0.161238918130924
719467,0.3632944143985541
719468,0.999727641634969
719469,0.9931269343812765
719470,0.9994390322178806
719471,0.04275991046251185
719472,0.9934009932278999
719473,0.9693272946774041
719474,0.9996496501090508
719475,0.6268663905150889
719476,0.9200362993285698
719477,0.04235771457154227
719478,0.9926382314026204
719479,0.9995182330114366
719480,0.9997650460676728
719481,0.9999600144572446
719482,0.9998979003541311
719483,0.9994759575031973
719484,0.998385175006923
719485,0.9982764138249555
719486,0.8461255412259412
719487,0.999258560557269
719488,0.9977044188172076
719489,0.13452674014492463
719490,0.9632903181841486
719491,0.9912135602797674
719492,0.15828326301704038
719493,0.999470150526359
719494,0.43992248978756787
719495,0.22026347951028663
719496,0.6262745039519364
719497,0.7671309104145182
719498,0.9999145361808339
719499,0.20043934891825085
719500,0.9313434918880379
719501,0.9993717696487245
719502,0.9998402021691027
719503,0.4793764101644956
719504,0.9829694125806238
719505,0.7932630416486925
719506,0.9357403312737014
719507,0.9999207052471066
719508,0.7726843502304273
719509,0.9958748343899068
719510,0.9032050196501081
719511,0.24742396690817148
719512,0.0763422342243607
719513,0.9999091010359407
719514,0.973384497495407
719515,0.9797837154700663
719516,0.9596555273264059
719517,0.9997601887545792
719518,0.007259650650329971
719519,0.39723079360251523
719520,0.02836471577662908
719521,0.054313388743875035
719522,0.9974454640569321
719523,0.9838187797854583
719524,0.6448545423509193
719525,0.9810809879962188
719526,0.04856759935806783
719527,0.7334157658051137
719528,0.3195974643549394
719529,0.9542177440646623
719530,0.5155949501690396
719531,0.5018059172048981
719532,0.9815394054728668
719533,0.9858489066668652
719534,0.9406161057657956
719535,0.9991861941320279
719536,0.9998879693355045
719537,0.9954716007680413
719538,0.8670264535907763
719539,0.9998403161928169
719540,0.8998942212361294
719541,0.8750490106663361
719542,0.9996783331038778
719543,0.9997740027018127
719544,0.9992831512632357
719545,0.9996366239751235
719546,0.9518378218514351
719547,0.805664106582205
719548,0.23404376197289403
719549,0.9997356851174477
719550,0.64863592772147
719551,0.3652964526639537
719552,0.07068844062825674
719553,0.8900890661314261
719554,0.9504356901998338
719555,0.5499955577785444
719556,0.9972668308256226
719557,0.009468591630894904
719558,0.9997375425607176
719559,0.9721011757254856
719560,0.9815087611731799
719561,0.722840810423357
719562,0.917101312636274
719563,0.9997663043808174
719564,0.24300506800405655
719565,0.19739336214870856
719566,0.9968306764200768
719567,0.402504083881702
719568,0.9997039373432084
719569,0.9994295906772666
719570,0.06041127972077594
719571,0.11559206430394862
719572,0.20452985805849122
719573,0.25246294742789155
719574,0.24213437150292366
719575,0.6828045172109326
719576,0.7530718558825364
719577,0.9625933986030436
719578,0.18318714752097015
719579,0.9606294427988677
719580,0.9996066014312254
719581,0.9891993269573742
719582,0.9996273588946283
719583,0.9997369365283547
719584,0.9284463282061728
719585,0.56731350179751
719586,0.9696549572842239
719587,0.9872814540123929
719588,0.9973724781853746
719589,0.10107884655572315
719590,0.9749715238409213
719591,0.9248256435461396
719592,0.03823569904640727
719593,0.01688679152046828
719594,0.9845940051932573
719595,0.9935113629263453
719596,0.9991646164058036
719597,0.9998436268197339
719598,0.9905889313882074
719599,0.6423919756763293
719600,0.0442694544949293
719601,0.1126201002149648
719602,0.2856392907596199
719603,0.410627903763242
719604,0.35256711279664554
719605,0.8850016029149754
719606,0.9781774904026374
719607,0.9975277293763356
719608,0.9921938830723951
719609,0.6038111665880763
719610,0.7766712288866933
719611,0.9996685142707326
719612,0.9981545443693971
719613,0.1496706738705349
719614,0.40578330687834724
719615,0.9889397914225572
719616,0.9997159458174321
719617,0.3319630025929523
719618,0.9998545961689718
719619,0.03179485256301028
719620,0.9849336096032775
719621,0.9973638722167918
719622,0.898715123290351
719623,0.02950475321114771
719624,0.3504843801296095
719625,0.9717332916138359
719626,0.9997112958858234
719627,0.12837166885162918
719628,0.9995479362895585
719629,0.9857306058235851
719630,0.19451487588360988
719631,0.31755045415035943
719632,0.9918080187698313
719633,0.2506187029961351
719634,0.9973996207495017
719635,0.9999857314189737
719636,0.3642295001082827
719637,0.9992448038825328
719638,0.9987273402341056
719639,0.9666880272447848
719640,0.04636277338916178
719641,0.445797318915604
719642,0.8538275566263382
719643,0.9995079922696042
719644,0.8145766779677313
719645,0.9818549291823846
719646,0.04965542277679588
719647,0.028834540089332804
719648,0.7009460691224092
719649,0.9999469909599527
719650,0.9964909144684606
719651,0.9902766398794689
719652,0.770666359592284
719653,0.1966912354794681
719654,0.22286029916041386
719655,0.7992446419200018
719656,0.9664308807177087
719657,0.7064863409662925
719658,0.1443786189922609
719659,0.7863933177618818
719660,0.3256371558986955
719661,0.9705619896293061
719662,0.5105068573569331
719663,0.14842494959414856
719664,0.9998499749329117
719665,0.9918272200935887
719666,0.9985366985549483
719667,0.9871488188148615
719668,0.04922171749848755
719669,0.5893769532380978
719670,0.01755556822151848
719671,0.9995234772046152
719672,0.6360261114107548
719673,0.9979990188304625
719674,0.9990444769775211
719675,0.9996200066581378
719676,0.9999662931624809
719677,0.9797973626410348
719678,0.7910350223117086
719679,0.9523915132769446
719680,0.9994582431983781
719681,0.9916731549720139
719682,0.7300775085048666
719683,0.9943986312227064
719684,0.9993806727862323
719685,0.27891131950586445
719686,0.9999722450407545
719687,0.9764079418183268
719688,0.9982875842133023
719689,0.9994091682810647
719690,0.9999486438684362
719691,0.527814617827953
719692,0.010262231005775639
719693,0.844388178796462
719694,0.5758107600982701
719695,0.038472239247837964
719696,0.8012005215292393
719697,0.7749430025800637
719698,0.9992303421757691
719699,0.9012022953204787
719700,0.7505556472768988
719701,0.07187071610928829
719702,0.9186462349333926
719703,0.012635112954149685
719704,0.02968381407230115
719705,0.18050089032942304
719706,0.3624259399770214
719707,0.02032143430559956
719708,0.9936495598038844
719709,0.9997523013040145
719710,0.38602367365314383
719711,0.9795695730887645
719712,0.9987251419482798
719713,0.832984132285957
719714,0.9203825674265249
719715,0.5807673450461832
719716,0.027324723394594217
719717,0.938562788618662
719718,0.9968816667557368
719719,0.9992610153686439
719720,0.04337509459673533
719721,0.9999378806921493
719722,0.9891068526619441
719723,0.9985497568303024
719724,0.9971650667742866
719725,0.9998636924349462
719726,0.9996182073259611
719727,0.9998117716575673
719728,0.9982601394929851
719729,0.23922467222913224
719730,0.9989678155148387
719731,0.9998084686357084
719732,0.9997241789469933
719733,0.05799425784514582
719734,0.9985451114212711
719735,0.3501477866635928
719736,0.03341902978807891
719737,0.9960986141158608
719738,0.5531129801996754
719739,0.6291173273977523
719740,0.9911946346554967
719741,0.960729080509936
719742,0.8066888770229748
719743,0.06357860623815453
719744,0.9391416070453247
719745,0.9868662187060513
719746,0.6082078030647502
719747,0.04438515338358276
719748,0.8969419132060159
719749,0.9999616974005388
719750,0.9936282970035804
719751,0.17015847922934096
719752,0.037531099026464454
719753,0.6117503950145433
719754,0.026110624177787548
719755,0.9935550731965092
719756,0.007861749079518823
719757,0.9990534962231761
719758,0.9907001321172597
719759,0.4852281563090262
719760,0.9995623407138786
719761,0.989255883491752
719762,0.985973208436518
719763,0.07275316062119325
719764,0.01410708567957357
719765,0.9999832335568183
719766,0.9605711626764628
719767,0.3744766330496515
719768,0.561278245937199
719769,0.9759449642600415
719770,0.9843363809498231
719771,0.9981537896518927
719772,0.9811727422270464
719773,0.9996451419400973
719774,0.9998633734513461
719775,0.006298868392615222
719776,0.9998285597091815
719777,0.6199910229249557
719778,0.9999384767915014
719779,0.082968940715686
719780,0.3339001433033939
719781,0.18216970188969667
719782,0.9397493359523381
719783,0.9995365466747654
719784,0.013447269270685035
719785,0.9998326042949416
719786,0.992562302967534
719787,0.5751493667821612
719788,0.9330149674489793
719789,0.056404200605787574
719790,0.062186844597517374
719791,0.6194604188875718
719792,0.08022624678505715
719793,0.964665473096019
719794,0.9027706565409153
719795,0.7378097718702923
719796,0.9999710705021436
719797,0.999857155628522
719798,0.9989446007188805
719799,0.9998357018246824
719800,0.38373071893396743
719801,0.5952667608058347
719802,0.9976505087954296
719803,0.00933548451792688
719804,0.6010528358913663
719805,0.007768109728040696
719806,0.9999053344472008
719807,0.9990710859916518
719808,0.1006957238737026
719809,0.9991341395594531
719810,0.9950049296783761
719811,0.9788737292127004
719812,0.9783463894815021
719813,0.6193901551590179
719814,0.9854171128724285
719815,0.40604344737452047
719816,0.4592899784511079
719817,0.9650263607206435
719818,0.6774006845164025
719819,0.9968801084314741
719820,0.9041096736500992
719821,0.7643330479625129
719822,0.10193711745725584
719823,0.835686274468243
719824,0.4297846098039424
719825,0.8437209586314678
719826,0.9033190611383106
719827,0.63905489049743
719828,0.9997613496721116
719829,0.9587543120390244
719830,0.27848308187585313
719831,0.8481430206483949
719832,0.4379029831076822
719833,0.6336840727918956
719834,0.0886023181192831
719835,0.9994130658899526
719836,0.8390138197494088
719837,0.9930337339536836
719838,0.9994301283637839
719839,0.0731630649121293
719840,0.9998597832381599
719841,0.0624240778254911
719842,0.9872001537325993
719843,0.9994248422627976
719844,0.1129670730748847
719845,0.9605208318002462
719846,0.48821340209483377
719847,0.9522790653677642
719848,0.9472759494312004
719849,0.884997694189332
719850,0.9999623520593222
719851,0.8843834831633941
719852,0.4644658327241657
719853,0.6659589538116992
719854,0.662419869933492
719855,0.9997834804590267
719856,0.9981302169647217
719857,0.9993865605906709
719858,0.999962611326781
719859,0.9999806980240492
719860,0.8786289135239695
719861,0.9998499419590621
719862,0.6986940763736804
719863,0.9995731069303427
719864,0.9997441219227394
719865,0.9993090234636408
719866,0.5922835471702718
719867,0.9379024221831482
719868,0.9065280497915499
719869,0.7190667575863428
719870,0.9816678474592027
719871,0.997017693386463
719872,0.7412257869646011
719873,0.999933415159151
719874,0.999609551974125
719875,0.9976714867606065
719876,0.8725553503546699
719877,0.9956291649093506
719878,0.9874248214538467
719879,0.9996421614591515
719880,0.8902527686171366
719881,0.9968368233366254
719882,0.3038178800437902
719883,0.9531906677410805
719884,0.9737546191251867
719885,0.7113340858748975
719886,0.9999433804178905
719887,0.6462638071855877
719888,0.5277718553036321
719889,0.024749369761499083
719890,0.9998668662695052
719891,0.9215349428602876
719892,0.12865405027961663
719893,0.9955922416811955
719894,0.999522630014389
719895,0.8614223116731377
719896,0.4218728867714383
719897,0.3387959221659756
719898,0.8848266823375028
719899,0.546143388249939
719900,0.3390887266826005
719901,0.2739598506802129
719902,0.7345115216773943
719903,0.3312500138358214
719904,0.07017892758238918
719905,0.9999400886832872
719906,0.02036059204315682
719907,0.3065001526134825
719908,0.9993645537245153
719909,0.09970197533465099
719910,0.9968268846045556
719911,0.144031779695784
719912,0.997837868772843
719913,0.9897689951955357
719914,0.5890335795759927
719915,0.9999557361483148
719916,0.6144080594796605
719917,0.4070416308702165
719918,0.21576295310632201
719919,0.9865969408345748
719920,0.9908399408241345
719921,0.024434418421055187
719922,0.9986066106351579
719923,0.8785115518621442
719924,0.8953435431537133
719925,0.2862182899041895
719926,0.3851833769692504
719927,0.9999470071478899
719928,0.37543839561839154
719929,0.9910798281822915
719930,0.2766955263226718
719931,0.002923171423816203
719932,0.9799040825856126
719933,0.694895365221988
719934,0.5053259489939407
719935,0.9997597201917156
719936,0.9800928280807213
719937,0.9999076651985888
719938,0.8559614848611643
719939,0.6095038343534694
719940,0.17274934277189596
719941,0.019195893362860154
719942,0.5997189932279179
719943,0.715847458289828
719944,0.8763373280777103
719945,0.9999301185784981
719946,0.19174293849659532
719947,0.9994572925133147
719948,0.028919818098585973
719949,0.8547824583443615
719950,0.9968764310188445
719951,0.8982321377518689
719952,0.9999901383585319
719953,0.9962903567060907
719954,0.30442052333976694
719955,0.9999910226392367
719956,0.9575656359091214
719957,0.1895671223750577
719958,0.8622239505872166
719959,0.03400253360180863
719960,0.9736411244543618
719961,0.9566435284025072
719962,0.9986444685911724
719963,0.7899756684011517
719964,0.10836508510414022
719965,0.9310615351205587
719966,0.9994642494651047
719967,0.9919451726438497
719968,0.9833437723182941
719969,0.9997297760069843
719970,0.9867096622843514
719971,0.9999624188384795
719972,0.16180456026399714
719973,0.7638439259439498
719974,0.9998859568229495
719975,0.04486402055965531
719976,0.9996717201547403
719977,0.9500254011312947
719978,0.9917188167068579
719979,0.9995531260188706
719980,0.43616457722769447
719981,0.0963671329121899
719982,0.029062941528503413
719983,0.9999806557806349
719984,0.9981902167325266
719985,0.03547767350065395
719986,0.9983153923593614
719987,0.2098300175597953
719988,0.3140675124989728
719989,0.7185173994222245
719990,0.993316169421981
719991,0.9265812673908929
719992,0.998195422903669
719993,0.9999626773970743
719994,0.07883782075594992
719995,0.4226492515629979
719996,0.9919655218351915
719997,0.9964341288224033
719998,0.9807418124627897
719999,0.14657228934463848
720000,0.9999896309692307
720001,0.9988618005870724
720002,0.9879834870556112
720003,0.9999800945901601
720004,0.9998569208863459
720005,0.14289103225313032
720006,0.007600691222643558
720007,0.9236268575515925
720008,0.9535054316884184
720009,0.9600373453563794
720010,0.9995544568281706
720011,0.681605824691085
720012,0.310404708693766
720013,0.9999862159097468
720014,0.7872846476427104
720015,0.7804543825109289
720016,0.9998516735625431
720017,0.47215764675404676
720018,0.9682902375707467
720019,0.3960156188686911
720020,0.9991318689677122
720021,0.7414438876561756
720022,0.07445808884942422
720023,0.9944034617399313
720024,0.9513504569041586
720025,0.9999597466697224
720026,0.9378834927865951
720027,0.2811823887352145
720028,0.9990468087875861
720029,0.7102186400742524
720030,0.999954783954334
720031,0.9637539004123683
720032,0.8343062895710525
720033,0.9995044249554064
720034,0.9852177378774643
720035,0.9976937062819846
720036,0.09796363575666586
720037,0.08687182871353463
720038,0.2518712226339649
720039,0.4184983528071111
720040,0.9979292120001456
720041,0.9993941102243828
720042,0.9706708434447482
720043,0.8826148583065425
720044,0.9999031425660658
720045,0.9015033508700862
720046,0.9996805361702328
720047,0.0533153236618155
720048,0.9934471418855491
720049,0.5668609226999549
720050,0.10901909459894538
720051,0.5063550671537232
720052,0.13014355562451693
720053,0.3243952012612501
720054,0.6219234849202966
720055,0.9996530824453544
720056,0.21913569148007694
720057,0.9985997518469621
720058,0.22833558959677447
720059,0.9989983731426167
720060,0.999394555409324
720061,0.18488784948403025
720062,0.8619243463428432
720063,0.9607933860913582
720064,0.9447735928912402
720065,0.9950762837220721
720066,0.99996674364089
720067,0.9979931729120068
720068,0.8859797107737408
720069,0.9984789490011987
720070,0.9867455614545868
720071,0.9999841154665565
720072,0.06992698763124239
720073,0.9967345515540115
720074,0.2431035778872713
720075,0.9978722742233646
720076,0.9999957671838816
720077,0.9999738868784673
720078,0.9994044518268173
720079,0.9996555823105568
720080,0.20336058829515613
720081,0.9454234049573194
720082,0.9789348302201317
720083,0.9999611247799494
720084,0.6057510213178842
720085,0.9103502311141316
720086,0.8787971133773647
720087,0.9193518740282857
720088,0.6317712275438718
720089,0.8673493939300798
720090,0.9999333518180671
720091,0.5703060873992263
720092,0.9999384383125431
720093,0.012962241642542005
720094,0.48330392918658127
720095,0.9906073720563272
720096,0.9965174134223135
720097,0.9998673867698461
720098,0.6190094918652311
720099,0.04282137959608081
720100,0.9950795348782177
720101,0.9998466762515066
720102,0.05552355234580347
720103,0.9999461781849697
720104,0.9953192126365564
720105,0.8919401485633385
720106,0.9671391333255853
720107,0.3443173859758766
720108,0.35397676472947737
720109,0.8278319256989037
720110,0.03740334433762346
720111,0.9996894508865358
720112,0.18354687107642303
720113,0.6231352047835454
720114,0.9327094733289722
720115,0.7220360132701255
720116,0.9999267850971056
720117,0.14532876959323798
720118,0.9723306274922952
720119,0.9996922189199203
720120,0.9297395941729727
720121,0.08708641293139968
720122,0.7959430833367214
720123,0.35517584168973915
720124,0.8548285468242269
720125,0.02315358904075246
720126,0.21868133436815723
720127,0.5971558173239948
720128,0.9675650265176073
720129,0.01225439303913917
720130,0.6383664549977672
720131,0.9404243432011332
720132,0.9987173723549948
720133,0.999952048699325
720134,0.17591220133359783
720135,0.9982182937309363
720136,0.05799608414202802
720137,0.8579966232313923
720138,0.28585161956476834
720139,0.999995137274263
720140,0.009900052306181704
720141,0.8952346195493319
720142,0.9981084121010607
720143,0.9995291623293018
720144,0.9994363852231334
720145,0.9955343941005574
720146,0.6109430847071957
720147,0.5234143736623629
720148,0.9980361460238958
720149,0.9999487679092965
720150,0.33514776380247646
720151,0.9997740996831843
720152,0.9998260371621575
720153,0.9996010929771554
720154,0.24104201489218424
720155,0.9999446935974098
720156,0.9998031689742206
720157,0.8384140822781494
720158,0.29276162521948335
720159,0.7048449071866084
720160,0.7162409377222838
720161,0.9859491112653058
720162,0.056650281226648176
720163,0.6655054629769617
720164,0.9916214905378605
720165,0.26569187069878175
720166,0.822730898143141
720167,0.9993733496505033
720168,0.996137716528372
720169,0.9972817943233261
720170,0.23401153520622753
720171,0.08801542485323537
720172,0.5917588790276698
720173,0.5556480381719255
720174,0.5050789272723808
720175,0.9748127337736183
720176,0.9990480274492384
720177,0.9593269700567802
720178,0.9986241238785112
720179,0.9999063081682118
720180,0.02850303768450342
720181,0.999840629262741
720182,0.3617920391624551
720183,0.17152836746526967
720184,0.997472788571477
720185,0.015189457285852966
720186,0.9996632797963501
720187,0.6980884791338496
720188,0.8267676335755627
720189,0.9992501104205681
720190,0.5383410482482311
720191,0.9777481832218226
720192,0.9398991553300567
720193,0.6323631846164242
720194,0.9945220843828841
720195,0.9999766440965864
720196,0.9999370428252881
720197,0.532848034647638
720198,0.9925456219309563
720199,0.06336006669776607
720200,0.05038117401189512
720201,0.7358088696579608
720202,0.9325749226021336
720203,0.9868062921650992
720204,0.9997671228246623
720205,0.2896920755697553
720206,0.9441677215602946
720207,0.43386567959846956
720208,0.049010073685754205
720209,0.9499603676775635
720210,0.9187938716433686
720211,0.840434887110443
720212,0.9315608396220667
720213,0.9391535247050752
720214,0.9991290185193865
720215,0.9999712098588053
720216,0.9995821648053586
720217,0.28457461389026506
720218,0.9993117672981853
720219,0.9711276689995212
720220,0.8871702024953368
720221,0.9996363944478308
720222,0.6429465360009357
720223,0.9987429049931196
720224,0.27377372321157134
720225,0.991733480588175
720226,0.9961664325632636
720227,0.9999365068402598
720228,0.6125951066228122
720229,0.8593465219528303
720230,0.8296869769986328
720231,0.999966998208597
720232,0.9984112057297471
720233,0.6026730172802878
720234,0.9730506031304943
720235,0.8062240368719855
720236,0.011991205458636828
720237,0.9939177315932579
720238,0.9996600207044355
720239,0.9912279602021568
720240,0.9999474999257898
720241,0.6807596194479815
720242,0.9599105088935126
720243,0.10429320512765682
720244,0.9999660465562521
720245,0.9981197268232751
720246,0.9999162084562694
720247,0.9999090198176325
720248,0.08711087471454376
720249,0.04251543338309323
720250,0.9998070774842056
720251,0.9951129885860268
720252,0.9869203550496408
720253,0.9334972432967312
720254,0.545005367237703
720255,0.08585421397206952
720256,0.5612786077479606
720257,0.4515575343960928
720258,0.04195733406324956
720259,0.9998307691575672
720260,0.9990420564398367
720261,0.704596519822376
720262,0.9999890285868218
720263,0.9969071539202012
720264,0.904405759854731
720265,0.9998873749016691
720266,0.9999551757787113
720267,0.9995311012223286
720268,0.6643765916628435
720269,0.9992296536943461
720270,0.49482559262459574
720271,0.02505194089565444
720272,0.980459209435979
720273,0.206580508119281
720274,0.9943662971103051
720275,0.9988670220391553
720276,0.21054366662263652
720277,0.9998046048887537
720278,0.9993941220801932
720279,0.9998396596031505
720280,0.1714407505171338
720281,0.9998372642429914
720282,0.9999364119947804
720283,0.766103517850816
720284,0.9997980742289851
720285,0.06376133669275912
720286,0.9972547290085735
720287,0.1153910795864906
720288,0.9131685807709171
720289,0.9999304959832641
720290,0.017389333871466163
720291,0.9999654341456568
720292,0.5590408529444937
720293,0.9998258964878102
720294,0.20886745643010982
720295,0.2577977089132228
720296,0.06757788224638764
720297,0.9288121287006248
720298,0.999994981491681
720299,0.7193688432581917
720300,0.9085071727730882
720301,0.9999163234715122
720302,0.9964209236744865
720303,0.9998881235612276
720304,0.999225681164615
720305,0.9936427963382891
720306,0.08993558095328133
720307,0.9466174129678159
720308,0.9997965117109138
720309,0.34041797717918654
720310,0.9998447812600664
720311,0.9934048190062565
720312,0.46342564257233093
720313,0.5216685013256467
720314,0.019012971758547437
720315,0.999975092432797
720316,0.021046667289543713
720317,0.11853034442579752
720318,0.8922430547265402
720319,0.9352417179857955
720320,0.33972294460353963
720321,0.9955693218123964
720322,0.9683078764118784
720323,0.9976286592131236
720324,0.7852268135587799
720325,0.9781793845696434
720326,0.9367536871957672
720327,0.9999070356123068
720328,0.9131468552499649
720329,0.7877396453582853
720330,0.9998811083037066
720331,0.6042915405469845
720332,0.9980939644194599
720333,0.9703028895020778
720334,0.3624257261644453
720335,0.6532904554434404
720336,0.9295404149140922
720337,0.6807300695747992
720338,0.9933719986772603
720339,0.9980046359622139
720340,0.9998078565953559
720341,0.9995872116485358
720342,0.6144302981970163
720343,0.9366840932709299
720344,0.9998158970060819
720345,0.7406863988217514
720346,0.23577748350721991
720347,0.2997895448991343
720348,0.999727393694714
720349,0.999836773987432
720350,0.9999912234785404
720351,0.9983547435636978
720352,0.9254989181027198
720353,0.9685936976408587
720354,0.999812563357694
720355,0.21448023319644163
720356,0.1176998600804279
720357,0.45277862390083956
720358,0.9997509753681358
720359,0.9996587813838523
720360,0.14481296165849167
720361,0.9994163713187021
720362,0.9984124891488353
720363,0.4751642879759473
720364,0.9999845993049956
720365,0.9998466587989322
720366,0.013491466939642628
720367,0.9997765883455414
720368,0.9159543403591801
720369,0.5675194170469998
720370,0.9993285122829336
720371,0.7693695892749108
720372,0.8524619464029802
720373,0.6641319236959542
720374,0.0025889057399720397
720375,0.9999883929574894
720376,0.03943966880212867
720377,0.9603954375522252
720378,0.9556165682464208
720379,0.3971513202952561
720380,0.9994789001536333
720381,0.8078508332927441
720382,0.9996401932335769
720383,0.926991800383985
720384,0.6553241813175024
720385,0.9954946549322241
720386,0.9998116520172249
720387,0.024839613441284256
720388,0.9998563090937078
720389,0.44534513908225115
720390,0.9999649565800653
720391,0.9030196937497096
720392,0.9999640129620484
720393,0.6497506359887254
720394,0.37527963089763605
720395,0.8413650500682048
720396,0.9802746428378788
720397,0.1486825415157639
720398,0.021494204284519904
720399,0.17683111351309538
720400,0.0302396605611158
720401,0.7542187981482888
720402,0.9998042078153666
720403,0.9879124982258485
720404,0.9792762923743699
720405,0.8974492909942531
720406,0.9950914158034064
720407,0.9996056423329651
720408,0.9980765444955254
720409,0.9835155064790431
720410,0.9757855561468846
720411,0.8832443481089146
720412,0.5353542934732448
720413,0.9433599386518919
720414,0.9998147451896261
720415,0.8305094727857611
720416,0.953799368456637
720417,0.991320745878352
720418,0.8773267153018263
720419,0.9719712977648955
720420,0.9958184698317852
720421,0.03915726232630266
720422,0.9614584391458059
720423,0.49970938478229987
720424,0.4579185780014525
720425,0.7174520841017572
720426,0.9961755988545935
720427,0.42199067184934824
720428,0.8945495142131841
720429,0.07376279317163317
720430,0.957079196510213
720431,0.8010447844586117
720432,0.9573550475706927
720433,0.9995313115466958
720434,0.9999784424037259
720435,0.6556244626219727
720436,0.9984661048317967
720437,0.9999772315108397
720438,0.9999631511091924
720439,0.9998709321273727
720440,0.996445268681198
720441,0.024155332732468532
720442,0.9998224237930493
720443,0.9999455507745965
720444,0.9923307504241324
720445,0.9867588314687779
720446,0.9837598581548653
720447,0.9665182341822262
720448,0.368512984664813
720449,0.9993434692302503
720450,0.6421272399685808
720451,0.9992839930385782
720452,0.7255134734965522
720453,0.06425792743006288
720454,0.9761545952915726
720455,0.9514610140893989
720456,0.994459882529647
720457,0.5569555104459825
720458,0.925316629291801
720459,0.7805002531383722
720460,0.20165969710770928
720461,0.9865847097025213
720462,0.9957003320372442
720463,0.6067059586598311
720464,0.22027217752274397
720465,0.3510626020123028
720466,0.9989342413813286
720467,0.9992603482444196
720468,0.9999205885144011
720469,0.46981522168223944
720470,0.9511040980088954
720471,0.022682402548158415
720472,0.9998215409073543
720473,0.9124085767178929
720474,0.3646447938778734
720475,0.996932945912927
720476,0.7858708869953426
720477,0.9996013810904718
720478,0.21994010003633668
720479,0.8798878715071028
720480,0.8621351847114438
720481,0.06235507028207006
720482,0.6379117438269002
720483,0.9994036334866429
720484,0.9305335664098298
720485,0.872698926982235
720486,0.9465982090776026
720487,0.9915642392806716
720488,0.7078104608221153
720489,0.16603514463008667
720490,0.9785777131979663
720491,0.9167029229857704
720492,0.21684761297966743
720493,0.10450908508829768
720494,0.02819743607829288
720495,0.975854393623981
720496,0.9863214932318829
720497,0.8229212505008423
720498,0.9964076653960817
720499,0.9978432426338577
720500,0.5345286475903167
720501,0.16983776610260182
720502,0.913588648651313
720503,0.8985512809649336
720504,0.8362098375950328
720505,0.06904009117426907
720506,0.999562710018032
720507,0.9999189933454563
720508,0.9997799406956666
720509,0.9965869594483205
720510,0.05943551489248622
720511,0.9707143689210116
720512,0.5180381041307534
720513,0.9986595123918045
720514,0.30754894569752356
720515,0.6286119996109054
720516,0.018949676238201
720517,0.602531754385121
720518,0.9986190627489147
720519,0.9996330823160959
720520,0.8790519678747806
720521,0.9757034941840781
720522,0.8681057603807593
720523,0.7559385753722705
720524,0.9999366658397192
720525,0.9994396965902058
720526,0.8101270028094384
720527,0.27048605281467886
720528,0.9999108746266376
720529,0.22291187835295656
720530,0.9999786505298052
720531,0.29909420194236097
720532,0.4402056560792281
720533,0.031950713330291224
720534,0.9999474476089413
720535,0.9999619884122027
720536,0.9994386796281791
720537,0.36999850693082326
720538,0.03488405156294347
720539,0.9975415299558734
720540,0.9993712297075703
720541,0.8635246099482973
720542,0.309688184594061
720543,0.8709085904612761
720544,0.9996418279901976
720545,0.9996117465920273
720546,0.999975028041173
720547,0.21107244747616133
720548,0.9854494620713949
720549,0.7063055640299598
720550,0.9950438268353786
720551,0.5100349352005414
720552,0.03743380948593013
720553,0.9987566530182617
720554,0.3454634118697978
720555,0.005536427967522362
720556,0.3655951824782645
720557,0.9997608667375688
720558,0.894414256700572
720559,0.2985339595430424
720560,0.9964861261315252
720561,0.9997903724716162
720562,0.43470443577978835
720563,0.06521785503187215
720564,0.9991940331456273
720565,0.9991386123835325
720566,0.9296757384926941
720567,0.7109694821784114
720568,0.016656429001101824
720569,0.5594280042729668
720570,0.5599977758238083
720571,0.8351395801490931
720572,0.6279380228744746
720573,0.9981648367634701
720574,0.9999794648881899
720575,0.03031427518835255
720576,0.999893584191825
720577,0.9822945023004062
720578,0.47669589305784865
720579,0.9998448405203867
720580,0.9929093912490377
720581,0.8639371525333381
720582,0.57957760581292
720583,0.9959432017448486
720584,0.0017408669224955988
720585,0.9856245481778794
720586,0.5864588213042015
720587,0.688853328447133
720588,0.26135397949093686
720589,0.0512237708723561
720590,0.01873316217828888
720591,0.9041342543225596
720592,0.17600558504400216
720593,0.9918243392617659
720594,0.9985484763498179
720595,0.6914268056001023
720596,0.9998810689611396
720597,0.9913700087397583
720598,0.9999459095479943
720599,0.9984064425299839
720600,0.014455817118507262
720601,0.9999645693762288
720602,0.9999140061237486
720603,0.9993898177104185
720604,0.0027613033902905795
720605,0.5467075932027263
720606,0.7877734187122715
720607,0.2789308912672079
720608,0.9969236702184227
720609,0.06127745771761998
720610,0.9917237342278489
720611,0.7232431721275415
720612,0.999742757783715
720613,0.998150841484968
720614,0.9391609044590001
720615,0.9993213453824392
720616,0.026770929549039306
720617,0.9991188276793385
720618,0.9997731772710142
720619,0.9844459509431516
720620,0.9803721600218329
720621,0.9421350881402905
720622,0.060983655792562125
720623,0.9992283342592847
720624,0.9717616062628258
720625,0.9936864672613194
720626,0.9944141854418292
720627,0.6616381281034762
720628,0.9999068211894261
720629,0.9252312128587337
720630,0.9999832115426395
720631,0.020711802336823203
720632,0.9873394119352115
720633,0.01927273924509009
720634,0.5815042902592891
720635,0.9999731514898909
720636,0.9978155983077062
720637,0.5314907081057911
720638,0.4376886836409974
720639,0.9992608770375256
720640,0.19786810981949904
720641,0.5314198369406865
720642,0.9939536008291937
720643,0.3826066713816466
720644,0.999949235034966
720645,0.9997505627621612
720646,0.8306981466994878
720647,0.7088164024494016
720648,0.24998602586743615
720649,0.004945429688435653
720650,0.40447784840176254
720651,0.9988412766149787
720652,0.9439198683439014
720653,0.9999212462457777
720654,0.6201966419392769
720655,0.999841015276433
720656,0.2971368357851919
720657,0.8287878448566862
720658,0.9996453836688954
720659,0.21463840754135316
720660,0.8189578842466503
720661,0.9999918295627943
720662,0.998942849360172
720663,0.9395061248648687
720664,0.4373103267485672
720665,0.8763481971452853
720666,0.9999568693222234
720667,0.8205625810837665
720668,0.13549085709574796
720669,0.6177503479974408
720670,0.7887050346190196
720671,0.9998592574617731
720672,0.4884111546572802
720673,0.9991243633058366
720674,0.8138556812867361
720675,0.9999608896895233
720676,0.6580705750482342
720677,0.9446051028463276
720678,0.9506266882548969
720679,0.1817591727618133
720680,0.9991026262160556
720681,0.7245984274018376
720682,0.6169235899150263
720683,0.25896219076773447
720684,0.9864192301605934
720685,0.8972493234982082
720686,0.998228570781828
720687,0.9260110650014253
720688,0.9954039832161874
720689,0.4745712639669776
720690,0.25966391837986763
720691,0.9999487925636521
720692,0.7488648796763628
720693,0.09304003451591025
720694,0.9999504371535064
720695,0.9999503543165229
720696,0.06821383249681948
720697,0.17381282443940876
720698,0.9994318372572881
720699,0.9979618013321445
720700,0.9969065643460544
720701,0.7274249821972776
720702,0.4827261067010916
720703,0.9990950422197804
720704,0.6414036546783664
720705,0.48025577856753315
720706,0.617568472155543
720707,0.8825122250983912
720708,0.36147028373134804
720709,0.7424971321526942
720710,0.7876010229222347
720711,0.04049151230783024
720712,0.2708720999123411
720713,0.9493595297409729
720714,0.9991690845099745
720715,0.9998799136342192
720716,0.9115918940398522
720717,0.550920788865784
720718,0.9987590270486109
720719,0.016605594726883496
720720,0.9579284950428064
720721,0.9949539722335468
720722,0.8090447952067183
720723,0.98970396994817
720724,0.6149447020262298
720725,0.22411464040856552
720726,0.7613369448117615
720727,0.9559258811281875
720728,0.6419718225847633
720729,0.013043086165150299
720730,0.9986399381332971
720731,0.024894712685573753
720732,0.7426369311892372
720733,0.9996511909506243
720734,0.9184840534240095
720735,0.31359553613207786
720736,0.6434778439864187
720737,0.35884070925143696
720738,0.06814875887379612
720739,0.9999270953305017
720740,0.5912417160090897
720741,0.9999819456043648
720742,0.9998417121241614
720743,0.6619035088003852
720744,0.11434539211151337
720745,0.9999093099707009
720746,0.9995476920545224
720747,0.9999793173922203
720748,0.007331285132748574
720749,0.09104437321353627
720750,0.9999679575318531
720751,0.8971350721965385
720752,0.9948983136288738
720753,0.9969625520155903
720754,0.9066219918965702
720755,0.6745326930575233
720756,0.4797929070664048
720757,0.13501284382832626
720758,0.9169390562454738
720759,0.6634391961800452
720760,0.9998556761674757
720761,0.5592862962117839
720762,0.9385272224134904
720763,0.9914093377683915
720764,0.99997249419698
720765,0.04268852316496609
720766,0.9754781804472358
720767,0.9990076350583461
720768,0.9963533031276145
720769,0.031510065738965344
720770,0.999716989216485
720771,0.09310237967969884
720772,0.6403262357309618
720773,0.9994391792135415
720774,0.48321686870272784
720775,0.9989264921165757
720776,0.4075889060868677
720777,0.07683047691603033
720778,0.9755859679909853
720779,0.9931094318738825
720780,0.01821100554425274
720781,0.9911453576601821
720782,0.9999345905617628
720783,0.027905364486788844
720784,0.7114453263901737
720785,0.9999710406501603
720786,0.9998716200306133
720787,0.9998573338775127
720788,0.9987339103968969
720789,0.27824712671042334
720790,0.9861861780958426
720791,0.9999803572867663
720792,0.5839040453436317
720793,0.13209897174590052
720794,0.9108756713883641
720795,0.9875403224649617
720796,0.6415651985759927
720797,0.999975290909662
720798,0.5350630191607939
720799,0.7057376682797065
720800,0.9968959820456491
720801,0.6701131125435111
720802,0.9998137845322379
720803,0.9999748991815809
720804,0.08182493343163677
720805,0.9989081478969283
720806,0.17679253672397907
720807,0.008889252217419284
720808,0.09188974346309989
720809,0.9956176184203739
720810,0.9997452290503248
720811,0.9640377940207548
720812,0.9998012908080446
720813,0.9270918508345007
720814,0.8651444831513999
720815,0.9999155205291714
720816,0.3732703179196736
720817,0.9999002744081431
720818,0.9988360704586923
720819,0.8782739626703867
720820,0.9676053577464141
720821,0.21638744117657774
720822,0.9999773540120559
720823,0.9990150196021823
720824,0.9979219967676857
720825,0.9950437120507993
720826,0.03006518480638959
720827,0.8992481084636792
720828,0.9985498390018519
720829,0.9854961002023109
720830,0.06014498907777108
720831,0.6180305539373551
720832,0.9973803684400532
720833,0.9998303944502106
720834,0.1234439777229975
720835,0.9968861135996636
720836,0.9998797361664308
720837,0.9947057931803465
720838,0.9999771850243958
720839,0.9998651948139015
720840,0.3931697661435616
720841,0.8551837633165174
720842,0.9978137200215174
720843,0.3323089875795355
720844,0.9436771187311802
720845,0.9960128012315718
720846,0.9987439263297071
720847,0.9998405089313145
720848,0.9966452404723997
720849,0.015166666331921
720850,0.10413948649502937
720851,0.9150292115185472
720852,0.9984462020006202
720853,0.9682772161914032
720854,0.9948553974506646
720855,0.999912950600559
720856,0.7300958084877864
720857,0.9900732687228708
720858,0.07623203700569649
720859,0.36170965080991674
720860,0.9979877628881896
720861,0.7277637103349567
720862,0.026131888820229515
720863,0.9567493482806221
720864,0.9888831010302745
720865,0.6429559351698569
720866,0.999718964021228
720867,0.9911916755391438
720868,0.9313355188167358
720869,0.983586619571396
720870,0.9982659193069043
720871,0.06519461394812638
720872,0.9818948314136856
720873,0.5946602309086944
720874,0.038926289906429254
720875,0.9998667805472538
720876,0.06562079831649648
720877,0.9027762624176228
720878,0.9999768248460541
720879,0.9480479346385833
720880,0.09116278924387226
720881,0.8088967560278536
720882,0.9999014045619643
720883,0.38898011345606676
720884,0.3601359795633775
720885,0.17821237549926072
720886,0.9704060925817539
720887,0.0807250257685862
720888,0.9998210038699387
720889,0.9812552078746883
720890,0.04037405526453805
720891,0.9646492152733488
720892,0.970085957125768
720893,0.05747764198519726
720894,0.999968041486044
720895,0.9988257878528466
720896,0.9999905488490334
720897,0.01000074399779274
720898,0.9922716240231861
720899,0.031134124565819522
720900,0.9640782105901754
720901,0.4247265197257048
720902,0.9580567171456358
720903,0.9935183269811816
720904,0.5410817842886674
720905,0.31951262195366414
720906,0.9839892343246976
720907,0.9983282894969571
720908,0.9492511791852867
720909,0.05066754323435012
720910,0.9840052328946344
720911,0.9998225446040062
720912,0.9965965318630281
720913,0.9303150703703063
720914,0.45978855515712463
720915,0.08837634781802342
720916,0.11736864341479801
720917,0.9999347299293937
720918,0.9850342873380252
720919,0.32573653828631094
720920,0.8216286521804177
720921,0.4838937293751402
720922,0.9993914214879247
720923,0.9418731735909118
720924,0.9885041289948596
720925,0.9675296327447942
720926,0.29938364227404424
720927,0.9967375867670137
720928,0.9147635481297621
720929,0.3213979355716672
720930,0.6090368772748096
720931,0.3040940439325206
720932,0.06399646230521282
720933,0.3794011413155641
720934,0.03528178118926448
720935,0.9046202476122311
720936,0.9845453132490598
720937,0.04614400708587402
720938,0.5222710270101676
720939,0.9998881963962675
720940,0.9998551740770997
720941,0.12625065880469982
720942,0.46537017106531803
720943,0.26746055552679926
720944,0.6602657430733874
720945,0.06039317133564022
720946,0.1163613641388578
720947,0.9011877905595492
720948,0.990697014215557
720949,0.8152849690284312
720950,0.4647423993623973
720951,0.9967408707952987
720952,0.9989742168658382
720953,0.7642237268627747
720954,0.9999919324545756
720955,0.9101391230964904
720956,0.04540586978633028
720957,0.04404618587521983
720958,0.9920321574686899
720959,0.737516101376014
720960,0.9999846766356164
720961,0.9999396497129427
720962,0.03766481743677647
720963,0.9982102866691362
720964,0.14920813729873428
720965,0.9979670144322991
720966,0.9998198781544434
720967,0.999701881298775
720968,0.9998669394453054
720969,0.03174191348485764
720970,0.991187831508512
720971,0.9980525551645153
720972,0.9940874976478496
720973,0.08440541348945839
720974,0.8656830852840794
720975,0.8678987012242345
720976,0.9998430423987443
720977,0.908439687053326
720978,0.022482892746122418
720979,0.0987140795516743
720980,0.16469287624046902
720981,0.9932065272719008
720982,0.9998188709051572
720983,0.4645021796573672
720984,0.999472434375806
720985,0.9992744750948279
720986,0.06911694385346247
720987,0.8331272327944005
720988,0.9999171973946547
720989,0.9993147023308574
720990,0.8657048577489721
720991,0.8069355718999143
720992,0.5646736595089047
720993,0.9070128972578565
720994,0.10926146017815011
720995,0.9120821120994691
720996,0.9997197431449365
720997,0.9978555717294237
720998,0.9994965081124698
720999,0.9518204811022273
721000,0.07916483602612301
721001,0.2151565331648852
721002,0.99673989178455
721003,0.998819088005725
721004,0.18588270511610921
721005,0.9938119803206962
721006,0.9696583661972848
721007,0.9975114029055289
721008,0.17040089055804536
721009,0.9993276461694187
721010,0.9979505507253161
721011,0.5371822787241749
721012,0.9990823128484483
721013,0.13030545378239933
721014,0.2998897233421284
721015,0.9998696841846197
721016,0.9999038616410504
721017,0.999506641359189
721018,0.2999039123126932
721019,0.7597259147745246
721020,0.8199439974761249
721021,0.9160283545361756
721022,0.9999806079487699
721023,0.9969789947476183
721024,0.9996936999240247
721025,0.999392982633078
721026,0.9986586546139069
721027,0.998100962889106
721028,0.9937509426201392
721029,0.999992540429208
721030,0.9739329218421785
721031,0.8396149854183776
721032,0.9992574272932268
721033,0.3683160173789977
721034,0.9985516836311826
721035,0.9743977787449333
721036,0.6615371533229887
721037,0.986047760223216
721038,0.9998098363621235
721039,0.99984364874882
721040,0.9280392924193984
721041,0.9999721258562531
721042,0.48866431073502137
721043,0.9987575386859718
721044,0.9673994361186499
721045,0.999707880267888
721046,0.07929835110989192
721047,0.9999756423604842
721048,0.3713831563598541
721049,0.9962410052638305
721050,0.8494534071352755
721051,0.9957709825323209
721052,0.9874894347683664
721053,0.06325954363819562
721054,0.4047753084950824
721055,0.14729951003936945
721056,0.9999587021645286
721057,0.9131154117897073
721058,0.1677319966518333
721059,0.3954876786795975
721060,0.9996295350717312
721061,0.9931902709933786
721062,0.4682774920329066
721063,0.9999120703934722
721064,0.9184317999668494
721065,0.9999480106546739
721066,0.9997993476160698
721067,0.997546919251735
721068,0.29122409180911557
721069,0.9993110760184969
721070,0.8882670599094789
721071,0.8013441711337943
721072,0.007201811682217926
721073,0.9994159843969763
721074,0.22691851067591226
721075,0.018704259992931266
721076,0.9999821464272657
721077,0.914507592114859
721078,0.7483963195809503
721079,0.1163090662907
721080,0.989940585558166
721081,0.9996424286579595
721082,0.4811599640356809
721083,0.46119318182276725
721084,0.7751904813592926
721085,0.9967337511165466
721086,0.0839394802624884
721087,0.9994720608835408
721088,0.9954342054030538
721089,0.9997313510678899
721090,0.18137293179045239
721091,0.9997873921117055
721092,0.9984796659541924
721093,0.82345509956009
721094,0.8295247672311052
721095,0.9976842373171038
721096,0.7251133366144396
721097,0.04190901256321664
721098,0.9998138990453868
721099,0.9992450374796108
721100,0.9683949231757876
721101,0.9970513460612641
721102,0.9995233086791052
721103,0.38155732455618696
721104,0.4642145366789603
721105,0.9962697310560237
721106,0.3864302799977123
721107,0.13445655599852452
721108,0.63517659944494
721109,0.9836489988429882
721110,0.011158722427535385
721111,0.02680668977618779
721112,0.5693675513099916
721113,0.1289960697188515
721114,0.9982458046886686
721115,0.8521450046882896
721116,0.07435047436241825
721117,0.586032232373987
721118,0.8416446001031741
721119,0.6018463969877446
721120,0.013896502189479392
721121,0.9747566706288238
721122,0.999478353684392
721123,0.9759060483590835
721124,0.9997866191130114
721125,0.7036130466692045
721126,0.1667723156617373
721127,0.9999727718877465
721128,0.9936512012974617
721129,0.9999918166433032
721130,0.8717375804078326
721131,0.7930137562970869
721132,0.9334338623275231
721133,0.005998313666675307
721134,0.9994887889525509
721135,0.9998925422647263
721136,0.006851824445922698
721137,0.02900213359157109
721138,0.9999299619949926
721139,0.007593963922618244
721140,0.7270657031715775
721141,0.8239174255638084
721142,0.004771838376567717
721143,0.9976528029160302
721144,0.9999175399215938
721145,0.9836732773693075
721146,0.978546653526789
721147,0.30575888043981525
721148,0.013547941850070307
721149,0.19696678144682145
721150,0.8159880237470717
721151,0.9971412285000214
721152,0.6022101042979139
721153,0.9632015524984463
721154,0.999482719889868
721155,0.9775547916357297
721156,0.9994873945289342
721157,0.24733309718122898
721158,0.8731621440408798
721159,0.04554022228113046
721160,0.5094661933864929
721161,0.9892363497223758
721162,0.6609516394268644
721163,0.4409664969762351
721164,0.9999740989411288
721165,0.5871457005424481
721166,0.20293084232011638
721167,0.9993322187929005
721168,0.8712991153196736
721169,0.05722633004064956
721170,0.9258291956163651
721171,0.007952518230206318
721172,0.02000774487061372
721173,0.01947343815561991
721174,0.999578608274974
721175,0.9999488390587101
721176,0.9894582335083764
721177,0.20366876362225517
721178,0.018070754176320206
721179,0.3291664175354766
721180,0.9934503129225694
721181,0.9885699521555736
721182,0.012703423427822214
721183,0.9986471490690327
721184,0.7188069094618279
721185,0.9964790102339891
721186,0.9267169191614276
721187,0.9925482952462312
721188,0.9607065284300326
721189,0.9994975444983224
721190,0.4490555148492572
721191,0.9984339956898365
721192,0.9992281186172152
721193,0.9998717306899285
721194,0.10751689865234154
721195,0.4155198932439545
721196,0.9997061686718469
721197,0.6994967769122321
721198,0.9977866451324044
721199,0.5174355726481848
721200,0.6365569737921422
721201,0.5404456158613002
721202,0.9990834075546753
721203,0.9804527063549648
721204,0.15223509596536985
721205,0.9998104550315061
721206,0.9908001895769332
721207,0.714370709579213
721208,0.3383719402269749
721209,0.027083249592065407
721210,0.9519968519139186
721211,0.9997722854084965
721212,0.8729410618315911
721213,0.11419009686140967
721214,0.4509370590079286
721215,0.810801131695178
721216,0.9964506604072579
721217,0.005750643712448917
721218,0.9701913993880045
721219,0.5021099926898969
721220,0.9860112596671712
721221,0.6611882662622949
721222,0.6405892927307021
721223,0.8206326295147874
721224,0.9995637849215973
721225,0.9990362463206914
721226,0.9993793404638458
721227,0.9961023728236323
721228,0.997210267815678
721229,0.2947036729769604
721230,0.621542310655689
721231,0.8751690282351902
721232,0.03948560526925352
721233,0.9991206739477918
721234,0.9996106011195525
721235,0.9999743253036788
721236,0.9996903873881762
721237,0.6161117812660719
721238,0.030310411709725642
721239,0.954853264673333
721240,0.05088675168465592
721241,0.7992556279420182
721242,0.979038924731567
721243,0.7118836044568098
721244,0.5077712307958787
721245,0.9997754241407484
721246,0.999950936793029
721247,0.040683195991293324
721248,0.946059036130001
721249,0.11427233443622689
721250,0.37432885865914073
721251,0.06752435268803457
721252,0.9166418610499097
721253,0.3461361050380066
721254,0.944649552891586
721255,0.05103089050494619
721256,0.8505930087892759
721257,0.15685749723228762
721258,0.13586574151787914
721259,0.734295574312373
721260,0.19791114804909182
721261,0.700322315388814
721262,0.9987467280635203
721263,0.7968379823539834
721264,0.5931348942447202
721265,0.9231087112633973
721266,0.1247420458134271
721267,0.9995508990144751
721268,0.09508873508918338
721269,0.9992980844999132
721270,0.007912981472658035
721271,0.42727286599138437
721272,0.09132367439055
721273,0.9998856166600839
721274,0.002873155855994258
721275,0.999926748983708
721276,0.3111140569675065
721277,0.9999097290592955
721278,0.9981200691600711
721279,0.29907649076791465
721280,0.8179833726257355
721281,0.8687578699105141
721282,0.03194036060131195
721283,0.20658712375069663
721284,0.1383402459500096
721285,0.6571651789305272
721286,0.9999024350730549
721287,0.9993233303346327
721288,0.9959966830934859
721289,0.7961162825969579
721290,0.4775922621542864
721291,0.9994966077206586
721292,0.9983736727423126
721293,0.9541563587049673
721294,0.9987217545746904
721295,0.2155442094732734
721296,0.9926799702663291
721297,0.9995019445486513
721298,0.999005607561109
721299,0.9996853772190868
721300,0.6247109228799533
721301,0.7065658797906278
721302,0.9999060366013026
721303,0.018993411870163908
721304,0.9994502858192934
721305,0.3461841381989435
721306,0.9999385335967512
721307,0.016645689838987152
721308,0.9271787788443
721309,0.9999960865209185
721310,0.055419704049944715
721311,0.017122621109619818
721312,0.997119424656024
721313,0.7636389582446346
721314,0.9967017979535209
721315,0.735596639724475
721316,0.2874309047788134
721317,0.9705393240159308
721318,0.012982812038918011
721319,0.9996693082390373
721320,0.9997783462717347
721321,0.21286371427446898
721322,0.7248129430055187
721323,0.1562384842355822
721324,0.09653756496239779
721325,0.7182967198007686
721326,0.01915171215657512
721327,0.8402426789784554
721328,0.2106552666419591
721329,0.9944496950964179
721330,0.9997977993942464
721331,0.9999937275629089
721332,0.9997285338273134
721333,0.09833841328394523
721334,0.2175778679372093
721335,0.9994728075968596
721336,0.9989964375405938
721337,0.739757943871066
721338,0.23798335049844982
721339,0.9998029856598916
721340,0.00508505584639832
721341,0.19500340810581945
721342,0.1482081230953762
721343,0.9998232527577828
721344,0.9249224537004899
721345,0.8109935427818562
721346,0.810305581271861
721347,0.9982350562477471
721348,0.9967639680527567
721349,0.9968879083757733
721350,0.03485397808809609
721351,0.9824220452338748
721352,0.9993271407431057
721353,0.34142531719538055
721354,0.8412869808116897
721355,0.0017109401780308969
721356,0.05706038228743551
721357,0.9992979667608244
721358,0.9996052589328901
721359,0.05114588120498392
721360,0.9137151328278192
721361,0.9860929726769909
721362,0.9998267581956081
721363,0.9994124388612691
721364,0.6645422060087501
721365,0.9368308977554964
721366,0.05605867365505927
721367,0.9998877539656106
721368,0.9189097746608218
721369,0.9998605166509837
721370,0.624281032274999
721371,0.9638403953523875
721372,0.9998202504098257
721373,0.8767956231601304
721374,0.999962395364389
721375,0.9987912975892195
721376,0.9939012857186466
721377,0.9975301357061901
721378,0.967688672196458
721379,0.8170245182731136
721380,0.6928368394090194
721381,0.998388459751257
721382,0.5507964228892165
721383,0.9998590520253312
721384,0.9999939189084122
721385,0.9990961273200032
721386,0.3142353261870972
721387,0.999068189947389
721388,0.9998283917672722
721389,0.0040426492402741735
721390,0.8899873491986908
721391,0.9799892243745383
721392,0.48119441325516255
721393,0.22990365204504892
721394,0.9951430370201351
721395,0.9911527704030371
721396,0.670803934339312
721397,0.9998957688446239
721398,0.403783426021428
721399,0.9991758379310932
721400,0.9997423550992817
721401,0.14411307611735116
721402,0.39483882294832817
721403,0.015683038977782417
721404,0.9965571711245202
721405,0.9996218267868692
721406,0.3881704467092793
721407,0.010637242796248156
721408,0.9627049165236897
721409,0.929438627849756
721410,0.9059617067583395
721411,0.9998609118314576
721412,0.30129581696001273
721413,0.835405003204411
721414,0.9315202077279793
721415,0.9121603245798473
721416,0.91827131469954
721417,0.9996020583852679
721418,0.9646540861616579
721419,0.9999434664527167
721420,0.9877131754540645
721421,0.8531602348557182
721422,0.15477065039891982
721423,0.9460212273594268
721424,0.019240526534193024
721425,0.99981665235444
721426,0.6065198496651822
721427,0.13571722702070393
721428,0.9567321444154613
721429,0.9976480753910667
721430,0.9996272794093144
721431,0.947918057426826
721432,0.14658109629163532
721433,0.1360897353191409
721434,0.5978372616836001
721435,0.06420235797868949
721436,0.9995310125525936
721437,0.3309924693494742
721438,0.9919540578787904
721439,0.7455260691601513
721440,0.35635725264244766
721441,0.042466718826130886
721442,0.9803020887548611
721443,0.9975189877865884
721444,0.8300271533935454
721445,0.9826291717481577
721446,0.08673657961456287
721447,0.9968185674027489
721448,0.8036312620161328
721449,0.9903957266886587
721450,0.0072001291081055
721451,0.7397420188003339
721452,0.026835894454789386
721453,0.20571212738539388
721454,0.9998943638135798
721455,0.9997324822398307
721456,0.9986003051407502
721457,0.9993515295071379
721458,0.883268790899036
721459,0.8447801504555711
721460,0.9678298132238952
721461,0.08158312006483423
721462,0.752535772389167
721463,0.9999039853265715
721464,0.10743520397800865
721465,0.06217607256727965
721466,0.9958202515469988
721467,0.7966985833678555
721468,0.9940941663026673
721469,0.7933984234255291
721470,0.8045898478430149
721471,0.0682033243812602
721472,0.6242452879947569
721473,0.9769013759371614
721474,0.9999557015384205
721475,0.8586383481023695
721476,0.5906413673973916
721477,0.03510008784124688
721478,0.9996868278664224
721479,0.4323495533547857
721480,0.925236445014256
721481,0.9960157448185881
721482,0.41182747836309763
721483,0.8076901014301364
721484,0.9999946552425985
721485,0.6759723252488189
721486,0.7802873503744073
721487,0.9999546880734906
721488,0.9109690686122187
721489,0.9060335615817492
721490,0.406042770825327
721491,0.9902167853780148
721492,0.9457647277200724
721493,0.9810428560967702
721494,0.891305311065536
721495,0.3626247418527412
721496,0.9999450557886869
721497,0.999902478742761
721498,0.9989442670228013
721499,0.9997559257126974
721500,0.4047163134020499
721501,0.08756632452603494
721502,0.9997496757948909
721503,0.08961793477756597
721504,0.4749650326572934
721505,0.34306743062191125
721506,0.9985998100889959
721507,0.8446769289324081
721508,0.690060907815228
721509,0.05779122022199747
721510,0.9999190988205755
721511,0.10035920582026511
721512,0.9999795744209541
721513,0.996198265503635
721514,0.11441927128987966
721515,0.0017101562054148201
721516,0.9991330470405164
721517,0.9834916903450499
721518,0.9931310851560984
721519,0.9997408579934355
721520,0.9822502920522775
721521,0.009577907842749409
721522,0.9998476118437655
721523,0.9340874046287655
721524,0.9999498511504172
721525,0.3254265950925558
721526,0.262176344608221
721527,0.9998068230547816
721528,0.49639325883810465
721529,0.05347181825615856
721530,0.9997472090136168
721531,0.9999753636395303
721532,0.999930395762431
721533,0.9998345784304179
721534,0.9901243756074973
721535,0.12061510812963294
721536,0.9112650715446904
721537,0.9999145817773551
721538,0.5227403644263595
721539,0.9790286184376477
721540,0.9998681192843986
721541,0.9981164922831706
721542,0.9936883799226404
721543,0.9966307858895211
721544,0.05178906764744029
721545,0.9998256102763932
721546,0.9997955762438945
721547,0.3526541080047976
721548,0.9999857486004876
721549,0.9970270243795334
721550,0.9995654853086762
721551,0.6700262834346606
721552,0.9994469100838065
721553,0.999215956772568
721554,0.9091911529449963
721555,0.9924711284311054
721556,0.9975005092197471
721557,0.02746964783606759
721558,0.05667641245248284
721559,0.05653080972132401
721560,0.285182088010997
721561,0.251654974575949
721562,0.45409344877554114
721563,0.9990559850010478
721564,0.9998380285785375
721565,0.9488999503434177
721566,0.9992864812023966
721567,0.9007411172684763
721568,0.9666042653967267
721569,0.9955678284402152
721570,0.6981454940828979
721571,0.9987370637096382
721572,0.8253046352378475
721573,0.9989344741448951
721574,0.48228249765821296
721575,0.14874359666863457
721576,0.9997018735940593
721577,0.9998001055376229
721578,0.6564265642480391
721579,0.987911100455561
721580,0.5335961903329283
721581,0.0327602443286499
721582,0.03513384175926894
721583,0.9992359814535614
721584,0.923262597504486
721585,0.982468266554678
721586,0.9999588073721214
721587,0.9990049186263569
721588,0.4608617331706244
721589,0.08574117221190547
721590,0.9964972512755934
721591,0.9989620973844571
721592,0.9999114709016454
721593,0.9999507524085455
721594,0.15348519091938856
721595,0.9344714592721297
721596,0.9992476682526965
721597,0.8520511066204131
721598,0.7227069464080964
721599,0.7710782877829929
721600,0.8828191869208575
721601,0.8985093821988304
721602,0.7639878047547931
721603,0.41617816670008223
721604,0.9999298468455026
721605,0.9999355370823811
721606,0.5629175895202004
721607,0.995737986829559
721608,0.016230020478946755
721609,0.9947848133907731
721610,0.5498390398741306
721611,0.5887978606849199
721612,0.2315151482192726
721613,0.9881089220836367
721614,0.9991435521675416
721615,0.8814019667402908
721616,0.9295478357200153
721617,0.9799232936787913
721618,0.9942682916454706
721619,0.8820246951291166
721620,0.9995767794759977
721621,0.0756468693364103
721622,0.9978610760720472
721623,0.5524621959486065
721624,0.08137208942900132
721625,0.9998404085126898
721626,0.9999871486714711
721627,0.03511124006662127
721628,0.9999451363078258
721629,0.8929980201184091
721630,0.9996581255943484
721631,0.9099328873512722
721632,0.4493523814108937
721633,0.9998187049836315
721634,0.641356575640838
721635,0.18513949642890828
721636,0.4834762573920588
721637,0.9998498462455829
721638,0.0982292023769752
721639,0.991081810141875
721640,0.9998505480979938
721641,0.3865253236896149
721642,0.9997333007221012
721643,0.9991398784062517
721644,0.011694962105229424
721645,0.16112751482061272
721646,0.9983639518799121
721647,0.002407806707439938
721648,0.015043474626507838
721649,0.17518576122133123
721650,0.7952120416521363
721651,0.9701684428664268
721652,0.9997624402177114
721653,0.3915882393363318
721654,0.999976145987818
721655,0.8363095273917645
721656,0.6358650526483025
721657,0.9638551189344049
721658,0.6753807961968317
721659,0.9999177263758228
721660,0.050202219598451586
721661,0.42509631398335535
721662,0.003728510124074355
721663,0.3636313916871381
721664,0.9969548120681221
721665,0.8346976261783832
721666,0.2560723617349345
721667,0.8617881281814233
721668,0.9999664942998232
721669,0.9998695690514208
721670,0.9996710285151703
721671,0.9999837639136259
721672,0.0870350399185389
721673,0.9999601914506431
721674,0.9998474348898263
721675,0.8393625177952749
721676,0.4569028395521259
721677,0.5385105893544702
721678,0.9998932934182755
721679,0.9873829521389577
721680,0.14411766341509424
721681,0.9980816044029323
721682,0.9887425632893547
721683,0.8823029707541259
721684,0.9387353413744284
721685,0.9883156836487549
721686,0.00741559191320226
721687,0.991875769353703
721688,0.6303415764064504
721689,0.9901710197212
721690,0.08633409410922138
721691,0.8415991013545064
721692,0.44292505361523127
721693,0.8678074949067545
721694,0.8544088099390992
721695,0.08669537191628221
721696,0.9478572186033343
721697,0.9820133496713199
721698,0.9934623892081081
721699,0.9368371241622542
721700,0.8407768516026751
721701,0.10306003218567533
721702,0.9890891974062958
721703,0.9748288542015151
721704,0.5601556866631063
721705,0.37111404001335757
721706,0.23521279612540297
721707,0.01646748052433515
721708,0.9984337232293112
721709,0.6442938738858478
721710,0.9039000941563258
721711,0.9958479651099321
721712,0.9999371877444647
721713,0.9996841737488553
721714,0.899788400095637
721715,0.01204583548516737
721716,0.8311993649230172
721717,0.029793872711642827
721718,0.9999443777252406
721719,0.9972139995519245
721720,0.25680693451135916
721721,0.9927719852723935
721722,0.7738897983656229
721723,0.19920549987413444
721724,0.9909226154478871
721725,0.5347946628491951
721726,0.999794449672174
721727,0.9990252903472396
721728,0.9989292764102995
721729,0.9993439858554413
721730,0.10558155487387416
721731,0.9999581593076148
721732,0.006430350350381067
721733,0.4684288170542126
721734,0.9958441911031611
721735,0.9986643129392963
721736,0.7603793380310173
721737,0.33964708025598705
721738,0.26185361564002946
721739,0.9950230579625885
721740,0.9780572824596924
721741,0.07091359574052546
721742,0.20550781612619512
721743,0.9988455677314072
721744,0.055382210903264964
721745,0.9939433174487804
721746,0.9957340915828872
721747,0.9791751595446594
721748,0.600937075292326
721749,0.017643199871820673
721750,0.9715430050234442
721751,0.6812741627301198
721752,0.3028384982191549
721753,0.009824113582940835
721754,0.9962295019094276
721755,0.650714994770878
721756,0.1413556739139059
721757,0.6652550176983112
721758,0.02136977025576071
721759,0.8153343380443042
721760,0.9992972312811523
721761,0.006858855897264436
721762,0.5051423684767655
721763,0.9837202302690273
721764,0.9999023716609751
721765,0.9940398590077827
721766,0.6469682698704229
721767,0.6960303160118781
721768,0.9725025994862206
721769,0.7234168231217935
721770,0.9936273488462479
721771,0.9986178235923555
721772,0.5685386600353689
721773,0.6571160804029141
721774,0.5341010019916385
721775,0.4164807407106821
721776,0.8318383145671919
721777,0.9998604004357332
721778,0.9868946635029752
721779,0.9624305721861477
721780,0.44968660498658347
721781,0.998471212177773
721782,0.39577410986747596
721783,0.9999775826934634
721784,0.9956609840972902
721785,0.9223893509007137
721786,0.40298178080357205
721787,0.028404146249267133
721788,0.9994792149516334
721789,0.9999560724955721
721790,0.04884281821090943
721791,0.7300030844160215
721792,0.99277562942095
721793,0.9998898046601301
721794,0.9873376082691432
721795,0.998299406705973
721796,0.9725399096242873
721797,0.4112173518349912
721798,0.4520470184155291
721799,0.9997792068419226
721800,0.14330929957814625
721801,0.2775720213747042
721802,0.5781153566202426
721803,0.9310601408469927
721804,0.9826295234980889
721805,0.6167589722744646
721806,0.0518080071512867
721807,0.9998579533705297
721808,0.9905526180985919
721809,0.9990935548012024
721810,0.7956185062377575
721811,0.24615672478587383
721812,0.9997932612293821
721813,0.00875539719453268
721814,0.9998480239582741
721815,0.8313042521183506
721816,0.047778548241978795
721817,0.12963659870538075
721818,0.5471034406807095
721819,0.18399472677881915
721820,0.9985755468979404
721821,0.4885104952592706
721822,0.9887057332409619
721823,0.7623405353723921
721824,0.6657454907092397
721825,0.5828843526127568
721826,0.9994288186788988
721827,0.9976262677979912
721828,0.1347718815865437
721829,0.9999546763211429
721830,0.9381458378887747
721831,0.6223722345489442
721832,0.04006371943614264
721833,0.999722903695891
721834,0.9830023613348892
721835,0.9581366100153532
721836,0.9963862448370886
721837,0.09376199282427068
721838,0.9994518081668888
721839,0.9501631387074705
721840,0.06058921161717952
721841,0.9999695038555896
721842,0.9999156470641173
721843,0.9687103097290231
721844,0.5510595563555467
721845,0.9919151230110225
721846,0.9984013221903111
721847,0.9966738803146676
721848,0.04543894882239269
721849,0.9964243355485536
721850,0.9999785474253763
721851,0.4815114753423424
721852,0.9746495410922367
721853,0.020880171160879257
721854,0.41596594712419155
721855,0.9998612985510635
721856,0.8910552913015565
721857,0.9756239632835525
721858,0.9997890232606704
721859,0.007431825136983887
721860,0.9999572659769904
721861,0.11792057605645316
721862,0.999400679081762
721863,0.9997351330371034
721864,0.07223791065445263
721865,0.8311529333921097
721866,0.9231673190862839
721867,0.9998870387074668
721868,0.6015309338760206
721869,0.19045582502093614
721870,0.032282746178047675
721871,0.8402477449651299
721872,0.8625983202200789
721873,0.6443054327900932
721874,0.4946733923845098
721875,0.8253391450763963
721876,0.9999788474059707
721877,0.05611765631701905
721878,0.9997866190102347
721879,0.35406853028866087
721880,0.12542459551813384
721881,0.9999030186696105
721882,0.6458321645129664
721883,0.9999669792970779
721884,0.722246832417594
721885,0.6063290935015373
721886,0.979266210620179
721887,0.9917459157546099
721888,0.9992232430628261
721889,0.17423805169951379
721890,0.8874939611110395
721891,0.7421815717754929
721892,0.9943261388880211
721893,0.9997993684001252
721894,0.9999650964767066
721895,0.0036668982948695147
721896,0.14117955029374069
721897,0.09610383648143107
721898,0.9997954786570697
721899,0.9169461826734211
721900,0.9998692454372817
721901,0.9999285563978402
721902,0.5022909087766325
721903,0.9980285746361893
721904,0.006709975126069861
721905,0.13901415398431774
721906,0.9998485576864691
721907,0.9521389449203627
721908,0.9986084272265642
721909,0.05237397074387464
721910,0.3409020973166585
721911,0.05050478592102301
721912,0.2559231122423049
721913,0.8555633562186002
721914,0.22934648661657836
721915,0.9999232427252754
721916,0.9807030313536323
721917,0.3210514512624495
721918,0.9690454653308576
721919,0.9945892303316115
721920,0.999499369538349
721921,0.4964436186826572
721922,0.03250600846709425
721923,0.9998015046766466
721924,0.9569082450454228
721925,0.16345273716958733
721926,0.6127863571959598
721927,0.05771162195177178
721928,0.9999807787602477
721929,0.9999125872797459
721930,0.8880266947198958
721931,0.9976361404180455
721932,0.006910079730600226
721933,0.9990668102858666
721934,0.9458741046182767
721935,0.9999684817861367
721936,0.5128581009188081
721937,0.9991736423918447
721938,0.007385057632410091
721939,0.8888220625887782
721940,0.9990120848597509
721941,0.07905383102933777
721942,0.8836887121068611
721943,0.9999601279447141
721944,0.9999008409767866
721945,0.5109739582720112
721946,0.3363697794784876
721947,0.21391954158142756
721948,0.1089162759927709
721949,0.029303410100278766
721950,0.8752319740828876
721951,0.9996458001119422
721952,0.9401913112440704
721953,0.05582688705546433
721954,0.8122402274396828
721955,0.9503523394723402
721956,0.15016138923845518
721957,0.38269271828488244
721958,0.9663479675522952
721959,0.9998939568790582
721960,0.45339258455673753
721961,0.5933811995504223
721962,0.9999594969139883
721963,0.9985517445207615
721964,0.3419432404001153
721965,0.20863499357177048
721966,0.9799686971117305
721967,0.999486826277354
721968,0.9998655329493054
721969,0.9940821956836559
721970,0.9929263677116522
721971,0.9571479791828688
721972,0.9983616633115265
721973,0.3903106332892973
721974,0.9113544738514792
721975,0.9999530401645687
721976,0.9939632447514217
721977,0.02530978925905798
721978,0.36090748295002617
721979,0.5686700422596279
721980,0.14489859997905685
721981,0.9998912417286671
721982,0.9996636531832315
721983,0.049846537506746
721984,0.3903708142314143
721985,0.9965248532448999
721986,0.9955150549342622
721987,0.9998597203524383
721988,0.9652809259097017
721989,0.9856503966433245
721990,0.9999366444183804
721991,0.9988836820650093
721992,0.03587889188576215
721993,0.7356950507588988
721994,0.9990853373226917
721995,0.012489863912476794
721996,0.059303873936578926
721997,0.9795095859279479
721998,0.29959621795649216
721999,0.29939502680634744
722000,0.03204602818668379
722001,0.1236706506790602
722002,0.01894236474989056
722003,0.9998628386865489
722004,0.15240787256019128
722005,0.9998792487870273
722006,0.5854910761386352
722007,0.9799951127474613
722008,0.0892207440016504
722009,0.24894134767944698
722010,0.9879468011249564
722011,0.6348140304500554
722012,0.9849582496440192
722013,0.15531876850720358
722014,0.013824100947523746
722015,0.9990060224858904
722016,0.9998124008298153
722017,0.9982081447357005
722018,0.9997449037330767
722019,0.2795129174011667
722020,0.6882587427903589
722021,0.5977536567873241
722022,0.9999109377225468
722023,0.9995104587653927
722024,0.8780562407452649
722025,0.9993948904804186
722026,0.007897269018550443
722027,0.9737731224386732
722028,0.7584028727746863
722029,0.013340647170697007
722030,0.05908989885005392
722031,0.5361873747217157
722032,0.14835617110204502
722033,0.9998676205980798
722034,0.9999827908823877
722035,0.6812600749422362
722036,0.9991396766313791
722037,0.999192059745521
722038,0.7991448208358387
722039,0.9999665755054343
722040,0.09873847005022432
722041,0.8214374771403057
722042,0.9127626763138366
722043,0.05254117531881466
722044,0.9682711135121724
722045,0.30027014329549745
722046,0.9997705673926383
722047,0.9908048191600604
722048,0.14396393614432088
722049,0.9998191633656418
722050,0.8999406392229239
722051,0.12727885531145086
722052,0.9999432416941973
722053,0.9998650528956141
722054,0.9743706765735587
722055,0.8647168952830948
722056,0.6752907499803155
722057,0.9811081890547373
722058,0.8550980549568128
722059,0.03276540630842467
722060,0.9991933346836437
722061,0.046289370375980916
722062,0.35248142219183853
722063,0.9929587386032889
722064,0.21115854588711108
722065,0.999977384757024
722066,0.2792295106371954
722067,0.9946169080677758
722068,0.9958977079501904
722069,0.1367210286200811
722070,0.08339065544395953
722071,0.9972926449410526
722072,0.9964492250192147
722073,0.5179531770657942
722074,0.07175161531791978
722075,0.12016743161424787
722076,0.9835012285985477
722077,0.9988387902557435
722078,0.9247902940568811
722079,0.05248720550060079
722080,0.02224112528095922
722081,0.00576673086037755
722082,0.5312790239001758
722083,0.1519756811551689
722084,0.9035886901248886
722085,0.9979388357244197
722086,0.6522968987103357
722087,0.9991280323626366
722088,0.7548902127393654
722089,0.9698092946439207
722090,0.36394374462822193
722091,0.6235538473058706
722092,0.9999739080707366
722093,0.9995746309526546
722094,0.040315458770675106
722095,0.15505302489888034
722096,0.9570648725220533
722097,0.0051028390010226824
722098,0.9983162607346288
722099,0.337579022432012
722100,0.9996305387390079
722101,0.7225395193204872
722102,0.9999770630197393
722103,0.09748685682150637
722104,0.7888561559961458
722105,0.466493965087206
722106,0.8383215530798014
722107,0.999664031086178
722108,0.6352150788935476
722109,0.7829490257436571
722110,0.9975619037157379
722111,0.038943138333116696
722112,0.41918570102772684
722113,0.9974258680559849
722114,0.9615592172581502
722115,0.9999709301738184
722116,0.9211152965524931
722117,0.4645767242429742
722118,0.8213444783038126
722119,0.9947350331530797
722120,0.9958121476615194
722121,0.25353314940192484
722122,0.9947461031767382
722123,0.018946929925512033
722124,0.8417965712370035
722125,0.9995709252700684
722126,0.974698517491188
722127,0.9994434451809435
722128,0.0008635775646224572
722129,0.2821694468189505
722130,0.02386051527038045
722131,0.021590033520847148
722132,0.9592764292444058
722133,0.9963033748216642
722134,0.08976212866235714
722135,0.7596693425103823
722136,0.3194057917177192
722137,0.8180284683583801
722138,0.6458544904337361
722139,0.10119420142851515
722140,0.8256490945607431
722141,0.09444644223790577
722142,0.2783458328953006
722143,0.5191998758003533
722144,0.07016678208291476
722145,0.5613934279799622
722146,0.9787022159056289
722147,0.0730807074697717
722148,0.7611241643520135
722149,0.058965193845591596
722150,0.9997603974636136
722151,0.7006600147501036
722152,0.22553196439867226
722153,0.9999620105867664
722154,0.9981351000322926
722155,0.48065945308469155
722156,0.6564467639957362
722157,0.7590249619792802
722158,0.05824079875123704
722159,0.9722807820452015
722160,0.9998408468719012
722161,0.9995021156002192
722162,0.9993787761550452
722163,0.9958690997274864
722164,0.9988702251381193
722165,0.7274857083683911
722166,0.2873892471983006
722167,0.9999757006704106
722168,0.9395009860166851
722169,0.7359126220693248
722170,0.6613990171366162
722171,0.9988859512954034
722172,0.8069557087265762
722173,0.9995815304010143
722174,0.9999386813082173
722175,0.9996377714782922
722176,0.9995858035453847
722177,0.08749466146569154
722178,0.9835698052592934
722179,0.10904384032232821
722180,0.9956290111938754
722181,0.33297046003058955
722182,0.999974912678159
722183,0.9997259067471953
722184,0.9703594636500925
722185,0.3785439238994661
722186,0.997261403179159
722187,0.88937804448372
722188,0.4674017740136712
722189,0.9998106732020788
722190,0.9922500853696226
722191,0.9593920250080141
722192,0.7786104672762004
722193,0.9951807494482772
722194,0.3156096769719718
722195,0.9557899537359269
722196,0.01054755079409773
722197,0.9753208621336839
722198,0.999733041177437
722199,0.9863492813279517
722200,0.946347800924562
722201,0.18105857109553092
722202,0.49549774041712286
722203,0.060212975228740334
722204,0.4809296995916602
722205,0.14507448718400603
722206,0.199532008383017
722207,0.9937780690606518
722208,0.9997094264242222
722209,0.9975735229762487
722210,0.9996167713423975
722211,0.687327716015337
722212,0.999530731901727
722213,0.2614102602236842
722214,0.7545598227280929
722215,0.5061638084584719
722216,0.7009688910952847
722217,0.965928303491358
722218,0.16921839353777368
722219,0.9984769827206084
722220,0.9999810263560183
722221,0.9845753653730116
722222,0.9984487389868097
722223,0.8456053267791516
722224,0.10888784622971033
722225,0.9999798301940097
722226,0.9999573125996593
722227,0.1827064607647563
722228,0.9745432402023158
722229,0.9516533529252538
722230,0.9874271043683125
722231,0.6031725695293783
722232,0.7358033807333522
722233,0.9974246573272172
722234,0.033675152623713796
722235,0.9902806135822853
722236,0.9823116342776638
722237,0.9994729270124147
722238,0.9539764380433254
722239,0.9987237842567844
722240,0.4183914938252815
722241,0.9249414908987179
722242,0.2962723123855609
722243,0.999081269170665
722244,0.9997691566670173
722245,0.5845255977014934
722246,0.03147686258020467
722247,0.9999370408191538
722248,0.6679878588286741
722249,0.9441449168129236
722250,0.596141686245167
722251,0.9994720702035992
722252,0.9933902989723784
722253,0.9923662460019408
722254,0.9717519410863396
722255,0.0897063441759911
722256,0.9671731290087422
722257,0.9686283188851784
722258,0.999270207225357
722259,0.9924519065415882
722260,0.9992353830575726
722261,0.03597806114305613
722262,0.01987795060806759
722263,0.8991677870660885
722264,0.9793833820799341
722265,0.8815563806207976
722266,0.9997454385591612
722267,0.2298989001201011
722268,0.9999060221741416
722269,0.9986009914073417
722270,0.2277906319227387
722271,0.9873044045627157
722272,0.5692968474812511
722273,0.9997515533622053
722274,0.9932013963834853
722275,0.7223540318174005
722276,0.15132656264604624
722277,0.9995869891022646
722278,0.9984210095555954
722279,0.021141453233966642
722280,0.9998552526620132
722281,0.8416149872563898
722282,0.9997795579837876
722283,0.9607534662762105
722284,0.9997274726098695
722285,0.9993453652322286
722286,0.9101008712286723
722287,0.9998232870466129
722288,0.9997783352046644
722289,0.9327699353007448
722290,0.9999795880290056
722291,0.997224196688925
722292,0.999979238187317
722293,0.9356343428940239
722294,0.9809295467910051
722295,0.999911239358549
722296,0.10334332507460556
722297,0.9997336874113053
722298,0.9991980501708656
722299,0.4025594267944128
722300,0.4754025550690381
722301,0.9842530646373756
722302,0.9998755442919962
722303,0.004345776207677458
722304,0.9831645618725662
722305,0.8905698532615283
722306,0.9999280778446632
722307,0.7013714293268727
722308,0.5561670329292773
722309,0.9134325289142688
722310,0.9999626282666483
722311,0.10874081841016847
722312,0.9997940202649891
722313,0.99993103515156
722314,0.5577867407840942
722315,0.5869561535757531
722316,0.9597127160052157
722317,0.5980368206943592
722318,0.9995609594908301
722319,0.9999832469567913
722320,0.5335195059459173
722321,0.9986580380372998
722322,0.8257109623567938
722323,0.01747180100502431
722324,0.9995642114120811
722325,0.9963987684518956
722326,0.9998292506022939
722327,0.047050801094460595
722328,0.9996090932839239
722329,0.9358542780043673
722330,0.9999940252736107
722331,0.9992766112874003
722332,0.9993434276597154
722333,0.9654740734359083
722334,0.7241371645531915
722335,0.9130143629389385
722336,0.2516399705570686
722337,0.9986958073787562
722338,0.9615001878083982
722339,0.998344063759979
722340,0.6301247928286223
722341,0.9995808957024448
722342,0.7941478329771996
722343,0.9862121767897958
722344,0.9912152430261885
722345,0.9961137808406372
722346,0.993959942176637
722347,0.9648562915790857
722348,0.993952991297804
722349,0.9859965945181359
722350,0.9965220460487692
722351,0.03992308799412147
722352,0.9631172027179177
722353,0.009567756192453918
722354,0.9988732188082369
722355,0.9988424801990868
722356,0.3250222327939711
722357,0.8534104212052003
722358,0.9991435481602162
722359,0.802559929272176
722360,0.2944210598130603
722361,0.9996607846052618
722362,0.19794192592043736
722363,0.022749867974462636
722364,0.9975859964442291
722365,0.999932048999814
722366,0.6578296328074319
722367,0.9998725019772532
722368,0.9997403922178438
722369,0.6026424028651913
722370,0.7422503680299435
722371,0.9992347573027703
722372,0.9965055212660509
722373,0.6537741706515694
722374,0.6738867054562707
722375,0.9999563649781827
722376,0.9872589704855764
722377,0.9989913239639734
722378,0.630041605738656
722379,0.5504037802944077
722380,0.8831183842827239
722381,0.9998569609732785
722382,0.35624007559118054
722383,0.5202124529025651
722384,0.6240482714773081
722385,0.9998715840581671
722386,0.20450573632184713
722387,0.9999057079913019
722388,0.9897761438543844
722389,0.9798175285221118
722390,0.00906566122165367
722391,0.03771834174674827
722392,0.9994727154685239
722393,0.907881164166691
722394,0.9999031890448463
722395,0.9822769335354036
722396,0.9997534672516977
722397,0.056687432895803226
722398,0.5837058239766715
722399,0.28753924552938154
722400,0.18277704424770613
722401,0.9996885914868151
722402,0.10819699082669637
722403,0.9983192555837577
722404,0.9999364559230076
722405,0.8227995263614147
722406,0.9998158018517038
722407,0.995774680111238
722408,0.051327057186980427
722409,0.9989098336762786
722410,0.9999308573095518
722411,0.7695996139080953
722412,0.6313669382960271
722413,0.6142115111413327
722414,0.9998425377174078
722415,0.9999968144341618
722416,0.9998552125467435
722417,0.1373301131006409
722418,0.9972978378667094
722419,0.6040820012310122
722420,0.997621829836928
722421,0.9960229206734319
722422,0.9855179912870614
722423,0.8684713288440455
722424,0.9999561211800687
722425,0.10258094005447274
722426,0.992603193834976
722427,0.9999020267281937
722428,0.9016891542750102
722429,0.9967781322404764
722430,0.9968299800570066
722431,0.024601367987116117
722432,0.470941344574891
722433,0.05549952645503625
722434,0.19070314627708723
722435,0.28084753572375226
722436,0.9993222858334918
722437,0.9593011681888165
722438,0.9947680980364944
722439,0.9896667592664128
722440,0.9998192527651392
722441,0.9370643185125078
722442,0.9974315327516878
722443,0.9997639367156833
722444,0.9466744602519679
722445,0.5971078087181
722446,0.997776373369071
722447,0.8564526221925042
722448,0.9909519978597982
722449,0.9992979732620135
722450,0.9984508049466159
722451,0.9692772522330946
722452,0.9120512569277246
722453,0.028525002382643758
722454,0.028216199909941928
722455,0.643982228664376
722456,0.7526154660600424
722457,0.11014413599742232
722458,0.2844759059896688
722459,0.9994825695838121
722460,0.003657339571286248
722461,0.7499191838240991
722462,0.5889715501686755
722463,0.7363474895443265
722464,0.283405466963251
722465,0.28852332986155993
722466,0.9985763491978032
722467,0.4682607143409083
722468,0.9988950918020613
722469,0.5572847675869365
722470,0.8377975311015764
722471,0.9997911247885605
722472,0.9999590495828964
722473,0.8534040084217379
722474,0.6110949510386137
722475,0.6827614688138248
722476,0.9688008984337428
722477,0.8187706419125542
722478,0.9993862802613425
722479,0.028413805130347358
722480,0.10355679434130138
722481,0.35780773837405344
722482,0.24831890861349287
722483,0.9998320399602669
722484,0.9999690346100027
722485,0.19351208224415206
722486,0.04713973141777726
722487,0.577059253574922
722488,0.45793774664754616
722489,0.9964498950158369
722490,0.19617831118425336
722491,0.9971105234534547
722492,0.9999327085783356
722493,0.7347751999935982
722494,0.8252893452758205
722495,0.9521261875801341
722496,0.05565219692120721
722497,0.9974443357777296
722498,0.9976472036898978
722499,0.0652350633277306
722500,0.9415222669359453
722501,0.9955885591070646
722502,0.18217311521982596
722503,0.9996011618993733
722504,0.9993221959778715
722505,0.9978205568251537
722506,0.7019906228480063
722507,0.2315569372222729
722508,0.9997678146258782
722509,0.03522133993516475
722510,0.04967547827813972
722511,0.9479106906120145
722512,0.9993299489396419
722513,0.9905799741344903
722514,0.2950409709187736
722515,0.9954207560266705
722516,0.4294979756555457
722517,0.9926544328059845
722518,0.2358363664773721
722519,0.9985642895668887
722520,0.9935296513732209
722521,0.03620834509260237
722522,0.9972820150998527
722523,0.476052541454648
722524,0.02492112548855823
722525,0.9998160165299625
722526,0.5541480133353643
722527,0.018492677275730875
722528,0.9970009474614798
722529,0.9156956626302929
722530,0.6338042698948443
722531,0.9980437943798404
722532,0.2613196525433389
722533,0.5734892031253668
722534,0.9999327461363494
722535,0.8370146444081658
722536,0.9999150093639237
722537,0.9929710565123749
722538,0.9989301147563925
722539,0.9961965218155118
722540,0.9991899652395357
722541,0.9999043851013585
722542,0.9979170529261685
722543,0.02902532331236684
722544,0.35364086410624546
722545,0.02293511199710691
722546,0.010173211742868758
722547,0.9977746111260573
722548,0.955555575569712
722549,0.9911993034158249
722550,0.9991058889615939
722551,0.9735843993762683
722552,0.9627383767730928
722553,0.8932573776282389
722554,0.7870603769422508
722555,0.9994116512610931
722556,0.9572808875786251
722557,0.7716092549490353
722558,0.9999214359364005
722559,0.9208210517006731
722560,0.9950760165371557
722561,0.6904761567653697
722562,0.7678886053216194
722563,0.6006146454592333
722564,0.19184278806555355
722565,0.6926709889906931
722566,0.85329015677907
722567,0.9996154815947927
722568,0.0750096063999496
722569,0.8334728958001851
722570,0.9880661629932983
722571,0.08871299802171673
722572,0.9989783677386366
722573,0.9999463281055653
722574,0.9999766137466114
722575,0.9999599900214522
722576,0.4776036755575747
722577,0.9999984900487765
722578,0.9968572633453214
722579,0.8212863875882418
722580,0.9990796975788152
722581,0.9493953620696661
722582,0.9999619599476408
722583,0.030202306502434176
722584,0.6968524161830847
722585,0.004377883321613827
722586,0.9998181827147727
722587,0.9991546906263387
722588,0.9951574098067061
722589,0.9992535542999534
722590,0.9987190768710449
722591,0.36449991843390056
722592,0.00844014231134834
722593,0.36799704753548307
722594,0.45395025616382845
722595,0.21373317213139764
722596,0.9999777632437111
722597,0.9960411373289619
722598,0.1633976382353295
722599,0.9954874136243669
722600,0.9997563341374511
722601,0.6303269959084428
722602,0.8841061788264316
722603,0.997815080944247
722604,0.012476610116559116
722605,0.8351764347264963
722606,0.5893327932849609
722607,0.9997134359431462
722608,0.9903583561805045
722609,0.9546553254312427
722610,0.5483178953373138
722611,0.8066943510939659
722612,0.08392578339442054
722613,0.382480862618668
722614,0.015288139673287836
722615,0.9716390272378979
722616,0.9997351413746105
722617,0.6425358930906999
722618,0.9993759849250704
722619,0.7698488444281799
722620,0.9964564990187935
722621,0.861883010040663
722622,0.990387822816382
722623,0.9998377472164865
722624,0.30959626315420247
722625,0.4131216245768671
722626,0.9968876250915724
722627,0.35563295360512415
722628,0.9973015725063139
722629,0.9985319272879095
722630,0.32132400930926974
722631,0.9998426161985988
722632,0.9996624151238489
722633,0.0912611626589177
722634,0.9997969528394681
722635,0.9999276281942477
722636,0.8555681139293945
722637,0.9990096821253931
722638,0.9561679142197637
722639,0.04842441965314562
722640,0.9999803165139817
722641,0.22404138777322768
722642,0.999895560803058
722643,0.9986312800110146
722644,0.9666822435863263
722645,0.02584539690872348
722646,0.6070148382601624
722647,0.9996801182582735
722648,0.9990082337538893
722649,0.034175398003934626
722650,0.9974886890829381
722651,0.9981242806157893
722652,0.23752846207757775
722653,0.663785385677466
722654,0.004439721901740725
722655,0.621120847144816
722656,0.9895381097881728
722657,0.06571768013110645
722658,0.31687414485109155
722659,0.9945309894998409
722660,0.8524524893170318
722661,0.9990650665726024
722662,0.8451660486397263
722663,0.403076390330796
722664,0.9988906649284168
722665,0.3544919977471094
722666,0.9847000030497581
722667,0.4160868223554358
722668,0.9987410691757002
722669,0.21811461727091372
722670,0.9865891501012547
722671,0.5449126277901319
722672,0.5427473093055999
722673,0.9990181876415879
722674,0.9996332540890245
722675,0.3300953544153501
722676,0.9157112698570689
722677,0.9997064907747992
722678,0.9990123902480668
722679,0.9989245569362013
722680,0.36489521760904076
722681,0.8274858930302111
722682,0.07411725443162918
722683,0.999939502711771
722684,0.9999832064153514
722685,0.04628796517234183
722686,0.9999524838788569
722687,0.2061070289814645
722688,0.9996007846462034
722689,0.2346638122793458
722690,0.47771412309009065
722691,0.9997425369779432
722692,0.9983047607605275
722693,0.959629176628394
722694,0.9969862540453754
722695,0.0187101558959511
722696,0.9999194780248741
722697,0.9952449849069918
722698,0.9999563804587113
722699,0.9999758003802545
722700,0.8822188916728643
722701,0.9998976261908565
722702,0.46159556406760166
722703,0.7789848859445629
722704,0.3576305157166903
722705,0.7492268470488457
722706,0.9985524875916452
722707,0.08273294942232265
722708,0.9999317958744536
722709,0.9996067633921514
722710,0.07116559711744264
722711,0.9595078566245755
722712,0.9330418502440407
722713,0.9046769995611073
722714,0.1741689734212234
722715,0.9747496875787798
722716,0.8648626080023871
722717,0.9991959641006685
722718,0.9999683346220616
722719,0.688042780752451
722720,0.9973017277669702
722721,0.9071123002076699
722722,0.030366486904851272
722723,0.5087898566643597
722724,0.850336868249199
722725,0.9999478713220911
722726,0.2371520679156917
722727,0.12412356575418115
722728,0.9193241825597113
722729,0.9944764707916405
722730,0.2018655306001532
722731,0.4612558230211087
722732,0.9999078497491144
722733,0.9421310406900169
722734,0.055947825252167904
722735,0.9994245677277541
722736,0.6330087385935976
722737,0.9991958302450616
722738,0.42973295413428164
722739,0.025866284533002836
722740,0.1294858186014269
722741,0.9618730356387308
722742,0.9999648390335247
722743,0.9999623299089448
722744,0.6790239042581763
722745,0.9914804419542442
722746,0.603026340519442
722747,0.9995821882283704
722748,0.9996847272236188
722749,0.500881306664179
722750,0.980157146930889
722751,0.04388029458060558
722752,0.2143191338522496
722753,0.9999891266334778
722754,0.6564414526729485
722755,0.9962552599893374
722756,0.353306781173057
722757,0.02199661586896956
722758,0.9669725241890342
722759,0.9980691497970263
722760,0.9994663293388633
722761,0.9996322562606395
722762,0.005811963211502303
722763,0.9999891816271361
722764,0.8919342225840983
722765,0.6887422842346099
722766,0.9987382583005544
722767,0.6856785343521787
722768,0.706537094432275
722769,0.7504890995191407
722770,0.6255732581658511
722771,0.4992134396774297
722772,0.9999153981777169
722773,0.39971598835776745
722774,0.9981180341303393
722775,0.36609326354002647
722776,0.9997878911698093
722777,0.01059422027470047
722778,0.9989625157677311
722779,0.7649862821624672
722780,0.9936025094885456
722781,0.9997557132109938
722782,0.9986718394630583
722783,0.9831162453248221
722784,0.6416350369657147
722785,0.1078713697435534
722786,0.9983888478169307
722787,0.9999905687724546
722788,0.9050317428026236
722789,0.9996774917216461
722790,0.9788162155880961
722791,0.9970223348515865
722792,0.8536838821634682
722793,0.9999592306110061
722794,0.9092784077347966
722795,0.433762432977128
722796,0.8488217098304462
722797,0.061993784406777684
722798,0.9817569821630828
722799,0.02526435435417808
722800,0.9926661711059728
722801,0.9997698109246353
722802,0.9996872347063828
722803,0.9998417211308972
722804,0.43105682301417414
722805,0.8584957433225353
722806,0.4326978002460977
722807,0.9999374714798628
722808,0.1736163552111357
722809,0.9001918839303547
722810,0.9994891099600978
722811,0.999945152865489
722812,0.5462174411377482
722813,0.6031234528249257
722814,0.8257124799982247
722815,0.6884597197139576
722816,0.9130731216330137
722817,0.9999508367683771
722818,0.998406138710257
722819,0.20717206584127215
722820,0.177684424289763
722821,0.9960704834133187
722822,0.9967406057236218
722823,0.8565233854075665
722824,0.22067156852092462
722825,0.9330769787130904
722826,0.38859758977458203
722827,0.9119506791899268
722828,0.1873420069106491
722829,0.9994633851115586
722830,0.9251849658453704
722831,0.25179175285903344
722832,0.9965133003900633
722833,0.6137437262585618
722834,0.9864567406718399
722835,0.999002138609761
722836,0.9999878114198039
722837,0.8898851506670657
722838,0.7772877828382233
722839,0.9762646727409345
722840,0.7647496526396615
722841,0.4599353816969394
722842,0.30513761083209234
722843,0.8930130122884115
722844,0.48290461644026966
722845,0.2329907336604503
722846,0.9521409492755124
722847,0.8709304397786235
722848,0.8497692504735196
722849,0.9651196727580544
722850,0.998648142137619
722851,0.46074751554425625
722852,0.9999520336795009
722853,0.9960589506294266
722854,0.36287970919914514
722855,0.08694042440796806
722856,0.8237419985119796
722857,0.8359309413403601
722858,0.9980509289952938
722859,0.9996279653613236
722860,0.38628950460515254
722861,0.9999551240634403
722862,0.9999629628411686
722863,0.49637513374864656
722864,0.05908706539724246
722865,0.09841479031887859
722866,0.9984981885121325
722867,0.8982803343069017
722868,0.029678318321544897
722869,0.9533366169232038
722870,0.8825562587817005
722871,0.06788111918682027
722872,0.9525418431855737
722873,0.03307791622921781
722874,0.7723769797743794
722875,0.2751393741456236
722876,0.963397858670253
722877,0.7969228665175687
722878,0.9804911605135137
722879,0.21283806440665043
722880,0.8277304323554626
722881,0.05804164707806214
722882,0.6387011180266922
722883,0.9996921645348216
722884,0.998439480840208
722885,0.9995192349213349
722886,0.9852890299069318
722887,0.9785379046660446
722888,0.9918425364915305
722889,0.9998829820857582
722890,0.9972068237385568
722891,0.9999620960307902
722892,0.6379440442524603
722893,0.5800203666265316
722894,0.3192698021882959
722895,0.9982037090824198
722896,0.9973354404427777
722897,0.9998953793614331
722898,0.4181749359963375
722899,0.9999331889879601
722900,0.9853093634663646
722901,0.5917455089375288
722902,0.9923317893149388
722903,0.9966759807491947
722904,0.9997786155772115
722905,0.0016900475412281082
722906,0.009140152363451715
722907,0.37022552713616874
722908,0.999986036596439
722909,0.7115077392556075
722910,0.011947009652830177
722911,0.663316563795444
722912,0.9999916663500107
722913,0.15245627712287585
722914,0.999273137709563
722915,0.004755628897768867
722916,0.9993054951572331
722917,0.6923142209314066
722918,0.9997657655490203
722919,0.9967426906326635
722920,0.9984979405686867
722921,0.32910064498538644
722922,0.9999846141573963
722923,0.5680013177229548
722924,0.5120910745185827
722925,0.9973628911506357
722926,0.8951996480634223
722927,0.20364255716271812
722928,0.9929449619910524
722929,0.7347879328972351
722930,0.9999162336937395
722931,0.12834184564942897
722932,0.9195393994546808
722933,0.9900765174567989
722934,0.1373720981481877
722935,0.3911497607844722
722936,0.9979417447002702
722937,0.9963746922484602
722938,0.03207313458690645
722939,0.989147110826188
722940,0.9993585278403015
722941,0.9995544098744958
722942,0.35846304123679384
722943,0.9995433833529668
722944,0.9938805768646067
722945,0.04849505257967163
722946,0.6083500517243152
722947,0.8000594787078253
722948,0.9977334115924169
722949,0.051671044538420335
722950,0.998188854843842
722951,0.9998994876283824
722952,0.9999761409290595
722953,0.9964962971234503
722954,0.99983764630972
722955,0.9735312428321262
722956,0.999685169690341
722957,0.9998699232707526
722958,0.9980748180877266
722959,0.9992102355427481
722960,0.9524228843487192
722961,0.7093784931337965
722962,0.9997446540542665
722963,0.9278055313001333
722964,0.9992207011644372
722965,0.15786786588853344
722966,0.9607518339784481
722967,0.021222790910175336
722968,0.03392351571932271
722969,0.99998516813493
722970,0.719488048020732
722971,0.9120529237904167
722972,0.992617595101067
722973,0.6770281144894297
722974,0.8253060502979652
722975,0.8909812151478167
722976,0.40543779610972014
722977,0.9886573939762153
722978,0.6587492160117654
722979,0.9993447512598468
722980,0.19697690847934696
722981,0.9989043998605208
722982,0.772034275670429
722983,0.9123688927492921
722984,0.9198767240692562
722985,0.969705959531371
722986,0.33614411599418004
722987,0.49333210029225893
722988,0.8804736296918194
722989,0.17238322616294394
722990,0.2791909907286024
722991,0.9998594117245293
722992,0.08276416146871421
722993,0.999436486677411
722994,0.5978771492547811
722995,0.09208195315623152
722996,0.9999291887422493
722997,0.9860083481538335
722998,0.999534395829396
722999,0.9999286193994577
723000,0.9992125303431232
723001,0.8961134092339784
723002,0.9389547447909051
723003,0.912942019616551
723004,0.9998813516513274
723005,0.7310705251079486
723006,0.09924888585005973
723007,0.5030503744352126
723008,0.7259835399666836
723009,0.9994111138040285
723010,0.9990657559778517
723011,0.6665712034198857
723012,0.2780534231381502
723013,0.45545782644750366
723014,0.9996409832161959
723015,0.9992289428491566
723016,0.6425778572726825
723017,0.9999245600610489
723018,0.4065889340657308
723019,0.8343176682883644
723020,0.9709830993806559
723021,0.8456648696838615
723022,0.4717652049465474
723023,0.9975163138865463
723024,0.008688234003251253
723025,0.033252468917247646
723026,0.3438884065324146
723027,0.9957774572481166
723028,0.9913354608692002
723029,0.016793834278386596
723030,0.9464668796506325
723031,0.9978862524035763
723032,0.9736968677616381
723033,0.9975825074630844
723034,0.9999616102250067
723035,0.34004806568682633
723036,0.9963183673371182
723037,0.9944000519972441
723038,0.995532699020577
723039,0.9998494990064792
723040,0.7164482082215716
723041,0.9998488529763953
723042,0.8546275751093687
723043,0.029041665355599055
723044,0.9992827289827351
723045,0.003544591422430715
723046,0.999791607130933
723047,0.9995087482988099
723048,0.17624347449232172
723049,0.7428113220326333
723050,0.46311536585758617
723051,0.99960389645325
723052,0.9995853937034297
723053,0.995824494568853
723054,0.9997159677113038
723055,0.4442145527522199
723056,0.20246735835372953
723057,0.9997126746653016
723058,0.44088817942859304
723059,0.28221045541441886
723060,0.04149018522721115
723061,0.7052571620832727
723062,0.9758630722080971
723063,0.9846872999877279
723064,0.9994747542842988
723065,0.9994658291077654
723066,0.008523790338912604
723067,0.6858904731097237
723068,0.5999546951273151
723069,0.4225032523812703
723070,0.7223697565188251
723071,0.9960895332265822
723072,0.02022207641290111
723073,0.016029668251127848
723074,0.9922329711674835
723075,0.999166435271457
723076,0.35515232952041353
723077,0.026934706141254983
723078,0.9794949938334077
723079,0.8926729180711628
723080,0.026391909477888723
723081,0.9624741731423774
723082,0.9996103657001028
723083,0.9811964786108365
723084,0.7373123106877955
723085,0.004225235779489409
723086,0.865146633888443
723087,0.17316007049108492
723088,0.5758559035987497
723089,0.9418184029824347
723090,0.1498559033771582
723091,0.45369297750269444
723092,0.9999831982788547
723093,0.9993545582450221
723094,0.9997913441323054
723095,0.9997863076560451
723096,0.9752565402817565
723097,0.4625110887443538
723098,0.17903651492038666
723099,0.027590973281843796
723100,0.9999826172993461
723101,0.9980070913546562
723102,0.004963589194908278
723103,0.9659897810323212
723104,0.838715100743502
723105,0.14445476012597563
723106,0.9982905367038766
723107,0.9852261531798603
723108,0.8662133567918031
723109,0.2374594848235864
723110,0.9925331626444475
723111,0.4375339503331037
723112,0.9965285497636454
723113,0.013651704115528704
723114,0.9552779649199008
723115,0.9915020817817364
723116,0.12895020511728422
723117,0.9812608015073704
723118,0.768106122157384
723119,0.8562608251793798
723120,0.9999251163881756
723121,0.08784278300973997
723122,0.8835941322788182
723123,0.9990524072071495
723124,0.5804491145017979
723125,0.9937568300104807
723126,0.9401588558137683
723127,0.9993806330991628
723128,0.22193105514614975
723129,0.030944198425495364
723130,0.9816202703356449
723131,0.7396737202583381
723132,0.9990059464182521
723133,0.7427910522319834
723134,0.6553865763525801
723135,0.9994393719682364
723136,0.9995334350517697
723137,0.9998640152034679
723138,0.8453063292677501
723139,0.08388883770267737
723140,0.9971912849222164
723141,0.9552586953241009
723142,0.9997033287619537
723143,0.9997916888878216
723144,0.9852765806847246
723145,0.41954745122378384
723146,0.7153440793907411
723147,0.7146046239848409
723148,0.6745600233775104
723149,0.3070077338725428
723150,0.9979655465514342
723151,0.332027339661263
723152,0.9997219362359773
723153,0.0331321736397553
723154,0.32792447157108773
723155,0.8963825098271616
723156,0.7090375905824668
723157,0.9944499887573648
723158,0.9985095870707879
723159,0.18004518880721054
723160,0.9695295848820674
723161,0.8948486036860608
723162,0.759959822560545
723163,0.32556268119719745
723164,0.9999263834230974
723165,0.9945719258211394
723166,0.9993121009789365
723167,0.9610892513011733
723168,0.03457349967826934
723169,0.998650152756954
723170,0.5648838061350905
723171,0.9999306505655952
723172,0.9302760618149795
723173,0.06956451415523665
723174,0.9992286966824196
723175,0.999761226591546
723176,0.9987610803378657
723177,0.009711919432839044
723178,0.22218730637737202
723179,0.7804004079903692
723180,0.2537837560457363
723181,0.47080847981994345
723182,0.9968585726442907
723183,0.03397960399505007
723184,0.3004075385266095
723185,0.8963838538770992
723186,0.8473507123886524
723187,0.5205321987489466
723188,0.9504799542991891
723189,0.9996589310300792
723190,0.9960443100424712
723191,0.18194092483210406
723192,0.9706433155029948
723193,0.7497143167692508
723194,0.9993329353805329
723195,0.9997128473293291
723196,0.999948086829028
723197,0.9989061135192872
723198,0.9934454266751247
723199,0.9991220302056274
723200,0.9930485664638531
723201,0.875832077989804
723202,0.9998287671450039
723203,0.9891274826423029
723204,0.9999125737910132
723205,0.9996572952320157
723206,0.9844720441795277
723207,0.6473554292943088
723208,0.06732890726848291
723209,0.975833717840505
723210,0.9786756262666486
723211,0.639423605837817
723212,0.9886046429076832
723213,0.9996620568716525
723214,0.34609515981464045
723215,0.0957392629476525
723216,0.8612530002452499
723217,0.7127146898572494
723218,0.09524690053288813
723219,0.006215643799061293
723220,0.9948864495560288
723221,0.9999897064589174
723222,0.18839888939535845
723223,0.988695142332324
723224,0.9975223372869355
723225,0.8887766696251063
723226,0.9925935113320206
723227,0.8082793086789064
723228,0.13811697448690372
723229,0.9807660515102787
723230,0.9606285256395735
723231,0.3643320750621176
723232,0.9983113208721479
723233,0.2834589456597877
723234,0.14345701617631434
723235,0.9984514937930464
723236,0.9911281084195036
723237,0.8325349213300367
723238,0.11905923599757309
723239,0.9974815087898727
723240,0.839392287324887
723241,0.8539011429445584
723242,0.03278627967759472
723243,0.9949281281297565
723244,0.8978145000168598
723245,0.9999327660806301
723246,0.9932846231134828
723247,0.010323057035353857
723248,0.8333567962624484
723249,0.9999713396507587
723250,0.9986856341880754
723251,0.9985700585871087
723252,0.9986258657883735
723253,0.9885300553223354
723254,0.0025882682344246567
723255,0.22951196527397372
723256,0.9999005492280673
723257,0.9997721750956614
723258,0.9996846156436843
723259,0.29071854149371734
723260,0.08443349438528883
723261,0.9999053818125081
723262,0.9994927891855085
723263,0.9983903725046117
723264,0.9659508221944486
723265,0.8419450585885493
723266,0.09653973843726807
723267,0.7640255718167495
723268,0.9964137075368183
723269,0.09394993345541083
723270,0.5282019730682843
723271,0.23707369397112865
723272,0.2413817721850186
723273,0.9975301949837106
723274,0.02031258978653133
723275,0.021284735282039433
723276,0.9985605382929343
723277,0.47871282578597885
723278,0.9968316777807713
723279,0.4294305104336953
723280,0.5120282861096649
723281,0.714113627613105
723282,0.9990826515177937
723283,0.7953962392768271
723284,0.8992269633900671
723285,0.8311461815340055
723286,0.782500523854123
723287,0.6767202331031489
723288,0.9998478731006144
723289,0.12764496213253826
723290,0.10170830868168773
723291,0.9949580576665971
723292,0.98297968249041
723293,0.33237501838410693
723294,0.9942208618611958
723295,0.6440488695114555
723296,0.036835056215235466
723297,0.5619526963606511
723298,0.9905062744850038
723299,0.9997969841300584
723300,0.999861848973325
723301,0.7078758321033952
723302,0.9998679192279953
723303,0.9997957947310723
723304,0.07013428688500997
723305,0.03094280031520363
723306,0.02503340370493563
723307,0.9519023494770027
723308,0.6660542238278799
723309,0.9996336529692709
723310,0.7563092278467516
723311,0.32510249479946324
723312,0.9951933988399413
723313,0.7801293251959047
723314,0.4942042397850721
723315,0.7490097355052331
723316,0.9930117646881125
723317,0.44663387137619914
723318,0.5440172431926872
723319,0.9455473131248526
723320,0.452578314948928
723321,0.9627111769031209
723322,0.6359130113009662
723323,0.9998569536453683
723324,0.059068442664633146
723325,0.9999802039645878
723326,0.7989589154085921
723327,0.9793995131209203
723328,0.9867814658105669
723329,0.5577031625449247
723330,0.7226885988985965
723331,0.009784372693802154
723332,0.2720540004271403
723333,0.14141650222853658
723334,0.9999144782902575
723335,0.9991552584453343
723336,0.7151709098407106
723337,0.265203170716839
723338,0.9999780233418261
723339,0.8404954968228338
723340,0.9995259463508893
723341,0.9394426453097258
723342,0.9998931802573495
723343,0.9997356814006606
723344,0.960171056306498
723345,0.97344209579707
723346,0.5589353971071215
723347,0.9969660440395985
723348,0.6329891815804426
723349,0.15324677193583314
723350,0.9994808693137363
723351,0.995526398355902
723352,0.9301194725863341
723353,0.9665962346939803
723354,0.04991714316397845
723355,0.9993875444528333
723356,0.4897206582057683
723357,0.9999154350284831
723358,0.7621080420247532
723359,0.9999763042413914
723360,0.9181330916223088
723361,0.9953684306252638
723362,0.9998065268954206
723363,0.0708136065668308
723364,0.9485445330813228
723365,0.9999889238279142
723366,0.2682271771145609
723367,0.989347835672934
723368,0.8925359830138402
723369,0.8320415042327862
723370,0.660899590848596
723371,0.9775257663067878
723372,0.24533564412329395
723373,0.9764480314545476
723374,0.9998942141230154
723375,0.9945777007888088
723376,0.028345317905955823
723377,0.9859428784956995
723378,0.9996845591510826
723379,0.06760446783464993
723380,0.9989080369778507
723381,0.9999831240024079
723382,0.9366142140844962
723383,0.6948250513385565
723384,0.3464990653623723
723385,0.9998583587574268
723386,0.9873233073721692
723387,0.9997428578168481
723388,0.9998459066329861
723389,0.21659153396044445
723390,0.6781042985923883
723391,0.9947432838673664
723392,0.4754743391812036
723393,0.9901131503761612
723394,0.0844337156231251
723395,0.9995894810396679
723396,0.9908695578227644
723397,0.9401493562146968
723398,0.9998088842100555
723399,0.9987659422873059
723400,0.08824567960152854
723401,0.9999195966435488
723402,0.9997579979039963
723403,0.9985324126043273
723404,0.9999379210853829
723405,0.317922827515526
723406,0.9544810807873294
723407,0.15461063914385278
723408,0.13645903520938243
723409,0.3404356811717946
723410,0.8172592996189477
723411,0.8607281523993908
723412,0.9999692396218455
723413,0.7843004483090354
723414,0.9995551760466108
723415,0.9736879650931819
723416,0.976329806774598
723417,0.24206798029277132
723418,0.026899807894964843
723419,0.6506599680651577
723420,0.8312422344754224
723421,0.9025641196648625
723422,0.11965990851769133
723423,0.3110653280868201
723424,0.47093488526107263
723425,0.9991280375812499
723426,0.9773335414762747
723427,0.5640457257643435
723428,0.04328770081321409
723429,0.9933567896466448
723430,0.41268549649855996
723431,0.8398428407173126
723432,0.2086565493060881
723433,0.9778685444722723
723434,0.9996771662621251
723435,0.9946590153167261
723436,0.23018782002020843
723437,0.9998400777042867
723438,0.37031229319777975
723439,0.8997650546313696
723440,0.9892694758250966
723441,0.31370782038129047
723442,0.20451677561094117
723443,0.6794562784528742
723444,0.9933252246943414
723445,0.9486455754464561
723446,0.9635885955666631
723447,0.005199634704916078
723448,0.8076494337166442
723449,0.35416059851758735
723450,0.9970502908455897
723451,0.9796296501629931
723452,0.9987598176672624
723453,0.4484688137203423
723454,0.9929475868596104
723455,0.7747304862968637
723456,0.6054881986044608
723457,0.9990953536636
723458,0.9133686697321874
723459,0.6461727637372652
723460,0.19742981940968587
723461,0.7244616405090656
723462,0.9999818446079828
723463,0.9258935896658951
723464,0.8527653227936005
723465,0.9909207593886459
723466,0.002138064263231123
723467,0.9996533242592749
723468,0.9661329428117776
723469,0.9987570470640701
723470,0.9994541180437331
723471,0.5320808216533288
723472,0.7818850490285422
723473,0.15922529801279128
723474,0.5115207278456207
723475,0.24745486083617757
723476,0.9998234132316626
723477,0.7752510947807255
723478,0.999875496781691
723479,0.7033839148440117
723480,0.5322330863972369
723481,0.9996437020723149
723482,0.9996934044485607
723483,0.5981767944068545
723484,0.48964284274092656
723485,0.4689454347244342
723486,0.9837561326693501
723487,0.9998142045907015
723488,0.3789238210163792
723489,0.999246564589457
723490,0.5455629416224641
723491,0.999893501658001
723492,0.864247850249897
723493,0.7081240909917262
723494,0.9925040264913626
723495,0.9661591416806137
723496,0.9966451172996649
723497,0.49642881923423177
723498,0.45669756821728
723499,0.5981142889556371
723500,0.9523221403467778
723501,0.19118383380454163
723502,0.879294188334914
723503,0.4790632809946462
723504,0.9024436096685322
723505,0.4276904666661335
723506,0.014110042536413774
723507,0.9985545080709465
723508,0.4694963605205524
723509,0.960775435150039
723510,0.9997960388089824
723511,0.5672424973706165
723512,0.6636085332746064
723513,0.5486414817102354
723514,0.08177427058029901
723515,0.8786082872641163
723516,0.07441407289855483
723517,0.9995300632937694
723518,0.9842699024297019
723519,0.9966234171030042
723520,0.46025987586185335
723521,0.9977702938168099
723522,0.9999879010966961
723523,0.11386032590990165
723524,0.0043720732939080235
723525,0.9986618869698529
723526,0.7931316652869473
723527,0.25667669485577765
723528,0.538505830641967
723529,0.08963086148480298
723530,0.9998118633684698
723531,0.5760987628270645
723532,0.43777228264473556
723533,0.561511107644176
723534,0.9348701398406313
723535,0.7418394396733394
723536,0.25451163266906385
723537,0.9989730015907659
723538,0.7254117554763012
723539,0.422313163052001
723540,0.9903988693738122
723541,0.536348873071831
723542,0.9982668376112304
723543,0.9267867821127604
723544,0.37550287182191594
723545,0.13952730150714815
723546,0.2815687785026157
723547,0.10367683689216603
723548,0.9999898156977343
723549,0.950415507972964
723550,0.8179638136399301
723551,0.9983838063826548
723552,0.8796532944341178
723553,0.9998783619202601
723554,0.9997078390264083
723555,0.9622046232712664
723556,0.26308783163606636
723557,0.9715825962995145
723558,0.9960153586254958
723559,0.057753633549930315
723560,0.9643758751311831
723561,0.6653806782720715
723562,0.2870535067647767
723563,0.9495874773588208
723564,0.9967931147808005
723565,0.997135844821419
723566,0.9218175740621094
723567,0.9078374015039832
723568,0.8147180050784093
723569,0.7406323338964027
723570,0.9993795653878621
723571,0.9778309706691481
723572,0.8211348148884396
723573,0.33798455530416127
723574,0.5583096359887405
723575,0.9998972957085515
723576,0.14742374247460827
723577,0.9984958785888689
723578,0.9497055361861606
723579,0.01937146450565775
723580,0.9968289657198646
723581,0.9991025362046969
723582,0.9915836689273932
723583,0.7870254754182062
723584,0.9547611355856318
723585,0.9652025832945447
723586,0.6234548296391857
723587,0.9921044266773988
723588,0.34690854972222146
723589,0.9998788657869875
723590,0.9935313371907887
723591,0.9994571502386321
723592,0.7016351001677218
723593,0.8086529589357535
723594,0.07921875432656914
723595,0.12831930480257575
723596,0.8629945677599425
723597,0.844216808724009
723598,0.08502879600103472
723599,0.998587107011628
723600,0.2688806298400446
723601,0.9763539208615342
723602,0.9999641454007931
723603,0.9954688645848739
723604,0.4885007487668943
723605,0.9691050929944647
723606,0.8328832102424454
723607,0.10356128094450709
723608,0.947162876831737
723609,0.9082785493505038
723610,0.18271042747690963
723611,0.9997236504891454
723612,0.0067084565826809
723613,0.9967007651899973
723614,0.9932645635884055
723615,0.516659465997181
723616,0.8708138478828856
723617,0.9808275545476461
723618,0.9879968659704331
723619,0.38503947806366967
723620,0.9994653755826142
723621,0.9486063952529193
723622,0.6794554728848929
723623,0.9725804057432352
723624,0.39434714423906203
723625,0.9977664499297482
723626,0.9964610116943353
723627,0.030792959892032262
723628,0.99983980565364
723629,0.6528682729331647
723630,0.9986386340617126
723631,0.3713262703995873
723632,0.9998274763761175
723633,0.7693079539999237
723634,0.373573533116127
723635,0.9356332842723281
723636,0.9997196945889057
723637,0.1565390799047374
723638,0.5463229715173221
723639,0.9693978176234159
723640,0.9948284890666036
723641,0.7961901230503229
723642,0.9914904957203301
723643,0.8529961886796567
723644,0.2280150598903431
723645,0.9669823477097177
723646,0.9554728969377955
723647,0.999368183029453
723648,0.942636111754006
723649,0.9948183453909698
723650,0.6466945181443167
723651,0.968160982846073
723652,0.9989457055905497
723653,0.17435262753473266
723654,0.7681727529413696
723655,0.49100525631767566
723656,0.9332521402639111
723657,0.7367762804934915
723658,0.9986763262524928
723659,0.11066031186039457
723660,0.9277420074298139
723661,0.36302677842405
723662,0.030773568411217415
723663,0.5508382996605417
723664,0.6519735421068991
723665,0.12053041484416245
723666,0.9941803165067826
723667,0.09057324677700485
723668,0.19231209580892583
723669,0.38443399490647756
723670,0.19509392618193855
723671,0.14691720328707888
723672,0.9999883834994533
723673,0.9999203049310313
723674,0.9994080705127648
723675,0.7650565376704237
723676,0.018796086141459223
723677,0.28722510894904996
723678,0.9997370064723973
723679,0.9999332821703921
723680,0.27585995329666296
723681,0.9694768965018858
723682,0.9381052557121328
723683,0.9275210007090658
723684,0.9947605870699949
723685,0.999741968958803
723686,0.9964871770866583
723687,0.996511867375794
723688,0.6448499149328166
723689,0.9989267993096039
723690,0.5929586763290837
723691,0.27286819095465137
723692,0.052158841175191956
723693,0.999956310180341
723694,0.5215216232770048
723695,0.9997228796523752
723696,0.9981493297140515
723697,0.9977732022214305
723698,0.992575586381212
723699,0.3310024560876881
723700,0.373430479255087
723701,0.999979587552016
723702,0.9642450609698444
723703,0.11868392754288712
723704,0.04737342045462564
723705,0.9980507352086403
723706,0.9977354288802172
723707,0.9999751794539486
723708,0.3931412536013159
723709,0.9432859592810567
723710,0.9480325343575056
723711,0.741104478106806
723712,0.6702982639776205
723713,0.7933130677431117
723714,0.9673126449616036
723715,0.5854517701127828
723716,0.8535124511767389
723717,0.9950809112824808
723718,0.999676436161499
723719,0.20700290880634792
723720,0.9327262040951194
723721,0.44418518650555644
723722,0.9232974547301613
723723,0.9213511392204092
723724,0.7947649140755235
723725,0.8869571445056388
723726,0.4534570311697787
723727,0.9982813385701537
723728,0.8293723412127181
723729,0.6350922353562403
723730,0.9984171610958701
723731,0.8276458743594037
723732,0.9998410218929229
723733,0.008980298420124069
723734,0.9988049678001444
723735,0.833331699956493
723736,0.9868184522752911
723737,0.9974246479585696
723738,0.8766961951947284
723739,0.09386460818124817
723740,0.9991453164013271
723741,0.36609606170599807
723742,0.817031116762305
723743,0.9835418273055468
723744,0.1680155900138766
723745,0.9999810828055656
723746,0.011116822976372669
723747,0.9718610751658305
723748,0.9568532323431669
723749,0.9410104582136085
723750,0.999954523308777
723751,0.9980448905051114
723752,0.47864031760346615
723753,0.29602252505051946
723754,0.9756520889709956
723755,0.8611173304719686
723756,0.999975659693148
723757,0.4229238353987953
723758,0.9973469704300264
723759,0.34610492434832674
723760,0.6818792795245546
723761,0.034095581303356166
723762,0.7909906774101195
723763,0.9999479222315554
723764,0.9399494747934092
723765,0.9903244495846294
723766,0.5774686212213291
723767,0.8806220977850243
723768,0.98557720671515
723769,0.4434071940738952
723770,0.9999758424444823
723771,0.012327431117985503
723772,0.9858268044954194
723773,0.9997961465763843
723774,0.3927412715861019
723775,0.9957067362368259
723776,0.7070211984457899
723777,0.9756541695283518
723778,0.9976469081250338
723779,0.7208395619791017
723780,0.999489969932911
723781,0.9999259294973888
723782,0.8466293109743874
723783,0.027007975152410095
723784,0.8104210162039811
723785,0.02189326870710165
723786,0.15597633189966004
723787,0.06644646522088322
723788,0.9952101846650023
723789,0.5399215441045435
723790,0.5512554133235407
723791,0.9999676589998376
723792,0.9132607134485843
723793,0.7401434832159868
723794,0.9979100092808432
723795,0.99989496839104
723796,0.049376237737832285
723797,0.8129757018835955
723798,0.49567769037816795
723799,0.7309678916311458
723800,0.3465046430905206
723801,0.9997445410343406
723802,0.2895618666398485
723803,0.999921058217546
723804,0.9996415421974347
723805,0.9889187672501791
723806,0.029756010437639514
723807,0.512215070218601
723808,0.8828599737069421
723809,0.05466441362662178
723810,0.7309630235508956
723811,0.9995279197790892
723812,0.9954914498849778
723813,0.9848523250462271
723814,0.8833733705484619
723815,0.5825967465804166
723816,0.054699733986018975
723817,0.09103208583263124
723818,0.9999699276787672
723819,0.9179155401864074
723820,0.9957975883618376
723821,0.837568429113948
723822,0.3131768192193781
723823,0.9999338212416546
723824,0.004527260116898085
723825,0.9990178823533316
723826,0.7420843137880165
723827,0.9998271578133552
723828,0.9998737112750544
723829,0.9998435725832419
723830,0.34582035663078337
723831,0.999911124873055
723832,0.460861214901884
723833,0.07438351664305046
723834,0.9997556466370592
723835,0.9050580653288525
723836,0.05020608791014894
723837,0.9955062803653126
723838,0.08898533044586901
723839,0.9998865118611123
723840,0.03851721558026232
723841,0.46892717687001656
723842,0.9995344861414932
723843,0.06460759603270903
723844,0.9827253640544431
723845,0.1526494452200141
723846,0.9999001251044215
723847,0.7062294994518226
723848,0.9998639600892472
723849,0.986186045943326
723850,0.024137107572367714
723851,0.6932532087281199
723852,0.12093020320333937
723853,0.9988671726093592
723854,0.9997571497495538
723855,0.9998998233486478
723856,0.9333775045057531
723857,0.021517131587715295
723858,0.1620880703282712
723859,0.9861642426967288
723860,0.014716613288303084
723861,0.9991318758017301
723862,0.9995823122901887
723863,0.6711422020021368
723864,0.207308879802922
723865,0.9992164051629432
723866,0.9546788838638572
723867,0.9989715441339067
723868,0.9999396105160264
723869,0.8675413935502952
723870,0.7440575055037805
723871,0.9931253117781444
723872,0.5955909661328144
723873,0.9986732233593176
723874,0.3141297354235628
723875,0.9945557037936459
723876,0.8389913404230152
723877,0.026224825395893527
723878,0.9998482531412292
723879,0.9998705809439656
723880,0.637765659079158
723881,0.999872475632382
723882,0.316624312367543
723883,0.9998707550166169
723884,0.9998825213113866
723885,0.9997984578226636
723886,0.05651853108607024
723887,0.034248350205377975
723888,0.9812520799462652
723889,0.2748976318362011
723890,0.9999348495797246
723891,0.9976358707506086
723892,0.6341152043003634
723893,0.5064225804063318
723894,0.9994709755718655
723895,0.9981677121234743
723896,0.028051472094929503
723897,0.03789200609504309
723898,0.9990912802310242
723899,0.9999732134179456
723900,0.6554614196238457
723901,0.999895807246339
723902,0.3113395451211252
723903,0.7273457985228583
723904,0.5561927516411026
723905,0.9688708414797106
723906,0.14996774866326534
723907,0.8922433499128257
723908,0.9999032067902893
723909,0.1610118556545408
723910,0.9995034944844009
723911,0.9677342564591764
723912,0.9952811109097083
723913,0.9965628136469014
723914,0.7433286306045102
723915,0.3670701394662801
723916,0.5632884219992075
723917,0.9995063124643484
723918,0.5742208887984384
723919,0.9946467546605928
723920,0.20307311801630817
723921,0.3786781408702995
723922,0.0720703930566875
723923,0.9966648235921653
723924,0.26858239502224707
723925,0.998662945813183
723926,0.9941698366018684
723927,0.044362037424798655
723928,0.9995720655192798
723929,0.7234050652545234
723930,0.9998228121470136
723931,0.9996326014960052
723932,0.3808333740011843
723933,0.04625284299716105
723934,0.999903952248227
723935,0.12796943023361074
723936,0.9985216751756959
723937,0.9999150089181242
723938,0.3771487164786089
723939,0.7443958127139103
723940,0.86553347359884
723941,0.9976797715955964
723942,0.9178664869512709
723943,0.9997887046494529
723944,0.4556382049879948
723945,0.9832918510676911
723946,0.9996669469211328
723947,0.8088739812246363
723948,0.05778126680310898
723949,0.9970229130020828
723950,0.9996953465102207
723951,0.003460925975356332
723952,0.948406807223941
723953,0.15968638120450535
723954,0.8961709591124125
723955,0.6963521481475383
723956,0.18265967229127877
723957,0.6542948652177445
723958,0.9999302409748354
723959,0.9139901522923985
723960,0.9871026722286279
723961,0.9998752323603769
723962,0.9896572010982008
723963,0.39853916057087607
723964,0.025695293124280965
723965,0.817472972916784
723966,0.999850360315604
723967,0.9998790131323665
723968,0.4491726868693503
723969,0.8150398432656061
723970,0.03367478824490676
723971,0.9999476964586513
723972,0.7809950578276952
723973,0.9991703486013906
723974,0.9879316834568417
723975,0.019572018170687634
723976,0.9996408857383717
723977,0.9422129321554479
723978,0.9033817116747697
723979,0.9986328370037062
723980,0.38440440197793846
723981,0.003495649185851364
723982,0.8949338144401644
723983,0.997229386153633
723984,0.1807223690473622
723985,0.3255009332510407
723986,0.9994398626624752
723987,0.9998865133211554
723988,0.7656827556188466
723989,0.37498159025468164
723990,0.6412491639317968
723991,0.41766733172747605
723992,0.9999627294269744
723993,0.9512799980310265
723994,0.9999628687297801
723995,0.9999718407612498
723996,0.9305829707657194
723997,0.8374871711539296
723998,0.03805836871058674
723999,0.49106817978405193
724000,0.9999879060468548
724001,0.5888961101816491
724002,0.9874765224836506
724003,0.023366295061890745
724004,0.9997001791544262
724005,0.010288483681687192
724006,0.999614076639137
724007,0.9997845186949827
724008,0.9995518110655952
724009,0.759091448212051
724010,0.9999212483623683
724011,0.9996097112769047
724012,0.10344165507151631
724013,0.9986774165148518
724014,0.02424935140978026
724015,0.9997618745226898
724016,0.9790381760496105
724017,0.9997811913299739
724018,0.8684583848178549
724019,0.052514487485563394
724020,0.15910981884963343
724021,0.48796889484774886
724022,0.9031043304157516
724023,0.36685640760946775
724024,0.7183962760778667
724025,0.4830562046775937
724026,0.9998464277321394
724027,0.9991107779220368
724028,0.2302825606700701
724029,0.9997476712994009
724030,0.2155946088889722
724031,0.635673860281015
724032,0.6881675914251698
724033,0.9999650265965877
724034,0.8300227786093792
724035,0.7280270429275246
724036,0.8579639736871605
724037,0.04434379697104279
724038,0.9802986628709938
724039,0.5200303484560237
724040,0.9977589660358921
724041,0.9889838429721765
724042,0.9982283609098093
724043,0.9930276310581335
724044,0.8517240434532529
724045,0.995293524120424
724046,0.9779630697281154
724047,0.9984852476560628
724048,0.8649006018882224
724049,0.1279912624551317
724050,0.013054767437238057
724051,0.462252863776064
724052,0.998822782025302
724053,0.9999702194110461
724054,0.45285287156166704
724055,0.7204465760506842
724056,0.7388350812934541
724057,0.3147306335365436
724058,0.7456905895582868
724059,0.9943949454273597
724060,0.2990759991831362
724061,0.8488504537064401
724062,0.32077123703583826
724063,0.9999150310107394
724064,0.9763004288216575
724065,0.7383007296287643
724066,0.029688982129027836
724067,0.9997590473719136
724068,0.44503990693477463
724069,0.9964098062040831
724070,0.9996666004515559
724071,0.9993179540181176
724072,0.5933212656955396
724073,0.9999845799869367
724074,0.8404770428076304
724075,0.9956858227457743
724076,0.6689674452885396
724077,0.6067812127895236
724078,0.6971172876381355
724079,0.011397321231053241
724080,0.4325596832204598
724081,0.5642543207065674
724082,0.2662189393321952
724083,0.9945164122885983
724084,0.5666095885200411
724085,0.9999138721424059
724086,0.9999158241189823
724087,0.9994374369926846
724088,0.7692216272588326
724089,0.8015264211423583
724090,0.9993086774951832
724091,0.39139539310864657
724092,0.966176662043893
724093,0.9951179139842434
724094,0.004929986148703764
724095,0.8139866943014475
724096,0.7528909130101391
724097,0.9994432014586276
724098,0.9981254644616165
724099,0.6342070575463585
724100,0.3263343893443148
724101,0.9683164446436826
724102,0.9756711936684686
724103,0.9995704221868486
724104,0.8472058404697662
724105,0.8925835399955642
724106,0.8985990069292782
724107,0.015927456643180283
724108,0.9622864441363317
724109,0.8628264425574887
724110,0.6860697110456375
724111,0.9998143489184632
724112,0.9596947970255796
724113,0.042597720536699746
724114,0.9991324021062272
724115,0.9910774566565848
724116,0.9905957817931865
724117,0.010030125785722273
724118,0.9949192307891253
724119,0.9992998022999868
724120,0.04466121591855038
724121,0.05158073112769687
724122,0.9937515957085801
724123,0.9987708051327606
724124,0.995466860406319
724125,0.9986070050305365
724126,0.9575240337626629
724127,0.34393798457069746
724128,0.0333724056338332
724129,0.08485274391114458
724130,0.9973276825609106
724131,0.10202060627391563
724132,0.1343393702411996
724133,0.01125167581319133
724134,0.9982883677816234
724135,0.9999317256605693
724136,0.9947646118544633
724137,0.9839729694698147
724138,0.043121333212751016
724139,0.9990446294239974
724140,0.013587418062812426
724141,0.6640640543576748
724142,0.9982808903141728
724143,0.970921846647111
724144,0.9998168785881876
724145,0.20547469315467456
724146,0.18742491895984623
724147,0.20948792313414308
724148,0.2155484338945403
724149,0.9997786177779237
724150,0.4576139683343527
724151,0.750123401698103
724152,0.999996474512362
724153,0.9925357807576458
724154,0.9509612302637709
724155,0.08604852229171621
724156,0.010256237245993427
724157,0.998494418759709
724158,0.9968921877978898
724159,0.8828260392697465
724160,0.991687207716576
724161,0.674729968643144
724162,0.11893714027427787
724163,0.029988993274501247
724164,0.4636135144177994
724165,0.9936244565953907
724166,0.8006925809433381
724167,0.08357308517011125
724168,0.6524892501471784
724169,0.9882422779953481
724170,0.07928585843187805
724171,0.9992581577052926
724172,0.9998982827697733
724173,0.9999600312367778
724174,0.18095752215426408
724175,0.2779326830695965
724176,0.9998651693555792
724177,0.9999870091731274
724178,0.9857690561834612
724179,0.7931606177641655
724180,0.4550744245582363
724181,0.2239596676100919
724182,0.8435576770098725
724183,0.36641678738267935
724184,0.9994249887851636
724185,0.99996667640637
724186,0.9996263889844217
724187,0.9994243861444786
724188,0.9999541687822062
724189,0.7900286058648502
724190,0.41389006054058264
724191,0.9999218959936874
724192,0.9831373292640812
724193,0.7054746748479195
724194,0.844539040303425
724195,0.7486931932471463
724196,0.8405327287179709
724197,0.9476256123122999
724198,0.9813113037061358
724199,0.9693363961576733
724200,0.9958264056555537
724201,0.999957583310741
724202,0.9998749056501774
724203,0.9996101253249121
724204,0.9984874482872791
724205,0.20803391273611505
724206,0.9286707674069676
724207,0.05656589345293953
724208,0.8594014618379517
724209,0.9999708568338397
724210,0.1790453768388329
724211,0.993748145582272
724212,0.9875580510755226
724213,0.28240936029266617
724214,0.3481972547723652
724215,0.5641182109842895
724216,0.999220810665266
724217,0.9999671960252199
724218,0.9477922411405846
724219,0.9997149911235997
724220,0.9954963657887079
724221,0.9998501690482181
724222,0.9958492322980801
724223,0.2945991884683907
724224,0.9564171136072451
724225,0.3584916129153779
724226,0.8797988766905431
724227,0.998866526588867
724228,0.8535572201191846
724229,0.35442310456484544
724230,0.9344170044224981
724231,0.9559209830197423
724232,0.03164911621553931
724233,0.9612276703778555
724234,0.10425732357634968
724235,0.02291168651104905
724236,0.9405478463560459
724237,0.41011713599017097
724238,0.4333412536622071
724239,0.8905123575786851
724240,0.9573993605044897
724241,0.9603823007619301
724242,0.4809236185030263
724243,0.9998748255345009
724244,0.9994702771676249
724245,0.9963975098321459
724246,0.9997349035533952
724247,0.9999603956884291
724248,0.9999771188209023
724249,0.8442485518572985
724250,0.13108361593864656
724251,0.9127390274535907
724252,0.32084932590447385
724253,0.9999492029335769
724254,0.9955347992882957
724255,0.3964485192653214
724256,0.999417196442446
724257,0.05156008220904556
724258,0.5448880545852348
724259,0.9459922236394867
724260,0.9966497100190237
724261,0.9993682579436062
724262,0.8938371142357759
724263,0.9985347733263146
724264,0.5624379221614061
724265,0.8070045511240223
724266,0.8007888269981329
724267,0.9492896349597721
724268,0.9235357710443193
724269,0.9998221624243988
724270,0.9987215594194927
724271,0.9878020267383033
724272,0.9959934544512594
724273,0.9704881878759521
724274,0.17218898523508894
724275,0.9807446052696082
724276,0.9956368380871594
724277,0.9999218151867998
724278,0.9971619620660558
724279,0.606269253602778
724280,0.9238689371027031
724281,0.03197919239750436
724282,0.9942574316129884
724283,0.7284463688592977
724284,0.28462531604678154
724285,0.9945049534094539
724286,0.21633855932692314
724287,0.9997203767645797
724288,0.863368525926114
724289,0.13128635084763085
724290,0.08485007124092656
724291,0.8940680613120477
724292,0.994555148838342
724293,0.30468436229888024
724294,0.4647820401798547
724295,0.021820291155422354
724296,0.46358278857989366
724297,0.23028145929363925
724298,0.04802143853228204
724299,0.9784174383523083
724300,0.9995033973743183
724301,0.9996779560003155
724302,0.9945737877593885
724303,0.07928979097833708
724304,0.999981532428086
724305,0.510401842500553
724306,0.006584531237002903
724307,0.8324040164485558
724308,0.9631585267674128
724309,0.9844643614862492
724310,0.60641712848073
724311,0.9955105178030588
724312,0.9887294060470208
724313,0.9995320199189248
724314,0.7862803072386461
724315,0.9095187872863156
724316,0.9998186915299976
724317,0.999890539209711
724318,0.8238914820398491
724319,0.991116972248208
724320,0.02730547462964641
724321,0.9209541875094491
724322,0.6808438454568709
724323,0.9929184054525466
724324,0.9774584240528801
724325,0.2629534889192231
724326,0.99988696470938
724327,0.9980058888285236
724328,0.12674661460455758
724329,0.9988756976917746
724330,0.9993886645249817
724331,0.7877190918107425
724332,0.9837009339933422
724333,0.12618171104497816
724334,0.05679180927871116
724335,0.9999283101491934
724336,0.998381531413302
724337,0.050067689787497635
724338,0.9992093350345918
724339,0.9998940835097228
724340,0.10655415702642972
724341,0.9893350610313665
724342,0.9947448564280601
724343,0.8276198692334733
724344,0.999757936141827
724345,0.4548111265472603
724346,0.9921657639677315
724347,0.6286004308569533
724348,0.021759406273840258
724349,0.9783732700808272
724350,0.12269611978612095
724351,0.9998952735465475
724352,0.7732788163444055
724353,0.9993447514686578
724354,0.9919737174172344
724355,0.5812148791369066
724356,0.9998991251529392
724357,0.9987648960628408
724358,0.9999709160279941
724359,0.9992034888086933
724360,0.9980373783428309
724361,0.6840897529108174
724362,0.9798742651656492
724363,0.7722536408104428
724364,0.04147622159147177
724365,0.80619027367643
724366,0.9995994095239565
724367,0.9555093953994928
724368,0.9666257064388495
724369,0.999850839847031
724370,0.29651353479754033
724371,0.07189082759065069
724372,0.7389822591882087
724373,0.5147164507170113
724374,0.13944993193631228
724375,0.5354692849573297
724376,0.4786933639919489
724377,0.9554279083064146
724378,0.9997105749561747
724379,0.6684287605126662
724380,0.8765426769916058
724381,0.03948339500890985
724382,0.354813882321504
724383,0.999728156219728
724384,0.9998684118173007
724385,0.9997777560829206
724386,0.9997696410432722
724387,0.9829754420173679
724388,0.9998620537447294
724389,0.9654831966165994
724390,0.9641261123586068
724391,0.00970527270219981
724392,0.9995143817630715
724393,0.9994573924897292
724394,0.07717582018490735
724395,0.9368262285731845
724396,0.7802472126649294
724397,0.41663470228996863
724398,0.9998196205017458
724399,0.9923420175705371
724400,0.9999056478548017
724401,0.006006697137244956
724402,0.9245043721137631
724403,0.986713118583511
724404,0.46521012511193865
724405,0.9997592063569685
724406,0.7554863629889742
724407,0.9982604212438753
724408,0.9999816396536246
724409,0.9998340255410724
724410,0.0049997091126977485
724411,0.9998767153677615
724412,0.9993243056380038
724413,0.738786502887132
724414,0.9999843796758194
724415,0.03511829564791168
724416,0.9996384355382997
724417,0.9982150269125786
724418,0.9946173342173779
724419,0.5236060723402256
724420,0.32478043734870443
724421,0.9855279989415608
724422,0.9959989083111949
724423,0.9998361708271378
724424,0.3246739707755644
724425,0.8798663830114812
724426,0.9985043371977963
724427,0.9999409473931182
724428,0.9733784194335406
724429,0.9625730521613958
724430,0.9146552718578598
724431,0.9996916787040704
724432,0.027850407667285762
724433,0.03751334993861319
724434,0.9999110664128977
724435,0.6002812522499572
724436,0.999551922668195
724437,0.891555551815733
724438,0.026964532608465173
724439,0.3438122727372216
724440,0.999737219915801
724441,0.5229035006929115
724442,0.9998490557189186
724443,0.0854109171650497
724444,0.9869477451304502
724445,0.8770432707266924
724446,0.005793564579150841
724447,0.9999639204822727
724448,0.9904960260782999
724449,0.04313349739717946
724450,0.5627320404602465
724451,0.32347003080373454
724452,0.966401539633126
724453,0.4778768662866366
724454,0.9731937376576887
724455,0.0053903795809097455
724456,0.9880991862882038
724457,0.9992888725053788
724458,0.008081575241707719
724459,0.9992508519064727
724460,0.9870155979694286
724461,0.9972010843693859
724462,0.07873907758701269
724463,0.997918357189499
724464,0.5671099280996672
724465,0.20868571754221707
724466,0.9975872136129841
724467,0.02854749246074479
724468,0.3103291997773193
724469,0.7049325299957064
724470,0.9966037509514802
724471,0.9985600259531463
724472,0.9997726641213578
724473,0.0662037119339128
724474,0.4588494953214073
724475,0.7595707642159822
724476,0.9999567331739274
724477,0.5077670936709594
724478,0.0220337935611812
724479,0.9230145985138951
724480,0.9998998505509276
724481,0.9999849007230293
724482,0.8970759385401548
724483,0.01178287321287972
724484,0.45545407451234954
724485,0.7873332134353127
724486,0.9717609727276266
724487,0.9998676892770011
724488,0.988067272671886
724489,0.3090977022551486
724490,0.9998049044324264
724491,0.08411193408106409
724492,0.014871955455442794
724493,0.4229669562728017
724494,0.8871257925316485
724495,0.8783821132256608
724496,0.8893902380890388
724497,0.9998951088176463
724498,0.9233309672687824
724499,0.9992588404569118
724500,0.31888983899892387
724501,0.4605190186318658
724502,0.997717448932159
724503,0.3925124196061978
724504,0.9908670512369893
724505,0.998555496521987
724506,0.37901385808546767
724507,0.999168002296924
724508,0.18558007499171375
724509,0.8764832844436373
724510,0.640365093047548
724511,0.3268921934277994
724512,0.5143091701235196
724513,0.012040067422267892
724514,0.7068605701165447
724515,0.9974770553436738
724516,0.6826956356233336
724517,0.9998979687373257
724518,0.9993715704204195
724519,0.9827315367257985
724520,0.999846572042846
724521,0.9999246511653569
724522,0.8775474919290582
724523,0.019816610331432723
724524,0.9995770664823569
724525,0.011288468846886897
724526,0.024151654531134027
724527,0.9989649751325209
724528,0.9353897309272122
724529,0.9983603496045257
724530,0.9896932987131741
724531,0.9999375483370032
724532,0.8872798759492699
724533,0.7519027941137055
724534,0.059788533488159136
724535,0.08177302298612021
724536,0.9887367020188147
724537,0.5841796743459043
724538,0.9990135566698164
724539,0.9998517178524231
724540,0.9915388724096941
724541,0.9832459725497229
724542,0.14560477153407192
724543,0.21162867050986095
724544,0.7009078944206872
724545,0.9372760595319083
724546,0.060759350574951035
724547,0.9994649593692732
724548,0.7841446310143297
724549,0.9999286485327282
724550,0.1348255190197752
724551,0.9988685362454501
724552,0.99948266557456
724553,0.6115718076877635
724554,0.24366187037280906
724555,0.32601581762128495
724556,0.010159079510135999
724557,0.620456660494632
724558,0.9958822466512145
724559,0.8479568922670346
724560,0.8379372806802585
724561,0.9996187493776345
724562,0.9484845414231895
724563,0.9947207033758114
724564,0.33359709949627836
724565,0.9998953949861135
724566,0.998235165220276
724567,0.9809964236124573
724568,0.9999791065123194
724569,0.989919321196503
724570,0.011636985894163558
724571,0.9987618053293108
724572,0.8167594113519365
724573,0.011235970150739037
724574,0.02369520375746533
724575,0.18841316402274572
724576,0.027747401632571327
724577,0.9983770382463752
724578,0.3595754434126859
724579,0.9751012248418685
724580,0.999430745729867
724581,0.40947883259514983
724582,0.9926250845304507
724583,0.6072134977461255
724584,0.1659383828241259
724585,0.7852968067230092
724586,0.9937352214138234
724587,0.9998556988460214
724588,0.9885254847964862
724589,0.12837384849752123
724590,0.7264118047019098
724591,0.7130946261746214
724592,0.16918561608226584
724593,0.9247066367939121
724594,0.07586025710550096
724595,0.762013541126574
724596,0.9948042474512729
724597,0.998243422248624
724598,0.6504100952852743
724599,0.0668803367540534
724600,0.9888821011597632
724601,0.8642161876018163
724602,0.9967203644098404
724603,0.9597315777813458
724604,0.999680844842676
724605,0.9883767604180663
724606,0.4944696555240319
724607,0.5762402104245342
724608,0.9890114578158726
724609,0.7015537215463836
724610,0.9998476235412521
724611,0.4821505673380924
724612,0.8967799559927275
724613,0.99627108755951
724614,0.7820667195519524
724615,0.9998115142646739
724616,0.9999371043753253
724617,0.9453303895372709
724618,0.3906740642579153
724619,0.9999041819343949
724620,0.9987841442647973
724621,0.9423242868669801
724622,0.3115678546244144
724623,0.9998279714734408
724624,0.9991736740432599
724625,0.3369359212481001
724626,0.9996586664685414
724627,0.9999788202682223
724628,0.09019371834258127
724629,0.01549644162254965
724630,0.9852235737906352
724631,0.9899510158415521
724632,0.9993651226957088
724633,0.9988663113716836
724634,0.9892523221981354
724635,0.24691760974220664
724636,0.9999945503312488
724637,0.005132817203609722
724638,0.9999239188709227
724639,0.6214518707584672
724640,0.9886949360028386
724641,0.9975299727572331
724642,0.9993509051255592
724643,0.015950846817369572
724644,0.024345390818159243
724645,0.6766378790383418
724646,0.203396393733781
724647,0.99976126980863
724648,0.9998561107109794
724649,0.8823423320147984
724650,0.6267974916561808
724651,0.9959341960558861
724652,0.9722991428905757
724653,0.33148431615519897
724654,0.9993560177695642
724655,0.31267019499806004
724656,0.9385052017860536
724657,0.9891698486312407
724658,0.988041122450181
724659,0.982913075713234
724660,0.906246131798344
724661,0.42176245965391757
724662,0.9591398535163149
724663,0.9992290184865527
724664,0.9997165978459013
724665,0.5924014149943523
724666,0.010231189218452244
724667,0.9945801672870782
724668,0.9998613344548806
724669,0.9994098159882798
724670,0.6260734681192577
724671,0.9956956509116803
724672,0.35249849835138386
724673,0.656661883560298
724674,0.9997051662641891
724675,0.6033826848781164
724676,0.9961782376618125
724677,0.40730719453310305
724678,0.9999529613173701
724679,0.9999309596560993
724680,0.8929231698189931
724681,0.6782886804081294
724682,0.8001258730605456
724683,0.08797398280125374
724684,0.022585520625752406
724685,0.4216249981251374
724686,0.9969699970115163
724687,0.999884983793587
724688,0.9775128269712303
724689,0.16029925549661814
724690,0.28311639762274426
724691,0.9318407084687632
724692,0.4360266342000552
724693,0.9998211153079433
724694,0.9933599696035855
724695,0.20372304602187724
724696,0.9991112998011411
724697,0.08837972265037378
724698,0.9470209760579947
724699,0.9997175504392728
724700,0.9932332637625454
724701,0.0947258983326697
724702,0.842703427358872
724703,0.9997059713073468
724704,0.9994945009462732
724705,0.9999574877910993
724706,0.2880440052046301
724707,0.789648376715281
724708,0.9891946468561796
724709,0.0077413114203310415
724710,0.9669610724147322
724711,0.14072889810235528
724712,0.9569228064811877
724713,0.02501137127166607
724714,0.8623407679818718
724715,0.9819835833324654
724716,0.9913177550494565
724717,0.9997111220734701
724718,0.8328062698714372
724719,0.1625595356706656
724720,0.999954200233639
724721,0.2965187533149509
724722,0.6184061627966722
724723,0.38360876359108914
724724,0.03409517072993563
724725,0.9489155056718082
724726,0.9941742693242539
724727,0.9474977809745107
724728,0.999938807019518
724729,0.2396456796898418
724730,0.937439347012763
724731,0.9994605470244492
724732,0.9764622062746139
724733,0.1428089861701456
724734,0.9999854884705183
724735,0.8456660655698567
724736,0.9993434311560697
724737,0.999569969725734
724738,0.003716556373749777
724739,0.7392029630361758
724740,0.9910003255888647
724741,0.9976424842792493
724742,0.0026669916269435033
724743,0.8745589291747473
724744,0.9890864278252756
724745,0.02539486717374035
724746,0.34283312336027116
724747,0.9997777552848975
724748,0.018548286352658597
724749,0.9997419092964028
724750,0.9556142684432865
724751,0.9998605290772941
724752,0.01054649982783598
724753,0.9966257169129514
724754,0.9998277580432864
724755,0.9999330170300123
724756,0.4081575003939895
724757,0.99988324807687
724758,0.9997165679121763
724759,0.8777460101385549
724760,0.9997923271067484
724761,0.9982310087663913
724762,0.9999319015970991
724763,0.9999940717333058
724764,0.99956301500486
724765,0.15152453676640573
724766,0.7057470801972405
724767,0.026592902684681875
724768,0.7312508013721611
724769,0.10063249065440696
724770,0.31442436498715254
724771,0.9516043748086864
724772,0.6255357629917436
724773,0.998442303362106
724774,0.6102809391342443
724775,0.9314018482519939
724776,0.10797392741470005
724777,0.9996303771963477
724778,0.9946641566151084
724779,0.997597687473953
724780,0.3804876482749807
724781,0.792149802167715
724782,0.9450561855716453
724783,0.9998606563362946
724784,0.9999648861256042
724785,0.9532890291501289
724786,0.9989470502478666
724787,0.7207382511706343
724788,0.3340545459687369
724789,0.999109225645554
724790,0.15535514057647049
724791,0.979068901619431
724792,0.9965675607888889
724793,0.14672754011731204
724794,0.9735946511577724
724795,0.0075619211827233045
724796,0.6286107563397321
724797,0.6633381464174408
724798,0.46706431719884994
724799,0.04332261542811061
724800,0.9593444371766554
724801,0.9569423446021834
724802,0.9992348034961249
724803,0.9994711187435585
724804,0.9965296448318011
724805,0.6013771288723503
724806,0.9992569614953069
724807,0.8856279186716756
724808,0.5713772699861851
724809,0.88145074207778
724810,0.9530769222353599
724811,0.9999659279087572
724812,0.5765397085729835
724813,0.2769542155937073
724814,0.8435371939930463
724815,0.9999658647315817
724816,0.9998690005998575
724817,0.10097685827220373
724818,0.1853129140301485
724819,0.26921371412227746
724820,0.6076516892028142
724821,0.9999445408935161
724822,0.98973472287446
724823,0.9996697839874282
724824,0.9999851531517344
724825,0.9992741855154755
724826,0.9971868983946204
724827,0.9909794793715725
724828,0.9999066466640045
724829,0.9999296974094121
724830,0.9869177611924294
724831,0.9995952415882887
724832,0.7470370757778924
724833,0.9990936157524086
724834,0.9965016539457252
724835,0.9999503107014716
724836,0.9786148043330215
724837,0.9503057627101466
724838,0.9997693401412938
724839,0.9999743860008332
724840,0.9994673821898366
724841,0.18390555493344451
724842,0.9999676752865321
724843,0.9998606523086035
724844,0.6477332728009317
724845,0.02001007763583226
724846,0.9934197862801246
724847,0.36849278756824294
724848,0.3045139061593646
724849,0.9999379124318983
724850,0.9786479689730223
724851,0.9850081847352228
724852,0.7649262140815473
724853,0.9997160811567394
724854,0.04873284683326729
724855,0.9997125720062741
724856,0.9854667378679077
724857,0.999899147999212
724858,0.9280152044502352
724859,0.9989448757316811
724860,0.7175507897507492
724861,0.9923997599591443
724862,0.9998653005575128
724863,0.9893832972977157
724864,0.5417863288719266
724865,0.8613756690525544
724866,0.9971375952329886
724867,0.9998690977706508
724868,0.9981561411663872
724869,0.9681907778423866
724870,0.38122472355401266
724871,0.9708380610334939
724872,0.5895757443562699
724873,0.9996983626316578
724874,0.9995217498902731
724875,0.9998224069324011
724876,0.9988853934560047
724877,0.9860687915127039
724878,0.04554629891769777
724879,0.07275994529391916
724880,0.999926129559189
724881,0.8198628817787212
724882,0.9993783499939406
724883,0.9994170812187585
724884,0.9650077947829798
724885,0.34752659664240537
724886,0.47785179388197974
724887,0.9999424773721621
724888,0.9994665010256718
724889,0.0380905560765042
724890,0.3420571297280153
724891,0.9771728720853625
724892,0.9999745417842765
724893,0.9972503263058483
724894,0.3138602907504944
724895,0.9999362942212413
724896,0.46436315676453266
724897,0.9992075219943395
724898,0.14027076563447008
724899,0.9885865151276345
724900,0.8582240088556086
724901,0.9971817016532969
724902,0.9984006292536562
724903,0.9934235072871449
724904,0.9987805977736453
724905,0.866991848753744
724906,0.999738241183566
724907,0.9282471507353627
724908,0.8280249956938337
724909,0.18809188117184514
724910,0.5289734361896906
724911,0.8567661960049633
724912,0.9985633658515736
724913,0.30550869964207117
724914,0.9997752743820691
724915,0.9998831356005697
724916,0.8966605019450551
724917,0.7979186744623161
724918,0.1383000575638379
724919,0.18332927397956994
724920,0.6638535858292076
724921,0.9999949448518572
724922,0.9985310957931872
724923,0.9996308614837643
724924,0.9837262707440726
724925,0.8925905181146556
724926,0.023022790441489437
724927,0.20955100028799095
724928,0.04267331492563728
724929,0.008146769286561056
724930,0.1909874962273213
724931,0.3235908698164656
724932,0.9999457255680202
724933,0.9998110996601624
724934,0.5405710979503802
724935,0.9385766938241635
724936,0.7634697646006441
724937,0.5972334116449336
724938,0.0073235954188371
724939,0.999802891689967
724940,0.9999000566044409
724941,0.9993017416538339
724942,0.3667044181742964
724943,0.9354608604837399
724944,0.774673386617313
724945,0.01896829716295449
724946,0.49683167739076983
724947,0.9752971714586234
724948,0.034611927657748794
724949,0.9998070974851069
724950,0.9998078271981848
724951,0.0815159010021908
724952,0.016363164229540178
724953,0.9898039661373665
724954,0.41165240802784087
724955,0.9941380005654635
724956,0.9010502440509293
724957,0.6613735421181084
724958,0.9999284269841675
724959,0.999525996318624
724960,0.999968882098686
724961,0.06975417050289268
724962,0.9719771928914684
724963,0.9999374854708079
724964,0.9994468124886067
724965,0.0611904280909369
724966,0.9999684893678316
724967,0.9524813161000163
724968,0.9998327255518481
724969,0.207180360611254
724970,0.5807079447181144
724971,0.9994517223901282
724972,0.24413919608206447
724973,0.9986428470444679
724974,0.19533615482337519
724975,0.9965415988065535
724976,0.9761643214079069
724977,0.9999788324372519
724978,0.006355997946110153
724979,0.46030033602058495
724980,0.30769888606726975
724981,0.9995524925674169
724982,0.8313040085805548
724983,0.008402899765321544
724984,0.9999566191684874
724985,0.9991769829616028
724986,0.4019087265491673
724987,0.9988759649294345
724988,0.932481288322331
724989,0.976295361220658
724990,0.9696578419572808
724991,0.9993939012067827
724992,0.6618210724643154
724993,0.9998158818073031
724994,0.009656125945121278
724995,0.4437260898689502
724996,0.9984248872945913
724997,0.9999292796704682
724998,0.5872415852727509
724999,0.9910957024486171
725000,0.9939419615217056
725001,0.9985439183418346
725002,0.9999188988579044
725003,0.9979107517000771
725004,0.9908923920507402
725005,0.9999456489651607
725006,0.5648828302762444
725007,0.2746546116506788
725008,0.14912306617380622
725009,0.8063640720432848
725010,0.9408000410801197
725011,0.9998433526426085
725012,0.8163157383597062
725013,0.9999410285052399
725014,0.06448653718520174
725015,0.997326551904538
725016,0.9948542482084157
725017,0.2088024483194374
725018,0.3679325127811374
725019,0.02294534349125736
725020,0.10698767322736734
725021,0.1128781577107097
725022,0.9920478654050744
725023,0.31138906533298055
725024,0.9996102024686213
725025,0.9430318644134378
725026,0.9999262538046761
725027,0.9931353959554801
725028,0.8696565305545738
725029,0.9868887722710782
725030,0.9998428711767409
725031,0.4405457526438882
725032,0.87248328515483
725033,0.35024493512601257
725034,0.4920612412985571
725035,0.9963067700093959
725036,0.04416773589156025
725037,0.9872852165613821
725038,0.974365215338743
725039,0.6860958528665194
725040,0.9769862041533612
725041,0.9977305262465946
725042,0.8925757344731122
725043,0.9986082808319221
725044,0.1763257702688587
725045,0.06482739140795556
725046,0.629904530605959
725047,0.1138332319199624
725048,0.9994888007220167
725049,0.9624470285403337
725050,0.9998782829961266
725051,0.8828116298953694
725052,0.042821740396593276
725053,0.02552523147082735
725054,0.05624057778752342
725055,0.9999291960184677
725056,0.3384780025957026
725057,0.8472240409610545
725058,0.020246601549745637
725059,0.010637837686615336
725060,0.7510919535486507
725061,0.7832503340863768
725062,0.9998126115084006
725063,0.9996935792653195
725064,0.39905148591711775
725065,0.9982036968388878
725066,0.9994544144519166
725067,0.07234733892590511
725068,0.5495326728383754
725069,0.8653127575436295
725070,0.9856170385858942
725071,0.9682323161246951
725072,0.7727701846451052
725073,0.9470149426581251
725074,0.998990795590019
725075,0.9995606738808882
725076,0.9982473049827334
725077,0.925596145501423
725078,0.9996773976131804
725079,0.9996065030559407
725080,0.865087054164198
725081,0.2714315266392944
725082,0.38609300411065595
725083,0.9768337080225065
725084,0.03940750775792787
725085,0.9990422312598788
725086,0.36016267595386786
725087,0.9845346474241652
725088,0.9287407346839498
725089,0.37015204180054884
725090,0.9975631277059918
725091,0.9998884268098456
725092,0.9970153233534524
725093,0.7751557588681357
725094,0.6184844401975146
725095,0.755099666950579
725096,0.9998700692487874
725097,0.4169225014818006
725098,0.9996269072716022
725099,0.9905129065016491
725100,0.9942078307808739
725101,0.0640500021949755
725102,0.9830341955777486
725103,0.999974013911815
725104,0.4558036235106866
725105,0.9986729112367324
725106,0.17585870936374023
725107,0.36046900878388527
725108,0.9998845096433293
725109,0.9999357083068183
725110,0.9999263160188885
725111,0.5733234693251658
725112,0.687044396389108
725113,0.6641055244521656
725114,0.998433666290395
725115,0.9903703642959752
725116,0.999984135714503
725117,0.9988978617340123
725118,0.9969499011966931
725119,0.9993529834281232
725120,0.5736431594603943
725121,0.08953262429483325
725122,0.9305835338920609
725123,0.9999211671767745
725124,0.9981698943390414
725125,0.9981920003092881
725126,0.9998404194817176
725127,0.020052850470304306
725128,0.6027415958127245
725129,0.1637172251758633
725130,0.9999832394178252
725131,0.9936176930756131
725132,0.019449644208462194
725133,0.8825874382778192
725134,0.9712023698728993
725135,0.11379513807827574
725136,0.9707914063684152
725137,0.9997935673733849
725138,0.007495849237224196
725139,0.9998468771477194
725140,0.50969995847811
725141,0.9967762625001134
725142,0.016093602195933594
725143,0.06394172358532658
725144,0.6884277432179451
725145,0.9999261657355655
725146,0.014953053642779279
725147,0.6326871691023863
725148,0.612714357757473
725149,0.921693727370185
725150,0.9789259593209725
725151,0.9928361522295747
725152,0.999710123806425
725153,0.8410755689043288
725154,0.7329762135913072
725155,0.9870125125690694
725156,0.999563693083797
725157,0.46414545862425083
725158,0.04117433457884127
725159,0.798166658467971
725160,0.5665402045787798
725161,0.6846062601624369
725162,0.9984404284878855
725163,0.039916362110991005
725164,0.4096553428627806
725165,0.839706384303802
725166,0.056076933527353164
725167,0.0470734079719666
725168,0.03154545100307951
725169,0.16698142702371632
725170,0.9984017228969282
725171,0.18564033113188833
725172,0.573833790451435
725173,0.02848550616758399
725174,0.999570937170403
725175,0.999555553620065
725176,0.6372908435067575
725177,0.06209577800168861
725178,0.857655170109365
725179,0.9962771310268752
725180,0.04236458464131583
725181,0.08103058914916467
725182,0.16388746526936576
725183,0.9988869977266349
725184,0.848336103646451
725185,0.9999545925488753
725186,0.5578073216292393
725187,0.9997224895952763
725188,0.8785917648083822
725189,0.915129116289063
725190,0.988885220888851
725191,0.22711895376569446
725192,0.9995416456469475
725193,0.0882885787129107
725194,0.9999741318061881
725195,0.7604350967339447
725196,0.015783683640244718
725197,0.6946081326725453
725198,0.9788937303195615
725199,0.5213031077990095
725200,0.9964039158362334
725201,0.9791748103312616
725202,0.924941264657354
725203,0.016396414802449726
725204,0.9995822396400248
725205,0.9919634824115846
725206,0.014653214657653513
725207,0.5597816989842445
725208,0.9997049834933378
725209,0.970449063895326
725210,0.114988538326057
725211,0.1296494986931653
725212,0.05432768923011087
725213,0.1300908715095472
725214,0.9278409028367169
725215,0.7689517344254417
725216,0.99994359698777
725217,0.9999321598510813
725218,0.039565507636181364
725219,0.992306062983678
725220,0.9999265541624984
725221,0.04791643377421474
725222,0.0026606176386820397
725223,0.9997636568438225
725224,0.5777971549269981
725225,0.9898860052748593
725226,0.668068181345876
725227,0.9862148256605805
725228,0.9994435867850782
725229,0.9973924030972102
725230,0.08457908849611477
725231,0.8597282878307191
725232,0.9997692308099837
725233,0.8203239393644945
725234,0.3050939490787168
725235,0.7183033295823134
725236,0.9532628885663533
725237,0.6275260152078489
725238,0.9997981550114812
725239,0.6686175664412131
725240,0.9779983681443172
725241,0.7993594850306981
725242,0.960982416416599
725243,0.9864327239635633
725244,0.4392174918334838
725245,0.6529918366252652
725246,0.36906494747470175
725247,0.9992554440454018
725248,0.6017538651278125
725249,0.9201755909184188
725250,0.1300463788064581
725251,0.434589649896469
725252,0.873745292440613
725253,0.9851067472044904
725254,0.9950901615945407
725255,0.8273810114299788
725256,0.999392142735065
725257,0.8775945045740734
725258,0.6883592178156639
725259,0.7963632952682731
725260,0.9996183882496457
725261,0.9387988092583323
725262,0.2428830411923033
725263,0.682517068695637
725264,0.8397492928933044
725265,0.954398038221453
725266,0.0316532066560476
725267,0.4796833199463171
725268,0.020654951326077906
725269,0.0022457147910376523
725270,0.06394345567974784
725271,0.7321275016076549
725272,0.99629034544949
725273,0.9678382914614414
725274,0.02971863583047532
725275,0.9998130850368538
725276,0.9986858748215899
725277,0.9998984386329206
725278,0.9969958123239551
725279,0.0859714501412519
725280,0.9666163619660512
725281,0.33705339335886253
725282,0.999458590100926
725283,0.21078302756491057
725284,0.9999363702641384
725285,0.9601318369815072
725286,0.9991790034963317
725287,0.8571722057520179
725288,0.9999685778110368
725289,0.9231647182625845
725290,0.9998647227702977
725291,0.999868691863467
725292,0.9983927102104269
725293,0.06245348067273579
725294,0.05293540501587148
725295,0.9999561284625211
725296,0.2696999728513837
725297,0.043014342511313516
725298,0.38551526439120115
725299,0.7941371765914642
725300,0.6749490383595079
725301,0.4650595098904042
725302,0.4074468370145703
725303,0.11629250027112256
725304,0.6122518460061512
725305,0.5456967926244923
725306,0.45857238796784944
725307,0.007496283246292382
725308,0.9994428779492297
725309,0.9989307530883236
725310,0.9405101223226306
725311,0.9981401555548192
725312,0.997857922409978
725313,0.1740658529178809
725314,0.6634923132957203
725315,0.9991727075101262
725316,0.33326657860500647
725317,0.529271405766615
725318,0.9950737531679412
725319,0.4933596502221427
725320,0.9999867268756334
725321,0.9994671944828143
725322,0.030674213532591775
725323,0.22814727005527596
725324,0.07714583886176002
725325,0.018732092859682678
725326,0.9998612074953301
725327,0.9950068026295107
725328,0.9986695998358474
725329,0.04899093207100901
725330,0.8019531294594178
725331,0.7835932325364625
725332,0.7221830579607444
725333,0.5925226873618865
725334,0.9998857481005088
725335,0.9555721505064
725336,0.6545974665814879
725337,0.5542375236553949
725338,0.3830096726218083
725339,0.9936371859725353
725340,0.8590340423028099
725341,0.09371679701117584
725342,0.9732517677355812
725343,0.8061793242403714
725344,0.9979815815433221
725345,0.05096193872414284
725346,0.9999871787240467
725347,0.9998373476957431
725348,0.21018400799138826
725349,0.5027465305978317
725350,0.42703677080207525
725351,0.49800619289683024
725352,0.12558647790097371
725353,0.6916509227929898
725354,0.13648906822122203
725355,0.7790373216368605
725356,0.47909660475188653
725357,0.5179291597796071
725358,0.6183939307298147
725359,0.9993565630822295
725360,0.999896066975704
725361,0.3998717679438304
725362,0.07910351086723381
725363,0.9986236478850781
725364,0.9998151361448968
725365,0.9999986305689154
725366,0.9999767711326305
725367,0.9991809282790816
725368,0.9615756041862584
725369,0.7718843663530148
725370,0.999670934007357
725371,0.9977461394497775
725372,0.8901155219107169
725373,0.33526487012791567
725374,0.7994444723375482
725375,0.9811181027706433
725376,0.9999798802000893
725377,0.840805729316618
725378,0.9532145416857623
725379,0.9997144242267333
725380,0.9993856120751881
725381,0.9770070625367497
725382,0.07042822578446917
725383,0.9648541724630564
725384,0.30299976680413715
725385,0.8111731897558656
725386,0.8088420975254933
725387,0.9997614831234105
725388,0.94562496228279
725389,0.9968916891868099
725390,0.9961393596484168
725391,0.007846843097756432
725392,0.9999812593916141
725393,0.06047566225849109
725394,0.9999631522404602
725395,0.2549466290966411
725396,0.2582454641656329
725397,0.996491130149254
725398,0.0710015507105893
725399,0.9999074150457882
725400,0.15172772679335614
725401,0.928938246204744
725402,0.9998664990782373
725403,0.003107125958724941
725404,0.7541867806959488
725405,0.9855413501100663
725406,0.8195399052103409
725407,0.8047192717725414
725408,0.5013246173089377
725409,0.6153021106969854
725410,0.999472321216941
725411,0.9927725529463978
725412,0.14671710953920822
725413,0.9976448934709259
725414,0.9850904192322629
725415,0.7399046768317769
725416,0.9999269840957856
725417,0.9992708082141746
725418,0.907737518182858
725419,0.9026197803640161
725420,0.5711553726564694
725421,0.025301195558304453
725422,0.946512235759042
725423,0.654301070417504
725424,0.9965274727748671
725425,0.06529390377589137
725426,0.9729281350400215
725427,0.6388493144408603
725428,0.9918817091746155
725429,0.9998803289278252
725430,0.9998631137112131
725431,0.01825879771282057
725432,0.7045418363513589
725433,0.9655553353133783
725434,0.9998103233331685
725435,0.4146052051876801
725436,0.7579947094946144
725437,0.10739859705424479
725438,0.022704611507054825
725439,0.9779727361052792
725440,0.9998835467241274
725441,0.9995310836255609
725442,0.695422001748725
725443,0.9999004843743899
725444,0.995356490338627
725445,0.02452419382146868
725446,0.37582728287045375
725447,0.02773886326241661
725448,0.07785287568932084
725449,0.6841829051848592
725450,0.9729646030373929
725451,0.9992941396558622
725452,0.9966840284619837
725453,0.97417272466095
725454,0.9975585037985775
725455,0.18535271686184984
725456,0.9236426382543679
725457,0.9619530458510868
725458,0.711473736726787
725459,0.9925570937259627
725460,0.6970075962216673
725461,0.9998396476344722
725462,0.020987668323412582
725463,0.7569445799704169
725464,0.9996232305703436
725465,0.9995807326178243
725466,0.790360842523268
725467,0.9959857195083539
725468,0.1926366165069947
725469,0.9881184136960772
725470,0.9808440772269462
725471,0.8119876250336086
725472,0.009413846156668655
725473,0.9996352362830437
725474,0.9956783003218382
725475,0.7617358469608064
725476,0.9947804445344988
725477,0.9975074354238858
725478,0.8610747206897116
725479,0.6636287134589326
725480,0.04000773903455695
725481,0.02621474236286383
725482,0.9993249746632942
725483,0.7301834898252109
725484,0.9999595347999923
725485,0.9997063166263633
725486,0.9999483243925248
725487,0.9448510218560007
725488,0.4970774536993146
725489,0.9899659338775997
725490,0.047323190872717705
725491,0.5533931452687596
725492,0.5273740300786922
725493,0.9855867126074715
725494,0.27549047374534
725495,0.9305055453744884
725496,0.9996318358516109
725497,0.9996636899423601
725498,0.9988482439635586
725499,0.12654900627719268
725500,0.1013134311748353
725501,0.9997522916093857
725502,0.3704879858924187
725503,0.3589943512351963
725504,0.9915684576591708
725505,0.9996512871944838
725506,0.999857174252465
725507,0.9999767201313361
725508,0.7085602937509076
725509,0.03646171271707994
725510,0.9986714548110684
725511,0.765145939480453
725512,0.998120322292308
725513,0.144708997919627
725514,0.9996105243927924
725515,0.7397205489320574
725516,0.05022247806907648
725517,0.9920677448979436
725518,0.9998131071188826
725519,0.6887120265494313
725520,0.19713737638805523
725521,0.11195534800060378
725522,0.07700532421061787
725523,0.01946572711552683
725524,0.8208633901322402
725525,0.9789391592617581
725526,0.9998090021889794
725527,0.9998993717412537
725528,0.9790582012623068
725529,0.9995823470562689
725530,0.9999752660677651
725531,0.050442005544206935
725532,0.9999055887246764
725533,0.7115079013466316
725534,0.41847237794834813
725535,0.7459369682013178
725536,0.9991890203219552
725537,0.9999489233302883
725538,0.9943842148068673
725539,0.9999861907838592
725540,0.9971234934410781
725541,0.9967263528953867
725542,0.9995544954671479
725543,0.86802705865746
725544,0.026606646444074324
725545,0.9999476560837
725546,0.42691403078348633
725547,0.32246517230410626
725548,0.9999690372444132
725549,0.06318367848008004
725550,0.04610763144432676
725551,0.8756133757129949
725552,0.975050883002623
725553,0.13138073738336117
725554,0.09903497621872592
725555,0.8005708770321566
725556,0.04963956472069555
725557,0.9826285488818596
725558,0.4794046372077227
725559,0.30382641126588955
725560,0.9522321785636486
725561,0.6215174089602019
725562,0.11925180056861868
725563,0.31899823235408153
725564,0.002988359939730748
725565,0.055456679826893285
725566,0.5755119865544112
725567,0.972065107585661
725568,0.5977650899848883
725569,0.9998213898736359
725570,0.40232935641996825
725571,0.003305603842379428
725572,0.9998069685737985
725573,0.5588742215969981
725574,0.9995284108916922
725575,0.15282069416960842
725576,0.9809516136595293
725577,0.9847720098901538
725578,0.14222275812184965
725579,0.24459533318461385
725580,0.9997888223480306
725581,0.8854110631052527
725582,0.1635459994588703
725583,0.8153198083493383
725584,0.011294921584281643
725585,0.03115958836714562
725586,0.5753231764863513
725587,0.48921763228892823
725588,0.765368119367967
725589,0.9998789739078631
725590,0.22293525274652015
725591,0.39648590074151585
725592,0.9999753328633016
725593,0.9676643813038119
725594,0.7535639818608
725595,0.017826260934070935
725596,0.6762505725882679
725597,0.8044265257704117
725598,0.1646262892270692
725599,0.999982116752188
725600,0.006286287418251076
725601,0.998682039600195
725602,0.6022051025574158
725603,0.771829256333114
725604,0.09320942547902553
725605,0.999536726028329
725606,0.4709823631988096
725607,0.9994052376448966
725608,0.992720517048665
725609,0.9996852853871061
725610,0.405042857252494
725611,0.9987305613149067
725612,0.5233210769071879
725613,0.9993953872845345
725614,0.05339538154435279
725615,0.19140438022156464
725616,0.9999026760434421
725617,0.006434445351451935
725618,0.9999290860690042
725619,0.9998052406877541
725620,0.9875250282764018
725621,0.9839123267944998
725622,0.9749288555351281
725623,0.4801176489509137
725624,0.20839659234451097
725625,0.86294782446919
725626,0.8880148185142407
725627,0.9993405956142852
725628,0.6477752882122869
725629,0.35722463825282097
725630,0.9992457697547442
725631,0.9996355398300925
725632,0.9973462430334892
725633,0.7378672588528941
725634,0.5601086758585568
725635,0.9977944407492134
725636,0.9888273545052729
725637,0.7215496262207111
725638,0.996225449671357
725639,0.888388434034779
725640,0.9999107020222149
725641,0.9998645560334981
725642,0.9305263106355627
725643,0.6288559524387216
725644,0.996661448845738
725645,0.9610440099766582
725646,0.8058000750877348
725647,0.9939106742710008
725648,0.6953631005476362
725649,0.9398398691443086
725650,0.4639057104186697
725651,0.9867745748571373
725652,0.9768319299976032
725653,0.743098038987969
725654,0.9549416741425598
725655,0.7429725373385647
725656,0.056252968070603954
725657,0.9998043253645221
725658,0.9929937205493613
725659,0.8989772487947603
725660,0.9999843262067555
725661,0.9987575091945686
725662,0.9657086164082678
725663,0.9995500099147275
725664,0.9993370991204081
725665,0.9991570028610635
725666,0.3873821024388523
725667,0.9901952707560183
725668,0.9975345957166849
725669,0.36448207271501043
725670,0.2234960739736757
725671,0.6765536496334557
725672,0.9982473021428833
725673,0.2513831961518121
725674,0.6213205048943383
725675,0.43324585234548574
725676,0.9654090491649696
725677,0.02557520414634907
725678,0.9998095730113512
725679,0.9757125979544212
725680,0.9992158022555051
725681,0.38355370273234096
725682,0.9986832270207382
725683,0.9999358947766914
725684,0.9996987960474328
725685,0.8991277460013029
725686,0.025734810221041952
725687,0.9854815693400494
725688,0.9963851978414374
725689,0.997481902607297
725690,0.6995880592333962
725691,0.3885193574912861
725692,0.9963988112440092
725693,0.9996857168789905
725694,0.20369467420981363
725695,0.9998378779551185
725696,0.9998265839071481
725697,0.9999086011449909
725698,0.9977655619971338
725699,0.5874822041555534
725700,0.9900031055260348
725701,0.9946301953737109
725702,0.9972500630573629
725703,0.9973136442567831
725704,0.5042378828185251
725705,0.7722780688458808
725706,0.9484848509263706
725707,0.29320559738555163
725708,0.031601496705527705
725709,0.10716268862579414
725710,0.015043815561507884
725711,0.5548451188008584
725712,0.9983921776297648
725713,0.9758172695854759
725714,0.056548116690230105
725715,0.5816565397598307
725716,0.997227033309479
725717,0.9997961002547153
725718,0.9684111079529802
725719,0.9642940351314473
725720,0.5278064941073388
725721,0.2327495926363742
725722,0.04228599582111725
725723,0.9993050007642281
725724,0.9830190406016375
725725,0.8645867850244462
725726,0.9994972289274593
725727,0.9999056341087805
725728,0.5100814301422136
725729,0.9004759015163539
725730,0.9752770635587108
725731,0.12868450265888898
725732,0.27553884293457737
725733,0.8341838164497022
725734,0.2720983835832636
725735,0.8894670595215478
725736,0.1401568294351097
725737,0.999991097343635
725738,0.05523840494147643
725739,0.8407464769763788
725740,0.7649585748833696
725741,0.9986972289521854
725742,0.9998938322698289
725743,0.9114406150996063
725744,0.992946655563582
725745,0.4957798742562052
725746,0.999940202405937
725747,0.14839640054047068
725748,0.9852383149416758
725749,0.773264767044396
725750,0.994502685922201
725751,0.5694459354076468
725752,0.9982711715592827
725753,0.9983124901376851
725754,0.883590267124059
725755,0.9997899521616468
725756,0.9998936398886746
725757,0.9998254190183559
725758,0.7226405705955594
725759,0.9997163380688061
725760,0.846963861899105
725761,0.5265730336151518
725762,0.9981866913883974
725763,0.03799442177846479
725764,0.014727933915050902
725765,0.9995559198756501
725766,0.997288362439045
725767,0.008415245580069307
725768,0.9999779615851137
725769,0.9997106580342559
725770,0.9497213300062158
725771,0.9795578870489966
725772,0.9915597161504817
725773,0.7771883127057331
725774,0.89285353611923
725775,0.09045547829288728
725776,0.7127606852696221
725777,0.9162546383375664
725778,0.442850694137064
725779,0.29650139742831394
725780,0.0505354791315448
725781,0.07518585703292355
725782,0.21680459565619997
725783,0.0926861323218329
725784,0.9478336374929874
725785,0.917420574733101
725786,0.7464591589507448
725787,0.8588546395255258
725788,0.04116903148882158
725789,0.1165805877401155
725790,0.9868083981015607
725791,0.9989868487450568
725792,0.9999192049832097
725793,0.38168943679446876
725794,0.6650707803056652
725795,0.5817147003712532
725796,0.9798677313905066
725797,0.976327845960866
725798,0.9145054167319693
725799,0.9231206981176048
725800,0.9744624105173043
725801,0.9252294412782747
725802,0.5087251871352361
725803,0.999250520430802
725804,0.9702087263908943
725805,0.43369031691030036
725806,0.9686380820752449
725807,0.9979268144861676
725808,0.5498400199256945
725809,0.999826447788202
725810,0.9997400785456765
725811,0.7065548234608362
725812,0.9896793185858137
725813,0.8212261393743151
725814,0.9994285523777074
725815,0.999320988498464
725816,0.9993075200785753
725817,0.9970031007856595
725818,0.9939476475445995
725819,0.9953303068443808
725820,0.9990805491313772
725821,0.9532195672256555
725822,0.9997803149195549
725823,0.9998933982206605
725824,0.9989426447767007
725825,0.06489087371678078
725826,0.9998808536861858
725827,0.999939771642258
725828,0.9957698708647449
725829,0.4318268283804533
725830,0.9999749284605597
725831,0.00703707789642375
725832,0.7944778951446143
725833,0.8261741560191764
725834,0.3378738105288312
725835,0.9999849230053198
725836,0.9997901515338867
725837,0.9905438783284294
725838,0.14766787853379837
725839,0.9986666264921855
725840,0.5976825548056517
725841,0.9998566355497249
725842,0.9998352975907717
725843,0.8368373534792688
725844,0.31144839509686223
725845,0.9995776147027428
725846,0.9695419866651501
725847,0.9982723104778409
725848,0.21738048301147894
725849,0.9902320469465924
725850,0.03050876409340035
725851,0.8236184115205148
725852,0.8353305932433313
725853,0.07657040107017798
725854,0.970256159883466
725855,0.004838951087744272
725856,0.45133730192528143
725857,0.9989899561763091
725858,0.3721463742029016
725859,0.9972828266558351
725860,0.9955406115944968
725861,0.6888351060910821
725862,0.9963457674862899
725863,0.4794686883341047
725864,0.6169558597320423
725865,0.02381486102051359
725866,0.687745940016147
725867,0.31471806789057805
725868,0.9999515045006635
725869,0.9972084986385983
725870,0.999789486396029
725871,0.9979400043370801
725872,0.9969307637009606
725873,0.9992418630619426
725874,0.06025197730047202
725875,0.9998570904955162
725876,0.017353403932715342
725877,0.014809728388263083
725878,0.5343879629375141
725879,0.4068712693016194
725880,0.13034392043344817
725881,0.9995424772532348
725882,0.9998973696285397
725883,0.0752791559880444
725884,0.017052021854131176
725885,0.08220720948019217
725886,0.9585980297188893
725887,0.008951863802623599
725888,0.9812799292359675
725889,0.48140456793600883
725890,0.6364315411437235
725891,0.6280577448151061
725892,0.3475895088588846
725893,0.051901973817512645
725894,0.1347870794341396
725895,0.8789319686584243
725896,0.7692072386883089
725897,0.15034796181541726
725898,0.9997066460277797
725899,0.9933760300211362
725900,0.993422639766529
725901,0.6932827040046738
725902,0.9963019604200797
725903,0.9976884623783687
725904,0.8030170182812231
725905,0.83938112283314
725906,0.6032925116877766
725907,0.05433317468410773
725908,0.9924255074231123
725909,0.4385925166483709
725910,0.05467431182909761
725911,0.36958062822589877
725912,0.24694500451559068
725913,0.9144992479106082
725914,0.8259581623570809
725915,0.9923506179300472
725916,0.8078956760955209
725917,0.999802635000727
725918,0.029673524831245766
725919,0.9998692289415857
725920,0.9996516623635633
725921,0.9463130963719044
725922,0.9999676695397747
725923,0.9918500650683377
725924,0.20441489701005378
725925,0.9995923687814474
725926,0.9998044916545812
725927,0.016250506418502498
725928,0.9747187440035296
725929,0.5667202908690882
725930,0.98528930033479
725931,0.03660628321428596
725932,0.9928455529197188
725933,0.9985086556440477
725934,0.028870762275896616
725935,0.4853155746545336
725936,0.08567585883802378
725937,0.9896908252646376
725938,0.9991043406740973
725939,0.9996591603173133
725940,0.9978649424096069
725941,0.9944918717851327
725942,0.9996178716745878
725943,0.9995066989382176
725944,0.09369717408420918
725945,0.7442512674755182
725946,0.999546171486348
725947,0.9999829792814772
725948,0.9813803548838149
725949,0.9970686671063698
725950,0.14285321784184402
725951,0.9996767454819464
725952,0.6168488748152614
725953,0.40902632184718185
725954,0.6818435810609289
725955,0.9999924056097633
725956,0.9997524746610503
725957,0.9997094485728973
725958,0.38655985954025757
725959,0.13034374457072695
725960,0.0838589109397115
725961,0.9999729217915042
725962,0.6112181058764233
725963,0.39910935828402694
725964,0.5494148882274273
725965,0.17795791802579106
725966,0.8396962681495315
725967,0.6392336126447645
725968,0.9999713357489188
725969,0.5694384448003491
725970,0.9984538046553614
725971,0.9971858131256084
725972,0.8671221858640236
725973,0.5892158574103685
725974,0.502220580760358
725975,0.4983247777763603
725976,0.869563780198586
725977,0.9764349803252164
725978,0.9999512093918124
725979,0.6674641918337529
725980,0.03437512683399338
725981,0.7465360191983044
725982,0.7852801918244214
725983,0.9998162867059714
725984,0.9983323991830475
725985,0.9999644331578947
725986,0.9086484264643766
725987,0.86926636487144
725988,0.9991209130590619
725989,0.899773363753476
725990,0.9988075210053196
725991,0.9997361936769189
725992,0.6871780609579041
725993,0.5195824434188803
725994,0.6165153937846832
725995,0.9999874019889885
725996,0.999796168057796
725997,0.7922307914735766
725998,0.33626032571802417
725999,0.020284376925306515
726000,0.9999694529372455
726001,0.963235018465598
726002,0.9872601036070051
726003,0.3673937411764435
726004,0.05149592367145031
726005,0.9998854165383665
726006,0.9994689408176152
726007,0.04559450103788906
726008,0.6516973803343642
726009,0.9999186698643032
726010,0.9977241635819448
726011,0.03552892601620496
726012,0.9999639601758041
726013,0.6402931816641713
726014,0.998729526253665
726015,0.5427872203510316
726016,0.9995599239828412
726017,0.9991770995576871
726018,0.9997964771387298
726019,0.9998502635266254
726020,0.9590286388817338
726021,0.9998208045580362
726022,0.2808568206660488
726023,0.9981710881654543
726024,0.8363618823147219
726025,0.725786540704
726026,0.998380732872707
726027,0.3260143362244593
726028,0.983733531273742
726029,0.700415112864151
726030,0.10196884751529146
726031,0.9999494210061064
726032,0.9945164153774513
726033,0.6840861261990583
726034,0.46125189504523334
726035,0.004489041298277981
726036,0.027098982757400844
726037,0.998262724657917
726038,0.07509004769895529
726039,0.82027942982311
726040,0.9991178326319015
726041,0.6312435855780903
726042,0.9999786845322032
726043,0.11535965146429246
726044,0.1016739979346003
726045,0.977715224858869
726046,0.44587882486293445
726047,0.963967141062409
726048,0.9999887494112212
726049,0.9731917460485864
726050,0.7492704597506727
726051,0.684719263775801
726052,0.9988999529663268
726053,0.9999665372579196
726054,0.999760865098623
726055,0.9947679833156069
726056,0.5228919309091282
726057,0.997427096009108
726058,0.12021098729469602
726059,0.21112292497244142
726060,0.6142815178206182
726061,0.9981996614941482
726062,0.9789905227051062
726063,0.9829452342975076
726064,0.1608752577194258
726065,0.9998532447204883
726066,0.9999578691324431
726067,0.11339709607538004
726068,0.9998091821368807
726069,0.022822261476165655
726070,0.9999262776373931
726071,0.9510333115649887
726072,0.06530943678013777
726073,0.09042723928052776
726074,0.029010070127833586
726075,0.999492413282054
726076,0.019970132583525875
726077,0.21294613249749833
726078,0.9991805045722237
726079,0.16173326018991319
726080,0.06118266248468486
726081,0.59762696043902
726082,0.84780869092804
726083,0.9094540724107438
726084,0.47547593945553807
726085,0.9842309619871188
726086,0.9913797066406597
726087,0.4562649785013667
726088,0.9816110883704341
726089,0.9999535845591696
726090,0.9925481637334059
726091,0.9549367741409196
726092,0.6135651670833597
726093,0.1412648710442939
726094,0.34619605267442377
726095,0.9710987301043571
726096,0.9999689032428063
726097,0.8450870974445157
726098,0.9802603692550586
726099,0.44675516022104933
726100,0.9994108580787193
726101,0.9458342605237819
726102,0.9999597899114705
726103,0.2850339609640404
726104,0.9982965045527845
726105,0.9743337522600133
726106,0.6351952214992228
726107,0.20439528107486263
726108,0.9999578883760729
726109,0.7797973881336016
726110,0.12759297357476784
726111,0.9995649818534056
726112,0.9777609653119983
726113,0.13722009419786027
726114,0.9283809769186115
726115,0.9999827785426787
726116,0.9999598315401822
726117,0.5899064285056371
726118,0.9993844456584833
726119,0.10495622041499017
726120,0.9997854723805957
726121,0.957098142457777
726122,0.932602742344477
726123,0.20052621409860094
726124,0.9636627890295876
726125,0.765260980244058
726126,0.9987918227177958
726127,0.09341532728513298
726128,0.2598969751200446
726129,0.8827610553199965
726130,0.20064974601314656
726131,0.9906082363491748
726132,0.012332539540464614
726133,0.8242760963197453
726134,0.15623113000774946
726135,0.9398100257760389
726136,0.9838719965934164
726137,0.8538344587125981
726138,0.9972624110198174
726139,0.9899031588362446
726140,0.42805240743590367
726141,0.42972846422589966
726142,0.936294030798852
726143,0.7995696835573533
726144,0.010599583062025901
726145,0.9991515889508689
726146,0.9997596907129381
726147,0.8237177321622087
726148,0.9995081289875177
726149,0.9946953130060263
726150,0.8215101275606703
726151,0.9938751410734257
726152,0.999776529697679
726153,0.985730105941709
726154,0.9695776676891468
726155,0.4033819938380535
726156,0.8727909273373569
726157,0.028815902068232396
726158,0.05671851493735447
726159,0.9944510407721496
726160,0.5281995158380004
726161,0.6765356709700928
726162,0.7967644959870359
726163,0.6640513030612261
726164,0.9998674411683408
726165,0.03748837353092384
726166,0.9988659565356383
726167,0.5182089946571949
726168,0.23862158442430037
726169,0.5673069299836486
726170,0.9383146704197607
726171,0.999388559520746
726172,0.9997676811161827
726173,0.9970191797493965
726174,0.9032101002847136
726175,0.032193338887781205
726176,0.9999814933967279
726177,0.9998636581295235
726178,0.11323181457158255
726179,0.4203301005084349
726180,0.19123165733115097
726181,0.9874484931760743
726182,0.382477553695312
726183,0.6975338285434607
726184,0.9876460150699968
726185,0.999460024897094
726186,0.11026930556133305
726187,0.9944874265925729
726188,0.7369436900901198
726189,0.9999809093785563
726190,0.9998086618268289
726191,0.9998351207384566
726192,0.2929353561949519
726193,0.9920998185722085
726194,0.9971834618025315
726195,0.999655717132916
726196,0.9993625925529667
726197,0.1078901430378689
726198,0.3816830949852515
726199,0.999685956018158
726200,0.9887228109238467
726201,0.8775650270078069
726202,0.265984226057431
726203,0.9993608873593449
726204,0.3744520258221448
726205,0.013285896931480362
726206,0.9998240488362607
726207,0.07991232056531343
726208,0.9996749383955357
726209,0.004779993733599661
726210,0.993842393368064
726211,0.9999772181611909
726212,0.8926610479917418
726213,0.9371497690509708
726214,0.43926080867608097
726215,0.6865597720686782
726216,0.9998474798985768
726217,0.458078082391672
726218,0.4429319029408706
726219,0.9996096483863153
726220,0.05877386543138125
726221,0.9669772488672201
726222,0.4277395100705077
726223,0.974069794672795
726224,0.0922610143712073
726225,0.9992463457630665
726226,0.7542922322214062
726227,0.9326440553968804
726228,0.8215047822111247
726229,0.9998534411562683
726230,0.31694777931259704
726231,0.9996640448499601
726232,0.9676774710869955
726233,0.213337463979127
726234,0.9562667156394683
726235,0.994412763209259
726236,0.5089224644976194
726237,0.9991429881387912
726238,0.07137835883173016
726239,0.9994427964603555
726240,0.9992295472665815
726241,0.5074719978945426
726242,0.03981366747372374
726243,0.17460694044223687
726244,0.9988648813366269
726245,0.09262423283207255
726246,0.9453606487684725
726247,0.02643206832957136
726248,0.38615871876550806
726249,0.19413724643480126
726250,0.0016263773844040826
726251,0.9999503188831234
726252,0.9998539096351415
726253,0.9986305973190577
726254,0.05250156247557297
726255,0.9766859113908903
726256,0.6547248451006584
726257,0.08503647583147395
726258,0.3914942989911514
726259,0.9927025847548575
726260,0.9999876762229457
726261,0.027484585045401536
726262,0.32926996333395586
726263,0.9995871643505334
726264,0.9860984689376142
726265,0.99110632501098
726266,0.0269964997216943
726267,0.9844816507018785
726268,0.9858455618225048
726269,0.3106744165650725
726270,0.999638767993875
726271,0.9999332586287889
726272,0.9590780889005281
726273,0.9993933526920971
726274,0.15375397532110582
726275,0.9803851028814314
726276,0.9991428669563702
726277,0.17615504809844768
726278,0.9990776589644694
726279,0.9999712333771716
726280,0.4314465325277482
726281,0.9767697144207814
726282,0.9520624666843509
726283,0.9995358562630875
726284,0.4915301714441937
726285,0.9992008689215028
726286,0.9992168818469225
726287,0.9899282359786996
726288,0.9883025552346417
726289,0.9984895347144812
726290,0.8135453880421131
726291,0.17782476973920958
726292,0.6041740077986556
726293,0.6657134426193487
726294,0.18881908062628022
726295,0.9336754135440493
726296,0.9984325880771269
726297,0.32143984811072623
726298,0.9969461422999014
726299,0.9997389886654013
726300,0.07384672693152779
726301,0.4641586036954768
726302,0.988459387194973
726303,0.056568592938566524
726304,0.9713585961264362
726305,0.00895234465088806
726306,0.5539411567164081
726307,0.6501698679541804
726308,0.8947635843478591
726309,0.1158312521138671
726310,0.48461353344837255
726311,0.028526849048739863
726312,0.9998625032155063
726313,0.9703106583263181
726314,0.0670501187981665
726315,0.00901578654220625
726316,0.5328197955827224
726317,0.0049476964356102845
726318,0.5946222916255762
726319,0.06842239841664297
726320,0.9999571860388834
726321,0.9277211485628785
726322,0.43467057741269804
726323,0.9998945879075388
726324,0.9995963905319902
726325,0.22176127076462276
726326,0.08109269394315638
726327,0.9995853176017891
726328,0.10548262388205604
726329,0.07825203508599546
726330,0.49186396413147576
726331,0.596065186071417
726332,0.10748736194007398
726333,0.8975586541088691
726334,0.008167820244343841
726335,0.47571141383700233
726336,0.999301773644918
726337,0.9996019463675667
726338,0.5967067044158574
726339,0.47097394476704707
726340,0.9718897129546097
726341,0.8683468466567568
726342,0.9919610488668341
726343,0.7348985431016296
726344,0.9999922721575396
726345,0.9998278489613375
726346,0.9951606825933154
726347,0.08749242955256727
726348,0.9998094751480247
726349,0.99911935739577
726350,0.007216603901582897
726351,0.6559250891678391
726352,0.51639018202267
726353,0.5066438476095962
726354,0.9991674431709381
726355,0.7078310079702217
726356,0.7583792550909085
726357,0.7815140538110001
726358,0.997862440083576
726359,0.9858686028750024
726360,0.5676174334405514
726361,0.4229523838978051
726362,0.27840245966872335
726363,0.9985178333055068
726364,0.7869737614896056
726365,0.8759149174749689
726366,0.5853077076649225
726367,0.24923324829123616
726368,0.9978098037246133
726369,0.9366318036315397
726370,0.9998476177880736
726371,0.8662413941740488
726372,0.914669345209121
726373,0.9998718173736381
726374,0.7373743203303746
726375,0.22544794814885216
726376,0.9540978794238093
726377,0.8338639515636654
726378,0.3573015971821921
726379,0.5888868318719996
726380,0.9525236539025981
726381,0.9978006931128452
726382,0.9004916976383752
726383,0.16353199021956835
726384,0.6479723148698688
726385,0.9851122772601413
726386,0.9961990604293507
726387,0.9995566105837017
726388,0.34078733743342504
726389,0.9998922589398693
726390,0.9994215600067303
726391,0.5376929043991721
726392,0.5944502344769176
726393,0.23640858217254168
726394,0.003304006213202821
726395,0.9219112627101209
726396,0.8174346793157108
726397,0.2424747666539197
726398,0.9819411800355327
726399,0.35181282113132334
726400,0.9998292355410765
726401,0.9991840258242306
726402,0.9881011536707327
726403,0.8561350005569003
726404,0.9973428154910278
726405,0.9998157247587515
726406,0.9998990789743069
726407,0.07434801705971622
726408,0.1366364473780484
726409,0.22038271935937848
726410,0.018296701250343175
726411,0.35269430169137683
726412,0.8830185658660948
726413,0.27706234659586326
726414,0.9849375276931889
726415,0.9999675100534537
726416,0.8385574025009399
726417,0.24467973704083293
726418,0.8396126120229463
726419,0.9635023525382196
726420,0.999327091100676
726421,0.9710671036870969
726422,0.18731159770224326
726423,0.7541763185155235
726424,0.9988865297688059
726425,0.9694161319430626
726426,0.9999693944284778
726427,0.15826509121910715
726428,0.8123947374767755
726429,0.9997837951567555
726430,0.9999274460817187
726431,0.406087229036124
726432,0.9978920211117737
726433,0.9990542454762928
726434,0.9997319183242133
726435,0.9997059030853634
726436,0.023066684358019535
726437,0.887964701182109
726438,0.763438565148077
726439,0.9388952670238397
726440,0.9770812958217383
726441,0.9083459410196741
726442,0.9996412792909127
726443,0.6503355250035573
726444,0.9707239050989709
726445,0.051271093803937906
726446,0.9673649695872002
726447,0.9900194540595226
726448,0.9962508107074872
726449,0.29426287032543813
726450,0.9995355135717493
726451,0.9653706878416703
726452,0.955951629176985
726453,0.6603632287227106
726454,0.4135283572042099
726455,0.9999525184655027
726456,0.9995759236828318
726457,0.9995814462998278
726458,0.5063737764228297
726459,0.01181580243098639
726460,0.9979039979250304
726461,0.9391831059671516
726462,0.9139376613739867
726463,0.2970417560115172
726464,0.3332772737209882
726465,0.9987189243688718
726466,0.8925956305362495
726467,0.927271536184581
726468,0.9998468538754519
726469,0.7361000154135827
726470,0.9991136436810657
726471,0.9999722201117004
726472,0.9947844875209675
726473,0.9955008982300759
726474,0.9999742883847608
726475,0.9999434919039434
726476,0.46826283999255225
726477,0.9898905923212005
726478,0.9985387726780215
726479,0.9999246526063048
726480,0.042406104090280186
726481,0.9995949866231517
726482,0.9998493133353701
726483,0.999868372462029
726484,0.9999029906161696
726485,0.9035577439415079
726486,0.9955137538222114
726487,0.5277560694040218
726488,0.05689353343791564
726489,0.9343842798335267
726490,0.02233506079703096
726491,0.7506763774748768
726492,0.7996209436190154
726493,0.8210993906338417
726494,0.03918715701310468
726495,0.010298437695758535
726496,0.9924797094619776
726497,0.3818921643164305
726498,0.9528430380072005
726499,0.9978153355350975
726500,0.9297691924437026
726501,0.44540124591531516
726502,0.15239319929060333
726503,0.942149014574893
726504,0.9569794221191513
726505,0.1815663678371185
726506,0.5329956012787698
726507,0.20001384949526246
726508,0.507776521448613
726509,0.9993254367725619
726510,0.9999817602482055
726511,0.9994989828935869
726512,0.6533536994650908
726513,0.003191139127483078
726514,0.9998807459627042
726515,0.9995045184184992
726516,0.9994251411403212
726517,0.0352249658622544
726518,0.5750697448125286
726519,0.9999480131744787
726520,0.9997341148179567
726521,0.9825104453066471
726522,0.945927863398685
726523,0.9999707567830365
726524,0.9996551633769986
726525,0.9999251320889557
726526,0.0205687404135364
726527,0.6599990274230652
726528,0.9775373197383811
726529,0.826309151771286
726530,0.02094816344931711
726531,0.9999189946789652
726532,0.9904395775097538
726533,0.9115382415341621
726534,0.932455522983346
726535,0.9980212480832321
726536,0.9999926573814097
726537,0.9712011887970187
726538,0.8846242051928492
726539,0.9998325306558998
726540,0.7289836343757417
726541,0.685921890203014
726542,0.37992975246269123
726543,0.3167245446187438
726544,0.9999766886480406
726545,0.0032682144898161167
726546,0.9194671784417501
726547,0.06252014797779538
726548,0.9997439115043958
726549,0.8795526563260138
726550,0.9244344071025178
726551,0.9973266499596032
726552,0.8064564672540382
726553,0.1902765587719936
726554,0.09737368855490662
726555,0.9674327316775828
726556,0.37834777452596
726557,0.5029607272710809
726558,0.31334905400633634
726559,0.8980075002546876
726560,0.5138648202170377
726561,0.9965252044282327
726562,0.11284074633025298
726563,0.737264906461224
726564,0.9973695840985533
726565,0.9953427240800993
726566,0.9952693147714581
726567,0.8329542490285464
726568,0.7717932332378684
726569,0.3426168319949875
726570,0.06798210196487826
726571,0.9983193912700076
726572,0.6924320667130086
726573,0.7494304622697265
726574,0.24425417395965088
726575,0.07786393215413218
726576,0.4947645148038162
726577,0.9508464777783926
726578,0.9573667136569493
726579,0.8912491724801094
726580,0.9997298299137634
726581,0.2366419600189415
726582,0.9942106763176831
726583,0.21564164739468
726584,0.009345320688910664
726585,0.9998871225539896
726586,0.03901950236159387
726587,0.8924643115850229
726588,0.41133928609932885
726589,0.9999162238418331
726590,0.9994545821043048
726591,0.9978831951146807
726592,0.07945512910045877
726593,0.9862612882811842
726594,0.6465477694792909
726595,0.6657153648367095
726596,0.13723277175683174
726597,0.980691405014649
726598,0.9886082681547976
726599,0.9998738449742424
726600,0.346559442474338
726601,0.9518814351213821
726602,0.9984557985453326
726603,0.9808603495897646
726604,0.8506198477803733
726605,0.4693566409124481
726606,0.9985953776082213
726607,0.07818273994157628
726608,0.9227121596041539
726609,0.9993601801019785
726610,0.07972161506918159
726611,0.9999468470543535
726612,0.9780341365776327
726613,0.033775188087619985
726614,0.9989925373105557
726615,0.20363825842397695
726616,0.9997123236622227
726617,0.8836775879530953
726618,0.9995757740145081
726619,0.29604977201138294
726620,0.41049691709374403
726621,0.4927329230173386
726622,0.9993705135185519
726623,0.9042036324843383
726624,0.06539049255590565
726625,0.37526493413238166
726626,0.9992448859811607
726627,0.2941072421253601
726628,0.9995772044541598
726629,0.9998316751235237
726630,0.4920688585424693
726631,0.12703138097916852
726632,0.5478041988006687
726633,0.27043914255328566
726634,0.4743218049009169
726635,0.9997827042940807
726636,0.00493794902568316
726637,0.9982086953658528
726638,0.00303543904003682
726639,0.9857662131354181
726640,0.9081828702657435
726641,0.9993027962169243
726642,0.8042986312311452
726643,0.9999399732053826
726644,0.593177710822969
726645,0.10809183621125466
726646,0.052778520217892866
726647,0.9130127642459491
726648,0.999845970364243
726649,0.9998576804375292
726650,0.8744553960329278
726651,0.7965762375744054
726652,0.9988636958541146
726653,0.26716875206049573
726654,0.9956459012893406
726655,0.05258214100585355
726656,0.9505279701303604
726657,0.9837050526375299
726658,0.9922800810468702
726659,0.9992601919242203
726660,0.9999392972022133
726661,0.5718240081661663
726662,0.3138037632256117
726663,0.9987521396137555
726664,0.8717142565233174
726665,0.628563562580439
726666,0.8913234382140565
726667,0.9530318621623095
726668,0.9994183247986668
726669,0.9982932137304878
726670,0.2877323564706065
726671,0.9988857479573736
726672,0.9998433426992719
726673,0.9999661738233923
726674,0.6661532044084258
726675,0.9443625024172352
726676,0.9994788682490157
726677,0.9853027252928919
726678,0.9823248617377723
726679,0.3185784607560562
726680,0.9996076667300354
726681,0.3574798716531101
726682,0.9282068543015671
726683,0.5511706879815157
726684,0.9922107915256116
726685,0.9529100077462814
726686,0.6078013488092164
726687,0.3390671428990638
726688,0.9997502547121564
726689,0.9641031472236654
726690,0.08787463423311326
726691,0.03540497477896684
726692,0.9902952094500239
726693,0.9928452075318754
726694,0.9428367801475359
726695,0.048389195679558156
726696,0.9986510999955713
726697,0.9999280633173212
726698,0.9988513995171316
726699,0.9999907384482476
726700,0.9777028843236097
726701,0.9997103481389408
726702,0.9363505841801618
726703,0.8828711382344756
726704,0.04624410638889448
726705,0.26408945579626475
726706,0.998994876393971
726707,0.7723138439494491
726708,0.8960812578371409
726709,0.9944051036366461
726710,0.6819222290051391
726711,0.06320283797990577
726712,0.4782314065278017
726713,0.9998997700007163
726714,0.9634887162202297
726715,0.2889108783052974
726716,0.010036769171037126
726717,0.7903089636733751
726718,0.953476229601163
726719,0.04276346675879204
726720,0.9452262368662674
726721,0.24520600687099767
726722,0.9874557474470779
726723,0.9945681225674095
726724,0.9999635678886509
726725,0.3864636842184229
726726,0.8309807552270813
726727,0.9105257074234101
726728,0.5956264193552647
726729,0.4848334998628993
726730,0.6893777278914224
726731,0.7899995546103342
726732,0.984804942270068
726733,0.9998184514832601
726734,0.9576756343902488
726735,0.039084598545228326
726736,0.11140783522037291
726737,0.06584719520266387
726738,0.9998269466113159
726739,0.027523295019158654
726740,0.015327389689765653
726741,0.9911946175135806
726742,0.10660451692451725
726743,0.9233134589653301
726744,0.013680346687304126
726745,0.9989556429202007
726746,0.97666939732163
726747,0.7488503876815735
726748,0.9998598261490934
726749,0.07965436988644446
726750,0.9945997637754413
726751,0.1315346466364969
726752,0.9999331266990089
726753,0.3728726406466664
726754,0.9622514411888841
726755,0.9330728938539548
726756,0.9994750009628172
726757,0.9999847277333456
726758,0.005760776540958279
726759,0.7802819480421904
726760,0.37110982181522645
726761,0.8638452229702039
726762,0.9430204395638827
726763,0.9995564550815217
726764,0.9945539152222951
726765,0.004999918819908805
726766,0.40706166652708903
726767,0.00753262746584011
726768,0.999882616537638
726769,0.21874087694774647
726770,0.6352234214025999
726771,0.9992504469416705
726772,0.7824198580930481
726773,0.0072384293303694785
726774,0.9936175653050456
726775,0.9154233590364839
726776,0.9611887403639983
726777,0.011752076240175574
726778,0.19508071995942747
726779,0.003201103793345613
726780,0.9993260128859669
726781,0.9988198387585598
726782,0.019378137929876273
726783,0.9929302482585964
726784,0.9998152714497909
726785,0.9067760363130319
726786,0.018806916934818507
726787,0.9966875614972348
726788,0.9997411856922936
726789,0.941720974109568
726790,0.9988930151049803
726791,0.2700095038712853
726792,0.9961721728025628
726793,0.35527738206829174
726794,0.25154948203482047
726795,0.9504875920849885
726796,0.9985365625859716
726797,0.9944251261866734
726798,0.99981429142109
726799,0.9977127499179121
726800,0.7404163573012525
726801,0.9990670337989669
726802,0.636931856923759
726803,0.9931322774409292
726804,0.06817741699249379
726805,0.9999389906201562
726806,0.3189803399778942
726807,0.0746639514625653
726808,0.997337893022939
726809,0.9310672313383626
726810,0.3198962824428504
726811,0.6022249698612724
726812,0.024688944930592642
726813,0.9926011262806091
726814,0.9999773519319777
726815,0.998678587400452
726816,0.9873534892669468
726817,0.9922700009064226
726818,0.9999859306850647
726819,0.9908797645134173
726820,0.9981884828657052
726821,0.9999441505639747
726822,0.9210980763342391
726823,0.9976303016403325
726824,0.04780992539742657
726825,0.9966130447091258
726826,0.9858549781953297
726827,0.9999619730317659
726828,0.9999072989874248
726829,0.9967842309540691
726830,0.9999786894505642
726831,0.9766091593334529
726832,0.9710928089439244
726833,0.5372062303796978
726834,0.9998896687664109
726835,0.7641361487068223
726836,0.9998633403301694
726837,0.3111341047092149
726838,0.9850663025597229
726839,0.8055727734231444
726840,0.9999838466654096
726841,0.9963044414675233
726842,0.9949718240232275
726843,0.9966231555893947
726844,0.9999832663732956
726845,0.7802920117178311
726846,0.8953378423136673
726847,0.9983538010656099
726848,0.3664118926099345
726849,0.9998928582476613
726850,0.1500362828425592
726851,0.3351735425630332
726852,0.9995286663084133
726853,0.9973717509149626
726854,0.9967113884183285
726855,0.6118360206785508
726856,0.9941422933632598
726857,0.9999560324559623
726858,0.9997858579015872
726859,0.9081563514154651
726860,0.9999857082745656
726861,0.06914266508875272
726862,0.291661345641098
726863,0.9557313713191411
726864,0.9843342900354455
726865,0.9224554577941672
726866,0.899719074590973
726867,0.9863186840324005
726868,0.9994044305242024
726869,0.16907513619008765
726870,0.9998094431133009
726871,0.9991031362757286
726872,0.24125805100632203
726873,0.8247041444994068
726874,0.03226052004906797
726875,0.24981445870775548
726876,0.9858458960110278
726877,0.9947250713347178
726878,0.9999498775399905
726879,0.999969710570694
726880,0.01209776297473089
726881,0.7257375460180314
726882,0.5471734087596927
726883,0.4282959004654785
726884,0.6620716907380549
726885,0.04707608928022879
726886,0.9997145719638497
726887,0.9995775781534282
726888,0.9998601403650781
726889,0.5168360020591801
726890,0.052338888566361694
726891,0.6264716490367732
726892,0.9976103578213543
726893,0.8363794152558651
726894,0.9973432161185667
726895,0.9175471666162487
726896,0.5797566795337671
726897,0.9919465439511012
726898,0.999554368118446
726899,0.4382264584463582
726900,0.8453759710015116
726901,0.11122225302033428
726902,0.5918593218069008
726903,0.9929513653603038
726904,0.8716375025309505
726905,0.7753839421632968
726906,0.9877760357044808
726907,0.9998182127076107
726908,0.7180791814477951
726909,0.789514160371629
726910,0.05610472948807868
726911,0.999903139166383
726912,0.9998232436595245
726913,0.9927091627397309
726914,0.8816505700107496
726915,0.9997074888620676
726916,0.9794954144085466
726917,0.7769078897602395
726918,0.3796376826673328
726919,0.9996361895615482
726920,0.996880261391543
726921,0.9991206306784943
726922,0.6994439204269846
726923,0.998824784602355
726924,0.9958552427136288
726925,0.39675176867987266
726926,0.12306265588987633
726927,0.9766105578802321
726928,0.0661574333151551
726929,0.9770064026632856
726930,0.6868482383868159
726931,0.9958475862546026
726932,0.9999723099207571
726933,0.42977265486762034
726934,0.999845317428918
726935,0.6916287195191743
726936,0.6181217616801681
726937,0.9993250734805398
726938,0.9999676513669052
726939,0.9570125309650401
726940,0.9999622217118227
726941,0.9998982710215225
726942,0.9091536132289373
726943,0.9992552978588046
726944,0.051512160360368785
726945,0.9994244366691672
726946,0.9999931220296563
726947,0.9999685210453386
726948,0.9927200201319223
726949,0.5432065260259769
726950,0.13197662302773383
726951,0.29454777480722816
726952,0.9909760077086883
726953,0.8138274582328326
726954,0.043206109350412636
726955,0.9483291457884069
726956,0.9981890062209411
726957,0.17716526362811108
726958,0.10076317434420884
726959,0.8998570321833272
726960,0.9282952697194722
726961,0.9170070039439804
726962,0.9940915415273539
726963,0.5759425326760116
726964,0.3110787360691447
726965,0.9996176750567354
726966,0.9969185785151095
726967,0.9998314412491218
726968,0.24322805712981216
726969,0.8555667374026024
726970,0.5643210263453973
726971,0.8841741472846141
726972,0.9452171428723866
726973,0.9997429607689783
726974,0.10996283036091054
726975,0.9983491088129841
726976,0.9971293015553344
726977,0.3932565088195437
726978,0.6719640810352958
726979,0.9996891750390688
726980,0.9959941722859693
726981,0.9988138645923348
726982,0.9941327766783946
726983,0.7976507574155272
726984,0.2644958040814004
726985,0.9853641555039314
726986,0.13231768008920433
726987,0.14784899309578475
726988,0.9999572256749869
726989,0.8304948149761905
726990,0.006022657235752538
726991,0.9922125544699485
726992,0.7735284656198591
726993,0.020953600555926866
726994,0.005053743009011786
726995,0.9919611093385337
726996,0.43862884159288373
726997,0.9999817424753819
726998,0.6151025579742191
726999,0.995982671815259
727000,0.9998238630786751
727001,0.9991525118792093
727002,0.5911713425744662
727003,0.9981223745695176
727004,0.22178491821037122
727005,0.13403059574446827
727006,0.9999313378854775
727007,0.09709308283394506
727008,0.5375954588655479
727009,0.8947232612433126
727010,0.28632601173599553
727011,0.08251556087831477
727012,0.09439149065437234
727013,0.038202783449339583
727014,0.9996952106240362
727015,0.9994901207885734
727016,0.999610131573989
727017,0.5495261417163225
727018,0.9996847478482103
727019,0.9999759998897209
727020,0.40366790972295896
727021,0.07289460337852034
727022,0.9982622159143365
727023,0.999807756111992
727024,0.9850725829292264
727025,0.5862087747080307
727026,0.0037723496430148466
727027,0.014605584175942264
727028,0.9682892836455002
727029,0.1038007764477163
727030,0.24908659934707506
727031,0.9993383164088345
727032,0.9999160913550655
727033,0.005298375131575517
727034,0.489478577132971
727035,0.9999564272563455
727036,0.22711800471378613
727037,0.7773293717551591
727038,0.9994372052206847
727039,0.27500988072999516
727040,0.452089942721048
727041,0.987322795897319
727042,0.999996771847813
727043,0.9504903856694523
727044,0.029933139816211096
727045,0.9775396248496789
727046,0.6424588686801238
727047,0.9566313286020565
727048,0.7475528126964726
727049,0.9990665093085542
727050,0.9999673824273962
727051,0.5982450367214192
727052,0.7217347445938014
727053,0.9624524997820934
727054,0.885264374864412
727055,0.7688783892347263
727056,0.3743459053614705
727057,0.8415508332879077
727058,0.9996987233340022
727059,0.9495009549393182
727060,0.838676660183415
727061,0.8472419778114201
727062,0.3581724862403488
727063,0.7327874467704625
727064,0.9998739628077832
727065,0.9989886096716829
727066,0.9998677597697238
727067,0.9916660195362679
727068,0.649051890404493
727069,0.5943024479663045
727070,0.9745233351313667
727071,0.9903309520144128
727072,0.4406155807234814
727073,0.9999735672090779
727074,0.004933230930346948
727075,0.9975076387246011
727076,0.035733274101658996
727077,0.9674017845011821
727078,0.9998460222585819
727079,0.9989481583736566
727080,0.9953282732637243
727081,0.0064455127145046295
727082,0.9973504098596959
727083,0.02336531017911917
727084,0.981421657465658
727085,0.05764286153155733
727086,0.6807683705573893
727087,0.7139868324563334
727088,0.8707381461422034
727089,0.7070662627513254
727090,0.5231491500358938
727091,0.9972355670196386
727092,0.9453531500492616
727093,0.9950145436524094
727094,0.6068852517430492
727095,0.9939942071055605
727096,0.9985386172140729
727097,0.009281534948095431
727098,0.5457180894281087
727099,0.8876690271261559
727100,0.9993788179005979
727101,0.7311543021717883
727102,0.46857588754516577
727103,0.9985177003415366
727104,0.5634823626214049
727105,0.9998020341024326
727106,0.845013348259332
727107,0.9994853039529119
727108,0.9990374618515117
727109,0.9964542748099264
727110,0.9999678982159592
727111,0.9028816272081
727112,0.9999580099247962
727113,0.03351360249699704
727114,0.07152237662399386
727115,0.6207167801792245
727116,0.9995185913076488
727117,0.6882044439189923
727118,0.11688229964724084
727119,0.9674720316636372
727120,0.5599697310975249
727121,0.5315369562873247
727122,0.9997761020191271
727123,0.9998269547625436
727124,0.9728179630000007
727125,0.6337368346451734
727126,0.026412699866230942
727127,0.9827061288099808
727128,0.5673694544754636
727129,0.005395323169210957
727130,0.9351533398118226
727131,0.9957822587682068
727132,0.15547739243304576
727133,0.9997652118264398
727134,0.028382099933053948
727135,0.7189659882505973
727136,0.9998300690460742
727137,0.8087154536826142
727138,0.2778937012554627
727139,0.138270963763566
727140,0.9998877850229484
727141,0.5906501360291779
727142,0.9946899272076414
727143,0.005613420293265771
727144,0.526354602073049
727145,0.9999890504718708
727146,0.9831999213382218
727147,0.999974941672414
727148,0.9030966975535717
727149,0.9994602778962741
727150,0.683817069419386
727151,0.9998940990121182
727152,0.5079013974074917
727153,0.7517993932972584
727154,0.9999100248621093
727155,0.04941846342026336
727156,0.551768940177431
727157,0.98489086083804
727158,0.9732899386671552
727159,0.9990398755297878
727160,0.9677270517593032
727161,0.9999407859626841
727162,0.027645014111672157
727163,0.8887548629185199
727164,0.658090118683658
727165,0.9996853486572163
727166,0.018004972860536397
727167,0.15717572567611995
727168,0.8167929740974667
727169,0.8932004670572049
727170,0.9996127051668364
727171,0.024572165003360284
727172,0.9991554997537042
727173,0.9933260126969005
727174,0.7567565465970436
727175,0.025575975538788816
727176,0.889537543910842
727177,0.999406161428189
727178,0.0654086957413261
727179,0.09346160255537908
727180,0.8456483747061767
727181,0.9989280619189718
727182,0.9946165552942943
727183,0.428894785506809
727184,0.955603040895877
727185,0.994109030058102
727186,0.38005248807152275
727187,0.010988774244372505
727188,0.9682076365240061
727189,0.9459687541054717
727190,0.9993937244499933
727191,0.9494032739105572
727192,0.19261239382979864
727193,0.7975098450343493
727194,0.9931803988387565
727195,0.9363601583947445
727196,0.6036357628930983
727197,0.9804768118519092
727198,0.8481903254350958
727199,0.7494135148783014
727200,0.9997140997860869
727201,0.9302323322788577
727202,0.9994837331567047
727203,0.999887609010246
727204,0.8885324626948364
727205,0.25826127339842037
727206,0.972712490827947
727207,0.9998089445794368
727208,0.5191813887649601
727209,0.6261454596482292
727210,0.06573697689583272
727211,0.8922807740248706
727212,0.999737427057428
727213,0.9796464799257151
727214,0.47360426474708217
727215,0.1706890604122009
727216,0.3525126087808541
727217,0.9996734644081772
727218,0.9998488010345655
727219,0.9977807197928713
727220,0.9999923975931904
727221,0.9988550844161319
727222,0.9996225022467345
727223,0.9947026290984495
727224,0.9993177947230445
727225,0.9866157288643902
727226,0.07347110374841677
727227,0.9999141095847435
727228,0.5357375142975136
727229,0.9972523378906577
727230,0.9968702349134644
727231,0.22100926627865708
727232,0.1401178424810785
727233,0.9998110933301632
727234,0.9338304606226946
727235,0.9997588934396875
727236,0.9998987636102474
727237,0.9973873849922162
727238,0.9989963470406708
727239,0.9999275714643594
727240,0.9895643408107359
727241,0.6461357420607623
727242,0.03788522913054367
727243,0.9745294939140342
727244,0.12709147223630185
727245,0.8708086752249525
727246,0.996502768898134
727247,0.9992964805230047
727248,0.9999941551371816
727249,0.9979441017946861
727250,0.07699199771982332
727251,0.21096850021414676
727252,0.0059996740862242656
727253,0.6441880209614623
727254,0.992371311583088
727255,0.2079678273118588
727256,0.49405414161767014
727257,0.15265336368231555
727258,0.8568976491401272
727259,0.18767313751231024
727260,0.14874459512840948
727261,0.9999385416816056
727262,0.9995541935124632
727263,0.9999834488875146
727264,0.9952129107430627
727265,0.6024580165832832
727266,0.9932055118173708
727267,0.025129904259705255
727268,0.9989543882167007
727269,0.9979255857824448
727270,0.009967662833209948
727271,0.9834514339112574
727272,0.9997550319316482
727273,0.007226966021213636
727274,0.7514723412344281
727275,0.7844727396049461
727276,0.021374736658843367
727277,0.9944671432317045
727278,0.04149442223073251
727279,0.9749294767819598
727280,0.9999426871511553
727281,0.9999958595842672
727282,0.9900022397744226
727283,0.15959622378069552
727284,0.9918562295554226
727285,0.33271959897838554
727286,0.8433330250535434
727287,0.34767584560378695
727288,0.007062013051465874
727289,0.7347559688513478
727290,0.40708281777246835
727291,0.9985175612057886
727292,0.998714039166287
727293,0.9977692129568312
727294,0.980654777151839
727295,0.9994697720503034
727296,0.9998987893102647
727297,0.03253674545354252
727298,0.997619618337024
727299,0.6106508127492989
727300,0.989553453202961
727301,0.9999421663166788
727302,0.9993943563436936
727303,0.9876603739064276
727304,0.9992015227325917
727305,0.9996252710222902
727306,0.04633293455562551
727307,0.937838179434016
727308,0.9952919767864776
727309,0.9091821553077573
727310,0.9874977294629093
727311,0.9400520923583444
727312,0.22086405537092657
727313,0.5829574158629109
727314,0.9988971386970441
727315,0.6758587769213981
727316,0.5977459875535708
727317,0.890026635363188
727318,0.10538682461399534
727319,0.9998074873780036
727320,0.9970074886402231
727321,0.9215174456673315
727322,0.9984901125724192
727323,0.998205198740502
727324,0.9998175451513549
727325,0.012813178448980937
727326,0.9303927454960778
727327,0.23790767843014993
727328,0.9643189997999606
727329,0.10917210273315467
727330,0.9996991625560886
727331,0.07243224186481124
727332,0.6836360563336444
727333,0.03520835183410422
727334,0.9991693230584829
727335,0.9999619767531502
727336,0.10467468258943705
727337,0.10218297229785249
727338,0.999715624783571
727339,0.9621790496396818
727340,0.903588724061409
727341,0.9969842782432108
727342,0.03571143303843303
727343,0.9996523816724945
727344,0.5631210166581188
727345,0.9985372962460974
727346,0.9992485446288618
727347,0.9998074875729539
727348,0.07342061801294064
727349,0.022872209660505613
727350,0.9894862936445534
727351,0.999716197231288
727352,0.9947461279212482
727353,0.9995715269172647
727354,0.1054326037288214
727355,0.9817172845287627
727356,0.6023887298723233
727357,0.9921709533761942
727358,0.9994623066008285
727359,0.9870251706735866
727360,0.9814814911048779
727361,0.1058836228758035
727362,0.04058383781494715
727363,0.9999644524487581
727364,0.985911165016176
727365,0.6866286952819749
727366,0.0015703156549160165
727367,0.9305206669178051
727368,0.6916830112722547
727369,0.9874025877302115
727370,0.9723216605930545
727371,0.8371094790359528
727372,0.010993370461677674
727373,0.895353056867918
727374,0.9925027810610121
727375,0.7857880104370025
727376,0.9051057468247705
727377,0.15786083711735252
727378,0.9999771087980509
727379,0.9999260837481675
727380,0.9963210722512649
727381,0.9988033045670519
727382,0.9998825470150862
727383,0.9455730180097973
727384,0.9414520342034535
727385,0.8065520979356245
727386,0.06194850965426491
727387,0.9985316482112634
727388,0.09164601282434978
727389,0.9927435554138595
727390,0.9972171985191458
727391,0.16032123852091734
727392,0.018251859544548173
727393,0.9997632391917182
727394,0.9993225372301938
727395,0.07581032967163995
727396,0.9988270126592595
727397,0.9999890569671978
727398,0.9993170515481531
727399,0.517597860132871
727400,0.8592050925406074
727401,0.9998796289516554
727402,0.9949428863096645
727403,0.9242319464233054
727404,0.9763291990997066
727405,0.3037389675045484
727406,0.9859970214743767
727407,0.9999474636274435
727408,0.9999608100133891
727409,0.39078481670462306
727410,0.9998785108726816
727411,0.9692740336941639
727412,0.018452363096254042
727413,0.06941817391423191
727414,0.5452088963345962
727415,0.288529850297119
727416,0.996749381207529
727417,0.3072554383668862
727418,0.9999161092192136
727419,0.08204537933813978
727420,0.999603223707275
727421,0.9983951858232395
727422,0.9679776552701201
727423,0.2682499836875991
727424,0.7704681569290748
727425,0.999881984415063
727426,0.8695692199768055
727427,0.9753095384405968
727428,0.4228006129617219
727429,0.9996470193079867
727430,0.1797897534749711
727431,0.9995350223046373
727432,0.19893941056636588
727433,0.8637991985677717
727434,0.008802564690024668
727435,0.21030460365136439
727436,0.29753302290828587
727437,0.9676165648345947
727438,0.9994010035688304
727439,0.9747269004621069
727440,0.9999277036906935
727441,0.9371936525862491
727442,0.9990571690218658
727443,0.6917631239306463
727444,0.9998304803839174
727445,0.8195784720796391
727446,0.2921065808322115
727447,0.6468587115233748
727448,0.9176225691803399
727449,0.7089149713739359
727450,0.2589011214818762
727451,0.9999540292404486
727452,0.995977886826162
727453,0.4991012748320931
727454,0.059325584003108486
727455,0.9998886437508945
727456,0.9997309124780589
727457,0.9962398862446956
727458,0.8567009333025721
727459,0.8531054471408729
727460,0.9586844799702038
727461,0.04414820787278019
727462,0.999926785501825
727463,0.0628672378161092
727464,0.6212360986563471
727465,0.22985972457428003
727466,0.008485417304408603
727467,0.4379864561120399
727468,0.5686151807025286
727469,0.9738271378628841
727470,0.9995862898841508
727471,0.9997548869431601
727472,0.0881258176148044
727473,0.9963076766732416
727474,0.9999606656110587
727475,0.9729082571846919
727476,0.36090352784714563
727477,0.999752780448838
727478,0.9155036762029582
727479,0.9998920220148948
727480,0.760467845828835
727481,0.9998463607349407
727482,0.7002651427791421
727483,0.9997229827483736
727484,0.789830144381277
727485,0.7579080819810389
727486,0.7687970300918157
727487,0.5751150679535459
727488,0.4618145860252191
727489,0.9985168120168015
727490,0.08810967438089402
727491,0.944681070083953
727492,0.9999346869822608
727493,0.9936167031712904
727494,0.998563706084834
727495,0.5440229537944097
727496,0.9999722972865049
727497,0.9996524983932582
727498,0.08140778790722311
727499,0.9453826701899
727500,0.8688853391165002
727501,0.7638644846486667
727502,0.728386856398993
727503,0.9996842283220269
727504,0.9974305709512876
727505,0.8721427190279724
727506,0.9993990473566778
727507,0.3700316975084378
727508,0.7434420929182359
727509,0.6337853228800889
727510,0.9455309542648453
727511,0.9953036441604795
727512,0.9996671714212704
727513,0.8781990941845689
727514,0.2505168608243468
727515,0.9963540237149644
727516,0.43558344901862256
727517,0.8404983435462532
727518,0.09771834465406701
727519,0.9991419366811638
727520,0.9959748796452985
727521,0.10744870221358661
727522,0.25598822686295925
727523,0.9996849769844314
727524,0.63290808472762
727525,0.999378474121654
727526,0.8205418128367368
727527,0.8370711692825386
727528,0.8754898618142026
727529,0.9988024969939762
727530,0.9197311459682775
727531,0.8205194605324115
727532,0.9935487908423238
727533,0.999155394787731
727534,0.25099390984519165
727535,0.4815435704762667
727536,0.9980624833181078
727537,0.9141773277687809
727538,0.9963848353688485
727539,0.4126288442368172
727540,0.06401115947229762
727541,0.8838587369922337
727542,0.26393956981148636
727543,0.9998581655237542
727544,0.7526488799323454
727545,0.5629009599016151
727546,0.8288440137465766
727547,0.9961800210384111
727548,0.9989766562066078
727549,0.21324168008409544
727550,0.9998531810329676
727551,0.79320702512264
727552,0.18514613512499561
727553,0.6988647506981367
727554,0.9995991045005459
727555,0.3381962754872507
727556,0.6542165462754649
727557,0.9999878434854969
727558,0.9982409042559963
727559,0.10243367252103949
727560,0.9868866046152369
727561,0.9991473032663458
727562,0.436370106801272
727563,0.8162799622519595
727564,0.813596667296733
727565,0.22774474549580512
727566,0.42597727529811225
727567,0.952494402378026
727568,0.9993836873443079
727569,0.056346989984080664
727570,0.9972534165143813
727571,0.6505346003470002
727572,0.7076346742052901
727573,0.999845125136795
727574,0.8700724144504671
727575,0.9999518412850548
727576,0.9422239765261187
727577,0.9058171858930395
727578,0.9996173076685185
727579,0.999899292115829
727580,0.9995489595853506
727581,0.9696585106888242
727582,0.9245399689289896
727583,0.9855569575640406
727584,0.999824015783852
727585,0.5258561614335343
727586,0.9999433651736922
727587,0.3087808121076646
727588,0.9964053068266644
727589,0.07337167097839184
727590,0.8893989159814149
727591,0.06156526969598729
727592,0.03448460663180868
727593,0.3764242781511934
727594,0.01675657093438093
727595,0.9995785796667946
727596,0.12544452423294974
727597,0.9999156049730836
727598,0.045277092652328974
727599,0.05033799258081138
727600,0.9938208035129406
727601,0.9999179212680258
727602,0.9997611906832184
727603,0.999857523228183
727604,0.9999713357616902
727605,0.5020444535812567
727606,0.9965242528456946
727607,0.08862635577735098
727608,0.3912692186512162
727609,0.9999575065359583
727610,0.9975786214198279
727611,0.8623149380541874
727612,0.09685724690926556
727613,0.9986464107873121
727614,0.8199527181187585
727615,0.7461710969586416
727616,0.999931893232677
727617,0.9999326010912869
727618,0.9964601235114987
727619,0.9983902519528668
727620,0.8146100168557124
727621,0.6009704452087057
727622,0.8992092749424166
727623,0.9826221405564532
727624,0.9998813685228867
727625,0.6133983485730891
727626,0.9974831413718487
727627,0.2765882423693607
727628,0.9999735025593298
727629,0.9819357054210085
727630,0.9976433387820706
727631,0.9995725252164362
727632,0.9565175327746003
727633,0.9864286701279805
727634,0.9983464150466075
727635,0.999959622878934
727636,0.9948645201290156
727637,0.9988966846671667
727638,0.9897312304514607
727639,0.13895885193697596
727640,0.9975830369111355
727641,0.9947059416939432
727642,0.9984061651482824
727643,0.5446266857080898
727644,0.945916633094869
727645,0.9964594097623242
727646,0.9954523343813665
727647,0.9944432721203927
727648,0.0013317225421741181
727649,0.9997333768334855
727650,0.06632677258007334
727651,0.15489943207202367
727652,0.5925943672425443
727653,0.9934285514659325
727654,0.721357013988221
727655,0.3894008906439193
727656,0.9702854552323608
727657,0.7185208042796596
727658,0.3684359405220837
727659,0.4855661074608948
727660,0.9998970093170102
727661,0.9997991938758573
727662,0.9999283345028752
727663,0.9987589017447586
727664,0.9995214779635324
727665,0.8997003818332259
727666,0.9998062068204432
727667,0.9986606726506395
727668,0.030094910748653263
727669,0.9993526898311675
727670,0.9999491903337036
727671,0.9993658907160476
727672,0.6549045202043333
727673,0.999627081023678
727674,0.9997925140616897
727675,0.9912414796813938
727676,0.6542871172715995
727677,0.7344582631841814
727678,0.2915812486661528
727679,0.8232847594447987
727680,0.9714311614152138
727681,0.9473544375465993
727682,0.999424205338943
727683,0.9997859321931719
727684,0.9999137899133959
727685,0.999959898618701
727686,0.9995462231784977
727687,0.005874465195381173
727688,0.9953607917446359
727689,0.4559047008168412
727690,0.9969652607477023
727691,0.8377731010232239
727692,0.9351404602902076
727693,0.2832156936599185
727694,0.999988291832839
727695,0.9710640386063232
727696,0.3954771196514374
727697,0.9983298460784902
727698,0.9512550227209375
727699,0.7674367966764006
727700,0.9996768507233907
727701,0.9874651518966184
727702,0.730487512016907
727703,0.9965414039196498
727704,0.9994014868279323
727705,0.049584318022712265
727706,0.02500468476485701
727707,0.947930076467295
727708,0.16216263782064141
727709,0.15775716244766239
727710,0.6900169212075397
727711,0.1778547293574586
727712,0.005110683006065503
727713,0.0038263679952065194
727714,0.7970052170865423
727715,0.9723932600531825
727716,0.011477714645138672
727717,0.9814457989388938
727718,0.3105479075139237
727719,0.9434390146145173
727720,0.8728552326944943
727721,0.12692773456223672
727722,0.6329218734239072
727723,0.010158225621880956
727724,0.9995196132882957
727725,0.8419818396967087
727726,0.9999891059129116
727727,0.403752312198176
727728,0.903289078339192
727729,0.9989906048469392
727730,0.9951377486660065
727731,0.9997460348485355
727732,0.5050178852808822
727733,0.999884945171365
727734,0.7739138855486307
727735,0.9999209268521225
727736,0.999455495861264
727737,0.9882134309102393
727738,0.016732048171336868
727739,0.03528813633066169
727740,0.132438531431125
727741,0.9036878120462057
727742,0.949555773675254
727743,0.8427383878284674
727744,0.9998901863564316
727745,0.016827027816021127
727746,0.46536251356551084
727747,0.9911704026740326
727748,0.9836009245331176
727749,0.9955886319894864
727750,0.9998355655126943
727751,0.48885085952840535
727752,0.5934539838622915
727753,0.610213518603009
727754,0.45209126654839316
727755,0.9985882740801794
727756,0.4294631233572746
727757,0.3003767545112037
727758,0.9974545357217981
727759,0.04443512157577195
727760,0.520422054946897
727761,0.9997430426176772
727762,0.25006716083596514
727763,0.5931279747499928
727764,0.9984657890618466
727765,0.5575559080352895
727766,0.12359144464175141
727767,0.9978874253607408
727768,0.9162889672943496
727769,0.30906169894016017
727770,0.9998692856312658
727771,0.14514952598019373
727772,0.9861569882008363
727773,0.374726193715025
727774,0.9910942460898877
727775,0.08630087124625932
727776,0.9998790408930109
727777,0.9893852501362286
727778,0.8046287234940299
727779,0.999933763977354
727780,0.9989531228036574
727781,0.9959201283602797
727782,0.8240199348055085
727783,0.5358691743396039
727784,0.5338510896479206
727785,0.9348481470863388
727786,0.22459865785323851
727787,0.054056105386204145
727788,0.9994684904831371
727789,0.9998306321683406
727790,0.757103398168022
727791,0.9829840660734794
727792,0.9998653584186036
727793,0.9889072933938438
727794,0.98566245813582
727795,0.9976215687257506
727796,0.24571255156416333
727797,0.858183514960936
727798,0.9999084307627698
727799,0.4982528826789292
727800,0.9819860630255984
727801,0.8984325005005604
727802,0.9977797299914801
727803,0.7493955999963382
727804,0.9606977070389245
727805,0.9880381867441483
727806,0.9657981604576902
727807,0.9872419056861903
727808,0.3723060529638633
727809,0.7568023576613512
727810,0.9385843881644662
727811,0.17663422772788484
727812,0.9973683555925956
727813,0.9594390993078088
727814,0.5980846504607843
727815,0.07325642406797488
727816,0.016305940539818663
727817,0.9997690901767466
727818,0.016993615679317387
727819,0.998232045647818
727820,0.45899019213530745
727821,0.9980852421027248
727822,0.9995083788607985
727823,0.04132926942867935
727824,0.999835718007216
727825,0.9822109085350252
727826,0.9542970052588452
727827,0.1266680893840935
727828,0.9875662058903751
727829,0.16846201845738273
727830,0.9976614601966753
727831,0.9978396013432085
727832,0.9998768892477845
727833,0.9997974834817016
727834,0.9405766111961794
727835,0.03307736580108985
727836,0.6912378321253316
727837,0.9986099273363418
727838,0.9998574631732441
727839,0.22506926486271275
727840,0.9999263140913357
727841,0.859971664066532
727842,0.9891419454147143
727843,0.8908326965786059
727844,0.7833985597334929
727845,0.0034988999599849546
727846,0.8105222515048995
727847,0.9996841325118689
727848,0.5804476457136879
727849,0.9980078589382577
727850,0.9996575438461179
727851,0.5075791092335368
727852,0.029953423302169834
727853,0.3853883546268333
727854,0.14170726486712193
727855,0.8997718377526447
727856,0.7957176225021219
727857,0.6986536171162935
727858,0.9373074375033905
727859,0.9996497642743686
727860,0.9974488048765616
727861,0.9989047264379041
727862,0.057172807550258206
727863,0.9964855098446614
727864,0.10455149990346654
727865,0.975514066550137
727866,0.9993889021846168
727867,0.41949779691552447
727868,0.9997392835232461
727869,0.9976410872255412
727870,0.28183928498555055
727871,0.43605047389531093
727872,0.9995140549723753
727873,0.9617750979214472
727874,0.9999861995286554
727875,0.9996957901248094
727876,0.9995796832222713
727877,0.2112173810077414
727878,0.8803073757645472
727879,0.9913718167488902
727880,0.6775120133959032
727881,0.9955154171054375
727882,0.9999195137448111
727883,0.9994475392102632
727884,0.985632877909326
727885,0.6692285582014339
727886,0.9985266305105502
727887,0.9995900994915635
727888,0.9981295014968041
727889,0.9799958422579382
727890,0.7976481391073142
727891,0.08680833068865883
727892,0.8313646052402859
727893,0.2813528966438602
727894,0.999315928579531
727895,0.28463733897796273
727896,0.0550011976806655
727897,0.9755916526664743
727898,0.8064946891994144
727899,0.9966519391289326
727900,0.8977108017925818
727901,0.9999813605204466
727902,0.4252937416090715
727903,0.7790564569955167
727904,0.3258509069625157
727905,0.9842330953332895
727906,0.014997603420927048
727907,0.9865289099296568
727908,0.8721269099120466
727909,0.05824711457526634
727910,0.07515291709270858
727911,0.04491182904634707
727912,0.8480671365919525
727913,0.999560946624739
727914,0.08322638479403992
727915,0.9997327952331295
727916,0.9999925217318791
727917,0.9999504221944328
727918,0.9997857090450988
727919,0.44006121772683393
727920,0.33508124942721224
727921,0.023889931235804913
727922,0.7592607632672068
727923,0.9998926220116399
727924,0.714812985025699
727925,0.6885862933743447
727926,0.3969569914068032
727927,0.9989526835560048
727928,0.6450249767665854
727929,0.004588507016766813
727930,0.09633922023046744
727931,0.45270427665875923
727932,0.9001511390570331
727933,0.99309525789541
727934,0.842228524926526
727935,0.6443631228296292
727936,0.04405613539167302
727937,0.3565777537075705
727938,0.9999083423255353
727939,0.9880097851856082
727940,0.8615356367418199
727941,0.961029964219404
727942,0.7367733106940684
727943,0.010780981295861306
727944,0.9929783606527667
727945,0.9998592232288791
727946,0.384095192131168
727947,0.5169136593774774
727948,0.8754041984284797
727949,0.0953796010549045
727950,0.6136003715360577
727951,0.9998308824623071
727952,0.9539670170236257
727953,0.9033386646762678
727954,0.5943738743182361
727955,0.9256188151071264
727956,0.9987241632950423
727957,0.2889046166366667
727958,0.9998422316491204
727959,0.9990718432309643
727960,0.9999919661317491
727961,0.9998898582932698
727962,0.9912578322086897
727963,0.9952078914538472
727964,0.9483578371742627
727965,0.6359069285911515
727966,0.9891897691196012
727967,0.9983227213419773
727968,0.7322174962616546
727969,0.881008417087264
727970,0.5982780799866874
727971,0.16291544023596188
727972,0.99542948531299
727973,0.991207753583049
727974,0.8962978259279559
727975,0.9994106117473986
727976,0.11925601493116188
727977,0.6818153978283035
727978,0.999923908765842
727979,0.9988976502019542
727980,0.48692500054718607
727981,0.026444771793400993
727982,0.9993369397332701
727983,0.9999747354673616
727984,0.9819379821154175
727985,0.5469197466041689
727986,0.6140666252038015
727987,0.0604382077086338
727988,0.01616694738384226
727989,0.9834608576038452
727990,0.9999785311625388
727991,0.3782874572294312
727992,0.9999567424761661
727993,0.9896374428063769
727994,0.01590050323319797
727995,0.5921763844743797
727996,0.5285657579686512
727997,0.004179885383623523
727998,0.027318159765083515
727999,0.34491275235475305
728000,0.9989063697017235
728001,0.999905852494202
728002,0.9995183613029586
728003,0.9999154451487122
728004,0.9998691705402472
728005,0.9988091887856426
728006,0.9819305943999146
728007,0.9998790887447417
728008,0.9871921788895179
728009,0.9115468915486646
728010,0.9995040269822011
728011,0.16137101609134893
728012,0.9993218833085173
728013,0.9957155281062551
728014,0.995466621674232
728015,0.5900996770148341
728016,0.8332275038202008
728017,0.11336104960176477
728018,0.9079424286748266
728019,0.9916219123881163
728020,0.04107500449522461
728021,0.9700936647657574
728022,0.9901543106478411
728023,0.27024263865137116
728024,0.010704504912506555
728025,0.20402824584197354
728026,0.7836689042588186
728027,0.019780310718979
728028,0.640530713785854
728029,0.33056358717897727
728030,0.9964223756729609
728031,0.010468728253228778
728032,0.996551240705063
728033,0.9999812129136584
728034,0.6356835896980817
728035,0.73696175548649
728036,0.022273872734006033
728037,0.5983121912112355
728038,0.08160440370396073
728039,0.4328188540612985
728040,0.9989108733939726
728041,0.9975604253355099
728042,0.9998761390253368
728043,0.9961534747181531
728044,0.019395490785914273
728045,0.7080835312556759
728046,0.9996260779075467
728047,0.9975644905045501
728048,0.19249270164235138
728049,0.8626774301962543
728050,0.3764257455453011
728051,0.9999350770407108
728052,0.9761470064628117
728053,0.9995151926839934
728054,0.8376167312712588
728055,0.8871938067896405
728056,0.9858342369499389
728057,0.9996389330032263
728058,0.9950972697022612
728059,0.9976047541408862
728060,0.9999848186650577
728061,0.9998766157509389
728062,0.9997697751340713
728063,0.6029909270587911
728064,0.6767240351275459
728065,0.9639214055698211
728066,0.8674631966380613
728067,0.6013548855926596
728068,0.06934431871187961
728069,0.5213086874643243
728070,0.9405835304503753
728071,0.024429365310678016
728072,0.9996647545026126
728073,0.17311781086040548
728074,0.9968304977798043
728075,0.7624093023572788
728076,0.8312792937764689
728077,0.7752547030574682
728078,0.9993376166519651
728079,0.7945029771441952
728080,0.9998659610502261
728081,0.9533823308900709
728082,0.980546117245092
728083,0.40101882944299816
728084,0.9796656392884171
728085,0.9904968851072088
728086,0.11497018753593713
728087,0.9977399257092396
728088,0.7812315279327111
728089,0.006093051172119676
728090,0.9997251683838948
728091,0.04935550025573875
728092,0.5939139326879566
728093,0.9997410573894354
728094,0.5416952722622913
728095,0.6353374244896111
728096,0.9997592268194531
728097,0.6519880765992736
728098,0.16874519235687158
728099,0.9989424060876683
728100,0.15570524224112356
728101,0.4618298687342748
728102,0.5518161089007992
728103,0.20026681796487697
728104,0.9929037566546635
728105,0.09846742015954284
728106,0.9997932235908964
728107,0.060901924958292955
728108,0.39534070940945354
728109,0.44881391717081487
728110,0.9999010786023497
728111,0.7892194188206595
728112,0.9913724666360959
728113,0.6210264349764313
728114,0.9989742171687077
728115,0.359697401361638
728116,0.8328837312470821
728117,0.7852432051722174
728118,0.1967083548444546
728119,0.9989466620978136
728120,0.7455157544883109
728121,0.9978415733317464
728122,0.10816798828725696
728123,0.8879352018332543
728124,0.6921141276733869
728125,0.2971675855894376
728126,0.28758127530257727
728127,0.9973686170453963
728128,0.5701299266040741
728129,0.14437144369316166
728130,0.22920022615544194
728131,0.04332536785554496
728132,0.08943630787602255
728133,0.1321975051231415
728134,0.9557588809120255
728135,0.05036450652875363
728136,0.7631178332966843
728137,0.626583727869169
728138,0.9996615326149005
728139,0.9998428651461957
728140,0.2359739932277004
728141,0.9997343528181724
728142,0.9953615669468663
728143,0.9931423488065041
728144,0.9989640968419964
728145,0.997868270112239
728146,0.9566141105769043
728147,0.7201240608440995
728148,0.5608345869168774
728149,0.9962635516505429
728150,0.8943603263675413
728151,0.0009165469849407575
728152,0.025161592284433522
728153,0.9402955561410722
728154,0.992275398482094
728155,0.9969726739770394
728156,0.12404972385320268
728157,0.6986800111712945
728158,0.0016007733747211883
728159,0.7116665156914457
728160,0.9998658200503197
728161,0.9524940004798381
728162,0.9931302789591905
728163,0.19987529956564803
728164,0.45419228302745207
728165,0.42917860080449854
728166,0.8382963593848307
728167,0.9999809963377032
728168,0.9937772112879235
728169,0.6388540321144787
728170,0.21105286269453263
728171,0.03142018747040655
728172,0.6138496003037918
728173,0.9943483439105001
728174,0.9991380018665666
728175,0.20607388427979123
728176,0.957755935221023
728177,0.18323431947397417
728178,0.02202861692651462
728179,0.9994862486595364
728180,0.048468908072617424
728181,0.999786588077061
728182,0.9979717065830422
728183,0.9926235316011622
728184,0.9964069939761602
728185,0.970240281123868
728186,0.33369079766830345
728187,0.5390138031963699
728188,0.9999499197863652
728189,0.72767000215976
728190,0.7010847577459062
728191,0.9848507426498694
728192,0.9905743353848507
728193,0.032023936225158214
728194,0.9960238937411745
728195,0.540124868083365
728196,0.9914166860307838
728197,0.9998728618771927
728198,0.21485286104168272
728199,0.24329206150915042
728200,0.9997704381301554
728201,0.999972330340537
728202,0.999896818847228
728203,0.9998691869750403
728204,0.9999355077149852
728205,0.950194535419757
728206,0.5382711876006125
728207,0.995174056301471
728208,0.9995838731989877
728209,0.8340926790876644
728210,0.026743473731647108
728211,0.7255936481936316
728212,0.9939318885513154
728213,0.9940169419661813
728214,0.7757870200668016
728215,0.9495254828053477
728216,0.5491592479047974
728217,0.09031564658395934
728218,0.09070875825429969
728219,0.9721157189549697
728220,0.26342528341158866
728221,0.7660614622381892
728222,0.1086980828173004
728223,0.9996632236089259
728224,0.6453916235153017
728225,0.31339975439564394
728226,0.9539131748977138
728227,0.7373216730134352
728228,0.09851121883491207
728229,0.9923733343304779
728230,0.7421390708002018
728231,0.9570103410369637
728232,0.9321829098298597
728233,0.9402430335989607
728234,0.08966206996344028
728235,0.08231691313934474
728236,0.014077951382552422
728237,0.9976030944174454
728238,0.8852866846567975
728239,0.9993572227834329
728240,0.9997569555762937
728241,0.9997866386411354
728242,0.9800500401142788
728243,0.07435232297133652
728244,0.03495370094177856
728245,0.9493155804044378
728246,0.36398205030943426
728247,0.9958882215501993
728248,0.9941964688875555
728249,0.9999645750654695
728250,0.9765537652783105
728251,0.9999829716015332
728252,0.9997094034635365
728253,0.999310133999522
728254,0.9874708849554363
728255,0.1861145131737136
728256,0.5120439289026792
728257,0.9108056302257577
728258,0.8943637341725388
728259,0.9993436564825142
728260,0.9993313268603173
728261,0.9418839432887186
728262,0.8616036871277429
728263,0.9992368076229077
728264,0.2644451614231516
728265,0.9992283051051302
728266,0.16767698376948825
728267,0.04822342798166436
728268,0.9961867983419768
728269,0.9982758494587434
728270,0.754334859240855
728271,0.44457127463919244
728272,0.0020632789657185823
728273,0.3599882890034338
728274,0.36002963797160925
728275,0.035584254919352534
728276,0.9999087554601505
728277,0.9991020254167002
728278,0.22306057052998396
728279,0.9994961736351332
728280,0.015081249695966525
728281,0.9689637178293955
728282,0.9999904221963918
728283,0.9973144748783189
728284,0.9998399204010735
728285,0.9999314336539484
728286,0.4709353373299495
728287,0.9993959641013677
728288,0.8043604265090083
728289,0.8425895942290249
728290,0.9388353557748536
728291,0.9982439136751611
728292,0.9982693471788491
728293,0.7457396422509102
728294,0.8492324091103628
728295,0.999825451933887
728296,0.1736726073522693
728297,0.8389931404909874
728298,0.9997025727833524
728299,0.9995077001743176
728300,0.9999362034171948
728301,0.9995098788615028
728302,0.04814481653830128
728303,0.9996829782247627
728304,0.018281398542462846
728305,0.704181666993572
728306,0.6644492452133322
728307,0.8846699930189914
728308,0.9985708555229289
728309,0.9999700586568097
728310,0.9847343736720657
728311,0.8095905436345628
728312,0.060137032497177056
728313,0.9992476999289521
728314,0.9998877758640374
728315,0.025822437920918623
728316,0.88266526758235
728317,0.9997956387894142
728318,0.9999951408984148
728319,0.9980558509979369
728320,0.011150541349109649
728321,0.42810593341973613
728322,0.0112186728049519
728323,0.9920234555714458
728324,0.9883902365465013
728325,0.6643542802167597
728326,0.03429149810218871
728327,0.9998747854047876
728328,0.8661506302905668
728329,0.9995450756121239
728330,0.2237130646574944
728331,0.028234120092990405
728332,0.9366974810821485
728333,0.14669058963707918
728334,0.12324165003739956
728335,0.8426251784146815
728336,0.9608230984957695
728337,0.9831124528235307
728338,0.05055132092649873
728339,0.9125027122402014
728340,0.6386828840797226
728341,0.5895502514024389
728342,0.9891140607874761
728343,0.2787216999673101
728344,0.9320100504523497
728345,0.9999633621133568
728346,0.5384945635899442
728347,0.6626718653832815
728348,0.6241281543889816
728349,0.7804415126292477
728350,0.9999611676417575
728351,0.9966952619055454
728352,0.1459100455352737
728353,0.999977857009581
728354,0.999754196894247
728355,0.9998794657922321
728356,0.8364945496760519
728357,0.7143084543073073
728358,0.007245098985250416
728359,0.47510728157719034
728360,0.9855977869820387
728361,0.2722724127479679
728362,0.9998084347110759
728363,0.8609376232965467
728364,0.10154068865929233
728365,0.10600357693984355
728366,0.9960230354009288
728367,0.9817552093046553
728368,0.9859029918736204
728369,0.9840907674646662
728370,0.8652661492204807
728371,0.31726968809377687
728372,0.006204251300165182
728373,0.3254552465413768
728374,0.10291976783856263
728375,0.041639344879461124
728376,0.5716447316377419
728377,0.9998580572926867
728378,0.07089389493770645
728379,0.999750882959096
728380,0.006313380440686138
728381,0.9553780392298263
728382,0.767226988852189
728383,0.99943908730803
728384,0.994149886223415
728385,0.2783792834840578
728386,0.9993269531678826
728387,0.008497443995263757
728388,0.9966747625952956
728389,0.09211271197606086
728390,0.2270879792606484
728391,0.17331593670934883
728392,0.9966590655375
728393,0.9964739918161338
728394,0.018253703350892415
728395,0.9981987904369021
728396,0.285756896996313
728397,0.9998666651460779
728398,0.9992476854017394
728399,0.020741325325487798
728400,0.8344823708103648
728401,0.9990013985681763
728402,0.7706836738748342
728403,0.9977167258925603
728404,0.9989717130400533
728405,0.508766889257857
728406,0.8428507834350187
728407,0.9978227123472055
728408,0.7706125360261349
728409,0.808760143099852
728410,0.999547086911414
728411,0.9984526469159799
728412,0.9999233771712066
728413,0.9846077896752081
728414,0.7275369429469742
728415,0.9627365201955839
728416,0.9993795511322832
728417,0.9690756088733252
728418,0.02747076517438997
728419,0.19921718391389498
728420,0.19853635591286134
728421,0.9987110074016352
728422,0.9974139752033371
728423,0.013752351862440417
728424,0.9363261218468755
728425,0.177015925088523
728426,0.9491495642835304
728427,0.9999243757802458
728428,0.3126001148571349
728429,0.2746025473005821
728430,0.9653736200170975
728431,0.9804697092367404
728432,0.8907487834957079
728433,0.4573323440154643
728434,0.9944302637524436
728435,0.9996880195956259
728436,0.9999413756077316
728437,0.08022814082014947
728438,0.9981143833686221
728439,0.9972022895880084
728440,0.2862092360918311
728441,0.005693982708069223
728442,0.9999085122608572
728443,0.13087665533429624
728444,0.9946153392490786
728445,0.1808596464086228
728446,0.06455506492426122
728447,0.6001721522353433
728448,0.9982950316718656
728449,0.25188679580639456
728450,0.17048097005024962
728451,0.9536525629477108
728452,0.15983623013177534
728453,0.5602233174301087
728454,0.6030055190084852
728455,0.30917411158155594
728456,0.7175383804126367
728457,0.9960221619527068
728458,0.44313914309096936
728459,0.12742811370000579
728460,0.4021594476501191
728461,0.045856246562852074
728462,0.3945498935914785
728463,0.8900670898946728
728464,0.47747112064122377
728465,0.7423647348615913
728466,0.7499479179568199
728467,0.9992790579493225
728468,0.9883464859136775
728469,0.3517662374640743
728470,0.9988029746081549
728471,0.9982468189599207
728472,0.7542644510216614
728473,0.989774933692101
728474,0.9983846367850221
728475,0.22974404117358813
728476,0.20906426836547604
728477,0.9978348314106851
728478,0.841845511408275
728479,0.34534190341509374
728480,0.9962844899996177
728481,0.14597496525051767
728482,0.6685450776247994
728483,0.21531643866790068
728484,0.5653154746346424
728485,0.9904337317305713
728486,0.1125723597973472
728487,0.9994622209439193
728488,0.9033988338219917
728489,0.9988336905203308
728490,0.999529835479632
728491,0.22320589652916034
728492,0.9999503091480983
728493,0.35307868729152914
728494,0.2687511574442735
728495,0.5891366522456695
728496,0.9999185920266326
728497,0.4674682652276294
728498,0.1668615317680684
728499,0.9343970812785487
728500,0.19305985029554637
728501,0.9875273433282278
728502,0.8852037820164216
728503,0.726585394295588
728504,0.24745826564216375
728505,0.9967623246222745
728506,0.7851731765449402
728507,0.917968421066812
728508,0.9996778124165876
728509,0.9998787739274595
728510,0.4453201848507846
728511,0.4595991496851892
728512,0.9092767956379251
728513,0.18417618838901306
728514,0.9999321109179391
728515,0.9999701475339455
728516,0.6913506807735983
728517,0.9999401172325744
728518,0.9979906758523626
728519,0.9730624844392396
728520,0.05521545897604986
728521,0.9988704367905041
728522,0.26778348106307165
728523,0.0076213394474653265
728524,0.9992964446755925
728525,0.855264270557827
728526,0.997188956930185
728527,0.9951055613897615
728528,0.9997599826712509
728529,0.9997652590908093
728530,0.041897035073900364
728531,0.13976958207391707
728532,0.6005518795685252
728533,0.9997381612729558
728534,0.9988968479059794
728535,0.29119870513813984
728536,0.9310827315111085
728537,0.5169198675237715
728538,0.9999632149701247
728539,0.9927244408925369
728540,0.9096335644610909
728541,0.9999094573525004
728542,0.47816964517509064
728543,0.37635737778032696
728544,0.5969452865719316
728545,0.18344677635152304
728546,0.6001296831313473
728547,0.3192512826909952
728548,0.8438308530398002
728549,0.20254723466874192
728550,0.9753479619258456
728551,0.9418282273337722
728552,0.9991693577450934
728553,0.47766536518165936
728554,0.15938576854546313
728555,0.12736922815899526
728556,0.9732863032837029
728557,0.8750002202610234
728558,0.9999630455207287
728559,0.8461421867932606
728560,0.008727306949010727
728561,0.9789933934234449
728562,0.9951906134536137
728563,0.9998360742815673
728564,0.9998173544654332
728565,0.9233667541649271
728566,0.9323344640223857
728567,0.9880621095456483
728568,0.030472435762646983
728569,0.764909490082211
728570,0.10757693968052283
728571,0.03034789888762754
728572,0.9999453183551587
728573,0.9984905893436511
728574,0.5034000084479225
728575,0.9999463054022202
728576,0.037690559183698
728577,0.8579613616503874
728578,0.9999879789055153
728579,0.9999869736346589
728580,0.7407693670616733
728581,0.9945136978597124
728582,0.9998919897818572
728583,0.5883902810372379
728584,0.16247099078284905
728585,0.9269962062256514
728586,0.7940117244490722
728587,0.011618376676600322
728588,0.1841694741527226
728589,0.49953011395186186
728590,0.3982974054646339
728591,0.9911649673561125
728592,0.551172093921664
728593,0.9978886906495367
728594,0.9996162845602008
728595,0.9991740249108263
728596,0.4518354163849557
728597,0.9898153798967537
728598,0.9999967748852177
728599,0.882221449919549
728600,0.9993558964417604
728601,0.9999496061932427
728602,0.9994880202501324
728603,0.9998082131130022
728604,0.29601153533047475
728605,0.9998268480057665
728606,0.01770607479832696
728607,0.37931065346901244
728608,0.44293824973088636
728609,0.4702922524220603
728610,0.9106669530066219
728611,0.9994803735379745
728612,0.9103993916923061
728613,0.9987650065505911
728614,0.02742969716155169
728615,0.9989516982310693
728616,0.993570184942435
728617,0.9040955831088755
728618,0.045110406244964985
728619,0.9991918004889556
728620,0.03423381598505535
728621,0.00993649181370205
728622,0.9977267207683432
728623,0.9999441949501102
728624,0.997096230001649
728625,0.9972008397452058
728626,0.9984860710251838
728627,0.9997937880088617
728628,0.8269412431838766
728629,0.991282394968806
728630,0.9996586855069534
728631,0.8711501939416815
728632,0.260789990220555
728633,0.9999139087062281
728634,0.3622921179442018
728635,0.9972695694950954
728636,0.5933035555177222
728637,0.17943575229587533
728638,0.11965251630200205
728639,0.9241697594197256
728640,0.5904984649872459
728641,0.03547492438955996
728642,0.9998057679008462
728643,0.6196757103815185
728644,0.30916148819294076
728645,0.012238011747765915
728646,0.05184773758518933
728647,0.8389224922319131
728648,0.12198085567240916
728649,0.7794074306671794
728650,0.025853698753827755
728651,0.04255709827764699
728652,0.5095537305689577
728653,0.42418743363445394
728654,0.9962233613189094
728655,0.987040333728834
728656,0.9998704853821128
728657,0.9992129479189364
728658,0.0543136837466063
728659,0.9987501176447803
728660,0.23976371345565592
728661,0.19095560900386294
728662,0.03101238631812841
728663,0.9679914598601598
728664,0.6772476535540038
728665,0.5959091912617382
728666,0.9976511451078651
728667,0.9903253769982662
728668,0.9997747018928731
728669,0.5532767217337528
728670,0.012684968675262056
728671,0.999929880328687
728672,0.998844253183483
728673,0.9983489617161552
728674,0.9998355972341643
728675,0.8217078560685479
728676,0.06821019271882625
728677,0.9932101438169316
728678,0.5560490480872898
728679,0.09091319436565273
728680,0.9982759410648288
728681,0.9949343953216536
728682,0.8331550809402446
728683,0.9994978036787253
728684,0.5455455190969128
728685,0.9999430692341575
728686,0.011658554667260922
728687,0.9999483470059063
728688,0.8075974166898424
728689,0.13575260524081562
728690,0.9937471452659787
728691,0.6960079212038777
728692,0.03623190014525187
728693,0.999988381039034
728694,0.3073389178210278
728695,0.5596376138679423
728696,0.9997975773353878
728697,0.8723134299488395
728698,0.9998728397979186
728699,0.744509718522933
728700,0.9994835078916797
728701,0.04088409773939186
728702,0.986858573803833
728703,0.01573004414972458
728704,0.999974158743016
728705,0.8996570629923635
728706,0.8413333435396968
728707,0.999660691802207
728708,0.31486550000017033
728709,0.02278078015565477
728710,0.9926959672944242
728711,0.9758197301936328
728712,0.7224186017434977
728713,0.9602587591519183
728714,0.3743187286678822
728715,0.9647103380090495
728716,0.11960095126170457
728717,0.999165748715526
728718,0.9987779638365147
728719,0.9998045560033406
728720,0.015736713068660344
728721,0.9772319452427588
728722,0.9742571716971055
728723,0.7200401119300281
728724,0.2795305829639067
728725,0.1417815224112305
728726,0.8592629235850415
728727,0.9992613506880633
728728,0.8141874278298016
728729,0.7989284444194316
728730,0.044071003992462734
728731,0.855104148948883
728732,0.49081958955313676
728733,0.8221211263312532
728734,0.13922293670799674
728735,0.2769232255055027
728736,0.9996858178514548
728737,0.9824260056436993
728738,0.08836274483607356
728739,0.9964469038381215
728740,0.2478484057809321
728741,0.6076791224477979
728742,0.2527679253813843
728743,0.9998200410643237
728744,0.9909057247957641
728745,0.14825861477701152
728746,0.9999728759621176
728747,0.9973783376920644
728748,0.10610451103754272
728749,0.9992306330424915
728750,0.6450814685877104
728751,0.010465176069069788
728752,0.3244418101654619
728753,0.9995389448395426
728754,0.9998493589376944
728755,0.6538422653765606
728756,0.999639344751575
728757,0.2514025646591321
728758,0.9200303363345037
728759,0.09998120566169666
728760,0.054616370513072346
728761,0.999862861273765
728762,0.9014855614426006
728763,0.1137066097043536
728764,0.9973596840162002
728765,0.5137670965563913
728766,0.994552596352861
728767,0.01728205428931203
728768,0.44442155771414915
728769,0.9985674300727887
728770,0.9999268557832979
728771,0.7344140254841731
728772,0.9997213560111171
728773,0.5238193202486877
728774,0.9755476772632758
728775,0.2861209844690036
728776,0.9726848056326495
728777,0.9994154144152915
728778,0.5291895625512614
728779,0.999442475765552
728780,0.932735970820088
728781,0.706384977961192
728782,0.9983550357103181
728783,0.9997705590381191
728784,0.7850966032142103
728785,0.19722462883909997
728786,0.7326220545783417
728787,0.9999270985478576
728788,0.9986109309183039
728789,0.9988643907880559
728790,0.9993279228051253
728791,0.05862047651317244
728792,0.8433081371423967
728793,0.01368508458222795
728794,0.8965000587568239
728795,0.9999746067150184
728796,0.9987436908976706
728797,0.4253014240890609
728798,0.8664750234187024
728799,0.7658734972327943
728800,0.8333560880865181
728801,0.9994557087973629
728802,0.7307879090532526
728803,0.9989796726634563
728804,0.9979700663285774
728805,0.9989959560049844
728806,0.9036018311947411
728807,0.8257999771753152
728808,0.9775220833355343
728809,0.7370610580437338
728810,0.9990261373490751
728811,0.9982264599712236
728812,0.20050996370512295
728813,0.4901276786474926
728814,0.09441759402700982
728815,0.9759193769078469
728816,0.020904027725138382
728817,0.9987475918439483
728818,0.7337452056612858
728819,0.35188179457872737
728820,0.8551972684809626
728821,0.9999733075502314
728822,0.999812337989448
728823,0.9198605395216446
728824,0.9904984479873753
728825,0.10576170266366494
728826,0.9994396431250792
728827,0.9995589217202705
728828,0.9998709893229488
728829,0.03360684308359708
728830,0.9872526958338752
728831,0.18118641062181645
728832,0.9999334564721489
728833,0.6333154240590861
728834,0.5214805121285304
728835,0.8449013908185886
728836,0.9987534086118303
728837,0.6593523760264415
728838,0.9999569634658814
728839,0.9741979221613906
728840,0.9998726864362677
728841,0.9999572251625971
728842,0.7522137480047821
728843,0.9045153968941373
728844,0.9997702857582045
728845,0.014373092828170314
728846,0.9721236939184559
728847,0.6763249414781966
728848,0.014974261404135249
728849,0.8377140529252037
728850,0.9969492871507921
728851,0.16156539926375676
728852,0.6659202443546777
728853,0.9935786266229106
728854,0.2650227852455638
728855,0.2741559273404877
728856,0.9946606172132333
728857,0.10876228430374649
728858,0.010827440304001016
728859,0.9999774923755529
728860,0.07020970010013279
728861,0.36754271427137575
728862,0.9042562346844916
728863,0.018548374587369763
728864,0.9937302970257591
728865,0.37017247144044474
728866,0.9701219326793639
728867,0.9999791258056694
728868,0.99915350873088
728869,0.9575239454686592
728870,0.927767876238326
728871,0.1202336789965851
728872,0.9940573904199391
728873,0.9209877123927955
728874,0.999942430917028
728875,0.9978915835472464
728876,0.3686560605843315
728877,0.9965099814353285
728878,0.8583631939901921
728879,0.9996619289634082
728880,0.989040970614141
728881,0.8930997113759502
728882,0.017303688027767078
728883,0.7253116795975865
728884,0.9957216704313026
728885,0.954296544820597
728886,0.9995242585176283
728887,0.08964976276851547
728888,0.06950773892910428
728889,0.17167116227922344
728890,0.995587702901126
728891,0.9958399524777068
728892,0.639849963775357
728893,0.9369904418160818
728894,0.9288218052501771
728895,0.1929295729588971
728896,0.6565694733686906
728897,0.967082577606494
728898,0.999926211336626
728899,0.6041702459489255
728900,0.9547077698026003
728901,0.6997330555369174
728902,0.998356842074799
728903,0.9998673270356655
728904,0.9961310016141491
728905,0.039564574763978795
728906,0.9987809194562692
728907,0.04723018729378328
728908,0.34643199557302107
728909,0.5469602149425042
728910,0.8195215125921459
728911,0.3321287271220183
728912,0.6453061725441064
728913,0.8535668191133776
728914,0.9761579550059073
728915,0.9993355926242065
728916,0.9755274404909693
728917,0.9988567013848384
728918,0.9943321633525755
728919,0.7459383225279679
728920,0.013334488130996653
728921,0.9986161032430756
728922,0.012101655967269313
728923,0.44658479224991077
728924,0.9890138176567059
728925,0.3059990982530669
728926,0.9794917957259874
728927,0.9986716321311327
728928,0.3195664917348776
728929,0.7820881606379965
728930,0.9992671000492852
728931,0.6238998583785087
728932,0.9099136607803315
728933,0.028858991121456994
728934,0.9758611335604755
728935,0.9981812192909687
728936,0.5212647839426162
728937,0.7679390271838838
728938,0.999993832312458
728939,0.8338310047644957
728940,0.9768930720699415
728941,0.9597825280086664
728942,0.7979254314207803
728943,0.9975188694696986
728944,0.9957059219220582
728945,0.989658901419135
728946,0.9997996885221112
728947,0.9223483652688227
728948,0.9633993926943977
728949,0.5804507523129725
728950,0.7211938069644837
728951,0.5244704533393837
728952,0.41501787540594426
728953,0.9970995616662768
728954,0.997684727298108
728955,0.7223757003920059
728956,0.9999026761107167
728957,0.909418672782621
728958,0.11224041909929589
728959,0.2871571845191194
728960,0.9995819595358305
728961,0.9103770194240957
728962,0.9989454185761675
728963,0.9998482416975774
728964,0.4469337515284528
728965,0.9997707399075899
728966,0.999816456304654
728967,0.022009971372575564
728968,0.3957250714786333
728969,0.9301407713532781
728970,0.14443569481158372
728971,0.5839295023643698
728972,0.435597034514391
728973,0.018394499735267685
728974,0.9990188599641721
728975,0.9997716246416118
728976,0.995550539315317
728977,0.9763217634577308
728978,0.1574144968964205
728979,0.621745854799308
728980,0.12760736533649436
728981,0.8625109002035978
728982,0.6416456614239547
728983,0.999973046721583
728984,0.9995658606757785
728985,0.9962422909833725
728986,0.9270030837289358
728987,0.9774812321548577
728988,0.998861277366764
728989,0.8696118238962216
728990,0.9689938463808818
728991,0.7775573330367036
728992,0.9997958123246429
728993,0.18399904016346325
728994,0.9949604124965218
728995,0.07757578360452139
728996,0.7946950019707922
728997,0.9841050120077386
728998,0.9992976811813267
728999,0.6981558910606813
729000,0.9998386221393507
729001,0.010075000754086566
729002,0.9990122678523219
729003,0.9998827754392766
729004,0.9999940598791871
729005,0.9444568994660304
729006,0.6740596453708858
729007,0.9717800080607446
729008,0.6926436411452856
729009,0.9999594531057816
729010,0.8328404928234243
729011,0.976645752243638
729012,0.9984813980222549
729013,0.2687746187055122
729014,0.9992642420898229
729015,0.990049642947431
729016,0.9948167758560357
729017,0.9998181371139199
729018,0.9999816996821252
729019,0.08357014848437791
729020,0.759587264775943
729021,0.9993728475266016
729022,0.9646676589713259
729023,0.008872966500524711
729024,0.7205287876111215
729025,0.9993813044479387
729026,0.9999619921598071
729027,0.9999755611627972
729028,0.9824973331514284
729029,0.9425673497473428
729030,0.12533260366885307
729031,0.5980060666028751
729032,0.05065567853422059
729033,0.9999083042879224
729034,0.4748255800853769
729035,0.9163982042336746
729036,0.773190242438009
729037,0.9999942252536507
729038,0.010304950067449598
729039,0.16618686868840768
729040,0.9988248058113947
729041,0.15359173191275705
729042,0.8761646654236059
729043,0.9648314743820624
729044,0.7853394574248485
729045,0.8382842817426184
729046,0.05674857046349972
729047,0.9999450328528509
729048,0.09851535985408658
729049,0.8710639677293524
729050,0.4073515754080808
729051,0.9972198408107203
729052,0.02690454816799451
729053,0.242589358533002
729054,0.9873687625808509
729055,0.19122313071261374
729056,0.9998255160272964
729057,0.12249507523951442
729058,0.11033437633183349
729059,0.9957008795040283
729060,0.016741033162175855
729061,0.6204479204070915
729062,0.6420531112411294
729063,0.18589011557275442
729064,0.9500052783550237
729065,0.9259954891352404
729066,0.981138451704426
729067,0.999363877258461
729068,0.46405435366115744
729069,0.9817705686992474
729070,0.08624588447298104
729071,0.736622351594542
729072,0.9996243016749549
729073,0.9970511439330123
729074,0.9998684721322522
729075,0.04461868102101148
729076,0.9997742420414366
729077,0.8483252971587647
729078,0.991088613999647
729079,0.9998126426050106
729080,0.9984002603237419
729081,0.8610098979474509
729082,0.9999474171030611
729083,0.9950969594334436
729084,0.1518005719519372
729085,0.8935065084196052
729086,0.9994927382932286
729087,0.997830292755002
729088,0.9707878339007904
729089,0.5573545902804151
729090,0.998345180020782
729091,0.22860980189516555
729092,0.9999187564916016
729093,0.9981344430288748
729094,0.2884308383404576
729095,0.9951523779334323
729096,0.999977732700265
729097,0.9909277452068221
729098,0.07143556593189888
729099,0.07063302957006497
729100,0.9586400458384403
729101,0.04834839971393637
729102,0.6332927264718873
729103,0.9995274003722808
729104,0.9370638133525515
729105,0.3559548392317433
729106,0.9956730140651242
729107,0.9804758109670371
729108,0.9691867976501016
729109,0.9999667404299164
729110,0.9251289331237385
729111,0.9998420294335657
729112,0.7093331080738561
729113,0.8819612826158644
729114,0.9867486665952945
729115,0.7173799716323055
729116,0.16625953575520985
729117,0.8726455317785387
729118,0.3715748262285923
729119,0.9051940013961278
729120,0.25588055720257513
729121,0.9991958924262356
729122,0.7295020632513824
729123,0.9816521923797522
729124,0.9999007276916545
729125,0.9984507344479663
729126,0.9798226340053942
729127,0.9999583423141625
729128,0.9931267273333239
729129,0.23991667439085784
729130,0.4042884818636224
729131,0.9982387846083605
729132,0.38630817399631867
729133,0.9295211576946428
729134,0.05010981125913451
729135,0.07445964692637322
729136,0.35136298001033545
729137,0.9729143146051933
729138,0.7529825793248308
729139,0.796332664902357
729140,0.9997695882367046
729141,0.5319448216939636
729142,0.9999559240693185
729143,0.36255429187863364
729144,0.9202683315501128
729145,0.7001298341564977
729146,0.20407904575864688
729147,0.9221697107062989
729148,0.26842709252908586
729149,0.9993160800088483
729150,0.9955983062372094
729151,0.9997158908207778
729152,0.991685975736246
729153,0.712386217749177
729154,0.10647297364919954
729155,0.9576797043733241
729156,0.999926602972486
729157,0.018473150690571285
729158,0.8377416877045998
729159,0.9767862400724475
729160,0.9909847122303554
729161,0.9971511438017446
729162,0.9577543193272209
729163,0.03188658385770064
729164,0.1661850047620973
729165,0.03752705531194644
729166,0.999361772630124
729167,0.4944219907859313
729168,0.9952227490592436
729169,0.9504855270558616
729170,0.989535955245615
729171,0.7633844700093066
729172,0.9954484114217876
729173,0.9997908616650615
729174,0.9273372048162775
729175,0.833984518986325
729176,0.13880736947605424
729177,0.853242078881326
729178,0.0495296244470872
729179,0.997605305778607
729180,0.999195042723424
729181,0.9984021318489613
729182,0.9999819198646833
729183,0.4208236246943305
729184,0.9014302372418992
729185,0.34939104626608464
729186,0.9999433594656038
729187,0.8410885580729532
729188,0.9996334967481467
729189,0.9999638303262403
729190,0.9972945139248608
729191,0.9816015476558732
729192,0.9962588175657433
729193,0.12504014663511734
729194,0.9988003766539757
729195,0.9614574714865353
729196,0.0023277027675443
729197,0.8988293423823042
729198,0.3710653355808585
729199,0.2889375927926767
729200,0.9991500335204323
729201,0.9108537969805974
729202,0.9994173783006849
729203,0.999685881095957
729204,0.3804569570558327
729205,0.014448771194506906
729206,0.04251143616499331
729207,0.9957230724565431
729208,0.9941977137392466
729209,0.9994025532718886
729210,0.8138552396327774
729211,0.987045586445408
729212,0.9604816863522138
729213,0.9999745758824218
729214,0.9956998640871513
729215,0.9368467796849964
729216,0.9999611665276859
729217,0.7800051277983653
729218,0.009096892232702276
729219,0.9978932134355591
729220,0.3712006603717718
729221,0.8064938805001525
729222,0.21957607728220319
729223,0.3377864380922754
729224,0.9999801705696354
729225,0.09350223096884057
729226,0.602348317552301
729227,0.8946824492417749
729228,0.9997367513687083
729229,0.9230286992312716
729230,0.6069504711937729
729231,0.9982986520078696
729232,0.3965083115026422
729233,0.9436555182249415
729234,0.02132970121023428
729235,0.9999264771513781
729236,0.9997532320074172
729237,0.9999383191929346
729238,0.03290711390282182
729239,0.999125275246787
729240,0.9984000281365599
729241,0.012262944803290293
729242,0.9878190255663336
729243,0.9995207337268422
729244,0.9944838693576128
729245,0.9255478797323562
729246,0.6522882124245015
729247,0.9998463830421669
729248,0.7062162178559055
729249,0.9991530055970561
729250,0.8419299683605139
729251,0.8766464080265566
729252,0.3277877111534615
729253,0.30115861808827493
729254,0.9994920595444736
729255,0.9990724204100404
729256,0.9998769224606705
729257,0.9998672349953439
729258,0.5639117276136064
729259,0.05327825833215395
729260,0.9996122854932024
729261,0.009233859038984143
729262,0.3624405458446369
729263,0.9949145395548721
729264,0.999891182643172
729265,0.9999492823941114
729266,0.999797499598053
729267,0.09898641992870498
729268,0.9995595102931021
729269,0.8096676841763263
729270,0.9935327871910977
729271,0.9999025242262032
729272,0.03803434177833656
729273,0.35085310540702164
729274,0.9999576901453615
729275,0.8269077394734634
729276,0.7884761876669276
729277,0.7451360746718889
729278,0.02836766061466195
729279,0.9999312864958125
729280,0.9997209685691807
729281,0.6299118490631364
729282,0.5486633241669234
729283,0.999910877912898
729284,0.9986753048530412
729285,0.997820934905329
729286,0.998266523867199
729287,0.9997399796677411
729288,0.8605105209957313
729289,0.8273251787255078
729290,0.0426527751926982
729291,0.9998588282371815
729292,0.051303113884079064
729293,0.1065557836332793
729294,0.4466152458733552
729295,0.9943338762995276
729296,0.010659221061758017
729297,0.974999041471897
729298,0.7779850517334257
729299,0.9979718485637783
729300,0.6243046841903814
729301,0.00961007890832413
729302,0.995981368570773
729303,0.13039806418879996
729304,0.4791958802380653
729305,0.26553648466317836
729306,0.6675853860205971
729307,0.12107751558018472
729308,0.5628110756255703
729309,0.7496541736176041
729310,0.834465172753277
729311,0.1835481026713069
729312,0.2040373416294985
729313,0.7073254078188353
729314,0.8688870138117805
729315,0.021264072707099145
729316,0.9935808708632918
729317,0.08247590954512937
729318,0.9993707732350712
729319,0.41130658121585095
729320,0.008424701858943059
729321,0.9778135762068902
729322,0.9997011828800741
729323,0.028129120653803463
729324,0.9996226442584174
729325,0.20769949140211202
729326,0.11755903660779404
729327,0.999546145905035
729328,0.9868374962043498
729329,0.9995703842252122
729330,0.9513495657380744
729331,0.44260699569880024
729332,0.27251592296353344
729333,0.623027474743771
729334,0.9998587729889253
729335,0.42360961470723274
729336,0.9815820581215614
729337,0.9993456575565101
729338,0.9993742143925515
729339,0.007197379918059227
729340,0.06626201708702185
729341,0.9999809026303419
729342,0.01762404560638394
729343,0.9939746008427038
729344,0.6520044813098282
729345,0.9619287849666696
729346,0.08038455338926558
729347,0.9367015129595
729348,0.9867764147614297
729349,0.5810165029726277
729350,0.9954667426468131
729351,0.6458338771801995
729352,0.9977569182935849
729353,0.9998169667376642
729354,0.6323673212005274
729355,0.981440264037808
729356,0.04330057860079442
729357,0.9963256425919
729358,0.26096125586473384
729359,0.1745724256012004
729360,0.9953440112227673
729361,0.1826431984074942
729362,0.7115875841966027
729363,0.9998972242518349
729364,0.9766895760516405
729365,0.5570441080999392
729366,0.36691358448097866
729367,0.9996987921483109
729368,0.999914448677618
729369,0.9998591860703729
729370,0.9990968324273624
729371,0.9591381555093701
729372,0.9991966227817082
729373,0.5398379402930277
729374,0.9866171369778464
729375,0.38769027356664554
729376,0.9999125501678424
729377,0.026217515779686118
729378,0.5428279586609086
729379,0.9441602144442204
729380,0.5787539185563861
729381,0.37268886722209665
729382,0.9990609955011819
729383,0.8430300235149901
729384,0.9903074752095653
729385,0.9578546454519425
729386,0.08201058536520839
729387,0.9988339607414479
729388,0.8344285408279233
729389,0.9959016312183733
729390,0.019948115307279104
729391,0.7851080195359761
729392,0.89941727782157
729393,0.9970444465935642
729394,0.2571904923050522
729395,0.33891920791588126
729396,0.9994389223399791
729397,0.18384521521221409
729398,0.9916256430715991
729399,0.6868128794571347
729400,0.7512029336337991
729401,0.9998330987384252
729402,0.9999789452177958
729403,0.408802415256982
729404,0.9995726141931671
729405,0.9537076711270516
729406,0.9318837277436496
729407,0.9991214467338574
729408,0.9990541765950222
729409,0.013989131076458184
729410,0.029813937634168602
729411,0.1543800401347937
729412,0.06224110579923242
729413,0.8293881433457064
729414,0.9999985655643517
729415,0.9999739666723917
729416,0.997052660862664
729417,0.9999703643672562
729418,0.22525369296886333
729419,0.9992874329903976
729420,0.9306669412684114
729421,0.49124032672713935
729422,0.9986980432294119
729423,0.8359467823125653
729424,0.9558089755869099
729425,0.9388773655845304
729426,0.9982772737506436
729427,0.8220098047423215
729428,0.8622149487086446
729429,0.3016735790773721
729430,0.11316007983587972
729431,0.4921241301141521
729432,0.8991518634833146
729433,0.6863754915786553
729434,0.9999903189104187
729435,0.9588551196638329
729436,0.7011392910673657
729437,0.27546526315448555
729438,0.9830488369256025
729439,0.9970956926320027
729440,0.9994312880149174
729441,0.6773382075511488
729442,0.05985373755397741
729443,0.999938700794119
729444,0.1877264087703686
729445,0.9826902049863978
729446,0.03415999971100606
729447,0.561037655320226
729448,0.12703273142637964
729449,0.9970857396020341
729450,0.43777003780487683
729451,0.9992515210967845
729452,0.9998642697057816
729453,0.010264295305013554
729454,0.9972189421217378
729455,0.9936802919717926
729456,0.02962996029335662
729457,0.995322623505835
729458,0.574357423286836
729459,0.9568474241257918
729460,0.9080193675967196
729461,0.24310846351173013
729462,0.8783427738736304
729463,0.9648323737138919
729464,0.9992268639208006
729465,0.4224669402457498
729466,0.014793553736532513
729467,0.9996706827359
729468,0.6983071696171144
729469,0.942970564653848
729470,0.9672652875433098
729471,0.9099682081646314
729472,0.9969681932672849
729473,0.9883760521928371
729474,0.911450042472705
729475,0.9991696198050952
729476,0.20442382861124675
729477,0.9997024372315959
729478,0.9998548441320958
729479,0.9989196707903691
729480,0.9992898661856646
729481,0.9750662293404464
729482,0.9999152722592362
729483,0.9998656464069089
729484,0.9941165778596959
729485,0.9962573074664531
729486,0.9946416092625633
729487,0.04581631569067422
729488,0.9720467715404495
729489,0.9303407644874038
729490,0.8489255106940219
729491,0.9996090894285284
729492,0.050318686722052246
729493,0.9962169467887909
729494,0.021358192925834234
729495,0.0582225416236244
729496,0.6209654768434494
729497,0.2786827059637208
729498,0.7416066926425955
729499,0.8817953646150232
729500,0.9999366304418772
729501,0.9403668449729263
729502,0.06953749942181815
729503,0.9999760132673163
729504,0.9990571479963376
729505,0.9993119374098122
729506,0.03770216102876839
729507,0.9998717314233243
729508,0.7515531872765111
729509,0.9239198618952891
729510,0.9998840740159323
729511,0.966696671588568
729512,0.9905039861427039
729513,0.9681901551208385
729514,0.16773935360131007
729515,0.9803396998462919
729516,0.14034587715720917
729517,0.15598423011463702
729518,0.8124516827255401
729519,0.822880673074213
729520,0.9986346207302289
729521,0.9818370382084418
729522,0.7352401963869801
729523,0.9986328531189559
729524,0.998673393506588
729525,0.9131453436095414
729526,0.697861889940407
729527,0.9999668354907314
729528,0.8459437671833907
729529,0.9961834836926358
729530,0.9931419736924254
729531,0.9987504631579319
729532,0.9340391415222837
729533,0.9987087819637807
729534,0.8170373609314184
729535,0.9976070708839535
729536,0.8611582665299614
729537,0.9761272122459965
729538,0.9996857378519289
729539,0.9996192776869656
729540,0.9997455356445091
729541,0.999450800881971
729542,0.9637818719267732
729543,0.14460430029753457
729544,0.31549257677235454
729545,0.9958332957436238
729546,0.9999841031496184
729547,0.012173283357025961
729548,0.5060623138348889
729549,0.9997395327068508
729550,0.28557972781391383
729551,0.640257453416163
729552,0.9629490562282513
729553,0.9985192922771874
729554,0.9999033668736963
729555,0.7006825234814834
729556,0.8989650031171827
729557,0.9993693650029692
729558,0.5801949872202254
729559,0.19565132903773252
729560,0.9999154301294668
729561,0.9986691004805126
729562,0.857077737580741
729563,0.2567245850755987
729564,0.9911133029187794
729565,0.9887183573147269
729566,0.3687545736938307
729567,0.9186078995491308
729568,0.9994494342925282
729569,0.9998416402729811
729570,0.9910607021385118
729571,0.19802202593160265
729572,0.9962132791307052
729573,0.9999431552856467
729574,0.9952014623530192
729575,0.2476632433929435
729576,0.12127310420622298
729577,0.41329246035622164
729578,0.9925546554638764
729579,0.9863447956900784
729580,0.9994237195161425
729581,0.5286910859148205
729582,0.6415071161433308
729583,0.9999776995519654
729584,0.9996821403770353
729585,0.0018740373737365199
729586,0.8993246999230309
729587,0.9994761543780177
729588,0.9993466724266648
729589,0.2649391074677587
729590,0.010120919933961083
729591,0.591792674605721
729592,0.9996811610180234
729593,0.18165532207208807
729594,0.8793412029798495
729595,0.9999716069910589
729596,0.9842280271669559
729597,0.02358705723572156
729598,0.02154886766986845
729599,0.5892411838729366
729600,0.28300618597535293
729601,0.06714319339554037
729602,0.9038225431778426
729603,0.9542046151465231
729604,0.9999117468677353
729605,0.999924454197106
729606,0.9976087685907816
729607,0.43972251680270724
729608,0.9998788302202293
729609,0.9999729999543002
729610,0.6398231191170849
729611,0.9993526391506145
729612,0.9401702257610873
729613,0.9970396041566401
729614,0.9999304183789719
729615,0.771450702334505
729616,0.0369357305153106
729617,0.9352769177971142
729618,0.9588600566117704
729619,0.9667474202960609
729620,0.5964962755346974
729621,0.1250389332121095
729622,0.9999109444478007
729623,0.9910040705496762
729624,0.028758488273703104
729625,0.7983804487696577
729626,0.9969742185910846
729627,0.0937495237342664
729628,0.9992993355696824
729629,0.3217368662106898
729630,0.999965565228958
729631,0.9997856517650094
729632,0.29918040331919454
729633,0.9999912922011013
729634,0.9996892340141112
729635,0.9943453498460623
729636,0.10018821988188975
729637,0.9771848525568532
729638,0.28311383893176184
729639,0.11602156146289709
729640,0.2613962763065977
729641,0.1490080178821516
729642,0.7763587861947729
729643,0.03084713331844478
729644,0.9997324685725277
729645,0.40445303233338004
729646,0.7407779506991798
729647,0.8679649787939261
729648,0.2846814826932918
729649,0.9488956017326402
729650,0.9996756332563976
729651,0.1666165359820711
729652,0.7949171052407213
729653,0.13755408424122484
729654,0.06970716923284358
729655,0.9736842888286077
729656,0.032232255094197665
729657,0.9988365333654481
729658,0.7102651675578628
729659,0.8845352496366268
729660,0.15528527355423824
729661,0.9960020955943529
729662,0.9986690110224945
729663,0.19600976740046785
729664,0.73405437321058
729665,0.15519674207710482
729666,0.975109243701552
729667,0.9998390870441266
729668,0.9995922168655297
729669,0.9914802062287114
729670,0.0896213759263059
729671,0.26711888897426045
729672,0.7103230744512925
729673,0.9999813644747888
729674,0.9999312137113205
729675,0.9168773206243723
729676,0.20891117378356694
729677,0.04225878739384546
729678,0.26043404949992105
729679,0.06456377254998477
729680,0.5129012604284224
729681,0.6495870615590058
729682,0.9842634471120512
729683,0.43038288265971925
729684,0.9999060433045588
729685,0.02140263770779048
729686,0.7992763206594156
729687,0.6380139775510406
729688,0.19072660288376317
729689,0.008398674984213796
729690,0.9099440550044444
729691,0.6601136096952336
729692,0.9874996543435224
729693,0.3880080544018047
729694,0.8206111627436858
729695,0.9959418658411112
729696,0.7421179612364867
729697,0.9998727418074327
729698,0.9930478100198846
729699,0.20990663481210145
729700,0.9999642967028143
729701,0.9744427432119633
729702,0.49818100346881244
729703,0.4399837817032404
729704,0.9995082151210759
729705,0.3223722843064084
729706,0.9967549601938557
729707,0.9872773542291278
729708,0.6278856787012368
729709,0.9991652280792865
729710,0.01396718342083435
729711,0.9997226383764528
729712,0.4652647346491387
729713,0.929517243322812
729714,0.9040271485460174
729715,0.997306213540379
729716,0.9966202917023055
729717,0.994877322936033
729718,0.7829431687783073
729719,0.0068934024782756655
729720,0.9996224942483593
729721,0.04824395502457386
729722,0.9659976275838725
729723,0.9992480417950356
729724,0.9999602269421466
729725,0.9974605794629862
729726,0.9536211779823418
729727,0.031505852552586
729728,0.9999583863972277
729729,0.008387946445300252
729730,0.9951035436966278
729731,0.9940467848077882
729732,0.9987730989315475
729733,0.9802521650896581
729734,0.9999877410522886
729735,0.6016303270699834
729736,0.12101130705255823
729737,0.3897011416984414
729738,0.9997619366077198
729739,0.9933565772002011
729740,0.7305785730455607
729741,0.9999112147695596
729742,0.9942302950767283
729743,0.6403162603471715
729744,0.8288695520621249
729745,0.9994705682532863
729746,0.01715150226165739
729747,0.9999369433965111
729748,0.93042813920718
729749,0.9188518964749032
729750,0.3024476283763697
729751,0.0737025891516265
729752,0.6719546719874852
729753,0.018502672644161937
729754,0.961449012591749
729755,0.9999765727523588
729756,0.750896854151866
729757,0.7995902155041021
729758,0.23399931022500003
729759,0.9014664191845896
729760,0.26498203967696476
729761,0.9999951569449939
729762,0.9998483741503813
729763,0.9996222708498415
729764,0.9941590820082323
729765,0.9998204935564365
729766,0.9999103518844559
729767,0.1735294952238039
729768,0.9957585545875425
729769,0.009161328875032147
729770,0.895888101713361
729771,0.9986294720805621
729772,0.9061671108795566
729773,0.9989025708739488
729774,0.9998495612109766
729775,0.999639006775776
729776,0.5806981191702946
729777,0.9995509308636478
729778,0.9908946524735547
729779,0.06454671409776436
729780,0.8220657724193792
729781,0.9357359548421726
729782,0.010297359380864757
729783,0.9942251422825577
729784,0.9999716471652702
729785,0.9212454180307575
729786,0.972819622335562
729787,0.9989933494139986
729788,0.9997782934704873
729789,0.0032182768258003885
729790,0.9971923506279144
729791,0.927831134437086
729792,0.4877272074661355
729793,0.27876933441134244
729794,0.762655039011557
729795,0.5037920825603
729796,0.9917756397515118
729797,0.7866819663839217
729798,0.9998756731050817
729799,0.31896168268820063
729800,0.07477372587353992
729801,0.06362101709764029
729802,0.503929873237227
729803,0.9940239302105522
729804,0.9998131810407388
729805,0.4794093028761318
729806,0.4560021963334529
729807,0.999640452681934
729808,0.9965398692037282
729809,0.8990822135462821
729810,0.9974803373205601
729811,0.7569671427520699
729812,0.9272092887102106
729813,0.20700894503317835
729814,0.7044064209261198
729815,0.9447889480170375
729816,0.12699342542314024
729817,0.9725504226347764
729818,0.6201770910042402
729819,0.9883904118627627
729820,0.5235320567470841
729821,0.48595560455998055
729822,0.9963404314639339
729823,0.6866908519404934
729824,0.9994105806806692
729825,0.9495213450897424
729826,0.9998802099656803
729827,0.996415262530383
729828,0.9958373780488771
729829,0.9990957960747804
729830,0.9999527246764028
729831,0.9998480936139214
729832,0.18631292162633623
729833,0.03402298543832566
729834,0.9974903140127889
729835,0.10000407971552953
729836,0.9941585248482705
729837,0.9389168496243501
729838,0.8941902781855676
729839,0.9357646152663004
729840,0.14107957222980547
729841,0.02784408336517268
729842,0.45971287010630246
729843,0.9930921309356953
729844,0.9998300923479029
729845,0.9975598472049696
729846,0.955939480703061
729847,0.9717999177495632
729848,0.999876567366537
729849,0.040797766561717234
729850,0.5197162238918532
729851,0.9850578324234605
729852,0.6980330331925259
729853,0.5519467432952375
729854,0.7475250417421386
729855,0.9919356002834466
729856,0.7233278548111155
729857,0.9484042983655554
729858,0.9115668679425244
729859,0.5619434198076781
729860,0.6094294527722808
729861,0.03840433405674832
729862,0.2492108871378043
729863,0.7248034331204685
729864,0.9999034904344974
729865,0.9964866842259008
729866,0.0790886291944772
729867,0.7641274368466118
729868,0.796585652281729
729869,0.9963464430657345
729870,0.9971682791080267
729871,0.9919575646775083
729872,0.0544565682081789
729873,0.9999118313838873
729874,0.9837928871597521
729875,0.6519792679639783
729876,0.11926260410339187
729877,0.0017434250678349228
729878,0.9974142415877265
729879,0.9999554845852354
729880,0.9989510649771185
729881,0.5655131781864994
729882,0.42882861514908416
729883,0.8210832382059756
729884,0.050749672125265835
729885,0.5208074406788623
729886,0.5926883747770738
729887,0.45571545588626805
729888,0.99969632011505
729889,0.9999741260455595
729890,0.9893256965619408
729891,0.3228102898761884
729892,0.9491358490863528
729893,0.9959107050147507
729894,0.08662482188450121
729895,0.9995935138682861
729896,0.8652795711158092
729897,0.9995857398345013
729898,0.9995871442092723
729899,0.960800177628848
729900,0.1444561894375266
729901,0.053306603587621224
729902,0.9319209427365704
729903,0.01979633045383634
729904,0.9999521698518512
729905,0.7957883485860042
729906,0.9393359152371661
729907,0.0803043528641813
729908,0.9998701087585926
729909,0.9982404866355405
729910,0.996102190525288
729911,0.9756724486634276
729912,0.9997743173765077
729913,0.8043653044303333
729914,0.9157744185271239
729915,0.9906290841255772
729916,0.9995090007563937
729917,0.343140809651498
729918,0.9692290664285746
729919,0.9627553300502896
729920,0.00992447988208254
729921,0.018236613946009724
729922,0.6066143117350417
729923,0.9998409528955452
729924,0.2411099402931951
729925,0.9944101047972496
729926,0.9998252162665787
729927,0.10797256053802434
729928,0.8534961354682962
729929,0.9553797035527118
729930,0.6943894558967598
729931,0.6785117260892688
729932,0.006220392264043415
729933,0.8199521540026724
729934,0.8076852148352169
729935,0.9995156213186943
729936,0.12991711494973907
729937,0.9660649972425748
729938,0.1645161814318887
729939,0.5585628593883456
729940,0.9802463053870056
729941,0.6473346232980819
729942,0.8083128155639878
729943,0.6114318418303378
729944,0.21547898508024382
729945,0.9970528127543243
729946,0.9994785985315786
729947,0.9997972683630565
729948,0.9967490118299175
729949,0.9995751006472656
729950,0.9427856865733529
729951,0.06996668990122139
729952,0.7930267836099357
729953,0.9990513280439028
729954,0.907228448866262
729955,0.9978083268398608
729956,0.7488531349995022
729957,0.9999688683747949
729958,0.8182768653972028
729959,0.9533127893051697
729960,0.9999281482826157
729961,0.49732484620068523
729962,0.6960404561563008
729963,0.04908485750343456
729964,0.6087523282611162
729965,0.20638074781295493
729966,0.6602599428498345
729967,0.9850368127102139
729968,0.7767207023214844
729969,0.9177410911419224
729970,0.15859337938640525
729971,0.5711372814797273
729972,0.20286634012059487
729973,0.9999396361739721
729974,0.9998747556099881
729975,0.9996850012638321
729976,0.1606461600994836
729977,0.999933825990585
729978,0.9980647534012745
729979,0.28739265001243863
729980,0.05470089949207175
729981,0.004532366853559787
729982,0.6046525268401184
729983,0.08071192658589724
729984,0.02209752519740911
729985,0.9993382887461474
729986,0.47354226213162254
729987,0.7354177259863091
729988,0.9412121092677186
729989,0.95598670235603
729990,0.024325615419177007
729991,0.02075979792998496
729992,0.11678418258108744
729993,0.9824385347690899
729994,0.31000997828527793
729995,0.957373030341163
729996,0.9999333577816287
729997,0.9444524361810017
729998,0.010416535462302135
729999,0.9683008567606274
730000,0.0009722367847510461
730001,0.8804708991777176
730002,0.9609695519800205
730003,0.4032480993502259
730004,0.9989390158656127
730005,0.96067781716898
730006,0.9604769417121786
730007,0.014922654855731196
730008,0.9992845540440454
730009,0.999690724010123
730010,0.9940093443525244
730011,0.9989733151918014
730012,0.9878567652391309
730013,0.9828823042604379
730014,0.9972062495099634
730015,0.9990505206846474
730016,0.9625376068056861
730017,0.8680272821306682
730018,0.3317789456689497
730019,0.10315916172117448
730020,0.9919716852891554
730021,0.9908155041799658
730022,0.9221116649757674
730023,0.033438989362401916
730024,0.17717081418180627
730025,0.9997484485364264
730026,0.7429333070644464
730027,0.17023612389056608
730028,0.9604671466891445
730029,0.9994925251305884
730030,0.9975776944205714
730031,0.9510073122964446
730032,0.9182961966200782
730033,0.995207038383533
730034,0.9964479364069821
730035,0.8885209891291047
730036,0.26117487937809875
730037,0.9978805157325977
730038,0.26278898141008455
730039,0.09420278602212562
730040,0.16660073632091524
730041,0.32320029138923145
730042,0.6281858061585281
730043,0.9998254507423825
730044,0.9644790425716573
730045,0.10892304324035648
730046,0.8728359359055052
730047,0.9999324925861995
730048,0.9516086099864269
730049,0.8167831941388789
730050,0.9236882901389417
730051,0.9431490081747245
730052,0.9991250048710729
730053,0.17980937253267873
730054,0.19380879331600145
730055,0.936300186922258
730056,0.992352222242359
730057,0.9994393788108789
730058,0.8702148375557877
730059,0.996798614840048
730060,0.9985723307863557
730061,0.3929620793845156
730062,0.4111055052473293
730063,0.9877120807404974
730064,0.13135132154647314
730065,0.999698062205901
730066,0.5378035646137258
730067,0.8347389811285951
730068,0.7923272749853769
730069,0.2930076308152765
730070,0.9937649340692859
730071,0.007607414452364824
730072,0.7077244557037303
730073,0.7542293385249353
730074,0.9997936927920966
730075,0.9977826986950624
730076,0.9984619288072693
730077,0.9997885960323523
730078,0.9990103625744258
730079,0.8962446379959166
730080,0.2838766230399109
730081,0.9995158648772442
730082,0.7796860019544974
730083,0.664881902532296
730084,0.9995028191761898
730085,0.02818158681636093
730086,0.9979180183923514
730087,0.9997424380137052
730088,0.008285985815835143
730089,0.9998747406244686
730090,0.9982433449793773
730091,0.9999673236140496
730092,0.03167641048708608
730093,0.991171179444981
730094,0.5663998851130925
730095,0.8108729405001993
730096,0.9995296694066454
730097,0.9080005727993221
730098,0.999843011196963
730099,0.9911769429968673
730100,0.9997982082159104
730101,0.136413550598155
730102,0.07616464556855854
730103,0.9098622592455485
730104,0.9906411108273248
730105,0.9972753696944077
730106,0.995441632486189
730107,0.9974898501006956
730108,0.992885528107688
730109,0.9997040169296638
730110,0.6150198099256494
730111,0.9997054000971523
730112,0.9924162675050766
730113,0.9999699098147294
730114,0.9975706322078426
730115,0.4352392593848665
730116,0.9967471128436443
730117,0.7761033141328266
730118,0.3316084156015501
730119,0.9937631923157009
730120,0.014489759513124218
730121,0.9149584895952745
730122,0.12345273183260143
730123,0.9999756953788222
730124,0.5853495722758483
730125,0.9961361630818248
730126,0.02022826832164661
730127,0.9684535595395102
730128,0.49214559134920066
730129,0.015670675506423086
730130,0.6742286010616816
730131,0.7186413002124854
730132,0.20690662979198457
730133,0.9006244433060296
730134,0.984095198797739
730135,0.9991942619300492
730136,0.6068394193374694
730137,0.8058231597975567
730138,0.5285080353737378
730139,0.9999807616029388
730140,0.9372248696116137
730141,0.9157034590392932
730142,0.0221165113802477
730143,0.5267628655015427
730144,0.8912234155192034
730145,0.754261461066179
730146,0.9990985365339369
730147,0.8892088271804637
730148,0.9999633765423561
730149,0.9956573024597397
730150,0.999715507160429
730151,0.9982879548957543
730152,0.09124298429213734
730153,0.1293544213555628
730154,0.12567999450919382
730155,0.9998898879707758
730156,0.040673131947675634
730157,0.9364745124901476
730158,0.9995252383227191
730159,0.9997922093669682
730160,0.4136889378952748
730161,0.7274686385168615
730162,0.3424373799212535
730163,0.029129839519198772
730164,0.25178122903311007
730165,0.999615401345013
730166,0.36124816976306623
730167,0.9996188448490319
730168,0.006018782519983744
730169,0.8645118605800458
730170,0.028954757250528453
730171,0.9365130236606602
730172,0.5293508686330939
730173,0.017592744673198858
730174,0.9990826451722796
730175,0.8859741461654442
730176,0.9994404695908491
730177,0.704207164183944
730178,0.9975347386090851
730179,0.8724687832042083
730180,0.013929105678972882
730181,0.8106751341127785
730182,0.9709075775387841
730183,0.7789903225269587
730184,0.8620760009199044
730185,0.9552571132184273
730186,0.8586738569276104
730187,0.9999329116006309
730188,0.9977089219701709
730189,0.8948846207173724
730190,0.9993240767620126
730191,0.9998512651618988
730192,0.9812727973661146
730193,0.9855423176625266
730194,0.9519012267088385
730195,0.3090844723084818
730196,0.998960450524555
730197,0.9994971991805077
730198,0.9998311516293849
730199,0.9996776485687656
730200,0.03879143282827636
730201,0.9998580651556644
730202,0.9995516606739863
730203,0.9975478348711584
730204,0.9998455529915105
730205,0.1376878740096499
730206,0.8197374978483947
730207,0.9785710787492774
730208,0.2573406052157065
730209,0.0992772299800824
730210,0.42815564692372987
730211,0.884278341772933
730212,0.9868150479506914
730213,0.6841746504722628
730214,0.9999491809999654
730215,0.03633799289505127
730216,0.9997808346298229
730217,0.9980847002166321
730218,0.1187505658306913
730219,0.1181277143069485
730220,0.029532737211594884
730221,0.02462973389956699
730222,0.9998079407095077
730223,0.9782097862070847
730224,0.2642695290529903
730225,0.9996436643543045
730226,0.4394577937488563
730227,0.9999477108227818
730228,0.999052058466343
730229,0.011292004149342776
730230,0.6867813712242634
730231,0.9870762188503532
730232,0.9687582198266607
730233,0.9998012850205693
730234,0.5031170491763125
730235,0.9999045626761291
730236,0.3158273308822743
730237,0.9998632940961035
730238,0.34298717001428913
730239,0.9538056715422402
730240,0.9993452804446811
730241,0.003331660535269705
730242,0.18695746948016517
730243,0.9980043606096038
730244,0.9994759625070553
730245,0.18840287912673614
730246,0.3914845475700215
730247,0.007523651780741714
730248,0.09083758584660255
730249,0.9958782144333177
730250,0.33271365397024055
730251,0.6695988426625998
730252,0.6670017233620942
730253,0.9999626348991354
730254,0.9998787750873905
730255,0.9994003914566238
730256,0.014756049113348341
730257,0.04755119860850033
730258,0.2756746717931989
730259,0.009210435409300178
730260,0.5162446088526329
730261,0.7798027083000794
730262,0.0343128464409755
730263,0.9725322444728814
730264,0.9920579381620571
730265,0.993439231868507
730266,0.9947224819681819
730267,0.8967953118675573
730268,0.9994563672823604
730269,0.9999327703421479
730270,0.5646769490069892
730271,0.841250083284875
730272,0.9595989924846655
730273,0.9996914619749868
730274,0.9997421687552327
730275,0.9990867545794618
730276,0.14271980258536296
730277,0.7535981493056502
730278,0.6052397250434405
730279,0.45124461032856866
730280,0.9831372751422176
730281,0.999992553095267
730282,0.6293658050595743
730283,0.07605285442396326
730284,0.9908741150204325
730285,0.9370629968349429
730286,0.9516083223774218
730287,0.024782640798079958
730288,0.9982225178750086
730289,0.781032632820692
730290,0.5371940464452398
730291,0.9013776797798574
730292,0.9999270111009089
730293,0.9271876030277361
730294,0.202137739183897
730295,0.12112607616303489
730296,0.9656493553253844
730297,0.7559012718570745
730298,0.35847894376399136
730299,0.9989447017009604
730300,0.04247008642419599
730301,0.8864775618224431
730302,0.9552725084606314
730303,0.9788126436127196
730304,0.9998896134674257
730305,0.9872358093092082
730306,0.9999596538914193
730307,0.7959906836907553
730308,0.9357360213637016
730309,0.1742254105198117
730310,0.999697451881409
730311,0.8723453257787525
730312,0.9998415842959159
730313,0.08656904553743498
730314,0.6099337452098984
730315,0.9998955906828833
730316,0.9996308344853821
730317,0.9988490618801076
730318,0.910778991041943
730319,0.24034607348654785
730320,0.9401380126579246
730321,0.09775300256677344
730322,0.9998742062759018
730323,0.9870888265003411
730324,0.9927162907622971
730325,0.9720919817250775
730326,0.8395559682854135
730327,0.999906991079376
730328,0.983920713817952
730329,0.583462295686515
730330,0.9999208327364602
730331,0.9999102818247572
730332,0.9313096498229501
730333,0.9931130750004526
730334,0.9977532618007294
730335,0.3100267096334488
730336,0.9852160490026488
730337,0.0088696176822879
730338,0.44931406663493767
730339,0.9925577089298686
730340,0.3878216064646674
730341,0.48366146911792546
730342,0.9991612215787897
730343,0.9993341149399075
730344,0.121341541908904
730345,0.999836072564709
730346,0.4277101907492906
730347,0.9998754083997309
730348,0.9871956114763825
730349,0.9969407211735876
730350,0.9504266780939734
730351,0.1465331185472409
730352,0.9998177230705712
730353,0.9997631633389034
730354,0.8684505267858085
730355,0.9992096492638691
730356,0.9995275937866418
730357,0.9082122949200606
730358,0.6642170166782121
730359,0.5131708801471498
730360,0.9961531339341867
730361,0.9630066483765968
730362,0.9689667924960423
730363,0.5043234858889509
730364,0.012020393868101092
730365,0.08285742047139218
730366,0.05657952396240469
730367,0.5113859862437241
730368,0.9990981309438844
730369,0.43569691978201874
730370,0.9958810878009923
730371,0.9763412313311735
730372,0.859214697696991
730373,0.7215383712356651
730374,0.9928050468286194
730375,0.9360454000035572
730376,0.028881642286092045
730377,0.08116596059057284
730378,0.9993506844509912
730379,0.9998382308306386
730380,0.9866809312418869
730381,0.9994078693515601
730382,0.714355275494595
730383,0.12645413954898654
730384,0.9440226383478022
730385,0.9999128529456942
730386,0.8625883021141557
730387,0.9844555946677003
730388,0.9972772810330723
730389,0.2247315415513309
730390,0.033020023153358176
730391,0.06171116725180929
730392,0.9616873500670374
730393,0.99992714828319
730394,0.3853846255320434
730395,0.04274147026032805
730396,0.8876908331583606
730397,0.4378719544616985
730398,0.9747807109759046
730399,0.005167828978976547
730400,0.9304304976246365
730401,0.6051310692176577
730402,0.9880210530901972
730403,0.968835468175126
730404,0.21925355180663886
730405,0.05467678220483989
730406,0.9961688581703563
730407,0.997718258580641
730408,0.997598743983916
730409,0.8412118240214499
730410,0.9994475594555944
730411,0.9996601275920182
730412,0.9978505396767612
730413,0.42789560727932596
730414,0.32324991584714163
730415,0.2704592141579433
730416,0.999974835114067
730417,0.8196137874432899
730418,0.9998784865151489
730419,0.6823884373281568
730420,0.61879377057873
730421,0.8050970735008949
730422,0.9999013944699768
730423,0.8729768868414496
730424,0.9999869246296424
730425,0.012070533402265899
730426,0.9470746072455848
730427,0.9659810086087377
730428,0.18899071126665049
730429,0.9962673217708459
730430,0.9977858010413548
730431,0.8890872397325401
730432,0.6042600947370157
730433,0.19475191792665114
730434,0.9952154986329885
730435,0.6236629970140094
730436,0.44517675909845145
730437,0.997876471639344
730438,0.6561715588109845
730439,0.7420380431282313
730440,0.9968061041027207
730441,0.9999644220700805
730442,0.8419263249416589
730443,0.9656548674353249
730444,0.9997464810340029
730445,0.9992390967745363
730446,0.9999056573608501
730447,0.9944097432890943
730448,0.6502844905114089
730449,0.9592823593790012
730450,0.20323898026541617
730451,0.9980011367620512
730452,0.9813015052855163
730453,0.9999953346582611
730454,0.6812893847427348
730455,0.9950765597329199
730456,0.0039174269394072325
730457,0.11786154339087858
730458,0.8681775702224335
730459,0.1172635363554015
730460,0.8110049062717559
730461,0.612147948563431
730462,0.5030728739697798
730463,0.9960535857291055
730464,0.9149901574649546
730465,0.9490251516359218
730466,0.04266930393419195
730467,0.9987224103494607
730468,0.9939722010940385
730469,0.5093289310886974
730470,0.9995140385400529
730471,0.9988177586216476
730472,0.8440279629930271
730473,0.9965080633057708
730474,0.461139292547034
730475,0.6308797402335586
730476,0.999196727347316
730477,0.9992721617744222
730478,0.6214046239502644
730479,0.977152861758566
730480,0.591971549469988
730481,0.09729367139524092
730482,0.8000229875484077
730483,0.9975081007254143
730484,0.39295906723288765
730485,0.7301607424949044
730486,0.7247374357750569
730487,0.9977696074229107
730488,0.37840976906276724
730489,0.028968726073955585
730490,0.7148370852823758
730491,0.7987986012387437
730492,0.9999286293492785
730493,0.9995974707104476
730494,0.9898769162960033
730495,0.9990792018108812
730496,0.9999848475809545
730497,0.9993683282118362
730498,0.2816855782905623
730499,0.2000428253656501
730500,0.9992068950623352
730501,0.9810569520120378
730502,0.9949195224792163
730503,0.7121793885920815
730504,0.9998316136583724
730505,0.8666732697434252
730506,0.6150276737229349
730507,0.9993998424720056
730508,0.9998691785386672
730509,0.7761762002315262
730510,0.37769486609641967
730511,0.11111122446126272
730512,0.8012617815534494
730513,0.9775921553965358
730514,0.7573572902330075
730515,0.9694156119186379
730516,0.9977613018546011
730517,0.9994900041916475
730518,0.08384662803297567
730519,0.9997481144482474
730520,0.9315712294854479
730521,0.9760733506629518
730522,0.4755813729391405
730523,0.09515556180439066
730524,0.9995339424772782
730525,0.9995501008101003
730526,0.9999553243101534
730527,0.0009203023929338344
730528,0.9998034601791919
730529,0.0026275348110734427
730530,0.9991186165533305
730531,0.9774965101334026
730532,0.997329824403634
730533,0.43942217503922265
730534,0.5690369012742913
730535,0.3638574082012875
730536,0.7822346903562245
730537,0.04228707455252161
730538,0.59250215478082
730539,0.83270075603523
730540,0.031131294569707587
730541,0.9919385102718393
730542,0.9999437723370116
730543,0.9998095918878438
730544,0.38244389972166243
730545,0.3332072037043463
730546,0.9748803089348554
730547,0.8764097039646784
730548,0.11844546822332853
730549,0.9948078454784381
730550,0.2084574423706987
730551,0.9898621729911617
730552,0.9860128675766641
730553,0.8679662386046354
730554,0.9999565901584072
730555,0.23468608291292276
730556,0.5519849054721926
730557,0.9987230511967462
730558,0.9557700500907296
730559,0.4386849400051982
730560,0.008745653294517347
730561,0.3998722714605488
730562,0.9759361500407557
730563,0.10447908277396974
730564,0.9990030155247374
730565,0.982323057378051
730566,0.9995655041920215
730567,0.08356397216801476
730568,0.9995433466992252
730569,0.7865187270840219
730570,0.10685878432133206
730571,0.11357998662606476
730572,0.39037334336207247
730573,0.9967566944267038
730574,0.9223627459634356
730575,0.9970867433790847
730576,0.9978273649042706
730577,0.995997151180124
730578,0.01646737686256089
730579,0.9980394707535357
730580,0.7067531582310517
730581,0.9947020139472509
730582,0.012018183096466769
730583,0.9756890124646005
730584,0.9959839676582777
730585,0.9751740263067237
730586,0.0077247914785931945
730587,0.5281367226059781
730588,0.9924995926078019
730589,0.9981485153642626
730590,0.9997916634411914
730591,0.9995275448757577
730592,0.12249489387720829
730593,0.0785452278367584
730594,0.999967215631448
730595,0.03230579013672572
730596,0.452774771149687
730597,0.9966486727310206
730598,0.5637617433946531
730599,0.998825025491625
730600,0.08602264757615258
730601,0.2780643233390562
730602,0.9979845142491625
730603,0.6895548931159579
730604,0.5362445798744313
730605,0.9971928962189902
730606,0.999869939708973
730607,0.07456395772472267
730608,0.9127229102730285
730609,0.7209671000336514
730610,0.9998491741167443
730611,0.47348043758230496
730612,0.09762994162573574
730613,0.9982944557884169
730614,0.971280937569943
730615,0.9998126178534747
730616,0.6814693375540677
730617,0.9939119700984318
730618,0.75337095378888
730619,0.9999554943087692
730620,0.9998016288713255
730621,0.09043419453102441
730622,0.973490908127896
730623,0.9765771373578436
730624,0.11119507018564628
730625,0.028109153439616952
730626,0.9999408717250966
730627,0.10337222931025208
730628,0.043380147306428314
730629,0.6276560358126482
730630,0.7731783438068153
730631,0.2075875169733926
730632,0.09035330427118562
730633,0.8250294173227102
730634,0.779600057385212
730635,0.3407857407482606
730636,0.6211976487115063
730637,0.999918858180445
730638,0.9425172213461821
730639,0.9915699903721844
730640,0.7483071572367114
730641,0.4961581553568261
730642,0.9998488601348046
730643,0.645666981606577
730644,0.5944418209102968
730645,0.21308999812455282
730646,0.635589557820183
730647,0.9985095090815912
730648,0.9992657828197251
730649,0.9953772363151567
730650,0.7987793326031443
730651,0.007408125082211869
730652,0.8717041910312711
730653,0.9998847369387645
730654,0.029582835787280055
730655,0.8513895674619343
730656,0.3983358645150029
730657,0.998170332881567
730658,0.9998418980492163
730659,0.3737625748098922
730660,0.013764600678206229
730661,0.9414512235306902
730662,0.999495978054494
730663,0.8867142017165153
730664,0.4034043714118497
730665,0.6991701717638774
730666,0.991334772137746
730667,0.9955300961251154
730668,0.3639202305968673
730669,0.9990715808533639
730670,0.9804627157579395
730671,0.9999729674006606
730672,0.004217065913405735
730673,0.017486426524026114
730674,0.9833729050971628
730675,0.3534813703987239
730676,0.6347854444325502
730677,0.10018029502853565
730678,0.8832096886735414
730679,0.14758459640722998
730680,0.9956877163079616
730681,0.9970781672736398
730682,0.9981804000815029
730683,0.9997123153549954
730684,0.011667164985499008
730685,0.9960482329478257
730686,0.9713323549095854
730687,0.5853660473568842
730688,0.9993365821613112
730689,0.0058295446548794465
730690,0.9995259033668923
730691,0.9436100877240674
730692,0.7796630034682037
730693,0.9996438300791423
730694,0.997598178064699
730695,0.9944983263277737
730696,0.9992110804819083
730697,0.9442142340192411
730698,0.9999875258988854
730699,0.8858384859279131
730700,0.9409987620189327
730701,0.9975884884145909
730702,0.9990990784275702
730703,0.19113607078015896
730704,0.7669051218153704
730705,0.9991576550994938
730706,0.9970185928097894
730707,0.0049468182512696895
730708,0.00952891699488173
730709,0.9916572877307661
730710,0.9997385758430093
730711,0.9992244632901591
730712,0.9999854213437324
730713,0.9768633326264142
730714,0.031136262188238964
730715,0.8706855938307021
730716,0.9999752072381627
730717,0.19552664871848863
730718,0.9971700864561557
730719,0.9999541605598539
730720,0.9447186305692962
730721,0.9994933177314567
730722,0.9989928735569246
730723,0.9980870703445468
730724,0.9986593951761722
730725,0.9996949201014078
730726,0.8864874284612613
730727,0.9909264439740375
730728,0.9997668369178565
730729,0.001046593937612925
730730,0.4779178220925332
730731,0.9999819262280263
730732,0.9998933756648787
730733,0.9998572873660974
730734,0.862572356533984
730735,0.9994135292328739
730736,0.01041782357764397
730737,0.826256077682807
730738,0.0394720129031142
730739,0.7973316891196733
730740,0.9805609620858733
730741,0.999479595142833
730742,0.9996839371314523
730743,0.9989389554154504
730744,0.006182688045677164
730745,0.43384765998912134
730746,0.9997215890778162
730747,0.24115955362657154
730748,0.9998743181698801
730749,0.5913450759955652
730750,0.9283070908060779
730751,0.018875628006013733
730752,0.11061389843907923
730753,0.11734933693846174
730754,0.9910044714231785
730755,0.9279262499683799
730756,0.9998971732002785
730757,0.7297273168401157
730758,0.9994110473603821
730759,0.997154722870078
730760,0.34112107754957804
730761,0.9999354751687372
730762,0.9998916440345038
730763,0.348551044753185
730764,0.9523498615655098
730765,0.999975520599605
730766,0.564333424356612
730767,0.9975347359673767
730768,0.9595810997089229
730769,0.8319128783136778
730770,0.08934085022805804
730771,0.9766517591690127
730772,0.36576470366037916
730773,0.993076844369188
730774,0.9673509729648679
730775,0.2584859948090442
730776,0.570343355556141
730777,0.2210687485521307
730778,0.20929649342015239
730779,0.3280446785389325
730780,0.8933936658354578
730781,0.8743076475368559
730782,0.868482953726746
730783,0.9999489103374719
730784,0.9147006832366359
730785,0.4804728027311199
730786,0.022856454304442983
730787,0.997922868503581
730788,0.02218524236688457
730789,0.9966686275016459
730790,0.99220454993642
730791,0.9861246513946402
730792,0.11378572775456616
730793,0.7299234311262275
730794,0.9527119378524163
730795,0.606943556356427
730796,0.22930370272517647
730797,0.8729216689922399
730798,0.514390925421287
730799,0.9989679552615944
730800,0.9167825106390197
730801,0.11097571633633621
730802,0.9998868101127754
730803,0.9998770417520906
730804,0.9287359724114261
730805,0.9999360584800107
730806,0.9306135997654177
730807,0.9956042417168927
730808,0.991363023596534
730809,0.3974346274332947
730810,0.648415143943626
730811,0.9898483836170686
730812,0.9998664475009589
730813,0.7640015015944103
730814,0.8384401781434134
730815,0.8978074714919798
730816,0.2737785972833547
730817,0.20322685241145919
730818,0.9882518211309603
730819,0.9996883705734205
730820,0.5089592204171617
730821,0.752447578480947
730822,0.9993619369792575
730823,0.039650117799748294
730824,0.22640014302512557
730825,0.9742277948431002
730826,0.6753507990757023
730827,0.8381319659640113
730828,0.9984019749924996
730829,0.9999223695449385
730830,0.855957989786712
730831,0.9754251031622453
730832,0.5096037191834311
730833,0.991583273703343
730834,0.9427525684775943
730835,0.27140151863440953
730836,0.8952288743189667
730837,0.44615347356291934
730838,0.9204584255652934
730839,0.5720053558938103
730840,0.9355671929863862
730841,0.9642104492584359
730842,0.7281182243217699
730843,0.2052493692324275
730844,0.9999471050004007
730845,0.9727051473554995
730846,0.9996316181325015
730847,0.9995348442914723
730848,0.9952780993039267
730849,0.8700481448270185
730850,0.1526574735213392
730851,0.9999153095758899
730852,0.9997445540932288
730853,0.9791910639011069
730854,0.2327194011677589
730855,0.4641367769417174
730856,0.9999259986979652
730857,0.9919061390996277
730858,0.6944544989722092
730859,0.46247340321854635
730860,0.9997308375142953
730861,0.9967006714398756
730862,0.4423950571794179
730863,0.991519850049593
730864,0.9976202660309753
730865,0.08800088333020994
730866,0.49914346823489797
730867,0.38240324844648066
730868,0.9947541132970574
730869,0.9998694676787871
730870,0.3186873952214372
730871,0.6516844852091677
730872,0.9996357301657608
730873,0.9995974253399644
730874,0.7841066680242248
730875,0.4903858070158684
730876,0.47637601598056656
730877,0.00532749466119356
730878,0.9998137841255065
730879,0.47621004981972875
730880,0.9979134348905991
730881,0.8947894740564446
730882,0.8658481115806662
730883,0.9507230210977305
730884,0.9905565876954945
730885,0.7574761802558656
730886,0.9839347118002036
730887,0.920879248709882
730888,0.9977423949031523
730889,0.0021789536355536878
730890,0.9963831541344061
730891,0.8325768367788127
730892,0.1766314742391148
730893,0.9998874036433838
730894,0.7212909398221953
730895,0.994845722503104
730896,0.9988724285603869
730897,0.0934874972737055
730898,0.9999634196568556
730899,0.9995886516026302
730900,0.9044249330877784
730901,0.005574583870767912
730902,0.9994903604638442
730903,0.9999088975229289
730904,0.3820381018926191
730905,0.16126666416670893
730906,0.40579496018686645
730907,0.9998006269540742
730908,0.999462481576102
730909,0.008150105802218935
730910,0.6137973733246066
730911,0.9998086522255478
730912,0.23811965039814276
730913,0.00635025200928528
730914,0.9998676969224788
730915,0.4620758934403376
730916,0.9908394865659624
730917,0.019889534934722918
730918,0.9999770946184563
730919,0.23169408545378767
730920,0.13899980377964496
730921,0.999922222700219
730922,0.9999597535565589
730923,0.990944370992115
730924,0.9850298569974776
730925,0.5676405926561817
730926,0.9999247634114378
730927,0.9986238526663272
730928,0.9998874497590615
730929,0.3908492987268286
730930,0.8180461805183351
730931,0.9971168891558568
730932,0.6391365068353345
730933,0.4422366555559115
730934,0.9996442172725518
730935,0.6355748112912267
730936,0.9999235060602418
730937,0.9946347332160055
730938,0.9999302828688652
730939,0.9997604512519591
730940,0.9956724104311003
730941,0.9999113789289065
730942,0.501834006368326
730943,0.6518327158003793
730944,0.33526403098954055
730945,0.39819922564668475
730946,0.9999022056833771
730947,0.3219437158326298
730948,0.9998305980380362
730949,0.14594181256430414
730950,0.7078693768281319
730951,0.9998648705645106
730952,0.9963393539646135
730953,0.9988810143221832
730954,0.51769632422859
730955,0.14329500958492217
730956,0.898269417894394
730957,0.9967507766016026
730958,0.9998756883082973
730959,0.9997124338373303
730960,0.9974097038811452
730961,0.9997910794415128
730962,0.02460182029625174
730963,0.9462161832833595
730964,0.9998530614993062
730965,0.7660225392843936
730966,0.9067788105784379
730967,0.9978566494044159
730968,0.04242351994849269
730969,0.9999869951943212
730970,0.9996113997723229
730971,0.9997251676704616
730972,0.08281201409597058
730973,0.9902145787675226
730974,0.7149361746027585
730975,0.9999908504688704
730976,0.4886154450283281
730977,0.9988721775507281
730978,0.11760919744400086
730979,0.20404247621854762
730980,0.7719068262571103
730981,0.8205160936019855
730982,0.5210990012867235
730983,0.999952657165239
730984,0.018499526830454166
730985,0.12168435888170874
730986,0.059593033893865124
730987,0.9730305478654735
730988,0.995090277167596
730989,0.9950959752991366
730990,0.998846034245421
730991,0.999319648631962
730992,0.9997718342998958
730993,0.8820998814290233
730994,0.242813367454494
730995,0.9993109216218554
730996,0.9509276797261684
730997,0.07400792622897577
730998,0.9999507951706257
730999,0.9981219341593177
731000,0.6707774418199217
731001,0.35075838109043844
731002,0.020286421763465266
731003,0.9998617467448636
731004,0.7931583847306759
731005,0.872031136519982
731006,0.9933437459290867
731007,0.2306235356729185
731008,0.9999430593732961
731009,0.9998067474617085
731010,0.9959197219719321
731011,0.9532918972468488
731012,0.9061014058593484
731013,0.9983335125223017
731014,0.09312691661015655
731015,0.9995191871556655
731016,0.029736253145882977
731017,0.7612392618686004
731018,0.9999166010520004
731019,0.9361681233779555
731020,0.9426481496310983
731021,0.9901911958446782
731022,0.029627749260226353
731023,0.9999398702531535
731024,0.02686246121272314
731025,0.9999534409149519
731026,0.9993172912008215
731027,0.9996920264961814
731028,0.4270372278486267
731029,0.9760287697817682
731030,0.07411913713032853
731031,0.03596061676796788
731032,0.996253641497886
731033,0.9997890011218062
731034,0.0672847609372951
731035,0.27260409994214585
731036,0.9795084416128321
731037,0.5907262694824186
731038,0.8958847351444683
731039,0.8669636319166121
731040,0.07422797829546243
731041,0.39213562182358763
731042,0.9996440088969409
731043,0.38797563207250857
731044,0.9953805269721911
731045,0.6098197009665122
731046,0.2345199807002497
731047,0.5407577651158277
731048,0.9451040695284185
731049,0.10596776669468055
731050,0.023322231379222964
731051,0.9965349190224297
731052,0.9998002581165003
731053,0.10396531115901227
731054,0.585626476155173
731055,0.2554516769002392
731056,0.9998806941341816
731057,0.7541245771257017
731058,0.4926726913791922
731059,0.8270031794027499
731060,0.09516581317663171
731061,0.902974057605797
731062,0.9939432792325122
731063,0.9994117516500887
731064,0.9998342734956142
731065,0.9996924483606087
731066,0.8902543693400357
731067,0.6942678866139038
731068,0.9981464169814274
731069,0.999951019209492
731070,0.7725638953814857
731071,0.6033905347495583
731072,0.998523913798959
731073,0.854608859878074
731074,0.021270146907956495
731075,0.9937655746165827
731076,0.18543204686799658
731077,0.12223816873514443
731078,0.95234454512553
731079,0.9999714275754553
731080,0.9996500089064
731081,0.6850025119571919
731082,0.9935435368610374
731083,0.6993667596475884
731084,0.9965960573828663
731085,0.4093399692553737
731086,0.9686957658597722
731087,0.27844475912528927
731088,0.8534410575968128
731089,0.6422272692466621
731090,0.6582844882137968
731091,0.9971835687659828
731092,0.9999920741154164
731093,0.9502630708908307
731094,0.6463888274387092
731095,0.02560881159858111
731096,0.9981049485392115
731097,0.99524554318282
731098,0.9996867361961914
731099,0.8327194938387293
731100,0.9960315557758581
731101,0.6324002139417063
731102,0.9771809360385857
731103,0.6978097074245786
731104,0.9994262188718351
731105,0.9883756051769365
731106,0.1625207653375036
731107,0.6622771023956082
731108,0.005711182680806682
731109,0.9687641207857166
731110,0.8223274716534499
731111,0.9963588988571646
731112,0.7404240706613172
731113,0.5003104150100148
731114,0.3685098580653426
731115,0.6729131802787587
731116,0.3094919870367218
731117,0.17879993864219856
731118,0.9246558032912483
731119,0.9999035801865881
731120,0.9871354632538318
731121,0.9984317854565764
731122,0.9888651488522402
731123,0.9998384205941142
731124,0.9477868544924855
731125,0.43361116735711935
731126,0.3791342518566345
731127,0.17187132078939021
731128,0.4276895345247976
731129,0.9958146609960588
731130,0.9832132396302522
731131,0.9923046748255815
731132,0.2492837007564955
731133,0.9710858157568252
731134,0.8470647695688472
731135,0.9999650021853735
731136,0.9935951157061995
731137,0.4041976086036168
731138,0.9840958904132964
731139,0.9995020989122175
731140,0.9998945113504691
731141,0.9408050612428578
731142,0.4266622740629906
731143,0.9999739295072845
731144,0.0025128835950478105
731145,0.32122782653985194
731146,0.43056792279034795
731147,0.9977193408907976
731148,0.9961999245336115
731149,0.4742117600757981
731150,0.6239745682629485
731151,0.9818671257912841
731152,0.011550797146136077
731153,0.9999753947260761
731154,0.95508078302073
731155,0.9998900122293428
731156,0.6665855515701222
731157,0.9998889745781914
731158,0.5747399676337659
731159,0.8553212910800043
731160,0.9997486638370224
731161,0.9987646615614851
731162,0.9293497783144431
731163,0.1161299070129212
731164,0.9683764003420616
731165,0.9998921802233659
731166,0.9982021726279469
731167,0.9976678288334067
731168,0.9055546932656674
731169,0.9859744002485555
731170,0.9999825185962298
731171,0.23550287293931527
731172,0.1602384493209685
731173,0.9994458354412892
731174,0.6843031581238675
731175,0.004617892550825293
731176,0.9935666825380084
731177,0.979485574714605
731178,0.858343738667033
731179,0.9697223619431328
731180,0.7282783433326739
731181,0.9998171004483623
731182,0.055334720315403
731183,0.9971222179644348
731184,0.969471722078852
731185,0.9997086522033625
731186,0.001788061843548791
731187,0.9974022598672674
731188,0.9546031932724034
731189,0.99967207304137
731190,0.009685686372724754
731191,0.23984523593118512
731192,0.7729511579506199
731193,0.825917125550387
731194,0.026528775487368206
731195,0.9579204472310751
731196,0.2228489772643043
731197,0.996156689814397
731198,0.0037560571944809436
731199,0.9928153805483363
731200,0.07692838012264526
731201,0.995731283182081
731202,0.12148697763326824
731203,0.9999175149506533
731204,0.06422772270445401
731205,0.998516025801047
731206,0.999676123638743
731207,0.999722791704269
731208,0.6439900567315741
731209,0.7065957505105291
731210,0.5555944433259664
731211,0.572337299115781
731212,0.9998602315862071
731213,0.34159016760196637
731214,0.9997005020884182
731215,0.9999072298471368
731216,0.9832658896625794
731217,0.9999527223463921
731218,0.9996467655544634
731219,0.8229265964706702
731220,0.4706422562710597
731221,0.8744231731613572
731222,0.9973136927195158
731223,0.8787188206776716
731224,0.98906732670579
731225,0.06722878556196261
731226,0.9807493485745317
731227,0.998955911208217
731228,0.999967435512882
731229,0.026149867841322866
731230,0.3079953064804017
731231,0.9998630088196822
731232,0.9938443224380482
731233,0.903282827787859
731234,0.9999841196168505
731235,0.7939389736287602
731236,0.9998399260307966
731237,0.03797272060096449
731238,0.9851206842740969
731239,0.9957778811529492
731240,0.9602050634779122
731241,0.07982627911883958
731242,0.23303788227988254
731243,0.6737387790701062
731244,0.6494603012825856
731245,0.02786934804901387
731246,0.053737331644236344
731247,0.6280382286504016
731248,0.09953386282864636
731249,0.9951625020239395
731250,0.8821953351477047
731251,0.35346025050405006
731252,0.0724641938163719
731253,0.006622050421801325
731254,0.07678118283736814
731255,0.9803761183632143
731256,0.9750516479238587
731257,0.8501061384472951
731258,0.9998978936316905
731259,0.9763099457707601
731260,0.035358668235828304
731261,0.08511334901812666
731262,0.7398699097693018
731263,0.05095297580808669
731264,0.20343518777842945
731265,0.03458634361406906
731266,0.9880562316030166
731267,0.8912992251780982
731268,0.36645104348625474
731269,0.9994019598856861
731270,0.10390239142114911
731271,0.6578823918717488
731272,0.8718546346305114
731273,0.887188651564004
731274,0.9992270734761216
731275,0.7713605216987716
731276,0.8366993371291778
731277,0.44837424357434597
731278,0.6444033952005057
731279,0.022073060324528125
731280,0.9999911369820929
731281,0.7699685050053479
731282,0.4257357562766292
731283,0.6072381939682812
731284,0.9999568830132506
731285,0.7152415686926267
731286,0.07713938936260122
731287,0.9985746252669392
731288,0.594816404235181
731289,0.40020155749728936
731290,0.9959006960042365
731291,0.9981986316282521
731292,0.9977495899773301
731293,0.999968636852498
731294,0.9999474709589874
731295,0.9998834871572595
731296,0.8727204659325836
731297,0.9998564255339918
731298,0.9999098904246635
731299,0.3553102886389109
731300,0.29976417026409324
731301,0.9952260563053416
731302,0.9999503829197116
731303,0.5679191191505746
731304,0.19782368744342488
731305,0.7896861003106106
731306,0.9996793127084898
731307,0.9996990132765154
731308,0.999560891885069
731309,0.9992426028750978
731310,0.01964105776469085
731311,0.03967179622742098
731312,0.9661794036629701
731313,0.42287664088103477
731314,0.9910916488174457
731315,0.9499556989720714
731316,0.5192078962968456
731317,0.8321982567242154
731318,0.9998217157439404
731319,0.9996080112813714
731320,0.9994523239626747
731321,0.9985307956920272
731322,0.8727664118772167
731323,0.9999437093060208
731324,0.9845309797359352
731325,0.8052973383804107
731326,0.9977072679556718
731327,0.8757361145278757
731328,0.5707785350074359
731329,0.6785985499883441
731330,0.3496326262885371
731331,0.7795842617674851
731332,0.9998950098333155
731333,0.9329678010218293
731334,0.9526697858938151
731335,0.9422494599369594
731336,0.48265187623124267
731337,0.009144446904640157
731338,0.999542731901929
731339,0.9997164060051339
731340,0.9237394720349346
731341,0.973878964494691
731342,0.5172239597627425
731343,0.9998040027782451
731344,0.9999079933492491
731345,0.9889283011068704
731346,0.9991676014681246
731347,0.9867355729507066
731348,0.999475542157767
731349,0.5602613430454283
731350,0.13212405889397072
731351,0.998868354623718
731352,0.9934549060071165
731353,0.999702602046498
731354,0.9999936016364404
731355,0.9999416625342805
731356,0.9997547381503551
731357,0.9996660320961336
731358,0.9405583573014398
731359,0.9999649175930796
731360,0.002490049645043211
731361,0.9997357974466771
731362,0.9703652101817458
731363,0.9938907375492355
731364,0.6310394986442827
731365,0.998544042875487
731366,0.9997561105328376
731367,0.9993861168167826
731368,0.6506547557806532
731369,0.9997389169973094
731370,0.9994568870340992
731371,0.9736155212570289
731372,0.7288160034574503
731373,0.9994978712538687
731374,0.5212578992768875
731375,0.8119529315675735
731376,0.02097889686887818
731377,0.9999596993805645
731378,0.22797897429872083
731379,0.606470339224972
731380,0.993271827594816
731381,0.9948958679507118
731382,0.10954505154150623
731383,0.9992399599570663
731384,0.9982399646568282
731385,0.9969524004500272
731386,0.9990505718383168
731387,0.07690444227882595
731388,0.5967884189558519
731389,0.9996712155921939
731390,0.9997883057664991
731391,0.9990888082396246
731392,0.01693517340653202
731393,0.9683422953597015
731394,0.6091030424029973
731395,0.7281974780825782
731396,0.9379615501784514
731397,0.9898642508043078
731398,0.9999164084188332
731399,0.9771323755990687
731400,0.9997949811619552
731401,0.24026875644443704
731402,0.3643105428843458
731403,0.9984427555359935
731404,0.9350366478622889
731405,0.16471829917311023
731406,0.9999129762022796
731407,0.9769780927516816
731408,0.8748614870436012
731409,0.9954774292288766
731410,0.9997619986602768
731411,0.16318439008828373
731412,0.9885208650788075
731413,0.4448097867794304
731414,0.09266707989116733
731415,0.9279325147652784
731416,0.012342262801605983
731417,0.03087707939665543
731418,0.9996020902254883
731419,0.8532399567032933
731420,0.9730301085438363
731421,0.9999720951497136
731422,0.9991796216391584
731423,0.9995304878820513
731424,0.02453012278855342
731425,0.6711573746415398
731426,0.48761661909113196
731427,0.9965483588772217
731428,0.1585032684926198
731429,0.6432048263118089
731430,0.9981919494655302
731431,0.9997832422772117
731432,0.3180191302897817
731433,0.999760686676227
731434,0.9433741191980195
731435,0.1686036203523637
731436,0.9972303260018169
731437,0.9991311665630451
731438,0.9986389507361073
731439,0.11727534991767825
731440,0.95666057827772
731441,0.9999454151815046
731442,0.7589427139392889
731443,0.9998602066572961
731444,0.4459239549907142
731445,0.37443203983441353
731446,0.008020103328889843
731447,0.40851343537996765
731448,0.6503479831051011
731449,0.9997862985833673
731450,0.9997555590578429
731451,0.20046767914930208
731452,0.9999073839401963
731453,0.00818031151058441
731454,0.9319021342488591
731455,0.17395636863368846
731456,0.15740854154982645
731457,0.6484464079129088
731458,0.9694414654720378
731459,0.8367280373527025
731460,0.9997323080736948
731461,0.26692627265810553
731462,0.9872849213879227
731463,0.008649773639239293
731464,0.9998007553011812
731465,0.41518704807381246
731466,0.9987055929807137
731467,0.6637293107085078
731468,0.9999260364847524
731469,0.8326813220809912
731470,0.9970861989685795
731471,0.9996162603059904
731472,0.9997747763896581
731473,0.403080040092041
731474,0.974255018027392
731475,0.5249630017330114
731476,0.7695902855924641
731477,0.8325285275014824
731478,0.9984490097173422
731479,0.95722418308124
731480,0.8473981669437065
731481,0.9971448805142649
731482,0.9972613053565994
731483,0.9496769445293062
731484,0.9998592837539184
731485,0.06770804423646772
731486,0.6127918857205694
731487,0.5798373964048167
731488,0.9955837794316846
731489,0.028121974336558535
731490,0.7801816178698138
731491,0.9982944144229707
731492,0.11027373228365271
731493,0.4113811352027374
731494,0.9801705708816739
731495,0.8034989339915806
731496,0.9980278712222377
731497,0.0680551704057358
731498,0.27433461422268096
731499,0.9551141319520733
731500,0.030587533489440395
731501,0.9999238500295482
731502,0.8771721455893144
731503,0.7824979198023172
731504,0.15125140653396005
731505,0.9996112943908255
731506,0.9997907076310386
731507,0.1406976532142273
731508,0.038351588450424835
731509,0.4406346031390279
731510,0.9167316729041333
731511,0.999953549225306
731512,0.9999659833293315
731513,0.9989772412301902
731514,0.05280176689104826
731515,0.9953505015015411
731516,0.05986672601085888
731517,0.4754530610309037
731518,0.9705457428448071
731519,0.998175795624942
731520,0.9994627872177854
731521,0.3118914777381824
731522,0.9998432083146845
731523,0.9670870406282328
731524,0.9999413359057963
731525,0.9755023257978594
731526,0.9991692497901745
731527,0.9998776344449862
731528,0.017552371399261052
731529,0.894695021693526
731530,0.9714140214391865
731531,0.03349382124024986
731532,0.6651294353316775
731533,0.00824358818029462
731534,0.9997970748594414
731535,0.9932401671949525
731536,0.9958917798715454
731537,0.9999904627429061
731538,0.999948659556651
731539,0.5129453908268496
731540,0.6714230062559496
731541,0.9152517644013058
731542,0.9966139852351296
731543,0.9885829433163731
731544,0.05938679832523762
731545,0.534102067545126
731546,0.99995584550737
731547,0.9993892203403942
731548,0.7383569080791494
731549,0.21725346907996518
731550,0.9850097761546879
731551,0.8610785479410279
731552,0.6136180775925337
731553,0.3190579286478282
731554,0.9954024704898987
731555,0.7782175965381202
731556,0.0848703781084015
731557,0.9925461682272904
731558,0.08029798122015379
731559,0.9967175466279583
731560,0.9995996499060446
731561,0.05849302538282937
731562,0.5472636718079188
731563,0.8576308533735524
731564,0.9738770625377748
731565,0.9990732718203487
731566,0.23199656302662253
731567,0.026748842318465218
731568,0.6314090368610042
731569,0.999673146782416
731570,0.5507313469807565
731571,0.9998358081188363
731572,0.9928383446486556
731573,0.9992038989920896
731574,0.9989472548961649
731575,0.8260231673152604
731576,0.9985009590466459
731577,0.99994588181293
731578,0.999983670941716
731579,0.5302059385033161
731580,0.9849352174713498
731581,0.420433787533664
731582,0.9999362502274003
731583,0.9715809272461251
731584,0.6718039108801953
731585,0.9998968115956488
731586,0.9568014429264871
731587,0.9997442665254952
731588,0.06735612460755415
731589,0.48324127875497586
731590,0.9998755138660179
731591,0.9996711870519832
731592,0.99997879059714
731593,0.5842031429431078
731594,0.8751422434477765
731595,0.9995476735458332
731596,0.12336791342802625
731597,0.8677423646724876
731598,0.07709421503538204
731599,0.9973217416145971
731600,0.9556647086044397
731601,0.7620556101653599
731602,0.9997069241743166
731603,0.051945278079194926
731604,0.999986169570298
731605,0.9999500009708786
731606,0.0021355625311465826
731607,0.8029681369927035
731608,0.9841679350179381
731609,0.9932782460930003
731610,0.12963563845267512
731611,0.9999412710874409
731612,0.3071955933850189
731613,0.9296122726955547
731614,0.9994308644940577
731615,0.9999427337359333
731616,0.9999456276414772
731617,0.9974373302253301
731618,0.9979243662508693
731619,0.748065181391415
731620,0.4290235513274405
731621,0.9965645185362992
731622,0.038065773803976986
731623,0.994969380903426
731624,0.999623613095775
731625,0.27209006483555664
731626,0.9890102714975129
731627,0.999004042738882
731628,0.9886070538930829
731629,0.7961935813001028
731630,0.21116794705188208
731631,0.7864127410223762
731632,0.9951856582845692
731633,0.9981876371002867
731634,0.9995874322677062
731635,0.9731733894127602
731636,0.515857102463542
731637,0.7321479410823974
731638,0.788642378297193
731639,0.997366049340016
731640,0.25531539174113266
731641,0.9960525766083497
731642,0.9968659669313675
731643,0.999413469133417
731644,0.9120101632066604
731645,0.7575773943640538
731646,0.050030978774683994
731647,0.9999392757355946
731648,0.9976934093719946
731649,0.9986468197377579
731650,0.8605753738735319
731651,0.10857759558420203
731652,0.943107635416558
731653,0.7987326783146734
731654,0.9619551498751322
731655,0.39804628278751536
731656,0.3605476975900298
731657,0.994887300251611
731658,0.9989042415589613
731659,0.055006056002033656
731660,0.7461135503947134
731661,0.4344592092709249
731662,0.5972583476656511
731663,0.8183859520026082
731664,0.1899329565493453
731665,0.9994957490235177
731666,0.9994092574725747
731667,0.9997306941888701
731668,0.9979720637498185
731669,0.08910156754185532
731670,0.9168331683423452
731671,0.21149271198401343
731672,0.9829600988180903
731673,0.4375532191593097
731674,0.7885172757563075
731675,0.9997878505389239
731676,0.12707873094637476
731677,0.9990323777245353
731678,0.06362271001950262
731679,0.05041414384731925
731680,0.4526807730963823
731681,0.9517869803595689
731682,0.9995177816477927
731683,0.9998798413837005
731684,0.023332844757768128
731685,0.36009960435797705
731686,0.9997738029448604
731687,0.9999741236936286
731688,0.9994497730341827
731689,0.19390812282200007
731690,0.9998481090441673
731691,0.9988239191118942
731692,0.8148883963938602
731693,0.9501952514746257
731694,0.9984028624427804
731695,0.9221520444163974
731696,0.06433680803642057
731697,0.9337230683838929
731698,0.9934101199261527
731699,0.8697001327844571
731700,0.9622429053006794
731701,0.3202124552602305
731702,0.9902791478267978
731703,0.19941421523050962
731704,0.03030061103966489
731705,0.04628886068259162
731706,0.9999624190707257
731707,0.9979478643382397
731708,0.06783806116160442
731709,0.9986686873213976
731710,0.8642521849800657
731711,0.0964420098631933
731712,0.8563405747812982
731713,0.9999766638981685
731714,0.6201927263919228
731715,0.9998219965898256
731716,0.9145193922658884
731717,0.005199332482694771
731718,0.02932672543397031
731719,0.6044534003501294
731720,0.07500599929604485
731721,0.9652559159463163
731722,0.6662100475096269
731723,0.7808765166980491
731724,0.9806366546685592
731725,0.022725172693148357
731726,0.9997385192640496
731727,0.1039606432855028
731728,0.09532855917230967
731729,0.7402188005237456
731730,0.1574050361768538
731731,0.6964619999880227
731732,0.053904045060627154
731733,0.9360046393830403
731734,0.004957981796091278
731735,0.008615367701909944
731736,0.9999081153353044
731737,0.37140478076249006
731738,0.9670504858867982
731739,0.38038049362576043
731740,0.955486396902209
731741,0.9996035616092598
731742,0.9994552270199604
731743,0.3332941725259524
731744,0.03320047598420531
731745,0.18267006877475667
731746,0.8865689749313412
731747,0.961507674146441
731748,0.7413540120802954
731749,0.02492926673498426
731750,0.7676069492081335
731751,0.5745557842049323
731752,0.16597703653848742
731753,0.8790457938600683
731754,0.049696003803867544
731755,0.9783360316424289
731756,0.9853505462000831
731757,0.9962787143528944
731758,0.05622725970174647
731759,0.9742535859932897
731760,0.9989546365511153
731761,0.6710550909119707
731762,0.9980760628320235
731763,0.044322312230899406
731764,0.09412237317846714
731765,0.40309993660313526
731766,0.9996655242964353
731767,0.9586758500726115
731768,0.12687850083122607
731769,0.4584168755619711
731770,0.2176763657652264
731771,0.6809704992613684
731772,0.9988765146264462
731773,0.999426765116711
731774,0.9999337419262423
731775,0.5060700232480475
731776,0.9961554750058306
731777,0.9932619284371267
731778,0.9996818084299718
731779,0.9983020222317263
731780,0.41845473430749125
731781,0.9892185845706297
731782,0.8637467475454051
731783,0.6580866305508644
731784,0.9999419352015539
731785,0.9999023942806791
731786,0.9998854109606748
731787,0.9910172267682378
731788,0.026183425902024514
731789,0.08765358531018833
731790,0.997268715387407
731791,0.045901783007154896
731792,0.004126058904339952
731793,0.9951034691717775
731794,0.9926543303725062
731795,0.6892865457777205
731796,0.014598780747298956
731797,0.9998585896210281
731798,0.7914227223216028
731799,0.9952321290379631
731800,0.9939928498561995
731801,0.994378347657527
731802,0.11769373008055076
731803,0.9998068861131146
731804,0.9980506422688694
731805,0.9966454437129568
731806,0.9998449657308901
731807,0.1257239791499008
731808,0.9985072459767853
731809,0.9697514655996595
731810,0.13376734898846265
731811,0.607004767556571
731812,0.9895062803889308
731813,0.9968473159202189
731814,0.9999121188263214
731815,0.9988179248501374
731816,0.8888268318623104
731817,0.04947537307583452
731818,0.8640510219205826
731819,0.9107594985770231
731820,0.7872206566004608
731821,0.831465464079289
731822,0.9947332398118619
731823,0.13298269407711405
731824,0.0059839472111983295
731825,0.7343812402236682
731826,0.9382405284693648
731827,0.9791292496018926
731828,0.9889709347867662
731829,0.008574878853753808
731830,0.9887685620868376
731831,0.9993078706827849
731832,0.9885922581148894
731833,0.08164426687635712
731834,0.9118401423341174
731835,0.17817534603993013
731836,0.999869058681204
731837,0.9813827957649482
731838,0.9031151109522405
731839,0.7170176921924281
731840,0.9104323036652698
731841,0.9999244553112608
731842,0.999986342350769
731843,0.9993439947280468
731844,0.9172902128759455
731845,0.9993615175873112
731846,0.9706718832944016
731847,0.06502764101972101
731848,0.9994456190501647
731849,0.8398278995574637
731850,0.9859723190735967
731851,0.09486716729141965
731852,0.05300192230722084
731853,0.8051665909522119
731854,0.038398458172062805
731855,0.9997740681126492
731856,0.7990520092841737
731857,0.999630461065341
731858,0.9996717978288953
731859,0.9994478074844217
731860,0.9853781816150788
731861,0.0030711811739902823
731862,0.7297084546103126
731863,0.8557894360824256
731864,0.9995187606053335
731865,0.9998429571252301
731866,0.9835648565975638
731867,0.9996106222139587
731868,0.9925064068092229
731869,0.5855795550600086
731870,0.3102628345447038
731871,0.06262778764215668
731872,0.9824785330969881
731873,0.9999096701488661
731874,0.9978213980858248
731875,0.993747373043424
731876,0.9920768124709276
731877,0.9991029576251966
731878,0.9997927833423661
731879,0.26482478137435633
731880,0.9999431655927339
731881,0.5170185952340449
731882,0.07084519779659743
731883,0.9999474866777653
731884,0.9957565199380799
731885,0.9962932866724168
731886,0.6130551025606625
731887,0.8898043812006957
731888,0.999901758649341
731889,0.9921606976128592
731890,0.020351311946588575
731891,0.959655153065462
731892,0.727136115910268
731893,0.023699531454185317
731894,0.9993645975956105
731895,0.0499486859792831
731896,0.9591696248359871
731897,0.9997153161197767
731898,0.8763070774774986
731899,0.9995450212754743
731900,0.07658123212242952
731901,0.9976077875034599
731902,0.30207856796849436
731903,0.6012961565079705
731904,0.9746396288815498
731905,0.9962376467618892
731906,0.7103515719774725
731907,0.9999732076820411
731908,0.7639703731178066
731909,0.9958476565742451
731910,0.9257226986145459
731911,0.9999508275787953
731912,0.99981944484174
731913,0.7075161161914715
731914,0.0020734537383631296
731915,0.5797792848581106
731916,0.9829109140470045
731917,0.18364555715069042
731918,0.24600729894049053
731919,0.07509888812580356
731920,0.9422087505691706
731921,0.9590581479514382
731922,0.9997842810544415
731923,0.8933209403870503
731924,0.9974248829736025
731925,0.026586215323998207
731926,0.2582481444242608
731927,0.9996345396578081
731928,0.16059774218069908
731929,0.9999521904976723
731930,0.9990732125202687
731931,0.3737476890102854
731932,0.39596924590684035
731933,0.9836267924059363
731934,0.9943919617823109
731935,0.9845380966007562
731936,0.957121177867994
731937,0.341244149544725
731938,0.9467254361810953
731939,0.6975665725362388
731940,0.008035212250294679
731941,0.9972297727737325
731942,0.016036427704885097
731943,0.9993833183973821
731944,0.9982904713294614
731945,0.33351822742604587
731946,0.02941931381280853
731947,0.9999535810759574
731948,0.9369036517564835
731949,0.6260452325081712
731950,0.9998862644143254
731951,0.993609937960758
731952,0.6297671999109649
731953,0.9968162641927766
731954,0.9998621403320977
731955,0.9999229930505504
731956,0.9994172614670773
731957,0.6749090001908435
731958,0.9999819312819676
731959,0.9998912130961138
731960,0.11002550184072916
731961,0.9918537108949487
731962,0.9997851283952288
731963,0.9993930893473296
731964,0.882702072587594
731965,0.9992699625506885
731966,0.325100540814305
731967,0.5423799250957526
731968,0.9975121467865162
731969,0.9890097558286963
731970,0.01807210026272001
731971,0.029221875716968118
731972,0.9997886674642209
731973,0.9982612997357764
731974,0.9977659532227177
731975,0.9997734304234289
731976,0.9972870305769019
731977,0.9999813564624319
731978,0.9993267986543998
731979,0.6861495207370197
731980,0.9619998984270034
731981,0.26835665418751964
731982,0.9680419318488512
731983,0.08214055691949115
731984,0.5163954035423199
731985,0.9997967434234616
731986,0.9033664304643934
731987,0.9254766369874732
731988,0.987023196129561
731989,0.9011365661178892
731990,0.9985528457498285
731991,0.8422653031975978
731992,0.8778244342952896
731993,0.9988225623310087
731994,0.9999755992521934
731995,0.9924955366215218
731996,0.5364914119746071
731997,0.9995678781780866
731998,0.006295848200457862
731999,0.9991488580481672
732000,0.4105686265249048
732001,0.013418482875731467
732002,0.9999153044195259
732003,0.9321802923174369
732004,0.999080413502771
732005,0.40196455380911633
732006,0.03235428351027502
732007,0.32440667562364744
732008,0.9104900832877112
732009,0.1078938682675088
732010,0.566509906971134
732011,0.9416200246605193
732012,0.36004522644997816
732013,0.9999797974265122
732014,0.7680850328135941
732015,0.4922660964612889
732016,0.9955759765938175
732017,0.6946255435420257
732018,0.9997269814618823
732019,0.9999480331291077
732020,0.955115040104856
732021,0.9996634315035307
732022,0.9768899322547202
732023,0.9996482269230108
732024,0.9999168219797652
732025,0.9855753813843815
732026,0.9996766267404436
732027,0.9998212818743948
732028,0.20821007821713622
732029,0.9999775409587575
732030,0.6887969199997995
732031,0.9817569542773794
732032,0.9999544588057243
732033,0.6673383532112375
732034,0.9974590497314559
732035,0.6307837985518725
732036,0.3179843098960307
732037,0.06789504192313994
732038,0.9991631402491796
732039,0.9289824207963429
732040,0.1365135534365053
732041,0.9988476944507565
732042,0.7332328738160487
732043,0.05328518832492996
732044,0.528750724553341
732045,0.9973006583044812
732046,0.9991012182752713
732047,0.9576462786628223
732048,0.11807546784921061
732049,0.9185137159399089
732050,0.9947335025968572
732051,0.9995235691689928
732052,0.9961034687864336
732053,0.9975745870926593
732054,0.7954697042146958
732055,0.999774376037512
732056,0.9099380552132462
732057,0.7183814837755809
732058,0.9679757512152276
732059,0.7477196531851612
732060,0.998602709821779
732061,0.8306003610630632
732062,0.9999468799423636
732063,0.9971112332461316
732064,0.9979651867397579
732065,0.7746497030037602
732066,0.012526651317100353
732067,0.07794674413707538
732068,0.303297114783034
732069,0.9988618132863236
732070,0.9997256203137678
732071,0.7324671429522411
732072,0.8118596291940008
732073,0.9998765279434958
732074,0.002045444211137328
732075,0.9553012614015217
732076,0.9993447278138898
732077,0.9912942743417457
732078,0.9994468472792164
732079,0.8934220316034496
732080,0.9863464119789389
732081,0.036720406966454046
732082,0.8122407468746945
732083,0.08557260149838279
732084,0.2666504368051603
732085,0.5315536224043977
732086,0.9856687948868034
732087,0.9996919445364334
732088,0.6538952218822187
732089,0.9961387008306624
732090,0.9999841415816747
732091,0.8495938026420329
732092,0.3864321519376238
732093,0.9993572783403148
732094,0.08967808893494768
732095,0.879083702251729
732096,0.8440215070916912
732097,0.9992690948653689
732098,0.2582719846198293
732099,0.5044639871315518
732100,0.9993174612472213
732101,0.9999723654291947
732102,0.9981175846114629
732103,0.9892249054493442
732104,0.013081507623456909
732105,0.999879140616767
732106,0.9867440654934778
732107,0.016414589789796097
732108,0.8543067263826796
732109,0.3313941484279418
732110,0.7981164693636953
732111,0.997749245814338
732112,0.9976708153088845
732113,0.7986618470275222
732114,0.9180156964085684
732115,0.2870400083445293
732116,0.2139638729135705
732117,0.9251850567954507
732118,0.5295060071376906
732119,0.9879912567380018
732120,0.6993638128825419
732121,0.9852876732465514
732122,0.15575790601702805
732123,0.5768665335145351
732124,0.9927971463678975
732125,0.9998133698514603
732126,0.984741992232496
732127,0.9993554023659191
732128,0.023198260267989577
732129,0.9990989797114107
732130,0.2483897896511419
732131,0.9997907596092708
732132,0.9988420094757985
732133,0.9985724092427232
732134,0.3657896274184263
732135,0.06022007656726392
732136,0.009674787633020593
732137,0.4486749364075735
732138,0.0634202508732127
732139,0.9999801359499297
732140,0.9995638226358028
732141,0.5612568901843652
732142,0.9924393892758226
732143,0.9954248816278388
732144,0.999677575500775
732145,0.00412242067548964
732146,0.9758682042962064
732147,0.9970651550210143
732148,0.9964853862770624
732149,0.9988149183227011
732150,0.40670462305364313
732151,0.9999893892909917
732152,0.6329804716041261
732153,0.9999779681146266
732154,0.9995980084487996
732155,0.8365418544473012
732156,0.9598774542625306
732157,0.9988161565095349
732158,0.02285083797211388
732159,0.9170759449331944
732160,0.1449211325895899
732161,0.024063370031777345
732162,0.10876140462172507
732163,0.9999121401746328
732164,0.9974187897657695
732165,0.06016178969501386
732166,0.8203829368972839
732167,0.6201254450158841
732168,0.11643088694372403
732169,0.9863369122514465
732170,0.003535781280641073
732171,0.7988780561553881
732172,0.9898815097190601
732173,0.41816171279927095
732174,0.0779258319061338
732175,0.9997441023585315
732176,0.26301991709189176
732177,0.9520446958415971
732178,0.9314479299572003
732179,0.9173044795143688
732180,0.999736338391835
732181,0.2390205568834804
732182,0.5727760145787828
732183,0.0483606004372987
732184,0.052718851765607505
732185,0.025374016635668434
732186,0.6846893923021503
732187,0.5274830392228886
732188,0.9076542290444835
732189,0.9996770619703899
732190,0.9993912921702504
732191,0.9919823910155858
732192,0.07240536385779613
732193,0.9696589601019406
732194,0.008109978761300297
732195,0.806957506708959
732196,0.8539570447309879
732197,0.999647774630184
732198,0.06626849138361908
732199,0.8242750452581531
732200,0.4372329761296257
732201,0.9997241016684505
732202,0.989572282742534
732203,0.9932783837860135
732204,0.041116450964063994
732205,0.8060352809180378
732206,0.07673534066954381
732207,0.9914308643789362
732208,0.6482824173978456
732209,0.40802912804754193
732210,0.15976492291311667
732211,0.9940492640953995
732212,0.9706256646894338
732213,0.8516383645355297
732214,0.9995951261853926
732215,0.7531769124287727
732216,0.9436746443410293
732217,0.8310499092726313
732218,0.9990400259954899
732219,0.05483400584333402
732220,0.9998183604254044
732221,0.7380385836298132
732222,0.9981069963232537
732223,0.3208433935002015
732224,0.8391860872119526
732225,0.9990353240172818
732226,0.6696654353289948
732227,0.9989794290285134
732228,0.8831117661846279
732229,0.7050470562035834
732230,0.9856336123968916
732231,0.9998775288092434
732232,0.9999169523008312
732233,0.9998334850805178
732234,0.5260705396999531
732235,0.16871632381360102
732236,0.8226159605230794
732237,0.10252178085373692
732238,0.3037695577064345
732239,0.9997245956094936
732240,0.6312238398691317
732241,0.13065452506504652
732242,0.9238315792608895
732243,0.5475132446713902
732244,0.9970767296030735
732245,0.013199533462976108
732246,0.999874075909922
732247,0.9903958728180347
732248,0.6732005102142932
732249,0.9965675309485131
732250,0.9951002128289519
732251,0.9682956228163195
732252,0.8974094888127255
732253,0.37546770336770585
732254,0.46147049746049146
732255,0.9893841369384196
732256,0.9094509246885032
732257,0.8720984231160922
732258,0.9811576718944246
732259,0.9538986901932445
732260,0.9938745549751927
732261,0.9823305109112748
732262,0.6914566836707838
732263,0.859584588140909
732264,0.012709191900273547
732265,0.6149847113943077
732266,0.9747060494211908
732267,0.11308801304731242
732268,0.9873142007995033
732269,0.999879832200556
732270,0.9847134635106739
732271,0.8223102533740432
732272,0.7856646219369183
732273,0.9900912529027524
732274,0.9759532742026652
732275,0.03838729791836415
732276,0.9995868617670884
732277,0.9943307266931946
732278,0.7716142312391178
732279,0.20285999957237644
732280,0.006067926885307811
732281,0.2630426819433883
732282,0.999983624473883
732283,0.6564413033261207
732284,0.9979277059088962
732285,0.4955963166493978
732286,0.9972543529574087
732287,0.9999709451189411
732288,0.7736434802179935
732289,0.5297977526475779
732290,0.9990493896712467
732291,0.9866432454341769
732292,0.6096397721928813
732293,0.16078444484650484
732294,0.9998928814705202
732295,0.9995425890911935
732296,0.9999571956632956
732297,0.004613895245946591
732298,0.07628306335017057
732299,0.3985476145861383
732300,0.7058096931347362
732301,0.9999058727530012
732302,0.5298724128963448
732303,0.9961073565279304
732304,0.06360347207114997
732305,0.6135389079872325
732306,0.26960032598871636
732307,0.9939163025176896
732308,0.22527954424259494
732309,0.10355019229850261
732310,0.5198970186499478
732311,0.9948312114538096
732312,0.9998628296072389
732313,0.874395258721159
732314,0.5823640370476306
732315,0.9997886284056255
732316,0.9970993180273036
732317,0.9982150465433124
732318,0.32036280451001387
732319,0.6824392593913863
732320,0.9844552523050297
732321,0.9963611440371998
732322,0.5131310287161603
732323,0.0016579485706125691
732324,0.7196156004349287
732325,0.6743673598395991
732326,0.9979246558616575
732327,0.7319637615816114
732328,0.9999129716335945
732329,0.9997545906004113
732330,0.9997913198762051
732331,0.6098636777581922
732332,0.3402053101962321
732333,0.9999113220756256
732334,0.9618374931238778
732335,0.9997840288281572
732336,0.4500338521463334
732337,0.0487326217591514
732338,0.5157407294550675
732339,0.08755701351493865
732340,0.7816981387869111
732341,0.9901895028996692
732342,0.06655618906357
732343,0.9995116098810024
732344,0.5731435648584852
732345,0.9998733519318852
732346,0.13305304328627995
732347,0.9977441357468928
732348,0.014240764342383973
732349,0.9908489923107454
732350,0.9999244105727345
732351,0.03939795860825279
732352,0.004445993105533822
732353,0.9743873654672265
732354,0.022509099567284113
732355,0.9858660924279652
732356,0.9624183319966201
732357,0.9995725172645029
732358,0.6610604523189256
732359,0.9940640653750072
732360,0.9899832306892655
732361,0.16932444868509866
732362,0.8703098451797364
732363,0.6835464362937707
732364,0.9999916975217639
732365,0.02599822463088098
732366,0.6306027272769328
732367,0.9998424988719365
732368,0.989822223469434
732369,0.8773276320594524
732370,0.8480376736867696
732371,0.998150073852333
732372,0.17770005026315094
732373,0.9995938536496705
732374,0.9899105144567375
732375,0.8533447607814139
732376,0.9968720394421029
732377,0.9997411505267123
732378,0.008477963675180866
732379,0.7154922846090246
732380,0.06338882781966453
732381,0.9998832876827147
732382,0.14660305723880215
732383,0.9945183482116212
732384,0.9955436056639603
732385,0.969743665710076
732386,0.05927545808613759
732387,0.8583786948317907
732388,0.9994948387699214
732389,0.5158246593289973
732390,0.776174395766758
732391,0.9921442676294568
732392,0.9998407014275768
732393,0.036422225798919135
732394,0.2203399704142368
732395,0.9999026961610962
732396,0.9973529541956134
732397,0.3928205468050615
732398,0.9993515002531583
732399,0.99997363671285
732400,0.9886103868315839
732401,0.9841812523576537
732402,0.11839766812907708
732403,0.9976252996514732
732404,0.999946156378352
732405,0.8945477561287094
732406,0.5011306139784237
732407,0.08711711987285559
732408,0.5691595112977181
732409,0.9998636031848026
732410,0.9992331373179475
732411,0.994942925651119
732412,0.9273987327427873
732413,0.9902350491001001
732414,0.3550390154935269
732415,0.9999455824257244
732416,0.9997650459939472
732417,0.999222508329576
732418,0.9997516098127461
732419,0.36338022499788347
732420,0.6798668009925615
732421,0.9915035409475469
732422,0.20156583220520152
732423,0.9991977177562498
732424,0.04606080705469112
732425,0.9959932505120215
732426,0.13571595652820334
732427,0.06036412596631807
732428,0.8920624715157448
732429,0.9445062915749726
732430,0.3891019817367358
732431,0.5157390900510572
732432,0.9994424649352913
732433,0.998979503863163
732434,0.9899089033498965
732435,0.921136331444393
732436,0.999871812839149
732437,0.9997822460586854
732438,0.27902414099822687
732439,0.8797658738424944
732440,0.8705292392057479
732441,0.7700253723603308
732442,0.8308559174681476
732443,0.999932359500059
732444,0.2846161490013363
732445,0.9730337205385049
732446,0.7917721029970177
732447,0.9997806789710623
732448,0.9386746668932959
732449,0.99931892324232
732450,0.9969226662066467
732451,0.9948362237371917
732452,0.9998250915424688
732453,0.9919766175949929
732454,0.4282665299673948
732455,0.06589809614660662
732456,0.9791703747837992
732457,0.7790461433210374
732458,0.9415870412330709
732459,0.6382376609035985
732460,0.998012118323553
732461,0.957953278596309
732462,0.9964021637732411
732463,0.6658085056194167
732464,0.9993814026936734
732465,0.995611055564158
732466,0.19116397572817773
732467,0.9869070889950907
732468,0.9991881856049114
732469,0.9974400878909817
732470,0.29061762944869585
732471,0.98764141206953
732472,0.008616034958484533
732473,0.995140349295765
732474,0.27979714122580696
732475,0.9997443603177342
732476,0.15002173267193616
732477,0.9997843882369416
732478,0.6524521829045291
732479,0.08177712556490827
732480,0.915673181077146
732481,0.5316988032170102
732482,0.8789255603145465
732483,0.9989513235731167
732484,0.9503464172267009
732485,0.9896094782324509
732486,0.999651931319457
732487,0.9999908314197947
732488,0.9967749036793405
732489,0.02133921268199524
732490,0.9144768184344405
732491,0.9535282533359009
732492,0.5105049647338823
732493,0.7802433297810889
732494,0.9998244029508577
732495,0.718517846465544
732496,0.04972195928625936
732497,0.9997259408886561
732498,0.918501036442916
732499,0.5435888927998406
732500,0.9910400539413156
732501,0.9583986221593213
732502,0.5350177596915485
732503,0.9927931069306732
732504,0.07260340128781087
732505,0.8138056235251528
732506,0.1434420022695874
732507,0.4959250969632534
732508,0.9542976226102037
732509,0.9999491247153525
732510,0.9881449767052106
732511,0.16360465225168486
732512,0.03729238430963747
732513,0.9997044059938078
732514,0.9876236611844018
732515,0.5555176108678058
732516,0.999771591738919
732517,0.5885133474291798
732518,0.9513476226321427
732519,0.9999329274802002
732520,0.9987643491171251
732521,0.999940653758913
732522,0.013494525426587453
732523,0.5527854607696158
732524,0.9343551896460678
732525,0.9998515155247506
732526,0.9998250705231801
732527,0.9973915474657291
732528,0.06209196532643546
732529,0.762662719215623
732530,0.9999528342237605
732531,0.9402201743564599
732532,0.9997165639062122
732533,0.9905797465046655
732534,0.3296815744128392
732535,0.950594081691224
732536,0.03874868176504695
732537,0.9974637186850384
732538,0.6803214280638483
732539,0.3570608790866057
732540,0.02527472221803924
732541,0.7341849824569726
732542,0.9056591275686824
732543,0.08848782823746026
732544,0.6288007023739157
732545,0.20751959408970347
732546,0.9662377988211368
732547,0.03680292793466091
732548,0.9663635104076855
732549,0.9900845999605624
732550,0.8113594169826501
732551,0.6795699107065383
732552,0.9994679825374087
732553,0.8105120971996622
732554,0.9342900767582256
732555,0.9904279709991942
732556,0.9993907806912754
732557,0.6741185974444763
732558,0.9997719890205383
732559,0.9985231481473125
732560,0.9999937075566419
732561,0.26693229981453587
732562,0.9099150547261637
732563,0.12293908416094719
732564,0.3083843262178472
732565,0.99801382597455
732566,0.9996989774330846
732567,0.9978655253898148
732568,0.9996699520730166
732569,0.9951822868652553
732570,0.9996596008519447
732571,0.9929218581131105
732572,0.0028681023124281168
732573,0.6301248394453737
732574,0.9998172946964543
732575,0.19155087058205175
732576,0.9959986721210126
732577,0.9971503501837902
732578,0.18239493252047137
732579,0.7992338386605997
732580,0.9999611237658512
732581,0.9974793136271565
732582,0.37485901296038904
732583,0.9822599034266981
732584,0.8944407304390863
732585,0.49403611284842197
732586,0.3282778878498316
732587,0.8813647014920551
732588,0.71069461998265
732589,0.9340636377628012
732590,0.9997131213323522
732591,0.08886031577607262
732592,0.5910579669245919
732593,0.9944041787548749
732594,0.012903004127460833
732595,0.9700275698299059
732596,0.9990040767482288
732597,0.9996843847389087
732598,0.16660147247649115
732599,0.9965310700856791
732600,0.44615751021239897
732601,0.999994900226606
732602,0.5250032500472772
732603,0.6175846013576811
732604,0.9999687575012153
732605,0.9973268766713731
732606,0.035789263598732905
732607,0.8745998925398457
732608,0.8708980805578794
732609,0.9999744180727619
732610,0.9950099138154604
732611,0.2315739399363875
732612,0.9998210501993297
732613,0.6934729279503214
732614,0.9998063153629272
732615,0.9948108854053833
732616,0.996846452646625
732617,0.999881525332756
732618,0.9918164956231226
732619,0.7774186294061217
732620,0.016868797605192352
732621,0.999940437540127
732622,0.45080891737616346
732623,0.9620751571112798
732624,0.9999841149384728
732625,0.5430262654401797
732626,0.2715085879772509
732627,0.740466137980127
732628,0.9995879691912559
732629,0.9552544411771191
732630,0.9999551641627553
732631,0.9331757997864228
732632,0.9709265824663367
732633,0.00883507869640923
732634,0.9994317758896909
732635,0.9994709759536644
732636,0.3897125885310098
732637,0.9804205926926871
732638,0.6034609572717266
732639,0.8917286350629612
732640,0.99744069838728
732641,0.9492063637836856
732642,0.9995275927738687
732643,0.9081655941924001
732644,0.9626603627896255
732645,0.9996628196250661
732646,0.9999054528026369
732647,0.9998641357072293
732648,0.49300236724237634
732649,0.038648182357399884
732650,0.9932094784702445
732651,0.9999029289101546
732652,0.5879922074557666
732653,0.08466424313560683
732654,0.981605859027131
732655,0.12422091651870662
732656,0.9951020566173849
732657,0.9776488716330153
732658,0.9911932174785566
732659,0.9999752085040445
732660,0.9880750368922387
732661,0.08764583265824902
732662,0.11961819910098437
732663,0.9924777379704491
732664,0.9995344785178314
732665,0.9987190643214451
732666,0.1731904694878673
732667,0.9943786853762029
732668,0.6188039667551405
732669,0.08870899313988989
732670,0.15530977132630716
732671,0.9990738416409111
732672,0.9999088706657792
732673,0.05445099136389202
732674,0.07253805971843992
732675,0.9994224820389029
732676,0.6669870720551111
732677,0.25500244852827314
732678,0.08961008109729034
732679,0.9998518340300856
732680,0.7310660475058895
732681,0.9077856473825783
732682,0.6906564851682336
732683,0.9996385376167092
732684,0.08881410655053903
732685,0.9764820185167342
732686,0.9993333369864811
732687,0.007390620031712137
732688,0.9705325768264221
732689,0.2564734721879281
732690,0.9985824125371426
732691,0.43116997052295924
732692,0.99968088198914
732693,0.002284473279001927
732694,0.9998250609907278
732695,0.9997082869750427
732696,0.9183645210298113
732697,0.9957700127356022
732698,0.9906833222270952
732699,0.15660400706793562
732700,0.008837065827271796
732701,0.02033950226069495
732702,0.0058554213143063695
732703,0.9999726144182814
732704,0.9985763498754632
732705,0.24692435066890828
732706,0.9994058664174448
732707,0.9032075834377198
732708,0.999715115938179
732709,0.05498960054360544
732710,0.9995054847890874
732711,0.6677941175897629
732712,0.035718456322095714
732713,0.9899998392912858
732714,0.024652208239172115
732715,0.4946745863714564
732716,0.09227380552492982
732717,0.7325989513939337
732718,0.9608754143670786
732719,0.9988536904597582
732720,0.999930647857131
732721,0.8929573453647408
732722,0.9998993458003398
732723,0.1840314439140099
732724,0.9995960428367987
732725,0.7521150021826138
732726,0.9995424096905834
732727,0.9997766691139263
732728,0.9882217058708684
732729,0.8398435014430543
732730,0.9851982962523349
732731,0.1231622006308936
732732,0.47298412669885603
732733,0.998338457306545
732734,0.7091831039724725
732735,0.8332048535109569
732736,0.012588269848006508
732737,0.42467342387942997
732738,0.6380543598043716
732739,0.8943413782934516
732740,0.5638646197048369
732741,0.9980505806579691
732742,0.9998924581752111
732743,0.9972962733866393
732744,0.07714271975718386
732745,0.9999689413793025
732746,0.9826873579332324
732747,0.05244909811508909
732748,0.32951012945081726
732749,0.6528110178823555
732750,0.9996260277831633
732751,0.9997920904328848
732752,0.019884640698595416
732753,0.7351980898960272
732754,0.06844338340652079
732755,0.9930856224161667
732756,0.04150656091249715
732757,0.5054227374056803
732758,0.3970937111693715
732759,0.958031508006896
732760,0.8715112577556604
732761,0.10584434074719519
732762,0.9882715160569776
732763,0.985051590286821
732764,0.936396112215107
732765,0.0031552886412383758
732766,0.9486537278451178
732767,0.054366956060665446
732768,0.9992360914526632
732769,0.39001781424203263
732770,0.9995199599471475
732771,0.9995244436399151
732772,0.8904009851305229
732773,0.13524072926352462
732774,0.0011437049917064482
732775,0.9949890690195111
732776,0.7914012418468914
732777,0.9489495692449045
732778,0.2827203494449207
732779,0.9984198806290567
732780,0.980916111934694
732781,0.9918998386267797
732782,0.8705005648363991
732783,0.9996902029035537
732784,0.7209066000851984
732785,0.9981220420668109
732786,0.9999718340886563
732787,0.9929851320802443
732788,0.9043498957251095
732789,0.006476757391683679
732790,0.9953140913682987
732791,0.9983382801021723
732792,0.11119178389573331
732793,0.0076236962298559235
732794,0.08352179040870586
732795,0.9800392609731351
732796,0.9879064710055527
732797,0.6306599331518687
732798,0.9986878804625691
732799,0.9990364127118945
732800,0.6528404195540067
732801,0.9999530981041791
732802,0.9499456001756525
732803,0.9987828662213625
732804,0.5569413306404782
732805,0.023985960044237312
732806,0.9945736536232597
732807,0.9662993848434016
732808,0.7451981205372591
732809,0.5909368863734173
732810,0.871389148833683
732811,0.9834761966112693
732812,0.9872235583144227
732813,0.4758088187511915
732814,0.9982366502153188
732815,0.9998854765269783
732816,0.4086501217499674
732817,0.07924509087145856
732818,0.0434517143897217
732819,0.9998314172461381
732820,0.7905035877399114
732821,0.03968028844292245
732822,0.9899483252256766
732823,0.9955105759113029
732824,0.9995020503436337
732825,0.599709554572343
732826,0.29086763102630175
732827,0.9982538522578678
732828,0.9972164425603454
732829,0.9798165839510451
732830,0.7643175959653603
732831,0.6187434792106921
732832,0.10169777394379169
732833,0.9959005056534824
732834,0.999246806884205
732835,0.2628708479195115
732836,0.40469834977716956
732837,0.850547283849453
732838,0.997314158403116
732839,0.4381915170787552
732840,0.0030065410505389287
732841,0.9999710063703016
732842,0.7719905994381298
732843,0.7669031298725855
732844,0.8624370537046926
732845,0.5085606755687422
732846,0.6247086887000558
732847,0.6396644877638453
732848,0.9988810111616303
732849,0.998399852384793
732850,0.9995483146707654
732851,0.9999619990819795
732852,0.989309679113042
732853,0.999962140315783
732854,0.9666128149169935
732855,0.10437578030063636
732856,0.3429639678137866
732857,0.8328318602047142
732858,0.03317094799399637
732859,0.8338255903064826
732860,0.9998735896875512
732861,0.26504639367784777
732862,0.9989506980975196
732863,0.013916465041899933
732864,0.5136870165708838
732865,0.9881826615340035
732866,0.9342224641080412
732867,0.8509741161172596
732868,0.8742053630651234
732869,0.9999534767096049
732870,0.9999790437413989
732871,0.999765223045157
732872,0.9997640859698553
732873,0.7971288521299642
732874,0.9998347000509882
732875,0.9943828447624128
732876,0.9545934181816289
732877,0.7410117734659417
732878,0.006770765697831445
732879,0.9999158454557396
732880,0.9996109385784779
732881,0.47317689231317245
732882,0.7082117850892282
732883,0.7356563094151591
732884,0.9572971838373319
732885,0.013116155225903698
732886,0.02640038467088477
732887,0.8419996289505877
732888,0.35829959913842335
732889,0.7905789668839291
732890,0.6021773231768313
732891,0.999895797762361
732892,0.9994089010489786
732893,0.9995141426270865
732894,0.958717208002582
732895,0.9999781409115048
732896,0.996252561396764
732897,0.9999009044089138
732898,0.9931214682334236
732899,0.9662237188261239
732900,0.9978411120868051
732901,0.01029767348332928
732902,0.9997277715281883
732903,0.6960835493547233
732904,0.9362171646045265
732905,0.999095285533032
732906,0.9814473961094485
732907,0.11383711817547916
732908,0.9975563292949136
732909,0.1454295613979071
732910,0.9187361090868407
732911,0.9998371612766004
732912,0.9983738038791167
732913,0.999921473320363
732914,0.6679258126812975
732915,0.5638885050490107
732916,0.8635881794681848
732917,0.999741800710042
732918,0.021444821751985855
732919,0.5337293096570137
732920,0.46330275858433184
732921,0.9999930268460279
732922,0.891978573869348
732923,0.9995316592758847
732924,0.9995813194120796
732925,0.08465557243909769
732926,0.7813011421882881
732927,0.6960113997644699
732928,0.9926433800490698
732929,0.1458526648226545
732930,0.2112145227723773
732931,0.3411628905983098
732932,0.9999659937675561
732933,0.9994111779568864
732934,0.9998219783913644
732935,0.1441566426457372
732936,0.040372485195553996
732937,0.6226366826086561
732938,0.999121498705146
732939,0.9592041416133475
732940,0.994135410496457
732941,0.6821259844281551
732942,0.9996961179561861
732943,0.22045320800173446
732944,0.6789398418901138
732945,0.9423853209537661
732946,0.7945886023830717
732947,0.004812475593047206
732948,0.9996231563529226
732949,0.22206516924170858
732950,0.9994913795870751
732951,0.9991861391329628
732952,0.9960564567749768
732953,0.5709354618133589
732954,0.9985008964998059
732955,0.9997404274354731
732956,0.16798687160496814
732957,0.9406967797713472
732958,0.23085343810226167
732959,0.8692871794005905
732960,0.9993165875118601
732961,0.612206013989089
732962,0.9041336193904588
732963,0.9999420241288386
732964,0.02207189494444076
732965,0.8344940307782978
732966,0.4997025370430682
732967,0.999399883443097
732968,0.6415785325938168
732969,0.042365804443458936
732970,0.9961124234855494
732971,0.006511149282796522
732972,0.9950587217781415
732973,0.9997947405330001
732974,0.8544399878852096
732975,0.09783174070561776
732976,0.039247118448066255
732977,0.3419777168741711
732978,0.991448633423254
732979,0.9337896720685483
732980,0.9999618135495958
732981,0.983878757377053
732982,0.5091310520092787
732983,0.5703856422432599
732984,0.9643754832106066
732985,0.9994027692633611
732986,0.27856158320764485
732987,0.8129604753689936
732988,0.8828421573820794
732989,0.011016725828217406
732990,0.0161730340893633
732991,0.3075991761097868
732992,0.9999347975472588
732993,0.9997728218382291
732994,0.5470296553096883
732995,0.9869828039012967
732996,0.9136806195864347
732997,0.9995133929133591
732998,0.9998398806817457
732999,0.9696408879138825
733000,0.4809362886684521
733001,0.9850013135737541
733002,0.9999373282008831
733003,0.21711750455704937
733004,0.8939822577798417
733005,0.9995471481388258
733006,0.05840795348499932
733007,0.6251565510100605
733008,0.5430590833601528
733009,0.9997041619716195
733010,0.9994591271546238
733011,0.7848385435476564
733012,0.9956594117351791
733013,0.4620297661129956
733014,0.6165065137938264
733015,0.7129307084297436
733016,0.5903847741808524
733017,0.9999119227219941
733018,0.968804656683329
733019,0.6930139703485334
733020,0.997638307709451
733021,0.9560533544085662
733022,0.9587940915584099
733023,0.9891085090684741
733024,0.01352193005661654
733025,0.9995571224878904
733026,0.06552323166777754
733027,0.8802847417405966
733028,0.9991128153324891
733029,0.9849825363947249
733030,0.9999742364870526
733031,0.6662765306657481
733032,0.9867262009957565
733033,0.9989063538896641
733034,0.41367451745426753
733035,0.9920583840588335
733036,0.12146169764786172
733037,0.73123111777712
733038,0.23053187540608785
733039,0.5713563455686229
733040,0.9989516474710289
733041,0.004803391896479512
733042,0.00650996691555427
733043,0.9960728446819344
733044,0.9884259931621187
733045,0.8402721745494263
733046,0.9997366912246161
733047,0.17907319619146742
733048,0.15575393636123863
733049,0.036152540451654294
733050,0.16084381145813814
733051,0.8790315257395618
733052,0.2656836986633781
733053,0.9997910092097324
733054,0.19848570180152708
733055,0.6694546055226657
733056,0.2576576346178669
733057,0.9831789464115029
733058,0.9997712769832869
733059,0.9985721848131301
733060,0.013602863363172
733061,0.014065487055530169
733062,0.9999241352464524
733063,0.9973335505595546
733064,0.3353328257648465
733065,0.9999719300331795
733066,0.998633708200946
733067,0.40477990804888786
733068,0.6003421246536739
733069,0.9999437360953454
733070,0.9999715939502812
733071,0.942983392460516
733072,0.9996715373242422
733073,0.9965659868328915
733074,0.9212528508476915
733075,0.7240970334454447
733076,0.9997156620713175
733077,0.9931483479429102
733078,0.8397802123556612
733079,0.7928544426538952
733080,0.36567533558765236
733081,0.1782509804584306
733082,0.9958452328219061
733083,0.9973226858156529
733084,0.233852294924177
733085,0.5301650227443757
733086,0.739669073469835
733087,0.8760893736442137
733088,0.16798119662264324
733089,0.9882662282165753
733090,0.9826105591724558
733091,0.999906890313595
733092,0.9983970398768598
733093,0.6134322743620497
733094,0.02087858761064945
733095,0.6761059609886897
733096,0.9985374585177527
733097,0.6803276886201439
733098,0.07972709491035364
733099,0.9914732730826711
733100,0.0696529211565669
733101,0.999528556915061
733102,0.9713670866646872
733103,0.9717497957209835
733104,0.3755667942391488
733105,0.9904204749606645
733106,0.9961158306391736
733107,0.6385735586655626
733108,0.004095152658388369
733109,0.8431287897501974
733110,0.9996858646336975
733111,0.9977656935990147
733112,0.9994980624725726
733113,0.9867464217823042
733114,0.5280591114715617
733115,0.9963702473320064
733116,0.613056454498024
733117,0.9994904915240321
733118,0.9997648520761886
733119,0.9998991859903921
733120,0.005748778896970152
733121,0.9914813649758404
733122,0.9510461519485502
733123,0.9972849682849589
733124,0.9998138263863563
733125,0.19906832666867996
733126,0.2418077765962563
733127,0.521467589543634
733128,0.9998223084441635
733129,0.4534009648165036
733130,0.7135208602880638
733131,0.18852738068291475
733132,0.9996426482692998
733133,0.9963570972920118
733134,0.9998659642483141
733135,0.9999223434305841
733136,0.3036116980775766
733137,0.8608221039181236
733138,0.26153356272418
733139,0.953901300377834
733140,0.8494685309723563
733141,0.36989306323205373
733142,0.6896648349084452
733143,0.8469293843249401
733144,0.9925828310103852
733145,0.926751516138557
733146,0.9989310549816354
733147,0.3633652924864153
733148,0.9889677869521332
733149,0.9977017114262434
733150,0.9246488279394043
733151,0.9998405130879137
733152,0.23989182091046565
733153,0.9999532418157232
733154,0.7141940565181963
733155,0.9965810126576875
733156,0.048803498042520155
733157,0.9662616808951201
733158,0.06608336431693089
733159,0.9998258212511258
733160,0.5360927468920766
733161,0.9742953272274211
733162,0.8962494867660978
733163,0.4512571375681881
733164,0.9949581711170288
733165,0.9997012595905658
733166,0.13384654835101803
733167,0.7999766491034852
733168,0.9999724411078861
733169,0.9948062473249548
733170,0.999631248955235
733171,0.008764493321319058
733172,0.6935608954760902
733173,0.9997307534162503
733174,0.9997133080434848
733175,0.9998472106186935
733176,0.9993705133670779
733177,0.08306452534529014
733178,0.8504971882925472
733179,0.9990005465475069
733180,0.4990589569343991
733181,0.38074733193745164
733182,0.1453570973471356
733183,0.3986977518335189
733184,0.04917294080407997
733185,0.612568123184094
733186,0.3187971358088707
733187,0.999743001351864
733188,0.9996249729940245
733189,0.8988041154559561
733190,0.8750096323448433
733191,0.04285446879557739
733192,0.4340187216153305
733193,0.22955086871586305
733194,0.04647561658016684
733195,0.011784084560037995
733196,0.5151748941641519
733197,0.8253413639134722
733198,0.5267660378937239
733199,0.9998663043586452
733200,0.7237522122501899
733201,0.26503866873215765
733202,0.024056521189769996
733203,0.15369506503071942
733204,0.9987792298539825
733205,0.9696635158180178
733206,0.9998172661388254
733207,0.9758475706181526
733208,0.27939358687573324
733209,0.044312395147534336
733210,0.2089837640906236
733211,0.6506930209267688
733212,0.8953628892455402
733213,0.9997522933023305
733214,0.9996884853118895
733215,0.9997120736124637
733216,0.17559697508877553
733217,0.9945663699215279
733218,0.9996821762882
733219,0.9996190146858865
733220,0.9999483539547758
733221,0.6242849071342497
733222,0.9949060566369637
733223,0.9996120250857679
733224,0.022299807760582904
733225,0.5536101018792959
733226,0.43123468179573593
733227,0.01458006141063358
733228,0.09280740217314691
733229,0.9998328506123335
733230,0.9990231756007039
733231,0.9999648218732361
733232,0.1990672460544447
733233,0.3362232636262399
733234,0.8760118599644162
733235,0.010173662711653422
733236,0.9999676033277802
733237,0.8869547594102132
733238,0.3854392775881968
733239,0.8634762139177476
733240,0.9987919090897988
733241,0.6736050079185021
733242,0.03554407674370658
733243,0.4101590623579473
733244,0.0063013742465135155
733245,0.8854334510210472
733246,0.9995455019867829
733247,0.9995587927538789
733248,0.9998526458408437
733249,0.7382038248346166
733250,0.9998163218874739
733251,0.31827933671452174
733252,0.9994090532358108
733253,0.5649101894634524
733254,0.9438096126962691
733255,0.9942830649079225
733256,0.016757727611748124
733257,0.9998956312433624
733258,0.9998090566764813
733259,0.9996822751938044
733260,0.6095303727477395
733261,0.019136306188245498
733262,0.3595635101893333
733263,0.14869917208142405
733264,0.5986182479506224
733265,0.9997044012500178
733266,0.9530828012721542
733267,0.999824408846457
733268,0.1599366819941785
733269,0.9998831640212775
733270,0.0750437015898616
733271,0.8580911884378577
733272,0.25049273917613873
733273,0.9996317719199805
733274,0.1362540184607537
733275,0.8289502408199229
733276,0.9999863479363011
733277,0.6239185785493048
733278,0.3943497744000038
733279,0.9999467030735545
733280,0.9999530575505491
733281,0.10627303863634452
733282,0.999638268469702
733283,0.4906618395853365
733284,0.6899535089909934
733285,0.2113751913927103
733286,0.9854979897666281
733287,0.9134492499228288
733288,0.017713822275647596
733289,0.9892505817336559
733290,0.9984964085874902
733291,0.018935566163971518
733292,0.42867111662129487
733293,0.024739121150211422
733294,0.9990159696838601
733295,0.28351003167292244
733296,0.9991331143640273
733297,0.7471937445457508
733298,0.9999316631362511
733299,0.49701662301020805
733300,0.9982399641460975
733301,0.13979862743414645
733302,0.9893185029555364
733303,0.8354642285969679
733304,0.9998411892182857
733305,0.9970790353555763
733306,0.9986413620627128
733307,0.9730685733952258
733308,0.29889623990850045
733309,0.33682878439500363
733310,0.999923908882995
733311,0.988801092482161
733312,0.9612188300050675
733313,0.9820793609180598
733314,0.7004861084193251
733315,0.9090802771713549
733316,0.20635122690264807
733317,0.47966102701777064
733318,0.7772241461658701
733319,0.6284571965189543
733320,0.7905874292476928
733321,0.9999283945753519
733322,0.9343977078972593
733323,0.9999357699665365
733324,0.6410669980524377
733325,0.22424905647170523
733326,0.9433461546329911
733327,0.9696401562419876
733328,0.9970525135671291
733329,0.8843469454665449
733330,0.9976149556434828
733331,0.03682812397684899
733332,0.9991266232702625
733333,0.12844142802548322
733334,0.9999780365827793
733335,0.999835489188327
733336,0.03491844304937128
733337,0.9989126958186438
733338,0.7476713390983112
733339,0.20872574235824237
733340,0.7393440176273948
733341,0.9999731963122133
733342,0.1438056946022398
733343,0.9920158091875482
733344,0.10995455542808347
733345,0.08097055689984893
733346,0.9998085019879792
733347,0.9387719918518818
733348,0.9998425964332408
733349,0.9997570785233381
733350,0.3869644750962473
733351,0.6356172421124969
733352,0.6424410182850874
733353,0.050313131600308605
733354,0.019573104286653577
733355,0.005453581286264998
733356,0.8021330157703157
733357,0.6181866445093879
733358,0.9775314942458041
733359,0.3805170942192856
733360,0.9997087320117228
733361,0.9767882523643536
733362,0.5200303278678987
733363,0.9992952164969606
733364,0.014912576602884853
733365,0.9575237455561685
733366,0.9709773414597642
733367,0.7282419283235517
733368,0.7823674173990658
733369,0.3699784351901202
733370,0.9999000758712941
733371,0.9997152837487653
733372,0.0156820163864998
733373,0.5200556269542038
733374,0.18059642349418192
733375,0.9999665643744957
733376,0.9995002086137684
733377,0.9999785141754374
733378,0.9680103837686678
733379,0.5758029443918429
733380,0.4172736566471381
733381,0.9914696088521091
733382,0.9919228942435525
733383,0.9921581951625508
733384,0.27682957483159154
733385,0.02075216835655132
733386,0.19195714753286025
733387,0.9836333055582867
733388,0.9862420397568101
733389,0.9953318709670043
733390,0.7304324139555842
733391,0.01783569822129811
733392,0.9948575950565168
733393,0.9991783856044543
733394,0.40753602875362305
733395,0.9999777388704038
733396,0.9999069400499643
733397,0.2670095132045102
733398,0.02924849625393402
733399,0.9132743554176272
733400,0.8011064045398975
733401,0.38841875576719886
733402,0.995841665666716
733403,0.9995684725704193
733404,0.030577624431381692
733405,0.9997470819053959
733406,0.7549716437119125
733407,0.9997971180662706
733408,0.7134858437044663
733409,0.999534160283015
733410,0.936294499514791
733411,0.9976197322884119
733412,0.3592133869270602
733413,0.45307004736229994
733414,0.9767094377311201
733415,0.5283168668726662
733416,0.9995117638895558
733417,0.4943652161382332
733418,0.0660015746329584
733419,0.9994013860152938
733420,0.20700137360386342
733421,0.999743649160125
733422,0.9929136097075193
733423,0.9958584331738389
733424,0.9948831797354394
733425,0.9996045133465448
733426,0.9998883169180056
733427,0.9999530281515415
733428,0.9997091527270427
733429,0.12453576434470863
733430,0.9982678043413866
733431,0.05573142517276472
733432,0.3111103237574109
733433,0.999655417576957
733434,0.011043501327190485
733435,0.9999405337578613
733436,0.00352227876664285
733437,0.9996774043712844
733438,0.6993485152745047
733439,0.458595199060714
733440,0.025873952303011073
733441,0.8961918147625729
733442,0.8346210268955334
733443,0.3362539128108117
733444,0.9974828031075215
733445,0.9997325975793884
733446,0.04030151957342681
733447,0.9815241579170481
733448,0.447296762206274
733449,0.9542314130654304
733450,0.998059511664869
733451,0.20600331292548574
733452,0.22170754442521604
733453,0.018555867520195866
733454,0.9999918032173856
733455,0.7346098712547435
733456,0.015623971948637443
733457,0.759506532561292
733458,0.6394176180953699
733459,0.008512071904472509
733460,0.9486442351063296
733461,0.25089999892279224
733462,0.006926321976659877
733463,0.9996979661021582
733464,0.9468862040744184
733465,0.9999128081304447
733466,0.9966286273457559
733467,0.7379372841113414
733468,0.9502535752597632
733469,0.7175861618199313
733470,0.07135048382336374
733471,0.8107085345172368
733472,0.647814398067444
733473,0.9999755239824546
733474,0.031798254792736895
733475,0.9411487160568404
733476,0.999719269087427
733477,0.8238839791783112
733478,0.6892751518084489
733479,0.15237498810770816
733480,0.9999757782733757
733481,0.9065075953664067
733482,0.9997129415660063
733483,0.6885021123400761
733484,0.9986700651270775
733485,0.9768701445590573
733486,0.8844872141843854
733487,0.9998055044297552
733488,0.9985954234269784
733489,0.9687710869839412
733490,0.255672538680437
733491,0.014699474555610596
733492,0.9923535139893562
733493,0.1465964552645592
733494,0.9999091811363734
733495,0.641259628418683
733496,0.9999082656482224
733497,0.9820136955602972
733498,0.9995624259546818
733499,0.999945828390588
733500,0.029583036854356537
733501,0.01685012510102234
733502,0.6013312337692572
733503,0.9957199638439664
733504,0.9699463901494224
733505,0.017236409394356896
733506,0.9848909101872702
733507,0.9323510445730958
733508,0.7129914716399735
733509,0.9550513563777437
733510,0.971065452322436
733511,0.9984692144759109
733512,0.6192645134123284
733513,0.9356479332598517
733514,0.9992013238222553
733515,0.9337967029712262
733516,0.41331764353665257
733517,0.09387529852893861
733518,0.9344507538276187
733519,0.16913438797359137
733520,0.9998572313263299
733521,0.8605476821467825
733522,0.9245955379847816
733523,0.8813600735284441
733524,0.9997919626732676
733525,0.687399812909034
733526,0.9796707722839171
733527,0.9995066001910753
733528,0.07324950261025681
733529,0.9973256655026911
733530,0.18113086718506938
733531,0.7992112039127245
733532,0.17987251249191388
733533,0.9999447653254169
733534,0.9902773004095788
733535,0.9998579110571912
733536,0.8807097782287912
733537,0.6564697655110682
733538,0.99988239201734
733539,0.09507392437298073
733540,0.03201836596661948
733541,0.9999696119775262
733542,0.9999590318693494
733543,0.013000260234019696
733544,0.033759875039190146
733545,0.9787400352055019
733546,0.9970008673829839
733547,0.9996804697429459
733548,0.8964746134352686
733549,0.014885550603751678
733550,0.9998876864490907
733551,0.9999815065158196
733552,0.01091578154064049
733553,0.9980852855812258
733554,0.9985053964936997
733555,0.9996712787007476
733556,0.9938529531177951
733557,0.9278937250787875
733558,0.9996804147699574
733559,0.9998309693844603
733560,0.9739134497516979
733561,0.9991722903985369
733562,0.998841565399244
733563,0.10392446935709727
733564,0.9999614028111098
733565,0.9998149584776446
733566,0.3571627089363354
733567,0.2581767483884908
733568,0.9998465275823623
733569,0.9996390314658674
733570,0.9999301166152947
733571,0.9797390499866563
733572,0.9588006527435664
733573,0.43098398367146956
733574,0.017144700918022854
733575,0.05307926234788441
733576,0.9995079433287253
733577,0.9781455470510654
733578,0.5911471537600688
733579,0.919145323518495
733580,0.6292260923849702
733581,0.7853751254306544
733582,0.9997077931515603
733583,0.9037592538192081
733584,0.9711828051594839
733585,0.6487597647656116
733586,0.615514894142401
733587,0.7975940033476181
733588,0.9999534725590157
733589,0.7865669444393747
733590,0.9736723618234304
733591,0.9989347242670763
733592,0.982280838628463
733593,0.5763005616092638
733594,0.8191753057011562
733595,0.9145239369741117
733596,0.9284444829575065
733597,0.9998415226272507
733598,0.9521037507353216
733599,0.9994410213307208
733600,0.4442627228150061
733601,0.15345907303879638
733602,0.9890672235517028
733603,0.9124442403286932
733604,0.05666048011274063
733605,0.9972603977607977
733606,0.9989056825573387
733607,0.12859226758149733
733608,0.11945821984228638
733609,0.1305780599157661
733610,0.13464752264670596
733611,0.9998301593563932
733612,0.7128364880094578
733613,0.7758605482447842
733614,0.28987806706962504
733615,0.9875564644675736
733616,0.30552884946278774
733617,0.1879875568614885
733618,0.40253944444246725
733619,0.28710065825536857
733620,0.9997818597546904
733621,0.9980243326708749
733622,0.9967330207017447
733623,0.7479357089336252
733624,0.07195447281833253
733625,0.001801967972060967
733626,0.9999157663643523
733627,0.8115212424235863
733628,0.7738620076741247
733629,0.6944485182231129
733630,0.9991576796728031
733631,0.13450312683646895
733632,0.9861324677995339
733633,0.9999700869038495
733634,0.804637437285517
733635,0.9996921356566559
733636,0.9452339961931193
733637,0.9965965107431751
733638,0.019570003469541828
733639,0.026347730157173777
733640,0.815588226120343
733641,0.9279010862192592
733642,0.9998552912622438
733643,0.9366864405943648
733644,0.6409979393776728
733645,0.8431547069529735
733646,0.999942875776062
733647,0.853849106218572
733648,0.7428084686749394
733649,0.9999249954321323
733650,0.9999443658410829
733651,0.9999635014230117
733652,0.3541452620313757
733653,0.2506258198546287
733654,0.5843720352812949
733655,0.9716190804195253
733656,0.9970837875422359
733657,0.3738890780589805
733658,0.3336626687429658
733659,0.999877072103873
733660,0.42452552927616916
733661,0.9999252837806853
733662,0.9421557816785628
733663,0.9998848794820344
733664,0.9992531056533546
733665,0.8329764776516193
733666,0.9788358747002326
733667,0.7793465624311169
733668,0.8138111198486284
733669,0.9986673821976856
733670,0.02016045231574615
733671,0.47916070292179186
733672,0.21267615186949973
733673,0.9946184233800253
733674,0.21939140365356197
733675,0.8475004324369194
733676,0.9991830891463322
733677,0.9983595088918622
733678,0.9996509849675949
733679,0.030064619964008568
733680,0.9982102861863382
733681,0.002183766931667477
733682,0.6751133048089428
733683,0.973025765044633
733684,0.9997138517436774
733685,0.21563627035732996
733686,0.14666085316580144
733687,0.9804839627953358
733688,0.34919312153982074
733689,0.9980339341111291
733690,0.9661920419079206
733691,0.6413428025650703
733692,0.9975223340989593
733693,0.10166472884530897
733694,0.999475088155249
733695,0.9984871202950746
733696,0.16490460322529132
733697,0.49431779923451447
733698,0.9989386175204636
733699,0.5959416330328995
733700,0.9996570397344817
733701,0.06301095575826778
733702,0.048550844393192426
733703,0.014802385440683
733704,0.9996556033355584
733705,0.6229947695453798
733706,0.9986597355364328
733707,0.04857675774141418
733708,0.9991268400365199
733709,0.7131033156403401
733710,0.24784447842032373
733711,0.4574629392290738
733712,0.9051985666103614
733713,0.30266072216989315
733714,0.9983207271322072
733715,0.9649415503043565
733716,0.9994132707720753
733717,0.0019170967779103877
733718,0.6826705562653574
733719,0.7829033709251354
733720,0.37946177196074227
733721,0.8289916668684406
733722,0.9988112976042121
733723,0.8911755141455191
733724,0.9994476039476554
733725,0.9474054708293782
733726,0.9950362053530967
733727,0.24670157287757372
733728,0.9997645967174291
733729,0.9997448324964011
733730,0.4526553180399687
733731,0.9259991906390685
733732,0.05018979462257149
733733,0.6676231208790211
733734,0.9848249257674291
733735,0.9996062472248419
733736,0.04683399050142123
733737,0.9999808097372842
733738,0.15872292624183687
733739,0.0986530553857827
733740,0.9969218025190075
733741,0.9999143172392069
733742,0.9879174552976737
733743,0.018689278165341463
733744,0.09187570042647412
733745,0.5045084798541346
733746,0.13793375005624803
733747,0.9979372069832837
733748,0.9997735448955756
733749,0.9998335682069939
733750,0.9876059932590971
733751,0.09560753755864686
733752,0.009804768654550582
733753,0.04318907439172391
733754,0.06189439359383614
733755,0.9998905131206604
733756,0.012481660406637033
733757,0.054203131040735666
733758,0.9999646839011602
733759,0.7330163770514532
733760,0.9993471172261519
733761,0.9999829669119484
733762,0.982741714997686
733763,0.7265832210503
733764,0.015789406664009385
733765,0.4601328200552821
733766,0.28530883743188595
733767,0.999799237347733
733768,0.284414268243793
733769,0.9136016031466836
733770,0.9982907510542411
733771,0.9992005524403372
733772,0.9999578986146307
733773,0.03686794577606158
733774,0.996393282076081
733775,0.8554572496341377
733776,0.9979744177485889
733777,0.09842292703718827
733778,0.7271956075703195
733779,0.9995942900102225
733780,0.9969097584866321
733781,0.9991550195793263
733782,0.5346842024271057
733783,0.9952514912339712
733784,0.5814520335702239
733785,0.8380104718332047
733786,0.8876667473211373
733787,0.9662536795039776
733788,0.999372573750635
733789,0.999990820644208
733790,0.9990593363013951
733791,0.3814948351373492
733792,0.99454755435191
733793,0.5287589841140988
733794,0.5890537980504171
733795,0.971239029972894
733796,0.8895911530897344
733797,0.11627293949750661
733798,0.8407102416441133
733799,0.24924770428648413
733800,0.9999166063060929
733801,0.3437284868523519
733802,0.5035331802946197
733803,0.9998935012554468
733804,0.06633404166743925
733805,0.013477965321322023
733806,0.41739731451958584
733807,0.6524449217778904
733808,0.9938557368298149
733809,0.999824373215298
733810,0.002689537458624521
733811,0.8978756012115621
733812,0.010221629361210762
733813,0.8383024049527512
733814,0.979576196670632
733815,0.023193026195966478
733816,0.17947026539390748
733817,0.9999853947287489
733818,0.7065610524840834
733819,0.4533306294553183
733820,0.4625782351767168
733821,0.9905610948628214
733822,0.6107390065434147
733823,0.9997593081032414
733824,0.014486695096601068
733825,0.9991505321054204
733826,0.23206681801797197
733827,0.7075531041841565
733828,0.4514582523643458
733829,0.9880739158436618
733830,0.9998741797491846
733831,0.0988028488499672
733832,0.9994992934862852
733833,0.9996199482641833
733834,0.9995064495299721
733835,0.9906357637322384
733836,0.9884187431131488
733837,0.4424732114915396
733838,0.9699709084888624
733839,0.987004277229456
733840,0.22391120088754385
733841,0.9998747787159399
733842,0.9996259483367648
733843,0.9925183010444577
733844,0.9997231026650948
733845,0.9206818140940176
733846,0.9966295698340142
733847,0.6209497144116986
733848,0.5926921298739132
733849,0.006873031062158672
733850,0.9993015003188646
733851,0.5598484999905476
733852,0.874216856207281
733853,0.7139940774036391
733854,0.9876090082629512
733855,0.9406935632078108
733856,0.3338535909406056
733857,0.016799661459198124
733858,0.8072515185434015
733859,0.9559130279742598
733860,0.9699863150336794
733861,0.9986090936091648
733862,0.8900998917198213
733863,0.9995227953559059
733864,0.6839133933703148
733865,0.9996765875050022
733866,0.005865439212668067
733867,0.008634157100546345
733868,0.4124266147515666
733869,0.7905454494877902
733870,0.9982575647686792
733871,0.027087186967596454
733872,0.9794228276454252
733873,0.9996875751901387
733874,0.14897804010379478
733875,0.6048454558443788
733876,0.5824943954639173
733877,0.9983017864446335
733878,0.48713978138620795
733879,0.7458971061390993
733880,0.9989157265498373
733881,0.991324886634309
733882,0.3439031755372713
733883,0.13156166668161134
733884,0.9978309396142835
733885,0.2136207470950478
733886,0.995160413842945
733887,0.9996068621460337
733888,0.9633787119276321
733889,0.12607433754858272
733890,0.9866654091721467
733891,0.7230196148785732
733892,0.9867101133179609
733893,0.9985818139408025
733894,0.5566408574180716
733895,0.8773344143754294
733896,0.6972887280209337
733897,0.05389393817960586
733898,0.23122339358729113
733899,0.0386856192818217
733900,0.056386275686900356
733901,0.9999092518772015
733902,0.99141690111871
733903,0.33748317675651707
733904,0.3291100613162017
733905,0.9941083852872494
733906,0.9999477373727812
733907,0.7899011466854475
733908,0.9998266151688503
733909,0.9975274041847941
733910,0.7027239005779269
733911,0.1905635861132839
733912,0.8212119258948047
733913,0.07748695509777438
733914,0.9983607013222178
733915,0.7633736117819394
733916,0.9994324027077495
733917,0.2688990490370812
733918,0.39756623493599125
733919,0.9999740272073976
733920,0.22114344703905264
733921,0.9972192344731363
733922,0.21308169354010636
733923,0.1718316126058434
733924,0.0006292928739444476
733925,0.450794849519013
733926,0.9996347628288242
733927,0.17498662149377578
733928,0.8561593584166972
733929,0.9990580197902812
733930,0.999854121408704
733931,0.2806669850354922
733932,0.9468831036703713
733933,0.99935186602923
733934,0.9999402446785217
733935,0.9993488468728493
733936,0.9971153964843622
733937,0.07399848775123236
733938,0.014452645592975377
733939,0.9882501682754631
733940,0.0742693433755157
733941,0.7228351618692139
733942,0.9318349888501318
733943,0.9977966849960159
733944,0.9083737394776288
733945,0.9037810563565138
733946,0.8895456220443103
733947,0.9999659811707449
733948,0.9997960304875487
733949,0.4540016308896369
733950,0.2022740819582578
733951,0.47521507595902823
733952,0.999392625047069
733953,0.9997609924530899
733954,0.45905446807409417
733955,0.9999593053419316
733956,0.1977960318970572
733957,0.998939440318839
733958,0.5878607561199231
733959,0.9996844269981038
733960,0.9994609492352997
733961,0.2859340728687947
733962,0.9999590263943402
733963,0.5040999766828639
733964,0.45884817351063617
733965,0.013086665597201593
733966,0.9992390559594269
733967,0.12272414338120892
733968,0.9999477161379211
733969,0.658064506064865
733970,0.9813719150778991
733971,0.06213945956877377
733972,0.2949744947790014
733973,0.5953523573906612
733974,0.29162236131092384
733975,0.9627543099079542
733976,0.9758989342929238
733977,0.9999143277719111
733978,0.8056144522776327
733979,0.9750456304739634
733980,0.9984824955769298
733981,0.9901343973236795
733982,0.9993533928904259
733983,0.9998245026704243
733984,0.9301054951009435
733985,0.9731677499495334
733986,0.999982505613261
733987,0.9935046676699095
733988,0.9488279243997199
733989,0.992502930700462
733990,0.9555632435564029
733991,0.9993894844997753
733992,0.9936676130157325
733993,0.9769438520655545
733994,0.9968366530060621
733995,0.8760845967682864
733996,0.931548929732555
733997,0.9999589096004573
733998,0.9996489404410642
733999,0.992596296309699
734000,0.011855765397544394
734001,0.9978174736800332
734002,0.21843132328644937
734003,0.999325675075154
734004,0.9997447140068453
734005,0.9970925729554028
734006,0.9911045237483238
734007,0.9998615627474431
734008,0.47537839109099034
734009,0.997180804652139
734010,0.13718106870145105
734011,0.9413456554223505
734012,0.20781970866047267
734013,0.9999424672018647
734014,0.09466217636348025
734015,0.9908876241184779
734016,0.010099881224186159
734017,0.8421840835357233
734018,0.04225716806772683
734019,0.9983145335595681
734020,0.9998356311272936
734021,0.9931603960645469
734022,0.7905190133380224
734023,0.07847444179898126
734024,0.3898247199513868
734025,0.9999690461027195
734026,0.7126934812652537
734027,0.9989239335609241
734028,0.9994743205178254
734029,0.873125869574511
734030,0.13111543545041832
734031,0.9898788527145038
734032,0.6379067264213969
734033,0.9999100403609005
734034,0.011149245321980628
734035,0.49834896861917066
734036,0.09925404609820265
734037,0.9981034149921348
734038,0.9839957829164748
734039,0.5145340692056469
734040,0.021509232574927664
734041,0.9998971835029394
734042,0.05774655061419179
734043,0.9999767147444037
734044,0.06348009799439844
734045,0.5766481351159664
734046,0.5184902551857721
734047,0.0612969393979602
734048,0.9137352300582935
734049,0.9997975015198259
734050,0.9998876012308775
734051,0.10615952481156957
734052,0.4831972995836429
734053,0.15729833892712597
734054,0.9858464719402527
734055,0.9963393022568434
734056,0.005532063688488999
734057,0.5121127192436111
734058,0.15144120087352483
734059,0.9671168421784291
734060,0.9998066305978508
734061,0.7453678413198472
734062,0.9972316955354519
734063,0.0878840936056384
734064,0.9642731894841068
734065,0.9370056829899748
734066,0.9966014439819322
734067,0.34640516668114063
734068,0.11507999533900645
734069,0.9891515557283347
734070,0.924309547315373
734071,0.9997337407350629
734072,0.3682208451365048
734073,0.9934236600214656
734074,0.9883279046326053
734075,0.9981725413578284
734076,0.4434358487058149
734077,0.8658966302386812
734078,0.9978791087601767
734079,0.9976292305472235
734080,0.02099742592876993
734081,0.6450953140860164
734082,0.44478528731589556
734083,0.028331353847155932
734084,0.9999590312419491
734085,0.9945579379219405
734086,0.9997944018806197
734087,0.9881106078626306
734088,0.9997066728181667
734089,0.4383353126602505
734090,0.999198477934713
734091,0.9514466027505293
734092,0.9971897982964595
734093,0.05983688814266067
734094,0.905805215665052
734095,0.9404581063842321
734096,0.9999337683684375
734097,0.9621031944326499
734098,0.7275331402461018
734099,0.8546284122316395
734100,0.9505230659725926
734101,0.9880824908083014
734102,0.3561294579715162
734103,0.6336588911261737
734104,0.8530806880852947
734105,0.9587027222247496
734106,0.9947782192341237
734107,0.9997400101059908
734108,0.06894739298356699
734109,0.017902302883914277
734110,0.6834297402342524
734111,0.9789519729595707
734112,0.9998214076988
734113,0.2086596128638536
734114,0.9953807664339762
734115,0.9816371467545255
734116,0.9996133388784303
734117,0.9985896366802811
734118,0.21588111127934323
734119,0.3895065771575339
734120,0.05382689475358218
734121,0.9999480942195476
734122,0.9992879205102232
734123,0.9999412387786045
734124,0.08367049476622695
734125,0.9555913223220547
734126,0.9452859225103518
734127,0.4836780578891161
734128,0.9991687066805055
734129,0.10475138231797906
734130,0.11079919004847766
734131,0.9982454842562506
734132,0.9997002360153678
734133,0.8386503030660624
734134,0.9998998737475904
734135,0.8306451086094232
734136,0.2632681021876465
734137,0.052804149680558105
734138,0.40330360301780804
734139,0.02400806353646314
734140,0.7951088727788836
734141,0.9931584654521394
734142,0.023059644861714614
734143,0.9987616141243145
734144,0.10519313561851505
734145,0.8626061423571556
734146,0.013111940325934195
734147,0.5052356389567548
734148,0.9995369301148841
734149,0.9790572035444942
734150,0.004567145011721191
734151,0.999857375981517
734152,0.5021655309312464
734153,0.7829410404901173
734154,0.9999565084855114
734155,0.370644697925403
734156,0.9998270266355742
734157,0.8135661397096718
734158,0.9999142193096384
734159,0.9938363219939881
734160,0.9867878007490734
734161,0.999263311834509
734162,0.6414336798622694
734163,0.7393878454546218
734164,0.5191166411233934
734165,0.9996471498493396
734166,0.07691322453302848
734167,0.9998926574017237
734168,0.19431876707804568
734169,0.9433568189776637
734170,0.9954488169659883
734171,0.9791026980690034
734172,0.9999690106088035
734173,0.06565006374550784
734174,0.05838484376952551
734175,0.9996408109130414
734176,0.02112404247868106
734177,0.4665499458331829
734178,0.9997570298513474
734179,0.9894538060005544
734180,0.9884352811765129
734181,0.9986389287290227
734182,0.9997012391163763
734183,0.9252507542144666
734184,0.37619477291159364
734185,0.36319063024942005
734186,0.17014856312853896
734187,0.9457864830648328
734188,0.022140794094544836
734189,0.9837943967521943
734190,0.9895522992297292
734191,0.43067772583109387
734192,0.9581982093438816
734193,0.8401233776891641
734194,0.07125326451641623
734195,0.5842469413039313
734196,0.9997144428292035
734197,0.8621561395447317
734198,0.9989346235119094
734199,0.12664809203477176
734200,0.9899687169665055
734201,0.9999787491660166
734202,0.4939946967211072
734203,0.9513901809545292
734204,0.9997994484559435
734205,0.5239706728291884
734206,0.9905353013211616
734207,0.7507523329602481
734208,0.7991726084527232
734209,0.3394537928593232
734210,0.8945209939124928
734211,0.9995058206074874
734212,0.9975246754509146
734213,0.9708120844212984
734214,0.9996877673850799
734215,0.43865141698588184
734216,0.7080098697414886
734217,0.6012423305926298
734218,0.9991844702973859
734219,0.8105170774516104
734220,0.4557126075920726
734221,0.8997645161896726
734222,0.25213859470573885
734223,0.9921486164444081
734224,0.007283182758566365
734225,0.16860377494200895
734226,0.9994864515573028
734227,0.9999140333523762
734228,0.4951095215701
734229,0.06442899982709865
734230,0.9933559229241411
734231,0.9548692708649336
734232,0.9915645832324169
734233,0.91275533267337
734234,0.28906078177728867
734235,0.9911825081154365
734236,0.9870807990671444
734237,0.9997982430461534
734238,0.9546256551935796
734239,0.9867505334772204
734240,0.9964699085879307
734241,0.5863895148457982
734242,0.9998138934002783
734243,0.9808661886386449
734244,0.9908277064154629
734245,0.9335174772253474
734246,0.9999479151321202
734247,0.9302282652675522
734248,0.6516365342334629
734249,0.9996046877110982
734250,0.9672192145190861
734251,0.9990302769886926
734252,0.9999913348855582
734253,0.9997151532778156
734254,0.8314884463189212
734255,0.9867867127926029
734256,0.012714847349482252
734257,0.7190476102354663
734258,0.999844467757765
734259,0.999729000859749
734260,0.9688257905726796
734261,0.027859210509982316
734262,0.999354030593752
734263,0.7406442231275976
734264,0.3017779645910984
734265,0.9995190141480477
734266,0.3830633603971991
734267,0.999984165986233
734268,0.9956638052982143
734269,0.011954173084852159
734270,0.4662043182941459
734271,0.9394366821752795
734272,0.9999836476793005
734273,0.06239016689657032
734274,0.07136628502043751
734275,0.4920063176401967
734276,0.027500345311619778
734277,0.9401121998131526
734278,0.7435554086176377
734279,0.18002272652458895
734280,0.03981856579833715
734281,0.016519152055915833
734282,0.1039152369398095
734283,0.9999068430988904
734284,0.7737759495515658
734285,0.4422448004941166
734286,0.09525499238838708
734287,0.9876863972578853
734288,0.9707457705790747
734289,0.8002103244901706
734290,0.1984076111001457
734291,0.7400387958890633
734292,0.02581256930132724
734293,0.9992907217741487
734294,0.9998307020665836
734295,0.05727557795564267
734296,0.6525755144510484
734297,0.46224510369188926
734298,0.08878262257393217
734299,0.4978338714783048
734300,0.13366231721694807
734301,0.7730658570123892
734302,0.9994117711965949
734303,0.99972045203724
734304,0.664853839197498
734305,0.9999540656000478
734306,0.7756760935306679
734307,0.2653652772956196
734308,0.999909877491826
734309,0.9997330026905507
734310,0.7604572214429326
734311,0.9966515978901817
734312,0.7432950027386177
734313,0.08801997769924694
734314,0.7820941868101942
734315,0.038973099815375396
734316,0.02719645989088207
734317,0.5272410536351074
734318,0.9923344227410172
734319,0.5050236244724982
734320,0.9966741405196718
734321,0.9975806895730229
734322,0.15417608961702203
734323,0.9990225168400093
734324,0.8265044721356964
734325,0.9984356467390108
734326,0.38367717922508826
734327,0.944679450019406
734328,0.2408796961878436
734329,0.8859555420865326
734330,0.5745140725427769
734331,0.023695621519479005
734332,0.18167666498326343
734333,0.15313410203869007
734334,0.999325832988228
734335,0.9926357879390235
734336,0.04308151162747259
734337,0.7012312999613601
734338,0.9991187174529325
734339,0.4110518259975187
734340,0.09188126676781935
734341,0.030581437898152035
734342,0.9210590935197248
734343,0.04806554697590176
734344,0.9975172338114038
734345,0.40362969272785
734346,0.9750142987352286
734347,0.03665824505587409
734348,0.4517673392171821
734349,0.9988303478341316
734350,0.9738401634415259
734351,0.6990905295820659
734352,0.9986514370868347
734353,0.9999495843141972
734354,0.26508152359112486
734355,0.32224545812991484
734356,0.9997098298622686
734357,0.1860753596625682
734358,0.44666004113361624
734359,0.9987951889767926
734360,0.9998636981778526
734361,0.2529125442285471
734362,0.9993871045775651
734363,0.9997631233102486
734364,0.9997177914820827
734365,0.44546619136020904
734366,0.022668284324916573
734367,0.9943855161349734
734368,0.9863547761620719
734369,0.9875728820193679
734370,0.9649771368821842
734371,0.35649811185127295
734372,0.9986639596518738
734373,0.004361347211570058
734374,0.3634929402743291
734375,0.9955183503641587
734376,0.1496965284995551
734377,0.7918152096281692
734378,0.9991538783972086
734379,0.9999213600428762
734380,0.9987024978171334
734381,0.9763048832628359
734382,0.9997881429536581
734383,0.9868396675203516
734384,0.9999190562962367
734385,0.95389646915916
734386,0.2509308594360271
734387,0.9939020303980584
734388,0.19210750137050148
734389,0.9995780467907047
734390,0.6871311559390418
734391,0.9713396228821445
734392,0.6195518496164538
734393,0.7990610725621992
734394,0.9706089494020409
734395,0.9997335259548605
734396,0.9975197493836987
734397,0.9642442991573025
734398,0.9998812795901448
734399,0.20144498673000658
734400,0.902518612333258
734401,0.18445704568697036
734402,0.9814427797095182
734403,0.656041806549278
734404,0.9993644677202288
734405,0.7216304268069995
734406,0.9998768744678274
734407,0.8815420659961073
734408,0.9999366326616946
734409,0.9998517925148351
734410,0.8339475550710655
734411,0.9953304396985436
734412,0.09294857749866113
734413,0.4365032508026857
734414,0.9997428668852008
734415,0.9992261683824373
734416,0.07417273945818578
734417,0.985535040716858
734418,0.9985348632742683
734419,0.999936116726561
734420,0.1449518542980521
734421,0.050550874524186065
734422,0.9176147249600015
734423,0.998832072412009
734424,0.8314526456832864
734425,0.9999724574623048
734426,0.5303040694138056
734427,0.9852777433413594
734428,0.9791722876857165
734429,0.9981193200466859
734430,0.5341836878419925
734431,0.9999629173571214
734432,0.07241859502287552
734433,0.9644352971809312
734434,0.8131431020202833
734435,0.996994712568372
734436,0.9985145159284824
734437,0.6255634800919456
734438,0.9839538519064144
734439,0.03321751078281524
734440,0.9999379377618434
734441,0.43877834994890524
734442,0.9994712704764686
734443,0.8574705082546021
734444,0.9865268009099221
734445,0.29963081982990136
734446,0.9739773209135343
734447,0.018727563530612286
734448,0.9528168366534446
734449,0.9999777774628174
734450,0.08824917475582236
734451,0.9997454718370296
734452,0.9562420579765822
734453,0.9995552111056032
734454,0.002886287396945341
734455,0.07836781151528482
734456,0.4929276296949784
734457,0.498425572971183
734458,0.9996697664837467
734459,0.9813834004520468
734460,0.018697839317816087
734461,0.20758627515861106
734462,0.9997928463976642
734463,0.7815780817088491
734464,0.9981726661120587
734465,0.9995905131722109
734466,0.8366406414094345
734467,0.7791163199870256
734468,0.9965293507163795
734469,0.9935741288216431
734470,0.9987841860702575
734471,0.9999458936651626
734472,0.9967961626468529
734473,0.9995472003064485
734474,0.06634500397298003
734475,0.752206606021889
734476,0.9738581581055594
734477,0.011323747214575776
734478,0.9997823921732325
734479,0.999153424813344
734480,0.02869749871071587
734481,0.9951190722887807
734482,0.9998598525002198
734483,0.2882254324781054
734484,0.997110332140994
734485,0.9999814216546674
734486,0.8023396414673043
734487,0.6868191901523113
734488,0.28305372849973004
734489,0.9990600442555012
734490,0.9943547128729984
734491,0.834665677137733
734492,0.9999151395456701
734493,0.07210193199170697
734494,0.9998976424265423
734495,0.005277657080705132
734496,0.9513742018533015
734497,0.9991138550390863
734498,0.8673547357052817
734499,0.8508483233123711
734500,0.07363772257801038
734501,0.9950331520940883
734502,0.9931220570295216
734503,0.999993625601594
734504,0.9964694357828074
734505,0.07821012945640636
734506,0.9983231631421097
734507,0.8766077119239377
734508,0.9736536501568246
734509,0.8264897892935487
734510,0.26482183570840534
734511,0.912089609800826
734512,0.9994505501576393
734513,0.8926310442386549
734514,0.4204705840708586
734515,0.44299982333432153
734516,0.996688619043774
734517,0.7773328414532819
734518,0.999988090159099
734519,0.9966354130734489
734520,0.9996026577453464
734521,0.9996720602612659
734522,0.9999531247042562
734523,0.49286071104497753
734524,0.9995864812766633
734525,0.9999518187772372
734526,0.3380369896383688
734527,0.5228674253252144
734528,0.9999928043297186
734529,0.014345770031320636
734530,0.7595328126304857
734531,0.9905534238977669
734532,0.5969844637369495
734533,0.999966652906962
734534,0.9998851835758373
734535,0.44463008993466124
734536,0.9743500576114965
734537,0.7657655857204207
734538,0.9876144112694668
734539,0.10397564114191885
734540,0.6604557966741641
734541,0.11224763954580848
734542,0.9999233792376787
734543,0.2687306556144402
734544,0.48031313087440086
734545,0.003190033457970792
734546,0.11848756823722927
734547,0.015335588715003803
734548,0.9924721349897434
734549,0.8643471953178867
734550,0.9987485836527714
734551,0.9640240096232782
734552,0.9865185119654145
734553,0.2824314092038528
734554,0.39458268943262653
734555,0.9916225299240227
734556,0.9996261776268703
734557,0.9748761862461257
734558,0.9988443243377347
734559,0.9862490646940356
734560,0.01784962680129152
734561,0.1783137596931021
734562,0.445872397946611
734563,0.18139085996154578
734564,0.994182469134306
734565,0.9219595019262417
734566,0.971276872620751
734567,0.9996271651951651
734568,0.9141192731111274
734569,0.9592697219737227
734570,0.9727799310633087
734571,0.19987784394478028
734572,0.545777562465448
734573,0.06679046712438966
734574,0.9951840047673253
734575,0.8257329996478461
734576,0.6969230075415018
734577,0.8812953883441728
734578,0.9968317033484253
734579,0.5133860105261892
734580,0.5555731079236538
734581,0.9869630543031049
734582,0.9993562184586918
734583,0.7699952239794193
734584,0.04060228156390096
734585,0.8414659247504821
734586,0.6836690702011478
734587,0.5007835735046549
734588,0.0820953178271496
734589,0.9997401257363079
734590,0.8525726325500486
734591,0.8876766147204433
734592,0.704137603220826
734593,0.524264414244328
734594,0.8673368559944232
734595,0.9991185129737195
734596,0.9997472573493098
734597,0.5193546369880029
734598,0.22420391649846536
734599,0.9970877073011747
734600,0.9989975870118502
734601,0.9991205120087838
734602,0.9697317382792188
734603,0.9340866207677452
734604,0.9986889737259822
734605,0.5332901030971999
734606,0.9999418894284728
734607,0.979339658830563
734608,0.9937644137699974
734609,0.9978500918983539
734610,0.9913452482912675
734611,0.9131960801168282
734612,0.9974542482597486
734613,0.8870051396695176
734614,0.9999774867578248
734615,0.9442332075676291
734616,0.9996403590933738
734617,0.9947500523471555
734618,0.9997326685011885
734619,0.9965647566062694
734620,0.9996652158907571
734621,0.9824871490681972
734622,0.9997990148654827
734623,0.6739448564941606
734624,0.6681905479687513
734625,0.18181030360900644
734626,0.7358827120791129
734627,0.9480876708251167
734628,0.9998760081456484
734629,0.17425709776278736
734630,0.9983470099847178
734631,0.9975554450289215
734632,0.1444874297429076
734633,0.9994670803364056
734634,0.9906902175806536
734635,0.2969324914945798
734636,0.7705135111081871
734637,0.959850238120963
734638,0.9968650967007474
734639,0.9985771560195729
734640,0.2461623190172324
734641,0.2539921007337061
734642,0.8696202557037807
734643,0.7082887253017583
734644,0.9682484281827712
734645,0.993215675364457
734646,0.9986804969139655
734647,0.9970314938175686
734648,0.9802176690753965
734649,0.999929381873776
734650,0.15243625146462225
734651,0.9995749415492496
734652,0.11801858298704473
734653,0.997020012589986
734654,0.4456201536294147
734655,0.0770969123887934
734656,0.19799039923606138
734657,0.3810527655274535
734658,0.900677532316088
734659,0.9125009760317778
734660,0.9845319134369841
734661,0.1422342573554321
734662,0.04904615463530866
734663,0.060904320688072465
734664,0.9980348021939817
734665,0.001821065449233896
734666,0.9544552537580795
734667,0.5240432401487097
734668,0.9842149756484538
734669,0.9636231072800845
734670,0.3892296280272502
734671,0.9999202311337563
734672,0.9996603529530882
734673,0.9992416601969332
734674,0.999871867137116
734675,0.008821676768851913
734676,0.9983562687261353
734677,0.9999476601914499
734678,0.38523333020721506
734679,0.6049904319907019
734680,0.98015771135069
734681,0.958980992854259
734682,0.9998173157516084
734683,0.9906207019448432
734684,0.6493543802264607
734685,0.26242290495353804
734686,0.22132654421282985
734687,0.9998623894288243
734688,0.9999544619232019
734689,0.3019723724605823
734690,0.9915368326408447
734691,0.15982153541788785
734692,0.8695075744507192
734693,0.9779713833931647
734694,0.48382366278214506
734695,0.9954709037367138
734696,0.989765417898945
734697,0.9999894806196767
734698,0.24873280366977912
734699,0.9998412088558866
734700,0.8864335174219715
734701,0.04733591222667441
734702,0.5637154944087989
734703,0.12003558719766018
734704,0.034349612002026825
734705,0.9993363665250106
734706,0.326420077334166
734707,0.06600417236237016
734708,0.7373374452714634
734709,0.9788684844457269
734710,0.8953636607459315
734711,0.08142518357319577
734712,0.8201393643693029
734713,0.9999264907841295
734714,0.9791513364664104
734715,0.9991738567761446
734716,0.623797755428642
734717,0.9999643142939558
734718,0.934070090473762
734719,0.9996818173081157
734720,0.6089475782886606
734721,0.9997458674150519
734722,0.8093257866248128
734723,0.99995049517757
734724,0.9998143106028599
734725,0.9573774041033678
734726,0.9895982003639892
734727,0.9980980320833219
734728,0.9995360751844096
734729,0.7481205649808821
734730,0.5005483207496945
734731,0.7313110485872067
734732,0.996060201672516
734733,0.08713440500589992
734734,0.0782377639619221
734735,0.37086590645823186
734736,0.05396371198126549
734737,0.9909125868661752
734738,0.5813742046662713
734739,0.8654068988708576
734740,0.9997125738655606
734741,0.21617562463133466
734742,0.03937660294463813
734743,0.9998779818317856
734744,0.9999329293754213
734745,0.9997953464596477
734746,0.9055530468475983
734747,0.9967797762237015
734748,0.8233451954754494
734749,0.9423807681446291
734750,0.6943181248854087
734751,0.3112647836006169
734752,0.9822796063486972
734753,0.9994594219688577
734754,0.4876867173409034
734755,0.9872082407522969
734756,0.9995118254062589
734757,0.8651821734701752
734758,0.8034546764582545
734759,0.9991606578904064
734760,0.02152079982155471
734761,0.8500250463894551
734762,0.3077378430548458
734763,0.5271292635292704
734764,0.55319004173807
734765,0.6949172597054103
734766,0.9626175752760162
734767,0.983408377383368
734768,0.9274607313913935
734769,0.9998486575568479
734770,0.0015660499761287396
734771,0.9976925538876202
734772,0.9213832522305473
734773,0.11834755826007587
734774,0.009972707989737015
734775,0.9998494257316637
734776,0.6778067087473874
734777,0.9978962325776055
734778,0.3552187728344862
734779,0.9996701022404701
734780,0.9996419996733975
734781,0.242236951521011
734782,0.7837107694954039
734783,0.9973933348789121
734784,0.9737795379446337
734785,0.9923551508984191
734786,0.9990540987972515
734787,0.9960127038198705
734788,0.8424456127896709
734789,0.7090540523483666
734790,0.04905457017621785
734791,0.9945296275783273
734792,0.9983384055436706
734793,0.944535121775891
734794,0.6068812338598917
734795,0.9884024290713638
734796,0.999789954061798
734797,0.06660387056705644
734798,0.22594261392048315
734799,0.7233184429154607
734800,0.13168318969959963
734801,0.9982571694376823
734802,0.9999456727909546
734803,0.9992655079917634
734804,0.22976217402227492
734805,0.47262012358436806
734806,0.5151671595076557
734807,0.9922986858203324
734808,0.2520004757910357
734809,0.9992844818989286
734810,0.99961394182651
734811,0.9545377737948251
734812,0.7207038500970498
734813,0.9504355931519386
734814,0.1912177321298047
734815,0.9913061693755416
734816,0.7653962016694575
734817,0.8215738049942973
734818,0.9996672985867676
734819,0.174739691087162
734820,0.9999674507837555
734821,0.5434284632522646
734822,0.9998073070626348
734823,0.9998179065236922
734824,0.16389532674787363
734825,0.670849063412386
734826,0.9999761177466595
734827,0.16454234648778673
734828,0.7566983516527578
734829,0.37475596050963855
734830,0.618684149804464
734831,0.31512084757864134
734832,0.9949306414549698
734833,0.9997806960784783
734834,0.9956864787824802
734835,0.5784071657580143
734836,0.9721205359063352
734837,0.9845711813274735
734838,0.6935174464868089
734839,0.9736332978540833
734840,0.9999426175568389
734841,0.8551420127040135
734842,0.9998700143388177
734843,0.32586405702153715
734844,0.008524886796220118
734845,0.8740003697242706
734846,0.8989389300612349
734847,0.04577760160269445
734848,0.9018930125292077
734849,0.328066513163271
734850,0.9979586988730311
734851,0.9953522605522918
734852,0.4982133708804126
734853,0.6311221272674019
734854,0.9087735814899345
734855,0.5404328503461187
734856,0.12197943295059349
734857,0.9994037023282932
734858,0.5084469333519314
734859,0.5728512728712297
734860,0.942497418599231
734861,0.984874268002868
734862,0.9903855994902324
734863,0.9811121822334608
734864,0.20865830008579903
734865,0.817021734412192
734866,0.362746301880123
734867,0.9987681180046564
734868,0.01278733889952103
734869,0.18758125727429464
734870,0.8631274610402041
734871,0.0570636903870093
734872,0.9996486510574034
734873,0.9613241763119762
734874,0.9999448992082307
734875,0.9985855994997413
734876,0.5590301673837293
734877,0.9176092495670712
734878,0.7950967667994289
734879,0.998421655267808
734880,0.9067130569724688
734881,0.999757128537355
734882,0.09880516735234063
734883,0.022809557971933063
734884,0.04111869128860761
734885,0.8023584208227339
734886,0.9975963463004879
734887,0.35858452325584633
734888,0.976919089911488
734889,0.8848037636144143
734890,0.9167076230913256
734891,0.9597671971681836
734892,0.8204636492415087
734893,0.45569721532243623
734894,0.09745635924189217
734895,0.9996535765247971
734896,0.2740637188888295
734897,0.9589579508002779
734898,0.9846337168971966
734899,0.9996242355407736
734900,0.6285078395705483
734901,0.2997448630777291
734902,0.999121966863062
734903,0.9602625114505784
734904,0.8071027544309493
734905,0.9766421096175697
734906,0.84303594977519
734907,0.2620338627851268
734908,0.9551678297531787
734909,0.010893244444915894
734910,0.29132341093276004
734911,0.5423912112854172
734912,0.690213083379547
734913,0.5522527399880549
734914,0.454592748882143
734915,0.9737806495382938
734916,0.9993288478084692
734917,0.9892492760976261
734918,0.9953238250047449
734919,0.9992581822032037
734920,0.9999744299224729
734921,0.999964565149895
734922,0.07266871568331366
734923,0.9998454478530414
734924,0.032250427593801374
734925,0.9988687960610404
734926,0.7455830187980073
734927,0.3263013630887815
734928,0.928707592234172
734929,0.9834514063153763
734930,0.10942459068736601
734931,0.9989026132631722
734932,0.9586335836739084
734933,0.2716983559963685
734934,0.05964673557864456
734935,0.3635477989634128
734936,0.7457168491929972
734937,0.34926858802445404
734938,0.9700241988226866
734939,0.9999304721716641
734940,0.999855067164573
734941,0.9785842808415478
734942,0.999984638535202
734943,0.1179079550778527
734944,0.9050354101511564
734945,0.9999542971376478
734946,0.975645062391779
734947,0.9996236584909808
734948,0.012856284636705278
734949,0.9929252080459895
734950,0.3788393594424433
734951,0.2508961825441156
734952,0.009844994486078649
734953,0.6619771478749925
734954,0.757334874118784
734955,0.5867249809431131
734956,0.12920933724808048
734957,0.713023313116266
734958,0.9997110470715207
734959,0.9619305056318916
734960,0.9999813674330622
734961,0.7188670775860936
734962,0.18338843492935364
734963,0.14977287481684493
734964,0.6196860033230575
734965,0.855622961523572
734966,0.5090307957202204
734967,0.9991130121976884
734968,0.9991214814435239
734969,0.37432163310157385
734970,0.08052465777054299
734971,0.9249886901201628
734972,0.891306314966654
734973,0.1963895358927787
734974,0.02014270065271512
734975,0.6753333517384272
734976,0.9991753993919403
734977,0.9997723153682763
734978,0.9844935744503513
734979,0.9995400743699077
734980,0.9999134175026944
734981,0.02454924473720734
734982,0.9983066962128011
734983,0.9997531160488573
734984,0.9970601042796967
734985,0.9278408000742562
734986,0.02960095257269363
734987,0.9999837170729076
734988,0.9973285858881415
734989,0.09075657234574697
734990,0.999835914263877
734991,0.9978701585351724
734992,0.9949771479720597
734993,0.9995182194678863
734994,0.9763530544204846
734995,0.843731419870391
734996,0.8749418739142876
734997,0.9946395068133134
734998,0.11890179169170018
734999,0.8828987631586085
735000,0.9679336699451192
735001,0.43226411479160554
735002,0.5186086665336994
735003,0.0168068421968346
735004,0.10646328306221846
735005,0.9907548710852339
735006,0.9917674250697688
735007,0.999593448885492
735008,0.8623442663416231
735009,0.998893163813881
735010,0.9983338770830817
735011,0.5397936731125571
735012,0.9409871772543308
735013,0.9999379052090087
735014,0.42314336368135086
735015,0.9598853470566024
735016,0.6288023678506257
735017,0.6284045455311997
735018,0.9075565887949251
735019,0.31688385828220506
735020,0.9999557570486635
735021,0.7392431547163336
735022,0.861270932289967
735023,0.8078352610811819
735024,0.7542192584134171
735025,0.4599634897094791
735026,0.13111713870316904
735027,0.5579213117392977
735028,0.008382543843858304
735029,0.9823096497178778
735030,0.8960929769538298
735031,0.2673252227372443
735032,0.10394344761584247
735033,0.9906476495905614
735034,0.9989283635010087
735035,0.42080412887575147
735036,0.5273114132528259
735037,0.9981740866032807
735038,0.9999501597429026
735039,0.9814137008457018
735040,0.999604431174707
735041,0.9862265460958815
735042,0.7242702885117223
735043,0.9822172383094077
735044,0.6148713881201158
735045,0.9582824578719242
735046,0.06479997802686219
735047,0.5158196415429459
735048,0.9985591395417227
735049,0.07466222116991889
735050,0.03406982766401458
735051,0.0610731602605976
735052,0.9998980721205503
735053,0.9856537696760654
735054,0.026739251029383848
735055,0.9995145648539263
735056,0.9248476235638848
735057,0.9098437150874594
735058,0.5791198745882418
735059,0.5393407916250031
735060,0.8338445972846062
735061,0.1710722383003799
735062,0.9051279497710234
735063,0.9925562143051155
735064,0.30256792453072145
735065,0.2406419872354295
735066,0.031686957012215904
735067,0.22385681857033485
735068,0.761040280211313
735069,0.12015455570915137
735070,0.9752648185858617
735071,0.7078017858136243
735072,0.9921161222981365
735073,0.7233921951978157
735074,0.24195217015826972
735075,0.7387778532177489
735076,0.9633969344126164
735077,0.22884722437854915
735078,0.019760851916286758
735079,0.9960741802457227
735080,0.5309355160198878
735081,0.9997782834170692
735082,0.9996925266090116
735083,0.9997531051680556
735084,0.21656116169209882
735085,0.3257524334280913
735086,0.5493277269467445
735087,0.9606689436587869
735088,0.45095918086014913
735089,0.6273058117721007
735090,0.9998005372082697
735091,0.9995916806733811
735092,0.995943794792863
735093,0.05310854336558657
735094,0.07140896117333181
735095,0.99993345774303
735096,0.999821112253044
735097,0.9996037307953091
735098,0.7781019371366587
735099,0.9431458459951589
735100,0.9997385127529869
735101,0.9957233797578976
735102,0.23027881167287534
735103,0.9774275675027908
735104,0.8951586985923671
735105,0.9933465006491561
735106,0.9886986514059292
735107,0.6128110842278718
735108,0.16508264562135788
735109,0.9995746103153007
735110,0.8841879778881824
735111,0.9968864723138422
735112,0.941888994924243
735113,0.9996855004272038
735114,0.999805683050297
735115,0.9672210596578482
735116,0.48272609682344725
735117,0.6194271762460359
735118,0.9988067336713702
735119,0.045188738475557516
735120,0.06088838939695784
735121,0.9993928609790703
735122,0.7640642849288641
735123,0.974201306947704
735124,0.9997117826660329
735125,0.19607076616207106
735126,0.7027762952610993
735127,0.9995309792632077
735128,0.9969822251895952
735129,0.9978244148647666
735130,0.9999034334342118
735131,0.9994645239270614
735132,0.05565644614630841
735133,0.7649550315770701
735134,0.547145478081261
735135,0.014707766347603629
735136,0.042611070402755184
735137,0.269628272464132
735138,0.9962033073755127
735139,0.9933440082928722
735140,0.9945024065016286
735141,0.9252796592479916
735142,0.007379889500531728
735143,0.9992075708772656
735144,0.9964861889535863
735145,0.6776923917005782
735146,0.9995486477038449
735147,0.9849327982814707
735148,0.9998516314704857
735149,0.9833485355193115
735150,0.9997818080857297
735151,0.8584025356621586
735152,0.7674763343075933
735153,0.42648323283486644
735154,0.8938538544965606
735155,0.9569020479699863
735156,0.9966466057851835
735157,0.9873351311950055
735158,0.9999724202369341
735159,0.8186087183445824
735160,0.2895345276330029
735161,0.7426150060556883
735162,0.8511271624996294
735163,0.9969659561975233
735164,0.2133060254832679
735165,0.2494134793396412
735166,0.9998570150021908
735167,0.05008568491441607
735168,0.9921214720884453
735169,0.9778661354708391
735170,0.05953210142671733
735171,0.823306446020904
735172,0.9679342426323694
735173,0.9998963281927213
735174,0.9975369797619438
735175,0.9465979161191276
735176,0.9997829786756226
735177,0.05016226815147246
735178,0.8239166866670605
735179,0.21290687912395262
735180,0.9991171101308968
735181,0.036445217786394035
735182,0.0810697069866129
735183,0.9998538082798608
735184,0.9999966916517651
735185,0.9944636795800895
735186,0.040840555549730415
735187,0.9149794783708995
735188,0.9723096109945126
735189,0.6915352292384311
735190,0.9966054190882768
735191,0.6895104695726231
735192,0.3867358952082216
735193,0.5197094956647806
735194,0.9998440346012978
735195,0.9866789274413102
735196,0.07794860609218288
735197,0.9984198419316854
735198,0.9994369654424855
735199,0.6636499611639255
735200,0.2945495046986181
735201,0.08583974619699536
735202,0.9992028858077395
735203,0.9999004902687774
735204,0.2546442827522498
735205,0.9797779812290656
735206,0.9956991338158907
735207,0.9998389754166557
735208,0.281188284379004
735209,0.020886613069222387
735210,0.1637761438854415
735211,0.9999456520402582
735212,0.960919397096289
735213,0.9999854690965475
735214,0.9998674216510489
735215,0.9789844458690207
735216,0.15619029470804618
735217,0.34908199655308386
735218,0.9999771440708174
735219,0.8900752358669901
735220,0.9998119335160747
735221,0.9970685148904388
735222,0.9999733935382661
735223,0.8186711967107378
735224,0.9999515455665813
735225,0.9176842611296239
735226,0.22821340244321348
735227,0.9507666197125011
735228,0.8980152562111728
735229,0.9983710901247949
735230,0.9941210178181501
735231,0.6020664817634827
735232,0.8950399224785679
735233,0.871989648066015
735234,0.9850875140007871
735235,0.3069323522005367
735236,0.0823528239839453
735237,0.9954545474394835
735238,0.6439133406568806
735239,0.9952519626828675
735240,0.55351455693911
735241,0.14520794661722014
735242,0.9376639765152137
735243,0.9974237987790544
735244,0.9999273012972947
735245,0.08326182987421134
735246,0.2572668498621723
735247,0.9992035953700942
735248,0.9727464481236406
735249,0.9995821687423558
735250,0.004956817691747229
735251,0.9988547324696361
735252,0.007646186110712611
735253,0.9803467710588578
735254,0.1407940638025565
735255,0.9448300044282661
735256,0.9948951169606635
735257,0.9856126548027007
735258,0.18119963929492655
735259,0.9998670757743757
735260,0.9631902244206636
735261,0.9999214952359002
735262,0.5121688716546715
735263,0.15374146396341912
735264,0.019886480886643777
735265,0.08302814931608268
735266,0.999110486320633
735267,0.9975629016298484
735268,0.5276276587059414
735269,0.6985850308271293
735270,0.9976500116720859
735271,0.9997380653998862
735272,0.9999458310274183
735273,0.9790213703631495
735274,0.8774484887255491
735275,0.8840030212211127
735276,0.7653910541837202
735277,0.43041559453183864
735278,0.9754158046200685
735279,0.012916701018020222
735280,0.9969763721147753
735281,0.5756153475215336
735282,0.9997206303730088
735283,0.9653765449492151
735284,0.9818319800370696
735285,0.7650904628062466
735286,0.9995759113707077
735287,0.9965007113135118
735288,0.9143072661630747
735289,0.9985869802833773
735290,0.9882499147649846
735291,0.9997994136964152
735292,0.9934411751778893
735293,0.9999282904340688
735294,0.9983528715187697
735295,0.9980791101005702
735296,0.8363347011712465
735297,0.9999867714684296
735298,0.009364106952661806
735299,0.9590833595819163
735300,0.9130297153893578
735301,0.12677705339602274
735302,0.9990610806921445
735303,0.9909147261210647
735304,0.8524288539129917
735305,0.06732333531810261
735306,0.4986732604827161
735307,0.9999915820142424
735308,0.9977445539873575
735309,0.48701441652134336
735310,0.039275111016589245
735311,0.6222174622888337
735312,0.9957365212167748
735313,0.9998429854926287
735314,0.2224659543537798
735315,0.5026022683326546
735316,0.9301273875389016
735317,0.01521568459962247
735318,0.9997450899374437
735319,0.8224392010694244
735320,0.7750586839968996
735321,0.9991444446737883
735322,0.998433305108846
735323,0.9706770580436594
735324,0.9999672993204463
735325,0.6501891270442071
735326,0.9999594115800481
735327,0.07719009552268916
735328,0.9735948707773527
735329,0.028791686884258427
735330,0.0561076857907874
735331,0.9868370516406041
735332,0.9370473338650661
735333,0.9991290118459315
735334,0.9549786975798732
735335,0.9995811678201709
735336,0.9976322207385369
735337,0.32219758593008796
735338,0.9991871089325284
735339,0.05590337339077761
735340,0.061132926968229806
735341,0.23126656942893636
735342,0.8633206914958003
735343,0.9999002400066965
735344,0.9686413433036931
735345,0.9934695950453984
735346,0.9977628056121977
735347,0.999789267279185
735348,0.9190328291050385
735349,0.3819003402315848
735350,0.11457149268335158
735351,0.3500015918015398
735352,0.999422092736987
735353,0.9999564478111753
735354,0.999657312719889
735355,0.4971609669432346
735356,0.9998860032128842
735357,0.7346560953576474
735358,0.22900443806281048
735359,0.9949397204709999
735360,0.9616687369704235
735361,0.998548389923674
735362,0.8113796324535009
735363,0.9844447771733305
735364,0.9212186179311646
735365,0.9985053386519815
735366,0.9902947257811126
735367,0.8112400849889724
735368,0.6402416065929564
735369,0.9997274464532373
735370,0.9982961527840473
735371,0.7295223347052084
735372,0.975167074828321
735373,0.9997505559476083
735374,0.99410878814938
735375,0.04864876638151845
735376,0.9983347435483969
735377,0.22020428877895826
735378,0.6338529972653467
735379,0.08094362631031618
735380,0.8528912910824183
735381,0.9640760324019497
735382,0.9950799673003847
735383,0.99945940730089
735384,0.6476285736370657
735385,0.9999751014422378
735386,0.9999423795178151
735387,0.9955418021364872
735388,0.326953560045584
735389,0.9999786549217906
735390,0.9953269452474915
735391,0.9737827715927572
735392,0.3795137546915474
735393,0.933222771245606
735394,0.010734525664910208
735395,0.9995847619975611
735396,0.9976965654809742
735397,0.9973562907427073
735398,0.022456420019572973
735399,0.007943540946871702
735400,0.997139374579796
735401,0.9957864129472159
735402,0.9996853250082121
735403,0.9637588958027633
735404,0.749523823446169
735405,0.1445068189739086
735406,0.5327888736750154
735407,0.9755765601738593
735408,0.49421623727728337
735409,0.37422144933773743
735410,0.9994590580748441
735411,0.9999340419091891
735412,0.9857437833408409
735413,0.8476431474272024
735414,0.9999682875510988
735415,0.9998656757469379
735416,0.7071361194651458
735417,0.22616388450984404
735418,0.9888774374613847
735419,0.043734963690903496
735420,0.9900365030366327
735421,0.18152874298725385
735422,0.09330841824621997
735423,0.14164755902063866
735424,0.9965110162043952
735425,0.7808954014145825
735426,0.9996784388722924
735427,0.9995525722394432
735428,0.8732027331218679
735429,0.4754760135467685
735430,0.9991189323960478
735431,0.9960394520320419
735432,0.8361742510173463
735433,0.9805979084386447
735434,0.9996019736055377
735435,0.21440220076567618
735436,0.3881940629743851
735437,0.6703323123914853
735438,0.26762446309057014
735439,0.9995328904278891
735440,0.9999497292415227
735441,0.7640200833984163
735442,0.02775273827106189
735443,0.9976463699916645
735444,0.9991585443129497
735445,0.7701498316546651
735446,0.9977919344386219
735447,0.9980598420074411
735448,0.9958378877787774
735449,0.9923550838233522
735450,0.6897052244681336
735451,0.9571054850721834
735452,0.8663969210203875
735453,0.9164565047928299
735454,0.17526180084158458
735455,0.9999272766037195
735456,0.9929156437340321
735457,0.999962173323167
735458,0.00820341969206798
735459,0.02464207593658705
735460,0.6774488399022613
735461,0.4812870528129233
735462,0.9992770079777453
735463,0.9524990280532789
735464,0.9518675199834508
735465,0.9999877441186982
735466,0.890943224056864
735467,0.9998435376793433
735468,0.009877857719572017
735469,0.9899048424061477
735470,0.5458945116374354
735471,0.13047724962775314
735472,0.9889516346600595
735473,0.021049443865215393
735474,0.6385935969828156
735475,0.9026194889800259
735476,0.8263295220802372
735477,0.07289446833809346
735478,0.9931702398581223
735479,0.028336496597258926
735480,0.67248425593043
735481,0.6768149064826293
735482,0.9999845767341831
735483,0.831859887750714
735484,0.6003473368850012
735485,0.9717036251846857
735486,0.1521732997763682
735487,0.9994329495586358
735488,0.9996341036693829
735489,0.71949891405014
735490,0.9998093657367145
735491,0.6463435920952784
735492,0.9898607117234736
735493,0.3071526863929208
735494,0.9984427335761328
735495,0.9996240453341144
735496,0.1544586097385507
735497,0.8701645134402269
735498,0.9771524625002945
735499,0.2981440213377306
735500,0.9999758865624695
735501,0.18044777652975752
735502,0.8587073164540995
735503,0.9991056481098293
735504,0.9392221430716496
735505,0.5642483321331014
735506,0.5548174447430236
735507,0.9997448865387867
735508,0.012917582203859829
735509,0.9717916871615102
735510,0.999571091021114
735511,0.98909760664409
735512,0.9987084015169394
735513,0.8595415351898529
735514,0.9998793114310118
735515,0.22712611397073595
735516,0.9980202708742103
735517,0.3952549020607653
735518,0.9991635655798509
735519,0.986491731189127
735520,0.0122758303886681
735521,0.015326205248747123
735522,0.9987715605954111
735523,0.9997716022601292
735524,0.9779371881484242
735525,0.023746207747068794
735526,0.8283492352153847
735527,0.8230514131967872
735528,0.9992374244727049
735529,0.043559904473441935
735530,0.8374350798406549
735531,0.4595678104772304
735532,0.99975442283136
735533,0.9996945576075584
735534,0.5496426357913635
735535,0.6072856031498257
735536,0.9940747768720164
735537,0.0874492292246851
735538,0.7272912984726896
735539,0.9994454997313497
735540,0.06493210314917364
735541,0.9988608554861608
735542,0.9996971276911163
735543,0.5033475316814126
735544,0.225480804924259
735545,0.3044530462627751
735546,0.9987881662997294
735547,0.9259628067023136
735548,0.9993215415669512
735549,0.5885843162366743
735550,0.7007193071021252
735551,0.9942886281359429
735552,0.9997069224921725
735553,0.995868061569992
735554,0.9998935971509637
735555,0.9989853781771216
735556,0.9998130260820769
735557,0.995763943715618
735558,0.9970534250606774
735559,0.8179811607208223
735560,0.9328909491642874
735561,0.01817255057992587
735562,0.9970327890832136
735563,0.469693239012814
735564,0.5135751531045728
735565,0.4304758766698288
735566,0.053544001052528364
735567,0.9649655414181835
735568,0.996623074868447
735569,0.08408227602307108
735570,0.9988524185472432
735571,0.8871643198708118
735572,0.07379956000129231
735573,0.9996111433740573
735574,0.8193812105614058
735575,0.9867505454955285
735576,0.9973149935086111
735577,0.9942480203798917
735578,0.9607026882883538
735579,0.9997442543225148
735580,0.1276268106624614
735581,0.7700601422701729
735582,0.9893784341072024
735583,0.3323387640313965
735584,0.6606451346430913
735585,0.04371142918462994
735586,0.6543365878008243
735587,0.9947293816751643
735588,0.9985644400487826
735589,0.999986929188177
735590,0.9990495608897114
735591,0.09004539868528902
735592,0.7906819199254341
735593,0.02861233238695511
735594,0.9994580991018572
735595,0.9636973224139288
735596,0.9999395388033231
735597,0.9996110954102266
735598,0.5083115775671018
735599,0.09287649309355661
735600,0.17032207877943517
735601,0.9998623655527074
735602,0.33291370288419253
735603,0.9999476584410436
735604,0.08028912039630179
735605,0.022572464516253173
735606,0.08148716057704235
735607,0.05538457334099764
735608,0.9998904928058097
735609,0.9916036352760683
735610,0.04906369104778105
735611,0.9999510468140974
735612,0.06780627915812289
735613,0.9999725392363467
735614,0.4480011836473159
735615,0.9636891242008853
735616,0.3659344401568412
735617,0.04508767647038358
735618,0.9999812458949187
735619,0.10076358628014885
735620,0.01048604885114573
735621,0.6999030971883737
735622,0.9999750543532816
735623,0.08067321077085648
735624,0.9996320028715702
735625,0.5424714435360127
735626,0.6847498142243948
735627,0.9998777203966185
735628,0.26935083920736624
735629,0.09235094552368732
735630,0.9991448802230887
735631,0.9995718617017628
735632,0.9998935301168403
735633,0.19653128049070323
735634,0.9959009702383765
735635,0.11261282200013757
735636,0.7039650522312471
735637,0.9995619638676789
735638,0.09395031488696913
735639,0.19441115651586766
735640,0.9998863560886742
735641,0.999533620849028
735642,0.2823851465460977
735643,0.03498440624801166
735644,0.040133206309880355
735645,0.9991586909625962
735646,0.9977131241649553
735647,0.09809184393746936
735648,0.9973479870790117
735649,0.9848454517571477
735650,0.2930002413590519
735651,0.9997340253430826
735652,0.06877739823413093
735653,0.7161289391937358
735654,0.9968079062619981
735655,0.403744140543426
735656,0.9986479443558376
735657,0.9980323561255469
735658,0.017787154800013222
735659,0.9689953856809994
735660,0.9958734397282112
735661,0.9996027996838316
735662,0.9993654520258463
735663,0.9990236830028025
735664,0.9999361017147528
735665,0.9413543243343097
735666,0.9917235623059476
735667,0.9983868073462098
735668,0.9929083741846256
735669,0.9870549157949359
735670,0.9954442663183629
735671,0.9866159812214973
735672,0.7449572857172069
735673,0.9070467465569326
735674,0.025870975929598704
735675,0.9971164867683064
735676,0.8744962477931253
735677,0.011701547914762031
735678,0.19821754822838544
735679,0.04379542866060753
735680,0.09985804093697098
735681,0.9944367333558797
735682,0.9995244504000559
735683,0.11951233595314077
735684,0.10160734055649479
735685,0.9679187666230682
735686,0.58998561912093
735687,0.6448480172021338
735688,0.8774367539709103
735689,0.710626699039764
735690,0.02907440765458017
735691,0.08170132694105535
735692,0.9999860861726008
735693,0.9998938660944399
735694,0.9999908113297677
735695,0.972242232683507
735696,0.9998325001586641
735697,0.9994005396580651
735698,0.9456708790033874
735699,0.7359587080584684
735700,0.05107023216096368
735701,0.9996116330442013
735702,0.9983087028389319
735703,0.9889645281612057
735704,0.9966123275526758
735705,0.6558463889357395
735706,0.8837102606441957
735707,0.08147748006973302
735708,0.9999313576556432
735709,0.9987720745488563
735710,0.999909930192591
735711,0.46136609876716483
735712,0.8424614708352877
735713,0.8095260182068008
735714,0.9887041508694934
735715,0.9861090780281458
735716,0.8240528827996283
735717,0.6463777463616907
735718,0.9995706770524632
735719,0.9998727147095156
735720,0.8792999533984218
735721,0.7466605931396347
735722,0.9996322927937698
735723,0.8037289310882956
735724,0.9436846536425376
735725,0.35662432767177804
735726,0.9840685184158683
735727,0.9974363471770672
735728,0.9992724691791179
735729,0.874971292470853
735730,0.06150438723552193
735731,0.9964555033644561
735732,0.3490774033375694
735733,0.023253868724678533
735734,0.9172683951946431
735735,0.01429586461234657
735736,0.9995717132911381
735737,0.7539372769420698
735738,0.9895780253622835
735739,0.9565931925655531
735740,0.9229528252721463
735741,0.5444270462916757
735742,0.9998854092112783
735743,0.9998742643105538
735744,0.8971407861067658
735745,0.8960187304979184
735746,0.015670392948917904
735747,0.862138638066316
735748,0.37486624675448166
735749,0.9777111780765072
735750,0.05032654702851001
735751,0.9999459058006239
735752,0.2199934524891854
735753,0.01511902235807213
735754,0.6083754892928221
735755,0.9999900637371539
735756,0.5394213564145138
735757,0.6305328480675855
735758,0.41039654553799404
735759,0.08730959882688169
735760,0.20252428602056205
735761,0.9881760779382299
735762,0.1313514134960866
735763,0.9865054757785243
735764,0.8848452879705129
735765,0.39137267479420645
735766,0.7382537627134134
735767,0.9952091539118199
735768,0.9965917549575307
735769,0.9979186832661417
735770,0.38462094832389726
735771,0.1306128250243338
735772,0.01683252955413232
735773,0.5302342553942035
735774,0.999941463822737
735775,0.6985221203510319
735776,0.9761822415577551
735777,0.07975916666277014
735778,0.9997335739601936
735779,0.9998944422235416
735780,0.9998936183954347
735781,0.4014085838656698
735782,0.7690485633157481
735783,0.9996647382009853
735784,0.9992929784057316
735785,0.012668648588107602
735786,0.6138155697817955
735787,0.407923517628311
735788,0.9020912051738627
735789,0.9999288447156851
735790,0.9758273673310998
735791,0.05119394313792133
735792,0.11514978968642227
735793,0.6238840707749218
735794,0.9958293322440808
735795,0.11370169353601309
735796,0.9999532961623674
735797,0.9998477020556977
735798,0.8853685154445577
735799,0.9990638962425495
735800,0.9997816860301523
735801,0.2857527545491712
735802,0.9999949780896803
735803,0.9973613160921819
735804,0.8419644285304797
735805,0.9956648144683014
735806,0.24562722220805783
735807,0.9991458516705134
735808,0.9997297215678388
735809,0.016375863063398225
735810,0.28785058037313827
735811,0.08097898704179145
735812,0.5215809314078026
735813,0.5857816130431952
735814,0.7628627919627842
735815,0.9997831329484342
735816,0.2129607686338956
735817,0.9989833184494485
735818,0.9999815339562007
735819,0.07049753584315725
735820,0.9974145086370657
735821,0.9897545765842667
735822,0.9996834428195613
735823,0.40905887204634495
735824,0.9923712401444242
735825,0.5138162370774954
735826,0.03163288739106393
735827,0.9999639745429434
735828,0.9923088236120138
735829,0.1132083646221584
735830,0.8389067172824539
735831,0.9998997515662602
735832,0.999961534966838
735833,0.9997065839937844
735834,0.9999915450636467
735835,0.9999095806789744
735836,0.3703213666807329
735837,0.47908686325607497
735838,0.888788058072293
735839,0.1382784950196663
735840,0.9102911249638714
735841,0.9997746710384227
735842,0.9186508437794862
735843,0.8251424829558509
735844,0.995170494626226
735845,0.22048386474640866
735846,0.9981125516307249
735847,0.9998573736145191
735848,0.9999181501037547
735849,0.999600991373933
735850,0.2617901387259521
735851,0.9940722404442791
735852,0.7043723555689707
735853,0.9923568581967357
735854,0.027927881501305377
735855,0.06722360683910204
735856,0.9998456217388833
735857,0.6782639758567688
735858,0.9999823701671122
735859,0.9928067482372537
735860,0.9985569072447913
735861,0.6298747203034012
735862,0.5072424875332674
735863,0.02817993425815678
735864,0.7606198694800748
735865,0.25201341441012376
735866,0.9997733884367936
735867,0.26562365700045976
735868,0.33148951057685333
735869,0.5464340755965382
735870,0.22923939797559612
735871,0.1475924647002018
735872,0.6226620795447699
735873,0.996284122748216
735874,0.2904646131953049
735875,0.5064204611213615
735876,0.6816378064445939
735877,0.9116305135822245
735878,0.9885900967846505
735879,0.9979175256759202
735880,0.9999367288060765
735881,0.02947135192559294
735882,0.9999509105068252
735883,0.13188605051530766
735884,0.1548776625517198
735885,0.9998217144837653
735886,0.9233769932345697
735887,0.9999380472344088
735888,0.9437511814257343
735889,0.6245501180290032
735890,0.9440620994145847
735891,0.9969054559486402
735892,0.9369557883311158
735893,0.13913259200246988
735894,0.7883916095503634
735895,0.9521974341812041
735896,0.9985015993073442
735897,0.7449357279785875
735898,0.6899400682851533
735899,0.9999925596133368
735900,0.28080813436023316
735901,0.9869710266034981
735902,0.13630109277954983
735903,0.4700634257699526
735904,0.5672985871940867
735905,0.08181269956449994
735906,0.9912195698158681
735907,0.9996992193511817
735908,0.9886035025968547
735909,0.9993677658754838
735910,0.010734250227449827
735911,0.46543925508923667
735912,0.9994709360148887
735913,0.015376854787888862
735914,0.9989566089086206
735915,0.3079872511229863
735916,0.14154005120762325
735917,0.9805562767171775
735918,0.8879294059432963
735919,0.810989488229074
735920,0.9990578296059355
735921,0.9989025312184234
735922,0.8374996818032965
735923,0.15545272272168933
735924,0.9998724041722249
735925,0.5614673759157766
735926,0.4953666641978014
735927,0.9616304875487913
735928,0.9997323425112653
735929,0.632732932154816
735930,0.017947224635334828
735931,0.3177244918462338
735932,0.8581343347154878
735933,0.7580365995456446
735934,0.512550221321639
735935,0.9365283126779691
735936,0.2746080929493752
735937,0.9849813469630468
735938,0.9911031660915254
735939,0.9962038933713286
735940,0.9990084457126798
735941,0.31940950699957116
735942,0.9496381195069606
735943,0.0029401232508211783
735944,0.999978937801218
735945,0.5555479107476
735946,0.17467675197459193
735947,0.6643092608499025
735948,0.006728759943875607
735949,0.9998545101439305
735950,0.35275560704063147
735951,0.9994687843399348
735952,0.9997901829216307
735953,0.8676140733071664
735954,0.9999128412098204
735955,0.9997761177740054
735956,0.9311984963513562
735957,0.5950072596310528
735958,0.9987342473006685
735959,0.998568705792431
735960,0.33027125515270317
735961,0.9811069323839507
735962,0.9992804683608434
735963,0.04965153548835739
735964,0.9999943199789743
735965,0.9997410732221796
735966,0.07471936514453717
735967,0.5957362561719775
735968,0.9736545425526861
735969,0.9543486625224592
735970,0.006130071411280905
735971,0.9003661847156887
735972,0.9997430712115019
735973,0.2173818181538027
735974,0.843542019150155
735975,0.9999589622644374
735976,0.9919129763858869
735977,0.120552841048718
735978,0.9987426170206868
735979,0.9091956200640166
735980,0.9898614822746727
735981,0.7843616909815555
735982,0.4608881904222929
735983,0.9989555462411159
735984,0.054839403737358364
735985,0.509380313215756
735986,0.6041673127404905
735987,0.041790404375524476
735988,0.9024489682360429
735989,0.3924039157966378
735990,0.4775709291992436
735991,0.9975454768383388
735992,0.04656496887867108
735993,0.9987851089898885
735994,0.4801681771098527
735995,0.9998304782913817
735996,0.5458496756412656
735997,0.26994541157269114
735998,0.9995769163461228
735999,0.9996966776865446
736000,0.9304661150607758
736001,0.999563375382527
736002,0.25320286216940235
736003,0.7005231764972517
736004,0.9999599629316571
736005,0.9151970542821726
736006,0.2215210666550663
736007,0.9999758373164342
736008,0.9276890144648178
736009,0.6392150308655091
736010,0.9918250971780248
736011,0.30915572134941466
736012,0.9806229873998817
736013,0.10475836752302664
736014,0.18337589657900877
736015,0.06610033431751708
736016,0.9955316447993547
736017,0.999061602371683
736018,0.1350003125826638
736019,0.8249300360855925
736020,0.9987281948976383
736021,0.9186175922096149
736022,0.027003876672157055
736023,0.419129052418198
736024,0.998689902719638
736025,0.9992376638783453
736026,0.22384414347865417
736027,0.030407953266237395
736028,0.7457866560031876
736029,0.9998001654496663
736030,0.9990077024758439
736031,0.061770851917991976
736032,0.9997607124405808
736033,0.8417499611008987
736034,0.9937137872596369
736035,0.8327778977455469
736036,0.9989865129488466
736037,0.994342824783756
736038,0.1802810151239241
736039,0.9974779658744066
736040,0.9345256009113582
736041,0.9997114371316975
736042,0.9996162023377082
736043,0.9996492592658388
736044,0.9997429068977894
736045,0.9692854470512517
736046,0.9908971310046198
736047,0.16939497811354026
736048,0.8594254160263529
736049,0.5081343066174561
736050,0.9916780664525664
736051,0.7695948140210285
736052,0.9643611335572869
736053,0.6231882879545255
736054,0.9483235640291958
736055,0.996658893604746
736056,0.9997581039067116
736057,0.9966317163239332
736058,0.9724329716497344
736059,0.9998319126756391
736060,0.3513271437200234
736061,0.08326332424921631
736062,0.15887068013847283
736063,0.9942998479960827
736064,0.9998241219436168
736065,0.9999169486172977
736066,0.5577844474897873
736067,0.9998610254329573
736068,0.999136781657668
736069,0.9995494524791968
736070,0.012900926103952756
736071,0.028960800479866773
736072,0.8573479863742108
736073,0.9810477403296327
736074,0.9336846018538361
736075,0.9863817627421061
736076,0.9965766557487405
736077,0.787656375994126
736078,0.9966915064529192
736079,0.9356993631163628
736080,0.806297228739303
736081,0.9999909415561952
736082,0.8861761884289232
736083,0.02955682529404296
736084,0.9986099198488791
736085,0.11313316813097603
736086,0.008390144612819991
736087,0.9866730099193552
736088,0.9998341820997044
736089,0.30605455952594834
736090,0.37305590710642644
736091,0.013606885342640403
736092,0.09282747653591107
736093,0.9909287500391262
736094,0.45683744249230585
736095,0.9999376345849932
736096,0.25048098529294793
736097,0.9648286892520617
736098,0.9332941237087916
736099,0.747201759336071
736100,0.9985606332824255
736101,0.9998240828053775
736102,0.9508598381811151
736103,0.9960221538709538
736104,0.7414220029377016
736105,0.024057744101814143
736106,0.997926355348064
736107,0.9994417022895348
736108,0.9994620141833659
736109,0.7484866728407048
736110,0.003249658826130056
736111,0.5350578908381411
736112,0.9879542785907738
736113,0.9991848441597877
736114,0.19356969875160565
736115,0.7526333764166317
736116,0.9957123599705855
736117,0.9954093232375544
736118,0.020576715438329236
736119,0.9838342635694579
736120,0.8473761354664248
736121,0.07515440861890109
736122,0.4607133057821633
736123,0.1417776928784991
736124,0.9898070702188733
736125,0.7260804609648506
736126,0.9997281044818349
736127,0.9998581482297945
736128,0.9998028053656942
736129,0.16993421719590232
736130,0.5492642099831735
736131,0.9999054409110317
736132,0.782473312590861
736133,0.4375980583481244
736134,0.7054548984878479
736135,0.9999767272272991
736136,0.6386743555404065
736137,0.873813635932364
736138,0.9764512955109301
736139,0.6511501801217375
736140,0.023001621299947525
736141,0.9653381581158818
736142,0.8818492183417639
736143,0.5932874904935171
736144,0.9993944128648072
736145,0.9984416012584479
736146,0.9920356073401986
736147,0.7500536723548182
736148,0.9957974179339777
736149,0.869802358880428
736150,0.9976614505717207
736151,0.1503897220814151
736152,0.9992736127454546
736153,0.3724073789845972
736154,0.999660120057957
736155,0.2163514056588896
736156,0.061641139850238766
736157,0.025207067430986357
736158,0.9496365379134548
736159,0.9866501913674965
736160,0.27702226475775366
736161,0.9996690487823485
736162,0.9998316522126091
736163,0.5504615673624976
736164,0.9950788144544014
736165,0.11601319419675657
736166,0.6256892846769423
736167,0.564092646063945
736168,0.9110402090177052
736169,0.9999392544321473
736170,0.7142910568073139
736171,0.16885049231100785
736172,0.08005039041830914
736173,0.9993015096132083
736174,0.9985120058622168
736175,0.9999242860705688
736176,0.9994625553900907
736177,0.04897091594282925
736178,0.8899230146712918
736179,0.27333786769228
736180,0.9996595427228491
736181,0.9999828110294608
736182,0.9998435262538274
736183,0.03315755516414365
736184,0.9999445006769363
736185,0.8556260513239742
736186,0.9435469187205874
736187,0.9703584631771979
736188,0.9999808691942269
736189,0.4842876897627404
736190,0.9944822051741498
736191,0.3209021538528657
736192,0.3498312110408278
736193,0.9999351223754993
736194,0.9992454537491222
736195,0.9655046716372108
736196,0.27161728137003077
736197,0.6359670237622278
736198,0.9809447218804799
736199,0.996413136325016
736200,0.571236649510008
736201,0.9967088830038091
736202,0.9998001519563403
736203,0.998560759648
736204,0.853786930980778
736205,0.6988811322517288
736206,0.09522197780852643
736207,0.9911831821007495
736208,0.8929402909873654
736209,0.9881283677717512
736210,0.9942195830000505
736211,0.9992418201891976
736212,0.04628874365963982
736213,0.999423472348871
736214,0.8920665680022979
736215,0.7393662956887648
736216,0.9981331050827786
736217,0.034651794838557085
736218,0.020001913854363854
736219,0.7557210354913964
736220,0.4787040368727714
736221,0.9999873690979915
736222,0.9584075666963776
736223,0.9995994031212828
736224,0.6842042518495592
736225,0.9262673939403859
736226,0.718051784835084
736227,0.06020233170806008
736228,0.9951684009024321
736229,0.09537526782680378
736230,0.9924052544463051
736231,0.999814726899805
736232,0.999810583893143
736233,0.9994764373599672
736234,0.8451114388842822
736235,0.9997997600913371
736236,0.9772458084970306
736237,0.9939103816634394
736238,0.6082817536855577
736239,0.6912237826991827
736240,0.4890946625411915
736241,0.6785654033486583
736242,0.6105433340092358
736243,0.6217157645484188
736244,0.9998981998842931
736245,0.9951797761000477
736246,0.18350319569985352
736247,0.8907479431764047
736248,0.9782479529392483
736249,0.9924792607156271
736250,0.9127017869964231
736251,0.9998164045383053
736252,0.3982609123507177
736253,0.0066089120276960145
736254,0.9849025387951998
736255,0.877915026653
736256,0.9706445734832011
736257,0.7147632852703178
736258,0.9259657280112499
736259,0.8491267978027397
736260,0.9996818189749759
736261,0.9999865936329397
736262,0.9698145435059585
736263,0.9813638468369044
736264,0.7021936513321203
736265,0.9425720708214612
736266,0.9019535173857673
736267,0.385767069996613
736268,0.9975613709573987
736269,0.7177605232865347
736270,0.9947825200024505
736271,0.5945854146532373
736272,0.9885492219207132
736273,0.9789784337924867
736274,0.9997707334419739
736275,0.9904659997376954
736276,0.9989670376579124
736277,0.9994817052403062
736278,0.9749520411316159
736279,0.9759119597228023
736280,0.6741702939519618
736281,0.07428114331745894
736282,0.9948198399922719
736283,0.9998148315243423
736284,0.9448417007114096
736285,0.5404891379538912
736286,0.9999260248791498
736287,0.3682081487932882
736288,0.010693984977400098
736289,0.3007836642741665
736290,0.9997599930177339
736291,0.6776609567111341
736292,0.9999112530541836
736293,0.9897145513305676
736294,0.9671736329672171
736295,0.013686374278167608
736296,0.7742467657051573
736297,0.306513409702299
736298,0.999958101816661
736299,0.26546571959281956
736300,0.3738940436429694
736301,0.9884562192248897
736302,0.9998748522976922
736303,0.988679314338531
736304,0.5104351049455247
736305,0.9476385328295359
736306,0.9941582262156063
736307,0.9989311583371498
736308,0.15516836320206887
736309,0.9999414767316404
736310,0.9998639763329922
736311,0.9999255619315839
736312,0.9997975829572392
736313,0.9951046345373415
736314,0.015449023815913978
736315,0.9974890946942859
736316,0.9999569424865087
736317,0.9517378914058432
736318,0.9998860492665176
736319,0.9996558382658572
736320,0.9985675884786384
736321,0.999713671109852
736322,0.16504973427747938
736323,0.5768477005202508
736324,0.9808738370817873
736325,0.9880348107324907
736326,0.9997831025786739
736327,0.9989082036024218
736328,0.21836930833419593
736329,0.028443978254287128
736330,0.32221480670074587
736331,0.9999549597011324
736332,0.9325867554163323
736333,0.06049652650433594
736334,0.46270124514697175
736335,0.005030818015430001
736336,0.2976055572293839
736337,0.4187769794745399
736338,0.8354525473178704
736339,0.90812990344941
736340,0.7112558446540801
736341,0.995146563058191
736342,0.9985098173880653
736343,0.9972937108159559
736344,0.995186810093889
736345,0.9353000248219645
736346,0.9798273332878008
736347,0.9850726554369172
736348,0.996473533904267
736349,0.9999497268722877
736350,0.9251037357092599
736351,0.2784841207588278
736352,0.7931929811990317
736353,0.4507713306318225
736354,0.05114202763131315
736355,0.9989734392931298
736356,0.3483756248122343
736357,0.9904787931134964
736358,0.9998100226770219
736359,0.5000160755291114
736360,0.6714961300864
736361,0.9998737915120255
736362,0.9881881667473168
736363,0.9383860923462631
736364,0.9996116100142418
736365,0.9484070024479926
736366,0.9825073500781694
736367,0.97655949093034
736368,0.21805249445906272
736369,0.9999790386713402
736370,0.9979470196433438
736371,0.17473103665267872
736372,0.6938752682580835
736373,0.7211340000630215
736374,0.9996796545668645
736375,0.922226135844978
736376,0.9998261773298901
736377,0.9998183922333435
736378,0.13480793529359
736379,0.9248088891772854
736380,0.2928635034252693
736381,0.5678261912190122
736382,0.9239839478143739
736383,0.028190082751829548
736384,0.737040868461616
736385,0.9998892680098955
736386,0.9999805163635689
736387,0.6398038848238985
736388,0.0352694825792531
736389,0.10976206873597799
736390,0.98661902391212
736391,0.48503414631553055
736392,0.9999392822906887
736393,0.9293764605508439
736394,0.7753959164921784
736395,0.7753328356499849
736396,0.9565565491290051
736397,0.1267694504098688
736398,0.534306846132865
736399,0.040987233956034104
736400,0.9247221326504009
736401,0.9960770680511886
736402,0.9999659726804506
736403,0.9997407884870221
736404,0.3137764460913941
736405,0.9994723366923179
736406,0.9999739387964094
736407,0.9936883811839419
736408,0.7047516660943385
736409,0.04097795119248291
736410,0.9835129841515612
736411,0.6840437960671202
736412,0.9996299905438193
736413,0.8022382534371582
736414,0.995438836879089
736415,0.16268580933779994
736416,0.9953162702026404
736417,0.1419220874808092
736418,0.9997646761025214
736419,0.5536428189470904
736420,0.9889991295436411
736421,0.004269772973004874
736422,0.6903828560644443
736423,0.9833920965555565
736424,0.8885124470220227
736425,0.8707605141088087
736426,0.3180525000764742
736427,0.015171043278794476
736428,0.6942361237773508
736429,0.982547796861403
736430,0.999955249628091
736431,0.8088332568883544
736432,0.9998672740910873
736433,0.9998156320346345
736434,0.9994443663789838
736435,0.9769813584100666
736436,0.08542716220939439
736437,0.9998559983488495
736438,0.998491686817209
736439,0.9998881346142277
736440,0.8136982399230901
736441,0.9988218791053709
736442,0.0074761932656258225
736443,0.9756791438661463
736444,0.4934405643694074
736445,0.9429106693312594
736446,0.9985784686570184
736447,0.9502277128959554
736448,0.9997937010144907
736449,0.23173703979406304
736450,0.9972155521766779
736451,0.9566021139331599
736452,0.993951498036665
736453,0.038536045965293454
736454,0.9387010974893757
736455,0.6041999340538267
736456,0.7799063540343887
736457,0.09466546369287984
736458,0.8755338443461862
736459,0.9895868160271377
736460,0.941625272243672
736461,0.045852716498280856
736462,0.9870875585490257
736463,0.9746229662714573
736464,0.8551446230029426
736465,0.9996738119925914
736466,0.0507802604565821
736467,0.8207590961525449
736468,0.12059589562702192
736469,0.9990971503960353
736470,0.9999824086048215
736471,0.9483056967561163
736472,0.08868894281247378
736473,0.8897978765652789
736474,0.27327296240753035
736475,0.8590227811403516
736476,0.9999760144245703
736477,0.9982939979385244
736478,0.9985144941606556
736479,0.9970509084147146
736480,0.4359119194416744
736481,0.9986241016611126
736482,0.3866418591192774
736483,0.9997435256262026
736484,0.9627779255826002
736485,0.9986919243965009
736486,0.9995523836567816
736487,0.8505543157614918
736488,0.9996086265737556
736489,0.9983412983313191
736490,0.9983937407576815
736491,0.6707442635669816
736492,0.9993072306999088
736493,0.9999804685739841
736494,0.9979840688893722
736495,0.1574745049436799
736496,0.5240246301906941
736497,0.28566070682710254
736498,0.9940575771029518
736499,0.9999691620731164
736500,0.9983306009392525
736501,0.5527371793508342
736502,0.13122994725281503
736503,0.9639613995142189
736504,0.9997635864442853
736505,0.9950398949222581
736506,0.999945810632546
736507,0.6971940453117764
736508,0.9998219571872
736509,0.8804068298126435
736510,0.0056661538091182986
736511,0.10622108513339582
736512,0.9514763305466694
736513,0.784149946324565
736514,0.9998210853371967
736515,0.09138245227136514
736516,0.026238228376066847
736517,0.9989886040117026
736518,0.9133611643229165
736519,0.9997741815795491
736520,0.16994030194979656
736521,0.5790719213524737
736522,0.004177596185609051
736523,0.08681263920076551
736524,0.9747683345451679
736525,0.999141787034924
736526,0.9999010011787214
736527,0.9221262664704017
736528,0.9998893413742524
736529,0.9998424645330547
736530,0.9972909238030795
736531,0.9850442077362771
736532,0.4155034041513299
736533,0.01658890895720688
736534,0.9996004248448271
736535,0.8453651584608027
736536,0.01926616968799858
736537,0.999968391237531
736538,0.7750130629431523
736539,0.07023958742886528
736540,0.9723701726561761
736541,0.6736245491103914
736542,0.9999095578360573
736543,0.9705078438837204
736544,0.9999277213001168
736545,0.997803593797413
736546,0.6916086276774702
736547,0.7055184141432411
736548,0.1787014866193703
736549,0.9427465010538353
736550,0.03599085849121461
736551,0.994562394393057
736552,0.04254795889298062
736553,0.9999875566423135
736554,0.36236102077508303
736555,0.8397562393701208
736556,0.9979297461041263
736557,0.99997121612861
736558,0.9903053608845822
736559,0.9948675316142602
736560,0.9983176619908628
736561,0.38935680761746805
736562,0.7897020796312908
736563,0.7112272864210044
736564,0.7882117334302998
736565,0.9994206104847284
736566,0.9502878184602721
736567,0.9999400234195764
736568,0.017313846976085172
736569,0.9970028644430078
736570,0.9737164440015235
736571,0.999050607768728
736572,0.15609629824352536
736573,0.15733141583841137
736574,0.5359120079045122
736575,0.17411747708851094
736576,0.8672653478436222
736577,0.9963775932046399
736578,0.8243011639164705
736579,0.1428465237639061
736580,0.9881975527550069
736581,0.9999673388651691
736582,0.029161207315243107
736583,0.98695121361724
736584,0.02540669160290848
736585,0.995874696840751
736586,0.9997733344233282
736587,0.826019171508653
736588,0.8834497272498238
736589,0.04625602623762483
736590,0.69276691640409
736591,0.9516751006254975
736592,0.020389276168628383
736593,0.9966106579544399
736594,0.3302539233690749
736595,0.4089487858654717
736596,0.4115399005220737
736597,0.9996181830272446
736598,0.3323930842375715
736599,0.9998727817642192
736600,0.46273710858978195
736601,0.9998580070721278
736602,0.469663650017748
736603,0.46052899857552637
736604,0.7623214684922248
736605,0.9999604764799654
736606,0.004239170732544102
736607,0.00629102102414188
736608,0.5638301845410991
736609,0.9977411080861005
736610,0.4661670986123634
736611,0.9994218702076908
736612,0.053344449803513744
736613,0.998514156005214
736614,0.9968046264388497
736615,0.9987937555242241
736616,0.9669875679616247
736617,0.8567212771213226
736618,0.018370661684010067
736619,0.9884127640970145
736620,0.9999060460669125
736621,0.9994762572004539
736622,0.9915762647436704
736623,0.9926100397548571
736624,0.9906648714244894
736625,0.6483622943280323
736626,0.7692682613632573
736627,0.937647374871626
736628,0.905659943763978
736629,0.9347653372251591
736630,0.01874805443296683
736631,0.9977106913050302
736632,0.9997739924565066
736633,0.05459778047481666
736634,0.9998780114818954
736635,0.9276311190346685
736636,0.9475761757552726
736637,0.5160760557428863
736638,0.3241802517323607
736639,0.44854604113340635
736640,0.917088482933035
736641,0.9996514248986506
736642,0.999515213043967
736643,0.9998895314741663
736644,0.9967353698519323
736645,0.6063135519527166
736646,0.4832914310989444
736647,0.9991497008933808
736648,0.6420454931346439
736649,0.3813619283927141
736650,0.9997452645677523
736651,0.0047534568115953375
736652,0.9996377323121122
736653,0.9988004814168048
736654,0.9994924240162659
736655,0.9993675473997158
736656,0.7622564492764339
736657,0.23885673796962414
736658,0.9999788338569422
736659,0.9997982836715147
736660,0.48255729291170396
736661,0.03087045151969644
736662,0.9997435905076031
736663,0.9978237940483933
736664,0.9491634734054456
736665,0.9998431147408807
736666,0.7950778602922307
736667,0.3231423263505297
736668,0.9985475674571158
736669,0.999894813737718
736670,0.028199086037264717
736671,0.4680607636499803
736672,0.04918898167623842
736673,0.9958767063559301
736674,0.9547700485550912
736675,0.038787561727443944
736676,0.9945701294243751
736677,0.9999843286310792
736678,0.7847668087547328
736679,0.9997897160976303
736680,0.968660113051903
736681,0.008834057169690185
736682,0.1188317491022815
736683,0.9987889441946869
736684,0.01944997971414879
736685,0.40717039710182734
736686,0.43317154050415063
736687,0.4571292162497659
736688,0.984209651382864
736689,0.9965330118824229
736690,0.9899538412864686
736691,0.8459205055884597
736692,0.622316088848892
736693,0.02569335297610862
736694,0.9940887306014562
736695,0.29869457028481494
736696,0.9990224846978777
736697,0.9998691557010871
736698,0.9998767763060352
736699,0.8973563565704588
736700,0.018889163234969288
736701,0.9381289659831092
736702,0.9916104577670601
736703,0.6221727868149629
736704,0.9599017673203147
736705,0.17883973701036887
736706,0.9990239764227232
736707,0.15066632810122843
736708,0.9944078322332676
736709,0.20130445964261362
736710,0.9998568394448143
736711,0.3841075616242155
736712,0.0054170574301014565
736713,0.6269574588227933
736714,0.79991792873053
736715,0.9569973551214412
736716,0.9998978182257976
736717,0.9998441336781382
736718,0.4150029831902836
736719,0.8233156967384765
736720,0.39737475672425154
736721,0.9656235195924536
736722,0.9960453592560474
736723,0.8735275955532107
736724,0.9999829376470744
736725,0.9998818597156635
736726,0.9988712629010666
736727,0.9979523455202413
736728,0.5889340313902379
736729,0.9999931345220321
736730,0.9999483906040945
736731,0.7912449575784217
736732,0.05951643185805924
736733,0.8583578220393375
736734,0.9996508443304606
736735,0.999805255380741
736736,0.9996779851193991
736737,0.9998013043964167
736738,0.9999735172384152
736739,0.7613260692739314
736740,0.5263747129664541
736741,0.9999748288868153
736742,0.030129048563256527
736743,0.9979582119615731
736744,0.9085058228717687
736745,0.9999252136691055
736746,0.004174757330932113
736747,0.7603560586208665
736748,0.9998390682598672
736749,0.21700707833041705
736750,0.9051538877280018
736751,0.9996272159000132
736752,0.8702097425959059
736753,0.9999312426406534
736754,0.9998852035491983
736755,0.03188135361734481
736756,0.5638099613217525
736757,0.8698361452318096
736758,0.03811837073371353
736759,0.5237056288031213
736760,0.9918207275392046
736761,0.2332581731434979
736762,0.9997422762150482
736763,0.9537545411455925
736764,0.494977782412814
736765,0.9997607346625068
736766,0.2256863715408836
736767,0.9970345742132688
736768,0.07542304458740705
736769,0.4297887553688413
736770,0.052340425296274126
736771,0.9853121831997873
736772,0.9995801158400592
736773,0.9980859072477148
736774,0.9986337502497193
736775,0.9934870953692063
736776,0.9996290620895727
736777,0.02395855359797199
736778,0.4209036162777734
736779,0.9975477415228006
736780,0.999581635455938
736781,0.969077541639519
736782,0.9989329280396468
736783,0.9963864772659026
736784,0.252733328903274
736785,0.3396331332439594
736786,0.18679539760309247
736787,0.02244061951581916
736788,0.598086876675058
736789,0.9990430773260701
736790,0.004360098264086903
736791,0.9903417835213109
736792,0.7577283050931805
736793,0.571117390623195
736794,0.9878071115668419
736795,0.16620109570362118
736796,0.1850574146711773
736797,0.7456894477357862
736798,0.28095912509541887
736799,0.9949517554555871
736800,0.5004008564102134
736801,0.26496004596230555
736802,0.9969925159635965
736803,0.999466667603449
736804,0.020257413697947625
736805,0.9893503319113862
736806,0.9951250962441229
736807,0.004338365611435992
736808,0.03615117083067097
736809,0.9997108237709389
736810,0.865076457310644
736811,0.9999790730088172
736812,0.6379250401361879
736813,0.9999795768306432
736814,0.9410070365159363
736815,0.09289022030826956
736816,0.9998395627622502
736817,0.9368504383030865
736818,0.005149798923152524
736819,0.9999898686040316
736820,0.9986516501651508
736821,0.9857732865997958
736822,0.9989401094137373
736823,0.9715122924135163
736824,0.94580701834177
736825,0.9573620725816268
736826,0.9169348711148467
736827,0.8427074644801151
736828,0.9999033325736496
736829,0.7913546497191204
736830,0.9994963496962403
736831,0.8177965143388832
736832,0.9995934631461325
736833,0.9866150012982744
736834,0.0014716851965578732
736835,0.9994867539694773
736836,0.9910719320487783
736837,0.5656341165509322
736838,0.16240903982459165
736839,0.20099126617678592
736840,0.11871729317461349
736841,0.038337150408755995
736842,0.9997537652046684
736843,0.9996979221164448
736844,0.99945473334294
736845,0.9984643006562101
736846,0.9999090626124986
736847,0.8816010376254352
736848,0.9968447766931178
736849,0.2865282902412335
736850,0.9438561234060465
736851,0.020476502684109228
736852,0.978934380016683
736853,0.9826742890526617
736854,0.7942672523275232
736855,0.42209104209737386
736856,0.8340413269506228
736857,0.024204216935621407
736858,0.3924567630262473
736859,0.08900090150554674
736860,0.6657832382868877
736861,0.08644026727831322
736862,0.9995720569634801
736863,0.9362207503005449
736864,0.775768446118847
736865,0.973421761564839
736866,0.018295521827714194
736867,0.5431627811499345
736868,0.9774836154962715
736869,0.5643074883101827
736870,0.2525193339032147
736871,0.9696824296083421
736872,0.6145857644107676
736873,0.9996917125546269
736874,0.23388946696187318
736875,0.8897403043840121
736876,0.9632953437400943
736877,0.24155500233977517
736878,0.8885252317721718
736879,0.9900989060474004
736880,0.9901626245367341
736881,0.9844010240858703
736882,0.9989608884498065
736883,0.9999515817613817
736884,0.5712962211386818
736885,0.9999324667537639
736886,0.9998124345173907
736887,0.9931390605896349
736888,0.05948165417528786
736889,0.27885307107394397
736890,0.793951528160883
736891,0.8144950665111146
736892,0.7463561838768261
736893,0.7777067894423338
736894,0.6174434838479181
736895,0.02883453978708968
736896,0.9993204134359359
736897,0.05980722448834678
736898,0.998344694415592
736899,0.8306360970391962
736900,0.6778803962594263
736901,0.9993869699680415
736902,0.5853092430791199
736903,0.9981740694805097
736904,0.9995257522630736
736905,0.9731906344984287
736906,0.6536030481861828
736907,0.46911548138302994
736908,0.00480281738672091
736909,0.03186345052069845
736910,0.6356982216130976
736911,0.9999682427202958
736912,0.10984890850025819
736913,0.9989116034067766
736914,0.030210372499302147
736915,0.9499478001687844
736916,0.9801768489092821
736917,0.9998572754452436
736918,0.0598912391006384
736919,0.027206783843543206
736920,0.4284833363133268
736921,0.9995183995428442
736922,0.04617398525046816
736923,0.7396850272279846
736924,0.13277412866840968
736925,0.8288358694221358
736926,0.9752880764391157
736927,0.1685727159485658
736928,0.9797442226695094
736929,0.00857312111786521
736930,0.8285633929407779
736931,0.9951844486194885
736932,0.9902737180790121
736933,0.8702735078737012
736934,0.7460733597781013
736935,0.8670696318154689
736936,0.744055903119275
736937,0.9562756062107892
736938,0.8716373116239061
736939,0.9315850804329737
736940,0.5781632300317843
736941,0.33797536678592466
736942,0.8562017661951746
736943,0.5887080920960639
736944,0.9999150489418936
736945,0.13384784552020162
736946,0.8601872384866249
736947,0.9994438886574082
736948,0.9999135117910983
736949,0.4723023672676628
736950,0.013394992161469383
736951,0.889830633675982
736952,0.028147896826534752
736953,0.7084107381315202
736954,0.9996262200441768
736955,0.4230674779201016
736956,0.31968331251267473
736957,0.42574943082307537
736958,0.9989372683673202
736959,0.014778682706430131
736960,0.7427815764178294
736961,0.8809438425974144
736962,0.9996478587398162
736963,0.02905332694926637
736964,0.8753581347245157
736965,0.896253610426794
736966,0.8516985133105728
736967,0.019544932034742356
736968,0.9996241196261357
736969,0.299896952692871
736970,0.9998985693933624
736971,0.18677347243475553
736972,0.9952375381255957
736973,0.7181001456384031
736974,0.2875560330310385
736975,0.6091564658076642
736976,0.9969117641929099
736977,0.4493138968636152
736978,0.996777588971469
736979,0.9781979394680956
736980,0.999942919033218
736981,0.9992017204024624
736982,0.7086321849798924
736983,0.9998274951533666
736984,0.885971461085082
736985,0.9999839044782262
736986,0.8955686772472575
736987,0.04649053548065453
736988,0.7963314825506297
736989,0.9998642425182366
736990,0.9993881142422275
736991,0.9999552012763807
736992,0.9934661770208135
736993,0.9121205573506086
736994,0.6480923192894297
736995,0.6789143464088758
736996,0.5275935739376599
736997,0.9996635771041593
736998,0.9998841902361488
736999,0.9077332882701579
737000,0.9998264030590807
737001,0.9839444587654383
737002,0.854370236335672
737003,0.9999833486959315
737004,0.15106850578481618
737005,0.7009212082388456
737006,0.5673515656189301
737007,0.8915584615565004
737008,0.9802030248292946
737009,0.11669766943599141
737010,0.9998194477138549
737011,0.09675028112196087
737012,0.013297240171759435
737013,0.12363749566179319
737014,0.8477721071961055
737015,0.8862812637521382
737016,0.931332345884246
737017,0.8706499930361902
737018,0.515597932903574
737019,0.9998378126476691
737020,0.9993725005970547
737021,0.8242515786102438
737022,0.9869455279666048
737023,0.13970925507121948
737024,0.03343773554554284
737025,0.7351786094311437
737026,0.9996523255110743
737027,0.3278821506427333
737028,0.9985554949852853
737029,0.9997367729546787
737030,0.999943059648341
737031,0.6608414930499188
737032,0.934161625557159
737033,0.09550463905323398
737034,0.9938750273118091
737035,0.7725304696092844
737036,0.11910863289214277
737037,0.9965967650296883
737038,0.6242297467634292
737039,0.5868394183389294
737040,0.22216297595048456
737041,0.9988437146528337
737042,0.882068493384645
737043,0.9962815290618074
737044,0.9987744288797944
737045,0.6762920454891848
737046,0.9239311509159067
737047,0.3802071551107843
737048,0.9975772341887925
737049,0.9930834029558344
737050,0.9860844974007839
737051,0.08293117455002261
737052,0.609247837726969
737053,0.018508533040695253
737054,0.9374725022725947
737055,0.21222771322789147
737056,0.9568408060297012
737057,0.9953673738728981
737058,0.9995301674265531
737059,0.42148342333604827
737060,0.5234421587323487
737061,0.061159707475267854
737062,0.9706889938984584
737063,0.026232405108008068
737064,0.9999292637335986
737065,0.6870644667278419
737066,0.4881335752976366
737067,0.9807807968197471
737068,0.9999926208772814
737069,0.9996015856402395
737070,0.5357593812213318
737071,0.9998277274706389
737072,0.7753874315515068
737073,0.4818084477601643
737074,0.04318967354081724
737075,0.012268891033973415
737076,0.242445881930394
737077,0.06206618990385239
737078,0.9533488387697309
737079,0.9998096422240199
737080,0.999603141582017
737081,0.9999380652539639
737082,0.9998061108540985
737083,0.998400389765747
737084,0.9999209910306643
737085,0.038009995529282914
737086,0.9888820411674177
737087,0.9985966352079423
737088,0.9994510181636003
737089,0.6767423977164726
737090,0.35446733223211957
737091,0.9986441785590043
737092,0.9973240039621386
737093,0.9979009308069455
737094,0.9069283565834814
737095,0.46101703369492825
737096,0.10215634577016958
737097,0.9633141097334232
737098,0.9966942636525704
737099,0.6488917163357326
737100,0.9996148565400613
737101,0.9997349749625934
737102,0.998243713048074
737103,0.5818053841348816
737104,0.013928666246006072
737105,0.038215167125497974
737106,0.9863965337817684
737107,0.9943016487042026
737108,0.9997089318321397
737109,0.9998147539520287
737110,0.9999807935263829
737111,0.007842959168363483
737112,0.4770849235789993
737113,0.9954306153263488
737114,0.9963889930817251
737115,0.9978573190452008
737116,0.9965113874433275
737117,0.8550274381362022
737118,0.6183907273567898
737119,0.990660567318314
737120,0.9982858806295076
737121,0.9974453426372365
737122,0.9980171552101201
737123,0.035582216486949064
737124,0.9990510762300598
737125,0.8402347288627501
737126,0.9991676581524166
737127,0.996942559473173
737128,0.9987997637105059
737129,0.02182656655673514
737130,0.5178026049029266
737131,0.010808061680860691
737132,0.6496475986049681
737133,0.891505208060033
737134,0.9829358720811951
737135,0.005855590598842484
737136,0.999526277058066
737137,0.9884587292909763
737138,0.0261959633969464
737139,0.9994395509399181
737140,0.9920773566750326
737141,0.008718735738320896
737142,0.45673943372999615
737143,0.9984953814983393
737144,0.9943395939930478
737145,0.9936243535863767
737146,0.9997037443372991
737147,0.9816143156675894
737148,0.1508498819730632
737149,0.9198268654821886
737150,0.09114056590510675
737151,0.9999846224789286
737152,0.8216768067891977
737153,0.9301040916333014
737154,0.3558693948357282
737155,0.368979131714098
737156,0.9986668332546802
737157,0.7849577137952404
737158,0.9901678621299284
737159,0.9980279168470539
737160,0.9993120343165254
737161,0.6631186610125418
737162,0.18890124441362496
737163,0.9965264565177846
737164,0.9955320673734888
737165,0.44073136698042675
737166,0.9996856780702343
737167,0.6400112923242195
737168,0.9998077185522927
737169,0.7061493662396665
737170,0.8132630270424612
737171,0.9998990104175353
737172,0.29241670910717776
737173,0.7532934102419355
737174,0.9756070885008412
737175,0.15076301223757202
737176,0.43059832760780353
737177,0.854223316044288
737178,0.9969459934756353
737179,0.001354221140887674
737180,0.3204632671467121
737181,0.9994432189620597
737182,0.4010144523182159
737183,0.39871795410141314
737184,0.9602828474163274
737185,0.9999783202436311
737186,0.02410420504022172
737187,0.9999599666263184
737188,0.28593801087976795
737189,0.9073466071540204
737190,0.999807933840831
737191,0.9808721699089754
737192,0.6251782784055124
737193,0.7294763985147492
737194,0.9966215151303454
737195,0.06300214884783775
737196,0.018814761268453672
737197,0.9998727680395403
737198,0.9999175451332659
737199,0.33450791770005106
737200,0.999040000805667
737201,0.999550272535709
737202,0.9998573611903943
737203,0.9996802520406298
737204,0.9995699720355818
737205,0.9990233689213339
737206,0.999701742765249
737207,0.9999894372740143
737208,0.9839487996169118
737209,0.9751794376030569
737210,0.5823943601202517
737211,0.3456138133097882
737212,0.9999393396967833
737213,0.446759568815233
737214,0.9998299400523974
737215,0.7455366930339311
737216,0.009278784025831613
737217,0.9668892162601457
737218,0.9968064238310423
737219,0.9359500643991272
737220,0.9159453038372014
737221,0.14501472172397475
737222,0.954773147840948
737223,0.4582088188162999
737224,0.9999331946303691
737225,0.07494816824549475
737226,0.9988004959166141
737227,0.15447595206777917
737228,0.04973628651337066
737229,0.7306186502371368
737230,0.4306171855515645
737231,0.8920950665215899
737232,0.4535323873922097
737233,0.7323823077746117
737234,0.248177380203542
737235,0.062192299358851094
737236,0.9999941155097252
737237,0.7521637353638218
737238,0.9290272482077633
737239,0.24853683811418792
737240,0.05709903600535074
737241,0.771240714301764
737242,0.9998698731167662
737243,0.004753923912700821
737244,0.05021064488228209
737245,0.009615214880754515
737246,0.2256807649420007
737247,0.8188446712862361
737248,0.9998561337254088
737249,0.07709637316703953
737250,0.9992466370665304
737251,0.8146206550312877
737252,0.8585313855619812
737253,0.14056381980134877
737254,0.6515228177637555
737255,0.18368607604738874
737256,0.9998045405535456
737257,0.9966692500434815
737258,0.5096851164113204
737259,0.6708531054356858
737260,0.2869016808922904
737261,0.8184419219984134
737262,0.20408841874953135
737263,0.9897266966356286
737264,0.9997379971348541
737265,0.009597956196954572
737266,0.1066986089078261
737267,0.07658546548652029
737268,0.9997102986164025
737269,0.6206301443060266
737270,0.01031542264860275
737271,0.9895969850314165
737272,0.9998881441504782
737273,0.2125801911122343
737274,0.9999381759440341
737275,0.4921861849977599
737276,0.9657436895289325
737277,0.97911422167175
737278,0.9985504028919358
737279,0.973244876353619
737280,0.1402162152791086
737281,0.764155663408866
737282,0.9969997531446468
737283,0.9998553566125954
737284,0.010741006826366244
737285,0.47554460372361074
737286,0.978754480011707
737287,0.24707883353618243
737288,0.333372163108964
737289,0.9993566080346088
737290,0.08335926611250445
737291,0.21632996185381248
737292,0.055791993748382944
737293,0.372175443982412
737294,0.76831067444821
737295,0.9995583184688993
737296,0.009996461337831903
737297,0.5854100115723364
737298,0.9654271812186276
737299,0.5706910388939052
737300,0.05985598100134679
737301,0.9998920841331529
737302,0.4229005669332754
737303,0.996760848670255
737304,0.007451496431580838
737305,0.02554791613632135
737306,0.9173001714527689
737307,0.13678540920048163
737308,0.5661969723355654
737309,0.9208527817224481
737310,0.1480446254173904
737311,0.7440069247910626
737312,0.8129222639101061
737313,0.9890898867288782
737314,0.15508261518199995
737315,0.7694217602810225
737316,0.9995310192903031
737317,0.726841949674536
737318,0.5092266916779173
737319,0.9968680883581017
737320,0.6482386740021544
737321,0.7484227359237197
737322,0.9998557779269569
737323,0.9998883814939326
737324,0.9983027738456203
737325,0.013901614551619727
737326,0.6170218966086052
737327,0.4052642611842783
737328,0.9997109096582052
737329,0.9962264570222266
737330,0.21044706924230575
737331,0.8498669611081922
737332,0.4416553298439889
737333,0.9992532814480626
737334,0.9811411026731258
737335,0.9872149806299132
737336,0.9029633828190932
737337,0.33145882543566574
737338,0.8526045241817
737339,0.9996198512099708
737340,0.7650975038980716
737341,0.956079812033763
737342,0.9993072868088804
737343,0.306543833278919
737344,0.4939689941923605
737345,0.7503834285065973
737346,0.8897638388866379
737347,0.9996181686120605
737348,0.9990374830912241
737349,0.9991301812811367
737350,0.9822322850626048
737351,0.9999752524810765
737352,0.7119181238607887
737353,0.9754736183086157
737354,0.7505782010185449
737355,0.7553584589589828
737356,0.13976488087577887
737357,0.010122872957610992
737358,0.9985641915191752
737359,0.9838468728633438
737360,0.09997195125646995
737361,0.9999502568536512
737362,0.08784903342118043
737363,0.11867552470217504
737364,0.9995974700075085
737365,0.9999592717092913
737366,0.051593149747631656
737367,0.12100488352717378
737368,0.9997095897358085
737369,0.9997674705148507
737370,0.7055781488927995
737371,0.9984430852973487
737372,0.30207338945585815
737373,0.004288202017223296
737374,0.48071620509928453
737375,0.9965088144494637
737376,0.1186127476724949
737377,0.9999433450388464
737378,0.8001562925137389
737379,0.9976910219970125
737380,0.9998704390366591
737381,0.23491008688833204
737382,0.9784282652831355
737383,0.8518790702369398
737384,0.031010008079433278
737385,0.999773323861008
737386,0.17355842960471735
737387,0.34530251457487776
737388,0.750125268647885
737389,0.999896927137874
737390,0.9893715471340168
737391,0.7530231626655599
737392,0.9998789784509112
737393,0.955267090233497
737394,0.09571915410400123
737395,0.9950669002435479
737396,0.9971473736860115
737397,0.9999667344001351
737398,0.8134841712077854
737399,0.9999486678953586
737400,0.9997690458397124
737401,0.9999567427802926
737402,0.8975411183356149
737403,0.9992214598012772
737404,0.9999526476643331
737405,0.9998694259692944
737406,0.7345805027217349
737407,0.8265709087450771
737408,0.978595869542952
737409,0.9999896225051641
737410,0.09112836865999241
737411,0.895296718492073
737412,0.05338548887310636
737413,0.9389215164081073
737414,0.9145181304707138
737415,0.014637528506659092
737416,0.013604496714148057
737417,0.996622802099659
737418,0.9991023239891693
737419,0.9555405580475826
737420,0.12055300007319954
737421,0.9961366943461362
737422,0.5265405108812464
737423,0.9984981156155427
737424,0.9985503754481266
737425,0.005326545727985686
737426,0.9226476100912597
737427,0.14814740252828087
737428,0.9998937312664407
737429,0.9993208858398804
737430,0.8480622416056345
737431,0.9388984467407662
737432,0.5491475552441423
737433,0.04965244779695914
737434,0.9998835078639139
737435,0.41934121565170546
737436,0.915360054197413
737437,0.9970193977978725
737438,0.999903080991281
737439,0.8587778955922265
737440,0.9932636263112105
737441,0.998744961852652
737442,0.9999883927029664
737443,0.5843163938888912
737444,0.9886929848068384
737445,0.9583387533799783
737446,0.8124466568736046
737447,0.30692027721015736
737448,0.2076106925693371
737449,0.9952415960211504
737450,0.11943404374202395
737451,0.43987360359158
737452,0.9973689673199224
737453,0.9965155305041906
737454,0.4398430345964297
737455,0.011291233337636656
737456,0.19298815693060256
737457,0.9859868653295693
737458,0.03617185628923168
737459,0.9999666532056712
737460,0.9065231470020094
737461,0.07650427746978586
737462,0.21197438887850376
737463,0.03447799282706073
737464,0.9996548392901634
737465,0.9973440947907509
737466,0.9999833150374542
737467,0.010469146990210518
737468,0.1654656079115355
737469,0.9918942351413882
737470,0.9939523324858947
737471,0.9947895345354019
737472,0.9943251532234931
737473,0.011045399730704565
737474,0.4703422037252354
737475,0.9998744428434022
737476,0.23737851701308135
737477,0.5221533215974642
737478,0.9998606023047694
737479,0.2799682797283995
737480,0.9808318719140738
737481,0.9503115340075997
737482,0.6571496933836823
737483,0.9904360081573705
737484,0.999505070839945
737485,0.11326520318806496
737486,0.9007110217009346
737487,0.026372049547066463
737488,0.9999104155585111
737489,0.9569732112240074
737490,0.5960258719871531
737491,0.04103313805634047
737492,0.9992580479906874
737493,0.9816201678394072
737494,0.9978142795019088
737495,0.13456270133223808
737496,0.9998174711687046
737497,0.9997750998655706
737498,0.9962515430774972
737499,0.9999541525676394
737500,0.9999657456439639
737501,0.9999086173409737
737502,0.9998640081740157
737503,0.9881582164528137
737504,0.9994226668669918
737505,0.8270436960777023
737506,0.9247309006953022
737507,0.10645677334807255
737508,0.05396381922874814
737509,0.0419064226957011
737510,0.9999338993341476
737511,0.9997805344783536
737512,0.9997364672371631
737513,0.9993216721890585
737514,0.3664556813051587
737515,0.999608930398139
737516,0.9720199137603434
737517,0.9973008051342322
737518,0.9848451719238143
737519,0.9994244260922287
737520,0.03207615958352851
737521,0.15901627495539722
737522,0.9976323756612231
737523,0.9547020980979096
737524,0.9333330702635134
737525,0.18845735166242678
737526,0.9704147308497448
737527,0.995043275085316
737528,0.3506398411134777
737529,0.1561212720227085
737530,0.020318871192861004
737531,0.9792706795883084
737532,0.011719817546453902
737533,0.919254522360603
737534,0.9999704689010833
737535,0.3802890460537657
737536,0.6160594139600717
737537,0.9802856524486145
737538,0.9987177502694122
737539,0.9984934107946466
737540,0.9721385702534673
737541,0.9997233047461881
737542,0.3782886479649913
737543,0.9905293978652363
737544,0.9868000361591365
737545,0.4922611277213721
737546,0.9999336238872409
737547,0.6730782831054297
737548,0.965433873237435
737549,0.999492863167927
737550,0.9984020043062299
737551,0.025572049013763278
737552,0.04084869472833973
737553,0.8198690097415771
737554,0.49333645593408393
737555,0.23270159498703272
737556,0.9998627283906776
737557,0.5713241950274921
737558,0.9444708421400301
737559,0.9999957236575979
737560,0.7252717075793871
737561,0.995531370889936
737562,0.9991453958122993
737563,0.9050211857447338
737564,0.9999443844213134
737565,0.9997647476992471
737566,0.30412669015568694
737567,0.9405039493868014
737568,0.9999893188448797
737569,0.5003072813555772
737570,0.27815634045052173
737571,0.30230891725558096
737572,0.9983838823959164
737573,0.8608304338843027
737574,0.2141733895654284
737575,0.9694982727605538
737576,0.9949391754397738
737577,0.9979053293656173
737578,0.5607482074604118
737579,0.9933890209930807
737580,0.9996232587544789
737581,0.9422812137008829
737582,0.026831300154004225
737583,0.9952804329727207
737584,0.0979041650915562
737585,0.29092624232347447
737586,0.9996851755690832
737587,0.9513841856840064
737588,0.07293161832404366
737589,0.8967518690877099
737590,0.9998669665312065
737591,0.00699572966656898
737592,0.44896334632601
737593,0.49298168652235325
737594,0.08979152851376439
737595,0.9884414634676899
737596,0.1638513789576148
737597,0.8923842350601829
737598,0.19995863881725273
737599,0.2906327777948152
737600,0.24849089957029236
737601,0.9996076661540196
737602,0.06537050224496321
737603,0.06495181233095895
737604,0.15671457025136687
737605,0.994532198734449
737606,0.4856668154580853
737607,0.0712403220846832
737608,0.9997260638324532
737609,0.9669898425634926
737610,0.9772428916865274
737611,0.834986095255818
737612,0.9302510657913674
737613,0.9702639163512513
737614,0.9919579683195443
737615,0.7955816745615811
737616,0.8571858014454548
737617,0.716361996321384
737618,0.027267187072135397
737619,0.6065529915693298
737620,0.9876898863269722
737621,0.9895854597609697
737622,0.06805712041171555
737623,0.99970880295374
737624,0.9993507805822628
737625,0.9866821438247867
737626,0.9997995477949964
737627,0.5315819362183074
737628,0.8641915809129372
737629,0.9696701207434886
737630,0.9992330462997273
737631,0.9993844808942086
737632,0.9913065515712242
737633,0.9995035636420315
737634,0.9591222108920825
737635,0.9998774692108088
737636,0.019540735914855438
737637,0.06365505981630698
737638,0.9995901281726259
737639,0.997691775676526
737640,0.9993793995838489
737641,0.20102995417712552
737642,0.048917341914456604
737643,0.2326547432196291
737644,0.998175763726781
737645,0.7258503119199553
737646,0.015794323714584873
737647,0.5128922476650168
737648,0.9994778425543858
737649,0.5960771526756676
737650,0.9950648292145586
737651,0.48646901126376607
737652,0.43518655375902404
737653,0.01253714871038827
737654,0.9999813980346115
737655,0.9832583822246297
737656,0.9995087380992369
737657,0.9999593951019259
737658,0.9956981088534917
737659,0.9993433357807564
737660,0.9949361725486241
737661,0.016112297602073177
737662,0.07602768455124857
737663,0.9995280444559987
737664,0.2023700202112353
737665,0.12738261356644148
737666,0.527801464012093
737667,0.9997091134417124
737668,0.08881653537377024
737669,0.9920958939346909
737670,0.8165965576079206
737671,0.721157856950025
737672,0.3958267234505791
737673,0.9980399153954418
737674,0.999540502692259
737675,0.6379306454942784
737676,0.9999014832335471
737677,0.713657394037425
737678,0.9976147762802008
737679,0.9755960973748823
737680,0.7354253438966241
737681,0.9999705016563869
737682,0.9999611491685455
737683,0.999433402251579
737684,0.33188498204838546
737685,0.9996854574969961
737686,0.9996728751335413
737687,0.00937497742076
737688,0.8354103132604873
737689,0.37792186837187813
737690,0.9485775124775704
737691,0.6704976777395646
737692,0.9997248046232196
737693,0.9971255335297855
737694,0.8658118650409832
737695,0.28879169979526464
737696,0.9995501912882644
737697,0.9996431374708586
737698,0.17105572940220376
737699,0.028260139208022547
737700,0.4658137858763449
737701,0.022599993259865343
737702,0.952904761662798
737703,0.29227290374441356
737704,0.9995634823307031
737705,0.9999210035863703
737706,0.9980936840498009
737707,0.9989146237694112
737708,0.9998733199397146
737709,0.14237135040149201
737710,0.3751955229480248
737711,0.30229693633615845
737712,0.9997390549878459
737713,0.7462989245836968
737714,0.9981540355681611
737715,0.9381819362072299
737716,0.24939791909758996
737717,0.4516588385400231
737718,0.3660374494825096
737719,0.9523546725985499
737720,0.18383602944831098
737721,0.35483245091952664
737722,0.7843667526329459
737723,0.4431193202408852
737724,0.9999794812217218
737725,0.6515133831300974
737726,0.9990243808624082
737727,0.8831923005526601
737728,0.9996545512984637
737729,0.009208787894570379
737730,0.974003791282288
737731,0.9825195936342631
737732,0.947108844688124
737733,0.26472316173049915
737734,0.9994485494890641
737735,0.3539873264076105
737736,0.998897431434083
737737,0.11106358750602757
737738,0.7913977434068569
737739,0.9521435443591493
737740,0.9996176126495213
737741,0.9989919239392129
737742,0.215389189123327
737743,0.9998938841324901
737744,0.9851580501389856
737745,0.055311940975300136
737746,0.9469247895625688
737747,0.9961002691458649
737748,0.17752173095793167
737749,0.060722075735420544
737750,0.9999047988102365
737751,0.9994716235861073
737752,0.998316689670703
737753,0.4305542629694262
737754,0.6828590521520894
737755,0.571582279037231
737756,0.9603483446650298
737757,0.0268881047752403
737758,0.9994349383792773
737759,0.15657357580930714
737760,0.8262409247776201
737761,0.012353684814259238
737762,0.07009272193405368
737763,0.9986926221443999
737764,0.8609610866171787
737765,0.7538666654245962
737766,0.9968011285210877
737767,0.47799801940501785
737768,0.04493406532187788
737769,0.9997611207852146
737770,0.9999663572054411
737771,0.9999755605322928
737772,0.5421124033638421
737773,0.10476264927441138
737774,0.9993719387017196
737775,0.9999662172470272
737776,0.10145519653390554
737777,0.7062471830531338
737778,0.997328737448423
737779,0.003651406814592283
737780,0.8289113208932868
737781,0.40539958996024306
737782,0.9936026868268607
737783,0.9805838191704878
737784,0.9999450610521295
737785,0.9998094795107796
737786,0.5416937181557628
737787,0.5890361027465312
737788,0.8574657706271103
737789,0.9994482306515522
737790,0.9512418345452209
737791,0.9997913527470279
737792,0.32796038974522335
737793,0.6900603743298013
737794,0.9999479454450577
737795,0.9988858194770047
737796,0.01807660005387125
737797,0.9989160954164491
737798,0.9669271424303796
737799,0.1426204513886767
737800,0.9927104969861188
737801,0.9998989869755517
737802,0.563794663353728
737803,0.810727009560636
737804,0.743466081520109
737805,0.9860042356350349
737806,0.9999702223829934
737807,0.517682941674021
737808,0.06591201042590697
737809,0.9997260489612847
737810,0.9897861039085682
737811,0.05874379450897638
737812,0.9958279490798279
737813,0.6916603611530923
737814,0.6122632188254805
737815,0.9991969192145523
737816,0.9816962794365578
737817,0.904275509288355
737818,0.9996798010109058
737819,0.22832218696849704
737820,0.7502629323163683
737821,0.6707685888577929
737822,0.9994421194334631
737823,0.995773761771727
737824,0.9999623005709826
737825,0.9787583480818052
737826,0.4770835140453723
737827,0.995679705944674
737828,0.8343309343558275
737829,0.9984554183650076
737830,0.9149944766900265
737831,0.9110416843360569
737832,0.9659008415879275
737833,0.9996368227373797
737834,0.8144195694275351
737835,0.800095720813747
737836,0.9999865145527915
737837,0.9956638444095935
737838,0.9994994259521948
737839,0.9499864100146113
737840,0.9965779305146101
737841,0.009886674794222195
737842,0.9235352150483979
737843,0.995484335472431
737844,0.9998083469779905
737845,0.9997544333995395
737846,0.3440674790242839
737847,0.9999085338841952
737848,0.9999603258086079
737849,0.4747710538848977
737850,0.9952295234248401
737851,0.9997103466123247
737852,0.9065126209193894
737853,0.9962157842743113
737854,0.8641453012758885
737855,0.9998125704261578
737856,0.9834317099220904
737857,0.9940726711536123
737858,0.9999033586949216
737859,0.30093360452490764
737860,0.5708031232043682
737861,0.11343967397902735
737862,0.9744839849067848
737863,0.9996684842243584
737864,0.42005307472646364
737865,0.9999760778017872
737866,0.9582039880790982
737867,0.08626437708891302
737868,0.8269326225281837
737869,0.9329848068235214
737870,0.27242990945904305
737871,0.9373698188772707
737872,0.27365785549312033
737873,0.9589460699458983
737874,0.9939422811176412
737875,0.999883543867019
737876,0.1620511070209284
737877,0.12333411949718033
737878,0.9932717776891663
737879,0.9978559490155731
737880,0.721778304553223
737881,0.9999267456515093
737882,0.984263571953429
737883,0.861497102912161
737884,0.9998146440269351
737885,0.8899806994289451
737886,0.9997291559675838
737887,0.9945322277381464
737888,0.02062084065601334
737889,0.9998488191329112
737890,0.9998462870023068
737891,0.8082704128102671
737892,0.8843687786191723
737893,0.9989280096665999
737894,0.9948209128347754
737895,0.03600960464394729
737896,0.9659771370529667
737897,0.9696788728334381
737898,0.5630659345312677
737899,0.9168407926201309
737900,0.19275537343686192
737901,0.9942288378500315
737902,0.9996432256287346
737903,0.9983391494218319
737904,0.17967916648610788
737905,0.6352059252765261
737906,0.14996169643125074
737907,0.9687943307221135
737908,0.6833398389228393
737909,0.9626535379716554
737910,0.8466763405074889
737911,0.999986959670029
737912,0.06321429737346247
737913,0.5214218768335027
737914,0.35820961325294876
737915,0.9998449835336892
737916,0.028497193829365053
737917,0.7913871624026994
737918,0.9914428992782258
737919,0.999918672286148
737920,0.11023927285335215
737921,0.6139903468050654
737922,0.37687094389384596
737923,0.9971383002881441
737924,0.989816124527622
737925,0.39413491634838194
737926,0.9990715997744624
737927,0.7488527818143211
737928,0.3223268477552205
737929,0.998870446364932
737930,0.5658586273915673
737931,0.03322469436975989
737932,0.9998956125793944
737933,0.9294747382032273
737934,0.5854712037371059
737935,0.9999935736822902
737936,0.9977517325809778
737937,0.9949541857303563
737938,0.9999522316863765
737939,0.5889875765613831
737940,0.0705215588310953
737941,0.9995595760181915
737942,0.844892463561371
737943,0.9610127136113794
737944,0.9186070002805774
737945,0.9938797588321796
737946,0.9808053257868069
737947,0.9987492868367809
737948,0.9999671313673811
737949,0.9938814068862714
737950,0.02036757317948953
737951,0.6895908705920928
737952,0.45273585474412503
737953,0.9749637491090588
737954,0.5133280518937574
737955,0.7168820412889862
737956,0.9997685357847946
737957,0.6140509171032198
737958,0.2973021159065885
737959,0.08857757781260153
737960,0.9969607740426857
737961,0.9679084787363252
737962,0.9996962129446495
737963,0.15801991711454705
737964,0.9658633112742177
737965,0.31362633830554953
737966,0.9751519809422569
737967,0.22010327038734923
737968,0.9981402940286329
737969,0.9968866094694643
737970,0.8555857837750995
737971,0.022071068592256132
737972,0.9977994145823966
737973,0.9984775524655543
737974,0.6854413036316822
737975,0.1838320068844334
737976,0.7416211263705146
737977,0.9995255982029124
737978,0.9998767431033816
737979,0.8464853273476551
737980,0.18520482400501537
737981,0.9999053694696716
737982,0.8324734196719817
737983,0.6678250340661482
737984,0.9999323026905176
737985,0.06693617891562507
737986,0.9761189367914072
737987,0.9600697619083445
737988,0.7745380361494296
737989,0.9921749342911415
737990,0.9997701630730474
737991,0.9994635534709969
737992,0.7947001638166737
737993,0.6861141127140983
737994,0.07429555870901214
737995,0.06864865516089509
737996,0.008134467285077229
737997,0.9957641357998348
737998,0.9890083485388301
737999,0.6783802995949126
738000,0.9933892187178017
738001,0.7918912353249634
738002,0.8964406529017872
738003,0.9967272900390226
738004,0.03274778657774802
738005,0.29000612389163005
738006,0.9974398200263834
738007,0.9917925594650732
738008,0.34858591037429204
738009,0.007196931821293253
738010,0.9998421973105083
738011,0.9972743788503046
738012,0.9998928537596459
738013,0.6119845149754715
738014,0.8869334820134818
738015,0.3637457531329259
738016,0.47511532114661836
738017,0.5901834506756465
738018,0.7731145140041749
738019,0.9994044507220528
738020,0.8937593824403951
738021,0.5852929886147265
738022,0.9997281326805607
738023,0.2156403472268954
738024,0.7643402071316956
738025,0.04358900611781017
738026,0.9999667639344031
738027,0.9949243718689864
738028,0.9971695888613913
738029,0.9708525663256111
738030,0.01063233502451605
738031,0.7398077506261226
738032,0.9891917871483876
738033,0.06833179260904773
738034,0.15003197024556414
738035,0.9981961775376085
738036,0.9999177210064669
738037,0.9997598643345891
738038,0.9457060781488387
738039,0.9985019582672198
738040,0.4991244084444755
738041,0.9965153620777963
738042,0.8487958158820461
738043,0.8066742988607617
738044,0.5761177164686286
738045,0.9427892367470923
738046,0.999775027673034
738047,0.9998368686408312
738048,0.9974877973819043
738049,0.003259474141043957
738050,0.007283027348390626
738051,0.9999625098164768
738052,0.01738923535113715
738053,0.9750430460278123
738054,0.8274792784521554
738055,0.6102163152697482
738056,0.7939794514536505
738057,0.9318497512755302
738058,0.9999808038959028
738059,0.030213924368175542
738060,0.9853546039683262
738061,0.6579290177655273
738062,0.9964950673963463
738063,0.9979716681657345
738064,0.21591046066257996
738065,0.7499188970629516
738066,0.7743629472121822
738067,0.9950474298034204
738068,0.9963316555128698
738069,0.9513039024522237
738070,0.9996567032106933
738071,0.9861961015471402
738072,0.047633594855644716
738073,0.99998800585322
738074,0.0671798804274718
738075,0.9921723784757965
738076,0.9236612287963362
738077,0.14089911057310878
738078,0.3312175137507287
738079,0.13747436979240568
738080,0.9888939751796223
738081,0.5763305133746818
738082,0.9106271289154073
738083,0.397929927756363
738084,0.11500062003452508
738085,0.9954761334784279
738086,0.0617067375780876
738087,0.8644104434560457
738088,0.9791076793130268
738089,0.7075013317535697
738090,0.9828140795914573
738091,0.9945800493377742
738092,0.99908265458662
738093,0.9999916855898514
738094,0.2451811257964177
738095,0.03463171108948503
738096,0.9999367574442737
738097,0.005167582698456619
738098,0.3252672714807765
738099,0.999841281592422
738100,0.9997733586529076
738101,0.9966816414510317
738102,0.9971346529022478
738103,0.6102083703208121
738104,0.07250937404981278
738105,0.01704603911817543
738106,0.07765621975711141
738107,0.9718456407972775
738108,0.9966553779448173
738109,0.9493304210096781
738110,0.9667955182335337
738111,0.9996974292733377
738112,0.9997896789157712
738113,0.5224421706672907
738114,0.45976352777458396
738115,0.9992861211031648
738116,0.8684580515894101
738117,0.9469717946997647
738118,0.8495501104646797
738119,0.9265553739363459
738120,0.011325586089116994
738121,0.9463667246966121
738122,0.9457077738839192
738123,0.772952720091447
738124,0.29906812597022375
738125,0.9854570592124755
738126,0.9991122474900445
738127,0.1317959254600738
738128,0.9998156476291782
738129,0.9967943450121545
738130,0.7043045717392407
738131,0.11450676969457249
738132,0.341345801170502
738133,0.997979152135501
738134,0.9992886205416815
738135,0.5059626277305634
738136,0.999720123159586
738137,0.9989108191943183
738138,0.9974016256575383
738139,0.98349329100834
738140,0.9847704222165863
738141,0.9891021976485039
738142,0.9996333379827117
738143,0.99959366132959
738144,0.9771012174606957
738145,0.02523943276893494
738146,0.02951077083976464
738147,0.9745689160132156
738148,0.9981957137037434
738149,0.9699175306981009
738150,0.9985970124823587
738151,0.9999023583932232
738152,0.043236830128378256
738153,0.9971399697540974
738154,0.9443879376332258
738155,0.9997130350601868
738156,0.014273969816208236
738157,0.8691881581902856
738158,0.9999740598318871
738159,0.024154022740779314
738160,0.9999733318713221
738161,0.4776186583165459
738162,0.7504528767750557
738163,0.04618690363576877
738164,0.9911370994552604
738165,0.7528263081386352
738166,0.24058626930838356
738167,0.998946043330668
738168,0.9974920853523876
738169,0.26804795578947077
738170,0.8991371190563796
738171,0.3744383626423027
738172,0.7505486719628607
738173,0.9949547791873294
738174,0.9999062162866054
738175,0.9965163248799274
738176,0.6537282569337524
738177,0.9999439661974807
738178,0.2700289335900746
738179,0.6904768146214082
738180,0.9981727756637748
738181,0.043012949591914755
738182,0.44809890415822623
738183,0.989788412234451
738184,0.7548653472558496
738185,0.9388576462251998
738186,0.08170283575504439
738187,0.06662777048108642
738188,0.9955874960211348
738189,0.759901680942551
738190,0.9953700828564667
738191,0.9999359735694195
738192,0.9408790718612323
738193,0.9998501924790624
738194,0.3308855492625244
738195,0.20488924264552805
738196,0.9940136915845375
738197,0.47014281383276324
738198,0.7937159334907883
738199,0.9999439038223306
738200,0.7324388257138104
738201,0.9997818724216802
738202,0.9932745576756539
738203,0.011680096978393664
738204,0.9954978596338551
738205,0.025701437557905136
738206,0.023327982543240294
738207,0.02501175285303464
738208,0.9990738943684697
738209,0.4654592721320572
738210,0.9811119252156076
738211,0.9932801319359235
738212,0.9992801170421802
738213,0.9992432429668656
738214,0.6788409836225461
738215,0.8674683755467802
738216,0.5765708406500313
738217,0.992856889457686
738218,0.8127372901176839
738219,0.9934464985415419
738220,0.9998570562167994
738221,0.9873650223235129
738222,0.12168751575472456
738223,0.28274508527365105
738224,0.016011485984953742
738225,0.935478023834975
738226,0.12537098640345307
738227,0.5547804717503274
738228,0.7340257720558869
738229,0.9997308199967234
738230,0.17673509454561315
738231,0.3588788052711727
738232,0.4635476693826249
738233,0.0013207342821003531
738234,0.8420089480595965
738235,0.06320177777897451
738236,0.6827373792815565
738237,0.9997682389951357
738238,0.7611354507837671
738239,0.17017462755654456
738240,0.9995567369521039
738241,0.9503683088590663
738242,0.7639997308393635
738243,0.5980089751966697
738244,0.0893041058879044
738245,0.9104140741321394
738246,0.6783706884174329
738247,0.9492506767127147
738248,0.6834204535836279
738249,0.9999663143520454
738250,0.49872085427233287
738251,0.1799535203160348
738252,0.9540636645297247
738253,0.3874161903000374
738254,0.9922641568062307
738255,0.7596630970414988
738256,0.999967159795901
738257,0.9955848135951315
738258,0.9971665284985276
738259,0.9999157639125336
738260,0.8687887524270614
738261,0.9997777701044921
738262,0.21159029775074595
738263,0.05219190827698425
738264,0.99987748617792
738265,0.9994406654262612
738266,0.9784288265114813
738267,0.9999182395836634
738268,0.16290418115715977
738269,0.9999718371542892
738270,0.9851043812564366
738271,0.10954340539057934
738272,0.9991541997034371
738273,0.8025603626620824
738274,0.7793504353599918
738275,0.04899517978717878
738276,0.998996582174249
738277,0.06527215061036605
738278,0.00898755745987364
738279,0.013155153056154317
738280,0.10178758449596831
738281,0.05462081868646225
738282,0.9696878713371979
738283,0.999878772499027
738284,0.22205411281114543
738285,0.9991923705539936
738286,0.6813206171128285
738287,0.6942174129964932
738288,0.4977446902849446
738289,0.9883506677920795
738290,0.9979509217396126
738291,0.8008941096975777
738292,0.4006738718264933
738293,0.9984324737822474
738294,0.9999581911782414
738295,0.027933011838336373
738296,0.679336592187558
738297,0.9998410813998551
738298,0.9330102961759544
738299,0.9583492557310949
738300,0.999984222495703
738301,0.999960478429639
738302,0.8320196499584505
738303,0.00741724576597925
738304,0.9999886911342161
738305,0.9999819129314467
738306,0.45521963380296737
738307,0.5655600250779825
738308,0.9982581565494648
738309,0.11588505727219049
738310,0.4088325732400746
738311,0.3392910068457148
738312,0.9915119018462516
738313,0.5812484752359944
738314,0.2070576791585595
738315,0.9939041270139116
738316,0.6960132817023137
738317,0.9999825484122162
738318,0.12933319121581133
738319,0.5240999250469466
738320,0.9962696033836794
738321,0.8517810258258212
738322,0.83327767295698
738323,0.9919202631107248
738324,0.1819279968947363
738325,0.1939787904724607
738326,0.999093348464738
738327,0.9994671628355116
738328,0.928534938849812
738329,0.9731263416773381
738330,0.7387907313129581
738331,0.992782309434592
738332,0.9790974331714639
738333,0.0060457248776604414
738334,0.6741699279190829
738335,0.9992997781715911
738336,0.08654300913138499
738337,0.9989922842433038
738338,0.9979947688791777
738339,0.9999185489831606
738340,0.8327304874218704
738341,0.7757482786475809
738342,0.9833824954290269
738343,0.07874975844987495
738344,0.9994151096156485
738345,0.9999808306929219
738346,0.06300737217881992
738347,0.9990789358457755
738348,0.16128170812776
738349,0.9996404722319405
738350,0.0031266924333417717
738351,0.012622145987419335
738352,0.5101061390464439
738353,0.037583540691469255
738354,0.4039221760932043
738355,0.99987430130448
738356,0.5647182165114097
738357,0.9996676878402904
738358,0.9631649789490339
738359,0.9838666054419158
738360,0.9995706951371048
738361,0.8782564376824258
738362,0.8294938202631896
738363,0.945226528469981
738364,0.9979023928611644
738365,0.06387319630071628
738366,0.14113699790371081
738367,0.9724229996184944
738368,0.9995515297432919
738369,0.7511031111735987
738370,0.30570566805518773
738371,0.5363742245803774
738372,0.9995465306768407
738373,0.19041121272214107
738374,0.9992508581094497
738375,0.012748443875743077
738376,0.9989664197166481
738377,0.05844827511939924
738378,0.9924865460410953
738379,0.9928634859796598
738380,0.9928224342945728
738381,0.9969190920236641
738382,0.9553500179446415
738383,0.9999650799034439
738384,0.9999305881922134
738385,0.23763475541620455
738386,0.9858001780468042
738387,0.9040648692293023
738388,0.9999893031056225
738389,0.8372272614610907
738390,0.9996372915199031
738391,0.864604669230107
738392,0.969626224964895
738393,0.14811365817224045
738394,0.2742898699943461
738395,0.008345417886713972
738396,0.07298438951242354
738397,0.9998877544125822
738398,0.6446767191596174
738399,0.9980124434931259
738400,0.9986031256451458
738401,0.9955704423764145
738402,0.9892929078850827
738403,0.8976108189237917
738404,0.9817787452510092
738405,0.9315919471937142
738406,0.20861523181972189
738407,0.9732508585432809
738408,0.9989953748158948
738409,0.8410309222792043
738410,0.03481005958557221
738411,0.026767904923394606
738412,0.015182537908651626
738413,0.9999764561304559
738414,0.9677236761010151
738415,0.9999854224449729
738416,0.9985357406445742
738417,0.9984023466586056
738418,0.9996199666866258
738419,0.14217558875888497
738420,0.8245303312722535
738421,0.08401397627222966
738422,0.9256005627209609
738423,0.999758141769266
738424,0.9997380936507104
738425,0.999738409733554
738426,0.032869712940414436
738427,0.7894502280507599
738428,0.057208191951985315
738429,0.9870804579932955
738430,0.9998798630413261
738431,0.6706123032793704
738432,0.9962016402774947
738433,0.43827505241593523
738434,0.9982089062870794
738435,0.27574032037396595
738436,0.9999462753161592
738437,0.16257221771762587
738438,0.8279196325526688
738439,0.999935193360485
738440,0.8931796775551004
738441,0.9999222357811044
738442,0.018926509167845027
738443,0.002813011025505697
738444,0.9996894505488978
738445,0.7115457719714379
738446,0.9986192821735123
738447,0.996821297235922
738448,0.9921177261373845
738449,0.999573757953781
738450,0.998868410666173
738451,0.955315531613085
738452,0.024967567596612533
738453,0.5480905183912378
738454,0.9983037233152543
738455,0.999800307353109
738456,0.008778516271548494
738457,0.9999854069495389
738458,0.9995198178333229
738459,0.6069953235754093
738460,0.43582650863775024
738461,0.9785001370202533
738462,0.08604210668907943
738463,0.998369855755246
738464,0.9999418699458802
738465,0.6101459281898254
738466,0.9997584741099881
738467,0.47139062587649827
738468,0.9810241690422499
738469,0.9877870074590247
738470,0.0349469863325864
738471,0.9603634728670964
738472,0.7325533201989645
738473,0.031917371899835845
738474,0.9998132366835458
738475,0.05398206071928975
738476,0.015048551126910559
738477,0.8956382406279458
738478,0.9945294864543905
738479,0.8717398705329091
738480,0.436178311446616
738481,0.8703106506455126
738482,0.9996002154380774
738483,0.9999273193234997
738484,0.9995969862941718
738485,0.8763811009426228
738486,0.9979108946536706
738487,0.3574040373708157
738488,0.6171008326954546
738489,0.3786794691970133
738490,0.6986479176643882
738491,0.6742729592109611
738492,0.5934267271743903
738493,0.3871650987327433
738494,0.9966182713448946
738495,0.9993658313979328
738496,0.9994507904793427
738497,0.07785637624429625
738498,0.9638754820588036
738499,0.9949755655987454
738500,0.9998246091114518
738501,0.999941082843522
738502,0.9999276475973398
738503,0.9980663989124372
738504,0.04820250435234782
738505,0.9074034897802368
738506,0.999980382284495
738507,0.662491508889388
738508,0.19608183163230006
738509,0.997605881874969
738510,0.9737236178663609
738511,0.9985255097736829
738512,0.9999122365273458
738513,0.7712133046962601
738514,0.5697318223467887
738515,0.006841766856598548
738516,0.2215011882599274
738517,0.9995249256618447
738518,0.8692335468851391
738519,0.9995855512086825
738520,0.6210202694282915
738521,0.9762712096693167
738522,0.9997793100040138
738523,0.5088319806758802
738524,0.0624281046518714
738525,0.9998184094751099
738526,0.9999857095230138
738527,0.9991070278416719
738528,0.9999863558008271
738529,0.007557502859928782
738530,0.9979210079207301
738531,0.9901867654285752
738532,0.35421237945969025
738533,0.4276965871845695
738534,0.9996068957220601
738535,0.01755639920325552
738536,0.9786387284189495
738537,0.43395802551965196
738538,0.8304926302432208
738539,0.9999369548428904
738540,0.7898853327279225
738541,0.039973306726610605
738542,0.8193898797210366
738543,0.9999790107268725
738544,0.9998489211822514
738545,0.007257879660386548
738546,0.9490857621827444
738547,0.9850722808588244
738548,0.13763567452605494
738549,0.9620887461426246
738550,0.9993171521026353
738551,0.9971969342309355
738552,0.9990765434819252
738553,0.9947794346240783
738554,0.9621640128056739
738555,0.4846283469057965
738556,0.8204056420194472
738557,0.045649384279499154
738558,0.9762527058958267
738559,0.9902611849556893
738560,0.9983339648627688
738561,0.9970777954910615
738562,0.9997912662091575
738563,0.06083933771720117
738564,0.24924718823186187
738565,0.9972501880586162
738566,0.9979867103645531
738567,0.005314529103548634
738568,0.6807411309641711
738569,0.01934203819877235
738570,0.9058384519599662
738571,0.6455500893084685
738572,0.9749439427172153
738573,0.01082629558032111
738574,0.9990550237160898
738575,0.16651758955153473
738576,0.9141058791646859
738577,0.2869578664721323
738578,0.025526940153800873
738579,0.05973050101067362
738580,0.9954105455110445
738581,0.9997980304393141
738582,0.9594046715488556
738583,0.3603668950697342
738584,0.9620036209217604
738585,0.8288231131521313
738586,0.9986547031128581
738587,0.9998458643356667
738588,0.030514941116036497
738589,0.9999627224116916
738590,0.960627343719182
738591,0.8163717867881908
738592,0.999948065816229
738593,0.6549623291421582
738594,0.8588497674051817
738595,0.6275597432991324
738596,0.8146630127565349
738597,0.9994348271364029
738598,0.9753772118052593
738599,0.9995867128919267
738600,0.4082279001095607
738601,0.7759348862744739
738602,0.9983582055211568
738603,0.8756387906476524
738604,0.9999846025403489
738605,0.9991795239839607
738606,0.14838044682130047
738607,0.9898071473227966
738608,0.02522728369296657
738609,0.9999415892358384
738610,0.022080720739853663
738611,0.3293908910368045
738612,0.023995955089184933
738613,0.7180685128342252
738614,0.8624972768244975
738615,0.9881932301960736
738616,0.231046931900984
738617,0.15057858293267756
738618,0.9999142730096222
738619,0.9984118431728616
738620,0.19314374095638442
738621,0.4685285672073952
738622,0.9642570474823182
738623,0.7475030783098238
738624,0.9999821220078982
738625,0.9980903527614159
738626,0.9951546955068374
738627,0.405190732864015
738628,0.996980625813893
738629,0.9909156017270482
738630,0.9954605152236718
738631,0.131148119909812
738632,0.13324134683892586
738633,0.9996993689043494
738634,0.14068624558007883
738635,0.7082916770675358
738636,0.014546809438199956
738637,0.9921678483716405
738638,0.9999008131180258
738639,0.6924266925209759
738640,0.008664387756175645
738641,0.026677574853720944
738642,0.07871500953664329
738643,0.7419951834785308
738644,0.1853301675261415
738645,0.6896492262579121
738646,0.7634028738341261
738647,0.9708518621602378
738648,0.999764488605499
738649,0.9957379836765143
738650,0.8977271084069234
738651,0.3239627631397247
738652,0.910695099875326
738653,0.9958758618618947
738654,0.9999585935715286
738655,0.999950820506051
738656,0.4296479976456796
738657,0.017274560325449995
738658,0.9914553691172154
738659,0.9999302280577387
738660,0.9560994770037595
738661,0.1498583784760066
738662,0.9996405498481004
738663,0.6430651176702906
738664,0.6211429586333855
738665,0.9999570424481232
738666,0.9985585687503518
738667,0.9990915655093044
738668,0.9999563902380095
738669,0.43333125387589433
738670,0.2761541604876923
738671,0.9878776487363968
738672,0.332017171214226
738673,0.9978327551808506
738674,0.8663414192882332
738675,0.9995363260724877
738676,0.9999920034682075
738677,0.08931328723505855
738678,0.8342060786537688
738679,0.9997895616689886
738680,0.9962659800416944
738681,0.998909874105844
738682,0.5203148099963232
738683,0.995133177541637
738684,0.18560388905500208
738685,0.8180762715293576
738686,0.019283770644265334
738687,0.9110728779808333
738688,0.11423447200388794
738689,0.999957038368402
738690,0.9503311872404149
738691,0.989138156271666
738692,0.012202689963455596
738693,0.997807498347077
738694,0.006706630562520727
738695,0.9999655253138087
738696,0.9999812384345497
738697,0.1051123697479058
738698,0.9996936961767595
738699,0.8545822902613771
738700,0.012324311294243547
738701,0.9989215925915946
738702,0.9781751364446407
738703,0.9998629168557771
738704,0.4994753212132884
738705,0.19760904849397443
738706,0.1755826054096873
738707,0.04990703835174573
738708,0.08671527062083208
738709,0.4115563545451454
738710,0.5685925821217467
738711,0.8469160656579366
738712,0.9998089096071419
738713,0.26412774908998377
738714,0.9765750038913394
738715,0.5784894992388653
738716,0.516305829886517
738717,0.5678304627955477
738718,0.42356692008867214
738719,0.08565655660119342
738720,0.5231759688888509
738721,0.9989671600967278
738722,0.659670977456829
738723,0.9195134210130519
738724,0.8068249377134906
738725,0.8017250125342356
738726,0.9867868760157098
738727,0.9933058091916065
738728,0.22998253984882353
738729,0.27880842384557164
738730,0.9985742964947802
738731,0.7269524758855839
738732,0.8724434312595806
738733,0.7950178370710793
738734,0.789555515947573
738735,0.7012369477747014
738736,0.6227988022388217
738737,0.969145448794531
738738,0.9748253971076017
738739,0.9998002002317296
738740,0.999671158170849
738741,0.9999310615605994
738742,0.29002603486100875
738743,0.9984352784835138
738744,0.7303269244304468
738745,0.8226591108627341
738746,0.04218883776327731
738747,0.06974111111745356
738748,0.050101959787868695
738749,0.05030053388174008
738750,0.9998582537506242
738751,0.9783908937403888
738752,0.9702355279593073
738753,0.6610650775230064
738754,0.9994387142911794
738755,0.04329824900113577
738756,0.9401823112891188
738757,0.13296330656743915
738758,0.9999370618943768
738759,0.9612170108582916
738760,0.6634230979797605
738761,0.9981771258710035
738762,0.9996028763675405
738763,0.37585134152610555
738764,0.999401769257142
738765,0.7299896372807976
738766,0.29768749573183084
738767,0.23751798000123808
738768,0.9893261726817316
738769,0.9987107086743438
738770,0.9979218168124291
738771,0.9999819845341518
738772,0.8062268083974219
738773,0.9924001636201975
738774,0.9920848262000468
738775,0.7289303064742558
738776,0.6892730844155602
738777,0.9981392740693655
738778,0.9221356273523735
738779,0.9983723136025975
738780,0.9999277463320843
738781,0.8746149596750679
738782,0.9973418529789442
738783,0.4083846704112638
738784,0.9354708743960907
738785,0.1833899012590403
738786,0.09744010982542414
738787,0.4537844268809544
738788,0.94401424949777
738789,0.9951301543294537
738790,0.9933269282064946
738791,0.017968541177185725
738792,0.009973363757675179
738793,0.9961173979197606
738794,0.8771906294960857
738795,0.999434128660684
738796,0.023320477152234346
738797,0.023584084979703726
738798,0.14260918142796133
738799,0.8968845966923049
738800,0.9998298671442952
738801,0.9999085406977966
738802,0.9999747400918253
738803,0.1779440588839608
738804,0.5868406816487
738805,0.8276841213420622
738806,0.5775942281871417
738807,0.6910390299120546
738808,0.9965001325001968
738809,0.99548367158153
738810,0.9996073622632207
738811,0.09863702973497887
738812,0.7655916853590305
738813,0.9745723979819516
738814,0.9957116204664668
738815,0.9998551768003461
738816,0.08616991397789892
738817,0.06961893430499927
738818,0.9999742058692249
738819,0.5677298286172509
738820,0.618399367624052
738821,0.002609021813493169
738822,0.44704916224173313
738823,0.9160694240203997
738824,0.9999699865461272
738825,0.5541680292590592
738826,0.9794458619403342
738827,0.11387232526530283
738828,0.9998915308914132
738829,0.9999146457661632
738830,0.9992807000453665
738831,0.9999075171496478
738832,0.5768302637745053
738833,0.6722653622562719
738834,0.9994941136289588
738835,0.9991975983695092
738836,0.9954905807913238
738837,0.6550481790073672
738838,0.40378442262502606
738839,0.9996594115337845
738840,0.9892311376835474
738841,0.19708775894488184
738842,0.9786735808628283
738843,0.702603261436317
738844,0.999505671373734
738845,0.9589473929461976
738846,0.13339149152916943
738847,0.7999314612057031
738848,0.009197125073474826
738849,0.9555282327826822
738850,0.9780775187739501
738851,0.9462532741791924
738852,0.020803547653812347
738853,0.9982840059593994
738854,0.9999043106746717
738855,0.9924784269680875
738856,0.6946669242375959
738857,0.9947657632474181
738858,0.6302451694148075
738859,0.012714771085274218
738860,0.15030857504719078
738861,0.9995491369106162
738862,0.6967606683928599
738863,0.941340782176584
738864,0.982211893020482
738865,0.1377898459910273
738866,0.2609725318113326
738867,0.9957579686808555
738868,0.9978191404981581
738869,0.9999577358185228
738870,0.4057827023439655
738871,0.9997065113916368
738872,0.9998135011490529
738873,0.8805270666032285
738874,0.013218723212162947
738875,0.8307137059441964
738876,0.9978093368532175
738877,0.9737810307545276
738878,0.9847042307738396
738879,0.9660743669185482
738880,0.5602649781394973
738881,0.2633762581114258
738882,0.9982398933920026
738883,0.1323763986065566
738884,0.997323329141804
738885,0.014703937676578526
738886,0.9900834533455631
738887,0.06280798753977597
738888,0.770748597672093
738889,0.2607186322459705
738890,0.9374775544554074
738891,0.9984788260136026
738892,0.9996862670949448
738893,0.008369496449390479
738894,0.9997449937097745
738895,0.9980561358262365
738896,0.9998822353711609
738897,0.010075890964829484
738898,0.08567955041853366
738899,0.47172701199699263
738900,0.999941175619544
738901,0.8478576046906514
738902,0.9956094467874451
738903,0.9948387539744528
738904,0.4652330657932695
738905,0.14881313351719794
738906,0.9893241743776111
738907,0.6057540163686138
738908,0.9993970324513453
738909,0.9988304611384914
738910,0.998849768903842
738911,0.7964872043397028
738912,0.9999071610557548
738913,0.2806095918049563
738914,0.038160394675389724
738915,0.9980534990696361
738916,0.9999553390030712
738917,0.06492539912245682
738918,0.9998544322982048
738919,0.9619254800502505
738920,0.510600869019635
738921,0.9870598054767301
738922,0.9999482182654469
738923,0.9999357877321177
738924,0.9997694960530994
738925,0.11397377356850402
738926,0.5121049579077067
738927,0.9400212194370233
738928,0.9989643678076998
738929,0.9999448313543915
738930,0.9997709611359749
738931,0.8944344927242487
738932,0.9997285307142292
738933,0.11468643783558652
738934,0.9743113293230292
738935,0.45591266963458926
738936,0.9301677749908446
738937,0.3820608491289814
738938,0.00829303278388616
738939,0.7585120048738608
738940,0.23339274002413296
738941,0.9994379729006295
738942,0.9995590039782662
738943,0.9989549982110952
738944,0.9999897981226793
738945,0.9998069162486874
738946,0.9999836830934015
738947,0.20559260611383612
738948,0.6271901568210982
738949,0.9084702235372191
738950,0.9999781593101226
738951,0.9770562372339751
738952,0.20471671286331578
738953,0.994761063221887
738954,0.99950118141998
738955,0.299447045027879
738956,0.9937460860469971
738957,0.022577036122690776
738958,0.40511147553130883
738959,0.948064636283294
738960,0.9949106412473349
738961,0.9928934340160807
738962,0.7112514656760244
738963,0.9993110980367781
738964,0.5093004199570814
738965,0.999803835662283
738966,0.9887599450374719
738967,0.1849064339115435
738968,0.9987986426692992
738969,0.8035684719508694
738970,0.9666424419377004
738971,0.9996196032179789
738972,0.9997227296203153
738973,0.9925255292309563
738974,0.06593018408232229
738975,0.39082459500114175
738976,0.2373673878132101
738977,0.9854784685665333
738978,0.1459258225742492
738979,0.9964083810724803
738980,0.999256119049797
738981,0.998586711734635
738982,0.9724101546732975
738983,0.0420537509013157
738984,0.9959007101002251
738985,0.9992931765461073
738986,0.8842267404156321
738987,0.999395601865988
738988,0.9997975728628773
738989,0.549145552098084
738990,0.9575239625241723
738991,0.9870140589613489
738992,0.011629959813946617
738993,0.12256315577614044
738994,0.506547471246971
738995,0.044315603322195675
738996,0.9847252817296563
738997,0.9969478964912319
738998,0.3927412351708982
738999,0.8017728940713842
739000,0.5834341774644815
739001,0.9925684955970697
739002,0.3196335438168184
739003,0.008337721165168382
739004,0.9951696083470793
739005,0.999877835314112
739006,0.9998885374268442
739007,0.9989654446659628
739008,0.9934885040923356
739009,0.25932283703197584
739010,0.11441646161854173
739011,0.9985061497841968
739012,0.2022606271143516
739013,0.9938391751544454
739014,0.8807144014824597
739015,0.2654302445126735
739016,0.9998947978079479
739017,0.5047571627084161
739018,0.8507006462163932
739019,0.41210845961985854
739020,0.8730014644615718
739021,0.8958456454763258
739022,0.6988931686004862
739023,0.6374758117422725
739024,0.9481144383853597
739025,0.5075766185583976
739026,0.9997875300153367
739027,0.9391124691842488
739028,0.9860943474284554
739029,0.9969321302380975
739030,0.9931795946780776
739031,0.24593379334099816
739032,0.01596987524706462
739033,0.8830047460788151
739034,0.981287639989215
739035,0.7269170641527396
739036,0.9998399421107712
739037,0.6919789822160296
739038,0.9940614553885943
739039,0.9996924415600522
739040,0.20006164989678743
739041,0.6319731250677804
739042,0.9991797478606202
739043,0.09149378784473844
739044,0.9977804880683003
739045,0.9996591964775166
739046,0.472647791893854
739047,0.9998224247535973
739048,0.055907631421629723
739049,0.4519681187179802
739050,0.27350770553679166
739051,0.9988137765709235
739052,0.9715604499452215
739053,0.998998292100297
739054,0.09496361887117004
739055,0.9992072757903029
739056,0.17637693711609637
739057,0.9547833439101623
739058,0.5373813289708086
739059,0.9971111233113832
739060,0.295915446207063
739061,0.9996644433235261
739062,0.5352834520294771
739063,0.6301122748827448
739064,0.9961712931204468
739065,0.0504325213096962
739066,0.00786313799597266
739067,0.9963835937905223
739068,0.7090052113304104
739069,0.16640023753578495
739070,0.9998859063668935
739071,0.1822997664637998
739072,0.9999913674760996
739073,0.97006536400845
739074,0.45160186591673623
739075,0.9997975922543793
739076,0.6910837794189881
739077,0.615990841370196
739078,0.9789813961693618
739079,0.013983677725436792
739080,0.3291695795960968
739081,0.9566202807580266
739082,0.9999737734327001
739083,0.9999418223886185
739084,0.9998107859976237
739085,0.38983462634960964
739086,0.9925795384070885
739087,0.053783546849008566
739088,0.4238217231186121
739089,0.33866144700855216
739090,0.9988829276996551
739091,0.9995351726837249
739092,0.9998563330725823
739093,0.830487485963527
739094,0.999121083390669
739095,0.517079619385811
739096,0.7446560425539621
739097,0.9999921199783719
739098,0.9999294736486632
739099,0.999183611716615
739100,0.9228591467758473
739101,0.9963036341577678
739102,0.05610182977085314
739103,0.07023138863108332
739104,0.08182391505714508
739105,0.9723853951577799
739106,0.8062805046220146
739107,0.5478622772294932
739108,0.47871760697298626
739109,0.9527578986541431
739110,0.9989008363558037
739111,0.9179112193272226
739112,0.37073908669471756
739113,0.658425004460721
739114,0.8807263396035393
739115,0.9988221866164774
739116,0.9999228315598031
739117,0.14940742702234727
739118,0.17437241066723913
739119,0.2342144273260512
739120,0.9998581092003905
739121,0.28569177944305824
739122,0.991794971232923
739123,0.6937551089378218
739124,0.052560208182410674
739125,0.6252234969798716
739126,0.9995046097449001
739127,0.883347933389988
739128,0.2883944284365784
739129,0.9929050554267144
739130,0.9999277464861605
739131,0.005146669665392209
739132,0.01589595138902476
739133,0.809404684298846
739134,0.6327398809169822
739135,0.6708642618326223
739136,0.00941682445430181
739137,0.3051362651938317
739138,0.9999711022111535
739139,0.9989558215029029
739140,0.9962265250998233
739141,0.7318176290131331
739142,0.23349756464480503
739143,0.653478752152784
739144,0.8406722923754704
739145,0.06646564743930432
739146,0.7336133483124816
739147,0.9976097404630461
739148,0.9997310995020647
739149,0.9454892952229813
739150,0.6143736955599748
739151,0.24790545411509637
739152,0.9992248884004665
739153,0.9998144931859361
739154,0.9995189763214946
739155,0.4540375888595754
739156,0.8452219200800062
739157,0.9983099192331673
739158,0.7453174722358762
739159,0.8227380392812165
739160,0.2572440735491777
739161,0.5648274606031591
739162,0.9998918207064039
739163,0.2743275364842245
739164,0.6438413691195188
739165,0.9999005907275782
739166,0.9884236949503449
739167,0.999965911459157
739168,0.07236442402669713
739169,0.9974809257387607
739170,0.9727646518859787
739171,0.8777286709237162
739172,0.8629046217820634
739173,0.32288069273049425
739174,0.9082630096697748
739175,0.9995599920262012
739176,0.9993488406563
739177,0.8639166076806121
739178,0.9958009832784583
739179,0.9993105947523423
739180,0.10385391931996014
739181,0.46625146035753723
739182,0.441613601272987
739183,0.6665982581344847
739184,0.4163207371312643
739185,0.22285267813407778
739186,0.01371550816655248
739187,0.009427452492176889
739188,0.9999432365823019
739189,0.9797502545559514
739190,0.9300199153585256
739191,0.9995592186965752
739192,0.18794885064191502
739193,0.7564735452594367
739194,0.880083844027589
739195,0.9998558522764696
739196,0.974337220946994
739197,0.9990410557064784
739198,0.25428280675002374
739199,0.9997077385883786
739200,0.9987035784058892
739201,0.9997253172953281
739202,0.9932997928610321
739203,0.9988891041058223
739204,0.8421789423724522
739205,0.49180346931155183
739206,0.7271554398121672
739207,0.6543789584071125
739208,0.008705599979015245
739209,0.8461122669351915
739210,0.5915039963164077
739211,0.8090899549229356
739212,0.5474679489802461
739213,0.9794414381636367
739214,0.002623559934583764
739215,0.8040716222489459
739216,0.9949220806167639
739217,0.9997517560519374
739218,0.3533393325380844
739219,0.09892530525089216
739220,0.9581101653330817
739221,0.34657766348864727
739222,0.006491969371998072
739223,0.9977817394373072
739224,0.9998977810144474
739225,0.998874055723917
739226,0.8256596240614216
739227,0.9579984365666858
739228,0.042861916597308626
739229,0.9052723368692286
739230,0.00964034725380809
739231,0.4324191385695887
739232,0.4270553877009366
739233,0.9996399397707809
739234,0.9557846739207438
739235,0.9919078036990946
739236,0.955248724565737
739237,0.6056890572065283
739238,0.03391048576532157
739239,0.9923646063853837
739240,0.9302140617134023
739241,0.9997183462225414
739242,0.9995550240483195
739243,0.9987426460287095
739244,0.9971186238769061
739245,0.8799584336295893
739246,0.32427093563769405
739247,0.9995229694322817
739248,0.036262366185490245
739249,0.3182959791361865
739250,0.9712226707007554
739251,0.17583613470652157
739252,0.6584104799044662
739253,0.8931483610978472
739254,0.9985400225028581
739255,0.05827318353114354
739256,0.9948972482461269
739257,0.08313822672976036
739258,0.34155238293195755
739259,0.9050606863062823
739260,0.630749931078185
739261,0.37961540648232606
739262,0.999220280525543
739263,0.999639026968397
739264,0.9938362317066352
739265,0.49320139765669635
739266,0.9976263347231795
739267,0.999798680802758
739268,0.9385686885765463
739269,0.9996682300052079
739270,0.998510807156347
739271,0.9992328145788416
739272,0.6839154691831626
739273,0.9758136654152467
739274,0.14136782302100215
739275,0.14756939836625033
739276,0.9116294512321572
739277,0.2633589698000606
739278,0.9998731628844438
739279,0.9818350319581848
739280,0.9997612511134056
739281,0.13042973043030626
739282,0.27275827988742424
739283,0.9326494518177866
739284,0.05547590212066439
739285,0.2435266266589618
739286,0.13137091550965865
739287,0.6716423699181004
739288,0.9681656547261404
739289,0.9925819546456249
739290,0.9995896594183695
739291,0.9998432318276159
739292,0.9650614836263929
739293,0.7930924758423259
739294,0.999949177647655
739295,0.8866789556654331
739296,0.033919471958296414
739297,0.9988850182520216
739298,0.1495340749574632
739299,0.019807248755988285
739300,0.9999714030134432
739301,0.9915239788697761
739302,0.7603742568496039
739303,0.09864663286669909
739304,0.65561500933632
739305,0.9589243142355273
739306,0.9994636584727821
739307,0.017606721879238663
739308,0.9999523424994683
739309,0.7468858362086448
739310,0.999949740116373
739311,0.7277732824923049
739312,0.9389509218735159
739313,0.9964322889638306
739314,0.008103895832829394
739315,0.9950782939152695
739316,0.4781904529033605
739317,0.8358468616480181
739318,0.9953410678193271
739319,0.8865542971522795
739320,0.8816460624381621
739321,0.11871842157678512
739322,0.9685266299587147
739323,0.5733185444685067
739324,0.999884735018925
739325,0.9998389123175553
739326,0.910755564413422
739327,0.08642618224368935
739328,0.0178697331614807
739329,0.5517373854380165
739330,0.9961316814655798
739331,0.9940780348899014
739332,0.9996762410217535
739333,0.8851727343198337
739334,0.9997583134677182
739335,0.9998553902271208
739336,0.4570709699585061
739337,0.3759622465123965
739338,0.1409986776025537
739339,0.5591790030775037
739340,0.8285973128183837
739341,0.03503832166285496
739342,0.6429023161085732
739343,0.07784765289666656
739344,0.024389370029536794
739345,0.9999034065019194
739346,0.9926619192809055
739347,0.9997936643097611
739348,0.1450642695488886
739349,0.13844652408215855
739350,0.029268535324985932
739351,0.9883728176818036
739352,0.9998314130909423
739353,0.7190345981193818
739354,0.9979838168680981
739355,0.1015596227311242
739356,0.9996505967039425
739357,0.9993869363524037
739358,0.9929163269652732
739359,0.9842760778659634
739360,0.9999628744983633
739361,0.8394803169677121
739362,0.9999837225145729
739363,0.9999971409467472
739364,0.6942579453118267
739365,0.6735279698879784
739366,0.9716690930090979
739367,0.6663978442956396
739368,0.9999813835549145
739369,0.9999253053495757
739370,0.9531365191660097
739371,0.9964959332849281
739372,0.006820462423201671
739373,0.9974383191572218
739374,0.043548532720302145
739375,0.7657631090359585
739376,0.010053192300968218
739377,0.04288875448848221
739378,0.8941194257776566
739379,0.9981261571042117
739380,0.9883327233970987
739381,0.9996709620683061
739382,0.9996633576615985
739383,0.49378529741989674
739384,0.4598531087599028
739385,0.993206938271235
739386,0.9998791175209709
739387,0.1274104923850684
739388,0.7049955450681373
739389,0.8040781366774364
739390,0.9099483336433833
739391,0.04546053539071129
739392,0.9996166440452718
739393,0.9985144931448431
739394,0.8727579471328824
739395,0.9487894837669446
739396,0.1984532065214747
739397,0.8755957022863233
739398,0.9757459941984987
739399,0.0013425026264187552
739400,0.9999341303265799
739401,0.036835949990401934
739402,0.9996722629536304
739403,0.9453330460517251
739404,0.9338724906290443
739405,0.7611807137562451
739406,0.9822925127229336
739407,0.9333022874034408
739408,0.9993625603805192
739409,0.985649577557031
739410,0.6901953088145514
739411,0.8043050040118342
739412,0.19497910211770803
739413,0.862970661000916
739414,0.562302568195032
739415,0.008966333615318435
739416,0.9971571448767456
739417,0.8811379876214627
739418,0.30621537676323146
739419,0.5892434955706477
739420,0.9996717405312252
739421,0.47914555974414563
739422,0.9997038826657918
739423,0.019153456945477057
739424,0.9984829669786146
739425,0.9989144584314611
739426,0.01266468477273491
739427,0.024179033349342745
739428,0.8850555010833573
739429,0.9170141141418684
739430,0.9994428586410729
739431,0.9993120176298489
739432,0.9992618111651096
739433,0.40786002864689047
739434,0.999725807598008
739435,0.9996936444302889
739436,0.024960765400284447
739437,0.998500409983295
739438,0.3411957247288451
739439,0.9999090251319251
739440,0.8131266564304657
739441,0.9972181826332516
739442,0.05409713404657826
739443,0.9988300135008321
739444,0.3538149068800413
739445,0.9999068837623797
739446,0.9997330662379805
739447,0.9994778030760203
739448,0.9980787078378406
739449,0.7659127326395136
739450,0.14144792895615582
739451,0.9994227928745575
739452,0.9914640570139229
739453,0.07166842987230759
739454,0.9991610754478955
739455,0.9999547613543824
739456,0.817937216807255
739457,0.11923211856137511
739458,0.9916638442730497
739459,0.9856618315996499
739460,0.6409873142373006
739461,0.32223370355304953
739462,0.023564691612277918
739463,0.10783807913692603
739464,0.9694410814671293
739465,0.9977153869754438
739466,0.7020461331008985
739467,0.9999058022369518
739468,0.9507638161996499
739469,0.9910108562273955
739470,0.9241358783436366
739471,0.9897041208564714
739472,0.8086604819240397
739473,0.9958825733230634
739474,0.9999377752507379
739475,0.07694843697778661
739476,0.9998225765390278
739477,0.9999470889120164
739478,0.9368856821930337
739479,0.20651763374258864
739480,0.09987961643316767
739481,0.9252586358823222
739482,0.9991334260978384
739483,0.7842262680056349
739484,0.7919272261109225
739485,0.05276395854792885
739486,0.06109868231664731
739487,0.657967222138509
739488,0.9978522522878499
739489,0.21633614509305094
739490,0.6307236757523517
739491,0.8398796774887646
739492,0.17991941349517426
739493,0.014170114902624726
739494,0.999890844278794
739495,0.18656327600984338
739496,0.01839527393327763
739497,0.03826181409261725
739498,0.08848872185193132
739499,0.9965255980677676
739500,0.9997433600291199
739501,0.9832671055312157
739502,0.995441017443061
739503,0.01110914597350762
739504,0.9959942951048925
739505,0.19215091427187075
739506,0.5163604818774904
739507,0.6980942214930126
739508,0.9996603296790135
739509,0.9816393760251951
739510,0.9998098924974654
739511,0.9997341856581468
739512,0.8648258841345586
739513,0.5822423925484507
739514,0.9855102806889364
739515,0.99032464348196
739516,0.9986247198819607
739517,0.9998126140361505
739518,0.9426452368023223
739519,0.9980996302397489
739520,0.19383643082007068
739521,0.869698019681222
739522,0.36858357463786456
739523,0.9998024248747167
739524,0.9992851177042089
739525,0.9990933954221184
739526,0.013178212497673482
739527,0.9999098941655209
739528,0.5473575233417416
739529,0.8212635212312052
739530,0.679019463614523
739531,0.9998406787539699
739532,0.94144279485208
739533,0.9998298802662418
739534,0.9999742831968439
739535,0.7505639774179704
739536,0.9999708217033185
739537,0.9987133873198377
739538,0.9620122151053512
739539,0.9989982364164038
739540,0.9919318020683553
739541,0.9522186256925407
739542,0.9997864700242257
739543,0.01760334132382507
739544,0.9721489428290166
739545,0.12652652946879445
739546,0.46493800614797065
739547,0.7042665987044069
739548,0.1906672402956064
739549,0.9988502273038875
739550,0.9999642604493507
739551,0.9997919966818217
739552,0.9997355485740469
739553,0.9987250742951856
739554,0.9971404137909954
739555,0.9464554098161297
739556,0.3122446308987307
739557,0.7530376146151785
739558,0.997352766589406
739559,0.9778993884226577
739560,0.21469618792562917
739561,0.5252692809887416
739562,0.2294732469703812
739563,0.9995713597719638
739564,0.9991244513185038
739565,0.26296420685574595
739566,0.4284602393346116
739567,0.8322930684281205
739568,0.018624303745082976
739569,0.6251707077091172
739570,0.957133056532856
739571,0.016785677384336995
739572,0.9616751914990775
739573,0.8150470141086293
739574,0.8250902687866623
739575,0.9806008696693196
739576,0.36427352563338705
739577,0.9338342672891087
739578,0.17838889339140787
739579,0.7507307305129639
739580,0.24653974140758975
739581,0.9994496217892466
739582,0.9995059002659556
739583,0.9863394725445845
739584,0.28292666386125004
739585,0.2203326004162673
739586,0.05161257969699817
739587,0.3031672871295135
739588,0.7198385689104176
739589,0.9988364056215004
739590,0.10332778647212748
739591,0.5997663146390425
739592,0.9994453274635169
739593,0.24157419289484205
739594,0.9988775735183661
739595,0.022312454777186408
739596,0.7637260865648994
739597,0.9997767818828616
739598,0.9968050756288944
739599,0.011956908994580987
739600,0.9998213777752021
739601,0.3911925301459788
739602,0.03074453769888247
739603,0.9850541695423365
739604,0.9878736498812357
739605,0.05639042602099824
739606,0.05556695105658539
739607,0.9997897948525633
739608,0.34066092827545397
739609,0.06778124127215836
739610,0.9754877676169383
739611,0.2020970947063884
739612,0.4739784997706695
739613,0.19696284153904403
739614,0.9859940482246635
739615,0.9742243322323283
739616,0.9771842717034341
739617,0.08916619814281099
739618,0.9998967474956015
739619,0.8546240091345376
739620,0.9943495039064336
739621,0.9421989468528833
739622,0.9948835408563195
739623,0.7284015102739513
739624,0.8475694114496779
739625,0.4256630662214771
739626,0.6045582050389419
739627,0.996984143359134
739628,0.04715402573591043
739629,0.9999505634318998
739630,0.9994726879721354
739631,0.4108274220418442
739632,0.9996092387665136
739633,0.5420324510340097
739634,0.675888090402941
739635,0.21754193375438036
739636,0.8319238711947828
739637,0.5934638596197868
739638,0.9228795837625534
739639,0.9955563142103283
739640,0.9999787812003049
739641,0.7855594095343601
739642,0.9999826245793921
739643,0.9964605330946739
739644,0.9979269148945655
739645,0.9897269853671212
739646,0.9999660224195221
739647,0.9380412281551644
739648,0.9586274427208407
739649,0.9992247265231387
739650,0.9993932967514174
739651,0.39027513316885554
739652,0.07675849854306169
739653,0.9996700918708405
739654,0.8610947866867054
739655,0.9997510197797624
739656,0.9996537212220167
739657,0.9922009517327537
739658,0.9972519274632432
739659,0.5334026672542067
739660,0.08219349311919644
739661,0.0020253190573954844
739662,0.9983504264187932
739663,0.03701625619659055
739664,0.6590808715503957
739665,0.9867271513116965
739666,0.9995385999079982
739667,0.8357919893301313
739668,0.07735736943188044
739669,0.05185569276109797
739670,0.8111743076420086
739671,0.9994041977692549
739672,0.9877333420098664
739673,0.9552464271847219
739674,0.028085938763628963
739675,0.9999397034998168
739676,0.24312352504237283
739677,0.9984496251981583
739678,0.8178756513675953
739679,0.07466937838888073
739680,0.9998394099091551
739681,0.08860290646340613
739682,0.9677819259191917
739683,0.9912296317237466
739684,0.3036185070279819
739685,0.9806584170448265
739686,0.9995756942944678
739687,0.9074066131999461
739688,0.9998158555906624
739689,0.7751526368464382
739690,0.6779668606881246
739691,0.9248118674570809
739692,0.9981250626961675
739693,0.2575230836171631
739694,0.6527266931721972
739695,0.9998115223954804
739696,0.18870106781487442
739697,0.2909363859963944
739698,0.9976254222128461
739699,0.7889327624709638
739700,0.9999597979187154
739701,0.9944126453211726
739702,0.0033122643870777766
739703,0.9976445464943939
739704,0.48514546192328245
739705,0.99938359495237
739706,0.9759386546719614
739707,0.9997276327551863
739708,0.024421181374445017
739709,0.9885367514195404
739710,0.9996977142031016
739711,0.9969485491228123
739712,0.1664097825062272
739713,0.9998368659319157
739714,0.9976443690210657
739715,0.9937071121836142
739716,0.9982718034830895
739717,0.20659674465881678
739718,0.9039454340716675
739719,0.026429332232820353
739720,0.95367941612056
739721,0.5821998116166933
739722,0.9998924991690343
739723,0.9999042944734292
739724,0.8080682830154758
739725,0.8340000996909191
739726,0.999518026255328
739727,0.999705152131599
739728,0.9987180132833717
739729,0.9683172390068068
739730,0.832915056337352
739731,0.9752719521148748
739732,0.7516553214522408
739733,0.847112351916584
739734,0.9991722292557637
739735,0.25173110470763727
739736,0.9275644127511451
739737,0.9993063691729311
739738,0.9523537817440314
739739,0.9997632124652571
739740,0.9997847323942203
739741,0.999174282683098
739742,0.6344332068500054
739743,0.8298898022533756
739744,0.9996563315743527
739745,0.9998040012293026
739746,0.5764278116843254
739747,0.020491139726989332
739748,0.9955868851237717
739749,0.7517135687726147
739750,0.9921753859112252
739751,0.9497678288468137
739752,0.798635346615703
739753,0.9996743928361276
739754,0.030006853780489513
739755,0.0557487396089752
739756,0.9999758321820439
739757,0.9830303533023577
739758,0.9968185754712948
739759,0.9987037673383341
739760,0.015386739493759488
739761,0.9857508761060636
739762,0.9996818295343951
739763,0.08655334882171539
739764,0.07662470018590876
739765,0.9945484797092686
739766,0.9998663631331337
739767,0.9939488517992783
739768,0.6497773942633036
739769,0.9995384636971815
739770,0.9947256348837983
739771,0.9999505811909057
739772,0.7589326263764274
739773,0.05183978978343949
739774,0.9264438569806916
739775,0.7475618362425425
739776,0.9999853569581254
739777,0.6496455839550259
739778,0.6953134594683268
739779,0.9996092874894951
739780,0.9991162573089056
739781,0.9999598571596184
739782,0.857884857957208
739783,0.051397561880834705
739784,0.991879598366657
739785,0.03367575384552482
739786,0.9557766714791393
739787,0.9975756271053208
739788,0.9369694714798871
739789,0.38612420576365214
739790,0.876733105852366
739791,0.9999710570246781
739792,0.12721186054758163
739793,0.26033330786071623
739794,0.7210850245328662
739795,0.007016166296334024
739796,0.8579381460021719
739797,0.8098114621462045
739798,0.6095729371830081
739799,0.11379689340043173
739800,0.9998463271356205
739801,0.8064415533145594
739802,0.04901868562467268
739803,0.18258395228685492
739804,0.996297148287691
739805,0.6545072070236659
739806,0.9993241338579621
739807,0.9999339618755312
739808,0.9061250231603181
739809,0.9893276804464597
739810,0.8996980189770903
739811,0.9944739954850805
739812,0.9959912685996708
739813,0.018877424231193707
739814,0.9988160124187195
739815,0.999112179007252
739816,0.9999641392655697
739817,0.2715647125151684
739818,0.27282282876921876
739819,0.5019364566949435
739820,0.54067325411242
739821,0.9975844627067094
739822,0.9856495364684312
739823,0.9994916966676928
739824,0.36821067846156535
739825,0.9926277158134089
739826,0.6044656271109858
739827,0.26154128504830554
739828,0.9841055606820279
739829,0.8946996730115141
739830,0.8108697697340157
739831,0.9958677793073019
739832,0.9333853790129969
739833,0.6363505588771796
739834,0.834705145524332
739835,0.7414849703137546
739836,0.998053754064963
739837,0.13878578628809324
739838,0.7875352375074629
739839,0.827924387799656
739840,0.9345776970436723
739841,0.49090384559299954
739842,0.9999214118479864
739843,0.9999711573797989
739844,0.3567447946373478
739845,0.0758059188789392
739846,0.782076135428346
739847,0.9999523036202257
739848,0.9996065565803679
739849,0.9523640949221059
739850,0.9999867721824721
739851,0.047074171700705526
739852,0.9998225049389885
739853,0.5790508342522254
739854,0.9940294259702934
739855,0.9929289635493184
739856,0.999698687465113
739857,0.13401338203753876
739858,0.807785372638537
739859,0.3253570876638462
739860,0.9995156794209561
739861,0.9991274150267526
739862,0.9992173859793492
739863,0.41426519468192113
739864,0.29474254760919694
739865,0.06588609517427572
739866,0.944568215613018
739867,0.6054970566743121
739868,0.9999182542523812
739869,0.23237890684831164
739870,0.9997526019582516
739871,0.0775702960218054
739872,0.9999615570818705
739873,0.980458736575444
739874,0.9924152811392749
739875,0.5010697590984463
739876,0.07296869331179763
739877,0.5271117594201957
739878,0.9999743691160298
739879,0.92762610224726
739880,0.9964143348347629
739881,0.2407615362704059
739882,0.2501447573782896
739883,0.2705417101088371
739884,0.15672470048897352
739885,0.2057269480395439
739886,0.0986344562558146
739887,0.9940999056215618
739888,0.9997649874543802
739889,0.9867636154863879
739890,0.21576705790209677
739891,0.8582440053094452
739892,0.8179683038201582
739893,0.07243748953559566
739894,0.2052101065922294
739895,0.11102200542958136
739896,0.26774814333417735
739897,0.9998632515191956
739898,0.07630296216725373
739899,0.9913543039218824
739900,0.1517792942003318
739901,0.9079736609990819
739902,0.04646478960659638
739903,0.6461345006778902
739904,0.32345844655190636
739905,0.02036848100547981
739906,0.9890147447724136
739907,0.9884211737205633
739908,0.9998184133919892
739909,0.6068356035624722
739910,0.997354254480567
739911,0.4792946626223396
739912,0.9992739143770337
739913,0.9808070685620218
739914,0.9981763861918603
739915,0.9999202849804263
739916,0.90339871650818
739917,0.988742192232399
739918,0.9978565433544214
739919,0.0878152207643411
739920,0.1458077478902671
739921,0.879695162632709
739922,0.9979941246529969
739923,0.16892175346808008
739924,0.9790194116077215
739925,0.9977606770747998
739926,0.9998208449827973
739927,0.9981796261657185
739928,0.9988728962536264
739929,0.4753802510711703
739930,0.8271015725569009
739931,0.9961113201550988
739932,0.9998355361420942
739933,0.9999841339738567
739934,0.650134185919189
739935,0.9991421780385485
739936,0.015880379375484564
739937,0.7280627509802864
739938,0.9992399719719223
739939,0.01552164237048416
739940,0.9999557121065599
739941,0.6545134482987649
739942,0.08707826917559117
739943,0.9971569962055292
739944,0.04640935566754946
739945,0.025593870766934174
739946,0.20060238220751542
739947,0.8697104235788696
739948,0.9999733023610584
739949,0.9797666272509714
739950,0.999971853929277
739951,0.9999892462047945
739952,0.9393219017367727
739953,0.9994520386228796
739954,0.9859807356886402
739955,0.2612268508406777
739956,0.9999680271784032
739957,0.9889325012166423
739958,0.032496874234528836
739959,0.9998152380497529
739960,0.988639282378008
739961,0.9955342957876938
739962,0.028552310398981894
739963,0.7867372992799244
739964,0.06750894854887271
739965,0.02317249081735903
739966,0.006924406077638706
739967,0.9964695999487725
739968,0.974325910198241
739969,0.04211896111506919
739970,0.0043100233816705
739971,0.7736036681330628
739972,0.1804936435986763
739973,0.9974101553558457
739974,0.9996058149954261
739975,0.28662090514392746
739976,0.9999503310327709
739977,0.9992591013719024
739978,0.9998780049135323
739979,0.999835791174509
739980,0.031798153296092035
739981,0.03771207766679963
739982,0.9998531233494906
739983,0.8147723180771026
739984,0.2885046661203122
739985,0.9538150015385662
739986,0.40781148493919017
739987,0.5102457112454396
739988,0.9376068412802898
739989,0.21748711168180715
739990,0.630893972643356
739991,0.7874906533212339
739992,0.22697032468017367
739993,0.35402295414993784
739994,0.9998881142340029
739995,0.9996113388824782
739996,0.9975515817080969
739997,0.9999023037498317
739998,0.017453277671528458
739999,0.999451573048206
740000,0.9994932412566033
740001,0.12619159467255997
740002,0.9828119109294173
740003,0.7100255842203542
740004,0.24501452319117006
740005,0.7324638715149188
740006,0.609688801970622
740007,0.8013917269753502
740008,0.28259118663200844
740009,0.9835632510733502
740010,0.30093795680106417
740011,0.8097179136706409
740012,0.5380440805274298
740013,0.5587272136861605
740014,0.6520746550738615
740015,0.38459551500330047
740016,0.6202579051384036
740017,0.9996940128147311
740018,0.9999658076332774
740019,0.3110752262659091
740020,0.994337085514802
740021,0.998764904897694
740022,0.67720470142219
740023,0.9722206130325546
740024,0.9991113669962118
740025,0.40256496243951057
740026,0.9991874196919412
740027,0.9990018497496275
740028,0.00884904333886117
740029,0.9964643991144335
740030,0.9996997336135611
740031,0.997040683251597
740032,0.2435178835664349
740033,0.27010210280035524
740034,0.5876600048210202
740035,0.9986711301840798
740036,0.3011394558698157
740037,0.9955100101294805
740038,0.6331422639587467
740039,0.9781690726934
740040,0.9548180024593531
740041,0.9780766247325634
740042,0.9948347420350584
740043,0.9998726701950025
740044,0.9884731379302745
740045,0.9569928569931083
740046,0.04900654945537386
740047,0.019549979679560077
740048,0.016584062220531277
740049,0.28688416682584944
740050,0.9999335645708115
740051,0.6871410935621842
740052,0.8920028433516022
740053,0.9999457588243874
740054,0.8314969318745712
740055,0.8912295317671597
740056,0.9998815074445814
740057,0.997989672301504
740058,0.04160338331847293
740059,0.9997185218068626
740060,0.9999651132342394
740061,0.9995407698998627
740062,0.4911685247294626
740063,0.9999685381030885
740064,0.6535444226710851
740065,0.809494121401183
740066,0.994810135422473
740067,0.999695053733868
740068,0.9736623754463076
740069,0.9999840809513147
740070,0.40580071584320765
740071,0.7168912542764605
740072,0.3826874755945778
740073,0.9920907796387148
740074,0.9994309840070584
740075,0.8270534131770781
740076,0.6758550724268737
740077,0.9978020274726876
740078,0.8726918826733838
740079,0.9893698653274657
740080,0.9327465154090107
740081,0.9370581660973555
740082,0.8084330295440552
740083,0.9436914066370965
740084,0.9996356768579742
740085,0.9919744748000738
740086,0.9173196795108511
740087,0.0635120085879079
740088,0.9624718261399203
740089,0.9951049476819064
740090,0.9976433148210428
740091,0.43803670223781366
740092,0.998445773058667
740093,0.9997534040752153
740094,0.6999323388431098
740095,0.986376852389293
740096,0.9991854603888498
740097,0.08756316481373508
740098,0.35402013781014047
740099,0.9999960852244948
740100,0.9999268907267695
740101,0.5091525650052205
740102,0.4616472478268001
740103,0.9164409783925647
740104,0.5169505434177198
740105,0.9979967723564449
740106,0.42161987233637266
740107,0.9811118850899416
740108,0.9951076818565341
740109,0.1828673679942182
740110,0.9675777977872758
740111,0.9936060915988555
740112,0.7266387599824701
740113,0.9994852258383189
740114,0.9996511267724206
740115,0.999038226272851
740116,0.47779177266150896
740117,0.962920049587604
740118,0.7925443743132201
740119,0.9937024293612858
740120,0.13739814658208582
740121,0.18381295738266645
740122,0.3395935845864081
740123,0.7339484534485912
740124,0.8394944173122927
740125,0.3738733209111434
740126,0.9988399472931926
740127,0.008742819416551358
740128,0.15171116440053584
740129,0.2055091275643334
740130,0.31694092743411906
740131,0.04141799744631308
740132,0.9249870958173123
740133,0.9618380112360213
740134,0.8366568422252271
740135,0.8755081611503057
740136,0.9782645377397607
740137,0.999977518476501
740138,0.059438702151240266
740139,0.999635440326967
740140,0.002777250692271244
740141,0.9999190867184531
740142,0.9999823993813215
740143,0.9941758368221996
740144,0.6677700811303724
740145,0.9990379159128728
740146,0.990950784952439
740147,0.9997932057773811
740148,0.9941877571179156
740149,0.3820065062101461
740150,0.3721782763825541
740151,0.9799704043826467
740152,0.3570308930644456
740153,0.6121006182313413
740154,0.6485968696334201
740155,0.27353704502343473
740156,0.9987721186333305
740157,0.9972022697885836
740158,0.022081353256457385
740159,0.6583543258557434
740160,0.8388210034993681
740161,0.1618323779172
740162,0.9989275147300025
740163,0.9999175973184974
740164,0.8234176906675149
740165,0.9908562912175709
740166,0.996919948499666
740167,0.9999337173207533
740168,0.23710269013126622
740169,0.9904050597135198
740170,0.3283558313356314
740171,0.9855263903003078
740172,0.22401251940297684
740173,0.2205895221712561
740174,0.9646236447326212
740175,0.9852080483188952
740176,0.9999607320670352
740177,0.9998198507672106
740178,0.9878868519637638
740179,0.9998192974255141
740180,0.5184044795138811
740181,0.0038986307724774858
740182,0.999480370678206
740183,0.9988144525021431
740184,0.8432524485627682
740185,0.30065433909186023
740186,0.21686253498507613
740187,0.9971977973161172
740188,0.14916673842588268
740189,0.57626070027103
740190,0.662993143800632
740191,0.994340284227885
740192,0.9489265430481411
740193,0.9831233008560993
740194,0.02868203257109165
740195,0.5949929891996364
740196,0.7252516649596283
740197,0.9996316082922465
740198,0.9478291616770402
740199,0.9504030965087866
740200,0.9874700038446126
740201,0.531565180319775
740202,0.9999835855883816
740203,0.9959280745757904
740204,0.8003088935767771
740205,0.22211970072235032
740206,0.992678408960529
740207,0.9919225801496581
740208,0.15733572050460262
740209,0.9999666788687065
740210,0.04656467076232157
740211,0.9999555931883626
740212,0.09122091743199498
740213,0.9815647207615775
740214,0.06250058253071696
740215,0.9987897105112268
740216,0.10109016162911699
740217,0.999821002999698
740218,0.45554664715379756
740219,0.014961469675999383
740220,0.9988144825976896
740221,0.9770710253280434
740222,0.024910452801844847
740223,0.9996576280301304
740224,0.9994640826688576
740225,0.998302463501312
740226,0.5291055784852235
740227,0.9311358675610798
740228,0.8100834316569511
740229,0.9996257422205381
740230,0.9746933288168097
740231,0.20023632331758645
740232,0.6982414373266115
740233,0.1673544455697648
740234,0.8267136854458776
740235,0.9733318978458418
740236,0.0272255676994557
740237,0.9892127309632268
740238,0.9917366161471608
740239,0.022325215660933442
740240,0.9053638272127729
740241,0.2569943899297496
740242,0.9999593276833608
740243,0.9781783741131245
740244,0.34954448479411304
740245,0.06318860923469864
740246,0.7664103749521393
740247,0.9745257583216628
740248,0.9843011438172136
740249,0.9997423147883194
740250,0.00695563972965997
740251,0.998460009255733
740252,0.04848518870192582
740253,0.9961787221388605
740254,0.947946985905904
740255,0.6472399662356576
740256,0.9993842538662474
740257,0.9978631120764
740258,0.9943612424531629
740259,0.9986377275650979
740260,0.9989643005366161
740261,0.9999002433549296
740262,0.09050678353197884
740263,0.9980324089115026
740264,0.9666364790728819
740265,0.9981819166841877
740266,0.5432327805949575
740267,0.6190956944776934
740268,0.9896257859704025
740269,0.07867366213255196
740270,0.7216860112925498
740271,0.03325710002670628
740272,0.9990028871292893
740273,0.6475489821040346
740274,0.9998781276000384
740275,0.9995061270061582
740276,0.8859200307640274
740277,0.8036926420748293
740278,0.06836792856448509
740279,0.9155618891284018
740280,0.7709517689630895
740281,0.16728461422785237
740282,0.9834974266843199
740283,0.23074573343920468
740284,0.3283226915193926
740285,0.4866760567708595
740286,0.8280426852019471
740287,0.9211963218353383
740288,0.9996800087901149
740289,0.999780926234495
740290,0.7207649967030519
740291,0.9996226948953986
740292,0.7681135245842262
740293,0.9999428047507682
740294,0.9114682422443436
740295,0.9998999508040034
740296,0.8401731811550701
740297,0.6419049946145613
740298,0.7724535540713741
740299,0.2103033310460056
740300,0.23620020147856738
740301,0.5456834150618685
740302,0.9998529990617683
740303,0.9999442854917677
740304,0.9998470911015921
740305,0.9998662895928057
740306,0.9996850132606219
740307,0.8881611478321251
740308,0.021511740869654634
740309,0.9999921591639065
740310,0.25847598223737106
740311,0.8925286622006138
740312,0.6258503054515521
740313,0.8887985039771138
740314,0.2318140010784998
740315,0.35296738455044896
740316,0.6572038767199514
740317,0.9950870228491392
740318,0.999981060454953
740319,0.5153466311339786
740320,0.13384627489649528
740321,0.5648628549669673
740322,0.05552712379682306
740323,0.8125841325164858
740324,0.9995811410894436
740325,0.9853346485341485
740326,0.9999294533098843
740327,0.9999156316175208
740328,0.021701399836119902
740329,0.9998254468409555
740330,0.8659665454696037
740331,0.9713494548884057
740332,0.3171237833713345
740333,0.9999812608423548
740334,0.2888003508580971
740335,0.9996004525219555
740336,0.9962007207726175
740337,0.5575468829457605
740338,0.1712014538073591
740339,0.017637497037936
740340,0.9999286546422639
740341,0.99875665176295
740342,0.9997895150808054
740343,0.013416320057868615
740344,0.8171280536917702
740345,0.3244361856022485
740346,0.7585925812239844
740347,0.9965440179086748
740348,0.999878702374128
740349,0.32005447438703544
740350,0.9988724595264697
740351,0.9992236433739119
740352,0.9995315964671747
740353,0.34477453914105605
740354,0.999940544665027
740355,0.5896291647028217
740356,0.9992156709836638
740357,0.999078846404851
740358,0.012644681460830892
740359,0.9971534701130292
740360,0.9979804282848316
740361,0.5621401050217001
740362,0.008153757802556822
740363,0.9999870976197406
740364,0.9956309027115864
740365,0.9201482842126323
740366,0.9936238671908878
740367,0.8328899085074859
740368,0.9360290452061752
740369,0.9997748373758031
740370,0.9694791352834851
740371,0.11326731927274408
740372,0.928692703902513
740373,0.9969848017114197
740374,0.7770031117186352
740375,0.06792003652228447
740376,0.8017250247190695
740377,0.7676806539825196
740378,0.8890537955772371
740379,0.999713368791072
740380,0.9446898571949174
740381,0.9999138803722097
740382,0.9820376011940395
740383,0.9994883667202976
740384,0.45762400965870487
740385,0.9999791765086778
740386,0.9978479167649178
740387,0.9571973223758075
740388,0.9999219974280253
740389,0.3779372918575029
740390,0.3079103323675826
740391,0.5126003855485555
740392,0.9999138797962659
740393,0.15505689303180595
740394,0.5789005216083524
740395,0.6890666217170291
740396,0.9642889299415512
740397,0.8854703983369879
740398,0.9999567558303366
740399,0.04652154378884647
740400,0.7662024970558227
740401,0.9944404052984948
740402,0.9962176466902282
740403,0.39424878822509396
740404,0.9884607661095172
740405,0.9873910828033474
740406,0.011632143474740862
740407,0.24963697388391123
740408,0.9543298245681409
740409,0.9998898754780536
740410,0.06293822790149885
740411,0.9999666082088237
740412,0.9954989758697002
740413,0.4435313708843049
740414,0.8397589471849843
740415,0.9998189076663373
740416,0.9999625202165825
740417,0.9998998032043452
740418,0.9205578484506466
740419,0.930945856384223
740420,0.4789564852548782
740421,0.9996936987529785
740422,0.9993778506894002
740423,0.2014596967642157
740424,0.9997720697736718
740425,0.1881229701435882
740426,0.9681746439585908
740427,0.9973956437006002
740428,0.9996571311709705
740429,0.9999627078006439
740430,0.9993404413440725
740431,0.005609457840267397
740432,0.9967025839520822
740433,0.9996187007779006
740434,0.9857695124424033
740435,0.9953545827155577
740436,0.998993223444991
740437,0.9992226256202357
740438,0.6055110901573589
740439,0.9828694212156874
740440,0.999916175900943
740441,0.9732824758666561
740442,0.4987094366560433
740443,0.7313246456731812
740444,0.04130552110782331
740445,0.9629225691797698
740446,0.9984145911629052
740447,0.9965615529540715
740448,0.9965614535232847
740449,0.6656657170832734
740450,0.737344367157569
740451,0.9976578062067267
740452,0.216508321486778
740453,0.9695909086970808
740454,0.9985034275726385
740455,0.3823060104828476
740456,0.8161586824407403
740457,0.9992991214661558
740458,0.9980892574504845
740459,0.9951528597017683
740460,0.701099808913896
740461,0.5067552226918189
740462,0.9997357300023975
740463,0.950633249321691
740464,0.3165812453650635
740465,0.9998187883125762
740466,0.9182677267374467
740467,0.24726263968414647
740468,0.233814165823452
740469,0.9973085068260714
740470,0.9995684502907841
740471,0.0845342599266904
740472,0.7517110006695479
740473,0.05078744715305474
740474,0.9998184815339131
740475,0.9956791846150305
740476,0.9992068893816255
740477,0.9998610719502279
740478,0.6647005728590034
740479,0.2490129344727286
740480,0.0783523735019889
740481,0.20008911247241484
740482,0.8897537744263366
740483,0.9998737983027041
740484,0.16157832824958174
740485,0.7450233317143
740486,0.4850276276903721
740487,0.9993246246846208
740488,0.7459000549474715
740489,0.9787725872338242
740490,0.999798313843528
740491,0.9996993369778309
740492,0.1684714805879755
740493,0.9987957504968528
740494,0.9749304140708893
740495,0.8826805948083565
740496,0.5561626937816803
740497,0.9237543831414764
740498,0.9980471197329246
740499,0.9467040747179182
740500,0.03424563679147289
740501,0.34077176268148857
740502,0.9996267802585624
740503,0.3418329122422833
740504,0.009249225998561228
740505,0.0850572202813063
740506,0.9949438728604452
740507,0.22937982559083336
740508,0.14462918798406077
740509,0.9998365868718986
740510,0.927171348910359
740511,0.01862354552172029
740512,0.9999008369409417
740513,0.37914249689081847
740514,0.9999950806500238
740515,0.9803040394363718
740516,0.8922553202932029
740517,0.21651298117862558
740518,0.2554909452195183
740519,0.9536191215666832
740520,0.9993788336656946
740521,0.9946020558986413
740522,0.3132060134999193
740523,0.996616562722043
740524,0.9992265051773328
740525,0.9839360234743662
740526,0.9975012969918833
740527,0.05586519919509804
740528,0.9336069671107223
740529,0.9998017872125702
740530,0.9998633885466729
740531,0.3349567494962012
740532,0.7991779829730044
740533,0.9998319424084583
740534,0.8879467877411199
740535,0.06312242555368888
740536,0.9074733835812243
740537,0.9984907892458156
740538,0.3015519238814648
740539,0.06677262162266354
740540,0.9999730902741448
740541,0.19903134355998986
740542,0.602471242376164
740543,0.999676950305774
740544,0.3392851466508936
740545,0.9962016755318273
740546,0.4907032344766028
740547,0.025858358966715088
740548,0.25972868318682496
740549,0.9908018521416342
740550,0.18991651251328678
740551,0.11199443431077526
740552,0.8272855413447457
740553,0.4944763489833254
740554,0.9928559155078359
740555,0.9367463791949071
740556,0.9994153156674158
740557,0.0818499806042922
740558,0.9919281965565168
740559,0.9863662542750107
740560,0.999188799716286
740561,0.6718187065055788
740562,0.2075059909938368
740563,0.9950597027122147
740564,0.9999511374812713
740565,0.07193161826475529
740566,0.999963762985343
740567,0.26848432969261865
740568,0.7416820907835299
740569,0.26681808547081076
740570,0.9997422381900083
740571,0.9933277269693487
740572,0.9869734467257086
740573,0.9999801297614133
740574,0.1382450467854162
740575,0.05610894540653994
740576,0.03218285186330299
740577,0.9812321547701872
740578,0.5115254573510327
740579,0.999957000916561
740580,0.06467713220881684
740581,0.9253434414987898
740582,0.9990153846994174
740583,0.45863470110982785
740584,0.9934947678126731
740585,0.996153753831179
740586,0.9997087284873847
740587,0.5690913506974398
740588,0.8324412607294471
740589,0.9948580186529109
740590,0.1475466145551523
740591,0.9943504922123906
740592,0.9996605986377798
740593,0.7134364301157572
740594,0.8740578269662878
740595,0.9992278117015271
740596,0.10748629783400376
740597,0.37378633422614904
740598,0.8979630523210587
740599,0.9979368126711636
740600,0.9995163380724112
740601,0.7353604605276198
740602,0.0784996766594239
740603,0.9855087275466548
740604,0.26170331574475
740605,0.5897903876261945
740606,0.9960275293932386
740607,0.9687201075140321
740608,0.8186378886883854
740609,0.09816490006272531
740610,0.9775293101107715
740611,0.07244757845062554
740612,0.5805468890638376
740613,0.9848404797224308
740614,0.9999286466161519
740615,0.6756547255611121
740616,0.6892938627661058
740617,0.9920456209381119
740618,0.0032901124437749174
740619,0.5039144443998046
740620,0.9977177489676673
740621,0.24446794791558263
740622,0.47469221818371565
740623,0.49444269318995543
740624,0.18804632328396048
740625,0.6279870229342526
740626,0.9997750768431608
740627,0.9996704711494165
740628,0.3167104025715147
740629,0.010664854775633894
740630,0.7372008110336975
740631,0.9989949413407754
740632,0.8708407206145605
740633,0.10768728281751092
740634,0.5050426119843175
740635,0.999724043197447
740636,0.557571665410068
740637,0.9998386455894543
740638,0.9964227520151134
740639,0.1336084969493692
740640,0.9999421860503586
740641,0.09331266252212275
740642,0.9997970891021621
740643,0.9998577715512831
740644,0.9857567823407463
740645,0.96705411354238
740646,0.018181792676470708
740647,0.9993905802089489
740648,0.0492581471249258
740649,0.2049011156098441
740650,0.9904487026503285
740651,0.9999162818134166
740652,0.0325873485909446
740653,0.5079942942785478
740654,0.9987101957486673
740655,0.9992133565433226
740656,0.9999262478280359
740657,0.010339717328341807
740658,0.9976681921503121
740659,0.9998512854684984
740660,0.9996503315762804
740661,0.44344221705261255
740662,0.9547386129340837
740663,0.9895215782650484
740664,0.21148905240910462
740665,0.7650093435421079
740666,0.04973766529878445
740667,0.9995937349233384
740668,0.999903520416815
740669,0.03886572398815181
740670,0.19813634389457824
740671,0.14803345075306856
740672,0.9998911252093436
740673,0.6242486142252089
740674,0.12451041530314674
740675,0.34337330903392255
740676,0.9994064939951162
740677,0.959041021175293
740678,0.45999729531302813
740679,0.9909211898264196
740680,0.19229469217792908
740681,0.9995415245776286
740682,0.8133567025914583
740683,0.999074301690944
740684,0.6967950453873731
740685,0.9998574185136218
740686,0.06344407552111327
740687,0.32947679296947113
740688,0.9682598384957446
740689,0.971078518673007
740690,0.9284665463897821
740691,0.9805450757976057
740692,0.4827873635875216
740693,0.9993668064350227
740694,0.4180015311918355
740695,0.9992138386100624
740696,0.19547415470776686
740697,0.9738907314428895
740698,0.893533614145756
740699,0.6901832626358715
740700,0.9998062922834263
740701,0.9234039587262721
740702,0.8225817708588421
740703,0.9098502164439075
740704,0.9998000136425922
740705,0.197655647218882
740706,0.9999699094183865
740707,0.8424157301734299
740708,0.09199575938826446
740709,0.16580317928371188
740710,0.5826600381966257
740711,0.06826691749381308
740712,0.06769424006423405
740713,0.04051247369083376
740714,0.09299734523873096
740715,0.9817055110464635
740716,0.9998862541806401
740717,0.001271340820778177
740718,0.17788528292769282
740719,0.9983429392314985
740720,0.9377145138938884
740721,0.999539817188731
740722,0.7700653649463931
740723,0.991737380716473
740724,0.9996882236108968
740725,0.6101688705621521
740726,0.9997645506026119
740727,0.7806212359146625
740728,0.9995093686372039
740729,0.19874045660359235
740730,0.9961859636351568
740731,0.838069583245845
740732,0.9397204487636492
740733,0.9870711965331265
740734,0.9995225781792763
740735,0.9997167700643659
740736,0.7558809227973676
740737,0.6362758518886558
740738,0.20601477607547158
740739,0.9999890052761875
740740,0.6470437283569421
740741,0.9999821612006208
740742,0.770030714917272
740743,0.9975678290312525
740744,0.9196885255242893
740745,0.5534309001662656
740746,0.9999626185529538
740747,0.6177684215908835
740748,0.9716611664827641
740749,0.9977652252458831
740750,0.9883140807634649
740751,0.9998371148197674
740752,0.9999576726376518
740753,0.9999146404242121
740754,0.03457303668982491
740755,0.9071896370044303
740756,0.7860524728453193
740757,0.999773835777968
740758,0.3401183197472837
740759,0.018641258544733644
740760,0.9991983198789944
740761,0.9983960839939132
740762,0.6660108418546963
740763,0.43271136382420106
740764,0.008397271956197761
740765,0.9980000085318868
740766,0.5223631950656508
740767,0.3963278520915584
740768,0.7241391038283792
740769,0.9995288143928848
740770,0.9996745494897977
740771,0.9996722154922273
740772,0.9584976391627277
740773,0.17199766198033004
740774,0.3449927260086182
740775,0.7357580162379942
740776,0.9959443661465333
740777,0.999987997088444
740778,0.02254920689210016
740779,0.013186481835982533
740780,0.9649768021724627
740781,0.0322351260025216
740782,0.7202811628773241
740783,0.9978936088481505
740784,0.8096703757058341
740785,0.9997774791909195
740786,0.784317956202751
740787,0.81978574369781
740788,0.9983814941490975
740789,0.11577872844723172
740790,0.9991261145648633
740791,0.9996310479517573
740792,0.757974139967801
740793,0.17185496945908008
740794,0.9803949215267465
740795,0.5124403236249431
740796,0.8605872968922401
740797,0.2740008081420972
740798,0.9837819458573949
740799,0.6414156204701795
740800,0.48882687915897316
740801,0.4603639007541084
740802,0.98432625982935
740803,0.038845489906756986
740804,0.9349251026273844
740805,0.9993772281399276
740806,0.8573026608742575
740807,0.9853581233520999
740808,0.965424342654894
740809,0.9998921116595451
740810,0.4373851092748307
740811,0.9485165686998992
740812,0.882699694177909
740813,0.9837044496754178
740814,0.9994048710850671
740815,0.986559724621551
740816,0.7085179025914448
740817,0.39985574514525557
740818,0.9999553359661276
740819,0.9999232832279524
740820,0.3467477173945427
740821,0.19786838950212865
740822,0.6647516315499916
740823,0.9999593786837658
740824,0.9998093991809991
740825,0.9909631723345262
740826,0.9999885070568555
740827,0.9625981510038246
740828,0.7993934868942638
740829,0.22844764325885625
740830,0.9916256568060924
740831,0.5573461548272092
740832,0.03759993493451371
740833,0.9937587925996514
740834,0.9997495008941646
740835,0.6737350799450086
740836,0.9998856803172569
740837,0.03434106134630653
740838,0.8834716881019564
740839,0.6504412557891921
740840,0.9620205450696
740841,0.9997739032822608
740842,0.9206964679370332
740843,0.39500474111749473
740844,0.9991131571919032
740845,0.6715688787899714
740846,0.999597906110193
740847,0.9992444704344978
740848,0.9695910880736538
740849,0.9998551532770246
740850,0.999968823276747
740851,0.976287941354238
740852,0.06226118470929837
740853,0.9799967142858551
740854,0.28304121918059766
740855,0.6009848716208769
740856,0.1320866251860635
740857,0.6220186010952405
740858,0.9995707789284329
740859,0.9366526459992677
740860,0.5705437680850644
740861,0.9998926135505578
740862,0.9989715463702163
740863,0.0394383098682526
740864,0.037987469607759845
740865,0.9961949750916235
740866,0.9998290698833094
740867,0.9945986849584258
740868,0.9999509532893484
740869,0.00651010648880706
740870,0.9909772836433514
740871,0.9128334118437669
740872,0.13667024625624055
740873,0.014897390933874873
740874,0.9986642335907905
740875,0.127230750187647
740876,0.10366052291137527
740877,0.5361379142568989
740878,0.9998537605124108
740879,0.8935325223249289
740880,0.9858998145451314
740881,0.9999214248332011
740882,0.9999577901870312
740883,0.9787376165635138
740884,0.5545833489979155
740885,0.9705310488930597
740886,0.5536146697660818
740887,0.5323581311450033
740888,0.11644556484489517
740889,0.999741149441193
740890,0.9999589451729367
740891,0.04773942815874706
740892,0.3957594904699032
740893,0.7797192180128741
740894,0.9741955107046602
740895,0.9999010434651564
740896,0.9214452362740387
740897,0.8070193951993494
740898,0.8707693856576929
740899,0.9998983835112546
740900,0.9957659877260232
740901,0.21110761061609246
740902,0.9976455788949005
740903,0.7614655559714922
740904,0.9927496974866251
740905,0.8980406372484991
740906,0.629775477554127
740907,0.991783770664173
740908,0.8550818555978944
740909,0.27758142871048525
740910,0.9980662118414484
740911,0.9958337574843896
740912,0.7212826267140326
740913,0.45323776704629004
740914,0.9990309516235785
740915,0.043123125456307795
740916,0.049083322662387636
740917,0.9449712527311136
740918,0.8349653959628078
740919,0.3439068870876215
740920,0.8115005146813032
740921,0.9848861774656075
740922,0.33675720784642454
740923,0.7733689965280077
740924,0.23057646488857547
740925,0.999495803672167
740926,0.18233785250645834
740927,0.32076421081435724
740928,0.10770568118337558
740929,0.9993251653992778
740930,0.23075390474032564
740931,0.9876242628247587
740932,0.6948284540137091
740933,0.15637182704723676
740934,0.8383723844705748
740935,0.999567203091951
740936,0.9951971846140217
740937,0.23624866224969893
740938,0.6144223714616612
740939,0.9996421174088566
740940,0.7763593945069913
740941,0.9998588710037691
740942,0.028385033231116283
740943,0.6059538332093306
740944,0.951060872962028
740945,0.9999087766990751
740946,0.9579685342638484
740947,0.999439784693842
740948,0.9916357003372742
740949,0.06798966686783563
740950,0.9974412223557532
740951,0.9930515566496435
740952,0.9956961005593147
740953,0.9942640286438523
740954,0.9907841109008266
740955,0.0942484186484247
740956,0.7400185846732426
740957,0.9987958064438138
740958,0.9994927254927812
740959,0.15701464388153777
740960,0.9423433650270026
740961,0.9984207630095354
740962,0.726091921813955
740963,0.2856599206169559
740964,0.5839281288499593
740965,0.9987596034785734
740966,0.004000786729949971
740967,0.7975005771323417
740968,0.9684737428884824
740969,0.9384961648135852
740970,0.9996682689379816
740971,0.8300797092443827
740972,0.9999149659177179
740973,0.4061338997130599
740974,0.03465914835106276
740975,0.787847233144982
740976,0.9999590562461804
740977,0.9616567390955348
740978,0.9996730160376879
740979,0.14412812574167078
740980,0.9824230864184783
740981,0.7993788565413691
740982,0.1063865256670451
740983,0.9813578442700739
740984,0.9997885365983536
740985,0.022252571412667545
740986,0.07075658983503427
740987,0.020859025913207353
740988,0.28650057229824827
740989,0.8811863035887164
740990,0.9887900206000446
740991,0.11770939945429318
740992,0.9990369688396206
740993,0.8430140259445669
740994,0.9952843737067982
740995,0.9924339996077769
740996,0.9231220142344974
740997,0.07710859743430164
740998,0.6503303017074225
740999,0.8611422530850271
741000,0.636760499814086
741001,0.15561847451135635
741002,0.9996980426433156
741003,0.42832364114704846
741004,0.9117369560507003
741005,0.7541193527418446
741006,0.6118730159406897
741007,0.9788200085103881
741008,0.13251716610339115
741009,0.09392955969415236
741010,0.8502236936323405
741011,0.016136762708919648
741012,0.9876215251465154
741013,0.9997530539271203
741014,0.9974403630126324
741015,0.7122012830551765
741016,0.7556040695088325
741017,0.9992195034203556
741018,0.007237788134170102
741019,0.9987687001425856
741020,0.31629805757949486
741021,0.996585084509128
741022,0.9998758547745052
741023,0.03968078910205103
741024,0.9997283607939894
741025,0.9998366815415762
741026,0.48355856663501884
741027,0.579551287794974
741028,0.9987921455021487
741029,0.9997930373944729
741030,0.9941538968969603
741031,0.9990052863541607
741032,0.7213855209261861
741033,0.46962629517044
741034,0.9987039195615341
741035,0.997473077069996
741036,0.7597498829234433
741037,0.9524849900089798
741038,0.9999429844449373
741039,0.9977258038829848
741040,0.28293947942407754
741041,0.8190758947675221
741042,0.6714291783376609
741043,0.006720169540055326
741044,0.9958135706938958
741045,0.03559464017792499
741046,0.26667757992525437
741047,0.6449241976676591
741048,0.9968271009979378
741049,0.9965324083980971
741050,0.905843063974024
741051,0.3488075797297341
741052,0.7392155118721497
741053,0.18013522627768555
741054,0.1010110234361025
741055,0.9932434109903687
741056,0.3854712921018799
741057,0.9545637746635053
741058,0.7747346383364999
741059,0.061471757760215295
741060,0.1264973782340526
741061,0.25990735987512054
741062,0.3826432768654604
741063,0.05400714358054967
741064,0.04319256651613579
741065,0.9892584921274248
741066,0.009329557595069992
741067,0.9993494897733999
741068,0.9994318130652344
741069,0.9925399949694573
741070,0.999973300421562
741071,0.2842008087247046
741072,0.9944087744237805
741073,0.08374921698862642
741074,0.7295265788177094
741075,0.6928395619088985
741076,0.9996612170603796
741077,0.506025128009134
741078,0.3600884934993687
741079,0.6768353189836298
741080,0.9995020412047557
741081,0.998332915619748
741082,0.29310978496915463
741083,0.9994965356584863
741084,0.09777259318184706
741085,0.292498042966095
741086,0.12070656095197245
741087,0.9986808877769244
741088,0.9966731701106172
741089,0.35468211251918336
741090,0.7318566118593104
741091,0.9995167788592609
741092,0.999104827128251
741093,0.02433931344240506
741094,0.03462039579325801
741095,0.98103313531979
741096,0.5551396534239711
741097,0.028050218131267485
741098,0.999686652447944
741099,0.9999358899584792
741100,0.9387577343018135
741101,0.9998753813667405
741102,0.8750515171157723
741103,0.9831692336784412
741104,0.3842949898722421
741105,0.9931887836997806
741106,0.9989298819236877
741107,0.9551108778218138
741108,0.5041256343947318
741109,0.29121139067220425
741110,0.4314481744220854
741111,0.9997746143036705
741112,0.8881046550896231
741113,0.6894857529493975
741114,0.995943240838266
741115,0.0823005255567802
741116,0.14911892585091563
741117,0.8419398961981042
741118,0.6308205073310799
741119,0.9934548041053656
741120,0.8099543645940591
741121,0.4057094429491306
741122,0.01451651981604649
741123,0.8914955373015916
741124,0.7970814326275224
741125,0.035247661391007004
741126,0.9977405541957489
741127,0.9999711597095698
741128,0.8994093540443527
741129,0.9995304370881279
741130,0.9989988380194454
741131,0.9991749436985601
741132,0.03489678142645139
741133,0.2718855792745602
741134,0.9633245468254421
741135,0.9266019740174112
741136,0.9992450089512552
741137,0.33756914256132464
741138,0.99935766632072
741139,0.19168741241682127
741140,0.002304827659429584
741141,0.9996092117721246
741142,0.9996193125545024
741143,0.009458788406746611
741144,0.9650034461751462
741145,0.9892017115041165
741146,0.9996921140642642
741147,0.9999525915534259
741148,0.9994573316688083
741149,0.9776101704938502
741150,0.999898984614817
741151,0.9997922291259445
741152,0.11935253082366465
741153,0.2793277798242977
741154,0.999763262077441
741155,0.998314925712608
741156,0.9970019661289667
741157,0.9995365591761436
741158,0.6968611681164038
741159,0.8096604379161064
741160,0.1660744840787788
741161,0.06751679955433734
741162,0.9983652528640043
741163,0.8238177956370226
741164,0.999680221122445
741165,0.984910257115378
741166,0.9993433156355299
741167,0.5818882659826548
741168,0.997351810164498
741169,0.9997692767068698
741170,0.14261108423675137
741171,0.928881951703886
741172,0.049097965386481146
741173,0.9986004763752647
741174,0.9990897194693489
741175,0.48239373037190436
741176,0.7833875047734733
741177,0.01906370622490856
741178,0.999710639620377
741179,0.26864276989731695
741180,0.234541626018403
741181,0.04022123159154594
741182,0.2227930851167022
741183,0.029855229629739
741184,0.7733286568714972
741185,0.506222359110237
741186,0.950732467205914
741187,0.43185534899045447
741188,0.9959627017627214
741189,0.11836601863154389
741190,0.01991523944988867
741191,0.9898374906307151
741192,0.9995222336654108
741193,0.9914469902388797
741194,0.7447298406110225
741195,0.9993845968360024
741196,0.11113304248231662
741197,0.025256625829740798
741198,0.16369218638165312
741199,0.850843615089947
741200,0.9374715866473756
741201,0.9925936641268226
741202,0.8894259973760903
741203,0.9963612005081379
741204,0.9999765149707289
741205,0.9999438624919827
741206,0.4161705275391633
741207,0.9839113162433253
741208,0.8497480958000412
741209,0.9086778427969113
741210,0.7136118786375476
741211,0.5074788744692742
741212,0.9996790691287535
741213,0.9998391420384685
741214,0.0971480928739573
741215,0.9974441519651065
741216,0.11031540541647702
741217,0.22230384003335224
741218,0.9962499892949586
741219,0.4319095602298424
741220,0.9999041252876361
741221,0.6968371642716455
741222,0.9988666181544152
741223,0.4369264957911736
741224,0.9914006923432286
741225,0.998257026219727
741226,0.923095264949197
741227,0.08924617101120162
741228,0.9885633837609764
741229,0.6182211745249416
741230,0.9991765314287948
741231,0.056122991341401134
741232,0.6575288619479824
741233,0.765024057471999
741234,0.973839531999751
741235,0.22781756828683838
741236,0.8312332725536091
741237,0.9977221394306066
741238,0.9636009109380002
741239,0.8786193086789003
741240,0.9901920107975346
741241,0.9998856838415868
741242,0.9833549760178169
741243,0.9936260238650693
741244,0.025769914691999567
741245,0.13065052940020788
741246,0.9136984394061375
741247,0.5532679337270717
741248,0.2597664146284131
741249,0.9998428538568307
741250,0.9462193330347548
741251,0.9977200018693522
741252,0.9994993282283685
741253,0.8688984663799384
741254,0.9999651931309456
741255,0.4163218630210205
741256,0.6724417603734199
741257,0.004173482737618437
741258,0.9984996272426584
741259,0.9049822596570289
741260,0.5135583909969342
741261,0.515290406789103
741262,0.06549661502172816
741263,0.999639343226747
741264,0.9995272997807685
741265,0.7709393564307672
741266,0.03900504810569003
741267,0.3243222358570424
741268,0.1846370753191051
741269,0.8774529454411564
741270,0.6519125886911885
741271,0.9944064204817047
741272,0.8761246768795272
741273,0.5686562340478166
741274,0.10307129138827614
741275,0.999951632890586
741276,0.13158927196419334
741277,0.9987222776161748
741278,0.2223740572608826
741279,0.04513718838226788
741280,0.9999530628227483
741281,0.9956878743234573
741282,0.8841562575900939
741283,0.6465449086072463
741284,0.9966366819469717
741285,0.992139038236765
741286,0.9998914579657369
741287,0.9983839017826341
741288,0.9780331440488803
741289,0.9999310669003026
741290,0.9999463023275277
741291,0.15678319943134936
741292,0.21428989773096713
741293,0.4930636481249638
741294,0.733661753290467
741295,0.01964932824985288
741296,0.7656922987810173
741297,0.9986626019131657
741298,0.13188391522892698
741299,0.10917066104252068
741300,0.9930959352408146
741301,0.9731743278372853
741302,0.9528604271706094
741303,0.9986013542004178
741304,0.9984813184242541
741305,0.9776118715403954
741306,0.17166118724353702
741307,0.9999613845260691
741308,0.37041508005064155
741309,0.18826484011812755
741310,0.7725653663747708
741311,0.7832480650933094
741312,0.9628189150767975
741313,0.04777198550579877
741314,0.028329433690986616
741315,0.6608467705349275
741316,0.8873922842504158
741317,0.9839710274978234
741318,0.22450783157393028
741319,0.9995471300555518
741320,0.9298603179787961
741321,0.9902312544123507
741322,0.9999314487794417
741323,0.3724537082774523
741324,0.42255298549494774
741325,0.20296982369372665
741326,0.43714337048448454
741327,0.9898745848409533
741328,0.9981767561139409
741329,0.7055501677703403
741330,0.9349681260290108
741331,0.9978731742552625
741332,0.053408756411631765
741333,0.9970835591158176
741334,0.9999861200250301
741335,0.9984936170246156
741336,0.9999153501907742
741337,0.04805116611418323
741338,0.998959818656445
741339,0.05147214666601842
741340,0.4015410869969427
741341,0.7800792921706172
741342,0.7459439323804612
741343,0.9589403716508138
741344,0.2285475957451164
741345,0.3171544120379325
741346,0.8702131015917389
741347,0.8969301188652833
741348,0.8273390471300597
741349,0.3074750307109067
741350,0.017531429924271105
741351,0.0074951514071689256
741352,0.44536430121133413
741353,0.797281276072267
741354,0.07730988995762883
741355,0.9831096578149483
741356,0.9103466461613867
741357,0.9427968381770273
741358,0.9998225239286234
741359,0.9996158507654208
741360,0.6975471398301942
741361,0.4196071567562473
741362,0.11310219126058632
741363,0.697673418721892
741364,0.8183843301841427
741365,0.9987397045205253
741366,0.5718263810600028
741367,0.6399045891622505
741368,0.9858007970624092
741369,0.9081494390172029
741370,0.871168104746777
741371,0.9897593033783332
741372,0.09525194040779646
741373,0.03677949656141817
741374,0.9996331333544224
741375,0.5465022886140393
741376,0.5860388166493334
741377,0.9593934371046916
741378,0.9771821663618805
741379,0.9998351922286111
741380,0.021488529741978478
741381,0.42750483461690386
741382,0.9999446976899313
741383,0.4359849564402415
741384,0.49239969957403634
741385,0.4193793012949377
741386,0.9972246459658092
741387,0.9999298822132918
741388,0.9941321840300006
741389,0.001764670626751434
741390,0.999650730317065
741391,0.999834118130017
741392,0.9993943565519045
741393,0.03488373119346158
741394,0.13279993034803275
741395,0.8865666184821266
741396,0.5403295841922828
741397,0.998103415015366
741398,0.8277528068658553
741399,0.9999153266909504
741400,0.9382769684440357
741401,0.9550456884037306
741402,0.9999343297846118
741403,0.9999712196359682
741404,0.9999891343173248
741405,0.999634556197297
741406,0.9877639674361464
741407,0.20739158478238381
741408,0.6646578539583248
741409,0.45942733863303997
741410,0.33800753133303474
741411,0.03643973276166762
741412,0.7957235088432066
741413,0.1877642436304895
741414,0.5800487190194308
741415,0.9992332279399057
741416,0.9905114244791012
741417,0.9586886742406908
741418,0.4404123974444965
741419,0.11891687014606203
741420,0.9375848981111498
741421,0.051996652456715434
741422,0.6333903839340244
741423,0.006280219043043392
741424,0.9992467234763396
741425,0.6438135049311606
741426,0.5539530930912714
741427,0.8813897477505829
741428,0.9876832204159706
741429,0.8585706311848238
741430,0.08623400619017389
741431,0.1301672278777775
741432,0.9997479273178571
741433,0.030837860361408738
741434,0.9940050869293253
741435,0.23526784873562076
741436,0.9992162665555927
741437,0.9999870171845624
741438,0.8485368104591018
741439,0.983774463143099
741440,0.5723183327902449
741441,0.9999847893074587
741442,0.12138890227625407
741443,0.9989238460262279
741444,0.7175089175605196
741445,0.9650959211053362
741446,0.9999704780013359
741447,0.9109830150131006
741448,0.22142194515728578
741449,0.9991405703619383
741450,0.9997674517529158
741451,0.999892919483135
741452,0.9047464440890292
741453,0.5234025884331495
741454,0.9904443281234394
741455,0.214103242870455
741456,0.8939760774375869
741457,0.9652935783172982
741458,0.9998359540037325
741459,0.42805708201150994
741460,0.8871002283640257
741461,0.010304168365193343
741462,0.9987952108244149
741463,0.022073553279739287
741464,0.4883391560329109
741465,0.996926169894317
741466,0.9764172491907831
741467,0.9351282330295396
741468,0.997208442224556
741469,0.5575790011829254
741470,0.010461080204029216
741471,0.08492327696983684
741472,0.9002706548590653
741473,0.9814014794402388
741474,0.8292395236376863
741475,0.0038750936521070815
741476,0.9989033879084996
741477,0.9133465338429302
741478,0.8431667851209925
741479,0.9195151420282949
741480,0.9999128183320825
741481,0.7120904852663101
741482,0.043593434777829475
741483,0.29218876033717406
741484,0.5085554909805693
741485,0.9954012493365632
741486,0.2657744990115312
741487,0.23976913344850334
741488,0.08327352199602946
741489,0.009012635326263018
741490,0.9485446295380984
741491,0.987112007570052
741492,0.1266579164486706
741493,0.9187808845408233
741494,0.9374856984655576
741495,0.7873249459499794
741496,0.9995768769031759
741497,0.9232454480118528
741498,0.9998666282851064
741499,0.9969212012267252
741500,0.20501948545508292
741501,0.9249084941907106
741502,0.9988649594616588
741503,0.0029259625612016423
741504,0.08011213614089532
741505,0.9985550513584712
741506,0.9993051358579128
741507,0.9999688554389007
741508,0.9747777326237348
741509,0.04388081612808668
741510,0.16376115910687847
741511,0.9973719344939351
741512,0.8778645281920007
741513,0.8601997069366013
741514,0.9999440385983277
741515,0.5426658100079893
741516,0.47230532920026297
741517,0.9999166548045395
741518,0.8704628609633698
741519,0.008009383213951213
741520,0.02592494631248919
741521,0.99977075626419
741522,0.30203096758171477
741523,0.2540678406106538
741524,0.9958557572491533
741525,0.011237521965195393
741526,0.9846338632183949
741527,0.17520791942355546
741528,0.021800486338791582
741529,0.7947951210248557
741530,0.49820350124726265
741531,0.22929750786928454
741532,0.9627736235106872
741533,0.26559197569526716
741534,0.9997436934118237
741535,0.998201044077695
741536,0.08677486967175121
741537,0.9987748025241705
741538,0.03323317137344994
741539,0.1007508764572766
741540,0.45660065757612134
741541,0.9303263112752942
741542,0.7369976195774051
741543,0.6738186945158203
741544,0.2778526095895764
741545,0.9965596015026734
741546,0.4775626908535999
741547,0.9993872768566264
741548,0.9991141995749505
741549,0.09541964333194917
741550,0.14347650474968543
741551,0.9986722017600336
741552,0.9995911606804649
741553,0.049010449706852775
741554,0.8256148044378618
741555,0.18699530843079235
741556,0.9999920292289826
741557,0.9990032557040139
741558,0.5104059825550351
741559,0.9909458274417423
741560,0.2051954977510866
741561,0.9756851240486387
741562,0.28670457074015654
741563,0.26011374361719414
741564,0.9993922250744343
741565,0.055350659742914865
741566,0.4223680373250257
741567,0.9987509883320036
741568,0.28736394744413685
741569,0.6227797288143402
741570,0.9909684114597664
741571,0.9979219110126296
741572,0.9607364963132026
741573,0.9998895466284685
741574,0.9979765366482938
741575,0.956251318789062
741576,0.9998944361799592
741577,0.5580548697653713
741578,0.9997556720870939
741579,0.05701358549432944
741580,0.014522296005507689
741581,0.9767356991087375
741582,0.8839795371144837
741583,0.9441982609757997
741584,0.9962206039798518
741585,0.34840465013937905
741586,0.999978548026865
741587,0.918373865193977
741588,0.21036652137944112
741589,0.9666019297513333
741590,0.9504912498928807
741591,0.10978755625685516
741592,0.86745960628193
741593,0.9657163867156509
741594,0.10478950112113679
741595,0.18730167182796853
741596,0.8463935613557233
741597,0.4645815829077657
741598,0.9997801681415988
741599,0.833858675456041
741600,0.4444014152657083
741601,0.7079470587807056
741602,0.8557179860888631
741603,0.659922302226094
741604,0.004266784930294607
741605,0.21712939291738345
741606,0.9987533881470987
741607,0.7208826121036535
741608,0.999365396614084
741609,0.9995904119395829
741610,0.47436280004279563
741611,0.9143488564020921
741612,0.9957754444839046
741613,0.9998945686581433
741614,0.5203795756903987
741615,0.7669626121473474
741616,0.15610785215296227
741617,0.9999952356093058
741618,0.1329981717580147
741619,0.0650571409044614
741620,0.5235846051263553
741621,0.30404967254966786
741622,0.03204343769990659
741623,0.2906635487214518
741624,0.07599939737587053
741625,0.9985348038338159
741626,0.03420814674590132
741627,0.017160131490462978
741628,0.8911427143692003
741629,0.047461912438614653
741630,0.969238659815048
741631,0.9990368155639854
741632,0.7119141913177349
741633,0.997259017265692
741634,0.9998409034511225
741635,0.11048124295755954
741636,0.6287060090358942
741637,0.18953081171084138
741638,0.9991382722950299
741639,0.053867804355566734
741640,0.9983855288077442
741641,0.9996980835881044
741642,0.9242603612949846
741643,0.4909044187220911
741644,0.7130072751262799
741645,0.2277423897893263
741646,0.9266770812519679
741647,0.7848452473325429
741648,0.8051393155749555
741649,0.35006116533246456
741650,0.1810164109410622
741651,0.9999477986342704
741652,0.9967014835246628
741653,0.27063257953406533
741654,0.8894126283889638
741655,0.14307682495187843
741656,0.9999668335050901
741657,0.0377290706350015
741658,0.31940186489194783
741659,0.9999873287379883
741660,0.8072135707050246
741661,0.00981094560401484
741662,0.011638564874088573
741663,0.9994423078150593
741664,0.9995965711390911
741665,0.9727790091344946
741666,0.22049050718021862
741667,0.020086376873200702
741668,0.9997717001669693
741669,0.527585694849789
741670,0.9998017645127145
741671,0.9995320248865877
741672,0.99969880792375
741673,0.9997265462963256
741674,0.9946502925516054
741675,0.9914047775753918
741676,0.013894349867013977
741677,0.9999277181618134
741678,0.34102174734572077
741679,0.9993686639353905
741680,0.19654133308681698
741681,0.9052631658164658
741682,0.9996769156663321
741683,0.9929763344753502
741684,0.9990881263365039
741685,0.9895749958485641
741686,0.27990837613843444
741687,0.9955990660236147
741688,0.8939720353171852
741689,0.9996898158869817
741690,0.08903505835822331
741691,0.19652698555467882
741692,0.834707036881339
741693,0.16315122914135613
741694,0.9991030459399426
741695,0.9957616473764217
741696,0.995917163931821
741697,0.12841458633258232
741698,0.7032160227016087
741699,0.47702094651643256
741700,0.9580585102966546
741701,0.9831610685116576
741702,0.21236587307559798
741703,0.004639900855210002
741704,0.9993977399694067
741705,0.30026627203477796
741706,0.42598043484980497
741707,0.8724929229305479
741708,0.9964400860465091
741709,0.8011271244766092
741710,0.004288668598763604
741711,0.9998009909991061
741712,0.9998697450817633
741713,0.9999082948480835
741714,0.9959950292321094
741715,0.3422590288512048
741716,0.9997307561132636
741717,0.9984929622541918
741718,0.36222670689232805
741719,0.9971609182787645
741720,0.7483979697001895
741721,0.998390368844642
741722,0.8214443530290763
741723,0.9880679071516096
741724,0.01595074700702053
741725,0.18774796914834713
741726,0.9987374009111434
741727,0.9998078626227442
741728,0.9845313546007978
741729,0.01951763877699082
741730,0.9995668348607495
741731,0.9070051621156667
741732,0.8856015113594676
741733,0.4786534202369982
741734,0.44168892989767905
741735,0.03309203910298183
741736,0.9997270657541354
741737,0.43646682380933655
741738,0.9999234730303156
741739,0.7714896461028802
741740,0.9999664126083537
741741,0.021634735304034265
741742,0.8645609007243493
741743,0.7517735167016488
741744,0.9966627573944401
741745,0.7019393882683718
741746,0.5380978571373009
741747,0.9999382554157308
741748,0.7607192972931802
741749,0.9998540440908827
741750,0.9799526745654308
741751,0.48461279124532664
741752,0.6266430634364512
741753,0.9721452651519598
741754,0.9947335368066608
741755,0.46115376423066623
741756,0.44158917963736266
741757,0.8804425581338338
741758,0.9996939017378005
741759,0.5615300938163661
741760,0.03570042559060112
741761,0.5697692865433457
741762,0.9999729746350712
741763,0.9995097608619725
741764,0.36194817068453394
741765,0.8901176101556385
741766,0.9521879566062257
741767,0.9996452424850806
741768,0.43998564871745605
741769,0.023282463226029497
741770,0.9999667925439447
741771,0.9999911581245331
741772,0.6550735422060376
741773,0.00999991183320068
741774,0.32559182020903
741775,0.004411834897351649
741776,0.8110129467522633
741777,0.08558570702557285
741778,0.9995276266440561
741779,0.9945663626455077
741780,0.9999828551698028
741781,0.9999892967217728
741782,0.10195555732279821
741783,0.7441443286581282
741784,0.9991345161631224
741785,0.9988337237811757
741786,0.9997822666405366
741787,0.6388039969921828
741788,0.6254811238552698
741789,0.9997152412339729
741790,0.015069043230394027
741791,0.6097455355008061
741792,0.4274463863048673
741793,0.9995735506166199
741794,0.5135973333833985
741795,0.968987923049305
741796,0.014449641086117286
741797,0.9978530074497896
741798,0.9981265492906823
741799,0.9015462390053405
741800,0.03377085248209587
741801,0.9999947849102706
741802,0.9501026010187616
741803,0.40325708406882177
741804,0.9999625282882603
741805,0.010280121870361732
741806,0.1319952766519547
741807,0.9981255738092317
741808,0.9994086013475998
741809,0.7403442935577544
741810,0.34105995963445435
741811,0.9924696365844472
741812,0.9995740374831811
741813,0.053619240357379735
741814,0.9986781460360565
741815,0.9999599998868938
741816,0.9995818210134306
741817,0.9893486424325703
741818,0.9997092295660108
741819,0.9999424343355394
741820,0.9889132863448313
741821,0.7564074511476433
741822,0.9587862143872101
741823,0.9202919578311152
741824,0.709553076001383
741825,0.9884521435943645
741826,0.924066466778025
741827,0.9999145394099995
741828,0.34454867022896213
741829,0.9799478734235288
741830,0.9999548215754759
741831,0.04314539102457562
741832,0.9069660132266
741833,0.36356644381124376
741834,0.9934854477518351
741835,0.8438346472096873
741836,0.46396683605668676
741837,0.536293450606505
741838,0.97270220695168
741839,0.9966529310889234
741840,0.9287950547946564
741841,0.42286045558347257
741842,0.9358615327427293
741843,0.999971042447464
741844,0.9999510990003593
741845,0.9980934518933826
741846,0.71295522181358
741847,0.9910836628459417
741848,0.9987787412066489
741849,0.7772012850576712
741850,0.3190516390115333
741851,0.9988418745217725
741852,0.9992276098296988
741853,0.9357537388663575
741854,0.9816626658429148
741855,0.999948168818664
741856,0.955245034409558
741857,0.9939086382914109
741858,0.9938743998048089
741859,0.48343027510275843
741860,0.5060965622085373
741861,0.4699862880546104
741862,0.7926324196430734
741863,0.9129697061379536
741864,0.6267320932134199
741865,0.9993948657449016
741866,0.9870855668094113
741867,0.9991433729567587
741868,0.9996654464773276
741869,0.2242104710664205
741870,0.9972273806298546
741871,0.9997926783994849
741872,0.5358823276006983
741873,0.98016925574258
741874,0.9203140807317102
741875,0.8558539597522175
741876,0.14606436157718403
741877,0.4889549446851563
741878,0.8437081615275547
741879,0.9981262195607379
741880,0.786535141949954
741881,0.2170310045970105
741882,0.9946344111924028
741883,0.9991406973563979
741884,0.992467721355163
741885,0.9882978825277613
741886,0.9702240380002621
741887,0.8684184692569865
741888,0.1514535762840008
741889,0.9999732322320593
741890,0.7082223338359754
741891,0.016479833446277938
741892,0.9985699666077259
741893,0.8995433657468881
741894,0.7169459667057676
741895,0.04295856741058426
741896,0.06432551505317714
741897,0.8490811402783095
741898,0.9999952186727651
741899,0.43674292958840166
741900,0.9973987143764798
741901,0.9988645386428778
741902,0.989097120974394
741903,0.763908633702403
741904,0.3784367352142567
741905,0.9985134377628098
741906,0.9996656295321862
741907,0.9555282310060818
741908,0.445106578446861
741909,0.9996137454950497
741910,0.9589864921382969
741911,0.1215100921115671
741912,0.16872429743915607
741913,0.024489609926778105
741914,0.8267543216579244
741915,0.9998505544878091
741916,0.9134156030366956
741917,0.13991596263749848
741918,0.9998808641853336
741919,0.008015228615645256
741920,0.7034143544313425
741921,0.9986409644110383
741922,0.7789678569479241
741923,0.9247653383519598
741924,0.6964413711536391
741925,0.9999857955375161
741926,0.9998934237489371
741927,0.006510109416112987
741928,0.26049226844413526
741929,0.9998962729281398
741930,0.9999580327888948
741931,0.9994170787024235
741932,0.9999910782440604
741933,0.02607433188134618
741934,0.9999737991028074
741935,0.9999743737980842
741936,0.007502228816056152
741937,0.7320133968947782
741938,0.49315960804628867
741939,0.9999295415312521
741940,0.9374532422273993
741941,0.40998248928774517
741942,0.99981877971161
741943,0.9998790291542518
741944,0.22531731331770505
741945,0.989427373688909
741946,0.5380671490349171
741947,0.0022095718713304813
741948,0.5018808022042158
741949,0.22042096663784488
741950,0.5753099937549035
741951,0.36322670307866467
741952,0.9114540925040429
741953,0.7900589860624311
741954,0.9998741597111114
741955,0.8087169134551208
741956,0.9964647683472516
741957,0.9999164895557046
741958,0.8620483394335161
741959,0.022999880822854705
741960,0.54662043654854
741961,0.9996682644876635
741962,0.03590169724284424
741963,0.9998818791392072
741964,0.9762426154319748
741965,0.20040919170273636
741966,0.4678192840666301
741967,0.9966588755931547
741968,0.9999917709199928
741969,0.3717139153739152
741970,0.3773664850700081
741971,0.9994905382796312
741972,0.9889776065953986
741973,0.9973150205606203
741974,0.26966961134203005
741975,0.9787534710797414
741976,0.7092535855155528
741977,0.9996809062988906
741978,0.9974341472301348
741979,0.9998851041363792
741980,0.9999642886680785
741981,0.7334458789628506
741982,0.9355331022315971
741983,0.11423844228474757
741984,0.42774167673509345
741985,0.955987652394227
741986,0.18823438632308231
741987,0.9999497680071171
741988,0.01813694194919196
741989,0.9847682782084263
741990,0.46186009227507424
741991,0.9835457610758279
741992,0.9902737423897662
741993,0.5865186297213569
741994,0.6454523887831833
741995,0.01643801607813489
741996,0.09082607943445933
741997,0.9993058645934605
741998,0.2306300615030786
741999,0.4460368034219219
742000,0.6581774233032617
742001,0.01194708110903245
742002,0.9588784059651034
742003,0.9954583061632151
742004,0.631257264036347
742005,0.011950591328619815
742006,0.8067685165908001
742007,0.9989211183127571
742008,0.14343030781739746
742009,0.9587682262621362
742010,0.9999361160927667
742011,0.9999825046030708
742012,0.5128598303184756
742013,0.9413651738983301
742014,0.9996987371909019
742015,0.9800353653507312
742016,0.04348432231426619
742017,0.9993182853424327
742018,0.9981420828901875
742019,0.982648995860482
742020,0.9999561463532889
742021,0.018298930346769292
742022,0.9519801448912457
742023,0.20614525837536263
742024,0.007725238550703697
742025,0.9783028307908765
742026,0.9967624331994873
742027,0.26746289145022334
742028,0.6626368433292826
742029,0.9995341154944297
742030,0.37250215763962957
742031,0.8577349610888196
742032,0.940503335129734
742033,0.9994628858755008
742034,0.9996092912789971
742035,0.9995334015444183
742036,0.9974840133074132
742037,0.8406496018851589
742038,0.9991665076686519
742039,0.9983136615004811
742040,0.08356927359510213
742041,0.19447358197703013
742042,0.999198692915122
742043,0.9999746051335705
742044,0.998519562444481
742045,0.6680261272648655
742046,0.9725076134512666
742047,0.9995166644848353
742048,0.9754160719525449
742049,0.9999221201180933
742050,0.2924439075902563
742051,0.9996136714497503
742052,0.04581928156189456
742053,0.5801281155624259
742054,0.4335208534726755
742055,0.8492516737333231
742056,0.9992700647214738
742057,0.9996396326137507
742058,0.9994579444166565
742059,0.9999075239590107
742060,0.7925445111206392
742061,0.9999328912629555
742062,0.9997373047378169
742063,0.9963106921990688
742064,0.8282224132756093
742065,0.1098141982914931
742066,0.8007853984886304
742067,0.8991579556809124
742068,0.9957499145430588
742069,0.9998148900569355
742070,0.05826692993254916
742071,0.9997913601653559
742072,0.8418092511716704
742073,0.10047310940142191
742074,0.9941216707181952
742075,0.08047772386028657
742076,0.34199500710182773
742077,0.9996670219673605
742078,0.9748564578911257
742079,0.9993873477028777
742080,0.7434589811065682
742081,0.992517874998669
742082,0.13419148344636367
742083,0.7364476358503442
742084,0.98225973536928
742085,0.9999557929113561
742086,0.9991172048684707
742087,0.9997048159345594
742088,0.6954024105651894
742089,0.9997568873546021
742090,0.9997821579138155
742091,0.9997193461205441
742092,0.06526626773304292
742093,0.6176561699111898
742094,0.9545808915235321
742095,0.99970510070907
742096,0.3825235373329646
742097,0.8269457176671238
742098,0.9142519511497162
742099,0.40147753935992003
742100,0.999791523503957
742101,0.6765388177924978
742102,0.7734812378184339
742103,0.9999761626833124
742104,0.9999531124762737
742105,0.9797842027150403
742106,0.15820464341488555
742107,0.043211011988646325
742108,0.9999936391183724
742109,0.9998361014602757
742110,0.9543840893105546
742111,0.99957778635471
742112,0.9750988523478835
742113,0.9073521060580046
742114,0.8446208069505492
742115,0.9957658432879716
742116,0.9994854115397713
742117,0.9921909104413456
742118,0.9826146191031793
742119,0.9975735798415177
742120,0.2730144945375936
742121,0.9965690479943063
742122,0.1899545357080582
742123,0.9339592321357525
742124,0.9989305939675741
742125,0.017784108114924615
742126,0.9287236801953167
742127,0.9994654478414742
742128,0.9320825630798042
742129,0.994802019124946
742130,0.538729909362102
742131,0.8785896677106955
742132,0.8435489702657428
742133,0.9944364816588152
742134,0.9785760972575626
742135,0.9241891371198326
742136,0.5446689376782214
742137,0.9397775122825958
742138,0.15818545070874968
742139,0.7348034372933274
742140,0.23356633363301904
742141,0.9979749194558127
742142,0.08997373501315833
742143,0.011229329132675447
742144,0.9988930966049233
742145,0.9895784238616042
742146,0.23939170693167627
742147,0.06730458961347992
742148,0.9999378853621315
742149,0.9277276567809507
742150,0.9996271558758809
742151,0.9792987822509989
742152,0.6429015442175735
742153,0.999989089240469
742154,0.9458319133887505
742155,0.8750183674811189
742156,0.9993013254289048
742157,0.9649009858370277
742158,0.07753325740779268
742159,0.9301830065583234
742160,0.05663152924235226
742161,0.9992666084881415
742162,0.9999142290575063
742163,0.8868231454993774
742164,0.9531259064819076
742165,0.9425279305710141
742166,0.9642506594643873
742167,0.9997927716952384
742168,0.9621722825962218
742169,0.05596834764282442
742170,0.01946966451622001
742171,0.03974643741656866
742172,0.9999414277569005
742173,0.99839545490288
742174,0.9995652850955064
742175,0.1620656351154779
742176,0.3658931929079001
742177,0.5614372823741057
742178,0.6078321991358333
742179,0.16687147869633287
742180,0.9996825986812123
742181,0.08000504566263206
742182,0.673654729709519
742183,0.9999359158271149
742184,0.9928166278803157
742185,0.9974504114787275
742186,0.49959721406503377
742187,0.8158383017256474
742188,0.9974807291824614
742189,0.18011982433220547
742190,0.9999114836261445
742191,0.7659461058587984
742192,0.5999861556416763
742193,0.2966568779222448
742194,0.15592068960552202
742195,0.04071303995988673
742196,0.9477812554274199
742197,0.9778251248115054
742198,0.9999325886107973
742199,0.9956749183680774
742200,0.6767332019794745
742201,0.9940479167809042
742202,0.9995295398120108
742203,0.999979154033926
742204,0.832459823474162
742205,0.9997977227637309
742206,0.9999496836756332
742207,0.9999406615853115
742208,0.04445904568085148
742209,0.965127746128313
742210,0.2361901446342797
742211,0.11931629446732853
742212,0.19144071546150537
742213,0.9999622737271626
742214,0.9999396901031318
742215,0.004460251227362074
742216,0.9889187804995181
742217,0.5871505322438652
742218,0.7269676656915409
742219,0.025798340927659175
742220,0.9996196545411278
742221,0.08687278128106594
742222,0.9996486420295991
742223,0.7511431821087285
742224,0.9999939530485005
742225,0.10797990991186292
742226,0.9995251689134537
742227,0.09747002380514098
742228,0.9999914704947926
742229,0.8655484822303775
742230,0.9999310916689621
742231,0.9443448347369175
742232,0.9614812173856675
742233,0.10402715305163823
742234,0.06432285584181031
742235,0.9998568195323694
742236,0.9997415584167577
742237,0.9999466272371254
742238,0.9990135223086691
742239,0.9518213482400093
742240,0.6249352106848093
742241,0.9872692466604363
742242,0.9993701205383028
742243,0.744506125358757
742244,0.9997190922208303
742245,0.10585501655281171
742246,0.054158588451940805
742247,0.9983414799828012
742248,0.9976878294428504
742249,0.7045107818674164
742250,0.9840947410839698
742251,0.9903032869343479
742252,0.976937547768759
742253,0.9475345549649583
742254,0.9994691783215351
742255,0.937627931597657
742256,0.9635702751332496
742257,0.8382942506738765
742258,0.9797137082236453
742259,0.007971209727385688
742260,0.5340539715504915
742261,0.9964775343362667
742262,0.9995100664867433
742263,0.9998930445981904
742264,0.34988692159021106
742265,0.9962566562445252
742266,0.9998751792599742
742267,0.10137104124797018
742268,0.9996207597554054
742269,0.9953636215391468
742270,0.11149212347235582
742271,0.9968649384216123
742272,0.6527747263547521
742273,0.9888496985941938
742274,0.9490987990656921
742275,0.999908573580363
742276,0.9997260652467834
742277,0.9890792021965613
742278,0.009854898910980058
742279,0.9562951098237706
742280,0.8487182720428772
742281,0.7470033157142536
742282,0.999036527318658
742283,0.9998378426046222
742284,0.04505109037051454
742285,0.42826233179945017
742286,0.7342402346527117
742287,0.7152839870378158
742288,0.9803201341810304
742289,0.9992385753325823
742290,0.9827053108571369
742291,0.028858267387010646
742292,0.999935192478474
742293,0.9614018945424759
742294,0.011291052041555057
742295,0.9999087757662147
742296,0.2836896322568178
742297,0.6864439834572594
742298,0.07263397700670127
742299,0.07430118282780311
742300,0.8222188303457953
742301,0.9920421540533771
742302,0.8492525885966884
742303,0.9558255858952527
742304,0.09681155117525854
742305,0.9919148902770788
742306,0.9713228736817292
742307,0.9984190559740467
742308,0.9960963984561954
742309,0.8112605684130214
742310,0.9995010698895618
742311,0.9998225640480003
742312,0.03200829585709106
742313,0.989848060445984
742314,0.9875391048434147
742315,0.9919375704375831
742316,0.9348136526775717
742317,0.9954058188491107
742318,0.9988258924645677
742319,0.5383940881841549
742320,0.967125622515051
742321,0.2281781599176444
742322,0.5076432582034386
742323,0.9934987898647876
742324,0.9995766762575634
742325,0.999869913929581
742326,0.9994246875644667
742327,0.9999775491441423
742328,0.9998522067153555
742329,0.3046859846456692
742330,0.5993270151439027
742331,0.9830149901916951
742332,0.999707789588707
742333,0.9902433750263957
742334,0.024324162329143643
742335,0.6145123382813422
742336,0.14691030653104872
742337,0.770886598577935
742338,0.9985762799403168
742339,0.9501003830249292
742340,0.9250118862694828
742341,0.6889708800113232
742342,0.9897927579912185
742343,0.0256233910160572
742344,0.9928890639220127
742345,0.2923892960867912
742346,0.9988183144256332
742347,0.10182710701484483
742348,0.9998235425221568
742349,0.4363153154840412
742350,0.7250462188989435
742351,0.9691608453092713
742352,0.4607137712843034
742353,0.9988239971557564
742354,0.9956784876790403
742355,0.9925134694505918
742356,0.9998964714986932
742357,0.01620297291298948
742358,0.9874946340987917
742359,0.999398645495728
742360,0.03886290262442355
742361,0.8629046432345887
742362,0.9998888222917623
742363,0.03831972364480469
742364,0.8098299903761774
742365,0.9935180514875892
742366,0.3838067123658565
742367,0.8330471542276793
742368,0.99445661915539
742369,0.9971727617823634
742370,0.5067984901464478
742371,0.5089453697184131
742372,0.5348872125893643
742373,0.9989398736394091
742374,0.05163672062619261
742375,0.09954494285513174
742376,0.48951699705490404
742377,0.9962608176421772
742378,0.1696189019614045
742379,0.9997096925925821
742380,0.9993841242949615
742381,0.24219865307930064
742382,0.9406927953278147
742383,0.9977833566188532
742384,0.8940731093900176
742385,0.03585665284966353
742386,0.9999600930256458
742387,0.9994954467046475
742388,0.9960994373157228
742389,0.5968103049570816
742390,0.20077062734342266
742391,0.9799568330218805
742392,0.9078959502926168
742393,0.9999419422259266
742394,0.8962107458244034
742395,0.20906103920228833
742396,0.9999795550035898
742397,0.9605491092890076
742398,0.9644383694663099
742399,0.8243227907330994
742400,0.48860595230582726
742401,0.3348156629301569
742402,0.9821883881933826
742403,0.015124292827109647
742404,0.7078128984580798
742405,0.9916193057397522
742406,0.9996954055568354
742407,0.782634988952054
742408,0.9996680905501681
742409,0.9740545156281656
742410,0.9883835378376807
742411,0.3318152287517889
742412,0.9998452339446724
742413,0.8759955235662545
742414,0.9771134163173303
742415,0.8468233935671591
742416,0.9997467974249807
742417,0.0029778800894308824
742418,0.061769916282635375
742419,0.061323085252157
742420,0.9975632797555378
742421,0.7613942632117641
742422,0.999944264108694
742423,0.9970435821671604
742424,0.018340790863275065
742425,0.110868902324186
742426,0.8688745883558717
742427,0.9979190062383854
742428,0.9998129014477501
742429,0.9967066972215083
742430,0.28450105786165714
742431,0.5647913619005199
742432,0.9986410455302164
742433,0.999325215220239
742434,0.9999981977612846
742435,0.9998132616688238
742436,0.9994046135258444
742437,0.2777999134487718
742438,0.9999423848232997
742439,0.8759205305028381
742440,0.9972250530214181
742441,0.8175606980734065
742442,0.9756428914178339
742443,0.2401635426741501
742444,0.9999539282422689
742445,0.9948118894723561
742446,0.5736342138565849
742447,0.13467085875750545
742448,0.1360627714392172
742449,0.9852729646960654
742450,0.7518842028556463
742451,0.19614655961022465
742452,0.9995951562408354
742453,0.9971501017281972
742454,0.9764844852282072
742455,0.4372027393700695
742456,0.013389773945015348
742457,0.5008331252795474
742458,0.09190660240801744
742459,0.9952820733774749
742460,0.37410940651645463
742461,0.6954953088291107
742462,0.9970908095265203
742463,0.08931786646695977
742464,0.961724811626653
742465,0.7263319792459361
742466,0.9994757548481588
742467,0.8100117749564871
742468,0.8129664953051515
742469,0.6598596116050848
742470,0.9517700376471125
742471,0.9924459188622662
742472,0.005508517507449635
742473,0.9991493368055
742474,0.9820298585326778
742475,0.39201335543986976
742476,0.9947683430063807
742477,0.9995482943649738
742478,0.9999828707886484
742479,0.9997521844391428
742480,0.9978346912445095
742481,0.9999916342411376
742482,0.9745042426928645
742483,0.9149208485930437
742484,0.8216540080701645
742485,0.9998436870648313
742486,0.980007056215492
742487,0.9947484052279163
742488,0.9966262254685827
742489,0.9944559157533349
742490,0.0025273378332272417
742491,0.9795879790692157
742492,0.9999702426080743
742493,0.9997166708581752
742494,0.8730229227975566
742495,0.9997990475990175
742496,0.9990198567514773
742497,0.4669573713419506
742498,0.999499935224013
742499,0.020682073213881998
742500,0.9681419362862675
742501,0.18603282090730303
742502,0.9974904267112784
742503,0.0837402283320183
742504,0.017096141131617847
742505,0.9994542592951516
742506,0.9999301517673582
742507,0.8182870243840992
742508,0.1568287547630546
742509,0.8851333582977785
742510,0.45087206716717076
742511,0.2514933119750981
742512,0.9328157989103628
742513,0.8831820888349927
742514,0.014190528163221592
742515,0.06395394521040206
742516,0.999727825561422
742517,0.996876949628051
742518,0.9996797975348624
742519,0.9099669698302706
742520,0.8837827914136158
742521,0.003087046947709401
742522,0.96374430106668
742523,0.07137061106257746
742524,0.9910058403100084
742525,0.910659776515994
742526,0.9999548569126999
742527,0.9981327588352522
742528,0.9964983694640587
742529,0.7402552282967776
742530,0.9233843611794185
742531,0.9998198755579351
742532,0.2789819692629797
742533,0.9779377112899663
742534,0.19079835250638577
742535,0.9996623942297787
742536,0.998869872876923
742537,0.9661062649030079
742538,0.999949780422467
742539,0.9978424677799533
742540,0.9290372076596296
742541,0.9831418032692752
742542,0.9758750457654708
742543,0.1401738019842124
742544,0.5249751203980205
742545,0.5399304834901851
742546,0.999921878850718
742547,0.0018923565660380625
742548,0.002881781491408563
742549,0.9998311701965266
742550,0.9809557537096905
742551,0.8970022152312203
742552,0.9999114379302521
742553,0.9762699168497413
742554,0.9998793952772345
742555,0.5509241950308055
742556,0.996739776094997
742557,0.12899617635391128
742558,0.7359896624185174
742559,0.9142711168737025
742560,0.9999949366429024
742561,0.3125549984734354
742562,0.9993689425842011
742563,0.005958502408565263
742564,0.8083772926894925
742565,0.8131215357440189
742566,0.6435445578577187
742567,0.10880765245803846
742568,0.614175015040096
742569,0.9998627192998017
742570,0.8369583549244922
742571,0.9997811591828254
742572,0.9993558446672062
742573,0.999863137555707
742574,0.043739234318582045
742575,0.9849377120431166
742576,0.002824848740764684
742577,0.9912807328024704
742578,0.9663201954769947
742579,0.999440776410485
742580,0.9998242829989519
742581,0.27314550144626226
742582,0.9937944632411442
742583,0.9992379513027807
742584,0.9132296192694516
742585,0.9990715114595252
742586,0.8728130420662387
742587,0.9934875582414935
742588,0.36821216458229244
742589,0.01518032015122264
742590,0.9961938550097337
742591,0.17349997772176573
742592,0.8689127073043867
742593,0.9986619381132749
742594,0.9985824184012742
742595,0.9999768764160158
742596,0.4541359921885545
742597,0.9961528654569141
742598,0.19205695875584072
742599,0.9779262471506927
742600,0.970180837406031
742601,0.020937065059782545
742602,0.028950341680511145
742603,0.12183718954664571
742604,0.8722995074617166
742605,0.9995479025122648
742606,0.246365319234605
742607,0.8303586097214525
742608,0.7803455201556588
742609,0.9980439278861666
742610,0.9999600119861162
742611,0.9996831730386514
742612,0.995783790984542
742613,0.9924751330608632
742614,0.9005211610770867
742615,0.7880639257334994
742616,0.999609123525828
742617,0.996750345671557
742618,0.9943722748961686
742619,0.9017039583405178
742620,0.9996406430684668
742621,0.6774505565450618
742622,0.9998161868474773
742623,0.7658454325042845
742624,0.9998359157267492
742625,0.9225091671755072
742626,0.4816918141155036
742627,0.9839072379629361
742628,0.993510172652548
742629,0.9828171914257176
742630,0.9999172111324326
742631,0.05918098130122312
742632,0.9591417944385299
742633,0.9402589085063544
742634,0.9997202335875043
742635,0.940045777065446
742636,0.8680040988011813
742637,0.8657379687171514
742638,0.9765318813516406
742639,0.031018727776158675
742640,0.9997330714194214
742641,0.44582945882906144
742642,0.9999629861625003
742643,0.13415252529028998
742644,0.8816772287877159
742645,0.851848600550299
742646,0.5880534409727114
742647,0.9997906600666312
742648,0.43815315246897113
742649,0.014364668276100563
742650,0.9993331996957999
742651,0.5573229287951873
742652,0.9997648495180904
742653,0.9965645085570662
742654,0.7495016104577508
742655,0.39800978908800116
742656,0.5178735592677347
742657,0.9816719685744553
742658,0.9998128839483464
742659,0.9975823125489767
742660,0.07224921847289417
742661,0.5486029543509151
742662,0.9998709402120398
742663,0.6094500518254262
742664,0.9836952137515419
742665,0.3352555090031359
742666,0.4901600411732966
742667,0.011475787348882233
742668,0.998107759781451
742669,0.03903153684291791
742670,0.9983308693700319
742671,0.7208243033298685
742672,0.7689273581666048
742673,0.9572077520351052
742674,0.003195599205507717
742675,0.7660970009839789
742676,0.10175582316187302
742677,0.9998344775412176
742678,0.9795224023605358
742679,0.999704714124558
742680,0.647446160745517
742681,0.2927405384953363
742682,0.09306414383568481
742683,0.9999630633229997
742684,0.8703208281490856
742685,0.18142882048290482
742686,0.874059923623485
742687,0.9165908680070214
742688,0.8183129186089884
742689,0.9998394271924532
742690,0.14422253818400574
742691,0.9996915466376719
742692,0.9929352436528975
742693,0.09480805547493183
742694,0.5203273799830239
742695,0.9941116756598147
742696,0.0390891321570407
742697,0.07277848167712121
742698,0.642032195576673
742699,0.062362846700728794
742700,0.21484630555794387
742701,0.9158636973451928
742702,0.3757624739769604
742703,0.9915152181626391
742704,0.987287813460423
742705,0.3322852468022556
742706,0.8749809887235662
742707,0.6410564698596137
742708,0.7236452914530216
742709,0.1694004788854318
742710,0.9998077297296284
742711,0.9999533601666636
742712,0.9975478740405103
742713,0.6636209416785331
742714,0.5165052530027919
742715,0.9954509847623422
742716,0.342046654972075
742717,0.999635354114869
742718,0.9971563440008916
742719,0.9964785467389513
742720,0.12696077293684657
742721,0.6253872685863643
742722,0.3471025356277421
742723,0.9830830174548298
742724,0.8534611970653
742725,0.008676336875653761
742726,0.020876199377331747
742727,0.3428382727225908
742728,0.23843954993309108
742729,0.3592221663900419
742730,0.9491402064136382
742731,0.2689891734150563
742732,0.5098426089154258
742733,0.7931985517955258
742734,0.999001463109091
742735,0.9904043813097173
742736,0.9997840020204071
742737,0.8614750007854578
742738,0.9999667631596502
742739,0.8147199754054819
742740,0.5221453372392351
742741,0.30996786814156496
742742,0.9966933074118888
742743,0.2846737713036595
742744,0.7466158203013581
742745,0.999822475588952
742746,0.8540329359786867
742747,0.11474817340830731
742748,0.06113834860716184
742749,0.9960250251717597
742750,0.08536328962990854
742751,0.9988285754777082
742752,0.0814800550511537
742753,0.9986501868057409
742754,0.9996410148136226
742755,0.9991790379525931
742756,0.057512917390409576
742757,0.6785450285947972
742758,0.9261533132610618
742759,0.9997121356136093
742760,0.9975800260552388
742761,0.9720535930439105
742762,0.999866465328709
742763,0.04105246847805228
742764,0.05835307599611357
742765,0.04272844965799219
742766,0.7063006615151783
742767,0.999613787538608
742768,0.9999555027119953
742769,0.9998039652028028
742770,0.9406809285680993
742771,0.9909916213030786
742772,0.9999402662358681
742773,0.002488595739947947
742774,0.9999054393493525
742775,0.16714564188240075
742776,0.9993998568924004
742777,0.16720299202459016
742778,0.9913156475481641
742779,0.4893089310877373
742780,0.9985335624613474
742781,0.1998466735719377
742782,0.9606353257561943
742783,0.9998960420347968
742784,0.9999333858558814
742785,0.8969931241529576
742786,0.9998546512904867
742787,0.5000237255088216
742788,0.9204899657627776
742789,0.9998993299058012
742790,0.7821930445295265
742791,0.29898140159847403
742792,0.026797158299957352
742793,0.9998496496565437
742794,0.07222013852613506
742795,0.9999206897026478
742796,0.4835246283780313
742797,0.9984743030627059
742798,0.998510422051275
742799,0.3112180208447187
742800,0.9991699102660669
742801,0.9988159539302414
742802,0.6276414798243286
742803,0.9999635875699405
742804,0.9425240464872826
742805,0.9997802957202724
742806,0.5634165179476712
742807,0.9997344000381253
742808,0.5048478515801644
742809,0.02759556892332283
742810,0.4735044303644091
742811,0.8986834549954654
742812,0.9970238184324083
742813,0.49889856336184335
742814,0.9963854946778722
742815,0.3840153202714214
742816,0.5306519993392856
742817,0.9954748793910303
742818,0.9998739715109787
742819,0.9990326378411841
742820,0.4897087441963661
742821,0.9917847030625885
742822,0.07660915276670714
742823,0.6554245702147219
742824,0.10727390540189513
742825,0.9269993933350978
742826,0.999401831337095
742827,0.616746581229461
742828,0.99971319724583
742829,0.10676195926133952
742830,0.9959021525418356
742831,0.9413072699934891
742832,0.9213034455495926
742833,0.9989689145971072
742834,0.10322202519726341
742835,0.6029826818428778
742836,0.06821012815997533
742837,0.5457187912750203
742838,0.9865854889368892
742839,0.9961833632156529
742840,0.9998864399967278
742841,0.9908160554768664
742842,0.9999767417365246
742843,0.14553102082752967
742844,0.8493178573147087
742845,0.9991099061130292
742846,0.4003852093719126
742847,0.9999471460687548
742848,0.9881963642021658
742849,0.043901764354584094
742850,0.5330247444538782
742851,0.9995128348447371
742852,0.599580430176892
742853,0.9998468208336613
742854,0.9994885537920595
742855,0.9997866371964821
742856,0.9127363739309808
742857,0.12553686426705102
742858,0.9975265547350856
742859,0.9990065329978589
742860,0.9998580699084605
742861,0.3375816140248826
742862,0.05469582779941672
742863,0.7299960126955338
742864,0.25570076641514816
742865,0.11635020548849781
742866,0.23743538132509975
742867,0.5146875449093893
742868,0.018531742264722338
742869,0.9669024914855564
742870,0.7315342506611554
742871,0.6343240675809628
742872,0.9995489462233264
742873,0.9999709360914315
742874,0.9370131368690404
742875,0.9996535090971331
742876,0.2948167480494646
742877,0.9999783355921599
742878,0.7542235348196513
742879,0.15483328229619106
742880,0.9279932096650096
742881,0.9995912474541859
742882,0.019959622661930226
742883,0.9998889375160971
742884,0.9897646139350074
742885,0.7967972713959537
742886,0.9578688051112616
742887,0.9993795343192693
742888,0.5464264288305163
742889,0.9984787332268252
742890,0.9999259115119654
742891,0.9995460501093528
742892,0.9989567157567107
742893,0.999608911118685
742894,0.9994905342919596
742895,0.9874802259999054
742896,0.9996482052588902
742897,0.9999644566693217
742898,0.9989665939382197
742899,0.884920987963937
742900,0.98532562500859
742901,0.999035152695257
742902,0.6689384605408988
742903,0.8798701811172751
742904,0.7140859424194033
742905,0.9785179835224234
742906,0.9994917351835713
742907,0.3104819386556238
742908,0.9992619265859364
742909,0.9995643290650433
742910,0.9999575491537128
742911,0.9998749897740614
742912,0.48755967296821856
742913,0.0161255379074828
742914,0.9996069540796276
742915,0.9182874069886207
742916,0.9801656982053426
742917,0.9999504410421292
742918,0.6077810227903769
742919,0.16685029653981426
742920,0.8779756306916278
742921,0.8285939804083122
742922,0.9118893321774753
742923,0.7960352196779139
742924,0.14090892128200838
742925,0.1755746213361946
742926,0.9813928441907777
742927,0.7287007230629036
742928,0.04411875334688448
742929,0.9389841260147339
742930,0.9945560426034202
742931,0.9999686795475264
742932,0.024394392769123256
742933,0.5331918271117435
742934,0.9984935186719528
742935,0.9947496730122763
742936,0.9997618232218146
742937,0.9171338549731445
742938,0.009647276927009906
742939,0.9907166511357579
742940,0.9971835350111539
742941,0.03196660642251121
742942,0.9896614898245433
742943,0.997189195387708
742944,0.9985782135873158
742945,0.9976688894964714
742946,0.9753077465456579
742947,0.9988611477104121
742948,0.9999619387392438
742949,0.9831363398080032
742950,0.3676295999843183
742951,0.7673592374549276
742952,0.8561401327539867
742953,0.37155248419301734
742954,0.041461168881517754
742955,0.6790783448172715
742956,0.31992443232809237
742957,0.9999293715343849
742958,0.032896737515921204
742959,0.42290299129598874
742960,0.8789336814319897
742961,0.23282770830683489
742962,0.8457241079936133
742963,0.9994197511330335
742964,0.9975601937237022
742965,0.14208707695401596
742966,0.7707323323288937
742967,0.5950669202894325
742968,0.0642775836909881
742969,0.74080150345239
742970,0.5682240868229501
742971,0.9999432870847664
742972,0.9998597979694986
742973,0.01429876277482902
742974,0.39955211572835664
742975,0.7261393877998116
742976,0.9997599291435535
742977,0.009824075058133359
742978,0.9156263082794327
742979,0.8997908739004581
742980,0.9971103307994396
742981,0.9877763415036268
742982,0.015005084072934235
742983,0.9997328594593146
742984,0.8266209823414732
742985,0.10903606849118577
742986,0.9999903631294418
742987,0.9998077822245662
742988,0.8346804169562492
742989,0.3894428266008514
742990,0.96665399977036
742991,0.7412298344125017
742992,0.9614527168692624
742993,0.9996792857370342
742994,0.6389023969103838
742995,0.8229063142343476
742996,0.6370374075527746
742997,0.9946895880316496
742998,0.9995266583418372
742999,0.07746494263742396
743000,0.4168353575877025
743001,0.999706754467814
743002,0.9541418913562489
743003,0.9958409335618785
743004,0.09155633289094345
743005,0.7533163538442395
743006,0.9864253394049407
743007,0.999954127452839
743008,0.9998112486800687
743009,0.9953973890852502
743010,0.999783875412364
743011,0.00858673482844689
743012,0.07386788469777124
743013,0.27964144599398877
743014,0.9994013000768592
743015,0.23097819116580265
743016,0.9998015810175893
743017,0.922405630383055
743018,0.9913489405941517
743019,0.9998892231702996
743020,0.9994557356306537
743021,0.7034101955225103
743022,0.9245027351145552
743023,0.12729590126156276
743024,0.9997945887096593
743025,0.15816393067504686
743026,0.5636284973102014
743027,0.9959027558863545
743028,0.6344435886071631
743029,0.9955794738960275
743030,0.9999070186473707
743031,0.9993016844985637
743032,0.9999184012492456
743033,0.4453523812557514
743034,0.9971915431206786
743035,0.9997419769414755
743036,0.04522530057605349
743037,0.643333770559728
743038,0.9866557668649558
743039,0.9997910829758181
743040,0.12070070571814731
743041,0.6588230277080406
743042,0.916229845954292
743043,0.6586312231416684
743044,0.9955245232111651
743045,0.9977776843604491
743046,0.9999800468206311
743047,0.9998004374755939
743048,0.09316305965244473
743049,0.9999212976548237
743050,0.9999460783573646
743051,0.8215273261375806
743052,0.0460381135594395
743053,0.31156780048280974
743054,0.3841425493739708
743055,0.9993118536856416
743056,0.5652660010978083
743057,0.5244948832107528
743058,0.4685819221146017
743059,0.29999484328178666
743060,0.9957224207690812
743061,0.9999427453305781
743062,0.4494840492330002
743063,0.9793573706784201
743064,0.9982229160982653
743065,0.010390301573168998
743066,0.9999679240829058
743067,0.09413423370953984
743068,0.04347026915130642
743069,0.17159054161778609
743070,0.9723120339157767
743071,0.8660540694316639
743072,0.9997339925905517
743073,0.9996322921736562
743074,0.33549922763897866
743075,0.015366294951050886
743076,0.9999666145797629
743077,0.05185687509037916
743078,0.9997812936224109
743079,0.999935158685227
743080,0.9396619844145226
743081,0.278695177903526
743082,0.055110927384697875
743083,0.6411812538122417
743084,0.015122362461562039
743085,0.9989173346215873
743086,0.9304532778415915
743087,0.3652615599034379
743088,0.5118833762700201
743089,0.9987607483153513
743090,0.9999873118304756
743091,0.7328328735379618
743092,0.9982827904682969
743093,0.14424436605524188
743094,0.12540413641010406
743095,0.44018630089233757
743096,0.8021439715983336
743097,0.9922183557610615
743098,0.9992747783334537
743099,0.9992515442321065
743100,0.657868935857116
743101,0.9996654806165384
743102,0.29604676340371344
743103,0.6918365369981327
743104,0.8497631842562454
743105,0.9999137686208239
743106,0.9991333259643826
743107,0.9999065632136043
743108,0.9999280394187148
743109,0.9998630695489993
743110,0.9997788463278017
743111,0.9984732627096179
743112,0.8719125805065779
743113,0.8787269270925273
743114,0.9999499535666132
743115,0.9999196388226106
743116,0.9995988957206334
743117,0.19000683863085344
743118,0.9999898436407257
743119,0.999430544870274
743120,0.9998977173506971
743121,0.999935724240411
743122,0.5521455175110842
743123,0.8829791747316762
743124,0.9997791344243045
743125,0.013962977199951335
743126,0.023506676061921958
743127,0.9998518345077523
743128,0.9651017023638069
743129,0.994142062742517
743130,0.05390382816187672
743131,0.9996855931074382
743132,0.9994820666999499
743133,0.9993125228969872
743134,0.9699110583888834
743135,0.7745068129800832
743136,0.9997536424314379
743137,0.06375755888315175
743138,0.998553344328837
743139,0.2269687004477984
743140,0.3406650880533967
743141,0.9984713365571559
743142,0.9844228423257202
743143,0.2506711593538437
743144,0.4520704525373036
743145,0.05765641974688428
743146,0.9999616574290693
743147,0.09932048672932461
743148,0.99761255157114
743149,0.9961880770541564
743150,0.3885044566770324
743151,0.9866859123189298
743152,0.9390294491469808
743153,0.725499926267398
743154,0.9987675926309512
743155,0.5147052074006402
743156,0.4891927754945723
743157,0.9539474088569262
743158,0.8842863434910098
743159,0.22246184289438167
743160,0.02751129531796337
743161,0.2229326726983764
743162,0.380676261064057
743163,0.9993818620237043
743164,0.718896955602166
743165,0.035267833945169906
743166,0.8592897114866946
743167,0.16499979735630366
743168,0.9985945560119613
743169,0.47796302311162087
743170,0.43504986011925706
743171,0.9998751996929928
743172,0.7353597569420283
743173,0.3165840497149216
743174,0.9031848180382329
743175,0.9996478852670563
743176,0.9831844025711601
743177,0.028781657191158005
743178,0.7077664457619438
743179,0.10219346376663219
743180,0.9999625189740649
743181,0.43488826846997986
743182,0.4968320851223484
743183,0.9999584035291702
743184,0.7674297875509299
743185,0.004251895471922865
743186,0.9989930246232184
743187,0.28290549344769866
743188,0.9868504405170906
743189,0.9816574511933709
743190,0.028166418219292333
743191,0.008143586949578282
743192,0.8438529877597689
743193,0.20875969806639036
743194,0.9996901315026927
743195,0.9835615187456603
743196,0.6321531846777999
743197,0.06947267221306563
743198,0.9325119402447332
743199,0.8646128307297744
743200,0.9933816904320942
743201,0.010038580136566671
743202,0.982189841711087
743203,0.1353317641292899
743204,0.9994920190024107
743205,0.18637871634144393
743206,0.9995614518019165
743207,0.04863906826524006
743208,0.9999840025369853
743209,0.9458721828696937
743210,0.3020463934818948
743211,0.9996254959942791
743212,0.11038617490592245
743213,0.013677986578478133
743214,0.27510684185086515
743215,0.8515128049901
743216,0.3504833017425711
743217,0.9989911943841405
743218,0.9998415982960719
743219,0.0158468419329251
743220,0.7507443899531454
743221,0.35706448053970086
743222,0.7387304820607163
743223,0.0378770032588973
743224,0.9997930304132174
743225,0.7991136722846254
743226,0.928635377161801
743227,0.017191746614683694
743228,0.9998254228128655
743229,0.9228570303169275
743230,0.0026781100584694333
743231,0.9360181038344291
743232,0.5370895916987883
743233,0.9995540379801127
743234,0.99986173726167
743235,0.9785895464742502
743236,0.9995302145791061
743237,0.9998037553134993
743238,0.08180962047688609
743239,0.9989454805727621
743240,0.7910795799356793
743241,0.9998235207283623
743242,0.9995975165981917
743243,0.861485995358273
743244,0.9990574827201861
743245,0.9997454694136256
743246,0.9256075125008483
743247,0.08227390119958891
743248,0.9998795446023054
743249,0.9994136612684775
743250,0.9998132840203205
743251,0.19358049642867792
743252,0.12141279337408703
743253,0.05151196722590412
743254,0.9108173007248862
743255,0.15679293269353428
743256,0.018602327075699553
743257,0.994124851611309
743258,0.6852886182586371
743259,0.9980618196843009
743260,0.6338154278291677
743261,0.34441539443626784
743262,0.9513243020817113
743263,0.971703347078541
743264,0.995280918622888
743265,0.9998656088461334
743266,0.9841215813094556
743267,0.2717583882412673
743268,0.9535230868232714
743269,0.49121230094302637
743270,0.8083864638701548
743271,0.9999765378521143
743272,0.7626162572113244
743273,0.9995047343565884
743274,0.9972097396786639
743275,0.9997495744586478
743276,0.11889485907298751
743277,0.9371567918727796
743278,0.033290704102114946
743279,0.2641708132922075
743280,0.9997127376732222
743281,0.13444994409822245
743282,0.6413118008969028
743283,0.9676193199806049
743284,0.3050826102935663
743285,0.6566465392705256
743286,0.8527589568786381
743287,0.6784723741960359
743288,0.8714648010670769
743289,0.914701292866656
743290,0.9985577567974102
743291,0.9998968009048653
743292,0.024440235516730753
743293,0.04030040136273295
743294,0.8526596087417868
743295,0.9975768440672573
743296,0.9999365362286854
743297,0.7339378280192381
743298,0.8766151866606002
743299,0.26540222841544003
743300,0.02576819480480442
743301,0.99997495814315
743302,0.006648610860649003
743303,0.5483294486907779
743304,0.9997604289320892
743305,0.9811238922028027
743306,0.9984045726999706
743307,0.999932434605445
743308,0.07415359010002476
743309,0.9997797942488322
743310,0.9994001676962065
743311,0.9998055412556199
743312,0.9997557711295444
743313,0.05229352978077269
743314,0.4315166110039606
743315,0.3808997500418641
743316,0.42524749832726666
743317,0.0040006933610230964
743318,0.8138230500503112
743319,0.6881634355217476
743320,0.5880288839872482
743321,0.9995883818847761
743322,0.5066720574803405
743323,0.9993938373197949
743324,0.9998010163480777
743325,0.931061786104407
743326,0.014551194678999629
743327,0.9894099181665473
743328,0.7118546645585502
743329,0.9998607870854703
743330,0.9998666909023883
743331,0.8166973071579722
743332,0.990629437468167
743333,0.008296729338872256
743334,0.9938938816517247
743335,0.9993624781873375
743336,0.9956105775564503
743337,0.0016347727919552586
743338,0.004833441838049463
743339,0.8199874294903867
743340,0.9999725971896565
743341,0.18698639889387908
743342,0.35509856810109197
743343,0.8202523411442841
743344,0.9999285544105199
743345,0.029525206753654283
743346,0.9997691641033142
743347,0.9997819944095494
743348,0.9993467751215717
743349,0.9653572311011468
743350,0.6231754718081324
743351,0.9943471965926227
743352,0.020100123105855485
743353,0.8869676659970105
743354,0.9888753160140787
743355,0.9952632586402785
743356,0.6491626058452776
743357,0.5085500556482391
743358,0.16127614800164203
743359,0.9996936039912547
743360,0.3356254632882425
743361,0.9993890401324306
743362,0.7269924771219217
743363,0.9997830537428386
743364,0.9564175613225494
743365,0.8763383967369051
743366,0.07148650585381446
743367,0.8280551534174858
743368,0.9999515569133512
743369,0.0398319353837259
743370,0.915757660491513
743371,0.999402400123585
743372,0.9993801781354605
743373,0.9043304916219109
743374,0.5694564209732292
743375,0.23895988140692587
743376,0.9975565382472598
743377,0.9966212444177234
743378,0.9999479209274336
743379,0.02239941543705711
743380,0.9947726306621129
743381,0.9999806629360906
743382,0.014469286580318068
743383,0.9986972617903448
743384,0.8080733603480348
743385,0.9114124562114312
743386,0.9286974278966631
743387,0.994808819257107
743388,0.01278278603125743
743389,0.9989378040338022
743390,0.8052042504255345
743391,0.11600695148417506
743392,0.9999624982335823
743393,0.9999735970748064
743394,0.22761186810077186
743395,0.839655927859917
743396,0.9561608799508503
743397,0.2635787941124991
743398,0.4869800860181676
743399,0.9996887909921299
743400,0.05761597573751915
743401,0.0790060874908623
743402,0.13722367956063192
743403,0.9999631047844283
743404,0.6588423544068946
743405,0.8590308122372803
743406,0.05743800190854633
743407,0.612673739690206
743408,0.24862357813397878
743409,0.3708405439293053
743410,0.10986251991011331
743411,0.13968777582026776
743412,0.9983773297593939
743413,0.999980249311752
743414,0.9968182540342777
743415,0.9825128952205249
743416,0.672686146448322
743417,0.9998565080045007
743418,0.6899463426645094
743419,0.1618140564356325
743420,0.6196016829581679
743421,0.9995437851032472
743422,0.676693278628667
743423,0.9548638752366557
743424,0.9997788672180274
743425,0.999776877563923
743426,0.9859002985609072
743427,0.9605418497162337
743428,0.23401709424833314
743429,0.29163781271844513
743430,0.9768653183328622
743431,0.9995133787336696
743432,0.9992880802894346
743433,0.11093030923533181
743434,0.6674281231037933
743435,0.9999587400934882
743436,0.997466148140657
743437,0.025948762242250616
743438,0.2463773862751199
743439,0.7779755558016115
743440,0.9995797163095058
743441,0.9678786658315813
743442,0.95214951054087
743443,0.4345992928741701
743444,0.8851904084133653
743445,0.07943951683651305
743446,0.8148796405308325
743447,0.03415444362506864
743448,0.7880853126549504
743449,0.9682461829332296
743450,0.9908782063001565
743451,0.005998151138464159
743452,0.9997585902662683
743453,0.9970538723075012
743454,0.032648515679770826
743455,0.7452191365291787
743456,0.9998039782724544
743457,0.8436046047516235
743458,0.5235231913713907
743459,0.7382320225117927
743460,0.9999026274435081
743461,0.15081400065376874
743462,0.29547818795962577
743463,0.8073337091794286
743464,0.9998805665148932
743465,0.9983940631332704
743466,0.9988639004873024
743467,0.11329264829515356
743468,0.07352651556490343
743469,0.7374046298247956
743470,0.01611863238110566
743471,0.015735178704642083
743472,0.9481463079215178
743473,0.9985501327063716
743474,0.9995107207766717
743475,0.999723483938344
743476,0.5624253688965335
743477,0.7618889560856347
743478,0.9909616975167097
743479,0.9996483702099277
743480,0.9884583609421109
743481,0.965915219108468
743482,0.9972623084224537
743483,0.986254706800627
743484,0.9998338464819205
743485,0.5739665781446892
743486,0.9522926611707467
743487,0.9999893894593214
743488,0.9997171121492576
743489,0.9993839916782412
743490,0.9997826479200214
743491,0.6796090403647168
743492,0.9999392484815803
743493,0.21919560284855638
743494,0.9467555367421379
743495,0.9955921720560564
743496,0.9707210114945608
743497,0.9594702112888447
743498,0.4072042454908643
743499,0.9240955300335936
743500,0.8038483727400911
743501,0.9999694705978941
743502,0.9909610292177944
743503,0.20125144462870367
743504,0.9703043822322557
743505,0.8677543183956546
743506,0.9884024021896374
743507,0.4106723736618813
743508,0.8237279542744487
743509,0.9998099387824166
743510,0.9991230084058795
743511,0.9998915634792954
743512,0.9985094435597759
743513,0.7551870449931499
743514,0.9079722856389834
743515,0.04547834615518316
743516,0.4562727585151135
743517,0.3025258194394197
743518,0.9998687238467394
743519,0.07026926269490731
743520,0.19685215196086842
743521,0.9987785691549316
743522,0.8370730244678768
743523,0.01767698633187465
743524,0.3048884879651561
743525,0.9997286939271772
743526,0.2445449583605675
743527,0.6486327878466744
743528,0.9997075953311536
743529,0.9790249499865055
743530,0.9899623013889197
743531,0.8967006567955136
743532,0.8260683462993792
743533,0.9879453055314902
743534,0.9958070266986006
743535,0.5652178180762154
743536,0.9941451400530172
743537,0.5120569117851593
743538,0.5391569899255744
743539,0.9991013799302935
743540,0.9959790852466388
743541,0.7735610785975533
743542,0.9946081587610717
743543,0.5197755932066528
743544,0.9974555994028964
743545,0.7974416153149961
743546,0.09824457103904394
743547,0.6556678376873921
743548,0.9993156822308713
743549,0.9997989912145092
743550,0.9995151662015583
743551,0.9995951769054394
743552,0.9934405208167293
743553,0.9999949975452784
743554,0.9983773165783858
743555,0.6177513118896999
743556,0.09731351092458984
743557,0.9306380126108073
743558,0.9998332645795525
743559,0.13919674185294834
743560,0.9986063658027107
743561,0.6924637193908297
743562,0.959631567242633
743563,0.9959042460718492
743564,0.542136195452553
743565,0.6709959215751304
743566,0.9848179400453967
743567,0.5414433691897684
743568,0.6821557855876214
743569,0.3351386392066819
743570,0.9978274243928411
743571,0.045177035169235796
743572,0.7548283020148141
743573,0.9994141876535587
743574,0.3323902138681098
743575,0.7046107247419602
743576,0.007183514008478902
743577,0.45675197809374235
743578,0.027326961239186466
743579,0.9865594004715139
743580,0.2343174143680261
743581,0.13545096148299884
743582,0.5937583293143328
743583,0.02671199375490379
743584,0.9469613618130659
743585,0.9995415741917102
743586,0.9995402265709831
743587,0.9924030992315238
743588,0.8985217384987418
743589,0.1474678918527442
743590,0.47864076913120446
743591,0.6618125085240077
743592,0.9967046325319985
743593,0.9813968292521673
743594,0.8781148204070099
743595,0.8514553384892888
743596,0.9999125808267917
743597,0.10612757586345013
743598,0.04609489981645383
743599,0.06822161038670989
743600,0.03450518797511172
743601,0.004105563535812559
743602,0.9181557797525527
743603,0.36941788292136146
743604,0.5543651695443803
743605,0.570903388032505
743606,0.27503523157240345
743607,0.8806918017208472
743608,0.829725740839493
743609,0.9999770892302247
743610,0.9998894296980074
743611,0.9998203065174975
743612,0.43415293163851687
743613,0.9944028866476066
743614,0.9701390924052957
743615,0.9943415865125624
743616,0.002795426856658536
743617,0.9992649605818845
743618,0.996227107603124
743619,0.9935216540422428
743620,0.9714932210639033
743621,0.9460720269781013
743622,0.9821476395103479
743623,0.8829566436453556
743624,0.16378347535528232
743625,0.903253702991799
743626,0.9922810966909608
743627,0.6820362808904754
743628,0.9999885274612186
743629,0.9997064666735772
743630,0.7942310181716938
743631,0.9963372815611843
743632,0.002103677554361307
743633,0.9998119081577931
743634,0.971973865814151
743635,0.5239750231055916
743636,0.9396988800024004
743637,0.10690525003640253
743638,0.9988900979646465
743639,0.14679382385007497
743640,0.996297564788944
743641,0.22796229488666864
743642,0.9999070169061555
743643,0.902153754122445
743644,0.5570919395529172
743645,0.6565060010722158
743646,0.9133954182004069
743647,0.7493541213620628
743648,0.9999680894781471
743649,0.99991456059435
743650,0.9962656007678422
743651,0.017795059761964202
743652,0.030496297165491047
743653,0.9973493807174514
743654,0.49858692184470843
743655,0.9999310915578219
743656,0.919595796928573
743657,0.997467632725729
743658,0.19425830595860782
743659,0.38901411240342154
743660,0.9634380901142261
743661,0.6164859016490069
743662,0.08730867144124513
743663,0.9797616725102138
743664,0.9424780257878489
743665,0.8017863298259162
743666,0.8659137445667773
743667,0.9981190821693572
743668,0.9947599721961862
743669,0.9998227752620957
743670,0.013781208256577762
743671,0.14452484444724256
743672,0.9964252858937761
743673,0.16184792564668016
743674,0.9994023339507077
743675,0.9999044713500379
743676,0.9937696983681004
743677,0.30368011946026635
743678,0.9994396862982188
743679,0.13485242504826755
743680,0.9999525861100718
743681,0.6567868279052373
743682,0.9586876175218269
743683,0.9999593359429867
743684,0.9994634627159754
743685,0.9857154508203124
743686,0.12820217362642256
743687,0.9885564452364556
743688,0.9995223212666954
743689,0.9909509018829916
743690,0.057147867526574414
743691,0.5112247898892506
743692,0.9984362329463232
743693,0.030678784074249274
743694,0.28935536262710143
743695,0.9972219914660789
743696,0.6977403473091497
743697,0.9608736265821128
743698,0.9900715700948546
743699,0.42031428563995415
743700,0.9991681782378197
743701,0.9995001036682253
743702,0.7899794962103934
743703,0.9593262020489797
743704,0.8480622651120426
743705,0.4551763032507163
743706,0.642619797756133
743707,0.8482888363740323
743708,0.9748381421117212
743709,0.5678396486933877
743710,0.9989308708823911
743711,0.9635031367913026
743712,0.4327672985162626
743713,0.9997599958081753
743714,0.9958099084214534
743715,0.9970785974672846
743716,0.9999694789000123
743717,0.7528404627186305
743718,0.8288254884126632
743719,0.9999879158073809
743720,0.9993056554976798
743721,0.9997648717561611
743722,0.2055916952439339
743723,0.7344049043558143
743724,0.9961793166455413
743725,0.014401369222541132
743726,0.999975085156229
743727,0.9527352158075717
743728,0.3805822649705285
743729,0.02563472781917287
743730,0.01866260463414834
743731,0.9997403485737402
743732,0.017258680255659836
743733,0.9999582297309402
743734,0.40928729951343634
743735,0.9191301587342456
743736,0.09740238770668624
743737,0.4581222981806131
743738,0.9622968474211209
743739,0.004213810753481049
743740,0.9563112792063864
743741,0.997552804797685
743742,0.9999480089992221
743743,0.9964381311477079
743744,0.18642140418953845
743745,0.9999577922542215
743746,0.6032821250802028
743747,0.9993595144787886
743748,0.999961583252197
743749,0.08396587198421146
743750,0.9997188503680396
743751,0.5085750418158046
743752,0.06189232850332136
743753,0.9991746205534461
743754,0.7851609203233
743755,0.07386332919215453
743756,0.10924944309570055
743757,0.7197843904032717
743758,0.9999242207562586
743759,0.8255011095238449
743760,0.03323309180077731
743761,0.5923278537357042
743762,0.9311179995893535
743763,0.2744003767176759
743764,0.056981627295700846
743765,0.026408308343991556
743766,0.9272354630393973
743767,0.44672464018418345
743768,0.9050408415062015
743769,0.4310771218371684
743770,0.9998857111936629
743771,0.9996450413716533
743772,0.999820503899956
743773,0.18812514203503058
743774,0.3718829006929577
743775,0.21892443596645397
743776,0.5523805573399992
743777,0.9330251754505312
743778,0.9993399836782159
743779,0.9894617725907435
743780,0.9754992052445703
743781,0.9994617848519836
743782,0.3170528097908992
743783,0.1560060992525656
743784,0.9774193658796189
743785,0.7400888877401627
743786,0.9860782466604513
743787,0.9999509687682118
743788,0.9267806045123901
743789,0.6490642671205731
743790,0.9643564273862223
743791,0.11705158020077992
743792,0.9200457667652316
743793,0.2337154115676211
743794,0.9754900380205163
743795,0.8849854699377695
743796,0.018853071727679107
743797,0.0059637122412717885
743798,0.023021688455415818
743799,0.9580210981305943
743800,0.9993618327286294
743801,0.6280545339512318
743802,0.03255065013824459
743803,0.9717877715902417
743804,0.9996729728782368
743805,0.9794438697929406
743806,0.05950675132106239
743807,0.133690215116023
743808,0.999721964290419
743809,0.7246103270574344
743810,0.9846376736814865
743811,0.12990845713765792
743812,0.16657707298261415
743813,0.9094306932378375
743814,0.11549003575197234
743815,0.9615771985032541
743816,0.8830672246970004
743817,0.9864392147736958
743818,0.8272242271135635
743819,0.6362963556572762
743820,0.9996880534352754
743821,0.9999817090785674
743822,0.9375678215321461
743823,0.9994066749381212
743824,0.03698032618613793
743825,0.1940646432700457
743826,0.9235139428550099
743827,0.29560654829843186
743828,0.9946801708780384
743829,0.9999479947299129
743830,0.9993878619883655
743831,0.9997229475394881
743832,0.08292356780315893
743833,0.9998734477807454
743834,0.4721404654164896
743835,0.2334816282999218
743836,0.9997924520298107
743837,0.9999806520280794
743838,0.6515236537957133
743839,0.9959903831716912
743840,0.9362927038954679
743841,0.9999726100153405
743842,0.013508555423878965
743843,0.9964335277738767
743844,0.44641595415635527
743845,0.999985395062563
743846,0.9995822690522947
743847,0.4427335719005634
743848,0.32947155789445115
743849,0.9809910540916145
743850,0.8546535410504572
743851,0.9986396508512323
743852,0.9999751594258901
743853,0.9998328563828527
743854,0.9989197459316336
743855,0.8191251341313222
743856,0.02827652062443125
743857,0.7198075482295457
743858,0.9999005931446272
743859,0.9773321079426749
743860,0.9623189463751011
743861,0.9904819963414632
743862,0.9936914528493379
743863,0.9999590475869908
743864,0.8347388362019066
743865,0.016078113448501075
743866,0.9996929238696406
743867,0.7589830782403707
743868,0.9995448296940028
743869,0.05974366238674202
743870,0.05532067898446985
743871,0.9995217485597376
743872,0.9571939583823669
743873,0.8368876998206463
743874,0.39561435744175977
743875,0.9995685204167271
743876,0.9976738948478165
743877,0.9468371265726113
743878,0.999941679278424
743879,0.9928300223882338
743880,0.009657309959945973
743881,0.9999506115822689
743882,0.9989585152323677
743883,0.896762379015756
743884,0.9991463662951543
743885,0.9996689308315616
743886,0.9980584962543554
743887,0.9763483443455986
743888,0.9959813634593029
743889,0.9997188000787295
743890,0.9139358699547475
743891,0.999877481000583
743892,0.9997753634654214
743893,0.9817294352726018
743894,0.552326343997866
743895,0.04937480868657712
743896,0.6921640641309135
743897,0.9986877415555087
743898,0.9999803480618938
743899,0.965114886566738
743900,0.9740434432523205
743901,0.20996039283080425
743902,0.9999364023671273
743903,0.9650614488650684
743904,0.996392983827105
743905,0.6074173163886201
743906,0.48749518465342323
743907,0.8369918297988798
743908,0.9784226192609256
743909,0.7188367532512403
743910,0.9993099424897369
743911,0.6656758033876088
743912,0.98567854226256
743913,0.8642768720156135
743914,0.9711678294713093
743915,0.9997048573592
743916,0.9863620799603596
743917,0.25130768659425656
743918,0.9932745126842167
743919,0.018536706864024442
743920,0.9905487838732748
743921,0.9996072124695923
743922,0.09617929159501112
743923,0.8973056394466166
743924,0.9997734177713241
743925,0.9998355097688443
743926,0.979417435317655
743927,0.9533672705461644
743928,0.7944417157149266
743929,0.9997079798902544
743930,0.9944797416244993
743931,0.9574137546938106
743932,0.9713397142365017
743933,0.17061788040375347
743934,0.9986286876768342
743935,0.7209406536320008
743936,0.7565469492756506
743937,0.999610409733539
743938,0.9826558274271291
743939,0.007139704437178884
743940,0.9741749384170297
743941,0.9996150108015752
743942,0.16520182604953618
743943,0.5876966996486668
743944,0.07048095646735064
743945,0.9795835126628067
743946,0.9996151874571328
743947,0.9831969283958417
743948,0.9993808454584252
743949,0.14549906576676158
743950,0.28664006862615
743951,0.9997860989629331
743952,0.99985822097864
743953,0.9999020385636931
743954,0.9964482185814357
743955,0.9409965970351185
743956,0.9872500720690726
743957,0.6525184336715778
743958,0.06811759257391034
743959,0.23670739562938267
743960,0.6906031610159419
743961,0.9353554450793019
743962,0.7970591839677843
743963,0.7811572678389247
743964,0.978096176914452
743965,0.999198411836514
743966,0.938856857536164
743967,0.9991958576676978
743968,0.9497266885531417
743969,0.33532734488684535
743970,0.9994395402716839
743971,0.979641396730208
743972,0.712952882547089
743973,0.9604958036427726
743974,0.9087004557853517
743975,0.6049773952411015
743976,0.9898674650158932
743977,0.10562461197161288
743978,0.7440474664204777
743979,0.9985656260977718
743980,0.43459602222243554
743981,0.9954263241752566
743982,0.9990892053892844
743983,0.2708758735396377
743984,0.04078060854864782
743985,0.6609800707158305
743986,0.8792782663166663
743987,0.2991627647517967
743988,0.9972576351691985
743989,0.9953037353514571
743990,0.9997083471494999
743991,0.9834784956752456
743992,0.9899303967802526
743993,0.765847802177128
743994,0.005911233833797193
743995,0.1269816819200965
743996,0.5715069887868297
743997,0.8554367586733258
743998,0.005157593392944597
743999,0.19762055595902037
744000,0.9997737341126791
744001,0.04070893223794293
744002,0.49196325468376484
744003,0.4620887428330767
744004,0.9999818717172848
744005,0.9866523977004857
744006,0.994158302709326
744007,0.9998184938394149
744008,0.7976699178035371
744009,0.9999065158350819
744010,0.8042379256865368
744011,0.9972635129938392
744012,0.8384294635191138
744013,0.738317729330391
744014,0.7812316422229082
744015,0.9674292772585572
744016,0.5317053114763296
744017,0.9848967630765102
744018,0.6463914379023057
744019,0.8506531730106626
744020,0.9986809718322877
744021,0.9832332941803361
744022,0.6038546952072965
744023,0.30953214089671727
744024,0.012911889798832328
744025,0.9999862500766312
744026,0.9959199009311372
744027,0.8383902044219109
744028,0.9987892610807464
744029,0.3524400987392815
744030,0.9996361554722253
744031,0.9999235690025268
744032,0.7966788574969459
744033,0.9918806802344395
744034,0.9976204133041473
744035,0.13011617984569396
744036,0.9999472901606243
744037,0.999229084778459
744038,0.8313917516862904
744039,0.7740499160502512
744040,0.8515178050106309
744041,0.8905654647706687
744042,0.9787036206509903
744043,0.9369996919125565
744044,0.9999532776356994
744045,0.9999945008458089
744046,0.9985533242101885
744047,0.8255345968086641
744048,0.01340352877465266
744049,0.02414574874893177
744050,0.9999678707282533
744051,0.9997551889807885
744052,0.44076287428070793
744053,0.9997605124767974
744054,0.7796995611848354
744055,0.8170955909770679
744056,0.9992634533743268
744057,0.9997641545955336
744058,0.8994514189628566
744059,0.9899863606014272
744060,0.4390109482117278
744061,0.07437387966543813
744062,0.6087365386504778
744063,0.9932297189555518
744064,0.4048975056532297
744065,0.8945919472249682
744066,0.9962874935644628
744067,0.9999052268489984
744068,0.9854410848771855
744069,0.9982872390691166
744070,0.0037520572989522484
744071,0.9975281490475825
744072,0.10896086754920223
744073,0.9926532751529047
744074,0.9979427044492255
744075,0.9996070056348647
744076,0.9999231030307231
744077,0.8447813971279419
744078,0.9791535480536349
744079,0.9995016598438583
744080,0.6304801879912068
744081,0.7815036568438095
744082,0.9689989530065498
744083,0.9949741452850326
744084,0.9997800235286429
744085,0.9038669644834085
744086,0.9433200780600604
744087,0.9997546889262261
744088,0.9792009409848611
744089,0.7508475784895423
744090,0.9935869836646541
744091,0.9996534499472186
744092,0.9999831562147922
744093,0.0770407753747592
744094,0.999752432231052
744095,0.5291236149666904
744096,0.9992951168036952
744097,0.9984472809782255
744098,0.9894543048054263
744099,0.9030123762678426
744100,0.9990692879448743
744101,0.022383264571620747
744102,0.09860163495161621
744103,0.15430658517313106
744104,0.042336759317630694
744105,0.9992341227193291
744106,0.2861543570587687
744107,0.9959886728177932
744108,0.005401945468754964
744109,0.9941640540634644
744110,0.00860024111585336
744111,0.9996831915675062
744112,0.9977457948962141
744113,0.7453451678614913
744114,0.8584230813491762
744115,0.997426134615232
744116,0.8442969744128199
744117,0.9950051006423237
744118,0.9870179662571772
744119,0.9996100557766598
744120,0.9999110590886557
744121,0.9516103711740447
744122,0.018902841832502935
744123,0.3243383417050412
744124,0.4713963263514791
744125,0.9999610159863608
744126,0.6484397919681559
744127,0.04740748083530119
744128,0.9889817867746591
744129,0.9990154347029394
744130,0.8326194159449744
744131,0.9999513447088724
744132,0.9942467172470675
744133,0.4595736834781121
744134,0.9997583523511757
744135,0.9999690258480595
744136,0.9944124630464015
744137,0.9160085780997435
744138,0.02141107218040219
744139,0.4667535624393205
744140,0.9643008139974503
744141,0.9998208041706473
744142,0.999839589105048
744143,0.4204032712346014
744144,0.9997374698650444
744145,0.8658845934485532
744146,0.9996261837211545
744147,0.010459511173944967
744148,0.9748225880830846
744149,0.8504937656649367
744150,0.999309947981172
744151,0.9999297473516634
744152,0.14719499542091666
744153,0.9967888806047295
744154,0.2955016457031046
744155,0.2062378976918464
744156,0.27623873467362603
744157,0.9999863076747353
744158,0.7767768396665682
744159,0.5370986043104309
744160,0.9999063524248679
744161,0.9967508951712287
744162,0.19543714409044352
744163,0.9995732859228168
744164,0.9977885488357185
744165,0.6969102645642744
744166,0.9987114025922619
744167,0.005146276852595571
744168,0.9999335897955419
744169,0.052716990339643464
744170,0.9867005977423725
744171,0.925429436143836
744172,0.985725468302674
744173,0.9966954585362248
744174,0.004808641175796194
744175,0.9111064039835944
744176,0.9977346968855901
744177,0.8204001269575891
744178,0.6393426235946809
744179,0.05145757245819556
744180,0.7638919170094405
744181,0.9760577492987768
744182,0.04773224711124634
744183,0.9999782567026243
744184,0.9980317882148968
744185,0.0168000527684723
744186,0.9968581710588652
744187,0.9957934418573668
744188,0.9914547416483679
744189,0.14534820704069576
744190,0.9998827435296633
744191,0.028632075366657413
744192,0.5237116973515927
744193,0.999862749456985
744194,0.48683701854884043
744195,0.9991271771466876
744196,0.9998736042664753
744197,0.9998620303534769
744198,0.9921509309224549
744199,0.17313507408671688
744200,0.9778017782637807
744201,0.4957891058053799
744202,0.6419685558973076
744203,0.9995457027855141
744204,0.5354012772945838
744205,0.7672813903572087
744206,0.9703299594249823
744207,0.9999212055732729
744208,0.17485253513272636
744209,0.9525339307400066
744210,0.26402588068856636
744211,0.8079161430112756
744212,0.12310316464178785
744213,0.33676895709912713
744214,0.9991787893590578
744215,0.8153196853586174
744216,0.9994232168664473
744217,0.49519043715597955
744218,0.6969950066178698
744219,0.6783910905285222
744220,0.9562461422439059
744221,0.03922288008025742
744222,0.9858300109439893
744223,0.9964678525288129
744224,0.08882301690070567
744225,0.05837174426756045
744226,0.9738952748714658
744227,0.999874670312024
744228,0.3385369269054771
744229,0.06557378342381413
744230,0.9982958826077997
744231,0.04783601920202945
744232,0.6394843639201531
744233,0.9958900825731563
744234,0.1998410341087619
744235,0.5421034995027619
744236,0.2472801601697962
744237,0.013137472499660272
744238,0.9998305104013541
744239,0.9988213072207385
744240,0.6077598972302704
744241,0.9386326902256918
744242,0.9572105539424605
744243,0.9999670515219002
744244,0.27121517469444717
744245,0.9782291297698759
744246,0.5214371932678695
744247,0.024163507245848738
744248,0.9999761650272471
744249,0.9933960280335369
744250,0.9997711157017913
744251,0.9504353155365117
744252,0.9995632560400176
744253,0.9996840696615432
744254,0.02442702662783312
744255,0.9941028034707904
744256,0.8474900387854029
744257,0.9997741813738843
744258,0.8106673884406591
744259,0.9997269297294388
744260,0.9213790203440917
744261,0.9953359443543821
744262,0.6443236905793938
744263,0.10011174839494312
744264,0.31780771960913173
744265,0.009892478675428215
744266,0.9978513498829893
744267,0.9020420457031817
744268,0.5320698682428184
744269,0.9821347693605552
744270,0.5582593924292207
744271,0.9998926064234731
744272,0.9990535709959181
744273,0.9999039635283276
744274,0.8838946116550999
744275,0.6067140723073089
744276,0.9887608653198566
744277,0.9996876162280884
744278,0.9999584585429615
744279,0.9939752620544411
744280,0.8373389290177535
744281,0.058977483692053925
744282,0.9173835281125076
744283,0.8086601378996907
744284,0.69225681671742
744285,0.02848322236733547
744286,0.5613244106146066
744287,0.884838652781684
744288,0.5407937010978819
744289,0.9021591672018974
744290,0.9978955629496561
744291,0.811965367509935
744292,0.9971869904634116
744293,0.9992836245863833
744294,0.9959872142844113
744295,0.15182209780782452
744296,0.9996384125660174
744297,0.9981368984444411
744298,0.8727162321087479
744299,0.9999709156568977
744300,0.09957049821846999
744301,0.9740214271634764
744302,0.04767400028098598
744303,0.9999752230680503
744304,0.9996970662916755
744305,0.2800350831683889
744306,0.0752269918911562
744307,0.7977600483878812
744308,0.9999454811147999
744309,0.3217382689922557
744310,0.9988944831849118
744311,0.9992910992887414
744312,0.9998832428038615
744313,0.9995416969115976
744314,0.9999057077655222
744315,0.9813930640123273
744316,0.6442898895153764
744317,0.9979774336806211
744318,0.9973784952167359
744319,0.1919815469015502
744320,0.8825213821689808
744321,0.8982661086895434
744322,0.9999540179647678
744323,0.9509632226277922
744324,0.9995980675454383
744325,0.7434502455032899
744326,0.765864523421053
744327,0.9819915553555029
744328,0.8066694227413511
744329,0.8045007241289492
744330,0.7930651033896683
744331,0.02063837295622372
744332,0.9997694970509035
744333,0.1426163493124897
744334,0.08778566373968644
744335,0.7153643656386427
744336,0.9987397661372758
744337,0.9998187817722275
744338,0.9715969597943976
744339,0.23764054596087794
744340,0.371876628173324
744341,0.7513082933017955
744342,0.9964478582368996
744343,0.997338639157191
744344,0.9999120712117784
744345,0.9979842959961827
744346,0.9993881588594304
744347,0.99840017056011
744348,0.8969335435479395
744349,0.3640237664539001
744350,0.26477146625579384
744351,0.20823195657336763
744352,0.9998938985019954
744353,0.9999728449627656
744354,0.9999872001650076
744355,0.7818446815056617
744356,0.12704529746819013
744357,0.9999380126508508
744358,0.9987289364708094
744359,0.999854518536665
744360,0.9996623809273785
744361,0.01364275093755555
744362,0.18828858083937408
744363,0.16359383169345787
744364,0.9999248217803033
744365,0.026170428150376082
744366,0.45388235675742394
744367,0.3886005363136046
744368,0.991568004943342
744369,0.9997243577962363
744370,0.014234706711787781
744371,0.7990688332005492
744372,0.9996530980949969
744373,0.6664120673130822
744374,0.9994234759975327
744375,0.998582742754978
744376,0.037537290076050174
744377,0.5884503423019176
744378,0.8204494330319885
744379,0.9982974599459429
744380,0.9525604801431102
744381,0.8562528161962382
744382,0.07109385236269068
744383,0.9997826724035028
744384,0.033072224639845924
744385,0.22304661111126556
744386,0.0557824463669777
744387,0.9217826771215175
744388,0.3551706845400505
744389,0.06363135293169356
744390,0.9998244551046378
744391,0.02257237249816619
744392,0.04965169368456733
744393,0.020072537808156217
744394,0.9986937072388193
744395,0.7653099149946841
744396,0.9829188693647911
744397,0.966944821713408
744398,0.9997179355153087
744399,0.7028024415141452
744400,0.9667730289756453
744401,0.5276358515503514
744402,0.9528765362224001
744403,0.9923290675677859
744404,0.9724508303663331
744405,0.0029723898286018297
744406,0.0654397919305945
744407,0.06609827151092547
744408,0.9990575827435282
744409,0.635960115016772
744410,0.005503589050641423
744411,0.9987130206036446
744412,0.9992612305121559
744413,0.9996695985659313
744414,0.9896312535431027
744415,0.6776497093878425
744416,0.026119060424224474
744417,0.9971134608181644
744418,0.9973897913710011
744419,0.05902395112294171
744420,0.9067757672076204
744421,0.999892668401437
744422,0.49705579386661997
744423,0.8073769572208789
744424,0.3146596249596558
744425,0.7186707877675371
744426,0.9996074073224572
744427,0.2448536254858124
744428,0.9996654809507688
744429,0.9998590990996218
744430,0.3950412341112894
744431,0.9997646525253145
744432,0.9242157684499861
744433,0.9985646620815848
744434,0.9942619635910177
744435,0.5753014841979419
744436,0.9998746675157465
744437,0.42257541444343794
744438,0.9362827963445843
744439,0.9885842395665616
744440,0.8812347098749984
744441,0.9562777320102629
744442,0.09030945329414201
744443,0.11464754679920493
744444,0.6591184340913548
744445,0.1381990035555524
744446,0.993834546785908
744447,0.3284510247686372
744448,0.9956260668691402
744449,0.5610586001070638
744450,0.9994759308513029
744451,0.12263969556277815
744452,0.417488503254565
744453,0.37043108168518163
744454,0.7190728764801323
744455,0.42257444720038445
744456,0.2512936751073939
744457,0.992312235241312
744458,0.9999166317451038
744459,0.8875932429605587
744460,0.20617708312042987
744461,0.9994874228466604
744462,0.999403244979284
744463,0.9999335322740805
744464,0.058193803956615914
744465,0.6406451562067824
744466,0.8537449449825809
744467,0.13543440691621556
744468,0.8093355497183292
744469,0.7338157488186463
744470,0.9996504201875567
744471,0.999529737566891
744472,0.9992914812501659
744473,0.9992145580849197
744474,0.9986896069035931
744475,0.9950790967482742
744476,0.9634987561289489
744477,0.8869824521955416
744478,0.9625214160908984
744479,0.9997332098931871
744480,0.9853304493291608
744481,0.9490717088956155
744482,0.9978858668728985
744483,0.7090183120929725
744484,0.0036566770213491196
744485,0.999313623408652
744486,0.8922713912492368
744487,0.20774352503465315
744488,0.07407335419314455
744489,0.682418115580316
744490,0.9236349790634419
744491,0.9952937037090004
744492,0.9996533122739731
744493,0.9775297640915881
744494,0.22638933269627615
744495,0.9378716033481383
744496,0.999868884709201
744497,0.8673209131267591
744498,0.007225255659978393
744499,0.9984811915877165
744500,0.9996266033604746
744501,0.5382340311579349
744502,0.173348609773203
744503,0.9961679075570118
744504,0.48559618990181047
744505,0.9662559578636454
744506,0.9978831158293432
744507,0.9996117451738495
744508,0.7112853271755433
744509,0.13073750837421905
744510,0.9999319707480931
744511,0.999467856649823
744512,0.9999741167939811
744513,0.7521780602586727
744514,0.9804624042538257
744515,0.3604218233124251
744516,0.928377626385388
744517,0.9124707035932731
744518,0.012142586537646168
744519,0.9993295025667084
744520,0.9302304238326812
744521,0.7124523336798245
744522,0.9983397041364688
744523,0.9983988178389378
744524,0.9974956929246832
744525,0.3016249732574776
744526,0.4465482513409882
744527,0.5939878437190574
744528,0.17987200022699623
744529,0.9997635093175572
744530,0.23053731719119658
744531,0.9999440636583177
744532,0.29894008348850265
744533,0.10915316652506228
744534,0.9981242744624138
744535,0.9854793094183005
744536,0.15035818865667286
744537,0.9995086524254894
744538,0.02615943769458425
744539,0.35344198093064144
744540,0.9903059154705973
744541,0.532961237062148
744542,0.5672003661504694
744543,0.9978784540426524
744544,0.9918931165474743
744545,0.9704602342855361
744546,0.9777790959285101
744547,0.9775521191494168
744548,0.9997763495060784
744549,0.9390560418811207
744550,0.749739686597618
744551,0.9904420242005756
744552,0.9575597749738575
744553,0.7633519533580966
744554,0.9973506671203243
744555,0.07484949940756985
744556,0.9854682054011625
744557,0.06526860953404379
744558,0.9893644639226699
744559,0.9950800720900073
744560,0.9994222179810841
744561,0.9998375718777196
744562,0.07558888845135601
744563,0.9996919420734306
744564,0.9998722155873951
744565,0.2564065795048354
744566,0.9999178589869794
744567,0.9993851290668758
744568,0.09381551022431757
744569,0.3408981739283825
744570,0.9999851972025023
744571,0.7822119960950806
744572,0.680252823810546
744573,0.058648081349541
744574,0.01548094662293942
744575,0.20359568185110316
744576,0.9993560843151514
744577,0.9985498289784126
744578,0.9714625065452416
744579,0.9995908553715197
744580,0.09649195395799205
744581,0.3349057550320831
744582,0.9940013360050355
744583,0.9998341178181229
744584,0.30865973907399064
744585,0.5465781630490731
744586,0.9993691691436164
744587,0.7953798858876509
744588,0.9949659598235854
744589,0.6090843052923947
744590,0.8745482182761259
744591,0.9952765215982421
744592,0.24066407847606683
744593,0.9999715879640907
744594,0.003966619974102437
744595,0.9992514553788772
744596,0.35856859033020494
744597,0.6484360886552261
744598,0.2349278186516232
744599,0.7338408272697349
744600,0.7862940161573173
744601,0.7490712041740019
744602,0.1420522929890715
744603,0.9997305226895993
744604,0.9970165981836718
744605,0.9763004614284203
744606,0.9973621456349364
744607,0.39504773165280627
744608,0.5210899739457526
744609,0.9995924421939336
744610,0.8280712109815327
744611,0.9756025674925684
744612,0.8599960667757929
744613,0.8238699994810722
744614,0.9929128295970986
744615,0.9995391863667922
744616,0.9740510797433881
744617,0.29727865616725213
744618,0.11802159948830397
744619,0.9916442702067403
744620,0.9970485003351344
744621,0.9700183474543208
744622,0.9981748066435125
744623,0.8789725191795573
744624,0.9077239389915199
744625,0.11977636310204218
744626,0.6884824621228713
744627,0.042267969277336156
744628,0.8290493387926485
744629,0.7727330630531707
744630,0.9999510934376084
744631,0.6228794349006433
744632,0.9985811392713251
744633,0.6788129403356251
744634,0.9975100817086295
744635,0.023390043534989132
744636,0.9995138794660622
744637,0.7125816783964847
744638,0.9988473234429182
744639,0.07293067666802674
744640,0.052606133344340965
744641,0.6171762492560133
744642,0.9989046118028685
744643,0.929766038645689
744644,0.017353821422780857
744645,0.9998836689652661
744646,0.05810340975407907
744647,0.996054189222752
744648,0.2506870221772313
744649,0.16720445381403934
744650,0.9671184582588077
744651,0.9659011243503743
744652,0.9056778789009634
744653,0.5893054949875024
744654,0.9999383780846822
744655,0.677485815944464
744656,0.9997601318896242
744657,0.1438184892525145
744658,0.547157662313099
744659,0.32632447804371945
744660,0.023106461984313355
744661,0.9925815450136177
744662,0.7432041273919288
744663,0.8572094903504426
744664,0.9719697640104947
744665,0.9968058046310773
744666,0.9998515709051957
744667,0.9999741304780357
744668,0.8042072493510812
744669,0.8569995167653552
744670,0.999752144357536
744671,0.7746942207206369
744672,0.9997761624471964
744673,0.9996353582335145
744674,0.9998846552205387
744675,0.9965567616885767
744676,0.9994298986656845
744677,0.4577106187455642
744678,0.9666569624542338
744679,0.8239131389846437
744680,0.9917261672519488
744681,0.9999651542114567
744682,0.606360058091484
744683,0.4869257221650512
744684,0.22203634970860675
744685,0.9226387236985281
744686,0.9985684792203204
744687,0.9984070671715217
744688,0.6064473725050737
744689,0.3216735991099626
744690,0.9995365006105279
744691,0.7276554726263644
744692,0.9969974407895832
744693,0.7570685300564379
744694,0.995683343119982
744695,0.05114648053154619
744696,0.9995164909843517
744697,0.20490119245310076
744698,0.9857170155886344
744699,0.976838064339936
744700,0.10900338478190139
744701,0.9643787139789561
744702,0.9998978568038446
744703,0.9925793118259092
744704,0.8684430603810727
744705,0.9933440922343952
744706,0.9980560158341574
744707,0.9996961214781298
744708,0.03305465840056275
744709,0.9970562367701996
744710,0.1528990311673405
744711,0.9235394331979244
744712,0.026263236872026006
744713,0.9997698429165444
744714,0.7783469461001742
744715,0.7486647203665986
744716,0.246850135333891
744717,0.9999610824800214
744718,0.9686007917643746
744719,0.9999150407752535
744720,0.21345053210691922
744721,0.9995814106891142
744722,0.026031853307645163
744723,0.4953321250892991
744724,0.011147057202568358
744725,0.00929316997795086
744726,0.6283682298611928
744727,0.7097165708147842
744728,0.9998528895812882
744729,0.9999369599883915
744730,0.9595975330052124
744731,0.9364519808180549
744732,0.021453490058162786
744733,0.04185213679028554
744734,0.4584157736669077
744735,0.999550932440381
744736,0.9947195719228177
744737,0.9994901789472189
744738,0.7746801492889402
744739,0.9984250801201223
744740,0.9992441219387591
744741,0.3086281875458633
744742,0.9950763159715136
744743,0.2234131980515463
744744,0.9998115818370943
744745,0.7250237179698552
744746,0.9992809796098203
744747,0.3119065023757736
744748,0.03136395943010626
744749,0.9747635004685841
744750,0.8307019494995238
744751,0.999535458882162
744752,0.9999816129558279
744753,0.7064734237549064
744754,0.9809573170610364
744755,0.13880194429813908
744756,0.9288992747884104
744757,0.9964243461813442
744758,0.9997893255224253
744759,0.41324319072483673
744760,0.9983686304291053
744761,0.9995561433503355
744762,0.9996015405012435
744763,0.15370269523306107
744764,0.999974115603352
744765,0.9323617897352434
744766,0.9959881862790594
744767,0.9994679137834086
744768,0.999878722943797
744769,0.924719776986704
744770,0.9916230832871731
744771,0.020179469725167702
744772,0.9752665580939412
744773,0.031773142052588355
744774,0.4296436853058443
744775,0.999863650705892
744776,0.022609679631787775
744777,0.9999163387474594
744778,0.9932944620789376
744779,0.27891745590444167
744780,0.0013714427265668233
744781,0.3218014060195688
744782,0.9999254288637145
744783,0.6262878108279711
744784,0.005999643659581653
744785,0.541260842212244
744786,0.9916051742440872
744787,0.8702216929194068
744788,0.9285175636988636
744789,0.18199602543833915
744790,0.9993417857859932
744791,0.9917457765259532
744792,0.23040355790706465
744793,0.6613792552170893
744794,0.2391370673817464
744795,0.9998152842733066
744796,0.8066663666943328
744797,0.9967174687414906
744798,0.9975265573822065
744799,0.007150691812201841
744800,0.9953929050188982
744801,0.9931692373897436
744802,0.7910389948745278
744803,0.999387738258013
744804,0.9525872885570955
744805,0.9990244504834371
744806,0.5899108152030169
744807,0.7185886961661423
744808,0.9991611818368463
744809,0.9706637815735698
744810,0.5701594740427275
744811,0.9905286814583028
744812,0.9881930666361471
744813,0.7818001039549214
744814,0.9914225077418612
744815,0.9997183316108202
744816,0.9890435964041566
744817,0.9922648342169621
744818,0.8871058367324938
744819,0.9999465034887588
744820,0.36329596049495205
744821,0.9328192209436024
744822,0.29808390448229843
744823,0.9999372578047856
744824,0.06688220616597051
744825,0.09101594611714095
744826,0.563887317549743
744827,0.9979077701111557
744828,0.19317340609408215
744829,0.07952321427130495
744830,0.44990158873038866
744831,0.5200962386446132
744832,0.28787217228326284
744833,0.9975961170508183
744834,0.9994824719584263
744835,0.7082631834730434
744836,0.856675821569003
744837,0.879970546199923
744838,0.07503908700289066
744839,0.535198056117191
744840,0.13723395598686722
744841,0.25429373683341344
744842,0.577169277531485
744843,0.9999015848408263
744844,0.999895257966628
744845,0.018198269338113623
744846,0.8529412106055811
744847,0.8852125860582737
744848,0.13431675981267652
744849,0.9973778824397184
744850,0.32005126146963914
744851,0.8899538058290843
744852,0.7696385337321058
744853,0.4301890802128231
744854,0.9182972701652357
744855,0.9848013867039755
744856,0.9609519259552761
744857,0.39888749458038786
744858,0.029562971280175376
744859,0.9983193116369694
744860,0.734360977956416
744861,0.8648557055112482
744862,0.9340725263729095
744863,0.9988721840629698
744864,0.9992598776305208
744865,0.9996930810386988
744866,0.5914761838797378
744867,0.3693397426470309
744868,0.03565275220935746
744869,0.7780796306917344
744870,0.6767589027878028
744871,0.9566670042030536
744872,0.986567341934419
744873,0.420001612075812
744874,0.883583418132251
744875,0.6580572380225949
744876,0.9621596195303781
744877,0.997293184447686
744878,0.9997948654652463
744879,0.7821005235053499
744880,0.016512943992922472
744881,0.7305146183293151
744882,0.19075577878014044
744883,0.9996998349591217
744884,0.9998717737218205
744885,0.9954266452112824
744886,0.9998053739846924
744887,0.03647049862346113
744888,0.9916107278064656
744889,0.7246382783083629
744890,0.04882547427431412
744891,0.030561366019468888
744892,0.9998568112679345
744893,0.2336099854876485
744894,0.24528265970524393
744895,0.788379692090608
744896,0.05484840568069398
744897,0.5038518187994575
744898,0.9986654760298723
744899,0.8873995954507985
744900,0.9995143742051394
744901,0.9764172542388008
744902,0.9992874971224315
744903,0.9999573694156613
744904,0.5185458469448178
744905,0.9989946445637321
744906,0.8705274657704243
744907,0.9985126187471773
744908,0.920650693568855
744909,0.0187023714845841
744910,0.5901522181672741
744911,0.9835869001762202
744912,0.9999878001739245
744913,0.8802015666754495
744914,0.4362056414140506
744915,0.5817687080955147
744916,0.01058153182476238
744917,0.9934248522972682
744918,0.9993842705132986
744919,0.927432558195456
744920,0.9777763313089396
744921,0.47252956663056384
744922,0.5171221760315937
744923,0.9955696635445636
744924,0.8215447377756709
744925,0.01047305145832235
744926,0.9881364075577252
744927,0.9140704129527897
744928,0.9682714676175515
744929,0.9926872987305306
744930,0.9997113042824477
744931,0.9984529875186743
744932,0.4809973660980137
744933,0.9884938060052342
744934,0.9963233712460439
744935,0.994604805544634
744936,0.9997990286923488
744937,0.840539646174844
744938,0.5792205036091271
744939,0.17860246762367712
744940,0.9998386749487479
744941,0.5264196480605542
744942,0.9999592025091159
744943,0.02688815388794149
744944,0.9654847077604919
744945,0.9992802565269121
744946,0.9998880101887785
744947,0.9941461365955107
744948,0.9632745424834501
744949,0.7849337298420611
744950,0.9998674319140266
744951,0.950242966786061
744952,0.984533993375829
744953,0.2816234816784154
744954,0.2877098364380391
744955,0.999962274533868
744956,0.9813475281751113
744957,0.6595360355186397
744958,0.9681479299122372
744959,0.3792788451992125
744960,0.9998972506983842
744961,0.9899122166047738
744962,0.8348364520448023
744963,0.8970756331684202
744964,0.6934434504637892
744965,0.912077151503661
744966,0.9980884077123681
744967,0.8159112949279698
744968,0.9092315042847936
744969,0.044891696140967045
744970,0.9999494219508276
744971,0.9478741087363466
744972,0.22188728722626538
744973,0.9849665920327008
744974,0.9992288151567529
744975,0.997400755502128
744976,0.998517002337039
744977,0.999354680395059
744978,0.40764475269239164
744979,0.9864658167436104
744980,0.665694914237086
744981,0.8409990265705607
744982,0.8574773820781934
744983,0.9331560853724095
744984,0.9448397969073223
744985,0.7251092439497785
744986,0.9913450080165367
744987,0.6354913271638843
744988,0.9998991570556576
744989,0.7404593417796648
744990,0.9997557547753886
744991,0.03453493209503938
744992,0.9726130346931685
744993,0.2596874073085723
744994,0.23868004002764914
744995,0.028001854119262787
744996,0.024131349424069762
744997,0.9999818647928091
744998,0.9967095273635631
744999,0.046772744890220035
745000,0.0756130658882829
745001,0.9946023760083378
745002,0.9991471589823695
745003,0.9984826466116502
745004,0.9840425063062783
745005,0.958463138861416
745006,0.959355453353581
745007,0.1453425528434712
745008,0.0640431183460257
745009,0.999851948864749
745010,0.9998240899737719
745011,0.999874646379442
745012,0.999880611533331
745013,0.05967221772742851
745014,0.998061383134507
745015,0.9998723467277542
745016,0.9998923972592957
745017,0.3914977548971857
745018,0.9998716892093484
745019,0.9340088874713844
745020,0.8829350607790092
745021,0.9960529640551423
745022,0.9998524538190575
745023,0.921836088306418
745024,0.0034741320658215153
745025,0.16655670915579002
745026,0.9867271139774907
745027,0.21345427589263832
745028,0.9999950451921795
745029,0.9981724647059538
745030,0.49778516803859485
745031,0.994384062639125
745032,0.027688154168011597
745033,0.9913657328131267
745034,0.8892547649267728
745035,0.9871663325255451
745036,0.9976220173738298
745037,0.01855036009462083
745038,0.7170016681864049
745039,0.9699272936301753
745040,0.9969671459008784
745041,0.7547650844289997
745042,0.885679845843428
745043,0.9999643380441958
745044,0.9997491873746047
745045,0.43180329638096115
745046,0.9996601061829421
745047,0.8801227706297253
745048,0.9939570873435462
745049,0.9961541884991066
745050,0.9992712310311658
745051,0.2858798426403909
745052,0.004480484211405496
745053,0.18171947090766832
745054,0.7035765436750043
745055,0.8378621310506662
745056,0.13073132761823986
745057,0.9294127025113108
745058,0.9599945875545335
745059,0.12052408051836924
745060,0.5365124154656613
745061,0.06454326381990105
745062,0.9995578266747287
745063,0.9995736984205208
745064,0.9646582002788457
745065,0.4008900594814172
745066,0.999925248456223
745067,0.9362559539655317
745068,0.9998462677130917
745069,0.5644146909927935
745070,0.9999627054546223
745071,0.9936897053681997
745072,0.41203163028148126
745073,0.5178830615066222
745074,0.6029363243463678
745075,0.9981593695728486
745076,0.7196868700406591
745077,0.9961275619515109
745078,0.09903611213975413
745079,0.6899030408476239
745080,0.999937569885992
745081,0.6700057696830609
745082,0.7655792771127109
745083,0.9955523354704312
745084,0.9999328619183152
745085,0.9996716859909087
745086,0.9998988923057734
745087,0.999029416780078
745088,0.9631757275884881
745089,0.0027023963341748906
745090,0.8929584556811725
745091,0.9239869650147333
745092,0.029650223238437537
745093,0.9992178100037677
745094,0.9948452851232744
745095,0.058995069384063056
745096,0.9963791284572543
745097,0.9030460922067067
745098,0.18799698776174212
745099,0.9981849418499533
745100,0.9963429619284991
745101,0.3958243071491523
745102,0.9766427357431993
745103,0.9998372823066379
745104,0.04129916086313963
745105,0.013486398005526238
745106,0.25628141830753076
745107,0.0221425221520547
745108,0.9906546343870456
745109,0.1453226177160302
745110,0.04245320691800292
745111,0.3238902732196851
745112,0.08372926368173121
745113,0.9996344147335492
745114,0.9995923944703635
745115,0.3656880046389166
745116,0.9998544679579195
745117,0.17060454607153203
745118,0.9989765451564844
745119,0.9999553747100407
745120,0.9908941476298234
745121,0.8330230530483624
745122,0.0066652682504252155
745123,0.9995908390495981
745124,0.9998440038411183
745125,0.8016899309702799
745126,0.9996623806567736
745127,0.9567300107331715
745128,0.9732612266122274
745129,0.9830291849070484
745130,0.9541852749160054
745131,0.31280691614905537
745132,0.9325802189945427
745133,0.9999662274170233
745134,0.8405668938206892
745135,0.9899221821638233
745136,0.8029937428908531
745137,0.8612924402045996
745138,0.009780701969762311
745139,0.9921001865488568
745140,0.962218279287773
745141,0.9999735017502014
745142,0.9997169550987954
745143,0.9988232436421958
745144,0.9988212628668107
745145,0.245694011557902
745146,0.907431724059142
745147,0.9399832806629523
745148,0.0341813155089056
745149,0.9999218498536011
745150,0.6084678311677898
745151,0.9310657223762043
745152,0.7661645004978319
745153,0.9987762163822985
745154,0.03677912292842231
745155,0.8383304585659501
745156,0.9991373549605216
745157,0.9996677720353667
745158,0.9814134044995604
745159,0.9994764714287901
745160,0.4066618849510186
745161,0.9995598411676214
745162,0.8599894506467216
745163,0.018113438428474495
745164,0.9943816895624231
745165,0.9435853246690861
745166,0.9993443428740691
745167,0.9998922951051095
745168,0.009756870774759728
745169,0.2986942047469744
745170,0.7926816930250606
745171,0.9869344749204931
745172,0.9959005384524139
745173,0.9871749834421577
745174,0.9987465316323261
745175,0.9999790516080622
745176,0.9984972206958971
745177,0.9998201120189832
745178,0.9956457355227957
745179,0.010803811652113781
745180,0.7853067452754834
745181,0.9715238541720792
745182,0.9952645466232086
745183,0.9588861505743147
745184,0.999785928239108
745185,0.6251326849480056
745186,0.7676395004631811
745187,0.2868173582464236
745188,0.7471184638579949
745189,0.3031153660736053
745190,0.4374256211994795
745191,0.4184502926853141
745192,0.26090158994217133
745193,0.94031151758034
745194,0.4950511297045658
745195,0.9858041800379258
745196,0.8162179166696046
745197,0.9077152142712969
745198,0.10955996781526131
745199,0.8521473093697323
745200,0.11569090058193637
745201,0.1439780516712351
745202,0.01119194982025348
745203,0.031059548659119245
745204,0.6540839021418512
745205,0.4653946729871053
745206,0.9997046978645364
745207,0.10161309347871698
745208,0.9307566914470286
745209,0.08878983281206931
745210,0.9082802768304161
745211,0.06853657497714742
745212,0.43246846538236855
745213,0.02260783150054692
745214,0.4663877705813234
745215,0.17939030321953342
745216,0.9994134179174758
745217,0.9998751111738784
745218,0.9991953941301348
745219,0.8117603571960476
745220,0.005793710810914044
745221,0.37145644328018923
745222,0.7656808138668005
745223,0.37496971402420387
745224,0.9461613997493762
745225,0.9269693718995655
745226,0.41272446761787185
745227,0.23789819242335014
745228,0.30784772419588663
745229,0.6096882832040883
745230,0.9947729222661504
745231,0.999828453958988
745232,0.4129570259653923
745233,0.42882109978486493
745234,0.9996765989777451
745235,0.9981894948466913
745236,0.045132053961701536
745237,0.9973726141975031
745238,0.9991677318110415
745239,0.2557166770952499
745240,0.6515693623412789
745241,0.3059589083936013
745242,0.9999387968752855
745243,0.9998366302773034
745244,0.4350204312965018
745245,0.9482076280312408
745246,0.7993471252440554
745247,0.9574929154664029
745248,0.3519887712507242
745249,0.809865793737039
745250,0.5614504893575375
745251,0.9953674091382718
745252,0.9793509485488301
745253,0.3734406239584858
745254,0.999825201985644
745255,0.9997761333235187
745256,0.9971011338120184
745257,0.9997886194608524
745258,0.9025445795268725
745259,0.2599391654599035
745260,0.06640318374256172
745261,0.8330106977366721
745262,0.5190611857274149
745263,0.9897360419906629
745264,0.8597529337745362
745265,0.4720931996608544
745266,0.9989593316197076
745267,0.980202084109727
745268,0.13270242554242326
745269,0.48652462369118515
745270,0.902586622432225
745271,0.05508439493020322
745272,0.922730321528622
745273,0.9999603563795604
745274,0.9998315992225917
745275,0.9999724925844172
745276,0.9792668406954872
745277,0.9999605673250789
745278,0.9507868759729698
745279,0.5746286955972225
745280,0.0004954196161501781
745281,0.9995765041938143
745282,0.12127338124693626
745283,0.8843295390126396
745284,0.9247491192060571
745285,0.9994773374980732
745286,0.0626203439183248
745287,0.9892795675402126
745288,0.8464707548738868
745289,0.03369109547482897
745290,0.8046400546930856
745291,0.9936246772396949
745292,0.6353153925327025
745293,0.9999004438556748
745294,0.9999849798964207
745295,0.7025625661615027
745296,0.9957174275834973
745297,0.9996895448294969
745298,0.9938129574074896
745299,0.9852104062382676
745300,0.9998061033205541
745301,0.008368990058580862
745302,0.09013145828336033
745303,0.37143737419772116
745304,0.9765451698509169
745305,0.9881381543901769
745306,0.8381249612338082
745307,0.7516295249154017
745308,0.03445272177269522
745309,0.8836985159929196
745310,0.9985208456729888
745311,0.997271463607516
745312,0.1424171063513186
745313,0.9912973905787832
745314,0.002210172347796235
745315,0.9993124160436858
745316,0.018773790304033887
745317,0.9999557762025512
745318,0.9367781307888181
745319,0.5582749412123686
745320,0.9963783397635979
745321,0.9998667200106794
745322,0.5366775284353456
745323,0.7362174906995078
745324,0.21700531950807578
745325,0.07684672941609695
745326,0.8936379117306821
745327,0.9977717301774283
745328,0.9998609891012384
745329,0.9723781443454002
745330,0.01178971117580507
745331,0.05386715770653023
745332,0.06936951784470266
745333,0.9612521621104816
745334,0.9994712946738951
745335,0.9998761206988754
745336,0.03212898113018159
745337,0.5872877796650455
745338,0.2287444117195246
745339,0.99999173437488
745340,0.9048160293904002
745341,0.7528995416366402
745342,0.9902002246148489
745343,0.9987784875238495
745344,0.1160918308237046
745345,0.9979380500452689
745346,0.19453556109962314
745347,0.9957682509916458
745348,0.9998787244721736
745349,0.9914605730591878
745350,0.9982453549671488
745351,0.9998456517835735
745352,0.9962843200371057
745353,0.9718997611137141
745354,0.45494196151649585
745355,0.988115449928352
745356,0.9996829410386961
745357,0.053895151311093056
745358,0.9865536029807828
745359,0.9844575137858811
745360,0.3020557809542825
745361,0.6303054883000356
745362,0.9101912825720313
745363,0.976309629972422
745364,0.8775096516403791
745365,0.9659428782400818
745366,0.052000873747633805
745367,0.7155563090960477
745368,0.9991949704112243
745369,0.9998013903597901
745370,0.06945886461070966
745371,0.9984058894075043
745372,0.13206756045282778
745373,0.9852427505096262
745374,0.9998523326265598
745375,0.8407225138219016
745376,0.39191914130467076
745377,0.32507138688331566
745378,0.14390337756269966
745379,0.6700664135738494
745380,0.04590123367874465
745381,0.9994226648171118
745382,0.30498939149842436
745383,0.675952887338573
745384,0.6621426242414832
745385,0.9582403868195359
745386,0.9999079828885419
745387,0.9815487348187815
745388,0.9994548551819158
745389,0.9963051781348089
745390,0.9999503505350653
745391,0.06293710836103704
745392,0.6430485892497094
745393,0.17954343015047136
745394,0.9992392867736757
745395,0.14470720734427425
745396,0.1903973086932731
745397,0.8564782100198804
745398,0.05802928022094593
745399,0.2888238703776245
745400,0.9020077977296386
745401,0.34992309587128057
745402,0.9898663288967946
745403,0.9999244338290469
745404,0.5966250434328235
745405,0.28697671462942326
745406,0.9779666551742419
745407,0.6680239452922251
745408,0.994461505071425
745409,0.9882654135091201
745410,0.9995946521942273
745411,0.9960656829033459
745412,0.9997674885189678
745413,0.2240557321472777
745414,0.9360321045067064
745415,0.6065137419270861
745416,0.147992537723806
745417,0.9938935720862875
745418,0.9747105556767939
745419,0.8658449286804376
745420,0.9573021730581034
745421,0.3749130598563027
745422,0.1946480119319111
745423,0.9467018233326282
745424,0.9951686241954755
745425,0.47244412993188656
745426,0.12519905695724265
745427,0.7423967478852957
745428,0.8652153364334139
745429,0.9943133977435703
745430,0.9991779300711934
745431,0.7829122656837249
745432,0.06506798663978741
745433,0.35463894480351454
745434,0.9996687050574806
745435,0.016238570391091646
745436,0.017623867634278933
745437,0.2708930049213345
745438,0.027697818669506387
745439,0.6178282867951589
745440,0.1824077476205388
745441,0.999990414618313
745442,0.5570575011259984
745443,0.9993546165413116
745444,0.9931869076171715
745445,0.9999243846712814
745446,0.22785653689133056
745447,0.9792447927833495
745448,0.9999853536040435
745449,0.997455039995842
745450,0.9997208165498044
745451,0.9997968452827617
745452,0.8422549454689806
745453,0.9999692478590059
745454,0.9998686433646241
745455,0.9995967430783461
745456,0.991620825313885
745457,0.9995096727371156
745458,0.8857832612781308
745459,0.9982770701897565
745460,0.03716849936384044
745461,0.9986454833240981
745462,0.9975566462806443
745463,0.9788960475594166
745464,0.9999563707201852
745465,0.9998704928443136
745466,0.9999731594221597
745467,0.9997561903552203
745468,0.21039936617423197
745469,0.9998734598401784
745470,0.13069581167540545
745471,0.31049386795222655
745472,0.3521286266649357
745473,0.40070207311120276
745474,0.9998975908293724
745475,0.9980215137446141
745476,0.86417178335626
745477,0.1000314230411313
745478,0.43490789498659577
745479,0.9924542659973786
745480,0.9998805281802782
745481,0.071604280669797
745482,0.9801041399541796
745483,0.9993791682891731
745484,0.4064007334035187
745485,0.21497773109418844
745486,0.9994185204060406
745487,0.7254750655906921
745488,0.9987783193739892
745489,0.9414755864417825
745490,0.9980245131215185
745491,0.8405225355015018
745492,0.5148471942074835
745493,0.3735563615275029
745494,0.9968564961727179
745495,0.9999026978160028
745496,0.10738591582972956
745497,0.9936831594603671
745498,0.2284264736751785
745499,0.9996008966306631
745500,0.03784382609898215
745501,0.9916693502473832
745502,0.6264617030625924
745503,0.9997085736310716
745504,0.9050420899337874
745505,0.9883000057903288
745506,0.9997989956991259
745507,0.6970994376148176
745508,0.36246858168454993
745509,0.6639571579011994
745510,0.36149257984091304
745511,0.8702949174908787
745512,0.9996466596549092
745513,0.3478889037925833
745514,0.9932891836027414
745515,0.7840311937213983
745516,0.9989119704760021
745517,0.37446256355321517
745518,0.4608527267024932
745519,0.9997457468475596
745520,0.8784983616226816
745521,0.04577881695524203
745522,0.2894205187048347
745523,0.9998214616686183
745524,0.9988139648995114
745525,0.5223876881636681
745526,0.988797055527869
745527,0.9993162248723961
745528,0.15712630228392035
745529,0.33682018843084593
745530,0.9996577440924513
745531,0.9961457920177657
745532,0.9940325738432501
745533,0.10201484830427066
745534,0.9994713712050377
745535,0.003498753677830881
745536,0.9999090483306099
745537,0.9999885676513668
745538,0.04383617502733625
745539,0.9999396271345911
745540,0.9998967389495026
745541,0.4868435936465968
745542,0.18240059133058306
745543,0.9366412038991487
745544,0.9009416085196866
745545,0.381688904511618
745546,0.6787760677988814
745547,0.961741502224265
745548,0.9999680383394185
745549,0.320159693604179
745550,0.99995009405185
745551,0.987473428760245
745552,0.014270554786730042
745553,0.13984779710762196
745554,0.813074731462696
745555,0.9980774122666598
745556,0.7193957168694943
745557,0.9312975872711606
745558,0.9992806419149882
745559,0.9601017241311456
745560,0.13324227834080787
745561,0.8769311903453504
745562,0.9190388338468218
745563,0.558517345174055
745564,0.9999275181966345
745565,0.014431450039386572
745566,0.8617106374310847
745567,0.9541924991376434
745568,0.9759750521195976
745569,0.3419219727132517
745570,0.9317442913406797
745571,0.988809919824686
745572,0.4882512610692956
745573,0.4361694449091082
745574,0.9999595738240242
745575,0.9998365831998605
745576,0.9998164262863636
745577,0.9998993528215018
745578,0.9890331833895301
745579,0.14729663209469657
745580,0.9583062822129124
745581,0.14214078287122797
745582,0.6708788945426011
745583,0.9999717036282632
745584,0.09678418078310916
745585,0.8336970001720789
745586,0.9943866793782739
745587,0.9993990990942838
745588,0.9999227475005779
745589,0.035941479711382535
745590,0.05190861754465528
745591,0.5586998599586228
745592,0.13060205443361905
745593,0.691470281251984
745594,0.6759649722034604
745595,0.8704831328133543
745596,0.7858188652484169
745597,0.7356738717266345
745598,0.9982894139491989
745599,0.592888244501012
745600,0.65873834601611
745601,0.9996706752931265
745602,0.999768907978261
745603,0.9737120481502829
745604,0.9674647951715749
745605,0.27252718379613416
745606,0.7325259856104467
745607,0.9998758121519944
745608,0.9923187648632741
745609,0.4501005171583843
745610,0.3095462776976205
745611,0.9994940775353469
745612,0.9987017090694936
745613,0.9960199735250862
745614,0.07653367113450718
745615,0.9998068886212026
745616,0.755076772946188
745617,0.47456876866312375
745618,0.9951405292866142
745619,0.9981955462273138
745620,0.9997900542251864
745621,0.8306647006191252
745622,0.994691490995184
745623,0.976290120440265
745624,0.9943766956686384
745625,0.5577147102684354
745626,0.9969752523041011
745627,0.3236267025209076
745628,0.19126875232448515
745629,0.9997070672186081
745630,0.9997319129459673
745631,0.3248387033537463
745632,0.9456153524973411
745633,0.9945949085690662
745634,0.9999617402298913
745635,0.9916818593374392
745636,0.9974210122641174
745637,0.7289339330190849
745638,0.9997304470390267
745639,0.995217503700496
745640,0.9999111326972757
745641,0.04572797874606817
745642,0.4845792634842662
745643,0.9838344671297792
745644,0.9961940156798114
745645,0.2426570553535624
745646,0.9985331926412115
745647,0.9996787162998283
745648,0.2660940275963366
745649,0.05291381619052167
745650,0.9990694818610433
745651,0.2830135822790383
745652,0.8904587769636485
745653,0.999919629775452
745654,0.0685576486112788
745655,0.999753342316021
745656,0.9998702672896438
745657,0.22118584481692574
745658,0.005779847273016195
745659,0.9887300894438931
745660,0.8192742159604884
745661,0.745165162711314
745662,0.7951579092097927
745663,0.9961510026269772
745664,0.999391474339856
745665,0.18392563955504387
745666,0.9718978546235892
745667,0.6192659698174995
745668,0.9995375865385476
745669,0.07701122642985184
745670,0.9982287575857264
745671,0.9995034720957436
745672,0.9997686008551633
745673,0.4913443340567956
745674,0.9997250946845262
745675,0.10295806820065681
745676,0.4754355760671143
745677,0.988120502121685
745678,0.9996691068883518
745679,0.8067377494262669
745680,0.36816313966585446
745681,0.9469806068906673
745682,0.9999006002391135
745683,0.9996773177836851
745684,0.8143847814802816
745685,0.5327101161098595
745686,0.017761619833456588
745687,0.9998069319645891
745688,0.9982325039358457
745689,0.002500722970756761
745690,0.9998133360172243
745691,0.029614114749600177
745692,0.9571031096944518
745693,0.4855059591715977
745694,0.9887387661610569
745695,0.5480779724382727
745696,0.9986215735374433
745697,0.05975778351357595
745698,0.7048023283614535
745699,0.023917607994298193
745700,0.3331783241168744
745701,0.9985304756477177
745702,0.7949160765399721
745703,0.99948893615348
745704,0.007790971288809205
745705,0.7063738750201768
745706,0.4562617171445857
745707,0.0843387130189737
745708,0.8748280899257028
745709,0.5947425170611474
745710,0.11469156465792046
745711,0.9457379453070438
745712,0.9609825032345222
745713,0.6919147900465112
745714,0.9999219968286518
745715,0.9921724239415919
745716,0.5513310306388858
745717,0.9803165120906258
745718,0.99961918021864
745719,0.855271845995021
745720,0.9938841583566952
745721,0.9938974466317563
745722,0.461522003357981
745723,0.9769539759952396
745724,0.8477255466094465
745725,0.7663146256698072
745726,0.18284814217303536
745727,0.9870662053755725
745728,0.9996570071337174
745729,0.9993808437811118
745730,0.1178772301860862
745731,0.9335577108794284
745732,0.9999303948685947
745733,0.9939171931038671
745734,0.7028422575790094
745735,0.6581524999173287
745736,0.998192334389342
745737,0.9999342884312197
745738,0.9982642130652885
745739,0.9955037609599058
745740,0.9990620954430829
745741,0.9735112408138908
745742,0.14630353445377944
745743,0.23302930069063107
745744,0.013219287555859514
745745,0.5930704903474227
745746,0.028948554139169483
745747,0.0356779036638551
745748,0.634823657427303
745749,0.3169008483825084
745750,0.9662299186345872
745751,0.9999178550927793
745752,0.9934878151984916
745753,0.973672913167416
745754,0.011989243763908943
745755,0.030197020182454425
745756,0.06000579017232939
745757,0.9400960292747413
745758,0.9970972223062853
745759,0.6738030686487464
745760,0.9999691762979714
745761,0.8820992057506755
745762,0.9174736295088655
745763,0.019222202677864092
745764,0.593551529324476
745765,0.01688256860590371
745766,0.4183614260501121
745767,0.5944358297614185
745768,0.9906724765971231
745769,0.9792716760590914
745770,0.07821512412586196
745771,0.9165010387742993
745772,0.3999865075512016
745773,0.20356463384125173
745774,0.4841463808264542
745775,0.9988149591377694
745776,0.9998212409103315
745777,0.6888784046863632
745778,0.9913910569090686
745779,0.009939671579929489
745780,0.9909477009214495
745781,0.9393022379324507
745782,0.9073738364090773
745783,0.8388350285304647
745784,0.9643788153885493
745785,0.010588298322177576
745786,0.3843927197827641
745787,0.9980185028659279
745788,0.9969079945968902
745789,0.595261422734302
745790,0.4185562691777097
745791,0.8428360667144859
745792,0.14619446474886494
745793,0.08336880773196523
745794,0.04744121293694769
745795,0.9996936186136051
745796,0.9660474091333722
745797,0.9999062948120967
745798,0.999987530924029
745799,0.5447977749666657
745800,0.10307789835923165
745801,0.9614986649654813
745802,0.9999820733049851
745803,0.9946666255529251
745804,0.13484622239951655
745805,0.9971433702398099
745806,0.991348863785986
745807,0.19026511405861038
745808,0.8026247462728539
745809,0.9285789003292325
745810,0.14980055378505922
745811,0.9998583271984327
745812,0.13745535497718345
745813,0.04569330459155416
745814,0.9990466861554519
745815,0.044449360013557926
745816,0.9995819932137072
745817,0.999936273245911
745818,0.9995190627737649
745819,0.28762323380177157
745820,0.6681104807442708
745821,0.398853113545135
745822,0.919988221293984
745823,0.9999143163823516
745824,0.9999083975932366
745825,0.8948268721376718
745826,0.03465391940557715
745827,0.995267057901455
745828,0.0027077630437118178
745829,0.8132719459506355
745830,0.5342087453221833
745831,0.06865668622896945
745832,0.8440347915883103
745833,0.4950416596240178
745834,0.9717310262531345
745835,0.9997407242000558
745836,0.3437145061863579
745837,0.9946080883710671
745838,0.938130312798551
745839,0.1864528493601764
745840,0.033590711716656244
745841,0.9999365832641052
745842,0.9986390000671304
745843,0.9999069167564837
745844,0.9756383982396586
745845,0.9966758027202629
745846,0.3004934891498533
745847,0.05328848604287885
745848,0.9996868977332574
745849,0.998741126129101
745850,0.34834876453332575
745851,0.43415108248446194
745852,0.8782123841317799
745853,0.9484596347623839
745854,0.9996445998556076
745855,0.5164137469983298
745856,0.2871363430289031
745857,0.5505694213589023
745858,0.8970841999609573
745859,0.9942133661397325
745860,0.0674570710641251
745861,0.018559387578887407
745862,0.025545494198232543
745863,0.3847407435583171
745864,0.9963147427997836
745865,0.2805594216733478
745866,0.9856301035429358
745867,0.5501637717010719
745868,0.9998582537233685
745869,0.7082125757682731
745870,0.4710181283773376
745871,0.11975166504418976
745872,0.9996993849907958
745873,0.04817899972610736
745874,0.0671878418617682
745875,0.9983062450106237
745876,0.05203574308247337
745877,0.9994291630919984
745878,0.9992373150792577
745879,0.9999795955662037
745880,0.9967751384707282
745881,0.965529401118312
745882,0.31685475986258943
745883,0.478553952050225
745884,0.45479144839914243
745885,0.9998871713426707
745886,0.9900077344974816
745887,0.6617080679186573
745888,0.9902168998312701
745889,0.07713706137326129
745890,0.7491573381757365
745891,0.9971253225229628
745892,0.9728475724438361
745893,0.938183527785029
745894,0.9999431437273928
745895,0.997047550483009
745896,0.006015014942759928
745897,0.013202684046871641
745898,0.9961268847293494
745899,0.34504139994222194
745900,0.9985040466873365
745901,0.1851394231064578
745902,0.603028972391537
745903,0.9999594400229712
745904,0.7630207929848769
745905,0.618246896240717
745906,0.999906045016222
745907,0.8992780293663118
745908,0.99869047030664
745909,0.9939055302056843
745910,0.9987533078557014
745911,0.473580828992065
745912,0.12476593476384593
745913,0.9998022910967378
745914,0.9997156243836962
745915,0.9997564959761895
745916,0.07208752284507756
745917,0.9130100624058091
745918,0.03934282467457239
745919,0.9998731279531328
745920,0.3050546201358618
745921,0.8622859276510044
745922,0.9996673676014753
745923,0.7944406368766476
745924,0.9767700204971874
745925,0.9997194897463234
745926,0.9996004094169881
745927,0.7396699048366406
745928,0.442790116641448
745929,0.9987754334720595
745930,0.9939645309557744
745931,0.24326070237831326
745932,0.3291437807649082
745933,0.4851042007230534
745934,0.999414540723651
745935,0.9947530877126343
745936,0.999976299131389
745937,0.9988005609579305
745938,0.6744942225371265
745939,0.9912486614038892
745940,0.9542545014266541
745941,0.9999301900885063
745942,0.030862167906214988
745943,0.9999702873280935
745944,0.9999639219357845
745945,0.7668853454998754
745946,0.9998073945794637
745947,0.9995989757691788
745948,0.8492900331592884
745949,0.9816905385209056
745950,0.8961941785836015
745951,0.9999963074613784
745952,0.9995166316014243
745953,0.17779999418350492
745954,0.9989553370892719
745955,0.08535799141204992
745956,0.9992901514509898
745957,0.9999314948212706
745958,0.9953846195316262
745959,0.07034529597752341
745960,0.7582018172854386
745961,0.9963921487085401
745962,0.9998496900472937
745963,0.9997093963720304
745964,0.29710518333096547
745965,0.9990464170558966
745966,0.16319036711407328
745967,0.7365015774727158
745968,0.8619082117738867
745969,0.9998609711368112
745970,0.8414790199970026
745971,0.8146877998846159
745972,0.08558188912309295
745973,0.9997525730966385
745974,0.9973123922522245
745975,0.42654490347873597
745976,0.9999787361081565
745977,0.16997002809664838
745978,0.9693978546897111
745979,0.11573940014704415
745980,0.058220529682173276
745981,0.9887120594667353
745982,0.9996904831087401
745983,0.9999434069508166
745984,0.9997777240437518
745985,0.9997257488049445
745986,0.05241072624316045
745987,0.2862514533744229
745988,0.9708227579580067
745989,0.9997884239204284
745990,0.6123827965101298
745991,0.9999832806268449
745992,0.1736648761957516
745993,0.9874174375297835
745994,0.03604505196555113
745995,0.9604823944976617
745996,0.9859884630653167
745997,0.8741398172248214
745998,0.3814671781811986
745999,0.998857952457975
746000,0.025431926675822895
746001,0.9977725156244064
746002,0.9995210504914547
746003,0.8876642378995627
746004,0.9524727783860772
746005,0.934634645279037
746006,0.02396310891930118
746007,0.8234747601227614
746008,0.6271981443200199
746009,0.0651230477664848
746010,0.9935359862320737
746011,0.9958540063850287
746012,0.14811676690058395
746013,0.24422106724762108
746014,0.9997508832696147
746015,0.998039825411609
746016,0.0419828367775691
746017,0.3537639500792028
746018,0.9997811801918617
746019,0.912632622185888
746020,0.9991181941319182
746021,0.9994530190046631
746022,0.9998827235046809
746023,0.21660419202684028
746024,0.9812713688836514
746025,0.8927483611830633
746026,0.8013348396734797
746027,0.9998714736222093
746028,0.9526770796956652
746029,0.42308081452444213
746030,0.9693105048536816
746031,0.9999613190291953
746032,0.999721203172508
746033,0.9997917592130876
746034,0.9976756187419438
746035,0.8623551464586723
746036,0.6133261672849284
746037,0.9998756183683782
746038,0.9992647802301291
746039,0.9997500576804186
746040,0.19465927196698293
746041,0.9994232845385667
746042,0.8522712025387338
746043,0.9676741068472624
746044,0.35686283403440644
746045,0.5698405812122493
746046,0.22689682026148617
746047,0.9997253531656247
746048,0.999977725955445
746049,0.9924645842175007
746050,0.6836369957528458
746051,0.889128449825164
746052,0.9984634066531941
746053,0.5156049389178856
746054,0.8338169307490444
746055,0.8199735571334417
746056,0.14664125320392257
746057,0.9999579534054583
746058,0.030393209706607013
746059,0.6468195951662641
746060,0.06759852714783969
746061,0.9997658150595705
746062,0.38972546680181347
746063,0.39789287098202475
746064,0.971614038564644
746065,0.6873384486708005
746066,0.9054437370695977
746067,0.4062165734585599
746068,0.13240341814184992
746069,0.9991139356369728
746070,0.781322918450584
746071,0.9902261815518136
746072,0.9319327177219362
746073,0.3462589326645632
746074,0.7706402855936774
746075,0.9993939106292471
746076,0.9930229502538571
746077,0.9992135622984908
746078,0.9962649737602626
746079,0.5413848427803958
746080,0.6975888084698788
746081,0.9990913942137725
746082,0.039737333826444954
746083,0.5606562439911957
746084,0.907638854059576
746085,0.999433111357844
746086,0.017322989508777746
746087,0.5468490089652799
746088,0.9998280177604686
746089,0.6931752625983504
746090,0.9948594487477855
746091,0.9995014994231133
746092,0.6951729899287846
746093,0.07649317297196857
746094,0.9998544074627597
746095,0.9976307266802662
746096,0.9997587488290317
746097,0.9784320124247075
746098,0.474696867101985
746099,0.9961866101558403
746100,0.5703168254849427
746101,0.9988527147271182
746102,0.9995188549340193
746103,0.9984632323558258
746104,0.2204698693629327
746105,0.9998088722752955
746106,0.933097436195401
746107,0.09098222656960797
746108,0.9992464314369754
746109,0.020474809458861473
746110,0.3867438880028786
746111,0.7918202579845237
746112,0.9986901471101044
746113,0.38620319857705265
746114,0.9900453695257156
746115,0.999894669030081
746116,0.9999423445539906
746117,0.9987892530304822
746118,0.980312659836555
746119,0.8281370875294747
746120,0.95405471793816
746121,0.9724471654167317
746122,0.9998045695208574
746123,0.06105192920247658
746124,0.9975987744794843
746125,0.99334063005952
746126,0.9990772532615035
746127,0.22574591136062613
746128,0.7199233141015976
746129,0.002800336807562623
746130,0.9997048492456321
746131,0.1327652938483223
746132,0.9991472512347388
746133,0.07211004713186832
746134,0.16926201848675665
746135,0.8674185103685359
746136,0.36225104723251533
746137,0.1594541917759201
746138,0.9999708863869257
746139,0.9846738419125558
746140,0.994044724355541
746141,0.2176155977850817
746142,0.9998837059796232
746143,0.9916148098492579
746144,0.9998730758278798
746145,0.9190962613983409
746146,0.9997824506920889
746147,0.777345224508901
746148,0.010230955274132546
746149,0.9985431733335692
746150,0.934901639039972
746151,0.8434765027819775
746152,0.6405153506978079
746153,0.9997797211758638
746154,0.5993930063296492
746155,0.9990629726536042
746156,0.9999362360944182
746157,0.9997138207259293
746158,0.997932921312722
746159,0.9995923313818862
746160,0.8793672597268487
746161,0.019318323409465887
746162,0.9999735684172617
746163,0.6146536644096963
746164,0.9863776587152799
746165,0.9784951604933486
746166,0.09791728332297314
746167,0.9999531470053424
746168,0.07061224379608197
746169,0.9299766663843974
746170,0.7376118581664508
746171,0.998506107749792
746172,0.9999232879802263
746173,0.9999810059184107
746174,0.7042422263710326
746175,0.3057966109085794
746176,0.49180136472320174
746177,0.9495993950615642
746178,0.9999054308365145
746179,0.9457928636259724
746180,0.746303124758314
746181,0.7967447607429796
746182,0.027930719898415727
746183,0.25335115944350173
746184,0.9879466887848822
746185,0.999520331052697
746186,0.9948865314570382
746187,0.7674175091543258
746188,0.3956253637572967
746189,0.9998939076256523
746190,0.36462022445797
746191,0.9998726039980008
746192,0.9999301122925226
746193,0.020810131804221976
746194,0.8700318769172276
746195,0.9466368062396565
746196,0.6188649741563776
746197,0.9965946358602351
746198,0.7698818795642582
746199,0.9999040290522447
746200,0.5617846972647184
746201,0.7181598230336838
746202,0.8678173768764399
746203,0.9945717546562454
746204,0.10025841848996714
746205,0.999845235775608
746206,0.022466916324841282
746207,0.6792337281271188
746208,0.808580689338012
746209,0.07354031285394266
746210,0.01794663632594866
746211,0.9996691006129973
746212,0.9999553378198629
746213,0.31729706447973005
746214,0.6087732819052261
746215,0.9990450373056297
746216,0.7234563501551944
746217,0.058523868375884
746218,0.822023545955872
746219,0.9999588820821119
746220,0.13149910041184384
746221,0.995096838679477
746222,0.6965132958978411
746223,0.9999396870317816
746224,0.9890006929417164
746225,0.12236778391671861
746226,0.9973337024672551
746227,0.17604126098869938
746228,0.18167366786917305
746229,0.39008007218233187
746230,0.6794294055491877
746231,0.5095589217063357
746232,0.6189351253485305
746233,0.4248761569950955
746234,0.9998532892462189
746235,0.9975070152212733
746236,0.9862940150255619
746237,0.9961026798250643
746238,0.6770390881239212
746239,0.32803737762113505
746240,0.1872314987986301
746241,0.9906514910890616
746242,0.024311099665502177
746243,0.9037272734062464
746244,0.9998852548615836
746245,0.33694434939469575
746246,0.06288979322907777
746247,0.9998645747996009
746248,0.052197876678316976
746249,0.9286690004136744
746250,0.06173048458033501
746251,0.4305111380762477
746252,0.5755008563158798
746253,0.951211226292352
746254,0.9968766101596545
746255,0.9887101584026978
746256,0.12059329692407286
746257,0.9604732389942139
746258,0.986749433255709
746259,0.9338355253831139
746260,0.999808553556244
746261,0.8541176204477734
746262,0.17367339327640827
746263,0.12549401803946053
746264,0.9997336420045462
746265,0.9991222307880405
746266,0.883622287594381
746267,0.32427719461315874
746268,0.999156495133864
746269,0.9999516648956394
746270,0.025549507359070814
746271,0.9924523174309181
746272,0.03771003297195282
746273,0.4147540808990644
746274,0.05087049804882714
746275,0.03724163649049313
746276,0.9994408300083537
746277,0.5090895373722707
746278,0.8884826156389043
746279,0.9684346175862198
746280,0.9947041335415256
746281,0.9999201918617802
746282,0.9989783167576545
746283,0.9578765831783516
746284,0.7830286271577204
746285,0.7011524195470396
746286,0.8391736200430945
746287,0.011798684981864576
746288,0.24212952725078676
746289,0.023450544517935722
746290,0.9981775995351382
746291,0.9973351942467548
746292,0.9846718255848828
746293,0.9996177517147671
746294,0.049176913994834856
746295,0.7999079967794108
746296,0.9997233268649072
746297,0.8672029805525416
746298,0.14025234888938454
746299,0.7619995335995102
746300,0.031766949946162214
746301,0.5028114446969633
746302,0.997214910325031
746303,0.9997913472718376
746304,0.9988057782359666
746305,0.8625902600873709
746306,0.9968456266724219
746307,0.9994934738591087
746308,0.9127885969740427
746309,0.9924076647231695
746310,0.7864165766568483
746311,0.9987662053379389
746312,0.9998708255490857
746313,0.9994112485666322
746314,0.9996042079822591
746315,0.6184419679188204
746316,0.31146611319871054
746317,0.9993486965432193
746318,0.9996123734248327
746319,0.6720641533186834
746320,0.9682346123221856
746321,0.927283743204278
746322,0.24381291559966256
746323,0.9967704213355901
746324,0.9716867248410671
746325,0.9999708139282137
746326,0.7097483857122686
746327,0.999877676924453
746328,0.9997078303094489
746329,0.9995233512607977
746330,0.9232821905714861
746331,0.9849700263194444
746332,0.8118280838393863
746333,0.7707621821963603
746334,0.11169588590590238
746335,0.9998671740943474
746336,0.9978934234933481
746337,0.999753729735646
746338,0.10679303016800873
746339,0.6756560587038721
746340,0.9997861706124619
746341,0.9960145103769923
746342,0.9993460378704386
746343,0.9475883514678158
746344,0.8719472988793829
746345,0.008544041294920143
746346,0.9916716644359417
746347,0.9990281129571775
746348,0.7158502321152117
746349,0.7884862610572236
746350,0.9997948119496537
746351,0.9999629406480779
746352,0.7104728125124089
746353,0.3853617014819306
746354,0.2587681283992065
746355,0.9993235581753586
746356,0.24571621924406994
746357,0.996176855780774
746358,0.01609995575685198
746359,0.0059985222078988674
746360,0.5658645422941968
746361,0.9980864498893156
746362,0.977054553762248
746363,0.48561411878706784
746364,0.9994900209565614
746365,0.9997294681212513
746366,0.9623471531059458
746367,0.9998179108779723
746368,0.9957249730183119
746369,0.5167335672505247
746370,0.9915339662537734
746371,0.9264645074912305
746372,0.999889610342489
746373,0.9633630361177794
746374,0.9753205341302842
746375,0.9977845711373796
746376,0.9990936291973327
746377,0.9996794563192528
746378,0.30733522628246107
746379,0.2531537382588688
746380,0.7109171603747806
746381,0.03152801181776059
746382,0.8168811886271914
746383,0.13174532964705138
746384,0.9999236500878295
746385,0.8010125917176412
746386,0.9985668259821009
746387,0.9990093030182414
746388,0.4888710470899297
746389,0.009015734660368745
746390,0.9663152841770442
746391,0.9976818727961434
746392,0.9989132108486092
746393,0.9993374308703078
746394,0.40950382644894495
746395,0.5030891817895461
746396,0.3698645008982092
746397,0.9990854446564013
746398,0.996530652453585
746399,0.8664972500400357
746400,0.9873358029541499
746401,0.9996993949721946
746402,0.9993019758792775
746403,0.9179591259275888
746404,0.7704692911100997
746405,0.868218736004204
746406,0.999861901950579
746407,0.985706357842207
746408,0.7688663914196318
746409,0.4454313668388286
746410,0.7650910553507931
746411,0.6986027527173586
746412,0.9997092600122099
746413,0.885481201558461
746414,0.04788705993003552
746415,0.996382055647314
746416,0.3317912261896882
746417,0.9950555022862163
746418,0.9847213460688307
746419,0.15383376758223047
746420,0.1833231211224734
746421,0.5188274569170245
746422,0.6442667616950644
746423,0.9938819456291461
746424,0.9995177505256682
746425,0.9999412282395378
746426,0.6854628005022311
746427,0.936297173448619
746428,0.9997135191288782
746429,0.0160222077125838
746430,0.9600267509562307
746431,0.49957153330036996
746432,0.5867215486548696
746433,0.999777566167878
746434,0.7942653073779193
746435,0.08036768205250035
746436,0.9997746627024247
746437,0.9992681334141599
746438,0.7519526564254644
746439,0.9999603151239255
746440,0.9642081137677759
746441,0.7506421238639992
746442,0.8627671262551895
746443,0.9996543654180271
746444,0.9977373955322876
746445,0.9994099805193424
746446,0.996448839544191
746447,0.20340516500433875
746448,0.9999941386332769
746449,0.017712001182708086
746450,0.5104871655447633
746451,0.994151707776993
746452,0.9041911449858869
746453,0.9998232143858206
746454,0.9980420276206595
746455,0.9449818463326276
746456,0.9987075958267597
746457,0.22402956802655963
746458,0.9999929334016897
746459,0.009071159066560001
746460,0.08529937399167378
746461,0.9965469938615448
746462,0.8599884820353825
746463,0.06103283492566826
746464,0.8522599538318998
746465,0.3170533400741665
746466,0.9999510933694958
746467,0.9849881561325361
746468,0.9996205977949764
746469,0.037881402453662144
746470,0.8648864543686617
746471,0.9982516433818189
746472,0.5768074313417303
746473,0.3238961962598989
746474,0.918369743046284
746475,0.6279414055407518
746476,0.9876611757013005
746477,0.2946575819895313
746478,0.9294090429122389
746479,0.04595783862251456
746480,0.999461572260482
746481,0.1301205102410901
746482,0.004293674363239815
746483,0.9993332549732105
746484,0.35296000624954793
746485,0.9992368054662644
746486,0.8846154396665027
746487,0.9933911376970301
746488,0.32443820401612716
746489,0.9875231473789985
746490,0.9563870237683261
746491,0.9913887008337519
746492,0.011233380224877205
746493,0.995832743670265
746494,0.8405789178673433
746495,0.9999468372902063
746496,0.22607094318019474
746497,0.47525464830173586
746498,0.683060131951789
746499,0.06685440086894524
746500,0.9649758113399386
746501,0.9991518261405368
746502,0.8563193042509188
746503,0.9999493958854978
746504,0.7223121588371177
746505,0.9018637087530453
746506,0.9992340240440056
746507,0.6890560378728173
746508,0.9996441811506451
746509,0.9930719913126339
746510,0.003238717905725893
746511,0.9999639450458093
746512,0.9995007044970484
746513,0.9985796613241501
746514,0.7124814868974696
746515,0.05613512465724234
746516,0.942976474300335
746517,0.9979760398566504
746518,0.8226841054195366
746519,0.6336112456557523
746520,0.5636852197286671
746521,0.058246130930883475
746522,0.9982669770050765
746523,0.9947848963158477
746524,0.9998437403009899
746525,0.9998783637547104
746526,0.10670282099151926
746527,0.4113318732159499
746528,0.8090669013193204
746529,0.990660124295184
746530,0.9252270882115128
746531,0.05554125392027118
746532,0.5434438200271393
746533,0.3779296550280442
746534,0.04922694339956296
746535,0.9994973394521431
746536,0.9982270067992596
746537,0.03393690229893148
746538,0.0326468365831461
746539,0.22411993413291748
746540,0.3481430909345021
746541,0.9999383219554567
746542,0.9999056271977881
746543,0.9611156653871037
746544,0.15833024531413978
746545,0.9951225356166259
746546,0.7839552039368224
746547,0.7753550788784058
746548,0.9842624873956897
746549,0.9998423329101442
746550,0.9946133299674769
746551,0.2866332382591896
746552,0.9691623863951808
746553,0.9045042562008048
746554,0.9975240625360684
746555,0.994193229777063
746556,0.9161916642518543
746557,0.9998472547779116
746558,0.9982156115818974
746559,0.999949494603688
746560,0.6422727443165294
746561,0.01271948292332372
746562,0.9998469421218332
746563,0.7167764012623139
746564,0.9999137472535854
746565,0.4721919501545712
746566,0.012430084381145994
746567,0.37568625263898253
746568,0.9999883929771218
746569,0.39360491923548235
746570,0.016588360247990583
746571,0.8080432103482234
746572,0.8916487333066706
746573,0.2651435769208768
746574,0.961458295898561
746575,0.26620629743682217
746576,0.2744188937007524
746577,0.7528129588202781
746578,0.9999218821601147
746579,0.049628557313182706
746580,0.9999811099427385
746581,0.3619663179103772
746582,0.13137764248618175
746583,0.7915696179551013
746584,0.9537839076717558
746585,0.999301465841989
746586,0.9534329448052818
746587,0.9999124941962132
746588,0.798777974890968
746589,0.9983319217715729
746590,0.04970793412770937
746591,0.1351639574748739
746592,0.8316056014856197
746593,0.9998280787343226
746594,0.003029106440451943
746595,0.99972960331007
746596,0.2477900483580855
746597,0.0028906982177034977
746598,0.29949314079762784
746599,0.9999138675694421
746600,0.9994688460435666
746601,0.020935527477415852
746602,0.030131862693677035
746603,0.5186971395271621
746604,0.0773509947570194
746605,0.9990104186065636
746606,0.9997078111253934
746607,0.10840580435410066
746608,0.9994777511674985
746609,0.40650251898184
746610,0.9891320095457978
746611,0.9990464268709787
746612,0.9999540549142045
746613,0.548953644360176
746614,0.6868657386184632
746615,0.9818161966641077
746616,0.661405838762192
746617,0.15521281014619842
746618,0.995762833490673
746619,0.01726458012623175
746620,0.02397092156500106
746621,0.9995038777977597
746622,0.6702202994418498
746623,0.021548961436915766
746624,0.07167032438749464
746625,0.86260515916301
746626,0.40972944095839936
746627,0.40688514266988596
746628,0.05110860962578419
746629,0.007325473177936833
746630,0.9951363951322925
746631,0.9998952471693056
746632,0.9880374316189833
746633,0.9997682396860705
746634,0.11087068500968245
746635,0.9526405706466182
746636,0.6900478052731556
746637,0.5264115601060733
746638,0.9997947907766629
746639,0.9996489611861321
746640,0.9980360099917029
746641,0.055746631137523
746642,0.8310559956210702
746643,0.9998408526416374
746644,0.9992275490518856
746645,0.6510367709367668
746646,0.9980706787433462
746647,0.9949118895646584
746648,0.48806670854580125
746649,0.0658536361847569
746650,0.9999320045164011
746651,0.9999269297827758
746652,0.9922398391229139
746653,0.9996582111618528
746654,0.31799652700114023
746655,0.993931692044178
746656,0.9999917245885633
746657,0.01495350744055393
746658,0.940509143375371
746659,0.7742697292268147
746660,0.9974324684053277
746661,0.7963794196534122
746662,0.9972491500274472
746663,0.27234118191725654
746664,0.9998934976567233
746665,0.9999284372134241
746666,0.9981013113628047
746667,0.997149148682221
746668,0.813996643739419
746669,0.31295454426004277
746670,0.9878373000557102
746671,0.1587274866811031
746672,0.9975143385662163
746673,0.9868474261769334
746674,0.9988520793519778
746675,0.5613480387960478
746676,0.03331238858711294
746677,0.006103892482979167
746678,0.9997872882625052
746679,0.7047924819984632
746680,0.5257715367656122
746681,0.031625952163343796
746682,0.853556189525149
746683,0.5800142907754502
746684,0.8967660347620185
746685,0.9923182101276634
746686,0.1737384365207919
746687,0.9835957295892415
746688,0.9998801057696597
746689,0.11103454756365504
746690,0.16393481276913696
746691,0.058411239618993985
746692,0.9982995685360049
746693,0.502656005462415
746694,0.4872024611869392
746695,0.9997430157162701
746696,0.9257939271910354
746697,0.9996079941227104
746698,0.9995247852523548
746699,0.8834969002885658
746700,0.06389199099095226
746701,0.01245548975823044
746702,0.9997064421097247
746703,0.9983787368579908
746704,0.9890661722634488
746705,0.011076046323112964
746706,0.8994959439943524
746707,0.9999857857728439
746708,0.1610613376102025
746709,0.11874199163774603
746710,0.9988277520343319
746711,0.9210157261439129
746712,0.0159637396680937
746713,0.9953493793236133
746714,0.5189457451392148
746715,0.9796153395042995
746716,0.0046595823251996136
746717,0.999934844226884
746718,0.8357914179027162
746719,0.9959088326468704
746720,0.12526282401124395
746721,0.33769770918549613
746722,0.9986759069133877
746723,0.9705692701341558
746724,0.5202791686504128
746725,0.9980266570244256
746726,0.996603041469686
746727,0.26699535870463603
746728,0.9788083399924026
746729,0.9992453642094397
746730,0.51985054288441
746731,0.999920751028927
746732,0.017813925729586344
746733,0.7544710257259711
746734,0.9969076417200566
746735,0.009725848564857219
746736,0.9977896758591747
746737,0.5944614106401206
746738,0.9998859895375645
746739,0.7864329796644942
746740,0.08623931377226934
746741,0.9998785067164668
746742,0.8849886746720199
746743,0.027635635112568696
746744,0.27520366329530566
746745,0.9999830269781245
746746,0.011147593246270371
746747,0.2267664560774983
746748,0.9950850814776167
746749,0.9999460868321299
746750,0.9991106245645126
746751,0.9537511659970643
746752,0.0330864283225348
746753,0.9515751379123396
746754,0.9993943188880494
746755,0.9987039238093252
746756,0.9683874311692644
746757,0.6675503050227662
746758,0.9385027052445123
746759,0.9999442676131778
746760,0.28727489076724316
746761,0.02594739258713255
746762,0.9981182878199852
746763,0.9991348424911963
746764,0.11236071508100318
746765,0.8299847207012397
746766,0.48895301867970564
746767,0.9998382704214668
746768,0.9998175221990788
746769,0.7784151174798304
746770,0.059990424663328004
746771,0.981638411866643
746772,0.06674614776984779
746773,0.9996424169604055
746774,0.9992992457773766
746775,0.9998124135452318
746776,0.396241328673423
746777,0.9908468824871474
746778,0.9984776205418742
746779,0.9996163191623193
746780,0.11223033006629059
746781,0.11054069917357509
746782,0.32335601774828804
746783,0.9992646769219397
746784,0.9952603693656672
746785,0.10098567810822619
746786,0.9888312211574098
746787,0.8407216524429846
746788,0.6252069211623256
746789,0.2015569602200611
746790,0.9980321830810244
746791,0.9999217690099829
746792,0.9869432316371267
746793,0.9991994679500915
746794,0.04556668821970097
746795,0.01273270042864737
746796,0.9727401049662411
746797,0.8521674716236963
746798,0.9973702829719037
746799,0.2796598073965469
746800,0.999777805065433
746801,0.1721803097399776
746802,0.9991380986227052
746803,0.9905402791225109
746804,0.7097643444801179
746805,0.9635392839441972
746806,0.472724599977428
746807,0.13031113506498443
746808,0.9935593520098476
746809,0.9996538954553431
746810,0.9750054541492357
746811,0.987674695960874
746812,0.9999508314270238
746813,0.1346198278360912
746814,0.8175858289457395
746815,0.7230905629163589
746816,0.9997160317658254
746817,0.9564503787606745
746818,0.9974007084118904
746819,0.9953350899374188
746820,0.8340649154491713
746821,0.116834570050942
746822,0.999982960648206
746823,0.9955978182424098
746824,0.4840502579242861
746825,0.26444574305093016
746826,0.995613230188366
746827,0.6710159623162111
746828,0.9966671300260692
746829,0.9977511707932825
746830,0.9993331745295082
746831,0.9941303354135756
746832,0.3767600981303198
746833,0.6503074179214379
746834,0.9990296099812345
746835,0.01929718953870393
746836,0.999963869418885
746837,0.567456776600933
746838,0.8605685830075365
746839,0.9999740871950176
746840,0.9332655110069784
746841,0.9242507124000223
746842,0.008792146095662031
746843,0.9937242067805033
746844,0.7705269744711926
746845,0.740079400459514
746846,0.3634032394921074
746847,0.4433892610354513
746848,0.4557870946602759
746849,0.03372145755160414
746850,0.19589880187481096
746851,0.4358585402577168
746852,0.9984142573467865
746853,0.999983772605622
746854,0.9986757425306076
746855,0.7695751513798826
746856,0.04688612768248322
746857,0.8350169676085147
746858,0.9866863308345711
746859,0.5958939693952837
746860,0.17300587839467674
746861,0.9281122555891149
746862,0.501620684693883
746863,0.9999437164697621
746864,0.999869220553022
746865,0.9754229238196681
746866,0.6080462946389932
746867,0.7957706425088846
746868,0.996943907910157
746869,0.9459120056814654
746870,0.9990883784132902
746871,0.9716769724060714
746872,0.8614115156675912
746873,0.938079289158579
746874,0.999216614854786
746875,0.8159530165135024
746876,0.05323420728200838
746877,0.8772995953785806
746878,0.9003593054026193
746879,0.7382979657198814
746880,0.9968851179932416
746881,0.935097406432888
746882,0.9965585449623511
746883,0.99997783138228
746884,0.7453997804780326
746885,0.9721985637995308
746886,0.9999545842926775
746887,0.9997436221279135
746888,0.9978910410072974
746889,0.39458984394670094
746890,0.9956533547968747
746891,0.9998437553789778
746892,0.7629039541814231
746893,0.9964571535391415
746894,0.0760615950663425
746895,0.9999499364627317
746896,0.9998139686309262
746897,0.9992449303288693
746898,0.9723250228061582
746899,0.9925183906515285
746900,0.8686076244935148
746901,0.9999720885109993
746902,0.8956732417621407
746903,0.12869795471845177
746904,0.8309723448305466
746905,0.25651094637653776
746906,0.9414809061265884
746907,0.9377829054238043
746908,0.3006390306200292
746909,0.9999772477413942
746910,0.5882119866881068
746911,0.6724072156582896
746912,0.9995754315203331
746913,0.8806030722248399
746914,0.9966258718497985
746915,0.9508839382153321
746916,0.8464705430096964
746917,0.016489341202031018
746918,0.9328551215186229
746919,0.018334813772906987
746920,0.8858088274108321
746921,0.9754920580782167
746922,0.7652013608610682
746923,0.9998525480462773
746924,0.9757187658736393
746925,0.06102759089469981
746926,0.7110300704835458
746927,0.33766284310017813
746928,0.9776421714133657
746929,0.9996828550494679
746930,0.9996579013626119
746931,0.9998250492344705
746932,0.9779324547848461
746933,0.9976143880053379
746934,0.9999517871155746
746935,0.9632573582472193
746936,0.9705120687350675
746937,0.14931856287244608
746938,0.40936844258202143
746939,0.975474443019853
746940,0.8722155538887422
746941,0.19586969748516164
746942,0.1341350881103999
746943,0.13948071077417432
746944,0.9997958302390026
746945,0.955984953714983
746946,0.02453440731058764
746947,0.9998242621587448
746948,0.4999995329633622
746949,0.9996673128081607
746950,0.8414227511250677
746951,0.9999594214457238
746952,0.9043965127741795
746953,0.2026114516204527
746954,0.12925063885099172
746955,0.9995884835092445
746956,0.45364279975378596
746957,0.9994526943534509
746958,0.995862534564343
746959,0.999801303738391
746960,0.392315086433939
746961,0.010473070564036643
746962,0.46609004197465076
746963,0.007970257522554347
746964,0.014322886424487091
746965,0.9891043236899526
746966,0.15960107859591743
746967,0.63873630252184
746968,0.9997923536046476
746969,0.8713776217612976
746970,0.9037374042913442
746971,0.9994071892769562
746972,0.9995642515408796
746973,0.9996943643446854
746974,0.999590214627486
746975,0.9867973522149156
746976,0.17268501238978543
746977,0.8137894910678577
746978,0.9999223642711741
746979,0.9881539268597033
746980,0.9999570004479613
746981,0.7204545615445956
746982,0.6095559542754786
746983,0.05072497203430082
746984,0.8156465003760207
746985,0.9999843940861132
746986,0.06165711266955888
746987,0.16119231621917965
746988,0.13906719822614166
746989,0.3445789611906007
746990,0.9999648948655778
746991,0.027562845136754457
746992,0.9980213288191222
746993,0.9138880593636227
746994,0.9970627269653256
746995,0.9738374914751988
746996,0.3718814967586218
746997,0.99992745051193
746998,0.9352727376356889
746999,0.49737130742547137
747000,0.23698035936336526
747001,0.5148504795712215
747002,0.29294060255587373
747003,0.9371801672487421
747004,0.999675585863895
747005,0.985490814911924
747006,0.9110209230452058
747007,0.24611712615814835
747008,0.8831566056497496
747009,0.9994368026253897
747010,0.8824546057657037
747011,0.9991528618453659
747012,0.6194239430627774
747013,0.5593648030749254
747014,0.08866674302590306
747015,0.03403072688413803
747016,0.013569753774739006
747017,0.011286169481551377
747018,0.9858762311542597
747019,0.7203250777984556
747020,0.9716317424127261
747021,0.9973690438715352
747022,0.8701675936520261
747023,0.741570135174057
747024,0.9995412546500642
747025,0.35989587152829955
747026,0.01674184577274464
747027,0.9996430717062272
747028,0.5423316515983191
747029,0.9926183447608169
747030,0.9994390961282847
747031,0.9996320206790029
747032,0.144526480517054
747033,0.9970481979891922
747034,0.8365746518180093
747035,0.9995465779897528
747036,0.9999671940866042
747037,0.5002346201995815
747038,0.9997362490807071
747039,0.9485840313843509
747040,0.271442374093786
747041,0.7878952709388711
747042,0.9995959889087727
747043,0.1954070773864166
747044,0.013686304846719975
747045,0.7034141620551168
747046,0.39341467972687605
747047,0.9996808246607564
747048,0.3451605972138406
747049,0.9999795334546867
747050,0.9994265391366706
747051,0.961073208758269
747052,0.5326199779689003
747053,0.1930085698551452
747054,0.17492794994980254
747055,0.9994911768307715
747056,0.08576470902592764
747057,0.9879849747822447
747058,0.43502513583009855
747059,0.8666388480014975
747060,0.9998685012450137
747061,0.7384549924914386
747062,0.820258452055469
747063,0.9997447637812382
747064,0.9999151016350519
747065,0.624604859771607
747066,0.997924951653312
747067,0.9997181562411468
747068,0.6081697749058654
747069,0.9997761724997588
747070,0.780616124711802
747071,0.991464272960654
747072,0.999763510360664
747073,0.2943763233358079
747074,0.9999185371217096
747075,0.17254904100971624
747076,0.46499970035343674
747077,0.28586608588887746
747078,0.999970633484536
747079,0.9999368182168551
747080,0.9997372465661324
747081,0.9949488744120769
747082,0.9999281889816618
747083,0.6203137562001589
747084,0.1866794014856083
747085,0.6337050187738982
747086,0.07240349783733487
747087,0.14872327978823385
747088,0.8822426241641264
747089,0.9998305050020226
747090,0.9994965752531286
747091,0.06966111179076263
747092,0.07471168866514188
747093,0.9464168571281131
747094,0.15431476899896598
747095,0.01599440166404796
747096,0.9970886278606717
747097,0.28333522406666845
747098,0.19481782505224654
747099,0.35391084417015706
747100,0.1757077456331214
747101,0.8868552653100721
747102,0.9997713675889599
747103,0.2578035319442662
747104,0.0312903704150559
747105,0.842196086755566
747106,0.9994758440406357
747107,0.07374283723901226
747108,0.709515296796602
747109,0.9999921700116847
747110,0.9926378163690895
747111,0.902524977307759
747112,0.99558305741539
747113,0.9999079550537583
747114,0.6820670339635759
747115,0.9668133281935587
747116,0.9981040280954756
747117,0.9436358919155734
747118,0.9859205085335211
747119,0.9918442971678739
747120,0.6777265259452472
747121,0.979907966114127
747122,0.9986365775438106
747123,0.9988861552205912
747124,0.24544696148844947
747125,0.12230159087944131
747126,0.8828618047663062
747127,0.9999655847863741
747128,0.9970800285020844
747129,0.008708022016930876
747130,0.610038182514199
747131,0.999872008807773
747132,0.9992176445425907
747133,0.9998671213925691
747134,0.9823317639300823
747135,0.98749896470204
747136,0.39846934237479703
747137,0.8536406611646001
747138,0.875668533939476
747139,0.9363825264649956
747140,0.366709202784244
747141,0.9999744430633369
747142,0.9999316881819608
747143,0.10646994614429145
747144,0.9998236196003293
747145,0.058195359395247774
747146,0.999263545714776
747147,0.9997420413947811
747148,0.3169865614008905
747149,0.006964573941668262
747150,0.9999310773361131
747151,0.021888749479858454
747152,0.15092707163790398
747153,0.9995746492889832
747154,0.9997625578668121
747155,0.45274960038384227
747156,0.6001408461372998
747157,0.998280578330746
747158,0.9937018207616743
747159,0.855997141124605
747160,0.5026474096758775
747161,0.5659183524621325
747162,0.9981613169773615
747163,0.9999259569705404
747164,0.7725439665878765
747165,0.9991124059317578
747166,0.9995291205287771
747167,0.41448066788341204
747168,0.7836062853219078
747169,0.9983327021692012
747170,0.028703277220390334
747171,0.4225750522449985
747172,0.6481119427125615
747173,0.0490501114052387
747174,0.017316336318541136
747175,0.9775571715709752
747176,0.05836669487055915
747177,0.6695242736401281
747178,0.2076768719786784
747179,0.018325603315672855
747180,0.5402126309969376
747181,0.9999807024778553
747182,0.06959223700531139
747183,0.9997916578568172
747184,0.9995126416766589
747185,0.9849571771255604
747186,0.9607320178050242
747187,0.5534690583543881
747188,0.9993163879689397
747189,0.9999709929041269
747190,0.8179757132221742
747191,0.08239801021157477
747192,0.09365910208292322
747193,0.8349753624038134
747194,0.9174909002007867
747195,0.2698912711327415
747196,0.5836620058494142
747197,0.9849709314092772
747198,0.837071836789266
747199,0.9518976932713803
747200,0.9757698139043404
747201,0.9987847619108017
747202,0.12595701248981897
747203,0.8915976394384787
747204,0.037581713820172266
747205,0.9999676731686717
747206,0.7910490841332799
747207,0.9611989220661212
747208,0.34134057412251395
747209,0.04090661325876202
747210,0.5827160875880317
747211,0.9996314412911156
747212,0.26506988473217385
747213,0.9999463351810141
747214,0.9969340646933784
747215,0.9727782423351292
747216,0.9998356520683811
747217,0.418076048804967
747218,0.37386290631916325
747219,0.9988825635941716
747220,0.3873815513777345
747221,0.17091858432946933
747222,0.03032996257349876
747223,0.6960404554907925
747224,0.8792175424372156
747225,0.4029706394301682
747226,0.9999283638429737
747227,0.832171746677262
747228,0.8283462484062403
747229,0.0047698413658362766
747230,0.9934509470659372
747231,0.43302465393451123
747232,0.9999823872613776
747233,0.7631357982719573
747234,0.5664744691552159
747235,0.9120286290970712
747236,0.9998917975243828
747237,0.9953628379526536
747238,0.9375270988252271
747239,0.9659828489698886
747240,0.7186197372962613
747241,0.0814492175320113
747242,0.17018816520762553
747243,0.5187849669859114
747244,0.9999577566911062
747245,0.8754952146433963
747246,0.9968758372295858
747247,0.9996642726769818
747248,0.002308467591974655
747249,0.11752192965796979
747250,0.11199559239137827
747251,0.03114171890151904
747252,0.9980865293644213
747253,0.9966632729463277
747254,0.9860621867360367
747255,0.7684287689123696
747256,0.7200788411274583
747257,0.049168101862792316
747258,0.8722847584575517
747259,0.9506371036480499
747260,0.19356521437403312
747261,0.9979853947885131
747262,0.734544382134413
747263,0.9211004763848547
747264,0.6731434101651437
747265,0.8204602816374724
747266,0.9434966362359497
747267,0.9999202521705208
747268,0.23642343251968462
747269,0.9261138401979501
747270,0.005816381678536172
747271,0.7494467538200025
747272,0.995075402826207
747273,0.9613985159442692
747274,0.9998178694961919
747275,0.9987388697341872
747276,0.994224523095272
747277,0.9485551841556619
747278,0.9951774819126673
747279,0.0455415546476945
747280,0.40752796187621776
747281,0.9997961730304068
747282,0.8373634913544274
747283,0.8455227710168536
747284,0.9489049492231134
747285,0.36882354294286046
747286,0.42366761638401695
747287,0.9982817295874694
747288,0.9855586703923248
747289,0.4757823244464939
747290,0.4193741604993926
747291,0.9995012393267282
747292,0.029164230474792448
747293,0.99769999972331
747294,0.014904491810887323
747295,0.9996492703279498
747296,0.17452552500158172
747297,0.9981284093047598
747298,0.9990590995699968
747299,0.016841230434044414
747300,0.6261378028421163
747301,0.012066262708138747
747302,0.038398764930716756
747303,0.7655591579448005
747304,0.44448347896330664
747305,0.9754995491977665
747306,0.5708256575376673
747307,0.9472123979622187
747308,0.95904767096751
747309,0.2936120607519224
747310,0.995895152396949
747311,0.993827423511717
747312,0.0824509531712442
747313,0.9999078172715986
747314,0.1757449370645376
747315,0.9950379758766537
747316,0.9946345623378092
747317,0.25009544768606334
747318,0.8906711078410161
747319,0.9977895725637391
747320,0.9526206163051871
747321,0.9999931812872517
747322,0.2549933387408754
747323,0.9490269509157145
747324,0.5697032427533063
747325,0.6340699182992315
747326,0.9888707334341488
747327,0.9998750414661786
747328,0.9992597472725304
747329,0.9849870785732171
747330,0.9897556988848591
747331,0.0245073303161805
747332,0.7781939343730826
747333,0.7549808124460391
747334,0.9998929571478445
747335,0.9993570251021786
747336,0.7671325831472311
747337,0.8457059907917364
747338,0.42960761703993333
747339,0.9898240878046398
747340,0.9998511050644763
747341,0.17484655459937468
747342,0.9994062486548558
747343,0.9513442825124356
747344,0.9999939819730144
747345,0.49729084978701027
747346,0.9976563837958373
747347,0.9999257979074121
747348,0.9999720212775091
747349,0.924543837549987
747350,0.012156984342658063
747351,0.7191414994511697
747352,0.6377294196360357
747353,0.8689631546860588
747354,0.9941764359408641
747355,0.9997920036432483
747356,0.7691622948098711
747357,0.8075288472644915
747358,0.606556518566497
747359,0.9914522900089093
747360,0.9976917951858784
747361,0.09768253946399892
747362,0.9994421942866234
747363,0.5799784995690573
747364,0.9997372791231514
747365,0.6653888576672674
747366,0.9993296132001798
747367,0.9786615181277942
747368,0.9890493964741447
747369,0.998336426743929
747370,0.9952823647013471
747371,0.12953314369004384
747372,0.9993598436889249
747373,0.39071317467384725
747374,0.5505848334827229
747375,0.49695945543508385
747376,0.9866398796670774
747377,0.890478783461133
747378,0.8350213367705688
747379,0.02087582735242826
747380,0.9999410791905284
747381,0.9985518853700256
747382,0.9886754212089334
747383,0.7391398454079328
747384,0.1795411024993328
747385,0.9999595096360043
747386,0.0968683962607155
747387,0.9997348952896468
747388,0.9999625455506771
747389,0.9996180658605414
747390,0.21940831647767844
747391,0.4073526569518644
747392,0.00894708804597701
747393,0.9523058859844356
747394,0.09302487619086938
747395,0.9955155956741529
747396,0.044502412935436185
747397,0.9983058733384913
747398,0.9881606277076203
747399,0.022005885617786852
747400,0.7759258135310357
747401,0.9992759432268161
747402,0.20149768723733522
747403,0.9995253624283207
747404,0.9998345149648502
747405,0.9840738808858884
747406,0.9160064478517107
747407,0.06652969721723301
747408,0.6885568832274287
747409,0.6854040533741361
747410,0.3796096651130917
747411,0.9929822111531039
747412,0.9998745867525676
747413,0.9098482232188027
747414,0.03819326504415226
747415,0.18231760703222444
747416,0.9999912345014305
747417,0.7676163004835174
747418,0.9992548963148487
747419,0.8694117568853521
747420,0.046697344163987596
747421,0.9991915247636375
747422,0.8909056232959633
747423,0.6858674892941261
747424,0.9985787336395224
747425,0.6027158341594279
747426,0.49517196422472187
747427,0.9999172679151891
747428,0.1330010545743278
747429,0.5858194264046466
747430,0.3871357013012998
747431,0.9687964381350558
747432,0.9975768043955067
747433,0.9927672471591041
747434,0.9999634890996776
747435,0.959439810197242
747436,0.9969951514647066
747437,0.9999237520214392
747438,0.5531348945134049
747439,0.9556411973430446
747440,0.932870620029547
747441,0.017998599704923686
747442,0.9807176353493816
747443,0.9994837342681706
747444,0.9746902060164273
747445,0.6277496755457583
747446,0.9250878179535936
747447,0.9995780531901155
747448,0.9517710901444614
747449,0.4338987773942665
747450,0.9783751373469735
747451,0.9984984864035
747452,0.9999862795207575
747453,0.952193340954818
747454,0.7552398964414031
747455,0.9999345783125986
747456,0.012726937906303755
747457,0.8604656630369261
747458,0.7837886325560675
747459,0.9999745213261189
747460,0.8504633995433921
747461,0.7294951151674688
747462,0.003686669785398493
747463,0.9999652136909839
747464,0.6878514246522079
747465,0.9999666836943405
747466,0.9002754567921643
747467,0.9035665677208278
747468,0.9974659613356758
747469,0.9953181575819536
747470,0.09981052878084787
747471,0.32629748674835823
747472,0.2790879876998258
747473,0.8079153572487028
747474,0.9833114900312471
747475,0.854629835927722
747476,0.21726094155321485
747477,0.9982791803048667
747478,0.8823697894580071
747479,0.999919905755922
747480,0.9973169480731572
747481,0.6559772520331055
747482,0.16052441361284653
747483,0.0376607279250454
747484,0.9716197714240111
747485,0.9942950302970642
747486,0.9641367608412035
747487,0.9908322305439848
747488,0.19738680621868832
747489,0.9991258879959116
747490,0.9998734606221935
747491,0.9999874210619211
747492,0.9377124534860639
747493,0.009137846432198008
747494,0.9997830333491243
747495,0.9982753249468126
747496,0.9962298823089281
747497,0.9790536042542237
747498,0.3296723116197401
747499,0.9988943202532551
747500,0.9955336155649094
747501,0.803212880364357
747502,0.015167182675227441
747503,0.9475028950405413
747504,0.2949333546394981
747505,0.12618763592805615
747506,0.995803219687472
747507,0.9345487827390244
747508,0.7998742359573434
747509,0.22370649933510517
747510,0.9998668553835235
747511,0.9540143887039128
747512,0.9976527587457237
747513,0.9878986319536075
747514,0.010866823061085319
747515,0.9995391803782803
747516,0.9923350965457463
747517,0.25763885929024327
747518,0.9403739093695124
747519,0.9941085069934075
747520,0.9999600360028326
747521,0.9993172246664774
747522,0.99996228458469
747523,0.5178002304206406
747524,0.9963538997667366
747525,0.9999644771282911
747526,0.9997428887829052
747527,0.9980364950745306
747528,0.05922446635775078
747529,0.038025712948536336
747530,0.6991987982737116
747531,0.9840621717763488
747532,0.9995882337625126
747533,0.9916889988602937
747534,0.6898825973388143
747535,0.9984395128030753
747536,0.999859629968968
747537,0.9280992964629202
747538,0.9807287788843698
747539,0.9994842256759906
747540,0.9994324656301159
747541,0.35583352634241355
747542,0.6728088684038424
747543,0.9122886314071178
747544,0.014660092428902927
747545,0.8407092199138202
747546,0.9350234903518846
747547,0.9989169716926187
747548,0.23218346773903475
747549,0.995779182092011
747550,0.4329117985648292
747551,0.9706058219741875
747552,0.9975900606225816
747553,0.18535802577256627
747554,0.008065612278065177
747555,0.9999883968650063
747556,0.9803316313802792
747557,0.9956129201814103
747558,0.9281472989191064
747559,0.9998600754804696
747560,0.7044680109148747
747561,0.9839675896802677
747562,0.7769146137490488
747563,0.9986413802880505
747564,0.9829766083081727
747565,0.9704356868584061
747566,0.9944552810841887
747567,0.9996751445396003
747568,0.9989412834651286
747569,0.973188619765394
747570,0.794486274827759
747571,0.8645207792300941
747572,0.999978993975201
747573,0.131604809239417
747574,0.13389254655442104
747575,0.886420337683518
747576,0.8822653962850281
747577,0.009311977237265873
747578,0.999639831032319
747579,0.9999592168947036
747580,0.20303551925435193
747581,0.9994445526465043
747582,0.9991690998428299
747583,0.02816103440047109
747584,0.9316379960329659
747585,0.801714122605649
747586,0.9994481561112438
747587,0.01321679962519575
747588,0.9998212226709531
747589,0.529823625558414
747590,0.7777029900267352
747591,0.46974917090836305
747592,0.9896560520837323
747593,0.7980654485638403
747594,0.4398917001978375
747595,0.10755764215672009
747596,0.9985898951358669
747597,0.48189894832854574
747598,0.9993038541430505
747599,0.06896570076841206
747600,0.9997048093456777
747601,0.9983663865160504
747602,0.9997235390517388
747603,0.7597073511126253
747604,0.2514256134394712
747605,0.9996906967254318
747606,0.9424917209522325
747607,0.9999632267455335
747608,0.9998556276298629
747609,0.9908344809382081
747610,0.5198413005199831
747611,0.3774864910282686
747612,0.9999985340295323
747613,0.5201906240305076
747614,0.8007390570727337
747615,0.9990277913301844
747616,0.9765922675992367
747617,0.8228337291637531
747618,0.9997834475978824
747619,0.9622764151517719
747620,0.9999652934750436
747621,0.05587423270335437
747622,0.9782938351407271
747623,0.9998457663514868
747624,0.11769943517145554
747625,0.9964961694938423
747626,0.9998843882952564
747627,0.9996577308055272
747628,0.6902964227847824
747629,0.19905388099517476
747630,0.8862117809982282
747631,0.01572901626613488
747632,0.9958736686850349
747633,0.9996745495161691
747634,0.9997444074599873
747635,0.10909444205373765
747636,0.9915433316689174
747637,0.9998312629028113
747638,0.473847467305864
747639,0.427951713967074
747640,0.30079702608498204
747641,0.9992725012465321
747642,0.20573845541853927
747643,0.9999715017070758
747644,0.9998876998994581
747645,0.005153600060658974
747646,0.99429940120106
747647,0.9967523120021637
747648,0.8130350487848378
747649,0.027462098163710594
747650,0.07617800655677724
747651,0.15113871833940395
747652,0.9996940719934369
747653,0.061690400858551875
747654,0.8520999351847113
747655,0.09073392016488266
747656,0.01546645443226875
747657,0.33297403321352226
747658,0.611711445649533
747659,0.07510967902991962
747660,0.4529493911388789
747661,0.9744822614260333
747662,0.998030019873832
747663,0.6405851081850067
747664,0.8744033890849632
747665,0.012620077163981088
747666,0.6886488171969853
747667,0.9960317830828822
747668,0.24224425655806564
747669,0.8109249064180972
747670,0.23261533802534798
747671,0.03209518341051827
747672,0.9699771707905839
747673,0.9999267501020623
747674,0.36555406498303034
747675,0.7674803188388987
747676,0.9996749888535273
747677,0.9956606875133864
747678,0.9312129424257309
747679,0.974590462931965
747680,0.9997506078063181
747681,0.4976498214566771
747682,0.9464121945636594
747683,0.19164660819765938
747684,0.9958969478347122
747685,0.9998112167714712
747686,0.9999636877726424
747687,0.9961050385304249
747688,0.0030903596836680315
747689,0.9483034713540361
747690,0.9567899176819906
747691,0.9948977134384657
747692,0.1300046853926189
747693,0.9990639300994391
747694,0.3849806449254529
747695,0.9976622677414746
747696,0.04773972101693601
747697,0.6167525095272409
747698,0.9413781829185677
747699,0.030455580424147845
747700,0.16249427174069925
747701,0.8872492704573565
747702,0.9998354464448266
747703,0.9981738898553769
747704,0.9930537146469678
747705,0.9947352398179081
747706,0.9993914518757151
747707,0.06411972788958491
747708,0.32271020335846656
747709,0.5180236634506143
747710,0.01661742681255093
747711,0.9022733104310764
747712,0.9997900149179428
747713,0.9829761738737053
747714,0.9946808380195616
747715,0.15890300010490535
747716,0.959317758736185
747717,0.7548420691120212
747718,0.7405503376858584
747719,0.9970916239036951
747720,0.36157221973398457
747721,0.29518678102286827
747722,0.9999421834611109
747723,0.9262167175337581
747724,0.9996722383319332
747725,0.995505922960745
747726,0.7202975595739523
747727,0.9742381154641309
747728,0.8565588699491241
747729,0.9996931368681468
747730,0.3533411842935703
747731,0.9981038525578159
747732,0.011232670504725616
747733,0.9952557990598851
747734,0.9998430546560453
747735,0.9984603998626478
747736,0.9114672964309292
747737,0.768454788751917
747738,0.9999140355635715
747739,0.5584155555124483
747740,0.9982933835209818
747741,0.8565713173288091
747742,0.5874015759524525
747743,0.9999507807618682
747744,0.9999029921566192
747745,0.12898954308223812
747746,0.37506068600329645
747747,0.7415419283033047
747748,0.9918904186751445
747749,0.9918978758212473
747750,0.6455930769529098
747751,0.5925770300266063
747752,0.9996437798940636
747753,0.9961843135393174
747754,0.4457281417666495
747755,0.2095499326319192
747756,0.9967029811889221
747757,0.23225056220423623
747758,0.5718834361937711
747759,0.99825157173026
747760,0.03349311633398158
747761,0.9988755036953969
747762,0.9996130608473355
747763,0.9994485269195137
747764,0.9458599343006153
747765,0.052958756896866216
747766,0.9629927037816124
747767,0.041995141455549556
747768,0.8901783479140204
747769,0.9997780597291389
747770,0.19087790524919962
747771,0.823006204761109
747772,0.01552297705093016
747773,0.2985957149194216
747774,0.9996706316381199
747775,0.9999843088956014
747776,0.9993191994726365
747777,0.929014567084171
747778,0.9983119052212954
747779,0.7720321762571905
747780,0.9997951698478726
747781,0.9998894057830033
747782,0.4727368401065374
747783,0.9006461431012389
747784,0.01493953683686599
747785,0.6674443493007727
747786,0.9996874546651845
747787,0.9993356089003224
747788,0.7092962618647831
747789,0.9964481688283182
747790,0.8553609384307137
747791,0.9962549556025388
747792,0.0840179726586866
747793,0.9996495734577685
747794,0.8987238445546695
747795,0.8474240288122015
747796,0.6362275402221778
747797,0.3115543052316706
747798,0.9511682848601687
747799,0.9674376954493007
747800,0.9988771136727991
747801,0.9996695126495007
747802,0.19093323735427517
747803,0.21560717566466858
747804,0.25425810322666437
747805,0.9991550259522792
747806,0.9999022428014466
747807,0.992599698506301
747808,0.9986753039855184
747809,0.9902763668093281
747810,0.837755165847851
747811,0.9999518279882257
747812,0.5314557612959226
747813,0.5775476031032809
747814,0.9928211378967814
747815,0.9999838379857938
747816,0.9997480502742085
747817,0.971269268775177
747818,0.327951681631503
747819,0.6090462375153591
747820,0.7925075588203143
747821,0.5441197370075939
747822,0.8927152376922538
747823,0.9993974598861795
747824,0.8425335143575302
747825,0.14357242975986734
747826,0.38087046227653093
747827,0.9998189645821915
747828,0.998441020817221
747829,0.04077097384233051
747830,0.9996111827060773
747831,0.5043766822783251
747832,0.925399469191716
747833,0.9984008732058788
747834,0.036002641492784766
747835,0.99991798098199
747836,0.9997615956719305
747837,0.8741127119925544
747838,0.9785692153560568
747839,0.9911929934761133
747840,0.3218075926363019
747841,0.7079099409958035
747842,0.2335208426073756
747843,0.023170968297063478
747844,0.043237432515777406
747845,0.8541773546311134
747846,0.07380046127029079
747847,0.9840863007455436
747848,0.9999513896075194
747849,0.07117897286349634
747850,0.9469927747062682
747851,0.0309916717004362
747852,0.9995593416955051
747853,0.9999788831126473
747854,0.05195711223951475
747855,0.9746788897042433
747856,0.3811198414900768
747857,0.9481718448359735
747858,0.6012403079673757
747859,0.9999812916577449
747860,0.25146787388029507
747861,0.577376467763273
747862,0.029137296059201845
747863,0.9715267936840318
747864,0.9962276271881281
747865,0.9999253893401212
747866,0.7879831373026173
747867,0.151857730360256
747868,0.9998835843987899
747869,0.9804289674962976
747870,0.9974381185183365
747871,0.2508730541668318
747872,0.9876579663886845
747873,0.06700119934149067
747874,0.1449712926702869
747875,0.8441871373638976
747876,0.9977157308210958
747877,0.999984605589076
747878,0.6600505140673641
747879,0.9997494963454198
747880,0.5702582321206167
747881,0.999315300393656
747882,0.01940060280739055
747883,0.995751683349976
747884,0.100338674008474
747885,0.35762543209800324
747886,0.9999461887153906
747887,0.978439665709512
747888,0.8125364028202648
747889,0.19787404225978528
747890,0.5984562950208859
747891,0.12622842418490354
747892,0.8353048256198143
747893,0.9061332828995381
747894,0.6793825250213419
747895,0.9992324338053056
747896,0.9978835689333025
747897,0.06608044646498512
747898,0.9958249248132096
747899,0.28781335311230494
747900,0.13278074943739648
747901,0.020196534790950512
747902,0.9903215199923687
747903,0.9873189781510417
747904,0.8598333452692911
747905,0.44425483163919577
747906,0.9998850719576311
747907,0.9917403071482379
747908,0.9152061622879691
747909,0.998134180333667
747910,0.01175429169389093
747911,0.9996069845405897
747912,0.9989676291917269
747913,0.8463535958444272
747914,0.4295112307924128
747915,0.9969967044610437
747916,0.3680609256177795
747917,0.9623592096167868
747918,0.9977822067383882
747919,0.06913595611210856
747920,0.9994359673172737
747921,0.8201383563167188
747922,0.658468198072545
747923,0.004727951372122373
747924,0.046067365295477586
747925,0.9999231456042441
747926,0.9997623756260465
747927,0.8457026437000397
747928,0.9999958378445833
747929,0.21613424377796234
747930,0.3238267694820953
747931,0.4130376943764092
747932,0.06977091576735729
747933,0.9990326618714834
747934,0.9780549895465049
747935,0.029723256951717764
747936,0.9974702335884097
747937,0.9551580596929825
747938,0.9999579992725731
747939,0.9372837421693903
747940,0.9737606802182455
747941,0.9999397714106943
747942,0.6975019891354424
747943,0.9781637673851032
747944,0.998675712004904
747945,0.07519072235208606
747946,0.9997864965002177
747947,0.999074213228655
747948,0.38528748972765925
747949,0.977868057553549
747950,0.9958348133660635
747951,0.8690484349515049
747952,0.7570041115684587
747953,0.9968362449957426
747954,0.05098882231185123
747955,0.9996580424923404
747956,0.03734845761245009
747957,0.7282575707533185
747958,0.022134406815232235
747959,0.7688493529097228
747960,0.998286952371605
747961,0.9258631338331643
747962,0.9997607998622066
747963,0.9942356273189815
747964,0.13314689429274545
747965,0.12178508271920435
747966,0.09507176420232817
747967,0.9989385868918634
747968,0.9987823416417475
747969,0.9846417131687598
747970,0.9972685364208528
747971,0.24650178555208532
747972,0.6939542940255203
747973,0.15637661655885837
747974,0.9976192658150115
747975,0.013402102108358235
747976,0.9943856263856656
747977,0.6203673037601827
747978,0.9997852482671739
747979,0.6319697789412297
747980,0.35331908321815064
747981,0.9995754877278831
747982,0.6570444018686896
747983,0.14560960093657263
747984,0.9286693143473819
747985,0.9967765155750162
747986,0.7650348604441496
747987,0.9990638966746679
747988,0.9334182144888528
747989,0.052132987273327505
747990,0.3213929071932301
747991,0.014753383635864373
747992,0.3126186387294633
747993,0.5822534279831464
747994,0.9997999181355758
747995,0.7311113396542122
747996,0.01873838232176854
747997,0.28064383911456076
747998,0.9435200459359976
747999,0.9944767994571837
748000,0.019782332715566616
748001,0.9997192494496188
748002,0.9999757910083773
748003,0.9999176148294662
748004,0.9901632626059521
748005,0.012566956270069254
748006,0.7521554442915829
748007,0.324513534329853
748008,0.4591801258064989
748009,0.32342755610986657
748010,0.37221896027869883
748011,0.999781864130736
748012,0.958109976140892
748013,0.999994858243165
748014,0.4691341955827262
748015,0.9986393430455287
748016,0.9996909585125184
748017,0.7229170713165818
748018,0.9948230100581523
748019,0.9999169092448416
748020,0.9997900066760496
748021,0.9999696797383651
748022,0.9997141228941967
748023,0.5422924473686177
748024,0.9995985904706626
748025,0.05023542566487488
748026,0.9894241317325113
748027,0.9354675862482156
748028,0.8365764456248584
748029,0.9999819946849358
748030,0.9966037045053423
748031,0.0004769148962913139
748032,0.9963970867381784
748033,0.9620633055665395
748034,0.9009967583498218
748035,0.9888548143336079
748036,0.006299270352153666
748037,0.9999097106961224
748038,0.01162611610548616
748039,0.999839572941752
748040,0.9998412049813308
748041,0.997006846490814
748042,0.9999343565988511
748043,0.8273686856482592
748044,0.9997431663006576
748045,0.9247137517966606
748046,0.9996560201182949
748047,0.9957114431617146
748048,0.16729517711014263
748049,0.009277657447890239
748050,0.5143877224860602
748051,0.4147545373331549
748052,0.7995903086983132
748053,0.9886572116240167
748054,0.8930490091188625
748055,0.9999570130588882
748056,0.852127808150247
748057,0.9969537854717253
748058,0.659056463049509
748059,0.7959168576163171
748060,0.9999851696224127
748061,0.6362335685855196
748062,0.9926110904078047
748063,0.029509014229903027
748064,0.8619073502611604
748065,0.9995773674408013
748066,0.9999882928745476
748067,0.9849858888585534
748068,0.4577394649407826
748069,0.9614694733476661
748070,0.9174371579012794
748071,0.1348864374768697
748072,0.8824757347455328
748073,0.9909443813402372
748074,0.9992930772142401
748075,0.6391316687650077
748076,0.9958031638277292
748077,0.9914252006294137
748078,0.9999643422202512
748079,0.21020277108734162
748080,0.9964287723089114
748081,0.12569624109650027
748082,0.8916794944658841
748083,0.676384477707095
748084,0.9956174770276154
748085,0.5403882280355614
748086,0.9984968752823294
748087,0.9941035114499646
748088,0.08179315529761594
748089,0.42065025309109527
748090,0.5385753431279342
748091,0.9999856223716176
748092,0.9995115860850048
748093,0.2037342776713254
748094,0.9988508244366101
748095,0.9998594531023701
748096,0.06617795736598028
748097,0.9718870087142866
748098,0.04529274629017162
748099,0.9997391773451032
748100,0.9996253466678439
748101,0.9807551925358374
748102,0.9976760669212932
748103,0.9999852157271978
748104,0.13340839991501066
748105,0.9849222958359731
748106,0.9997088974148592
748107,0.9991555480113442
748108,0.9109837437594153
748109,0.8358254978987713
748110,0.3626774274995126
748111,0.48927724994884136
748112,0.5112309345296006
748113,0.9836379685065882
748114,0.9990130768883932
748115,0.9983845848716522
748116,0.06372887908153642
748117,0.5922446874147318
748118,0.1764938696734043
748119,0.01094644400063186
748120,0.01732786001610581
748121,0.9875181544739016
748122,0.010419212444347358
748123,0.9548269116338504
748124,0.697185475734838
748125,0.9972808836101459
748126,0.9664433915483122
748127,0.1487547326266495
748128,0.9982385620831289
748129,0.8410792700545245
748130,0.09798506355807673
748131,0.9999845483710517
748132,0.3429612257525812
748133,0.5823994457927226
748134,0.9997715580320753
748135,0.9904823186154366
748136,0.9205394937557283
748137,0.4436886837813798
748138,0.8906615540142679
748139,0.9995827985866892
748140,0.9438682527848596
748141,0.4747450194394621
748142,0.9870264829504825
748143,0.2188632001018457
748144,0.9840447644277057
748145,0.04707514374278103
748146,0.9997344932989058
748147,0.9477014316365295
748148,0.15919888648135908
748149,0.9132471091805362
748150,0.9984426283042214
748151,0.17935499680934358
748152,0.999907782944492
748153,0.9994048702814166
748154,0.9730089005323963
748155,0.5474108597076117
748156,0.9005286352225138
748157,0.688956284792103
748158,0.8515899154903447
748159,0.9324241915856241
748160,0.9994031371790276
748161,0.8786862688689396
748162,0.2628692329457919
748163,0.9993358883485004
748164,0.44431502417783947
748165,0.6262981183128177
748166,0.9999842495813088
748167,0.9997488232347063
748168,0.9850036994633331
748169,0.9999725865377382
748170,0.9581794085968369
748171,0.9907757664404877
748172,0.9976714081977347
748173,0.2767919563012
748174,0.975698610615578
748175,0.05238089044852626
748176,0.8754868155256103
748177,0.8811846199249358
748178,0.9994952869718511
748179,0.4334652319545606
748180,0.716951804944934
748181,0.08050790411923212
748182,0.5877933831546778
748183,0.9997404818849889
748184,0.8199013105036094
748185,0.9942719502213655
748186,0.5291594744701296
748187,0.8701629042574046
748188,0.9997043262728615
748189,0.05077207436729141
748190,0.14535329768225205
748191,0.9999687773435191
748192,0.016287310202579133
748193,0.9992257806280587
748194,0.9961355679135109
748195,0.997511012258442
748196,0.0060523071326519275
748197,0.9999022229412728
748198,0.9994862735977867
748199,0.6116750409227697
748200,0.8759211834241449
748201,0.9985800876569451
748202,0.07970989251926201
748203,0.9987278033234297
748204,0.05714003232461509
748205,0.2713848289392018
748206,0.9798177155023671
748207,0.9824979093861477
748208,0.9995597511602878
748209,0.9998482914412168
748210,0.9998612797018311
748211,0.9952328245725259
748212,0.999985048336485
748213,0.8510378891523833
748214,0.07050056397330869
748215,0.9995836785217113
748216,0.9999356070962505
748217,0.9750865077711813
748218,0.6748432437320933
748219,0.8243144156185187
748220,0.35091354315190615
748221,0.9999740002632318
748222,0.9996556426206982
748223,0.1562867781136797
748224,0.7229127064431842
748225,0.8774099122886302
748226,0.5164839292687524
748227,0.9538306018147613
748228,0.9826040052406
748229,0.005171074512995762
748230,0.9510589931231594
748231,0.13010438488804624
748232,0.9984589561533902
748233,0.999817270870178
748234,0.9779113706142455
748235,0.2971322473943247
748236,0.45267524314492047
748237,0.9322495535965938
748238,0.9803622761599509
748239,0.9999342660909195
748240,0.9993876185520314
748241,0.8726056559909128
748242,0.9977576630267063
748243,0.9045294368393721
748244,0.02498458958165048
748245,0.8766972473889577
748246,0.9969309466068308
748247,0.7058223889583284
748248,0.022599542055511988
748249,0.9999647351967753
748250,0.5180291181494369
748251,0.4439987646503296
748252,0.5192960974730693
748253,0.34608118887481537
748254,0.7969187137766203
748255,0.995081812610922
748256,0.9994515628248593
748257,0.3851724568093012
748258,0.07163175459236767
748259,0.9991435248684375
748260,0.013818298214091827
748261,0.28267230214464056
748262,0.756146137808202
748263,0.9833819885571279
748264,0.9999371948679583
748265,0.9941297314885837
748266,0.9995254966570726
748267,0.043370483267600686
748268,0.9997750639699177
748269,0.9991205806393524
748270,0.9995707876684073
748271,0.9995794637421145
748272,0.9998863268079746
748273,0.9999666081532865
748274,0.9975018002639933
748275,0.9990065583501391
748276,0.8015867880328753
748277,0.9994801052225979
748278,0.46971892942766014
748279,0.6658212849010222
748280,0.9989538795806465
748281,0.974165705039026
748282,0.9126641919513853
748283,0.9295609124424512
748284,0.04491307155200736
748285,0.9933806715438522
748286,0.9996827053448845
748287,0.9999468653067034
748288,0.721764375795285
748289,0.9553793045578856
748290,0.4562789942510205
748291,0.996245038690954
748292,0.27694393519224103
748293,0.9088861119976821
748294,0.9632197210938898
748295,0.00446264795615043
748296,0.9910405233013797
748297,0.9995893130613837
748298,0.6994766313085252
748299,0.9998139943033093
748300,0.7496270125113168
748301,0.9931017842986117
748302,0.7137959821475375
748303,0.9975907229322434
748304,0.7632431475932764
748305,0.9998971464683546
748306,0.9751331461675128
748307,0.2828212989374224
748308,0.9922907259914744
748309,0.9999846722481083
748310,0.9963120408400575
748311,0.0035437747609937684
748312,0.9994296666499524
748313,0.2800621534500038
748314,0.9794978795524798
748315,0.6674023546365515
748316,0.30412051557360775
748317,0.9953380866282051
748318,0.08878204199784562
748319,0.9999413451888989
748320,0.018767554487628495
748321,0.5411618310004819
748322,0.9997261207631734
748323,0.44348659331384715
748324,0.9693833530848075
748325,0.23512088381300386
748326,0.7970101771463103
748327,0.6934865655698372
748328,0.36601420641082755
748329,0.8366217738794048
748330,0.1056311996332634
748331,0.7683978841299571
748332,0.9898168015517262
748333,0.9982457115387575
748334,0.9992970520512069
748335,0.9181910542165599
748336,0.5891737007676032
748337,0.9998681107254161
748338,0.6708384626789761
748339,0.9947820432518092
748340,0.8852366244382679
748341,0.037838877621141256
748342,0.9952461267235865
748343,0.9997313842774352
748344,0.6965759947671211
748345,0.7408181202839804
748346,0.040431725548342665
748347,0.05431758578168158
748348,0.9999592947427736
748349,0.5326422536591499
748350,0.9955622693359355
748351,0.3585518190889321
748352,0.07465027041120169
748353,0.9996756908224849
748354,0.9998920472788941
748355,0.18659550630472702
748356,0.9958456839490414
748357,0.6041024538776816
748358,0.999936338975979
748359,0.9998900391885188
748360,0.36485056245465375
748361,0.9997440125768886
748362,0.9649547798962473
748363,0.912625605574343
748364,0.9456880034576907
748365,0.999979356220592
748366,0.9501036178899827
748367,0.9945964236168161
748368,0.7929051747616908
748369,0.7482118839457597
748370,0.9977510052707891
748371,0.9999036486998006
748372,0.9908211517644235
748373,0.36477196381404664
748374,0.9988973514367423
748375,0.9998069415310142
748376,0.9999696334955159
748377,0.999218457272369
748378,0.9923589533473209
748379,0.9999056233603782
748380,0.9996159331765675
748381,0.8750456972474289
748382,0.73484931658182
748383,0.08522829879924015
748384,0.998678944341028
748385,0.6275102000129444
748386,0.9997098000008225
748387,0.9974794498862182
748388,0.9906614409478656
748389,0.9998301110842753
748390,0.5323959589311895
748391,0.4360279804692685
748392,0.7197479178578937
748393,0.9996474332224207
748394,0.9750767200047012
748395,0.1254155269152228
748396,0.5225041649792486
748397,0.3474750866226102
748398,0.6088904722975699
748399,0.9999143280442179
748400,0.9999910609748289
748401,0.2865944585930064
748402,0.9997585126239747
748403,0.991771312882737
748404,0.059455014689735484
748405,0.35576636396283745
748406,0.9787195932996666
748407,0.706817478925422
748408,0.5661461330264936
748409,0.9428847664477721
748410,0.00425584423099679
748411,0.030996203717880196
748412,0.9999596646382809
748413,0.9210673621443987
748414,0.018600160058209313
748415,0.6465070082144129
748416,0.9920725072321404
748417,0.3718647467876336
748418,0.9982507502878579
748419,0.9792018928227577
748420,0.11530939542458638
748421,0.9882132147647738
748422,0.9723518760624477
748423,0.12052865136392181
748424,0.05704452687740566
748425,0.9996716411423348
748426,0.2532062200592873
748427,0.9853603750591625
748428,0.4509628822925804
748429,0.999987426023768
748430,0.04915316794599288
748431,0.9872974927331708
748432,0.33146938314482854
748433,0.0169529689932023
748434,0.8422874384018544
748435,0.6019010745323743
748436,0.025942643109118216
748437,0.9998196481622108
748438,0.41651585879340824
748439,0.1558180993167713
748440,0.9990552041507648
748441,0.8047342118442755
748442,0.9998643087479131
748443,0.7962545039797324
748444,0.45363140846731864
748445,0.013165446344379942
748446,0.8329180214814135
748447,0.5931663419783494
748448,0.08526524183074259
748449,0.6738911968483904
748450,0.9993778748600793
748451,0.9988848613952218
748452,0.9999079093545861
748453,0.664893581873919
748454,0.9993842930962042
748455,0.610475149246407
748456,0.531129442485632
748457,0.8179107988049135
748458,0.9997657656084076
748459,0.9946540495505731
748460,0.0120112287924595
748461,0.9812377561688936
748462,0.9990572655949321
748463,0.9999588749872563
748464,0.9996634911533027
748465,0.9997299803620026
748466,0.019702402618768097
748467,0.4239076879242606
748468,0.9816815034036541
748469,0.8282371551891623
748470,0.9999730763067674
748471,0.9991369684285296
748472,0.524299876516113
748473,0.9672695273086552
748474,0.9682091864631754
748475,0.017475613786560148
748476,0.8058910467231564
748477,0.8794188470284314
748478,0.9999324986123412
748479,0.9988802086106998
748480,0.011888972341871234
748481,0.08124740466638233
748482,0.1261636074282516
748483,0.024842963662728763
748484,0.9989792377878732
748485,0.9998395583714426
748486,0.5286317467252859
748487,0.9921861171203586
748488,0.8559678621740812
748489,0.9974499565151717
748490,0.996585077744043
748491,0.99750187836878
748492,0.1092788005376302
748493,0.044554693069838405
748494,0.8704675341341677
748495,0.9988536804272263
748496,0.9982355816867143
748497,0.9999734732680774
748498,0.10427694954641009
748499,0.9950635631298531
748500,0.4021964556688311
748501,0.9998781175189788
748502,0.9727459190655985
748503,0.009854421067886372
748504,0.9302019233540583
748505,0.9221337419709018
748506,0.9482219404425416
748507,0.9965198616340151
748508,0.9991754517818425
748509,0.9996385272393853
748510,0.9526034013516792
748511,0.9999336641001454
748512,0.9999733844329747
748513,0.5871205056739943
748514,0.9783896465797676
748515,0.416089575196428
748516,0.9597863588561208
748517,0.548632665919901
748518,0.9998611301422287
748519,0.9349863666645508
748520,0.3038140389279865
748521,0.024708327125865653
748522,0.31171689652047535
748523,0.9986995931939379
748524,0.09483351879333993
748525,0.05608191905776992
748526,0.15061193394145922
748527,0.3380754494826357
748528,0.8378820775810476
748529,0.9973736743723073
748530,0.7482506336862783
748531,0.9932842281508296
748532,0.9916344432667934
748533,0.9997877751598335
748534,0.9999354454881342
748535,0.9358662361943606
748536,0.9497639628499235
748537,0.9998702539333487
748538,0.9995185088574317
748539,0.19269235153178585
748540,0.9989449938501385
748541,0.9998984939152105
748542,0.9997499368632226
748543,0.9435504674156783
748544,0.19610052564568928
748545,0.9244276638418393
748546,0.9947218789443389
748547,0.46335971562862033
748548,0.9549168980352061
748549,0.9559170308120422
748550,0.9981748285258083
748551,0.6332245970486927
748552,0.9999498136712635
748553,0.9999653262379636
748554,0.9996697408371018
748555,0.12699176221742475
748556,0.6487454390099472
748557,0.9999398796912671
748558,0.9998040701185912
748559,0.9923360490624784
748560,0.31551262874016706
748561,0.9958113373847475
748562,0.1650560886531488
748563,0.31533797157793025
748564,0.5779171945136697
748565,0.07987905332716838
748566,0.9999212133918138
748567,0.5546211529051837
748568,0.5613835722690614
748569,0.9191497653801307
748570,0.7806160150207306
748571,0.9990722817388192
748572,0.056766360207190524
748573,0.3677252920858419
748574,0.8266534412699271
748575,0.9996116097691043
748576,0.554634858152628
748577,0.9092453252004622
748578,0.9999453352170091
748579,0.9815470501915736
748580,0.011794810915694572
748581,0.999892057315706
748582,0.9999133730830856
748583,0.9997427762757796
748584,0.7605665534731151
748585,0.021322530500111188
748586,0.9977868909493162
748587,0.9871741421788398
748588,0.6770081323422793
748589,0.020930068879340617
748590,0.5034405572455982
748591,0.99997032366808
748592,0.6237925804193167
748593,0.9838661690720816
748594,0.4355221600540216
748595,0.9944372392862089
748596,0.5226081149810706
748597,0.9523120270069573
748598,0.00942003725908865
748599,0.7896174310579639
748600,0.05819570187701028
748601,0.3018535463515682
748602,0.9988421079437779
748603,0.9998915558658006
748604,0.9995017801882247
748605,0.9635558166073352
748606,0.9810517305446957
748607,0.8551547468477598
748608,0.9316150686466538
748609,0.9984847808247603
748610,0.007731590611338153
748611,0.999044808413369
748612,0.8184368412302644
748613,0.9998798452455955
748614,0.9292763684660067
748615,0.7698740288323789
748616,0.9619689009342866
748617,0.6234328116891998
748618,0.7341379566249644
748619,0.36798779254320657
748620,0.9205352494926509
748621,0.08246627684162477
748622,0.013831136738307617
748623,0.8352668953174558
748624,0.8504079110152818
748625,0.9999383616329799
748626,0.7986055432796344
748627,0.007173990693774258
748628,0.9361914968393124
748629,0.5185884464477211
748630,0.004602429392203376
748631,0.9999728738265532
748632,0.9172912279522094
748633,0.4327990858746815
748634,0.8064774748774254
748635,0.9992263512312873
748636,0.9938366428296397
748637,0.9955319578063817
748638,0.9998484596795879
748639,0.40049158546168107
748640,0.9646933489520939
748641,0.2709047944334748
748642,0.997332807264978
748643,0.9992533257060903
748644,0.08328944948478188
748645,0.9911870961628935
748646,0.40340385279014007
748647,0.7985407245504652
748648,0.9999261440089513
748649,0.8917926811363601
748650,0.6971349405532714
748651,0.10441217809984893
748652,0.08581172069461801
748653,0.9998285024407335
748654,0.04945638552220829
748655,0.39018393454504463
748656,0.9221560725874034
748657,0.8317915879710727
748658,0.05914757848205476
748659,0.9035420421090539
748660,0.9469424947404286
748661,0.807064854706473
748662,0.9984794545363167
748663,0.99356707978489
748664,0.9997198529354396
748665,0.33528142531517147
748666,0.829065177265804
748667,0.9999567813760475
748668,0.6354252127769048
748669,0.2881485955465268
748670,0.999992693234607
748671,0.9954236354516905
748672,0.06502757082740242
748673,0.999647872276391
748674,0.9921369873999559
748675,0.6279077976894081
748676,0.8994811081560656
748677,0.9989626677026429
748678,0.9995819021426284
748679,0.04509402197526984
748680,0.3939281351728092
748681,0.10156043095731287
748682,0.5895513201813312
748683,0.9977239301809804
748684,0.06829253618461324
748685,0.5474122793377868
748686,0.2949581325971352
748687,0.5850843559723096
748688,0.9470496523402833
748689,0.24838148293128104
748690,0.9995809904061861
748691,0.9668722262471392
748692,0.4993966205412615
748693,0.9953670355680193
748694,0.9991056040953219
748695,0.04172927158868281
748696,0.41483698465665125
748697,0.05949960719978383
748698,0.9950096415618379
748699,0.9993127817052591
748700,0.9984583813023777
748701,0.7357264351750125
748702,0.9936442554802833
748703,0.7028422902646958
748704,0.9987819762521315
748705,0.0778656589149712
748706,0.16172880795275138
748707,0.03075399181676954
748708,0.7080506176773309
748709,0.012965149589157504
748710,0.35263338547084455
748711,0.9754642524880345
748712,0.9334681153101588
748713,0.9798014484326036
748714,0.9968743331818711
748715,0.9737494072647426
748716,0.9995475279241183
748717,0.726497448823233
748718,0.9999331291918494
748719,0.9514340329625728
748720,0.9937093173185718
748721,0.999785573086685
748722,0.03638067033319548
748723,0.0596176990216568
748724,0.5632302162353373
748725,0.9997897703070037
748726,0.9998875225526189
748727,0.07806306829553075
748728,0.5130789745041429
748729,0.9966882711626446
748730,0.9992470420401599
748731,0.9999024653729814
748732,0.9240175592834352
748733,0.9998374684305396
748734,0.008020962762920901
748735,0.9553274410733463
748736,0.019486522345966442
748737,0.9966463782266739
748738,0.7308532965936263
748739,0.1031258770308058
748740,0.999349096108888
748741,0.9711552719203962
748742,0.5989083793794532
748743,0.9885790880518746
748744,0.8788827631584656
748745,0.8726425121346095
748746,0.6612187430725842
748747,0.8512385836369427
748748,0.11249534996084457
748749,0.4534722314702393
748750,0.9916345474449512
748751,0.8550264581354098
748752,0.31339295967207165
748753,0.35543389953820265
748754,0.9959173527082489
748755,0.9997028973737114
748756,0.9998308844848418
748757,0.9997572593955703
748758,0.9932975783358886
748759,0.9988011708999456
748760,0.6763581866441968
748761,0.4455745880232334
748762,0.2476235626872263
748763,0.9110013686314637
748764,0.9984166113251873
748765,0.9997314187797404
748766,0.9984364770329839
748767,0.9995233215901962
748768,0.9743572619294656
748769,0.9039635649966191
748770,0.8707216307469798
748771,0.763805545601683
748772,0.9716149272715863
748773,0.9981418846803343
748774,0.7766592690907475
748775,0.8136694188203502
748776,0.9995013211131246
748777,0.9999008584351421
748778,0.5731214032472741
748779,0.7923471592843445
748780,0.7259384408749237
748781,0.997776669296897
748782,0.9645251591676133
748783,0.04060928234259966
748784,0.9996418310010684
748785,0.9999136834149129
748786,0.9559080853299442
748787,0.9996170223331484
748788,0.9994626087627763
748789,0.42655982646061075
748790,0.9999778633501406
748791,0.9907455507070289
748792,0.9999716497370277
748793,0.9996039476478036
748794,0.9999115416319553
748795,0.9983210494763024
748796,0.9964164149906789
748797,0.6433915620024655
748798,0.9989172363475829
748799,0.3169608901155266
748800,0.48986579989329393
748801,0.9999570578873613
748802,0.9182511484511386
748803,0.8398238196623271
748804,0.003488006529204439
748805,0.764445535658719
748806,0.9998579286671613
748807,0.9967635198336938
748808,0.11334055640454842
748809,0.9988420916816494
748810,0.24408803457077843
748811,0.9999687120579794
748812,0.1495222525374664
748813,0.9058682440420526
748814,0.9998469453700257
748815,0.4416739705999536
748816,0.05533876205131618
748817,0.9986518450715761
748818,0.5633083382371924
748819,0.29534291751569597
748820,0.9741059738524499
748821,0.9450186491320691
748822,0.539334975985826
748823,0.9123943009786637
748824,0.9959779849889012
748825,0.7217941750610213
748826,0.37696049609160265
748827,0.9998852362125741
748828,0.9999826761178279
748829,0.2239098625782143
748830,0.997515367328229
748831,0.5087661712749625
748832,0.9663439952446502
748833,0.9996177280562347
748834,0.9980393687702935
748835,0.9989658775750018
748836,0.9968726772982153
748837,0.9994250102247078
748838,0.5353708204729508
748839,0.9996044980457823
748840,0.17451679068225434
748841,0.46531794723989955
748842,0.5036319631483144
748843,0.998952952443571
748844,0.20202733537797624
748845,0.9997738184128246
748846,0.9982609454869232
748847,0.8292348121984819
748848,0.5666462578541654
748849,0.005412810471534723
748850,0.647098365626261
748851,0.9977672833518081
748852,0.009186739246986483
748853,0.9996274477636804
748854,0.9989717121209252
748855,0.999902981982242
748856,0.590689848345987
748857,0.999224695833059
748858,0.9998924302336567
748859,0.7766189514533951
748860,0.8464926802768722
748861,0.9997424364763494
748862,0.9642450079387807
748863,0.9997386888130491
748864,0.9998448454483249
748865,0.6264693426438293
748866,0.178125108852913
748867,0.016374505917815977
748868,0.9960584805077723
748869,0.6600858285948235
748870,0.9995199030486736
748871,0.07377728491514837
748872,0.02590216230668808
748873,0.9850415418206925
748874,0.9998308528525974
748875,0.9034445318880395
748876,0.9996404362025734
748877,0.9974260403880642
748878,0.174089996653372
748879,0.038738567331487825
748880,0.6917837213408463
748881,0.9995063598455691
748882,0.19220448630088188
748883,0.9999387615757682
748884,0.7095498350357123
748885,0.36797344636987905
748886,0.1005660460927265
748887,0.9995295437228638
748888,0.7697520684763431
748889,0.361949276542202
748890,0.5911426813174303
748891,0.9387027039252529
748892,0.9999472316297009
748893,0.05788407417806758
748894,0.09198998354785085
748895,0.9995136854053692
748896,0.0071197533706582085
748897,0.017385337652388196
748898,0.9751333217312596
748899,0.8929336196494709
748900,0.8394866247812224
748901,0.9998911311305169
748902,0.14952130604245653
748903,0.8757382430935666
748904,0.04910806487269978
748905,0.9999629371127973
748906,0.9509795314624034
748907,0.999464647356908
748908,0.9864044204959173
748909,0.11429212880227277
748910,0.9993107991414286
748911,0.9962125670399362
748912,0.06700506185886251
748913,0.9994495454735725
748914,0.9997794443966534
748915,0.04556179452263787
748916,0.1974393746505757
748917,0.4618846663256918
748918,0.9560009455773268
748919,0.998212458720773
748920,0.0059561990947540056
748921,0.9539903405284254
748922,0.06151324898870912
748923,0.10714010838556601
748924,0.995502718777655
748925,0.9998401797547052
748926,0.9999810842185703
748927,0.29109261406620884
748928,0.9980329322155681
748929,0.45420481698724335
748930,0.9979279759651156
748931,0.4626977590687455
748932,0.012060920801698233
748933,0.11880479065111578
748934,0.9952495079555781
748935,0.8434325493821296
748936,0.8073347931582977
748937,0.9995559609743624
748938,0.9996670953756689
748939,0.9965554603082523
748940,0.24921415949452927
748941,0.09561050728301126
748942,0.9995528339901605
748943,0.03859159039697023
748944,0.479826108026165
748945,0.9794122880708094
748946,0.9988126775663226
748947,0.19815087617628807
748948,0.9859703587950401
748949,0.6641165774285716
748950,0.5052411580981352
748951,0.9917617593948611
748952,0.8446120992928897
748953,0.7970651386319996
748954,0.9999797677738955
748955,0.027755680740178507
748956,0.06442704752970953
748957,0.03556041030471836
748958,0.999987422404562
748959,0.03301507472812022
748960,0.5879400246694332
748961,0.6152419810936062
748962,0.9832705414136751
748963,0.719982881235983
748964,0.99911742331868
748965,0.013666704144411488
748966,0.9992498581495572
748967,0.9938816968992075
748968,0.07119947147930054
748969,0.24386221179264564
748970,0.4741697965362741
748971,0.9115379908307553
748972,0.9999112734230104
748973,0.9999713470231915
748974,0.9999361927735313
748975,0.9995450366232259
748976,0.702606631447947
748977,0.9996886458027299
748978,0.9999241597083397
748979,0.998301763258308
748980,0.48869488363924135
748981,0.6917925180907558
748982,0.10438828190552527
748983,0.8756218429583197
748984,0.9986500259492974
748985,0.9943082183717057
748986,0.028651461380991276
748987,0.04244249180159816
748988,0.9990238014161491
748989,0.9188006718940422
748990,0.2327155328640924
748991,0.9996996134041554
748992,0.9998553820913783
748993,0.8639970658973699
748994,0.9478279742508243
748995,0.9805852597526384
748996,0.9965529778478266
748997,0.4364893712707325
748998,0.9903819779478317
748999,0.02094147588356364
749000,0.9905870570738724
749001,0.5148672462251713
749002,0.943782971959908
749003,0.25952211133160713
749004,0.363888715849295
749005,0.9994067683360421
749006,0.9985404067217061
749007,0.9993125462490496
749008,0.6527545699226468
749009,0.2093777437358545
749010,0.9789299488112501
749011,0.2041793962012718
749012,0.08182956959614646
749013,0.999530603813373
749014,0.8204379510379982
749015,0.8460389077041439
749016,0.8474302926014786
749017,0.07352332022434904
749018,0.61068674131713
749019,0.9999720670232304
749020,0.9988958045836247
749021,0.9998583909842825
749022,0.6825301752611135
749023,0.00847259912006366
749024,0.7166850613507703
749025,0.9931739136846498
749026,0.08027682458778736
749027,0.035184150652941025
749028,0.9998991966448872
749029,0.013677874837171719
749030,0.9964855403185379
749031,0.9995910018557161
749032,0.9530350665831344
749033,0.999881221913266
749034,0.747693938397155
749035,0.6776410826581781
749036,0.16434056606999933
749037,0.9988237799262785
749038,0.8658917452595944
749039,0.26373845250847816
749040,0.9699813726546066
749041,0.9998515680986234
749042,0.9998431906808236
749043,0.9709279214000524
749044,0.8943780258772354
749045,0.9444935750338952
749046,0.520987790159436
749047,0.999981218144954
749048,0.28939074969296563
749049,0.9893097943732572
749050,0.062482269919260106
749051,0.964727668916624
749052,0.9669660977906281
749053,0.9968524380644178
749054,0.5733446750016113
749055,0.9997608317335371
749056,0.8009163489615924
749057,0.769332621463922
749058,0.9947751599028806
749059,0.9999768553158089
749060,0.022254805647631732
749061,0.006158705158510917
749062,0.28605026983242554
749063,0.99995463631211
749064,0.5390808109856282
749065,0.06103576074015496
749066,0.9865383166506272
749067,0.9997464334391188
749068,0.9999551004178071
749069,0.9997074950551861
749070,0.9996909652725279
749071,0.9997458254665343
749072,0.9967397691311611
749073,0.01097618859700411
749074,0.9998647636712849
749075,0.9996313509551742
749076,0.006836814469651551
749077,0.6934370669521374
749078,0.9755336408917574
749079,0.9996219444074198
749080,0.920790061589187
749081,0.9786660123010054
749082,0.9999677178311808
749083,0.057156839830396884
749084,0.8912577951219959
749085,0.7373596044888584
749086,0.9095411019402504
749087,0.9999905455260629
749088,0.9718650483592872
749089,0.999900834407861
749090,0.20123294010730192
749091,0.36975929400384655
749092,0.9986789874770953
749093,0.7428915616080727
749094,0.954051529404222
749095,0.9994432517476931
749096,0.7985100003759636
749097,0.00952275351401486
749098,0.9997480282078222
749099,0.9933195517353164
749100,0.3596239709809754
749101,0.9995996922609306
749102,0.9992495194722367
749103,0.9990546834123408
749104,0.15338942177664003
749105,0.4896669620162059
749106,0.06368147101211513
749107,0.9780044623914925
749108,0.032597601482448675
749109,0.9618869535046629
749110,0.5972724769211836
749111,0.992991811068993
749112,0.9598950190823521
749113,0.7570117548726654
749114,0.9999616962331932
749115,0.9994503478312349
749116,0.824053885154372
749117,0.07518974127956275
749118,0.007547437107503241
749119,0.22813841876347354
749120,0.1838262084763601
749121,0.8396108108738547
749122,0.8992623113563541
749123,0.9987840408943652
749124,0.9340362449009662
749125,0.35088687165608723
749126,0.1736453230868773
749127,0.9904121134722093
749128,0.013586374746197517
749129,0.6184852622213108
749130,0.9809191652869068
749131,0.9989329020011661
749132,0.3229560136132918
749133,0.9999599084082451
749134,0.061491145843054026
749135,0.8495140706784547
749136,0.9178140398815127
749137,0.8457122896957922
749138,0.9997360892315461
749139,0.9999774045541188
749140,0.9999881220583917
749141,0.01148983662345362
749142,0.9998338105212063
749143,0.9989322983959603
749144,0.06882584877294648
749145,0.9219990213416415
749146,0.3181439572508674
749147,0.7562113646518952
749148,0.6114552919342251
749149,0.9991388832023578
749150,0.8317408594291799
749151,0.9303759812707265
749152,0.5262770119728588
749153,0.5720555281274156
749154,0.8864714867889062
749155,0.36721667036413536
749156,0.9998585420291406
749157,0.771543271922581
749158,0.999415447787223
749159,0.9996415770293414
749160,0.033641539976182355
749161,0.8833528420012415
749162,0.9998181834780415
749163,0.9625551904470357
749164,0.0634919515715261
749165,0.10753312982445846
749166,0.9474605164635226
749167,0.14220562158206457
749168,0.99818394921159
749169,0.9864702868722609
749170,0.9516179376777236
749171,0.967289261514238
749172,0.9947773269347067
749173,0.9999663929219175
749174,0.2633395650152052
749175,0.4847793401535957
749176,0.8052853677688208
749177,0.9998047101259269
749178,0.7275798723482048
749179,0.8715697050580888
749180,0.012760224447224395
749181,0.9996837102833754
749182,0.16141378725183197
749183,0.47635069237908867
749184,0.7400964169271376
749185,0.37670111441707094
749186,0.9989279221425535
749187,0.9462862700443302
749188,0.9980455453816692
749189,0.9988920619450548
749190,0.8817974441022176
749191,0.9998338883028723
749192,0.8766691264275391
749193,0.915365472209487
749194,0.6653415072889793
749195,0.29074985055184804
749196,0.9994004259454463
749197,0.7411388560806004
749198,0.013983256792146858
749199,0.3916159346889869
749200,0.8216048001147358
749201,0.9539990349773659
749202,0.999950262600158
749203,0.9923267358655394
749204,0.9932674868624503
749205,0.3230671574634121
749206,0.5035037761018059
749207,0.8342783740598434
749208,0.8841818534762484
749209,0.5495793042399522
749210,0.9998523689952292
749211,0.9997734922265678
749212,0.0389645415375894
749213,0.9994756777819367
749214,0.9803980201339535
749215,0.21151939554323956
749216,0.5872796358480373
749217,0.6870162051984676
749218,0.9973273577922559
749219,0.999193487499422
749220,0.3723833566390787
749221,0.9998781935469646
749222,0.13759601928026158
749223,0.820215693999516
749224,0.5197565519936517
749225,0.24939696955643437
749226,0.8405216658148598
749227,0.5063529096777747
749228,0.622734699845322
749229,0.934977061392568
749230,0.049417683342754495
749231,0.09410661815382312
749232,0.9998445582720169
749233,0.7187347801812443
749234,0.7104572791973238
749235,0.999614405527071
749236,0.9973982693634105
749237,0.0335480214257499
749238,0.9882809356599616
749239,0.991644579211531
749240,0.27668267576888517
749241,0.18117483564762243
749242,0.9979806266904632
749243,0.9690576164401254
749244,0.38899785178934326
749245,0.8887148974799439
749246,0.12105594918678558
749247,0.6607961627210739
749248,0.6514725473031159
749249,0.5396335988908004
749250,0.02946270155789188
749251,0.0948924572614035
749252,0.9947391093393936
749253,0.743768919916621
749254,0.9984934163848719
749255,0.1969237132447465
749256,0.9936386171638829
749257,0.6630582486796541
749258,0.9598652529846491
749259,0.9974618329348655
749260,0.08533691100276558
749261,0.08632017423475945
749262,0.9997788083279306
749263,0.999951582971961
749264,0.01914928986001327
749265,0.699467848221928
749266,0.9765357147882792
749267,0.988122700287358
749268,0.9964296160257493
749269,0.6997891004896561
749270,0.9975144318656329
749271,0.5346245264924727
749272,0.9996160186898548
749273,0.9998377185873664
749274,0.9998764223896048
749275,0.35492834363536463
749276,0.9994035751223747
749277,0.8889247230804973
749278,0.6695668070593037
749279,0.9999403840980742
749280,0.5631141459714512
749281,0.993923610366992
749282,0.7124530192223044
749283,0.9961954953054553
749284,0.6567448241610501
749285,0.9943456224663473
749286,0.8498562227040072
749287,0.9999708809906924
749288,0.9950091656904194
749289,0.07340782109829597
749290,0.09144156968366764
749291,0.9692675979055585
749292,0.12461662829786309
749293,0.9997059644152859
749294,0.7902506953330404
749295,0.20279747376936333
749296,0.9941784895832646
749297,0.6449849270497422
749298,0.6587903829927442
749299,0.3929791716503649
749300,0.9999573347264714
749301,0.9998001746879494
749302,0.9744256749691484
749303,0.9997957942307314
749304,0.9929683864527528
749305,0.8645640454921368
749306,0.9996009562550963
749307,0.07288236404066706
749308,0.2906204366382652
749309,0.16221990267751904
749310,0.017078443127741177
749311,0.35960517532541514
749312,0.9988259317370294
749313,0.07619330603079111
749314,0.4828514444145788
749315,0.8705930717140173
749316,0.008954281202921218
749317,0.9999898046444847
749318,0.9998872907636429
749319,0.9570280410912149
749320,0.39094443033705395
749321,0.41477811056848457
749322,0.8969708271851662
749323,0.9779467371498891
749324,0.9999568859434091
749325,0.9995663119786227
749326,0.13119790543804047
749327,0.4857629819857646
749328,0.4542884150591586
749329,0.3598482285658199
749330,0.9686844111410997
749331,0.055725067395365244
749332,0.9765296975519879
749333,0.9935246272796161
749334,0.9244122658324657
749335,0.19849612222840335
749336,0.12993458101598132
749337,0.10686592989326155
749338,0.5203480415078755
749339,0.7412059556075223
749340,0.9915635899905735
749341,0.9522027127324724
749342,0.3989053588989475
749343,0.8978292688688662
749344,0.9229581131450749
749345,0.22814943561396422
749346,0.9999811329161995
749347,0.939697258103704
749348,0.7274688186468947
749349,0.897912921676407
749350,0.9995314605520672
749351,0.4141449356657609
749352,0.9964092772503053
749353,0.7053300019423104
749354,0.17030546213524728
749355,0.5868877522169413
749356,0.045240488008951196
749357,0.9998812268505726
749358,0.9990829005359456
749359,0.6466569499635508
749360,0.8491112310776394
749361,0.9998099187749949
749362,0.9988257768451949
749363,0.9999568223575206
749364,0.23043943737715458
749365,0.7428011114157415
749366,0.020061729208645834
749367,0.784021805748627
749368,0.5639336131840587
749369,0.9600474619535239
749370,0.9997491647616884
749371,0.9991336931272432
749372,0.7061817907566517
749373,0.6612482495029742
749374,0.9984592757254707
749375,0.23733102624006405
749376,0.6708582354076578
749377,0.8282538393754555
749378,0.48730487283439766
749379,0.7684004537773181
749380,0.7643999284368934
749381,0.041541825752409174
749382,0.7675273003452292
749383,0.9995340187691408
749384,0.7413482075496365
749385,0.9999394091341298
749386,0.9972103285627216
749387,0.9999033265640584
749388,0.8540400133643278
749389,0.11287619117692203
749390,0.9922961308026941
749391,0.029114229073159
749392,0.9806613298193412
749393,0.9997371940463967
749394,0.049679994492672935
749395,0.8419333171469094
749396,0.9917658398596566
749397,0.9934513988975772
749398,0.9998098559111364
749399,0.5232642636321979
749400,0.2014916647810003
749401,0.7242827135836356
749402,0.7699982998504269
749403,0.9437706851163016
749404,0.9497045323544511
749405,0.9242315145118155
749406,0.9991407247524562
749407,0.09780787816832323
749408,0.6086504672929659
749409,0.00273098563080923
749410,0.11021397637067246
749411,0.26981651019693553
749412,0.9017302645923819
749413,0.9997825144279922
749414,0.7144174592410646
749415,0.15454414486867663
749416,0.18597491097221308
749417,0.07323371379476062
749418,0.6416308014541672
749419,0.899147642373003
749420,0.9682778375469933
749421,0.9998582932890808
749422,0.09099176399212675
749423,0.9948924601416029
749424,0.7061738058805804
749425,0.6488933113041329
749426,0.9998893047136341
749427,0.991726160721573
749428,0.06363269048538031
749429,0.9725780898722369
749430,0.977159009332782
749431,0.9624554756469976
749432,0.9998932940869933
749433,0.9976282060045039
749434,0.7448012417989114
749435,0.9999125486470378
749436,0.9998644244670394
749437,0.45248170868262355
749438,0.9911443500978867
749439,0.9999782922084626
749440,0.9983326242006401
749441,0.9987205706670886
749442,0.8468009018259437
749443,0.9405683079590761
749444,0.9944625291598932
749445,0.9985358783646829
749446,0.2092048081239088
749447,0.32553808179840316
749448,0.9969639256787429
749449,0.9655202570385979
749450,0.022367326222825588
749451,0.9643014916468671
749452,0.7938462258867653
749453,0.9994822187007217
749454,0.9997561715402808
749455,0.9882256014521382
749456,0.9710993063194882
749457,0.9922878312363856
749458,0.9993481401068603
749459,0.9999713429304811
749460,0.02367873715090331
749461,0.045462354261987345
749462,0.9912068405712687
749463,0.9994486943823835
749464,0.7981506807823162
749465,0.012305974717461522
749466,0.21927393073635165
749467,0.9998519461324951
749468,0.9996698108673158
749469,0.0018799153736114526
749470,0.8306078763145297
749471,0.9997511736905358
749472,0.046458284646617116
749473,0.9983442160150409
749474,0.04037464819561708
749475,0.9999596329540521
749476,0.2878176585854252
749477,0.9844662762188253
749478,0.08034512689810433
749479,0.9997448750195725
749480,0.9608107224155353
749481,0.9988593825326193
749482,0.9985930575068718
749483,0.1820312328984367
749484,0.9999611324190777
749485,0.9979521903612468
749486,0.9816019333858153
749487,0.8005312032138089
749488,0.9053772733439001
749489,0.9993846866719128
749490,0.1626477178944932
749491,0.08191940185542025
749492,0.9998292903532993
749493,0.06304956521527136
749494,0.8293690837717475
749495,0.99580287576885
749496,0.9999242537882426
749497,0.9793938665968659
749498,0.9938863485188355
749499,0.9969494651410884
749500,0.7665094572230287
749501,0.9999781666801083
749502,0.9895153756953807
749503,0.9986932165352247
749504,0.9984716123304951
749505,0.9996860547060699
749506,0.9892942121433165
749507,0.9999922408111165
749508,0.938542019839085
749509,0.9999803087269972
749510,0.9987001558229752
749511,0.9995222203622434
749512,0.44260513162053855
749513,0.5164488215608177
749514,0.9996936599994891
749515,0.9852794363526214
749516,0.9997006101317867
749517,0.9908344067479151
749518,0.9994490764903338
749519,0.6229106555418723
749520,0.1794639101639584
749521,0.9111563610451611
749522,0.9997144016021497
749523,0.4154408078566843
749524,0.264044441856307
749525,0.9989297392950368
749526,0.9999406545240352
749527,0.9996140838232167
749528,0.9999900716315551
749529,0.05400398436104002
749530,0.4719790455372883
749531,0.9937639226706099
749532,0.9980900858969762
749533,0.6686119995112096
749534,0.8856971735463447
749535,0.9751970055993092
749536,0.9235643924162179
749537,0.9996092902738363
749538,0.06567936755438715
749539,0.9999620461393097
749540,0.9970830942625786
749541,0.7453939830818186
749542,0.9980316726163547
749543,0.9995042914954226
749544,0.9999655468387698
749545,0.9997900834234521
749546,0.9997512913945759
749547,0.03181829211756673
749548,0.9965793992483909
749549,0.9782114662168093
749550,0.07535822371277491
749551,0.14552690981009386
749552,0.2684070422931179
749553,0.7469218318402733
749554,0.9288482260366304
749555,0.7215759450719408
749556,0.843732981738758
749557,0.21346709743227937
749558,0.27326046000105114
749559,0.9993477629619446
749560,0.2734882275909156
749561,0.9835600251515648
749562,0.7816900522602026
749563,0.9955528850532909
749564,0.41047587295708277
749565,0.3217265579914823
749566,0.7499960419462032
749567,0.8536258369050602
749568,0.99508612604011
749569,0.4896133402627455
749570,0.9998116727239104
749571,0.9998844728056435
749572,0.8980839810911787
749573,0.6132020342375407
749574,0.67547859346148
749575,0.520019488569343
749576,0.8593645599035429
749577,0.9999556375545846
749578,0.9160527243252721
749579,0.7126415692834043
749580,0.9530903408571635
749581,0.8044765514282614
749582,0.999368873951894
749583,0.9959197029524429
749584,0.9910817043939882
749585,0.9950423483499851
749586,0.03853540105879669
749587,0.5325609912920124
749588,0.966703551734712
749589,0.9986787790488683
749590,0.9830809527265454
749591,0.9992474249049543
749592,0.8532101120839211
749593,0.05829462003813199
749594,0.9897156611475522
749595,0.3509152100405567
749596,0.9981119350265586
749597,0.4940454833891225
749598,0.03891493936304498
749599,0.46985514704322495
749600,0.9363766083235903
749601,0.9998311791952699
749602,0.8872135762279618
749603,0.9920510242561877
749604,0.4728982722004161
749605,0.9998286088443654
749606,0.9866157990958746
749607,0.9972584676140399
749608,0.9995315409478599
749609,0.002192832906010002
749610,0.9930721911651703
749611,0.999806466781951
749612,0.9971076639083714
749613,0.30102269769878154
749614,0.793433204642479
749615,0.956806252049262
749616,0.020883253293325403
749617,0.9995562880644461
749618,0.9746531222979761
749619,0.9999414904233761
749620,0.1527667965394358
749621,0.9460358107866718
749622,0.25927315410444757
749623,0.9999907004911237
749624,0.04937003373733188
749625,0.6230035718098101
749626,0.6204118715851799
749627,0.05409127441770295
749628,0.14628598108211188
749629,0.026363649828654565
749630,0.6464025933383608
749631,0.04575552764652075
749632,0.5239494983119168
749633,0.999510231403311
749634,0.9029792334054447
749635,0.9999706936681068
749636,0.928335737826389
749637,0.56883727215102
749638,0.9996657568363186
749639,0.09834287814681734
749640,0.9995287544689317
749641,0.6027264660977916
749642,0.866047056228535
749643,0.4985294957344938
749644,0.834258190924951
749645,0.45657316131175474
749646,0.9774542080282376
749647,0.003588433683752613
749648,0.6653937245342574
749649,0.9995704992386949
749650,0.9999615699958194
749651,0.9671331385835567
749652,0.9993663255588345
749653,0.9999547328038096
749654,0.9172602625063309
749655,0.9959826018595976
749656,0.46104875235709014
749657,0.9895318326059955
749658,0.9997943030063832
749659,0.999529998287436
749660,0.9888337678081461
749661,0.018049959931087874
749662,0.5771275438136656
749663,0.9905961854329429
749664,0.7749347725532441
749665,0.999970511593258
749666,0.6584921300118131
749667,0.15544601386413673
749668,0.038835736377322655
749669,0.9583122889208421
749670,0.9996622547428503
749671,0.9958817685196726
749672,0.26022975735951215
749673,0.10557644994356735
749674,0.4654870270371524
749675,0.05900175065195609
749676,0.8915960385187887
749677,0.7858288077748714
749678,0.9999201905929309
749679,0.9964405980013871
749680,0.5369752010897567
749681,0.009412318904156173
749682,0.3258095914884883
749683,0.28343522116240244
749684,0.9999779537083011
749685,0.6835463781374704
749686,0.9997796797561267
749687,0.9991706785075001
749688,0.19764590214786193
749689,0.9997492368134708
749690,0.9845032423392008
749691,0.18096437350781502
749692,0.006492941100894143
749693,0.9865161786122021
749694,0.9990045437698946
749695,0.9518737337696139
749696,0.9996890650997036
749697,0.999863831534749
749698,0.9287278987993941
749699,0.8084534226623711
749700,0.13295379013209438
749701,0.9999505368341431
749702,0.9997039599022319
749703,0.98983876662913
749704,0.9992954935262166
749705,0.9998437050421473
749706,0.7031375815834924
749707,0.4214664840506453
749708,0.023368516117097053
749709,0.25798697969042256
749710,0.999956100202773
749711,0.9998035447096043
749712,0.9989733949255708
749713,0.9924962921714111
749714,0.4636027921517659
749715,0.07704507516998967
749716,0.9963625254825186
749717,0.1163397649611354
749718,0.5277073422918408
749719,0.9793210713938109
749720,0.0023649526607605817
749721,0.9995606585239416
749722,0.15670218769953947
749723,0.14417714450887378
749724,0.9994690618514603
749725,0.9914462960729696
749726,0.06697635156465392
749727,0.9807714388160411
749728,0.08695310044559086
749729,0.9999821858675242
749730,0.38883302981945356
749731,0.9957554322793536
749732,0.9997970239112514
749733,0.2852221715787903
749734,0.9998761232032507
749735,0.9970036777219647
749736,0.9998815020945993
749737,0.11277146383451947
749738,0.9912141196193984
749739,0.16781908303607368
749740,0.14220390512514033
749741,0.6443676105704955
749742,0.9422710780699678
749743,0.9994997318308179
749744,0.9845818373415185
749745,0.7814505518577801
749746,0.41069042065539474
749747,0.9999223271197162
749748,0.992942467551118
749749,0.9940081907338031
749750,0.519133581805466
749751,0.9999914801251975
749752,0.363490468166639
749753,0.9962584788072468
749754,0.9849513711098301
749755,0.0712976068132527
749756,0.7392386531538138
749757,0.8250361751188973
749758,0.9267842980084366
749759,0.9999789491776229
749760,0.9998509479834164
749761,0.9997424636513577
749762,0.9971457917162335
749763,0.9993765267095751
749764,0.5538980404635621
749765,0.8466246812582544
749766,0.6806437927673707
749767,0.9859850725288356
749768,0.9984044184077203
749769,0.4116064205304973
749770,0.8796104239584441
749771,0.9981696609688551
749772,0.236224413628732
749773,0.21957412649589975
749774,0.9748650737690441
749775,0.8474412925097305
749776,0.9267701546584168
749777,0.7699955103573726
749778,0.9998402802693396
749779,0.9148401263285815
749780,0.13087537377149425
749781,0.9394933043057754
749782,0.8895625336673738
749783,0.0031176311745588214
749784,0.998689738495055
749785,0.9965260080695636
749786,0.09290207546054635
749787,0.9950721488324019
749788,0.9960271225570243
749789,0.16643061665161712
749790,0.9959010959799259
749791,0.9933694412104369
749792,0.9995066936085593
749793,0.9999644185429301
749794,0.29673529702437784
749795,0.9436127521533981
749796,0.006028856952139651
749797,0.9998661561591036
749798,0.9999235257199783
749799,0.7846192423334517
749800,0.7461966528524837
749801,0.9872947239739835
749802,0.9793732930134648
749803,0.8836323491727875
749804,0.4424325242136192
749805,0.01974476401377559
749806,0.020415197046851744
749807,0.9997959344167344
749808,0.1274555507798077
749809,0.9539836731933007
749810,0.999457648189982
749811,0.6913202592648293
749812,0.01134522651797456
749813,0.9891607181006925
749814,0.9869099567191055
749815,0.6205562227913384
749816,0.2344866799072971
749817,0.4584837169795825
749818,0.4068976839020041
749819,0.9975843424282806
749820,0.9999696299728367
749821,0.7647534956018747
749822,0.2703103947479584
749823,0.023473173740202836
749824,0.857320895510364
749825,0.7678194423513076
749826,0.676881277346457
749827,0.9771794438859422
749828,0.11230871835176794
749829,0.5324036828609153
749830,0.9765538568869492
749831,0.9998786168484012
749832,0.6387887866385072
749833,0.24052659555059416
749834,0.9999827547867857
749835,0.9722927077055945
749836,0.9977899759843339
749837,0.995218239623433
749838,0.9864471531025841
749839,0.9993637614887263
749840,0.8920333540318557
749841,0.669724649040472
749842,0.9991027524587388
749843,0.09858665529902663
749844,0.48132106591523044
749845,0.6452176759968679
749846,0.9989362085838318
749847,0.0038237398641920613
749848,0.9945534307988303
749849,0.015464021522935656
749850,0.0788548323562012
749851,0.4298209300522866
749852,0.7915763500852491
749853,0.18148676394343805
749854,0.03212823172774841
749855,0.8286495456135472
749856,0.04753328751757455
749857,0.4949195060713796
749858,0.9955163355385896
749859,0.03382501427168037
749860,0.4986143250461714
749861,0.010535819616241497
749862,0.03389427883384508
749863,0.9997959260954994
749864,0.999698907673565
749865,0.07128205546627106
749866,0.999831227121551
749867,0.8603639238361693
749868,0.998220872295148
749869,0.11234079931317056
749870,0.9469226536398692
749871,0.7825997800509458
749872,0.6497505357864628
749873,0.410757706684597
749874,0.9943110722822956
749875,0.9983496838838073
749876,0.797681574841415
749877,0.9412276214003577
749878,0.13208449692927593
749879,0.8289903947949724
749880,0.8421919952904804
749881,0.8504550764924854
749882,0.999798440081411
749883,0.09521810891766133
749884,0.9984845652019002
749885,0.9999046147898856
749886,0.9911240425213067
749887,0.9994124173201473
749888,0.9997187243575776
749889,0.9872386853107803
749890,0.9823188459026994
749891,0.9996171159880651
749892,0.2519527357353148
749893,0.05721793608534248
749894,0.9735228503652216
749895,0.9888347672269859
749896,0.9015112160581202
749897,0.9983046836229699
749898,0.9999777317478876
749899,0.08025806576733654
749900,0.9983668032410928
749901,0.9999781378874992
749902,0.9968711102181349
749903,0.9966604069194006
749904,0.329055334388714
749905,0.9630209301290296
749906,0.38081555630331865
749907,0.9993696436306554
749908,0.9991736528525466
749909,0.722210254147794
749910,0.016763532226616824
749911,0.9993922202595038
749912,0.3966719505023963
749913,0.9657206997933993
749914,0.9860867353277214
749915,0.9978499026598767
749916,0.9996118254528563
749917,0.9546265193366549
749918,0.01347401676051258
749919,0.970752800069574
749920,0.9994520524657285
749921,0.25964720193354707
749922,0.06473536435542657
749923,0.9997541707542965
749924,0.41049401259907703
749925,0.9998724825736645
749926,0.999881007165322
749927,0.15995417364726355
749928,0.5937592374207951
749929,0.9973157109483186
749930,0.1389169569931721
749931,0.9993279942665219
749932,0.9995848519491619
749933,0.29764952287316665
749934,0.8110255483401718
749935,0.1791802474176513
749936,0.9996437503776894
749937,0.9996311685461772
749938,0.9899417385146821
749939,0.9993416573596496
749940,0.9101550129896017
749941,0.9996721249317464
749942,0.09264690072923673
749943,0.528181258593069
749944,0.9918879531045409
749945,0.662839092967939
749946,0.02904396431873662
749947,0.4562436929187377
749948,0.0067068693386681906
749949,0.9209226548592722
749950,0.9992171368703203
749951,0.6973065489379351
749952,0.4037445691187651
749953,0.8860907747847251
749954,0.9147442336070309
749955,0.9989428483998832
749956,0.9999209991535265
749957,0.9998930962607555
749958,0.2556787205087361
749959,0.24916805594855398
749960,0.9999818265613212
749961,0.9928229439528627
749962,0.715537593651395
749963,0.07450306791078981
749964,0.0035213064997721244
749965,0.391260694269856
749966,0.127177408045494
749967,0.17922970313301367
749968,0.7456882782858519
749969,0.9896226474961228
749970,0.9799609619440627
749971,0.9988383203408006
749972,0.9847532420212239
749973,0.9207711728129424
749974,0.9994506071155791
749975,0.9993371063416983
749976,0.9992518503014337
749977,0.9999824584188872
749978,0.9886250485485615
749979,0.4490498217355447
749980,0.9928037198134297
749981,0.9932804007272409
749982,0.9976345747113856
749983,0.9838629606410516
749984,0.24144183382487394
749985,0.9527689044978856
749986,0.017761993210767817
749987,0.9803785183390066
749988,0.27393178470795065
749989,0.27470309072783594
749990,0.999927747148535
749991,0.3227859257083452
749992,0.0286907996259125
749993,0.9510115387927005
749994,0.9933289351387907
749995,0.9998350664616699
749996,0.7863806962186475
749997,0.022997341469645025
749998,0.45834564010043505
749999,0.7385221266441699
750000,0.6656677044932283
750001,0.21282071584023182
750002,0.9834662324635617
750003,0.9861744115530577
750004,0.999444492677661
750005,0.010900302352756441
750006,0.9995962551636286
750007,0.2770907534843611
750008,0.4256038235484192
750009,0.08546765650630667
750010,0.5123173165977584
750011,0.7007264228414967
750012,0.9989325293962602
750013,0.9997766280149736
750014,0.9992648969346768
750015,0.9987264072372346
750016,0.990761806406696
750017,0.13057475740171917
750018,0.05896746986579933
750019,0.9531998770424972
750020,0.9968844066422554
750021,0.857057694727293
750022,0.998521945085136
750023,0.9887332546766775
750024,0.9999249907449131
750025,0.016385594097826934
750026,0.9992550116240041
750027,0.8141074234930668
750028,0.9996735674956012
750029,0.9950569985128546
750030,0.8246767286640634
750031,0.9967492586568818
750032,0.9998606802013357
750033,0.785423496795213
750034,0.9986759489947821
750035,0.9997713651586614
750036,0.7279129887607027
750037,0.0061943431991228915
750038,0.6478474017863107
750039,0.1318209881347423
750040,0.2793130731999145
750041,0.44376073118014964
750042,0.7618422013821753
750043,0.9982194721894653
750044,0.762592483749909
750045,0.9999402602361155
750046,0.9954523972672866
750047,0.9695408484288697
750048,0.9788613006533426
750049,0.5625703217853598
750050,0.9957780152330786
750051,0.9999608070821911
750052,0.04563935733789838
750053,0.18572571446352693
750054,0.8323559818473811
750055,0.7015211967730406
750056,0.017908726873794786
750057,0.9434292358368759
750058,0.9998504145213067
750059,0.6855513103410884
750060,0.6515168590308541
750061,0.5401849642380646
750062,0.02633546447543324
750063,0.9997028007710295
750064,0.9998850801967117
750065,0.11158568181570089
750066,0.08256009752732356
750067,0.9995533530480796
750068,0.5191710486653728
750069,0.999983749123889
750070,0.08823617009361609
750071,0.027656683397927886
750072,0.9774166282957455
750073,0.3026956532066189
750074,0.593514301120027
750075,0.05951721076936939
750076,0.3588871784785703
750077,0.9999597068189707
750078,0.9434310752823699
750079,0.5987792736249516
750080,0.997921044005639
750081,0.28654687831041603
750082,0.9945937088545009
750083,0.9999648255918954
750084,0.505804238092027
750085,0.9930820252876585
750086,0.999904006173635
750087,0.7841067017756314
750088,0.9992188075186212
750089,0.010501458431032368
750090,0.9997160919293658
750091,0.3657811991113999
750092,0.7205657779136141
750093,0.988742553361223
750094,0.4318179821292387
750095,0.9997484776438701
750096,0.9955929665839087
750097,0.14124312885690107
750098,0.06134774032119519
750099,0.9999788575807694
750100,0.10387068780349705
750101,0.9998303344262999
750102,0.007027316117595075
750103,0.9995525009555901
750104,0.9997817444130053
750105,0.9999891878089755
750106,0.45901083842117213
750107,0.9787421216814489
750108,0.030386126461137482
750109,0.9993881734429602
750110,0.21481089344938106
750111,0.9555933411032922
750112,0.9995095605432516
750113,0.30741943998570437
750114,0.5982880830079245
750115,0.9046776916664045
750116,0.9998137962613949
750117,0.5009043012910152
750118,0.9759369442194821
750119,0.1649516537249054
750120,0.26069787782630655
750121,0.8101625799264058
750122,0.9997331519342315
750123,0.4572959040321857
750124,0.9996490992377436
750125,0.806167766801568
750126,0.08248378743210026
750127,0.6239415151677219
750128,0.808744002608258
750129,0.10972621185638864
750130,0.26426944653415807
750131,0.9934617062815132
750132,0.9987303681931201
750133,0.9985076572653898
750134,0.23218487045432729
750135,0.029480061301244732
750136,0.8994226566585113
750137,0.9997794653915718
750138,0.026057119809309127
750139,0.9998588243508821
750140,0.018242901628460522
750141,0.37109586768036684
750142,0.999889310431018
750143,0.9997881144918828
750144,0.6878826432009365
750145,0.9932024077317939
750146,0.2647109766306493
750147,0.17539169930585602
750148,0.2620900830884265
750149,0.29889986289943676
750150,0.7274440409659872
750151,0.9983317350091944
750152,0.6873014486442128
750153,0.01547452346183572
750154,0.964387913236801
750155,0.9996093741954565
750156,0.9998453867837608
750157,0.3766315712847117
750158,0.998508922352606
750159,0.9630490328343855
750160,0.9996936032636979
750161,0.9896438819131226
750162,0.5484679742519118
750163,0.9821369675903131
750164,0.5466158603899045
750165,0.26987376012662956
750166,0.9400212559307181
750167,0.4526247391945811
750168,0.9624955626167131
750169,0.29310817759330404
750170,0.9994603903113513
750171,0.4906057152703281
750172,0.9990152450555327
750173,0.7322240565236364
750174,0.0421864825679232
750175,0.9244967452569053
750176,0.9991240995913038
750177,0.998656753899677
750178,0.9975388679242811
750179,0.9832932472459217
750180,0.9992735526546339
750181,0.9978579203721205
750182,0.9493653070688988
750183,0.9751544798835958
750184,0.9964856799938548
750185,0.9954498675880437
750186,0.99980005511501
750187,0.72551274871666
750188,0.9955404030147594
750189,0.9837792146127258
750190,0.9997009836665067
750191,0.6114182942190035
750192,0.0517757431707119
750193,0.9995289863569597
750194,0.9787190423151628
750195,0.8130579761660511
750196,0.6190116785215678
750197,0.7321388973052205
750198,0.3641853628938003
750199,0.9953755662567122
750200,0.9133151302424664
750201,0.999037525204342
750202,0.9993388429865264
750203,0.9880839870467768
750204,0.6091160869426622
750205,0.8461480298198834
750206,0.9996132626287527
750207,0.45608448109024063
750208,0.5847260700715756
750209,0.9999337088179261
750210,0.9570358238737735
750211,0.9844722299021436
750212,0.8362795106813402
750213,0.9996380054886319
750214,0.9897270404943519
750215,0.9388083290598308
750216,0.08232740677567654
750217,0.5488306063943583
750218,0.36517150394967013
750219,0.965795497262824
750220,0.999254434116064
750221,0.9980445489637864
750222,0.2730851534625153
750223,0.9991854427473952
750224,0.5063242567958337
750225,0.8455150856799374
750226,0.0707741303153794
750227,0.996255577966245
750228,0.7543567330335283
750229,0.006682261990168535
750230,0.8840161004087246
750231,0.34158879153032623
750232,0.41603430838499
750233,0.21540896786018776
750234,0.9997507237653482
750235,0.9783724796801663
750236,0.999941746240846
750237,0.999899838534192
750238,0.3540203377393735
750239,0.9483167131515366
750240,0.7088512777591215
750241,0.9959052191853366
750242,0.9100375071517399
750243,0.7248650659679238
750244,0.8183658398487876
750245,0.05701602353236089
750246,0.9916173878349006
750247,0.9996083104725635
750248,0.9980196703630022
750249,0.6339256056926832
750250,0.24414129063322743
750251,0.9987424926386943
750252,0.999199254215746
750253,0.9991262936260471
750254,0.9978502894567027
750255,0.034758616464963706
750256,0.9910576298394806
750257,0.9976000126165896
750258,0.18958468705228265
750259,0.9996900783868592
750260,0.9997798651784469
750261,0.49476010873832343
750262,0.9995109704859539
750263,0.9990245934372614
750264,0.9683376334200369
750265,0.23034532534683175
750266,0.1601170900699036
750267,0.6280987428882913
750268,0.1573561520380363
750269,0.9927421319728951
750270,0.9909019030305888
750271,0.6513206408398869
750272,0.09378683507946978
750273,0.999205986017729
750274,0.7229213319791031
750275,0.8783344243363309
750276,0.9328335512712498
750277,0.8621587710082118
750278,0.9992324062434143
750279,0.9999382541752977
750280,0.02512000711442758
750281,0.8411020896896215
750282,0.999956279976924
750283,0.9999624521569138
750284,0.9982962104780099
750285,0.978142948960235
750286,0.9962607960371919
750287,0.7884348673585698
750288,0.9998351672143996
750289,0.9789914338282559
750290,0.998659471456609
750291,0.9999243514794743
750292,0.9996430137477671
750293,0.9999015370532571
750294,0.8952777302298701
750295,0.998431178394998
750296,0.10023780205906788
750297,0.9988146085995934
750298,0.9859472945993004
750299,0.987731466487132
750300,0.6887052749080239
750301,0.620623665987863
750302,0.5506252323407677
750303,0.9997262643860703
750304,0.9997681108435577
750305,0.28000726519746977
750306,0.9998715526894041
750307,0.3100602322201351
750308,0.9999190687910124
750309,0.9994958865248562
750310,0.03123348576404256
750311,0.47119135184070693
750312,0.7397211924818068
750313,0.9897968364260117
750314,0.23410828493676872
750315,0.6973872969076236
750316,0.9998135316952642
750317,0.7242732243383697
750318,0.9850997551865154
750319,0.999975125742511
750320,0.9971403361073709
750321,0.9446494264408831
750322,0.9150714584700147
750323,0.9989020050438129
750324,0.9998940885657854
750325,0.34035476469769815
750326,0.9999222388484069
750327,0.0036442703649435266
750328,0.012747791965319699
750329,0.9921190312196475
750330,0.9993129936452402
750331,0.8733912049481161
750332,0.9437164968576199
750333,0.8909890040315104
750334,0.9996510617369752
750335,0.9999510048518733
750336,0.9977493808607549
750337,0.9999374855244735
750338,0.4298593654079089
750339,0.9099475560183047
750340,0.928165993000436
750341,0.999705039588939
750342,0.2743784044784217
750343,0.9018948398287443
750344,0.9999261070715408
750345,0.9999776723145088
750346,0.9999529491065579
750347,0.8555213204901257
750348,0.988314722925931
750349,0.9989232090147813
750350,0.8542128286558986
750351,0.997121431159218
750352,0.22110771551358593
750353,0.8529550120978895
750354,0.9946215058593422
750355,0.3929559194033465
750356,0.9999557831915248
750357,0.9998591757369311
750358,0.9996333261431328
750359,0.9932694279213394
750360,0.6244739776814505
750361,0.9080082585449887
750362,0.9862235164323612
750363,0.9296328082252322
750364,0.735153114273558
750365,0.24701657457871395
750366,0.9893162460599126
750367,0.999036834903486
750368,0.9996275705771785
750369,0.8877602722279161
750370,0.9070292223829572
750371,0.9999513724718652
750372,0.009941822643297968
750373,0.005167803584805231
750374,0.9848803498502896
750375,0.9999609560924141
750376,0.9850426790770684
750377,0.9999633926727396
750378,0.9996620321944303
750379,0.716095025898976
750380,0.9927942871385229
750381,0.9996549028468962
750382,0.6406075531752988
750383,0.9993606221658426
750384,0.8636965331347553
750385,0.8675846482897307
750386,0.5944753993312176
750387,0.24791192844526164
750388,0.6011807566421663
750389,0.9324701847339529
750390,0.9999365101439047
750391,0.999913636670835
750392,0.9649581935456497
750393,0.4788420925223549
750394,0.12197398511746757
750395,0.9999607584433665
750396,0.9996688488783818
750397,0.9987813887727178
750398,0.428691931756819
750399,0.9974759282059984
750400,0.11023323164947169
750401,0.9932284088006759
750402,0.9971478923027309
750403,0.9997567286714084
750404,0.9997129525743772
750405,0.9999135420379882
750406,0.020467956138334888
750407,0.6588535701507969
750408,0.3024438268789224
750409,0.04857899352593497
750410,0.7616944322091411
750411,0.9998412109571446
750412,0.954297428397016
750413,0.9867798458374251
750414,0.9902611775656206
750415,0.9999936608208269
750416,0.830558794541373
750417,0.963604735793106
750418,0.22245581844821605
750419,0.896296114144701
750420,0.01998782046907137
750421,0.13660553421672553
750422,0.9985888209861364
750423,0.2090046966560985
750424,0.9987394601452888
750425,0.9519401023134171
750426,0.9999885476168873
750427,0.21546647505792615
750428,0.5944354056160255
750429,0.1782206615862827
750430,0.9681544728087474
750431,0.9998706978124187
750432,0.4226236837732254
750433,0.9994286752677586
750434,0.9996602401816295
750435,0.3525941988499811
750436,0.9321092784017673
750437,0.9995900766591148
750438,0.9997541827857824
750439,0.9990698483498709
750440,0.43421615331530433
750441,0.43899448426401333
750442,0.9965033466210891
750443,0.6907166219649945
750444,0.9935416786427091
750445,0.9995799317817804
750446,0.309575619264507
750447,0.9983677568707642
750448,0.1775730519435548
750449,0.1265814648836214
750450,0.9961459420017722
750451,0.9932724730107343
750452,0.20494086627145466
750453,0.9886751276213163
750454,0.31565930221562716
750455,0.9816032298486135
750456,0.025225023563219963
750457,0.04353424507447891
750458,0.06685364099563977
750459,0.7723468817331633
750460,0.9940810818081183
750461,0.9692069349029683
750462,0.9997367012409311
750463,0.7614578902321796
750464,0.999820149541287
750465,0.6468430120430375
750466,0.9992836021145288
750467,0.9988399639880196
750468,0.93293559662877
750469,0.9993449259372891
750470,0.2600581662557465
750471,0.03044957101511474
750472,0.9997959084938117
750473,0.9119364875132718
750474,0.9673078452558168
750475,0.9975048268514546
750476,0.43233072519738835
750477,0.8053916275646082
750478,0.29719698297495034
750479,0.9939798033648668
750480,0.999664416030101
750481,0.9985887284655177
750482,0.9954609522668375
750483,0.8135640604053946
750484,0.9996461461258574
750485,0.38297610370690816
750486,0.9992775410106234
750487,0.9930308130105319
750488,0.9702279953663457
750489,0.9995859541663904
750490,0.9995046709755044
750491,0.7943091141792991
750492,0.6333463489723808
750493,0.9989019265307646
750494,0.06995018103554845
750495,0.20463604768727106
750496,0.007574206391570889
750497,0.9860807711874654
750498,0.9998262109785683
750499,0.44888010973537973
750500,0.9969277645329274
750501,0.02701109150302402
750502,0.9551490990566187
750503,0.9271209317017094
750504,0.1444555110486327
750505,0.999652454968726
750506,0.9994747290557914
750507,0.9998500729662414
750508,0.9979984495754218
750509,0.9727764375025237
750510,0.018214919314549726
750511,0.9928696446330687
750512,0.0407754569050814
750513,0.9962624404204463
750514,0.026577113293563867
750515,0.9994866570561258
750516,0.05485211105427175
750517,0.9956897706040349
750518,0.3914770397797197
750519,0.7534678891120484
750520,0.2987792712961863
750521,0.9989364046158236
750522,0.9088681360960673
750523,0.6487354447596221
750524,0.999886741356496
750525,0.057375872389262485
750526,0.9888399960491017
750527,0.9999039163445612
750528,0.997938289171695
750529,0.9296306812412143
750530,0.6636560976613632
750531,0.6771885007074072
750532,0.5144782635991451
750533,0.997204655509223
750534,0.6994739432955355
750535,0.21762007036935602
750536,0.8432865250068405
750537,0.9995377611651568
750538,0.7294984257788418
750539,0.9837722764323795
750540,0.5758275854524644
750541,0.9999272375556599
750542,0.9998845259872775
750543,0.7013828890710951
750544,0.5712557192483344
750545,0.5874998424562216
750546,0.810111207501488
750547,0.1863949443939533
750548,0.013310435707717935
750549,0.9995044804393294
750550,0.5733944023865539
750551,0.14933078473744962
750552,0.9995493506765051
750553,0.5762977391798447
750554,0.9991135244457201
750555,0.9749032334293475
750556,0.7569819008005523
750557,0.926361177170914
750558,0.6448002586808566
750559,0.9997061139936989
750560,0.46007115873777654
750561,0.9966830461516601
750562,0.8480387497368731
750563,0.999922795197995
750564,0.4885469367081133
750565,0.9983272195202243
750566,0.9998888376306929
750567,0.9127617447080902
750568,0.9995628314232915
750569,0.9971055957696084
750570,0.9995551910804202
750571,0.9995935692192398
750572,0.9999055537286604
750573,0.1263935731265159
750574,0.018456221355223373
750575,0.22059578618513248
750576,0.9544161345073968
750577,0.27547497661244735
750578,0.12632160309494833
750579,0.9480732239979197
750580,0.9982747442394388
750581,0.999622568362267
750582,0.007071533576662841
750583,0.757776090926616
750584,0.4387919170100013
750585,0.9981162878838625
750586,0.9595223991913383
750587,0.8689372286960563
750588,0.6050656586553391
750589,0.9992394995459667
750590,0.16869129249246806
750591,0.3725584716065579
750592,0.3918871048787974
750593,0.6519998357855388
750594,0.7284038349600018
750595,0.022173720934612607
750596,0.5224109703404201
750597,0.9986287523377653
750598,0.5092336307225777
750599,0.18033437558296783
750600,0.7483049505039758
750601,0.14553053486617978
750602,0.7446271609471526
750603,0.7741314420014873
750604,0.8406974698298846
750605,0.9997982562249081
750606,0.95100514457848
750607,0.9883318740398859
750608,0.03504748377732214
750609,0.9967632962686771
750610,0.9994954830715557
750611,0.9725854700502515
750612,0.9999256331697571
750613,0.2640765640417901
750614,0.003750420389205836
750615,0.999934657792394
750616,0.045313270907864356
750617,0.9433277285627658
750618,0.2979545815451368
750619,0.9990117058306
750620,0.0432190175093529
750621,0.9998165570345471
750622,0.9997098421706867
750623,0.9999074387267745
750624,0.9982879667167072
750625,0.9939287988104908
750626,0.9697505510123081
750627,0.9996797450219059
750628,0.4401153325439362
750629,0.6420494441685046
750630,0.9999826187628599
750631,0.7607613303728853
750632,0.999872032908448
750633,0.9991412024522223
750634,0.832943111811798
750635,0.9791436170089003
750636,0.361582093437989
750637,0.9982957137488616
750638,0.5518372006632435
750639,0.9766466220878259
750640,0.9170968178401053
750641,0.652372242424732
750642,0.6964954007242663
750643,0.6516012046780133
750644,0.017602812740624776
750645,0.9897546566661781
750646,0.9995253583188606
750647,0.9985823793472177
750648,0.11755264102686032
750649,0.24245678842548674
750650,0.11630659348437111
750651,0.6833329075478679
750652,0.9998127270261439
750653,0.806488025948552
750654,0.8197663489731863
750655,0.9973123509173782
750656,0.9993901467822928
750657,0.07495620102965178
750658,0.9773160755216584
750659,0.9995642966470945
750660,0.999897748433003
750661,0.009448942128293667
750662,0.013616633791091123
750663,0.999857932421308
750664,0.3198185838566691
750665,0.9681915776442314
750666,0.9997359041059442
750667,0.030527724162911187
750668,0.012029896140269523
750669,0.8218753566864819
750670,0.9849809867374317
750671,0.7024976010559696
750672,0.047500019783198844
750673,0.1286163534407887
750674,0.9999484492452846
750675,0.9416885680024057
750676,0.9987661645973667
750677,0.9990419888680873
750678,0.6538099754673964
750679,0.9568195368596067
750680,0.9998870710136992
750681,0.002155900036954339
750682,0.9992445727589321
750683,0.9957180474615077
750684,0.6732298616949344
750685,0.9998771239382658
750686,0.999920650560971
750687,0.5399694875344326
750688,0.9980746657488577
750689,0.7082693331353905
750690,0.6829277417970243
750691,0.9999855611202596
750692,0.9997482607534794
750693,0.9792136508877447
750694,0.22868516710793657
750695,0.1359584330096701
750696,0.9036987466219168
750697,0.5359146772489752
750698,0.999904218157105
750699,0.9878611925137414
750700,0.9996840093594666
750701,0.18856635123498905
750702,0.2481803940467503
750703,0.00260347391047321
750704,0.8974216948642738
750705,0.8730923783469979
750706,0.010628117955982097
750707,0.9999397665806359
750708,0.14295899391602357
750709,0.9983149315913508
750710,0.8571138356315591
750711,0.008882789491164148
750712,0.8208369367706653
750713,0.9740148094637361
750714,0.9965279296478485
750715,0.9912938407633102
750716,0.14663040138156355
750717,0.2700069332999929
750718,0.7564767783423912
750719,0.7552052462219863
750720,0.7109895661412595
750721,0.3518881207261141
750722,0.9888717284370033
750723,0.3543129388245174
750724,0.21342946140918923
750725,0.9557921003881011
750726,0.9447493644811698
750727,0.9916236498866235
750728,0.026315987709738677
750729,0.9999787048792286
750730,0.9998674595719161
750731,0.9782705133590676
750732,0.9999016018834055
750733,0.9880495644520506
750734,0.9122570957362071
750735,0.9999711177699382
750736,0.9993510775493762
750737,0.9992748765382906
750738,0.012987506126588734
750739,0.10664357907828421
750740,0.6471654431751531
750741,0.2863670385619625
750742,0.9998222145025797
750743,0.8125952666895271
750744,0.19417692138760448
750745,0.8668261870928259
750746,0.9984130767683363
750747,0.9998496736257255
750748,0.10401220315648138
750749,0.998764528341224
750750,0.9939872219328028
750751,0.893979909993408
750752,0.9760453904254277
750753,0.9992956371953463
750754,0.9941007738996579
750755,0.9999703490583504
750756,0.6388143944152226
750757,0.9998546322082724
750758,0.9998015129185154
750759,0.9996157100426608
750760,0.9999766036909797
750761,0.9995382315794163
750762,0.9998743732739783
750763,0.9976611348842448
750764,0.10671052858621752
750765,0.0073288611965640505
750766,0.9941950149849659
750767,0.6057093928091728
750768,0.9651127523224325
750769,0.9740559653041938
750770,0.7194785959967271
750771,0.999175887119691
750772,0.2500145255493765
750773,0.03871177948676929
750774,0.12176411090626456
750775,0.9563714658359188
750776,0.34477111000301175
750777,0.9531249587105717
750778,0.16651438713834021
750779,0.9968779147119037
750780,0.1337738386147628
750781,0.9997117748590756
750782,0.9816146712114244
750783,0.9817893570378995
750784,0.9999826422337663
750785,0.6168270965700513
750786,0.8885911249321992
750787,0.12081875287090371
750788,0.20010513923632256
750789,0.9993704187295868
750790,0.1020845826467948
750791,0.9807813985494591
750792,0.999971580674762
750793,0.9978909104948295
750794,0.6909642669007054
750795,0.22258670226092486
750796,0.15686723090462942
750797,0.9965323831972068
750798,0.9997766103806353
750799,0.7743574081133373
750800,0.8672093432307879
750801,0.007189774608351688
750802,0.9998946595478551
750803,0.9998682237425787
750804,0.010605820776511472
750805,0.9997378011764703
750806,0.9994082437977297
750807,0.1661071574513101
750808,0.9983936804984171
750809,0.763440924783062
750810,0.9996491337812135
750811,0.9999117405046531
750812,0.0038234365648251428
750813,0.08503272171246654
750814,0.08478922802669958
750815,0.6823271748434376
750816,0.9916246555827827
750817,0.021496332850358034
750818,0.03371092151782202
750819,0.9956673743074353
750820,0.9967314864185475
750821,0.9991875030624605
750822,0.14951392129310456
750823,0.23152702273340403
750824,0.7143280849558142
750825,0.09315837753138576
750826,0.9999902028605191
750827,0.9999010001101405
750828,0.9965058951314331
750829,0.9523085790262298
750830,0.5597387366275055
750831,0.8264835982908493
750832,0.7136834144345777
750833,0.7545110731721139
750834,0.5424729878300169
750835,0.9996855289517877
750836,0.8160257858958739
750837,0.992995598940269
750838,0.99735281103061
750839,0.13250276756321253
750840,0.9789608027964599
750841,0.5557184140150792
750842,0.9696071990503378
750843,0.9998806833699443
750844,0.29214978375919254
750845,0.048413378911052
750846,0.9848166726305434
750847,0.9824288869291733
750848,0.03837859485886768
750849,0.9996864578296565
750850,0.6057769819690894
750851,0.8874668021180467
750852,0.8591859864289931
750853,0.9985959721137154
750854,0.5730948906386523
750855,0.04444565432706469
750856,0.2520499980787238
750857,0.9998722361132063
750858,0.951247404641728
750859,0.6107179958641651
750860,0.8320559511729892
750861,0.9998447273286659
750862,0.9983586661551924
750863,0.8312382232935079
750864,0.9113732600333777
750865,0.9997186658269235
750866,0.5617271950928205
750867,0.591145586690612
750868,0.48057428142977915
750869,0.9996955970999286
750870,0.9658406613056854
750871,0.9971700913823482
750872,0.7713180890085687
750873,0.9920568980034449
750874,0.9994862243819567
750875,0.9775897916251928
750876,0.852312008511415
750877,0.08682724493353827
750878,0.9999548701239978
750879,0.3605055261006283
750880,0.9869878125637764
750881,0.06762229897796722
750882,0.2599078133160426
750883,0.9999756832076891
750884,0.9231135887497766
750885,0.7584044699678618
750886,0.27886809971929105
750887,0.9998258095985422
750888,0.464082308968845
750889,0.9989746368122128
750890,0.7207498017158968
750891,0.49141850275477816
750892,0.9971035042552743
750893,0.8014430115377165
750894,0.07206914242604325
750895,0.28302217669088897
750896,0.9968854542772764
750897,0.7598837899774968
750898,0.9882825155617905
750899,0.14788277869514707
750900,0.022064763000500427
750901,0.9998936197972175
750902,0.15239773045416188
750903,0.9868130511105706
750904,0.7632049333311545
750905,0.9999613686141586
750906,0.9895786056934964
750907,0.21425889484793015
750908,0.3531656371958835
750909,0.6112428314150617
750910,0.017920072290346957
750911,0.9991326390825976
750912,0.2673904324300523
750913,0.9742642541140081
750914,0.5053695238730642
750915,0.9996823411983142
750916,0.997529311969161
750917,0.05281014062018184
750918,0.021166717881369635
750919,0.8278467874953931
750920,0.999322310224596
750921,0.04821683160172263
750922,0.4187805656047596
750923,0.015858459596612726
750924,0.12399017081904254
750925,0.9996740379444534
750926,0.9998598975907835
750927,0.9857849143367068
750928,0.4287202161318773
750929,0.8813256920640125
750930,0.9610645503692483
750931,0.905915722333803
750932,0.08576749893055809
750933,0.48357272427674014
750934,0.9473940858446552
750935,0.9751619964980629
750936,0.07906306399260592
750937,0.45750279961676005
750938,0.9998740419444997
750939,0.9998861437976478
750940,0.0061357436260684635
750941,0.10092314836855512
750942,0.6475823829627576
750943,0.8107335389181878
750944,0.9997817413009683
750945,0.9997059101389643
750946,0.9992590213762915
750947,0.13322033427777508
750948,0.9612095218562184
750949,0.623125341758287
750950,0.7458726464680521
750951,0.9748970266746632
750952,0.7708561267897397
750953,0.9785423449336351
750954,0.20321521702840567
750955,0.908912004059526
750956,0.6015144701766019
750957,0.6684617784534713
750958,0.9821506540907334
750959,0.9978349223001515
750960,0.9999633651478118
750961,0.6435353269135673
750962,0.7906775714430339
750963,0.5575378029437532
750964,0.26943382385883385
750965,0.7139123493671105
750966,0.9989676954133289
750967,0.30178004605120407
750968,0.06960005010888308
750969,0.9999739430076267
750970,0.9987906493245698
750971,0.9996434413554841
750972,0.8861418419885307
750973,0.9359312236391801
750974,0.13727028448356185
750975,0.9998516865760272
750976,0.9742928074114261
750977,0.22738162962881506
750978,0.9921737428057554
750979,0.9826905009813371
750980,0.5986006719144683
750981,0.9988195214457842
750982,0.0575649035205327
750983,0.9970997586523711
750984,0.9893421233075931
750985,0.05784872519683647
750986,0.9977293011226174
750987,0.2418467553929513
750988,0.9978577422067754
750989,0.999575952743117
750990,0.9999923621178388
750991,0.2215922571204018
750992,0.9785235872807818
750993,0.23587215370696404
750994,0.999972331279432
750995,0.7005775386815329
750996,0.09560542229186686
750997,0.8091623832241445
750998,0.15844820617455782
750999,0.9988189331265884
751000,0.9999494649809801
751001,0.9647536881094589
751002,0.9683497520882349
751003,0.9908517996571611
751004,0.9495373365744824
751005,0.9837918792554141
751006,0.5495018809074372
751007,0.986912860666624
751008,0.8739927641082044
751009,0.6051178710598326
751010,0.9924558068914635
751011,0.06292290296286782
751012,0.6506876534124861
751013,0.9975285829079881
751014,0.20385179227538847
751015,0.19250045420585574
751016,0.8304474485807831
751017,0.8951090318908349
751018,0.9999742034757113
751019,0.9999194279412322
751020,0.9999734880243314
751021,0.8177035474608494
751022,0.7365631500133866
751023,0.9996344095734431
751024,0.4337334520050152
751025,0.9998907788602784
751026,0.9987405866906
751027,0.010165664393100852
751028,0.9996706031188813
751029,0.9999025123660044
751030,0.9990569169836276
751031,0.8450350401208884
751032,0.9988397810608773
751033,0.009932626821091608
751034,0.9995140192673904
751035,0.7964398790441434
751036,0.40707193018566057
751037,0.9856719573679527
751038,0.999744922126162
751039,0.9978433339650219
751040,0.9894652512931421
751041,0.9999704161938398
751042,0.9994833819513687
751043,0.24604782735475145
751044,0.8398121322250219
751045,0.9958217754008747
751046,0.6502703645668956
751047,0.0004348357395322258
751048,0.003191185154609648
751049,0.8415861617509657
751050,0.28072889929798067
751051,0.9925664246525021
751052,0.9646954665879506
751053,0.5759045288862111
751054,0.36947633345036146
751055,0.28240205068395946
751056,0.8594380564743609
751057,0.964315979486245
751058,0.9989455819490054
751059,0.5385714739614043
751060,0.993189038955637
751061,0.9998543280981482
751062,0.10484437733910153
751063,0.9252613844577471
751064,0.9574611805693931
751065,0.9974084215024963
751066,0.9996371351438895
751067,0.12651554276526913
751068,0.9998031578734987
751069,0.9992183026324559
751070,0.7671222501303798
751071,0.18592445087245693
751072,0.9993365715877527
751073,0.8552014510475989
751074,0.9837162923614087
751075,0.19703148685680466
751076,0.01637002348490996
751077,0.009245915365045225
751078,0.9890480552906777
751079,0.9939691061236147
751080,0.9984338200506082
751081,0.15459109979663216
751082,0.8408789210817053
751083,0.9998693059677106
751084,0.1591734866092775
751085,0.9764866262017953
751086,0.16950843476437602
751087,0.9997630996633463
751088,0.5664083121096175
751089,0.8199622891706102
751090,0.6730047869023772
751091,0.9510682995884642
751092,0.9999859628520271
751093,0.9914183399398503
751094,0.8949664723035082
751095,0.9432400697335279
751096,0.9999808064990332
751097,0.9104119868351523
751098,0.025097883688439866
751099,0.7276703098768458
751100,0.4503629523715586
751101,0.9995120388282412
751102,0.5637673412189298
751103,0.9304113892386272
751104,0.022787404200335544
751105,0.9998346749875178
751106,0.9898061255605182
751107,0.3724320499953677
751108,0.12328002545000559
751109,0.9981482766094201
751110,0.6321895051276774
751111,0.9999457609937525
751112,0.0055341022066509055
751113,0.9977634652050177
751114,0.613824579232568
751115,0.7609857620287545
751116,0.4448927413797
751117,0.6816531426709509
751118,0.6060727096174486
751119,0.9852312162595318
751120,0.8217385611296113
751121,0.04166464099030502
751122,0.7643327183444423
751123,0.5611775167807631
751124,0.9391771913356524
751125,0.3107842633188196
751126,0.9999793245585118
751127,0.9968862678269567
751128,0.4246563788073763
751129,0.02164183093353805
751130,0.9411817046311728
751131,0.998713296869043
751132,0.8503569362505106
751133,0.8111326087644694
751134,0.9094920776595664
751135,0.9999948030343822
751136,0.9999719809731775
751137,0.9999560458584407
751138,0.9865859284554364
751139,0.13535350458554826
751140,0.7186839432977634
751141,0.9893437741219963
751142,0.21759896502701534
751143,0.9996577517739277
751144,0.9981008961403735
751145,0.9254773003567149
751146,0.9643989482213425
751147,0.996131860329218
751148,0.015381807805082765
751149,0.08020260804112254
751150,0.003215337263323137
751151,0.08994138635351998
751152,0.9998293277533116
751153,0.9987552110387539
751154,0.9987807543386495
751155,0.07541814578592144
751156,0.9908338202025023
751157,0.878189001508648
751158,0.8361866394260764
751159,0.7365429524594701
751160,0.8371322944331782
751161,0.10969169293695491
751162,0.9977321116815042
751163,0.10343883221089321
751164,0.9999376821438927
751165,0.026776074330349744
751166,0.9938282933712801
751167,0.7363739260191768
751168,0.193760224049204
751169,0.9998373677496164
751170,0.9986450569543457
751171,0.9846241399748744
751172,0.9929478508914319
751173,0.9759348755788555
751174,0.9977125412727801
751175,0.9963934782451358
751176,0.6129468196674551
751177,0.9800502596380894
751178,0.03849657455161713
751179,0.9118548028377862
751180,0.025445172841626798
751181,0.9997182819778268
751182,0.948849057433367
751183,0.16898194767626604
751184,0.9989911946346194
751185,0.33914404313911783
751186,0.9735038176664421
751187,0.9998038912168665
751188,0.9999204912356205
751189,0.9964817945218924
751190,0.5465234836495266
751191,0.11753332593572827
751192,0.18305020534563782
751193,0.3389278605558361
751194,0.023506595871255788
751195,0.8448214399742022
751196,0.9999833991073466
751197,0.9999649465992189
751198,0.9594249724901762
751199,0.9338507058956708
751200,0.7045487455438739
751201,0.07209338002891949
751202,0.9916891663621605
751203,0.9995179200748985
751204,0.9998421573519718
751205,0.8360066739988797
751206,0.9226803392066287
751207,0.41740414087713834
751208,0.780632151798065
751209,0.3802800797786209
751210,0.9984869354221177
751211,0.9943242374076849
751212,0.6996165455566065
751213,0.9999334094248595
751214,0.9454358146688635
751215,0.9776748591104905
751216,0.4117935215133509
751217,0.9996827266829044
751218,0.6975611892714032
751219,0.38964947764066504
751220,0.026846586415890744
751221,0.8981334201321841
751222,0.09360005948917532
751223,0.2072024680015625
751224,0.030744909548665288
751225,0.23926059736232252
751226,0.16670805329055047
751227,0.05364344517603167
751228,0.7961830185498254
751229,0.547195003051137
751230,0.02393988086113555
751231,0.14507682251206977
751232,0.9999103272995311
751233,0.9981509155267319
751234,0.9345636027354145
751235,0.31882520888880805
751236,0.0034771676433195476
751237,0.06479470451184152
751238,0.44306351492487217
751239,0.9999034994090041
751240,0.9958259069472379
751241,0.9999917440844971
751242,0.9957666597116908
751243,0.2787038092611355
751244,0.9839817476195407
751245,0.998069438500722
751246,0.006308384547941831
751247,0.12356402043411166
751248,0.17898124976869098
751249,0.9983167794186024
751250,0.22499779062875735
751251,0.9808336580339349
751252,0.9285559781256629
751253,0.9999138483321071
751254,0.9999327559497292
751255,0.05650556151604811
751256,0.9748189005252876
751257,0.9961306040069151
751258,0.9957928482606054
751259,0.2795869531697662
751260,0.9988628920325957
751261,0.998834414870417
751262,0.998404354923201
751263,0.568966079335033
751264,0.9889759184094247
751265,0.1510689252018435
751266,0.8287935135272237
751267,0.5227971831662164
751268,0.9998841240632241
751269,0.5271206597760253
751270,0.05132796980134255
751271,0.1283366347128343
751272,0.998082000566217
751273,0.9968498525941702
751274,0.200551654502659
751275,0.9999754785619088
751276,0.9999923123436918
751277,0.9994306689520496
751278,0.9864367476720752
751279,0.06755049835370427
751280,0.6692739096100453
751281,0.9997893961102429
751282,0.09190684401397593
751283,0.9921329857752996
751284,0.998244271461914
751285,0.8626402388619989
751286,0.9884320797357746
751287,0.9992246144709385
751288,0.9233173895467477
751289,0.9996194235821312
751290,0.01680460197652095
751291,0.05174797911166708
751292,0.9986955476279781
751293,0.34940680230479426
751294,0.27834890542787727
751295,0.7671247568791975
751296,0.999967875933007
751297,0.9928250167421169
751298,0.9919088715904294
751299,0.999204545202664
751300,0.21341720197810415
751301,0.71640752622687
751302,0.9994072740784017
751303,0.9996902381239896
751304,0.12144689051955294
751305,0.30250644060214704
751306,0.999924710279673
751307,0.7979409628071925
751308,0.11570929459104405
751309,0.9561895158599001
751310,0.14623280622518192
751311,0.9994212814981469
751312,0.922813620367859
751313,0.973173037098405
751314,0.3183598669769057
751315,0.9997657111137339
751316,0.26933198141194276
751317,0.032948425940133204
751318,0.9404770456253904
751319,0.9994480242876005
751320,0.135629473752966
751321,0.9984897672317911
751322,0.9944166344780554
751323,0.9999520062211571
751324,0.19629286747395785
751325,0.9983738797627302
751326,0.9997198277477453
751327,0.9999264517597941
751328,0.999971470546726
751329,0.7446247563349576
751330,0.05778678780377792
751331,0.9999796717266609
751332,0.1578462089232755
751333,0.962437334706207
751334,0.9999324121160771
751335,0.07807789313835653
751336,0.998697389194436
751337,0.9998902446686225
751338,0.9996977143926757
751339,0.36261642647861536
751340,0.8545435867578489
751341,0.9709626551317911
751342,0.989368790511377
751343,0.16323720968526118
751344,0.9843555649300626
751345,0.9995633865751579
751346,0.26262107277841
751347,0.7212229244189385
751348,0.29207596423522564
751349,0.12344657136397577
751350,0.9247649118327659
751351,0.9964584358338627
751352,0.032155337621579
751353,0.9927498299248709
751354,0.9995330351763281
751355,0.9988480198922309
751356,0.9999739823827491
751357,0.9968108887254812
751358,0.9542870047901059
751359,0.10821156726147849
751360,0.7613121514925976
751361,0.928584086086849
751362,0.41834678503498945
751363,0.8770808700006477
751364,0.997898398311274
751365,0.06047337501394022
751366,0.9997569957247339
751367,0.9985652692802076
751368,0.09557830507468412
751369,0.9691835889061116
751370,0.9995717399382619
751371,0.36760044631866107
751372,0.99989626748155
751373,0.31793340398555103
751374,0.9994058647473798
751375,0.9997693522608173
751376,0.83089018220349
751377,0.999981857575583
751378,0.996562987707643
751379,0.06741897394568064
751380,0.9998987077189369
751381,0.9993003071847482
751382,0.9997390422172826
751383,0.903518308271415
751384,0.9997314458371606
751385,0.999328438285737
751386,0.9870010053492706
751387,0.9728273766846167
751388,0.9999595315994123
751389,0.8747644388528261
751390,0.4643271975414152
751391,0.9937014062319982
751392,0.5058181154501644
751393,0.9959559007181178
751394,0.9911994671869184
751395,0.7146777133122528
751396,0.7927509101341692
751397,0.11606031914257867
751398,0.46903148761595187
751399,0.13192522543126342
751400,0.019435381824879413
751401,0.6689901397279796
751402,0.26678068444007375
751403,0.2726929899891397
751404,0.25799819509262223
751405,0.00918297104816927
751406,0.9989500662228041
751407,0.021643368198337277
751408,0.013438772343760643
751409,0.14694130194551422
751410,0.1469456751102162
751411,0.9996481032754347
751412,0.9995323016496269
751413,0.9676355480790972
751414,0.9947235625602243
751415,0.9347843746320108
751416,0.9994188914078241
751417,0.06393970280415612
751418,0.9610463558323665
751419,0.9902070588585252
751420,0.9853732161568476
751421,0.999135617806775
751422,0.9999429910085831
751423,0.9985953235728142
751424,0.7398844538464313
751425,0.9993555485346812
751426,0.2693949633078371
751427,0.488374064498282
751428,0.998360744787752
751429,0.019627388568878558
751430,0.990208735679239
751431,0.7633980542429886
751432,0.9598614916668217
751433,0.049751628200286356
751434,0.9999035880572819
751435,0.8385198750845149
751436,0.9954064715447414
751437,0.9996099035483259
751438,0.999759569958766
751439,0.5203305889808663
751440,0.9977184564678878
751441,0.999971403515206
751442,0.9480015444591359
751443,0.9664479055266872
751444,0.07520571809227852
751445,0.4144856366510901
751446,0.9935471671647211
751447,0.9998538443913586
751448,0.22151488420497525
751449,0.11597803402737256
751450,0.3600647199018425
751451,0.9921048388556607
751452,0.036387390373058826
751453,0.9999166389236802
751454,0.037628454932915244
751455,0.799024594747554
751456,0.9986995058608963
751457,0.44863363360647224
751458,0.9957035107891199
751459,0.9729063437074688
751460,0.9941175803621607
751461,0.9995173500741508
751462,0.1553311825579002
751463,0.999846149826994
751464,0.16430936329025694
751465,0.9803635284675705
751466,0.5905095504380604
751467,0.727226890676692
751468,0.9408742926021731
751469,0.6590757872479565
751470,0.09367161207798941
751471,0.9998937459483979
751472,0.995792154000823
751473,0.468312173782248
751474,0.05489774242156169
751475,0.997186448577928
751476,0.02415495562408932
751477,0.9998412149653585
751478,0.9686157814508867
751479,0.6354974729385233
751480,0.6480713668413789
751481,0.11597843207702105
751482,0.9730539229335594
751483,0.9680217781442373
751484,0.8407086369857928
751485,0.7614024692766357
751486,0.6492751733345322
751487,0.9972184770040616
751488,0.9998514844704163
751489,0.9987888157725979
751490,0.9968979261628673
751491,0.9997844782717273
751492,0.8453856373081712
751493,0.9954234725761066
751494,0.9997694949067848
751495,0.9861002680759138
751496,0.9992458484477869
751497,0.9975107143395657
751498,0.7033021251892182
751499,0.00261150319957342
751500,0.4403464948098951
751501,0.008029925938953159
751502,0.020399619560766656
751503,0.3728998582974833
751504,0.9968700898850333
751505,0.9997591854638528
751506,0.10160963645852839
751507,0.6586385735391702
751508,0.8661225326554411
751509,0.03854077833157031
751510,0.9163228491789481
751511,0.9681497609164059
751512,0.0021888646184495477
751513,0.9998724463548156
751514,0.9986413660415779
751515,0.750431409808647
751516,0.3640815759193559
751517,0.3761288290621377
751518,0.9999625055424621
751519,0.9299534360814679
751520,0.9999458098838787
751521,0.6434914407096693
751522,0.031798654184254024
751523,0.04954716200794416
751524,0.5657229257475014
751525,0.9991375848778543
751526,0.9992109126512159
751527,0.060219135748258094
751528,0.8736918020833021
751529,0.9918248079555402
751530,0.01634744203255016
751531,0.4867003078638773
751532,0.9221885862374156
751533,0.9996921345766806
751534,0.19070709352580065
751535,0.6467848302431534
751536,0.20932415972940555
751537,0.9995828285635062
751538,0.9913494724989143
751539,0.911362328540297
751540,0.04353297841940715
751541,0.9856419469167408
751542,0.9991274076664796
751543,0.9998799725462969
751544,0.26493518378166525
751545,0.9999526765386895
751546,0.9919577145565268
751547,0.7793074716808839
751548,0.172664958599374
751549,0.710482434757677
751550,0.23847249290701314
751551,0.001247843904703367
751552,0.9981464684766009
751553,0.9776040401346259
751554,0.4381312732900505
751555,0.9999263708124743
751556,0.9766136417108593
751557,0.015600261433616997
751558,0.8392477248121349
751559,0.9999397557828209
751560,0.9999095431520095
751561,0.9688155606619213
751562,0.9924746338435626
751563,0.9999835151786777
751564,0.9997679458051227
751565,0.9707244026997726
751566,0.9829320403262309
751567,0.5671316429438593
751568,0.09085488218534721
751569,0.9670594635756564
751570,0.9772196862946125
751571,0.8798044051944077
751572,0.997586071483429
751573,0.0974548089236718
751574,0.9899232806365472
751575,0.4768024804629165
751576,0.720156825589326
751577,0.4641973970097713
751578,0.6652503706767778
751579,0.47655640522890763
751580,0.4399106210667775
751581,0.7016444844512579
751582,0.06828116387675652
751583,0.6302005564737082
751584,0.9993139359929712
751585,0.036651051340121886
751586,0.9604879732436777
751587,0.24534787798988753
751588,0.9692901506807384
751589,0.47984836058414637
751590,0.5923415012259129
751591,0.13614626355374929
751592,0.9987838698865212
751593,0.008443226472013962
751594,0.753929974615556
751595,0.06551871214311629
751596,0.8792510715207916
751597,0.9999876874853104
751598,0.9999410610257995
751599,0.8633776698498834
751600,0.6161814678624995
751601,0.07683984456385867
751602,0.0469779407009146
751603,0.7675375068152117
751604,0.3104420567511551
751605,0.7727211084893267
751606,0.9991446277217948
751607,0.9998668981839351
751608,0.5309106121974861
751609,0.9481755168082362
751610,0.9987968044909576
751611,0.9997762872270487
751612,0.39198809492120024
751613,0.06391382672500652
751614,0.9052952177153969
751615,0.8693278076206459
751616,0.10342132512112201
751617,0.9998196828883179
751618,0.9999269150727426
751619,0.9997278885350513
751620,0.9963781477092652
751621,0.9998905231696198
751622,0.9998800505613687
751623,0.24869549188594414
751624,0.9995591868100211
751625,0.023539954201504343
751626,0.9983680152924986
751627,0.9999695731569187
751628,0.2490832137532456
751629,0.09020184854823544
751630,0.9995300433216328
751631,0.9697229017454376
751632,0.987947666181473
751633,0.9444120837837763
751634,0.3963578682075022
751635,0.9877987296055126
751636,0.9920454981510582
751637,0.9994145956888486
751638,0.6769811815472381
751639,0.9928209126648275
751640,0.9989722708121078
751641,0.9920475224572625
751642,0.9927590281230968
751643,0.9997529002120762
751644,0.8869476431549559
751645,0.39228646782303345
751646,0.9999566048101862
751647,0.9604140475543885
751648,0.999858653500403
751649,0.6128534112537314
751650,0.6140127558181298
751651,0.9993404001412581
751652,0.6390378129785252
751653,0.6481129157210332
751654,0.9843243263889967
751655,0.9997904978913161
751656,0.7884089866693202
751657,0.012405778751673608
751658,0.9985769784174672
751659,0.0806950097781656
751660,0.16881211799964893
751661,0.5429969922525895
751662,0.06024797974369969
751663,0.18370796586278587
751664,0.9900858145093494
751665,0.06305225079949009
751666,0.9999662188751619
751667,0.929194317110902
751668,0.8164127193376927
751669,0.534952189293917
751670,0.9993844743256282
751671,0.8430875361403902
751672,0.9217071359832971
751673,0.9907559053469994
751674,0.33899494774612055
751675,0.425392465282876
751676,0.9998631482673104
751677,0.367598979024385
751678,0.9696548862330658
751679,0.9312463687643251
751680,0.9990728515068159
751681,0.3683671535394931
751682,0.9998214755265452
751683,0.9989031397490331
751684,0.32413968469469384
751685,0.9986262189726125
751686,0.8779348894613781
751687,0.16181778870931843
751688,0.9979284959123066
751689,0.8279450534264605
751690,0.019116553575997553
751691,0.999985726613354
751692,0.2810011589753755
751693,0.9108081592667017
751694,0.9986874146786051
751695,0.97576391299166
751696,0.27527853003326525
751697,0.7704652311007563
751698,0.9164938133577056
751699,0.037153589439524466
751700,0.21051113734480117
751701,0.03914257203002376
751702,0.6884934848845379
751703,0.41114266958590096
751704,0.056086718198226984
751705,0.07058717090771047
751706,0.9879950772262012
751707,0.975922033079929
751708,0.04826463815995115
751709,0.9999794851594852
751710,0.9984381546790743
751711,0.9901112587433338
751712,0.9842542482818947
751713,0.9997833157801139
751714,0.23610857629184173
751715,0.6908071424984847
751716,0.9997641150383514
751717,0.9974769078645467
751718,0.5921557288874811
751719,0.9685365172793702
751720,0.6006811992051946
751721,0.9859181215199422
751722,0.9992599958177277
751723,0.8143456636078623
751724,0.5620386749491334
751725,0.8956681766684196
751726,0.8244123680943215
751727,0.996346701434339
751728,0.879548943556966
751729,0.9981046404991283
751730,0.992549812647959
751731,0.9917735361385172
751732,0.015985279072934778
751733,0.2928148473425647
751734,0.19772787109028395
751735,0.9978226491482156
751736,0.11901103158432672
751737,0.9999759907879873
751738,0.9968454024264567
751739,0.1589268393795769
751740,0.013052614322159865
751741,0.9979841826760958
751742,0.9749964832155843
751743,0.9956998704901474
751744,0.9985412772937408
751745,0.015801860088282348
751746,0.7278469497606953
751747,0.8594722105342675
751748,0.34253236679005833
751749,0.9996577789930561
751750,0.8295801758834397
751751,0.4343605273024874
751752,0.5679954341929083
751753,0.9998368832853612
751754,0.9977119055350556
751755,0.18878742377264787
751756,0.1303772417783602
751757,0.9997699224155183
751758,0.981355556819883
751759,0.0018448695737690885
751760,0.5626401548119798
751761,0.9988418434157644
751762,0.07884563255243289
751763,0.9999941036122193
751764,0.7287686834277981
751765,0.751157477211851
751766,0.6956869223375218
751767,0.9883951217826443
751768,0.9999800841905984
751769,0.2673717231389598
751770,0.033390101890548037
751771,0.9999113228495866
751772,0.8158326526291919
751773,0.9985550511989811
751774,0.9909031337987042
751775,0.8109773881402589
751776,0.9846374380294266
751777,0.986048448099589
751778,0.999651634578797
751779,0.5044476207294771
751780,0.8798882244444256
751781,0.6849334097359434
751782,0.008563193813412112
751783,0.027653943248771854
751784,0.9998651756119258
751785,0.8582690945534261
751786,0.9998501718017079
751787,0.28546353541610175
751788,0.9946274366409986
751789,0.9940115198032008
751790,0.9993143586138062
751791,0.9996548328410383
751792,0.7585869266825453
751793,0.5746368704916455
751794,0.9920595538930131
751795,0.30157758886681585
751796,0.9872771972467458
751797,0.7756765527116867
751798,0.9244908051006289
751799,0.9999804262011165
751800,0.203212918270785
751801,0.9978733562561591
751802,0.9998932387847909
751803,0.9964377557275832
751804,0.24784870022985073
751805,0.6787663463264519
751806,0.7715962804485518
751807,0.8594420099160929
751808,0.4719473635305076
751809,0.36269688427108204
751810,0.9911130043705217
751811,0.9766195056709737
751812,0.022554740493759606
751813,0.9968779624279328
751814,0.08527674042251066
751815,0.980426740282087
751816,0.989050391689204
751817,0.994914556394818
751818,0.7373889457960359
751819,0.014372263069439596
751820,0.9997266843602328
751821,0.046441558387369145
751822,0.696779330527532
751823,0.1447888586976746
751824,0.998321882651057
751825,0.07868520635143078
751826,0.5133080151043752
751827,0.2879810381814635
751828,0.9887401194311979
751829,0.9840763485667212
751830,0.9330781849144996
751831,0.1582974867035723
751832,0.016600003725113086
751833,0.66762767869299
751834,0.646842849979165
751835,0.5993499422611155
751836,0.20017425979218934
751837,0.8843238662876423
751838,0.9333418432149854
751839,0.5908298934529073
751840,0.47900160776893214
751841,0.9675549387334242
751842,0.6447891125204541
751843,0.9666208977267254
751844,0.9547859541395576
751845,0.006140446692361712
751846,0.9942038785830702
751847,0.5706981477905159
751848,0.02116616482175386
751849,0.9999218133191179
751850,0.047778299913189035
751851,0.9999226499280728
751852,0.9997950312969954
751853,0.876061718246103
751854,0.5992540812029009
751855,0.02712946727349929
751856,0.998093413284533
751857,0.6388257002158519
751858,0.029606788675910864
751859,0.2728556172494181
751860,0.9996912136087411
751861,0.07188444378678199
751862,0.3806354127390028
751863,0.9892963168884634
751864,0.9986034292911987
751865,0.016715398692645766
751866,0.1827556619917378
751867,0.31137550089551624
751868,0.9704941849092861
751869,0.9978999355052692
751870,0.9999263855358566
751871,0.2604388177412439
751872,0.9818548314688014
751873,0.9969449596508939
751874,0.9996991434588275
751875,0.574059596769844
751876,0.9892765585906768
751877,0.6009826376906693
751878,0.3561355409989095
751879,0.9996938372115407
751880,0.7444075833864818
751881,0.5393269881752139
751882,0.8188874186252962
751883,0.8743402270556639
751884,0.8132326691462249
751885,0.38444583637958774
751886,0.018520535108291724
751887,0.9999657302615437
751888,0.9902911207974219
751889,0.21968968879463607
751890,0.9888054046321304
751891,0.9997979322620921
751892,0.9997903239805425
751893,0.9995065682936568
751894,0.01986098376956951
751895,0.28769781812432305
751896,0.6249969477471891
751897,0.9992154317295833
751898,0.41631994325273736
751899,0.0386817572045183
751900,0.9644387295081307
751901,0.9996373210362955
751902,0.8010221157637103
751903,0.9988012568245916
751904,0.3325961164161594
751905,0.0091856595473365
751906,0.5066882609015819
751907,0.4717788436427126
751908,0.8976112987119609
751909,0.11387876016199505
751910,0.10133729636461064
751911,0.9999141503559416
751912,0.9998692190248011
751913,0.7161522354961948
751914,0.751109880715468
751915,0.6385786200608776
751916,0.3725213541483964
751917,0.9921129230672813
751918,0.49808427557078866
751919,0.997831123653228
751920,0.06604920512414678
751921,0.25778738995800665
751922,0.9999725270779202
751923,0.9998598163558445
751924,0.9999439570254326
751925,0.9956831292712724
751926,0.13989518698077463
751927,0.7197176790903765
751928,0.9866831397143712
751929,0.6226863630809734
751930,0.0024815107047446356
751931,0.9998908976463567
751932,0.5241938287786426
751933,0.017761799652518458
751934,0.7139870846304491
751935,0.9954849534278731
751936,0.9854819752337771
751937,0.9890244225211127
751938,0.0025429741596830757
751939,0.9762393467866939
751940,0.9885144438547584
751941,0.9999276200645398
751942,0.9995334479677005
751943,0.39095144515983304
751944,0.9997204902932937
751945,0.9979357091969061
751946,0.9993950783595427
751947,0.41015309228432995
751948,0.9535336166425376
751949,0.3299887328027214
751950,0.999749732580778
751951,0.6072633026079808
751952,0.18072363952486925
751953,0.9990141362413185
751954,0.9994728847462856
751955,0.9714190417774334
751956,0.9977224387421298
751957,0.9963514512161369
751958,0.8033628897531317
751959,0.817280510054495
751960,0.9879183515676329
751961,0.05050247894312937
751962,0.9999704499650535
751963,0.9997143351057646
751964,0.6045472992341278
751965,0.3697049755800372
751966,0.9998679607826532
751967,0.9966264070955424
751968,0.6457959559930337
751969,0.8125843254928387
751970,0.5292132578966804
751971,0.9981705245306001
751972,0.9999899667385872
751973,0.9886784165331569
751974,0.9991707521152735
751975,0.966561715614039
751976,0.9912336179241987
751977,0.0371496816480594
751978,0.9999406365642826
751979,0.7534205589124668
751980,0.6257526438525546
751981,0.9986324241214223
751982,0.8596506823679286
751983,0.9996690814586484
751984,0.9917596404995395
751985,0.11375850853242478
751986,0.9839564992704306
751987,0.9611966272064969
751988,0.052309931356980394
751989,0.9999655688632794
751990,0.8627158779852045
751991,0.014011863371402634
751992,0.6829435141880716
751993,0.5862687409560942
751994,0.9925414980645839
751995,0.9999788589712147
751996,0.9999273596130258
751997,0.9725549741622997
751998,0.9785433078516883
751999,0.9961184401665533
752000,0.9822896284990414
752001,0.1982650590969609
752002,0.982099651084169
752003,0.999443847152693
752004,0.9891919264202139
752005,0.9940177906975869
752006,0.86439320095932
752007,0.07948656778041172
752008,0.999787246330661
752009,0.9995232332306102
752010,0.6017622462974009
752011,0.9989729204408836
752012,0.999727442263378
752013,0.15704306190079492
752014,0.544027079174642
752015,0.9998394500568711
752016,0.999765637500927
752017,0.9983012754942389
752018,0.9973185258514836
752019,0.01945480079971859
752020,0.9999360145197286
752021,0.9997390012404928
752022,0.20521320810861296
752023,0.7736571254727527
752024,0.9999016993048908
752025,0.028024665335115214
752026,0.018342944377312577
752027,0.9953264912944997
752028,0.03177649010636582
752029,0.9958626820918739
752030,0.24954440071609557
752031,0.9856685460111981
752032,0.7935989777381967
752033,0.9038900692640497
752034,0.9991726546496419
752035,0.9998890427437832
752036,0.7124926859008306
752037,0.9995791340362222
752038,0.999893653985203
752039,0.084663554110767
752040,0.041939783859539295
752041,0.7740926956496703
752042,0.9773727167848749
752043,0.689593177529408
752044,0.7448046255208511
752045,0.9998617121168552
752046,0.009392406345062864
752047,0.2392560738095122
752048,0.02949387135254164
752049,0.9999065952761893
752050,0.9999028178680023
752051,0.7389416387545089
752052,0.7661508473974822
752053,0.6976662340340534
752054,0.9992489556993637
752055,0.7321212796458795
752056,0.8928051557007987
752057,0.15780445205150095
752058,0.06653180777942222
752059,0.9937914716232151
752060,0.9999919503837427
752061,0.9913763197642261
752062,0.9997358816121233
752063,0.6773158003696125
752064,0.644228622476918
752065,0.9994701514280686
752066,0.3498700655145466
752067,0.6234702614753573
752068,0.7955682436591958
752069,0.010527661482770673
752070,0.02993880644999026
752071,0.03957634244618863
752072,0.9971236537338355
752073,0.5410521266229987
752074,0.9980405576608367
752075,0.10349225497637185
752076,0.9827535838646972
752077,0.6724106887390269
752078,0.9992396592022912
752079,0.9999528725955544
752080,0.017718640168039222
752081,0.39998267938700904
752082,0.947664309136562
752083,0.02336333057140065
752084,0.7301694956967602
752085,0.8189252119018008
752086,0.5830858403802743
752087,0.3215114824724419
752088,0.012103421594281183
752089,0.9506658859038548
752090,0.4959370042841749
752091,0.03224153696612552
752092,0.9638089321365678
752093,0.9906673197806803
752094,0.6684332438585594
752095,0.9328639991718182
752096,0.9726888552696028
752097,0.9999729705022966
752098,0.08734854010338813
752099,0.8709498092020052
752100,0.8942093008972413
752101,0.018557523711516026
752102,0.8952216945786187
752103,0.9994765078306419
752104,0.9996289237980227
752105,0.4886036977042612
752106,0.7314427231601116
752107,0.43129107645515885
752108,0.6857962551354986
752109,0.9981623063179849
752110,0.29051081255778666
752111,0.41276218145580945
752112,0.5909526887864691
752113,0.9999563653806337
752114,0.9174043007134941
752115,0.8858721337897089
752116,0.468364703602583
752117,0.06255829972305457
752118,0.999830433277989
752119,0.9993177340913919
752120,0.9949725482739548
752121,0.010764278090910824
752122,0.9921815793694466
752123,0.9548304199722579
752124,0.7739813650662486
752125,0.7860484293314545
752126,0.14850329854758784
752127,0.7509122486047467
752128,0.9999593296496249
752129,0.9983882690287413
752130,0.9977573787024969
752131,0.9945141620317546
752132,0.2519498345252689
752133,0.6236044536035747
752134,0.9999934636145438
752135,0.40222211118154455
752136,0.9806143797888391
752137,0.0037152360382415616
752138,0.894558857065344
752139,0.9853517482598024
752140,0.5452313183667532
752141,0.3904451691235231
752142,0.9208327990719711
752143,0.035058392751460665
752144,0.06994591785129689
752145,0.030340144312897145
752146,0.03177935528508427
752147,0.2435463270169212
752148,0.9281027870760639
752149,0.9993651791563287
752150,0.7497412441199165
752151,0.5720914833593854
752152,0.42311616606475205
752153,0.37400454093477864
752154,0.999628827946067
752155,0.9996946435905224
752156,0.09718026035169924
752157,0.08040660889162324
752158,0.9870245024011262
752159,0.13945430067005254
752160,0.9723643373047713
752161,0.9996658497616908
752162,0.9999586767261754
752163,0.4769227975670081
752164,0.6294453043241377
752165,0.9913704478100852
752166,0.9999479267100649
752167,0.18573662952486117
752168,0.038832378095760824
752169,0.9998074992308483
752170,0.9543590727547535
752171,0.997616913360105
752172,0.999765280241284
752173,0.9757998209647811
752174,0.9996758474987514
752175,0.6761145400563512
752176,0.017710833611975764
752177,0.9998783712986787
752178,0.030270854007339257
752179,0.7928789117358928
752180,0.6602284099153295
752181,0.9837734269107083
752182,0.935337021432719
752183,0.41162992456879527
752184,0.2497573822731909
752185,0.02362005301847836
752186,0.4826484225603266
752187,0.9997079914775133
752188,0.999921785347379
752189,0.8639111121736172
752190,0.6993664004882305
752191,0.009064129827532226
752192,0.034716583192901385
752193,0.9736142558361591
752194,0.9999771361440386
752195,0.29196006888994414
752196,0.9994400325455585
752197,0.9999628647706523
752198,0.9990167438382098
752199,0.35241191357206203
752200,0.15905492124456494
752201,0.19068846363101838
752202,0.10776552304900354
752203,0.8438556972566527
752204,0.06957903483245852
752205,0.9997142785424067
752206,0.9998725625256052
752207,0.997462626243857
752208,0.9606607314502399
752209,0.02359122579823795
752210,0.9999763077262496
752211,0.4712707629127638
752212,0.005433345276911564
752213,0.9788882673425741
752214,0.9962435732311776
752215,0.05415057232389624
752216,0.9996384634723271
752217,0.9999570428785837
752218,0.030074694896081736
752219,0.8012675857978165
752220,0.7638677689095363
752221,0.7473172796218684
752222,0.9974294102302144
752223,0.9696042409014805
752224,0.4801403855012242
752225,0.8172097993458037
752226,0.9994233036802708
752227,0.296797097412341
752228,0.7504745393384842
752229,0.9999574874894335
752230,0.434541561431988
752231,0.9996088114039828
752232,0.9992980463259467
752233,0.9512904649736842
752234,0.8281459310267572
752235,0.9865075850063192
752236,0.9999224591012991
752237,0.541996630098058
752238,0.648560933166727
752239,0.37754290909694443
752240,0.4578301132613646
752241,0.9167959688851032
752242,0.5540325431517075
752243,0.7695172533688424
752244,0.17651537472169324
752245,0.9459846380649419
752246,0.9999014928283255
752247,0.8254718799002048
752248,0.9388041425647509
752249,0.36357346594729123
752250,0.031857841565818834
752251,0.03589537126804787
752252,0.6940360691131189
752253,0.8925191510514434
752254,0.9889603712106942
752255,0.38718023793924117
752256,0.9832347921532454
752257,0.7995699198368187
752258,0.5756760149378988
752259,0.8747038474666423
752260,0.1184830996523403
752261,0.9944293362779077
752262,0.42707253200077033
752263,0.034807367631874496
752264,0.9356068513621306
752265,0.251793680491007
752266,0.6810548043594956
752267,0.9953724256853567
752268,0.9997011418405763
752269,0.10898838440291561
752270,0.9845307916130759
752271,0.8712264429569885
752272,0.7791925825764277
752273,0.9999046195442503
752274,0.9990593808147856
752275,0.9999243310380901
752276,0.6708611938420795
752277,0.6950666676468888
752278,0.9987506121169687
752279,0.005590455275808719
752280,0.9995837248605357
752281,0.9918573943230534
752282,0.039243815586928354
752283,0.4504278513784713
752284,0.9968485840276284
752285,0.8207637594390017
752286,0.47074458054301116
752287,0.02820328665362366
752288,0.8685583480634651
752289,0.284219032390642
752290,0.9995028396962908
752291,0.8399544382895441
752292,0.9998806018200825
752293,0.586315366729028
752294,0.9902942518134737
752295,0.993790516237415
752296,0.7111059976695984
752297,0.3175379755572795
752298,0.7498744384612173
752299,0.9724316875461585
752300,0.3144698798954176
752301,0.9992103268427486
752302,0.5198808043857617
752303,0.9999444692998235
752304,0.9998462702004545
752305,0.36740323905752253
752306,0.11286309934448063
752307,0.9998942904299368
752308,0.9999429983669376
752309,0.9999506186618903
752310,0.7311346816522624
752311,0.10747710635323539
752312,0.6848039556402559
752313,0.05490159430867673
752314,0.40304440306784295
752315,0.008068692767964136
752316,0.022675181761742366
752317,0.9906145546496412
752318,0.9988931811057045
752319,0.9997215301505451
752320,0.009828285067417952
752321,0.9994713555931738
752322,0.9955765484661099
752323,0.9997448059419345
752324,0.06346477799250914
752325,0.9994657766560306
752326,0.9963750250325284
752327,0.8233207021651737
752328,0.8913837860943461
752329,0.5902462989663011
752330,0.9943409613743773
752331,0.9998036971982687
752332,0.45852029987016885
752333,0.5964023500508544
752334,0.07488107180636258
752335,0.032326653988778056
752336,0.1903601452870867
752337,0.01522232378288509
752338,0.9997592335985332
752339,0.4434025024891752
752340,0.9999103158034768
752341,0.19312910340428607
752342,0.999082438948943
752343,0.999471038509232
752344,0.7149472264575711
752345,0.9998936521568422
752346,0.9998027410767532
752347,0.017263277355294197
752348,0.9547411676050253
752349,0.995375350569077
752350,0.19149162083391746
752351,0.9034506209722697
752352,0.9987668231543391
752353,0.9998682504406315
752354,0.9933855104325693
752355,0.9999292255365853
752356,0.04301550076950413
752357,0.9246426091610743
752358,0.8609532610746637
752359,0.9998606961134981
752360,0.992814851617219
752361,0.8373230871403522
752362,0.7417075805783919
752363,0.9999550736808767
752364,0.025567894776507928
752365,0.9990977117106771
752366,0.22917888155618082
752367,0.998968038088953
752368,0.8921428062018155
752369,0.1651246663715971
752370,0.9999432981365319
752371,0.1515758433286155
752372,0.0370738113819421
752373,0.7520276000606632
752374,0.49949060595988326
752375,0.20970063320589
752376,0.076655959922148
752377,0.2884266370130377
752378,0.9156854307671849
752379,0.5889391150081329
752380,0.9715891522320228
752381,0.9757209602453126
752382,0.9994297969106172
752383,0.9987505024251019
752384,0.99990971172687
752385,0.24733112769434493
752386,0.9754038715759856
752387,0.37810671397170337
752388,0.007489535961692926
752389,0.9978924256067294
752390,0.5199886574930843
752391,0.7816125982162114
752392,0.999951748621769
752393,0.9999920456623228
752394,0.9167547644703904
752395,0.999872776571197
752396,0.9998917851765027
752397,0.5921261897513839
752398,0.9997352998884899
752399,0.06682941262421271
752400,0.9968821045077696
752401,0.993807048281764
752402,0.9515274774921605
752403,0.9598478337153777
752404,0.4551687774152142
752405,0.9995341313719233
752406,0.956097091776128
752407,0.06310137965676495
752408,0.9420049381588819
752409,0.7447162339526247
752410,0.9986853264391118
752411,0.8188839169329509
752412,0.2718539460054708
752413,0.0036185955739684124
752414,0.9997515671924353
752415,0.9999493356720318
752416,0.0293486558198732
752417,0.9879736872405327
752418,0.9995939261522884
752419,0.025637193349138606
752420,0.11282871363392918
752421,0.9995288462934344
752422,0.999863446119239
752423,0.8273472956874537
752424,0.9986064244441482
752425,0.9247612740694522
752426,0.9994342661637041
752427,0.9553758468325106
752428,0.999787614233231
752429,0.9994167714877717
752430,0.7490840871332083
752431,0.9996499975509715
752432,0.6797953182607082
752433,0.09402459230462422
752434,0.9997387618712139
752435,0.8897361168337709
752436,0.9174808980231353
752437,0.048632066915312584
752438,0.9997844121445008
752439,0.9999424758574984
752440,0.9988214250233802
752441,0.8696967662594691
752442,0.8440203053667565
752443,0.9344048283874578
752444,0.9999532653150036
752445,0.9983664486803883
752446,0.999300270811143
752447,0.9925479910114935
752448,0.8874692863316767
752449,0.3790315951888309
752450,0.9995406569619417
752451,0.9995576181322523
752452,0.9979898180269676
752453,0.7596259172943625
752454,0.9288664361703918
752455,0.9804938163462591
752456,0.8147605671556917
752457,0.9970688699975963
752458,0.030022179650670923
752459,0.9995626754230154
752460,0.9178962563863411
752461,0.04494025550301407
752462,0.7601270794155661
752463,0.9241538477690803
752464,0.27998767417925646
752465,0.18088819140537615
752466,0.9983423809024232
752467,0.9981409634225866
752468,0.975750736308428
752469,0.9997849981882674
752470,0.37909799110757275
752471,0.9998373815475265
752472,0.9999338401466971
752473,0.9993922678784783
752474,0.9998806973927818
752475,0.7774095142068858
752476,0.6609523514188416
752477,0.9259025126430109
752478,0.9999866302342205
752479,0.36473942803554227
752480,0.9999037908769357
752481,0.1436567873933075
752482,0.9989582166383684
752483,0.9990848915726853
752484,0.8427842554623286
752485,0.50815128471639
752486,0.9428282982002038
752487,0.8161870881725218
752488,0.8774544404864519
752489,0.4446260686938185
752490,0.998246651496999
752491,0.06943446897590688
752492,0.14322856591374825
752493,0.944522674685305
752494,0.9994391258369448
752495,0.2976374510423543
752496,0.9979579623558105
752497,0.9998059497114199
752498,0.3783841574294379
752499,0.9997589903589669
752500,0.1687675443377163
752501,0.8429274849507842
752502,0.9993005233547316
752503,0.022283207034508434
752504,0.9987081454770361
752505,0.971403269831919
752506,0.9808788410137885
752507,0.12518261557338106
752508,0.7674625574184746
752509,0.9444579929583972
752510,0.9993552492060165
752511,0.9989922076605173
752512,0.9739332535585019
752513,0.9989706799159428
752514,0.5503821957366057
752515,0.971729949798625
752516,0.5788126026456729
752517,0.9996870807473887
752518,0.878392916626485
752519,0.9430957411945498
752520,0.9976654627527434
752521,0.95320195567058
752522,0.9701646016596905
752523,0.332179106163386
752524,0.9576586729337224
752525,0.9897844120074015
752526,0.9941638413082691
752527,0.30536783555465996
752528,0.07268007349572592
752529,0.8925964648209911
752530,0.957355669377012
752531,0.9966962356409356
752532,0.940652831526739
752533,0.9827537897859198
752534,0.9998332029313768
752535,0.07494045952872597
752536,0.5690951790380784
752537,0.9998489721679737
752538,0.9983462072230962
752539,0.6226106970277121
752540,0.9996903387535482
752541,0.6693712526711513
752542,0.9994649662592915
752543,0.005754177999872027
752544,0.6705497230109929
752545,0.6196822290558535
752546,0.9985510380314249
752547,0.09586027059396746
752548,0.02114788276991565
752549,0.9963114041963732
752550,0.5374546375918934
752551,0.9999733430509098
752552,0.8674161565810172
752553,0.9996837252418562
752554,0.7380604668528339
752555,0.013455216561592244
752556,0.05071644335356079
752557,0.9995383364056325
752558,0.9851668697402254
752559,0.9700050457796601
752560,0.6879708417289703
752561,0.9999469402321819
752562,0.8530212078639813
752563,0.9999819443937645
752564,0.8752777757095522
752565,0.9999750581535384
752566,0.9065425921376282
752567,0.8689270683739458
752568,0.22080203523457265
752569,0.999855659209107
752570,0.9998149369995759
752571,0.9940661186066865
752572,0.2952296092653262
752573,0.7632108759316298
752574,0.9347902408189874
752575,0.9901605990939828
752576,0.7107642960542344
752577,0.999864169951793
752578,0.9999860220427058
752579,0.7276901484612757
752580,0.9928935065049773
752581,0.9965757004380241
752582,0.30444036724306867
752583,0.999900282080487
752584,0.6486177665418826
752585,0.9992852850005834
752586,0.9844965296054442
752587,0.9989357800284564
752588,0.9994477532855448
752589,0.39601362393369616
752590,0.037306721981717
752591,0.5518457994654101
752592,0.7822773602471589
752593,0.9993621166751563
752594,0.9996144966372342
752595,0.9992725281366983
752596,0.9995131785478906
752597,0.9973727217579311
752598,0.9994536854849729
752599,0.6712201070421412
752600,0.827477753763534
752601,0.2119382124413534
752602,0.6694376400190991
752603,0.5224770888646261
752604,0.9940368456794987
752605,0.6611680623296456
752606,0.9994217961225933
752607,0.8339525295717325
752608,0.9344835544891253
752609,0.8762020218528963
752610,0.9752026816824377
752611,0.8894764762112525
752612,0.8399791690311011
752613,0.9276288729064792
752614,0.9982002883138653
752615,0.23998718628279003
752616,0.9998208718396338
752617,0.9997592960723853
752618,0.27953802303884573
752619,0.9836481200880051
752620,0.6242307334769795
752621,0.7179503584041007
752622,0.9998300539449105
752623,0.6571829610981039
752624,0.9527505750043348
752625,0.8118432448268653
752626,0.9999504939057586
752627,0.9976995160672468
752628,0.998327561929317
752629,0.9947242652518891
752630,0.12150089105880738
752631,0.9882972370346444
752632,0.7102459585551322
752633,0.8852461525027724
752634,0.9927221886372236
752635,0.9956657589572007
752636,0.9968851590867065
752637,0.9626275682981525
752638,0.018422791283189445
752639,0.9858057791195327
752640,0.011254687753547503
752641,0.8656356626422779
752642,0.9995492088000283
752643,0.9307215194626551
752644,0.874473540773749
752645,0.9999760928740158
752646,0.37605185438769506
752647,0.9977896531422676
752648,0.010420392773429776
752649,0.9952426010248068
752650,0.34376248760423467
752651,0.023967790172737768
752652,0.27327622866626017
752653,0.997728732375694
752654,0.9727780785388727
752655,0.9999009069095801
752656,0.9916791158214874
752657,0.4503055801210891
752658,0.6171819237341467
752659,0.016202245472624645
752660,0.7482340294668584
752661,0.016097941313150007
752662,0.9994247033452961
752663,0.7667497397119984
752664,0.8281298323031825
752665,0.24960312159316672
752666,0.673054710546199
752667,0.9613193028226898
752668,0.9753194823842039
752669,0.5189079345274634
752670,0.9993741629142563
752671,0.9977874438130365
752672,0.9998481927730258
752673,0.00988444461446188
752674,0.9996525492251889
752675,0.9979286081188221
752676,0.727957055409754
752677,0.9895160289789089
752678,0.0387952684428242
752679,0.33713565172237636
752680,0.8865255611613113
752681,0.9916890750097944
752682,0.6026797117154896
752683,0.9487963269245092
752684,0.11117690263790876
752685,0.02884586917783267
752686,0.24549753905334692
752687,0.11096453106682119
752688,0.9191765341822958
752689,0.5650160576002774
752690,0.06212950169412207
752691,0.7140864757797443
752692,0.9999404894594799
752693,0.08098747664662803
752694,0.9985032071100928
752695,0.9995845491274572
752696,0.7370266528606894
752697,0.013280487057080759
752698,0.18456531933159076
752699,0.9998016653817472
752700,0.19579315249620832
752701,0.612037480331152
752702,0.9224466621241757
752703,0.9994954644375428
752704,0.3782559675917468
752705,0.8975544519993848
752706,0.9767854950921854
752707,0.9811763307145489
752708,0.18984788973556094
752709,0.9760668687041454
752710,0.9993227206743334
752711,0.9996735617701068
752712,0.08730339449267219
752713,0.9982988997458235
752714,0.00895952759825528
752715,0.993255245402805
752716,0.6462371568885261
752717,0.9996330904937479
752718,0.999878034011085
752719,0.8847651509185755
752720,0.4326443568410648
752721,0.9981541703135477
752722,0.1110217017781153
752723,0.8094027091763862
752724,0.6749462289138382
752725,0.22843356703840537
752726,0.9176224721128817
752727,0.704283986137772
752728,0.9753474866068232
752729,0.21464912961969437
752730,0.007644061444139952
752731,0.9997175981348013
752732,0.9999949089145481
752733,0.362150213610391
752734,0.9971080321259126
752735,0.9998440226937941
752736,0.9987563612810382
752737,0.03194976174311532
752738,0.6872662421620833
752739,0.42019506802352613
752740,0.9992181120885182
752741,0.9995933706545899
752742,0.8971559730368455
752743,0.8392328269399639
752744,0.9997639627708839
752745,0.8768187640590301
752746,0.9999739987294339
752747,0.8900337753543416
752748,0.9614036798286499
752749,0.9997523949935009
752750,0.006411500458233053
752751,0.9555652871136577
752752,0.9991071953911723
752753,0.9997840896238832
752754,0.9906875033828825
752755,0.99981155107179
752756,0.03353125787090093
752757,0.9877797230645958
752758,0.5763172497459804
752759,0.8492325556705862
752760,0.8937741567174031
752761,0.9918729698031866
752762,0.9999355074185547
752763,0.9999654869580203
752764,0.99986695153843
752765,0.9973259655253381
752766,0.260885743572182
752767,0.38918813311399736
752768,0.9989005968224783
752769,0.022506230652448042
752770,0.9849581420493401
752771,0.9998907780380735
752772,0.9999215926629405
752773,0.9999280828574524
752774,0.46919838903386324
752775,0.9998937843662589
752776,0.9999446327736852
752777,0.704454593141167
752778,0.0028735120819706364
752779,0.9730905011084714
752780,0.12126933823623229
752781,0.9938310366860359
752782,0.990831109095434
752783,0.9972451652423389
752784,0.7135278001309364
752785,0.988974197337912
752786,0.9991808958450379
752787,0.9739905283869346
752788,0.006162943711858252
752789,0.3030365900269026
752790,0.4694713008260354
752791,0.13230002295153206
752792,0.5238088532879042
752793,0.9145634539500126
752794,0.9995859699615643
752795,0.29193737456090885
752796,0.1841449746791483
752797,0.7008152992965359
752798,0.9987981019277584
752799,0.3007949329601108
752800,0.7908710149210308
752801,0.9602497495048811
752802,0.7086816488149863
752803,0.5041269361983286
752804,0.9696189604490121
752805,0.6373611874517622
752806,0.5110195814927466
752807,0.9999746097656308
752808,0.04383207187147747
752809,0.08621855597811187
752810,0.9300692970858642
752811,0.1262582497243609
752812,0.9999247270160216
752813,0.9998611704982185
752814,0.558746328363632
752815,0.37872815786084285
752816,0.9079187770255717
752817,0.2961186414929554
752818,0.9795701770965337
752819,0.6821921008162675
752820,0.9540124368901174
752821,0.09730342030345221
752822,0.9565116972068619
752823,0.2959654761742526
752824,0.4833919475027267
752825,0.9999351491720367
752826,0.09596423934346544
752827,0.34264888476577127
752828,0.8461256370763238
752829,0.008588692743822892
752830,0.020757467635372683
752831,0.9035473869242935
752832,0.9944930017493583
752833,0.10644202377189699
752834,0.9918192969631041
752835,0.6963654570150593
752836,0.4404749088499199
752837,0.9995751247574484
752838,0.9998696227983399
752839,0.6464972905015689
752840,0.9998753917423383
752841,0.23158100903646758
752842,0.6916334135336801
752843,0.040225293520914134
752844,0.8596621208027049
752845,0.7759604896191539
752846,0.05488818161724539
752847,0.9999647535801316
752848,0.8807231539680381
752849,0.284261955799553
752850,0.9999131770301262
752851,0.8455667788177061
752852,0.9999681423430705
752853,0.9998656557086733
752854,0.4069279943060141
752855,0.9996776639539264
752856,0.9999083785911771
752857,0.8843612466966818
752858,0.9697182565693581
752859,0.7083996503303243
752860,0.9997728220094032
752861,0.34889464945645265
752862,0.2254429306842466
752863,0.999571720736959
752864,0.9999793131547442
752865,0.9999903624604276
752866,0.24503124520457403
752867,0.9998450736782196
752868,0.9996819619799031
752869,0.10800697936204186
752870,0.12545204672853463
752871,0.9996305281172128
752872,0.09158103936181673
752873,0.797022296342436
752874,0.8089754693874035
752875,0.26313325475293736
752876,0.9999669946969899
752877,0.9996738349653856
752878,0.016191396645767922
752879,0.03239643226225322
752880,0.9342875217438817
752881,0.050711212909664266
752882,0.016570249997483674
752883,0.036257579490780255
752884,0.7983819134865153
752885,0.9603533532308857
752886,0.9912721654792124
752887,0.47700805307387006
752888,0.9680559265948552
752889,0.01275771304732139
752890,0.9999767894261854
752891,0.9981600573449966
752892,0.9708952317893416
752893,0.9616880259191534
752894,0.007013496834884975
752895,0.9999632945784924
752896,0.999321110222077
752897,0.9780925526851798
752898,0.07451932861964265
752899,0.3590093040109831
752900,0.06073771984116828
752901,0.02436984819839503
752902,0.999800326150794
752903,0.9827675704674845
752904,0.005921859557507791
752905,0.9824359531542616
752906,0.7986964851465057
752907,0.999900427066146
752908,0.5849986819178329
752909,0.6867577048259714
752910,0.3071606880133434
752911,0.71446062272435
752912,0.9922307781956023
752913,0.1625491402240834
752914,0.10096710593391073
752915,0.1265021975143683
752916,0.1294145226744037
752917,0.3307628445393461
752918,0.32571208533605756
752919,0.20980744558478098
752920,0.9905362566565176
752921,0.16553971549949517
752922,0.9916404194516472
752923,0.01464091430108613
752924,0.9774493055523961
752925,0.8404156548303088
752926,0.8025751962462546
752927,0.9996098764176391
752928,0.9999871312669787
752929,0.9890750326654452
752930,0.9990223478644439
752931,0.9643353160879916
752932,0.14912263265843445
752933,0.9998717708272488
752934,0.6896407513502304
752935,0.3133713080967677
752936,0.6923272023679713
752937,0.9990081891161942
752938,0.9967552371991872
752939,0.9967762446517182
752940,0.04609988584034988
752941,0.5060038668691252
752942,0.051093503799282694
752943,0.9785030324324882
752944,0.9668353567434006
752945,0.9995330820499374
752946,0.978044383540398
752947,0.9976280763532922
752948,0.048974137914135886
752949,0.9955676388788113
752950,0.9387146560190502
752951,0.5339654175221449
752952,0.9999660158284887
752953,0.009500856851529337
752954,0.7688031814531837
752955,0.5072397209240828
752956,0.9996097042649856
752957,0.9996718603590065
752958,0.37505300447457324
752959,0.40316671443682206
752960,0.5416906783029992
752961,0.05097152725453956
752962,0.9998961691363055
752963,0.06915446157831766
752964,0.9998826738067301
752965,0.999968982209703
752966,0.9998845415372216
752967,0.9952580817554815
752968,0.9039943538050174
752969,0.9972259326469287
752970,0.6004418167877021
752971,0.9659605566928257
752972,0.3835768118455962
752973,0.9990155265741929
752974,0.8888737761922861
752975,0.9973061762258042
752976,0.12672673862177827
752977,0.9996485008784339
752978,0.6191059455119416
752979,0.9870565417235454
752980,0.9900721846561535
752981,0.03513572980823917
752982,0.016463418372786604
752983,0.9999849965706903
752984,0.5980093368157513
752985,0.12592995970769005
752986,0.9995483727287399
752987,0.45325099393915513
752988,0.012974533435193072
752989,0.0073267916433224075
752990,0.06955780397256622
752991,0.3577625208710944
752992,0.1346253881218514
752993,0.9969895404750713
752994,0.9997793020182333
752995,0.9352041838849277
752996,0.6060359585568448
752997,0.9964834929576754
752998,0.9975641051407973
752999,0.9995790556623373
753000,0.9940428006204047
753001,0.5339609245830921
753002,0.008536170201776574
753003,0.23025162351979153
753004,0.9999581660697773
753005,0.9913885304047467
753006,0.27808370267481053
753007,0.9767502202057567
753008,0.9992412599189504
753009,0.7212083855119311
753010,0.6857212348282771
753011,0.9272690264344707
753012,0.9656581256164939
753013,0.2766652092787024
753014,0.34384867250226236
753015,0.9996298356903623
753016,0.9972551324333679
753017,0.9936152506040941
753018,0.15676395508469582
753019,0.7495363698197721
753020,0.9740703240843319
753021,0.998908995169294
753022,0.5815047746143148
753023,0.9971850323559519
753024,0.8218905525122443
753025,0.9228943359671906
753026,0.001430923183179905
753027,0.4810407891330797
753028,0.0013769030897752299
753029,0.9993908642632543
753030,0.3789426801779926
753031,0.9952129458056933
753032,0.9999802806275311
753033,0.9998785147972107
753034,0.9997029402441328
753035,0.99999078969378
753036,0.564742015275851
753037,0.8311364762514861
753038,0.9998362308202134
753039,0.9355698825029625
753040,0.18373709543761935
753041,0.9998621285420504
753042,0.9786712809382327
753043,0.5467413390902037
753044,0.997879342036639
753045,0.9999533746652767
753046,0.9217289788183303
753047,0.9907553746863653
753048,0.5704326805736
753049,0.8685197993922311
753050,0.9768746234761257
753051,0.9999133058634028
753052,0.9826923727756919
753053,0.029254939425270132
753054,0.8807192208405727
753055,0.30361101859178297
753056,0.996561536652232
753057,0.7345927893571191
753058,0.12170580056521935
753059,0.5577844964671261
753060,0.9996771919709782
753061,0.3588617334867077
753062,0.0233125543860183
753063,0.6971845666975784
753064,0.9996533657536388
753065,0.9993220328075585
753066,0.9807536122110725
753067,0.9997160044313744
753068,0.8537260912839788
753069,0.9985068393969312
753070,0.04313960734668546
753071,0.9999544198817705
753072,0.4841450820803338
753073,0.9999711119946753
753074,0.9993358124248958
753075,0.9997248791360915
753076,0.8943572417234568
753077,0.022766128931046556
753078,0.9474786224886275
753079,0.6534552790129498
753080,0.9889338818478359
753081,0.994994870612855
753082,0.8562121146209472
753083,0.9777530462069087
753084,0.05888549364584045
753085,0.9972774723025795
753086,0.2606614113948331
753087,0.9273351859331826
753088,0.9351771189191713
753089,0.6252758702901162
753090,0.8827454595917145
753091,0.6564050972610589
753092,0.5095593071989337
753093,0.005297495859534504
753094,0.9473903200757943
753095,0.8116574370054823
753096,0.8967196041373389
753097,0.994768234215083
753098,0.9870087693744758
753099,0.6228570642898592
753100,0.16628142354061046
753101,0.9997698888324265
753102,0.3831295286529662
753103,0.1165493515063786
753104,0.9994853951099735
753105,0.02336949011845378
753106,0.9960521034917449
753107,0.9999885102311284
753108,0.9993842760872584
753109,0.999122041585781
753110,0.04748539720779455
753111,0.012126089675460442
753112,0.9999669445539832
753113,0.9905557132181647
753114,0.31624103488060035
753115,0.9996831572959475
753116,0.23842062498727148
753117,0.9992446366738299
753118,0.5989443983772016
753119,0.9251488198717519
753120,0.2032236834289497
753121,0.9734699639972164
753122,0.9785109923029884
753123,0.06416364777388332
753124,0.72117225319364
753125,0.9928293329597075
753126,0.9987293812362527
753127,0.9999263490556254
753128,0.008063391384019397
753129,0.9024767543980734
753130,0.9999364587380581
753131,0.9991210307205427
753132,0.9086868768190309
753133,0.9022155376283841
753134,0.9373729658188175
753135,0.9618337237254022
753136,0.8605375709334829
753137,0.9713220642623759
753138,0.9989304808476422
753139,0.2088646920658327
753140,0.025398777367734632
753141,0.9902398638144163
753142,0.8722359379324057
753143,0.9928058174700687
753144,0.5941615577907332
753145,0.5033719361411539
753146,0.9938970169869625
753147,0.998758551511256
753148,0.9925867406332969
753149,0.3350186042161258
753150,0.9998659212189986
753151,0.9994840339538624
753152,0.9979085638015739
753153,0.999689294704775
753154,0.9998153905525786
753155,0.07392294076838807
753156,0.050093181151575746
753157,0.9997630143174244
753158,0.9999804347778317
753159,0.9704532888719223
753160,0.9974786025253433
753161,0.9992069458695911
753162,0.28807790838922076
753163,0.3223699080591935
753164,0.8904772180729001
753165,0.9999649218939027
753166,0.3941615346923274
753167,0.9996102636038555
753168,0.7082871554744969
753169,0.996144277362631
753170,0.9361079386022573
753171,0.9293331624557606
753172,0.05891228599885462
753173,0.168185946889423
753174,0.024081856570732713
753175,0.003646925978153832
753176,0.9996065947460084
753177,0.9982525600220303
753178,0.9846155894393525
753179,0.0747401594545417
753180,0.42242931387307125
753181,0.9999067810359633
753182,0.9242334386926834
753183,0.9995874450896421
753184,0.999386066607458
753185,0.8538742391469636
753186,0.0043221921665323685
753187,0.7276064943672349
753188,0.9950250789233861
753189,0.5137704673648399
753190,0.8089130117263531
753191,0.9915946464792426
753192,0.9998956022804375
753193,0.6548857429607251
753194,0.803936023397907
753195,0.6020035104314665
753196,0.9991327077837734
753197,0.03727685840101954
753198,0.021237900066828824
753199,0.6575020002606181
753200,0.30248490471544903
753201,0.9994964775954115
753202,0.28237571470515455
753203,0.999291676415041
753204,0.999770456075388
753205,0.9880262366353574
753206,0.5987393106418775
753207,0.9992597114943469
753208,0.6182214303513867
753209,0.85646448662856
753210,0.25291285724155166
753211,0.8182235947360696
753212,0.9996407935871433
753213,0.9999235936338856
753214,0.9362274283682801
753215,0.9978326231965113
753216,0.9586462622887079
753217,0.9859357518085532
753218,0.16101022301128082
753219,0.999503976822681
753220,0.2220222981277593
753221,0.9998163344198846
753222,0.11637846780544356
753223,0.7794041699916597
753224,0.20704763113558122
753225,0.16402593018028352
753226,0.9857803285430893
753227,0.033492951693019156
753228,0.9998123881074661
753229,0.2386439966682563
753230,0.9936929956471913
753231,0.8914973976408977
753232,0.6320656280601962
753233,0.8184158488404941
753234,0.9997845318422016
753235,0.8750690197530175
753236,0.40261597825174306
753237,0.9999911895026828
753238,0.9999857969307939
753239,0.007352399475655121
753240,0.9848100333355314
753241,0.9974214498212766
753242,0.9509555011639863
753243,0.024697559756853966
753244,0.04622043412066648
753245,0.15637807638839535
753246,0.9012362301104069
753247,0.9999553477745011
753248,0.9998101288288048
753249,0.4294378294325616
753250,0.9994052764457044
753251,0.8465651753556473
753252,0.3589424057115989
753253,0.9996185870257923
753254,0.8292340158735209
753255,0.17152475570672188
753256,0.010926498606238441
753257,0.7506121091875149
753258,0.6485704784334787
753259,0.1415086330946086
753260,0.2993094164736264
753261,0.07292422383429663
753262,0.9809328887124982
753263,0.5701858746451082
753264,0.3679619302076313
753265,0.14985323933307942
753266,0.9637314940495144
753267,0.9999837856535287
753268,0.6267154799501706
753269,0.9944837397999267
753270,0.9867192057646869
753271,0.9989279472483097
753272,0.9682483172071124
753273,0.9963129334250953
753274,0.2206431302471923
753275,0.9999635061512203
753276,0.5602091143359339
753277,0.06746959144103205
753278,0.9594900384081357
753279,0.9961452519817848
753280,0.8978945145701909
753281,0.8968481649290709
753282,0.15234019199985416
753283,0.3758396413999524
753284,0.9998969214044892
753285,0.008863204645114949
753286,0.9998179768350758
753287,0.6559005155172454
753288,0.9989930192101624
753289,0.9945182483706847
753290,0.054885275091472896
753291,0.9725355664937112
753292,0.1572608696712899
753293,0.9998065655016811
753294,0.9960452838463421
753295,0.08529625382471137
753296,0.9852558657051999
753297,0.999969682056523
753298,0.9995664735308363
753299,0.18043917850941293
753300,0.9167495032912079
753301,0.9987394483528538
753302,0.05605115664539559
753303,0.9995825090379006
753304,0.9993571496176081
753305,0.9998248689068969
753306,0.24162998597494748
753307,0.03550418858457665
753308,0.9988549713476618
753309,0.9985780179129919
753310,0.9998921396990998
753311,0.997741061520975
753312,0.9929134663752381
753313,0.9872259590724075
753314,0.9960931593986098
753315,0.9822010849190039
753316,0.4255897435578734
753317,0.9990262300873038
753318,0.9123520252228794
753319,0.46469882698735343
753320,0.1162326391185003
753321,0.9999198692572886
753322,0.9946112682639737
753323,0.9999659345369682
753324,0.616428091847961
753325,0.9215328438034571
753326,0.8977332723661284
753327,0.014179504387435721
753328,0.9982771500281911
753329,0.01800248867257561
753330,0.9983911144048477
753331,0.9603445338675223
753332,0.04247832771156691
753333,0.7212331430438302
753334,0.19516913389705576
753335,0.4118177303015996
753336,0.9895674651707449
753337,0.40487633379039023
753338,0.9789343784349209
753339,0.9504639472958345
753340,0.9710203811354997
753341,0.06694658428405148
753342,0.9999883577899529
753343,0.11510865381583557
753344,0.013105519916935402
753345,0.693161177368613
753346,0.9973660525203188
753347,0.9961519537526652
753348,0.4158872307327076
753349,0.5853393605854396
753350,0.3890541011952688
753351,0.9623645189625749
753352,0.9759163591488473
753353,0.4461028936092074
753354,0.7746195052199343
753355,0.9876913856192474
753356,0.9997570600132197
753357,0.9999906613067371
753358,0.9965220970214987
753359,0.01804622805710012
753360,0.9996444388035388
753361,0.9983566199396869
753362,0.004435132353538484
753363,0.9962922695629013
753364,0.8665033586477848
753365,0.7245233917444762
753366,0.9352884483049064
753367,0.9984914808622218
753368,0.9998025034032391
753369,0.999920919555602
753370,0.599192845549197
753371,0.7201132893958524
753372,0.9941283356017451
753373,0.9403826480679418
753374,0.03316900688983864
753375,0.998855675748946
753376,0.9997066741288377
753377,0.022604721073181382
753378,0.6104886222689301
753379,0.6360241169120122
753380,0.9999026948837311
753381,0.8321700019514447
753382,0.6357131525413129
753383,0.999965854495192
753384,0.05887780052058278
753385,0.21265825375943592
753386,0.9920136918040432
753387,0.9987660140244664
753388,0.37053160784793926
753389,0.9994055655268048
753390,0.3665072403978604
753391,0.37548797340695916
753392,0.20369276477610604
753393,0.9876514229390614
753394,0.1745407444348271
753395,0.6560599028590122
753396,0.9930102809172021
753397,0.9786763085897071
753398,0.6465297488104661
753399,0.9995392021668875
753400,0.9768582189198886
753401,0.5668463770734434
753402,0.9657213764676409
753403,0.9816000752127444
753404,0.3162946960545445
753405,0.4205738805617826
753406,0.998326603430235
753407,0.9990685050260415
753408,0.9997936370759357
753409,0.10302193516914299
753410,0.09734020888701181
753411,0.07566522647243709
753412,0.9060659201977876
753413,0.9974664972422743
753414,0.2639941716220264
753415,0.9975340268604651
753416,0.5218198664653491
753417,0.6502193160007501
753418,0.7696609897419481
753419,0.999946624777297
753420,0.08054029083572464
753421,0.9996618187522279
753422,0.14633078178840564
753423,0.9996867702704328
753424,0.965410659669191
753425,0.9337393096794332
753426,0.9984217537765492
753427,0.9950473154600459
753428,0.9996091396246092
753429,0.9999926547024719
753430,0.9825569719715972
753431,0.24681627275119972
753432,0.01085785090476368
753433,0.4587464277387817
753434,0.9492707762633152
753435,0.9982003396701027
753436,0.16964683851166443
753437,0.999785733063004
753438,0.5889810900158226
753439,0.016074842521797517
753440,0.06041414426434363
753441,0.4572670677493875
753442,0.6831902245336797
753443,0.9999142067547087
753444,0.9999904052019658
753445,0.9979586696339617
753446,0.999520312179909
753447,0.7041487709991705
753448,0.6209862019183916
753449,0.0467794247600328
753450,0.996222795405876
753451,0.9790702821412433
753452,0.9968328625758546
753453,0.99928751625573
753454,0.20272665103673643
753455,0.007444842320048472
753456,0.9976136790582242
753457,0.44971319647401664
753458,0.2694201605040862
753459,0.9978637649838662
753460,0.9415228124705742
753461,0.9999392392380017
753462,0.9999738183079179
753463,0.827111489954789
753464,0.9992136368359765
753465,0.9910676386740566
753466,0.9952877336505559
753467,0.5033306599078966
753468,0.9999798139783774
753469,0.9974284367139822
753470,0.9852898449475924
753471,0.7669851888502045
753472,0.20033355166602482
753473,0.8568750504754192
753474,0.9989575191642412
753475,0.02528281480523769
753476,0.9999517356666012
753477,0.965203962860624
753478,0.9916745503065703
753479,0.9978450482316447
753480,0.7979338110111582
753481,0.9998626689395734
753482,0.005330484332281817
753483,0.9998630879621069
753484,0.999865045651795
753485,0.8579469135461155
753486,0.9961258213780859
753487,0.6466179276125601
753488,0.9987437912883088
753489,0.10780390100796844
753490,0.914168752609374
753491,0.9998865408876196
753492,0.9995237374233166
753493,0.9627423909806936
753494,0.22092507291259159
753495,0.16148531310670927
753496,0.9454909583881987
753497,0.1439652816923315
753498,0.03887915998381386
753499,0.9900004539126545
753500,0.41447272665610235
753501,0.7039495551479924
753502,0.02680318264524845
753503,0.6581691983571885
753504,0.8158745658521271
753505,0.967012984848268
753506,0.8917838910545064
753507,0.6204341524183979
753508,0.9972566639087015
753509,0.9625830985487118
753510,0.040545230362749075
753511,0.6012681419878289
753512,0.9998548242029386
753513,0.5972131169323688
753514,0.2293851652450616
753515,0.02389611363659734
753516,0.213262931484826
753517,0.9999841102797818
753518,0.9984989700946093
753519,0.9984148910426209
753520,0.6589750220270829
753521,0.9106936263797965
753522,0.046694486074926836
753523,0.9992428713870101
753524,0.122840586362599
753525,0.015029864031218634
753526,0.07339650659127607
753527,0.9999600955324601
753528,0.8221247755807253
753529,0.7236882152413627
753530,0.9825368031502921
753531,0.023995748070286912
753532,0.3053572160043627
753533,0.8226692663701639
753534,0.500999955050879
753535,0.9815308657690367
753536,0.9998480765079218
753537,0.9999441963391238
753538,0.0027494663723285112
753539,0.47300070072614786
753540,0.9999297556043154
753541,0.9053670851817995
753542,0.9911300978083086
753543,0.09597208631479845
753544,0.9999513104085911
753545,0.889119642242908
753546,0.9998266057846837
753547,0.9997215387540038
753548,0.1796983709038516
753549,0.1885275826992121
753550,0.949934698303553
753551,0.04511349914028594
753552,0.34263692390698997
753553,0.8862686898055716
753554,0.8454038300046862
753555,0.9516642274570806
753556,0.9979689116420587
753557,0.04185826994508254
753558,0.995460170517857
753559,0.9876829036435464
753560,0.9993154566558908
753561,0.9983684651251596
753562,0.3387252632053879
753563,0.9954975780255311
753564,0.8066768360100635
753565,0.9740009563540242
753566,0.14724556264832483
753567,0.038154006788892386
753568,0.9982287945516071
753569,0.6052482013431726
753570,0.9728314291007639
753571,0.8980412196451191
753572,0.6477610245109452
753573,0.999952648956073
753574,0.6055283111972342
753575,0.04408646734353683
753576,0.5205914283959281
753577,0.5321684406736484
753578,0.9997717406557403
753579,0.652833335731126
753580,0.9863975997391369
753581,0.9999482354157485
753582,0.6702852065525837
753583,0.9999644928980816
753584,0.9077715463596621
753585,0.9994302488517774
753586,0.16716319787243017
753587,0.6185980084836398
753588,0.8871253453914756
753589,0.9962166612917719
753590,0.9784876418993217
753591,0.9947284052864158
753592,0.996876136996265
753593,0.9433059462378188
753594,0.9269537736463954
753595,0.9974588052686746
753596,0.9997110153588957
753597,0.9495559444320064
753598,0.9979014633145731
753599,0.10682419418637608
753600,0.9995152865108601
753601,0.9993696167001996
753602,0.9999752341035787
753603,0.9935465223099009
753604,0.045597672197562555
753605,0.6334377010249542
753606,0.15492373375866045
753607,0.7782024703390804
753608,0.8372562193193331
753609,0.32799894944285113
753610,0.9984815486549246
753611,0.7491416717874001
753612,0.8809439178876988
753613,0.9899345002233504
753614,0.9992552710564663
753615,0.29013923994817253
753616,0.9996002967651665
753617,0.4132260477475961
753618,0.6933596031149991
753619,0.8778948125028561
753620,0.9947968611435661
753621,0.9999435495700886
753622,0.3139667544470399
753623,0.39614479501118893
753624,0.9999665647037057
753625,0.9958845624900977
753626,0.9549263957745564
753627,0.005550828344863579
753628,0.9995734192905352
753629,0.9999177692628525
753630,0.7240305822963519
753631,0.9945813524952896
753632,0.8348429177345977
753633,0.7278171159008168
753634,0.17852147454441625
753635,0.9991727359852736
753636,0.012480015800860828
753637,0.9941830793680919
753638,0.6594858993556147
753639,0.9854442221512172
753640,0.013169496406358366
753641,0.8374507582745062
753642,0.9986462076090594
753643,0.9998020224930981
753644,0.9110365926027264
753645,0.9992342710871744
753646,0.9978875675405426
753647,0.88876857002315
753648,0.7942088690145714
753649,0.08672616710416267
753650,0.03494746538433689
753651,0.6432697039180165
753652,0.0422561445551182
753653,0.9999611910723474
753654,0.42124468402514637
753655,0.7000191645986117
753656,0.9970428832885583
753657,0.9915625145217417
753658,0.9999529779967522
753659,0.8797653149024081
753660,0.9923587675783203
753661,0.10275378075756836
753662,0.9999173750889527
753663,0.08105186784538453
753664,0.4489672444510649
753665,0.014882496044695591
753666,0.9960186014604171
753667,0.6528514279815696
753668,0.9997423647541007
753669,0.999965887190781
753670,0.8557638993271398
753671,0.06174142084009607
753672,0.9999411335244641
753673,0.9975995029184149
753674,0.9999679783576102
753675,0.9150348403284797
753676,0.9997845073596634
753677,0.021630015220367373
753678,0.9864710062795878
753679,0.15518831498447092
753680,0.9997644180528171
753681,0.9435244823544006
753682,0.9541230499372341
753683,0.999940670819371
753684,0.25935098052712396
753685,0.8925378771039635
753686,0.9990216360662815
753687,0.7106331873104488
753688,0.9884532551147724
753689,0.08725772442106156
753690,0.013067769833637615
753691,0.9508809362303804
753692,0.9991083195824383
753693,0.996581783234831
753694,0.04548114369808995
753695,0.017505045873771233
753696,0.42145260960734005
753697,0.8715875185394475
753698,0.1295261256310869
753699,0.01219434888714732
753700,0.013736646238837105
753701,0.168339041084407
753702,0.9608269233294435
753703,0.6989667848475413
753704,0.33248716391294025
753705,0.9985493437710503
753706,0.9984552273926579
753707,0.9999792092018498
753708,0.890706439446981
753709,0.9651355318166335
753710,0.9982274917734184
753711,0.9995751363714835
753712,0.990084932813578
753713,0.9986172318049695
753714,0.9438470573362768
753715,0.756774367348732
753716,0.965053878554232
753717,0.9998602979272069
753718,0.04355244096837941
753719,0.5707091204487098
753720,0.3890301168070981
753721,0.05924615926749097
753722,0.9996264005251646
753723,0.9997849405197642
753724,0.583654591165537
753725,0.9988509056849373
753726,0.9671698705169682
753727,0.967226260839585
753728,0.9993544898044474
753729,0.9999402038944156
753730,0.998730604611396
753731,0.9998430913625698
753732,0.999880146714053
753733,0.48829795946706667
753734,0.5170349930336593
753735,0.13232093470680012
753736,0.7746746128801689
753737,0.9903437580166635
753738,0.9997526595115418
753739,0.6130849499901678
753740,0.9913588010951235
753741,0.11788080445787735
753742,0.7877961298121525
753743,0.9155640322905113
753744,0.9995514716895533
753745,0.9976745696149817
753746,0.9994016792304117
753747,0.9669260228040302
753748,0.965862423778412
753749,0.9998983604839937
753750,0.3242761572642794
753751,0.9999525129387237
753752,0.4767492296213896
753753,0.8357139482526748
753754,0.9963890076534916
753755,0.9994112337298391
753756,0.9998815651003354
753757,0.9917160724635274
753758,0.42027264754891075
753759,0.015448659421083486
753760,0.9996055505470482
753761,0.2894528237188403
753762,0.9999462148162195
753763,0.9995386737590738
753764,0.3436110148954655
753765,0.996130577182476
753766,0.9999126426282303
753767,0.15706553882402502
753768,0.9999442461715807
753769,0.27452545570653614
753770,0.4868914889674442
753771,0.7267735957417035
753772,0.810237317738028
753773,0.43080929507525206
753774,0.9989860047060505
753775,0.7356362425869121
753776,0.744376234161463
753777,0.534433256796638
753778,0.09137263023667924
753779,0.941275025127155
753780,0.9922518550464798
753781,0.5763926925007168
753782,0.05600901222590501
753783,0.997049201669754
753784,0.923928047344028
753785,0.29182705452214436
753786,0.9903335562399938
753787,0.9999178945270789
753788,0.991991161712737
753789,0.003929174270003692
753790,0.9992467523196347
753791,0.9131348351842274
753792,0.5321377109849039
753793,0.9174038533058173
753794,0.9999780063026236
753795,0.2844118106682605
753796,0.9242358866694921
753797,0.9999862521900478
753798,0.9919993488063599
753799,0.5995359403062145
753800,0.6148268736542162
753801,0.022810159150677068
753802,0.20094523131189568
753803,0.999981493907603
753804,0.6451947333898961
753805,0.8183613696366585
753806,0.10568102653976263
753807,0.9989034481781272
753808,0.5438901145383658
753809,0.022160904617650565
753810,0.5365541695922976
753811,0.9995593959196243
753812,0.9981570974599348
753813,0.9904595519035488
753814,0.8494337231335668
753815,0.6609603249246314
753816,0.9996456257322395
753817,0.14948446039541452
753818,0.39739144496254375
753819,0.5005882167929294
753820,0.9998551459322036
753821,0.9999363824680058
753822,0.028569526364905513
753823,0.1077195877782274
753824,0.9995826970875179
753825,0.9806787188580384
753826,0.1254603344248543
753827,0.581059153979922
753828,0.5814647385489128
753829,0.9566982952577312
753830,0.001803267117927155
753831,0.17905934499140846
753832,0.1234761127521494
753833,0.28609301313909236
753834,0.2279632453790243
753835,0.9997106522544899
753836,0.9998749671424021
753837,0.8418259507860717
753838,0.9999436953493552
753839,0.30119203616018103
753840,0.9861022236853376
753841,0.9950150150613938
753842,0.9061386643578015
753843,0.536141700228939
753844,0.1968344536532432
753845,0.4323640562933868
753846,0.97644795009872
753847,0.5933244714879541
753848,0.1770128808911156
753849,0.5876211243604802
753850,0.9999896627869753
753851,0.9971119972140832
753852,0.9994843631792162
753853,0.9999440257082831
753854,0.9996726275183802
753855,0.07836148526812522
753856,0.9992546485294036
753857,0.4937673253798278
753858,0.053316171003591616
753859,0.9995691481327369
753860,0.9920967039002595
753861,0.9999654917012297
753862,0.0499352303493498
753863,0.9943389061414863
753864,0.9999606712328368
753865,0.9718935380951244
753866,0.999939602663497
753867,0.9993776855837468
753868,0.9991328558811837
753869,0.9803580535675727
753870,0.9997107613259331
753871,0.9993507500785896
753872,0.2637462061684527
753873,0.32792942951012316
753874,0.9998754806626722
753875,0.9999764020729369
753876,0.9982122580380324
753877,0.3397308753908046
753878,0.42371372879736924
753879,0.9909158855800835
753880,0.29130710078738065
753881,0.41712595356409715
753882,0.5096585900467818
753883,0.7012519757891207
753884,0.0661226177630882
753885,0.9735458928874026
753886,0.5878149883818101
753887,0.6762641947914081
753888,0.3447909236221436
753889,0.7813582581588181
753890,0.7980597599524959
753891,0.5165299422080009
753892,0.17427072320456283
753893,0.3221432999270165
753894,0.8050024411864067
753895,0.9968392062235603
753896,0.9992814024675569
753897,0.9999180423840469
753898,0.25756946207344017
753899,0.949335160047769
753900,0.9998861556988632
753901,0.9943554372915742
753902,0.998239477186035
753903,0.9923776114903081
753904,0.010151552718199078
753905,0.8614856812838966
753906,0.9748019118537425
753907,0.9869046120348212
753908,0.989804126559323
753909,0.9704022513514557
753910,0.9990957999154857
753911,0.9999826331913602
753912,0.9997468817185505
753913,0.5877099831557423
753914,0.9995166989708864
753915,0.14680807624612802
753916,0.723844381710083
753917,0.8293665546950049
753918,0.9997904674717736
753919,0.9999071818867098
753920,0.9998411900990846
753921,0.9999158024075856
753922,0.3365085367175441
753923,0.1834392509644725
753924,0.8539265268405407
753925,0.08807165643621588
753926,0.997403838675291
753927,0.21692188358939993
753928,0.32670209224709695
753929,0.40361320302727505
753930,0.05100120982912397
753931,0.9999815244359147
753932,0.44675149645979406
753933,0.11287184860270955
753934,0.9971974185129804
753935,0.14437006503825106
753936,0.8879794870848502
753937,0.05439250451882946
753938,0.014847041343308977
753939,0.9609635490568568
753940,0.5234933690889532
753941,0.7317715670083844
753942,0.3545483703108363
753943,0.8852489903969526
753944,0.7269984744346798
753945,0.46190966538678185
753946,0.9973834229198233
753947,0.9423565746907906
753948,0.9100390982432025
753949,0.00802362698172189
753950,0.2892455239944375
753951,0.4866427478046341
753952,0.9999658467318575
753953,0.9994099435514554
753954,0.9859644609874108
753955,0.9999218781918957
753956,0.9959010743558816
753957,0.05944770505029024
753958,0.9996964026380488
753959,0.9998773223326052
753960,0.9873713457716405
753961,0.999951463116991
753962,0.9301127973659025
753963,0.3203087014624146
753964,0.8291618020763913
753965,0.9999114823572008
753966,0.01350451821445428
753967,0.94844464911732
753968,0.9998945644202895
753969,0.9926183079451008
753970,0.9805155129168912
753971,0.9911089723917368
753972,0.9999507286437297
753973,0.9733810436703586
753974,0.9844240082948688
753975,0.9616453209738725
753976,0.5450548715678046
753977,0.99965850035705
753978,0.999263055470913
753979,0.999427866899733
753980,0.804870313382954
753981,0.9818192876970444
753982,0.9973785956471201
753983,0.972913351437005
753984,0.9997176555064313
753985,0.446038345350141
753986,0.9982481276491837
753987,0.6227065614811576
753988,0.23272894796013854
753989,0.9378384194010335
753990,0.168525578199018
753991,0.3361160585006947
753992,0.9529130915887083
753993,0.9971041765659301
753994,0.9031771156587436
753995,0.22483319681717256
753996,0.999448333187
753997,0.9931244574350764
753998,0.8535966186720484
753999,0.293407561857916
754000,0.36851038041384315
754001,0.9994309038479005
754002,0.9689499505308312
754003,0.6718155174427973
754004,0.9999233469769321
754005,0.5947761345221225
754006,0.012284834776555098
754007,0.11778693595400072
754008,0.9998033183296746
754009,0.2437875888223398
754010,0.9999403386535896
754011,0.999595106300137
754012,0.9914672027923586
754013,0.6420354802061876
754014,0.998306818800542
754015,0.7355655370452665
754016,0.015718703466168497
754017,0.9998855887328976
754018,0.997723332306133
754019,0.348771835371806
754020,0.11458539524565665
754021,0.9779708110390368
754022,0.709898164232831
754023,0.9995303186216646
754024,0.008447154193985664
754025,0.7134288850222403
754026,0.4308259432784286
754027,0.8666115597307671
754028,0.6799678775220077
754029,0.948919181786283
754030,0.9992286607675924
754031,0.6496739445152881
754032,0.9003020240134275
754033,0.9999833404713728
754034,0.9862604389127502
754035,0.9743093761814203
754036,0.9120581342270178
754037,0.007860463266045465
754038,0.8352475597172182
754039,0.9998991918498913
754040,0.027640152628093703
754041,0.8873769509998931
754042,0.8122163819183996
754043,0.9993267764602622
754044,0.09960480924522616
754045,0.3376373981788232
754046,0.9693967912497852
754047,0.9924542781516605
754048,0.9872232624555666
754049,0.7792032485546845
754050,0.16911573448938233
754051,0.40536057495746436
754052,0.18418545040075862
754053,0.6108206514884501
754054,0.0247035929239469
754055,0.9627315564458698
754056,0.969496718506674
754057,0.8262996491358212
754058,0.006785560542769756
754059,0.21076533574579087
754060,0.9989710390772132
754061,0.8375404037693335
754062,0.6667797104620995
754063,0.18051439239513806
754064,0.33473724366106733
754065,0.48309775741744354
754066,0.17982473285330428
754067,0.8251649401461062
754068,0.9997062915956428
754069,0.9992866081649932
754070,0.1466912615665908
754071,0.15982108954424606
754072,0.20979098329761342
754073,0.24564215591676175
754074,0.993945240987854
754075,0.9999823647114803
754076,0.10701061227916489
754077,0.980230917756623
754078,0.7499500288317275
754079,0.9867766208846516
754080,0.9998538953850191
754081,0.949127681635306
754082,0.9973185387887045
754083,0.6510210626152457
754084,0.9999293099572365
754085,0.9954983320239709
754086,0.9972880715755927
754087,0.6407656963522215
754088,0.9013995159381711
754089,0.859328900018597
754090,0.5210945095798514
754091,0.9894096037536124
754092,0.6061308047277708
754093,0.906354888811931
754094,0.6790993624667052
754095,0.18479088238651142
754096,0.981169203138385
754097,0.0721555226319345
754098,0.5800126837594515
754099,0.9307748406292473
754100,0.3678389549352395
754101,0.9999497662607169
754102,0.5019882375431058
754103,0.9991531626316061
754104,0.9915579478695918
754105,0.9452089694430095
754106,0.9163889534298915
754107,0.11562130959121801
754108,0.9945478902759014
754109,0.9964872043245012
754110,0.9997532161688064
754111,0.3875082847861798
754112,0.5094836450919612
754113,0.9954118988963503
754114,0.9969295993573646
754115,0.943532988423203
754116,0.41439374566729753
754117,0.993520317650047
754118,0.7783769730960799
754119,0.5535505894287396
754120,0.9978218826196861
754121,0.9359101591521715
754122,0.9999563162869836
754123,0.9026948611303872
754124,0.21798686975963846
754125,0.9993507969715776
754126,0.07170901033279367
754127,0.9998853466514821
754128,0.8251795148563517
754129,0.22317743283565813
754130,0.999540925225969
754131,0.9014054097992514
754132,0.7387284110289953
754133,0.8794564588703367
754134,0.9973657352596796
754135,0.99956049193816
754136,0.5183996164186302
754137,0.9999940898513944
754138,0.9998545029484196
754139,0.07133934441652971
754140,0.6847256980958639
754141,0.01789780929417727
754142,0.9994915877244236
754143,0.251505981099429
754144,0.999736579010657
754145,0.9288781041654888
754146,0.5264629209377515
754147,0.014356962882816234
754148,0.9998059760608293
754149,0.3001399741851615
754150,0.7759811883942991
754151,0.041682764912956624
754152,0.9997205567485505
754153,0.12912650257552738
754154,0.9358713526792282
754155,0.7918489100747004
754156,0.3841264284064205
754157,0.8285396904012197
754158,0.4201571035321479
754159,0.9994033508468001
754160,0.2099610212078844
754161,0.9613013991833185
754162,0.9996096352282131
754163,0.961694369125073
754164,0.9452081674950129
754165,0.14949619157102711
754166,0.9998427710578692
754167,0.9997313516116484
754168,0.9692118575984974
754169,0.011857175977269721
754170,0.09051130768554796
754171,0.9381729926927216
754172,0.43113215829556706
754173,0.03473934716583164
754174,0.9995703387446241
754175,0.22059805528388854
754176,0.04390054814370689
754177,0.9973464551556439
754178,0.007514097446873457
754179,0.046592603942697056
754180,0.8785449246877195
754181,0.3492294852361778
754182,0.10630212006502669
754183,0.9996297287514126
754184,0.999162374773796
754185,0.9967421692322019
754186,0.9998478741097483
754187,0.09042895948450687
754188,0.9609669536364229
754189,0.020737162708499624
754190,0.9992420232231212
754191,0.8078984430717091
754192,0.005178763064748994
754193,0.7602597339883599
754194,0.9976836140484304
754195,0.9954865197937097
754196,0.9953911243406179
754197,0.560971453402356
754198,0.9675867206890351
754199,0.9984680346212695
754200,0.9991829786958917
754201,0.8185671736090003
754202,0.9998265949496928
754203,0.9951968334663677
754204,0.9993984496736161
754205,0.053326848265278726
754206,0.49379190789032656
754207,0.9555447231165791
754208,0.9999289106175071
754209,0.09777639061294585
754210,0.9993236755686568
754211,0.025009564000263655
754212,0.5061055748724927
754213,0.9848498000330639
754214,0.999541740284054
754215,0.1051552284517612
754216,0.4118547078189967
754217,0.9979011763986307
754218,0.19639135142568548
754219,0.9524138583724377
754220,0.0012439184214454824
754221,0.9720626349549051
754222,0.998339207093146
754223,0.6638412662400907
754224,0.9961115030902046
754225,0.9999887746456279
754226,0.1574863751920732
754227,0.018527987203713462
754228,0.27396603411801007
754229,0.9996080191117415
754230,0.94709670015844
754231,0.02812284323174417
754232,0.02496048129599439
754233,0.3020523918999112
754234,0.7411198905441009
754235,0.5732485369924518
754236,0.8807892034494487
754237,0.9970141304060198
754238,0.9999507862325099
754239,0.20914385279902514
754240,0.9996735327884587
754241,0.6950771931860152
754242,0.8644466076378171
754243,0.9251660911238192
754244,0.9999626335660861
754245,0.9934235268955309
754246,0.999601019542423
754247,0.9827897267945521
754248,0.9998060222551606
754249,0.9998991456038684
754250,0.8731959960275709
754251,0.6426338056542983
754252,0.8510118630696775
754253,0.9995607997499567
754254,0.9990855361779865
754255,0.9995981975090447
754256,0.11471734284197642
754257,0.9994158851167069
754258,0.999920757180812
754259,0.1491574259539889
754260,0.6424037295355984
754261,0.9999123676601984
754262,0.44030586534325256
754263,0.3309209678733511
754264,0.9996399728562033
754265,0.9686817292770247
754266,0.9998788108227515
754267,0.5550465955440459
754268,0.011177180337916124
754269,0.8872480176488651
754270,0.7693939704189773
754271,0.1423451908174756
754272,0.9997604985691775
754273,0.5648994804190149
754274,0.9998018756901437
754275,0.32282449888952
754276,0.9440857956437149
754277,0.9968963057102828
754278,0.03828172352726185
754279,0.9938888679785374
754280,0.9999036328713569
754281,0.230562710908177
754282,0.14007134264384208
754283,0.437737493161186
754284,0.9968714738946067
754285,0.9999577704673314
754286,0.9989559247822251
754287,0.767232285800014
754288,0.9996076516729738
754289,0.05716641078539979
754290,0.9947936399990058
754291,0.0022706909366047006
754292,0.6218290997828196
754293,0.39257792042586914
754294,0.010606572939691297
754295,0.9984875790503142
754296,0.8477062873088955
754297,0.9999512577104538
754298,0.9927604659219161
754299,0.5196317282363441
754300,0.78067492634832
754301,0.9995813020488185
754302,0.9926367781378211
754303,0.8030362143135592
754304,0.9992843663502456
754305,0.9989392589824836
754306,0.9999727046579836
754307,0.9999014957957337
754308,0.24617180093094246
754309,0.6322219690175618
754310,0.6928233348152905
754311,0.8523691675863373
754312,0.017348582065223293
754313,0.9998637731691807
754314,0.8739502384768214
754315,0.9809342727707824
754316,0.07841205237844259
754317,0.991879490963872
754318,0.9114315486471039
754319,0.8689414044239951
754320,0.9852436913364503
754321,0.9996845484764743
754322,0.17647948891173024
754323,0.9950329348537988
754324,0.968839837102298
754325,0.9991245450553108
754326,0.7746969467664251
754327,0.5060721570084602
754328,0.9952188769770696
754329,0.9451956360610416
754330,0.7528241563404432
754331,0.9917522823105913
754332,0.9937479392807098
754333,0.9951335428605841
754334,0.4481810315589189
754335,0.9906633419146171
754336,0.9998561004039185
754337,0.6539962618675728
754338,0.9906293236030769
754339,0.9975613037386304
754340,0.00839267876786656
754341,0.011427849408830982
754342,0.9999600039379006
754343,0.3308140386162639
754344,0.9388393632215697
754345,0.9996928025693572
754346,0.9983321572050421
754347,0.9956676148514345
754348,0.4948387896992906
754349,0.5705179515921579
754350,0.3669524435845273
754351,0.41130599000283996
754352,0.9140146629031054
754353,0.989941088927569
754354,0.9580376310555392
754355,0.9952661885488843
754356,0.9999655076312319
754357,0.9906497484586865
754358,0.999786563127011
754359,0.04936668452015831
754360,0.8880816302401373
754361,0.2866924252380882
754362,0.9998608876702957
754363,0.9998689195439204
754364,0.9998181007075495
754365,0.8664686964770233
754366,0.09025213879204066
754367,0.1433154847201332
754368,0.741679464228695
754369,0.9999348903257825
754370,0.9999918983754355
754371,0.9981548839761205
754372,0.9997130874207378
754373,0.9997413611226629
754374,0.9789350651008157
754375,0.0028472559829226074
754376,0.9826835514446192
754377,0.9249659260200105
754378,0.4742076659909801
754379,0.9982843109218436
754380,0.5613700896839976
754381,0.9162732146990437
754382,0.9961762983715985
754383,0.9942447400252477
754384,0.9990092426177839
754385,0.010626536291439267
754386,0.023718687417394784
754387,0.18685819870343198
754388,0.8168598570878012
754389,0.966909465155199
754390,0.3456358122287681
754391,0.5789970571227719
754392,0.9992594064046476
754393,0.9999532348505127
754394,0.9992187025979549
754395,0.973877343510819
754396,0.9998660779783392
754397,0.9999263261853065
754398,0.12257914893206184
754399,0.13370189946555422
754400,0.9988628048158367
754401,0.9996683255168406
754402,0.1028244989032988
754403,0.07897003242672192
754404,0.9955061302521845
754405,0.5875761227232992
754406,0.7550564764809174
754407,0.8235152615942756
754408,0.206645626443072
754409,0.43702088868081895
754410,0.946720177803847
754411,0.9997885179767904
754412,0.2146306187825801
754413,0.6305234676359993
754414,0.9983959616673102
754415,0.9997735234279996
754416,0.9988368876980305
754417,0.05012928096176713
754418,0.03848602380490331
754419,0.009845243312021197
754420,0.8155278707277517
754421,0.9974124552086917
754422,0.5829924689020636
754423,0.9995779194891272
754424,0.9998428045377512
754425,0.8926113238164286
754426,0.9999678152435132
754427,0.9999790529969033
754428,0.20410217906307243
754429,0.8067657449546932
754430,0.9993078394258239
754431,0.9999916738802606
754432,0.6698477904860003
754433,0.740154031455849
754434,0.03594474830935531
754435,0.0228792698711204
754436,0.5605314021412324
754437,0.0676628956177406
754438,0.6974181806304924
754439,0.8484353761627629
754440,0.9817996764225739
754441,0.9654337324950808
754442,0.9986342721463751
754443,0.21077400556266773
754444,0.9988238600904269
754445,0.01319542592749282
754446,0.9973803889340813
754447,0.7199885203666359
754448,0.9458528954300485
754449,0.9984963646973403
754450,0.9860065721665414
754451,0.8726313848810887
754452,0.9873592675595744
754453,0.9851115728101649
754454,0.8830605355889267
754455,0.9999154107660054
754456,0.9926501248314905
754457,0.017247241880647
754458,0.9985885241411319
754459,0.3640430132126481
754460,0.2364711123856139
754461,0.3957512269310885
754462,0.94281633298017
754463,0.5793872579914376
754464,0.7955868254135796
754465,0.04711344639979214
754466,0.8615902761243099
754467,0.941916581339795
754468,0.9993879160788212
754469,0.0512107598222082
754470,0.4472311657511498
754471,0.9999673975482297
754472,0.057614628816346936
754473,0.7112925519003951
754474,0.9999219303887822
754475,0.4386379152208081
754476,0.028474877834542785
754477,0.9727443042849615
754478,0.9774159327350349
754479,0.9679760899394454
754480,0.9991035979599273
754481,0.3702663622158054
754482,0.010738611778316365
754483,0.9997661857557918
754484,0.9998544301933492
754485,0.6406513204840092
754486,0.3229618610267929
754487,0.6802627695239292
754488,0.9998712671220051
754489,0.3621100895758771
754490,0.9953878464344635
754491,0.8589829002301155
754492,0.554199509159442
754493,0.4473051560590637
754494,0.6985850469723843
754495,0.2787884356190195
754496,0.47326699245831844
754497,0.6605113403601773
754498,0.9965219193693853
754499,0.9956908884074183
754500,0.040817502021385524
754501,0.21515217748932214
754502,0.9591010234661526
754503,0.9999442934250395
754504,0.9955421824300694
754505,0.6603253397525568
754506,0.9998124634241382
754507,0.0737268721089269
754508,0.9997973404237833
754509,0.9843394786893476
754510,0.5278994328979725
754511,0.9380834179053936
754512,0.9934882229875717
754513,0.006088604868155501
754514,0.6709103051702996
754515,0.08650896723319415
754516,0.6282679654640133
754517,0.999937273711309
754518,0.24874882089494071
754519,0.35344644289171384
754520,0.8770089724794138
754521,0.9989401297287861
754522,0.9949734879999316
754523,0.9691084502537961
754524,0.9999249958849217
754525,0.2130894735913099
754526,0.8824385154734442
754527,0.02119638465163233
754528,0.7298853537390658
754529,0.23292736132742345
754530,0.04447600814523752
754531,0.024506601027335567
754532,0.4420102418583301
754533,0.013116626024770692
754534,0.32152980979923096
754535,0.12006173974230652
754536,0.6466347268941691
754537,0.9979247032437417
754538,0.7846818802023745
754539,0.9685873747693907
754540,0.9999545146046134
754541,0.9996238819422867
754542,0.20689546532774494
754543,0.9928125339054024
754544,0.9973455876209624
754545,0.21562764597467102
754546,0.01647007945915587
754547,0.628960385826592
754548,0.9973745046781031
754549,0.9998248323713769
754550,0.7895469208119217
754551,0.0379235345929352
754552,0.9926467745313924
754553,0.07912975102325827
754554,0.9968588093031935
754555,0.7669758729443173
754556,0.04395852240178801
754557,0.9950404518737656
754558,0.9999899904089615
754559,0.9890871994097037
754560,0.170954099132237
754561,0.4549860755274472
754562,0.9413494130279798
754563,0.9888678234123718
754564,0.9996135843055928
754565,0.0629092451287472
754566,0.8366198682063037
754567,0.9992941797893251
754568,0.7774813301880532
754569,0.9566572221367227
754570,0.9995904032021944
754571,0.9948226979004375
754572,0.9968521712918436
754573,0.9533266313439859
754574,0.8190933639088029
754575,0.977685995346709
754576,0.9997950606144307
754577,0.995503408194773
754578,0.5060405991589412
754579,0.9999318919723992
754580,0.6671345910994453
754581,0.9998014520585019
754582,0.9995555107406144
754583,0.9998691326987514
754584,0.9994643680558915
754585,0.2627083463592053
754586,0.6787682859644966
754587,0.34270119254705383
754588,0.8666101421755977
754589,0.9952546677152703
754590,0.6545542978710377
754591,0.9624982473660666
754592,0.09643196424232192
754593,0.7030927721408142
754594,0.8646357283034092
754595,0.5019572461839134
754596,0.1890974341032984
754597,0.9998271100358265
754598,0.014835874762528246
754599,0.6283176156270347
754600,0.998616146107759
754601,0.9945747393940694
754602,0.005908623072703432
754603,0.9946999242861052
754604,0.20445436392200458
754605,0.9901044898464801
754606,0.995702908324277
754607,0.024795563028874743
754608,0.9972877640440154
754609,0.9994263011247089
754610,0.6083541469304883
754611,0.9999376242581145
754612,0.9964516343592495
754613,0.6731724519197594
754614,0.9978984369264277
754615,0.9996087076225864
754616,0.9985793106070189
754617,0.48415685634554456
754618,0.7893735057302258
754619,0.8484778030868647
754620,0.9743757869824379
754621,0.9887069944672644
754622,0.9822037617372016
754623,0.18213944951163136
754624,0.9950181881114338
754625,0.9987960975006684
754626,0.06794060785354532
754627,0.9996102701520457
754628,0.6279702828275189
754629,0.8957499749344716
754630,0.9575647166310638
754631,0.9999863051672822
754632,0.10375351864553933
754633,0.9987542513793553
754634,0.9951963716753363
754635,0.9989380883122695
754636,0.650029860503011
754637,0.6388281329142339
754638,0.9981700565095215
754639,0.4895231696653579
754640,0.08829273842051136
754641,0.9928232880354297
754642,0.9999899583157495
754643,0.9958999505004069
754644,0.9998006096169234
754645,0.08889854031131053
754646,0.9064176512291563
754647,0.9988075226550194
754648,0.009091361357838286
754649,0.999426366901434
754650,0.27510858307537983
754651,0.4619942833327837
754652,0.28244963152841973
754653,0.9999866288625978
754654,0.9878205427285666
754655,0.9942335891064246
754656,0.5728518525872665
754657,0.4313244655838604
754658,0.40458145711076393
754659,0.6148864385079982
754660,0.01966514683961424
754661,0.9997833541624561
754662,0.8402103457943477
754663,0.07570961875513407
754664,0.9957262080400047
754665,0.9992104111949802
754666,0.9988012396770951
754667,0.43692770151995575
754668,0.9995862610895947
754669,0.979671524911025
754670,0.9965661123816704
754671,0.038425761476567774
754672,0.41493392298074766
754673,0.9036601409757602
754674,0.99981613141199
754675,0.412793655562325
754676,0.5447467488226017
754677,0.8750057590281981
754678,0.9326894353487936
754679,0.9962732785081712
754680,0.998793485079331
754681,0.01903539085309064
754682,0.3916739789304105
754683,0.19416592898102536
754684,0.9997246502242602
754685,0.9822490356837292
754686,0.06373291886066482
754687,0.9594949918341703
754688,0.9957897651796973
754689,0.039400669728688144
754690,0.9804494893220963
754691,0.0628056824462788
754692,0.06261737305940238
754693,0.9993451905025837
754694,0.5589711891140554
754695,0.9998985822554166
754696,0.33283837921373866
754697,0.8902326474337038
754698,0.8726559203503577
754699,0.8913088773587673
754700,0.7868341983746434
754701,0.004897760326415365
754702,0.2617560507260141
754703,0.22675296164201034
754704,0.999804571803059
754705,0.19460497074580918
754706,0.026227317452246
754707,0.9012919310359873
754708,0.9996917085160391
754709,0.9997455020450823
754710,0.999928645133279
754711,0.42223457631952377
754712,0.010045307914273011
754713,0.6542551426290861
754714,0.21734052334624715
754715,0.5585644335341745
754716,0.9999815179751959
754717,0.35064892481710325
754718,0.9998248807303587
754719,0.30157180889574714
754720,0.9918817450036121
754721,0.8232692498576527
754722,0.6174325715657499
754723,0.9999929449265164
754724,0.36717782183375264
754725,0.9532199693848845
754726,0.9945935965629096
754727,0.9999929495384361
754728,0.9404803557055634
754729,0.9452636184282635
754730,0.9422810984272109
754731,0.8557726486840722
754732,0.999912689687571
754733,0.6017157747854008
754734,0.002064784481064507
754735,0.8708576249238709
754736,0.530187135089852
754737,0.1726004738696673
754738,0.10989171041369367
754739,0.999300650551057
754740,0.9997557222850162
754741,0.6147498852081786
754742,0.9998344409597779
754743,0.5625133142730355
754744,0.7619428050087718
754745,0.937476869303312
754746,0.9998673772522215
754747,0.9998305293757975
754748,0.9986994954296424
754749,0.9611668777271418
754750,0.9953062814137298
754751,0.18785548250363998
754752,0.005198767264647044
754753,0.9102906869044518
754754,0.996588158255975
754755,0.03101555247296729
754756,0.9999657163260494
754757,0.9973719729290782
754758,0.9319338133455072
754759,0.18593679358173654
754760,0.8368614630931965
754761,0.9863663875565789
754762,0.9998596435856149
754763,0.9881467987799781
754764,0.026032879214915115
754765,0.8605081951380451
754766,0.9914088462849107
754767,0.998033060195618
754768,0.8848206269473976
754769,0.926791568225749
754770,0.9994794602880771
754771,0.8714339602941465
754772,0.9734419053890357
754773,0.9987475956486507
754774,0.9944603679493659
754775,0.39140537947948906
754776,0.8628974439542823
754777,0.7134870745138038
754778,0.01213319126202243
754779,0.9994715216224843
754780,0.9816362420434476
754781,0.20523005882784012
754782,0.9995782710681402
754783,0.6227041241617269
754784,0.9999320257861206
754785,0.33994520949247875
754786,0.9979456369748797
754787,0.9208891977057931
754788,0.8153294796831398
754789,0.9996932393712363
754790,0.9660206279032095
754791,0.9986478287295341
754792,0.9994708873640019
754793,0.031801626799241596
754794,0.40500680567033165
754795,0.946778828821532
754796,0.5719935750710412
754797,0.9231351435603872
754798,0.15844468493359998
754799,0.26013778066070253
754800,0.5611977630410075
754801,0.44639815208448513
754802,0.9998556674756457
754803,0.9921414575707825
754804,0.902501393653665
754805,0.024776450769313958
754806,0.600115753432869
754807,0.13031283708065672
754808,0.9904311630516167
754809,0.07861836184430365
754810,0.8998816206294102
754811,0.21478491067768668
754812,0.15215162883809766
754813,0.9998093596317715
754814,0.9994674129905591
754815,0.6373471990741324
754816,0.9760170573964193
754817,0.08871690974006793
754818,0.9215457516070982
754819,0.38335451243630714
754820,0.8652007099729357
754821,0.29650874102536356
754822,0.013519332387761474
754823,0.2068339331343022
754824,0.9996423034763079
754825,0.9961861038435658
754826,0.99959836640458
754827,0.6613619155718073
754828,0.8536072797164584
754829,0.4857232626444305
754830,0.9130597725451716
754831,0.0827837936906807
754832,0.06337683010739609
754833,0.8723709884671289
754834,0.033827284289808565
754835,0.8509941742117904
754836,0.7123907770253219
754837,0.17925540417185523
754838,0.9036725022137353
754839,0.995880077563587
754840,0.8013385706097126
754841,0.9393844064889982
754842,0.9999697754043759
754843,0.9757718448357128
754844,0.43608442752438303
754845,0.9997894491952326
754846,0.9499141088758623
754847,0.12428936723708736
754848,0.9982387537258652
754849,0.977177075007909
754850,0.38184436013151857
754851,0.9965633386882652
754852,0.7518937931585681
754853,0.8985884924263925
754854,0.13888029497591775
754855,0.03180792898105114
754856,0.9983442312588141
754857,0.9999873347481123
754858,0.023947508712683276
754859,0.9999181014801102
754860,0.496748827657053
754861,0.13095192073852838
754862,0.9476006696173256
754863,0.9622269692140626
754864,0.7371247724885645
754865,0.9997891981224782
754866,0.09552644185715949
754867,0.9058323927358686
754868,0.5738420999731474
754869,0.9993951458966288
754870,0.9684233492558828
754871,0.9962200137137813
754872,0.990028449801086
754873,0.9879448993981835
754874,0.9755850403448382
754875,0.9957831463658469
754876,0.9934962798777444
754877,0.295479716165128
754878,0.9963498697253317
754879,0.9368652317595509
754880,0.40736341253760544
754881,0.12394592582745237
754882,0.5983357827996799
754883,0.3833417040602418
754884,0.1105427097171817
754885,0.7862369425307173
754886,0.4587815010426608
754887,0.8424922972022257
754888,0.9817287043089972
754889,0.9984163361173511
754890,0.9999144506740281
754891,0.9999761671886953
754892,0.9997376097017698
754893,0.9952563236373775
754894,0.9970045463308587
754895,0.9924781868155472
754896,0.5332572583871025
754897,0.306100746032689
754898,0.2921951002993034
754899,0.9680355578481241
754900,0.9999245646271502
754901,0.07061550944330106
754902,0.0302068902182352
754903,0.8376000433958897
754904,0.459671820257619
754905,0.4439550202766579
754906,0.26807420583569397
754907,0.9999410192574282
754908,0.9956105071390868
754909,0.9977519966096473
754910,0.006751172159532292
754911,0.0511940678888906
754912,0.9984970520165982
754913,0.9653133854811234
754914,0.8761779451824974
754915,0.6354016385103919
754916,0.9987165400540328
754917,0.969165587727977
754918,0.0648079013162958
754919,0.9411383855521841
754920,0.9888518521973306
754921,0.017522304759394154
754922,0.9930767455064127
754923,0.9996548601311155
754924,0.9262836264334235
754925,0.9970585478469198
754926,0.9995264328261212
754927,0.9351592623746955
754928,0.5218875629356177
754929,0.9995013228903222
754930,0.7871141488872424
754931,0.6321782280513099
754932,0.32334963447162046
754933,0.26537281467492435
754934,0.9178857581127142
754935,0.9405024573403935
754936,0.999757149075844
754937,0.9998968407769855
754938,0.9999189292321583
754939,0.9993684956481348
754940,0.9992597027516208
754941,0.9487234741899778
754942,0.1547228313741804
754943,0.2623542223955279
754944,0.4433511449102091
754945,0.7615634842639841
754946,0.6719008779455713
754947,0.8406111113993058
754948,0.9996739838124022
754949,0.39791167766965535
754950,0.6315753079026664
754951,0.9996436795952153
754952,0.9996933759312508
754953,0.38648121987752676
754954,0.9957258090044326
754955,0.9829759614837469
754956,0.8814973116098531
754957,0.9290267033115135
754958,0.8346889833235855
754959,0.4975157391797992
754960,0.9994858500049228
754961,0.991438444156867
754962,0.20024737254066782
754963,0.9942363649890813
754964,0.999954515868716
754965,0.9997218304331523
754966,0.47724042058821914
754967,0.9962779540947626
754968,0.483258111609296
754969,0.9741077564156
754970,0.9932574285249836
754971,0.9927293496746831
754972,0.02870963366897159
754973,0.9460947647701694
754974,0.10216793744191442
754975,0.6758102037410312
754976,0.20172662359769694
754977,0.03918648297550891
754978,0.9825881139391577
754979,0.18466771362560835
754980,0.9975947936341026
754981,0.1646858349545135
754982,0.035915986064322364
754983,0.4141200815688841
754984,0.8401933056271645
754985,0.8263694986249105
754986,0.999347087634049
754987,0.9999135725369338
754988,0.9980611186178281
754989,0.05183928615819997
754990,0.8768891024234235
754991,0.7596900514800085
754992,0.9991411305409428
754993,0.8118688310933422
754994,0.02219367357893734
754995,0.14002353847000826
754996,0.9993646717276874
754997,0.4896277946707971
754998,0.8718902294457601
754999,0.9875591756287745
755000,0.938298121561022
755001,0.039306886614557994
755002,0.99989342655549
755003,0.999743959717152
755004,0.9990343555172381
755005,0.7132015067425068
755006,0.9999440112652195
755007,0.9998195549973927
755008,0.9362739178282462
755009,0.9775589639843296
755010,0.303955899820575
755011,0.670721121685026
755012,0.9999387851487687
755013,0.996323268607217
755014,0.9943639383611202
755015,0.9997207900221783
755016,0.9999822098395668
755017,0.33143985814759347
755018,0.9885302268926301
755019,0.9995687974650492
755020,0.9599073782180465
755021,0.9996712463176596
755022,0.999747277763503
755023,0.9964358875411211
755024,0.8159327717556504
755025,0.9596381867269201
755026,0.9999893430075675
755027,0.9992849260865213
755028,0.7592488687720297
755029,0.03222898478533332
755030,0.99959981830295
755031,0.7932544825752941
755032,0.9977124834273579
755033,0.9996074562097994
755034,0.9995456210863709
755035,0.9022552218887623
755036,0.9999609652852223
755037,0.9999557336465748
755038,0.7978299106598121
755039,0.9896205006089459
755040,0.9995952950415626
755041,0.0823237270173181
755042,0.019390503245522214
755043,0.9971228441098705
755044,0.999908199252279
755045,0.9878053307605497
755046,0.9996129827917752
755047,0.1395554996526449
755048,0.7879024225707691
755049,0.9995773119964098
755050,0.9882508794464888
755051,0.9971370700976899
755052,0.9911404624815301
755053,0.03950618504438523
755054,0.999884883263005
755055,0.9537017074161216
755056,0.9997233055287982
755057,0.49135408689836746
755058,0.9952209818379851
755059,0.04188724481725074
755060,0.9991258595225033
755061,0.9999319367748369
755062,0.010483806774084446
755063,0.9992525888442109
755064,0.9983765417633936
755065,0.6907883101014263
755066,0.9999720918336263
755067,0.3361126976163553
755068,0.9999547273658982
755069,0.6156937472982179
755070,0.9999468113283603
755071,0.9997871206031361
755072,0.9998490848384345
755073,0.4740836810274883
755074,0.9646054215755764
755075,0.9921006455997721
755076,0.9993366004570396
755077,0.8441133726963861
755078,0.1767026252251132
755079,0.999752549090072
755080,0.8026369956366715
755081,0.9998590369813152
755082,0.9209693459706794
755083,0.8912541738411912
755084,0.9791161607873395
755085,0.962581746203621
755086,0.9997608063511436
755087,0.3893155385273646
755088,0.9999044735951331
755089,0.9966182208336525
755090,0.9998707426226356
755091,0.3022536879707742
755092,0.9966381976319676
755093,0.004484250145246986
755094,0.9999636368923088
755095,0.5760283059868452
755096,0.99599099946031
755097,0.7646506605067449
755098,0.7960386209047773
755099,0.12013863419354126
755100,0.8737916976264372
755101,0.20501745846389235
755102,0.9646125508256116
755103,0.996851291327431
755104,0.023750185877532495
755105,0.4380693418288649
755106,0.9999316487438682
755107,0.014469400806391051
755108,0.9990354343900847
755109,0.3526060851707581
755110,0.808192794842532
755111,0.9997556178400839
755112,0.9157284835278903
755113,0.9548469565266458
755114,0.6392831229350542
755115,0.998115979482574
755116,0.9999590990717616
755117,0.5886329211397479
755118,0.9999113299562277
755119,0.9993874916013794
755120,0.9917615967700836
755121,0.8872250360775447
755122,0.9997439024642123
755123,0.9999595883956782
755124,0.8077598884999004
755125,0.7885317915803421
755126,0.9992437136845979
755127,0.9997286921443248
755128,0.9998272131186745
755129,0.9686097763669739
755130,0.49332955472129625
755131,0.08832059069725726
755132,0.7693826456629751
755133,0.9665836416591456
755134,0.999283240749437
755135,0.5914439614187474
755136,0.029890115332561532
755137,0.999348287549067
755138,0.9713959565560464
755139,0.3354299406250425
755140,0.9992659767228466
755141,0.9292887668399522
755142,0.9995438396193148
755143,0.5897705580573857
755144,0.9992370821526733
755145,0.9997982926043463
755146,0.9999552234738271
755147,0.9271833874134074
755148,0.9997413122070011
755149,0.9998888423124475
755150,0.9998326422437411
755151,0.052247400033916556
755152,0.999834891641548
755153,0.28347379364047237
755154,0.9998812364364298
755155,0.7272034099250686
755156,0.7219521049194961
755157,0.8697325637041211
755158,0.01849130460788096
755159,0.9999055333433727
755160,0.9999922846522725
755161,0.8693973276066095
755162,0.9883934023602086
755163,0.9997168092873956
755164,0.17719157314337183
755165,0.913960604164272
755166,0.9983506911270308
755167,0.9999475284793542
755168,0.9901883247777671
755169,0.463065659899994
755170,0.9999934160297872
755171,0.9992209114160351
755172,0.06432831536497483
755173,0.4886131923588519
755174,0.998967109183216
755175,0.7710817953910726
755176,0.09093018027735085
755177,0.9981154524951237
755178,0.9997590209046345
755179,0.9656335423478932
755180,0.2750190669053933
755181,0.9846198503831152
755182,0.8570353901671739
755183,0.9998703440713886
755184,0.18363420756573223
755185,0.9997602378420684
755186,0.9985799363794263
755187,0.9998683323493913
755188,0.9784096100280197
755189,0.07273321995535824
755190,0.6844723113978504
755191,0.9998025178174608
755192,0.6856433795259116
755193,0.7302855904570036
755194,0.2592536851128937
755195,0.19922230544821062
755196,0.9963885210868897
755197,0.8363159346636708
755198,0.9991185758938861
755199,0.7947449469056486
755200,0.9998070587193524
755201,0.9994236422752877
755202,0.9986601115769822
755203,0.9585065526126781
755204,0.43687807746318663
755205,0.3969756294321986
755206,0.221999810502643
755207,0.9040629506247946
755208,0.9545058553026706
755209,0.22008764600714598
755210,0.9846822458524712
755211,0.9997794946301171
755212,0.8922874769173481
755213,0.9935883635340453
755214,0.8650795069390095
755215,0.9012490068185113
755216,0.9287810896408182
755217,0.9999800203286742
755218,0.9750313074522328
755219,0.9998106193937524
755220,0.04666877033870398
755221,0.837199178284482
755222,0.6700108852634875
755223,0.8522376311104602
755224,0.9803607150870852
755225,0.07941101494878851
755226,0.999872111574674
755227,0.5908299696566315
755228,0.9973951251018016
755229,0.9439643674031458
755230,0.012527422106650081
755231,0.9976551500753236
755232,0.997846455845442
755233,0.9962913149300283
755234,0.0017075152295315276
755235,0.9183139671876505
755236,0.9938829287849749
755237,0.9997887754262726
755238,0.15091005519887316
755239,0.8920826295568317
755240,0.9991619297045318
755241,0.08455999577050193
755242,0.9995187665765358
755243,0.9990222927969952
755244,0.2609020722308582
755245,0.38220020687460304
755246,0.9905725943780819
755247,0.171703842058252
755248,0.016820401500342315
755249,0.9726626386302561
755250,0.7099833187796155
755251,0.9999330076980727
755252,0.04553862279773608
755253,0.17585722495853157
755254,0.08113082800216731
755255,0.9998622886220602
755256,0.9996586910645342
755257,0.2703558764554766
755258,0.9861096914231356
755259,0.988802408819262
755260,0.30179736738916463
755261,0.010102677292606513
755262,0.9968970831457208
755263,0.970394865939642
755264,0.9934035048712301
755265,0.8890837634100761
755266,0.9706388282434438
755267,0.9997921794827811
755268,0.6583515179173917
755269,0.0049582847076566385
755270,0.9674913486023766
755271,0.8859926044925479
755272,0.99925979769733
755273,0.850848454996448
755274,0.9986477031437466
755275,0.9999547961388353
755276,0.42490137819244783
755277,0.010426979471627134
755278,0.5182173802690321
755279,0.9981966993261155
755280,0.9999395014089743
755281,0.9496417659801699
755282,0.8878807798693696
755283,0.9647590695952191
755284,0.007413235029095917
755285,0.9994641921803016
755286,0.5810380678142734
755287,0.10459760424289924
755288,0.9223036842778337
755289,0.026608906378928574
755290,0.9473865307693652
755291,0.9994123103193517
755292,0.13172707098541017
755293,0.9477672857018042
755294,0.530422725420595
755295,0.04418916818996718
755296,0.009986194450760275
755297,0.10393411800640596
755298,0.9944587704851329
755299,0.9996183417357074
755300,0.3935055935182262
755301,0.9998727434214068
755302,0.11529426601621608
755303,0.9932920672797101
755304,0.9994576515058704
755305,0.052395853972208764
755306,0.3388530870527719
755307,0.024813449278560884
755308,0.9784287666863558
755309,0.07100618087794047
755310,0.7657463338105805
755311,0.7415984498220796
755312,0.5219311558021722
755313,0.999814891362249
755314,0.9995382393099073
755315,0.14310721136179563
755316,0.9575276347438957
755317,0.9735292498138417
755318,0.02164023820768646
755319,0.999911205732736
755320,0.013055475032192052
755321,0.9858257656545415
755322,0.1726573786054016
755323,0.3645774180422286
755324,0.0772184836653092
755325,0.04955833018703455
755326,0.6936005465003225
755327,0.6856722662285946
755328,0.2626742134661736
755329,0.016550201391078063
755330,0.8777652497791643
755331,0.097301403683213
755332,0.9910272252287539
755333,0.9968303981108891
755334,0.5907116661119959
755335,0.9927503871908785
755336,0.7393607873093934
755337,0.08122800784694528
755338,0.8231386349314243
755339,0.9628957770721989
755340,0.9996471504271961
755341,0.9979156055359064
755342,0.838417208703388
755343,0.2195376073012883
755344,0.9918211614271623
755345,0.9998267043907864
755346,0.29637285458265483
755347,0.26562282181939456
755348,0.9999743223880495
755349,0.01878845027106518
755350,0.9755132029551439
755351,0.8012256015417476
755352,0.44741803282326975
755353,0.9240408241956335
755354,0.6365962308536647
755355,0.99773252455115
755356,0.9999086847051672
755357,0.03455869116981312
755358,0.9981344343338814
755359,0.9998027025073698
755360,0.9966567892332926
755361,0.9838969945518989
755362,0.9790363084235794
755363,0.9999523268313636
755364,0.7167655241320483
755365,0.6388453397945577
755366,0.639340010237298
755367,0.94800071286155
755368,0.9997727897116377
755369,0.038223513117872386
755370,0.999435022119508
755371,0.9997955621271328
755372,0.8230005091362971
755373,0.9307624527897909
755374,0.14764485741101863
755375,0.7536310628832237
755376,0.9996839686427983
755377,0.9975803855787277
755378,0.9998271982298019
755379,0.009460550439105164
755380,0.4942097050132774
755381,0.9979033718140564
755382,0.9988568849020906
755383,0.2984553844617427
755384,0.44655826024271433
755385,0.9688522890606643
755386,0.26514428966171044
755387,0.9887392971573177
755388,0.9844228868996096
755389,0.9999533756919942
755390,0.9576198094367359
755391,0.9945403488078888
755392,0.14646271883368667
755393,0.9788584369872466
755394,0.9995445076253884
755395,0.8880656288589497
755396,0.9870442229077606
755397,0.9936920958293352
755398,0.19491538183939708
755399,0.999527022276582
755400,0.3157129525069766
755401,0.8819915968981005
755402,0.24621972332363867
755403,0.05205959308697204
755404,0.9975561487237541
755405,0.9999702928642793
755406,0.8663254252950889
755407,0.9993002819769146
755408,0.998650009014729
755409,0.6750672310611296
755410,0.9875212909466362
755411,0.9069426225203785
755412,0.2702301146541983
755413,0.9995378195078545
755414,0.9993572736781822
755415,0.2410533061633562
755416,0.22539760988883056
755417,0.06475261104310517
755418,0.9993896052398409
755419,0.08842605963721147
755420,0.9918106142911589
755421,0.9455022133286082
755422,0.9931587516307698
755423,0.2619654059877295
755424,0.6134467003361008
755425,0.9258227963728392
755426,0.9942616864251259
755427,0.10366639713033932
755428,0.0846022697802119
755429,0.9982366704014409
755430,0.022876099315672044
755431,0.9986808745061003
755432,0.5004752923651833
755433,0.9974883436603038
755434,0.11450231183879904
755435,0.9934139583138353
755436,0.9577757557999114
755437,0.09468673749033492
755438,0.161303219361694
755439,0.8955649402596777
755440,0.9307551138893306
755441,0.08961854853493657
755442,0.5813455329169832
755443,0.04527700924959261
755444,0.6958806485730145
755445,0.0070814806253020595
755446,0.321315039894027
755447,0.999765050210393
755448,0.02034404283933526
755449,0.9635036282638855
755450,0.9959149639113565
755451,0.8415260980601968
755452,0.993791521394531
755453,0.943060059005491
755454,0.9555336035733801
755455,0.993436733022755
755456,0.6225286033748806
755457,0.9781246984909602
755458,0.9915256915785765
755459,0.8263511707357636
755460,0.9992763176609059
755461,0.8230683318526066
755462,0.3810218154385308
755463,0.9999533449819121
755464,0.9987768735661049
755465,0.851663165894171
755466,0.9998570664978916
755467,0.9971317980422334
755468,0.5436417521632196
755469,0.9972152182498552
755470,0.0870189110617302
755471,0.3685427806710639
755472,0.048922581983416605
755473,0.7857371949722848
755474,0.9971287803962003
755475,0.9996496798675453
755476,0.24413022668152407
755477,0.8852723954718149
755478,0.9883264372519689
755479,0.9998589027456473
755480,0.9750399073058473
755481,0.6736963909247977
755482,0.11234428526793885
755483,0.012807727246248249
755484,0.9981690351239084
755485,0.19970389580292053
755486,0.9679424328589192
755487,0.9975649986911646
755488,0.996721840689041
755489,0.999186268962204
755490,0.015236971012529658
755491,0.9538089239953126
755492,0.9688670851793748
755493,0.9227119112037877
755494,0.9927198759086919
755495,0.07086992278099266
755496,0.9995738100375186
755497,0.5315950695211737
755498,0.9999804872895581
755499,0.999622599490608
755500,0.48118860416734144
755501,0.996359585250713
755502,0.9996407414133068
755503,0.9929761215064632
755504,0.7640916412966426
755505,0.9998834039701938
755506,0.937103471667358
755507,0.999280834776982
755508,0.9998194146475925
755509,0.6968301075515783
755510,0.986643003427466
755511,0.015920993810346642
755512,0.831555182734905
755513,0.746955348660939
755514,0.2489591684508887
755515,0.48043210426196414
755516,0.03602935389672844
755517,0.999645645914687
755518,0.12962416116820547
755519,0.995718154562452
755520,0.9998136481800037
755521,0.9791250804947943
755522,0.7034374935695173
755523,0.8914610412266597
755524,0.9999103629771393
755525,0.0939441689072609
755526,0.6831301145882198
755527,0.01522664544561134
755528,0.5465347071361668
755529,0.7620333830303148
755530,0.9993861519978866
755531,0.018703061115289882
755532,0.4113440426277649
755533,0.9903306911907557
755534,0.5073507127014976
755535,0.4261144826607501
755536,0.9994447388791661
755537,0.9910132534105109
755538,0.9176186870613008
755539,0.04266699012850046
755540,0.9822338573549187
755541,0.888726030201574
755542,0.9998889545797771
755543,0.9999350359244037
755544,0.5214707846506687
755545,0.997466529596959
755546,0.5986744419242749
755547,0.9999267080434334
755548,0.11584354240234791
755549,0.8941678114307765
755550,0.9971846813389595
755551,0.9816870535854283
755552,0.35356594292065785
755553,0.4282229448601224
755554,0.08685213305852432
755555,0.9651555193228786
755556,0.976446761574146
755557,0.8854784544266991
755558,0.9998226670750178
755559,0.5804302885242701
755560,0.9995984267901794
755561,0.15772851783231845
755562,0.9981315279302241
755563,0.999905036645373
755564,0.9982119818753248
755565,0.009715132360148338
755566,0.06417779328844588
755567,0.08693782744171571
755568,0.05668607961330495
755569,0.4696942134193972
755570,0.9995783268951948
755571,0.22819574204573073
755572,0.016098691532058465
755573,0.999829940691098
755574,0.9913793718063537
755575,0.008060084450837699
755576,0.9728711605887584
755577,0.001923279367913248
755578,0.9925999184361054
755579,0.37917310233122026
755580,0.9999845662031094
755581,0.994134897698698
755582,0.9936578661362364
755583,0.999341197305909
755584,0.9974806755786881
755585,0.01887160918299118
755586,0.36764722917182013
755587,0.9999252948261322
755588,0.9127782602408728
755589,0.9915326804896634
755590,0.7351828135412496
755591,0.999823091691086
755592,0.9646078095509643
755593,0.9984892643241754
755594,0.962468562224911
755595,0.9998785033428297
755596,0.15626875190464048
755597,0.27191293809525513
755598,0.9996446292286219
755599,0.012408193225619374
755600,0.9906464935214299
755601,0.9969599462949309
755602,0.9876064912312786
755603,0.9266346289630851
755604,0.994867680265671
755605,0.9970817736546698
755606,0.997532472344082
755607,0.9578862626802083
755608,0.7705373597651053
755609,0.030697845140620766
755610,0.7578452413875106
755611,0.12872803689047801
755612,0.9997868646461168
755613,0.43914259113302895
755614,0.9861480926152464
755615,0.12805759831092897
755616,0.9733216777705004
755617,0.9907654341635075
755618,0.716881826837523
755619,0.9363072775607335
755620,0.4107004069345359
755621,0.005030927426822962
755622,0.9164981642612171
755623,0.37560709027088446
755624,0.24390591333311012
755625,0.5821837132501486
755626,0.02997998639373061
755627,0.9990618362048711
755628,0.10948205385548292
755629,0.9346761869570892
755630,0.9997311840790573
755631,0.855941402557578
755632,0.9489962673712334
755633,0.869826317204359
755634,0.9993472826498101
755635,0.9289149014551691
755636,0.1521356268573168
755637,0.9676398277024685
755638,0.9198007762986526
755639,0.9992354442809324
755640,0.03932330244802298
755641,0.9920080394541593
755642,0.6001604221434125
755643,0.9855188393195499
755644,0.9548633766314052
755645,0.9348932193661879
755646,0.5516535381269093
755647,0.999909220972875
755648,0.9999364467973598
755649,0.8237780307961025
755650,0.9873454726702383
755651,0.9998237610681618
755652,0.9494775169440004
755653,0.9996587191694448
755654,0.7935398788554839
755655,0.9996158727816297
755656,0.3415420462559637
755657,0.9927042152848724
755658,0.9847022800532415
755659,0.16244492651006198
755660,0.9995496112709723
755661,0.6961916621948334
755662,0.866081071533257
755663,0.9996115115536248
755664,0.90559418003223
755665,0.7188444638023779
755666,0.9993308814064311
755667,0.529465036390299
755668,0.9944780032163406
755669,0.2045282599173176
755670,0.999943304838051
755671,0.9703450212930054
755672,0.31411314326969875
755673,0.9998588261251646
755674,0.565848307290701
755675,0.7462573484104873
755676,0.8086098505683359
755677,0.013905982006697962
755678,0.9989536792299216
755679,0.9992737389084515
755680,0.6219509211146814
755681,0.9994154517527393
755682,0.9993599328253358
755683,0.36804473451128616
755684,0.9995801408922573
755685,0.991166922342032
755686,0.9472265351166338
755687,0.9999598556810888
755688,0.3383458386112592
755689,0.9924078172605127
755690,0.9906297394214854
755691,0.9998542198937149
755692,0.13601629959778516
755693,0.9999340586738483
755694,0.9852365948648083
755695,0.9995144241146477
755696,0.9572431019459547
755697,0.9360519583634952
755698,0.009163435904289193
755699,0.5435279577551072
755700,0.9255712575351503
755701,0.9999950876865165
755702,0.9997477459409732
755703,0.9994775436434435
755704,0.9965780279979279
755705,0.1407699200572183
755706,0.9988615781623246
755707,0.8328294281916662
755708,0.9976881821901213
755709,0.7645814000138114
755710,0.11040238602865057
755711,0.14123977109253838
755712,0.4041153120409392
755713,0.9537154611803405
755714,0.9996852304689052
755715,0.993012016250615
755716,0.9974540918467327
755717,0.9999542381568296
755718,0.02730627961294018
755719,0.9991744791628769
755720,0.8861447416603423
755721,0.9898810674344535
755722,0.9779910942416069
755723,0.5433309852000897
755724,0.5714692294985869
755725,0.9998004728892399
755726,0.9971253884343708
755727,0.8792941523922078
755728,0.994231468743104
755729,0.9600559901126829
755730,0.9955565390855503
755731,0.8378178257623924
755732,0.1293312806055264
755733,0.9983317615665348
755734,0.9758238248940706
755735,0.3817096104306821
755736,0.9188540686342946
755737,0.9623573363664963
755738,0.7844810788460296
755739,0.999813556086584
755740,0.2170010070001977
755741,0.9986910697951727
755742,0.6411548242453337
755743,0.2632908116151779
755744,0.9999140749764643
755745,0.9997089028256829
755746,0.9998134908238696
755747,0.978402710211018
755748,0.6000523646949959
755749,0.9995817695471974
755750,0.9994180668030404
755751,0.7306369011833191
755752,0.9998834474534688
755753,0.9986214111828178
755754,0.009982936485345602
755755,0.9961259903435644
755756,0.5842457289046865
755757,0.9992099075519213
755758,0.1517870159172631
755759,0.9410547252580251
755760,0.4245227793921899
755761,0.1992314948962949
755762,0.08144094509691768
755763,0.5375597769032117
755764,0.9972070831083781
755765,0.07677541138352821
755766,0.999774626936594
755767,0.5004699769598089
755768,0.368515358156599
755769,0.05757979805814202
755770,0.9918258639465175
755771,0.8986966636835898
755772,0.029724914907840697
755773,0.9999662118328599
755774,0.99961380868824
755775,0.056651718020853385
755776,0.9997993780870538
755777,0.983146465079066
755778,0.4171672883315517
755779,0.9919409268003802
755780,0.9715999187607272
755781,0.9940526618829637
755782,0.9916546333311382
755783,0.9999919015696572
755784,0.044113677125259834
755785,0.9042419310641495
755786,0.9998163292389443
755787,0.6913254886170968
755788,0.1277866708264806
755789,0.4529608525654697
755790,0.1281912678550207
755791,0.4455480884698694
755792,0.20939557173345097
755793,0.9998068538372167
755794,0.8959095317315526
755795,0.8358701252619292
755796,0.30774314823452187
755797,0.6527906665737968
755798,0.035273397934824854
755799,0.9999171848520497
755800,0.9996335105819838
755801,0.9999268517141251
755802,0.8862436505120513
755803,0.8569189962479522
755804,0.9998084332214435
755805,0.9970830180337305
755806,0.7932424398867809
755807,0.9999893583271541
755808,0.9624080425607067
755809,0.9992365041256948
755810,0.3882553819454651
755811,0.7169832253700967
755812,0.03018564583219672
755813,0.9998182955603652
755814,0.008675468438392552
755815,0.9979883113867385
755816,0.48835366689464876
755817,0.7591291454616031
755818,0.2706128863666498
755819,0.9710325489971579
755820,0.40428568196892367
755821,0.7080750596868561
755822,0.9998451338886877
755823,0.9998059764048592
755824,0.973829865043661
755825,0.9998197504442511
755826,0.9999786407912263
755827,0.954024846703005
755828,0.8563234154467164
755829,0.0052707983731375046
755830,0.9999744435734296
755831,0.9999777437414572
755832,0.9989574740741672
755833,0.16317107921110713
755834,0.9997288672660343
755835,0.7586325989133934
755836,0.9721116029219636
755837,0.994076202838341
755838,0.7849309054670595
755839,0.1669645948370225
755840,0.16420241509767697
755841,0.9997691476879924
755842,0.20174389619383198
755843,0.15310910448756587
755844,0.291002575422448
755845,0.7710956549956115
755846,0.1526014917338852
755847,0.7392113751713549
755848,0.15207041916332875
755849,0.9999588766081344
755850,0.7028828057163242
755851,0.9988350020324058
755852,0.9312319567541695
755853,0.8441182018577855
755854,0.054794229412011126
755855,0.9939184150543123
755856,0.922474990090149
755857,0.8848043160098353
755858,0.2123386418836841
755859,0.9993530948100768
755860,0.99002106524239
755861,0.999944496331491
755862,0.2313223537052772
755863,0.9998200110730244
755864,0.9999585879248319
755865,0.9991540178546823
755866,0.951918825955236
755867,0.19237328153264335
755868,0.024705697997838814
755869,0.9817320556094964
755870,0.9999880266928701
755871,0.9996521746862039
755872,0.5599999943039429
755873,0.3519255435589338
755874,0.9839514599356403
755875,0.9926908870539378
755876,0.026784099461499893
755877,0.26594024854108383
755878,0.9987717149597483
755879,0.9939452417414005
755880,0.6026202015197456
755881,0.9998562395095625
755882,0.9983902482149041
755883,0.9998456890235963
755884,0.9966671190312861
755885,0.6426865222738705
755886,0.9989303390561506
755887,0.3591845263705697
755888,0.24800182234541457
755889,0.07813811337360198
755890,0.9592521499410607
755891,0.9144222978055739
755892,0.9980415329661165
755893,0.9996341965838645
755894,0.3111073081598832
755895,0.16802087719497089
755896,0.9996411635805071
755897,0.999984543421957
755898,0.5488955645486748
755899,0.04794394739026793
755900,0.9997515389247389
755901,0.9883436080891103
755902,0.9996114398921085
755903,0.9703616229032082
755904,0.7965748162833536
755905,0.9980090026711208
755906,0.9994478023555851
755907,0.7120202737939914
755908,0.8549626488533195
755909,0.9987498193208677
755910,0.47841597772084665
755911,0.9999934668238881
755912,0.030240563899301583
755913,0.9969106781963761
755914,0.9994467217617523
755915,0.9997848276287944
755916,0.5222489502571712
755917,0.06482125124736338
755918,0.0727381050921149
755919,0.8947741655577566
755920,0.015626340898507084
755921,0.299091364834869
755922,0.016396900549483666
755923,0.21981561663306076
755924,0.9999589455889228
755925,0.996624213703403
755926,0.3760919875887545
755927,0.7824611961262992
755928,0.9286153924542088
755929,0.0209064796395926
755930,0.048522934134383855
755931,0.9916834117413932
755932,0.9972958811751544
755933,0.4127997987046255
755934,0.783354432401693
755935,0.3353135908235604
755936,0.629619568006565
755937,0.7929928404535506
755938,0.9959401970166437
755939,0.9950040703012476
755940,0.9834673603124597
755941,0.9999957372360648
755942,0.9983605741732677
755943,0.9998912226353419
755944,0.2478299671350528
755945,0.9965870819830953
755946,0.4761694040305904
755947,0.9999525640298984
755948,0.9016369750303534
755949,0.9999589660891018
755950,0.9997594946609317
755951,0.9994859502483753
755952,0.9647066444526701
755953,0.49150468526462343
755954,0.999360183466999
755955,0.6999928750399694
755956,0.9999647732369348
755957,0.8651246048012105
755958,0.9999851025339458
755959,0.7417165426756785
755960,0.2854106973172831
755961,0.34341489294721783
755962,0.996037064413428
755963,0.9995095400921612
755964,0.5077049926007914
755965,0.023022088578418833
755966,0.9995126735782673
755967,0.9550344257512051
755968,0.9192622370938688
755969,0.9958966811365173
755970,0.9998754862848607
755971,0.1569782336795752
755972,0.9997949944760207
755973,0.7121832542458932
755974,0.816832941604838
755975,0.9955095334723814
755976,0.9428900918421041
755977,0.40421668316413917
755978,0.9950669928253458
755979,0.291727233941742
755980,0.4957101129350873
755981,0.7930455287052747
755982,0.9993605050954906
755983,0.3424858988458716
755984,0.7589783317009297
755985,0.46642882626964
755986,0.9966915819149768
755987,0.9995483147833862
755988,0.09506860224018272
755989,0.9993105708098114
755990,0.376874907130182
755991,0.048141916197191284
755992,0.028169538613640722
755993,0.9999754265479842
755994,0.392131872352816
755995,0.1946434544573368
755996,0.9997952800028833
755997,0.9995949519128398
755998,0.9607071711541402
755999,0.9328557879158395
756000,0.9694956903907228
756001,0.9972186686805433
756002,0.08664862062998424
756003,0.9442449283187243
756004,0.9997277677230512
756005,0.003937051965584707
756006,0.9993286676012779
756007,0.9993306715136387
756008,0.9999549851367617
756009,0.9997672631469472
756010,0.9998965717445104
756011,0.9891073585421102
756012,0.5714183277249667
756013,0.99635172054256
756014,0.03675676144700267
756015,0.6122697600988589
756016,0.19401139783210858
756017,0.9684134849791068
756018,0.07946497268832675
756019,0.5760232048088001
756020,0.9997655431893591
756021,0.9174859502292145
756022,0.2633481705773588
756023,0.8626608874459243
756024,0.8945686340739287
756025,0.8644163278609132
756026,0.9191798026123121
756027,0.8573229300114795
756028,0.9207199489477297
756029,0.9773392242239319
756030,0.9997619871893433
756031,0.9999280473627283
756032,0.9717777012624143
756033,0.9986513128650837
756034,0.12906128383737978
756035,0.014432564229176437
756036,0.012810119287536047
756037,0.2112864243681591
756038,0.10393081754426764
756039,0.9737103997429017
756040,0.8501800572102389
756041,0.6023750068943496
756042,0.6939191477892208
756043,0.10837114103995707
756044,0.6056303099498663
756045,0.21943775821447836
756046,0.9282138265154365
756047,0.12661699903157686
756048,0.3441889809398446
756049,0.9972029960359214
756050,0.999719544871614
756051,0.07218536071796894
756052,0.962804434655567
756053,0.7544970340226436
756054,0.9961067611159162
756055,0.994030988337423
756056,0.15119646158840355
756057,0.8369488753573893
756058,0.9415636736828523
756059,0.999991297624856
756060,0.9999689928118591
756061,0.8645263568274637
756062,0.9202512702776386
756063,0.9738410866222323
756064,0.9999829277635481
756065,0.9115338672328781
756066,0.5378270367134436
756067,0.75263394633121
756068,0.02847656655140663
756069,0.9972772505856121
756070,0.7497662718626104
756071,0.46407171346496623
756072,0.9982094893374226
756073,0.9989058803823512
756074,0.999024203117545
756075,0.9998565219009846
756076,0.8446296241100838
756077,0.7086693116536911
756078,0.7491607688163533
756079,0.9999941634278524
756080,0.9971676032487081
756081,0.9810949600196587
756082,0.030381374366547267
756083,0.403812410009872
756084,0.812841162128147
756085,0.7095928157087289
756086,0.9245558876192665
756087,0.99693878296875
756088,0.12954654721812772
756089,0.9997726003942261
756090,0.04583973476911834
756091,0.9963735996971098
756092,0.37534076656745186
756093,0.9980907295266309
756094,0.9906897127604674
756095,0.8391012970960866
756096,0.178298108752791
756097,0.9999676403590795
756098,0.9962890451475788
756099,0.9967178662967727
756100,0.47531899842232433
756101,0.9999785646427988
756102,0.0060540235986863275
756103,0.8254695373987493
756104,0.004006362263934538
756105,0.99606547242245
756106,0.9973939974584554
756107,0.07246924009681305
756108,0.0681153466949908
756109,0.15722777625684198
756110,0.9993830465232005
756111,0.9958173073519765
756112,0.0039075047248133795
756113,0.620859369185835
756114,0.8676562462672444
756115,0.056852083259893174
756116,0.9988766705662491
756117,0.9913376841072763
756118,0.044408088895169805
756119,0.4076641212309454
756120,0.7884325952725143
756121,0.572501668143137
756122,0.2006983053048636
756123,0.6378452447229357
756124,0.47084448379742483
756125,0.6927904264623844
756126,0.9999112181378643
756127,0.9997559270470413
756128,0.9999186321711511
756129,0.9800741665685351
756130,0.9992164134806681
756131,0.9998701770840595
756132,0.9889654412925384
756133,0.4118153142442475
756134,0.3105653012518872
756135,0.9995870122745322
756136,0.6399590042715215
756137,0.9651420154972259
756138,0.8879200700493897
756139,0.16671897281805592
756140,0.9997978007515929
756141,0.9780455441644155
756142,0.0819185423523029
756143,0.6729983975645786
756144,0.9855282589010549
756145,0.6513487488909787
756146,0.9997874838220377
756147,0.9333946126260981
756148,0.37296458080518513
756149,0.999905741260601
756150,0.0758275925049696
756151,0.7526540657669752
756152,0.5305950860547347
756153,0.17256859675361436
756154,0.015525112738723756
756155,0.5882377925735063
756156,0.9995819132281205
756157,0.7218421755130987
756158,0.9998350985801012
756159,0.9994278445209366
756160,0.46595274483172294
756161,0.9896149516082461
756162,0.7399415372970017
756163,0.02951829676509104
756164,0.9329193876817443
756165,0.055504938102488174
756166,0.9998919625867314
756167,0.9683540492360059
756168,0.011702418701207848
756169,0.20587795260883227
756170,0.9837569132870047
756171,0.9421700927699583
756172,0.9999736085644948
756173,0.9991632141217692
756174,0.9997183573767261
756175,0.6948689096629568
756176,0.3566310993135332
756177,0.7553531294671207
756178,0.9964956182055342
756179,0.9961910355520578
756180,0.9999088091664374
756181,0.6090405799555322
756182,0.9861730483100812
756183,0.9781176934253046
756184,0.1205143177658076
756185,0.9238530147551522
756186,0.996347492858433
756187,0.6925430847186191
756188,0.9748582107067929
756189,0.997744516424878
756190,0.999617274817842
756191,0.9855615229378059
756192,0.05881753123943503
756193,0.997207605726876
756194,0.9042887159640889
756195,0.5673148506978469
756196,0.9981205770617322
756197,0.9958501299375422
756198,0.06661295341984644
756199,0.6000491193534699
756200,0.05518578388021347
756201,0.9861985584482971
756202,0.9982765416913874
756203,0.9971724672888728
756204,0.16469111734019617
756205,0.04577101865947475
756206,0.9997601334922179
756207,0.03291941754616386
756208,0.1787463432018387
756209,0.9850526961763529
756210,0.14570450284078215
756211,0.7297875883108546
756212,0.4633240810788034
756213,0.996309825766726
756214,0.9999007640170883
756215,0.9992229903415537
756216,0.9996238846210146
756217,0.688313464209491
756218,0.9926786014892499
756219,0.9997636780056307
756220,0.9998999467133729
756221,0.9999907823096211
756222,0.3870167521475603
756223,0.999944146666129
756224,0.005416001293295332
756225,0.9996132819847042
756226,0.9936269481873721
756227,0.5501847105941446
756228,0.9768598040597658
756229,0.6896740425101557
756230,0.8532866250784013
756231,0.059900883162155145
756232,0.9956450692870873
756233,0.5059710414706672
756234,0.9964142240333714
756235,0.9753083700149552
756236,0.15146005649627062
756237,0.9663664849170761
756238,0.9940888555667909
756239,0.09935696425977748
756240,0.9936658869582705
756241,0.952595955130461
756242,0.5719636586637936
756243,0.9968429047922461
756244,0.9999449018766869
756245,0.4625346801617418
756246,0.9996056075385573
756247,0.27709826130134185
756248,0.9378342856174487
756249,0.1470824882910242
756250,0.9997593720853682
756251,0.949104619755885
756252,0.9998677807620651
756253,0.7967121734033467
756254,0.9998547153296595
756255,0.9999160510465234
756256,0.22579603140051577
756257,0.011577707662419778
756258,0.24175497310591337
756259,0.9993077838868002
756260,0.37346962955202456
756261,0.9973372511738183
756262,0.08313671883226137
756263,0.9953641750763171
756264,0.4013540472293811
756265,0.990801149941968
756266,0.9994522133281067
756267,0.9734671252607802
756268,0.03939335827846087
756269,0.9990157179070762
756270,0.8855678520631688
756271,0.9998876411374598
756272,0.007976593353264318
756273,0.49277128408678117
756274,0.9940094409178468
756275,0.9583350862379649
756276,0.439227718343412
756277,0.9760272958113625
756278,0.6903485042234505
756279,0.6966229658541954
756280,0.9392869931454805
756281,0.5074728532280555
756282,0.23855180108616414
756283,0.06198321980956297
756284,0.9997060670788787
756285,0.4417417305770156
756286,0.9385822697005171
756287,0.8560817851326793
756288,0.47662505219998635
756289,0.9548924819956914
756290,0.04179265410596209
756291,0.9121760571784006
756292,0.012554022820124746
756293,0.9990081151249559
756294,0.04193242042426036
756295,0.9927656120346133
756296,0.910356747353575
756297,0.836103480833058
756298,0.9923068856355712
756299,0.9994665460122504
756300,0.008654599641751361
756301,0.9987247315955173
756302,0.9997832489336324
756303,0.012485816875213208
756304,0.20004146073687995
756305,0.6461837066503006
756306,0.9996213694637568
756307,0.9995478731949423
756308,0.9957152485651286
756309,0.5315369580474905
756310,0.8853192616170843
756311,0.9646576077248199
756312,0.9904132787458998
756313,0.12132531834612441
756314,0.14576996936910466
756315,0.992048380097458
756316,0.9999278562491813
756317,0.9289238347337879
756318,0.45626460929789975
756319,0.9468042469152919
756320,0.07764782097310297
756321,0.005163110905370195
756322,0.9998176436240661
756323,0.9750790286834494
756324,0.5295352724351322
756325,0.8205035183978896
756326,0.016459180354695048
756327,0.5489983851560873
756328,0.9998526222819881
756329,0.5487444965870202
756330,0.9984332022671519
756331,0.34754833437968746
756332,0.0867050812249559
756333,0.1356015555940546
756334,0.9947255612194448
756335,0.9371966031780338
756336,0.849373696369536
756337,0.999735347257898
756338,0.33447857153186866
756339,0.6348783403785366
756340,0.9997472330373469
756341,0.9999384149461448
756342,0.862331881738996
756343,0.989619612077276
756344,0.049296138597316186
756345,0.9997266005924781
756346,0.8915924198169859
756347,0.7114371316525059
756348,0.9983307133531736
756349,0.9619685854773714
756350,0.9998297156307059
756351,0.7070632839137876
756352,0.24770492399922828
756353,0.9993545674286881
756354,0.6158509890526341
756355,0.5090762279522504
756356,0.18932928912214164
756357,0.005951166876313335
756358,0.8254235849364577
756359,0.9995665844240986
756360,0.9900256474218945
756361,0.9786427651409186
756362,0.9965131436466792
756363,0.9975722915078902
756364,0.9991912151432748
756365,0.9914895514785238
756366,0.9897645845817011
756367,0.9962170211437094
756368,0.9925505151895835
756369,0.9999207981855753
756370,0.14520130957667368
756371,0.8694232146701222
756372,0.8880092397941133
756373,0.9562442032978253
756374,0.43884632152931613
756375,0.6336080180931543
756376,0.05922248411339593
756377,0.99543929948067
756378,0.9836165622117906
756379,0.9081620016049562
756380,0.9992045798190671
756381,0.8620454133353452
756382,0.9995149944090379
756383,0.6078776985496523
756384,0.9213318570915215
756385,0.10701922498727691
756386,0.9996484356917237
756387,0.9994459183180977
756388,0.792861572870335
756389,0.6790891251075373
756390,0.9925177332445931
756391,0.9984160134798286
756392,0.6048396821235134
756393,0.9938848883479525
756394,0.019267407472958523
756395,0.5557725177492795
756396,0.9969322815853122
756397,0.9998370531684653
756398,0.999960436060905
756399,0.658197462458338
756400,0.923209550972479
756401,0.902197864538369
756402,0.9987252041748007
756403,0.8465603091948182
756404,0.9996074932757378
756405,0.872824467617157
756406,0.5799309762197209
756407,0.28196392467204145
756408,0.6231603473758668
756409,0.9998930639805823
756410,0.4964553793131668
756411,0.9928919499113686
756412,0.01609818859820482
756413,0.9966731692844178
756414,0.3617228736858546
756415,0.9993385765890095
756416,0.032206414959430156
756417,0.9442321112282747
756418,0.49092588795497516
756419,0.4589256036903614
756420,0.9997362997075201
756421,0.9999598824941162
756422,0.023728239853249955
756423,0.9983300418391092
756424,0.0077381966588599
756425,0.051272146507811825
756426,0.9939873382384155
756427,0.08943511211002071
756428,0.9984948432973327
756429,0.999225683205042
756430,0.9996951958786955
756431,0.9844635614631332
756432,0.09545196234046743
756433,0.7079315874934115
756434,0.5585880537785497
756435,0.03247454696710145
756436,0.655571179999247
756437,0.9761924825053625
756438,0.9958998381727192
756439,0.9956119656986255
756440,0.9992213232458977
756441,0.21414752206186266
756442,0.5932332317026484
756443,0.9240074640367211
756444,0.38406097313737486
756445,0.9999294171973107
756446,0.013355438425900302
756447,0.9945615369419334
756448,0.9677874484448765
756449,0.08394702407406382
756450,0.9999923387842957
756451,0.9742374260509514
756452,0.5434699884160723
756453,0.034193555588171484
756454,0.8623723230624547
756455,0.5460537466298208
756456,0.7000191246711603
756457,0.9995611269658818
756458,0.19388464741064504
756459,0.9996491162960118
756460,0.9252983245737669
756461,0.98665505584284
756462,0.03992422003566327
756463,0.9994587529306774
756464,0.8986396564555809
756465,0.9855840319698148
756466,0.3472008405474766
756467,0.07868545544541551
756468,0.9555744592398046
756469,0.9999473668653373
756470,0.6995520708629637
756471,0.9998569025766304
756472,0.9997786932827322
756473,0.9998179964264198
756474,0.9704229360042871
756475,0.9996948294627083
756476,0.9842311753112754
756477,0.650760601364277
756478,0.9993416753241962
756479,0.9977612026268019
756480,0.1611068499573528
756481,0.9997203539347927
756482,0.052164416437505794
756483,0.9995970902422296
756484,0.9995540632908484
756485,0.9999782561378951
756486,0.9999381930445803
756487,0.9772879227266933
756488,0.9343014528864952
756489,0.16805584842814897
756490,0.055607853577049816
756491,0.9282998531306171
756492,0.9999782818028162
756493,0.04684668044449799
756494,0.04519335522867776
756495,0.9670798224830296
756496,0.9772555233330587
756497,0.9795301871842217
756498,0.938097964313317
756499,0.997972938012792
756500,0.943758039834145
756501,0.9151210553483184
756502,0.9999507451399088
756503,0.9180411803627215
756504,0.9765474505726988
756505,0.9999750958568614
756506,0.97089151522355
756507,0.9973529602507635
756508,0.9996477503909906
756509,0.9837414652288076
756510,0.026187573868055057
756511,0.7522749050524917
756512,0.8097343521365071
756513,0.9553190774260085
756514,0.6115058514270937
756515,0.08023929735103211
756516,0.9999836040742958
756517,0.738331807285639
756518,0.02058512495424723
756519,0.10743424792822495
756520,0.9968534856733486
756521,0.9998508009015183
756522,0.2902780837797535
756523,0.9996196328877192
756524,0.9944306813658563
756525,0.9973243384712861
756526,0.939851005343626
756527,0.9837640415813678
756528,0.9511514059673547
756529,0.015363100183356179
756530,0.46880415014258453
756531,0.832525924529137
756532,0.9526055886410393
756533,0.9998609527027641
756534,0.9998804516025381
756535,0.9998634885103996
756536,0.12676720870656719
756537,0.9998971263369838
756538,0.19616269547109672
756539,0.8820843572271998
756540,0.8739608148393252
756541,0.9999441369653352
756542,0.11744831706531524
756543,0.25743506499309454
756544,0.7991967552977867
756545,0.7333268239354063
756546,0.01872966519566443
756547,0.6349537927130856
756548,0.9984249222664198
756549,0.9971490847201516
756550,0.999362365249483
756551,0.9545514734127605
756552,0.9903420130014898
756553,0.9805797312202138
756554,0.9971562119733941
756555,0.8997539979591754
756556,0.9183837835449135
756557,0.027240980578900065
756558,0.15334637667708972
756559,0.9075628565882436
756560,0.9993203009230389
756561,0.9991711906516185
756562,0.9964758906017892
756563,0.9996958350849194
756564,0.1623644831085246
756565,0.09603539974152107
756566,0.036821547117248
756567,0.7312650942889609
756568,0.966628342410627
756569,0.9996513232057309
756570,0.056305636170646906
756571,0.9975317938088534
756572,0.9992850945785879
756573,0.2419959706068494
756574,0.17684637056748762
756575,0.993446425949198
756576,0.0460126425684596
756577,0.8994229489256186
756578,0.9999340752576653
756579,0.9994998021873602
756580,0.9998258653612719
756581,0.9958449529029596
756582,0.9928628321540321
756583,0.982559339237689
756584,0.9993570215862433
756585,0.2561946925432699
756586,0.9993084350978737
756587,0.9999503269426717
756588,0.7551591212979858
756589,0.1464763838170099
756590,0.998484534571832
756591,0.9999037155363191
756592,0.748347016508773
756593,0.999964485295153
756594,0.3540969771551369
756595,0.9917809377706472
756596,0.9249775268574287
756597,0.3264395009817192
756598,0.9732543113061072
756599,0.7333782498906064
756600,0.43919718393649015
756601,0.9943717746417174
756602,0.13690517491834805
756603,0.6099937555743722
756604,0.9972433484242009
756605,0.9999245431467866
756606,0.5236295615622992
756607,0.5628316502209172
756608,0.024332455812595993
756609,0.06314215330156112
756610,0.9998279034569723
756611,0.29846381875934236
756612,0.23299452706972454
756613,0.29412343271053015
756614,0.09322519361694229
756615,0.9992640091963958
756616,0.8941781878012339
756617,0.999273594041487
756618,0.9984636498530115
756619,0.9435647449179227
756620,0.9215212932613152
756621,0.9535464674794999
756622,0.9694335268036891
756623,0.9999877169731237
756624,0.9984080468185623
756625,0.9991181275771728
756626,0.9159562730610064
756627,0.9996163137837981
756628,0.021776709272941706
756629,0.04339144629488832
756630,0.387461488485098
756631,0.9624464649891501
756632,0.9990812033345716
756633,0.476866273988347
756634,0.9962484936609175
756635,0.9998530100893659
756636,0.6316745667275825
756637,0.5150435440704553
756638,0.9810930510517809
756639,0.999975804650044
756640,0.999806584420578
756641,0.10035365326199937
756642,0.9957020797172353
756643,0.36669582448541205
756644,0.9997796725039971
756645,0.9998640879808027
756646,0.9365724189010448
756647,0.9980851160980976
756648,0.025337448691053668
756649,0.03900639376222119
756650,0.00487856819236023
756651,0.9999619664442599
756652,0.5556029599725701
756653,0.6898856165727051
756654,0.021051783527651614
756655,0.6139885663412885
756656,0.70331618655465
756657,0.9997738419011477
756658,0.3469606978913479
756659,0.9999519108144677
756660,0.530397500686854
756661,0.1747285346284319
756662,0.8957691626734541
756663,0.9568199524405868
756664,0.7179764128286363
756665,0.7027118065603777
756666,0.2352400959001178
756667,0.999939040159495
756668,0.9999286189588266
756669,0.767335788302568
756670,0.16667655248876648
756671,0.9922851235121996
756672,0.316301229554945
756673,0.8040441343844347
756674,0.03548608978517069
756675,0.09246764397259982
756676,0.9966618272885519
756677,0.9999417832300511
756678,0.9100815406100077
756679,0.8358833333860914
756680,0.9690950250543746
756681,0.9999042970619976
756682,0.6296510968169005
756683,0.9950098916028107
756684,0.24030356138221584
756685,0.24989638817726198
756686,0.014496413576893652
756687,0.8870692648024235
756688,0.08124536312055256
756689,0.9271635824935108
756690,0.7557881952253669
756691,0.2973045535295572
756692,0.9882616820261874
756693,0.7057107317673144
756694,0.34512085879376786
756695,0.3351659337042263
756696,0.05885841312341472
756697,0.9993440839211357
756698,0.9999796727919482
756699,0.9894695308367811
756700,0.03389557258093127
756701,0.9681093077602603
756702,0.30892082914709573
756703,0.9581310918078607
756704,0.9900546948881755
756705,0.6923126276728525
756706,0.9999935495799486
756707,0.671996849613395
756708,0.3744236108187885
756709,0.9998719476872079
756710,0.45139953507681824
756711,0.9964964946839161
756712,0.9828943981138322
756713,0.5789544031711533
756714,0.22023211701241535
756715,0.9681319250416808
756716,0.8890167005940013
756717,0.9938499754176681
756718,0.9161975555453721
756719,0.07330825671541437
756720,0.006938451900240843
756721,0.2683205851996251
756722,0.9892724513168889
756723,0.7014011935558251
756724,0.6119911664734572
756725,0.4156729507990875
756726,0.4272258444845895
756727,0.36749641926847676
756728,0.04290467197710855
756729,0.9994917277186179
756730,0.9999406673339102
756731,0.9953467623223551
756732,0.375566963858503
756733,0.22869918117458135
756734,0.9992571559295813
756735,0.9994724564755539
756736,0.7943824695333074
756737,0.999888083643259
756738,0.20875115815339237
756739,0.9999292999174048
756740,0.09179182406507008
756741,0.9738708474958961
756742,0.3116406915167187
756743,0.9995245872175296
756744,0.9994751812575265
756745,0.999352886377186
756746,0.11050370381372188
756747,0.45984393700422627
756748,0.7799758319724133
756749,0.09355605658080154
756750,0.8354891687715789
756751,0.8018609192002113
756752,0.9999824223027189
756753,0.3421345805124103
756754,0.9999689478641224
756755,0.9520129181818792
756756,0.07595539097923291
756757,0.7468812606988315
756758,0.4967929272541186
756759,0.012742312356578111
756760,0.8738518631989196
756761,0.8527321902732784
756762,0.0020938084723402927
756763,0.9804342728217136
756764,0.5715590600226022
756765,0.16404225603088352
756766,0.134139798746032
756767,0.4126305631077861
756768,0.9986084679684509
756769,0.9942085907182974
756770,0.9998721338841678
756771,0.14368396107342132
756772,0.9908312934146553
756773,0.9994434052024386
756774,0.9161614412121715
756775,0.9358642612731551
756776,0.9562557680742787
756777,0.12990967313561563
756778,0.9997292846989108
756779,0.08147451791154331
756780,0.9914820517427484
756781,0.38139955311850565
756782,0.4915179101846147
756783,0.6316584573103892
756784,0.9997403522368489
756785,0.550935102911134
756786,0.9997474129082083
756787,0.8403152546982824
756788,0.9999730201919312
756789,0.7504586859149305
756790,0.4152908803882249
756791,0.8323583212826724
756792,0.44732609007860025
756793,0.03191460523336169
756794,0.9999848643526987
756795,0.9997555124685786
756796,0.9868811890952134
756797,0.058984565248578674
756798,0.9882628775795492
756799,0.04678042979688787
756800,0.8489422354386107
756801,0.6741123029356001
756802,0.9964926864521079
756803,0.9076434771159096
756804,0.24911822887208368
756805,0.4081374465254283
756806,0.0062325153777702934
756807,0.03506982699204589
756808,0.3614244066182481
756809,0.9666875766874918
756810,0.9993179048674068
756811,0.999933576793266
756812,0.8305401470032872
756813,0.250897103480895
756814,0.9968259995156554
756815,0.08067443956079948
756816,0.10437805135602302
756817,0.9573693444751595
756818,0.9991457258303754
756819,0.9999556217727028
756820,0.9994623136274201
756821,0.9988429271025985
756822,0.9779572941661906
756823,0.059113688129956016
756824,0.9952349369648121
756825,0.9728046211181614
756826,0.06921489521345543
756827,0.9998721624899762
756828,0.9610348009968999
756829,0.9999581281962664
756830,0.40779705709913905
756831,0.9999112357615803
756832,0.9920862841619664
756833,0.999783735464459
756834,0.10695406595873984
756835,0.3863195716693423
756836,0.35496300426197575
756837,0.3131146053808261
756838,0.9971735554875886
756839,0.2734859067913457
756840,0.9986203500503401
756841,0.9483121744264028
756842,0.9998173327836646
756843,0.47877066976447286
756844,0.22964778775088243
756845,0.9957835724566184
756846,0.07858538964279431
756847,0.4826943993420099
756848,0.9916042120472066
756849,0.9995784245624346
756850,0.40794289525862526
756851,0.9976553054473563
756852,0.5051611882260318
756853,0.9996077970118855
756854,0.9999379961230296
756855,0.8949949423039449
756856,0.06875243449675507
756857,0.9867580757858398
756858,0.2082890222534004
756859,0.9750990181357573
756860,0.9997754481956245
756861,0.04586241020617912
756862,0.8984125348842695
756863,0.2965407144623042
756864,0.9998103550405932
756865,0.9996473008727595
756866,0.04824369075559991
756867,0.753784521663141
756868,0.8127364340694776
756869,0.9969981786344094
756870,0.08156442993918572
756871,0.9801040270398538
756872,0.07227594654079875
756873,0.9106147071388027
756874,0.9959647280967296
756875,0.9997193566164623
756876,0.015246165434348837
756877,0.7585549742077464
756878,0.16701941614341279
756879,0.9953303624670833
756880,0.998949051481268
756881,0.9995615646437784
756882,0.603265929223038
756883,0.9883625578579716
756884,0.995882208581548
756885,0.82423047925815
756886,0.45301647048103616
756887,0.07996490736855016
756888,0.3722153540432701
756889,0.5199988262374866
756890,0.9344153470688187
756891,0.9998529648840477
756892,0.9588274984990635
756893,0.9998019247803804
756894,0.9944739390844182
756895,0.9996461830261549
756896,0.9943483982910089
756897,0.008849173094220033
756898,0.8055418817514076
756899,0.4709180963913696
756900,0.1676974157023587
756901,0.9999753654296091
756902,0.9836855084331085
756903,0.3917692558572892
756904,0.40353301106249184
756905,0.1047482395808305
756906,0.17656298054528205
756907,0.8495540512270983
756908,0.004731487361944488
756909,0.9998774086794221
756910,0.490108820969495
756911,0.03124847658255091
756912,0.9739478161001038
756913,0.09321821261070598
756914,0.9996507530367863
756915,0.44320668884295406
756916,0.3706192896872472
756917,0.6849747414156317
756918,0.8190887783672236
756919,0.6623412476370024
756920,0.14760880793055847
756921,0.2629630860771819
756922,0.9998291386551699
756923,0.33247460956272634
756924,0.04612501104758331
756925,0.07219866898680113
756926,0.4009110516803883
756927,0.5026968577175384
756928,0.7794121266144012
756929,0.030401431164193894
756930,0.15032842897871096
756931,0.9997996058401384
756932,0.20185769543311088
756933,0.9953454637832042
756934,0.9975223199643326
756935,0.11025584807000409
756936,0.06249790947095711
756937,0.9953575790418605
756938,0.6989977856613491
756939,0.017924919085736596
756940,0.8030774029348079
756941,0.9693638724044924
756942,0.05721730189985498
756943,0.999947835319203
756944,0.974092123652415
756945,0.027296612013117325
756946,0.07201225286235113
756947,0.033840528609789186
756948,0.9174410814544727
756949,0.5303120053927073
756950,0.9978560524599843
756951,0.999889992407708
756952,0.9927332845024881
756953,0.9999686953904292
756954,0.9999004634607309
756955,0.6011532333663556
756956,0.9942651014487855
756957,0.760613134892194
756958,0.06491822998635517
756959,0.9998755867268114
756960,0.22291437491712962
756961,0.9999740324719321
756962,0.8723465402341026
756963,0.8502424999246077
756964,0.9996642037257379
756965,0.5027809725793226
756966,0.02538062253333053
756967,0.5898514108253811
756968,0.5474128281228441
756969,0.9910416798408364
756970,0.7129791922330817
756971,0.6676631657071423
756972,0.998573216836443
756973,0.5554721562078263
756974,0.9991559897396356
756975,0.9976733751807505
756976,0.9985061191736797
756977,0.0422974083905961
756978,0.998817835897314
756979,0.9984355589137314
756980,0.5779352471012552
756981,0.3961941682707928
756982,0.9999852647723764
756983,0.6053837237743296
756984,0.41505321482356616
756985,0.5858972876671034
756986,0.9993531695520035
756987,0.9984809036492498
756988,0.999695592442489
756989,0.06321082554362788
756990,0.5093001232520223
756991,0.013274119282651299
756992,0.984610933984357
756993,0.6446057625333707
756994,0.1843487901579705
756995,0.036027010191366324
756996,0.9999364694737563
756997,0.9972309043231986
756998,0.9975838002709024
756999,0.9988978979833507
757000,0.9540893425676698
757001,0.8774141476901354
757002,0.9237633849620066
757003,0.9644144798581801
757004,0.9991456446604878
757005,0.8738889053809487
757006,0.999601884385005
757007,0.6511453022781162
757008,0.9980118360223507
757009,0.991777039215086
757010,0.9576308423571309
757011,0.9644271953566401
757012,0.9996624707923272
757013,0.9998163795760326
757014,0.5577901029084774
757015,0.9723256361551804
757016,0.3384763121021179
757017,0.8512308618395146
757018,0.9997159920600931
757019,0.7496115118932267
757020,0.6455622861852813
757021,0.9998474853042236
757022,0.9847327459357877
757023,0.9985912845421132
757024,0.9994415340490187
757025,0.9903447231691924
757026,0.5117486018544943
757027,0.9999578046496568
757028,0.9999431650043848
757029,0.013093245797808094
757030,0.9987542989495584
757031,0.9998175264724336
757032,0.5718639604379826
757033,0.9964227539260524
757034,0.9989532591996955
757035,0.8864995218805074
757036,0.690541133780844
757037,0.5020686904269258
757038,0.9999884930171354
757039,0.9926636779047615
757040,0.99988528873834
757041,0.7884821196060586
757042,0.022908735149233264
757043,0.9979085198906089
757044,0.28471684212418175
757045,0.1821972246058574
757046,0.8424478206716335
757047,0.014968466784401415
757048,0.49162885277573354
757049,0.9032167611650828
757050,0.502565941745044
757051,0.9998482058229974
757052,0.3846274964510061
757053,0.0027210551577218703
757054,0.9992815621978415
757055,0.7483573336002505
757056,0.9875077914592333
757057,0.1837929910396784
757058,0.9992661840147372
757059,0.9999235581037935
757060,0.9987698659640916
757061,0.9998089498740524
757062,0.9972793909735489
757063,0.997704031117872
757064,0.9989414879663921
757065,0.12007447051043828
757066,0.7097007016394434
757067,0.9993418491645485
757068,0.9162399413807111
757069,0.9943619581040688
757070,0.2815028327947887
757071,0.9999681119960884
757072,0.9997563091233344
757073,0.9917171674888519
757074,0.45077299783175984
757075,0.6298393984427756
757076,0.0674592141458697
757077,0.010201790090626136
757078,0.5414391521337059
757079,0.9997967803680896
757080,0.8698375685172537
757081,0.910568796668811
757082,0.8235277782859249
757083,0.9964266186645292
757084,0.9976232668989922
757085,0.9733144015181366
757086,0.9858983535224543
757087,0.9190869581574596
757088,0.9997529682254604
757089,0.9999789301000259
757090,0.9796632646876637
757091,0.18681425634228255
757092,0.9990392865350932
757093,0.26727691102529966
757094,0.9995022053170893
757095,0.9342373091495894
757096,0.9999418978374182
757097,0.38253648059771594
757098,0.9195776327960733
757099,0.9999290116869111
757100,0.9999754932682204
757101,0.7079014466455342
757102,0.30760916275370787
757103,0.9999355320776365
757104,0.08877870765275729
757105,0.9971202047021075
757106,0.999927495797978
757107,0.10514293704910253
757108,0.9190475082438971
757109,0.9994779766260193
757110,0.9312273075168691
757111,0.40491975709405476
757112,0.7734012584999572
757113,0.014928437639926295
757114,0.999986455632534
757115,0.9984444950535927
757116,0.22272173798722078
757117,0.011037528354579518
757118,0.9977023748846178
757119,0.9902936119264729
757120,0.00841374576992999
757121,0.7404128653958848
757122,0.028988974074653624
757123,0.4431142573554716
757124,0.9969547778102252
757125,0.006356143521616168
757126,0.9999196550987409
757127,0.9964286466896243
757128,0.9726711233018271
757129,0.9868533183083976
757130,0.11783650923193492
757131,0.03631672758247836
757132,0.9427290754052768
757133,0.4681736008185575
757134,0.7715854155253116
757135,0.9999926145764239
757136,0.10595039607507489
757137,0.9829671939021246
757138,0.9610915077815505
757139,0.44768411699785604
757140,0.025881662097664848
757141,0.9902473270373094
757142,0.31812840663905906
757143,0.8525719311456207
757144,0.10086344946706535
757145,0.9974719664954254
757146,0.9993811704106897
757147,0.933577838405167
757148,0.6074030434229274
757149,0.054069312153575036
757150,0.03032353485116114
757151,0.6113370685725835
757152,0.09015292906049133
757153,0.9888229500787422
757154,0.9987885520452167
757155,0.9999099661648713
757156,0.1833074631181605
757157,0.29861413617706295
757158,0.6347542902349603
757159,0.7584464137527596
757160,0.9113977602851189
757161,0.9998259633286541
757162,0.350181743323965
757163,0.08427417487183402
757164,0.9955919441599913
757165,0.08027751335607848
757166,0.3538257959608475
757167,0.580533699152349
757168,0.9998352327785172
757169,0.9966997677115184
757170,0.004903842875710321
757171,0.8588910768102556
757172,0.9986894396210251
757173,0.636609039070371
757174,0.9986939986129657
757175,0.9992936301770596
757176,0.9975419212443639
757177,0.7522892796533744
757178,0.0584231224034325
757179,0.9989342959926748
757180,0.9998503662014138
757181,0.9991576414351564
757182,0.1113669587352213
757183,0.9998308493083746
757184,0.04191076845041544
757185,0.8207304836991793
757186,0.5958286755661596
757187,0.9999590861437031
757188,0.9730903243597546
757189,0.21712080884293017
757190,0.08230420942519057
757191,0.999831283317558
757192,0.804061986577359
757193,0.9534535347849853
757194,0.9998422771845652
757195,0.8823365831595346
757196,0.3155615169612565
757197,0.9540650319710164
757198,0.9160118593129392
757199,0.7899910078981958
757200,0.4828579862319984
757201,0.07188903276793826
757202,0.9139856340113703
757203,0.053042424696437177
757204,0.8449235741904808
757205,0.38066502876130887
757206,0.9983720025049089
757207,0.7325758217673297
757208,0.9992580688242194
757209,0.9756328656980653
757210,0.9968303008779089
757211,0.1834190808951121
757212,0.8149266610457222
757213,0.9998759326234847
757214,0.32598786947068925
757215,0.9987771976043966
757216,0.010659476301460767
757217,0.8752975487616872
757218,0.21758212632668816
757219,0.9993258800288052
757220,0.9897093742782944
757221,0.10013843374414491
757222,0.9921473909520635
757223,0.9999832448585149
757224,0.6696654543096398
757225,0.5158704001059553
757226,0.7828231247147083
757227,0.9988526532534426
757228,0.9709217847973153
757229,0.79557220535113
757230,0.9998878751258651
757231,0.20886154396523934
757232,0.8072052811677375
757233,0.9929828978709865
757234,0.8861670842943925
757235,0.004707831750543976
757236,0.9995747669349755
757237,0.9949535402886489
757238,0.5813970425260381
757239,0.6615899349994131
757240,0.9817683540429172
757241,0.015756253094625937
757242,0.6051720505044351
757243,0.9553112285986535
757244,0.03175188586440196
757245,0.9887329273975969
757246,0.9996398823426877
757247,0.5423038856871947
757248,0.2838298368448301
757249,0.9990185281549646
757250,0.1767161969992025
757251,0.09760571786659702
757252,0.9963471664007791
757253,0.11153561066752883
757254,0.696700165902187
757255,0.9974325057378797
757256,0.9999472261926157
757257,0.025007954841904483
757258,0.7112705986055265
757259,0.9842000869620259
757260,0.9034108372569818
757261,0.9628997123134752
757262,0.9991335314910517
757263,0.9444592108380918
757264,0.8280939039953426
757265,0.9988619857412764
757266,0.9999187904089724
757267,0.5603982292650248
757268,0.9995636881673804
757269,0.9964941951563233
757270,0.994420571408628
757271,0.9990504629894962
757272,0.5419789273655726
757273,0.027327566991387595
757274,0.5758165068933886
757275,0.16401435432280442
757276,0.9999786452042136
757277,0.0031518641748932807
757278,0.44684814225256303
757279,0.9999623556360113
757280,0.3569353386245792
757281,0.4822131994368006
757282,0.007694451528564667
757283,0.2701589629936255
757284,0.06795006737807992
757285,0.005831797527177551
757286,0.9988700936978174
757287,0.7546816268113834
757288,0.9999792023020109
757289,0.9107829604666002
757290,0.14745054799757915
757291,0.34654974053109855
757292,0.9876530988323782
757293,0.9995916656890621
757294,0.6727722969261482
757295,0.984250652515681
757296,0.9901397803235659
757297,0.9310735250788293
757298,0.9999183053158998
757299,0.9577763384710252
757300,0.9983843381970686
757301,0.9957775731907192
757302,0.9998316160393789
757303,0.9625536647764517
757304,0.8386957909351189
757305,0.9447981504808657
757306,0.9993685059030056
757307,0.9710592224686271
757308,0.9996653733742702
757309,0.0044164644731029545
757310,0.9899694001212509
757311,0.9998980126962353
757312,0.18414198677919608
757313,0.9991992302171002
757314,0.8513314971000432
757315,0.6262689106858192
757316,0.9998625167063114
757317,0.9994807000374455
757318,0.9730555546592694
757319,0.45068174236405084
757320,0.005513534026477145
757321,0.17521641222920847
757322,0.05136207855843827
757323,0.6143476333479491
757324,0.9996719466430012
757325,0.7358153317948621
757326,0.8336992233625798
757327,0.9981995065059378
757328,0.9794065467621401
757329,0.9996120730349446
757330,0.9899967084716854
757331,0.7852424486784186
757332,0.9998810775214472
757333,0.9236406076209001
757334,0.9999079974481763
757335,0.9901862714345255
757336,0.9980710254427454
757337,0.045247772578108664
757338,0.2395244463572442
757339,0.9988880432704257
757340,0.14230044739831266
757341,0.398547168758995
757342,0.8128698550901441
757343,0.9994736669117729
757344,0.5192537690551675
757345,0.9790288235801138
757346,0.017734567841963315
757347,0.6726173275918632
757348,0.9992331784547367
757349,0.999600450964605
757350,0.9998811456596114
757351,0.5383810738006206
757352,0.9996278108834583
757353,0.9934670633798215
757354,0.9672856688259923
757355,0.673448238992032
757356,0.0800119258930981
757357,0.7824581098739598
757358,0.9982336011535208
757359,0.15669829049249004
757360,0.10735792178671326
757361,0.9983617888611126
757362,0.9779315106134472
757363,0.11671696659275113
757364,0.9996016266558383
757365,0.6660780487452473
757366,0.9658144634729083
757367,0.3487712291841121
757368,0.9211349701625996
757369,0.008060119730713057
757370,0.9889573648455721
757371,0.9936483087164171
757372,0.9263832994283439
757373,0.9994051175108023
757374,0.23807757707483818
757375,0.9999448350797095
757376,0.9847812978890621
757377,0.999231516515596
757378,0.9999131255963409
757379,0.20657246701993626
757380,0.9999605426152993
757381,0.0977940461569002
757382,0.9998644025538002
757383,0.9371938758346837
757384,0.9998144466730008
757385,0.8643382509500293
757386,0.7135733337378232
757387,0.1663056857604107
757388,0.8349416760250703
757389,0.9841747183959478
757390,0.9982896880930303
757391,0.9998764030385634
757392,0.8890455056710882
757393,0.9974221591414898
757394,0.998894403357306
757395,0.05877655771950188
757396,0.4246055627255403
757397,0.9999654149492472
757398,0.922548858237977
757399,0.9968380235314158
757400,0.9999606446827037
757401,0.6523017588096643
757402,0.8841219172864825
757403,0.5277325979191787
757404,0.9997248825967782
757405,0.8234718571924053
757406,0.941675618314941
757407,0.09335187709725135
757408,0.999986234320229
757409,0.03431312067166507
757410,0.9999588780352496
757411,0.08005478151587767
757412,0.9985207116147503
757413,0.04966755017530908
757414,0.026459263413157783
757415,0.9967725036648274
757416,0.7671211639092441
757417,0.8693797607859127
757418,0.2549079864978943
757419,0.03957325709693857
757420,0.9875321022448664
757421,0.8921636232652883
757422,0.6484995964848533
757423,0.9995916697738348
757424,0.9993293543952531
757425,0.9999362498473612
757426,0.999822600913525
757427,0.28457641093257535
757428,0.952023688924698
757429,0.8243502895757631
757430,0.2036505510586013
757431,0.7099685734897972
757432,0.28533857761449655
757433,0.9862716471931245
757434,0.9890690482607706
757435,0.9981316108652182
757436,0.03715039882537758
757437,0.8384406197814279
757438,0.9772467105406182
757439,0.6993086478546096
757440,0.9909499998821212
757441,0.012339160163014569
757442,0.985465900773946
757443,0.7836481186523884
757444,0.9906912740187999
757445,0.25511502967510624
757446,0.5149785764118125
757447,0.9249748739874508
757448,0.761615592553978
757449,0.8481240735608534
757450,0.1794329086353175
757451,0.6546450247912691
757452,0.9997969569935315
757453,0.9881111024882685
757454,0.9998629731202802
757455,0.9976430696653561
757456,0.9997683107819035
757457,0.9726751074318427
757458,0.2396505010556147
757459,0.39650989945424103
757460,0.9978411457531735
757461,0.7606896757703748
757462,0.32489011060025164
757463,0.998412343040502
757464,0.015384056308017964
757465,0.12296813167831183
757466,0.008263034119265506
757467,0.6793970049938689
757468,0.051360204826012223
757469,0.9498112441780568
757470,0.3798027329600301
757471,0.4524228453140265
757472,0.9958368393946428
757473,0.9991595781207758
757474,0.9971480600287493
757475,0.574784839566617
757476,0.9343558241133239
757477,0.7898450015501428
757478,0.9799821045968937
757479,0.9999815065498588
757480,0.9720215351195332
757481,0.08829417326727343
757482,0.9995131933241364
757483,0.9987547673851386
757484,0.9669245736649154
757485,0.9953519756396039
757486,0.9007476642159046
757487,0.5133175161839403
757488,0.9784212302284223
757489,0.12033808391584512
757490,0.9951387345371951
757491,0.9973860280561329
757492,0.9982557511713845
757493,0.9581654309451724
757494,0.49820031807029586
757495,0.9999921991813381
757496,0.9997087201839119
757497,0.9992021946788808
757498,0.39158187073559525
757499,0.5622450832692985
757500,0.857364504505322
757501,0.9999924645268987
757502,0.9889239389197835
757503,0.9994695576837553
757504,0.7531031821415572
757505,0.9913425132959377
757506,0.9991969229260927
757507,0.9989088291415082
757508,0.18735863291588956
757509,0.022523492507734375
757510,0.15066229744736084
757511,0.9992267086913764
757512,0.9558183420989742
757513,0.9913518858546959
757514,0.9186680290965474
757515,0.7025963415212939
757516,0.4928699443835795
757517,0.9995459444891803
757518,0.9996326381066577
757519,0.2988164461123325
757520,0.3517032219411895
757521,0.9994802032783798
757522,0.9920355537208594
757523,0.8860661104349551
757524,0.9999346435012078
757525,0.9967744302050661
757526,0.9069596584715047
757527,0.9927892038298413
757528,0.9999823116846595
757529,0.9986536318375037
757530,0.24055462057208193
757531,0.6812048317049617
757532,0.10686286420796681
757533,0.9793754055095957
757534,0.22952918332360323
757535,0.1808914205914704
757536,0.28942975918327657
757537,0.9970351426501688
757538,0.8476051272109892
757539,0.4429127288924111
757540,0.9999195747342782
757541,0.03464829027539785
757542,0.9997637651634677
757543,0.9562485098277221
757544,0.9732500896446667
757545,0.9979111125081083
757546,0.915842055142723
757547,0.999932975485203
757548,0.9271999533259233
757549,0.991968837906203
757550,0.5560105065103145
757551,0.5735590002347852
757552,0.9993253353908071
757553,0.9260205173491332
757554,0.6411536002855743
757555,0.9996730330932624
757556,0.1355095606394054
757557,0.9982455214978959
757558,0.2960873739370896
757559,0.6085877760573009
757560,0.37878021782283033
757561,0.9989138510435003
757562,0.9994579653190778
757563,0.7587236928126864
757564,0.3712675150604562
757565,0.9942173943213901
757566,0.9982612582246346
757567,0.3738869961354952
757568,0.9995194515973614
757569,0.9989034837242672
757570,0.9994025928864252
757571,0.6543345422226977
757572,0.9871914605976762
757573,0.9739198576978567
757574,0.03542695620856221
757575,0.999374723764173
757576,0.9999563330515611
757577,0.12387572249239913
757578,0.8228479400549409
757579,0.08366399670332778
757580,0.9998478786821994
757581,0.8498564195660302
757582,0.5050990307119355
757583,0.9995848506314997
757584,0.5244263213163545
757585,0.010031056124615322
757586,0.9998196266223831
757587,0.9957788112909391
757588,0.9784753521648333
757589,0.8783575399370893
757590,0.934254315860586
757591,0.9856517495158736
757592,0.9914349346415432
757593,0.4569371130587361
757594,0.996132312015187
757595,0.9997638412368413
757596,0.0075429878124835155
757597,0.7697977395325398
757598,0.04902703499302745
757599,0.9397193908975396
757600,0.9965235042653723
757601,0.30236763882993284
757602,0.9997645205671477
757603,0.9847871510818864
757604,0.9998527479031218
757605,0.9951912042608819
757606,0.9944041069645309
757607,0.00737775108617456
757608,0.08705198816193785
757609,0.999910263840545
757610,0.13989730615862173
757611,0.978848264078674
757612,0.9913450769493479
757613,0.9596592075336379
757614,0.792147264713371
757615,0.9994592690365987
757616,0.9999934131249653
757617,0.2603222551297475
757618,0.9994431409426046
757619,0.7995945956766136
757620,0.6655147592089368
757621,0.9995143472088137
757622,0.06381911730249913
757623,0.9996188620514721
757624,0.977411693617343
757625,0.9994655373792013
757626,0.01200143328123025
757627,0.025963402578495838
757628,0.9994633175360482
757629,0.025416822189849947
757630,0.33158489624077914
757631,0.9889904402664297
757632,0.8844045697039535
757633,0.9988917082258084
757634,0.656592473313014
757635,0.9817490672273184
757636,0.9999671986538077
757637,0.11571132335972392
757638,0.9998338585589579
757639,0.700702058449733
757640,0.04689917273278586
757641,0.9999473909910565
757642,0.8842965754467587
757643,0.9994455892728713
757644,0.4373629050345198
757645,0.9992152347305858
757646,0.9966039473548357
757647,0.9979100320582311
757648,0.1915529249292247
757649,0.577997927414404
757650,0.9764145533642044
757651,0.39768761903280647
757652,0.05957276126884398
757653,0.6890512751725547
757654,0.9996318484005503
757655,0.8072185499562139
757656,0.4346748597398442
757657,0.9995178012781105
757658,0.9934850387400866
757659,0.7434079554120205
757660,0.9993386219948623
757661,0.9699120570575385
757662,0.16784586449020675
757663,0.9981692229236174
757664,0.5583573949073517
757665,0.998052684676298
757666,0.9992826155757547
757667,0.9746882442477799
757668,0.9221706287948173
757669,0.8822080704975586
757670,0.9996975154361094
757671,0.9998038081153623
757672,0.9021703351417357
757673,0.9999820025181716
757674,0.9428522507683847
757675,0.04606991311409879
757676,0.6376155926676748
757677,0.6974690645060473
757678,0.9997553770082416
757679,0.9925326216907846
757680,0.9998814494939905
757681,0.9957590940616547
757682,0.9907743441859269
757683,0.9999696265531655
757684,0.13153787986065207
757685,0.9989336608444039
757686,0.9992287640690388
757687,0.21515208507668276
757688,0.9757177248593304
757689,0.9850288505053246
757690,0.42385964821184985
757691,0.010826111451921892
757692,0.9999318218356037
757693,0.31687739980566615
757694,0.6367538260527815
757695,0.9997350194976463
757696,0.9822198206525475
757697,0.2211918888943667
757698,0.3985889499382199
757699,0.6432522575539854
757700,0.9554531520917908
757701,0.0528325982430166
757702,0.981071710993213
757703,0.9999575789428472
757704,0.9989242749769083
757705,0.9988891546447198
757706,0.5879301343076491
757707,0.9975261428047213
757708,0.8704527507793122
757709,0.09234232177048603
757710,0.517900085389214
757711,0.9994955920217131
757712,0.9997292601706833
757713,0.5716456868698412
757714,0.9976215219746939
757715,0.9999291217251227
757716,0.9973668519040989
757717,0.87424082824517
757718,0.681751364086148
757719,0.9999563344159536
757720,0.30047833287367753
757721,0.2324913343599704
757722,0.7913179901993486
757723,0.9050224814496028
757724,0.9998174112940638
757725,0.060516454765410684
757726,0.9908524047813905
757727,0.43350487992099035
757728,0.9392368698440121
757729,0.9907916763023146
757730,0.9992404325493236
757731,0.003943187026651433
757732,0.9846087759469201
757733,0.09997446404881093
757734,0.9961422645409693
757735,0.9806694136528602
757736,0.9994089961248053
757737,0.2616441335240036
757738,0.9996332050154074
757739,0.8563332255888961
757740,0.38388599906528914
757741,0.994532267545151
757742,0.8749226599272656
757743,0.9224301392171705
757744,0.9363784733863056
757745,0.2805720449855029
757746,0.9954883550006629
757747,0.9981934093531799
757748,0.9908651387883428
757749,0.9994903659673144
757750,0.9722677833132372
757751,0.9541793451865613
757752,0.9996070772742333
757753,0.015611382090205406
757754,0.9689704100196763
757755,0.9370255533303459
757756,0.9908630023037257
757757,0.5228305056061509
757758,0.7617924988957534
757759,0.9996262258650992
757760,0.07396481437291297
757761,0.9958425670411422
757762,0.9951406265460585
757763,0.9904226945256851
757764,0.999789349782074
757765,0.6734408104218749
757766,0.9999949390304465
757767,0.9868692920436388
757768,0.9355967564050829
757769,0.5534709524111951
757770,0.9932013401132211
757771,0.999694687992516
757772,0.3590765425157455
757773,0.9998447646840947
757774,0.9963539517960924
757775,0.9962821417354961
757776,0.0026109405765499115
757777,0.2696702159250258
757778,0.9946439832667062
757779,0.8668314782963797
757780,0.9994420231716604
757781,0.4425506365766936
757782,0.9001882016549103
757783,0.969434647275458
757784,0.8438466427238795
757785,0.9428519906204611
757786,0.999967482309347
757787,0.9921422874337406
757788,0.8515362302413545
757789,0.9999126204553795
757790,0.9989502652701608
757791,0.9998205848286248
757792,0.9840016841084825
757793,0.805212014387334
757794,0.9468152485912007
757795,0.9964588010833342
757796,0.4618219367593661
757797,0.9987659298188744
757798,0.16367201567316803
757799,0.679503808597058
757800,0.7188948679323675
757801,0.991225792115981
757802,0.9993690376836439
757803,0.3124971405670591
757804,0.12659973011113565
757805,0.9947692183332517
757806,0.9999965318742071
757807,0.9998073303224343
757808,0.42553144417050043
757809,0.975118854038518
757810,0.011208373599869249
757811,0.03858500000301766
757812,0.013288357811943251
757813,0.5792084237432283
757814,0.8167152371950639
757815,0.9112146779152848
757816,0.9994981551572713
757817,0.010360855998729398
757818,0.9948328593558726
757819,0.1508798322463614
757820,0.9998018528807492
757821,0.99815377429325
757822,0.004872226182452116
757823,0.32817396520807385
757824,0.9642042651990396
757825,0.9405280264948032
757826,0.9996421210616844
757827,0.9363547427310472
757828,0.46055740229744424
757829,0.0031018148277458584
757830,0.9995118348737524
757831,0.9952771038225725
757832,0.8492512533235514
757833,0.9999481767646572
757834,0.9992129482268086
757835,0.9346948474887234
757836,0.9889902077475656
757837,0.9992483900360081
757838,0.9996940026766894
757839,0.5830099364008312
757840,0.7406960696612809
757841,0.7220966967738869
757842,0.992764014835679
757843,0.5536798950273643
757844,0.9984069755540731
757845,0.0986088635446807
757846,0.9999926291703101
757847,0.9969468583027143
757848,0.7089281837957957
757849,0.9725543751556978
757850,0.9999023610946698
757851,0.9997686161752767
757852,0.9997312965110403
757853,0.9110893245190759
757854,0.8644843193120562
757855,0.9995377625484656
757856,0.28407871248914934
757857,0.9999619247563685
757858,0.9826894715321459
757859,0.9998076302428929
757860,0.9999226626991495
757861,0.9993814532610513
757862,0.9978348285197263
757863,0.9873302729275605
757864,0.009635046441853302
757865,0.9498879492309652
757866,0.07853416442073116
757867,0.29032892136855437
757868,0.999984168042221
757869,0.3613961931641537
757870,0.540456860694187
757871,0.9515394400576207
757872,0.9999772742146942
757873,0.9983645345832531
757874,0.983912972144279
757875,0.3189167741161144
757876,0.8039185805828841
757877,0.8233212510876102
757878,0.9987460785403399
757879,0.999814284871271
757880,0.04694309203997728
757881,0.9993907870537821
757882,0.9998327678314884
757883,0.9979455922108145
757884,0.9996998595997661
757885,0.9927030624046068
757886,0.2140332595263478
757887,0.6093411270537696
757888,0.8124904029435033
757889,0.9991368172134385
757890,0.9751316187035538
757891,0.9124951522625587
757892,0.053591396704146754
757893,0.999929137061044
757894,0.9959988634837058
757895,0.4465640655396088
757896,0.8829796183877259
757897,0.4538379911706162
757898,0.9999004569680181
757899,0.579882239830714
757900,0.9994170757995002
757901,0.8138593599029458
757902,0.9961564938182066
757903,0.8648755191417201
757904,0.9999723400116236
757905,0.9816428585057497
757906,0.9922677951329756
757907,0.9999070897769389
757908,0.9987753533072519
757909,0.013154159863074614
757910,0.6719688982177632
757911,0.4398178795159593
757912,0.6257641719029897
757913,0.9997808822026688
757914,0.08343226815477381
757915,0.09233101109300236
757916,0.9986976037411827
757917,0.00618902076357262
757918,0.041273449055194984
757919,0.05400786613798046
757920,0.027446854193879256
757921,0.651951382740383
757922,0.9935388703141803
757923,0.9973037234222575
757924,0.09651348976943516
757925,0.46147181413673055
757926,0.9995868465537676
757927,0.9846426407500695
757928,0.999885839411146
757929,0.029236771358906267
757930,0.9995868066378342
757931,0.9987854359962343
757932,0.9946911013511461
757933,0.9997719419548379
757934,0.03640228436101832
757935,0.9343326267242229
757936,0.996493660702451
757937,0.9861876867249857
757938,0.9969876643533369
757939,0.8547200724223565
757940,0.8177380841897548
757941,0.9998708623894771
757942,0.9982119659597807
757943,0.996663012734661
757944,0.5113551039838339
757945,0.9762805674089994
757946,0.9996824774473227
757947,0.9997984220777834
757948,0.9983683106335799
757949,0.9757379265777254
757950,0.09017403918708028
757951,0.922005007758035
757952,0.9999527487965292
757953,0.3545963803229627
757954,0.8799378949889204
757955,0.9679651215655883
757956,0.9998091341839191
757957,0.12907526376558262
757958,0.999853217409983
757959,0.9878787975946046
757960,0.9987292499209873
757961,0.026713685535397366
757962,0.813554996728741
757963,0.9913123382250908
757964,0.9997934001470754
757965,0.9998804456735857
757966,0.9985460371948777
757967,0.5589186200978349
757968,0.8570236215247614
757969,0.16008935627796875
757970,0.9997157195879193
757971,0.49211746086652575
757972,0.9997153621756969
757973,0.9943919457230798
757974,0.9957260790370472
757975,0.9987166273908186
757976,0.9976979524400469
757977,0.47454364604909116
757978,0.9244546436441958
757979,0.016780525214551357
757980,0.03508848848822801
757981,0.8025902174784159
757982,0.9999397988770249
757983,0.9936210889813131
757984,0.9791860942601197
757985,0.9988195194398597
757986,0.0052632629768246545
757987,0.940451273069869
757988,0.6162985471763888
757989,0.4001481535298944
757990,0.9999821192429896
757991,0.031197776433928334
757992,0.6878696045466476
757993,0.4207798498890564
757994,0.03447888569346737
757995,0.9997968634525014
757996,0.999765472404512
757997,0.9977347480537384
757998,0.9992843420964954
757999,0.7727106919401654
758000,0.9980614380197309
758001,0.21346130683873715
758002,0.23708667509866668
758003,0.9992280041004276
758004,0.3245334031622745
758005,0.007463556164378668
758006,0.026438183984112563
758007,0.8833108131268192
758008,0.9999607459603029
758009,0.7036737253839156
758010,0.926428959543234
758011,0.9996610619881309
758012,0.3032033323574893
758013,0.9995893373770424
758014,0.5017130362943183
758015,0.8756902542504057
758016,0.3589806027892186
758017,0.9997107281929278
758018,0.9971991350528316
758019,0.9998789858493933
758020,0.9889746608269905
758021,0.41092334006254794
758022,0.9977761480447273
758023,0.35954429222062834
758024,0.9318687773462919
758025,0.5166943183495046
758026,0.9989250152912661
758027,0.999785304179614
758028,0.6019426599352052
758029,0.03778051506025472
758030,0.9977500078640713
758031,0.9397532622050784
758032,0.6239164970910093
758033,0.06940882807654482
758034,0.8948173285126705
758035,0.9999216182940628
758036,0.997907050915725
758037,0.3288418753110162
758038,0.865911985572545
758039,0.444064156835261
758040,0.4270702153636553
758041,0.9998986751822931
758042,0.07500680008870492
758043,0.6382835658568161
758044,0.12319943336113894
758045,0.9992978249283606
758046,0.22664015511620828
758047,0.9923944362916053
758048,0.9572048773250639
758049,0.8360232260985773
758050,0.4694547774017543
758051,0.015506673754049476
758052,0.05606069798941356
758053,0.9250837991762104
758054,0.8106073807080908
758055,0.09050799427851275
758056,0.2715232728049533
758057,0.011314322858748432
758058,0.49048195642445147
758059,0.9980356008686602
758060,0.4544833852791662
758061,0.1660249257704751
758062,0.6389561807890667
758063,0.920308736429338
758064,0.018064753569834703
758065,0.6206582841012325
758066,0.02333855034104421
758067,0.7499049975220538
758068,0.8119204911385898
758069,0.9997852434502539
758070,0.8879422482503979
758071,0.6839103794256733
758072,0.9418679423086938
758073,0.8110771639288652
758074,0.9999937601929068
758075,0.9998727958229323
758076,0.03541385157544511
758077,0.7332594037174317
758078,0.9999246112822571
758079,0.8542869967397113
758080,0.9999948848267537
758081,0.3937288868960763
758082,0.16056335760075705
758083,0.6045223939271226
758084,0.027118242611333478
758085,0.9999010557031377
758086,0.8898437428711703
758087,0.05441305164503747
758088,0.8513121430278838
758089,0.9958989988391982
758090,0.99400196747059
758091,0.9997751582209302
758092,0.008769058798273235
758093,0.716764471767783
758094,0.022312170815177383
758095,0.9980478427187482
758096,0.4371669741590064
758097,0.9981852796309466
758098,0.2779840441982407
758099,0.9996869544238804
758100,0.6205813776878923
758101,0.9535152399294655
758102,0.8202211297030413
758103,0.5433072932348822
758104,0.30133852231860964
758105,0.9831220884795231
758106,0.019698226785963523
758107,0.9986677431215959
758108,0.9997704099263723
758109,0.005312729261955648
758110,0.9993086495755086
758111,0.997863909429836
758112,0.15634006593972724
758113,0.9998665240769266
758114,0.8550375634725204
758115,0.9965396402191283
758116,0.9983387619192655
758117,0.8757815427122395
758118,0.01541190944715339
758119,0.6996615303913072
758120,0.9997446778189372
758121,0.984606088537641
758122,0.9691729872369723
758123,0.9983168739893018
758124,0.9998490702317506
758125,0.015056751388317012
758126,0.26901744747408635
758127,0.35006629484890217
758128,0.48350670146722347
758129,0.6084470446176347
758130,0.934333616416664
758131,0.9270920153311706
758132,0.9954381543265844
758133,0.9999027982023537
758134,0.9997327531626294
758135,0.909130991029647
758136,0.9999762117955826
758137,0.9999839942955558
758138,0.9859021407199551
758139,0.9999006074421595
758140,0.9999691265291326
758141,0.9881663172406585
758142,0.42113792859155774
758143,0.999898202173447
758144,0.05552913586733774
758145,0.17443067172493976
758146,0.7941968902779177
758147,0.9969003409463583
758148,0.998752170547659
758149,0.8537816795027313
758150,0.9999609068454051
758151,0.9948900878090627
758152,0.9999638155261215
758153,0.663179254533475
758154,0.9999616175395258
758155,0.8079734485253756
758156,0.7453290229997205
758157,0.1035238601204177
758158,0.8551205135120856
758159,0.9967961787530164
758160,0.9679217798877866
758161,0.9993854126460522
758162,0.8505232270465924
758163,0.9998460627728543
758164,0.2526380993933655
758165,0.9994398379114093
758166,0.4478921096508096
758167,0.9993702334549805
758168,0.9999616407560777
758169,0.98235304173186
758170,0.03199728332785048
758171,0.9999441345733118
758172,0.8506717473272273
758173,0.983595888079871
758174,0.9996910420822933
758175,0.9999261227598752
758176,0.731872516063899
758177,0.18764824637795338
758178,0.999527220068744
758179,0.9945640663827666
758180,0.9842912902447774
758181,0.5819925937892936
758182,0.9997398106492329
758183,0.3162059926197143
758184,0.9994587989794634
758185,0.3085234839619283
758186,0.16778705185450726
758187,0.5535697730248225
758188,0.9926169074084572
758189,0.9632216851697941
758190,0.10203094940673818
758191,0.8646651424299787
758192,0.059475794733678845
758193,0.9968695093996581
758194,0.25515631096453417
758195,0.8234441044553824
758196,0.99982653536909
758197,0.026524283783838486
758198,0.7865001390756956
758199,0.2680007108835885
758200,0.9980319184983615
758201,0.9949374138286453
758202,0.9996615184219819
758203,0.9634607911049071
758204,0.7882145802361628
758205,0.6959132935906229
758206,0.01622894122021998
758207,0.16133757954459238
758208,0.6277921066802142
758209,0.5037153572242647
758210,0.01964437810484415
758211,0.7002595315550024
758212,0.9968183016361831
758213,0.9998979571031688
758214,0.9996183513676264
758215,0.5938535903467309
758216,0.9876665921365155
758217,0.04852463136332224
758218,0.13449156131049478
758219,0.07411289285558788
758220,0.8410200727877883
758221,0.7757098630559324
758222,0.9060088499788373
758223,0.6352855501399749
758224,0.3318546954496317
758225,0.9999500735881072
758226,0.9871390211546007
758227,0.7112976659291739
758228,0.999929190115495
758229,0.2848177986988335
758230,0.9683242837049817
758231,0.9999806693963467
758232,0.027212878019953323
758233,0.9998281369686877
758234,0.5977107838370733
758235,0.9999379137697026
758236,0.30558578240533046
758237,0.9987357074178106
758238,0.9528582246269915
758239,0.9302441770708088
758240,0.9997354637405929
758241,0.9758587968652102
758242,0.9979877678265864
758243,0.9999711224918575
758244,0.9983868176768511
758245,0.14581316709843103
758246,0.615610387182082
758247,0.28708626347268373
758248,0.9953355911256959
758249,0.7267028879329777
758250,0.3796113576087877
758251,0.43215503375356645
758252,0.38733249095527866
758253,0.6872812590716273
758254,0.8754293700230407
758255,0.9440599140058478
758256,0.8322761914567196
758257,0.9378693778944465
758258,0.9998955350180763
758259,0.999932540425085
758260,0.9993940479548898
758261,0.2291371223463491
758262,0.9992352474066297
758263,0.6048725176140741
758264,0.10734214519515207
758265,0.7047839263035205
758266,0.9995965247428091
758267,0.4669556456540088
758268,0.1787509596300057
758269,0.9769571258337104
758270,0.8409641340026631
758271,0.6042426356391295
758272,0.9995333955206995
758273,0.999957153010413
758274,0.25454270302074633
758275,0.11334031070873594
758276,0.8137038599911941
758277,0.9892916244547948
758278,0.9947146874904819
758279,0.9997542630266062
758280,0.3873638564245025
758281,0.9998970881757037
758282,0.9999666760663423
758283,0.48897706264536117
758284,0.8268842945292716
758285,0.9951732851842578
758286,0.8921165621654088
758287,0.9971968551391076
758288,0.9997917313541473
758289,0.3188215376274213
758290,0.4729982210305215
758291,0.9966930673773384
758292,0.9974515257492788
758293,0.026470767766774213
758294,0.012548837276150651
758295,0.12380577651968798
758296,0.05462718503127488
758297,0.9992257707282759
758298,0.9702807496594463
758299,0.026858007431711642
758300,0.8912638341631446
758301,0.022571087592177866
758302,0.9074410993335932
758303,0.928035484817055
758304,0.9403732918812266
758305,0.16758469017937427
758306,0.8878585376464
758307,0.022877723946724215
758308,0.9735986878194692
758309,0.9396155601508668
758310,0.26183284367214243
758311,0.1779923281152635
758312,0.009567966212158326
758313,0.3950683065317768
758314,0.9999453356610525
758315,0.996357672263514
758316,0.9978585491731979
758317,0.9992859555091584
758318,0.8111295883096152
758319,0.5278515625814235
758320,0.9983899627265349
758321,0.9881809197075782
758322,0.9991636455652062
758323,0.9998383301709532
758324,0.017005139118458138
758325,0.9943612795546493
758326,0.8220182823322039
758327,0.9997220212747642
758328,0.9998875326860417
758329,0.08613252104707907
758330,0.021553317661085345
758331,0.7118838761368835
758332,0.04889139763587635
758333,0.5047355975182336
758334,0.9999089049559013
758335,0.9995296055128065
758336,0.8706556175470885
758337,0.8817705793444288
758338,0.9998433745424752
758339,0.03831982752182118
758340,0.45208954902346626
758341,0.9967892718405621
758342,0.9932588194775538
758343,0.8762256336101211
758344,0.0416935593655601
758345,0.9298375603301425
758346,0.834524464714056
758347,0.9998317324027298
758348,0.9954437504937266
758349,0.9999590318128937
758350,0.744332621223882
758351,0.10601656837613288
758352,0.05671482033464978
758353,0.9999708153355985
758354,0.8973438637466495
758355,0.7187239239646639
758356,0.5506852398235509
758357,0.9737730337944552
758358,0.9979201004897895
758359,0.8410697524927679
758360,0.2723465454140979
758361,0.9991704923350151
758362,0.01415523528656629
758363,0.8278664943048978
758364,0.9997342788195871
758365,0.9982147162000208
758366,0.31035706742950997
758367,0.09777416915653518
758368,0.9998812548949829
758369,0.9973373289037987
758370,0.6237066200223164
758371,0.9990272447605745
758372,0.6264162235694763
758373,0.1347861632885223
758374,0.9999061731927277
758375,0.9987213671931272
758376,0.8179574487715306
758377,0.9594791106662889
758378,0.9832746443024007
758379,0.04183830018473323
758380,0.9991071547476854
758381,0.9953458652365348
758382,0.04241967565089916
758383,0.03558950794183446
758384,0.9998833815008027
758385,0.3174511435082148
758386,0.8444981119317666
758387,0.9998879095796431
758388,0.9502795156958156
758389,0.3860550417980356
758390,0.21936978909289462
758391,0.9991562400981305
758392,0.936623053882114
758393,0.9999600283689182
758394,0.9370928185095578
758395,0.9961598142703998
758396,0.03644877243256841
758397,0.9997017291591869
758398,0.1140827711406277
758399,0.7129645492284086
758400,0.928039622939125
758401,0.999801537119365
758402,0.9999469215406115
758403,0.9998593803717389
758404,0.999966548384053
758405,0.999400965314998
758406,0.8626770180453476
758407,0.5167235739403856
758408,0.9357706469593118
758409,0.9991979739022583
758410,0.9987778673564383
758411,0.9340938072992473
758412,0.9455403199911893
758413,0.99973614248692
758414,0.9997719714420191
758415,0.8333615504370151
758416,0.718323826232574
758417,0.9988522922921499
758418,0.9997983133936031
758419,0.6029154103700836
758420,0.9845615024176229
758421,0.966938541523218
758422,0.24434051373684124
758423,0.1565832897068945
758424,0.8500002991926117
758425,0.3467574997250449
758426,0.9050518087438144
758427,0.8073790353143812
758428,0.9512850816271363
758429,0.9995232306222521
758430,0.9308760249689623
758431,0.5759335839579629
758432,0.9140058914040883
758433,0.19257750960123557
758434,0.37940183193034294
758435,0.04031859883351801
758436,0.9994574319321807
758437,0.9799780863918683
758438,0.09406926526467863
758439,0.9936273186154714
758440,0.15816390222715707
758441,0.23492867151118027
758442,0.9953352560084523
758443,0.9999430157208851
758444,0.9996632607604463
758445,0.9999457324299885
758446,0.9998915009666148
758447,0.9990751342580569
758448,0.9932576816966813
758449,0.7085155658715623
758450,0.19982132533488212
758451,0.9945412038428509
758452,0.9973323765515563
758453,0.06945135536806316
758454,0.9755192097056143
758455,0.8907120088994029
758456,0.99808093829418
758457,0.5347117281720546
758458,0.19049379557510768
758459,0.9959233394790117
758460,0.8398548822967161
758461,0.9970216574075004
758462,0.0859350981411264
758463,0.9997191225944677
758464,0.6389422905232366
758465,0.15910568213756127
758466,0.7514282281039059
758467,0.9967722394728913
758468,0.6958609340568223
758469,0.9998730456018732
758470,0.9920648397321604
758471,0.9804322472891629
758472,0.05645085681359743
758473,0.7272703703382943
758474,0.9994557487143899
758475,0.9535034734467313
758476,0.9017970461156136
758477,0.9996566039737231
758478,0.7982506341300417
758479,0.994989830896033
758480,0.8747209844238304
758481,0.6074061794401278
758482,0.9968171993775194
758483,0.200163049294323
758484,0.978946543095949
758485,0.8922825958650401
758486,0.8493839876658908
758487,0.0157464928548255
758488,0.9999347591510328
758489,0.9807743793224958
758490,0.8522322351322307
758491,0.9999941814945794
758492,0.8210375549851394
758493,0.0076838963085834565
758494,0.9999838253536552
758495,0.9995918633832489
758496,0.999812204896867
758497,0.9993775228197042
758498,0.9280820062109126
758499,0.7531839445591288
758500,0.7679838728711705
758501,0.5992645995403226
758502,0.9914345601670483
758503,0.9975553579357783
758504,0.9519041754341826
758505,0.996478142807363
758506,0.9023345613456287
758507,0.995912057553239
758508,0.9995045157652896
758509,0.8344727099743912
758510,0.6593098424249363
758511,0.13237633291371584
758512,0.9210086725118937
758513,0.9998940446469015
758514,0.999831631922785
758515,0.43613001032060844
758516,0.7985420394205794
758517,0.9997570557262407
758518,0.9993965632683869
758519,0.061288557651306044
758520,0.18299865420959063
758521,0.010364981517049638
758522,0.9997890257352816
758523,0.22513981241730063
758524,0.5671719560508357
758525,0.5332219946308749
758526,0.4519021518666882
758527,0.9965882285886631
758528,0.05106104273584718
758529,0.29975123915290913
758530,0.9636606787335118
758531,0.995670961109743
758532,0.15870019348231357
758533,0.2706577715738941
758534,0.9892835967310747
758535,0.9998151559514981
758536,0.1291032344448909
758537,0.8580706251341548
758538,0.9999365031201988
758539,0.8108191586417962
758540,0.999630835534201
758541,0.978928819022674
758542,0.9537469602175492
758543,0.9988467442130229
758544,0.9995832741197577
758545,0.9906355451590314
758546,0.6715342715897618
758547,0.9778154742419282
758548,0.11619387593962173
758549,0.5498015185352957
758550,0.9993550103779045
758551,0.7901607019800431
758552,0.9419850639563276
758553,0.9966322674219191
758554,0.959367321144919
758555,0.9800084738378958
758556,0.4362740971810907
758557,0.6586151907349221
758558,0.995379515479385
758559,0.9992184198308245
758560,0.9762939540897335
758561,0.6682742883541183
758562,0.9999328511374025
758563,0.5041247738950064
758564,0.8279747246783832
758565,0.9999569758784355
758566,0.5305938291087616
758567,0.9073321603333254
758568,0.8789824685811258
758569,0.9998431689951071
758570,0.9997528524737487
758571,0.9999730094660667
758572,0.9910456430662006
758573,0.9964655685476385
758574,0.9998128596930563
758575,0.8429355017559429
758576,0.9394964467346696
758577,0.9996676568930525
758578,0.7609165032242693
758579,0.49332445288574045
758580,0.999606812236121
758581,0.9998938316342594
758582,0.9354591828686938
758583,0.9999245201802154
758584,0.9686491537467321
758585,0.9997957602370211
758586,0.9931422580201162
758587,0.9994564834479449
758588,0.5761359985418213
758589,0.9768169180834707
758590,0.40063376660608757
758591,0.07099057915550222
758592,0.853757560592987
758593,0.9593003172877534
758594,0.9999428054909231
758595,0.9955795289241267
758596,0.8499178753349816
758597,0.3036370663788465
758598,0.9997056953468886
758599,0.9936428962387929
758600,0.503248120422487
758601,0.6108808990312914
758602,0.9921544527747601
758603,0.9996916222410416
758604,0.19433740644889635
758605,0.006098629897652577
758606,0.9905953687697855
758607,0.9991178208999787
758608,0.9972630177046
758609,0.9986245209254712
758610,0.030977733690431226
758611,0.0021698542651631693
758612,0.9999862047211405
758613,0.9470845351028938
758614,0.7165231919931981
758615,0.3780016162368928
758616,0.5719412449879523
758617,0.9997583712581729
758618,0.9995774074206629
758619,0.9958737573248648
758620,0.3133113998380061
758621,0.9988733293791003
758622,0.7647027847363415
758623,0.9991247862902821
758624,0.7645481208094282
758625,0.8633591080244025
758626,0.14104443137211822
758627,0.7577773644805907
758628,0.9424524648812924
758629,0.7396512307866439
758630,0.008977851842946983
758631,0.9955896022791223
758632,0.30253803828614345
758633,0.994178684497012
758634,0.9980550074910778
758635,0.04759022012517719
758636,0.9724455012609985
758637,0.8700289447547243
758638,0.8619055568994329
758639,0.9993922908989066
758640,0.9999606675821427
758641,0.41798917292009896
758642,0.40509076926733856
758643,0.6693021830405835
758644,0.1314664887166384
758645,0.8383289102364576
758646,0.9995261085394566
758647,0.9985675980525878
758648,0.9999629152327362
758649,0.20870225960974412
758650,0.9992960533981485
758651,0.9997559762167412
758652,0.3725270731705712
758653,0.9981792269075762
758654,0.9996107036993114
758655,0.9994952323733279
758656,0.3365788600956706
758657,0.6077035614754788
758658,0.08733995401200487
758659,0.987069831915008
758660,0.9997015053346955
758661,0.5954522327233115
758662,0.027041513207632147
758663,0.0035471022369440116
758664,0.9811041235743148
758665,0.30644226365337907
758666,0.9925708586999302
758667,0.9973891660834631
758668,0.9750281906216065
758669,0.9172504861586581
758670,0.9708559034152083
758671,0.7420796665818067
758672,0.836920670924159
758673,0.9985210461516909
758674,0.1878791119062268
758675,0.33390312512710657
758676,0.9994949347158227
758677,0.0522727925991735
758678,0.21312098615443734
758679,0.10085653377320217
758680,0.9999797232795444
758681,0.8853623490369904
758682,0.014260677138893249
758683,0.999381011712352
758684,0.9998861653577825
758685,0.4067770726550216
758686,0.20596361145598396
758687,0.9496063290114511
758688,0.9968053773549579
758689,0.999272800180995
758690,0.9997875804621761
758691,0.159244713926737
758692,0.9999408419631702
758693,0.12101318681292023
758694,0.01100705854040628
758695,0.999681705535809
758696,0.29154188705042844
758697,0.5752623943809082
758698,0.9494690437654232
758699,0.8749897714932331
758700,0.999415710562912
758701,0.9999014214612467
758702,0.13654094849520795
758703,0.6213224487996399
758704,0.27580661738408
758705,0.9998175755040601
758706,0.2427977026382458
758707,0.9997577272726533
758708,0.9994943313679281
758709,0.041760823746551
758710,0.9998992584528099
758711,0.9997067073477053
758712,0.5551779115421819
758713,0.9997727957279032
758714,0.18502045361576816
758715,0.9994356605016584
758716,0.018432672156539827
758717,0.9440537766977266
758718,0.9968038653593048
758719,0.9998374488860342
758720,0.9762074914401354
758721,0.9924932830882631
758722,0.5673526063120667
758723,0.7597976950174163
758724,0.11278670783336514
758725,0.0067351964195817605
758726,0.9966039485681132
758727,0.6340315613269948
758728,0.011576017224476362
758729,0.9995994201307862
758730,0.9999424331831833
758731,0.999932152458791
758732,0.16184834576760831
758733,0.6493250256047318
758734,0.050014621622103884
758735,0.9741633003170469
758736,0.8868749102542655
758737,0.05692076595434293
758738,0.02208281498804434
758739,0.14528962456560401
758740,0.9844772190899946
758741,0.9959032127079086
758742,0.16210891610416042
758743,0.9984916149573538
758744,0.9930227098726478
758745,0.9999645733734649
758746,0.9678821466647382
758747,0.9250191948306985
758748,0.7931717401203481
758749,0.14442780629627525
758750,0.6610515734145335
758751,0.3670389753400576
758752,0.7075942653786782
758753,0.27231826285699523
758754,0.8905417095224024
758755,0.17131160656185868
758756,0.23762033467348026
758757,0.68732858590469
758758,0.9943991644398558
758759,0.9994626353518185
758760,0.41426460114184555
758761,0.9965972121840974
758762,0.7183935600726201
758763,0.9996712292890548
758764,0.982864027857975
758765,0.9999275880244818
758766,0.9998564635534342
758767,0.999970232986297
758768,0.999672077492278
758769,0.7070544584056206
758770,0.9311763602690188
758771,0.999889511532428
758772,0.0958947116048428
758773,0.92455639985296
758774,0.9999403965714926
758775,0.999561953546094
758776,0.8893264076451215
758777,0.34634351638220995
758778,0.1216438220575511
758779,0.43061833759311396
758780,0.8451968104891878
758781,0.948835955369131
758782,0.9997539539927743
758783,0.9743822517436362
758784,0.09865216818626996
758785,0.9985867526537143
758786,0.44513482494278345
758787,0.9999103076050124
758788,0.9994406554962594
758789,0.9541770120922113
758790,0.9999830277668792
758791,0.9943438498102509
758792,0.6575114547694716
758793,0.9999921420453401
758794,0.1437601527256108
758795,0.9997612771401772
758796,0.6229646676120699
758797,0.9999838598717947
758798,0.013905042492715175
758799,0.8110168030226208
758800,0.10877003265656171
758801,0.1860536262572462
758802,0.999769963663255
758803,0.03784863701634301
758804,0.41666479294732406
758805,0.44220571928610636
758806,0.287499818168878
758807,0.18678710996273395
758808,0.5212890892765056
758809,0.09646236916524509
758810,0.5466457890014128
758811,0.4675263371037697
758812,0.9223792522311309
758813,0.9997198807873783
758814,0.9999525357496905
758815,0.9946149369743956
758816,0.38809003983726464
758817,0.3078358765583523
758818,0.6048916989022487
758819,0.9976535787563896
758820,0.9997724413123562
758821,0.006308957795159208
758822,0.07905907900876508
758823,0.7327265502224556
758824,0.9999387934971388
758825,0.931512575715755
758826,0.9066350773062515
758827,0.021408861674091912
758828,0.9522589009483636
758829,0.9997947884361291
758830,0.2160120689076795
758831,0.03833225878086809
758832,0.9997670220498375
758833,0.25281161779616584
758834,0.9949665395356277
758835,0.42863415231601176
758836,0.9274423695450109
758837,0.9560012674075109
758838,0.0338106401977749
758839,0.999975177529077
758840,0.014015537038923928
758841,0.1537572764312599
758842,0.10066708655318841
758843,0.9991327104529719
758844,0.9972738030647551
758845,0.9990894916622299
758846,0.9985761760800107
758847,0.9921168779999332
758848,0.9982854741962486
758849,0.9845569065487945
758850,0.8072470316100956
758851,0.9759861914145217
758852,0.9927590669061086
758853,0.6292446849118977
758854,0.9938815028179475
758855,0.9999195259073015
758856,0.7871260603930603
758857,0.9865272552640291
758858,0.9999698629658715
758859,0.9065035877863167
758860,0.09701450398283736
758861,0.9999866045886796
758862,0.9894503983050056
758863,0.9996927785141121
758864,0.9575242261378876
758865,0.1531166097019477
758866,0.9864651552947031
758867,0.9987467028228014
758868,0.9993376087881691
758869,0.9670387714760744
758870,0.7359772356231249
758871,0.8356044682314139
758872,0.6149631609473406
758873,0.9983179038410696
758874,0.9780864201158623
758875,0.8910269065198497
758876,0.9736687614830115
758877,0.9863472826100006
758878,0.996998457987482
758879,0.6744703779759549
758880,0.997266372026682
758881,0.9998795172614833
758882,0.14117685802926463
758883,0.9858826565622347
758884,0.5346535840238216
758885,0.5103623093977934
758886,0.9999795310596455
758887,0.07792786352867934
758888,0.9926263754687787
758889,0.9963359378260541
758890,0.0696955975475021
758891,0.6386282468626028
758892,0.9984665453440561
758893,0.011639988096556919
758894,0.9999554257807095
758895,0.9996999419190854
758896,0.9503969400936283
758897,0.8829400321222526
758898,0.9916920976159445
758899,0.7456444359684617
758900,0.019146714283054832
758901,0.8649939356968265
758902,0.9992458139778324
758903,0.2972217309769116
758904,0.9993262630206924
758905,0.9996591502595256
758906,0.9988221508076534
758907,0.5870927609453417
758908,0.9985685090077133
758909,0.9998886712064077
758910,0.40276562943816197
758911,0.7766314679678074
758912,0.5678873166302965
758913,0.9949515643140158
758914,0.03979822299212267
758915,0.076325983934309
758916,0.9973735848119503
758917,0.7860322044012052
758918,0.5589361384326201
758919,0.9926668211991011
758920,0.9989101822574243
758921,0.2033641915259194
758922,0.9984210047721145
758923,0.9292183934718998
758924,0.9990231863748591
758925,0.6660084233325039
758926,0.21410319202657244
758927,0.9969296217028433
758928,0.974667680710327
758929,0.05255112331187767
758930,0.921352455651596
758931,0.999259834617803
758932,0.2317013233757086
758933,0.9999520858203164
758934,0.9999847383599288
758935,0.8129848108588229
758936,0.7086184666854554
758937,0.9992196649920702
758938,0.9971315488026931
758939,0.9987998805174523
758940,0.9993886887886719
758941,0.3772659647480894
758942,0.030576957036137865
758943,0.999352913704072
758944,0.9998716131777619
758945,0.997944613758326
758946,0.7321236099595771
758947,0.037071196066871814
758948,0.7143644414608932
758949,0.9945386109479303
758950,0.99995422250693
758951,0.9932718503548383
758952,0.9999373013654449
758953,0.9984382514369325
758954,0.6626730638346012
758955,0.245695855815672
758956,0.9998534926419737
758957,0.21309631596434883
758958,0.009098410727594153
758959,0.9999734298222587
758960,0.014130689699459176
758961,0.6902280546150993
758962,0.7213315988467454
758963,0.9605315470327425
758964,0.9939332718687869
758965,0.9458101689068326
758966,0.9998378442971573
758967,0.1992549508175964
758968,0.9997189317019953
758969,0.8972214399967289
758970,0.14536463290325483
758971,0.6240173620892387
758972,0.999938568849809
758973,0.9923540117364602
758974,0.18921766262793155
758975,0.9993040690122228
758976,0.9954522327527168
758977,0.9990236523985615
758978,0.9985695647410242
758979,0.9889770824718196
758980,0.24856629391871482
758981,0.8583474182974857
758982,0.9999643944566681
758983,0.0221371729764534
758984,0.9999830899650723
758985,0.9899758346834107
758986,0.9982169065522661
758987,0.6620123576610344
758988,0.039413954177274994
758989,0.999989119698912
758990,0.005774102808954662
758991,0.9996563859103123
758992,0.9947826888831144
758993,0.3251883837122425
758994,0.3060753546143732
758995,0.999706907794063
758996,0.5638125846173505
758997,0.5765458312097994
758998,0.15057146532098942
758999,0.007168351066181897
759000,0.9785403162938879
759001,0.9948603453644427
759002,0.4618430173167092
759003,0.9999587067397369
759004,0.01628468929826272
759005,0.9997161012823991
759006,0.5200758261378705
759007,0.9893988566007467
759008,0.2500205212799163
759009,0.999938526071967
759010,0.3339529465594765
759011,0.1507121762545453
759012,0.010028434200500204
759013,0.9921654273189991
759014,0.061967475262963
759015,0.9987450337659317
759016,0.38953520376591866
759017,0.9762091814416265
759018,0.013690337988102447
759019,0.16803680757065312
759020,0.5114602005068545
759021,0.05700587376641179
759022,0.6180977324396364
759023,0.44390331327890864
759024,0.9996630382909479
759025,0.9996244836620823
759026,0.43809670584576543
759027,0.43614100961381896
759028,0.3084835392997326
759029,0.03471246517661532
759030,0.8735394377181823
759031,0.9362849526681245
759032,0.05729783307863169
759033,0.9997053547727485
759034,0.9675741991590335
759035,0.047942948923345066
759036,0.09218920207362791
759037,0.30662426130101816
759038,0.9990755029637592
759039,0.7654834082533807
759040,0.9997631139682237
759041,0.5863928652937433
759042,0.960722788913786
759043,0.13395866179983065
759044,0.08096767774805247
759045,0.9996946741108648
759046,0.10762604397906413
759047,0.20151419797164866
759048,0.8783517655048224
759049,0.4966880595804084
759050,0.2158773273211301
759051,0.8429440125040975
759052,0.5395907984541839
759053,0.9042694542055201
759054,0.08048433796656418
759055,0.9105775583633365
759056,0.9310711903766555
759057,0.9773649739614738
759058,0.9994886136880916
759059,0.6190846112205901
759060,0.9286732923738874
759061,0.002405141503704025
759062,0.9998061641932522
759063,0.9972889204216939
759064,0.9990926418814879
759065,0.9996607781667559
759066,0.3626626368604721
759067,0.3528190810557723
759068,0.9999597476071695
759069,0.4432183654644362
759070,0.9991162982673845
759071,0.4662254035436931
759072,0.9658338560045833
759073,0.01925145296536715
759074,0.9950844350770681
759075,0.48228873532467714
759076,0.52255963475422
759077,0.9989720684487506
759078,0.9907486820556428
759079,0.3735638727752027
759080,0.914310834302037
759081,0.9967669183145655
759082,0.5022807940502189
759083,0.3567250802729612
759084,0.027557664966131386
759085,0.871533676484895
759086,0.9964134242232642
759087,0.8842669203937616
759088,0.9937867854692827
759089,0.9646051229550552
759090,0.9996317694550554
759091,0.10401963040740678
759092,0.9993887582969426
759093,0.9330438773353583
759094,0.226800755127351
759095,0.23253079806112742
759096,0.28119850958826353
759097,0.025916465645979714
759098,0.014113404266539962
759099,0.7705116027462504
759100,0.9456611799866699
759101,0.8890059731518698
759102,0.19388587787887998
759103,0.4577728366548167
759104,0.6345095498499037
759105,0.9979545108299768
759106,0.7598434222742187
759107,0.9975701084554345
759108,0.08420170952939085
759109,0.4887444228827349
759110,0.9489952318832615
759111,0.860561618402613
759112,0.1748328357215302
759113,0.009538325634882935
759114,0.96349528471601
759115,0.9999737973464731
759116,0.9999137414834297
759117,0.4702172323925963
759118,0.37535506413290254
759119,0.9935547049184523
759120,0.005024632511645285
759121,0.7246862532031975
759122,0.16256596355383074
759123,0.36474172472517874
759124,0.9650745554139823
759125,0.9968768055356932
759126,0.999977315788942
759127,0.04071718822465389
759128,0.7937726886535184
759129,0.015755627605052443
759130,0.9903932832475091
759131,0.05503240180904408
759132,0.9174102670368394
759133,0.755488702014294
759134,0.014635590781758048
759135,0.9986051629150079
759136,0.99717711865565
759137,0.9743889958797497
759138,0.6752067556591306
759139,0.5865919160594508
759140,0.27053871743080854
759141,0.9981779510082097
759142,0.9999351990865999
759143,0.9106701994003674
759144,0.9994794620092189
759145,0.9590759701460951
759146,0.03613006496578669
759147,0.9080598337059591
759148,0.02179756336771652
759149,0.8011415804806599
759150,0.870967084720579
759151,0.3081558095114389
759152,0.026172349281629766
759153,0.9986998733160735
759154,0.9999981262662433
759155,0.7260821071071444
759156,0.2608672110548881
759157,0.09057727763290471
759158,0.0038157171858095975
759159,0.9972314450157742
759160,0.9871710949222924
759161,0.6805189652951342
759162,0.07173281743972228
759163,0.7815883649982341
759164,0.6056942589485435
759165,0.07514306739995764
759166,0.9860336864904742
759167,0.9535747721645459
759168,0.998781792768066
759169,0.9991074622802676
759170,0.9972826859700196
759171,0.6977276613392387
759172,0.8297653999037073
759173,0.939501069837368
759174,0.9878161283560966
759175,0.9952803933295415
759176,0.997131571438312
759177,0.05390426240562476
759178,0.8218212671632776
759179,0.06695504796657918
759180,0.008087274291235872
759181,0.9972516641130674
759182,0.9940694651806061
759183,0.08286765803027216
759184,0.9998307562525535
759185,0.9970263427172722
759186,0.9907539941358152
759187,0.8787844675193076
759188,0.999596640958294
759189,0.5439812587641094
759190,0.9500633955836955
759191,0.03821374645603066
759192,0.9970158636648356
759193,0.9982736648826624
759194,0.7879339637330242
759195,0.9971246888859303
759196,0.4074742028031162
759197,0.9998079073995325
759198,0.03662340467712618
759199,0.6814652263693046
759200,0.998814065045665
759201,0.7878502258589355
759202,0.09825734457613208
759203,0.0022496034750744648
759204,0.7182430693851614
759205,0.764292540666083
759206,0.9884795468840167
759207,0.7868094384129378
759208,0.9913173664324743
759209,0.996931251103014
759210,0.9999668699056656
759211,0.9984599399790934
759212,0.9313668622213188
759213,0.962059668645749
759214,0.4052775572700379
759215,0.9986508782810639
759216,0.9735004414139701
759217,0.9998894641633214
759218,0.999242728238581
759219,0.06928793493350717
759220,0.9791786368639764
759221,0.23375092130625447
759222,0.746611041897008
759223,0.9861741621293239
759224,0.5733611423800231
759225,0.9994724037448458
759226,0.9926070815527821
759227,0.9997223729312674
759228,0.9997820830171114
759229,0.9252097804612852
759230,0.9994267725996835
759231,0.03092668175780059
759232,0.9996485110108292
759233,0.035755862131571656
759234,0.9995142812364353
759235,0.9946856820282984
759236,0.061073086788464265
759237,0.4985651360685841
759238,0.7604162655894237
759239,0.761785819998745
759240,0.8854975842360429
759241,0.9997072475957818
759242,0.9998894964056775
759243,0.6087606601474955
759244,0.9901012206535276
759245,0.9996867944338103
759246,0.9731267868666831
759247,0.5250039036235842
759248,0.06165568104698409
759249,0.9912001624251665
759250,0.0329934757661735
759251,0.20528718313541525
759252,0.999324107646313
759253,0.03942061467980064
759254,0.030415014819775613
759255,0.9994348359657732
759256,0.9998898566963668
759257,0.9998315956219064
759258,0.012937449683268858
759259,0.9998752210811687
759260,0.07464328706605994
759261,0.028900047403075536
759262,0.998840564547373
759263,0.21665782284923918
759264,0.16868835843535757
759265,0.0684927064680074
759266,0.8868302036413604
759267,0.920642862774192
759268,0.06274628255109015
759269,0.9794473635593021
759270,0.5326614292361821
759271,0.3478209950981946
759272,0.9989109013457962
759273,0.9988648459925105
759274,0.6315343206653281
759275,0.5582803358994873
759276,0.687977256713828
759277,0.013435031760187533
759278,0.9974382811393872
759279,0.9980989576960335
759280,0.999456398210806
759281,0.9999559466799908
759282,0.020224331949090228
759283,0.9996448011115446
759284,0.9992070766557419
759285,0.8521853510574718
759286,0.9966260145755907
759287,0.8037717582551028
759288,0.9999086568927188
759289,0.022661012375391684
759290,0.8202137566663821
759291,0.03760293542387273
759292,0.9557063324894344
759293,0.9877195225213122
759294,0.9893291653963022
759295,0.9479030448765094
759296,0.792667130770207
759297,0.012275471344976674
759298,0.38612040283150795
759299,0.03662438806498313
759300,0.09755502078521383
759301,0.9577658409269524
759302,0.9999268319283635
759303,0.3961570887179487
759304,0.9977010807814994
759305,0.4677680295964469
759306,0.7009612177766451
759307,0.09185982981086431
759308,0.03363021067227947
759309,0.9764919620674143
759310,0.03689466063286318
759311,0.6193924648979763
759312,0.9660911069962833
759313,0.6678387596793566
759314,0.9577331249912739
759315,0.9966102134089811
759316,0.21187738330272665
759317,0.6940960939864786
759318,0.45076157711537707
759319,0.5244987147855474
759320,0.9723995917498365
759321,0.9964096450006952
759322,0.9991839885560133
759323,0.9966295902380338
759324,0.04760667370508933
759325,0.9999489300467159
759326,0.5011382023527234
759327,0.9973963705212578
759328,0.07042870297317588
759329,0.9980942818700174
759330,0.9628239109946419
759331,0.9496878330994286
759332,0.49560724013010055
759333,0.9997646287269996
759334,0.5837078953094652
759335,0.9991013010935359
759336,0.9573982689200341
759337,0.999102998560753
759338,0.017521411355103926
759339,0.9997382690691348
759340,0.998135880813525
759341,0.6279717298440624
759342,0.633184619584888
759343,0.9999130573161852
759344,0.004390203273085155
759345,0.2396391917209732
759346,0.03485732036423174
759347,0.8018169244392006
759348,0.8352351282969607
759349,0.9696921081401891
759350,0.9867815172165026
759351,0.5987805705445665
759352,0.5068202521944949
759353,0.8714790802457288
759354,0.9999695371070103
759355,0.9052528566851006
759356,0.9676253588393214
759357,0.9899358807300294
759358,0.8967778502767731
759359,0.5241832881048892
759360,0.99976162922828
759361,0.9963613174773374
759362,0.998268804052204
759363,0.9997703910347933
759364,0.34124227979484134
759365,0.04407497091440452
759366,0.39070597825311926
759367,0.5063483012340687
759368,0.17334858567341643
759369,0.3028042728758031
759370,0.8913624017317469
759371,0.9999265269831845
759372,0.997016297505849
759373,0.5712638461902976
759374,0.9866014569938135
759375,0.9998122170588138
759376,0.31273716500094306
759377,0.9813687391811963
759378,0.9429548183625032
759379,0.4461992298092762
759380,0.6020086302833514
759381,0.19718363395143895
759382,0.23895323047351327
759383,0.998748389381739
759384,0.9951119002676885
759385,0.999949397362225
759386,0.4035782233893996
759387,0.9999025183916008
759388,0.8527730506824622
759389,0.16634881222206846
759390,0.8840794620834078
759391,0.06253266719506309
759392,0.9999728493847007
759393,0.9963403094526717
759394,0.4082466932811325
759395,0.9830858252474326
759396,0.9997737041421886
759397,0.08426989898737658
759398,0.997576788116388
759399,0.9984765488846981
759400,0.8177079117669805
759401,0.9998290599196384
759402,0.33477152714709635
759403,0.9911441866091752
759404,0.999296491298659
759405,0.999233484856416
759406,0.9974616922940651
759407,0.5371226243216377
759408,0.9987867917822006
759409,0.9967334268497064
759410,0.053366814097923494
759411,0.6672088563207073
759412,0.7085924177052415
759413,0.020654746736888167
759414,0.5523091798738662
759415,0.9542727425459039
759416,0.9935430991865895
759417,0.9957342319139981
759418,0.1628690617215447
759419,0.9982674617107177
759420,0.29706201439811103
759421,0.2623086650136074
759422,0.9966245918972069
759423,0.8022150099704244
759424,0.6192367170349781
759425,0.24225517295154447
759426,0.08745198004883656
759427,0.9995407269894127
759428,0.9997163340917994
759429,0.3795477127508137
759430,0.8475909266673258
759431,0.2152283498240461
759432,0.12568230101775504
759433,0.9997162664106605
759434,0.9988863482346045
759435,0.9916745839024133
759436,0.9740006830223347
759437,0.6971052615107953
759438,0.37715515018795825
759439,0.9997640226243069
759440,0.45564519827762345
759441,0.6572524386504554
759442,0.9837639202964518
759443,0.9997251226107392
759444,0.9999801909764988
759445,0.9999183930675456
759446,0.9987564866660952
759447,0.9397518607695208
759448,0.9975984610344736
759449,0.012214158234556212
759450,0.9873472785794257
759451,0.971763050569582
759452,0.9999127299305863
759453,0.9998699682933628
759454,0.9978872290578772
759455,0.7992205283374143
759456,0.8703647446234762
759457,0.9726592148132818
759458,0.03990035221692659
759459,0.07532555260616541
759460,0.987273398268959
759461,0.003058305390964692
759462,0.06427676043028059
759463,0.10215848704632738
759464,0.8906414536464852
759465,0.9996508133926516
759466,0.5228982442640671
759467,0.7485891930576716
759468,0.8249227775974306
759469,0.3405952443971453
759470,0.9808354968446221
759471,0.023741566298991275
759472,0.598555684321825
759473,0.9998451659798697
759474,0.9997489244757488
759475,0.9999813341776516
759476,0.04578147844876425
759477,0.38472873350140796
759478,0.9902636172229342
759479,0.9516776392591921
759480,0.007772752962041667
759481,0.9847198137736605
759482,0.9996888565335448
759483,0.9902626086456634
759484,0.8554019251535467
759485,0.16984186078344893
759486,0.5219302540710832
759487,0.9823909855615233
759488,0.9163790284894323
759489,0.9167287264377166
759490,0.8677689128246113
759491,0.8812319775216809
759492,0.9582464683379082
759493,0.9999825312496765
759494,0.9985682872358734
759495,0.9851585301460766
759496,0.9993738114146486
759497,0.21217550224668258
759498,0.9956961701394956
759499,0.9839608336466998
759500,0.9977000426620265
759501,0.9862110702594286
759502,0.9999571034898318
759503,0.4348316570133705
759504,0.9994611460879266
759505,0.9931970683530922
759506,0.9895790238465666
759507,0.9986053717329217
759508,0.14139001707469503
759509,0.08244512451248835
759510,0.9895917103846801
759511,0.009722010636477554
759512,0.9661746451905949
759513,0.9999809874991598
759514,0.8985625724240195
759515,0.871107687412471
759516,0.9386718395944721
759517,0.01690846960769752
759518,0.9994876285743094
759519,0.9984080340461912
759520,0.07535759588230127
759521,0.02140693598718721
759522,0.9917178010116561
759523,0.2743450759183889
759524,0.993992286551651
759525,0.9998601609885489
759526,0.9980074690492753
759527,0.8451754219800808
759528,0.9997101335129221
759529,0.9952224274979382
759530,0.07250810968523277
759531,0.995764896214073
759532,0.9457175889919935
759533,0.894724070039716
759534,0.9997793244500182
759535,0.3172637323796287
759536,0.43775522675840733
759537,0.29299940874999125
759538,0.9992902052407563
759539,0.581884049140937
759540,0.969050532513944
759541,0.999573312740641
759542,0.999662236539149
759543,0.9454019814255246
759544,0.9998526654213209
759545,0.2640021009834581
759546,0.020491021374984472
759547,0.8860500131157583
759548,0.9195080292629834
759549,0.925165481973669
759550,0.9868906953548351
759551,0.9641030564541961
759552,0.47068934885000324
759553,0.20644743567799048
759554,0.8554505191047609
759555,0.08736070609096383
759556,0.9816303377061465
759557,0.9972795367123723
759558,0.9938518912260379
759559,0.42463483100540766
759560,0.9216139650628051
759561,0.9471837785553878
759562,0.9943931200832455
759563,0.7752013716388941
759564,0.41579178663758254
759565,0.2842691349633532
759566,0.023443833954696743
759567,0.25721875292239266
759568,0.4783012771572094
759569,0.01644647474617598
759570,0.9988376450858427
759571,0.999935441933866
759572,0.997996854623844
759573,0.983552451631936
759574,0.9983881997424491
759575,0.6948622461659416
759576,0.2411553490899287
759577,0.9992903492760532
759578,0.9245590518129838
759579,0.6603793020380014
759580,0.9998985845528532
759581,0.9998657575864464
759582,0.9135378063398534
759583,0.9998241916767271
759584,0.99938099312352
759585,0.9875714937728355
759586,0.9964476527565278
759587,0.9658451725714898
759588,0.29345422982182773
759589,0.9985797228349604
759590,0.9820703486359355
759591,0.999767758201217
759592,0.2800930498104791
759593,0.8570756642612465
759594,0.999914824636804
759595,0.9999244220405251
759596,0.06193633580541273
759597,0.9997708833337324
759598,0.18888003090416167
759599,0.9960759125208987
759600,0.9877772023502505
759601,0.03797605286003305
759602,0.9989368595709842
759603,0.9995027530509779
759604,0.9860881375401049
759605,0.8658415236967412
759606,0.9893507906866263
759607,0.9999686823226273
759608,0.9980869286874856
759609,0.010128631486809366
759610,0.030594985505217352
759611,0.6800009548460698
759612,0.9998144840655765
759613,0.7811308614195154
759614,0.8399290609876795
759615,0.9993444384206216
759616,0.24320689961364844
759617,0.6905730415927367
759618,0.9999613156243619
759619,0.9883689583979905
759620,0.35623743863516133
759621,0.6131670498240138
759622,0.550666489314998
759623,0.9998160689970242
759624,0.995088377963989
759625,0.9991796878683658
759626,0.8072732058429944
759627,0.9998944886180676
759628,0.9833243240917191
759629,0.17485270580434642
759630,0.9998864993006606
759631,0.9947894631302214
759632,0.9828579772244934
759633,0.19268150687494123
759634,0.07079679874216663
759635,0.16973601583766146
759636,0.9350369799883645
759637,0.9977653511645439
759638,0.7428426221192491
759639,0.9993893707307885
759640,0.9699149518595075
759641,0.07546329495682601
759642,0.9892472482435124
759643,0.8103268998396568
759644,0.9848770273061442
759645,0.999991544233384
759646,0.5472142771350151
759647,0.16007134879446988
759648,0.9987662091351192
759649,0.48298834284463715
759650,0.9608025662747256
759651,0.34302099468031216
759652,0.998389082354426
759653,0.878595398936026
759654,0.004804499705137912
759655,0.9997141333184074
759656,0.7025455584723929
759657,0.0683710796797951
759658,0.7678508889257709
759659,0.9449744297757598
759660,0.9996007078908478
759661,0.9922287508262646
759662,0.9957733085516144
759663,0.5558391141943176
759664,0.9998782542554775
759665,0.10208834812220763
759666,0.7977837112559061
759667,0.9940475150900174
759668,0.9968636786135903
759669,0.914384415056837
759670,0.9504919067405571
759671,0.753166079186695
759672,0.9992298233872815
759673,0.9929874967815514
759674,0.9918037840855165
759675,0.1417895715132622
759676,0.9924501982740841
759677,0.6262010115795604
759678,0.8239337939780823
759679,0.8148653966592689
759680,0.9207993659618166
759681,0.9999923810150102
759682,0.9999373530007044
759683,0.9987441951401369
759684,0.9007989696682657
759685,0.0924506991035575
759686,0.24889467638785717
759687,0.8083252154084145
759688,0.9813917485523698
759689,0.9999014908920743
759690,0.13330050178350375
759691,0.966922805426413
759692,0.9994312429815568
759693,0.9145313592736897
759694,0.9718223819594922
759695,0.8460914483763724
759696,0.555475927874219
759697,0.7892280660448279
759698,0.932416664172836
759699,0.8454670507408895
759700,0.9844422253616032
759701,0.9940730177713886
759702,0.9998496147310287
759703,0.2625563405177942
759704,0.9977872081667084
759705,0.352226745604739
759706,0.13510298955713185
759707,0.08995070049603161
759708,0.8937268527643394
759709,0.9605812688194728
759710,0.9587674663840089
759711,0.8635418311268416
759712,0.8032634245973016
759713,0.9361162511261676
759714,0.9932160837492174
759715,0.10893195525918624
759716,0.9989202867405761
759717,0.014277692449401597
759718,0.9997830934515776
759719,0.9559576818668587
759720,0.3044807166693875
759721,0.9982463177820975
759722,0.7930049366980461
759723,0.14774651960876206
759724,0.8945307551892752
759725,0.389915327038002
759726,0.8728221851218355
759727,0.9245194576055212
759728,0.6905419794809329
759729,0.9937947036156161
759730,0.037225328138475205
759731,0.9322447288437191
759732,0.9932848890101398
759733,0.9996164030670287
759734,0.9997399146166799
759735,0.3796101594106388
759736,0.888187502018219
759737,0.5307626449937258
759738,0.14988111532958354
759739,0.7109256387514593
759740,0.43141086070657697
759741,0.9923949871663496
759742,0.9956477585328856
759743,0.07438659779243587
759744,0.021000494049071172
759745,0.9997676791273635
759746,0.032941931703322685
759747,0.01609528217665383
759748,0.9351256855496743
759749,0.7862255143880603
759750,0.756949478358864
759751,0.9856993885128422
759752,0.9810341580181104
759753,0.10244602065191746
759754,0.9994986111586632
759755,0.19324677134938564
759756,0.3615009118933423
759757,0.9743431437446247
759758,0.895922924354234
759759,0.9996370017614594
759760,0.7192776913013574
759761,0.8134881350493799
759762,0.5688248912788965
759763,0.9987852338741704
759764,0.9928350871070974
759765,0.5142090451264323
759766,0.9998784098643303
759767,0.9948557567450855
759768,0.9975807302966597
759769,0.9971683507509561
759770,0.8579221322792844
759771,0.5880029501689612
759772,0.8406294234532681
759773,0.014103030583381922
759774,0.9996329388511931
759775,0.9853011076834515
759776,0.9352019129177016
759777,0.9156174524475793
759778,0.7692288401845557
759779,0.9998393334619674
759780,0.9999266592080154
759781,0.23176703237390023
759782,0.027384956883567412
759783,0.9999453774133853
759784,0.9895576108719544
759785,0.3531887935112592
759786,0.5058431702909917
759787,0.2642026772104382
759788,0.2499861768821129
759789,0.519170404945414
759790,0.9995102658135548
759791,0.9999363715838506
759792,0.9998073330991417
759793,0.15462420999164023
759794,0.03263602407311809
759795,0.9377161551623872
759796,0.8842281515379269
759797,0.8168462123327768
759798,0.9947810684891013
759799,0.9988858959835527
759800,0.9533884651748552
759801,0.014627954626503487
759802,0.021085195744331528
759803,0.011097291323288926
759804,0.08830638903193724
759805,0.9994007353752837
759806,0.9791299878365096
759807,0.05961090998548729
759808,0.9994013106470107
759809,0.42841369394279694
759810,0.07831026354901648
759811,0.9996166910313502
759812,0.08979622083913243
759813,0.9865147398056058
759814,0.8250042692373888
759815,0.9977223958162375
759816,0.9998973126288352
759817,0.00712235946446274
759818,0.03891704043306258
759819,0.989690079474369
759820,0.9986643149346495
759821,0.9998953059288995
759822,0.9998704323942992
759823,0.4970088643238718
759824,0.9803348091520963
759825,0.10077401510336806
759826,0.4271525044161546
759827,0.7423963053021454
759828,0.8868737545872715
759829,0.02093183936521305
759830,0.8964277178649152
759831,0.9539473197693245
759832,0.9994040486017131
759833,0.01047220066449927
759834,0.7629222381087568
759835,0.2742257617593498
759836,0.9980542848348082
759837,0.995099548254696
759838,0.09009716677082791
759839,0.9998293233322324
759840,0.9978727419881261
759841,0.46960071978011597
759842,0.9999409867853875
759843,0.9410893766660968
759844,0.9998397988257887
759845,0.04969214448827087
759846,0.999670055784595
759847,0.05930837187311229
759848,0.9994437932573764
759849,0.9997685101322316
759850,0.6278043857313852
759851,0.9888428697419328
759852,0.9867673882680473
759853,0.08657916908440508
759854,0.9758986586885121
759855,0.526708505192576
759856,0.853690991524781
759857,0.9984984079324262
759858,0.6279412754134647
759859,0.29980903068062603
759860,0.03681282400431893
759861,0.9801680937471501
759862,0.9733625559888197
759863,0.0022892804527989193
759864,0.11502647018378194
759865,0.974187667588694
759866,0.3092810035096853
759867,0.9878775208293156
759868,0.4747332160292026
759869,0.04834810349813743
759870,0.5944142709349853
759871,0.011643983220863333
759872,0.9992957950954421
759873,0.11520408365138987
759874,0.13005157107279394
759875,0.9873846717612811
759876,0.8088555606676302
759877,0.49797808338029803
759878,0.9373607972421568
759879,0.011745467678428424
759880,0.8696587266061179
759881,0.7342809411598685
759882,0.2367746924141144
759883,0.9988997531868173
759884,0.1304477725383332
759885,0.5627403220939347
759886,0.230048194477872
759887,0.9108521384825534
759888,0.9932492327665865
759889,0.9058774184975616
759890,0.9998155999516608
759891,0.04607907587005422
759892,0.9858165849836977
759893,0.9859308011109081
759894,0.9988220333451068
759895,0.9996235783961991
759896,0.4586079679812484
759897,0.7600956212537531
759898,0.9999062589465133
759899,0.24356457160327705
759900,0.07463597395183681
759901,0.18746275820276953
759902,0.9860539960008093
759903,0.047785752769880147
759904,0.13459491362063394
759905,0.9997637145328809
759906,0.9987250906951379
759907,0.020834288463674463
759908,0.9027261127962369
759909,0.22366386818581124
759910,0.939348798028196
759911,0.9974565150689081
759912,0.9208955512908616
759913,0.3629691189081325
759914,0.9999456325376161
759915,0.9926215078468442
759916,0.29402339928155685
759917,0.9992217599510536
759918,0.871426159144175
759919,0.8081738347908898
759920,0.057702710297111076
759921,0.36547623710880894
759922,0.7444891214402671
759923,0.017957426508808418
759924,0.9982186948424885
759925,0.9995975178491625
759926,0.7798439241135032
759927,0.9998771182164314
759928,0.9999374956979734
759929,0.057799345966146165
759930,0.2741393653928349
759931,0.9996224187718963
759932,0.5357612065891766
759933,0.13576811194269237
759934,0.9962329696791519
759935,0.9732298113850035
759936,0.07935637909828495
759937,0.9997917001567196
759938,0.6181567623308347
759939,0.9981403559776112
759940,0.999959739977551
759941,0.14615379410597734
759942,0.9982887678121488
759943,0.9999490711655985
759944,0.17742251945541856
759945,0.34410094067422126
759946,0.9883485020906679
759947,0.9999829030750772
759948,0.9997541883617592
759949,0.998952029401693
759950,0.9999908365591462
759951,0.008990017189089967
759952,0.9983168205361169
759953,0.999973757593951
759954,0.9962304676062985
759955,0.9998919405439131
759956,0.2355251792577593
759957,0.9991671280899298
759958,0.7952892686176015
759959,0.02619963737837891
759960,0.8872231176313836
759961,0.13270894022810467
759962,0.04322152975323481
759963,0.9997384718476445
759964,0.9965467704379981
759965,0.6604763992203797
759966,0.5899911488314599
759967,0.9907569836109069
759968,0.966143400908454
759969,0.986173322254887
759970,0.8486494928124558
759971,0.696223354486307
759972,0.9978095415217705
759973,0.9230215356951299
759974,0.19051443833419635
759975,0.9999433170369499
759976,0.9957031969241474
759977,0.9954124957900877
759978,0.11950256235752194
759979,0.6626415724651041
759980,0.9853871803250516
759981,0.849849089866062
759982,0.9983308497240557
759983,0.9947278121578066
759984,0.9997236700999379
759985,0.6569011511170104
759986,0.9995375517624464
759987,0.20310719423826684
759988,0.9353332681341169
759989,0.9982253267244168
759990,0.9980668137557371
759991,0.3034796148496446
759992,0.007052903741319173
759993,0.6053863160792355
759994,0.818485427673421
759995,0.998131789897521
759996,0.9998790215075042
759997,0.9946128125891097
759998,0.07212743261220125
759999,0.9487505655077889
760000,0.999949783042977
760001,0.9998404801387455
760002,0.028988961981606273
760003,0.9921131798804669
760004,0.6561308555896754
760005,0.49249111833808534
760006,0.9998211672986601
760007,0.9624505466823416
760008,0.9997783409656167
760009,0.8531335614101427
760010,0.21159280456268376
760011,0.9998671673685693
760012,0.999843116210959
760013,0.2768664723238075
760014,0.025321113838907755
760015,0.9999861394386822
760016,0.9992284848205926
760017,0.9999605942850776
760018,0.6754618257387047
760019,0.9999136435433178
760020,0.9998423324664429
760021,0.5257301011235755
760022,0.8449522277447861
760023,0.6560418543669592
760024,0.6056358170365771
760025,0.445525021187301
760026,0.9868011998443948
760027,0.9291662157528293
760028,0.9900130176008712
760029,0.910362536066683
760030,0.007961438432913985
760031,0.9952047775770392
760032,0.999360484243091
760033,0.9843323541663302
760034,0.007462113572147018
760035,0.9978309304896318
760036,0.9995831944206932
760037,0.9802410506213517
760038,0.6624065603614355
760039,0.8576953109054141
760040,0.9987717839861086
760041,0.8532030836915807
760042,0.998987600744965
760043,0.05226599605199372
760044,0.9815053341104851
760045,0.9930725945814447
760046,0.81519115831098
760047,0.7180494762328818
760048,0.9990492875036687
760049,0.8439759876401902
760050,0.2735694521611116
760051,0.9999735974298221
760052,0.999743617369818
760053,0.5285959221274175
760054,0.9287081455090012
760055,0.21726452262028315
760056,0.9959121379412017
760057,0.004768155914245117
760058,0.514835380959763
760059,0.9998555484185031
760060,0.024823149786014312
760061,0.9994195087908729
760062,0.9973791899450333
760063,0.9955863522852905
760064,0.9993867361625408
760065,0.9996631616447305
760066,0.9999769252085374
760067,0.9995880481393895
760068,0.9997757563830706
760069,0.9542461107969202
760070,0.9982740559914857
760071,0.9941985340317089
760072,0.9930225661139511
760073,0.00671636158994182
760074,0.9998202365452606
760075,0.9639909432782411
760076,0.010362189689677488
760077,0.9982778659139772
760078,0.8571512686608395
760079,0.897669021492758
760080,0.4835979023037084
760081,0.513202947730975
760082,0.43135795557155837
760083,0.25323990578840294
760084,0.21367311388409319
760085,0.9340028002498938
760086,0.9992007730787604
760087,0.3826868176385705
760088,0.5458421073853019
760089,0.9345494562604361
760090,0.9989990695688336
760091,0.9952042974775379
760092,0.9964373205771205
760093,0.7115382300173556
760094,0.5508599877192101
760095,0.9969378914985082
760096,0.9999084238096001
760097,0.07065534967573894
760098,0.9912918559732695
760099,0.13876632330668603
760100,0.9954686314317434
760101,0.26455359878592233
760102,0.5055436333717664
760103,0.9728132787175979
760104,0.9802378804652173
760105,0.9997140560072795
760106,0.9997296568879206
760107,0.9662355967786445
760108,0.939748592198954
760109,0.9976857758423465
760110,0.669102737101241
760111,0.9995776676877787
760112,0.06428375198289299
760113,0.7930447511972721
760114,0.8435632300319948
760115,0.5337068050820164
760116,0.906543331508408
760117,0.9994357611908588
760118,0.7043858650001935
760119,0.17228263476062605
760120,0.10927476861943886
760121,0.9998845957680866
760122,0.41141050196222795
760123,0.1315559241043591
760124,0.9931302277011761
760125,0.9894543267544406
760126,0.9944181031112932
760127,0.9995371665326354
760128,0.995739286393805
760129,0.7925937129664726
760130,0.9984348518717953
760131,0.9610157046311953
760132,0.9891829307846473
760133,0.8619134016298418
760134,0.043717467880483585
760135,0.03235093402206209
760136,0.9999155892910171
760137,0.995729793069398
760138,0.9996413277150584
760139,0.19426185142085495
760140,0.999598440306957
760141,0.30797277612460683
760142,0.3343021191753256
760143,0.09299815148179265
760144,0.8115950261809768
760145,0.9615928218894866
760146,0.9962865707537776
760147,0.026993162702286366
760148,0.7994375127220481
760149,0.9999868528497087
760150,0.9998035818746316
760151,0.9980835216111588
760152,0.028964027961417508
760153,0.03685343923933774
760154,0.9261988816632594
760155,0.9904565774735785
760156,0.8856990869620005
760157,0.9226520624144148
760158,0.9996519160756814
760159,0.993661071775306
760160,0.9998301657701966
760161,0.375195859733398
760162,0.9972764420790867
760163,0.999972863934397
760164,0.9979063809111748
760165,0.197990591522066
760166,0.6719575431823614
760167,0.020835143583765522
760168,0.996465563083487
760169,0.7810138047654651
760170,0.21059764646111845
760171,0.998498300379293
760172,0.9694055150306992
760173,0.4346973871762445
760174,0.9950357243808479
760175,0.9490731810762986
760176,0.107854455554321
760177,0.7808836136141812
760178,0.9998788852074114
760179,0.9996624540141499
760180,0.046207731029978764
760181,0.41824418466819907
760182,0.9998026296643692
760183,0.4512413124985887
760184,0.29968284130254613
760185,0.9676780532732949
760186,0.8449166709161094
760187,0.9926952620775336
760188,0.1913788764550525
760189,0.9998865046754337
760190,0.9991964917303084
760191,0.005991849538144729
760192,0.23169819792273105
760193,0.9792421769615686
760194,0.0198331790503175
760195,0.7932862126514284
760196,0.760495635783091
760197,0.9998102112963172
760198,0.9693617910709666
760199,0.0116645099430405
760200,0.9996135372450686
760201,0.005166995702958796
760202,0.14430461965479097
760203,0.00491554723312034
760204,0.9968845102311706
760205,0.9998718545552316
760206,0.6479689209639978
760207,0.08383924018438393
760208,0.8243639298975949
760209,0.7116027874887442
760210,0.9996641860323695
760211,0.9298642061414253
760212,0.8921054146736965
760213,0.6344610641801707
760214,0.8751632054103806
760215,0.9969614005820131
760216,0.055036002747633705
760217,0.9999913547711274
760218,0.9986458574725501
760219,0.8429642656015379
760220,0.018986811856192633
760221,0.9620511425847592
760222,0.9996154133218341
760223,0.9971460622808432
760224,0.9974639371353513
760225,0.6761565301597221
760226,0.9999076021452677
760227,0.9813249130397407
760228,0.9981259076874622
760229,0.4825945620937627
760230,0.9996692507627272
760231,0.04187125925861063
760232,0.9861873743411196
760233,0.8412740676364694
760234,0.9967552037211937
760235,0.9975062170477617
760236,0.9965289759611764
760237,0.9981654984759357
760238,0.9993371337127571
760239,0.9937173917648728
760240,0.13709203492007865
760241,0.42376376346727795
760242,0.9936679347849929
760243,0.9996231398895128
760244,0.10985104601120574
760245,0.8295105718195959
760246,0.04920379469961342
760247,0.22137328784694507
760248,0.7341160525597751
760249,0.9998802390087782
760250,0.5581680268601941
760251,0.9999890686162596
760252,0.9986043944174312
760253,0.938440318176888
760254,0.040998900296456475
760255,0.9922951824810673
760256,0.9586509724365109
760257,0.508189975851951
760258,0.7068363017211201
760259,0.004366900341156366
760260,0.5537088256464754
760261,0.9998384211068699
760262,0.9985237704126303
760263,0.999970945236231
760264,0.9980825558714082
760265,0.7238992033850498
760266,0.9999718990208346
760267,0.9999067500568358
760268,0.999698100728968
760269,0.7586183187003215
760270,0.018595854215079873
760271,0.9993573616519205
760272,0.9981318744357082
760273,0.9998072199468548
760274,0.6649070803951935
760275,0.7358334578292073
760276,0.9996894352995813
760277,0.9995903169258028
760278,0.9745141807759339
760279,0.9978477910996205
760280,0.9977984130769533
760281,0.978414178769523
760282,0.03246273894330355
760283,0.4259229480764722
760284,0.507542907504566
760285,0.775458363117159
760286,0.5281292332952428
760287,0.9993895022526507
760288,0.922603799008669
760289,0.9999525791613126
760290,0.9961577755940627
760291,0.9998241118190074
760292,0.011830879617282068
760293,0.31170274405815196
760294,0.9957397327032451
760295,0.9918848326283936
760296,0.39558516005061467
760297,0.9999846394147015
760298,0.9998391591423483
760299,0.9700866846687661
760300,0.37545677324166704
760301,0.9692893557149398
760302,0.991268037815375
760303,0.21734910315864608
760304,0.08556562872164497
760305,0.9786632760906644
760306,0.7907820202137334
760307,0.6906036587858342
760308,0.2751350819984874
760309,0.9985797628201958
760310,0.2688430338190052
760311,0.06367839292549668
760312,0.9997242846203357
760313,0.999868052886914
760314,0.5829900623444374
760315,0.9501909565890503
760316,0.3702774442070841
760317,0.9988254892046107
760318,0.8761801921331979
760319,0.861273959905118
760320,0.8295581768592619
760321,0.9676852713506705
760322,0.3690943480514265
760323,0.6959469794539215
760324,0.6118620032116597
760325,0.06858155214282283
760326,0.9999013262934111
760327,0.877550300883129
760328,0.01748497857842809
760329,0.41314686290050084
760330,0.9997976438432563
760331,0.9964540403649246
760332,0.2980234750008596
760333,0.6530789541113484
760334,0.07413475046140999
760335,0.9999470797930773
760336,0.9984624966015384
760337,0.9709449125710721
760338,0.4867669079585157
760339,0.01890100520570075
760340,0.5765505947921461
760341,0.036160809467064375
760342,0.9978129599523435
760343,0.9999817308380541
760344,0.8477664860939472
760345,0.7080544704793927
760346,0.9817821496613969
760347,0.2450925629123839
760348,0.16391309653117206
760349,0.9999354602045358
760350,0.2904089750734408
760351,0.4542701774880748
760352,0.9850759994746543
760353,0.9974066555358986
760354,0.9989713653799761
760355,0.9947830730051334
760356,0.999921103145205
760357,0.8990870947501973
760358,0.21125772075330584
760359,0.41195544817804564
760360,0.9994891920240746
760361,0.0271528230515623
760362,0.013435603919037918
760363,0.9779343795860844
760364,0.8221027102022624
760365,0.847905812922193
760366,0.9997703220620715
760367,0.9139874474970694
760368,0.9990800850967088
760369,0.6949562113418359
760370,0.9999073637287224
760371,0.9812067797853585
760372,0.01457259166404493
760373,0.3872344589889096
760374,0.9980237352038506
760375,0.13315683897035985
760376,0.9754778583527637
760377,0.568600304081973
760378,0.7068790296320224
760379,0.4700255818970734
760380,0.024471985306919262
760381,0.9989166332787689
760382,0.09534848012574744
760383,0.992337802180018
760384,0.9982887856645166
760385,0.9008465094699566
760386,0.9996400057582443
760387,0.9791961476940593
760388,0.9425966282109929
760389,0.29553378658487767
760390,0.10774209328422185
760391,0.9970539791025301
760392,0.018435150467857212
760393,0.3721882435161804
760394,0.39520928939782596
760395,0.9945057682108058
760396,0.9995209890223249
760397,0.9996159175824293
760398,0.9864770898636301
760399,0.9999625780910426
760400,0.015710603785542555
760401,0.9949751015094626
760402,0.9985652831795402
760403,0.6869742053747496
760404,0.12351610294264793
760405,0.9995542303411782
760406,0.9997525134669507
760407,0.9530532824177335
760408,0.9815840341520106
760409,0.9879439149379319
760410,0.019453262094254912
760411,0.9263891156397002
760412,0.05351240787445446
760413,0.9948745510311338
760414,0.9241085971657275
760415,0.3323718657042348
760416,0.9997869292141296
760417,0.9995893704991852
760418,0.03355377050209421
760419,0.9996732932031
760420,0.9570015558450256
760421,0.03955765838234149
760422,0.9996887752650154
760423,0.6889598531913997
760424,0.39651584213164903
760425,0.3051246518492421
760426,0.993742629368312
760427,0.9998725336535275
760428,0.9776270172215479
760429,0.9998413878176238
760430,0.6438537349076013
760431,0.6821553119318474
760432,0.5375723649424636
760433,0.9995480289007129
760434,0.04293675201931325
760435,0.12530326059479463
760436,0.983804213105193
760437,0.02372073212406916
760438,0.3580771619781754
760439,0.9545557109892453
760440,0.9998531886932609
760441,0.9986665442881927
760442,0.9976581411563251
760443,0.9998126881075431
760444,0.9959334049939069
760445,0.23431869490250978
760446,0.9966117626146347
760447,0.319994585875331
760448,0.05082307507653117
760449,0.9994788674621016
760450,0.9543699018211934
760451,0.06351539067359602
760452,0.9926199542200836
760453,0.026186042766068993
760454,0.9325726809198571
760455,0.5181309791765947
760456,0.4884821481197015
760457,0.6759666860039534
760458,0.3253203631001028
760459,0.9936826689081903
760460,0.8760543801472098
760461,0.04010840595463867
760462,0.21548651393867868
760463,0.6710894895478424
760464,0.9971406790186363
760465,0.005200577147616364
760466,0.3325442636247443
760467,0.28849736739826826
760468,0.20787772353464407
760469,0.9995545283765332
760470,0.9147375874047573
760471,0.8329139804872532
760472,0.3569338692670384
760473,0.9814504707487091
760474,0.9999244517825152
760475,0.9989460972238022
760476,0.975005144936506
760477,0.9612816318640858
760478,0.6330720576608772
760479,0.9997457915717372
760480,0.996799959918091
760481,0.9717724672060255
760482,0.9945788313071751
760483,0.9993156190350327
760484,0.753187500084961
760485,0.9871063282262419
760486,0.9998786714479734
760487,0.44254326629499097
760488,0.8203420235919957
760489,0.9997652309157747
760490,0.9023792376774363
760491,0.7168135735617504
760492,0.3476060546185148
760493,0.996597912598755
760494,0.05265807725409409
760495,0.00306846403895994
760496,0.10475295198107255
760497,0.005347177160574609
760498,0.8758682848133332
760499,0.2733794653644626
760500,0.9999633141031472
760501,0.23947281861620606
760502,0.9364760188439758
760503,0.9983435571024952
760504,0.9844022922918185
760505,0.9969960664486097
760506,0.2577701429560387
760507,0.9999518679340569
760508,0.5353838560122008
760509,0.06373926615169574
760510,0.13193952625030506
760511,0.9999832569723074
760512,0.9998225439167221
760513,0.684637626190846
760514,0.9999406851208603
760515,0.9418772626024906
760516,0.9447691762884881
760517,0.31168271281804566
760518,0.5939468346790919
760519,0.178252395059102
760520,0.2596314979939272
760521,0.874570287389147
760522,0.7072353955286093
760523,0.06858373423855751
760524,0.06502687261560439
760525,0.9998869148007451
760526,0.9937528032462608
760527,0.9983016052300486
760528,0.986603993091463
760529,0.01039448381283619
760530,0.9380170720396841
760531,0.9996597840933847
760532,0.9986167383737863
760533,0.999727731172901
760534,0.33417980729166663
760535,0.8039497495214898
760536,0.9016269233103567
760537,0.9582629185528021
760538,0.9884222717803953
760539,0.8818321277043577
760540,0.9985166316655683
760541,0.9997868882058014
760542,0.100986194266077
760543,0.9997264557764839
760544,0.9928068879536414
760545,0.9712688436147905
760546,0.7025543869350488
760547,0.9960830496834121
760548,0.9984531114256936
760549,0.99976282372027
760550,0.19046870731368273
760551,0.9997903985223777
760552,0.3295008746797147
760553,0.014371357835280261
760554,0.973794860908572
760555,0.9999707528119781
760556,0.9740645370850469
760557,0.9999629665794845
760558,0.8191860863494187
760559,0.38626806490326193
760560,0.9998583117621538
760561,0.785933629534213
760562,0.019305221974732893
760563,0.9696487054574601
760564,0.0175175190836284
760565,0.7892280255224816
760566,0.3078330652983474
760567,0.958014033860993
760568,0.9988256429214972
760569,0.5113855541735542
760570,0.03317242953461617
760571,0.9970706643234831
760572,0.9014692086111971
760573,0.48248075591372463
760574,0.9996844151191793
760575,0.9998292721730476
760576,0.9995217604469466
760577,0.05558973300951994
760578,0.9883342835643228
760579,0.8353462836784777
760580,0.775884886360086
760581,0.9983409619251793
760582,0.9890653205642458
760583,0.9990407060755552
760584,0.9998570004318184
760585,0.24113996826829007
760586,0.1513314656006757
760587,0.39473807892290147
760588,0.9998572467075588
760589,0.9987474835954528
760590,0.9997993874448824
760591,0.99957265191948
760592,0.3642137000088681
760593,0.7647262806887487
760594,0.8537057793231049
760595,0.9579395121135025
760596,0.9987192041341502
760597,0.007722763588912018
760598,0.9998475962630465
760599,0.2800452454181079
760600,0.9854009519241781
760601,0.9996313053187631
760602,0.5763796580533185
760603,0.9775161311694087
760604,0.020661695086497487
760605,0.8772027150198837
760606,0.9753987958684603
760607,0.578438264763233
760608,0.9994877228405807
760609,0.9992626740911059
760610,0.023090005515607505
760611,0.9997066676045308
760612,0.9883429352897575
760613,0.6974429355342109
760614,0.7476621019979415
760615,0.033440905319508656
760616,0.8231742748093389
760617,0.4455323904316678
760618,0.9759355661065975
760619,0.0700366459919284
760620,0.07499100407619629
760621,0.299490911386804
760622,0.9971017165320044
760623,0.9998044999150455
760624,0.9999765113310737
760625,0.013043027894406927
760626,0.9962023208564257
760627,0.9862122432339069
760628,0.4116045824534993
760629,0.4215010883237402
760630,0.831761783642228
760631,0.998791407424366
760632,0.9968772105879964
760633,0.7924904442011327
760634,0.8259320847459724
760635,0.8941296273560408
760636,0.871681025293685
760637,0.533281404128694
760638,0.9979589931809068
760639,0.8529762914270389
760640,0.9999720095591583
760641,0.044687693464422334
760642,0.026716185188264324
760643,0.9947552996152005
760644,0.47422096116066237
760645,0.6390510540729251
760646,0.9492851045328138
760647,0.5377437034769678
760648,0.11899816648161615
760649,0.08930844272124262
760650,0.9664571967370309
760651,0.9893839129345627
760652,0.9990658764260085
760653,0.968945366198915
760654,0.9999761284554926
760655,0.9999751270613515
760656,0.9997731712294893
760657,0.2852607545505583
760658,0.9996195621842763
760659,0.9001819086996568
760660,0.9719520195184133
760661,0.3722131616575401
760662,0.18182340945715203
760663,0.9580136512431933
760664,0.6723346756316668
760665,0.23948960519970094
760666,0.9916098194931671
760667,0.9974647311679342
760668,0.996180064864957
760669,0.150403719392035
760670,0.9989674515545971
760671,0.5853906904298657
760672,0.9324733140335226
760673,0.9920517027344342
760674,0.9999525044129751
760675,0.2572773450085867
760676,0.9895097152951462
760677,0.9893028402173525
760678,0.9992303414529203
760679,0.999869129427801
760680,0.9910589519332815
760681,0.9980009028606303
760682,0.5952250081021414
760683,0.9999876476252516
760684,0.038790881024191946
760685,0.9999700343088238
760686,0.9979640078426955
760687,0.5660217784672047
760688,0.9984347128375018
760689,0.9820991663857287
760690,0.11125888902643895
760691,0.08963690301050853
760692,0.9907293499714576
760693,0.004351329717107727
760694,0.9611049112724759
760695,0.025959082861560533
760696,0.9844170967954576
760697,0.9548603660766347
760698,0.9998729763429245
760699,0.9994994503232519
760700,0.03584539895140258
760701,0.741903288576447
760702,0.9997258625568652
760703,0.5671049220052847
760704,0.7467826563973033
760705,0.6307040400212088
760706,0.08874352236169661
760707,0.9993815948826879
760708,0.9997847584317854
760709,0.78459930631001
760710,0.9991625133864395
760711,0.9690156986854563
760712,0.5638211368758654
760713,0.9966035099320701
760714,0.9885971852504256
760715,0.9954640977676645
760716,0.42229182437385493
760717,0.9999287202385658
760718,0.9993996574523436
760719,0.1674683409995624
760720,0.7464664197398513
760721,0.9970080703527322
760722,0.044769989802852614
760723,0.02190931462916154
760724,0.9987637145120942
760725,0.6024565491114173
760726,0.2551063336083648
760727,0.2286565576407208
760728,0.9691142371570375
760729,0.9944275697526199
760730,0.7769249354247366
760731,0.93975292095416
760732,0.2525555133232903
760733,0.9869796670538713
760734,0.5159358331888672
760735,0.9473818077714462
760736,0.19576503225152336
760737,0.99981832872048
760738,0.9996061675129984
760739,0.009407912111273984
760740,0.931991348994492
760741,0.189790732738341
760742,0.9990311724813286
760743,0.9988056995517394
760744,0.9997560352758532
760745,0.9999550627459972
760746,0.46063277420987014
760747,0.999980075076952
760748,0.828017234776301
760749,0.3775413977820326
760750,0.5187821207423139
760751,0.8210181718377918
760752,0.9998431863827768
760753,0.9617923436630413
760754,0.021196658639390638
760755,0.9879105311432314
760756,0.9999971562009498
760757,0.9869812182164668
760758,0.36709878586975014
760759,0.9472886372601503
760760,0.9999738130741767
760761,0.0353525600136878
760762,0.09430566616962059
760763,0.9139860935470512
760764,0.03347471916976116
760765,0.9997909773894755
760766,0.06491252044743061
760767,0.8382855297106551
760768,0.7973681751691839
760769,0.9684584044618114
760770,0.9992580985914562
760771,0.9546670524405847
760772,0.9976231422542423
760773,0.7987647098503812
760774,0.9101758334306822
760775,0.6256663334893795
760776,0.9999040912749346
760777,0.9998865841632993
760778,0.17223619765539175
760779,0.35709189685151377
760780,0.9536992607025285
760781,0.019211268626116842
760782,0.9998984140892744
760783,0.976922543503131
760784,0.9975601888603592
760785,0.05924961154462399
760786,0.8727221669622205
760787,0.2585605687203528
760788,0.9996736198908291
760789,0.6252934902388722
760790,0.9972117433747181
760791,0.9998514386665249
760792,0.8673363825360535
760793,0.9998872939734543
760794,0.9980990022480856
760795,0.992452579336248
760796,0.9998990491037223
760797,0.3975197068823275
760798,0.42088765537970807
760799,0.4150070786398647
760800,0.9398155193069501
760801,0.9894139805272255
760802,0.9762508883808183
760803,0.9985848261401599
760804,0.8346434903419027
760805,0.992959212053722
760806,0.9998921140498289
760807,0.5720438416024305
760808,0.1119254772581316
760809,0.9957152511069846
760810,0.9766168266586416
760811,0.022005994038422586
760812,0.999664086185857
760813,0.2970169425708194
760814,0.9977057661888917
760815,0.043905734227858706
760816,0.9932178230239257
760817,0.9999478280163241
760818,0.5241196436631759
760819,0.9983267904931066
760820,0.9982666514477192
760821,0.9997001521946365
760822,0.8853025605032914
760823,0.3034777947335981
760824,0.9375004972846874
760825,0.9998785272702031
760826,0.6733613713036041
760827,0.9998195539010286
760828,0.9998388559939051
760829,0.7171840311521389
760830,0.996184669411459
760831,0.9215922477110899
760832,0.9990939395157995
760833,0.11946683948051735
760834,0.18780084757992924
760835,0.25142510025803544
760836,0.020200483520874512
760837,0.08631859833427721
760838,0.09004621304215654
760839,0.14664364004792244
760840,0.9999900711666094
760841,0.9420436319943584
760842,0.8556874448439695
760843,0.9996616189771481
760844,0.5211429311308373
760845,0.9663967008899264
760846,0.9999828584112006
760847,0.6818968886835364
760848,0.6936152115819096
760849,0.2999536893372464
760850,0.9934703235590578
760851,0.9649574563227219
760852,0.9998258777656144
760853,0.999925765405197
760854,0.9948199688866581
760855,0.999556803269105
760856,0.9608732470911155
760857,0.9999451045143459
760858,0.08819632442769286
760859,0.9977298148176723
760860,0.04526789079037157
760861,0.9999528098810284
760862,0.15185090586555508
760863,0.9934777604802052
760864,0.9990599841004093
760865,0.019283176067848823
760866,0.7196766666592708
760867,0.9993239324566917
760868,0.9972539842723438
760869,0.06898539155511565
760870,0.02801029288972822
760871,0.9998328176791045
760872,0.9814102654426894
760873,0.9999669306382937
760874,0.9934729568586464
760875,0.9983048223889012
760876,0.3262739471804977
760877,0.9940542043285405
760878,0.29593005678036705
760879,0.18622082486200942
760880,0.9015848556963714
760881,0.5704794316379344
760882,0.9009526822853742
760883,0.2856515823465371
760884,0.020686186913666436
760885,0.9995360641923101
760886,0.9985155783639772
760887,0.9999468367453072
760888,0.9346175422767931
760889,0.9784396010261138
760890,0.05255180803885531
760891,0.9999738386162955
760892,0.9905629154354731
760893,0.5070094317602865
760894,0.9995448534182383
760895,0.3177182694280084
760896,0.9078337528363396
760897,0.999387975039097
760898,0.9769918240370099
760899,0.9972220277613746
760900,0.025150729980275538
760901,0.6236543543595681
760902,0.045017931029395025
760903,0.9999893009461537
760904,0.9996057355024994
760905,0.9781306201345774
760906,0.9996586461914428
760907,0.9948607980372717
760908,0.9998459437801646
760909,0.6958420248070101
760910,0.009896938472600486
760911,0.5504101798197947
760912,0.4886158678829541
760913,0.8381210473196156
760914,0.9148700411367356
760915,0.9349306488453283
760916,0.9932711608228219
760917,0.9999819162110762
760918,0.009995924716907467
760919,0.9996419666979581
760920,0.1468197000995644
760921,0.9993128035302155
760922,0.9993496654747007
760923,0.9999803727047198
760924,0.9568825686019906
760925,0.03856255880109001
760926,0.9973982698233661
760927,0.9918314443437029
760928,0.5065649551225544
760929,0.9969106649425603
760930,0.7219189520174867
760931,0.9973315904656523
760932,0.29983719477745663
760933,0.9963702656254574
760934,0.5324449111957156
760935,0.9652184784078428
760936,0.417087942201744
760937,0.6533378431643665
760938,0.8753432445124396
760939,0.9993031063212484
760940,0.9992435483175589
760941,0.9996657291465266
760942,0.04565378444629948
760943,0.9997952298096513
760944,0.08550889718906292
760945,0.8237413246036881
760946,0.9993528813432321
760947,0.9960718873575594
760948,0.9964230040710093
760949,0.9987074529500974
760950,0.6715436851535332
760951,0.999503121111819
760952,0.6538159543067439
760953,0.999876940440541
760954,0.9975694462419971
760955,0.1720000783061356
760956,0.9948586860555054
760957,0.4011976436861804
760958,0.9966831859965012
760959,0.15303708535083946
760960,0.4132233213447689
760961,0.08583340127859139
760962,0.9883503752934797
760963,0.9910157613781723
760964,0.9996864207716182
760965,0.9768258138525108
760966,0.9991078214705782
760967,0.03019475419974973
760968,0.9659265588252759
760969,0.2293112378357909
760970,0.9994538387431673
760971,0.9997980188763704
760972,0.006744458314925298
760973,0.398690468302624
760974,0.2981059420574539
760975,0.017814792377857623
760976,0.739971274147808
760977,0.8735835299422465
760978,0.7378035622026342
760979,0.9603364515355909
760980,0.991576014168803
760981,0.15683885538184988
760982,0.9847538030411611
760983,0.9991552337367295
760984,0.0308232041660366
760985,0.8415653017968391
760986,0.9990397106240652
760987,0.9976048521412811
760988,0.7477728836164538
760989,0.9471916734226108
760990,0.06669595099606185
760991,0.9994449854136291
760992,0.9997249283050962
760993,0.8358365856732778
760994,0.9856830042496808
760995,0.9255730177542276
760996,0.1365136837817629
760997,0.9247102471569546
760998,0.9980069276549562
760999,0.19882361040296462
761000,0.0688637485888686
761001,0.9996009732292856
761002,0.9813020715443082
761003,0.3712800132107701
761004,0.9858245512109951
761005,0.03114414464644749
761006,0.6973493118722343
761007,0.9984604162690507
761008,0.9999661153573332
761009,0.9805126313153932
761010,0.9978842522330201
761011,0.6707809460506584
761012,0.00149207756523801
761013,0.3982507981567247
761014,0.9999276571528763
761015,0.0480128122195158
761016,0.9564129899168956
761017,0.997325919282841
761018,0.9119690792241774
761019,0.41582353690798235
761020,0.963111305097022
761021,0.9996067386764864
761022,0.2952822081896511
761023,0.1594355857259091
761024,0.7579199281309028
761025,0.9835773858171677
761026,0.45881450485378283
761027,0.9998845982671194
761028,0.19881293867941605
761029,0.09274698291217248
761030,0.447378064907929
761031,0.9999791156278954
761032,0.04587934960434652
761033,0.9658519329157378
761034,0.9999071880203803
761035,0.949598239594548
761036,0.952502281211328
761037,0.6953237111804889
761038,0.6538403061692125
761039,0.8784569923373771
761040,0.7814486043260794
761041,0.7615958930589048
761042,0.9481911186227778
761043,0.24821727127567134
761044,0.8584632024833773
761045,0.9985902682954517
761046,0.7203010509675773
761047,0.9934033502534156
761048,0.9943787570778486
761049,0.9998274206946582
761050,0.021688853881440665
761051,0.6333300018899356
761052,0.2543481428541025
761053,0.8244194686475724
761054,0.6564262881597848
761055,0.05528768165949502
761056,0.9998895989041492
761057,0.9996981725447038
761058,0.9110791434989697
761059,0.22184569949614455
761060,0.9273446767435092
761061,0.5826126562902441
761062,0.8344382013637002
761063,0.9992096243783736
761064,0.9954310166233564
761065,0.9999280008219957
761066,0.15160753160562584
761067,0.9048411246763034
761068,0.9999843436129212
761069,0.9899408703248935
761070,0.9995193010867411
761071,0.9995372146855223
761072,0.9971045680168229
761073,0.951356045721591
761074,0.9909270259636392
761075,0.04643972014102775
761076,0.9232249070790206
761077,0.9939411044808979
761078,0.9998597308021803
761079,0.9996412381499703
761080,0.9732534463236944
761081,0.695429555935624
761082,0.9998944918513234
761083,0.4472024680995146
761084,0.9681820645722543
761085,0.9935030786886524
761086,0.013316640801292887
761087,0.9752520310421671
761088,0.9994789378074429
761089,0.999928658063851
761090,0.9946008391956238
761091,0.40192568979573173
761092,0.9999676259492601
761093,0.3042542217633061
761094,0.9570253881780852
761095,0.9977003694583653
761096,0.08462599740821014
761097,0.10878053186740347
761098,0.8476816876227673
761099,0.9292350166110857
761100,0.99995658785559
761101,0.9493924325579066
761102,0.999908675157734
761103,0.7712768978909621
761104,0.9989948487535065
761105,0.06432420625472886
761106,0.9999635091702443
761107,0.9994791108517187
761108,0.6179713689914306
761109,0.9999042377862393
761110,0.9995048940400497
761111,0.9499695463548468
761112,0.9996437341907236
761113,0.9994515860299666
761114,0.4319287229713713
761115,0.9988946026875977
761116,0.915612787083849
761117,0.4314123697043126
761118,0.13752583497422438
761119,0.9350506577390918
761120,0.9995057987979274
761121,0.9306377323759144
761122,0.9596244190313693
761123,0.9996444760288266
761124,0.01409938928869605
761125,0.9953866333142705
761126,0.055351002821167325
761127,0.03064572112009629
761128,0.999803300570171
761129,0.9982863554593546
761130,0.18704496676682908
761131,0.2567532667008602
761132,0.999977771638912
761133,0.10159071229606281
761134,0.7448160502632
761135,0.9768876990640979
761136,0.9957849145077798
761137,0.9990121615260853
761138,0.0029562691993277406
761139,0.9998172796802492
761140,0.9597824567795923
761141,0.9999527597558958
761142,0.031117201236217258
761143,0.9996663252365069
761144,0.028212256629522165
761145,0.22896729545354158
761146,0.33520246666369014
761147,0.5984990807967201
761148,0.3364913670187362
761149,0.571314078234023
761150,0.3701291957239714
761151,0.9997792095895598
761152,0.9575538286110773
761153,0.9504988290370242
761154,0.9895615594374123
761155,0.9762993797173365
761156,0.997958010393226
761157,0.5619758523703138
761158,0.9554612531643112
761159,0.9993893647214593
761160,0.54848356604382
761161,0.9999750532704847
761162,0.033692029647511036
761163,0.8642301125342409
761164,0.9999465723211631
761165,0.6231235470307761
761166,0.012011008326242703
761167,0.9997808333068462
761168,0.7760692692462662
761169,0.6623358260633179
761170,0.9993196985233069
761171,0.9591307189494734
761172,0.9993598319319683
761173,0.961725994413614
761174,0.16070930151812823
761175,0.9991062081256213
761176,0.9827326942372054
761177,0.9553808621585521
761178,0.9949951101415264
761179,0.9892294573141731
761180,0.021544002285994596
761181,0.632682417660275
761182,0.005106476076428752
761183,0.019535444941979133
761184,0.38137134174573994
761185,0.8742425043074336
761186,0.9505783659766164
761187,0.9446161120511507
761188,0.9996979773076871
761189,0.9999258272787752
761190,0.2623602886468071
761191,0.19249456210996416
761192,0.0982033459605815
761193,0.05039387314154953
761194,0.0060855078276863435
761195,0.9999777151629003
761196,0.999955771487304
761197,0.9336904624677811
761198,0.016607613961006157
761199,0.999572661743868
761200,0.8106306815437383
761201,0.9862917553570467
761202,0.774153449577722
761203,0.9998467456032648
761204,0.07640490684232445
761205,0.7457382011347804
761206,0.030904151969026475
761207,0.6817776286792908
761208,0.9997638452019799
761209,0.47656778895471263
761210,0.25351360991389693
761211,0.9773834775597247
761212,0.3019017275081236
761213,0.4737989747929878
761214,0.9999371872337749
761215,0.2553749809501079
761216,0.9919961553414247
761217,0.9954409005009952
761218,0.9999517880580624
761219,0.38769382840210886
761220,0.8027613097331856
761221,0.9995724595696278
761222,0.667121733331383
761223,0.42037335253865094
761224,0.999746261136127
761225,0.2902314546270165
761226,0.9998117529195418
761227,0.9103451412983312
761228,0.678375316298441
761229,0.9777109221731286
761230,0.9970338141194737
761231,0.9989902844125863
761232,0.5328668136059738
761233,0.987946105061559
761234,0.9799208252748268
761235,0.8354733497603742
761236,0.9654977208791617
761237,0.9984431738039097
761238,0.9995146504455287
761239,0.23641302156823055
761240,0.9994280396436144
761241,0.9997302702217372
761242,0.9997354955728257
761243,0.9989686273351035
761244,0.23156467736584105
761245,0.9997758320130501
761246,0.9918178633456836
761247,0.6453025295937036
761248,0.9397117966288155
761249,0.9999303299677225
761250,0.9999838646230429
761251,0.9999498095196284
761252,0.9999655222717035
761253,0.9197474160441776
761254,0.9999280830847965
761255,0.7934472029998791
761256,0.9500078526048636
761257,0.9996725890709328
761258,0.009468801817242928
761259,0.07150244289780967
761260,0.9897400476928538
761261,0.9999892109697838
761262,0.9999067805783992
761263,0.8383629620141761
761264,0.2285863708253759
761265,0.0581674545034727
761266,0.9985353027752603
761267,0.999897280333131
761268,0.10761265433960371
761269,0.38205752100123613
761270,0.9915438287560113
761271,0.9990282481073964
761272,0.9937802483445772
761273,0.9834848798122368
761274,0.9653108782682429
761275,0.9969858659758197
761276,0.999967964649921
761277,0.9931705634367433
761278,0.9387173927774752
761279,0.9999246839321895
761280,0.9691774676249638
761281,0.9805811409296517
761282,0.050545373838850716
761283,0.9998949966850381
761284,0.08661977546311253
761285,0.9998481775984274
761286,0.9328517141716862
761287,0.9343024967784744
761288,0.9870516299694336
761289,0.9998612809416914
761290,0.7554379130158849
761291,0.09714382319178298
761292,0.9846040219314423
761293,0.537704321393271
761294,0.459725013984707
761295,0.9996338908376241
761296,0.9994875537739756
761297,0.886239101780943
761298,0.9989664759129586
761299,0.014223864960681927
761300,0.0318100151881395
761301,0.9929566742313551
761302,0.9999716900346045
761303,0.8758986594295164
761304,0.9960713572887969
761305,0.9947406786319041
761306,0.9853271666515144
761307,0.09714164468980127
761308,0.9898018906924084
761309,0.989663587853437
761310,0.09690376788810998
761311,0.6539262469433186
761312,0.99132054250245
761313,0.9999753314178962
761314,0.076775394011195
761315,0.9973880493382287
761316,0.9975155549810326
761317,0.9935780115795261
761318,0.9979829048516923
761319,0.9935351684201376
761320,0.6242335165599181
761321,0.989398764996788
761322,0.9971373029281925
761323,0.9278783868307936
761324,0.24261862765458614
761325,0.9499777398681306
761326,0.03768069685212488
761327,0.9998490669765174
761328,0.9999490185539979
761329,0.9944908390506422
761330,0.029514198096899723
761331,0.6003193481129416
761332,0.05271006246887452
761333,0.9995670884348
761334,0.9994297870387804
761335,0.48186383034000846
761336,0.9986431467118657
761337,0.9948484479894355
761338,0.47037957600610397
761339,0.9697037776020517
761340,0.9999214485703669
761341,0.6270545291711428
761342,0.9951750547456111
761343,0.13641694359459233
761344,0.9996752919750503
761345,0.9828359010820128
761346,0.9992026242294509
761347,0.999815365590168
761348,0.9999520727398882
761349,0.28402784201084663
761350,0.9998640134802053
761351,0.9850723115607338
761352,0.812921013497783
761353,0.9998414983088293
761354,0.06254268422638527
761355,0.9997106440733659
761356,0.46834580709367535
761357,0.861926394039829
761358,0.9993387368140219
761359,0.2002147915906352
761360,0.9468121979338338
761361,0.17143829163271107
761362,0.1904314227532096
761363,0.6843670183546748
761364,0.9987607467289874
761365,0.967851951451858
761366,0.04767764189510747
761367,0.4821275491553796
761368,0.9140858066013335
761369,0.9999086667326285
761370,0.040827360925177934
761371,0.9994424842024003
761372,0.6534602965154311
761373,0.34048880982183544
761374,0.0717652511703086
761375,0.9985042677087677
761376,0.5668009425642956
761377,0.9483356525323399
761378,0.9986776389731566
761379,0.9607600884159707
761380,0.16898321843542546
761381,0.9989974629127926
761382,0.9504487185371039
761383,0.9937751222021102
761384,0.09763533471822525
761385,0.2558563177168124
761386,0.9996384544418402
761387,0.43724886119968087
761388,0.808312641723913
761389,0.9994508319970208
761390,0.9999545662233353
761391,0.42196865794716154
761392,0.8462239599823794
761393,0.9998777530063312
761394,0.9990222543575193
761395,0.031097822910152763
761396,0.8537343006648698
761397,0.2974591597068086
761398,0.9977742660298845
761399,0.33124942889126363
761400,0.9950722491401225
761401,0.5555716708416303
761402,0.7786860612476042
761403,0.016108817132234776
761404,0.9966932475490144
761405,0.8185978544427629
761406,0.209366930145042
761407,0.16128104219022688
761408,0.999985900031892
761409,0.9972836416179176
761410,0.48915063128578845
761411,0.7545195023567017
761412,0.08930508936267822
761413,0.9262537391202756
761414,0.9996979057697672
761415,0.9884900179456451
761416,0.9999792583822997
761417,0.14361121485728578
761418,0.9998492290525087
761419,0.973925734109321
761420,0.2181394852460298
761421,0.5353626249268973
761422,0.1465950184843145
761423,0.9848655260606902
761424,0.5744306672365564
761425,0.9996271226580205
761426,0.003151357960323571
761427,0.8183308959488725
761428,0.5677636274315926
761429,0.504725645154461
761430,0.9944113126491181
761431,0.999916215102632
761432,0.9993730983017646
761433,0.4099117318837147
761434,0.16826629050119166
761435,0.4468404777863384
761436,0.31120020601516807
761437,0.6147076441149939
761438,0.9992578989068381
761439,0.052007043610043144
761440,0.9989464499092284
761441,0.9999898795070922
761442,0.054673015187108265
761443,0.388136890680964
761444,0.8051290965881461
761445,0.2020887414457696
761446,0.9324372980196725
761447,0.28098567991224743
761448,0.9999269982447675
761449,0.9991669422438955
761450,0.9926624028882203
761451,0.9943859860899655
761452,0.04241828664364112
761453,0.013095603251981325
761454,0.9929182483672333
761455,0.9998808124880716
761456,0.058769571798149796
761457,0.9994811864487589
761458,0.7189306777725126
761459,0.9943600002317903
761460,0.05404659242798411
761461,0.9995475059155634
761462,0.9998892660102345
761463,0.9613427995511099
761464,0.4118114972857627
761465,0.9958084050952843
761466,0.5435624562453302
761467,0.011641601054716302
761468,0.9555510023983884
761469,0.9997811938359754
761470,0.9994207445208363
761471,0.16270580169553062
761472,0.6705079502577087
761473,0.9990336873310786
761474,0.9436109555827688
761475,0.018408239608285266
761476,0.9967413443825774
761477,0.9999631955579308
761478,0.9878455136675156
761479,0.5966041085749304
761480,0.9964571992234671
761481,0.8273645198074466
761482,0.10225224660104947
761483,0.6295653039727651
761484,0.674993440201842
761485,0.9804153153028364
761486,0.9999616825716635
761487,0.9998688263979145
761488,0.985810948975219
761489,0.8853495840997645
761490,0.9962126122625121
761491,0.9900115206813814
761492,0.9876243992512317
761493,0.870634377499089
761494,0.9979829093530521
761495,0.651234026629286
761496,0.3814115653134
761497,0.9959377653123653
761498,0.3535363149895606
761499,0.9995216288877932
761500,0.1277065097023671
761501,0.9999385095889207
761502,0.9961826780143673
761503,0.9081963358808203
761504,0.9678685608262492
761505,0.9225015611785328
761506,0.6392641772613065
761507,0.9982909993152385
761508,0.4372526940838801
761509,0.15359830446182934
761510,0.028364426191349056
761511,0.798350120192101
761512,0.6245412929009994
761513,0.7533124841402865
761514,0.5622358316615599
761515,0.2136711428835425
761516,0.9719042352710912
761517,0.3162156960268086
761518,0.965591994500806
761519,0.9894904356040229
761520,0.63463622645897
761521,0.9999394363282986
761522,0.6028019700585648
761523,0.9579113703544637
761524,0.9973613799530714
761525,0.4850523275288054
761526,0.9555007734129806
761527,0.9908225758132991
761528,0.4371543862104077
761529,0.9681527514323349
761530,0.9999551416592999
761531,0.15415525340839242
761532,0.3511328144623063
761533,0.9996474962825868
761534,0.999886652861189
761535,0.9991750861866516
761536,0.4310255597535029
761537,0.8360667540461411
761538,0.9941020200047855
761539,0.9997536250992125
761540,0.6273273883063646
761541,0.11693114932790402
761542,0.994274270479859
761543,0.7596198885274048
761544,0.6000723005285147
761545,0.4903022657823789
761546,0.999980567528844
761547,0.9958598439065965
761548,0.5031136769832897
761549,0.40141987418864705
761550,0.99940010968555
761551,0.04316828944710737
761552,0.6335797293977192
761553,0.03919893329408808
761554,0.9964679120763031
761555,0.9992300107486338
761556,0.17283871530141393
761557,0.9987471764870461
761558,0.9985644125112559
761559,0.9278905568562343
761560,0.6805026252476047
761561,0.879459013390324
761562,0.9996009490184687
761563,0.0424236924297821
761564,0.01461053227779142
761565,0.006528209408502448
761566,0.39578786760306295
761567,0.4766062775956867
761568,0.9267409863264228
761569,0.9999016364248687
761570,0.04625452194860717
761571,0.9998388992355458
761572,0.9790514759962555
761573,0.996120546484327
761574,0.5909443562783091
761575,0.5843574885718854
761576,0.7523428868430763
761577,0.9998050431057702
761578,0.005285110969703587
761579,0.773467712325708
761580,0.9170309609945343
761581,0.9989756985975446
761582,0.9995382522863423
761583,0.2550225945251118
761584,0.3129416372096016
761585,0.9996088134454875
761586,0.0026594084043552596
761587,0.174912800776552
761588,0.550713290079427
761589,0.9775755076801478
761590,0.9995819013962675
761591,0.38147319146798275
761592,0.9955601939241625
761593,0.5328117804750204
761594,0.06848297385793736
761595,0.8519230304577412
761596,0.24242561916881292
761597,0.6432716685393158
761598,0.7880514453959082
761599,0.998767545009081
761600,0.9838566470701444
761601,0.9999706332048857
761602,0.9816287813503091
761603,0.9996920813800746
761604,0.33569425590952884
761605,0.9833699652894317
761606,0.41035340266573894
761607,0.8976640292783504
761608,0.9999722743156159
761609,0.9238381717310082
761610,0.2267893756534015
761611,0.7090177075718087
761612,0.9563215757049134
761613,0.7193400112851015
761614,0.9992800300228655
761615,0.9984935629039072
761616,0.4156280933744268
761617,0.33940805252555456
761618,0.9999522646501026
761619,0.7014891732933477
761620,0.9995546166639482
761621,0.0217287458809493
761622,0.02391976375453938
761623,0.036088638285310386
761624,0.7414039862840275
761625,0.6171255132971308
761626,0.999951566532496
761627,0.7214080389601192
761628,0.9632231937569483
761629,0.9993613790898546
761630,0.7218928839514518
761631,0.32369003580551803
761632,0.9670885331861117
761633,0.04171869109945204
761634,0.9570633904388998
761635,0.515586445321024
761636,0.5552805459968199
761637,0.008135668660421721
761638,0.7686493392959081
761639,0.05282875866033705
761640,0.9987705748890996
761641,0.9993649094606157
761642,0.9995458903911717
761643,0.9977159998853065
761644,0.9246759983333503
761645,0.9986393193391996
761646,0.9999956321508479
761647,0.47619054734671634
761648,0.2952806122771409
761649,0.9344882218573115
761650,0.8945669083437746
761651,0.9969235798188703
761652,0.525654334933184
761653,0.6039759944782173
761654,0.9996809465428642
761655,0.1440412513944176
761656,0.9790689238955289
761657,0.6194832475356373
761658,0.9985723038273713
761659,0.9952025219008694
761660,0.9954003137031112
761661,0.008348923600939598
761662,0.012291911150920383
761663,0.9925555432357624
761664,0.9999270519021615
761665,0.981575775622932
761666,0.09997957849051023
761667,0.9999539454968719
761668,0.996286924419844
761669,0.9882369866561791
761670,0.40223338180886525
761671,0.8969493367662231
761672,0.11041153966219577
761673,0.10072562912298438
761674,0.00148927263152162
761675,0.7551429759359396
761676,0.9998289952199477
761677,0.9986926351207146
761678,0.7069244080630388
761679,0.9720401414797426
761680,0.9960469379414584
761681,0.9652688424214131
761682,0.6786072125178715
761683,0.996973941058952
761684,0.4029480566152833
761685,0.6498281836033359
761686,0.6305750752328225
761687,0.7301093488025223
761688,0.8630885525425589
761689,0.9571971654767244
761690,0.37353352024176534
761691,0.9436236447028032
761692,0.522344158838015
761693,0.03168303223657042
761694,0.9999820922812369
761695,0.041673889017388804
761696,0.5994504838698808
761697,0.8386794312227042
761698,0.08700611704365516
761699,0.33924968616110385
761700,0.05813333357104173
761701,0.5435657115373828
761702,0.8031069828626749
761703,0.30236679360886987
761704,0.9539363509363209
761705,0.9981631356864764
761706,0.09373272687244279
761707,0.41300812405119025
761708,0.9999514402089154
761709,0.9992101374072295
761710,0.06791935088432013
761711,0.9339761744205864
761712,0.9857677877565848
761713,0.9999891364819488
761714,0.999981786939119
761715,0.9999539944490566
761716,0.9710045831155071
761717,0.739436248881727
761718,0.970308245831818
761719,0.018860797542878976
761720,0.9989936694405099
761721,0.6539063041324386
761722,0.9998243910994592
761723,0.9944280087381525
761724,0.8257801544024312
761725,0.06998439550936196
761726,0.12199630219783354
761727,0.9997922012742284
761728,0.9998720027753115
761729,0.9992140865032733
761730,0.9999727840727749
761731,0.03250037669970813
761732,0.3610783004746913
761733,0.2919094750101515
761734,0.99986899050125
761735,0.6792332787068126
761736,0.38217970171314314
761737,0.9839662325253228
761738,0.017460292040142756
761739,0.6698207104649545
761740,0.9896620493046887
761741,0.8577950989484693
761742,0.9954587873433788
761743,0.0776851389808537
761744,0.999042772993022
761745,0.9998348485770496
761746,0.029496820340328953
761747,0.6551166804883363
761748,0.49907939354548286
761749,0.0841129527220312
761750,0.023362385326832005
761751,0.01107311836302368
761752,0.9930726148363628
761753,0.017384147119342726
761754,0.7974246183519439
761755,0.26942101231174964
761756,0.9993989299193218
761757,0.9997952213104498
761758,0.028289722932830528
761759,0.9954008373072907
761760,0.998385317013347
761761,0.9993653282473618
761762,0.1886369776692181
761763,0.9998287919621492
761764,0.999555670101461
761765,0.9877162559704429
761766,0.9996213772755703
761767,0.9968520645137091
761768,0.9961575633495141
761769,0.16948361785022517
761770,0.9999181528272734
761771,0.9999795216466663
761772,0.9873944099154626
761773,0.4857283190222049
761774,0.0011567724959553297
761775,0.5806327052379976
761776,0.9998710043178878
761777,0.7043035351587736
761778,0.04058643934913548
761779,0.9435487613252238
761780,0.3763803394479312
761781,0.3142979858921146
761782,0.9673141350832242
761783,0.5016949505888793
761784,0.2673215412406007
761785,0.9999345898536923
761786,0.9882588803428282
761787,0.9959486027636631
761788,0.6091116580434895
761789,0.9183742424094213
761790,0.7880544807225758
761791,0.9989276174502613
761792,0.0712483133825018
761793,0.9027411742270042
761794,0.8198080554321142
761795,0.19058445430656928
761796,0.016650187499868126
761797,0.013323983846138006
761798,0.2681538499438577
761799,0.9999051395137721
761800,0.5353033378299331
761801,0.9712712336953486
761802,0.24511365863097112
761803,0.5539543381155967
761804,0.0014838725916582387
761805,0.9996167973773891
761806,0.9997385283919386
761807,0.5428365275114202
761808,0.72353712335192
761809,0.9996834077478263
761810,0.9498230070387328
761811,0.999885872870318
761812,0.9999177421334953
761813,0.9931358328474695
761814,0.8255627789660438
761815,0.22887977691421388
761816,0.9995452128638911
761817,0.9643501074334652
761818,0.06486518745167968
761819,0.04309960942750346
761820,0.8859289914255369
761821,0.999816515330401
761822,0.605836168224619
761823,0.9836456777479159
761824,0.9449858715319863
761825,0.14804382219666512
761826,0.7890706878783919
761827,0.731396183478277
761828,0.1116579688787481
761829,0.9975731825206685
761830,0.9121227356845473
761831,0.46168784393758333
761832,0.9316746036151936
761833,0.8894528704523743
761834,0.9997806232243924
761835,0.39529069931602834
761836,0.9975644503700809
761837,0.9977484811086315
761838,0.9946663739953241
761839,0.9997788222077021
761840,0.9996913670740208
761841,0.9994111039288175
761842,0.9844512405878942
761843,0.7007806354915229
761844,0.6089297836844272
761845,0.9307326364646902
761846,0.9999797857507977
761847,0.35081083260903534
761848,0.9792705114309094
761849,0.9983214029101773
761850,0.8219482289478315
761851,0.9995213560774339
761852,0.9998855975927572
761853,0.9991961932321889
761854,0.3116680594647815
761855,0.3215889306269438
761856,0.9999597083121583
761857,0.708630340095751
761858,0.9978685786331252
761859,0.33139019924986257
761860,0.012618741070376693
761861,0.03634784939348622
761862,0.8202992868281509
761863,0.9996303370164268
761864,0.9385073528438534
761865,0.9980898355491079
761866,0.9625980116793791
761867,0.9882782485480344
761868,0.9995413095035424
761869,0.8215519026277447
761870,0.07535414062846783
761871,0.9995195522681941
761872,0.2751984635908903
761873,0.743847190350508
761874,0.9965330731546674
761875,0.9973426643199637
761876,0.5089750387425607
761877,0.9998570042158627
761878,0.9999688107903641
761879,0.4222856968498982
761880,0.5340304697051312
761881,0.9996516721997522
761882,0.9999242025207786
761883,0.9996321772053273
761884,0.8698262866169053
761885,0.9977802162568432
761886,0.9989496388527929
761887,0.9964494800567023
761888,0.8857786248069618
761889,0.04835361767470324
761890,0.027302601106272185
761891,0.9962240283600478
761892,0.013806365228213673
761893,0.9998895066965781
761894,0.9980885732242211
761895,0.9986203397626903
761896,0.9983685550154714
761897,0.9999763873757016
761898,0.9979506840584358
761899,0.9849531580858333
761900,0.9152058366430769
761901,0.6555687233153145
761902,0.9999573050503109
761903,0.9996468732046997
761904,0.9839846925341966
761905,0.4661707232896418
761906,0.9999801378484869
761907,0.9993997425727451
761908,0.02517963839132012
761909,0.9987514548685377
761910,0.9998703372924791
761911,0.9988503882570084
761912,0.9949387361064215
761913,0.9985863482729491
761914,0.9721732591662835
761915,0.9895584181895063
761916,0.07657283423156948
761917,0.0348744511858647
761918,0.3321452800381353
761919,0.9293781066289835
761920,0.6846876554600857
761921,0.20591874392978649
761922,0.2645133819474587
761923,0.9997578889671401
761924,0.9839897093117702
761925,0.9392558316410271
761926,0.02312569239622451
761927,0.9999937548539496
761928,0.9999749635758634
761929,0.7589172961912016
761930,0.9962792436344252
761931,0.028608898863677255
761932,0.9975287453287689
761933,0.9994285423742018
761934,0.9926455352560426
761935,0.9999674855325291
761936,0.9998939212178318
761937,0.21917182415187117
761938,0.5599216978587555
761939,0.6264171210915499
761940,0.9995099710714578
761941,0.9998055675660015
761942,0.37071300416428754
761943,0.9998457681304525
761944,0.9844254111873709
761945,0.7406144585579403
761946,0.9999065048826626
761947,0.007565905654394212
761948,0.12029547465142278
761949,0.9727179578227622
761950,0.011698774457955408
761951,0.9244901327730806
761952,0.37561272222914355
761953,0.9292427897392797
761954,0.10071943906735718
761955,0.9805513648840365
761956,0.7939539349761223
761957,0.46091665782265123
761958,0.9461623446298812
761959,0.7109361516243753
761960,0.03047367966578028
761961,0.22252668648031357
761962,0.09903761466247474
761963,0.9996690902785317
761964,0.2338411830125982
761965,0.9997449469874489
761966,0.9936757858885004
761967,0.984465227872238
761968,0.9990918266531348
761969,0.9486478611374128
761970,0.8756247928954175
761971,0.9927408813735572
761972,0.9578435328401629
761973,0.677751950662294
761974,0.05771087928135874
761975,0.08524334467514619
761976,0.36002504358247933
761977,0.9969313337224273
761978,0.48699211567780887
761979,0.34493710828333846
761980,0.03500529390870054
761981,0.9977439658112214
761982,0.9994093844196814
761983,0.9998105714553314
761984,0.1468997445666934
761985,0.9636427504066453
761986,0.9970610943968812
761987,0.9924692966496551
761988,0.9997490452512913
761989,0.9877546625151318
761990,0.9999015196527401
761991,0.5375233306307131
761992,0.9998853472032652
761993,0.5931937476347479
761994,0.8056248739562561
761995,0.9995825463469756
761996,0.08915513636334901
761997,0.318131407156711
761998,0.9979023872298813
761999,0.021706349586749288
762000,0.5575227885404799
762001,0.08513418149484091
762002,0.9706099617580619
762003,0.9954852483500951
762004,0.9999650290006645
762005,0.022335858872054155
762006,0.8462397557986618
762007,0.9959703492069941
762008,0.016518708283371947
762009,0.999655892430177
762010,0.022945913024124458
762011,0.2913207779607819
762012,0.999978414607877
762013,0.8149541461928927
762014,0.2580456500779086
762015,0.9873928234181995
762016,0.015329065696371231
762017,0.9970635952806739
762018,0.9999074224125343
762019,0.019425022521728716
762020,0.6695830882145472
762021,0.9999580762398171
762022,0.04033722334517303
762023,0.9271567674053633
762024,0.897551912312861
762025,0.9612347660083321
762026,0.9964013114589083
762027,0.9997264852547609
762028,0.9998841290685194
762029,0.9986665990011343
762030,0.9995270088267345
762031,0.9945109541832593
762032,0.12611203288632125
762033,0.999968690457853
762034,0.9997317502220723
762035,0.9999719784561113
762036,0.9854676565594198
762037,0.42541433515928356
762038,0.9997326112652583
762039,0.9993427147872498
762040,0.5479576097327646
762041,0.9995710624152719
762042,0.999951162498837
762043,0.9972956379759395
762044,0.9912366042472875
762045,0.9999826131663445
762046,0.04189188012202888
762047,0.08435806116463174
762048,0.9986366372102093
762049,0.9674717414519471
762050,0.27990889400953783
762051,0.9964944060890633
762052,0.9854841836799321
762053,0.9999197443254885
762054,0.9943176064659415
762055,0.3235853355736505
762056,0.9963915905856044
762057,0.207692911587997
762058,0.999730072929431
762059,0.006169649694079025
762060,0.8116066362922694
762061,0.9996586560049294
762062,0.8696468490242952
762063,0.9999679730847428
762064,0.12252230983997636
762065,0.9917508661219772
762066,0.7143244339417074
762067,0.9882034190300613
762068,0.9579599653332843
762069,0.02965348909648512
762070,0.9811231646334165
762071,0.7553816001237696
762072,0.2401963978980891
762073,0.02063049922294989
762074,0.9988754751134901
762075,0.9854972756169378
762076,0.9998181897789922
762077,0.9582810055162202
762078,0.7098355809349585
762079,0.9999701086111253
762080,0.009155650789127485
762081,0.9997904974047584
762082,0.99983279235436
762083,0.8782528331460804
762084,0.24393506577520147
762085,0.9995848823315447
762086,0.9891291306350292
762087,0.9869527698824802
762088,0.24020834193404156
762089,0.9997109867945511
762090,0.9999123014238483
762091,0.7324297278755899
762092,0.9995811547439921
762093,0.8711347786913872
762094,0.9994877233696002
762095,0.9989581237975236
762096,0.9999611061484757
762097,0.9981529839121894
762098,0.9335042696150844
762099,0.01641084679876305
762100,0.9999881365840446
762101,0.23851671196762908
762102,0.9987770020575227
762103,0.659721785302251
762104,0.043103369608359816
762105,0.9996814870947959
762106,0.0023684079383867298
762107,0.9999284179218617
762108,0.9991917140267608
762109,0.13178060874043024
762110,0.35895127912607194
762111,0.9908519168827061
762112,0.9988434164119309
762113,0.9911098360898347
762114,0.6148639017153839
762115,0.9994805819720547
762116,0.8274102786519192
762117,0.3944987108953628
762118,0.6500818208856691
762119,0.9231384098236259
762120,0.9899461355340016
762121,0.6904197080594815
762122,0.047310122367876184
762123,0.04872577339216336
762124,0.19159023756909963
762125,0.9801824732450213
762126,0.6602396398570743
762127,0.9958557115550835
762128,0.8748141833803119
762129,0.9999742579363913
762130,0.9975561752321873
762131,0.4625826734853422
762132,0.8492590884792102
762133,0.6773944699911367
762134,0.8917359907460513
762135,0.2860487151211165
762136,0.930779021222779
762137,0.9997438120305211
762138,0.28254601228803944
762139,0.927296193085562
762140,0.6933276220485728
762141,0.9999292673806185
762142,0.9997664927501543
762143,0.9999056345414301
762144,0.6231441846091477
762145,0.9882763289942885
762146,0.2869866439017711
762147,0.7579130982497596
762148,0.3678790256855595
762149,0.3705373305067874
762150,0.18718551774483638
762151,0.9998753547424988
762152,0.22926134009231552
762153,0.9839699879287956
762154,0.9869626040389781
762155,0.9977926183830728
762156,0.9984716039291057
762157,0.5394974345504076
762158,0.9893714833659464
762159,0.8460214141939086
762160,0.9732362466186821
762161,0.9997852735072605
762162,0.99890598805366
762163,0.28916231049473484
762164,0.995310340834446
762165,0.8732765787216357
762166,0.9277891947787181
762167,0.3132880281895101
762168,0.9976599857648984
762169,0.049560427708120434
762170,0.23220467562243424
762171,0.7150256361683225
762172,0.9975292067546391
762173,0.17306317218984257
762174,0.36253650446241886
762175,0.9822909880033324
762176,0.39446464173140183
762177,0.8283316543859838
762178,0.9792354722782435
762179,0.9987154476565998
762180,0.999643545252147
762181,0.6545214029876456
762182,0.0018439017783635752
762183,0.9970881059381569
762184,0.9893972897718262
762185,0.7474721643280001
762186,0.9999071556750413
762187,0.9999815871073243
762188,0.7030101785046043
762189,0.620018259101442
762190,0.965895648833333
762191,0.4788303481577238
762192,0.07267642063271862
762193,0.9945973328853523
762194,0.20695852135181114
762195,0.1748710601414321
762196,0.04787107113265902
762197,0.24232628909526072
762198,0.3977159625768661
762199,0.2077682908152055
762200,0.9974350193643508
762201,0.9418887380744576
762202,0.9993778859988389
762203,0.9999707100878549
762204,0.9998083122129573
762205,0.030029060002962987
762206,0.9999133493267205
762207,0.4815093715017429
762208,0.9988420258893118
762209,0.9997076048701923
762210,0.864018583836522
762211,0.9997021081352229
762212,0.9966964241842218
762213,0.9999749457424396
762214,0.9941398713378056
762215,0.9571350973375314
762216,0.9951388517464352
762217,0.003415680673021462
762218,0.9022913920056008
762219,0.868462146758564
762220,0.8276145486025208
762221,0.7650066861243965
762222,0.02406015026395776
762223,0.7093178903738151
762224,0.6008725554631985
762225,0.8690229602597579
762226,0.9812198491918316
762227,0.9026648250631395
762228,0.7706896971695093
762229,0.9998010959442031
762230,0.13707562634956383
762231,0.9989815281990049
762232,0.6735462356373287
762233,0.974637426161625
762234,0.011065826708494219
762235,0.3598903539909074
762236,0.9690634321838181
762237,0.9997373285654096
762238,0.9938956465176361
762239,0.9995984358054006
762240,0.999990733981761
762241,0.9957085673603145
762242,0.3739398254144455
762243,0.9996788664589453
762244,0.004699117520762557
762245,0.04469008139582686
762246,0.9996603910856635
762247,0.6205273894139149
762248,0.8993767211436088
762249,0.9999347719453924
762250,0.8743740676533934
762251,0.9185973170242756
762252,0.9982531699317264
762253,0.6229146500766658
762254,0.9999208561542177
762255,0.9969616595380266
762256,0.995675994451434
762257,0.1860302256148326
762258,0.9931552981571583
762259,0.9995046227736897
762260,0.02677298451131326
762261,0.9998425186980211
762262,0.9916156763465453
762263,0.6053860053391064
762264,0.8349738896182873
762265,0.9880938232517271
762266,0.7854863345135505
762267,0.001508750706423552
762268,0.10842468223036883
762269,0.03571686066239169
762270,0.9883653279845398
762271,0.030191370518439203
762272,0.938293257603692
762273,0.04347749564924619
762274,0.060166345224391876
762275,0.9998693167829684
762276,0.9996663472140699
762277,0.996498726264705
762278,0.9951946202039283
762279,0.9660828480176407
762280,0.6472846998206966
762281,0.03162139111353177
762282,0.646489711031457
762283,0.14696403962027402
762284,0.017665563338833228
762285,0.9995818563421035
762286,0.9987296788253786
762287,0.9173349250744116
762288,0.9998450651081543
762289,0.9048076663285789
762290,0.11151304814562205
762291,0.9422067753270712
762292,0.9383578608430451
762293,0.22508965194286185
762294,0.9999467099911954
762295,0.10339110777218911
762296,0.9950331732668452
762297,0.01724016272222347
762298,0.9999043057181902
762299,0.12306072621815177
762300,0.00332129313031595
762301,0.9801474506488838
762302,0.4046566585778679
762303,0.9931982849475625
762304,0.009046780175233322
762305,0.9998704861112293
762306,0.5973627391413127
762307,0.7124932977533815
762308,0.9888278615658096
762309,0.9999922079546208
762310,0.9351058980972794
762311,0.9996309231657688
762312,0.997516905235482
762313,0.025736459651042723
762314,0.9201873470006909
762315,0.4944733932182953
762316,0.006761895618187655
762317,0.9998034829832043
762318,0.09172306902644661
762319,0.9998623322607559
762320,0.1675984683167837
762321,0.7579537948161745
762322,0.02870228341913713
762323,0.4449734450848981
762324,0.9766448875885451
762325,0.9998490239299092
762326,0.12873690002990482
762327,0.8963824368585726
762328,0.12250220954533472
762329,0.9096973867160765
762330,0.5909425117804361
762331,0.9995126328135279
762332,0.8267792452009797
762333,0.9731255482490786
762334,0.289842307009429
762335,0.027411348043173182
762336,0.3829988494778819
762337,0.9999264400443608
762338,0.9983268759923859
762339,0.9976430016948572
762340,0.9998028837988491
762341,0.9999631880383362
762342,0.846521759626982
762343,0.7768591272958126
762344,0.8440919002976601
762345,0.4477812076037362
762346,0.6581278142543996
762347,0.898514038933447
762348,0.8108072749820109
762349,0.9991631602591122
762350,0.9984787538540536
762351,0.9993004182419699
762352,0.6733895775637135
762353,0.9971122605752525
762354,0.9108797369039259
762355,0.08100505809023492
762356,0.7732463446082771
762357,0.48766779433087387
762358,0.20430425846694775
762359,0.986756856273312
762360,0.999799148696241
762361,0.9865223482540295
762362,0.5026708392439767
762363,0.1022257312484881
762364,0.912719972271804
762365,0.8491982723162372
762366,0.9992247596566604
762367,0.9625505562646486
762368,0.9424772399209245
762369,0.05440146442065812
762370,0.1377829367204731
762371,0.9989248103932857
762372,0.6944788849314654
762373,0.9965780155584114
762374,0.06012371264203351
762375,0.282265358015306
762376,0.9741044948314338
762377,0.8267090344608143
762378,0.9236925225808263
762379,0.9994967596109388
762380,0.9822661857422761
762381,0.1657286412970067
762382,0.13545182506858322
762383,0.4925883591692101
762384,0.03548378704160694
762385,0.9997438842462861
762386,0.9999431008430719
762387,0.20709707391829565
762388,0.9999466451291052
762389,0.5831003392514565
762390,0.9927676725464123
762391,0.9982608295970842
762392,0.9998317533063859
762393,0.9479086416391418
762394,0.8683109876097942
762395,0.9679048177438103
762396,0.8152749501483254
762397,0.9568551659683566
762398,0.49808201658831786
762399,0.9998209835296643
762400,0.0183283874973799
762401,0.9997466640337783
762402,0.9996916239000079
762403,0.9998204785330929
762404,0.48384704857582705
762405,0.9998416344424945
762406,0.9308863489425856
762407,0.8812151561410048
762408,0.03912080313878103
762409,0.8476301629008756
762410,0.5110475382178766
762411,0.04555807599099915
762412,0.9996905286225347
762413,0.8794408738553179
762414,0.6487065066187937
762415,0.23226631681270485
762416,0.8521394324159126
762417,0.14296360018720472
762418,0.997108474604198
762419,0.7878543711883033
762420,0.027210505534394053
762421,0.05685146446588685
762422,0.9455146726300236
762423,0.9998282987687618
762424,0.6144043625049576
762425,0.941266142599499
762426,0.9998985372089104
762427,0.9989194744685974
762428,0.993624917044247
762429,0.9824655392331427
762430,0.2790269186678689
762431,0.025582603818374336
762432,0.9947550131765206
762433,0.38288086159225254
762434,0.14958519951107546
762435,0.6160109759105425
762436,0.9975475163606669
762437,0.9997731461204347
762438,0.045833553449011896
762439,0.6702549699020153
762440,0.6357653204874799
762441,0.49330371487807767
762442,0.21867467208901964
762443,0.9737192355739559
762444,0.01169746227699323
762445,0.052094478312686404
762446,0.9544838029974937
762447,0.5540455310566522
762448,0.9982422696881206
762449,0.2353312780646407
762450,0.844310162251298
762451,0.999793422167149
762452,0.7136399748626465
762453,0.9214863939019985
762454,0.998822868606959
762455,0.9722490475123691
762456,0.9977418123458821
762457,0.7348106505914289
762458,0.22536649487567986
762459,0.9974557838820326
762460,0.9970093533608029
762461,0.9975783541727343
762462,0.9382287864737512
762463,0.999984316491592
762464,0.9006714065849777
762465,0.016186048289999866
762466,0.9973300399010531
762467,0.9897364585148885
762468,0.8804746877630603
762469,0.7829861746893498
762470,0.9851937097875687
762471,0.9978775090449312
762472,0.837618404768315
762473,0.03025804002630143
762474,0.9996955823685104
762475,0.9939713990806021
762476,0.9996107229374889
762477,0.9998718850397852
762478,0.5148683707167484
762479,0.7953161832299513
762480,0.8713425623287132
762481,0.4239047089912471
762482,0.9743394649810647
762483,0.024287875686665378
762484,0.004298325808170714
762485,0.9855394423298778
762486,0.9999827117629871
762487,0.7478360431259394
762488,0.5634954979681375
762489,0.18460687410966806
762490,0.4775930431387175
762491,0.9494584703756582
762492,0.013349889288116886
762493,0.16242826079306583
762494,0.9999284936245492
762495,0.9993957726290489
762496,0.9993138345888852
762497,0.9997285561821412
762498,0.9241876996277565
762499,0.9996148479961273
762500,0.9279007011803981
762501,0.9038073533518792
762502,0.429663999020714
762503,0.9789251627306885
762504,0.9996716412103863
762505,0.005779253992429429
762506,0.9998302512374379
762507,0.3987426895329156
762508,0.08702094972624003
762509,0.8797214867637555
762510,0.002801861613859308
762511,0.9540222881419187
762512,0.9990468197899032
762513,0.8294504221329257
762514,0.030438683324671045
762515,0.9999967553807574
762516,0.8730533378223753
762517,0.9253220565012161
762518,0.7813283804016856
762519,0.8986397128324956
762520,0.9975149550268811
762521,0.4361629015845332
762522,0.0846129429019973
762523,0.9933044758271736
762524,0.9971542912401334
762525,0.9980592213843593
762526,0.9056440553615073
762527,0.10765429057233417
762528,0.2735925920157046
762529,0.9999855112490028
762530,0.9993812884254345
762531,0.9999632766668118
762532,0.9996695758470497
762533,0.9999495867681205
762534,0.80998241801433
762535,0.9999003237089961
762536,0.9992211498625088
762537,0.9861881806373816
762538,0.7645228497664055
762539,0.9999547735089762
762540,0.9504423027853172
762541,0.9999521070650883
762542,0.9997288867836325
762543,0.9852722006761854
762544,0.9723950195047488
762545,0.04522796207510718
762546,0.997543717658424
762547,0.014166198079775679
762548,0.06973698451715601
762549,0.9999620288240483
762550,0.9995893803769909
762551,0.811129564074486
762552,0.888980535812359
762553,0.2310186726298353
762554,0.9093901813645389
762555,0.8094495230988656
762556,0.9736548391451839
762557,0.9896448348791043
762558,0.9995025393559878
762559,0.997198791297214
762560,0.9998202292968542
762561,0.9934916152996671
762562,0.6565380285225438
762563,0.9564764163608722
762564,0.9973900686868886
762565,0.9993267021327954
762566,0.9999944384150171
762567,0.6705229200513174
762568,0.97450611012433
762569,0.8289432662991185
762570,0.06660020757047344
762571,0.13072065020511006
762572,0.05073834730242519
762573,0.9983542965736485
762574,0.9876966084298078
762575,0.8796783081512102
762576,0.6436416730605348
762577,0.0033606176016677783
762578,0.9960518005422114
762579,0.9552716589482795
762580,0.9999611627718288
762581,0.7939145861314441
762582,0.9851702533736819
762583,0.20865450333092941
762584,0.25878057476995475
762585,0.5924994264274522
762586,0.9999572033775675
762587,0.9983089621057784
762588,0.997448453810527
762589,0.9970540506359893
762590,0.023180533808107556
762591,0.25721085562472185
762592,0.5027392458145352
762593,0.9992295737712377
762594,0.06863801356335746
762595,0.2289921728741553
762596,0.9101191437769143
762597,0.9507312475439572
762598,0.9851252994956319
762599,0.005412206402372879
762600,0.9924713766017518
762601,0.0171376917932952
762602,0.9424979766300273
762603,0.9994844928913478
762604,0.9974280011103659
762605,0.8870528502581263
762606,0.36564175005951727
762607,0.9983423658674391
762608,0.8164828103105206
762609,0.9979667973056772
762610,0.05286496110671762
762611,0.9981636788752378
762612,0.959839810770394
762613,0.9997522331887985
762614,0.9999393244254289
762615,0.20471792189750387
762616,0.08704447474730395
762617,0.25483572151894196
762618,0.9957225628214179
762619,0.9998448264431143
762620,0.7779995842128964
762621,0.6482203550152484
762622,0.9999062959800243
762623,0.9997677240100395
762624,0.9929213703458902
762625,0.17698423786502626
762626,0.7020350528684167
762627,0.9294587250615407
762628,0.9999855536968048
762629,0.9980454931525513
762630,0.9999266364978099
762631,0.9988824998089363
762632,0.11568606086544014
762633,0.9994489371151314
762634,0.9997535621973945
762635,0.9997210752570729
762636,0.9998751208247737
762637,0.9490361116726169
762638,0.046403449680930284
762639,0.1306638234285493
762640,0.046890289609894546
762641,0.6761436221540124
762642,0.9996900485237256
762643,0.9985379284562002
762644,0.9596459945517087
762645,0.9987790047726437
762646,0.9616302596217678
762647,0.004010267413483105
762648,0.9998844483668188
762649,0.49308760418405057
762650,0.999953729959213
762651,0.7512211095083872
762652,0.9883556653487605
762653,0.9999556946118496
762654,0.3765709470723039
762655,0.5679669617886782
762656,0.925565026247525
762657,0.8656019504643637
762658,0.2363506977133472
762659,0.9992066725019157
762660,0.027722446435261658
762661,0.5534138694156401
762662,0.999965046348581
762663,0.012075474018960959
762664,0.9821468477692032
762665,0.9154587433938878
762666,0.8953280261310079
762667,0.36596319925167803
762668,0.8205620088785373
762669,0.5280220398702364
762670,0.814173330119043
762671,0.8099600082836901
762672,0.9999249714764857
762673,0.7291436990689746
762674,0.8846637752967106
762675,0.17219338684961133
762676,0.9995506393816642
762677,0.9997847618534497
762678,0.9999795123064835
762679,0.9814548625450223
762680,0.9935279805903459
762681,0.9998795432297023
762682,0.9999455829247883
762683,0.9934245360420746
762684,0.2027808098954321
762685,0.9995837642056665
762686,0.05015554952129277
762687,0.9952046570195779
762688,0.9194482078163483
762689,0.999685121065238
762690,0.9999076773058463
762691,0.6162715883120192
762692,0.9981911006295471
762693,0.838619615238248
762694,0.8830614127004602
762695,0.7798802854055424
762696,0.9999659788716924
762697,0.9998892807251125
762698,0.9976548111416128
762699,0.9978686648826798
762700,0.999968179341167
762701,0.018094865312862165
762702,0.9973149709855771
762703,0.9977077207335665
762704,0.04208528850490647
762705,0.8744051255014036
762706,0.9125793688536635
762707,0.9995594585699372
762708,0.9999821606669549
762709,0.9933925491599023
762710,0.9999525448231248
762711,0.9998561965273819
762712,0.9930651957909569
762713,0.021896403183832527
762714,0.42807495711051413
762715,0.07382821064067854
762716,0.5466091000868749
762717,0.999438033844944
762718,0.02422711885683618
762719,0.9948408964832303
762720,0.9078602960640081
762721,0.999736522777049
762722,0.8577492300098093
762723,0.9973628673682879
762724,0.803496266992405
762725,0.9994503365246238
762726,0.7002016978482735
762727,0.7779800483371488
762728,0.999499465835664
762729,0.8743676202306125
762730,0.3938473171438437
762731,0.9999589007964351
762732,0.7162553595904272
762733,0.999549598738048
762734,0.35488993572826333
762735,0.46680182959136707
762736,0.8876419197953205
762737,0.9996256257364251
762738,0.6880840323536108
762739,0.3418916197919761
762740,0.997769569001674
762741,0.9534451521551901
762742,0.9980430340910845
762743,0.6397507817769137
762744,0.9999180381856043
762745,0.010108934050230863
762746,0.855010397030139
762747,0.5380980575939474
762748,0.999800611233132
762749,0.8548257609458807
762750,0.7804263744695707
762751,0.9992381753128371
762752,0.8853266058266244
762753,0.9999742497270319
762754,0.6868772310183342
762755,0.48861799588608656
762756,0.08160908968634525
762757,0.06069577854999754
762758,0.9540434046884736
762759,0.17324577234769173
762760,0.18296419933534158
762761,0.9998491305388041
762762,0.9839114323860878
762763,0.9984318266882838
762764,0.9965515676125896
762765,0.6769598918954749
762766,0.9998673116435808
762767,0.9890412982758182
762768,0.002579044767844708
762769,0.999357689638657
762770,0.9982278440985917
762771,0.9963205345819273
762772,0.9763831941578718
762773,0.07517266171423224
762774,0.9998099518993198
762775,0.9583782717833855
762776,0.03595066470586364
762777,0.3249380214840103
762778,0.014357253352552616
762779,0.9660791274035732
762780,0.6197898282872101
762781,0.6249927195467533
762782,0.33498143559936344
762783,0.9822825026415292
762784,0.9945881992253178
762785,0.9998125208740892
762786,0.9997564922429676
762787,0.999763653473061
762788,0.9981915436091122
762789,0.40523367781336844
762790,0.9905259458170077
762791,0.8737027126879362
762792,0.5710090885600371
762793,0.37433583714406415
762794,0.914847759368465
762795,0.025763954281150844
762796,0.00501186112173918
762797,0.9993763411336207
762798,0.9724759741119662
762799,0.5722471819369045
762800,0.999956266072058
762801,0.9995159579236459
762802,0.24026109776766646
762803,0.997851827486287
762804,0.9956132283104666
762805,0.9908945601348412
762806,0.3426704755688379
762807,0.3227201626538426
762808,0.9876461808616279
762809,0.9995579200307249
762810,0.9978721076136136
762811,0.9997546241242629
762812,0.6038141213644777
762813,0.986257484759747
762814,0.6520675205762545
762815,0.17429296984649606
762816,0.18905825264881398
762817,0.9951654674125283
762818,0.43336415112555765
762819,0.9935679444403569
762820,0.9999937477524894
762821,0.8189981862630971
762822,0.2647999735096448
762823,0.5338012427289565
762824,0.9244859153044188
762825,0.4499353933927312
762826,0.9991995968461757
762827,0.9926531702670652
762828,0.9995134746410833
762829,0.19350157922359312
762830,0.9752269256983572
762831,0.1519981288156315
762832,0.9903089001846702
762833,0.9396390233662346
762834,0.9997129035712642
762835,0.9982344260372829
762836,0.1055162794474998
762837,0.9993887375137613
762838,0.9994625664648018
762839,0.6952051071421992
762840,0.9999438502423348
762841,0.9979683963916406
762842,0.8736136207813892
762843,0.9338739002911013
762844,0.03204997286054182
762845,0.937823981307403
762846,0.021462158133167545
762847,0.9993750520346387
762848,0.8351582029922138
762849,0.7407743182101088
762850,0.9968624674911226
762851,0.9886815523202881
762852,0.9816813882458744
762853,0.292467027848169
762854,0.548594389204982
762855,0.3291214956532664
762856,0.9990533992602886
762857,0.9999568999879858
762858,0.7548633727214153
762859,0.2939095088455167
762860,0.9992120632335084
762861,0.9998881904169782
762862,0.1218415876771714
762863,0.9727013579664102
762864,0.7713436123825372
762865,0.11769059810117304
762866,0.999190126017339
762867,0.009927911719017517
762868,0.9711683106266543
762869,0.14081824526738124
762870,0.9998409861152062
762871,0.29029026394209745
762872,0.9965776655717562
762873,0.9997445791328352
762874,0.043221807519047126
762875,0.9922840054415982
762876,0.9999917653856185
762877,0.059773786181314806
762878,0.9730118359354094
762879,0.0710142105926594
762880,0.9969276433226558
762881,0.9987556322086635
762882,0.4083230323243773
762883,0.4120012202149448
762884,0.9997944871011095
762885,0.9355118271469998
762886,0.9958587312795906
762887,0.5473267482299675
762888,0.9766279838648734
762889,0.5149394061928928
762890,0.9984552377238648
762891,0.004623622440097525
762892,0.44271292358548364
762893,0.9931314441530552
762894,0.5998570888622924
762895,0.568360268354539
762896,0.9997434077034286
762897,0.9941867906491426
762898,0.34472019786955904
762899,0.9518875169021492
762900,0.9994691884563702
762901,0.7972414843855813
762902,0.014413273610754816
762903,0.9913949008356545
762904,0.5307014084305072
762905,0.996080147176952
762906,0.3733321116071946
762907,0.441184993896759
762908,0.22783598484526874
762909,0.5497386570663716
762910,0.8699993864653832
762911,0.9795669696157429
762912,0.7209404844221108
762913,0.07650658623619414
762914,0.9999446231704412
762915,0.9976772811135355
762916,0.20385325383239172
762917,0.3090427644233964
762918,0.9998326837971782
762919,0.9996121944886804
762920,0.9966572542109856
762921,0.014784515295764463
762922,0.9996470379513929
762923,0.9996139531730016
762924,0.03833639157808344
762925,0.9998502765094501
762926,0.044507416160392756
762927,0.9990750733802073
762928,0.04251644482700279
762929,0.18093519199962954
762930,0.9999714926250833
762931,0.9999247871956047
762932,0.7657071629792246
762933,0.9437563965550209
762934,0.27649695431254345
762935,0.9892675340463428
762936,0.05648951838445079
762937,0.9981410325003436
762938,0.9629805799793327
762939,0.670865199325504
762940,0.6039146977363518
762941,0.9707484132784836
762942,0.927754098616733
762943,0.9990868617704549
762944,0.4602073010028904
762945,0.057285677300596305
762946,0.4208948961153214
762947,0.9798428529111248
762948,0.1491679294116749
762949,0.93261265080567
762950,0.6561253004905665
762951,0.9998884512212797
762952,0.9996343727497646
762953,0.99514094442877
762954,0.9356972339219547
762955,0.9759299574212261
762956,0.9975575138626505
762957,0.9998833303513277
762958,0.9992423974401232
762959,0.9963178196417889
762960,0.8964267617461714
762961,0.9536569227334208
762962,0.018551909867772248
762963,0.9797931706781972
762964,0.09473138221897498
762965,0.99743568959733
762966,0.9999736628202555
762967,0.007819064267162423
762968,0.06418606797603084
762969,0.6436342358898257
762970,0.7127120934546056
762971,0.9979563655495012
762972,0.11794447552080572
762973,0.9958941848188715
762974,0.9905446083417939
762975,0.9988387664870813
762976,0.935509547021571
762977,0.9980777973212454
762978,0.955624837728055
762979,0.9794034385552719
762980,0.9992458102129639
762981,0.9986192858573573
762982,0.9871894496427677
762983,0.5463508996792488
762984,0.01739175277767982
762985,0.06890432237158808
762986,0.9019669651390374
762987,0.9997171224124113
762988,0.979273079425328
762989,0.9998160518785975
762990,0.9996169215844588
762991,0.9999824410548774
762992,0.8917242801308887
762993,0.999785856889098
762994,0.05254091563033455
762995,0.9998976728675182
762996,0.8419230411554288
762997,0.3335450019180066
762998,0.9987638556918279
762999,0.9877425050157282
763000,0.7571372256820884
763001,0.6562832804879941
763002,0.17776988477968414
763003,0.9995697451947492
763004,0.9979028306320602
763005,0.8292216560091088
763006,0.04227172731012564
763007,0.999717016330008
763008,0.751263404770222
763009,0.5090978824382792
763010,0.9897804492146436
763011,0.9997466494764536
763012,0.7154916517363542
763013,0.9932682948331051
763014,0.7057648016371812
763015,0.021425490702294017
763016,0.63972358756749
763017,0.862943848676972
763018,0.6798467579160803
763019,0.9975185971042979
763020,0.9978137579871574
763021,0.3643333191919207
763022,0.9713816406172806
763023,0.9324689592850891
763024,0.07780695684210738
763025,0.18678263179207527
763026,0.06702700107855879
763027,0.997613704811418
763028,0.9397370463892697
763029,0.9972642398759364
763030,0.9998878035150434
763031,0.9770356682686326
763032,0.1870504657974839
763033,0.3105764570548565
763034,0.9997084690953335
763035,0.567762197110286
763036,0.46362789364397106
763037,0.6467010853580364
763038,0.9227499845723416
763039,0.6934909974776626
763040,0.996844965924435
763041,0.9999065260996641
763042,0.999836701812664
763043,0.9824870104207427
763044,0.5036121594172859
763045,0.9989508819099024
763046,0.9974225195464743
763047,0.599782418370855
763048,0.26552215139947116
763049,0.14597033471868262
763050,0.9991825107449543
763051,0.9981624973418173
763052,0.9545487797537029
763053,0.9865304528325245
763054,0.999938858300907
763055,0.43198971324263297
763056,0.8754641079389096
763057,0.9990838117809326
763058,0.6267517042154872
763059,0.040824362560777386
763060,0.041690405003612624
763061,0.999802304440464
763062,0.9991344026271206
763063,0.9998953839189475
763064,0.9293952789416214
763065,0.021238668232378112
763066,0.725374402815928
763067,0.02487630232394433
763068,0.3176880538403831
763069,0.014875504920080832
763070,0.9999774621614038
763071,0.9498820395664572
763072,0.9878912367027834
763073,0.10598057615675029
763074,0.9224634665663207
763075,0.9481949278477166
763076,0.9999457868510637
763077,0.9954528300853513
763078,0.033717368141313875
763079,0.9600228490792869
763080,0.8904269486330262
763081,0.9999850409243423
763082,0.9124032860946298
763083,0.8423959226618988
763084,0.30999594923608664
763085,0.09573140047146177
763086,0.994134569833029
763087,0.4111536355004446
763088,0.08388872267972791
763089,0.9958643317103313
763090,0.9971609210970085
763091,0.6124432033412244
763092,0.7167257254020497
763093,0.3894086387316057
763094,0.961431079718549
763095,0.16770386273017623
763096,0.9160885656733366
763097,0.30665434420568216
763098,0.5080570803296385
763099,0.5411717765509189
763100,0.999722549740891
763101,0.9997684607956165
763102,0.07656103225665141
763103,0.14763975619115316
763104,0.8334956989368763
763105,0.9999304436962994
763106,0.7909126246847701
763107,0.9964280822492688
763108,0.8989437514198102
763109,0.9358365432235144
763110,0.3009864818302741
763111,0.9528258567306063
763112,0.5036940686265344
763113,0.0027440530806616776
763114,0.006390866629284171
763115,0.9285077462908072
763116,0.9400931163537476
763117,0.5100409490024064
763118,0.9990903823705923
763119,0.056429135869689215
763120,0.9999911547658
763121,0.7325204518363558
763122,0.9989559709792082
763123,0.9578752283251002
763124,0.23984628781681516
763125,0.9877195634184299
763126,0.058810424936819865
763127,0.18036429676097332
763128,0.24632908368309164
763129,0.8298542190758469
763130,0.9978475327953289
763131,0.9572761623638503
763132,0.9997693479127057
763133,0.2331086925098548
763134,0.9989826828309726
763135,0.9961413436862515
763136,0.9999649050332522
763137,0.9897750535524539
763138,0.9992269083465373
763139,0.9943643271785467
763140,0.9988477817478456
763141,0.10445437646120159
763142,0.7746677796891014
763143,0.99955451820795
763144,0.8016672907168785
763145,0.03265549206407139
763146,0.3979461177055878
763147,0.309321605520238
763148,0.9985178167536355
763149,0.4461522016653461
763150,0.9992712276305313
763151,0.7133131200142792
763152,0.6604691872811906
763153,0.9976146598204285
763154,0.23597316820520847
763155,0.9979211625424098
763156,0.8230836572639283
763157,0.39099176420000425
763158,0.6349203418378255
763159,0.999818256806596
763160,0.7553427934452486
763161,0.9732641296742661
763162,0.9980673714343282
763163,0.9866581814981787
763164,0.9998777772522127
763165,0.999322647862133
763166,0.9824890589851704
763167,0.15851148404680185
763168,0.9211406660273047
763169,0.9887767297137562
763170,0.9989348051700405
763171,0.9740372020252586
763172,0.9986279031391774
763173,0.9881916279897182
763174,0.4205484771502506
763175,0.058893958208999085
763176,0.35407291849123873
763177,0.9985677226110554
763178,0.9223800085702176
763179,0.5118163788661398
763180,0.012022395909087973
763181,0.23150767306845368
763182,0.9999269486081308
763183,0.028544279503140556
763184,0.6803699337786491
763185,0.9993224035595345
763186,0.006048951184250102
763187,0.9992418944822657
763188,0.6140733545040993
763189,0.6346408294981777
763190,0.9912110589419618
763191,0.8061404035071746
763192,0.9973835982575604
763193,0.007568904688510997
763194,0.9991539716119966
763195,0.11333977774702603
763196,0.9990976347173364
763197,0.04874939228107979
763198,0.8611491306621806
763199,0.9908295097396248
763200,0.9450557952474985
763201,0.03686728762402321
763202,0.9998871591347659
763203,0.9676321755437061
763204,0.18711439875238495
763205,0.9995259076858654
763206,0.99754071178877
763207,0.9990753339575469
763208,0.9601246874975418
763209,0.2432410334970872
763210,0.05818459465415951
763211,0.8809123371745278
763212,0.3996388074100144
763213,0.9420949654803589
763214,0.03727922351038358
763215,0.040164785387443905
763216,0.22719586631761599
763217,0.9999831253288447
763218,0.02946789421613352
763219,0.0023445360116480796
763220,0.701725420775675
763221,0.6436329917707009
763222,0.39305296076428076
763223,0.9967590052717993
763224,0.7277850883834855
763225,0.9998250912760174
763226,0.9002465941247911
763227,0.9844679521179696
763228,0.9938101298878714
763229,0.060679364249364084
763230,0.9998817804848694
763231,0.9787600681265063
763232,0.6506325599315161
763233,0.024666955144078642
763234,0.9966547021551488
763235,0.9999834694498791
763236,0.9987944920556668
763237,0.9999585835180671
763238,0.9971966769972661
763239,0.9986414928363541
763240,0.634339550628876
763241,0.9572711251436586
763242,0.006627348090011476
763243,0.8659860910358883
763244,0.9903412152218565
763245,0.9984805880233751
763246,0.9168700450100149
763247,0.9566106153263496
763248,0.958332420799019
763249,0.351129000193399
763250,0.9169314020492776
763251,0.7055788058247167
763252,0.08635152593616235
763253,0.9892483983700332
763254,0.9992296156269923
763255,0.9997873133945228
763256,0.9987997302247604
763257,0.28283510001548606
763258,0.9936710519908227
763259,0.9999035660714891
763260,0.999871884540134
763261,0.011012487182350645
763262,0.9991265047174662
763263,0.7607240115155817
763264,0.9939665287020208
763265,0.9618527199302003
763266,0.022645030912655375
763267,0.09994813191078047
763268,0.9421962162392042
763269,0.11634573920967183
763270,0.9995832615796779
763271,0.3111102456334831
763272,0.7904928928233537
763273,0.9579512914614898
763274,0.09557797331387557
763275,0.8918437055846179
763276,0.4188180025580127
763277,0.998062354959485
763278,0.9999699625038152
763279,0.9673201383365648
763280,0.2635940839874842
763281,0.9992062232987127
763282,0.9999703503498522
763283,0.9965837172577455
763284,0.355241530840649
763285,0.06005267324889972
763286,0.9955130858956676
763287,0.9996938099915239
763288,0.898039774644214
763289,0.15238329203089146
763290,0.582066239560452
763291,0.9991958614300899
763292,0.3202543790481797
763293,0.9980984182482516
763294,0.9621530520201007
763295,0.9999682603410023
763296,0.8250620290477733
763297,0.718128892962006
763298,0.999989983293389
763299,0.4721684035539776
763300,0.9995744334918666
763301,0.999937962296076
763302,0.9995383688911994
763303,0.9283343869071584
763304,0.9078653714913235
763305,0.9547119408659325
763306,0.04195383077312825
763307,0.9959039207606486
763308,0.9939529527635153
763309,0.4308900556085381
763310,0.716820124353316
763311,0.4260278002061133
763312,0.9998881154122293
763313,0.9705717884047053
763314,0.10115643464842294
763315,0.3855594970633711
763316,0.8228428962810895
763317,0.270996814523776
763318,0.9998811651418444
763319,0.9991820001915286
763320,0.999836610853905
763321,0.8292691232143918
763322,0.22915708754725173
763323,0.9985887389369135
763324,0.02946369246557027
763325,0.9991439080836769
763326,0.9999506264063283
763327,0.6786901460958645
763328,0.38679192759380365
763329,0.619258896702574
763330,0.3677369207498085
763331,0.999195823594418
763332,0.08883915120528896
763333,0.5830720116818641
763334,0.9982485677782266
763335,0.7236400408190659
763336,0.9999698719939643
763337,0.9904349625653979
763338,0.9759818155525706
763339,0.9989602578225134
763340,0.9998962183308268
763341,0.9535025417706036
763342,0.4045263290511757
763343,0.5919559686216671
763344,0.7905887513017452
763345,0.34351896094061407
763346,0.9994253313835353
763347,0.8585794582798282
763348,0.8647092320251037
763349,0.9917884735321143
763350,0.9991907872382904
763351,0.48520057299143443
763352,0.8682129931542621
763353,0.8960668803987567
763354,0.9994841919738497
763355,0.9970374534985259
763356,0.029326766889689743
763357,0.9999214648407417
763358,0.9999611431211888
763359,0.41440468220032295
763360,0.999988713349822
763361,0.6263044866385085
763362,0.9850695129164988
763363,0.9982448371393151
763364,0.9285953013925472
763365,0.07882292078644064
763366,0.9997620195353777
763367,0.9996942739689428
763368,0.0674128906578382
763369,0.9994001930913847
763370,0.9999427734013756
763371,0.08002691952214216
763372,0.9640009112393616
763373,0.008109824309212695
763374,0.9962109028821037
763375,0.06014114522540707
763376,0.9993404560993068
763377,0.9949167936035153
763378,0.9996942102093391
763379,0.5982984269775041
763380,0.9997613143248298
763381,0.8927565933861106
763382,0.999854115908444
763383,0.49649876661393955
763384,0.9915036568807274
763385,0.9998986197367482
763386,0.8581450615681395
763387,0.8597621338971553
763388,0.99925161815466
763389,0.9966299467856972
763390,0.04789205263747939
763391,0.6776729572959828
763392,0.6119941373969916
763393,0.9987766467889634
763394,0.9467561766386982
763395,0.9999347559246992
763396,0.9990158641662563
763397,0.9935190481612086
763398,0.9176223198119806
763399,0.700918431165831
763400,0.9995533957156704
763401,0.05658588960620966
763402,0.9995612735176805
763403,0.7497971048035392
763404,0.953681104480611
763405,0.4428970664887396
763406,0.9940744390394133
763407,0.005581549306640311
763408,0.9996764104157131
763409,0.6609544203000186
763410,0.9999421804748414
763411,0.5702600688776871
763412,0.9781587987289151
763413,0.9977494891858756
763414,0.6614490993502977
763415,0.9950779456325147
763416,0.8928221620031116
763417,0.9999176298444062
763418,0.012573405984103767
763419,0.8367692509548006
763420,0.9999737155506737
763421,0.220872409197297
763422,0.45076985379611767
763423,0.9988804467227086
763424,0.04293330493950241
763425,0.992524720663833
763426,0.012341813136773969
763427,0.9702626335656364
763428,0.9993498298327576
763429,0.6274931603216399
763430,0.989968183660831
763431,0.9982914457874195
763432,0.0407819944558829
763433,0.9994366455153278
763434,0.8524101129641479
763435,0.05008449766557197
763436,0.9998760784992359
763437,0.9658785266021366
763438,0.7023895733065885
763439,0.3013082887916484
763440,0.57075434349501
763441,0.9996374434993892
763442,0.9999800166550745
763443,0.8464788942147111
763444,0.43097405067170963
763445,0.9996077196506488
763446,0.8424287620984552
763447,0.9999645643635516
763448,0.7477633335224143
763449,0.990034844586976
763450,0.3710453223818724
763451,0.9990098208291668
763452,0.9989889163906948
763453,0.9994669700205596
763454,0.999979826276867
763455,0.05853795775259942
763456,0.9988525215389547
763457,0.41838398276773303
763458,0.8566758281976032
763459,0.6984517594410968
763460,0.7697939401276714
763461,0.9851232378972291
763462,0.0064604338140139515
763463,0.9997370882428571
763464,0.993523073787624
763465,0.044345318373418124
763466,0.9984366704300794
763467,0.9998611876786188
763468,0.5102194873154957
763469,0.0056817851699333295
763470,0.05215802766451177
763471,0.9997569156267889
763472,0.7937978349614696
763473,0.9150096754124792
763474,0.9837791711172748
763475,0.56970370004937
763476,0.9999141444509235
763477,0.9373415960229201
763478,0.9833797104806102
763479,0.11960473368036273
763480,0.6265704381500059
763481,0.9243024475992436
763482,0.9838367840930924
763483,0.013034552974969506
763484,0.9949793747389786
763485,0.5423986157991919
763486,0.008769969382547732
763487,0.9999888154430792
763488,0.16536798500441968
763489,0.05413787512493835
763490,0.2556264725709104
763491,0.9270132932312234
763492,0.9522146203549001
763493,0.9953964170250247
763494,0.04975193670610845
763495,0.99915770675369
763496,0.5946505549308578
763497,0.8144934779960535
763498,0.005921658425838711
763499,0.9959026238650959
763500,0.13542166672407874
763501,0.9988291439690926
763502,0.34146049191618794
763503,0.9959137074846394
763504,0.7657927133102433
763505,0.712178378006225
763506,0.9882129988996665
763507,0.9999053001794943
763508,0.9633894477961125
763509,0.9979675001354633
763510,0.14980640247613736
763511,0.9913808858271301
763512,0.9999359534283667
763513,0.48800303708181547
763514,0.9997930749697842
763515,0.8314127541109284
763516,0.5212541331890826
763517,0.07333535612783323
763518,0.5524652152116608
763519,0.01728169958663973
763520,0.9999810220155951
763521,0.9995101983963617
763522,0.3732084929412818
763523,0.9872598680121958
763524,0.5175805984152305
763525,0.24104602055908342
763526,0.07267265031340767
763527,0.8718762118427026
763528,0.09197282009349032
763529,0.9997150602962783
763530,0.538189765540178
763531,0.3742298304748767
763532,0.9959505217778444
763533,0.9997368736162185
763534,0.06729619664567445
763535,0.7525403927674609
763536,0.9996062708024147
763537,0.9998411570493526
763538,0.9861856898192554
763539,0.6951883293634902
763540,0.9403721814236523
763541,0.8639974920951365
763542,0.9812382353844926
763543,0.4043595498940479
763544,0.4566007599136585
763545,0.47422470831086977
763546,0.4690106707237556
763547,0.464217629571469
763548,0.8654868757337936
763549,0.8818915329603274
763550,0.9952841539190321
763551,0.30075459941632154
763552,0.7477280258579561
763553,0.9973605483312933
763554,0.8703759053825014
763555,0.049939242499803284
763556,0.9789626814572621
763557,0.004446501166079069
763558,0.6631702567094828
763559,0.2839767995186626
763560,0.28713047099885686
763561,0.15942028181339168
763562,0.06677773296770423
763563,0.3541143501991093
763564,0.8907604630496584
763565,0.821796202856228
763566,0.8234717719533502
763567,0.9452161361872612
763568,0.9973679190071713
763569,0.12343608792434915
763570,0.9902294561255327
763571,0.22655056918402486
763572,0.27253075298261853
763573,0.9452185324983944
763574,0.9996296930838267
763575,0.9999500888856498
763576,0.9177797601512608
763577,0.9994324052371197
763578,0.9999232532779829
763579,0.9973194520286615
763580,0.5865617768703056
763581,0.8670542762663357
763582,0.42220709331237904
763583,0.2537284087143137
763584,0.3031393188019101
763585,0.9988697800453255
763586,0.9998936383611361
763587,0.02210685467755459
763588,0.007649730203797298
763589,0.9996102577756378
763590,0.8026612902373269
763591,0.9042310106135057
763592,0.9998859234735833
763593,0.004830010729151175
763594,0.9979797934534351
763595,0.9998884335047906
763596,0.7404996383734076
763597,0.3926186866525365
763598,0.9950760533877903
763599,0.9977997848448097
763600,0.8524026725336142
763601,0.17574220113632405
763602,0.999786423768335
763603,0.15786107009734088
763604,0.9944705301002343
763605,0.850389084736946
763606,0.9382648250348731
763607,0.027472983868371225
763608,0.9040720484861133
763609,0.04929901949178302
763610,0.618180085934132
763611,0.9997294322745128
763612,0.01166599756678314
763613,0.9998057352593269
763614,0.30511355525109707
763615,0.9992494953768052
763616,0.5091909804687167
763617,0.9999663568035828
763618,0.5846190006841372
763619,0.9990329893313137
763620,0.4322366634206107
763621,0.6903751219402752
763622,0.6766903912634306
763623,0.7936733659743502
763624,0.5716850407725221
763625,0.1493273579285611
763626,0.7270192007053224
763627,0.9994143851268196
763628,0.14996409178960604
763629,0.5521341063171801
763630,0.9997358439243511
763631,0.4513431531926965
763632,0.6366671402383473
763633,0.9999812149783583
763634,0.9981684107232893
763635,0.7717644737945777
763636,0.16180908695178803
763637,0.9999513505080946
763638,0.007789960016268393
763639,0.9998201515089356
763640,0.9997186813587011
763641,0.9728906606767034
763642,0.13318447991013843
763643,0.9994415722197012
763644,0.6615697240405969
763645,0.9664532512745713
763646,0.9639928956341111
763647,0.9876895896246712
763648,0.16297417055239877
763649,0.99993853903794
763650,0.9210646517540834
763651,0.25856840244546264
763652,0.9369670900957622
763653,0.8740569396402734
763654,0.9996986258831745
763655,0.9901754276046658
763656,0.9987633615618605
763657,0.9997427893936102
763658,0.9937239098531113
763659,0.8938638950398339
763660,0.20338456212095593
763661,0.8912282256111728
763662,0.9967225377422262
763663,0.047085946535328715
763664,0.016212654305935766
763665,0.5538450088076918
763666,0.9556088092104973
763667,0.9951989619512562
763668,0.7814879873354441
763669,0.9997503755573554
763670,0.9540767640351542
763671,0.9979561672485161
763672,0.5264533264959531
763673,0.46689199402506154
763674,0.9922620281387898
763675,0.9965835786178596
763676,0.06426807273182493
763677,0.999529351707793
763678,0.999939800537766
763679,0.44983823758642605
763680,0.9880444302922552
763681,0.8494254665954845
763682,0.8974269498713314
763683,0.9996977435982402
763684,0.9998812660899419
763685,0.08845987247675106
763686,0.1379387855226695
763687,0.5690290731956141
763688,0.27548287061219584
763689,0.72420797048226
763690,0.9999796391460622
763691,0.0326707623284638
763692,0.2762897100885744
763693,0.9953375489304133
763694,0.969146147087557
763695,0.9904337417584064
763696,0.9933662234687551
763697,0.9995432384584222
763698,0.822601951820851
763699,0.9246208118125693
763700,0.9675444167538587
763701,0.9852036359968248
763702,0.9970096832319159
763703,0.9979021110167616
763704,0.5926558578344057
763705,0.999834433840885
763706,0.7910190978403056
763707,0.6095239948186746
763708,0.997095065209189
763709,0.03866004931564601
763710,0.9950637603061163
763711,0.9999836385306484
763712,0.9996233956058331
763713,0.8359472290244792
763714,0.014049249864768866
763715,0.9650851132126653
763716,0.8812197050212599
763717,0.9547033060430146
763718,0.8727240510319969
763719,0.9988711776995988
763720,0.12768192747899132
763721,0.006183035163717635
763722,0.18084192599405113
763723,0.9999933773316274
763724,0.15099635602120037
763725,0.06775075250009688
763726,0.9993392377664463
763727,0.9997112723616813
763728,0.9992950127842752
763729,0.8263095802624911
763730,0.733547604340824
763731,0.835074067157326
763732,0.5421431929676789
763733,0.937122589404455
763734,0.13906888287828056
763735,0.9997159748893213
763736,0.4550939992503559
763737,0.5459391354719011
763738,0.9816123053654965
763739,0.8967514467692024
763740,0.0847132845519784
763741,0.6515635708942108
763742,0.999372512452986
763743,0.9991638541240766
763744,0.992285408499364
763745,0.20397913450418342
763746,0.008642567003989814
763747,0.9989531586852682
763748,0.33397174536740465
763749,0.9796904485833245
763750,0.0319757781081558
763751,0.20068384038260687
763752,0.9605995054761389
763753,0.5720640464070131
763754,0.9999634911074733
763755,0.999986774484898
763756,0.46227383813437484
763757,0.10811723270824918
763758,0.934132665039846
763759,0.9829539566928257
763760,0.9995742917550967
763761,0.7466689931340487
763762,0.4556955889660403
763763,0.9991304125054901
763764,0.9998947995489312
763765,0.9511307248877446
763766,0.7624736878994278
763767,0.9999524458544359
763768,0.7193858236784145
763769,0.5010515663425887
763770,0.9992946865647243
763771,0.8581916920384117
763772,0.05596131746147198
763773,0.521713739973126
763774,0.9263774467816518
763775,0.3934661338872898
763776,0.9995166276847353
763777,0.49413169562503695
763778,0.9826994918537533
763779,0.7764896429876074
763780,0.9731313496579317
763781,0.07415918251593513
763782,0.1053609885551669
763783,0.008360837985626866
763784,0.9969273578122174
763785,0.6598482871070911
763786,0.9995377041671881
763787,0.9383946342437315
763788,0.9985971202377155
763789,0.9086821389349797
763790,0.9882141167315576
763791,0.9150929652694895
763792,0.9996193023940346
763793,0.9998509623819432
763794,0.9999815237567289
763795,0.9999921412112974
763796,0.9990302973790003
763797,0.5843582820987372
763798,0.9984019291465563
763799,0.9298223661880636
763800,0.5964362118316053
763801,0.9943218438098159
763802,0.9933023550944076
763803,0.9998214100117109
763804,0.9832065998598316
763805,0.11295422924925497
763806,0.24325108716419264
763807,0.8110532725450685
763808,0.8259558150886381
763809,0.5904009612304395
763810,0.7374022065787946
763811,0.0632194252631318
763812,0.9887372862700436
763813,0.7055721873966045
763814,0.9921462775869342
763815,0.9152533135003669
763816,0.9952275222787317
763817,0.9999415396067385
763818,0.40734471902964925
763819,0.9998742435442454
763820,0.2641409837904099
763821,0.5789868092518478
763822,0.15882823175310687
763823,0.5885351641404859
763824,0.9947323987931103
763825,0.9999430576416619
763826,0.34699817611210904
763827,0.9964130940658898
763828,0.6668606112559855
763829,0.9996258055959006
763830,0.9998683116603941
763831,0.8700234060560115
763832,0.9242218819859553
763833,0.07650724829878452
763834,0.9989785487391633
763835,0.9333203931635798
763836,0.12146908914736257
763837,0.008719546136372035
763838,0.22717743365861287
763839,0.996477181967464
763840,0.9835734164519163
763841,0.808847917986447
763842,0.7504931466080889
763843,0.8963365411226005
763844,0.9996395894932272
763845,0.5579976612040781
763846,0.017761709630394824
763847,0.15216673862648808
763848,0.9997772240743285
763849,0.1101574559515708
763850,0.2539059185519906
763851,0.4394163182860119
763852,0.7295951004127583
763853,0.9950057974940241
763854,0.3768440277294803
763855,0.9950157021207022
763856,0.9999902177452271
763857,0.9985094824741017
763858,0.08536892355430842
763859,0.9994748962584179
763860,0.8051400663551447
763861,0.998495437561045
763862,0.7504955168931486
763863,0.999535066779244
763864,0.046657761961630115
763865,0.9863534047042815
763866,0.3276208265700846
763867,0.6607439290165333
763868,0.03361363434574381
763869,0.9501882858127124
763870,0.9997118699112024
763871,0.0659733202662727
763872,0.6973614455820555
763873,0.9286939767956491
763874,0.859299569637171
763875,0.7067112900010333
763876,0.996675109837286
763877,0.30889731749233873
763878,0.9986056108999324
763879,0.7846451152914963
763880,0.5083472916728815
763881,0.8678260861358513
763882,0.2225831408485226
763883,0.9999745974552504
763884,0.8764867938040939
763885,0.9979559708439418
763886,0.99965362568263
763887,0.9962317091004119
763888,0.3151634975396894
763889,0.05266796043473558
763890,0.4045826442515177
763891,0.41652529019150136
763892,0.32344074232439424
763893,0.1938060382275905
763894,0.4498302553110702
763895,0.9977434452609184
763896,0.6293975524567182
763897,0.7873642018577499
763898,0.43319668387964244
763899,0.5282705288887696
763900,0.8418383944229673
763901,0.12597011008805287
763902,0.11381666111970448
763903,0.9997213443238901
763904,0.861051499150087
763905,0.9963422885924743
763906,0.9995866263554996
763907,0.9997972563392932
763908,0.057099691930541416
763909,0.5753493185565827
763910,0.9857275218738238
763911,0.9672218240784911
763912,0.05527378068605802
763913,0.8815832057007027
763914,0.9977624316674989
763915,0.7635803162097055
763916,0.9998805360414962
763917,0.7907172559210118
763918,0.9045930414661676
763919,0.9973131150403977
763920,0.997891141775749
763921,0.16423704505505993
763922,0.9984375773173975
763923,0.9998863365833612
763924,0.4251741047915065
763925,0.9994297437446251
763926,0.9999050139323538
763927,0.9998294658328092
763928,0.1836021566566957
763929,0.9943627461208464
763930,0.8625611896571799
763931,0.9225303758754109
763932,0.7555115067401416
763933,0.9965312427370805
763934,0.9825014919148024
763935,0.1453248697096952
763936,0.9861981096812393
763937,0.9998765995112693
763938,0.46770286407098505
763939,0.9995280308249821
763940,0.22872094450479405
763941,0.6981498628194093
763942,0.9931808094414087
763943,0.22501402787196273
763944,0.9995247765087725
763945,0.9486231190179218
763946,0.6603419888334352
763947,0.8188809341615737
763948,0.9994765706315112
763949,0.2908347947571297
763950,0.9653221818530507
763951,0.8912087596811245
763952,0.9243843346073819
763953,0.5695437273058096
763954,0.9354059122430752
763955,0.9919429907495966
763956,0.9992352298334599
763957,0.7685547297454769
763958,0.9414806218560811
763959,0.005014049529260018
763960,0.015689815891381475
763961,0.6396395524560914
763962,0.5833149140566497
763963,0.9997485560401997
763964,0.9952141684699003
763965,0.9991789811646586
763966,0.9960988780855651
763967,0.3950069702708852
763968,0.9998356364298028
763969,0.9974427420009019
763970,0.9967924171042722
763971,0.31450372788117525
763972,0.8373162695190701
763973,0.12921695718676895
763974,0.7184534404481443
763975,0.979282031800871
763976,0.9996760320015379
763977,0.995089160964602
763978,0.6477461452126405
763979,0.9519333748013612
763980,0.5133133792672921
763981,0.9225248938001305
763982,0.1268346750981092
763983,0.9998491048129483
763984,0.3737068131965599
763985,0.14202268075916077
763986,0.8385553393440756
763987,0.8989709307647393
763988,0.3410388020325571
763989,0.9956365756466307
763990,0.06429229179114196
763991,0.968596978470501
763992,0.9602913991549995
763993,0.11567935395246129
763994,0.5477753935437272
763995,0.625198137650574
763996,0.7340300515838811
763997,0.916882113111021
763998,0.5934206967764863
763999,0.9986599334799589
764000,0.05158149056618453
764001,0.239836992961304
764002,0.014291419918179133
764003,0.13911771885598473
764004,0.9964034548660841
764005,0.7516781632864891
764006,0.11496768744105221
764007,0.09146685410446759
764008,0.9998926925475928
764009,0.9999164001008688
764010,0.4766921494039569
764011,0.07609547733789157
764012,0.07436562764101855
764013,0.8234800373840974
764014,0.0065672226747049665
764015,0.9996581565572797
764016,0.09098511575667739
764017,0.9719408243667602
764018,0.12016959354660406
764019,0.8824321687509744
764020,0.9208482019951917
764021,0.9854589653619896
764022,0.9987956544682967
764023,0.8159281825177944
764024,0.9985167908205821
764025,0.9994766090042269
764026,0.7157644792717291
764027,0.8291500345517951
764028,0.9998633976686593
764029,0.9942827654023528
764030,0.7263667715413686
764031,0.9946424200565436
764032,0.05852525957492827
764033,0.14298991017294704
764034,0.9431998409747682
764035,0.029021122135991985
764036,0.9882350035749583
764037,0.8794814346539701
764038,0.9782114930515232
764039,0.9035111972811782
764040,0.8355293636837064
764041,0.47755607446069415
764042,0.9998659548794926
764043,0.9994079831671261
764044,0.6365038158873253
764045,0.6634393394351423
764046,0.9996915549545351
764047,0.9998400395474043
764048,0.9174704219359641
764049,0.36731415486111674
764050,0.4466430062329204
764051,0.9997511087663575
764052,0.6593868315061384
764053,0.057713048836222997
764054,0.9999843656004404
764055,0.14967131943304007
764056,0.04901316966571173
764057,0.9591428456138712
764058,0.30676086588628043
764059,0.5311442936053911
764060,0.5153631763248244
764061,0.5650863953379639
764062,0.9997915545069553
764063,0.9893703663884813
764064,0.1171909553094138
764065,0.33783305707197386
764066,0.6776430800232507
764067,0.9226342353904007
764068,0.9994864064218452
764069,0.01605334646199633
764070,0.9929019987945602
764071,0.17047523121138292
764072,0.42588369705111134
764073,0.4207034101366095
764074,0.9997915521998826
764075,0.7015883999159522
764076,0.002267075232734517
764077,0.1513801151281271
764078,0.998099994357924
764079,0.9999780489110524
764080,0.60836737671248
764081,0.798471796009141
764082,0.6579212892269684
764083,0.9768459225999148
764084,0.9970263029206574
764085,0.5452308478440343
764086,0.5725309349336084
764087,0.05194110316283086
764088,0.09541119812491769
764089,0.893216323345853
764090,0.9961750274133453
764091,0.9999274812492613
764092,0.9448409530003877
764093,0.9998645677860896
764094,0.9999617001154274
764095,0.9999745163281375
764096,0.7970428239505951
764097,0.2383080475744714
764098,0.2943517188750275
764099,0.9999663163795156
764100,0.1910219542936676
764101,0.12272684243781154
764102,0.002680761510080637
764103,0.8053447243417536
764104,0.9997060586330109
764105,0.9995696785515614
764106,0.7705412247017621
764107,0.9995553769704963
764108,0.7834014860339178
764109,0.7690929380566036
764110,0.02988007295284422
764111,0.5600989548304138
764112,0.9325874186292689
764113,0.022579960942758312
764114,0.7468254802758326
764115,0.9999327101568689
764116,0.2801473431320317
764117,0.4282972018409645
764118,0.9999741034635615
764119,0.2449369275505186
764120,0.9993507841816648
764121,0.058994279492690156
764122,0.6581975455467426
764123,0.9975572730320346
764124,0.0022454363504144765
764125,0.9999681162635783
764126,0.9990708528273944
764127,0.9995797194079594
764128,0.9982915365007103
764129,0.14080133195521735
764130,0.9915367962562596
764131,0.9959862550124274
764132,0.6107885866995619
764133,0.626907706425848
764134,0.29207562503000023
764135,0.029082227294345588
764136,0.9995175416626223
764137,0.28294081109619584
764138,0.9905902078883708
764139,0.4815989478086422
764140,0.999990539788618
764141,0.111011611496905
764142,0.9997065660116318
764143,0.9931818947767206
764144,0.9628086940062128
764145,0.7786287197214194
764146,0.5304896611038833
764147,0.22976438073949534
764148,0.13592169867613946
764149,0.37092467278270874
764150,0.9997163123395388
764151,0.3163908162305775
764152,0.5720041108103465
764153,0.25205261151765906
764154,0.96268822031414
764155,0.6953703761397433
764156,0.9999721161383959
764157,0.9999861097158154
764158,0.28238048080881567
764159,0.5056038820444759
764160,0.9989211890737675
764161,0.005201151352991446
764162,0.589082602083109
764163,0.4071322117302113
764164,0.801506905870323
764165,0.06018313276401066
764166,0.3566644446020499
764167,0.984957440223989
764168,0.9973901497501908
764169,0.987806819294305
764170,0.9994961612818076
764171,0.8479785649955325
764172,0.7421180257744637
764173,0.9995718161937011
764174,0.876486627400433
764175,0.9980000223339408
764176,0.9999511577141891
764177,0.9999315875778616
764178,0.9996628263620803
764179,0.9998415747177807
764180,0.9119085129272679
764181,0.9959255002320249
764182,0.11632705384819708
764183,0.4046968647535327
764184,0.9998771237981127
764185,0.29524728285665536
764186,0.3620060933021666
764187,0.047431933819816516
764188,0.039657366812087175
764189,0.8858823428668685
764190,0.9983771940368595
764191,0.739963311588919
764192,0.8832963637843912
764193,0.9989134500434401
764194,0.9838923675241907
764195,0.9999954885375929
764196,0.999983844346982
764197,0.9881011551891148
764198,0.9989708412168767
764199,0.7559822085476986
764200,0.7016942876708097
764201,0.8119642392887096
764202,0.9358890563659159
764203,0.3433844981434653
764204,0.9919907194656008
764205,0.9999533368041923
764206,0.9997910511937291
764207,0.9872526706920779
764208,0.686929228857878
764209,0.9949796452938855
764210,0.43023491866976743
764211,0.9950818322942524
764212,0.7444403251338297
764213,0.9218636805606397
764214,0.9907794434905368
764215,0.2155540585622442
764216,0.999894021011829
764217,0.9999445465449
764218,0.999926236559964
764219,0.021182350900681792
764220,0.022440256997478765
764221,0.5010536222721397
764222,0.09308111748818954
764223,0.981822462231071
764224,0.25672575137544634
764225,0.9835882368826216
764226,0.2728247505464527
764227,0.7820763278986453
764228,0.1830794409837767
764229,0.38415329084536887
764230,0.0174850712979231
764231,0.2365051832939975
764232,0.5383902873984059
764233,0.9995813480065718
764234,0.996211800249749
764235,0.9996396564837278
764236,0.0797070478862062
764237,0.9912810301713295
764238,0.6040921696922491
764239,0.9999567469748629
764240,0.9225145192094169
764241,0.8914337603410059
764242,0.9950358471783285
764243,0.2980136979212677
764244,0.930315433459528
764245,0.8042061185377531
764246,0.7734834729183544
764247,0.9984420868941307
764248,0.5228744609441263
764249,0.9997431166777782
764250,0.46843030472429503
764251,0.9999788318585042
764252,0.33093796242580464
764253,0.7338399182635365
764254,0.999682643812694
764255,0.9990281501355008
764256,0.9996181781092106
764257,0.992051702603573
764258,0.7172801403864176
764259,0.8156941989047111
764260,0.5707009411311184
764261,0.5419504166018403
764262,0.999909890429836
764263,0.005857078627574821
764264,0.9989407554765379
764265,0.010145358002864157
764266,0.6928929727172217
764267,0.9987514741316228
764268,0.9990955437407631
764269,0.007739646078033258
764270,0.09180525789090817
764271,0.26311683225823934
764272,0.999980632964649
764273,0.3792429141980399
764274,0.9981699816920877
764275,0.9964171397139728
764276,0.9895898387171118
764277,0.9440821180005045
764278,0.07793452231716959
764279,0.6748074247888951
764280,0.02595246952538675
764281,0.9999717476801564
764282,0.7398985205417306
764283,0.057688413118345196
764284,0.7752410028393542
764285,0.8961506356611402
764286,0.5510038127459018
764287,0.9999482276695058
764288,0.19696863690677965
764289,0.16594317382724855
764290,0.0021310556748087616
764291,0.9999802597824706
764292,0.9864428991562748
764293,0.864763414112576
764294,0.8984964174074702
764295,0.8810976722039062
764296,0.8170113875155485
764297,0.9893618138027088
764298,0.9944037233356928
764299,0.958881492108261
764300,0.5069582773736789
764301,0.9998340453081246
764302,0.7746005382434078
764303,0.6831319903879114
764304,0.983129309089146
764305,0.1610521551473882
764306,0.7468916348835396
764307,0.13182457363854183
764308,0.9496769191591325
764309,0.992675258210931
764310,0.432387933108367
764311,0.999664774371996
764312,0.5355670969668906
764313,0.024277109004230225
764314,0.676959787723277
764315,0.9998439347854932
764316,0.9821066480996804
764317,0.021990195520949885
764318,0.08928332298108174
764319,0.6414311864625025
764320,0.902045632496749
764321,0.8222021875732168
764322,0.9995995141502858
764323,0.9975801404757689
764324,0.9895571273956622
764325,0.15456845244897494
764326,0.589946992424295
764327,0.6825992721702749
764328,0.9976259406461047
764329,0.9999561562219879
764330,0.086573428134619
764331,0.999958736875299
764332,0.6026050294419129
764333,0.18453897484830503
764334,0.9747684697160173
764335,0.9999789155331247
764336,0.2450196367015809
764337,0.9499919497549509
764338,0.06943879046737883
764339,0.9999817530135808
764340,0.12990068389365433
764341,0.9912963751890655
764342,0.07364938620539584
764343,0.9999557200366557
764344,0.07409427459278961
764345,0.06308639247178245
764346,0.9997307288501147
764347,0.9841667992575529
764348,0.2417078858451841
764349,0.2737354413731244
764350,0.9672560058773495
764351,0.25586239272456707
764352,0.832102482498665
764353,0.9999132271711365
764354,0.9899214150690089
764355,0.016198398923456175
764356,0.9999715602971244
764357,0.7670652280867971
764358,0.08665664547432823
764359,0.972303590874608
764360,0.47149670377513125
764361,0.1392740914289803
764362,0.6463277042748288
764363,0.08541861054939105
764364,0.04952189134258755
764365,0.5557953334253917
764366,0.056205355094568935
764367,0.993965744481437
764368,0.7631324596996505
764369,0.9542353041763358
764370,0.7177437874224109
764371,0.9999882079453902
764372,0.958381809076546
764373,0.8752138234614926
764374,0.9989291826032094
764375,0.10174225162497832
764376,0.4955564401722538
764377,0.9716849117290746
764378,0.054214805145605255
764379,0.9787304512833402
764380,0.9898572251135925
764381,0.005900581825683265
764382,0.9997634874883388
764383,0.8332229569812195
764384,0.999928057928154
764385,0.8894156122717867
764386,0.10747601671550774
764387,0.9399735845349191
764388,0.9998936427006919
764389,0.9030020946937153
764390,0.2157713036653274
764391,0.9978361095603133
764392,0.9057055422127689
764393,0.9996188080406047
764394,0.08225224855687709
764395,0.9710456684981204
764396,0.9897768436833618
764397,0.8826911465934701
764398,0.7501651898010216
764399,0.963190634888577
764400,0.2002647947138414
764401,0.9792748082449858
764402,0.9999845838490273
764403,0.9997722938359236
764404,0.9416740926033145
764405,0.04088232728819797
764406,0.9867982198565483
764407,0.9994986793321483
764408,0.5883167302977678
764409,0.9998892090290312
764410,0.8976636925756165
764411,0.599627851579754
764412,0.8502726758919307
764413,0.08339848822167678
764414,0.31453266926066026
764415,0.9904168976801705
764416,0.9994103849710785
764417,0.5622240105685422
764418,0.5295521417302691
764419,0.537634755341104
764420,0.9928885974027599
764421,0.7803805218375375
764422,0.20015008392802516
764423,0.5715564681833829
764424,0.7844164753386412
764425,0.9403237360410234
764426,0.643507556823505
764427,0.07601408035844381
764428,0.9927709509107548
764429,0.028271657650568188
764430,0.9752226323279314
764431,0.005434776348717975
764432,0.4932663812258691
764433,0.19860007237647728
764434,0.42150704881683776
764435,0.9975102657456946
764436,0.17113140303360408
764437,0.9973534972444905
764438,0.9997194879904514
764439,0.5187660378279633
764440,0.999446189155321
764441,0.6499128998241404
764442,0.9988343849852361
764443,0.991432491492861
764444,0.2033718383768265
764445,0.9970263876932945
764446,0.9999451358769913
764447,0.7187163146332927
764448,0.9997683059604491
764449,0.31340968244726963
764450,0.018382139384896145
764451,0.9983361791426411
764452,0.99960104052009
764453,0.9996717527648944
764454,0.49696306881838925
764455,0.9321486112077791
764456,0.8599130471089216
764457,0.960472709550475
764458,0.4115407089816457
764459,0.47043686655225997
764460,0.7821203131943728
764461,0.7542484585507783
764462,0.942054457118583
764463,0.9993521233182403
764464,0.05302749699305306
764465,0.2711414805046295
764466,0.9973256915604738
764467,0.039163358227036406
764468,0.1031947017991405
764469,0.09290130440768532
764470,0.80440130863542
764471,0.6303315772652578
764472,0.9223876106005486
764473,0.8608468323096408
764474,0.9404320571471037
764475,0.9928455836969975
764476,0.9946718358670887
764477,0.06554202532194678
764478,0.9993535240442066
764479,0.9466595286709409
764480,0.32775635405098985
764481,0.9992990261778902
764482,0.33497453845119507
764483,0.7415770914160763
764484,0.9996658011688806
764485,0.9999513273694443
764486,0.9999609163686203
764487,0.9946975795596674
764488,0.9993272781737048
764489,0.999726763332543
764490,0.9617905946655971
764491,0.9996855582253749
764492,0.9700610119180963
764493,0.9998762606269275
764494,0.999988793095903
764495,0.9979044178890457
764496,0.9455523104647807
764497,0.9953867646870483
764498,0.17182094043830087
764499,0.0311457201944074
764500,0.9993625243584046
764501,0.10622437480855045
764502,0.21975523796721136
764503,0.9994127648157893
764504,0.9998012556942112
764505,0.9945016036998886
764506,0.2542798241723321
764507,0.5999287179385514
764508,0.24143645892333726
764509,0.9915133220327329
764510,0.7427254500235569
764511,0.023251452242221828
764512,0.9782070839140888
764513,0.5687620611258702
764514,0.2910753417562094
764515,0.44064375194609245
764516,0.6893960781810871
764517,0.9930226535699107
764518,0.5071496282667592
764519,0.39567754752369094
764520,0.9984497812991675
764521,0.9996266868539648
764522,0.9999069941072608
764523,0.693166108491146
764524,0.07432390322546133
764525,0.9777136038204937
764526,0.4813364913192814
764527,0.4839369020765485
764528,0.988496494487914
764529,0.9995010216192977
764530,0.8430396835747472
764531,0.5735605835811701
764532,0.3609537428376533
764533,0.9989633589547227
764534,0.999995625353215
764535,0.999911028910736
764536,0.5450041902465723
764537,0.9991525776291673
764538,0.15627211237760713
764539,0.8680142039128189
764540,0.9774382006526806
764541,0.527248627319262
764542,0.9995829719801751
764543,0.9998723806536467
764544,0.9961439707646121
764545,0.035397397402390736
764546,0.9636503568910927
764547,0.0863012420913822
764548,0.05440682984904906
764549,0.13343582478480784
764550,0.9476997022210328
764551,0.9998374993007122
764552,0.45166764866860765
764553,0.9773017787601824
764554,0.7905033698586524
764555,0.9862713653009342
764556,0.9821775067576552
764557,0.9994887770427265
764558,0.9969474019153922
764559,0.849634434378945
764560,0.749775999917458
764561,0.04884055630623296
764562,0.08282514102099345
764563,0.5307815520465278
764564,0.8167628496837025
764565,0.6515410787705459
764566,0.9998443151054003
764567,0.2317279330570508
764568,0.9952676726811477
764569,0.9998290744484628
764570,0.3079127830249584
764571,0.023803870243423238
764572,0.06938317770885988
764573,0.9992247441527011
764574,0.9979271441860538
764575,0.981374084452437
764576,0.8951846195234525
764577,0.9993643107574637
764578,0.9993003695281102
764579,0.9995503575711683
764580,0.9999774433323106
764581,0.9173395293597618
764582,0.11662172816974317
764583,0.009797390847556275
764584,0.06700553109442323
764585,0.6960549114025905
764586,0.9181744088521898
764587,0.17555468158345855
764588,0.9914841885782951
764589,0.2963634103264367
764590,0.1557709143475328
764591,0.9470621720954004
764592,0.16236304819688815
764593,0.9996847480393863
764594,0.994769039193094
764595,0.9999539399232944
764596,0.005451119835763398
764597,0.8820503339364423
764598,0.8871142723653973
764599,0.32500489012574685
764600,0.42083167673059785
764601,0.3890821388875599
764602,0.9935980820526731
764603,0.9953177861755518
764604,0.7428746591756296
764605,0.07063190311342285
764606,0.9998059690201203
764607,0.999904471776734
764608,0.9986319249252383
764609,0.07732067620777755
764610,0.027033873700078804
764611,0.9998799777480987
764612,0.13221568652392135
764613,0.7380053275522436
764614,0.9624261381863823
764615,0.9997264926355316
764616,0.9964642654485926
764617,0.9881673260056595
764618,0.3321966272188571
764619,0.025503594354868597
764620,0.12585333566619503
764621,0.3167427003718214
764622,0.9954839151309811
764623,0.50686743126466
764624,0.8843130581907624
764625,0.996661648019544
764626,0.8450809223289183
764627,0.999528831831376
764628,0.2128587973397426
764629,0.20606049894351125
764630,0.9974852103529818
764631,0.7580417345944829
764632,0.9990767563156207
764633,0.5906855993369176
764634,0.991942175770155
764635,0.5944823817052185
764636,0.9973082413980017
764637,0.9998186538939331
764638,0.6210384726708315
764639,0.5019298162716136
764640,0.3222417334157004
764641,0.9999204704123037
764642,0.09832114509211975
764643,0.950715522057654
764644,0.9950249014814199
764645,0.9984972986675124
764646,0.9718882910093931
764647,0.8953859654892052
764648,0.9449214146471274
764649,0.668681692026361
764650,0.7652429795545903
764651,0.239152318939658
764652,0.0323882351964728
764653,0.3344229687704317
764654,0.9983300764749363
764655,0.998228041266302
764656,0.2807486296268086
764657,0.9998355885285974
764658,0.999273528342149
764659,0.14298057418789348
764660,0.8397292189598875
764661,0.9999296778023279
764662,0.9390262621721722
764663,0.8647834348449481
764664,0.036554221200905
764665,0.9999802019887882
764666,0.9982963871698749
764667,0.9995875151121139
764668,0.03016848722681767
764669,0.9980023255593591
764670,0.999442689190206
764671,0.02074394099304481
764672,0.965789648328816
764673,0.050924550308119224
764674,0.999876309872178
764675,0.7446058747496983
764676,0.7652814713648963
764677,0.9998321345634149
764678,0.03635709018515052
764679,0.9998509520527419
764680,0.031058257308694354
764681,0.9918602835976638
764682,0.992009323609286
764683,0.9199492294045455
764684,0.8842757401438766
764685,0.43328447420673943
764686,0.9994141254696118
764687,0.8506292669191121
764688,0.23117348150310307
764689,0.9950328231319175
764690,0.9971577438187966
764691,0.9997675256888311
764692,0.9896937698784821
764693,0.9993981468438372
764694,0.09416724552433765
764695,0.9960862084769935
764696,0.9994862367638475
764697,0.31587674219616496
764698,0.14340644621335202
764699,0.9808706438387869
764700,0.9965184332926855
764701,0.3916111777515276
764702,0.9986972716616176
764703,0.9998231801948083
764704,0.9998941371715491
764705,0.559369581021199
764706,0.9999634879069473
764707,0.31610204466278335
764708,0.4980022804436783
764709,0.1342453941344184
764710,0.31828708643852033
764711,0.9965955567930547
764712,0.3858375147304867
764713,0.23081600626988177
764714,0.24895167495021003
764715,0.5504566586189046
764716,0.9802925770603431
764717,0.02957786734195708
764718,0.8288396545012902
764719,0.9998999735709111
764720,0.15640431711242872
764721,0.12014290832552044
764722,0.08372488390645412
764723,0.415687942185347
764724,0.09143325449136187
764725,0.13304747789563415
764726,0.48228853952392575
764727,0.9692077387276198
764728,0.013290328796833903
764729,0.9991876951247763
764730,0.9834045683741202
764731,0.4519993710968173
764732,0.9646102415963351
764733,0.105145273158196
764734,0.999804206409217
764735,0.01261626528730074
764736,0.990595361700071
764737,0.9999656894127333
764738,0.38372768684830294
764739,0.9999439358380662
764740,0.9989849907178228
764741,0.9977303420520358
764742,0.3562082295286974
764743,0.11255271066258277
764744,0.6926424802072817
764745,0.2499508050918001
764746,0.1923581665772363
764747,0.23622883781961382
764748,0.11254579393918751
764749,0.998862292444408
764750,0.9202716446213172
764751,0.9956242743170811
764752,0.7509253541262375
764753,0.9999575976370116
764754,0.6192828403858317
764755,0.9289048081696072
764756,0.3953403107838114
764757,0.9999832455280239
764758,0.9678624633898556
764759,0.85954961522515
764760,0.9938190231046627
764761,0.9857938247850864
764762,0.9910319244966403
764763,0.9993451686763394
764764,0.9941009231021072
764765,0.957241475381299
764766,0.9999717929045524
764767,0.9858327392723555
764768,0.9984875605727631
764769,0.82777732894651
764770,0.9999526960751821
764771,0.9740143954207787
764772,0.9992177175332796
764773,0.9852741712753
764774,0.8213398986920779
764775,0.03990557509577385
764776,0.05754704951376042
764777,0.08067974304445272
764778,0.9938249693642632
764779,0.08719602547181843
764780,0.9923130935930728
764781,0.3928442181930236
764782,0.97807322212472
764783,0.8979882736470466
764784,0.8964921894601084
764785,0.08547007616908031
764786,0.9998533194367205
764787,0.9954180931012429
764788,0.9911915097359787
764789,0.9994668177595065
764790,0.9998432426854267
764791,0.8286082583815555
764792,0.006744146876384149
764793,0.912413804671675
764794,0.99997927416754
764795,0.32066689725239744
764796,0.9998788358184939
764797,0.6495151821919637
764798,0.2382148925092448
764799,0.015012114282522278
764800,0.9996482182639987
764801,0.5874679081489758
764802,0.838656996272411
764803,0.8591777051859587
764804,0.9965364967831912
764805,0.9999476936710868
764806,0.9684544681685143
764807,0.9887117132582915
764808,0.7711614078405429
764809,0.40369349530177834
764810,0.12350265630606301
764811,0.9937877842199572
764812,0.9994177490009012
764813,0.10379825977990594
764814,0.01639578641404325
764815,0.9999639042686339
764816,0.8197520292254383
764817,0.6731316225073729
764818,0.9772135679471877
764819,0.010225666151679514
764820,0.04045865757668156
764821,0.999625121845297
764822,0.18739875274924103
764823,0.9999408564007073
764824,0.9997336555921634
764825,0.9996349507861997
764826,0.7606706110598641
764827,0.4042567210614207
764828,0.9955198818830946
764829,0.8842960543588241
764830,0.17144971424233454
764831,0.46192972034165275
764832,0.9927098882399058
764833,0.9997162625698306
764834,0.9369025640207127
764835,0.04710981775767621
764836,0.4368481528994129
764837,0.8889492671977042
764838,0.9986891658576366
764839,0.05830352126071062
764840,0.36845704896342696
764841,0.7779001939497812
764842,0.5623314623987204
764843,0.060803143341457505
764844,0.3554629418133278
764845,0.7011195446280345
764846,0.04817742315884937
764847,0.997432998380771
764848,0.9755022487631347
764849,0.9976035045881014
764850,0.9998259764576509
764851,0.217523196401878
764852,0.7196131311109264
764853,0.425158313008668
764854,0.1602255853921915
764855,0.2807479017583388
764856,0.9983422509132027
764857,0.8635077369245665
764858,0.047995952154017786
764859,0.7751031899434389
764860,0.9995974410963235
764861,0.07252937958434118
764862,0.9984545027365799
764863,0.669099274665359
764864,0.3857453611872581
764865,0.9916505629858041
764866,0.9874886245596739
764867,0.08121303034289071
764868,0.9731736212662823
764869,0.38847760212272514
764870,0.9989741142051256
764871,0.07102138200135419
764872,0.8349340686439273
764873,0.9998164467477897
764874,0.9996065553904558
764875,0.07213882835184368
764876,0.013754584464502194
764877,0.7799856046689746
764878,0.9997457116497604
764879,0.596887278749351
764880,0.010531765968137085
764881,0.24044464328726187
764882,0.4541354880444465
764883,0.9981582591098301
764884,0.9998774374722896
764885,0.999819847053256
764886,0.9937481509319999
764887,0.75038824906414
764888,0.9911832141330839
764889,0.9516768932462778
764890,0.9814874276250416
764891,0.811622695356443
764892,0.9966354503788176
764893,0.02538991270471204
764894,0.48356126439203917
764895,0.9936205223403924
764896,0.5598711707680054
764897,0.11787297893511184
764898,0.31094374669885944
764899,0.094784527297991
764900,0.6922605660900272
764901,0.9239064061092951
764902,0.9560953323560234
764903,0.7677308396783875
764904,0.17223166548182706
764905,0.9921204257293845
764906,0.94677685509373
764907,0.998865269392806
764908,0.2799432762354711
764909,0.13789813658823952
764910,0.9994891714263725
764911,0.8719156784061113
764912,0.33556958316058755
764913,0.3107225064092829
764914,0.9869568347037956
764915,0.8930515363933553
764916,0.6051942346103522
764917,0.07415404737175581
764918,0.6035961207628782
764919,0.9994327553504683
764920,0.9648506825305312
764921,0.9991379472768211
764922,0.9999825845398813
764923,0.9944824095898106
764924,0.9236513023205046
764925,0.8396929491770947
764926,0.17406874133917466
764927,0.39626362290243017
764928,0.9723704967799549
764929,0.7313549674819958
764930,0.7522595153366619
764931,0.9674827650365194
764932,0.9995011468674196
764933,0.9996044251652063
764934,0.744612952734051
764935,0.9992230416803183
764936,0.9999858729513782
764937,0.9995083475437241
764938,0.9904931525472321
764939,0.9994834217266667
764940,0.03343963702453823
764941,0.997215155851658
764942,0.9886508550731219
764943,0.05841519976814839
764944,0.9895485189114852
764945,0.34419460866169094
764946,0.4456331493687168
764947,0.9992875626251649
764948,0.9983327384015993
764949,0.9983163900926424
764950,0.9442654384991822
764951,0.9935470851722988
764952,0.9901312020794752
764953,0.999950478510505
764954,0.9998726000720879
764955,0.9996718831996052
764956,0.03492427386528942
764957,0.36642076092343656
764958,0.05026180313584853
764959,0.8084292792645783
764960,0.998578412994838
764961,0.029381966080999845
764962,0.9999363702490309
764963,0.6800891000512956
764964,0.34625783815000355
764965,0.5472492735668579
764966,0.9952031124443144
764967,0.3588137679232069
764968,0.9908543286809548
764969,0.8702162380870213
764970,0.9945307015288491
764971,0.569038140598501
764972,0.45318812870076186
764973,0.3003131551193554
764974,0.9987461040491299
764975,0.9972263825760087
764976,0.50209875027663
764977,0.995830723790302
764978,0.9998089647602159
764979,0.9998079603031418
764980,0.6663675308853727
764981,0.1503279684712981
764982,0.9999822477404916
764983,0.9999154159808539
764984,0.9997152277425498
764985,0.9993632965971002
764986,0.9999595066217943
764987,0.993715257329519
764988,0.9893592892914052
764989,0.9998474956601191
764990,0.9998361401828206
764991,0.13661785969358714
764992,0.42830494847002054
764993,0.9998787456541595
764994,0.9495796540030126
764995,0.10951577987984308
764996,0.034002942107982104
764997,0.5387140272128627
764998,0.999959822414368
764999,0.9984187897011325
765000,0.9943661867224652
765001,0.615630833045234
765002,0.9999541419138085
765003,0.15431573774113777
765004,0.9849537512108508
765005,0.9981678046490163
765006,0.2407922213547894
765007,0.2478046637535159
765008,0.9998056943490574
765009,0.9776253373722843
765010,0.2941379744534365
765011,0.10713677051008495
765012,0.9999816383159992
765013,0.10292451849002272
765014,0.952256757869504
765015,0.9999580758655939
765016,0.546098683551105
765017,0.9474010028460891
765018,0.5696476857170463
765019,0.9578950255030707
765020,0.9952593245871668
765021,0.5258718870768894
765022,0.03366295015010091
765023,0.0549703060849927
765024,0.46456752411848495
765025,0.9999631518357743
765026,0.058564371751342895
765027,0.41540848590632595
765028,0.999631124871281
765029,0.9972890474893457
765030,0.9997878880162958
765031,0.9997211197676485
765032,0.9353030477630135
765033,0.9235405439306354
765034,0.7302323496579202
765035,0.03857916124599502
765036,0.6290799432452637
765037,0.9997504666485031
765038,0.7981506873872821
765039,0.25715671154414743
765040,0.4270500777207412
765041,0.655999747768057
765042,0.9965278952352703
765043,0.999901779710699
765044,0.9999835925117646
765045,0.9983330610187787
765046,0.9974342241646975
765047,0.5698583559230752
765048,0.49347117134807583
765049,0.9555501894598877
765050,0.9999096376182834
765051,0.9999955522228674
765052,0.44709206171645294
765053,0.9999880945498815
765054,0.06225966679566035
765055,0.00870242863692833
765056,0.056288029085784966
765057,0.9960918125908713
765058,0.996595807408416
765059,0.9988621573764027
765060,0.3278992228473525
765061,0.9160549009189733
765062,0.10594243108158864
765063,0.5146871739110472
765064,0.9824570945100488
765065,0.9352454364536463
765066,0.011870126187264515
765067,0.9872028114630766
765068,0.9902128186411113
765069,0.8507423249962686
765070,0.9914926746632646
765071,0.982213515075635
765072,0.9999226652028581
765073,0.9903121411797009
765074,0.0365862143598387
765075,0.7596829257743527
765076,0.9999693298878045
765077,0.6855972866670199
765078,0.15181267989087788
765079,0.012077246495023012
765080,0.29330316986904337
765081,0.31110216951157554
765082,0.1070917491340335
765083,0.8057853054080074
765084,0.8404625822671283
765085,0.897443641444895
765086,0.9997749488073715
765087,0.0398202906746613
765088,0.30303178095651007
765089,0.9999435278294202
765090,0.02026097391395725
765091,0.761717748333432
765092,0.9997836323082776
765093,0.9984943272266716
765094,0.12415161575630658
765095,0.7079399504679944
765096,0.9999823011906575
765097,0.17219065347765797
765098,0.993538854118239
765099,0.9785574035591309
765100,0.9975701463175621
765101,0.9996599782043663
765102,0.8886380656641334
765103,0.09991408040610292
765104,0.04899726943979675
765105,0.6116215532060659
765106,0.8397733783604309
765107,0.9991149732783373
765108,0.9977484137900138
765109,0.9938167747119875
765110,0.42817318077248917
765111,0.031538781429938344
765112,0.05070506267589675
765113,0.9840635487114598
765114,0.9998475598258687
765115,0.04474861044795123
765116,0.5619422407620963
765117,0.13962839412090539
765118,0.9934495529032195
765119,0.9998277609712133
765120,0.367417407863883
765121,0.8486473642385268
765122,0.9999873328027818
765123,0.9286352803856788
765124,0.9973576691988102
765125,0.9975086899487333
765126,0.9999829053950257
765127,0.14963803417027424
765128,0.22150377225652318
765129,0.9997080426068653
765130,0.8692538760862712
765131,0.9996447450790023
765132,0.9914023383045008
765133,0.9999116841579601
765134,0.9910543246031254
765135,0.5246509688330725
765136,0.5759619319103553
765137,0.5558161196126594
765138,0.01721667193264124
765139,0.994652798455397
765140,0.997919094197018
765141,0.019354151746581644
765142,0.6646048033571126
765143,0.9996609851010556
765144,0.7896963923087972
765145,0.02838510572934623
765146,0.5774788395006916
765147,0.7093474300522177
765148,0.9403081568821199
765149,0.8927328969816629
765150,0.20362470870938848
765151,0.9924862244246407
765152,0.14863203215929316
765153,0.537537631877678
765154,0.9888381185751969
765155,0.9999503511354637
765156,0.9301565233395733
765157,0.9997229553959055
765158,0.587782770852766
765159,0.9272921073935603
765160,0.9992965178547311
765161,0.9833154456672814
765162,0.988266254843687
765163,0.9865910208153301
765164,0.2423960921949695
765165,0.999318582905737
765166,0.9993449824603449
765167,0.9998605550721544
765168,0.9994662103044334
765169,0.018942277007613764
765170,0.13081376423301738
765171,0.9966338357025848
765172,0.9393556211052232
765173,0.8518279257784853
765174,0.7355530711971453
765175,0.4078062795061324
765176,0.7963897714817665
765177,0.9997400960725726
765178,0.9997231175255473
765179,0.15580517710583303
765180,0.9989776839129896
765181,0.9999606095353704
765182,0.5496731231250785
765183,0.0917685833816114
765184,0.9991918147973543
765185,0.1541027975959329
765186,0.622457777831593
765187,0.004425321020853047
765188,0.48179758826480124
765189,0.15377256218952015
765190,0.812008209561462
765191,0.033435847260550995
765192,0.9998123241881414
765193,0.9996157353616135
765194,0.9231844097333761
765195,0.9998959160398097
765196,0.9398342500766916
765197,0.017822090404775618
765198,0.9995642266336656
765199,0.8149800273052248
765200,0.9999522926187501
765201,0.3392370586762729
765202,0.6253130297779856
765203,0.8567849212760159
765204,0.999963998584344
765205,0.999944590577961
765206,0.9999789943186002
765207,0.9602511525331481
765208,0.6706735250384486
765209,0.9696346950132011
765210,0.9995742037752717
765211,0.3269927665604887
765212,0.26965375976194106
765213,0.9999901707376007
765214,0.4372669416759901
765215,0.9937760015033765
765216,0.881643264531293
765217,0.9992064666741789
765218,0.02077884257657893
765219,0.9742550423446731
765220,0.9968988555629249
765221,0.011990622090427295
765222,0.06502817639801962
765223,0.9994162446298891
765224,0.9998221940226073
765225,0.4006789192215966
765226,0.9904943783726609
765227,0.03626758881099081
765228,0.9999951278785764
765229,0.9993711157919247
765230,0.29341183667305804
765231,0.9353696393245746
765232,0.17441859636499735
765233,0.9576042118767808
765234,0.9525158088659197
765235,0.45088091601569447
765236,0.9998666527185455
765237,0.997663561123075
765238,0.08598895620191055
765239,0.7975628462380896
765240,0.8432345093951419
765241,0.32367929115233024
765242,0.9790113881193633
765243,0.007466030082279839
765244,0.00715395126452115
765245,0.039496351085788466
765246,0.9999741342146223
765247,0.987671986848009
765248,0.9998375579663199
765249,0.999879863573045
765250,0.789728015090013
765251,0.999174942059343
765252,0.9995819846002163
765253,0.9997668297432171
765254,0.999935121096271
765255,0.9995765501167404
765256,0.019045696940990647
765257,0.9996354903440396
765258,0.9595773631995737
765259,0.10219489552228828
765260,0.9644579934907046
765261,0.1999261688106174
765262,0.04814718153200907
765263,0.6904117697063202
765264,0.9996709975454214
765265,0.03480665911662242
765266,0.9996178437646959
765267,0.9880680324383107
765268,0.4859629077345542
765269,0.042871103152797276
765270,0.06868238163155976
765271,0.559231583259715
765272,0.771428349306778
765273,0.2242018828661238
765274,0.9983825250738319
765275,0.9691486082370977
765276,0.8339087726630123
765277,0.5069086290081338
765278,0.9997178632327245
765279,0.990831476174497
765280,0.9661189551894095
765281,0.99996309282504
765282,0.6905717282517421
765283,0.9646649154459553
765284,0.565044336170593
765285,0.015580029085048484
765286,0.999625586617793
765287,0.24484090359878702
765288,0.5882728794675671
765289,0.9993141023404746
765290,0.8960965985342276
765291,0.2029526629525456
765292,0.2696902335703808
765293,0.9979625797282237
765294,0.9997096782204531
765295,0.9999135872808529
765296,0.9973882104387481
765297,0.0497709980318239
765298,0.9996740964979869
765299,0.03159003614895236
765300,0.8588771834619204
765301,0.9958014050684973
765302,0.3336097739318824
765303,0.9998658568233214
765304,0.8903831369946735
765305,0.95548603551067
765306,0.017358861713459937
765307,0.9998098507983609
765308,0.4401429602636351
765309,0.35486572271588424
765310,0.9674861184642718
765311,0.6024746640398935
765312,0.7116323538678077
765313,0.9479460618915654
765314,0.998466076524834
765315,0.5366851614241142
765316,0.7744830873466562
765317,0.9953800390313126
765318,0.024972460366362612
765319,0.9943366506467172
765320,0.9778216071289265
765321,0.03950486870150712
765322,0.44209784200355895
765323,0.020900546937992127
765324,0.960587170021978
765325,0.9990144175307357
765326,0.9758710856362498
765327,0.9891525499138134
765328,0.816128335730186
765329,0.6376858315706331
765330,0.25675395766451825
765331,0.01420239072405765
765332,0.1594274222960654
765333,0.9337980884727799
765334,0.999248898780323
765335,0.9284677904164966
765336,0.9998028132581422
765337,0.12375891680131679
765338,0.99738793466312
765339,0.9999546388191937
765340,0.9837005208678471
765341,0.9975971485272752
765342,0.6697972251862757
765343,0.9999343935829952
765344,0.9997572752265118
765345,0.9976802732828065
765346,0.389792035532166
765347,0.9998798497215302
765348,0.5672112864956469
765349,0.5336859862718097
765350,0.9889101614906998
765351,0.9998058234805363
765352,0.9694816298268786
765353,0.9612277117842243
765354,0.8728825386645152
765355,0.8484500018315171
765356,0.9968946016641633
765357,0.9992358562001191
765358,0.9977532495972847
765359,0.9998662092949414
765360,0.8112033743439759
765361,0.9990996979061009
765362,0.017883927179410324
765363,0.9730503916964928
765364,0.9379772620532703
765365,0.2314234552524534
765366,0.38587823249808634
765367,0.728702834014324
765368,0.16877316778897197
765369,0.9942743099868399
765370,0.9409909789426568
765371,0.49039071827220093
765372,0.6864690231008084
765373,0.9998276934415832
765374,0.526782175483216
765375,0.8916846694712384
765376,0.9980933768451117
765377,0.5760795787961929
765378,0.020013248974391523
765379,0.35367244756877664
765380,0.9978566154964605
765381,0.9977755096302993
765382,0.9939505848216239
765383,0.9823416587070422
765384,0.0820368793373136
765385,0.39588762995252136
765386,0.44538968909180154
765387,0.1198994144792915
765388,0.9653506392860973
765389,0.9923425669028355
765390,0.027806375476790778
765391,0.5867751574464765
765392,0.8501107732376038
765393,0.9344697523038673
765394,0.9863281711433546
765395,0.029229183071731245
765396,0.6827139510093495
765397,0.9954255925277249
765398,0.9636509347784106
765399,0.9994240377815922
765400,0.6190523877718312
765401,0.9945614719751432
765402,0.09420691136048155
765403,0.047785540111706576
765404,0.06355738628846194
765405,0.8413569581246529
765406,0.08202543850535306
765407,0.175473048943106
765408,0.999925137349644
765409,0.9992396332138997
765410,0.4299072876431985
765411,0.014936461507047798
765412,0.9594799274722123
765413,0.4355822907377145
765414,0.7683383915631796
765415,0.9304200875708954
765416,0.9959633985041997
765417,0.491559289127224
765418,0.9998142477767986
765419,0.4386806415273309
765420,0.4891638481350559
765421,0.9639076758131834
765422,0.9801745048657661
765423,0.22697629366274014
765424,0.1054508209527747
765425,0.9987570300996305
765426,0.9919497937327004
765427,0.9999131310167768
765428,0.9969880797515807
765429,0.9799416325747532
765430,0.9589230291468352
765431,0.9083211899408838
765432,0.001644063249586194
765433,0.999067230069413
765434,0.7985657187186754
765435,0.8489812715660124
765436,0.46381674193518296
765437,0.2770360784599922
765438,0.015426653759627162
765439,0.9995345432874896
765440,0.9996952091635222
765441,0.8958381041572732
765442,0.2528584402417589
765443,0.9981199107542705
765444,0.8791281162252207
765445,0.5369055462513708
765446,0.24244895929127408
765447,0.07589681887644754
765448,0.16102069370765684
765449,0.9968216967829349
765450,0.9998947013196919
765451,0.01376015874738945
765452,0.9999795129564557
765453,0.03453819364868344
765454,0.9998910153098975
765455,0.9994423944801741
765456,0.9207823694760928
765457,0.012165832135317637
765458,0.6308926076773389
765459,0.8547745066331714
765460,0.9306416595355469
765461,0.07105083344937071
765462,0.007735097386417507
765463,0.988639147028981
765464,0.9776618867684433
765465,0.02805953838513434
765466,0.9980128761573315
765467,0.4816724918093931
765468,0.9020724524277961
765469,0.10281567817614398
765470,0.9965006200139981
765471,0.08752335363318922
765472,0.10108622363482972
765473,0.9854593752125211
765474,0.454210328596253
765475,0.9972649481771174
765476,0.8754289176015538
765477,0.26891222378920293
765478,0.9998260722234389
765479,0.9832955386733119
765480,0.004477589337957742
765481,0.025222443831821435
765482,0.9998901875821009
765483,0.9957377898805095
765484,0.9996303849435383
765485,0.13672319188235738
765486,0.9494339084082818
765487,0.9996509866848364
765488,0.7552369814808417
765489,0.9999594291006386
765490,0.04093890368640531
765491,0.9410566429263936
765492,0.6187672357092613
765493,0.9998155801756208
765494,0.9774433207492756
765495,0.6240577333212225
765496,0.2525459194731018
765497,0.9999013791404088
765498,0.30786860441614805
765499,0.9999357314361692
765500,0.7812887951320875
765501,0.9998349727241668
765502,0.9993200247299115
765503,0.273770623917204
765504,0.43499203015699817
765505,0.9969763813828836
765506,0.9996327456115244
765507,0.022131359766248915
765508,0.9998682450222378
765509,0.5774012508440592
765510,0.9942594893840873
765511,0.01706220312704729
765512,0.8065840816299072
765513,0.9987076249675106
765514,0.9667268895264209
765515,0.9564317264936518
765516,0.2548447205458096
765517,0.9966737309316319
765518,0.9699677102038016
765519,0.01733709742967209
765520,0.9177263069125793
765521,0.9996129279170075
765522,0.01623870794327467
765523,0.8642916637916256
765524,0.024228453894533396
765525,0.9947470973951525
765526,0.9984597148947549
765527,0.9996058884884083
765528,0.5763793929816033
765529,0.16636655382587512
765530,0.17012116472566874
765531,0.8628312853644357
765532,0.9987405335448594
765533,0.9553925328475135
765534,0.1949324973060306
765535,0.4535140560911743
765536,0.8548755280180866
765537,0.9998847855129975
765538,0.9992400965680901
765539,0.9996734029778511
765540,0.9980564930060931
765541,0.9994732276725306
765542,0.9999832972044566
765543,0.9893223805152043
765544,0.9997942870760756
765545,0.984873031233525
765546,0.9848548465151181
765547,0.9995405652388897
765548,0.9997487514292945
765549,0.9999642766743755
765550,0.9998506947054862
765551,0.9995603504675374
765552,0.9998428279634857
765553,0.08123639590377849
765554,0.3748418534968929
765555,0.9148694985876917
765556,0.941356453770057
765557,0.9776542655412204
765558,0.9999647117294251
765559,0.07392785330444694
765560,0.998627810223153
765561,0.4232715954912283
765562,0.9996442385581231
765563,0.998848901305806
765564,0.49110169876944504
765565,0.9999712375106979
765566,0.8604651993656113
765567,0.818976641651676
765568,0.8108571891954326
765569,0.37816627230767513
765570,0.3456935825907772
765571,0.6102857911509935
765572,0.999884693377788
765573,0.9998122368044418
765574,0.36127417007908535
765575,0.9985048505429411
765576,0.7703805896996262
765577,0.15765307444959134
765578,0.9927908213657586
765579,0.7615531785180265
765580,0.9998281888418747
765581,0.8576326305868194
765582,0.9994992782980066
765583,0.9993804784930891
765584,0.9996405932463291
765585,0.9999417918281974
765586,0.02598672016629278
765587,0.961186154297028
765588,0.9996190655768122
765589,0.9999165630965943
765590,0.9998287093127218
765591,0.9766603470552115
765592,0.06971218029703571
765593,0.9793383640677252
765594,0.004445325407771062
765595,0.9997299452172633
765596,0.9998987218657918
765597,0.023961557194037066
765598,0.11693878341310555
765599,0.37822820999674944
765600,0.9993434314325519
765601,0.9999778370245145
765602,0.8424508159858377
765603,0.013062790137574888
765604,0.2906671856526555
765605,0.080657687860786
765606,0.21076145617297173
765607,0.9997647601132247
765608,0.3138712771869587
765609,0.9997991470182774
765610,0.011491914159179085
765611,0.5859114609535081
765612,0.9796505477866411
765613,0.7656365821941438
765614,0.3677351060874119
765615,0.7066072263726035
765616,0.3300143315271993
765617,0.002923939174710809
765618,0.9997929750707066
765619,0.13813740079985007
765620,0.1006798329097319
765621,0.9157485956606508
765622,0.8932463633327306
765623,0.8968235513432673
765624,0.9993048441312578
765625,0.9998727170119022
765626,0.9997268593181352
765627,0.9999387899922736
765628,0.37988691662958796
765629,0.9996456766115306
765630,0.999755615198032
765631,0.9990271257419883
765632,0.09682416163753545
765633,0.8233581484090584
765634,0.9996117754276415
765635,0.5673865027147943
765636,0.5545263055899415
765637,0.9988839259509242
765638,0.053851682835183365
765639,0.9939651486849759
765640,0.9981189336794009
765641,0.13426390412864048
765642,0.6951277949730794
765643,0.9992941271390321
765644,0.16218415295506555
765645,0.9999433155500697
765646,0.8031889838123327
765647,0.8258245598040309
765648,0.9980783085898015
765649,0.9902520295297103
765650,0.20114801607320426
765651,0.9624444008116714
765652,0.049506905437859045
765653,0.9982661743569939
765654,0.6125979962551555
765655,0.999953789589817
765656,0.9116775464607683
765657,0.39216629787727697
765658,0.9996918339173565
765659,0.9811376663332947
765660,0.9999202224796593
765661,0.9967523894378745
765662,0.919896134756747
765663,0.9998637050904482
765664,0.9997178667269639
765665,0.7509147796748865
765666,0.93494873700185
765667,0.9558020753590817
765668,0.989906379223058
765669,0.08289276202945967
765670,0.5753715624632237
765671,0.04752277586588351
765672,0.44274993016668157
765673,0.9993289966840672
765674,0.9997153007229422
765675,0.9998560825809202
765676,0.9928069485797754
765677,0.9998595525277318
765678,0.9932159353384822
765679,0.9999743478318883
765680,0.6309841352997038
765681,0.9700571851864124
765682,0.3593619549247402
765683,0.999294122654693
765684,0.37759523393074906
765685,0.4339733240697001
765686,0.15975003370332186
765687,0.9993867972138948
765688,0.06474540671106467
765689,0.9887442602798127
765690,0.9990029293941629
765691,0.9998558290480069
765692,0.9991884981448986
765693,0.9813519428560062
765694,0.018625968757970155
765695,0.6944014276128246
765696,0.9999763501480357
765697,0.903278015192635
765698,0.30741979992606405
765699,0.9956313139727571
765700,0.9999301320040561
765701,0.9336595683010029
765702,0.9727204064427859
765703,0.4801857645224935
765704,0.5952445499395126
765705,0.9601621828581454
765706,0.3934292135489058
765707,0.99493872792672
765708,0.1336320888960214
765709,0.9329469150762968
765710,0.4531221281351707
765711,0.1606132504502077
765712,0.999217990932779
765713,0.9998188109995811
765714,0.4793917916402755
765715,0.016518376294128407
765716,0.3283260002662155
765717,0.085358069886406
765718,0.9997995683468255
765719,0.9734493558778324
765720,0.9998525740935468
765721,0.39599003777963965
765722,0.9591993413434752
765723,0.9999746460539178
765724,0.13923978282743749
765725,0.9988102975154944
765726,0.9719847199833623
765727,0.07665823542464717
765728,0.9971768518344715
765729,0.8865957020252854
765730,0.9997891378560098
765731,0.9997448332465411
765732,0.9820265970147573
765733,0.7957924312413773
765734,0.4410324543325003
765735,0.9985537113413345
765736,0.9851323141218908
765737,0.4471659451887899
765738,0.5640727675448992
765739,0.7731669167144201
765740,0.998205256522243
765741,0.8291708214124172
765742,0.9998106445069612
765743,0.8267982202821025
765744,0.3071330338601725
765745,0.9997524935809768
765746,0.9716315943015543
765747,0.9998409087265945
765748,0.9993817371117656
765749,0.3677724322947572
765750,0.9994479421682373
765751,0.999992387502677
765752,0.9998178328371082
765753,0.9167773980510725
765754,0.9945671135474681
765755,0.9998917553477703
765756,0.4164826315798206
765757,0.985107308807641
765758,0.03514481628052151
765759,0.9213991345712633
765760,0.9999562540848428
765761,0.028899992125723348
765762,0.5480212740110161
765763,0.8488618066972977
765764,0.9999456592252687
765765,0.9962214014492641
765766,0.6734164366109938
765767,0.005935057323816531
765768,0.022257097681639644
765769,0.9913856213386514
765770,0.9994462982370784
765771,0.9996944821568732
765772,0.9874090983901737
765773,0.035098013704035994
765774,0.0032126931420997326
765775,0.9981151536931994
765776,0.9235659341639588
765777,0.36221425004082874
765778,0.9035119331191541
765779,0.9644507227679062
765780,0.9706180771964291
765781,0.04327677493775182
765782,0.13783697598970712
765783,0.15282119846941628
765784,0.9999676896358998
765785,0.9999636713674068
765786,0.9995190709802833
765787,0.4822783373117992
765788,0.9993385566371802
765789,0.7998337633241858
765790,0.39388824931410465
765791,0.9965584038657025
765792,0.9997726662787392
765793,0.6351049498516443
765794,0.41716133305944303
765795,0.986866760852691
765796,0.9998378987598687
765797,0.9998362138591746
765798,0.9998135731421035
765799,0.9993748777981943
765800,0.9999506573659096
765801,0.052139757501696284
765802,0.9946626032090427
765803,0.941965668964164
765804,0.29210990542081483
765805,0.013556229028984883
765806,0.4438097318331581
765807,0.9998015061433279
765808,0.9978073790396871
765809,0.43567779947961316
765810,0.9996221531837391
765811,0.8503566954244929
765812,0.9999743415088969
765813,0.935951393827561
765814,0.9998484843531632
765815,0.08356730429138962
765816,0.9995463052506421
765817,0.9965342287985652
765818,0.6105659513015237
765819,0.5954909646001004
765820,0.9135945096242795
765821,0.9887978723718895
765822,0.9996070122980335
765823,0.9909801109636673
765824,0.9998377278313831
765825,0.6573821862408321
765826,0.9805720864658691
765827,0.9998876961055462
765828,0.4543435240948471
765829,0.011153715881704891
765830,0.862494494020726
765831,0.9806836023998773
765832,0.8928220284642086
765833,0.1727227805546233
765834,0.9925119679597837
765835,0.9996799488219553
765836,0.012890366077363997
765837,0.5829574874202724
765838,0.9568885041403333
765839,0.9990045931409742
765840,0.9623534502833768
765841,0.18611850436256422
765842,0.9986127068659115
765843,0.31722012664376337
765844,0.9995122014330458
765845,0.30501795572520185
765846,0.10946426039579779
765847,0.9265665694731232
765848,0.7048624580054189
765849,0.9262034179825718
765850,0.32711962972357583
765851,0.39653588019804703
765852,0.5523615775155893
765853,0.9988661665532691
765854,0.5398085238765679
765855,0.6467603421777924
765856,0.2649527709807372
765857,0.9992426635666767
765858,0.11513450406395515
765859,0.013739836750543055
765860,0.9789697415919085
765861,0.9997405230724203
765862,0.9997268058664328
765863,0.5583229026337351
765864,0.9939966465913898
765865,0.9943139915764704
765866,0.9995842570718554
765867,0.6802520956924306
765868,0.2997965803764578
765869,0.9999344109899875
765870,0.3443172193594005
765871,0.9998784496332089
765872,0.7082948123622883
765873,0.060473827932460145
765874,0.846322912670885
765875,0.9892740651274041
765876,0.9832778660871253
765877,0.7753274868854985
765878,0.996903975886108
765879,0.3157661353035926
765880,0.19106544451012236
765881,0.9999085982058884
765882,0.0411437788080176
765883,0.7925623717485905
765884,0.998927767151635
765885,0.9968384560718396
765886,0.9974105847833973
765887,0.9984083791334073
765888,0.9848572239822673
765889,0.965383018844021
765890,0.9687564956200836
765891,0.25649225174210377
765892,0.9817315593248439
765893,0.9999069507115459
765894,0.9994160334535269
765895,0.6833076462890241
765896,0.4783908772837625
765897,0.3865605830847122
765898,0.8537687853390438
765899,0.1495396650018465
765900,0.900140897528257
765901,0.29066455080491743
765902,0.8733566920600013
765903,0.9756917288690392
765904,0.24783602959649137
765905,0.05667465846709079
765906,0.9954712720622104
765907,0.6560475576009508
765908,0.9991350082706572
765909,0.056259089886051175
765910,0.7858400726968888
765911,0.99876006109394
765912,0.9999898651506552
765913,0.9891452442942856
765914,0.9998603659325058
765915,0.9994381321431779
765916,0.7857507391869685
765917,0.64395658949449
765918,0.9979197249672725
765919,0.9992831119056549
765920,0.9996724789035849
765921,0.20528411930784285
765922,0.41546366892516795
765923,0.12294377664230235
765924,0.025260519312061448
765925,0.9738606557393228
765926,0.2522886623584213
765927,0.9999639523155188
765928,0.8911908686598706
765929,0.7057332115187225
765930,0.9961620535218231
765931,0.4622287777821395
765932,0.4856200915657414
765933,0.021785458276977684
765934,0.990938260919725
765935,0.999890912856878
765936,0.47960591222014465
765937,0.9997190151190843
765938,0.9154167691039696
765939,0.9938631538525194
765940,0.5790421047402674
765941,0.004639797008985261
765942,0.8745096226050038
765943,0.023658828440085055
765944,0.5376795556514176
765945,0.21607876807902002
765946,0.4336875805562399
765947,0.5303536916969046
765948,0.020075643198853174
765949,0.00724288592172586
765950,0.9609743915733173
765951,0.9924345650329129
765952,0.7577663874437555
765953,0.5789295970404693
765954,0.006648978005963666
765955,0.08540644776766897
765956,0.7507242378892268
765957,0.9995859273443388
765958,0.8299760731793437
765959,0.9400350369834514
765960,0.3246087335027684
765961,0.9992102415418707
765962,0.822953991917653
765963,0.9994700030156349
765964,0.06549724848700987
765965,0.5753769745311101
765966,0.16121848411849993
765967,0.9998665922921485
765968,0.5676043423690214
765969,0.6013279310351876
765970,0.9849456279374434
765971,0.9740359722241947
765972,0.8934086106210956
765973,0.9943864800086946
765974,0.9910215751448042
765975,0.9915848543253025
765976,0.9999312866726198
765977,0.9982933653582357
765978,0.6630588347339098
765979,0.9515660914104834
765980,0.9953265632108298
765981,0.0027293210585609467
765982,0.998814846586145
765983,0.014632913416289368
765984,0.9954241856874312
765985,0.9987065703432185
765986,0.9834804668222545
765987,0.999188464734411
765988,0.9998733639160051
765989,0.520567087468747
765990,0.8898901447427106
765991,0.048108042859466654
765992,0.9306097576197082
765993,0.0470472286141394
765994,0.9999588964301162
765995,0.9266183210417105
765996,0.9988455726657605
765997,0.9983832721859324
765998,0.9985422099337262
765999,0.994269832448943
766000,0.9957501187621545
766001,0.9865131121834707
766002,0.9999624738010463
766003,0.01402859347694721
766004,0.2038351820843213
766005,0.9999263232054404
766006,0.525203964751016
766007,0.9532438605736012
766008,0.9827716290373905
766009,0.9999142415446897
766010,0.9979452986079291
766011,0.9989440409925372
766012,0.02081969819210393
766013,0.981301219858572
766014,0.9980855805671877
766015,0.9999722763676442
766016,0.3074165965950559
766017,0.9997037085843543
766018,0.2207668791088065
766019,0.9798212321720939
766020,0.9828174245416613
766021,0.9146773246633402
766022,0.9209043953591256
766023,0.010275529441452989
766024,0.9997556839739821
766025,0.2926174448813301
766026,0.03867005650630723
766027,0.34663549919915393
766028,0.699948016458301
766029,0.9987724856700508
766030,0.2779280804728358
766031,0.6878041320426058
766032,0.9965536297030897
766033,0.35277561905740673
766034,0.9600298295225975
766035,0.9280260938384666
766036,0.9977378506711354
766037,0.14625844809696992
766038,0.4914457869524157
766039,0.3509482406018385
766040,0.995455075041662
766041,0.2161948121998987
766042,0.7989622558420738
766043,0.818392181233305
766044,0.028208717814013178
766045,0.22765448334414895
766046,0.9994603796858812
766047,0.9578122573738905
766048,0.9691385338085423
766049,0.8037514885209187
766050,0.9980372064560381
766051,0.09657127570705965
766052,0.22881212134589418
766053,0.03244015650071201
766054,0.9691881683479042
766055,0.9123574270123
766056,0.06194124236496405
766057,0.37026584330272017
766058,0.8986780159520004
766059,0.5555135863218089
766060,0.863407424055004
766061,0.9983245337198479
766062,0.2980239449659082
766063,0.9976367195663767
766064,0.2529252266916997
766065,0.9358214064222135
766066,0.8518376577850214
766067,0.9795909719583111
766068,0.573484464501721
766069,0.771484257129954
766070,0.999994273808145
766071,0.9972862634110454
766072,0.45686750499606976
766073,0.15997193278128527
766074,0.884352691211894
766075,0.29871765484329055
766076,0.9916278621860626
766077,0.06392121980495843
766078,0.011256134967376041
766079,0.12520253482040658
766080,0.05985122108303982
766081,0.6706513681516814
766082,0.6294830108020764
766083,0.20812152875971207
766084,0.9968666423526836
766085,0.18963448759602264
766086,0.9991357555518064
766087,0.9094172215128764
766088,0.023939518216835
766089,0.29196456309701174
766090,0.08323374605659539
766091,0.9993663225996652
766092,0.08989718196862306
766093,0.9999647958231314
766094,0.9997905698813637
766095,0.49386643299863764
766096,0.111516239038842
766097,0.999397521860591
766098,0.9998940177882525
766099,0.9994938835030139
766100,0.9999832140943095
766101,0.9996802946728147
766102,0.15366774054729926
766103,0.9998923745295227
766104,0.8288782476972303
766105,0.9996064291903605
766106,0.9970332593600089
766107,0.8353750123445915
766108,0.9998854768767378
766109,0.81303181846177
766110,0.996132245909831
766111,0.9997078759562474
766112,0.9910956111325142
766113,0.5863513741583567
766114,0.8810814307216825
766115,0.8652794714920691
766116,0.38327832367091597
766117,0.999161523947394
766118,0.9880292402336077
766119,0.13186005111961518
766120,0.9991938578873389
766121,0.9966627026816023
766122,0.9231630887787212
766123,0.9736024326250957
766124,0.41605620683573064
766125,0.9895546353779641
766126,0.21871030263504987
766127,0.9976892488565287
766128,0.9992738220647952
766129,0.19252853705170536
766130,0.9997680947338552
766131,0.018989111206454457
766132,0.5732125584636971
766133,0.9907296342486094
766134,0.8984239643284019
766135,0.3540397253122498
766136,0.44129897705139665
766137,0.9918776811978012
766138,0.9997345505467268
766139,0.8362995767558115
766140,0.644964208368281
766141,0.4486777597315759
766142,0.10106825430878008
766143,0.9993410422076334
766144,0.35349216095033337
766145,0.9501054098405544
766146,0.9724544307711951
766147,0.9994835333471592
766148,0.9990138041190115
766149,0.02268159561323621
766150,0.018736235606048847
766151,0.9938770344324069
766152,0.9466467725243128
766153,0.44525930960774407
766154,0.9998243657897697
766155,0.9642083831253867
766156,0.9991453137992372
766157,0.7519218354868406
766158,0.7330095606891246
766159,0.9997024050898161
766160,0.9998622046254457
766161,0.9998682992183217
766162,0.9997392684593847
766163,0.5999530246904008
766164,0.862770666840496
766165,0.9973362256819832
766166,0.039299690236959735
766167,0.9828993372490458
766168,0.9997984451913096
766169,0.09390938141425649
766170,0.9986988310838185
766171,0.9788150432410829
766172,0.7839515716528742
766173,0.9773599601903836
766174,0.03474470636523069
766175,0.9973630041131898
766176,0.9811677734148615
766177,0.9424924478008962
766178,0.015032359388180323
766179,0.9322072211733325
766180,0.05221165066664425
766181,0.9998900042950596
766182,0.9975023002938681
766183,0.7957790524784983
766184,0.9762473780485805
766185,0.998772825572732
766186,0.035762100824572006
766187,0.2612980050742827
766188,0.7997088728729164
766189,0.12602916568767222
766190,0.9967714988521204
766191,0.9939180624953832
766192,0.9999227237793993
766193,0.6560080390426477
766194,0.6820904582450313
766195,0.7984562166132148
766196,0.9993692865434043
766197,0.010119606738756887
766198,0.015484600782491809
766199,0.9726066612379911
766200,0.824316769321175
766201,0.005692660520025085
766202,0.9948135463608301
766203,0.9569834375672457
766204,0.8891187069409678
766205,0.9978456504106942
766206,0.9995359148039192
766207,0.12252274099454136
766208,0.9991998047358746
766209,0.9447351598037514
766210,0.003330523347958308
766211,0.9978051602925444
766212,0.999898340561305
766213,0.7977307328332922
766214,0.9997809907111772
766215,0.6835140550514518
766216,0.9998281391957222
766217,0.9997003760062168
766218,0.1868899744833576
766219,0.6038970112551598
766220,0.01472740997444263
766221,0.9977163328329361
766222,0.02505658009098758
766223,0.9984521367938458
766224,0.9720850203839201
766225,0.9908370361404705
766226,0.8844618965739081
766227,0.24758260948382188
766228,0.6652883651869309
766229,0.9999127440916301
766230,0.9999865841601062
766231,0.020174636348174062
766232,0.7424717434596465
766233,0.3815714577572599
766234,0.8645795200325759
766235,0.9456503619272338
766236,0.42817014268007625
766237,0.9713065732592479
766238,0.9996546159092476
766239,0.9999884651491244
766240,0.9151154032709092
766241,0.07330410192266336
766242,0.9998023434008131
766243,0.9996664576230022
766244,0.9999796872269269
766245,0.5696570819549245
766246,0.9999750086069685
766247,0.9907952603844266
766248,0.6600507420540678
766249,0.9999612154688003
766250,0.9983850426974511
766251,0.999967846277873
766252,0.2103101914411461
766253,0.10486086792757358
766254,0.4082543716947411
766255,0.9999243264471814
766256,0.9191556455586778
766257,0.9998279063897825
766258,0.999569299030579
766259,0.9454373698469414
766260,0.06263771121420245
766261,0.9567017712056382
766262,0.9999315203796962
766263,0.9754187544223794
766264,0.9625987351527492
766265,0.9862268794849325
766266,0.8418378354924513
766267,0.9991559364174883
766268,0.9998888661485087
766269,0.9981906021991349
766270,0.7170130340762173
766271,0.16473869335335367
766272,0.9129691016099003
766273,0.3548847664297672
766274,0.6538878490709606
766275,0.44123225778537634
766276,0.005301309383585947
766277,0.999831683675753
766278,0.9951930372288604
766279,0.9991565136366723
766280,0.8364499429547725
766281,0.9921706891742359
766282,0.41021422175805394
766283,0.9999861761299917
766284,0.9999455832673592
766285,0.9996141580719993
766286,0.002613675277084548
766287,0.4097058570193529
766288,0.9999274990865202
766289,0.025467730389278676
766290,0.6335593398142452
766291,0.45419309913405825
766292,0.999955011641481
766293,0.4514474102716738
766294,0.992553200222174
766295,0.9358734583953809
766296,0.8646635445745059
766297,0.37745690116324737
766298,0.41621928520519835
766299,0.1972062447663209
766300,0.9021303733190265
766301,0.9999922670745618
766302,0.3747109852302624
766303,0.12594643933869945
766304,0.9957409588720502
766305,0.6757121244320434
766306,0.0873805395353115
766307,0.06415715528730641
766308,0.038548699228093695
766309,0.7664117521008333
766310,0.9996613923453626
766311,0.9996977313887971
766312,0.9986970711242542
766313,0.9908572731706577
766314,0.9353673214671396
766315,0.9948308911554025
766316,0.9999635438451979
766317,0.7998419860668312
766318,0.9992970147499103
766319,0.9992343644569521
766320,0.2109878833657876
766321,0.8980360004214663
766322,0.9998951470919869
766323,0.9985844222686865
766324,0.6108452472805189
766325,0.9438415968645959
766326,0.9906618953691111
766327,0.9977368156781712
766328,0.7300137186405162
766329,0.9999590301541704
766330,0.05313617337382284
766331,0.9998960841496005
766332,0.14556606583868262
766333,0.8870700955076398
766334,0.9997484611758427
766335,0.8767499727043649
766336,0.10665452820066205
766337,0.6898836640902755
766338,0.8306227839096563
766339,0.9981566008329361
766340,0.9992022690917671
766341,0.8569877059754176
766342,0.9951365979590078
766343,0.7895084298702321
766344,0.982599580014208
766345,0.9989783251020208
766346,0.21427265003548626
766347,0.4835193898847148
766348,0.9965900260416309
766349,0.6532740905050768
766350,0.9196650492354588
766351,0.8092799507996881
766352,0.9978821210526652
766353,0.007013020311786053
766354,0.9982292088013907
766355,0.06415963369611281
766356,0.04223107108478094
766357,0.9988119453187478
766358,0.20009863586846835
766359,0.5459879217940047
766360,0.9999125296966109
766361,0.9996682513588524
766362,0.9994167746133114
766363,0.9998503558875558
766364,0.9997453429385681
766365,0.9999930182294935
766366,0.6635301297286145
766367,0.5558803357121525
766368,0.8896667923044201
766369,0.9951959417147697
766370,0.05630131197790915
766371,0.3435968984740535
766372,0.9334102972808228
766373,0.9768403461864681
766374,0.2657585414599743
766375,0.6491259562464491
766376,0.15411554937347072
766377,0.9995655298703596
766378,0.9979031937588366
766379,0.9988547565422565
766380,0.02081202373490844
766381,0.9999015393281692
766382,0.9987124784448549
766383,0.9996076302746874
766384,0.49411586187104123
766385,0.00736346888597419
766386,0.3110290406668619
766387,0.9999041344612336
766388,0.9971774809565583
766389,0.9348950688003408
766390,0.1918364395859521
766391,0.9702612196950471
766392,0.9939804848707912
766393,0.22869659738220482
766394,0.9999797600756586
766395,0.998009199043894
766396,0.9998177670171688
766397,0.9998170892545518
766398,0.9998915825972876
766399,0.028438427347877944
766400,0.02207858658272149
766401,0.9997672184767659
766402,0.9978442746983327
766403,0.9946813484546939
766404,0.9999416407615662
766405,0.6203242198514446
766406,0.9992205030700814
766407,0.6530176257600799
766408,0.9808276413951571
766409,0.19490313937211165
766410,0.7984091383699832
766411,0.9958107745112045
766412,0.9997200652302994
766413,0.9998619086514292
766414,0.9998580138302102
766415,0.7072782296021409
766416,0.9994466448411498
766417,0.04093248751088345
766418,0.699781615212049
766419,0.05410087608705063
766420,0.4760386651225758
766421,0.2412932620705641
766422,0.9999128678079711
766423,0.9093921672690423
766424,0.9937938164046077
766425,0.9950867422253685
766426,0.0993628066968742
766427,0.9803045567714005
766428,0.17091248650074659
766429,0.9996844634653352
766430,0.4560774794976589
766431,0.39480198610153616
766432,0.9995235715852796
766433,0.9967746378771631
766434,0.05307222714209766
766435,0.817711797733212
766436,0.05588931304182665
766437,0.9628453978371343
766438,0.9998050378812843
766439,0.99971919335543
766440,0.4509008922624155
766441,0.9998125342114347
766442,0.9172755810430304
766443,0.9997168803847869
766444,0.9999486937405204
766445,0.3218995944264593
766446,0.998662334795186
766447,0.22931730610050347
766448,0.9964648995991473
766449,0.999982889639958
766450,0.9998879043663114
766451,0.9945989957292809
766452,0.15766118150899372
766453,0.9999427942472369
766454,0.016038474946067353
766455,0.10644870014906622
766456,0.3281012670830754
766457,0.9997839591234632
766458,0.9996625429740279
766459,0.7429638637519606
766460,0.8613465093792679
766461,0.9996298591776032
766462,0.9979668193874943
766463,0.428496958002205
766464,0.9988942267436054
766465,0.73609026957578
766466,0.9987820079234675
766467,0.8922823734011947
766468,0.6111861713906759
766469,0.006921972465884569
766470,0.8399180139278173
766471,0.8361011517809248
766472,0.052741391984471336
766473,0.999609296041549
766474,0.666882695524671
766475,0.33074482222297513
766476,0.6340413003297365
766477,0.7951096584533303
766478,0.9996182026436865
766479,0.9966549480544723
766480,0.9996523351944326
766481,0.12833813244043646
766482,0.9735530048107219
766483,0.9993564188309046
766484,0.6613290322452072
766485,0.9235712565132136
766486,0.39839082163170925
766487,0.2549433698167968
766488,0.9204578713474425
766489,0.9997610596231606
766490,0.2659704239345346
766491,0.9999750075167765
766492,0.9999678562821854
766493,0.999657085965171
766494,0.5107525526823928
766495,0.05231700862920501
766496,0.9513070839110773
766497,0.7774464182085183
766498,0.870823551498238
766499,0.05053883660924331
766500,0.49912884093693066
766501,0.957454625517117
766502,0.9996636716692356
766503,0.6110995496263745
766504,0.5289201391406839
766505,0.6039157673291118
766506,0.8668462332686955
766507,0.9165251549548457
766508,0.9996325467769418
766509,0.9625748808016923
766510,0.33154263155664465
766511,0.961667069277785
766512,0.9998677173073571
766513,0.840944574356168
766514,0.42751599706053933
766515,0.9972538991445243
766516,0.9207067362751
766517,0.9934393053023651
766518,0.10135436354913945
766519,0.1481825494629339
766520,0.200855053423887
766521,0.9900881638029265
766522,0.13030618633412147
766523,0.0457890182257346
766524,0.9953017508777247
766525,0.7850266234124507
766526,0.054967587313726946
766527,0.3339766199595916
766528,0.9996688173613419
766529,0.9998088622756462
766530,0.2741654738622212
766531,0.9986246023963024
766532,0.15925179585426552
766533,0.9992774707670216
766534,0.999983702460617
766535,0.7252569491079989
766536,0.8801459058075856
766537,0.6340202591517413
766538,0.4280174559346018
766539,0.9996917742345517
766540,0.1323117466904288
766541,0.6245221063314285
766542,0.9995753050560834
766543,0.14368068993391378
766544,0.9727782633457698
766545,0.3652363999828214
766546,0.9997418617033378
766547,0.9692896978555444
766548,0.8835412541073597
766549,0.9999376117307874
766550,0.9998055514091548
766551,0.9637903614380743
766552,0.00963287255258655
766553,0.9986994307994361
766554,0.8575793510582661
766555,0.1832172449957038
766556,0.17519479167288027
766557,0.9995986770621954
766558,0.023402692614764395
766559,0.16262615160324534
766560,0.9988928064644498
766561,0.024290078705837263
766562,0.050319274799470584
766563,0.7421893144237335
766564,0.023081826529613665
766565,0.999156993204168
766566,0.0725026337107207
766567,0.9997837140811744
766568,0.9965304315937256
766569,0.9997712224433783
766570,0.08889293835682605
766571,0.9985043890543222
766572,0.8679277728303996
766573,0.9998705199910052
766574,0.9504982562193381
766575,0.05113610251318179
766576,0.49792706135587717
766577,0.5519350123899686
766578,0.551510235728216
766579,0.9999339372012361
766580,0.051170753024886405
766581,0.9998911184577925
766582,0.9998356018630088
766583,0.9993555950613819
766584,0.7294011719088147
766585,0.6424729316165443
766586,0.08339153324776875
766587,0.9997409463510668
766588,0.10295987283032418
766589,0.32165294343770573
766590,0.11551208452803528
766591,0.48274463523033334
766592,0.07665214681335288
766593,0.995930886347224
766594,0.9411285112395239
766595,0.016935708935840253
766596,0.9997964840828779
766597,0.9899229350156048
766598,0.8650189847407883
766599,0.9999841073167048
766600,0.9544939816443039
766601,0.05050023659550296
766602,0.9994669435355543
766603,0.5711519107705776
766604,0.9998613995750063
766605,0.9992664209207118
766606,0.9997723226884413
766607,0.90427569717508
766608,0.5334805138999924
766609,0.7339253161422942
766610,0.22789883838512828
766611,0.061740304848152974
766612,0.872601042857688
766613,0.9958487303995757
766614,0.9999305983160464
766615,0.9924619452676355
766616,0.0455719408892456
766617,0.9978010093547913
766618,0.9915992323884076
766619,0.4618677961499443
766620,0.1356566549972812
766621,0.3449316302884817
766622,0.9856650208916038
766623,0.9589832188343091
766624,0.9998680859220881
766625,0.9896580123743508
766626,0.09111800248950369
766627,0.9724179107678853
766628,0.12953580043558535
766629,0.3432865109965021
766630,0.09187825107425511
766631,0.8972844079532748
766632,0.07212485711516053
766633,0.9998246480880586
766634,0.9119348213292339
766635,0.9996051012161122
766636,0.033268048830401326
766637,0.9992591932474223
766638,0.773775668066336
766639,0.20870207657783357
766640,0.8787082108056596
766641,0.03024048041806512
766642,0.1292553039203954
766643,0.9879818266500595
766644,0.9999851518487539
766645,0.2325975036215804
766646,0.0500884248246249
766647,0.4732007473093556
766648,0.9999330865275515
766649,0.9998519135613988
766650,0.038514963147317005
766651,0.14537122973286576
766652,0.999779764122533
766653,0.9440164735411054
766654,0.14291527707133975
766655,0.9995949935947999
766656,0.9916725952522115
766657,0.9997454121651526
766658,0.9996318282834609
766659,0.17943598304417116
766660,0.8784537563857675
766661,0.9995648059197817
766662,0.1724092455052963
766663,0.9085730668643548
766664,0.6204804572958422
766665,0.24957527866343893
766666,0.9996277253157981
766667,0.930877296413728
766668,0.0067023084922232645
766669,0.062437152977091674
766670,0.4731526732953979
766671,0.15586788919300582
766672,0.7785726698752341
766673,0.48056464741060767
766674,0.01738993255300076
766675,0.9995314322922898
766676,0.028935830501992388
766677,0.04864074817007048
766678,0.9677212850154628
766679,0.9093792900974966
766680,0.5121042679868555
766681,0.9857581305755321
766682,0.7001577686700557
766683,0.885521566369039
766684,0.9990394414744398
766685,0.999529378047769
766686,0.33878298058830913
766687,0.999555853806318
766688,0.9998668076673947
766689,0.9997573397457934
766690,0.95121743913925
766691,0.008788244296472281
766692,0.9996907431229944
766693,0.5329314609372221
766694,0.1917067665350179
766695,0.9999865752626651
766696,0.9702860414651018
766697,0.20477526176385447
766698,0.030365377971804046
766699,0.9999387036460778
766700,0.9991637461782913
766701,0.7094778240924791
766702,0.39042582892350863
766703,0.9085341773405362
766704,0.9999555830263732
766705,0.9410035787530389
766706,0.2867929023626477
766707,0.4757800996004444
766708,0.9994491383503076
766709,0.628138402116619
766710,0.9993277926332418
766711,0.8122454944182645
766712,0.9988787529537779
766713,0.9750255096144582
766714,0.9995008003805115
766715,0.46944410310573464
766716,0.9998546295925161
766717,0.999310582906838
766718,0.9997582772336189
766719,0.5809893818357031
766720,0.9463652189371039
766721,0.9991133864683063
766722,0.9998536837076126
766723,0.999974615659885
766724,0.9930374788453091
766725,0.5718086820430618
766726,0.00810061307053642
766727,0.9976708659660978
766728,0.998478799996612
766729,0.1858823285780546
766730,0.9984423354908247
766731,0.11130716697149412
766732,0.32746019010965677
766733,0.9991783659609548
766734,0.9986748129901838
766735,0.17987103877118604
766736,0.9997710414544888
766737,0.18343929756784771
766738,0.9999799511676097
766739,0.9880408593117241
766740,0.9962495818409118
766741,0.6736383188378464
766742,0.10796963854657651
766743,0.9999521971578987
766744,0.9975641105845234
766745,0.42955962363304856
766746,0.4864618722847516
766747,0.999926084387158
766748,0.9559945048724641
766749,0.40130533936057133
766750,0.438180794199855
766751,0.9996343531236066
766752,0.9948266587064775
766753,0.012555715756973864
766754,0.07859642469829649
766755,0.25527471258629447
766756,0.6373308992876983
766757,0.04671685101826678
766758,0.9200237015880798
766759,0.5982623754002266
766760,0.9948889986057838
766761,0.9968240572883935
766762,0.9998156418458
766763,0.9996144864119971
766764,0.9776570909661556
766765,0.7318620837742684
766766,0.9999718640625234
766767,0.800707383094913
766768,0.7402955530980222
766769,0.9997763096007114
766770,0.816242758210881
766771,0.0492151252957164
766772,0.8071162442799169
766773,0.8712637269000817
766774,0.9994761961458536
766775,0.9999881017204628
766776,0.1950350634350983
766777,0.9230749736651891
766778,0.9948268647657854
766779,0.8773666085292429
766780,0.037321932340123105
766781,0.9955687521765699
766782,0.8928842098902667
766783,0.9999761317919629
766784,0.6427100485201165
766785,0.006910477729769609
766786,0.9990438907822535
766787,0.9996801371674677
766788,0.9798339254417663
766789,0.9994256296224417
766790,0.1618108412936876
766791,0.8437948961359405
766792,0.9179550279113626
766793,0.9626115142026515
766794,0.8606875078636922
766795,0.029021459979545902
766796,0.9999490723332138
766797,0.9739972548595957
766798,0.9858338473765151
766799,0.055962835050270235
766800,0.022471384639758674
766801,0.9996016654208328
766802,0.5272132405207425
766803,0.9136571453494936
766804,0.9521525433896538
766805,0.9864598288141337
766806,0.9999560229112618
766807,0.8343384217006664
766808,0.8495099677552639
766809,0.45617811604444714
766810,0.022344589026121364
766811,0.9998709362247393
766812,0.4251369722667899
766813,0.9778983404120867
766814,0.40518696351490857
766815,0.4764572095081722
766816,0.09401428494164278
766817,0.9827821053605408
766818,0.9973581879377145
766819,0.9998642701272451
766820,0.9949494360949709
766821,0.2967324819098564
766822,0.9998077799307032
766823,0.22947805304591554
766824,0.99874399188493
766825,0.999817081526865
766826,0.3906320282213745
766827,0.9790532993644673
766828,0.23152884534329063
766829,0.9998231367859718
766830,0.5107533434514316
766831,0.9877626944449176
766832,0.9952203838032992
766833,0.9998975078837399
766834,0.7980573898401557
766835,0.9986656803068943
766836,0.33441356285525947
766837,0.9991906567081188
766838,0.5459741774088501
766839,0.9726848555153806
766840,0.9495428140497488
766841,0.6727762828283783
766842,0.9955875366180832
766843,0.34370502924561147
766844,0.3958027152829847
766845,0.9933035646439183
766846,0.5248410289599954
766847,0.3082497995136211
766848,0.045686392741460066
766849,0.6222155923843504
766850,0.99768562163444
766851,0.9293088677803514
766852,0.954142525402272
766853,0.12924310751893547
766854,0.05186843729497464
766855,0.08751841568765048
766856,0.5517843251132919
766857,0.7871332554551773
766858,0.014622207040536007
766859,0.767707085842521
766860,0.42059394493650726
766861,0.7393017223938068
766862,0.6222220412800745
766863,0.678035111855537
766864,0.9981099639035452
766865,0.7740642186771695
766866,0.9997368647967373
766867,0.6880159832283264
766868,0.5077749729997941
766869,0.06718199640943663
766870,0.9324264979613095
766871,0.24701100521693087
766872,0.995691820312108
766873,0.9987621003188127
766874,0.7257395699078915
766875,0.4755607256357733
766876,0.9996654740411394
766877,0.9998959459314833
766878,0.475184667429338
766879,0.5960944617287647
766880,0.2468752802981891
766881,0.9954029213601854
766882,0.294091086244762
766883,0.9414315524633272
766884,0.10810243360724424
766885,0.004405601449874773
766886,0.8908320270892764
766887,0.01387259249802119
766888,0.20918800739988916
766889,0.825286929248587
766890,0.3979885474235052
766891,0.8104506974130068
766892,0.9997987622307584
766893,0.8397180965416124
766894,0.7057512538239414
766895,0.9997183559098071
766896,0.9986969308416589
766897,0.37930886358176413
766898,0.9999450933696026
766899,0.9999938660277268
766900,0.8290732587319609
766901,0.5127602335279358
766902,0.2720793470668195
766903,0.9997159656118795
766904,0.9975686459599952
766905,0.9999399593817949
766906,0.9983768940269199
766907,0.435978083893929
766908,0.9996676889713778
766909,0.9192629259251368
766910,0.4407341609202008
766911,0.9990481394147006
766912,0.8237042337252239
766913,0.6185973914427577
766914,0.9965347244832649
766915,0.9996094714673798
766916,0.19148610103546804
766917,0.9999065104707545
766918,0.004494127959876969
766919,0.7392896357585468
766920,0.9964892508082339
766921,0.999820901079975
766922,0.9202126474536358
766923,0.6147281819479266
766924,0.02272656884603667
766925,0.11123194879650207
766926,0.2924797330400836
766927,0.9997922684682985
766928,0.9998311749692962
766929,0.7782904101192525
766930,0.9993998852812462
766931,0.9991725195287506
766932,0.9668993506060451
766933,0.9782745264974428
766934,0.03901910713170314
766935,0.8494626434500321
766936,0.9922004022589546
766937,0.01583956027558523
766938,0.1692940461606054
766939,0.27048272012469704
766940,0.05918928759765334
766941,0.7193810830667609
766942,0.9817182522434855
766943,0.999198558842074
766944,0.9999834073355033
766945,0.9991189438444832
766946,0.45509595447460827
766947,0.9997613093626413
766948,0.84379089701173
766949,0.7701225269156
766950,0.9162471561311034
766951,0.5233309330589401
766952,0.9999961047505177
766953,0.9993625199838481
766954,0.14878976991387946
766955,0.9956312523682671
766956,0.6808815444724019
766957,0.9994335904690734
766958,0.998683127391451
766959,0.9998298060203251
766960,0.4601979076749093
766961,0.9999713226046556
766962,0.9325071223089026
766963,0.36874888533168093
766964,0.9991401005093903
766965,0.6125871383033032
766966,0.029285143618341752
766967,0.954956567874197
766968,0.9993866814946579
766969,0.9588485285567212
766970,0.9954421978379946
766971,0.9881855242880029
766972,0.8138617400963764
766973,0.9515935969129143
766974,0.3242156009442992
766975,0.9133094260897279
766976,0.9984922318621334
766977,0.04378998006486494
766978,0.23043245504461077
766979,0.011336879526198072
766980,0.9998935780490539
766981,0.9971314205682288
766982,0.9876074046674956
766983,0.3443023798824919
766984,0.8420741652782614
766985,0.9170086316802561
766986,0.7210551708289313
766987,0.03686130026381389
766988,0.8090615869689406
766989,0.6668146817593458
766990,0.02241848882083755
766991,0.9999003110727809
766992,0.005620289150144843
766993,0.4185426963564592
766994,0.453015935186354
766995,0.9998685171580823
766996,0.09922456171490963
766997,0.9995721500955888
766998,0.545675834865881
766999,0.4437367254681639
767000,0.9996936812901893
767001,0.012930709316956543
767002,0.027064295648010626
767003,0.6135097222766652
767004,0.06989367805202375
767005,0.15934892714106044
767006,0.9806060225358784
767007,0.9988167666849019
767008,0.8617439015355886
767009,0.8417471465410209
767010,0.9662710092107993
767011,0.9999314076072525
767012,0.996808458293994
767013,0.9997964826133237
767014,0.9960041377105809
767015,0.9925339384762417
767016,0.9998199390163001
767017,0.7498956753919572
767018,0.0276751203039297
767019,0.9988887273190237
767020,0.9837831686326015
767021,0.9976939940836516
767022,0.08002200978949753
767023,0.9720763898762907
767024,0.014137404251686067
767025,0.044982175237018404
767026,0.5656032061981866
767027,0.2395031815234565
767028,0.11896553316320005
767029,0.9971665340966482
767030,0.5754954619344703
767031,0.9976767273312575
767032,0.005398935394255747
767033,0.08953979505935586
767034,0.9999239553441562
767035,0.9818448529572721
767036,0.9997316774952576
767037,0.48791546208278425
767038,0.9348389293896394
767039,0.9675637063598643
767040,0.9999765214537578
767041,0.8036648382255275
767042,0.999978348797968
767043,0.6702622121842675
767044,0.9999347774381938
767045,0.13618294183294877
767046,0.9995227953487469
767047,0.9981061150963897
767048,0.3008670748324697
767049,0.9082566634902248
767050,0.9935688320547409
767051,0.9992926018419487
767052,0.29257271339836843
767053,0.990035885449565
767054,0.9484905500938988
767055,0.11536309737471553
767056,0.00135018255533444
767057,0.6905728449296202
767058,0.01072419494120878
767059,0.9995857554640216
767060,0.9968851141646735
767061,0.9999271762238504
767062,0.8427451826831659
767063,0.8928649218371841
767064,0.9694340819566412
767065,0.9905119655920824
767066,0.0034064749963758135
767067,0.9999715939118194
767068,0.7371874671283305
767069,0.9326513701668904
767070,0.037099340698665016
767071,0.9999066362095423
767072,0.9576645117233703
767073,0.27349729164750924
767074,0.9987998984798316
767075,0.9998921510379204
767076,0.9162298318486639
767077,0.9997013052452793
767078,0.9578200969148147
767079,0.6018915308786846
767080,0.995885900227573
767081,0.8902082080646772
767082,0.9967134163187025
767083,0.9814309574785974
767084,0.9994654109081929
767085,0.48920947600474957
767086,0.6389404681125194
767087,0.00967259210796554
767088,0.8346147404142111
767089,0.8109954934292838
767090,0.8705189513083694
767091,0.9571170615973188
767092,0.9349768486888879
767093,0.999290217785614
767094,0.9991013651849869
767095,0.9936512337495826
767096,0.6575803415775437
767097,0.9993551260616262
767098,0.7017486246544175
767099,0.9995901945945386
767100,0.6164686532475798
767101,0.0014881480199742559
767102,0.32984361266815043
767103,0.4644317828178106
767104,0.9999573883058714
767105,0.9652773828109029
767106,0.8466009104355859
767107,0.013145054957940387
767108,0.037368084882799135
767109,0.9994701555458154
767110,0.7858366682012771
767111,0.9761844717157373
767112,0.0595721811967721
767113,0.9972500123588534
767114,0.9999298156908167
767115,0.9972852005635748
767116,0.9999444599999996
767117,0.9528506726639329
767118,0.05126678345411079
767119,0.8351946285243781
767120,0.9232670301557431
767121,0.9998939035233005
767122,0.8422931843519054
767123,0.23611948429482696
767124,0.9999187367598619
767125,0.04609566794466436
767126,0.992802121182174
767127,0.996214257056465
767128,0.6666694557938431
767129,0.7612112849385015
767130,0.20836936326101807
767131,0.5331308920792613
767132,0.4167810824019481
767133,0.9998749995658569
767134,0.9103626978656092
767135,0.129574522711254
767136,0.8836603076832141
767137,0.1314592355994748
767138,0.9999853258683273
767139,0.9998901388945473
767140,0.9971493516191559
767141,0.989638528381604
767142,0.07720952207309972
767143,0.9995910379037305
767144,0.08315920265272703
767145,0.21465093629375748
767146,0.9997636068168315
767147,0.8671305385005639
767148,0.14010753636200385
767149,0.8369521962025717
767150,0.6905210478667223
767151,0.9999791083530305
767152,0.9999958438439587
767153,0.9996954028078576
767154,0.9900426181520745
767155,0.9732479534623111
767156,0.9999921945461188
767157,0.9998561305419604
767158,0.5237608087393117
767159,0.6109014904697514
767160,0.9999538708415577
767161,0.9928407943693507
767162,0.99965323855077
767163,0.5779547667608016
767164,0.37183221669024435
767165,0.9232086334614388
767166,0.17685261812447386
767167,0.3635569385994236
767168,0.998445248803038
767169,0.9921080402013437
767170,0.8817904862667798
767171,0.8926382746519357
767172,0.29606157750418255
767173,0.9999320805779768
767174,0.9997258903214187
767175,0.5182880514214807
767176,0.9999754977327198
767177,0.9992465865757729
767178,0.9994678582693887
767179,0.9638583377631639
767180,0.04347997412808487
767181,0.4710777490543535
767182,0.999610962262103
767183,0.9993330727997756
767184,0.9792897640869367
767185,0.9992550307813541
767186,0.6302692113374637
767187,0.9982813309601011
767188,0.7926898648008837
767189,0.26796424594429646
767190,0.9999700069899262
767191,0.999679935005795
767192,0.9998949546231903
767193,0.10846104272902811
767194,0.14560646561492624
767195,0.3833728070537813
767196,0.9039677982204952
767197,0.9998173981535607
767198,0.7931768999545662
767199,0.00891851380444816
767200,0.37867801500526266
767201,0.9997975058986169
767202,0.5960300652124743
767203,0.999726444201828
767204,0.999966631551133
767205,0.9989967583525491
767206,0.999859874878434
767207,0.1840140086810511
767208,0.093138264617458
767209,0.1394759168108533
767210,0.5190493447683532
767211,0.7594925811957085
767212,0.9998086575442708
767213,0.9596379504217789
767214,0.9972641547405291
767215,0.9502023822233888
767216,0.5278420186421122
767217,0.9813082032671305
767218,0.46333892530627174
767219,0.9382768229617092
767220,0.3834483187133848
767221,0.9998615673256528
767222,0.998905584900551
767223,0.9426316723370821
767224,0.08206543789948695
767225,0.23397608195674116
767226,0.9621712684320178
767227,0.999811698332425
767228,0.9989416749501574
767229,0.8600717729645491
767230,0.9103518359082241
767231,0.9754570061208969
767232,0.9999238251590076
767233,0.8488326758916368
767234,0.8750472316790522
767235,0.7150099853014242
767236,0.9577899424973819
767237,0.938016296259943
767238,0.13314143405274054
767239,0.9049319250589787
767240,0.3686706287823569
767241,0.5904414003592162
767242,0.9159154048405395
767243,0.9999443026566331
767244,0.21475708211532166
767245,0.14628825946203527
767246,0.4454548706042812
767247,0.19324845312488634
767248,0.9976111890497501
767249,0.9875610753137642
767250,0.9996157976629595
767251,0.847506431337163
767252,0.9997321677234663
767253,0.5172591532502375
767254,0.010262097434969811
767255,0.9999151368488103
767256,0.009423019481948916
767257,0.9994066206276739
767258,0.8963518130496875
767259,0.998617514677706
767260,0.7680291236374831
767261,0.39423619294532625
767262,0.9999863934458023
767263,0.9809762611277977
767264,0.8732737465792602
767265,0.9998311551809673
767266,0.9999877929205928
767267,0.9996939412084811
767268,0.182946706296517
767269,0.4457738298582362
767270,0.9557181073601881
767271,0.9998848492272597
767272,0.8616844045955855
767273,0.9997379594629525
767274,0.9999733165547291
767275,0.1368146568308065
767276,0.999923601951253
767277,0.7799516487768468
767278,0.9076532826975598
767279,0.8047205706464374
767280,0.9997465571866274
767281,0.9992415820707186
767282,0.9983829652892695
767283,0.9991646188176897
767284,0.8420982717240593
767285,0.6298411148909739
767286,0.9994756082565079
767287,0.9959873182624186
767288,0.9977181021659836
767289,0.8449749814597862
767290,0.9920957514830328
767291,0.9999224456589104
767292,0.8708945554145877
767293,0.9985648399730351
767294,0.9980545445528599
767295,0.9994979044496795
767296,0.9999712108778563
767297,0.9972164834681548
767298,0.6768444156842324
767299,0.9268982116164359
767300,0.21218061885371026
767301,0.9942189592812305
767302,0.9930528301466227
767303,0.9454644811539867
767304,0.9650622915882986
767305,0.9998210243029928
767306,0.9925696939747204
767307,0.9983040519591168
767308,0.024024302907082205
767309,0.9998545483227712
767310,0.9991283965494678
767311,0.9846497404012815
767312,0.9995030874643922
767313,0.9873938407010987
767314,0.9999003958174512
767315,0.9995500308058193
767316,0.9725473079907423
767317,0.06632433733693555
767318,0.9991398473993321
767319,0.07111601836157276
767320,0.9959329090500654
767321,0.9999544659384425
767322,0.12776806013409556
767323,0.9977518014024789
767324,0.9406289989120323
767325,0.21597144463133533
767326,0.9999340834026855
767327,0.9941568300737914
767328,0.9999490016568707
767329,0.19252634967092028
767330,0.9978538151177565
767331,0.9995521706909167
767332,0.03908447166850014
767333,0.9461979103600671
767334,0.9999895801588397
767335,0.9039488567036825
767336,0.990602539886499
767337,0.9563753683879046
767338,0.7732067893387686
767339,0.9990067303836248
767340,0.9997779032709537
767341,0.9384339761892038
767342,0.16232317775134614
767343,0.9986547031474504
767344,0.9999197675015408
767345,0.9999876484484935
767346,0.008651678478345706
767347,0.9035621621376282
767348,0.8615243907922149
767349,0.9998374167805553
767350,0.4772339395992128
767351,0.5572152599957508
767352,0.9989268783868726
767353,0.505252800366804
767354,0.9999898841450392
767355,0.5857711965656848
767356,0.6809025185125585
767357,0.1684521898415694
767358,0.9777631014220052
767359,0.14659087218292374
767360,0.15594386142549418
767361,0.019351876604793344
767362,0.8470827913037557
767363,0.5558940156500887
767364,0.17272973350646303
767365,0.39026637636159156
767366,0.9999915459291362
767367,0.22790156579595813
767368,0.0354525307548925
767369,0.9800928750128772
767370,0.9325600340746226
767371,0.995011224123566
767372,0.9993317086576468
767373,0.005061770710552961
767374,0.3872823903076379
767375,0.9967962891683586
767376,0.9997607410797078
767377,0.13024429252252312
767378,0.9630836695358828
767379,0.9991719773136392
767380,0.9922576843650022
767381,0.8900556834445443
767382,0.8532171317669321
767383,0.9916961612006685
767384,0.9997511222418951
767385,0.9998232621936614
767386,0.9995087453714224
767387,0.6800917091427192
767388,0.1843214087405108
767389,0.9204144026731501
767390,0.9790146178495318
767391,0.9601502726189748
767392,0.9716139906761219
767393,0.8844120786312002
767394,0.8110924849736174
767395,0.9992987902744406
767396,0.9999755272657693
767397,0.3326791843735569
767398,0.058294947443678705
767399,0.08904575845284386
767400,0.6785109583887132
767401,0.9344208192899208
767402,0.9973375173986585
767403,0.9998353864211924
767404,0.9053471848097134
767405,0.37076329551285253
767406,0.9999899009151232
767407,0.6301421669776819
767408,0.9957744371986148
767409,0.9998762205755631
767410,0.584080072648329
767411,0.9996452114006533
767412,0.9965661132093195
767413,0.9942842584100507
767414,0.9999896138689902
767415,0.3170771192839708
767416,0.9942739034563732
767417,0.32112336053305873
767418,0.9947020172685748
767419,0.6916689593482872
767420,0.7231272000678725
767421,0.7304723727423126
767422,0.999888238149848
767423,0.7514035141442964
767424,0.5474146389814748
767425,0.9908667583821544
767426,0.9998455900214993
767427,0.1043984622617922
767428,0.9997141139606565
767429,0.8234652120177843
767430,0.9771015716392965
767431,0.20113951451664938
767432,0.9998812632881561
767433,0.8375556129080723
767434,0.9998726996434145
767435,0.6350210598531687
767436,0.9985133116505422
767437,0.7209508911940199
767438,0.5708042202947397
767439,0.2594604858858923
767440,0.549852268629271
767441,0.9994498726250367
767442,0.8746920097118174
767443,0.7847770949367873
767444,0.9995953766434513
767445,0.9969820740645327
767446,0.8004781124483064
767447,0.9995876601094362
767448,0.5379453288550902
767449,0.999944990311366
767450,0.21494210725667054
767451,0.2550456743593517
767452,0.9998524492592215
767453,0.9680776952768058
767454,0.00728064476011983
767455,0.9950783611861646
767456,0.11739841685963309
767457,0.0749840485434418
767458,0.9987200636305515
767459,0.9991859406700092
767460,0.9999771568232284
767461,0.9906539346517462
767462,0.9982272669578702
767463,0.5954017036914114
767464,0.043466170264231524
767465,0.8617163712303343
767466,0.9998512068426995
767467,0.23436014728796647
767468,0.9471152670795326
767469,0.9977603322049078
767470,0.9759610602859844
767471,0.25778142360034684
767472,0.9999002344125083
767473,0.14618881491775285
767474,0.9576421221616356
767475,0.9995521310106616
767476,0.9998350039872568
767477,0.9996911048999386
767478,0.03127682364296103
767479,0.9999367408536295
767480,0.9996061832756278
767481,0.9995039033315105
767482,0.036544075977041
767483,0.7247005630298701
767484,0.6991387710855831
767485,0.9596912699068733
767486,0.9999767951853016
767487,0.9176713915939352
767488,0.011249562797786324
767489,0.9997991573453888
767490,0.9999278233144115
767491,0.9983134891539518
767492,0.9606531193319388
767493,0.9516764199170368
767494,0.9999337983270087
767495,0.24759343652355176
767496,0.9992024428571291
767497,0.010685357560280136
767498,0.1147911295956568
767499,0.2886970579387578
767500,0.9995105326160716
767501,0.049131060321549604
767502,0.006549781495124207
767503,0.9999324615428998
767504,0.11892583130994054
767505,0.9987151285700155
767506,0.8745838184265613
767507,0.9979219292313659
767508,0.010380201330357757
767509,0.9988512604791961
767510,0.9997034071896439
767511,0.996954356083656
767512,0.5152225083330985
767513,0.999942717601222
767514,0.9996651411852009
767515,0.9035923572229665
767516,0.7474733055198942
767517,0.9999759123963348
767518,0.9991601006619137
767519,0.9997884070510423
767520,0.9998325000684911
767521,0.6583427828447501
767522,0.03610559299266146
767523,0.0074221041390577485
767524,0.036782691124312976
767525,0.9731575271073944
767526,0.9990529066212457
767527,0.7810978484087592
767528,0.028649985715786714
767529,0.5612302383963848
767530,0.999778020395879
767531,0.7685103903839824
767532,0.9996227029660616
767533,0.21737076726264468
767534,0.42574191979503606
767535,0.6156409605005669
767536,0.9994921891434665
767537,0.3645812762689131
767538,0.9846450845605931
767539,0.9367173715819349
767540,0.99988496316144
767541,0.9956541646722781
767542,0.9999479200175654
767543,0.9993007570498251
767544,0.7336899109034258
767545,0.9775122818705781
767546,0.9962030693571693
767547,0.9517537177074844
767548,0.022359303745233323
767549,0.06902272557863827
767550,0.8865772735359649
767551,0.1428518927231077
767552,0.9998665283177545
767553,0.9995241239349912
767554,0.594554626603629
767555,0.9957865789724037
767556,0.21062649113185627
767557,0.5037155396336748
767558,0.6598431701420902
767559,0.9591690622082957
767560,0.16404872509951474
767561,0.9995639936260834
767562,0.9788180754998292
767563,0.998879593620227
767564,0.08017658721694056
767565,0.9996483237707374
767566,0.9966518882466476
767567,0.8565075182369155
767568,0.9971404082168068
767569,0.9998816623591142
767570,0.999938463098004
767571,0.9994985343005177
767572,0.15588192966162487
767573,0.20522956515709528
767574,0.9912019029613037
767575,0.9996276479629831
767576,0.2674028694372999
767577,0.09239957959234231
767578,0.999981390880921
767579,0.0021966605491774162
767580,0.9829110567091114
767581,0.9996036937379303
767582,0.9906812763637596
767583,0.9924371027771451
767584,0.8314540533466339
767585,0.5295037425853361
767586,0.10579502255665135
767587,0.31304773955091714
767588,0.9890168080632461
767589,0.9997797401891739
767590,0.026739862451652906
767591,0.9545056881117399
767592,0.12940813110151056
767593,0.7546195508109903
767594,0.9994032781727783
767595,0.9996876814630303
767596,0.8518721320684558
767597,0.14482079735727074
767598,0.07225301377788954
767599,0.18519411459385726
767600,0.9076211847027001
767601,0.9983108313553903
767602,0.6634013706888335
767603,0.7531238652149496
767604,0.9998602540550595
767605,0.016694298370904817
767606,0.9980309055639867
767607,0.9789816558411129
767608,0.9999149183612785
767609,0.9996838020421881
767610,0.014392863873477808
767611,0.30225013782797316
767612,0.2425690394048784
767613,0.9281451122155431
767614,0.9993124754866101
767615,0.07412001945731839
767616,0.9998592091250106
767617,0.8470859267452748
767618,0.947316813255009
767619,0.5549412812148669
767620,0.1260576881710057
767621,0.041294128079409714
767622,0.851602988405879
767623,0.9990849202724627
767624,0.879470050963341
767625,0.9704275013348762
767626,0.7759133171974255
767627,0.022717927416901408
767628,0.753699890890739
767629,0.33969919406081406
767630,0.4349845215355794
767631,0.02718612321634372
767632,0.9992814377488628
767633,0.37294515245096044
767634,0.9838708354701042
767635,0.9994609155283327
767636,0.7822236753907665
767637,0.9980656233539497
767638,0.7187019793909813
767639,0.9993516652760581
767640,0.9917926929175815
767641,0.4465296729730388
767642,0.42638942981971373
767643,0.9996892082432677
767644,0.7398968242961518
767645,0.8669088601963073
767646,0.9215991329004343
767647,0.19429897197286997
767648,0.7322783575749436
767649,0.9996383958364936
767650,0.9996481657672389
767651,0.13013727858712065
767652,0.999338400110386
767653,0.9999211392198147
767654,0.009279090283153301
767655,0.2576932080439467
767656,0.867306229838632
767657,0.31160124788547433
767658,0.934925426261894
767659,0.9974727693646108
767660,0.8936364965029568
767661,0.9927761517633047
767662,0.9946401177868949
767663,0.9826126901848324
767664,0.9967520195800048
767665,0.9999632088417407
767666,0.9895533747858734
767667,0.9933945601105234
767668,0.6428747920920345
767669,0.45089007535863285
767670,0.8795915484392172
767671,0.9998594935089677
767672,0.11732449098972333
767673,0.9986525598095631
767674,0.999916775319314
767675,0.682590948295144
767676,0.9994727459200378
767677,0.9897615683216818
767678,0.023367424366935705
767679,0.9973645301981107
767680,0.9747044929543291
767681,0.8974568651519361
767682,0.9999218552920137
767683,0.00601199078810706
767684,0.9746297837688618
767685,0.01126035453761506
767686,0.9976550385245235
767687,0.9997869916713615
767688,0.9666720887620506
767689,0.9978883762935802
767690,0.008790039483227187
767691,0.5646716225232636
767692,0.10066022838186431
767693,0.12357517947098445
767694,0.9630026997425027
767695,0.9998715025212316
767696,0.020652367683151755
767697,0.9991941123332402
767698,0.8834618737403723
767699,0.15008982783729602
767700,0.85156525312726
767701,0.8486137905442628
767702,0.8418693179178642
767703,0.08769055576277728
767704,0.997871389862484
767705,0.41934689443270323
767706,0.047677788876463345
767707,0.8773438873565874
767708,0.9987358520394882
767709,0.8125984489738899
767710,0.9949765340893587
767711,0.9999640487431427
767712,0.9993088193399029
767713,0.74801767439534
767714,0.9935572221410716
767715,0.9875398014136956
767716,0.8657210968899304
767717,0.9981017520439475
767718,0.25921777619566705
767719,0.5387312839593883
767720,0.5980966193841042
767721,0.8052033778773973
767722,0.9837339219818535
767723,0.9917746418123421
767724,0.30906183699247614
767725,0.30626171758847287
767726,0.764796112758612
767727,0.03429154219783327
767728,0.8102998396906242
767729,0.9997785412788897
767730,0.924657247947043
767731,0.9999833425638291
767732,0.015738894501996267
767733,0.5327936976104233
767734,0.014373335403988923
767735,0.002735090207884601
767736,0.8779349654178268
767737,0.9850646278822477
767738,0.9978906730621169
767739,0.9999405562337625
767740,0.9982540390942225
767741,0.9999820701995645
767742,0.2661164924846873
767743,0.9992920211726216
767744,0.9998676994840908
767745,0.6026965760283847
767746,0.24729880542854013
767747,0.99693074238909
767748,0.6825926104887885
767749,0.15335476638821524
767750,0.9897387204714485
767751,0.07275498802433071
767752,0.8936222735320349
767753,0.9999517218547423
767754,0.07047607517794895
767755,0.9956530814691069
767756,0.9923639161034815
767757,0.1546409430275691
767758,0.7887058761706269
767759,0.7280999332793792
767760,0.08833084468040346
767761,0.2751796383044144
767762,0.9141448984139146
767763,0.03621263845130439
767764,0.14899323471133313
767765,0.34561037202857353
767766,0.25212382328044414
767767,0.9462415595164514
767768,0.9959651189968699
767769,0.3321197665900261
767770,0.9572443146251775
767771,0.9999555426533306
767772,0.9616723587229796
767773,0.9998770173784066
767774,0.9999929533858435
767775,0.047669218489887574
767776,0.0621890091232641
767777,0.9951329550262444
767778,0.982047978680994
767779,0.15337019929437315
767780,0.9845383434233652
767781,0.9998782257768615
767782,0.02496489226859732
767783,0.9280769735200253
767784,0.041934368444043406
767785,0.6651685774147968
767786,0.9999770170335258
767787,0.9988725072475164
767788,0.8918559644826833
767789,0.9996401945516041
767790,0.999653330878798
767791,0.9950501060047705
767792,0.4376786384431588
767793,0.21614641094824105
767794,0.9484136939853515
767795,0.5848253336778937
767796,0.4276392360956053
767797,0.9997613342532591
767798,0.999914812918804
767799,0.9148243838343608
767800,0.9996247170639806
767801,0.9981384233608613
767802,0.9998999672685855
767803,0.5062059956264888
767804,0.9996547811532785
767805,0.9996682555677572
767806,0.49440672724494245
767807,0.41859851137048587
767808,0.9999783464819239
767809,0.08594908361289967
767810,0.9999717446965337
767811,0.7037660172334439
767812,0.9993913352366651
767813,0.22770369911517235
767814,0.2712961467731035
767815,0.3035638318009375
767816,0.6298979171516588
767817,0.6318635245151121
767818,0.8487053471028956
767819,0.9990966903722824
767820,0.4281654427250867
767821,0.9996831007893904
767822,0.107688580030851
767823,0.9992319199407385
767824,0.007230118020396956
767825,0.9995294244461741
767826,0.9736751906676545
767827,0.8911044204383973
767828,0.7759545301944291
767829,0.9998474124932497
767830,0.06138487327714173
767831,0.7874751049561078
767832,0.9972052250071475
767833,0.45536909762104427
767834,0.9847024495396243
767835,0.9996422663205801
767836,0.9994049767259664
767837,0.8492049779207167
767838,0.7379955678980726
767839,0.7011584734765328
767840,0.9997458482576913
767841,0.963623150038065
767842,0.4294289951026179
767843,0.973750090471062
767844,0.9999836551113034
767845,0.7151424155078835
767846,0.9998745521015898
767847,0.16317643781121716
767848,0.9997449797493754
767849,0.9545490330937081
767850,0.7942016578657396
767851,0.7891735905388171
767852,0.22685094458531574
767853,0.981952898101645
767854,0.3226294222522226
767855,0.9954607698604319
767856,0.9998857457825547
767857,0.16553718286280045
767858,0.6372720718941519
767859,0.9981998274697925
767860,0.760902776964285
767861,0.9998625946785777
767862,0.5580461069535073
767863,0.9999254903507351
767864,0.1424406673277658
767865,0.030242823631922426
767866,0.7475542249362453
767867,0.10591916433024665
767868,0.9998658726825845
767869,0.9805897299525949
767870,0.9996932716298202
767871,0.5793677823973351
767872,0.5373271543400141
767873,0.7125829806329458
767874,0.9931272085497205
767875,0.9489464881250984
767876,0.9991599663888514
767877,0.7565741622182788
767878,0.9813643037821977
767879,0.10695058208035622
767880,0.9931939950686086
767881,0.011209365020279277
767882,0.9993044344673223
767883,0.9796811860890291
767884,0.7729190878468588
767885,0.44324737891608934
767886,0.10079266212852465
767887,0.9977517913823072
767888,0.03169132081056175
767889,0.9745587277162773
767890,0.7780532020502618
767891,0.44967921258575444
767892,0.5611285561648142
767893,0.8410881615968266
767894,0.4224806686863301
767895,0.4987074434359273
767896,0.5082175390297672
767897,0.9996854358416585
767898,0.9962180753112884
767899,0.1428504700457827
767900,0.9995066239064098
767901,0.9506060234385942
767902,0.5051326747605636
767903,0.648932906206592
767904,0.9332011609313459
767905,0.2859453397040743
767906,0.5488854396936154
767907,0.9993698634447123
767908,0.9985451466657584
767909,0.857502695069225
767910,0.4763494387425158
767911,0.953347439553264
767912,0.9997243548029088
767913,0.9998503909714676
767914,0.1255245508827524
767915,0.007750529254402503
767916,0.8735063347369869
767917,0.998755058663908
767918,0.9983808272782082
767919,0.9867788970724389
767920,0.9893773644349497
767921,0.8237587689780215
767922,0.9979508232353889
767923,0.9749897684421995
767924,0.7849301398419244
767925,0.7539421474192641
767926,0.16589982688429983
767927,0.9900903253257681
767928,0.9862951472239156
767929,0.999967414524751
767930,0.654703860741437
767931,0.7969751578308619
767932,0.9999426214765013
767933,0.9996686355302222
767934,0.32393624038935914
767935,0.9989740517687851
767936,0.9998101551888201
767937,0.5327522098789957
767938,0.9929869923474053
767939,0.35245220694919965
767940,0.9462322422140239
767941,0.7207498490872262
767942,0.45193874257060884
767943,0.04916224568866652
767944,0.9992846390691894
767945,0.5721969093370349
767946,0.1475208925316987
767947,0.9561725733753583
767948,0.5536954687613397
767949,0.9971342183965862
767950,0.020472181607471086
767951,0.363042081939286
767952,0.9996085157506744
767953,0.9999877858815138
767954,0.9757578163719415
767955,0.10060347531887774
767956,0.9999137024762373
767957,0.9999632976318024
767958,0.6833397016503087
767959,0.6246876634381278
767960,0.6310340668026898
767961,0.9996742622156338
767962,0.9992107142263341
767963,0.025437014423898015
767964,0.9999322519978104
767965,0.9997261231622446
767966,0.09401074512581953
767967,0.007418681153078643
767968,0.18388413754470057
767969,0.9998058076202253
767970,0.8370978059701482
767971,0.9870070474124801
767972,0.18281017637603034
767973,0.01725046912262333
767974,0.5649097573128475
767975,0.2543209173792747
767976,0.7763409688622112
767977,0.9998603308941307
767978,0.9934518570298756
767979,0.9836242516484788
767980,0.07996585040071795
767981,0.07827704687097649
767982,0.2897916738951196
767983,0.26041462724119463
767984,0.09353100573951628
767985,0.39387303411687613
767986,0.9997457638609364
767987,0.369782979238167
767988,0.9982589403111737
767989,0.676863848405543
767990,0.990256314012141
767991,0.013753639388538774
767992,0.7848221439920784
767993,0.10484100644653305
767994,0.01836424586523868
767995,0.9915340344454705
767996,0.01915507654863173
767997,0.9998213561238868
767998,0.9997298448588533
767999,0.9974430393910865
768000,0.6703664723736833
768001,0.5825634360932793
768002,0.8695376811154496
768003,0.0029393754315214923
768004,0.7054708789665054
768005,0.726251711421584
768006,0.9999615854479583
768007,0.7331798117197749
768008,0.9990460745388088
768009,0.2280443526590195
768010,0.884488862744989
768011,0.7425949686963499
768012,0.46418341629590987
768013,0.9613684668422686
768014,0.1613793343910315
768015,0.3680086841067093
768016,0.5014987607832249
768017,0.948657432707732
768018,0.9998855720961144
768019,0.9999185415262477
768020,0.3359283455708627
768021,0.6235164222582438
768022,0.9641320400815099
768023,0.49894500466295333
768024,0.9994738935900911
768025,0.9830635739142433
768026,0.8541873579577662
768027,0.9466630851255083
768028,0.9991693519770048
768029,0.9798062453272508
768030,0.8726188021631719
768031,0.9977956710854162
768032,0.7746219725172565
768033,0.9909323177818391
768034,0.08496811066024182
768035,0.8798185536076911
768036,0.012276009489369962
768037,0.9990950512314459
768038,0.9997171577828621
768039,0.9999626330868339
768040,0.9785793890469268
768041,0.9995212412228383
768042,0.9999662172633599
768043,0.9944484697053958
768044,0.9999708130554231
768045,0.0728454092543001
768046,0.3235066120034295
768047,0.9999065645556215
768048,0.9980943068851041
768049,0.9995134628986475
768050,0.7504537283382426
768051,0.3610016269912736
768052,0.145162855242428
768053,0.9612495320367984
768054,0.9705601427919419
768055,0.175521253221521
768056,0.9995357205944038
768057,0.9537800460670347
768058,0.9996697372266089
768059,0.6076976704995429
768060,0.172667856975046
768061,0.9748100623694752
768062,0.5211330586127312
768063,0.050062030315759426
768064,0.993592193023138
768065,0.08595762187621679
768066,0.9999770248680979
768067,0.021468722270027395
768068,0.024931764290275698
768069,0.34446543670047336
768070,0.9953733196364656
768071,0.6799898307815557
768072,0.27617621735528447
768073,0.447004141861856
768074,0.87738764136404
768075,0.9976773279850414
768076,0.9355489966223428
768077,0.28197307999556775
768078,0.9998950844877025
768079,0.03080875233077631
768080,0.9999554556116734
768081,0.9998114058334815
768082,0.9998861827349894
768083,0.885942787809396
768084,0.9998540769547137
768085,0.4806583752122084
768086,0.9574555345112794
768087,0.6724981214856551
768088,0.2997867245398445
768089,0.9995079071649222
768090,0.9998631933303379
768091,0.955279683743337
768092,0.9267864909334056
768093,0.6727706068118573
768094,0.9976091679642863
768095,0.2800080199094142
768096,0.9998018057142668
768097,0.9545837790475903
768098,0.9993764135184542
768099,0.9996491115751933
768100,0.354540200117557
768101,0.9999557962935589
768102,0.881056170663465
768103,0.9957286010989694
768104,0.17795708011061417
768105,0.09669212510777864
768106,0.9997917869568116
768107,0.9948419974411675
768108,0.7917147076899209
768109,0.05569451935939687
768110,0.5647194448524396
768111,0.8006347316278322
768112,0.9972571296218145
768113,0.693042410888298
768114,0.015518047934004468
768115,0.7835927062766932
768116,0.8336433330813225
768117,0.027530285117473005
768118,0.7585142387192652
768119,0.860014829271869
768120,0.9963845152310602
768121,0.9992255690729119
768122,0.9707272460870708
768123,0.5023837485725591
768124,0.5762851976794574
768125,0.6648397358040233
768126,0.9947399604385412
768127,0.999859155187804
768128,0.9563542969341411
768129,0.9936368976315509
768130,0.9998895883500161
768131,0.9970837789308883
768132,0.5958947472094803
768133,0.8753703881605011
768134,0.6847777360530003
768135,0.9997269835346989
768136,0.9999512726140732
768137,0.6899808998941545
768138,0.9944816143689122
768139,0.9990508011707843
768140,0.15910235627414127
768141,0.9889017468742991
768142,0.9998283011378283
768143,0.9998922059943469
768144,0.1178324625684838
768145,0.9998794251770933
768146,0.9998868442057183
768147,0.998879962797425
768148,0.9997559261929205
768149,0.9876024225889883
768150,0.958105881299449
768151,0.5725540050359476
768152,0.8875693998527946
768153,0.9810596298093844
768154,0.5254328161407532
768155,0.9503783288571728
768156,0.753446223422212
768157,0.997096751358664
768158,0.6802115772183122
768159,0.9994373657501238
768160,0.9998009440801686
768161,0.9957602266605279
768162,0.9999242952801208
768163,0.9977329471580543
768164,0.044678094915299726
768165,0.04966552399111979
768166,0.9999397119111972
768167,0.9894023780888496
768168,0.7007365976443525
768169,0.8123190358896115
768170,0.054957147157972404
768171,0.9987151631717924
768172,0.9865279450421046
768173,0.9942837813948358
768174,0.9969897181607121
768175,0.25778869930966114
768176,0.999848426064644
768177,0.8861518668911582
768178,0.06870126971758257
768179,0.9999035148516089
768180,0.9999852196116628
768181,0.5518773474531028
768182,0.9945411528922496
768183,0.9628030504290337
768184,0.983353535698291
768185,0.9919891220694687
768186,0.7415612794687844
768187,0.9982196685788154
768188,0.16563211034409583
768189,0.9295567172692891
768190,0.519471149339118
768191,0.11499225151844883
768192,0.0066766723351347115
768193,0.8415177205970069
768194,0.24780294564435773
768195,0.5994613132049907
768196,0.9964760551130589
768197,0.05276814319302106
768198,0.9999187087754786
768199,0.38203643352229566
768200,0.9941147150137771
768201,0.9674268237734838
768202,0.9968314736238783
768203,0.9956917387828235
768204,0.9637928842857006
768205,0.9985552496921997
768206,0.4813523152752741
768207,0.9697051353078829
768208,0.310532600518011
768209,0.9110498915631209
768210,0.8094028341816439
768211,0.9998238397788083
768212,0.99978201768036
768213,0.983333628765058
768214,0.9852583713323688
768215,0.3541159490447705
768216,0.9992714605516919
768217,0.5082253955385442
768218,0.5832253194421664
768219,0.9998052406435953
768220,0.5456133716993765
768221,0.993705835460126
768222,0.9742250105881789
768223,0.9721594712484797
768224,0.9999665859456084
768225,0.9835652073140457
768226,0.8888459243264106
768227,0.16892821441205721
768228,0.9999499849012845
768229,0.9983626254976403
768230,0.9984459492786719
768231,0.01920833977998184
768232,0.9954183585665181
768233,0.9999667999439806
768234,0.9831331666332095
768235,0.8130925806759595
768236,0.9391561480187345
768237,0.9755979185094983
768238,0.009830144784451489
768239,0.9995836770990825
768240,0.1652455960020567
768241,0.5085999786940256
768242,0.8603744376621569
768243,0.33028068871092686
768244,0.9998178074916868
768245,0.9815155502214459
768246,0.9998119741611671
768247,0.04203749141455919
768248,0.9991807240702899
768249,0.9772732823711942
768250,0.9998625376868738
768251,0.9627023798414518
768252,0.9969983594326337
768253,0.036664962676835486
768254,0.5941449869004123
768255,0.7766092195713414
768256,0.7802796828659978
768257,0.9996252732665716
768258,0.983801806769747
768259,0.969196460938961
768260,0.599107652470685
768261,0.991197698417239
768262,0.9998313599083475
768263,0.25088698337173054
768264,0.6790461783360451
768265,0.934136792783514
768266,0.24952904724675923
768267,0.9983825780713642
768268,0.9910286499219225
768269,0.9786317454662347
768270,0.9890488044029587
768271,0.9951316591380786
768272,0.16067673065565183
768273,0.9999333780817005
768274,0.999569440080831
768275,0.980779978854251
768276,0.9961819418910551
768277,0.8238265423120744
768278,0.05088786294845114
768279,0.9807676466267489
768280,0.5753111577523079
768281,0.12323617350578708
768282,0.9995593958530187
768283,0.9997013055985287
768284,0.9988156385318541
768285,0.2992867083941002
768286,0.9891908056382566
768287,0.9969973534958283
768288,0.8968632322110619
768289,0.16946167237692128
768290,0.9993921258081038
768291,0.006707127891249027
768292,0.9637438076307723
768293,0.9902339451834224
768294,0.9571210048339275
768295,0.9737210937462628
768296,0.04105690941191583
768297,0.9939182863004651
768298,0.08263959709247308
768299,0.9988531262521813
768300,0.999406848385046
768301,0.3234667748675636
768302,0.21933835124169837
768303,0.7794215440509838
768304,0.2622505829344029
768305,0.3326422760818013
768306,0.9954273035488423
768307,0.030236600390844547
768308,0.21326813515607426
768309,0.10702833552768187
768310,0.018321560889092182
768311,0.32375312677634005
768312,0.9976175160613558
768313,0.8167622865074743
768314,0.9950885651672328
768315,0.546235196298888
768316,0.02890624952316949
768317,0.3886732342291454
768318,0.999930224775465
768319,0.3844727091590889
768320,0.8196092741117661
768321,0.9978389717544529
768322,0.9946702695414817
768323,0.7380766657691402
768324,0.8051444019310835
768325,0.9040316303794236
768326,0.07424324689489793
768327,0.15022138389271097
768328,0.749053690082073
768329,0.999597488224495
768330,0.9068786547466917
768331,0.06909593896101258
768332,0.035672713264726645
768333,0.9132785712387328
768334,0.2268852038429709
768335,0.9992325127670948
768336,0.9990595451131371
768337,0.06358170677492707
768338,0.9994911364431532
768339,0.9963240270562921
768340,0.9910534652768161
768341,0.9521453688064454
768342,0.9999630813577144
768343,0.9997281353845393
768344,0.1490351005899206
768345,0.9987592924114616
768346,0.9993386370792205
768347,0.9998752333580105
768348,0.24948170106510154
768349,0.8090339540353249
768350,0.9900303610372485
768351,0.9999587502422939
768352,0.044156311800294404
768353,0.9991294897733065
768354,0.764413226740096
768355,0.9998095389584585
768356,0.9807327553271488
768357,0.9595572678603529
768358,0.9995664282181764
768359,0.13850565251489888
768360,0.705047337296233
768361,0.9808781687764683
768362,0.9992458132894447
768363,0.6415120835828416
768364,0.9977361584865917
768365,0.41848867587772054
768366,0.24662599582416928
768367,0.9253727748225358
768368,0.5480229837237289
768369,0.9999668729548625
768370,0.9156887860748749
768371,0.8077959218191687
768372,0.9218389600006578
768373,0.9997329439030898
768374,0.46081213586212144
768375,0.7444951948603318
768376,0.008721285888381298
768377,0.6926926004663616
768378,0.9992511678369127
768379,0.6217055170137475
768380,0.30190194490908795
768381,0.18505476340910437
768382,0.496762866530156
768383,0.5340538139465117
768384,0.24884477073838057
768385,0.00561984822527622
768386,0.9898264798681815
768387,0.3546105274178193
768388,0.9984653549128255
768389,0.9997917810888572
768390,0.9999814108073688
768391,0.998399545629045
768392,0.5294971119225972
768393,0.18547769341927262
768394,0.9987050341762821
768395,0.9996824623154174
768396,0.9895338766517494
768397,0.9998249330751106
768398,0.5892959957917927
768399,0.991635090922669
768400,0.8975947575455838
768401,0.7415155894419858
768402,0.9950280986846565
768403,0.8866803174354865
768404,0.6529649126916447
768405,0.9376088916556596
768406,0.9965322384562595
768407,0.07032097110308964
768408,0.02295331820143872
768409,0.9982496625469884
768410,0.9952505428365557
768411,0.9998447774450832
768412,0.9190299808810029
768413,0.9999907924042861
768414,0.826196643699793
768415,0.39809316064001254
768416,0.8792869366944314
768417,0.99984062374696
768418,0.3440429059715252
768419,0.13370382485659046
768420,0.17927650917830576
768421,0.9998339921536799
768422,0.9999183563470981
768423,0.3559296382053618
768424,0.5129167910251645
768425,0.27140901086096664
768426,0.9987688111848078
768427,0.9987756166597723
768428,0.448746366517967
768429,0.6571260778707322
768430,0.6439065989421284
768431,0.3827982662879001
768432,0.9998460321058997
768433,0.4240197147241289
768434,0.9960512770228807
768435,0.0882050789164483
768436,0.47411477666021545
768437,0.049935297821622135
768438,0.9331321604758732
768439,0.6501999403718208
768440,0.9985185442723901
768441,0.3173628171100593
768442,0.9829301382271559
768443,0.9982022054100688
768444,0.9996641355826006
768445,0.9992726193650865
768446,0.13551013700604472
768447,0.8627262555579842
768448,0.5603687656785589
768449,0.9998121335095946
768450,0.9931453300550228
768451,0.8317677951113787
768452,0.6016723349594301
768453,0.054675731435012816
768454,0.012394441418266091
768455,0.8553932252684544
768456,0.9999289060424559
768457,0.9998325032091657
768458,0.9999805169717321
768459,0.9283879376917754
768460,0.99763816783496
768461,0.4850936678466585
768462,0.9828016644564699
768463,0.3213621537792972
768464,0.9933247569973938
768465,0.9961353595818725
768466,0.8609993731984511
768467,0.989241252093793
768468,0.8804115457715148
768469,0.3169621282144276
768470,0.008322283528601057
768471,0.9964350116751179
768472,0.9986602684335781
768473,0.9953716813619363
768474,0.9573026374737876
768475,0.1688526525537232
768476,0.6211849787342063
768477,0.9982747810535303
768478,0.9979291134027859
768479,0.9996642849722079
768480,0.9976675418331604
768481,0.9992870500956743
768482,0.018953550752026493
768483,0.9986651149607135
768484,0.9733697809856894
768485,0.9997620012759176
768486,0.726661312703085
768487,0.9996897135417746
768488,0.9771549867932768
768489,0.9998956895969207
768490,0.9999470896648064
768491,0.02264207760155452
768492,0.8622765987582306
768493,0.9939760693853963
768494,0.18917502037224546
768495,0.3053427911345752
768496,0.9995960157480241
768497,0.15063378373323089
768498,0.866516965403316
768499,0.9966965877983205
768500,0.41063793953459954
768501,0.9999450505887811
768502,0.536124663452479
768503,0.9994655557315534
768504,0.6171838106086833
768505,0.08909566464456703
768506,0.9998297866431085
768507,0.9033609279829253
768508,0.9924155865244706
768509,0.9337061713508563
768510,0.9997222204082254
768511,0.633763064161874
768512,0.8522269913890829
768513,0.8371560364721518
768514,0.7252419650954949
768515,0.9654789278332263
768516,0.27897467662084585
768517,0.8870420528229477
768518,0.9353682522936804
768519,0.9846125512789634
768520,0.9998405209968382
768521,0.9986176102825428
768522,0.7049100077051422
768523,0.8603238915296076
768524,0.999901699621092
768525,0.06576571532824839
768526,0.8840835261102366
768527,0.2054821379679675
768528,0.2706289829212365
768529,0.9999250646056836
768530,0.3977596505034703
768531,0.9770689324185056
768532,0.20115392228196022
768533,0.3757792504939172
768534,0.702668740832908
768535,0.9998757082823704
768536,0.19568537952597692
768537,0.999615591803357
768538,0.9983261038479221
768539,0.5092575785030337
768540,0.689082433277759
768541,0.9756786618556728
768542,0.7138395554377619
768543,0.9960398525873544
768544,0.988397605528937
768545,0.8180231195997045
768546,0.9852569754970761
768547,0.990416552059528
768548,0.5855634032057425
768549,0.9647121116720268
768550,0.9998003564409103
768551,0.7678100316283935
768552,0.7484797834688308
768553,0.05198416168458872
768554,0.8147673597657619
768555,0.9980172153340696
768556,0.9994431723017667
768557,0.9996977420821088
768558,0.9904921134582867
768559,0.9306667085008064
768560,0.9995923773468639
768561,0.7234388701232739
768562,0.42895560591826576
768563,0.9066971210836312
768564,0.9814081823999774
768565,0.876441881016339
768566,0.04178665485696054
768567,0.9959053741886816
768568,0.9998297783507055
768569,0.017869773472711396
768570,0.620982204924533
768571,0.9875784773936078
768572,0.9998613328474326
768573,0.998779056844231
768574,0.509081115454495
768575,0.9989920811170006
768576,0.9998506004031809
768577,0.21786446308472748
768578,0.9999625919174803
768579,0.5924842489301759
768580,0.9997848838015704
768581,0.5692308104480873
768582,0.7173370314948454
768583,0.9404843594263494
768584,0.722817008269065
768585,0.9999652334041996
768586,0.9998315983306287
768587,0.9999535826243632
768588,0.9861384306638916
768589,0.9328349489502048
768590,0.9994928413007385
768591,0.9999834800261558
768592,0.9984005544695032
768593,0.9974547509095836
768594,0.7458459173629821
768595,0.041388934560384734
768596,0.007927317446753384
768597,0.12209198875227581
768598,0.9997843081230973
768599,0.025616331887616986
768600,0.9999093978032851
768601,0.043668420314264704
768602,0.9999677504250644
768603,0.5133900199124121
768604,0.04285724137974293
768605,0.617770598200407
768606,0.38089284897211195
768607,0.3187638680096595
768608,0.6155393620543137
768609,0.03403762416356005
768610,0.7776839308230699
768611,0.1127491304534336
768612,0.9747965009466978
768613,0.9990605681764261
768614,0.39264424968579736
768615,0.9909772157329189
768616,0.24570749476883486
768617,0.9999065214767701
768618,0.9997023032872259
768619,0.26302827926215705
768620,0.018258513850345468
768621,0.6969524163453982
768622,0.013998955860382637
768623,0.5933985441402092
768624,0.07470595162229707
768625,0.9996270175379445
768626,0.21694443389619586
768627,0.26579994326334355
768628,0.9961148663736876
768629,0.9645810283191463
768630,0.9998692913466469
768631,0.04161662003480656
768632,0.9975484268635118
768633,0.9717221144830146
768634,0.031510160162760974
768635,0.6095823518014398
768636,0.3431327152208063
768637,0.933581205293451
768638,0.9997682633490748
768639,0.31728360097730324
768640,0.9993997804351513
768641,0.7313218595993587
768642,0.7482114319885932
768643,0.999920972678737
768644,0.9997715562292528
768645,0.14029551327878564
768646,0.9993624002283357
768647,0.9998995233661456
768648,0.11301274622578492
768649,0.0383342262759928
768650,0.4789961989521192
768651,0.9988267028388127
768652,0.9998835006271635
768653,0.996553658579302
768654,0.9625316132217971
768655,0.9984408345829157
768656,0.9999267551660135
768657,0.7309530874625934
768658,0.999840958701165
768659,0.19476292782497148
768660,0.999223533597448
768661,0.9516232522542198
768662,0.9973089108118527
768663,0.9996585619662255
768664,0.13687834466179685
768665,0.8938156424166394
768666,0.9999511081801439
768667,0.9974539964761608
768668,0.9966034945590287
768669,0.5152303496508126
768670,0.999903372094391
768671,0.5849388831195345
768672,0.7844169626233142
768673,0.9458136749652523
768674,0.9997717290180739
768675,0.9717030457120002
768676,0.005609132616090067
768677,0.9622647531029127
768678,0.9976513287073834
768679,0.9998183926753114
768680,0.970423993922249
768681,0.010366165213942192
768682,0.9516178376309071
768683,0.4733390851477666
768684,0.9865599468022044
768685,0.9995438955895357
768686,0.9992675487466802
768687,0.9999135540051444
768688,0.6054818394098368
768689,0.9941508606033194
768690,0.7704887281995565
768691,0.9996670783031119
768692,0.007382695792976893
768693,0.9202524260818694
768694,0.9999677878982303
768695,0.7048658755309734
768696,0.99574573752036
768697,0.8929229909543189
768698,0.18717419856665762
768699,0.05295409701384392
768700,0.9923137260669592
768701,0.5885961105253179
768702,0.5796293743765388
768703,0.9431452767297407
768704,0.40724478759881044
768705,0.506096024480724
768706,0.5042140818013472
768707,0.9995879646814247
768708,0.9957146008894315
768709,0.38155524985185246
768710,0.9998224707566643
768711,0.9997756919020195
768712,0.9977218800536887
768713,0.9956307866575349
768714,0.9997673563288711
768715,0.9999064636202306
768716,0.9990402893092866
768717,0.9999849202205479
768718,0.8984013364394883
768719,0.9996896047412255
768720,0.9978508953025915
768721,0.9999588849464659
768722,0.9568658569884401
768723,0.30732132263549944
768724,0.14178918694724352
768725,0.9999667249696459
768726,0.48735485688419494
768727,0.9985985515671459
768728,0.7879887357691817
768729,0.018723922089126592
768730,0.999734638293707
768731,0.9337094572876085
768732,0.9978735950675901
768733,0.05639626247229256
768734,0.2529008848388958
768735,0.564846372489284
768736,0.9945464308968739
768737,0.9999649841559978
768738,0.999736405345808
768739,0.9999820559010109
768740,0.08947248306997486
768741,0.8137419710019029
768742,0.9579900144763883
768743,0.6919854044551601
768744,0.09643052956098802
768745,0.9987393450459491
768746,0.07075679278070195
768747,0.990948826908894
768748,0.033135273883714046
768749,0.7867010032285362
768750,0.23624301626200733
768751,0.9999627013630644
768752,0.0275707879356426
768753,0.5962373168531687
768754,0.9841555187892564
768755,0.8713404715665021
768756,0.12055667588275634
768757,0.45672761689262853
768758,0.792872644673969
768759,0.1815440084819832
768760,0.9998374268661504
768761,0.6431282569649748
768762,0.9999816133118007
768763,0.7715651966368227
768764,0.9385314032485863
768765,0.9963623793628105
768766,0.21255920352962032
768767,0.9922646651217607
768768,0.010601990039661148
768769,0.9873987569240814
768770,0.23914485068358882
768771,0.2628386431437821
768772,0.9999130148950508
768773,0.9190274901222488
768774,0.1834734408177452
768775,0.8424161871242133
768776,0.008806604265385747
768777,0.1299934589865666
768778,0.8762878728179944
768779,0.11343008241319934
768780,0.7191142276651079
768781,0.8479128995892248
768782,0.9985735511893322
768783,0.9113185679002309
768784,0.9897779599302141
768785,0.5168355992099514
768786,0.9998898810717527
768787,0.9596073541322833
768788,0.9395690124019315
768789,0.9962046672826258
768790,0.34633160044286426
768791,0.36211275245915775
768792,0.9470034278842747
768793,0.9850674291001371
768794,0.999684306834502
768795,0.0860314400946081
768796,0.9963943077012782
768797,0.9998397749853597
768798,0.007219286638588243
768799,0.9903436817047613
768800,0.9988537846202876
768801,0.08186348484859599
768802,0.9370810744235479
768803,0.38108094603817444
768804,0.02459229542635994
768805,0.0739185619991807
768806,0.23495861899930057
768807,0.9872432269389716
768808,0.9464018929493021
768809,0.005756269613389166
768810,0.9999917943305424
768811,0.9930616229773108
768812,0.9857661973628606
768813,0.5916739754701
768814,0.032029170006053584
768815,0.6625832267115147
768816,0.6990228908192762
768817,0.04825427221707663
768818,0.995376759488473
768819,0.641850946992614
768820,0.019948037304921677
768821,0.9915359343721815
768822,0.9992436272311049
768823,0.034900208459560454
768824,0.017648231421856855
768825,0.628108350401368
768826,0.9317001005353114
768827,0.14610813561591757
768828,0.07773782028618709
768829,0.04365054495706
768830,0.9980492960931119
768831,0.22510227632778682
768832,0.9941183726843869
768833,0.9542702361101786
768834,0.995201301432207
768835,0.8727548429811162
768836,0.7734173363705291
768837,0.9998739222915016
768838,0.6738610973449688
768839,0.808831989928205
768840,0.5201194786002852
768841,0.7531026950442478
768842,0.5253601567167354
768843,0.09453109967326084
768844,0.5373873177943831
768845,0.7629859929709797
768846,0.07990815405938925
768847,0.02750172910874252
768848,0.05437895936359855
768849,0.9998232029328665
768850,0.9997941290316348
768851,0.9033190299577042
768852,0.9996564565538621
768853,0.9994249016510164
768854,0.7589548101067392
768855,0.999775657975847
768856,0.04633786573807832
768857,0.9920082503714465
768858,0.9912285274045367
768859,0.362048145756726
768860,0.9995483681529846
768861,0.9938288776672556
768862,0.8168399313049474
768863,0.9140247040328081
768864,0.6146976425008939
768865,0.9681315579672681
768866,0.8912976248489841
768867,0.43787839516454663
768868,0.977619964426399
768869,0.999485657511547
768870,0.9964441906331564
768871,0.9869038930069015
768872,0.9910753731649852
768873,0.9597409576160744
768874,0.2622668552178755
768875,0.04879883860122415
768876,0.7373652558314623
768877,0.8418025807484282
768878,0.9916555357971284
768879,0.6364540040391309
768880,0.33607654613227034
768881,0.995804721894388
768882,0.9979827460824555
768883,0.9861521895427834
768884,0.5431898769724406
768885,0.9998163198853374
768886,0.9988738636176726
768887,0.07785567969263318
768888,0.9944229870179477
768889,0.10176942833617528
768890,0.7189340497510459
768891,0.14351472824733
768892,0.9999431611297216
768893,0.47477539041821815
768894,0.9998932873073182
768895,0.024499430109509522
768896,0.14459043103611713
768897,0.5927221311754041
768898,0.41051905451580817
768899,0.999958491664269
768900,0.9798573665763352
768901,0.7807604563158318
768902,0.044904727874830394
768903,0.9915133366767197
768904,0.9993372913312754
768905,0.5394633139273931
768906,0.1314232846356359
768907,0.9559476712066433
768908,0.07141113782649189
768909,0.08646817881249053
768910,0.9998729079166899
768911,0.9994791532024976
768912,0.594222818823313
768913,0.914731557923518
768914,0.4994213256116446
768915,0.7247673155531305
768916,0.6677205863493977
768917,0.10707749997254984
768918,0.9916157579652343
768919,0.9985780809735665
768920,0.55443581183336
768921,0.9834619693064253
768922,0.5505815809364885
768923,0.9998662128683071
768924,0.08452695487008653
768925,0.017793857667439437
768926,0.05505597612685495
768927,0.25379929819312974
768928,0.9859506499653672
768929,0.4517813018490875
768930,0.5402487416549705
768931,0.99955554684459
768932,0.625725449772904
768933,0.24522473054673583
768934,0.6638414149139434
768935,0.5787027384034076
768936,0.98730588566825
768937,0.03986680913935562
768938,0.9195728834631409
768939,0.6368130389402704
768940,0.9952604669858918
768941,0.9999653696442024
768942,0.14006400147919695
768943,0.9991251363821367
768944,0.1770566750395126
768945,0.5163983752311243
768946,0.9502642687731906
768947,0.782197347853365
768948,0.2407794175066612
768949,0.8481002743845383
768950,0.9997345911389045
768951,0.9974247853464853
768952,0.9486891694848043
768953,0.7402904474597183
768954,0.9999622070971066
768955,0.31179635024992364
768956,0.999771341219555
768957,0.9980896934184874
768958,0.9787744682710058
768959,0.9999026524900176
768960,0.021070963421189425
768961,0.9992018254708186
768962,0.9974043011450386
768963,0.9998820683672037
768964,0.11605943649567949
768965,0.5569925076732951
768966,0.9997282514760909
768967,0.01029256836361706
768968,0.1305998674383246
768969,0.10527406179266191
768970,0.971547383114006
768971,0.6547637712304997
768972,0.5351249076695775
768973,0.9996248172298998
768974,0.010555521251796356
768975,0.9892555956477695
768976,0.9997474119537361
768977,0.9999102532089629
768978,0.9817394444019097
768979,0.9999070954045547
768980,0.9974763431511996
768981,0.029367468055673043
768982,0.007974606599605409
768983,0.7584094249180016
768984,0.007055986993875508
768985,0.999524421335598
768986,0.2797762103219786
768987,0.6965197989987386
768988,0.9997935091484479
768989,0.9196651546233877
768990,0.6063131647652287
768991,0.9999794164616109
768992,0.20065398041958593
768993,0.9997473003772737
768994,0.6271321393594884
768995,0.6783835789871504
768996,0.8690697504704572
768997,0.9993011281453206
768998,0.03238226087313143
768999,0.0021952515055094156
769000,0.5716022087575163
769001,0.9017400878087847
769002,0.5825797472303373
769003,0.649028761450492
769004,0.9987172810794401
769005,0.9997577270239857
769006,0.07456330288699704
769007,0.9994433723693976
769008,0.9474821614157152
769009,0.9498254505570489
769010,0.9998351867076982
769011,0.9999569388668884
769012,0.9548952474388628
769013,0.6977097406381392
769014,0.9187376405427851
769015,0.9851225307123685
769016,0.09987817942562274
769017,0.9555021859394071
769018,0.9497942365903045
769019,0.9993529494919899
769020,0.999843636624407
769021,0.2139620242154359
769022,0.24286243809576452
769023,0.22121655117665412
769024,0.9999676614220543
769025,0.9998896314524159
769026,0.5653295900298447
769027,0.9826961194591737
769028,0.9232992389839709
769029,0.9358826477426515
769030,0.999710892953888
769031,0.9999093167424234
769032,0.864219123974684
769033,0.8553367426499655
769034,0.7074994572652689
769035,0.9997508747160888
769036,0.999873005155987
769037,0.5732020576821683
769038,0.9992687336087156
769039,0.9941545620801069
769040,0.9986444628281202
769041,0.9942646054014181
769042,0.43424577814637
769043,0.998279868121889
769044,0.16648774490593646
769045,0.09493328206606089
769046,0.9348760884760824
769047,0.10217313693504534
769048,0.9999936940293443
769049,0.9996758412827579
769050,0.049094536345543296
769051,0.14206449469430016
769052,0.9989620788950719
769053,0.9998659733138441
769054,0.08320163354556734
769055,0.014880098351947785
769056,0.11624326978204319
769057,0.5320188514577188
769058,0.08116034742860279
769059,0.9985690099754051
769060,0.15673506640469842
769061,0.9006331335240042
769062,0.9975758855852509
769063,0.2651718309749586
769064,0.9994823802684449
769065,0.9997307105061004
769066,0.8717808709578769
769067,0.9956852727954941
769068,0.9993586888732479
769069,0.992306870895374
769070,0.9998126801168483
769071,0.4109543522739989
769072,0.9999140220682643
769073,0.9999272800384124
769074,0.08541334781267504
769075,0.022443383894099965
769076,0.9988923813347289
769077,0.21797650531075902
769078,0.6509765062530912
769079,0.0024363496375345703
769080,0.3682135435554128
769081,0.6411291845372117
769082,0.8828481497169093
769083,0.9982360066172814
769084,0.9987163948567509
769085,0.9988934627361528
769086,0.999039846379013
769087,0.7393765638437827
769088,0.9908094716239781
769089,0.9667259974794908
769090,0.9993584247790961
769091,0.9997244819514457
769092,0.9997874944862009
769093,0.9895565927210268
769094,0.9998770841227036
769095,0.9286155965698367
769096,0.027167087047862498
769097,0.8907055237992995
769098,0.039489297842716375
769099,0.9892506007296137
769100,0.9992769357895956
769101,0.0436767789146382
769102,0.9996342715484549
769103,0.7825510858376963
769104,0.1682107446009064
769105,0.9963600620940577
769106,0.7432348890901352
769107,0.6194162159979864
769108,0.9997585745200913
769109,0.9967362457533964
769110,0.9981611114240386
769111,0.7696053958020193
769112,0.9973146689188266
769113,0.8392021757976411
769114,0.922471113912197
769115,0.9997827849779388
769116,0.2036047570444497
769117,0.037072475713813585
769118,0.7456700485465786
769119,0.9812635142441967
769120,0.9998115971277017
769121,0.9998268579225438
769122,0.6311583384029381
769123,0.9978079441319054
769124,0.2813626756924243
769125,0.9967320157912267
769126,0.051444201699192525
769127,0.15071440618500653
769128,0.947604850066084
769129,0.8302894312517908
769130,0.9732263605564271
769131,0.9764902402232514
769132,0.9741511570556449
769133,0.6232307288782573
769134,0.9992282450461084
769135,0.9976602853809785
769136,0.39451717008201104
769137,0.9999373921947878
769138,0.41122523708740627
769139,0.9771430166333064
769140,0.7392497087754115
769141,0.998838274311556
769142,0.9996640060266435
769143,0.9991869231555883
769144,0.9995771404359186
769145,0.9995984906915361
769146,0.03294747227557405
769147,0.9969060546179491
769148,0.9986391009881188
769149,0.9000548227095804
769150,0.04839914514451155
769151,0.20118545213478137
769152,0.9599489736196661
769153,0.5616718920356142
769154,0.9999118408486187
769155,0.12814358729813144
769156,0.9731516953307382
769157,0.9997956672199786
769158,0.17127192114889966
769159,0.1056551581012228
769160,0.6523371617288423
769161,0.9855942017081323
769162,0.9998806414496821
769163,0.9999869678630868
769164,0.043960092811279744
769165,0.9652746508018912
769166,0.9832171500408049
769167,0.9298127783772046
769168,0.9963772772459125
769169,0.9831993247933892
769170,0.9783860207651645
769171,0.16205995578447635
769172,0.9985819997749033
769173,0.5836300008116199
769174,0.8100724685708363
769175,0.9956578861956538
769176,0.9898722113717974
769177,0.8796537678916453
769178,0.7075365337250477
769179,0.32324601459768865
769180,0.7206073773333642
769181,0.9991650976757755
769182,0.3984410112368173
769183,0.9998833699700327
769184,0.9821762349408407
769185,0.9993263634160515
769186,0.08796758934156317
769187,0.9261585364268426
769188,0.07649398019162779
769189,0.006140160071155131
769190,0.5671931103970044
769191,0.9680917969134507
769192,0.4802868635573945
769193,0.9995832892995602
769194,0.9298001164150932
769195,0.9985560736834165
769196,0.9880004726707032
769197,0.20334475444729458
769198,0.12053605879872152
769199,0.06951424964352027
769200,0.9899323525860033
769201,0.995744769470366
769202,0.04352148326550943
769203,0.0075186619840337515
769204,0.9998184571475639
769205,0.3601031773576273
769206,0.9956914195567763
769207,0.08624881290962258
769208,0.8917662259585215
769209,0.9894991731181242
769210,0.8841311820321045
769211,0.7219318879598995
769212,0.9998300319423565
769213,0.8420794039807589
769214,0.03825263419481189
769215,0.6756412753514047
769216,0.9612632584645797
769217,0.9979664210099801
769218,0.11309572076781883
769219,0.9999266518751179
769220,0.9921907250218098
769221,0.9999509666871762
769222,0.999616276166917
769223,0.08206761306165236
769224,0.998743011726388
769225,0.9999883511142804
769226,0.617113658391782
769227,0.30293145074738453
769228,0.09478836611593258
769229,0.9788363146696516
769230,0.6358041419496568
769231,0.9978272368596365
769232,0.04408148707771808
769233,0.9912526082103235
769234,0.5145849832239058
769235,0.9980985057903523
769236,0.9959047393356024
769237,0.9999783299029481
769238,0.998826708194595
769239,0.9997592848653288
769240,0.9960298817466687
769241,0.9948443952453662
769242,0.9999315020370317
769243,0.999879022877398
769244,0.9968764504945499
769245,0.9998181365255782
769246,0.20271539016611836
769247,0.8793745197542256
769248,0.56062507573226
769249,0.9855530691396721
769250,0.006886102562435478
769251,0.997700647666821
769252,0.6263606325885351
769253,0.7383227788570879
769254,0.015296358107940687
769255,0.5407561725797819
769256,0.9823189628009259
769257,0.9997628389357094
769258,0.955450037877464
769259,0.9996407630143109
769260,0.98322841799073
769261,0.9129208485500777
769262,0.13590121738310004
769263,0.20041516679535815
769264,0.9681129847397585
769265,0.027668498216302833
769266,0.9757515556066803
769267,0.9955514685419464
769268,0.9911850749979597
769269,0.5515891409905264
769270,0.4258873576433134
769271,0.36366952672856995
769272,0.999969572359846
769273,0.999984813783124
769274,0.9723798161378517
769275,0.9984593051702332
769276,0.7500716391617983
769277,0.05980983965235004
769278,0.06025394643957145
769279,0.9986645642017404
769280,0.9997531478602644
769281,0.35555830013608136
769282,0.9911233090852585
769283,0.999978684492737
769284,0.9365299751792951
769285,0.37694430868975726
769286,0.9981528307828194
769287,0.9995107435000465
769288,0.38062715247242174
769289,0.9998861525402425
769290,0.9999217040562924
769291,0.9998235382317582
769292,0.40672671924852866
769293,0.9888711854485688
769294,0.9968547668291985
769295,0.34478410370984314
769296,0.055245700954266855
769297,0.9754236351141453
769298,0.9718380646357523
769299,0.4772404578566115
769300,0.8690135481769867
769301,0.7540387779159796
769302,0.9360682366761296
769303,0.3414070802260135
769304,0.8611336211458093
769305,0.45109048629606985
769306,0.9998465559895271
769307,0.9897247448321991
769308,0.7480465015038071
769309,0.999961849169101
769310,0.9989157561057853
769311,0.9998832805379059
769312,0.996875412198446
769313,0.633879512220636
769314,0.9998938150244164
769315,0.07048806129084156
769316,0.280717817603681
769317,0.9999778019244976
769318,0.9999954368219075
769319,0.9338636904231359
769320,0.9997974690712275
769321,0.9997530769847045
769322,0.6539220309383401
769323,0.09808223591279269
769324,0.9999897610367343
769325,0.825306435667081
769326,0.06919171453930309
769327,0.9999097703238806
769328,0.9998728177846259
769329,0.9998289027443301
769330,0.9999631601105914
769331,0.044457071849323584
769332,0.999986797387294
769333,0.9265786021500857
769334,0.9999300535052436
769335,0.6499153725872744
769336,0.9624492320552598
769337,0.026988069708659093
769338,0.047454678372444714
769339,0.9951332102999433
769340,0.9999147179108445
769341,0.9994268885491665
769342,0.9149114445098998
769343,0.9793645988046591
769344,0.12101810655499821
769345,0.31389127859730753
769346,0.9997879318856548
769347,0.7996352819855087
769348,0.6082160177408361
769349,0.39677709245333365
769350,0.9872945230195351
769351,0.9988973388791709
769352,0.026063069027760927
769353,0.999287752378756
769354,0.9998487667961498
769355,0.008763242323045737
769356,0.9640356360034847
769357,0.9929549782321825
769358,0.9893540640083147
769359,0.9953739167389208
769360,0.35529636867050174
769361,0.999645339928488
769362,0.999955910866524
769363,0.01114225680525238
769364,0.9994651106391491
769365,0.9876643861914982
769366,0.45325552909486005
769367,0.9984094761816309
769368,0.015303527762856265
769369,0.6230126147110007
769370,0.9999102612127824
769371,0.9989109948220759
769372,0.9962190200410965
769373,0.9976023203802169
769374,0.020962715701762717
769375,0.6914288937943283
769376,0.9998181598158203
769377,0.24877266723763383
769378,0.9999899601893525
769379,0.9999152870777226
769380,0.9985333063403155
769381,0.9997355932578599
769382,0.9998772385020811
769383,0.3156046788207423
769384,0.04976957850217373
769385,0.9994737369780787
769386,0.9738985772643581
769387,0.9998697656338149
769388,0.13646027164897304
769389,0.9772403124060467
769390,0.7144325877268329
769391,0.999856394799163
769392,0.9921923277097263
769393,0.4345846143579412
769394,0.9996934556173898
769395,0.43549972052941915
769396,0.8766720889782451
769397,0.9949231001215917
769398,0.060821767835720936
769399,0.8810043210921572
769400,0.9924209547802657
769401,0.8303365770949684
769402,0.19042696030186196
769403,0.5450396518012782
769404,0.6240090393489467
769405,0.9550286388119912
769406,0.9999858727335743
769407,0.9958351968136061
769408,0.9539101484547607
769409,0.5326281209724211
769410,0.043515766859548784
769411,0.9880697283721059
769412,0.9979135259807399
769413,0.30473613269501876
769414,0.4640048496140653
769415,0.9548932642512874
769416,0.9168966879151201
769417,0.4954827897424802
769418,0.6778344879275071
769419,0.5952599835415464
769420,0.9608597741082341
769421,0.9966639428956261
769422,0.019611176996195526
769423,0.9984172716780015
769424,0.05776203969855066
769425,0.9933654119841919
769426,0.9995412946934629
769427,0.9996115229541697
769428,0.8614843852003878
769429,0.999984015189839
769430,0.8817393640175656
769431,0.9812602775437604
769432,0.9913480121343605
769433,0.9999955535174094
769434,0.9995969951777888
769435,0.9768577332642289
769436,0.9901481094985985
769437,0.9430334027154583
769438,0.46665306023796616
769439,0.7130024569284344
769440,0.010644294419515426
769441,0.9993610603478693
769442,0.7436816512705233
769443,0.9999414732929474
769444,0.11924422702134935
769445,0.003571873697380403
769446,0.9996632183277121
769447,0.9752863579283538
769448,0.43384545030497135
769449,0.5318940337691868
769450,0.16616859793313096
769451,0.07559387349972546
769452,0.9993394381462957
769453,0.0519153708196549
769454,0.7606175805565014
769455,0.9954944331632875
769456,0.8046285081865794
769457,0.8032856064807669
769458,0.8795610976825338
769459,0.9930145786674813
769460,0.9955989267675026
769461,0.9999888854402565
769462,0.9999526487058434
769463,0.9987694064621617
769464,0.5435137268019501
769465,0.9999222055378918
769466,0.9374866962657161
769467,0.8847335742136291
769468,0.9999506859388826
769469,0.8823532205838069
769470,0.06225116369620408
769471,0.9998665161291727
769472,0.3239356791845718
769473,0.004950139860312849
769474,0.9993394555941334
769475,0.9871172405144968
769476,0.11347138385089342
769477,0.9999726426613149
769478,0.09345912469005385
769479,0.12493192907455618
769480,0.3985836014097174
769481,0.12959140172160477
769482,0.10088000511126306
769483,0.9896197096152648
769484,0.868108898945595
769485,0.9763159660304257
769486,0.6639228941810664
769487,0.7833671217927833
769488,0.6562965104176237
769489,0.9999105503638064
769490,0.02439991475724141
769491,0.9987348069941613
769492,0.24061870112512723
769493,0.6480638561381327
769494,0.39637945726021706
769495,0.9999260639445584
769496,0.9688221453646899
769497,0.16112553812821578
769498,0.9975402623338222
769499,0.044411414763497484
769500,0.9760478724223174
769501,0.0853072077285862
769502,0.40520518525665294
769503,0.9999114437649557
769504,0.9796374317834783
769505,0.6484982176187348
769506,0.8544725689109502
769507,0.6920470338004112
769508,0.8068050768050585
769509,0.997217922098403
769510,0.9850578743441076
769511,0.7615690812406094
769512,0.9291726219470442
769513,0.9983811622681752
769514,0.80607966952398
769515,0.6588566666834189
769516,0.28165271903750516
769517,0.9920252126184632
769518,0.999920450757875
769519,0.999869825471557
769520,0.18378946030734009
769521,0.5467556756670001
769522,0.9860601494896604
769523,0.9713764922218691
769524,0.46217740857258627
769525,0.9507175994110882
769526,0.9662839228304365
769527,0.570242580232353
769528,0.8125760632467958
769529,0.8879227992767006
769530,0.9999808763804807
769531,0.9830417646610589
769532,0.998747539844129
769533,0.6567070932200424
769534,0.571953111111703
769535,0.023380772420428603
769536,0.8562695873422914
769537,0.010314421220160404
769538,0.9775012947666262
769539,0.9994099391141377
769540,0.9998019132881133
769541,0.9224373002540709
769542,0.8690698992502539
769543,0.04068133110367381
769544,0.18360138824921046
769545,0.9762961651821614
769546,0.7085124294692389
769547,0.7165588540943735
769548,0.8997424152781728
769549,0.22094067734447062
769550,0.9641793407506573
769551,0.9932894542622883
769552,0.9859851728361677
769553,0.9894192759584537
769554,0.27544917810066155
769555,0.0833245718947409
769556,0.7931315919114053
769557,0.9994726329663741
769558,0.9999668952788308
769559,0.9311609589521664
769560,0.04274145272311486
769561,0.9386840057346634
769562,0.9997314063281088
769563,0.999991410873836
769564,0.4834849455975672
769565,0.9993673813909868
769566,0.985303314773402
769567,0.9936478077574665
769568,0.9995893372657076
769569,0.010325083773367508
769570,0.9998870526341487
769571,0.021841668724320574
769572,0.9992466690532867
769573,0.999928134026679
769574,0.999891355221046
769575,0.9998329920803715
769576,0.9851755508155503
769577,0.018257275516183724
769578,0.9998429305310326
769579,0.2034087478521917
769580,0.22952614259544735
769581,0.9999157729289844
769582,0.9995445593299902
769583,0.2654301719265433
769584,0.9997416223848066
769585,0.5213767229489321
769586,0.9707006145411348
769587,0.8950023433101929
769588,0.009628854851683844
769589,0.9999450701253648
769590,0.9996931291769033
769591,0.9997524868999565
769592,0.062267916371116824
769593,0.9999533663547137
769594,0.8319573330787634
769595,0.9930276225214636
769596,0.17258678835536365
769597,0.003606291595951772
769598,0.999911118456233
769599,0.9999715598287808
769600,0.5510862849797107
769601,0.6584450863276636
769602,0.042236074269881185
769603,0.07413049089463909
769604,0.9917343188509742
769605,0.583539330369623
769606,0.9995390221176264
769607,0.999969886894659
769608,0.9741991479671589
769609,0.9246479678671065
769610,0.6941740205727023
769611,0.9617884654900528
769612,0.9863084852191781
769613,0.6737930535375996
769614,0.9999358718699922
769615,0.09226853033285602
769616,0.8107657638744792
769617,0.9939016526752377
769618,0.9602890447510175
769619,0.021454765370797834
769620,0.9996370775915216
769621,0.9839357852348212
769622,0.9204703070019464
769623,0.02270441355146762
769624,0.9995478219855946
769625,0.9998874482688159
769626,0.9970882175374819
769627,0.9921470205428649
769628,0.9927748782517174
769629,0.9390816653196545
769630,0.8128204624372437
769631,0.5252277982721111
769632,0.9888765077148551
769633,0.006047089420675677
769634,0.999406159096508
769635,0.0461002008332073
769636,0.9906796044243728
769637,0.8875052728334085
769638,0.9996930566569077
769639,0.9984271529638219
769640,0.998999514653176
769641,0.26759948158962793
769642,0.875441167385647
769643,0.021928194038427724
769644,0.8133614356722514
769645,0.13832698506003946
769646,0.9998741393941087
769647,0.5180488439404717
769648,0.7423602548234125
769649,0.9940628045413619
769650,0.07966150708682276
769651,0.9988870841820693
769652,0.9981802827766069
769653,0.7757658794308087
769654,0.9999229691265338
769655,0.9998868694040267
769656,0.9999721380660013
769657,0.07551556504091987
769658,0.9999800224014164
769659,0.9891439163539137
769660,0.9921359405833432
769661,0.40375589484585506
769662,0.9775110152679684
769663,0.883701889018079
769664,0.9571766465329989
769665,0.4171810986468877
769666,0.938703125368582
769667,0.9999559064356389
769668,0.6442306571436406
769669,0.9941554977937486
769670,0.16027673538005346
769671,0.8457909407431182
769672,0.742089661607102
769673,0.6465619956057449
769674,0.9999214831639305
769675,0.03633184545985287
769676,0.7221244333609893
769677,0.9992775693353064
769678,0.955954557901863
769679,0.999809606799302
769680,0.08105464536928839
769681,0.9843451593165429
769682,0.999701806147266
769683,0.9975014980063874
769684,0.9954546409441936
769685,0.9820247672208783
769686,0.888726229933215
769687,0.9996470615784838
769688,0.9999478773840449
769689,0.030476197348877843
769690,0.9991169418350345
769691,0.7122076996938427
769692,0.9995212569004186
769693,0.8870791237368976
769694,0.9976244049021337
769695,0.34039963034663767
769696,0.650302958546624
769697,0.9998395373804806
769698,0.9990683775694618
769699,0.8666822665347231
769700,0.9955259863739039
769701,0.9999114750312019
769702,0.7509947380011186
769703,0.2512915271674474
769704,0.84490185330491
769705,0.5764779477189332
769706,0.9997892903489971
769707,0.3991809503076228
769708,0.990104471228361
769709,0.14218182778512228
769710,0.9999886687743011
769711,0.771446897054282
769712,0.9508476446232951
769713,0.9996454994359925
769714,0.6044526567098696
769715,0.9998795524387398
769716,0.9798871691634314
769717,0.1484960975644601
769718,0.288776577872211
769719,0.4493140848150052
769720,0.22447732424636585
769721,0.5811211857992806
769722,0.1075246454590212
769723,0.9998931890997299
769724,0.7943722000244309
769725,0.9582183592549744
769726,0.9231991027350327
769727,0.9999890205403519
769728,0.24202606525474007
769729,0.9987305385952374
769730,0.9911904769106774
769731,0.22322604135487692
769732,0.9769172102898643
769733,0.9988312546588911
769734,0.013217448276145224
769735,0.9973903895138125
769736,0.3542226759475148
769737,0.9960111961725479
769738,0.9894404419612894
769739,0.9719774361350049
769740,0.9131511616091155
769741,0.9904275982174983
769742,0.9996677309037139
769743,0.9971328052124584
769744,0.7015744826381706
769745,0.6865416167265052
769746,0.8330894260825921
769747,0.909782332468407
769748,0.9765801868981465
769749,0.8809884449275998
769750,0.8827901763703148
769751,0.8560005214129043
769752,0.9958201511455089
769753,0.9585189065528323
769754,0.9996702849076137
769755,0.5256891142084813
769756,0.99955243500682
769757,0.5417719791990371
769758,0.9999176930121039
769759,0.8358468833121598
769760,0.022464071572283407
769761,0.9998220722927466
769762,0.9992503695671661
769763,0.999928070024775
769764,0.6133749479718988
769765,0.9992124916843312
769766,0.9993727952862508
769767,0.9997249199866567
769768,0.03603166472197445
769769,0.06310938776338625
769770,0.7723122441883754
769771,0.4906092452540366
769772,0.999988856234688
769773,0.021925696504993646
769774,0.9966686965028275
769775,0.49227955860639877
769776,0.8734352842547302
769777,0.9659896197389943
769778,0.4805546161461686
769779,0.9998875688511257
769780,0.6332571223700091
769781,0.9996275761592202
769782,0.7125365902358545
769783,0.9991019537142392
769784,0.9998115239846099
769785,0.9999578438547269
769786,0.9939757095496236
769787,0.9999842943339519
769788,0.9998980159793374
769789,0.9896529303410339
769790,0.5895511220624045
769791,0.9988366777641331
769792,0.11136387424043123
769793,0.816134695869323
769794,0.3926718337831692
769795,0.9999830328901433
769796,0.013199155662767494
769797,0.9995831220357706
769798,0.023294426966866753
769799,0.9962722944090989
769800,0.9983333899583546
769801,0.12219887628849065
769802,0.795876299106226
769803,0.9768583619615817
769804,0.9999901954115564
769805,0.11437748724892147
769806,0.9999797299219666
769807,0.9998845976429018
769808,0.6183454354640303
769809,0.008213580683371278
769810,0.9967153982191008
769811,0.4942645415864966
769812,0.049608723506039946
769813,0.9999616298824971
769814,0.20337087113457056
769815,0.9304484823383529
769816,0.4324941902210726
769817,0.11613991393572692
769818,0.6717828622164046
769819,0.7280829269502974
769820,0.9999462462067202
769821,0.13507486165891788
769822,0.1948396060304925
769823,0.8398689931220542
769824,0.13045627708666782
769825,0.4565703542150631
769826,0.8680419092251529
769827,0.80021371256311
769828,0.02823120086741234
769829,0.9271250314429731
769830,0.9989128235285811
769831,0.07098173234808688
769832,0.9345300491073997
769833,0.464641695936763
769834,0.7914133595771928
769835,0.07687766193162969
769836,0.5321006540868208
769837,0.8146554213159902
769838,0.25021320554902415
769839,0.14235466587980725
769840,0.9997966851511879
769841,0.9750230859021136
769842,0.007596059230218049
769843,0.1371873689493704
769844,0.9961685398444367
769845,0.9933167504812409
769846,0.9998919171508234
769847,0.1367116663096154
769848,0.4756141038566415
769849,0.16026672601980704
769850,0.9861777569445535
769851,0.5390733635378476
769852,0.7514479596113477
769853,0.9993677557683036
769854,0.06554592703399241
769855,0.7103836215846377
769856,0.9914573006927632
769857,0.3552969643846701
769858,0.41376905513873724
769859,0.8145243065829139
769860,0.9990822093556208
769861,0.989598769356045
769862,0.8674339206736206
769863,0.9523013962675055
769864,0.9990265689680433
769865,0.9235855503782465
769866,0.9955736072287233
769867,0.6592599055785321
769868,0.9947948856161221
769869,0.999856454370448
769870,0.7003261239659436
769871,0.9997782357499816
769872,0.9288950444319016
769873,0.9999712440898088
769874,0.6858030077730726
769875,0.35318376433489374
769876,0.9989936934968802
769877,0.9869062401857128
769878,0.9999762750776514
769879,0.9998426975587681
769880,0.9998903788775755
769881,0.9998815919018496
769882,0.9685714003203072
769883,0.9996785137251254
769884,0.9998569446605536
769885,0.7773749785561658
769886,0.17516636892824938
769887,0.9993395497179531
769888,0.2894506051492412
769889,0.015748640824613653
769890,0.6519768929888029
769891,0.9184374408442887
769892,0.9922047809240002
769893,0.7371890168379569
769894,0.9990013591972815
769895,0.9908325948362877
769896,0.9986172250749334
769897,0.9995731554358223
769898,0.412068607732788
769899,0.9885827990361378
769900,0.6873725504478772
769901,0.9661120222704838
769902,0.9999892098300108
769903,0.7986518007436494
769904,0.9980805103658353
769905,0.38625636602563546
769906,0.999689662839107
769907,0.9998540129433147
769908,0.9999195737803657
769909,0.5956547601915945
769910,0.9990206279590381
769911,0.7818478288723933
769912,0.3178271977173872
769913,0.9964580382505546
769914,0.13977360728588661
769915,0.998441184608912
769916,0.10281633594984615
769917,0.9555464525851456
769918,0.999879508240079
769919,0.2624702964874047
769920,0.7941184031128169
769921,0.9999667514132038
769922,0.0020449744143192453
769923,0.47279845079461835
769924,0.9562497182681886
769925,0.932558642009416
769926,0.11021101683224212
769927,0.7630128403997309
769928,0.69160884889982
769929,0.9992587753774831
769930,0.5877808699613832
769931,0.973774027878728
769932,0.8497814726516486
769933,0.9995152003991101
769934,0.14931510767998024
769935,0.9121684663020597
769936,0.3794255592707394
769937,0.9996977845652177
769938,0.9972616955099762
769939,0.9680462144157443
769940,0.46497369021667445
769941,0.99980691866511
769942,0.9989320808636231
769943,0.9941769148923856
769944,0.8334681586377128
769945,0.006473025071433205
769946,0.8945935331297752
769947,0.9994690862934402
769948,0.9943365498545856
769949,0.6600240404442224
769950,0.9992707249256618
769951,0.9999624491455217
769952,0.8512882095063814
769953,0.2363991301105584
769954,0.9918358502077613
769955,0.3603779911224288
769956,0.9990576447210754
769957,0.9810470906506729
769958,0.7437316429716723
769959,0.6954409024803052
769960,0.9972391380684498
769961,0.7877809169450655
769962,0.9998941118449001
769963,0.7695840551387558
769964,0.999492594806431
769965,0.9999024652464794
769966,0.9941629309884883
769967,0.5262472881182668
769968,0.0027874772208772063
769969,0.9999593696278023
769970,0.5169048783374199
769971,0.9848039313490404
769972,0.9998622886685007
769973,0.9530183590125506
769974,0.007310685129776333
769975,0.23202800946175603
769976,0.0019097237233919905
769977,0.9979792158495346
769978,0.6236949899000195
769979,0.6122173076580977
769980,0.9982633226977294
769981,0.9999902753417569
769982,0.9990837588895809
769983,0.9999292721396414
769984,0.016542225735611163
769985,0.026630893909717353
769986,0.7744649978217467
769987,0.9974362386181967
769988,0.038603268153256286
769989,0.9802896597715336
769990,0.9999578038048003
769991,0.6782674841610091
769992,0.9797329748490817
769993,0.9960991845714591
769994,0.9470534481695111
769995,0.9968811242715517
769996,0.773355318559582
769997,0.3425936988472562
769998,0.17606724901845527
769999,0.2511067168290782
770000,0.9999513901504187
770001,0.05287850152100423
770002,0.7935063896967989
770003,0.008761175737344865
770004,0.9998755890712607
770005,0.12120345411762555
770006,0.04690197825463835
770007,0.5027631325926709
770008,0.9205667832484363
770009,0.9999710777388833
770010,0.025331782194881913
770011,0.8408484051594487
770012,0.017337084794426673
770013,0.9969885774244612
770014,0.9972966376434278
770015,0.9048844660708889
770016,0.9973770758016072
770017,0.9994927859519187
770018,0.4609546022931924
770019,0.9998268756035732
770020,0.720097515111545
770021,0.9998835621080203
770022,0.8833471633846157
770023,0.9995016873609233
770024,0.9997863359029436
770025,0.9994520585572938
770026,0.5678894156089773
770027,0.21346623497061268
770028,0.8045829521145709
770029,0.8314235262391911
770030,0.8033698287270452
770031,0.6416145909261269
770032,0.999651167337021
770033,0.9996348142013822
770034,0.6808387580670767
770035,0.9985197221464498
770036,0.9999032085656148
770037,0.7666576977514492
770038,0.9996368286638526
770039,0.9971620596503491
770040,0.6898094856154171
770041,0.08007016624729843
770042,0.8334446380125506
770043,0.9858537998170408
770044,0.1744152551048991
770045,0.9956272212808052
770046,0.843002800199774
770047,0.9275599567081625
770048,0.9997271178807263
770049,0.022350061658713644
770050,0.8072379393355473
770051,0.9988008097136497
770052,0.999343574280811
770053,0.034783068921553466
770054,0.9997668523991818
770055,0.9006455823515271
770056,0.12054085123094017
770057,0.04797644270879323
770058,0.9997962071812128
770059,0.9995252823821685
770060,0.9813631738786942
770061,0.9263701408748749
770062,0.44074973678250345
770063,0.030048673504553945
770064,0.11526878352163142
770065,0.9509546408433128
770066,0.977206180205442
770067,0.9990856137660378
770068,0.28333791501497924
770069,0.9996483472788611
770070,0.8422587996143129
770071,0.9764226069584561
770072,0.15341784096759775
770073,0.5178930886189389
770074,0.4825098548671599
770075,0.999951668837203
770076,0.98845247199452
770077,0.02698744294106773
770078,0.999981266954558
770079,0.8734611472151708
770080,0.04053008271329783
770081,0.9085467774547259
770082,0.9999724426343384
770083,0.6853280417245988
770084,0.07863432664553896
770085,0.9998007289081619
770086,0.8401648860237054
770087,0.9526046168497961
770088,0.6921796018896417
770089,0.9996227845473349
770090,0.999854317420009
770091,0.9939639998291335
770092,0.47206206771592063
770093,0.3406508669024903
770094,0.25317987683772325
770095,0.9959553618490495
770096,0.6515511719411835
770097,0.9998077955732565
770098,0.9996992291059322
770099,0.9997873607686518
770100,0.7912459515006374
770101,0.8831948873052144
770102,0.030651346710154743
770103,0.86404568647609
770104,0.9727671955805344
770105,0.1622189738179196
770106,0.9934089155799021
770107,0.9753302837491564
770108,0.9434768280382153
770109,0.9941592831323669
770110,0.9263367514656944
770111,0.9999441235652493
770112,0.6724001097605815
770113,0.99979344995643
770114,0.9646220025278125
770115,0.016155521313864777
770116,0.6592977602175926
770117,0.9997483805679301
770118,0.9910226386154097
770119,0.7883943613255515
770120,0.02491673725025154
770121,0.999672772259133
770122,0.8834521964390458
770123,0.9995828660048037
770124,0.9983177629326299
770125,0.9904714358353682
770126,0.5714167430446562
770127,0.9997537737681915
770128,0.9978001536863622
770129,0.005264031867873944
770130,0.7534751956104979
770131,0.959470757112591
770132,0.9997009453378396
770133,0.9996000507763814
770134,0.9971215162684298
770135,0.984343423121366
770136,0.9996818633829134
770137,0.7392918263862966
770138,0.23157112842641625
770139,0.9999902562961004
770140,0.9061691617146059
770141,0.9999614512046221
770142,0.5904390963918027
770143,0.10901778926638445
770144,0.9997100088892883
770145,0.9956719138866086
770146,0.03160272516864836
770147,0.9997252923676346
770148,0.5442778745031075
770149,0.9735164860855985
770150,0.9994200934702289
770151,0.0076244968673799
770152,0.9997044534335202
770153,0.6786672065768455
770154,0.9974020190861559
770155,0.4154523477320334
770156,0.9811735317842589
770157,0.48953961820574243
770158,0.9538621803504769
770159,0.9998275348343009
770160,0.005116383716594225
770161,0.9992648095141814
770162,0.9999648603924411
770163,0.8722994027360921
770164,0.999559582477105
770165,0.4196302624452657
770166,0.03269811871484911
770167,0.9891912652832031
770168,0.8992745820178216
770169,0.9999685612595541
770170,0.973532795872149
770171,0.04078788089259119
770172,0.32891991250370795
770173,0.8669931550450667
770174,0.11750113916391569
770175,0.990492744228566
770176,0.7282277286365035
770177,0.07111998831567595
770178,0.9031420240509322
770179,0.06089010615216747
770180,0.9728905798074053
770181,0.12077842301307937
770182,0.6626884869579323
770183,0.2963946956078197
770184,0.9962372029180632
770185,0.9348093860059912
770186,0.11399114102892322
770187,0.9928037900514267
770188,0.1633959940474193
770189,0.9710499253233853
770190,0.6135090390570985
770191,0.9993165765355594
770192,0.9281946834209283
770193,0.9999661684327207
770194,0.8736513411087732
770195,0.9992801205256965
770196,0.9986194329496083
770197,0.9970286918146061
770198,0.9997633626815066
770199,0.11603986151686041
770200,0.9913171713390199
770201,0.9908909770821048
770202,0.05910228424025939
770203,0.9991241322445306
770204,0.9495708616676504
770205,0.9915940394923128
770206,0.031703795133327495
770207,0.9884213682550765
770208,0.6392285193416579
770209,0.996892139203667
770210,0.9873818561380665
770211,0.43116229695157793
770212,0.9999221394561447
770213,0.8190276890830883
770214,0.8331283380985186
770215,0.05034292990923579
770216,0.9896752233638546
770217,0.9997712580245203
770218,0.16074794881360976
770219,0.694865701670558
770220,0.9943790843607699
770221,0.027940335403791036
770222,0.23845504591992103
770223,0.9166941129255539
770224,0.9094764806595648
770225,0.29818165890270065
770226,0.6994431296811114
770227,0.965150773615473
770228,0.9824292181417198
770229,0.999672752656176
770230,0.21815548076792157
770231,0.004845316242984193
770232,0.7439661276048197
770233,0.7205595480995586
770234,0.31561951704557994
770235,0.9999770870066176
770236,0.17314611887143766
770237,0.997665124743407
770238,0.9995812101303916
770239,0.9980814775591825
770240,0.963940106608693
770241,0.9986330195950844
770242,0.9153879129984415
770243,0.1457067090783971
770244,0.998796742778432
770245,0.9915064224759631
770246,0.011184258683299975
770247,0.9974658174699214
770248,0.9990222317068175
770249,0.5610094501381697
770250,0.9964099847500316
770251,0.999923841748743
770252,0.999210410123933
770253,0.9419372583521485
770254,0.9997411603666594
770255,0.9974818358518867
770256,0.9978282029807877
770257,0.993024929043407
770258,0.5334204432740457
770259,0.05698248592855541
770260,0.998877013334432
770261,0.8923646418746669
770262,0.8788180616524581
770263,0.036319096600655465
770264,0.2397268950792079
770265,0.00936016982302723
770266,0.997918060358348
770267,0.36471266858062373
770268,0.07092210315191097
770269,0.40083833386166473
770270,0.9692553869083058
770271,0.025802100159515357
770272,0.808733789643833
770273,0.999802756727914
770274,0.702742314069137
770275,0.999946903545688
770276,0.06444458313806134
770277,0.9995844917228693
770278,0.9999263555338249
770279,0.9978513590336007
770280,0.9419370568417739
770281,0.9997977949752304
770282,0.999649678540342
770283,0.9998134252480544
770284,0.03236170795085663
770285,0.01987048341097864
770286,0.9996665383427655
770287,0.9998955624707304
770288,0.9999215088883241
770289,0.9996658615536119
770290,0.9695079736486347
770291,0.9981271744513924
770292,0.03724676222643915
770293,0.7766777961429001
770294,0.986394405128976
770295,0.0035601837924336393
770296,0.03809417161821385
770297,0.9988246201113772
770298,0.7456922765288785
770299,0.9638682538450198
770300,0.9995575539410917
770301,0.9516127287893322
770302,0.9960932360332114
770303,0.9968644421444841
770304,0.04019964510260478
770305,0.3015789538138739
770306,0.9901980517513407
770307,0.9296406813712847
770308,0.9999736491377256
770309,0.9980777795854121
770310,0.9997701488621188
770311,0.9994405467918009
770312,0.8879855635094698
770313,0.9999774111265964
770314,0.9999820763576965
770315,0.6582209396206311
770316,0.9990704956417444
770317,0.9996272305009855
770318,0.891740346863495
770319,0.6099643060290869
770320,0.9876434525704063
770321,0.9996544139579853
770322,0.997647659576498
770323,0.9964087189723742
770324,0.317688624414527
770325,0.006841625013025419
770326,0.9998576776947872
770327,0.9634973180771373
770328,0.8853976734741904
770329,0.9945888744528222
770330,0.3854458988055459
770331,0.9998469863027908
770332,0.400627261089919
770333,0.5843049587382313
770334,0.9720488899337105
770335,0.10401626432032521
770336,0.9999585941490728
770337,0.6448360335775444
770338,0.9973750088640012
770339,0.29719439489315813
770340,0.5383526807372798
770341,0.9322627696093465
770342,0.9956631318591391
770343,0.9980690329513775
770344,0.9999602720997632
770345,0.6893264785555433
770346,0.13595158083167558
770347,0.9996406186030473
770348,0.9999121706836134
770349,0.08165842608211732
770350,0.9940002756476481
770351,0.5041091707876334
770352,0.9956385597677327
770353,0.10935434058527393
770354,0.879816617749122
770355,0.011941796114471633
770356,0.8870126916265847
770357,0.9998099449480369
770358,0.42861539976867014
770359,0.8997275209028706
770360,0.010484230339838682
770361,0.9990533309150067
770362,0.999951941092994
770363,0.7507020474534827
770364,0.38969659178423965
770365,0.7521842348415697
770366,0.15359507957554452
770367,0.9980378055933823
770368,0.99507993710925
770369,0.007397874855653689
770370,0.9990761265944967
770371,0.9996769947202205
770372,0.9980609702488287
770373,0.9999363191876911
770374,0.9995738198621021
770375,0.9798868722727506
770376,0.8009396733096413
770377,0.9856490873403295
770378,0.11590096399417812
770379,0.9999855533973102
770380,0.8770381642542733
770381,0.5838622251347604
770382,0.9999885304795855
770383,0.5440153637685184
770384,0.46766089655812537
770385,0.9997975142249571
770386,0.25783184590417974
770387,0.4947154305245894
770388,0.9997948664488039
770389,0.25337620382188747
770390,0.9970941124309207
770391,0.3226537635526771
770392,0.9996191410765354
770393,0.9998829144047607
770394,0.9832182187566283
770395,0.8697177043808594
770396,0.37257087311996606
770397,0.9997987636830854
770398,0.9999526963423464
770399,0.9661913798595674
770400,0.05227658466564755
770401,0.923279971110865
770402,0.6383630603092307
770403,0.9999636348170897
770404,0.1263876583992978
770405,0.499856062620893
770406,0.897184192799264
770407,0.6245003282114343
770408,0.5516541735136773
770409,0.7407653256909428
770410,0.9997343274853827
770411,0.7032574059958647
770412,0.03212401548814746
770413,0.7694182717916851
770414,0.9677466825614524
770415,0.9865532141096631
770416,0.9639060807464659
770417,0.9339517086877296
770418,0.23772800655258064
770419,0.9949127731491525
770420,0.9851569244933744
770421,0.9997889666114917
770422,0.8148160040318069
770423,0.007382980724937767
770424,0.1560995382136049
770425,0.9321192195140913
770426,0.9998991690810235
770427,0.9999814492233501
770428,0.7461739919256727
770429,0.9993658276130887
770430,0.9807524291583221
770431,0.9997743990368402
770432,0.9995146011687541
770433,0.9994375978395289
770434,0.9119611575561861
770435,0.9169165897356519
770436,0.0989591924727573
770437,0.7528230527389645
770438,0.07007960427589964
770439,0.9969711160266319
770440,0.9112895493714024
770441,0.9895688545062613
770442,0.8075138030101758
770443,0.7479692996320633
770444,0.9872776203509013
770445,0.025981837713131947
770446,0.06230725143322789
770447,0.999553631142733
770448,0.5468229839354057
770449,0.8958046399385431
770450,0.3341541727153106
770451,0.002754168299280698
770452,0.9997474832535868
770453,0.9464255566975323
770454,0.07221124048681485
770455,0.06231473248545687
770456,0.8378501021006033
770457,0.8277393418504504
770458,0.9996932637374729
770459,0.4468404542189651
770460,0.7421298006170569
770461,0.9997317669062922
770462,0.9999263851944182
770463,0.8901180051674364
770464,0.9279686378914704
770465,0.11296774558486117
770466,0.9954451978984381
770467,0.9658311151716654
770468,0.3019191212060314
770469,0.9790893783489325
770470,0.5640402896878719
770471,0.9944084691196358
770472,0.5705027382505359
770473,0.30083297592289543
770474,0.5060510906421773
770475,0.5379332581660053
770476,0.11307718455445452
770477,0.3779007244762872
770478,0.01136209187074866
770479,0.99809710772423
770480,0.018874755898419558
770481,0.8393136640481667
770482,0.9869903626446511
770483,0.9849717169980476
770484,0.9809553730060715
770485,0.9990695198210334
770486,0.22554186811016133
770487,0.9994203411768063
770488,0.999104131140803
770489,0.9780205289387105
770490,0.8623139224384133
770491,0.5581133037576377
770492,0.9959557493268625
770493,0.9993292246686004
770494,0.9875863859171382
770495,0.03156978331535841
770496,0.9996125458929662
770497,0.04697932446760224
770498,0.8858301879078312
770499,0.9953009436645217
770500,0.2585404037128787
770501,0.053592902193421846
770502,0.4639176547232582
770503,0.7986949306997686
770504,0.9969646402574937
770505,0.9997195792973669
770506,0.09673099610270994
770507,0.6909862840616579
770508,0.992448676772614
770509,0.9979796283821039
770510,0.7659651173753566
770511,0.8624599756068905
770512,0.9853431998603903
770513,0.9856434488301423
770514,0.10552761909786883
770515,0.9654604952536762
770516,0.2717546414993833
770517,0.15358117381670924
770518,0.8001957411606105
770519,0.9999933223165482
770520,0.8080821236153168
770521,0.9314704339292864
770522,0.9848009907102062
770523,0.44682553960050886
770524,0.5512305307815666
770525,0.8097345026180336
770526,0.741147196621653
770527,0.26948737040976667
770528,0.9644750364263652
770529,0.9589829434424624
770530,0.08497611039843186
770531,0.008964590851265589
770532,0.8166349779139673
770533,0.32501294599005015
770534,0.9574159855954928
770535,0.8342784985166197
770536,0.1306304478427911
770537,0.5578098581454161
770538,0.23466556830367935
770539,0.16841047939877965
770540,0.15279144704092393
770541,0.8633249029932972
770542,0.9997490227661848
770543,0.9999706894993082
770544,0.9999750433719787
770545,0.8696169428201472
770546,0.9835712265419292
770547,0.9576074928545883
770548,0.35570889024455576
770549,0.9967761369536676
770550,0.9699309956610547
770551,0.999694619610644
770552,0.960027001738589
770553,0.7441332603495123
770554,0.9998509582494259
770555,0.9961791626697709
770556,0.49008344365133893
770557,0.9703488531840501
770558,0.9962117572726653
770559,0.970696551971203
770560,0.9998063301587572
770561,0.9833029469375811
770562,0.05663956503624384
770563,0.8194228965774377
770564,0.081877792686722
770565,0.9993158716889137
770566,0.8629039381937886
770567,0.9996448491558164
770568,0.8808045700781197
770569,0.9855013756691249
770570,0.9201978008657787
770571,0.9960849592733974
770572,0.9997837965827735
770573,0.9960510468172434
770574,0.992382042106275
770575,0.026765375005745114
770576,0.9998539015282206
770577,0.6721553279766919
770578,0.9976565123370982
770579,0.49397984319600496
770580,0.5346182652235151
770581,0.04016738495499814
770582,0.6901339513566597
770583,0.10884080351064407
770584,0.9388192852035261
770585,0.9574618855029189
770586,0.33289994403843837
770587,0.9372567351050846
770588,0.009693495472929406
770589,0.9933549851795667
770590,0.13035646907372742
770591,0.6265569136081741
770592,0.16180110391627828
770593,0.22509578968730132
770594,0.12176878454824068
770595,0.9541592720372407
770596,0.05352444993608431
770597,0.9118261504327483
770598,0.9998995949894776
770599,0.741762513506882
770600,0.9734779691715605
770601,0.06600570665243641
770602,0.9989314651720007
770603,0.9986552386066134
770604,0.018009782462178853
770605,0.9699044912996679
770606,0.7809162540660058
770607,0.6566168319272228
770608,0.2248787809994357
770609,0.9607724368726891
770610,0.9971963690291115
770611,0.05956452390364932
770612,0.8562345013215179
770613,0.11926883865305243
770614,0.99989201078442
770615,0.999983988894001
770616,0.9993008442391627
770617,0.5928107750088278
770618,0.041604213595019576
770619,0.9993292023742587
770620,0.06055708517116691
770621,0.41640926572286174
770622,0.781639891411337
770623,0.8591869516734912
770624,0.9762759115249426
770625,0.9639239336978802
770626,0.38278087191396815
770627,0.36984420108635757
770628,0.9944065186897765
770629,0.1880204261180824
770630,0.05951669401106423
770631,0.5263051014721621
770632,0.9999861323282397
770633,0.947709794150731
770634,0.9851999581341154
770635,0.6103108627852066
770636,0.99976697783956
770637,0.9997601088993935
770638,0.7477756661347472
770639,0.9996359542207851
770640,0.22537503737649978
770641,0.5001084152849393
770642,0.8538795958909255
770643,0.04532374692391721
770644,0.9778020409043513
770645,0.5969080560338704
770646,0.9994995528463718
770647,0.999975435298109
770648,0.9996635650486965
770649,0.9995671777435629
770650,0.9953746741105574
770651,0.998601720390272
770652,0.9652981049473344
770653,0.9994031484239299
770654,0.7909750878670232
770655,0.9684197548427006
770656,0.9956458020601926
770657,0.9999566669571418
770658,0.9830081910464051
770659,0.3549809156384438
770660,0.9258247639098653
770661,0.3335824982524096
770662,0.6014437897123348
770663,0.04179653405057113
770664,0.7685324900070382
770665,0.9996993621815919
770666,0.17262036781580448
770667,0.995559514898553
770668,0.9999335213331619
770669,0.9996174516431877
770670,0.7527013249965298
770671,0.9957318298621629
770672,0.823822772510668
770673,0.6684441641008537
770674,0.999317206915926
770675,0.8228121372694636
770676,0.9752930364638455
770677,0.8303626385092167
770678,0.926990292911413
770679,0.7707528147207328
770680,0.9131892936537112
770681,0.9965532628926763
770682,0.9997432229354808
770683,0.999948319302588
770684,0.9999681271677504
770685,0.9980996069999404
770686,0.1583965837390458
770687,0.9853025903877823
770688,0.9853464697253076
770689,0.9984747274710587
770690,0.09046378269041128
770691,0.11125308284814124
770692,0.7214795792719615
770693,0.7552851277891248
770694,0.7994111941270414
770695,0.7732463893973174
770696,0.9559616582590149
770697,0.8262703965142859
770698,0.9999885654105406
770699,0.009398236174340175
770700,0.9994749254013996
770701,0.9971609612381022
770702,0.8621440459404902
770703,0.13311761214098117
770704,0.09919488044469048
770705,0.9220085278280264
770706,0.07205416177706249
770707,0.9995550581330694
770708,0.040727200932097404
770709,0.7082654073186159
770710,0.9667086122310642
770711,0.009393432799931675
770712,0.9929988451947448
770713,0.5784457355612953
770714,0.3871846141148729
770715,0.43126663219312716
770716,0.5019363275882585
770717,0.9995930019285382
770718,0.9996587928925402
770719,0.9303712270009603
770720,0.842472077249041
770721,0.9882708826831795
770722,0.21483202084602038
770723,0.9997798325700886
770724,0.9998986503993351
770725,0.9456353929415138
770726,0.7723368905369066
770727,0.9978121755278577
770728,0.0932345553855882
770729,0.005803063163192665
770730,0.9648064551442554
770731,0.9902800111715742
770732,0.9984286539094158
770733,0.999326987451691
770734,0.9089569066469775
770735,0.7112291046207477
770736,0.9986812006172134
770737,0.9812619644380847
770738,0.3964810065339126
770739,0.9978603025758834
770740,0.9992778514495502
770741,0.01926234208390682
770742,0.9999903587117184
770743,0.96738091173511
770744,0.722078574603743
770745,0.8979406127918277
770746,0.9999725654835783
770747,0.9992960479392206
770748,0.9998612561034805
770749,0.993589525239791
770750,0.9990643557628148
770751,0.007296994137364208
770752,0.9628187103389876
770753,0.6461837939168348
770754,0.6587225401456781
770755,0.998695712295361
770756,0.9870730971787876
770757,0.03633490069963681
770758,0.9997210869609023
770759,0.9999579354310351
770760,0.9995573226678471
770761,0.026592363985989315
770762,0.992825314037005
770763,0.9988315901868383
770764,0.7713025624475329
770765,0.9925922109585684
770766,0.22188456461031192
770767,0.9999710952604303
770768,0.9680626518323772
770769,0.7885516427446616
770770,0.9997105597659025
770771,0.9931308445361414
770772,0.12012346138923777
770773,0.9811653827143881
770774,0.26351162377016574
770775,0.020119888275309944
770776,0.9502559497241262
770777,0.027840462246616567
770778,0.9856068347159233
770779,0.9898355675092241
770780,0.9887339250159746
770781,0.8154146150888628
770782,0.9991441619717913
770783,0.708390007742729
770784,0.03686539019874123
770785,0.9778534599853167
770786,0.43515603213432874
770787,0.9990293827805723
770788,0.9959318111689264
770789,0.05143882228737406
770790,0.9908345921854458
770791,0.17020116666714608
770792,0.5385449586609055
770793,0.8263829166813426
770794,0.7324903222963988
770795,0.7964973260549515
770796,0.010287722693455768
770797,0.9956319247943777
770798,0.5101113255116195
770799,0.38117261732575947
770800,0.9435567895553297
770801,0.9948126899159284
770802,0.9966762011108257
770803,0.9185264365029477
770804,0.9997961567630159
770805,0.026407032424084643
770806,0.9974609896820074
770807,0.3661622658218911
770808,0.06329151940644184
770809,0.9970303498775941
770810,0.008831592720397104
770811,0.42774304278058284
770812,0.9581895925752717
770813,0.9999947532160369
770814,0.9998461927490956
770815,0.9299534475701599
770816,0.6800474103799298
770817,0.9989006743121832
770818,0.9986682763186727
770819,0.999859220038765
770820,0.9970862937541294
770821,0.9073867319056187
770822,0.9952570256977064
770823,0.3864003476930925
770824,0.5638280546175954
770825,0.8031845899016978
770826,0.9935961010095234
770827,0.42442207234814067
770828,0.5273042558825419
770829,0.2474461565246972
770830,0.9999357358447928
770831,0.9997519499914348
770832,0.5270663644925151
770833,0.9983970795582984
770834,0.7724329796893241
770835,0.9090110565586416
770836,0.9912793573035164
770837,0.9956508225831024
770838,0.9981474116964467
770839,0.8192643672170487
770840,0.9988973796834661
770841,0.017498494466181517
770842,0.6439498341812229
770843,0.82638567034912
770844,0.9257866832599165
770845,0.925159431898283
770846,0.9993234568259932
770847,0.9996046228628704
770848,0.35518004375002776
770849,0.7999763701947138
770850,0.9999678483029093
770851,0.9999473902385709
770852,0.6734422082489067
770853,0.9962857906092785
770854,0.003975780828035566
770855,0.45999008693303406
770856,0.05121958240517537
770857,0.8087083990850029
770858,0.7490296612125098
770859,0.1083971291252222
770860,0.9902716844145927
770861,0.518493715940852
770862,0.3398746434410454
770863,0.9995034445355906
770864,0.3679655063998091
770865,0.9977432138789828
770866,0.0036594716168036933
770867,0.9003593294163325
770868,0.9999890304034879
770869,0.48607389534811946
770870,0.9998004835552735
770871,0.9777360742228384
770872,0.99288786990342
770873,0.9533825211199798
770874,0.9994784506111325
770875,0.9985593955084138
770876,0.574109088999715
770877,0.045470670894410065
770878,0.15687383628476329
770879,0.9216711708295324
770880,0.9987676011097142
770881,0.25651392001870804
770882,0.9972019192788366
770883,0.6485170910881668
770884,0.026003146935647842
770885,0.34635188054264876
770886,0.9123434074864722
770887,0.30416715709273223
770888,0.9999884761702785
770889,0.9995597506767285
770890,0.4405406854538594
770891,0.9999786945520074
770892,0.8777292622307905
770893,0.9999072413984865
770894,0.012267462921061406
770895,0.9945427831216151
770896,0.024025735038282897
770897,0.9998170469991647
770898,0.9976518595040753
770899,0.9501642715853711
770900,0.4223163233642051
770901,0.99081383969557
770902,0.9897992215235087
770903,0.45221394228707956
770904,0.9797996498162074
770905,0.9757361744175288
770906,0.2689192855081543
770907,0.9990175302018072
770908,0.997158179391194
770909,0.5050852611262654
770910,0.9999604902651785
770911,0.10779241274964711
770912,0.8704272673827828
770913,0.9909211182204714
770914,0.01367372854424477
770915,0.015751309071454455
770916,0.03430259835345717
770917,0.06954064097082202
770918,0.5092519392697453
770919,0.19622885182544358
770920,0.08680892038041836
770921,0.014751619252550516
770922,0.018177940625397328
770923,0.9999957850858382
770924,0.8419823355738182
770925,0.05918060193489993
770926,0.9988840290859415
770927,0.002680956941167452
770928,0.9964508294772279
770929,0.04937413799885158
770930,0.9996490699278058
770931,0.9997032366290336
770932,0.9998580700342747
770933,0.3671507502548055
770934,0.7111428653243492
770935,0.1325601084017447
770936,0.999679625099742
770937,0.9992911994488242
770938,0.8622438392063826
770939,0.9998581871113703
770940,0.9963147517911146
770941,0.887950760725609
770942,0.9998277486140035
770943,0.999733588460991
770944,0.998057536963692
770945,0.1216098603325721
770946,0.9996664460618954
770947,0.9999043778021257
770948,0.05494396657353123
770949,0.5752608660734554
770950,0.47712580806959104
770951,0.9999506029889255
770952,0.9995907811043944
770953,0.6347373462988053
770954,0.7099865295951124
770955,0.9995568316015859
770956,0.00734823686782066
770957,0.8496526613913247
770958,0.8347336483020986
770959,0.99966750402561
770960,0.9999301784620522
770961,0.9998255483699925
770962,0.9898257395517933
770963,0.04334517781035333
770964,0.9964639055324358
770965,0.9998826674201847
770966,0.9991515443867274
770967,0.373964835019867
770968,0.5065731950072496
770969,0.43726917643053403
770970,0.9977339923720782
770971,0.9856731798366962
770972,0.999971758977257
770973,0.9791189950836235
770974,0.7220311224021845
770975,0.9998709682569411
770976,0.9975537439916384
770977,0.13885103307437296
770978,0.539017912696054
770979,0.9996565098657768
770980,0.9870169928843471
770981,0.2802247817812254
770982,0.3481962354125039
770983,0.9375603316215034
770984,0.9927294795901678
770985,0.945883590264793
770986,0.9914368060589986
770987,0.08253775509276082
770988,0.988026355319901
770989,0.9928947992515615
770990,0.014249754841299207
770991,0.07897040862282112
770992,0.21165015045517596
770993,0.9890566344727021
770994,0.9719245153644985
770995,0.43634110200323184
770996,0.9971476281071878
770997,0.07166513884183076
770998,0.8210041209695361
770999,0.8596273941897513
771000,0.005687861131104059
771001,0.9994655962241193
771002,0.9900989402285106
771003,0.549148297888431
771004,0.18382264016349498
771005,0.9997792813105065
771006,0.9999240478404099
771007,0.9418462575159445
771008,0.0983350848532939
771009,0.8039292491901004
771010,0.9979840247606842
771011,0.9991444018933715
771012,0.006012783430956693
771013,0.517679977023064
771014,0.9997421914055222
771015,0.9998407463661041
771016,0.17259255684921193
771017,0.17730210993277645
771018,0.9991678237746976
771019,0.9999447351139578
771020,0.9997004232492548
771021,0.009669188227224594
771022,0.9998157898616417
771023,0.9996444398296624
771024,0.2059030456751732
771025,0.86095403027873
771026,0.7929076543914588
771027,0.5095022294471372
771028,0.9958753546717174
771029,0.05024015786845419
771030,0.9818347913041865
771031,0.99742556912751
771032,0.029245330810785324
771033,0.9997714493611747
771034,0.9990150367302252
771035,0.9958808108241464
771036,0.6530989885183678
771037,0.999706020601209
771038,0.9998508478695357
771039,0.1907657274758614
771040,0.8466539925116854
771041,0.9979556875627036
771042,0.9999751828828711
771043,0.08413217451808092
771044,0.9988196213528688
771045,0.999420085003923
771046,0.9755262476653005
771047,0.5424457504060138
771048,0.11077345819792268
771049,0.04100926667664526
771050,0.6020203729646192
771051,0.3067591874592362
771052,0.4157330815423847
771053,0.9998868071130664
771054,0.999704097173351
771055,0.29032073553572435
771056,0.9531794932753191
771057,0.9998578504003626
771058,0.9998072465520007
771059,0.8809537078882623
771060,0.9981808172466415
771061,0.055737979295475
771062,0.966226470297197
771063,0.9841627449829767
771064,0.9998490058995009
771065,0.9931885337780625
771066,0.998776388602212
771067,0.9999274539370904
771068,0.25540161452552373
771069,0.7443121587451187
771070,0.39801597660337473
771071,0.1269696428241282
771072,0.99971502874978
771073,0.9660249949619808
771074,0.4561383222768792
771075,0.3624315961358452
771076,0.8575042685049388
771077,0.5544007538731648
771078,0.9999496113874959
771079,0.9156402777877569
771080,0.9996185002299376
771081,0.3930704942502494
771082,0.9517109701315591
771083,0.6955374873565235
771084,0.025371125618989434
771085,0.3115619226195301
771086,0.9974660635159023
771087,0.22781908220617503
771088,0.4425764566166743
771089,0.8224441928179114
771090,0.21322961208034236
771091,0.07089209769520885
771092,0.9990292702026988
771093,0.9492165017959715
771094,0.9994377688853768
771095,0.10988344049464394
771096,0.9999788814556188
771097,0.9998192535530064
771098,0.26798397366141413
771099,0.005365989371240687
771100,0.9975151593771339
771101,0.9994698459215102
771102,0.914998205885371
771103,0.9954301826782879
771104,0.2780216523537934
771105,0.999838806672938
771106,0.9999534314163749
771107,0.8208049613619812
771108,0.9961797891295807
771109,0.9999788221593876
771110,0.9946385348187295
771111,0.9999884547441926
771112,0.9996969190754046
771113,0.999962656587889
771114,0.6552094584997303
771115,0.9975149394887903
771116,0.9811812363748085
771117,0.7982769413958664
771118,0.37542012785760004
771119,0.8053645742497196
771120,0.5043991905847012
771121,0.6464444543605369
771122,0.9870861095054764
771123,0.9981405501608163
771124,0.9579423660830619
771125,0.7085032674436389
771126,0.9954360234950724
771127,0.03952331970699069
771128,0.58415668660681
771129,0.9983846101639642
771130,0.7788393205723285
771131,0.7822431903521505
771132,0.9061588829240819
771133,0.026976011971771355
771134,0.9905096827673449
771135,0.9724832422916396
771136,0.9997086814255752
771137,0.1156535913650074
771138,0.9998151869534062
771139,0.020894413764357894
771140,0.7011417079512715
771141,0.9787115061913838
771142,0.4721867089448772
771143,0.9742627382561776
771144,0.7002508261819234
771145,0.08087586466026239
771146,0.862250221188662
771147,0.1411496477086524
771148,0.9039291570355961
771149,0.9996908080894075
771150,0.7113312207724976
771151,0.9901882932003487
771152,0.03460178729610885
771153,0.7937782055989548
771154,0.04514496150404678
771155,0.9998160992396359
771156,0.9995365802316878
771157,0.9993119900037899
771158,0.9829492683633102
771159,0.4580906333745621
771160,0.9955291511402251
771161,0.9996651009905817
771162,0.9877069123137767
771163,0.9999283080342104
771164,0.8067668303127564
771165,0.879572380924501
771166,0.9989508141574316
771167,0.007795529048056253
771168,0.9501374105085169
771169,0.8379171993166994
771170,0.48978676429518636
771171,0.9998154798376129
771172,0.06591705626212016
771173,0.2552327651028852
771174,0.16348100591156547
771175,0.3636772755721798
771176,0.8485171464017569
771177,0.07180777787036162
771178,0.9998308972888938
771179,0.9181824700972453
771180,0.9856921321821341
771181,0.04705263712980933
771182,0.42636170010845087
771183,0.11828216253973275
771184,0.9998025593589592
771185,0.9893178297793899
771186,0.9116167254689478
771187,0.2274435481967278
771188,0.9216420732224098
771189,0.7575622869853504
771190,0.18789841183706102
771191,0.8920630115046124
771192,0.13074382096144585
771193,0.07251140966194042
771194,0.19415367724381882
771195,0.9993450308242217
771196,0.9882249200095996
771197,0.9998582042851105
771198,0.7816061127115251
771199,0.9844696223641374
771200,0.8441339925599274
771201,0.9978310666580781
771202,0.9998374279993051
771203,0.9997737964592239
771204,0.9995567580361662
771205,0.9707909150346931
771206,0.2674845172075151
771207,0.16749892363973912
771208,0.8014783194450045
771209,0.8904745583841464
771210,0.9906521942978824
771211,0.8222411950501256
771212,0.8691543828564443
771213,0.688009382667691
771214,0.12355866513948098
771215,0.9961141851440826
771216,0.3691995884161896
771217,0.9995862782583921
771218,0.9947543496911457
771219,0.9996267718413675
771220,0.8805819243003916
771221,0.39017296597072726
771222,0.957604743967545
771223,0.8231564511131721
771224,0.9997239712778044
771225,0.06890457174627829
771226,0.8964262715168501
771227,0.8420381835405559
771228,0.497440553658124
771229,0.9553278713817526
771230,0.03180720370987523
771231,0.5342204598665352
771232,0.9997462506968842
771233,0.6638260029768046
771234,0.9858674530952738
771235,0.8494759434486845
771236,0.20092121434631555
771237,0.9893395392022653
771238,0.42096049041799977
771239,0.9999764058880689
771240,0.30037163590042726
771241,0.9992417134951113
771242,0.7787396694317013
771243,0.010765249448963529
771244,0.9997533679056105
771245,0.9997606279082875
771246,0.0605452313613773
771247,0.9920617405345185
771248,0.6667339589365262
771249,0.31979228530351483
771250,0.9928417326913433
771251,0.999188197555613
771252,0.6848914395780319
771253,0.8137501640712291
771254,0.9990223853934861
771255,0.792117345948125
771256,0.39488389624419357
771257,0.9983937124923699
771258,0.009158064615919762
771259,0.974771319693602
771260,0.6929379330538389
771261,0.46040770449988705
771262,0.33382657600725885
771263,0.9993101788729788
771264,0.9929406334540042
771265,0.9998711841210658
771266,0.5463520098416734
771267,0.03219988907536804
771268,0.9218096965264285
771269,0.9997287173400742
771270,0.9830555434321919
771271,0.8413180187515239
771272,0.931332098292501
771273,0.8267139922478015
771274,0.9860502438763292
771275,0.9887117473916572
771276,0.9999641878753359
771277,0.20777913266780768
771278,0.9988167730997548
771279,0.9949868193520255
771280,0.9923979495639865
771281,0.7597043413300222
771282,0.38980872125395616
771283,0.9895140105736042
771284,0.7348158567829334
771285,0.7538860830269214
771286,0.5092552267815885
771287,0.03892143919112715
771288,0.9885984317928335
771289,0.5822736709210461
771290,0.999445020715317
771291,0.14088289226575068
771292,0.3041835781880549
771293,0.9980983504220475
771294,0.01054021123837887
771295,0.34538754222407847
771296,0.9999362719807283
771297,0.9968966750421405
771298,0.8039142694058456
771299,0.9995766980924025
771300,0.31197013933758494
771301,0.9937662904718019
771302,0.8915203193447891
771303,0.99915706969596
771304,0.9960726049573925
771305,0.9821272481690744
771306,0.9889281638075572
771307,0.21264364797514074
771308,0.9816609665873361
771309,0.9860431303632843
771310,0.9771125361138799
771311,0.3855334083484315
771312,0.8312058228493842
771313,0.928173295435771
771314,0.9972327174608748
771315,0.9987043534050488
771316,0.018751241332235106
771317,0.011640291821361826
771318,0.5479124330906275
771319,0.9741873344921125
771320,0.9998152960632066
771321,0.24525845812744312
771322,0.2571688997021633
771323,0.9995519694524834
771324,0.35461361065817776
771325,0.9514095027025536
771326,0.9986286741537881
771327,0.7790912783964591
771328,0.3160142889435791
771329,0.2948778302460292
771330,0.9775369353788361
771331,0.9951610627217573
771332,0.7298949166548845
771333,0.03911907576974312
771334,0.9998300958966114
771335,0.020850443627888363
771336,0.9961659203097535
771337,0.020132659195817894
771338,0.09326382201641763
771339,0.9358588780643007
771340,0.061035724843228514
771341,0.5730468087851186
771342,0.248684120250326
771343,0.9945572822780754
771344,0.9966885563164906
771345,0.7821401758675139
771346,0.9997811629311724
771347,0.9997730989404658
771348,0.11125340724277252
771349,0.9650165197958949
771350,0.11715048547665552
771351,0.06441814264626167
771352,0.9812159977120541
771353,0.9989040788046937
771354,0.9993131665550956
771355,0.9171194605301866
771356,0.05409516581895599
771357,0.3820310755733134
771358,0.9990287706805314
771359,0.9999103814228986
771360,0.09683008916686306
771361,0.023805516485251872
771362,0.9949275376685074
771363,0.20925663282964638
771364,0.9995478208643118
771365,0.9994103937846541
771366,0.012494402145078852
771367,0.9957783386683402
771368,0.23333389012243627
771369,0.9888727165859124
771370,0.005509785944316107
771371,0.8498019944803236
771372,0.8311588384113129
771373,0.9997064287754387
771374,0.13855126608166107
771375,0.09980861980845987
771376,0.9993813542702911
771377,0.9997832039662458
771378,0.548008554072315
771379,0.8113777583124993
771380,0.8567759734172773
771381,0.9999777223873544
771382,0.6195458154470425
771383,0.031428999622773734
771384,0.0580212626843382
771385,0.749893631614327
771386,0.9996742504683804
771387,0.9746675536345885
771388,0.6889046725056012
771389,0.04475105616323133
771390,0.9995817300102698
771391,0.98383244243
771392,0.9858873408038329
771393,0.9305687114827055
771394,0.9996886066278194
771395,0.02631310954147506
771396,0.6570701911268841
771397,0.013836691126365533
771398,0.31699422099579777
771399,0.8196534921024723
771400,0.9907327166632447
771401,0.2488062657521296
771402,0.19279899068145442
771403,0.9996135160079385
771404,0.9955136881127098
771405,0.999962228930845
771406,0.4963544492419664
771407,0.6576109707806475
771408,0.5930736285957661
771409,0.05693276257016049
771410,0.9794126205778964
771411,0.7169808706815761
771412,0.7724550403861615
771413,0.05785182682735876
771414,0.994050392988977
771415,0.9957788856411902
771416,0.2584991777383516
771417,0.9977403941780568
771418,0.9990231484193138
771419,0.9990614683474905
771420,0.06311074854446658
771421,0.00855179823036227
771422,0.9999907220651763
771423,0.652806451346433
771424,0.61639798352258
771425,0.9995835003263469
771426,0.09582862759776853
771427,0.05947316715292137
771428,0.9728037551562002
771429,0.7218399983828068
771430,0.8457958072853515
771431,0.022193665388473498
771432,0.5588441239063374
771433,0.21832805200437264
771434,0.9993277627526931
771435,0.4457313790153963
771436,0.33891570368235124
771437,0.9990739162343687
771438,0.003139463804321007
771439,0.9997879037215593
771440,0.18514145043709707
771441,0.8268239933013575
771442,0.3030878481662116
771443,0.6886990033150144
771444,0.20006236456007004
771445,0.9996935055019391
771446,0.6964707840187248
771447,0.9880816550253142
771448,0.968945337185642
771449,0.9659433259190867
771450,0.7319923021647887
771451,0.30693020187243886
771452,0.8098722165936859
771453,0.9965509288300101
771454,0.1340745344885785
771455,0.9984160587986772
771456,0.8540062663144727
771457,0.9758632578708482
771458,0.10041001797216764
771459,0.2971993741311544
771460,0.8700900464985486
771461,0.9949154947791006
771462,0.9628158689369919
771463,0.9997075416346441
771464,0.999562132544652
771465,0.9956889144228263
771466,0.9997572065840088
771467,0.9997694810790326
771468,0.26180411154769934
771469,0.8783305636236594
771470,0.586256010744028
771471,0.9999467396939521
771472,0.327292511699126
771473,0.9988668697679335
771474,0.8819472974933258
771475,0.9927234184141236
771476,0.18389077318507174
771477,0.8813727268591488
771478,0.9505090991830127
771479,0.7258846632250819
771480,0.994360531433184
771481,0.9903239272234757
771482,0.43315693666734406
771483,0.9998890569795797
771484,0.5211377010801163
771485,0.9999182743390422
771486,0.9944989216224407
771487,0.9994183612909849
771488,0.9200747624286191
771489,0.013696573080826679
771490,0.9854892727827518
771491,0.9998796087171754
771492,0.49200418111705724
771493,0.9813240784548266
771494,0.9999849339770996
771495,0.526397922181267
771496,0.9998499822641362
771497,0.9927901268836323
771498,0.9999296073821957
771499,0.7348428412108705
771500,0.24641050924689423
771501,0.9923550348199435
771502,0.1128126356281805
771503,0.9996650612812759
771504,0.07204092427351076
771505,0.006541223135595171
771506,0.34951967305387877
771507,0.24188942890524018
771508,0.9976595392480103
771509,0.6313071698072624
771510,0.23658344204606624
771511,0.9994705664505162
771512,0.03638112793123128
771513,0.1488882403050612
771514,0.9993375920316939
771515,0.041327488641254156
771516,0.9948358377656817
771517,0.8006432124228764
771518,0.05053037822859609
771519,0.8006521528171389
771520,0.8974583876295268
771521,0.9999061813102543
771522,0.9993710393765363
771523,0.3688729818698572
771524,0.9947705843883059
771525,0.20899661495155797
771526,0.99986300273278
771527,0.0018883359087711108
771528,0.917282575944631
771529,0.8208519625636623
771530,0.3270066381418529
771531,0.995522091896885
771532,0.9833155436942239
771533,0.9961447144064507
771534,0.9952845362360236
771535,0.9944511873339952
771536,0.9998163447189604
771537,0.9090710016438377
771538,0.9987838389656443
771539,0.9936770069597209
771540,0.9975564096410381
771541,0.9994907704106641
771542,0.9996036269358771
771543,0.15296130059557408
771544,0.9991312282385728
771545,0.997105626866782
771546,0.9999319910161178
771547,0.9998619561747348
771548,0.998615621225663
771549,0.7188347520997475
771550,0.9449952331568103
771551,0.42009279004097283
771552,0.012879448801264114
771553,0.9992387618016894
771554,0.9590082200096784
771555,0.9985256701928924
771556,0.5155765661321825
771557,0.955703385004891
771558,0.9964197002318927
771559,0.021933462133855434
771560,0.7170253317143944
771561,0.9996108987398239
771562,0.9996569192346997
771563,0.012963364224839506
771564,0.9996892165453688
771565,0.8402093071051463
771566,0.9988937145001148
771567,0.8273362855950688
771568,0.420001006841716
771569,0.3328903377227479
771570,0.9899300645131988
771571,0.9107637856437767
771572,0.9372877442790615
771573,0.9990737970401526
771574,0.9950349998319453
771575,0.899477320886363
771576,0.9915168082581995
771577,0.900649719326394
771578,0.999707893957916
771579,0.8145103111553647
771580,0.9998423206374716
771581,0.7084130205857855
771582,0.907865231239173
771583,0.6427811478919114
771584,0.9964735325145089
771585,0.05420011977831737
771586,0.08500973250247698
771587,0.9281361827522601
771588,0.12555816010803703
771589,0.9987651827572492
771590,0.9989655045957787
771591,0.9993491237403663
771592,0.6061625360214815
771593,0.9981192408415532
771594,0.1394296267877228
771595,0.9164127622748157
771596,0.7948904110409011
771597,0.999944707898053
771598,0.9378317050827143
771599,0.9335888196742173
771600,0.9992125311927375
771601,0.07757504978568192
771602,0.9991862096969343
771603,0.9807491879191048
771604,0.050858589905756126
771605,0.9999721477255545
771606,0.9998504975967861
771607,0.9998530889416779
771608,0.031228898421434434
771609,0.999895053858724
771610,0.9998244432281689
771611,0.9999847066272645
771612,0.9998685418262494
771613,0.7194144077998836
771614,0.9927436049724678
771615,0.19732921869179357
771616,0.007020933220644621
771617,0.17527903575313025
771618,0.39120880955382353
771619,0.9994355932723502
771620,0.9872445047056313
771621,0.9522197751747781
771622,0.08199732923505397
771623,0.062305320308343834
771624,0.9997602412072981
771625,0.9174405417734519
771626,0.9536860290848667
771627,0.9984401794473263
771628,0.9993165280968831
771629,0.999840662053256
771630,0.9920453007569976
771631,0.9999797341357697
771632,0.9999843285893874
771633,0.9752191771262944
771634,0.8939310303631229
771635,0.9991156160083607
771636,0.9999300357651211
771637,0.25477191987985487
771638,0.809091589090709
771639,0.743982264137975
771640,0.056294176219401255
771641,0.9713859823703483
771642,0.08720178751616572
771643,0.7212461410826241
771644,0.9991680270069337
771645,0.9919464199269492
771646,0.9998466612156482
771647,0.4374543880811767
771648,0.1682098193203497
771649,0.6224641898091322
771650,0.9984556793205406
771651,0.05737649024285391
771652,0.9992402243406489
771653,0.8741606978633958
771654,0.9933814034257406
771655,0.6537922426322147
771656,0.9997802058270879
771657,0.28724897335796484
771658,0.9118231984383764
771659,0.9872945258059527
771660,0.9976254710010533
771661,0.0776089070490783
771662,0.9999599949927506
771663,0.9753329574244529
771664,0.655804931086148
771665,0.31841675970092326
771666,0.9991065380328128
771667,0.9313744773047751
771668,0.9420646033006754
771669,0.9903885017314007
771670,0.9984191508130303
771671,0.9964112148806217
771672,0.06922719176829212
771673,0.1200820509968415
771674,0.9975813182209562
771675,0.999967070105059
771676,0.6403061331850237
771677,0.9997553219894821
771678,0.5426465389001142
771679,0.5927637868720859
771680,0.9998219271804288
771681,0.9983777565201599
771682,0.999066146408009
771683,0.09568887238809978
771684,0.527518628740142
771685,0.9831398737668833
771686,0.9993588347237379
771687,0.7058899701851842
771688,0.978796647380572
771689,0.7488544843891154
771690,0.006698511236535947
771691,0.9765493956040013
771692,0.9999305789082318
771693,0.9996900278502568
771694,0.5000059452532783
771695,0.7072241525456371
771696,0.43854136533308263
771697,0.08479594826824191
771698,0.9999645839012059
771699,0.9981122368497375
771700,0.8878156129988456
771701,0.23301011280349077
771702,0.7192416671009018
771703,0.9949204675217709
771704,0.9974270171238363
771705,0.8675212133208798
771706,0.15624488087846397
771707,0.960064512149316
771708,0.9561336488439237
771709,0.999662810754322
771710,0.9998292540633043
771711,0.09106982814596652
771712,0.02908622332223885
771713,0.9991671551953009
771714,0.19969878435229194
771715,0.9999917860502785
771716,0.21142369763131155
771717,0.9972129079387302
771718,0.030785367433354763
771719,0.9945084577608847
771720,0.6386792905569487
771721,0.14236722385246198
771722,0.9983711385345322
771723,0.9975071438210719
771724,0.2720635820562619
771725,0.19940115602334976
771726,0.34390713281949603
771727,0.9987751229886037
771728,0.9459869317545824
771729,0.99167847733176
771730,0.5509207259298177
771731,0.9465145367436623
771732,0.9997813949578471
771733,0.99971745042573
771734,0.6956826443869206
771735,0.9491493614638143
771736,0.20244338262243988
771737,0.022044486723657754
771738,0.7135563517858998
771739,0.01304405761179421
771740,0.8468900497477844
771741,0.9985046164616329
771742,0.054658031187272305
771743,0.8625317275263965
771744,0.9762844167742732
771745,0.9976109733372668
771746,0.9998323803002471
771747,0.6611307176290304
771748,0.9994346196864805
771749,0.9794482075967961
771750,0.10341073613942872
771751,0.2546679679230343
771752,0.59732103273687
771753,0.9874598383774202
771754,0.9995982911100281
771755,0.998109987319166
771756,0.8086345645492008
771757,0.7938250867277811
771758,0.8522226951844871
771759,0.988923539663779
771760,0.9328944763856115
771761,0.3795775311855164
771762,0.9176649128651119
771763,0.028802254741571973
771764,0.9996271622333686
771765,0.9957899293535344
771766,0.7341402042905903
771767,0.3767269887087645
771768,0.6468699581614851
771769,0.04775344846294664
771770,0.999992633044422
771771,0.9992889608744273
771772,0.4623925932566251
771773,0.9579066263432741
771774,0.9997531329808812
771775,0.996347222174333
771776,0.9991747624593799
771777,0.07184738455490569
771778,0.8838179241127144
771779,0.9998191651655287
771780,0.8224692547729897
771781,0.9977373309234376
771782,0.9331175535702934
771783,0.5114084686668461
771784,0.9548207329020327
771785,0.14135805813645902
771786,0.9993565218926781
771787,0.45700623983329663
771788,0.9527282789771192
771789,0.11435835993552658
771790,0.03205050818458691
771791,0.5705094604742246
771792,0.9999475678947551
771793,0.9185402851635915
771794,0.7429621691992462
771795,0.9995884754089994
771796,0.2538949227172838
771797,0.6462759825344031
771798,0.9976636964696658
771799,0.9982451571450742
771800,0.39884849834701597
771801,0.0073993163559162665
771802,0.9968238716877881
771803,0.999092955268104
771804,0.9997104012858814
771805,0.3147413650721209
771806,0.37934380991895394
771807,0.999983053549174
771808,0.6231972580570819
771809,0.993689243240565
771810,0.9975775052735897
771811,0.9904496893871066
771812,0.09536965068733362
771813,0.23852039946890954
771814,0.99877418294285
771815,0.8642723900949113
771816,0.011450738411587972
771817,0.8467513420131536
771818,0.9957833089318641
771819,0.999732133867281
771820,0.9023398702797782
771821,0.025476982552648332
771822,0.48550539062225284
771823,0.9983365708181206
771824,0.45956946478965083
771825,0.9999936994503863
771826,0.9406515940402504
771827,0.7202945182173907
771828,0.06902393389927355
771829,0.07341493542649634
771830,0.02460580604977232
771831,0.9996546172871845
771832,0.032853054112826824
771833,0.9975521452994838
771834,0.5857107280957465
771835,0.20931452416589874
771836,0.9996766266111821
771837,0.9990674528210278
771838,0.999741253365932
771839,0.9992521444482332
771840,0.9996199588380748
771841,0.998754787749403
771842,0.4495461421548173
771843,0.607905876372172
771844,0.9532407913112759
771845,0.11941295821893004
771846,0.854637361795358
771847,0.9700458654246277
771848,0.9860337073575957
771849,0.5271842625026575
771850,0.9987998965260307
771851,0.553259375447448
771852,0.2288587100531691
771853,0.6443409497419007
771854,0.05281987099740958
771855,0.42134621076915707
771856,0.9967914543244474
771857,0.7867416016984465
771858,0.8647956834471762
771859,0.3965734110463789
771860,0.9944124491423036
771861,0.8203315549374628
771862,0.3686315749416724
771863,0.4569763676360207
771864,0.6307824772969901
771865,0.9967674310773962
771866,0.5253627511398066
771867,0.05345492176459482
771868,0.07547666450038784
771869,0.9879820059055903
771870,0.9986257652214309
771871,0.2218521768605997
771872,0.9551061583431251
771873,0.9331949550035297
771874,0.8966351320999495
771875,0.06034301461175467
771876,0.48495400291682705
771877,0.9978817380064735
771878,0.021337051645317053
771879,0.9990762376575182
771880,0.9999776803482575
771881,0.9999248387993576
771882,0.38585985073946333
771883,0.35365754948441364
771884,0.44885219688290584
771885,0.9941364398846291
771886,0.05062264554999392
771887,0.9355006684434809
771888,0.3880440837512944
771889,0.1530220285405469
771890,0.4144447225060684
771891,0.12461172467038212
771892,0.4885999517921748
771893,0.8620932539559341
771894,0.028210813375832634
771895,0.9911856239397657
771896,0.846049596501817
771897,0.6641409519638564
771898,0.9992925344179282
771899,0.9979777782303288
771900,0.8559161385813776
771901,0.9999625302433555
771902,0.9673946950777796
771903,0.9976476313194214
771904,0.9991230375152507
771905,0.9999552459322558
771906,0.6639173755125323
771907,0.8378916960740206
771908,0.961848957784182
771909,0.9959987040009375
771910,0.030725986463861765
771911,0.6065245938671788
771912,0.6029492576884314
771913,0.9971150383322411
771914,0.9807250830900365
771915,0.6989622751725725
771916,0.931371457875384
771917,0.9999897860205581
771918,0.999966501855382
771919,0.02619520753484437
771920,0.9265216121273105
771921,0.0050813695842020805
771922,0.25215921445657796
771923,0.6638477650524403
771924,0.04694103178632025
771925,0.12125118390789862
771926,0.16609611755129278
771927,0.2785956010660039
771928,0.999541009420844
771929,0.09252952423531884
771930,0.9366976507619219
771931,0.8274464323837396
771932,0.9990456062052386
771933,0.9928287312937247
771934,0.47108942972642415
771935,0.03200888117812042
771936,0.5013275896306104
771937,0.8655505924666242
771938,0.49812609130695196
771939,0.7936202093312874
771940,0.731787794302427
771941,0.9999114829914834
771942,0.829687423259628
771943,0.9997510129596803
771944,0.8695257464645566
771945,0.9861687414728499
771946,0.8116691343152037
771947,0.9997188332969031
771948,0.060312977109087604
771949,0.9847025788098986
771950,0.9523441293939788
771951,0.9638834275831851
771952,0.999872142094544
771953,0.9984780868866716
771954,0.8125490864922675
771955,0.9669684716576716
771956,0.9993120903574224
771957,0.9719893341282657
771958,0.9995341097930054
771959,0.8693334327877771
771960,0.9998318921652799
771961,0.998905751463744
771962,0.6545852181404334
771963,0.9998088499653854
771964,0.440446098416935
771965,0.8774552510092316
771966,0.5294371110091958
771967,0.03196802980206973
771968,0.0059866276234119015
771969,0.9510316874307733
771970,0.7443286097912759
771971,0.2403295467161643
771972,0.12080023056177439
771973,0.7097646096671171
771974,0.8413511229999444
771975,0.9999891721617294
771976,0.9855073243746354
771977,0.7789162606661013
771978,0.8388163971167872
771979,0.10284554319888566
771980,0.4989539825610168
771981,0.9998829382431283
771982,0.017388110726951855
771983,0.22421734212038297
771984,0.2502107646108833
771985,0.9996239994844952
771986,0.9997860940352411
771987,0.9966484293799134
771988,0.052144142735485684
771989,0.9998285555310782
771990,0.4342112574638929
771991,0.4067895692903752
771992,0.795852105325868
771993,0.03757950278891509
771994,0.9992136253381467
771995,0.9999268716626287
771996,0.9964983046824792
771997,0.9806349246107408
771998,0.049815528871776336
771999,0.30122988248283356
772000,0.736428330853895
772001,0.08370229556940224
772002,0.2712728691584682
772003,0.7553982007578486
772004,0.9662274214413625
772005,0.9998055872529812
772006,0.9982614075471394
772007,0.9941501543768665
772008,0.9861654814357006
772009,0.9989203558892958
772010,0.9659940694772033
772011,0.999964657396613
772012,0.5866665801356679
772013,0.9954547842086292
772014,0.9973670641611109
772015,0.9999696395031302
772016,0.9911573691456967
772017,0.9997200893527731
772018,0.9995732529307532
772019,0.6696240587671116
772020,0.9850436098439497
772021,0.31002217932185827
772022,0.6622859515335228
772023,0.9996297513127788
772024,0.7950691869228996
772025,0.9989332623014451
772026,0.7561227016464545
772027,0.9999949926106537
772028,0.9622554331172346
772029,0.9787348101098312
772030,0.012328661339825502
772031,0.9539883254414864
772032,0.9986890883341595
772033,0.9997177986624584
772034,0.9999254061588385
772035,0.8354302467406369
772036,0.05836677152127523
772037,0.19677614245183703
772038,0.9995845425215011
772039,0.12096474509547686
772040,0.08419965576972652
772041,0.03391264041273843
772042,0.0709095833813018
772043,0.9997556776466399
772044,0.9984128109937849
772045,0.9983233970103941
772046,0.07762998915252595
772047,0.9996814908856446
772048,0.45926512814219783
772049,0.13974414245064848
772050,0.9955229498448179
772051,0.999521598852547
772052,0.10650771501969866
772053,0.5434490939014093
772054,0.998649619903035
772055,0.058347609934589574
772056,0.03438210794659057
772057,0.9998141082253825
772058,0.9672889746433447
772059,0.0107952321736235
772060,0.9986265991580937
772061,0.9988425958232322
772062,0.4891521822421246
772063,0.9999789670612513
772064,0.9993995113704562
772065,0.9868528507655151
772066,0.9966268398109199
772067,0.06882824581028132
772068,0.06385309527796479
772069,0.999953358866402
772070,0.9999631762818527
772071,0.8064797202055636
772072,0.984252422511283
772073,0.47210916127448
772074,0.9993512578368582
772075,0.5394032996925509
772076,0.999398724074025
772077,0.9582300099434948
772078,0.9961562223413394
772079,0.9427621952768017
772080,0.03685291147294832
772081,0.9992668702038163
772082,0.22036648989594682
772083,0.9941198475193481
772084,0.12958688389919185
772085,0.9999819115439786
772086,0.19161179618954532
772087,0.6792379765200371
772088,0.999435115937513
772089,0.9275112724312335
772090,0.8691577812470339
772091,0.9993670649241253
772092,0.998836345635453
772093,0.9371894615235362
772094,0.4696766457665291
772095,0.8531019750466575
772096,0.8336991047919621
772097,0.9999064383825523
772098,0.33130026393878054
772099,0.7352939594548034
772100,0.9999864501885561
772101,0.9999623537041404
772102,0.9591566857012521
772103,0.9991768548465318
772104,0.18297740217491815
772105,0.9909025502852916
772106,0.991531503838645
772107,0.9993041839279976
772108,0.9900825505373496
772109,0.9905818435050274
772110,0.3041796744600438
772111,0.018887062655969906
772112,0.9997448272888038
772113,0.01847818163956939
772114,0.9177521588931338
772115,0.46818120668249175
772116,0.9997314806168673
772117,0.9975060856122142
772118,0.9976994826483485
772119,0.006796481591859155
772120,0.999346858435229
772121,0.2923280347230526
772122,0.9957840367770936
772123,0.9994584191298215
772124,0.774296635338191
772125,0.8749871354609702
772126,0.8979778852843538
772127,0.9999832609705609
772128,0.9611184266132328
772129,0.9999695604329688
772130,0.9674756979967931
772131,0.4925786948844458
772132,0.7890378305615713
772133,0.016844717159168625
772134,0.7244314767672015
772135,0.9998887612144463
772136,0.10221976462803159
772137,0.9996114536889611
772138,0.4913935499299585
772139,0.9983140708859568
772140,0.4870634199836087
772141,0.6527353849340558
772142,0.5612537270871056
772143,0.9245384532232128
772144,0.36895567855849215
772145,0.9982177920002709
772146,0.6833626130847599
772147,0.8918094792772993
772148,0.9930803063462584
772149,0.8800046956877221
772150,0.5833727550868324
772151,0.9998453186717309
772152,0.009475040578012016
772153,0.999573608834133
772154,0.1876150285839092
772155,0.552718496849955
772156,0.6510434707550004
772157,0.8047595342393203
772158,0.9998518122134155
772159,0.18428039966076332
772160,0.9999398157152549
772161,0.9127927347999005
772162,0.8509958927161916
772163,0.9996798193358851
772164,0.04073104615912757
772165,0.9997647773147015
772166,0.9999829845557253
772167,0.6752115768283291
772168,0.8136482856287468
772169,0.7327698498023518
772170,0.9998236289683469
772171,0.5489838198601196
772172,0.8960495864362266
772173,0.9214137519432947
772174,0.9998620315959916
772175,0.8353307781297428
772176,0.9824447568950798
772177,0.9793058077143093
772178,0.9993766897168013
772179,0.010519963792967327
772180,0.9852805452851175
772181,0.4758209593291706
772182,0.0767855705948326
772183,0.9996962819667415
772184,0.6385306494387865
772185,0.9914144952863848
772186,0.7898540795861162
772187,0.24513174678595961
772188,0.9342062379881707
772189,0.9996060507471473
772190,0.14421243598289807
772191,0.7491610498709133
772192,0.07383987009463035
772193,0.9999106621695439
772194,0.9992145914536522
772195,0.8465803582710618
772196,0.645210851809993
772197,0.2100895907832371
772198,0.3533510323150908
772199,0.04429995242679396
772200,0.9998625769929386
772201,0.8384151260386544
772202,0.9922068033746742
772203,0.4617711081356398
772204,0.9982655896068738
772205,0.9983945416805103
772206,0.016735633224095832
772207,0.9997506328616179
772208,0.9229626501621866
772209,0.8519018022270713
772210,0.9836435592840064
772211,0.9995539398396847
772212,0.2315043615114198
772213,0.006864514773962776
772214,0.84934944758955
772215,0.9999302547677802
772216,0.24942343280647222
772217,0.032428247427222154
772218,0.3516989269767972
772219,0.9997928040827276
772220,0.9749134366919185
772221,0.7330812180028018
772222,0.0035218658655199525
772223,0.8484011541356744
772224,0.04026492447802078
772225,0.004371005894836064
772226,0.6910252430002548
772227,0.9914205756907655
772228,0.9584811992840501
772229,0.7219562668753292
772230,0.9992501229122961
772231,0.7483730191781776
772232,0.6605279466901817
772233,0.3609088989819339
772234,0.9990374718525634
772235,0.8244906999950538
772236,0.1085833411640492
772237,0.9991688615400127
772238,0.9992899353083836
772239,0.9999238993713105
772240,0.23450242097770757
772241,0.4903541990207755
772242,0.045124819769775434
772243,0.9988047739045787
772244,0.045066023798747995
772245,0.08566112180728774
772246,0.5840433121197613
772247,0.9865068991503221
772248,0.2659056739265165
772249,0.12954663208968273
772250,0.9849291629067334
772251,0.9803247224839324
772252,0.71754524583535
772253,0.05478950462209148
772254,0.9970360196458826
772255,0.7738180749639402
772256,0.9129349577782445
772257,0.9989138520636114
772258,0.8076937558777083
772259,0.7315148111957834
772260,0.9999878615238795
772261,0.9998202681632276
772262,0.9998908993363428
772263,0.9999468433784228
772264,0.007244507583184986
772265,0.13597924792469057
772266,0.9094017143698561
772267,0.995016230036357
772268,0.8220041440583532
772269,0.14630771335998446
772270,0.06938128255144892
772271,0.06768159863540686
772272,0.4173260492230467
772273,0.38930641294646773
772274,0.08671820148586784
772275,0.9868009379971372
772276,0.985260189397607
772277,0.6495632546296275
772278,0.012190606846692244
772279,0.12362060456505695
772280,0.7514240111538706
772281,0.3486767584481791
772282,0.9889571253272866
772283,0.9659070433142475
772284,0.8378461353934913
772285,0.9788636450884045
772286,0.9991296898813562
772287,0.3298208976768626
772288,0.2570958396351594
772289,0.999793729125493
772290,0.765052749953906
772291,0.4238686862492808
772292,0.9989711469276372
772293,0.9940207594243837
772294,0.5263229688213397
772295,0.704044048430648
772296,0.14297003645801937
772297,0.9964796371177411
772298,0.99936416325314
772299,0.9998186505639364
772300,0.9998739007328268
772301,0.63276785327397
772302,0.9888696963152308
772303,0.7335845782614188
772304,0.9287199932936686
772305,0.4578006503603662
772306,0.9977811073912982
772307,0.9983683680057891
772308,0.5372373666337221
772309,0.8449986041094957
772310,0.9544747009030028
772311,0.998385480660742
772312,0.8392482458254772
772313,0.4849270012474421
772314,0.035162728641065205
772315,0.8362833248522525
772316,0.9810552109362843
772317,0.32790769023011046
772318,0.4183661626450996
772319,0.022691878390309336
772320,0.999899897121493
772321,0.9967951203935785
772322,0.4728522879785659
772323,0.9999389376427945
772324,0.007334904960454724
772325,0.47703692156449784
772326,0.38556775797402554
772327,0.5270447154837719
772328,0.42450784446667
772329,0.9824683353863692
772330,0.9998247957332395
772331,0.9993859222854425
772332,0.016448261865396677
772333,0.8839560603934031
772334,0.9998259611387021
772335,0.7631281554236675
772336,0.9857404335364899
772337,0.9998960282929656
772338,0.7701557323807593
772339,0.9668652512348301
772340,0.996075583228909
772341,0.5600511570127925
772342,0.998941650273419
772343,0.004256034514642545
772344,0.6994963103244642
772345,0.7809794524659536
772346,0.9987766374490503
772347,0.9997071570875737
772348,0.5881131587152768
772349,0.8273055148218933
772350,0.7048540889018313
772351,0.1321414132828825
772352,0.9999176226514573
772353,0.07120495413768305
772354,0.9143605867308576
772355,0.3877769923585641
772356,0.9529257354306346
772357,0.993612258120149
772358,0.2716438463235858
772359,0.8421754199880929
772360,0.44290271361698097
772361,0.9964007501013677
772362,0.9871632605211559
772363,0.9988968575136626
772364,0.9995473748935608
772365,0.9996840029320524
772366,0.865665618031795
772367,0.9987494539020063
772368,0.9964103628163887
772369,0.4695298003538346
772370,0.9999630673202107
772371,0.36265462242545315
772372,0.9998806042507798
772373,0.9997599287550303
772374,0.9299416776148957
772375,0.9531198513350083
772376,0.6604250028799121
772377,0.9998835847847888
772378,0.4273541831537887
772379,0.08902148440302035
772380,0.9924451454248044
772381,0.6757335739777304
772382,0.999780815383833
772383,0.9995295102537118
772384,0.9991872857849442
772385,0.714443195694095
772386,0.07914378118955642
772387,0.312836319826314
772388,0.9766710111923866
772389,0.8309203352764971
772390,0.04167452920547199
772391,0.34751898305921514
772392,0.9996736704275535
772393,0.8585569017553831
772394,0.9999216221331767
772395,0.9932795526163001
772396,0.01791867841843945
772397,0.5827261466084251
772398,0.7142987880497443
772399,0.45438968365030263
772400,0.49813717025696713
772401,0.5988475407557089
772402,0.03672106731911321
772403,0.9993220364033062
772404,0.9976947097574711
772405,0.6761056089344303
772406,0.9994170396714963
772407,0.009348749934954919
772408,0.15868388225782426
772409,0.07298147410261863
772410,0.8537076855897229
772411,0.660420284139408
772412,0.5633591843000263
772413,0.9518121946717598
772414,0.0302895621836346
772415,0.5717089741373039
772416,0.8916385570278114
772417,0.835080889451371
772418,0.30402919807675866
772419,0.20718384306510843
772420,0.7714184688292638
772421,0.9998626579980762
772422,0.9999681789238772
772423,0.9800813473358625
772424,0.9152326372273092
772425,0.9991147822563312
772426,0.18452981322130385
772427,0.9429442343218054
772428,0.007618968903707277
772429,0.7745164416139387
772430,0.8218097312296471
772431,0.9949252207721814
772432,0.9987709872519983
772433,0.9781052538021223
772434,0.9769671328867333
772435,0.9949185626949064
772436,0.035469199244706366
772437,0.9989695927654056
772438,0.9994892200248668
772439,0.9914329457225675
772440,0.8896447073424039
772441,0.036726287059835466
772442,0.7175015689771258
772443,0.040739184079917355
772444,0.9955623044540148
772445,0.7342049814461817
772446,0.9998093777132018
772447,0.8264549965073231
772448,0.9997743527373797
772449,0.8431782690669819
772450,0.9973656822097164
772451,0.9999711759321311
772452,0.855241405868868
772453,0.8614693129145391
772454,0.4357652599383936
772455,0.9999794953824211
772456,0.04573498140448695
772457,0.015891874415995093
772458,0.5524855593041659
772459,0.9999915235719751
772460,0.021574234700163307
772461,0.15721014055703766
772462,0.6670119664999277
772463,0.7739235198295982
772464,0.32144955916116197
772465,0.9994927373748872
772466,0.8998127283170126
772467,0.9996161711300101
772468,0.9998852133268195
772469,0.9991933062962479
772470,0.9998083199082268
772471,0.07274823792004467
772472,0.9883966917529426
772473,0.9938555986638359
772474,0.9863811937183284
772475,0.5751379957834001
772476,0.9997237949833119
772477,0.481298830905455
772478,0.9999819517011815
772479,0.648496825123799
772480,0.9967786841863229
772481,0.23376969646428047
772482,0.24111681689545197
772483,0.9665525971406792
772484,0.9997602296736136
772485,0.9603786741111393
772486,0.8335115880457422
772487,0.9998850296999613
772488,0.9997042555338358
772489,0.9995753366391111
772490,0.9870498597362403
772491,0.9997256250666192
772492,0.4193475155574591
772493,0.04966802032187129
772494,0.9991703700707097
772495,0.07510959033480463
772496,0.8296651649617102
772497,0.969862749994121
772498,0.9695311206988209
772499,0.8978197737122583
772500,0.9998986345161849
772501,0.9997408908073727
772502,0.9993583258373997
772503,0.9997926864362374
772504,0.2618314909530014
772505,0.9984060066901344
772506,0.039946504787480804
772507,0.866393501675968
772508,0.04529802989567867
772509,0.9922802251920403
772510,0.1623793558086722
772511,0.6547353082437568
772512,0.9958641630320337
772513,0.033460274817125574
772514,0.999703259563102
772515,0.9983236751667312
772516,0.9705924059792422
772517,0.9997804231690146
772518,0.6276521318440488
772519,0.05602153449593871
772520,0.9376034142888113
772521,0.16481203414438397
772522,0.999977253469817
772523,0.0028814933261340336
772524,0.9999108771102998
772525,0.9229284084188396
772526,0.9736669661183683
772527,0.9992303593434047
772528,0.7462349968164526
772529,0.9999027666824981
772530,0.013957096824846757
772531,0.9974155245446664
772532,0.9812176182262715
772533,0.25853336203687444
772534,0.5692906968825207
772535,0.9998614945539582
772536,0.938002030857104
772537,0.9915496178222108
772538,0.3266562830247249
772539,0.9984793903739648
772540,0.8820234535034872
772541,0.03494494799799307
772542,0.5215107082712774
772543,0.9999855863691454
772544,0.9878314463307258
772545,0.993201316357769
772546,0.29398007834745216
772547,0.9997488689891523
772548,0.9875535264342665
772549,0.6237946838841888
772550,0.9999799204617853
772551,0.9998860146523411
772552,0.011927082961591728
772553,0.999738582094728
772554,0.9996905936988086
772555,0.9971974505683247
772556,0.9992410230401902
772557,0.9970657139509453
772558,0.8063759666663541
772559,0.8794207138960202
772560,0.9292599440051925
772561,0.9997810451741831
772562,0.9995831112945777
772563,0.998195016113223
772564,0.953458218692162
772565,0.7341708252744209
772566,0.1003907732370517
772567,0.9994299500129094
772568,0.9928815830854781
772569,0.9104382284285009
772570,0.9981883162299704
772571,0.999994426352123
772572,0.6285353776435328
772573,0.9955441482122434
772574,0.23359069051416087
772575,0.9831884756812843
772576,0.239274629635849
772577,0.9998470396857304
772578,0.08322854032056119
772579,0.16010082235372042
772580,0.9998797060881555
772581,0.5128966096001045
772582,0.1082233277413587
772583,0.11364153670135485
772584,0.12695117698933986
772585,0.999455194611364
772586,0.9883365285417065
772587,0.9636747138812238
772588,0.8235873031544515
772589,0.7406233688932453
772590,0.720588769911892
772591,0.9915225314230143
772592,0.9987581643480683
772593,0.9969732116736117
772594,0.18751647375154734
772595,0.9997520205605568
772596,0.44323479215664907
772597,0.1550926597981968
772598,0.8392440439929716
772599,0.048368511272778
772600,0.9992182011862786
772601,0.9158953542349295
772602,0.576071257686089
772603,0.5719657283822241
772604,0.8464344554165667
772605,0.9995669701747683
772606,0.025681439869197478
772607,0.8399670277318494
772608,0.9138421512307092
772609,0.9497088867954012
772610,0.9240848969722404
772611,0.20487611286141783
772612,0.013516128306344747
772613,0.037440003673824745
772614,0.04968446120394427
772615,0.9922322590769203
772616,0.9976894046596649
772617,0.13181371508967096
772618,0.977916419914383
772619,0.4155691678814892
772620,0.0038798680138739873
772621,0.8780189410618038
772622,0.01807189361113568
772623,0.9397920979774769
772624,0.8760359536113707
772625,0.01857018094330156
772626,0.9998257597978126
772627,0.019618711919687698
772628,0.02940991073722079
772629,0.7585277834643728
772630,0.9999090661244573
772631,0.21647461510255292
772632,0.6981828664405614
772633,0.3230269774072488
772634,0.3626720438614196
772635,0.5075935274940638
772636,0.9999305102012762
772637,0.9629390541456725
772638,0.7251349219088048
772639,0.9999054771143745
772640,0.05589397932487862
772641,0.8039010580951492
772642,0.12904119859646368
772643,0.3908436349044123
772644,0.9995889660280239
772645,0.5029087613714633
772646,0.8539329005047775
772647,0.7094909046663683
772648,0.3920645261913854
772649,0.9937528587352646
772650,0.9908552212153942
772651,0.9999430614058075
772652,0.999930854951061
772653,0.9982130417233341
772654,0.09392018401051774
772655,0.9999921592420695
772656,0.4733010698554925
772657,0.99952174772743
772658,0.9984704490577057
772659,0.9963387176628722
772660,0.43496973026790037
772661,0.9987305296074955
772662,0.9999245463655553
772663,0.9915506920470685
772664,0.9812722108023031
772665,0.8838452446979862
772666,0.9885254142526114
772667,0.8974467783226548
772668,0.9972586229874688
772669,0.6881960812183054
772670,0.9971566871929226
772671,0.9998315284571736
772672,0.03858761971146185
772673,0.018031811398446083
772674,0.997518165090976
772675,0.9993124355565877
772676,0.5578616853971222
772677,0.9833752038723538
772678,0.017525828363590044
772679,0.0051431460364505304
772680,0.9842647005248804
772681,0.4543904994678037
772682,0.7006893200369355
772683,0.9997554004102818
772684,0.8966879753806878
772685,0.09476317957655254
772686,0.5346185697410615
772687,0.9637117706352378
772688,0.9825052295290113
772689,0.3751724196560133
772690,0.8751796030691283
772691,0.9462949851218407
772692,0.9964792672967939
772693,0.8959415481184161
772694,0.07883174009793151
772695,0.9954371267343528
772696,0.15941171458996237
772697,0.008414772863237944
772698,0.1737875625363013
772699,0.9999276965637238
772700,0.5345269917011327
772701,0.24583346062379552
772702,0.9995364763414771
772703,0.9996043624347533
772704,0.993182802142105
772705,0.9975560107749244
772706,0.9854092969731664
772707,0.07614509086803327
772708,0.997503064559397
772709,0.47891058920704077
772710,0.8952362461458622
772711,0.9991786770723069
772712,0.9999900334880787
772713,0.9984418214222572
772714,0.05640247182323624
772715,0.6945731296995964
772716,0.4523272847261027
772717,0.9162898987980245
772718,0.6255235055160862
772719,0.9996750043143393
772720,0.6595615091715741
772721,0.9999489514626624
772722,0.9770584144973813
772723,0.9956843963398169
772724,0.9894133637531719
772725,0.8504452002795564
772726,0.7821620669405669
772727,0.03120931851159131
772728,0.9952983543340514
772729,0.5362771909406385
772730,0.29128314256490867
772731,0.9999743875232294
772732,0.3420828046033215
772733,0.5586440036528444
772734,0.46225228674080326
772735,0.850799869053579
772736,0.9898994740253539
772737,0.9990234777699811
772738,0.039732918472857634
772739,0.999206601607359
772740,0.022349643499476553
772741,0.998211877401264
772742,0.9373721501931342
772743,0.9999031070071623
772744,0.20736642436733632
772745,0.990590336240641
772746,0.9615096997975272
772747,0.9994330993349647
772748,0.013201592408373672
772749,0.9707487214515088
772750,0.99723278780829
772751,0.999970376343574
772752,0.46813657957811566
772753,0.999086359264404
772754,0.7542853529933058
772755,0.9988372149531679
772756,0.9996474102194854
772757,0.9989558164960407
772758,0.007442664083104843
772759,0.36309801338210246
772760,0.99680437325713
772761,0.9906472939199041
772762,0.13568594343609372
772763,0.9979681672278063
772764,0.0055529929163894275
772765,0.9939071175248555
772766,0.03143599620594843
772767,0.19763523139031342
772768,0.8357119442188659
772769,0.9999403933794889
772770,0.99548361055653
772771,0.2919762432134665
772772,0.9999786700856899
772773,0.6417734025328815
772774,0.9997015426835755
772775,0.8896549814308485
772776,0.25805826356154604
772777,0.016572012161566434
772778,0.999207637712053
772779,0.9906717016636517
772780,0.030988880868045004
772781,0.9998673766682428
772782,0.06677170618058895
772783,0.02607665970521706
772784,0.9974607396682533
772785,0.9986338053484326
772786,0.9995988516724
772787,0.9368097533553587
772788,0.9914008372350677
772789,0.7467979932318654
772790,0.9989432365648747
772791,0.5983494155629503
772792,0.025842925607510385
772793,0.946471524704325
772794,0.9971353854721224
772795,0.9799253976501632
772796,0.9977318149392946
772797,0.06549557255150978
772798,0.005326827535101468
772799,0.9865684281452722
772800,0.9987834571328236
772801,0.02010730217849006
772802,0.7295282826972274
772803,0.9213133624872545
772804,0.9998353701163065
772805,0.9137717708229225
772806,0.05296931813928976
772807,0.4992532249376309
772808,0.9996110437118721
772809,0.07037210750990006
772810,0.7451220813160523
772811,0.9972924458474706
772812,0.09847597523948354
772813,0.030872592111606614
772814,0.24153272167739193
772815,0.9222494916981983
772816,0.539889851049016
772817,0.4722962308175993
772818,0.9997440192099649
772819,0.9767501647363988
772820,0.9996771518284604
772821,0.9998716731645838
772822,0.058633415351494245
772823,0.9986312164878763
772824,0.9992272203199333
772825,0.9997745016573895
772826,0.7769247042344422
772827,0.6783512372854305
772828,0.9995035017420748
772829,0.9937278664110911
772830,0.5018243945369812
772831,0.9524998653236201
772832,0.9924148919889016
772833,0.9939647986691086
772834,0.11098995902863557
772835,0.9027754576719043
772836,0.156613995735682
772837,0.29243701070742256
772838,0.9878628133440939
772839,0.6132918144059245
772840,0.0025180407839703657
772841,0.9957134713319282
772842,0.9829942972264637
772843,0.9957378751529987
772844,0.9646150059634961
772845,0.15397740028222623
772846,0.9816487223717867
772847,0.9999174578824668
772848,0.008952744540138013
772849,0.1302919403870995
772850,0.02235735395964511
772851,0.4034369220298981
772852,0.7553801324038096
772853,0.9999858004777634
772854,0.060677219059621944
772855,0.8628343566721812
772856,0.9984141763748278
772857,0.02592833631615065
772858,0.9999570855285629
772859,0.9461755160203649
772860,0.906286988166163
772861,0.8413757574062981
772862,0.03646949854049883
772863,0.8594505868115787
772864,0.029393510171372057
772865,0.476728746135362
772866,0.09148614536278046
772867,0.10411420695418057
772868,0.9996393296254406
772869,0.11533688908982259
772870,0.1381304116454559
772871,0.23771483723711362
772872,0.9999701817480086
772873,0.10598942020282481
772874,0.979618444867436
772875,0.9869715492831662
772876,0.03974900856803004
772877,0.9999825327285038
772878,0.9944040336053793
772879,0.10645107019179297
772880,0.9999485401939516
772881,0.0035364337829748706
772882,0.9973500776237163
772883,0.9848261917451608
772884,0.9998480837228007
772885,0.40091837742546993
772886,0.8491314391980926
772887,0.9708516547083433
772888,0.5332131553954206
772889,0.8045656247821641
772890,0.3469680958719931
772891,0.7374328094079801
772892,0.9348645128979756
772893,0.9775692676008263
772894,0.02809703848082319
772895,0.49398248993599064
772896,0.29059012817059526
772897,0.9999814710797383
772898,0.995711409652791
772899,0.5551337457859328
772900,0.9933303871193937
772901,0.9979370666294286
772902,0.999264384665886
772903,0.037247097627717114
772904,0.8020681096347777
772905,0.7952014294470553
772906,0.999633794357971
772907,0.03020462056447735
772908,0.03491810807335599
772909,0.9974426910729266
772910,0.9657995052733462
772911,0.9999739798557312
772912,0.8829350385324137
772913,0.9999716281895265
772914,0.7561362130383733
772915,0.9988313956532054
772916,0.09259874181925692
772917,0.5294376667205832
772918,0.9733489605705297
772919,0.9999723248092828
772920,0.5805677535726168
772921,0.11330615661645058
772922,0.9967470640490421
772923,0.4379016422820363
772924,0.6640632261912558
772925,0.0472985226227978
772926,0.8574479244672526
772927,0.9999868970284614
772928,0.6070550864453915
772929,0.9741400311154985
772930,0.994206194437431
772931,0.9997072052514189
772932,0.9998048843737875
772933,0.9997527602626832
772934,0.011793523111883805
772935,0.9999609383812644
772936,0.18626185570773948
772937,0.9767355879661277
772938,0.22460385401247066
772939,0.5056599577660266
772940,0.6498487634356196
772941,0.9950591305860882
772942,0.9998133498294136
772943,0.9990068638232577
772944,0.7522937635543503
772945,0.9997824368778795
772946,0.9940090808615656
772947,0.9686039982169459
772948,0.9737913019311972
772949,0.48492737176229245
772950,0.3472104820130214
772951,0.0675632854997792
772952,0.9999073181273712
772953,0.7959781173403487
772954,0.9997655990367401
772955,0.8763885037603583
772956,0.282638009211252
772957,0.005763576790066547
772958,0.9852835668162746
772959,0.05190510673829651
772960,0.5980275274179911
772961,0.9995160924610774
772962,0.9378052062159024
772963,0.9927495757379031
772964,0.10103975060574896
772965,0.9990030909490155
772966,0.9977646910729001
772967,0.999980507942758
772968,0.2356002476077735
772969,0.037965662781913725
772970,0.862748715718404
772971,0.9984464658400773
772972,0.04255573506705278
772973,0.13979917850816698
772974,0.8840961761357233
772975,0.9995079775258524
772976,0.6443003302320411
772977,0.09798607634487515
772978,0.9995861227535102
772979,0.07081783454974559
772980,0.21011152003395026
772981,0.9916148830414506
772982,0.47663256835162204
772983,0.03382824158776425
772984,0.9999920498553281
772985,0.3088761578942762
772986,0.802730010130922
772987,0.6908559177144311
772988,0.9993978806349391
772989,0.9729875275477504
772990,0.9995781536974278
772991,0.9998784048575534
772992,0.9999315582729733
772993,0.03183559961484606
772994,0.48068712445458167
772995,0.6144157745640486
772996,0.999853958311969
772997,0.9981084604507064
772998,0.9999841982106606
772999,0.9993935812871366
773000,0.7237031835160408
773001,0.9994287458264614
773002,0.5306066851896054
773003,0.007849607533302879
773004,0.21891575932403268
773005,0.9968774722733802
773006,0.8309339505439364
773007,0.9991916186943091
773008,0.9980533710146022
773009,0.997952069035318
773010,0.9978798278079217
773011,0.9996401673253466
773012,0.9999481987395729
773013,0.9999267651850896
773014,0.4716300671157888
773015,0.9132733815085639
773016,0.29364742619208367
773017,0.9158687097675055
773018,0.9939160218140486
773019,0.023241519752771635
773020,0.9998734226702541
773021,0.997051504958474
773022,0.9878310437991208
773023,0.999530148630984
773024,0.9417288691208048
773025,0.48819692335313003
773026,0.1849309630423157
773027,0.999887028414933
773028,0.6757457490825147
773029,0.9923225446551017
773030,0.9018020920544885
773031,0.9632804814884013
773032,0.9686901295946267
773033,0.9523918782721019
773034,0.9999541042668277
773035,0.9991015642925432
773036,0.8759821897745308
773037,0.6611920535814295
773038,0.13658929618532453
773039,0.720377709524792
773040,0.025039148827413156
773041,0.05318970197713392
773042,0.9798704056462841
773043,0.8562170283402715
773044,0.719217999117554
773045,0.24578905626281056
773046,0.9875341549124748
773047,0.9999365723681009
773048,0.9509600189733736
773049,0.8633652154889467
773050,0.07742206343157064
773051,0.9998043551578146
773052,0.6198402209366825
773053,0.516686601541475
773054,0.018742092589655666
773055,0.09784982567953483
773056,0.3180282555592067
773057,0.9919357662254997
773058,0.9998055059956168
773059,0.9921682746354765
773060,0.863115316722618
773061,0.8200877159476619
773062,0.9996565274562053
773063,0.11776308657312311
773064,0.9982539244420179
773065,0.8754153402292222
773066,0.9401460498839214
773067,0.25349490086340565
773068,0.4761487578557042
773069,0.3498576074903469
773070,0.9999414503664023
773071,0.058979086572013346
773072,0.6984554438356148
773073,0.05465196297174307
773074,0.9994678080193572
773075,0.1602156083667896
773076,0.23860442159492995
773077,0.502831703504337
773078,0.9851202725130356
773079,0.32704169652123183
773080,0.23252018960455578
773081,0.9997035874716291
773082,0.9831851372233971
773083,0.9998968491126162
773084,0.00810377348710913
773085,0.2848773830977937
773086,0.998533970328821
773087,0.9815339835142207
773088,0.35092757464876484
773089,0.09431513657666042
773090,0.19902836972411797
773091,0.9678368871569244
773092,0.9915087078756125
773093,0.9995956182156951
773094,0.9996021835153394
773095,0.988181641378131
773096,0.0015912395592854846
773097,0.23480127941480433
773098,0.29016772245028694
773099,0.14552058145961863
773100,0.723820327741947
773101,0.02111562602691386
773102,0.09264429102634154
773103,0.040175684714488256
773104,0.9301976825273661
773105,0.24951867709937722
773106,0.9982073617408087
773107,0.9991918748359758
773108,0.9458690241369543
773109,0.04396848599336273
773110,0.9970105308794843
773111,0.0241468645360647
773112,0.7589596752016909
773113,0.9954903675108268
773114,0.998272054964635
773115,0.875452169302358
773116,0.9997353189779669
773117,0.7800652806582786
773118,0.9825878001220909
773119,0.7459847793663323
773120,0.9988009807626357
773121,0.9494749338203166
773122,0.46713506678310535
773123,0.9998487532832477
773124,0.5257425751804407
773125,0.6039685211223532
773126,0.9621384114118747
773127,0.9998829691885597
773128,0.9649488854427959
773129,0.40499888287228586
773130,0.9997853002747977
773131,0.9994751309858747
773132,0.9936455700378761
773133,0.9999327669268878
773134,0.9870226497689981
773135,0.9312475630827295
773136,0.08222456436510978
773137,0.9992169929223443
773138,0.03236479402944208
773139,0.999292258775829
773140,0.5595999436839671
773141,0.9997235436153488
773142,0.13377690943153295
773143,0.9971083368598055
773144,0.48065279896209956
773145,0.9996078804425346
773146,0.9889035437806528
773147,0.9826108756420784
773148,0.46871091908188334
773149,0.9988651478639926
773150,0.9998655565501112
773151,0.9353785054894
773152,0.9999531760431806
773153,0.9998110617389837
773154,0.9042119509478801
773155,0.56606024062678
773156,0.48446217940912684
773157,0.9517230147110329
773158,0.9970877587460811
773159,0.3639142913224584
773160,0.9345378235391315
773161,0.9385963404836282
773162,0.9928090810872832
773163,0.21348298450724074
773164,0.8016375545754961
773165,0.06845313514428565
773166,0.7920110410775237
773167,0.9931458212825854
773168,0.9928606998527003
773169,0.029734050318611892
773170,0.6095321907857448
773171,0.9929514690761143
773172,0.9609151469430885
773173,0.22862515253614463
773174,0.5045669267764213
773175,0.6737606841462456
773176,0.01316581895255011
773177,0.9994965913109518
773178,0.9998311029572241
773179,0.5097927750481578
773180,0.9997440671406634
773181,0.9999260867036713
773182,0.07150835373924797
773183,0.9080250842372417
773184,0.06310897954329413
773185,0.9994288649685753
773186,0.999937188681083
773187,0.9998668988434306
773188,0.6513716472437789
773189,0.16637042739260063
773190,0.9668455837627062
773191,0.7349000767506452
773192,0.9869250200995915
773193,0.009971558021185305
773194,0.9998917645916149
773195,0.1632042290673469
773196,0.79346505494981
773197,0.6183264972808045
773198,0.40628456109419153
773199,0.9996467766458492
773200,0.45702110236040977
773201,0.6981742861318836
773202,0.9999578169529291
773203,0.9997253222309113
773204,0.6139444820128258
773205,0.06412563714257011
773206,0.9998988714890863
773207,0.8045662278742061
773208,0.9993560526627631
773209,0.3157586340604619
773210,0.7955719917711859
773211,0.9999703631889691
773212,0.3049824639378601
773213,0.9533333130017086
773214,0.31993181632486345
773215,0.00897343292627306
773216,0.9992077020302988
773217,0.9431505444839928
773218,0.9965721325664754
773219,0.11618634740519374
773220,0.1813802377541489
773221,0.2639578886185602
773222,0.9994713109457223
773223,0.9766531138780032
773224,0.036913032357509076
773225,0.0023338370822273045
773226,0.9772256977659746
773227,0.9415425091439433
773228,0.9932641911312398
773229,0.9360069674672806
773230,0.9998566278862646
773231,0.8079710714033981
773232,0.998475494863824
773233,0.9999459106902068
773234,0.8212547546956153
773235,0.9999572138785741
773236,0.9156319791359357
773237,0.5760492520215436
773238,0.005550374630219814
773239,0.9960770522882725
773240,0.7453080543901311
773241,0.99771265995906
773242,0.18919376336419272
773243,0.9379829701594662
773244,0.6820782780939254
773245,0.7812441583150131
773246,0.996824606835337
773247,0.9897821551711373
773248,0.6484398343191494
773249,0.7715097228123131
773250,0.9972858251197974
773251,0.999244066368494
773252,0.9480916468631132
773253,0.9921118613387929
773254,0.9854652600105618
773255,0.9994524182194644
773256,0.43064922531113947
773257,0.9989536969167687
773258,0.010577284366091459
773259,0.2368665572396612
773260,0.031002714137110015
773261,0.1119217800986543
773262,0.5230300182633173
773263,0.14424531786602518
773264,0.9987432001429992
773265,0.7442581389274169
773266,0.07839473372245938
773267,0.3674790477970925
773268,0.9999888129699354
773269,0.017255794176215093
773270,0.8377257869932705
773271,0.8925815914282329
773272,0.9872148832966983
773273,0.9993170492678549
773274,0.9639728125959987
773275,0.9997867571718373
773276,0.9994941047502329
773277,0.9886740509907248
773278,0.9977586386680838
773279,0.6215183972977968
773280,0.8405686268565097
773281,0.9966639638381244
773282,0.9914934962319855
773283,0.1082887357268488
773284,0.9999445599358245
773285,0.9978134618296991
773286,0.03263998194155616
773287,0.9997677438997397
773288,0.9998135862097266
773289,0.999867732419468
773290,0.021440192979493053
773291,0.06409997926143617
773292,0.963520480684025
773293,0.041877038506649235
773294,0.2296054963735441
773295,0.7504497233430576
773296,0.997418937349083
773297,0.058411718308881436
773298,0.010613278662570927
773299,0.028682432473532055
773300,0.9995370091322221
773301,0.10279508098629231
773302,0.9942277180139589
773303,0.9759828509298938
773304,0.9998892840237366
773305,0.9999026198509907
773306,0.14855197775318585
773307,0.9132383520849943
773308,0.9989594564503508
773309,0.5491205870596718
773310,0.4563541776415013
773311,0.9999644615190267
773312,0.0705139720268755
773313,0.07554407550288544
773314,0.1434802410498794
773315,0.9999732708933609
773316,0.9172817354223639
773317,0.8752948126465465
773318,0.9992955713692112
773319,0.9996525799416036
773320,0.9997927693818885
773321,0.9990033745444955
773322,0.6436462237069963
773323,0.00986545712903586
773324,0.287777203477533
773325,0.9810082697305127
773326,0.9793668940699153
773327,0.2741940602990967
773328,0.9985799125580593
773329,0.6561028332665979
773330,0.14582797923739213
773331,0.4994276545200657
773332,0.14385219217832457
773333,0.6550603736227695
773334,0.06278198946969757
773335,0.0565296984788729
773336,0.9472447321548955
773337,0.9996702598867335
773338,0.31458457574070253
773339,0.667576237752137
773340,0.6010942982858841
773341,0.9999735626030051
773342,0.9212734594654622
773343,0.9992758418745674
773344,0.9999368369260455
773345,0.7177728405008497
773346,0.8722813801853172
773347,0.9940134417687235
773348,0.9982994384287708
773349,0.999785536011371
773350,0.007885287859059904
773351,0.9968786642662355
773352,0.9380518627489388
773353,0.6432115870882252
773354,0.855596244657727
773355,0.993778388597254
773356,0.26606946310699503
773357,0.2662129774430102
773358,0.9264773112801085
773359,0.995128077953096
773360,0.9978607826906616
773361,0.9996648581658849
773362,0.999471746804625
773363,0.007043582258278864
773364,0.7747767355268169
773365,0.9851008152364104
773366,0.991349661036496
773367,0.9994611412109453
773368,0.9959226974324606
773369,0.7879764324369454
773370,0.0834203180299949
773371,0.998740422640339
773372,0.8808086129132746
773373,0.9632507139430454
773374,0.12881962403817504
773375,0.9999500050797927
773376,0.999963662682118
773377,0.9932914830415276
773378,0.9732888236186936
773379,0.05011996071488755
773380,0.03489651142723426
773381,0.999980234662849
773382,0.7954487018534321
773383,0.06747670448033953
773384,0.9910459593970136
773385,0.6321589195129881
773386,0.9995303687360914
773387,0.9407529200123503
773388,0.008235763858517113
773389,0.9991838572225918
773390,0.9995294659155554
773391,0.9996929095401602
773392,0.47492415729537163
773393,0.9995877139724061
773394,0.9329851286458364
773395,0.5239548957348921
773396,0.9998524434343392
773397,0.9751719638387238
773398,0.7899010258807315
773399,0.6669434109945845
773400,0.4360745836038875
773401,0.9985541196907348
773402,0.9999682843351086
773403,0.42588711765134146
773404,0.5795803620571747
773405,0.8343011262002459
773406,0.6437276637273668
773407,0.6959558872667864
773408,0.2669453550358812
773409,0.9997400032382107
773410,0.23350106502425277
773411,0.999962721168293
773412,0.3160672642056345
773413,0.9666789579933454
773414,0.10090338144062541
773415,0.9995869497055199
773416,0.2645145435083958
773417,0.8569497325035135
773418,0.05882377123524539
773419,0.8247034097879271
773420,0.999905219450451
773421,0.49474779526837265
773422,0.9972100602792046
773423,0.9999006622712583
773424,0.14673572804449134
773425,0.9996734552927158
773426,0.996075671355034
773427,0.99633781375116
773428,0.9995893418256427
773429,0.9976187240417624
773430,0.9995205856926609
773431,0.0337164959697478
773432,0.5977076232377738
773433,0.059412962687486304
773434,0.9326938086497721
773435,0.9963779882895204
773436,0.630628517651866
773437,0.06019376639391755
773438,0.9797299890104986
773439,0.999032692978958
773440,0.9981297214569052
773441,0.8095291745153889
773442,0.9977868508565626
773443,0.9312081571863096
773444,0.7333569771108601
773445,0.040015926558834805
773446,0.605748870938146
773447,0.6126227421780035
773448,0.999930095393662
773449,0.9997966029076063
773450,0.2943310713567543
773451,0.9625107804860752
773452,0.3775935620603975
773453,0.9546717405516292
773454,0.10393660987142742
773455,0.8425202229345534
773456,0.977288234545284
773457,0.6042335497012277
773458,0.9997333274205427
773459,0.9984491317759943
773460,0.9838126684114612
773461,0.9978642021285793
773462,0.34997099050264924
773463,0.9998858743495247
773464,0.9996076069101985
773465,0.5251687609888018
773466,0.999727086770038
773467,0.17628629477958208
773468,0.055037381526522516
773469,0.398301719989918
773470,0.08677606907225367
773471,0.9868772187163721
773472,0.9626917967942361
773473,0.004210058484419455
773474,0.9997318209430105
773475,0.9942316003955722
773476,0.9484194663426974
773477,0.1428748484366884
773478,0.724862133723269
773479,0.05706629695319855
773480,0.9992898672224515
773481,0.854724959252859
773482,0.999878846594053
773483,0.7107371982277011
773484,0.6959945204395658
773485,0.6920153630847806
773486,0.9988634595699621
773487,0.9999787809480793
773488,0.9774802306089061
773489,0.9999731476989949
773490,0.05000425909039162
773491,0.999945123747319
773492,0.3133970463205129
773493,0.24045444019401707
773494,0.5129801255776776
773495,0.9999166846589562
773496,0.09195486803784308
773497,0.1880628539770867
773498,0.5279833353393752
773499,0.9236194096548783
773500,0.8963748773032759
773501,0.9956155939108118
773502,0.551532199477229
773503,0.9899193287669759
773504,0.648805197305907
773505,0.9997758909353789
773506,0.014658586172361694
773507,0.5722544423705948
773508,0.9990862205517481
773509,0.9999657631492396
773510,0.9994881491239367
773511,0.48287119040999715
773512,0.9999162991137447
773513,0.1371167326418125
773514,0.014635526022619916
773515,0.703596672521994
773516,0.9334699734911154
773517,0.2727011942528857
773518,0.0036960974178998508
773519,0.022409383362241252
773520,0.8260520255942183
773521,0.789996469895611
773522,0.9923432452916816
773523,0.9987831674135247
773524,0.9992230195677623
773525,0.9761389067194379
773526,0.9997974947643452
773527,0.9999786428661096
773528,0.8522957306463209
773529,0.9999507211074765
773530,0.7972952560274701
773531,0.1567145122872508
773532,0.4732232032319976
773533,0.9970204673091976
773534,0.16485635163975013
773535,0.9994831691902819
773536,0.9998286384185545
773537,0.9434095677961393
773538,0.9994609061594263
773539,0.25357993188561156
773540,0.942147625126134
773541,0.957536694907809
773542,0.4729966412790857
773543,0.9999006614435579
773544,0.9769829445795898
773545,0.8310540156223101
773546,0.9999372894234402
773547,0.2521728290318247
773548,0.9608850006096317
773549,0.7500604508372651
773550,0.11451475661552041
773551,0.9937250156640096
773552,0.9998551682716339
773553,0.08298047646390772
773554,0.9079005032552481
773555,0.9999737298172895
773556,0.9999738633141013
773557,0.2706100858933356
773558,0.3036254508985582
773559,0.9948490448836785
773560,0.2655984183399961
773561,0.7575977231464517
773562,0.4431662361859
773563,0.9171757026563797
773564,0.9915231044927244
773565,0.9958290115867502
773566,0.9986738218806558
773567,0.9999398816828894
773568,0.9994242491406118
773569,0.997008215396038
773570,0.9413713589394715
773571,0.09206154325498156
773572,0.025616903003866626
773573,0.999970756168122
773574,0.008894415042285794
773575,0.9998068867333897
773576,0.976884037790551
773577,0.9562173017881778
773578,0.9523575256609405
773579,0.9411295985458947
773580,0.5444977490772095
773581,0.9931861592693729
773582,0.7795319521681119
773583,0.899999240278863
773584,0.9265112813096066
773585,0.008764950398884091
773586,0.7617351878844225
773587,0.2701033441308827
773588,0.27741089458208046
773589,0.9460976990090108
773590,0.6784220817235553
773591,0.9976049667405587
773592,0.008638522202928076
773593,0.9999463124096346
773594,0.03363991215294417
773595,0.026655289237988496
773596,0.9975137439529124
773597,0.888276168621436
773598,0.7884310555687456
773599,0.747252902432542
773600,0.05725451650840218
773601,0.022672280568593915
773602,0.03909104453573987
773603,0.9996466851009288
773604,0.8285529582023232
773605,0.13760097653286052
773606,0.04644565607950711
773607,0.9996804507780921
773608,0.30941041514468504
773609,0.6875221850459869
773610,0.5551407957948912
773611,0.006086836441573838
773612,0.011086413378617184
773613,0.9993151983492616
773614,0.9995197293002
773615,0.7230385219451572
773616,0.9999701709602908
773617,0.8316179953081753
773618,0.9999706240084842
773619,0.03529907306602611
773620,0.9950328131977885
773621,0.035109378788758076
773622,0.008244722418091856
773623,0.013820933899035246
773624,0.6527992193784827
773625,0.9602135847831288
773626,0.9997864908562226
773627,0.8039945655450954
773628,0.9769621326269925
773629,0.4295033044026043
773630,0.7792988113445664
773631,0.654626232354369
773632,0.9998356556039498
773633,0.9952329508263913
773634,0.8003760271924273
773635,0.9941408536534697
773636,0.05702281339890883
773637,0.15980974888197064
773638,0.9846097123450659
773639,0.9829771080039542
773640,0.9691819999575599
773641,0.4345014873145539
773642,0.8131706827009065
773643,0.7313572388560639
773644,0.9982650838708317
773645,0.04328962829494562
773646,0.6121549039231381
773647,0.724695062594144
773648,0.9999600762260021
773649,0.7650912724582644
773650,0.8392333843378188
773651,0.6334482215889071
773652,0.9988893939466371
773653,0.9709312708063684
773654,0.9904214369022282
773655,0.9998664649803497
773656,0.32875937861035376
773657,0.9589647078640015
773658,0.8350252311053863
773659,0.42658643728279244
773660,0.6174544930895626
773661,0.9753668646014252
773662,0.3345788967819423
773663,0.9915445500730953
773664,0.14339092909103862
773665,0.9866042443865586
773666,0.9803148665955774
773667,0.9828026233399605
773668,0.1037248247535299
773669,0.992862735636772
773670,0.11526190611795115
773671,0.9974711215434527
773672,0.9658628092248733
773673,0.8872469526165108
773674,0.06003052504119687
773675,0.9083646333048434
773676,0.47276129990249155
773677,0.9996235834031725
773678,0.9586770005497927
773679,0.9999339537678296
773680,0.2384946091111671
773681,0.5041185684532854
773682,0.9971106381113611
773683,0.2108566911095496
773684,0.003312258249889328
773685,0.9967870945774702
773686,0.9826635257735801
773687,0.05225071212654459
773688,0.9734291698975008
773689,0.986178529249888
773690,0.6921693682992502
773691,0.9979519180244834
773692,0.04320432508079254
773693,0.13962667044186508
773694,0.03716046550597099
773695,0.9814467595185417
773696,0.060205718243460604
773697,0.9950340481296455
773698,0.7279946537479252
773699,0.9983191367107673
773700,0.8446360619928606
773701,0.9966777908026095
773702,0.9981841353940213
773703,0.999960307148043
773704,0.9995098779657607
773705,0.9518838025718458
773706,0.9992226484860789
773707,0.9890917135728237
773708,0.919715032741355
773709,0.015472055668387025
773710,0.012334171943566823
773711,0.4445532715243945
773712,0.7251695948637107
773713,0.1495343586927737
773714,0.009384100362899248
773715,0.9904839262789761
773716,0.8246956265739906
773717,0.02890425940460507
773718,0.999943728474753
773719,0.8715745422336965
773720,0.6806095011012714
773721,0.5766473008498142
773722,0.9989667381325417
773723,0.6532722232912118
773724,0.999939507437506
773725,0.9775819757665083
773726,0.9914309088676077
773727,0.817505556075542
773728,0.21815916793500756
773729,0.029239368121254997
773730,0.9874653052596064
773731,0.008375306744635946
773732,0.9990678638769572
773733,0.4331623523026992
773734,0.09561073576165258
773735,0.7849534133604514
773736,0.9997676798100184
773737,0.9934142283127994
773738,0.9973961853229444
773739,0.9834974812787038
773740,0.9969944947005381
773741,0.9992551705582307
773742,0.04161275935984167
773743,0.9998467741144371
773744,0.9999569922382665
773745,0.6776461773315167
773746,0.7466450217753825
773747,0.9936587675771482
773748,0.6964692526969686
773749,0.9996611076202513
773750,0.9580207859429369
773751,0.9997572764143324
773752,0.9267767115902472
773753,0.9999270822662522
773754,0.7319209463504863
773755,0.2081579200406423
773756,0.04199441052579731
773757,0.577376002757316
773758,0.7360427743357885
773759,0.9422894008176619
773760,0.988830263113281
773761,0.6463662065881024
773762,0.5328419735619107
773763,0.06324922675879399
773764,0.9850994093351538
773765,0.989805389675432
773766,0.9999230470988616
773767,0.6599786461601709
773768,0.7634560808586033
773769,0.4112634060748983
773770,0.9949892990045623
773771,0.0019356824967432878
773772,0.9999648110311834
773773,0.9997425331039758
773774,0.9882318276246711
773775,0.6757266571499458
773776,0.4979332651467293
773777,0.4395710584217413
773778,0.9980842875062887
773779,0.9998034960814441
773780,0.9998954594562991
773781,0.9928964969124832
773782,0.27888136691751625
773783,0.8813211185486001
773784,0.9998338899322177
773785,0.9990700348811683
773786,0.3579262981748191
773787,0.9988559083061962
773788,0.42273479221453736
773789,0.400439320099797
773790,0.03442803189887837
773791,0.3399496755246958
773792,0.9998556091413234
773793,0.9717053770958278
773794,0.9864041943111748
773795,0.9998639913151197
773796,0.9994983844646945
773797,0.5877623680812256
773798,0.9997866584302202
773799,0.00962740642262729
773800,0.9991677061042992
773801,0.972475299588124
773802,0.9998164060978534
773803,0.018733872209662238
773804,0.6208686988595895
773805,0.9991417740523725
773806,0.9751007766069157
773807,0.9912567045264109
773808,0.9999209736506669
773809,0.06805356662052849
773810,0.9206413152330465
773811,0.24169492627822303
773812,0.7499600895685012
773813,0.9999250100068688
773814,0.033161843235920155
773815,0.765711977423571
773816,0.999922076377372
773817,0.9946197951218929
773818,0.9704815761786516
773819,0.9995758775301345
773820,0.9803849088904681
773821,0.9108011210007524
773822,0.6078455347916076
773823,0.9999493231853269
773824,0.9886173706408429
773825,0.9895404111251372
773826,0.9938147796379021
773827,0.08521699931077181
773828,0.4455227043919528
773829,0.9999262003710125
773830,0.017961881700481387
773831,0.9992208070381216
773832,0.5137024259039944
773833,0.9328065936288641
773834,0.9812219614778385
773835,0.15491288369249281
773836,0.9992261758629208
773837,0.9997519803602801
773838,0.01601521338173344
773839,0.29710674815695426
773840,0.5005886951593755
773841,0.20415745358896495
773842,0.9992662757324994
773843,0.25805944434685013
773844,0.5611829412560175
773845,0.9996732926688989
773846,0.9044670439347503
773847,0.9978766291585903
773848,0.999691940639569
773849,0.9834025131638098
773850,0.6876127083991133
773851,0.9980668342932397
773852,0.09355525197341685
773853,0.8266396447865271
773854,0.5972984535444026
773855,0.84695470613503
773856,0.38370988566942876
773857,0.9923718712207394
773858,0.9993428295256236
773859,0.8881763395338029
773860,0.04883318787955785
773861,0.9233835798941972
773862,0.9928892621071399
773863,0.9353332754805099
773864,0.9938850172301263
773865,0.9120628079460633
773866,0.1591258622565837
773867,0.2809396991483935
773868,0.9345705947812178
773869,0.7684215805363528
773870,0.9985461751984106
773871,0.9152504197556977
773872,0.4762656965995491
773873,0.996670474052544
773874,0.9995664709595949
773875,0.12508445038766428
773876,0.9917014269416576
773877,0.9077939410543198
773878,0.9979303372997104
773879,0.9541795464221781
773880,0.9647696100732788
773881,0.16506484569088628
773882,0.9997120981542328
773883,0.44279445070927115
773884,0.9700076049142099
773885,0.999671470374678
773886,0.9993289352394438
773887,0.9517445980887199
773888,0.8374760806841337
773889,0.9813563350452406
773890,0.5959852760445873
773891,0.999815475908901
773892,0.9998459441036882
773893,0.46295357552426686
773894,0.7084212763277573
773895,0.9871452828176548
773896,0.8390925640553695
773897,0.9997649015844352
773898,0.350599639243404
773899,0.45964026898245897
773900,0.9995742185460106
773901,0.17437433995607432
773902,0.06994871557342264
773903,0.2811714486075675
773904,0.6305736156758999
773905,0.49117942417386057
773906,0.9992676262063961
773907,0.999798471019418
773908,0.5142988250574937
773909,0.08311634621864733
773910,0.7384864360738381
773911,0.9995014552736547
773912,0.9838114429237015
773913,0.006906322143472624
773914,0.045525903971782786
773915,0.04922374660809318
773916,0.10918192942507118
773917,0.9997547989679247
773918,0.020234666692271183
773919,0.4883609761519891
773920,0.9540838354312252
773921,0.9881931974831974
773922,0.9999132916596916
773923,0.9996729062998733
773924,0.9175568640850587
773925,0.9944968734901831
773926,0.059714677014397505
773927,0.9983459396024876
773928,0.8044708436719488
773929,0.9138211510506449
773930,0.8225416577392486
773931,0.09512435953116416
773932,0.9995594303286321
773933,0.9843675757107585
773934,0.20501791757587506
773935,0.9159966853387985
773936,0.9998220409383487
773937,0.9994821721559268
773938,0.48663547623345804
773939,0.8704059943527874
773940,0.9996735482737495
773941,0.469995734260082
773942,0.972491126884865
773943,0.08289414497261104
773944,0.9845865197348174
773945,0.9997033665699273
773946,0.7580049188662451
773947,0.5019659140301701
773948,0.9906483607409134
773949,0.9980807844741005
773950,0.0312487884792038
773951,0.03145558911614871
773952,0.09657426845815165
773953,0.5477956637174871
773954,0.9865987611106202
773955,0.060453955663835546
773956,0.9895847554185611
773957,0.9972916222823685
773958,0.9938123752661353
773959,0.4329276921728843
773960,0.7716097680487483
773961,0.5954352734395196
773962,0.374040116834971
773963,0.9957352294308881
773964,0.16887944302652985
773965,0.9998850036505158
773966,0.00929940509712728
773967,0.9371306692255704
773968,0.05941400283543316
773969,0.3946486294969174
773970,0.9997304196121012
773971,0.9762957200256343
773972,0.856996437919659
773973,0.9940893148652915
773974,0.9980761609437687
773975,0.8879327376718034
773976,0.9980336200754583
773977,0.057943910236978674
773978,0.9999719481083009
773979,0.5521172958828394
773980,0.21093546402233865
773981,0.9670709353819824
773982,0.9999372180953356
773983,0.02910461580328888
773984,0.9998606019876549
773985,0.9111625585344575
773986,0.9009271367801264
773987,0.9979595232709632
773988,0.5233897351697427
773989,0.002185686266383611
773990,0.9997811596929296
773991,0.6523610498967589
773992,0.9230846219888127
773993,0.9995424084787954
773994,0.9974906073477019
773995,0.9976222018873013
773996,0.061038213386514564
773997,0.9999875997993897
773998,0.9999529949103009
773999,0.005148065131178429
774000,0.9999862377983513
774001,0.9999854780024284
774002,0.9998466157424686
774003,0.2031211169487708
774004,0.8028691916125019
774005,0.043486683185053776
774006,0.40722608945382777
774007,0.6725932352235109
774008,0.996412887652876
774009,0.9944867560808388
774010,0.9993641805620919
774011,0.762982208780554
774012,0.03627266556136259
774013,0.4074148651054045
774014,0.9942030730241215
774015,0.9523315649490482
774016,0.9117944867028789
774017,0.9963851191438312
774018,0.9999878607677964
774019,0.7983400848875466
774020,0.9983245249582995
774021,0.7190526149905965
774022,0.37722775618429194
774023,0.9997887518955493
774024,0.21797974194724096
774025,0.999708917738122
774026,0.05448664456685281
774027,0.9638736157518212
774028,0.9999457182846976
774029,0.9998741077277162
774030,0.8309772272127287
774031,0.05810321795776392
774032,0.9572471145158603
774033,0.9462277750688415
774034,0.942254139031376
774035,0.9999754997170698
774036,0.0017247366237252465
774037,0.8602032520210213
774038,0.12870515322795584
774039,0.9800588365486718
774040,0.9970747916233442
774041,0.838265419109263
774042,0.936786345109788
774043,0.48074454286975776
774044,0.3839600946544809
774045,0.9977194456741703
774046,0.9936187677405921
774047,0.9908378212497391
774048,0.6637404445148547
774049,0.9925371929584836
774050,0.9054015772521453
774051,0.29412525389473354
774052,0.9311039716764281
774053,0.9990854700342575
774054,0.830407962988622
774055,0.999846297224802
774056,0.8743669107166342
774057,0.013870508995030378
774058,0.9244601376081634
774059,0.7950337155590215
774060,0.20259927874139594
774061,0.9994685641632182
774062,0.9913143366976627
774063,0.9777839734922738
774064,0.9995139244671658
774065,0.09833879213384766
774066,0.03527190463318946
774067,0.9989341061679189
774068,0.5306986305624448
774069,0.9997513736847138
774070,0.9995827438332168
774071,0.6267492500942162
774072,0.5577342628286338
774073,0.011351843985788644
774074,0.9358966795791699
774075,0.9967786479479768
774076,0.6176512595738273
774077,0.045277698158694146
774078,0.999061463120549
774079,0.4984349643223655
774080,0.3127697360306094
774081,0.9557368233294239
774082,0.4723746785005393
774083,0.48084982860404624
774084,0.7901502805223639
774085,0.9985796555998976
774086,0.9996006808766964
774087,0.35984270532603907
774088,0.985266089438076
774089,0.9996960512555448
774090,0.9983085730515435
774091,0.9117958180928463
774092,0.9939066082665449
774093,0.9995840635803519
774094,0.925692229203884
774095,0.9980491688346187
774096,0.0034201400922761263
774097,0.07388552385881876
774098,0.029994252727431128
774099,0.014546777297521251
774100,0.11614366699333799
774101,0.5994691999174212
774102,0.9929543616413566
774103,0.999985618166085
774104,0.9998468341569169
774105,0.38052917621010196
774106,0.9998479576114792
774107,0.4774063469537626
774108,0.4986783041010334
774109,0.9972873563596878
774110,0.9999885226547383
774111,0.21735566017849234
774112,0.6888391862062206
774113,0.9899104870985136
774114,0.7464698419372463
774115,0.1871666078956336
774116,0.4408686965640438
774117,0.9999118193168021
774118,0.054260540569053606
774119,0.8516821760175566
774120,0.8947512024615667
774121,0.4468229608174985
774122,0.3071192565261588
774123,0.9996090528008164
774124,0.5615270295971384
774125,0.04253713106062385
774126,0.11127398303997316
774127,0.05661659988956054
774128,0.9973414010711097
774129,0.662942116448459
774130,0.9326045332359181
774131,0.9891745029212167
774132,0.8806126886283958
774133,0.1613364690051472
774134,0.5288912736832948
774135,0.9135774695917391
774136,0.811437054317909
774137,0.9966809628448134
774138,0.6006744578800814
774139,0.6335896726924295
774140,0.9571470672432125
774141,0.991579104491514
774142,0.010954195482401943
774143,0.9937321968749507
774144,0.9990287575190855
774145,0.9997518326403748
774146,0.9814634274203569
774147,0.007934452981141343
774148,0.8434433610380475
774149,0.7100095765400734
774150,0.6547265983641064
774151,0.9907276644168566
774152,0.3601376325072487
774153,0.07224015272859598
774154,0.9992828894693438
774155,0.9736754387117204
774156,0.9715321639595289
774157,0.6452297486074948
774158,0.14292578371268982
774159,0.9995010097965952
774160,0.9964031248171343
774161,0.9950982747960972
774162,0.305122711299253
774163,0.8092859916309865
774164,0.3728579109726582
774165,0.9882415202044956
774166,0.9972373792500622
774167,0.6951079649372686
774168,0.999424353112019
774169,0.22855120197119244
774170,0.9623162654387978
774171,0.9995352601585624
774172,0.022114955262334302
774173,0.4758668403513656
774174,0.9960500866111717
774175,0.15983802057679075
774176,0.8026768629481781
774177,0.8103593794668
774178,0.3986517449117041
774179,0.4848740661383816
774180,0.01982629928923819
774181,0.14760853627032466
774182,0.07500813700602488
774183,0.9973436140923678
774184,0.9999732857948325
774185,0.8727955233422062
774186,0.8261263852015576
774187,0.9926491677507545
774188,0.9972124783685377
774189,0.9476773923584103
774190,0.9987494672871895
774191,0.9210322867606735
774192,0.9852745911224702
774193,0.9937256475858033
774194,0.8564558376988898
774195,0.9988775580432325
774196,0.022773038444810885
774197,0.9919842515945728
774198,0.9999583335716402
774199,0.9540510984474733
774200,0.178607486118744
774201,0.7617517061472654
774202,0.920526075736572
774203,0.9988000285393377
774204,0.004915454890898906
774205,0.9974191572615443
774206,0.5794654123345745
774207,0.4487695791701434
774208,0.9632170338577923
774209,0.7751174874241835
774210,0.9993243828945395
774211,0.7521171112559231
774212,0.030216730146613534
774213,0.9181896090387421
774214,0.99863373357686
774215,0.8293382905831033
774216,0.9976077311824354
774217,0.9976704888191141
774218,0.9999365038110373
774219,0.2327558122977258
774220,0.45830515706829705
774221,0.9899261565551413
774222,0.5700864968505632
774223,0.9987863172618126
774224,0.6596054097764164
774225,0.3057499205702832
774226,0.2158342036179201
774227,0.7624106644782542
774228,0.41631688738478534
774229,0.9995750942382433
774230,0.3899022699027753
774231,0.16693675754381945
774232,0.9864479583664376
774233,0.9999760257616882
774234,0.8061091966281876
774235,0.9806087207486648
774236,0.9998107944426656
774237,0.9999915005460512
774238,0.9999767052235304
774239,0.9977783956326075
774240,0.9941582937713787
774241,0.6950372600961572
774242,0.8917057451716499
774243,0.9999735016847309
774244,0.9995467271107439
774245,0.9997094505907813
774246,0.8489163857000306
774247,0.9960170707378694
774248,0.9998374209888663
774249,0.00621850323556607
774250,0.13904524689326658
774251,0.24723988768917252
774252,0.2180697789808851
774253,0.9856672215847613
774254,0.9978281745093174
774255,0.03489331904545075
774256,0.17539059398422757
774257,0.17556719468405413
774258,0.9750363586375399
774259,0.8222934851906345
774260,0.4931496798858507
774261,0.9980571713009236
774262,0.47524925369914567
774263,0.36404181256189155
774264,0.2686949173768135
774265,0.9998261480445159
774266,0.15461396748392764
774267,0.998870929377426
774268,0.9619293639655193
774269,0.9919385560998484
774270,0.9967849319059348
774271,0.25062848582181524
774272,0.5116900760069907
774273,0.986073673808477
774274,0.9999729359737767
774275,0.8301550237804962
774276,0.9999029214949555
774277,0.9999443378501905
774278,0.999035279500051
774279,0.060717957005734645
774280,0.9997886039350563
774281,0.37114646063684137
774282,0.9987000411170048
774283,0.9950736926673598
774284,0.0171480218933402
774285,0.11946018083034089
774286,0.9981067963012539
774287,0.9948952126018158
774288,0.13997934064132636
774289,0.01070859698946963
774290,0.2786475455487303
774291,0.018686117979778184
774292,0.9997381981196791
774293,0.11007987183517796
774294,0.9999738655676642
774295,0.27670512892664717
774296,0.2569170100661672
774297,0.6613831359441759
774298,0.9999456960857012
774299,0.9996178287464191
774300,0.7045574211379301
774301,0.02511397182395942
774302,0.23092509535785744
774303,0.13008667103497046
774304,0.9565423334910762
774305,0.9478542582833783
774306,0.9122407775920803
774307,0.9999587768338021
774308,0.61314192594981
774309,0.6289868350164786
774310,0.9793405384233462
774311,0.999646185344965
774312,0.9977476713884454
774313,0.9997332844175943
774314,0.06939929123438365
774315,0.16774547823853636
774316,0.2713680329326378
774317,0.8853310131848622
774318,0.9994563313830934
774319,0.9998888114913828
774320,0.01792403120116432
774321,0.8238616130285334
774322,0.12599492363613946
774323,0.9340738836672058
774324,0.9995569485863907
774325,0.5961777014479719
774326,0.9959690950875029
774327,0.8476098005391546
774328,0.06271217828695486
774329,0.433423953540742
774330,0.9843606620400028
774331,0.9996493316879927
774332,0.9936649236382812
774333,0.9951202968334991
774334,0.9999299758597309
774335,0.3460449000533272
774336,0.568332579891574
774337,0.9223496880147994
774338,0.24661250633221124
774339,0.48281908618524216
774340,0.6538912135656867
774341,0.9858515696526979
774342,0.9990972832470058
774343,0.9994824125041675
774344,0.5880802256054225
774345,0.9978949221236235
774346,0.8502987212037856
774347,0.844556980177577
774348,0.6986927080993721
774349,0.9999412942121912
774350,0.9966436510565599
774351,0.9969740021052111
774352,0.9986057337331415
774353,0.999570414074336
774354,0.039713418173034996
774355,0.29424568919367683
774356,0.9693522434615709
774357,0.7737484716028491
774358,0.9400843400425684
774359,0.6827679345194715
774360,0.14377590099158893
774361,0.6126089753692799
774362,0.9994867784422785
774363,0.9998627096421724
774364,0.9999301234968854
774365,0.9998378159368715
774366,0.9992554427516855
774367,0.09202364522058865
774368,0.5473125902256654
774369,0.058074548527279515
774370,0.9987416439841854
774371,0.7196968961828981
774372,0.061397848215914555
774373,0.9182690777171363
774374,0.9999639212612562
774375,0.713926907283131
774376,0.9976411153978145
774377,0.02303018603106277
774378,0.5811220513294026
774379,0.040149812499198016
774380,0.9809757216480275
774381,0.9870661946557144
774382,0.06294858630318784
774383,0.999979793364384
774384,0.7289373481624153
774385,0.9999026638135305
774386,0.06318348284577037
774387,0.18903235300834992
774388,0.9984897380386227
774389,0.21835250767661746
774390,0.9631380955204971
774391,0.9507740277101137
774392,0.916499937219968
774393,0.6378942465899027
774394,0.8001836717585269
774395,0.9961027245080935
774396,0.8785567746865404
774397,0.18535441540719816
774398,0.9485400842747478
774399,0.6106971974487574
774400,0.9969768367252181
774401,0.9436083664135908
774402,0.9510857490731642
774403,0.3142465830050615
774404,0.1714429417174685
774405,0.8013286352899642
774406,0.5286610756591894
774407,0.6231755172120801
774408,0.99402490873249
774409,0.9687758977206624
774410,0.9995835284763006
774411,0.9625116741728762
774412,0.9997271043689447
774413,0.9854326551332014
774414,0.9928875262305746
774415,0.21352807041343363
774416,0.060778333772770435
774417,0.6937565357730849
774418,0.5343545276689042
774419,0.99987582880477
774420,0.9999002792608452
774421,0.9209366337613094
774422,0.999405312988832
774423,0.8453811194462945
774424,0.7071069843342231
774425,0.9999128151501587
774426,0.7893594598840203
774427,0.9999576133424333
774428,0.8117429828164686
774429,0.9986969159093416
774430,0.046021286711340224
774431,0.04535937240946519
774432,0.4557982014784623
774433,0.999943800932722
774434,0.9708115337701249
774435,0.3018841596800466
774436,0.062024884359519326
774437,0.4037636681707719
774438,0.999944690535361
774439,0.9554559409899643
774440,0.6103700250920856
774441,0.9001067983541972
774442,0.994141423084771
774443,0.38581609688011764
774444,0.4099972373091363
774445,0.9983796502838904
774446,0.9997055098851232
774447,0.3492656202972318
774448,0.7716129928388513
774449,0.042832933951797075
774450,0.366749677656318
774451,0.4806092460446576
774452,0.9964048283673537
774453,0.5982597387601062
774454,0.9630539298554669
774455,0.2183700453063701
774456,0.22618619290135178
774457,0.8725030121597597
774458,0.9334483904852051
774459,0.770744304433121
774460,0.3787458914753552
774461,0.3545600383717733
774462,0.24815951756247923
774463,0.6071712365470182
774464,0.7763163835792382
774465,0.9958321310702392
774466,0.9984804931415698
774467,0.07576775651786004
774468,0.9903746288912264
774469,0.9994819579624479
774470,0.5502547722106949
774471,0.8944611890681258
774472,0.9990437937732828
774473,0.6387969154671529
774474,0.9999720069604782
774475,0.106946866659311
774476,0.9994974710908775
774477,0.9997859105366597
774478,0.2405469466596173
774479,0.015189999511175353
774480,0.006552272968141295
774481,0.9900505242838007
774482,0.999177085394642
774483,0.999943337984259
774484,0.8516828747781299
774485,0.8407561748312034
774486,0.9998290610101566
774487,0.9997592537794235
774488,0.6775824041496447
774489,0.1352393549959136
774490,0.9867619031560216
774491,0.9983121571968983
774492,0.9940588844600509
774493,0.9854437929511263
774494,0.9998810951153176
774495,0.9999753699052728
774496,0.9999225714543792
774497,0.999789902499136
774498,0.9998885540877779
774499,0.991565629463079
774500,0.3192471682443345
774501,0.9989710136273582
774502,0.999797992092
774503,0.9989225241321835
774504,0.9994766942753739
774505,0.1023200029459832
774506,0.9998424438269324
774507,0.1325671538226371
774508,0.9997381703180507
774509,0.9998573826056459
774510,0.9998196083510983
774511,0.9994427389185805
774512,0.8642986952916187
774513,0.9130627720706754
774514,0.20354452977979362
774515,0.9999449921815058
774516,0.6517001351052458
774517,0.026710033976620497
774518,0.04184703029617455
774519,0.21017027989835743
774520,0.9997558103527613
774521,0.9956324490779037
774522,0.04373388632492857
774523,0.9997879529150837
774524,0.8660964934735111
774525,0.19879816032818587
774526,0.015799869838786545
774527,0.6872833030053827
774528,0.9958374008083899
774529,0.8657764160820753
774530,0.9915093546415269
774531,0.985962858166243
774532,0.999235049117507
774533,0.5136321273558357
774534,0.9998086551315276
774535,0.9911654935867211
774536,0.6202934423762605
774537,0.998237845207135
774538,0.9384325368489385
774539,0.9997958819467565
774540,0.19950098584434306
774541,0.7450449127800689
774542,0.7540822083673991
774543,0.3725768849841215
774544,0.9692927747657222
774545,0.34189452760505634
774546,0.2972346002412823
774547,0.9995185360127592
774548,0.9974993040039819
774549,0.20479232168200573
774550,0.9999510111828873
774551,0.9999443707616723
774552,0.003090852539078042
774553,0.9978770834889659
774554,0.8298266172345146
774555,0.8572931385352418
774556,0.08743777609308571
774557,0.3649342397990111
774558,0.8549317007654176
774559,0.9825713917015046
774560,0.4102276330928176
774561,0.8696237724204696
774562,0.4673709118071875
774563,0.00276335855650115
774564,0.07320789911318962
774565,0.0019726878762033728
774566,0.9793861362378912
774567,0.9998096897863458
774568,0.778477602687436
774569,0.600463772249323
774570,0.9957283512848667
774571,0.8118453087844871
774572,0.028209408973938397
774573,0.36899491307279886
774574,0.99966671103254
774575,0.31540705343457365
774576,0.9467215292419194
774577,0.29084085098942875
774578,0.08422498690644004
774579,0.9998134784681628
774580,0.8005973877118476
774581,0.9999371906958048
774582,0.021027172134654153
774583,0.31841447994331096
774584,0.2195056832199964
774585,0.9999127621437929
774586,0.7555292091042476
774587,0.8292489168828685
774588,0.9996730474457416
774589,0.15937602588213629
774590,0.9892170513039181
774591,0.5931990105047149
774592,0.9981782807686171
774593,0.05475534030011678
774594,0.9665281023420165
774595,0.8326440416752463
774596,0.9997595536352641
774597,0.9972326021096387
774598,0.9999029873310936
774599,0.2834636215372918
774600,0.4667842368337616
774601,0.01110506312081647
774602,0.18296343342623872
774603,0.04970038650417042
774604,0.9490338449310841
774605,0.9997818210539166
774606,0.9821155122371994
774607,0.98664110866882
774608,0.03968419869107729
774609,0.04396005965587119
774610,0.07354097748853547
774611,0.806181007497006
774612,0.9998881350417177
774613,0.9832649411276667
774614,0.9022331555401941
774615,0.7975889807968746
774616,0.9987687684570699
774617,0.29790684118487964
774618,0.9999255332664321
774619,0.9999225893979204
774620,0.7222595213589906
774621,0.22028916467048176
774622,0.9976138686970786
774623,0.3531740856317078
774624,0.3374392465379459
774625,0.7931332172173909
774626,0.4135052312684708
774627,0.9214011141935867
774628,0.14731242474232048
774629,0.9836902791317462
774630,0.6116777292185358
774631,0.9999217194539951
774632,0.9980793425063967
774633,0.9677959354131075
774634,0.15354686121424546
774635,0.8189129136813217
774636,0.9988785154207271
774637,0.3005759814842021
774638,0.9951936105590784
774639,0.9593210361031576
774640,0.31727098768732787
774641,0.6374316252186316
774642,0.7633704326037307
774643,0.9719259105113144
774644,0.5437246891776073
774645,0.06508854483319225
774646,0.03282698606513309
774647,0.7202882431186123
774648,0.7635383847463987
774649,0.9979981092845158
774650,0.3651066539547544
774651,0.8969404784846697
774652,0.9906697155458166
774653,0.13930359478147641
774654,0.5082432233850881
774655,0.9936088542556291
774656,0.9962780197775009
774657,0.9936637078487056
774658,0.15293895152601328
774659,0.6642718743791276
774660,0.9326032154171319
774661,0.11385748922525625
774662,0.5738766127986087
774663,0.9757604405038951
774664,0.9998669171788583
774665,0.435068307383512
774666,0.01329705169070838
774667,0.9998665045266661
774668,0.0006182899002550743
774669,0.9997251933637313
774670,0.06462734234103701
774671,0.05877323422119316
774672,0.39041567085803797
774673,0.9899044171499871
774674,0.9603195315664512
774675,0.7833593060772555
774676,0.9998340048961967
774677,0.9901654731844595
774678,0.9995517977947497
774679,0.2568423909021266
774680,0.03239648210989724
774681,0.9730505600536468
774682,0.9170281224623652
774683,0.6773343197592043
774684,0.49867523449627493
774685,0.9998177036875968
774686,0.9998864543590352
774687,0.22369094471233447
774688,0.44146616461588917
774689,0.90393808677383
774690,0.8264605608172189
774691,0.608450812408779
774692,0.9946037371213257
774693,0.4931060623077842
774694,0.889293798247561
774695,0.9992584036684404
774696,0.6506151261898316
774697,0.1159947664627319
774698,0.913138954223202
774699,0.9922222861660074
774700,0.9768515711045281
774701,0.08935721629189691
774702,0.8694611837849162
774703,0.9983639605296888
774704,0.9994854255423492
774705,0.4826549041387805
774706,0.06784668393760179
774707,0.7708768241382375
774708,0.9985234768924731
774709,0.297863149273513
774710,0.076765419576618
774711,0.9990423438572154
774712,0.22243755551035455
774713,0.9990139451525137
774714,0.013392126340308955
774715,0.04796523261792868
774716,0.9986340113450206
774717,0.02296982122631187
774718,0.9975698412715934
774719,0.7178190991329008
774720,0.04837394168897716
774721,0.6336311528723118
774722,0.06965057834941225
774723,0.9954598908330459
774724,0.9998247247591041
774725,0.9995549220767459
774726,0.12045957337126416
774727,0.7104775454610758
774728,0.007257287942455309
774729,0.8673307784797435
774730,0.9979486753006175
774731,0.9999912512174148
774732,0.8129914820976034
774733,0.7244974032901745
774734,0.10859889553200616
774735,0.9513662830711894
774736,0.9992914494556641
774737,0.12668629400729514
774738,0.49050547493274804
774739,0.9734809404339413
774740,0.9979693535377014
774741,0.007012436001033143
774742,0.9985807187050997
774743,0.3042258349404598
774744,0.06832328890558945
774745,0.9967841517741609
774746,0.9992617332470035
774747,0.28665766927697567
774748,0.990905662979553
774749,0.9747361175285588
774750,0.01480190538414334
774751,0.5154178524211088
774752,0.26642123763729225
774753,0.28605649097490726
774754,0.8793333687421934
774755,0.991736543671918
774756,0.9083161717836173
774757,0.9569689559938102
774758,0.5296069617143879
774759,0.09737403621775936
774760,0.5579622455047836
774761,0.6990969186827618
774762,0.9284034070030429
774763,0.9010708359874353
774764,0.03596832868754955
774765,0.07597426135404821
774766,0.9997663399108615
774767,0.8153081704406007
774768,0.9996438210288575
774769,0.9998278984261864
774770,0.9999588467300973
774771,0.11869286551567432
774772,0.9805239730054526
774773,0.9863786292377702
774774,0.9987945680872
774775,0.9523376740366576
774776,0.3845241946126575
774777,0.8610777509190559
774778,0.999013549982338
774779,0.999852259874175
774780,0.999754401342432
774781,0.9995778905851807
774782,0.9963203279167734
774783,0.9920083102952834
774784,0.9998529465691859
774785,0.9956854482121794
774786,0.5891935898561385
774787,0.6710937764734151
774788,0.09518315084604922
774789,0.6141796994694475
774790,0.6865513865371758
774791,0.20754636193422416
774792,0.9994788156880934
774793,0.9993265995543172
774794,0.9719767963574157
774795,0.056474408369761045
774796,0.5337222983984585
774797,0.811646699354998
774798,0.7380030410334681
774799,0.08412251421649464
774800,0.4186259032821623
774801,0.007206168146931034
774802,0.7889796500391051
774803,0.9998774405846612
774804,0.9997314459880495
774805,0.9972655629098391
774806,0.8629589089920056
774807,0.9999494723614413
774808,0.8221317087166697
774809,0.9971311714772768
774810,0.9977509475939782
774811,0.9929093526996596
774812,0.9996179063600066
774813,0.843353782192985
774814,0.6514974455904909
774815,0.9603012166649167
774816,0.9999342686665948
774817,0.8189290151328721
774818,0.6213509530938484
774819,0.7845331591340248
774820,0.996273134774941
774821,0.9455916143927526
774822,0.9983116337116231
774823,0.9748269055539012
774824,0.9999716386549243
774825,0.9999666673383883
774826,0.9990738049986965
774827,0.9998531012462348
774828,0.04622355175293598
774829,0.008720542185795483
774830,0.9282121381038239
774831,0.7737187119488195
774832,0.3717984059680157
774833,0.9994310210267847
774834,0.9998966141595174
774835,0.8990789441830682
774836,0.9998884193055038
774837,0.9218311210857126
774838,0.28332626665336014
774839,0.9843363681907629
774840,0.8245675502047909
774841,0.9840335869935093
774842,0.07239150598891139
774843,0.9998959582387907
774844,0.9786382493062747
774845,0.8286695141493973
774846,0.8681155190796801
774847,0.9953027434397397
774848,0.9995500140861
774849,0.9897975352976692
774850,0.9440599053640736
774851,0.9994092927509095
774852,0.6528684402737308
774853,0.9998027406085443
774854,0.9998677766890771
774855,0.007683456054656262
774856,0.3226163285980091
774857,0.6769970802518077
774858,0.9878360536707956
774859,0.9384557156339656
774860,0.9994328931290815
774861,0.13745657487495264
774862,0.562917911088785
774863,0.08426620319251002
774864,0.33615912512008106
774865,0.9918131288812156
774866,0.24266864894794443
774867,0.9993202465158539
774868,0.9995056790995874
774869,0.3735483204382416
774870,0.5130298832218849
774871,0.9978859756132474
774872,0.9954463461815395
774873,0.9996686605491365
774874,0.642044039722288
774875,0.9990634209367866
774876,0.9747528298508955
774877,0.15689701640064216
774878,0.9997819138809578
774879,0.24875231763301503
774880,0.13532985292528338
774881,0.9998542097445626
774882,0.9998999865597178
774883,0.5486028555508586
774884,0.5257894210027267
774885,0.7573288431916411
774886,0.99692728355674
774887,0.9473046005622839
774888,0.7473742092441336
774889,0.06621732541946537
774890,0.999908843154555
774891,0.9999423134999301
774892,0.999973268843323
774893,0.9998226847667775
774894,0.9998080962993389
774895,0.99962613213217
774896,0.2551272192138455
774897,0.9975320708768569
774898,0.9997341038818887
774899,0.9999728455264743
774900,0.09988894212364158
774901,0.9888721251012892
774902,0.6250185777787052
774903,0.4028956573463417
774904,0.9989351294236964
774905,0.9135896446077525
774906,0.00611632688504337
774907,0.011155053719641114
774908,0.38165055289629296
774909,0.9646746675702352
774910,0.01165923282505243
774911,0.274368589698995
774912,0.42374895437860427
774913,0.18770266530354565
774914,0.2692080890374454
774915,0.01092022596195277
774916,0.9998687776547781
774917,0.9999815857613288
774918,0.9988359777902611
774919,0.8272255571176778
774920,0.9953331089231099
774921,0.8159207675411145
774922,0.7754977103161868
774923,0.9999720979645764
774924,0.6979839924382694
774925,0.998849515026963
774926,0.9994710153201669
774927,0.9999056750397771
774928,0.999818721612619
774929,0.415677967015337
774930,0.9990192980046197
774931,0.9735549971695316
774932,0.9998842291755909
774933,0.9018224603639435
774934,0.01593651298780072
774935,0.5877344502317433
774936,0.9992222597391389
774937,0.009577175188258524
774938,0.6014657218354973
774939,0.9946261901036336
774940,0.24126233078644024
774941,0.9941265436368085
774942,0.5426609813147838
774943,0.9999107899553021
774944,0.8021311815769396
774945,0.8469707674668396
774946,0.9997789214946984
774947,0.13294799954930667
774948,0.27328172697723857
774949,0.9382645057818928
774950,0.9497210915359053
774951,0.9932247466496458
774952,0.5378147780027636
774953,0.997680672107976
774954,0.5936397963225932
774955,0.6583628414678578
774956,0.9115162257546683
774957,0.9981145084798072
774958,0.438359231680596
774959,0.9518633982820531
774960,0.9971137401519432
774961,0.22069184080678922
774962,0.9908872336190873
774963,0.9999398830761976
774964,0.999291745501423
774965,0.056308790229606914
774966,0.5382965989506472
774967,0.2354511588810629
774968,0.9994835038007435
774969,0.2870725797932514
774970,0.9997328390483929
774971,0.13349132235516495
774972,0.07224757648634803
774973,0.9978809520554249
774974,0.04491729848998731
774975,0.9992275598850634
774976,0.9935193623061961
774977,0.9998218303349488
774978,0.2993909165694136
774979,0.006440401530724716
774980,0.4332330092723638
774981,0.962574953206038
774982,0.036214109748125
774983,0.9326491766285899
774984,0.9703749650348341
774985,0.9981596083962928
774986,0.9990228150765958
774987,0.7336332476844662
774988,0.012299372519644376
774989,0.9959279500722945
774990,0.9998002135114287
774991,0.9747866931511661
774992,0.9198266020792585
774993,0.9909281139607823
774994,0.5668038087080512
774995,0.9848762648933994
774996,0.582786618088488
774997,0.9999437646659415
774998,0.9961181106475544
774999,0.5971552051164293
775000,0.7448413764855827
775001,0.24321788318888127
775002,0.46805901575568143
775003,0.9998492999348183
775004,0.5882084809461192
775005,0.10407868478940378
775006,0.955039443476803
775007,0.6393210178754116
775008,0.9966330564385836
775009,0.7962508046773216
775010,0.9997415493465419
775011,0.9995498831438475
775012,0.8843503695699206
775013,0.06158920492275604
775014,0.7624725859181851
775015,0.20330337405203497
775016,0.9999849755058103
775017,0.9862124632448231
775018,0.999428691883548
775019,0.4499717080636117
775020,0.9994532430513332
775021,0.1288439999393862
775022,0.0005674491603196746
775023,0.9977914326226458
775024,0.8906034186147691
775025,0.9998377196368938
775026,0.9987705497936786
775027,0.9998581678075134
775028,0.12045242646373794
775029,0.9958153210118315
775030,0.999979841566807
775031,0.8210023839852679
775032,0.9684361824172038
775033,0.30747929217506526
775034,0.07613414873162672
775035,0.028616115198675803
775036,0.10963084912784529
775037,0.999994982220085
775038,0.9999709724697081
775039,0.9997858835264012
775040,0.9414172181000364
775041,0.9780936633125973
775042,0.7308312035283553
775043,0.6927848055714149
775044,0.2527104373992097
775045,0.9999340577231143
775046,0.9981051539221281
775047,0.7789572531534796
775048,0.03323663578244688
775049,0.006206916864776622
775050,0.9998629340300791
775051,0.9977503303665459
775052,0.12783907371728406
775053,0.9985063080602379
775054,0.5233041604050408
775055,0.006077167082838944
775056,0.3007741290156411
775057,0.9996670292304541
775058,0.5404843724203462
775059,0.771611139652455
775060,0.9810004690220614
775061,0.9815432350944466
775062,0.22357157001671346
775063,0.9997407278073513
775064,0.9952350564353112
775065,0.9992407720319145
775066,0.9967917441127295
775067,0.3197720509357123
775068,0.8714522522140836
775069,0.9973243885057297
775070,0.9997838901289894
775071,0.17645231888458215
775072,0.2631141848823473
775073,0.14530365332813722
775074,0.9997136826303638
775075,0.9996590963650838
775076,0.11600537316257002
775077,0.9999216537213647
775078,0.5333540201381696
775079,0.9882189805275419
775080,0.999591566525111
775081,0.34513813352666123
775082,0.9506301187169262
775083,0.0662076995263715
775084,0.9771000691083842
775085,0.9399798398752641
775086,0.25358537334213793
775087,0.14831341043642318
775088,0.12112063430776822
775089,0.6238346499847278
775090,0.9985686552171025
775091,0.27979724967275804
775092,0.22698588039960238
775093,0.41623855287602507
775094,0.967279473210815
775095,0.9996929691955829
775096,0.999947924594775
775097,0.9999880622323885
775098,0.9998584778538777
775099,0.6010847519976874
775100,0.15715544826345473
775101,0.9848185101071203
775102,0.8801479444639053
775103,0.9999558394233247
775104,0.013503913604826251
775105,0.8444035114957078
775106,0.9995295456555249
775107,0.5281699621454827
775108,0.06866198765163295
775109,0.9997923991717174
775110,0.13409793356252397
775111,0.9541357162975812
775112,0.22262374502332555
775113,0.9999741184004587
775114,0.9893069201857252
775115,0.12255646020586532
775116,0.15463755672981666
775117,0.43530374716196885
775118,0.4482756675037178
775119,0.3931085806252194
775120,0.9997682437017601
775121,0.9941056996143426
775122,0.7337978891750578
775123,0.7362944143203183
775124,0.16149454758090304
775125,0.255771005250494
775126,0.3617816879076341
775127,0.45635002659384405
775128,0.9885274435120305
775129,0.06250896042125507
775130,0.6034081436814915
775131,0.622057201106128
775132,0.5385000214153158
775133,0.9996517062673271
775134,0.0038803769921528595
775135,0.9987727637644337
775136,0.999982992290691
775137,0.05692690511792296
775138,0.1408410157004883
775139,0.9975649817555838
775140,0.7207747762244439
775141,0.9949284969700021
775142,0.9952374178557473
775143,0.0025684083523030577
775144,0.9978706888936468
775145,0.794590086194976
775146,0.9679693431754471
775147,0.9996544924731521
775148,0.9979081193070563
775149,0.5076980769369349
775150,0.9999426730766046
775151,0.9998031293668613
775152,0.9978932187835085
775153,0.0224443577856764
775154,0.9992741921731398
775155,0.7839324445286345
775156,0.9997908931712632
775157,0.9998344324118076
775158,0.7095764811188814
775159,0.9475316554366066
775160,0.9754675260398853
775161,0.5375984087224398
775162,0.6412112029411045
775163,0.6618137774018856
775164,0.48495017285624
775165,0.054519631529900206
775166,0.026792076389856347
775167,0.16109842710151173
775168,0.99850008241399
775169,0.9987621864173679
775170,0.601145344903673
775171,0.9999256771114816
775172,0.010110013947512264
775173,0.9989404415174268
775174,0.06346106719127423
775175,0.9482091607290968
775176,0.9507489274574528
775177,0.2698014846817971
775178,0.9967514912183045
775179,0.9999409924731579
775180,0.7829271436322773
775181,0.9292219221565781
775182,0.7948306331439174
775183,0.6994030016397194
775184,0.5279187640673042
775185,0.26183921239080515
775186,0.9910368614084064
775187,0.3716984612875043
775188,0.9999684725713036
775189,0.05863668479240002
775190,0.9998731089552068
775191,0.999880155897421
775192,0.9268002453403628
775193,0.9994272163553517
775194,0.5416641897673994
775195,0.7803545587372351
775196,0.1271476351078967
775197,0.6942886140025802
775198,0.007474482215792565
775199,0.9996547395733527
775200,0.8769037328928526
775201,0.7962868519839137
775202,0.9301523977300644
775203,0.9009128616580135
775204,0.07430235926570546
775205,0.3578052862744613
775206,0.9993764748055012
775207,0.9993555998218687
775208,0.9972873261416912
775209,0.0019545110084794415
775210,0.9998459090629296
775211,0.9999823519469863
775212,0.009679700534870795
775213,0.9983801667294159
775214,0.03721390831304566
775215,0.9992013966636071
775216,0.24210338776052143
775217,0.08930989474388726
775218,0.01566894025329424
775219,0.9190686452226646
775220,0.8555161628751613
775221,0.9979296309515354
775222,0.844947804705594
775223,0.1534883247009376
775224,0.9936229387135894
775225,0.6445128054397667
775226,0.9982764778246186
775227,0.6391907959933883
775228,0.8284217045297368
775229,0.9985378999866973
775230,0.934442367022873
775231,0.6692265060151894
775232,0.9997803225166476
775233,0.9663670619679529
775234,0.9999477192521582
775235,0.978999527880728
775236,0.7166688480320502
775237,0.36067689128976954
775238,0.08209724683578176
775239,0.600483430019697
775240,0.8264524907130955
775241,0.992722585551197
775242,0.036810643220953836
775243,0.9910538079233403
775244,0.9995101921383716
775245,0.6233564554521697
775246,0.008281746230775225
775247,0.98190643611611
775248,0.16045429430165445
775249,0.0072582671994028255
775250,0.32937519379536895
775251,0.9912200048351736
775252,0.03818081808015952
775253,0.9999871410465484
775254,0.9642720585924787
775255,0.8307351282274258
775256,0.03405383168544618
775257,0.969728285931283
775258,0.9878412703691145
775259,0.9997694306711848
775260,0.9998659473521161
775261,0.9996977512081913
775262,0.5641163408852365
775263,0.9999010052519669
775264,0.7589603946478058
775265,0.6283993151397482
775266,0.160496500754232
775267,0.9987348952244031
775268,0.9644484876945736
775269,0.018722762738629856
775270,0.9996281881436914
775271,0.6523940812077179
775272,0.28556144596659344
775273,0.99955462501084
775274,0.5384449762061065
775275,0.998764151093256
775276,0.9986877332442128
775277,0.9998448962317537
775278,0.9997429953572827
775279,0.1554637326122107
775280,0.027431341971057434
775281,0.9986197304545503
775282,0.9937657099359593
775283,0.9999419691830451
775284,0.3355849252248498
775285,0.26051904602998366
775286,0.8746344986190919
775287,0.8411588241444548
775288,0.9997189483555805
775289,0.8360499137668116
775290,0.9998957335033247
775291,0.8560285148533366
775292,0.9725550546553975
775293,0.9998831114048525
775294,0.9931295359442196
775295,0.14563615636316576
775296,0.2930825266025325
775297,0.3589370637031636
775298,0.9781645462530761
775299,0.18899715870783745
775300,0.16855844309834184
775301,0.5265830559869514
775302,0.46115537444422505
775303,0.27760841032267286
775304,0.9999908832563911
775305,0.7639673743257137
775306,0.6376807017991551
775307,0.9992805067702693
775308,0.5820735553137699
775309,0.016247850921191822
775310,0.9988488302177583
775311,0.028124979228662483
775312,0.23252408872507707
775313,0.8427011884440396
775314,0.9878661719153634
775315,0.876115659376963
775316,0.5585517393472569
775317,0.9999444302131253
775318,0.9606871073088086
775319,0.9986976577212051
775320,0.9849304323876237
775321,0.9999278542799702
775322,0.016733860940802113
775323,0.5297792027778201
775324,0.0543778434791783
775325,0.003586845026597472
775326,0.9033930736585238
775327,0.01744807158039861
775328,0.3083962165599303
775329,0.998724382981329
775330,0.9837750490427009
775331,0.9980907384740024
775332,0.6239197831824294
775333,0.6900702509766513
775334,0.3736578586302801
775335,0.6746968504961655
775336,0.2542137988544454
775337,0.5162086300122403
775338,0.019177102190298546
775339,0.11559856339509683
775340,0.945029465210925
775341,0.9589839194282466
775342,0.999975718512375
775343,0.763938881094987
775344,0.9962192606435039
775345,0.2542081771279421
775346,0.997929643276263
775347,0.9990337649259529
775348,0.013158080503473935
775349,0.9443697363892353
775350,0.9999583561007861
775351,0.9315840019486894
775352,0.9423236366774062
775353,0.44247212125763896
775354,0.999982457576259
775355,0.4427631046271653
775356,0.9471697761911793
775357,0.9946159152435234
775358,0.9996978906038105
775359,0.9996780338976092
775360,0.3991997600105494
775361,0.13269713925450946
775362,0.9959310488662577
775363,0.9889013246260069
775364,0.9700986132724523
775365,0.07401822737100927
775366,0.9998889010474199
775367,0.11426114021692828
775368,0.8665609030101038
775369,0.9994047867711113
775370,0.9759722172700598
775371,0.3568394300241002
775372,0.019217270191689
775373,0.11479847540973634
775374,0.9940453669469649
775375,0.43433009203987416
775376,0.02904179343182095
775377,0.13601272020048502
775378,0.5736494619159336
775379,0.994814610271936
775380,0.4257999613804654
775381,0.9959823000346353
775382,0.9717160774289961
775383,0.9683577440350839
775384,0.5237628231404189
775385,0.9995287718473327
775386,0.9989802405094983
775387,0.9999472651506118
775388,0.6590017837334221
775389,0.8533016971269246
775390,0.934648210865472
775391,0.9995191715956924
775392,0.94510494292616
775393,0.016989668266168132
775394,0.9399672511400831
775395,0.23426465686759756
775396,0.9999309127299101
775397,0.5119104693079702
775398,0.5291037422744022
775399,0.3055004482091972
775400,0.4191669477631584
775401,0.02891703116140401
775402,0.9486858364354991
775403,0.029643251731583758
775404,0.8752854870759676
775405,0.9994543260032669
775406,0.97885075259061
775407,0.9739842541361612
775408,0.1856923150129835
775409,0.9746114304813198
775410,0.7577572420715089
775411,0.9924503300832672
775412,0.9999536688954574
775413,0.8446495260841047
775414,0.14128581241090948
775415,0.2238754187110411
775416,0.9876050406855363
775417,0.9098312631965524
775418,0.9988035482918118
775419,0.9995720326817514
775420,0.776287836123498
775421,0.5751454361472959
775422,0.5248905103394449
775423,0.8709514393953498
775424,0.9957397067664964
775425,0.5800796609502135
775426,0.9744713386466413
775427,0.0820383833298929
775428,0.5908864163926775
775429,0.9893789471285148
775430,0.9998056817968299
775431,0.7443024687014674
775432,0.9998023055015415
775433,0.999578995998496
775434,0.9935451114831959
775435,0.7806263968089834
775436,0.9973891999936535
775437,0.9997227540051672
775438,0.7358632072813698
775439,0.8704197565287544
775440,0.9775536504359881
775441,0.5132483515702285
775442,0.9985419502520566
775443,0.12056403745581493
775444,0.9981536615992912
775445,0.997738023269816
775446,0.999673396562544
775447,0.3432737978539984
775448,0.9904012357733363
775449,0.8465912826401792
775450,0.3248249594152446
775451,0.41629618360475895
775452,0.9635753771107967
775453,0.9970269545397943
775454,0.7400200925924799
775455,0.8607953353934158
775456,0.3840341197629309
775457,0.9997285716759413
775458,0.9675759628347849
775459,0.5303573301830584
775460,0.9999056950094093
775461,0.9998620287842568
775462,0.9472179877244394
775463,0.04552726155849891
775464,0.1267964249208664
775465,0.9715470380186099
775466,0.9999672864221383
775467,0.951595866046121
775468,0.695842123218738
775469,0.5344612336086005
775470,0.6907024906255022
775471,0.9996715468052877
775472,0.021888730383731833
775473,0.9556413304957385
775474,0.3878142218637914
775475,0.34510854468511076
775476,0.02131218982109907
775477,0.9800993041054824
775478,0.9998189124157819
775479,0.9735303412087881
775480,0.9754942337936732
775481,0.7150091759402464
775482,0.9995196793718942
775483,0.9768694234306523
775484,0.9883856179479695
775485,0.024497232027743687
775486,0.0963697819173507
775487,0.037943439329480466
775488,0.5661818739301065
775489,0.9989218615142584
775490,0.06198051734944687
775491,0.9998597804005299
775492,0.7988211557524106
775493,0.5085751164699065
775494,0.42038124522906706
775495,0.915512428818473
775496,0.9731841600108462
775497,0.3804541820263475
775498,0.9998849388257622
775499,0.997976393920128
775500,0.6803193622557152
775501,0.9997267483040932
775502,0.9996490886072897
775503,0.15273537436787818
775504,0.9993688464122388
775505,0.21021769808583612
775506,0.8665983136727121
775507,0.9992888643585036
775508,0.1223285160576601
775509,0.9957759345864731
775510,0.12529875847732797
775511,0.9987374897185495
775512,0.9803800621943353
775513,0.5651915731387858
775514,0.9838720116192358
775515,0.22213569206181927
775516,0.32368520114715293
775517,0.5218396626941862
775518,0.9998546227097257
775519,0.9025622340672351
775520,0.9998960252858956
775521,0.9965054515397873
775522,0.9994321551229657
775523,0.995092079261708
775524,0.9402844205887579
775525,0.052928378163279916
775526,0.05700836778010642
775527,0.5337716601945265
775528,0.11654911963437056
775529,0.9999510365154392
775530,0.008431862276378082
775531,0.999988194021143
775532,0.33316152474019844
775533,0.5662741820593452
775534,0.8047329681955737
775535,0.17275877466190648
775536,0.8081676045237511
775537,0.35602039562296783
775538,0.9863929136247562
775539,0.24040014145415045
775540,0.9295157195516257
775541,0.9999826668033408
775542,0.9480004966878463
775543,0.4774249438125543
775544,0.9923138755268096
775545,0.9800460371718651
775546,0.7696765054314055
775547,0.954779126444376
775548,0.027966998102219667
775549,0.005508189275153866
775550,0.9999582641758287
775551,0.15807551264589664
775552,0.14100448610053523
775553,0.9646308825111114
775554,0.8934507798991604
775555,0.924847397707501
775556,0.99948798975352
775557,0.7444096989521363
775558,0.9995413999641363
775559,0.9988648699551955
775560,0.9900059935412674
775561,0.46633041222510424
775562,0.9996768950586421
775563,0.9999693479742682
775564,0.7355601104392434
775565,0.7448140822344617
775566,0.9999824070364207
775567,0.9771217348986948
775568,0.13377177519409714
775569,0.9931977196848727
775570,0.5678424531507568
775571,0.03374495217987535
775572,0.9822377983794632
775573,0.9997858401558575
775574,0.9844706363128828
775575,0.8113108644870168
775576,0.997279706938525
775577,0.5370829355028668
775578,0.999642942884825
775579,0.42589429700708814
775580,0.5028423033112573
775581,0.6828734545418531
775582,0.99902965298253
775583,0.9847940276819942
775584,0.9994849797673704
775585,0.4942428418891204
775586,0.9947623353286734
775587,0.7128081083523938
775588,0.20120347238288439
775589,0.9961221041021363
775590,0.9999131614708944
775591,0.7693701910998998
775592,0.999096713657925
775593,0.023875004473073967
775594,0.9956117397798175
775595,0.8846562339780698
775596,0.0170412323375329
775597,0.9998975541673054
775598,0.9946818837116509
775599,0.999817760990916
775600,0.16431940592505437
775601,0.9995601062138175
775602,0.7353971524437788
775603,0.999951192598342
775604,0.18900472300415533
775605,0.9968817399577594
775606,0.9982471969896064
775607,0.9977139475885247
775608,0.9989618342459079
775609,0.9995721679755987
775610,0.5754487676068734
775611,0.999975237105633
775612,0.618336424628523
775613,0.8373176598363227
775614,0.48664109284054025
775615,0.9997670329647478
775616,0.9991812080247713
775617,0.04830689913177845
775618,0.4671341633787095
775619,0.970449979373704
775620,0.9513433888762507
775621,0.999935206190188
775622,0.006797426411143485
775623,0.449743481530727
775624,0.3052048280915864
775625,0.9997457080182772
775626,0.2680176213122565
775627,0.997767882260833
775628,0.9999649763464351
775629,0.8502593395983236
775630,0.9994830579824283
775631,0.9999587618252908
775632,0.9373083187046478
775633,0.3039905831344085
775634,0.6104491350151425
775635,0.38184616393393334
775636,0.07496150933705846
775637,0.999850630751835
775638,0.6702496591130566
775639,0.6619828133159626
775640,0.9999043151454419
775641,0.5062262860831269
775642,0.9925917373002531
775643,0.9963357019300174
775644,0.9995299989348057
775645,0.23499706121756328
775646,0.9343412111015679
775647,0.9999488646902923
775648,0.92752541934966
775649,0.9641518392841393
775650,0.33604572467074534
775651,0.21010450810791287
775652,0.9564084623411739
775653,0.9970023239139052
775654,0.007511551667264424
775655,0.9994594371778305
775656,0.9952696835525257
775657,0.3880722217775986
775658,0.3198257324053324
775659,0.9185926630690364
775660,0.9377847871976734
775661,0.38104885015919376
775662,0.7564092500739602
775663,0.9957652233606045
775664,0.8149340307415462
775665,0.03803304297218109
775666,0.093241766036565
775667,0.06645240178420865
775668,0.2530543264098851
775669,0.9999702366329124
775670,0.9998505847600092
775671,0.996610799372462
775672,0.9998754158538428
775673,0.02396950766388555
775674,0.996186034289048
775675,0.7010707151085304
775676,0.8406848884672151
775677,0.9983933482898586
775678,0.9409621067196245
775679,0.2257967338671156
775680,0.9995168481749278
775681,0.28489958611086263
775682,0.43605703066395185
775683,0.5039156579497339
775684,0.054760134865712344
775685,0.963982842381903
775686,0.007348701301651374
775687,0.7772433216149981
775688,0.9973121008131816
775689,0.2570481555202492
775690,0.9978389906938381
775691,0.9877500755806125
775692,0.99764554316945
775693,0.9999627157325222
775694,0.42035680937641096
775695,0.9984409365689534
775696,0.6259057783237151
775697,0.5215889331466333
775698,0.9770204162546434
775699,0.02925035266031712
775700,0.9999646907055317
775701,0.9185338663466915
775702,0.8476234000495375
775703,0.5420377706111811
775704,0.09420273153167519
775705,0.06831335300019051
775706,0.9971837669382001
775707,0.009384989568661376
775708,0.9434703309612493
775709,0.7254070598004265
775710,0.3018651024672457
775711,0.9985330350287379
775712,0.9998704899074502
775713,0.4761437754775585
775714,0.9923685518619264
775715,0.0064965938655263695
775716,0.9839910484741856
775717,0.4112658435905613
775718,0.10280641621019077
775719,0.9998481519948941
775720,0.09443987640860496
775721,0.9917501868149498
775722,0.9820816188513875
775723,0.999890694185494
775724,0.9153668724347408
775725,0.02373113957959243
775726,0.9971928750511517
775727,0.9999873276878594
775728,0.7685312843210399
775729,0.7545933226798606
775730,0.920623074486
775731,0.9967932126093716
775732,0.9999319325687328
775733,0.9998891477217136
775734,0.2267698519279986
775735,0.17180211167069032
775736,0.9996799319699139
775737,0.01987117536879797
775738,0.9965821369344344
775739,0.999954270787757
775740,0.6641611963217204
775741,0.5080441413005199
775742,0.9999925278221253
775743,0.9996788500211042
775744,0.37782036659875207
775745,0.9926496995137224
775746,0.9999762787922367
775747,0.4336167069232503
775748,0.7475535679701835
775749,0.9927808890494669
775750,0.07165340042048282
775751,0.028041339796189346
775752,0.221785937306492
775753,0.9995059583271311
775754,0.016974266761976706
775755,0.9997874988630221
775756,0.9751123603150336
775757,0.7022210881631926
775758,0.460626787749051
775759,0.9881920753336669
775760,0.26354739607620636
775761,0.5525742297528525
775762,0.25209388004884037
775763,0.7502787395842214
775764,0.9997756425283948
775765,0.9381635366185623
775766,0.8579260835014003
775767,0.12493969936715008
775768,0.15396302120879718
775769,0.9767877445595949
775770,0.7279545274337416
775771,0.9952393275496279
775772,0.9999784019222374
775773,0.7343565439265564
775774,0.9999129874915222
775775,0.9969968694519424
775776,0.9999470430788565
775777,0.016346894144885375
775778,0.990665198621464
775779,0.9986589645007603
775780,0.06659990151625972
775781,0.9999558718656911
775782,0.7007408330672321
775783,0.9999326573159206
775784,0.9872616693596226
775785,0.9997641382308056
775786,0.9540786582810061
775787,0.45629801194897235
775788,0.6312432843938518
775789,0.7704972412024702
775790,0.15815915370695216
775791,0.9997785508606659
775792,0.6687822970483047
775793,0.9138261595209927
775794,0.9999324428130565
775795,0.5057911532382333
775796,0.33556993060588175
775797,0.9888460737446434
775798,0.9997171562609214
775799,0.9956552905672875
775800,0.9997682090879897
775801,0.9813166880265309
775802,0.10247156023890838
775803,0.9999220321877305
775804,0.15696699609601417
775805,0.9876990756785908
775806,0.9926959450375051
775807,0.9757857583821901
775808,0.9795565419848011
775809,0.2780774479382729
775810,0.7846859996079458
775811,0.9915355313685292
775812,0.8010456653319922
775813,0.1200323967722969
775814,0.999889113978743
775815,0.9148160315451483
775816,0.9960146514352657
775817,0.004988824373502669
775818,0.029478104449100255
775819,0.8807339047869278
775820,0.3252909832094517
775821,0.999585078349868
775822,0.9188402035467871
775823,0.985464868558382
775824,0.8811162713654128
775825,0.3266261040931523
775826,0.5224916355785826
775827,0.7759190323499694
775828,0.2830379927667038
775829,0.9997411515055977
775830,0.849318663529731
775831,0.9997545496822078
775832,0.802124740539263
775833,0.7254866819903475
775834,0.2907154775086292
775835,0.6851530558901243
775836,0.9988407643568407
775837,0.9999265615648555
775838,0.0746512788820263
775839,0.09511400726359988
775840,0.08889051905063677
775841,0.8237642018088149
775842,0.5341689295958318
775843,0.9982580491679723
775844,0.9449392811992117
775845,0.2569604442973832
775846,0.9996998846000873
775847,0.9999073840430688
775848,0.9660727123284852
775849,0.907299637592871
775850,0.998242136129826
775851,0.057608684832357725
775852,0.9996873029277782
775853,0.6230143206993776
775854,0.9045332338305108
775855,0.5986864219479667
775856,0.9999608552321239
775857,0.8221410627168011
775858,0.9996674183015468
775859,0.910542306182279
775860,0.98872528824032
775861,0.9145339392675097
775862,0.9988142704757181
775863,0.7298504649760053
775864,0.9977788149746486
775865,0.8336687724606826
775866,0.10272540550711282
775867,0.8977121111267484
775868,0.9935683527630876
775869,0.9999480335536828
775870,0.954935631368113
775871,0.9793198919728558
775872,0.6910003297588804
775873,0.9975744183412554
775874,0.025338287109319572
775875,0.9997402114958387
775876,0.5384754804893098
775877,0.8729046568991676
775878,0.9995182261005039
775879,0.9983831938590353
775880,0.9987927833687484
775881,0.9992021938540214
775882,0.9965137718082081
775883,0.003013619369620116
775884,0.9953479190473766
775885,0.9986828154240333
775886,0.9897032967290229
775887,0.16116609380254673
775888,0.9996490677026088
775889,0.5521226666467274
775890,0.9528743309114728
775891,0.9990400468703111
775892,0.019346778785219
775893,0.09766868632431379
775894,0.9983557390905747
775895,0.9994592834666236
775896,0.9988251377835224
775897,0.14977576025460645
775898,0.8321836656279216
775899,0.0550267242071355
775900,0.681389274089111
775901,0.9594825810686011
775902,0.07085381071387062
775903,0.08200164882882763
775904,0.9993769356265876
775905,0.9996845790789497
775906,0.06350404598716058
775907,0.9990895232710122
775908,0.9989541487798352
775909,0.9999282810790868
775910,0.4124829855545086
775911,0.3055444235209465
775912,0.9996579643824536
775913,0.9999928691809039
775914,0.7986507387380386
775915,0.08757404784242626
775916,0.9822392421107639
775917,0.3895576299890016
775918,0.1250559365702657
775919,0.8998791930479549
775920,0.9986400375286606
775921,0.16946999102166638
775922,0.9455275108380541
775923,0.5187941576756606
775924,0.35666218415513623
775925,0.9996140708937385
775926,0.9992387496843724
775927,0.9996769633831785
775928,0.0424299357704761
775929,0.0036012717827382
775930,0.6051979761384768
775931,0.9974666583816376
775932,0.9985508658223569
775933,0.10229641036790035
775934,0.9998041626275259
775935,0.029891552894065844
775936,0.2711809589494737
775937,0.08453202446792403
775938,0.9983145463983776
775939,0.25637786287102615
775940,0.2207363050946335
775941,0.9646304935446868
775942,0.012041470067728165
775943,0.5080611517426483
775944,0.9989044828321125
775945,0.004255134208146793
775946,0.6176736095130768
775947,0.17011731655069925
775948,0.9715254633207367
775949,0.9991675125678912
775950,0.7158116791958813
775951,0.04885950235809974
775952,0.7128548354538768
775953,0.8713156505700594
775954,0.28430958135693585
775955,0.9999197343144615
775956,0.5551990309804218
775957,0.8922785525496153
775958,0.9995118429498946
775959,0.7323638727460535
775960,0.9993285100313278
775961,0.8976750638450246
775962,0.008632342415454268
775963,0.8822400880134608
775964,0.9995997394777894
775965,0.9859803720467064
775966,0.1488348768443678
775967,0.05048616109855632
775968,0.3563089782345676
775969,0.8769810449115626
775970,0.999683755153111
775971,0.7709588119915373
775972,0.10855206149767332
775973,0.9999636367313822
775974,0.9894730176488706
775975,0.20250910657355492
775976,0.7197683229465676
775977,0.9983799160092524
775978,0.5814025318601448
775979,0.7317410796608211
775980,0.9999088940868355
775981,0.8946715776022824
775982,0.0356360639935655
775983,0.998421945247119
775984,0.7071319910480767
775985,0.9763430317030476
775986,0.7351621131512542
775987,0.34474268199770003
775988,0.9763563379269714
775989,0.4242719583727137
775990,0.6474851751105736
775991,0.23490061335400797
775992,0.9826569913971108
775993,0.9990022511210308
775994,0.04790207340595191
775995,0.9997744637065156
775996,0.43725510478141527
775997,0.16706378602327202
775998,0.9999723409460953
775999,0.9998668987737864
776000,0.024818079277437004
776001,0.999769317179465
776002,0.9918499375602163
776003,0.9953563834970263
776004,0.8034566622037963
776005,0.9699001657713799
776006,0.9990983738915731
776007,0.943516353974182
776008,0.9288968309938374
776009,0.9986448013618119
776010,0.1763857840607658
776011,0.9996085927126834
776012,0.03256948695612293
776013,0.4976162748678601
776014,0.9935900867527352
776015,0.9999837805277623
776016,0.9956508403843274
776017,0.5982017189918243
776018,0.31819109752995584
776019,0.6658610075241373
776020,0.9926803761028652
776021,0.9994890459163284
776022,0.9958572111270285
776023,0.9952558956774752
776024,0.9999580678785209
776025,0.9966825850116775
776026,0.998654077296805
776027,0.051035612352964166
776028,0.7900892079230649
776029,0.9202241089150572
776030,0.9964028949882071
776031,0.2662767194811933
776032,0.9696637010771028
776033,0.193700533429352
776034,0.7853712461625652
776035,0.004747414828485323
776036,0.3007809194195834
776037,0.0633254380247336
776038,0.9999881846813614
776039,0.982279093510585
776040,0.8812042343612403
776041,0.9285882148290973
776042,0.995226288044348
776043,0.9422621656322723
776044,0.3661937619573484
776045,0.9072736683122429
776046,0.19048884748764108
776047,0.7304331098446626
776048,0.9997560488632322
776049,0.07649300488422234
776050,0.9997314120324376
776051,0.22339809122281423
776052,0.04187842208051165
776053,0.01177128886362832
776054,0.018891536457292468
776055,0.9032236533206941
776056,0.9991446756019791
776057,0.03342835704947666
776058,0.0027002349195557355
776059,0.7777477901371685
776060,0.9816544290303877
776061,0.9809183745683383
776062,0.0048987272658007775
776063,0.4304434896094568
776064,0.9996529307886061
776065,0.845833933476064
776066,0.9677575956255086
776067,0.9974574899138239
776068,0.9856772930014541
776069,0.32823990909903195
776070,0.33970215289108396
776071,0.8394358225042434
776072,0.9987660361534002
776073,0.9622727475763241
776074,0.027922472886875126
776075,0.9991826614165518
776076,0.9982501654321723
776077,0.3015913556739467
776078,0.016188909169248873
776079,0.9984625769449186
776080,0.994662706249136
776081,0.025179027109314765
776082,0.4734139076204661
776083,0.0392342771235963
776084,0.18109514156903705
776085,0.9978974762905681
776086,0.48246833932160155
776087,0.06889169793486333
776088,0.9985100101874353
776089,0.9997382769214993
776090,0.5709460372446847
776091,0.8945564128271728
776092,0.973796482813017
776093,0.4897630055026779
776094,0.9320503087903808
776095,0.9956391213964995
776096,0.9999653357395843
776097,0.005090804486022677
776098,0.6786049542457976
776099,0.4224140237612688
776100,0.9169361875359354
776101,0.9962331379954525
776102,0.9327157998284599
776103,0.999414550605028
776104,0.18653937866046438
776105,0.015157364032908498
776106,0.8909220834958888
776107,0.9939653274390143
776108,0.7045679399051316
776109,0.4388318584283836
776110,0.514372312224468
776111,0.40727046171613024
776112,0.9554926633425347
776113,0.9980937205849643
776114,0.727574776148917
776115,0.9964759104074028
776116,0.9998028983838201
776117,0.6422603172358337
776118,0.27301551050822304
776119,0.894473551537599
776120,0.6490843081965696
776121,0.99544546629149
776122,0.999810559521769
776123,0.9898611089585814
776124,0.051621382843202404
776125,0.9990259586744556
776126,0.9625761554646857
776127,0.6908065156604362
776128,0.992348259530132
776129,0.9335079625213777
776130,0.9998433512538827
776131,0.15003304799193418
776132,0.10023568187056983
776133,0.993850217068357
776134,0.9781356331902691
776135,0.9999762150194191
776136,0.654277595781742
776137,0.9989299125813444
776138,0.4361261329041456
776139,0.41548174362109463
776140,0.32309779863722815
776141,0.2661632601226914
776142,0.4388789871895054
776143,0.9993344399601567
776144,0.6293687990221906
776145,0.17017828546254254
776146,0.46851205778974947
776147,0.20241145904544722
776148,0.9788859485460687
776149,0.9974995898973132
776150,0.999837496505021
776151,0.03438132397579148
776152,0.008603644785976175
776153,0.9646743866324121
776154,0.9994721512724114
776155,0.9986942740815821
776156,0.9818610069933378
776157,0.9246600005161691
776158,0.999871114027874
776159,0.6129450301332084
776160,0.7899798934716937
776161,0.9915959354148947
776162,0.017790096727340558
776163,0.04525738764943382
776164,0.9998920582848663
776165,0.9729011471965143
776166,0.9542397127258693
776167,0.8998145553446745
776168,0.4087733342206703
776169,0.995980803988868
776170,0.09007472776019339
776171,0.49349138421866046
776172,0.9997225486782684
776173,0.9999946587709074
776174,0.11055192804174656
776175,0.9996943219078032
776176,0.014489164845613318
776177,0.6966804445546089
776178,0.906825004448092
776179,0.7429956994965627
776180,0.9994787242107207
776181,0.9997291202022733
776182,0.9987700570458111
776183,0.997744239645566
776184,0.6023974323859774
776185,0.10526689173538994
776186,0.9963321145350292
776187,0.9998916792799023
776188,0.9963175348789668
776189,0.9992353216623941
776190,0.12119914276497804
776191,0.7774382482910063
776192,0.26063512897526314
776193,0.9700543629550782
776194,0.9695929886730158
776195,0.9572890872861939
776196,0.9695518020344583
776197,0.982582774744195
776198,0.9811232630576939
776199,0.037117402154030504
776200,0.9998586514815475
776201,0.9990358496492133
776202,0.9999820358629532
776203,0.0035431228877211445
776204,0.9920029721333647
776205,0.931940361947457
776206,0.9996774717927809
776207,0.9998655007686926
776208,0.2883767043141784
776209,0.9997116863736926
776210,0.9998560018783731
776211,0.4471154042858677
776212,0.030366870158906965
776213,0.9999673325782903
776214,0.7026672478363982
776215,0.7935738359915283
776216,0.02335058032061369
776217,0.9996856292722167
776218,0.011752725593729467
776219,0.7091891383552051
776220,0.9744177055148484
776221,0.13211061961185674
776222,0.9942603101831706
776223,0.9893106376603167
776224,0.9999627354038272
776225,0.9997986067553246
776226,0.9999183755065564
776227,0.002209553377336993
776228,0.02582123094297921
776229,0.20135646065262597
776230,0.14633545459820407
776231,0.9999871695108677
776232,0.46617323857204823
776233,0.9991601589357957
776234,0.10593738288461016
776235,0.7335887465156907
776236,0.01048419617757734
776237,0.9977150631435094
776238,0.9995376942631947
776239,0.9803617873493055
776240,0.5607836592336419
776241,0.0216954367702548
776242,0.993169447534866
776243,0.504037129077324
776244,0.9998333709822673
776245,0.06653688235965544
776246,0.9507950834013177
776247,0.9869304366016146
776248,0.8332140355286148
776249,0.34022675138403746
776250,0.9975540593995879
776251,0.03377131831714502
776252,0.9991837158503949
776253,0.9988385953663206
776254,0.1680928585296701
776255,0.9225844386900618
776256,0.9999736577785271
776257,0.9986889649829407
776258,0.9994722135155458
776259,0.65627869519021
776260,0.9116897924331613
776261,0.19099276285991698
776262,0.999487532722339
776263,0.021733577734939113
776264,0.7712417923864274
776265,0.8699558918388519
776266,0.9849585726705217
776267,0.9981345753483185
776268,0.6393892130500536
776269,0.7796984181127148
776270,0.5203526672954144
776271,0.98937264944276
776272,0.20004174257870017
776273,0.9985808236669391
776274,0.5698741554132182
776275,0.10609954603045522
776276,0.007315458360463729
776277,0.04436056628026536
776278,0.9994547022452389
776279,0.9999740125778803
776280,0.7484360565497639
776281,0.9949846830352018
776282,0.9999157787067617
776283,0.9998736143023614
776284,0.8743151358312453
776285,0.9879534200125081
776286,0.8350769829352273
776287,0.9997904117695268
776288,0.8820751958508941
776289,0.8609919903663794
776290,0.8569634583775773
776291,0.9695051387097244
776292,0.9733383504435079
776293,0.06915150687007718
776294,0.9983644863781734
776295,0.44459845821010696
776296,0.28703525535845076
776297,0.9996673624318796
776298,0.030023878076547245
776299,0.9969100625974869
776300,0.9984927040346376
776301,0.998885356377184
776302,0.22172321682843535
776303,0.2557157105438345
776304,0.9992608905904068
776305,0.18889492169266078
776306,0.9995496101746422
776307,0.9989378986582931
776308,0.22125023095796723
776309,0.9996701668614254
776310,0.99811588880105
776311,0.18385862122677007
776312,0.26084908352746317
776313,0.0029043773568074964
776314,0.9996370959490327
776315,0.02199692334799699
776316,0.3494771670367418
776317,0.999927881158198
776318,0.8803703967584914
776319,0.11722851654296863
776320,0.9779480568261643
776321,0.9999491136885084
776322,0.09553024560002282
776323,0.014126817563102401
776324,0.9991736103415298
776325,0.4949922064426328
776326,0.005772736520690052
776327,0.9997007015338069
776328,0.9835009724998135
776329,0.993289866702229
776330,0.7335768092528647
776331,0.9878841565114336
776332,0.03547060527571325
776333,0.0448438664120074
776334,0.8579869733673606
776335,0.9999508507558339
776336,0.9998660374809917
776337,0.2190074419871354
776338,0.5079287441737307
776339,0.46250109476222656
776340,0.22135380433603402
776341,0.7321781530202531
776342,0.19425115118399747
776343,0.0649945532181567
776344,0.6945205423985712
776345,0.9999790814265048
776346,0.9876907056861566
776347,0.07686027636457773
776348,0.8903123175928136
776349,0.14373602604140398
776350,0.3527585448001911
776351,0.5866156862321634
776352,0.9999886052728919
776353,0.9985591083866171
776354,0.30182373852747896
776355,0.027679874953770937
776356,0.06192205634008986
776357,0.7867373917519904
776358,0.05925283166171409
776359,0.9981038491050898
776360,0.13863263741428442
776361,0.017994206781047538
776362,0.9998495485920186
776363,0.6519169816514105
776364,0.9572067920181682
776365,0.9993975678563437
776366,0.8652186212127027
776367,0.14494862197494002
776368,0.4561861495370191
776369,0.9999505204136292
776370,0.9976616967448644
776371,0.9984162158605996
776372,0.22096081465411477
776373,0.9998863218288117
776374,0.7574034254930146
776375,0.9911072500641146
776376,0.5543671511292773
776377,0.9953531890558995
776378,0.0735289019439986
776379,0.9997356594128585
776380,0.7875736540501548
776381,0.035342351680308526
776382,0.5145849225632206
776383,0.5647591365823867
776384,0.9069572406567055
776385,0.023200423384249703
776386,0.0011275856611051786
776387,0.20889643071448077
776388,0.9997005455505823
776389,0.5871275406470394
776390,0.9999617129503835
776391,0.49877992871783694
776392,0.9951470780024718
776393,0.9999773856703404
776394,0.9176359128826641
776395,0.9998385339202205
776396,0.993762723769517
776397,0.07481615536881488
776398,0.42563072664279433
776399,0.9990931340997342
776400,0.8248058807820466
776401,0.9967060275114914
776402,0.4585567524310945
776403,0.9914259854755418
776404,0.9999057306358343
776405,0.9981475706647744
776406,0.9958464342446749
776407,0.006216460118517443
776408,0.053760944084081885
776409,0.612675606766049
776410,0.35875048966252304
776411,0.6210435320776745
776412,0.11877710814217088
776413,0.9659904739739651
776414,0.6499952487266762
776415,0.8092903017959362
776416,0.6350360502532363
776417,0.09952716663496602
776418,0.25094387020799447
776419,0.9974963461489665
776420,0.9997755679222615
776421,0.48147696547498325
776422,0.5818361391795777
776423,0.9985703295447784
776424,0.9998146487667995
776425,0.8039196136385937
776426,0.999474354063326
776427,0.730770333325255
776428,0.658938838762607
776429,0.3010521709880073
776430,0.5018497798360262
776431,0.14742246881864565
776432,0.8755014165820774
776433,0.49270541471822116
776434,0.022739926321633627
776435,0.9968995182852424
776436,0.9996032573048464
776437,0.876635114901885
776438,0.9997919715552794
776439,0.19573631957397147
776440,0.5705814487327201
776441,0.9999791238606077
776442,0.46941448671769187
776443,0.9998923567937261
776444,0.9745576382232182
776445,0.057897909291317426
776446,0.9969753123550513
776447,0.9897992187186062
776448,0.6163797944667394
776449,0.9990942611472162
776450,0.9999694654189764
776451,0.3345043586436295
776452,0.9055536071155024
776453,0.9980345404196527
776454,0.9999627766142115
776455,0.9919220267574693
776456,0.05050302038689953
776457,0.9986302799466695
776458,0.9920820858045867
776459,0.33857336844103203
776460,0.9980462203807046
776461,0.13145608900933667
776462,0.9764827004381701
776463,0.5261907832951086
776464,0.9584189648959518
776465,0.014242401637055377
776466,0.39779295807741105
776467,0.5697646287280821
776468,0.6185692681445965
776469,0.43723933562803585
776470,0.9472640700930745
776471,0.07863187346938758
776472,0.9996648334046296
776473,0.09120029188068246
776474,0.5900330360108329
776475,0.07689962496109709
776476,0.9984294443440107
776477,0.42663209936930896
776478,0.2907274299995089
776479,0.8340464117551083
776480,0.024231660703841307
776481,0.9987480857830991
776482,0.9994512897714618
776483,0.22921271501562618
776484,0.07769575698434047
776485,0.002901551635856146
776486,0.8562777534033452
776487,0.9999669837535026
776488,0.19295957401121608
776489,0.9992243245348096
776490,0.0436291116979467
776491,0.9999188038283138
776492,0.9924744243395807
776493,0.9611067835755134
776494,0.739639459757416
776495,0.6321451253117105
776496,0.9987515570794987
776497,0.9979261101247241
776498,0.998118923262343
776499,0.31916507246954634
776500,0.8936543308576104
776501,0.7424954424065787
776502,0.7932508679419237
776503,0.9889439382337275
776504,0.538465842209373
776505,0.9991950410596274
776506,0.17442744837072577
776507,0.9812641635873197
776508,0.32262831592515306
776509,0.9999675282098739
776510,0.9974463115351307
776511,0.9998878214932131
776512,0.9667547341266165
776513,0.013022549529272922
776514,0.996675376336029
776515,0.999508369094638
776516,0.9985075066600684
776517,0.9998295119495664
776518,0.633626379093096
776519,0.48205905975896074
776520,0.9981615784820717
776521,0.9999854428867613
776522,0.9999474866525235
776523,0.9378322961913352
776524,0.8987393570073751
776525,0.9997171094862415
776526,0.990360707846015
776527,0.9178236036270783
776528,0.2167090864107239
776529,0.9992236184155063
776530,0.7560130376124121
776531,0.9915779760244396
776532,0.8125988148592994
776533,0.9963973876765655
776534,0.3080158438743451
776535,0.03318510742736471
776536,0.9994005087084676
776537,0.9999067713650521
776538,0.2581710583557086
776539,0.9876296626333919
776540,0.9650529346439598
776541,0.3971712888643831
776542,0.22428296121170782
776543,0.9876671163652363
776544,0.015084510536681228
776545,0.9126511948481691
776546,0.6833973616504465
776547,0.2046093269390159
776548,0.06514561696934784
776549,0.053926140166470224
776550,0.9999747007471387
776551,0.998869518133384
776552,0.7357217902950279
776553,0.32462587401674725
776554,0.4913658598692787
776555,0.2703354811519422
776556,0.9112855196368871
776557,0.7819096543386133
776558,0.737451316737548
776559,0.7619644451453349
776560,0.7593675855895079
776561,0.1570132425812805
776562,0.006922280069142157
776563,0.6132969134230689
776564,0.999904966285647
776565,0.942909644634397
776566,0.16851597422252707
776567,0.839428171409419
776568,0.9998362437271291
776569,0.1631173715124595
776570,0.8240513571726373
776571,0.9672027369254825
776572,0.9997977355964838
776573,0.7494125925928281
776574,0.996245959613192
776575,0.8563308394521219
776576,0.9982939971838192
776577,0.9996237297090673
776578,0.04198505788179561
776579,0.9999521809670482
776580,0.9999809207166437
776581,0.6750800831942277
776582,0.9943327742408583
776583,0.005347875445282938
776584,0.38478997972289364
776585,0.7087379937483733
776586,0.7339141932230571
776587,0.10812627370050057
776588,0.07636208282703885
776589,0.8851680738415451
776590,0.11793138758664595
776591,0.9996284547399319
776592,0.8020074146276941
776593,0.9269444913351699
776594,0.10031485940018081
776595,0.8683255427342517
776596,0.9999596620621052
776597,0.02975784933737111
776598,0.9648159804868318
776599,0.9125785886615679
776600,0.3178674885325246
776601,0.999661589159318
776602,0.015817191904920803
776603,0.12384336743883181
776604,0.9393344851781908
776605,0.9972163760009226
776606,0.9491051877180012
776607,0.09058274036691787
776608,0.13962593396430917
776609,0.6168442807116199
776610,0.8072891669077409
776611,0.9705334644443364
776612,0.06831214404440307
776613,0.8668948569657684
776614,0.011500629867159594
776615,0.9993570650044615
776616,0.0219770021893927
776617,0.999801939696159
776618,0.9982407545429506
776619,0.9923063466038886
776620,0.7487801295692946
776621,0.02397048768383257
776622,0.9990553891416849
776623,0.9999616952411572
776624,0.028142410066408198
776625,0.7512790912186803
776626,0.5929725852713185
776627,0.20547348475860958
776628,0.969532413792679
776629,0.9702298419821052
776630,0.9984364568481535
776631,0.9999894210170507
776632,0.25093082188062676
776633,0.5229281640229078
776634,0.9977216953230972
776635,0.9795386220685369
776636,0.6404854230404586
776637,0.14590363720435268
776638,0.987917694666038
776639,0.01163083832522772
776640,0.007159979562906909
776641,0.9999658223150989
776642,0.127839559090932
776643,0.04553183996123707
776644,0.04846507216103542
776645,0.023408647157174476
776646,0.9994018910577208
776647,0.627047479462209
776648,0.9947356700689436
776649,0.032932189675403345
776650,0.010661520532901609
776651,0.9997541539325758
776652,0.0888673663350936
776653,0.9991144445323967
776654,0.8981844220240167
776655,0.9997947883733346
776656,0.998987868722893
776657,0.9985145889638036
776658,0.49859841043342756
776659,0.99995412026108
776660,0.6016637168499247
776661,0.9779632338769155
776662,0.2399697901029056
776663,0.9283846858009877
776664,0.99994650310208
776665,0.986181373909806
776666,0.324175690329489
776667,0.9954630064590707
776668,0.9953837406905359
776669,0.9996271877203475
776670,0.9839635157993674
776671,0.9999608228729016
776672,0.3111705789624355
776673,0.9906112654254597
776674,0.969013300144429
776675,0.8272634073766094
776676,0.588747275226791
776677,0.9143345763572822
776678,0.9840574329094008
776679,0.5970680200705171
776680,0.12058208935829473
776681,0.6990145235316614
776682,0.999979431046381
776683,0.8024807826723315
776684,0.9650224932759228
776685,0.8476327158802313
776686,0.6383371502625333
776687,0.9996619758052961
776688,0.9997801484680982
776689,0.11697731066160397
776690,0.4127031678138545
776691,0.17962935573880182
776692,0.7121713567089641
776693,0.30996616354017054
776694,0.9967122961924048
776695,0.9996809513784379
776696,0.9999001280750386
776697,0.9979065508382006
776698,0.9790240921796408
776699,0.9999423558947864
776700,0.08136369284727302
776701,0.9983819059665244
776702,0.12476563895229571
776703,0.9997852345943239
776704,0.07196238266619472
776705,0.9993696435062596
776706,0.15494296746075933
776707,0.2534558402826678
776708,0.9998866230111663
776709,0.9119156559452527
776710,0.999903920116517
776711,0.07572594584185052
776712,0.9940663418628215
776713,0.7529356787806701
776714,0.9284241152496071
776715,0.7411844719070204
776716,0.99970071888913
776717,0.7415591314591599
776718,0.9999530096564402
776719,0.9998026169941674
776720,0.9980381280592956
776721,0.9944982986681938
776722,0.005962232330064357
776723,0.16102862231130421
776724,0.9999873871607858
776725,0.27104941454375453
776726,0.007416444012048065
776727,0.056820581011628894
776728,0.890648127087191
776729,0.9998089274669157
776730,0.8100630293850031
776731,0.29556946108753596
776732,0.9969663890065132
776733,0.9993922188749779
776734,0.9763836401374121
776735,0.9996014970781204
776736,0.9254430561249676
776737,0.9815391688688279
776738,0.4052955346917551
776739,0.9689434432462473
776740,0.16693672684600686
776741,0.915945456261058
776742,0.7311871961607346
776743,0.9970406791577917
776744,0.6943912043659174
776745,0.8185928955644979
776746,0.5594761289809039
776747,0.9971639891985147
776748,0.06590977634600372
776749,0.9996913183597129
776750,0.9999444366755692
776751,0.9979777572901303
776752,0.9985087870728317
776753,0.92113573247274
776754,0.34196481220980085
776755,0.6463112131688795
776756,0.018973803375785678
776757,0.114646251889856
776758,0.2703373885639681
776759,0.9951861546969305
776760,0.65455288760612
776761,0.9999480652157164
776762,0.3383724497130517
776763,0.9898107748959035
776764,0.9999856262672957
776765,0.4091134552111102
776766,0.05732583182109027
776767,0.885293058347566
776768,0.9996943853614881
776769,0.9982465176354567
776770,0.9849210818678655
776771,0.15011121981271647
776772,0.9783623238131007
776773,0.6727518288711443
776774,0.24722841200629542
776775,0.995231054538427
776776,0.14781786864241492
776777,0.9976795453302084
776778,0.677020898119078
776779,0.9859346598477661
776780,0.9998749197596504
776781,0.9904872090429633
776782,0.6828216746594911
776783,0.5703931809939567
776784,0.005804158824549445
776785,0.995521914634511
776786,0.15309259549516083
776787,0.6587922122050857
776788,0.9939848789957129
776789,0.08661561232337872
776790,0.9696177095161556
776791,0.9902280382580344
776792,0.999078973868628
776793,0.0108994502756172
776794,0.7920217930826462
776795,0.9997371378363586
776796,0.028889399242137296
776797,0.9980174051039015
776798,0.421537278373738
776799,0.999934183525975
776800,0.9998871259195361
776801,0.9974597405919006
776802,0.6157456631450782
776803,0.9740913682265449
776804,0.4849316831068815
776805,0.9999243521300635
776806,0.9277197365624515
776807,0.6441153918277269
776808,0.9998702225914639
776809,0.09254553012334586
776810,0.9423643146999214
776811,0.2579013939725644
776812,0.23000858890324805
776813,0.7980107833025842
776814,0.8161816497913015
776815,0.12723563117964878
776816,0.3488269607755482
776817,0.8462089286949087
776818,0.024940312049370986
776819,0.8652756270062815
776820,0.6823902575968972
776821,0.7285651425129092
776822,0.9999296696882368
776823,0.07152262418684788
776824,0.9998237389886286
776825,0.07121638711444132
776826,0.9995215538743039
776827,0.6299709979106505
776828,0.04927772720776106
776829,0.9991555390048519
776830,0.6006556813476455
776831,0.03227031005585412
776832,0.8907909806604839
776833,0.9233682188989227
776834,0.999230736944286
776835,0.9998271459458361
776836,0.9984483925620691
776837,0.9914700480283127
776838,0.6297886657971188
776839,0.9873036773470275
776840,0.041512895421594954
776841,0.8074454385443675
776842,0.9792451004625427
776843,0.9998582726754986
776844,0.9855062238405167
776845,0.9710427413819536
776846,0.12899296460688886
776847,0.91597767675271
776848,0.9989842873029626
776849,0.6940887521287785
776850,0.01348159997784993
776851,0.9921607786921925
776852,0.9530878067733284
776853,0.36520650695655077
776854,0.08155192505790392
776855,0.9998558339407698
776856,0.0017689574721417016
776857,0.6355249188148477
776858,0.9993100054156966
776859,0.9907776179511667
776860,0.8527571347204769
776861,0.9975052156739683
776862,0.9988188313927555
776863,0.0505239171815854
776864,0.9999924314847752
776865,0.9997436484640178
776866,0.9993138706417287
776867,0.04274340704527502
776868,0.22281049870657132
776869,0.02067379083593089
776870,0.20198591221425397
776871,0.1823589756331119
776872,0.9984818030347762
776873,0.8280774167072453
776874,0.9999197363888956
776875,0.9999673782828273
776876,0.9984805509784335
776877,0.9435042332139147
776878,0.40823566432216996
776879,0.9998243021444593
776880,0.9889889920136958
776881,0.9993805032331853
776882,0.07028373968698279
776883,0.690770803657297
776884,0.9960489170637669
776885,0.9071799040737758
776886,0.7701966896263704
776887,0.9989775413358095
776888,0.9628563143720801
776889,0.08234302158664
776890,0.9962219662974972
776891,0.9997967382693898
776892,0.41136675139346285
776893,0.029966363655790907
776894,0.07467737490796356
776895,0.9628325932038613
776896,0.4905526298181634
776897,0.5195907261527066
776898,0.9992981932983666
776899,0.9995650968733922
776900,0.6166531041842589
776901,0.9996417876515367
776902,0.016262299021105767
776903,0.9746568472703847
776904,0.9989835258914923
776905,0.9967688987724472
776906,0.9909156599737177
776907,0.9675174707800658
776908,0.9993333568843917
776909,0.6541631100148021
776910,0.8704080925337276
776911,0.606689484652547
776912,0.9644251555406931
776913,0.0024513819308475382
776914,0.9968373063339906
776915,0.9993888207313419
776916,0.9990149658312214
776917,0.9863548655311777
776918,0.06952905892340097
776919,0.9988543002926782
776920,0.8726702161150406
776921,0.9987393001647428
776922,0.9998519756220839
776923,0.9997307745341548
776924,0.9965100885936762
776925,0.9977996767345387
776926,0.054174451408938104
776927,0.9931614068660204
776928,0.9715769364864291
776929,0.9999556097693328
776930,0.7721403649196725
776931,0.9982031565599474
776932,0.999653145352848
776933,0.9496368532995931
776934,0.9944793248030914
776935,0.04914206638323519
776936,0.7703769673260841
776937,0.4167605728786459
776938,0.9997988204709771
776939,0.9999940222693333
776940,0.9999634327165305
776941,0.46515163984751595
776942,0.06586687238799388
776943,0.8478717756328454
776944,0.34077828030112417
776945,0.997036587748345
776946,0.9608663049166892
776947,0.578859873284337
776948,0.9999381656026223
776949,0.07214754075690241
776950,0.4454177942189277
776951,0.999897368546993
776952,0.4793977782395147
776953,0.9914591709607652
776954,0.940963762766853
776955,0.9794395404071621
776956,0.46590717482072874
776957,0.9998717379751527
776958,0.10438246721476364
776959,0.8380949459176124
776960,0.9997073832878026
776961,0.9613070436348798
776962,0.997613933108478
776963,0.9339598168152309
776964,0.9993104874607999
776965,0.9983154841374356
776966,0.04938228171109618
776967,0.9984710269727817
776968,0.9153825913915995
776969,0.25004216667175316
776970,0.9917549860588446
776971,0.9998410879998288
776972,0.4587299614571466
776973,0.05064435918928792
776974,0.9988526422287798
776975,0.3974736617611594
776976,0.7529801025929832
776977,0.029726545090328245
776978,0.42534369672959776
776979,0.9990776996696669
776980,0.9990533506868443
776981,0.3909177165235476
776982,0.007297680271107203
776983,0.9994687585124096
776984,0.07678691554460779
776985,0.999717521404447
776986,0.9973629591585798
776987,0.9984996621795017
776988,0.21583364794328114
776989,0.9999769471999778
776990,0.38999028492855825
776991,0.9984324178636378
776992,0.006440155764261507
776993,0.43047649637715435
776994,0.9984321209458598
776995,0.9997280209430947
776996,0.9891341512147753
776997,0.9999725800738746
776998,0.9998524315010715
776999,0.802160574985061
777000,0.9797047671042871
777001,0.8022483899906176
777002,0.19711960455345814
777003,0.6805919266103713
777004,0.9983199441091839
777005,0.9984754221850838
777006,0.06299716603361306
777007,0.9176738361277046
777008,0.9912970622170093
777009,0.7965411088082408
777010,0.9886797299793129
777011,0.054127745971339035
777012,0.6976208448334934
777013,0.9858587949683872
777014,0.2919499822573062
777015,0.994333305785771
777016,0.9905279027575147
777017,0.8372670070920321
777018,0.9986564615313467
777019,0.9635817683103587
777020,0.9968089014770378
777021,0.9957509251504892
777022,0.963927378074936
777023,0.9549500102567647
777024,0.8792067746243307
777025,0.040160514936925976
777026,0.2566409682566962
777027,0.9986457027688083
777028,0.744435594667205
777029,0.91973198001562
777030,0.9678253583309069
777031,0.6729310214788236
777032,0.23265342883687024
777033,0.004063858867191307
777034,0.9973534692883086
777035,0.7633011441622144
777036,0.044621194741117455
777037,0.9618109012345579
777038,0.9992675535575142
777039,0.9742103774714216
777040,0.9981581699183427
777041,0.9976332773982268
777042,0.7724741759248857
777043,0.9985691335657056
777044,0.7564683636341004
777045,0.9996672496749737
777046,0.02701463740672275
777047,0.9996166202302801
777048,0.6011001815415074
777049,0.5057857396075446
777050,0.29584638371077787
777051,0.594855573153299
777052,0.9998392849787177
777053,0.29945445058198866
777054,0.7169502322554341
777055,0.036543320379500414
777056,0.6726576406888602
777057,0.99808280138496
777058,0.99797260618451
777059,0.4664000899060702
777060,0.4364767512999866
777061,0.9999455374387106
777062,0.9998975927867817
777063,0.9991937155798029
777064,0.9313584659366296
777065,0.9999403991323808
777066,0.996438661610513
777067,0.20021377954307318
777068,0.9996259615512852
777069,0.945286207233238
777070,0.9765612910618979
777071,0.9315414536728129
777072,0.9438719994543998
777073,0.9998721977122783
777074,0.9998982088459478
777075,0.0024525824200798676
777076,0.995460348131053
777077,0.40644517715468076
777078,0.9997626746044768
777079,0.6497422499738426
777080,0.7333939374623611
777081,0.19398233573826323
777082,0.43695362866876536
777083,0.9798164957135971
777084,0.6942203071452566
777085,0.8739651382633061
777086,0.9996416813719646
777087,0.9975411545369118
777088,0.9584754967159848
777089,0.4816283461487991
777090,0.9995718997753329
777091,0.03775515507699851
777092,0.9995892582167798
777093,0.5906696044560953
777094,0.7047202909868922
777095,0.5185407358458152
777096,0.767223738683642
777097,0.9185152496059974
777098,0.9512561228530168
777099,0.99994139619933
777100,0.005207144907864408
777101,0.9518215073494176
777102,0.9998088569878909
777103,0.3881464762264847
777104,0.9998394983808645
777105,0.9920462355675558
777106,0.4651852387187832
777107,0.14043993719291756
777108,0.9998580280338345
777109,0.9849636826892842
777110,0.9973639732136517
777111,0.9934100203281555
777112,0.03372721278064803
777113,0.9173311808686211
777114,0.04551850541779718
777115,0.7342096991265513
777116,0.41822271866063343
777117,0.5559073763348487
777118,0.929204311168162
777119,0.9998261990258375
777120,0.9954465978903309
777121,0.9922443194469414
777122,0.6380569383719634
777123,0.9808013620497991
777124,0.9997981765596875
777125,0.9998287446686981
777126,0.8702802407342148
777127,0.9639003064955576
777128,0.9976707004696403
777129,0.9531166457586242
777130,0.9974612100614532
777131,0.9992400733160125
777132,0.08288861314065411
777133,0.06503896394266637
777134,0.9998402497698944
777135,0.38795842693919597
777136,0.22048535447918627
777137,0.6629889514036185
777138,0.9994561360634366
777139,0.4364772556719031
777140,0.91317682145581
777141,0.9966426234790734
777142,0.6819459911469836
777143,0.6070103200800171
777144,0.9999495994154165
777145,0.6923203352002731
777146,0.9863921601160809
777147,0.9997431188641879
777148,0.9991663568998863
777149,0.9960876861902611
777150,0.9999710927636534
777151,0.06399476213684435
777152,0.9902343459972565
777153,0.9999694708747873
777154,0.6918157304403847
777155,0.9995177937563964
777156,0.8833520664409928
777157,0.5038620667068545
777158,0.9992422920473419
777159,0.9014020411007226
777160,0.9964629110374743
777161,0.026560794531059383
777162,0.9998716683964579
777163,0.9923618349417738
777164,0.05546789435538646
777165,0.9973401197716891
777166,0.3991957402458249
777167,0.9998871468735588
777168,0.7784678503631147
777169,0.9920874957836497
777170,0.9941964806184858
777171,0.9995884716536529
777172,0.9984124472331917
777173,0.059984993304105394
777174,0.99348345744195
777175,0.17968047924197586
777176,0.008922210972414609
777177,0.9958849762037225
777178,0.9819695249938885
777179,0.9993379030205524
777180,0.8848756249838009
777181,0.9988332960841106
777182,0.9648203574889801
777183,0.9963344696777459
777184,0.945565644040058
777185,0.891787571250034
777186,0.5330956949038167
777187,0.014506843397145674
777188,0.19801571932693915
777189,0.8142175552813083
777190,0.9935671447091846
777191,0.9997306582476437
777192,0.07907732815919863
777193,0.9332927651629304
777194,0.9841440268120096
777195,0.09401627243200131
777196,0.9434278369613203
777197,0.4424081551421236
777198,0.036562831382263516
777199,0.020277419744697926
777200,0.9324703018933778
777201,0.9913803120341036
777202,0.9993290642590684
777203,0.35502276763177776
777204,0.0890479875785025
777205,0.9538004744513329
777206,0.9989152404198743
777207,0.997526698349568
777208,0.9947255809180736
777209,0.9999524348112061
777210,0.9998892641182507
777211,0.9740885842173299
777212,0.04610826216699792
777213,0.999229236635665
777214,0.9995175726200626
777215,0.9141874443365181
777216,0.9997656027658164
777217,0.18374850623710484
777218,0.9208989846547462
777219,0.3205793263368687
777220,0.3838472502519319
777221,0.9995637670083506
777222,0.9998191950579791
777223,0.9999824153139087
777224,0.9981698377150885
777225,0.9999825816446327
777226,0.9619777764765552
777227,0.9966780890621755
777228,0.9998725406938703
777229,0.999863138287213
777230,0.17206707649134517
777231,0.3339539489298997
777232,0.46177230673813274
777233,0.5039066372542301
777234,0.29572734843368564
777235,0.05786692422452198
777236,0.7156388213378626
777237,0.9167959951317624
777238,0.9995535211338189
777239,0.9999889186746611
777240,0.9831323455484526
777241,0.020755092457109756
777242,0.8317851894213546
777243,0.05555170913633414
777244,0.014731501924551332
777245,0.05439899443711772
777246,0.9989683199393067
777247,0.985685550261694
777248,0.9803379494809865
777249,0.36860644112735763
777250,0.9882472208739721
777251,0.9999376642474571
777252,0.9999315383517315
777253,0.9897897684666744
777254,0.9996214069424558
777255,0.9996981767664923
777256,0.21600537823527527
777257,0.018330120201730044
777258,0.448768216874322
777259,0.6982842421841855
777260,0.408943278535706
777261,0.9997937121956748
777262,0.8726081249961464
777263,0.9941704740344885
777264,0.9985699763571703
777265,0.9997951692595188
777266,0.20784781762444393
777267,0.5295136445176105
777268,0.12098784678792185
777269,0.9713179129902212
777270,0.4540933874017631
777271,0.9995121394375833
777272,0.9049288910806689
777273,0.9984997093829311
777274,0.4083139344539398
777275,0.41528539644942597
777276,0.9912209965245852
777277,0.9997293023437536
777278,0.9807842201337107
777279,0.6152074733675373
777280,0.8600847797226855
777281,0.999339955454679
777282,0.7580936072211237
777283,0.9705864102266589
777284,0.9998571377737407
777285,0.9953096063709435
777286,0.9855616155422053
777287,0.9728906506100876
777288,0.2088933934898685
777289,0.9978049372793649
777290,0.9997950725465974
777291,0.9929845196260867
777292,0.7848436078758507
777293,0.9806769648943141
777294,0.7413483242026933
777295,0.999906595191907
777296,0.9997051183392323
777297,0.9999621772799746
777298,0.07157821764595752
777299,0.9993886509792116
777300,0.9999846870674264
777301,0.19306345889352605
777302,0.9999556473030338
777303,0.9995193391488574
777304,0.08889783606880108
777305,0.058739052940601555
777306,0.9776903254627042
777307,0.18033793842441664
777308,0.9940992578698754
777309,0.9966064435465446
777310,0.22598059647648946
777311,0.9907153182282885
777312,0.999946123159726
777313,0.9073175904569186
777314,0.999096771739157
777315,0.9702491504115311
777316,0.995935885814794
777317,0.9996654148635874
777318,0.8528175212760973
777319,0.5284449344578785
777320,0.08219548858422222
777321,0.9997142164395669
777322,0.07307855957301768
777323,0.9998028091426319
777324,0.9821945285214053
777325,0.9791642236811926
777326,0.13368354341426353
777327,0.7843295926512259
777328,0.9974816954318602
777329,0.9813578151572662
777330,0.9029548458223127
777331,0.999973799780054
777332,0.9977470344647256
777333,0.979921496828422
777334,0.8065480797607489
777335,0.5636645693033667
777336,0.5204030681791492
777337,0.805385285621781
777338,0.9997166742506047
777339,0.9996676089016212
777340,0.9245940915108892
777341,0.979069260078904
777342,0.9999425360699459
777343,0.9739397065298465
777344,0.9953738990710828
777345,0.9933636341638545
777346,0.017339316999402832
777347,0.002512497226268918
777348,0.07194870293602577
777349,0.037041790636607064
777350,0.9998577661880903
777351,0.9967066356223023
777352,0.9647398878345916
777353,0.9434789060834979
777354,0.33788643933956913
777355,0.9997698838755869
777356,0.9998642757866254
777357,0.015169949660312206
777358,0.9998033428477576
777359,0.7602583030603253
777360,0.99526712334487
777361,0.9992393983637644
777362,0.9998740648477515
777363,0.04289902290699884
777364,0.49738777950908936
777365,0.9998121889830134
777366,0.8818002835812894
777367,0.021536297435568945
777368,0.4939017089089978
777369,0.6665184612205513
777370,0.98631320739251
777371,0.1597834711238716
777372,0.9994841726350112
777373,0.9772463096485712
777374,0.6491239400975501
777375,0.5690036863624411
777376,0.999899011873356
777377,0.7560529179068987
777378,0.6850843251651668
777379,0.9961870526018511
777380,0.24721875412387276
777381,0.9982545348966034
777382,0.03640009538515496
777383,0.918479852149478
777384,0.15929700303948394
777385,0.7532478231818727
777386,0.3040295454988532
777387,0.9977158080868158
777388,0.4436946982947528
777389,0.9960300689201436
777390,0.2266551130206938
777391,0.983836958560122
777392,0.9938380059681007
777393,0.02091425225436108
777394,0.9821561699673975
777395,0.011395898033976127
777396,0.5404196743444791
777397,0.1806022941279336
777398,0.7369704066257037
777399,0.9987567486649659
777400,0.961586859473443
777401,0.6997505709395375
777402,0.9997846752352327
777403,0.05889493955497444
777404,0.8035661914162022
777405,0.999991031481019
777406,0.9999622772298815
777407,0.48482811150166916
777408,0.9957998621972259
777409,0.025236084515627193
777410,0.9988130222503431
777411,0.026736979333794486
777412,0.9993190098137281
777413,0.873640922363453
777414,0.9995335252477368
777415,0.2919389162750004
777416,0.9998984665932739
777417,0.5238126326611835
777418,0.9142357350456334
777419,0.20419369120302427
777420,0.8564113391178919
777421,0.15765947045434606
777422,0.9993880624814162
777423,0.9999916278301948
777424,0.006592927296310733
777425,0.9835417623463706
777426,0.6561588217330927
777427,0.094610941661636
777428,0.9443363436850454
777429,0.8090407293580383
777430,0.2804581002036203
777431,0.9993850270791618
777432,0.9999866633852281
777433,0.9343313164396738
777434,0.9999607204172483
777435,0.9962863498208293
777436,0.9999748481817481
777437,0.673695519840922
777438,0.9971534499811994
777439,0.03464139937555942
777440,0.08421329090871295
777441,0.9522094849533285
777442,0.799520763099121
777443,0.9939965847743865
777444,0.9997596223573797
777445,0.9978435950378142
777446,0.02756498567193583
777447,0.1057835153679054
777448,0.9647659243623468
777449,0.5891471016574048
777450,0.9996644162233619
777451,0.7489133305498374
777452,0.9976865379479523
777453,0.7210409586967824
777454,0.834998742889025
777455,0.8157207981474219
777456,0.9947673082149803
777457,0.9999418471250915
777458,0.056356313182565856
777459,0.5086697684111886
777460,0.9948441232492666
777461,0.9796922329003195
777462,0.9962626655097535
777463,0.9994285968939636
777464,0.3674399943009493
777465,0.657911837578886
777466,0.1897797630034872
777467,0.8989931987120868
777468,0.062280508948146615
777469,0.07533838642125709
777470,0.20239856717175844
777471,0.6519540276532736
777472,0.04126168560445884
777473,0.3249543387514149
777474,0.5845658946116856
777475,0.9720787182125654
777476,0.9984002782496182
777477,0.698558505355117
777478,0.9362921342492749
777479,0.5991378981582677
777480,0.5737754188471319
777481,0.6854529562529802
777482,0.999731358948849
777483,0.5971668934216436
777484,0.15582721469214666
777485,0.0524959394382869
777486,0.5337838123604484
777487,0.10201966060925988
777488,0.9682501174794114
777489,0.9997291331977078
777490,0.8882557608615564
777491,0.9977187564335952
777492,0.8422787219111421
777493,0.022883712504999022
777494,0.16855514583190429
777495,0.8855247256647121
777496,0.9963017465265512
777497,0.9984136515683364
777498,0.7134508228165093
777499,0.9996381805904483
777500,0.9998934360652573
777501,0.9995334243153955
777502,0.9992949007496588
777503,0.8533248846861669
777504,0.9005777436915746
777505,0.9045894392554479
777506,0.8387538049125516
777507,0.1441673012845827
777508,0.6750011364165567
777509,0.9757468306053363
777510,0.9378552326290795
777511,0.9999554896236885
777512,0.13982724503433047
777513,0.9977754814601716
777514,0.8463556076661258
777515,0.9996975375797812
777516,0.4228643089230459
777517,0.5985048051682396
777518,0.9982285258603761
777519,0.9962275903659639
777520,0.9300808291224669
777521,0.07228824650100255
777522,0.9868910794882
777523,0.99865561928493
777524,0.999147644693908
777525,0.9944926321394484
777526,0.046731995559090855
777527,0.7896122300996181
777528,0.7743694349715988
777529,0.9997882081740557
777530,0.9444994253981437
777531,0.009091580560539676
777532,0.4980486986179175
777533,0.6066886822223758
777534,0.44894449948642723
777535,0.048631913488219686
777536,0.9992003267028726
777537,0.9988512685048413
777538,0.9999092788172568
777539,0.7885903511091457
777540,0.48595145610773016
777541,0.7409282343938766
777542,0.9999489940229171
777543,0.04287590156408651
777544,0.3058674249865275
777545,0.006746598087295889
777546,0.9489283632890001
777547,0.016526973748743085
777548,0.9997646243979744
777549,0.9972660876047441
777550,0.9999225379700359
777551,0.999599460888418
777552,0.8515328631915708
777553,0.817879698530039
777554,0.7445123600607324
777555,0.41695611415600464
777556,0.02256860768661757
777557,0.9999676600732348
777558,0.6548892067545291
777559,0.999728206493016
777560,0.6792477520849509
777561,0.38189836516303516
777562,0.06585415791115301
777563,0.999810829929147
777564,0.9982903263996524
777565,0.9900819807512486
777566,0.4166147063981016
777567,0.00794742429594659
777568,0.5958088498858403
777569,0.6334426393492139
777570,0.9112143010084615
777571,0.9407232463107081
777572,0.9534663980462869
777573,0.9970866995775116
777574,0.9999751368337719
777575,0.9157934083141157
777576,0.9898251699669747
777577,0.24025190304927954
777578,0.9995877306139251
777579,0.013369436176452257
777580,0.9942617536343596
777581,0.999847112667597
777582,0.9998722282203423
777583,0.9532426170141046
777584,0.16835076728438883
777585,0.6233004989754237
777586,0.9997216754650929
777587,0.9337830652657255
777588,0.9798169166426023
777589,0.9880277514405338
777590,0.9957218057494379
777591,0.9998839976099047
777592,0.9104892821620842
777593,0.9961369315286981
777594,0.9998174746431481
777595,0.7081819256819568
777596,0.2377140668262812
777597,0.6394910823301735
777598,0.9991904973873645
777599,0.8343184881333278
777600,0.9996492713792829
777601,0.09815021026744751
777602,0.5967550437107162
777603,0.993694944431776
777604,0.36680611866726515
777605,0.08072890719322334
777606,0.9860602798352984
777607,0.8982685011623426
777608,0.9753051270871453
777609,0.04344738171973505
777610,0.9929897760160152
777611,0.9992406747563082
777612,0.8917745874229261
777613,0.9995673843711625
777614,0.9671404653968539
777615,0.9992211803895252
777616,0.6907242954854828
777617,0.3611731416673188
777618,0.16286795889571054
777619,0.38921194941752113
777620,0.8213307880170041
777621,0.024148641082886002
777622,0.989306152960185
777623,0.9999301431373561
777624,0.7150428032884912
777625,0.661925906756613
777626,0.9996042461402737
777627,0.9975798970949741
777628,0.874806387140242
777629,0.9995714240831376
777630,0.03802944366570712
777631,0.04214373900124686
777632,0.93690155201851
777633,0.8382182684161616
777634,0.9826182616648258
777635,0.8634540367509496
777636,0.9970073249159197
777637,0.9919001572409543
777638,0.9885092144127914
777639,0.6310862671778712
777640,0.34894743852434984
777641,0.9232759615005756
777642,0.11125219734427105
777643,0.9999581879696633
777644,0.1442031114585922
777645,0.9998843283414203
777646,0.985391735244973
777647,0.9987633757702739
777648,0.18645860180859214
777649,0.9987129766486614
777650,0.384204377544878
777651,0.7720499436160586
777652,0.9436555240518539
777653,0.25983015062876536
777654,0.15795801052397282
777655,0.986298529406167
777656,0.9999194923776754
777657,0.26982053133959005
777658,0.884540815893614
777659,0.25101823876583357
777660,0.9999822486864641
777661,0.9948873355052034
777662,0.9775162926192076
777663,0.025648510578669303
777664,0.0032842134108544384
777665,0.9869194536280459
777666,0.9998100389536176
777667,0.9978287293297011
777668,0.9960940309068798
777669,0.07149399978382244
777670,0.10691665304045597
777671,0.9423005740601728
777672,0.8122857478622878
777673,0.9987825201058543
777674,0.6397824759454576
777675,0.02817711114767469
777676,0.7483671013748392
777677,0.6224241505694432
777678,0.13521202867366344
777679,0.005468341121125803
777680,0.017299658235304792
777681,0.274032042225991
777682,0.9999161485805033
777683,0.5977715505018916
777684,0.9934138772342382
777685,0.9999379259706711
777686,0.9527235272319976
777687,0.8864336451576529
777688,0.7790916525512245
777689,0.9854254910875885
777690,0.9999043694365667
777691,0.9997907256588128
777692,0.9994468735144735
777693,0.9992505960532556
777694,0.9774134767291232
777695,0.999886186790871
777696,0.44701046068640227
777697,0.054136760352511165
777698,0.9989925957768968
777699,0.9986036259032768
777700,0.2113951064132774
777701,0.9834785847045945
777702,0.16803104913416175
777703,0.9999824692012842
777704,0.21746933873879248
777705,0.9982949139773507
777706,0.9352591461353473
777707,0.014728346464580797
777708,0.999704115288766
777709,0.9983036290403813
777710,0.999479889430684
777711,0.5631977772564412
777712,0.40175598057483186
777713,0.9999330390092711
777714,0.9890544938360271
777715,0.9992549491327418
777716,0.23795354279350145
777717,0.999818207040945
777718,0.6139638574765349
777719,0.7969388714818072
777720,0.8058203153786243
777721,0.9963302047304708
777722,0.999785574426461
777723,0.06378617633654333
777724,0.973986626602457
777725,0.9963077201446955
777726,0.9943574304183198
777727,0.11781000455359597
777728,0.20694893531205005
777729,0.7127819159078712
777730,0.6469342195416892
777731,0.9972694269722199
777732,0.5380523204580685
777733,0.9964570299615545
777734,0.30288737844575453
777735,0.9941765179060573
777736,0.9993272071375228
777737,0.6744091642892618
777738,0.9999442968261467
777739,0.9975766093031089
777740,0.017794687591012236
777741,0.7701977648582821
777742,0.9980339324842522
777743,0.9961102262379498
777744,0.6619293256364553
777745,0.7461224687778477
777746,0.7993848567344404
777747,0.889387787447583
777748,0.9965751280655262
777749,0.6760860244921939
777750,0.9405346543490986
777751,0.14784140189682723
777752,0.9996250949405823
777753,0.4412915049487358
777754,0.9998638438388963
777755,0.9971249049604461
777756,0.03704177266084286
777757,0.9999428586689973
777758,0.9999932457843814
777759,0.406850842631898
777760,0.8374571268435126
777761,0.9597409973111581
777762,0.03479777806431316
777763,0.53583437691674
777764,0.5251561132981822
777765,0.952325402113242
777766,0.9995880668875501
777767,0.9984557167748309
777768,0.5465456844952845
777769,0.8986646448929926
777770,0.9631340600667087
777771,0.7864831637089953
777772,0.9861040844861935
777773,0.9906136493136759
777774,0.9997029317431904
777775,0.9999637376036161
777776,0.19486746177232322
777777,0.9261240981334953
777778,0.908835893304905
777779,0.9991860550756967
777780,0.04637236072761168
777781,0.2676564471366309
777782,0.9927217096016544
777783,0.006502700415120736
777784,0.9882924751204716
777785,0.09319794152152117
777786,0.9348730071289579
777787,0.8712049375637947
777788,0.999686234486046
777789,0.8464163265394491
777790,0.9893716749375474
777791,0.8326790383277667
777792,0.9999100697525916
777793,0.9996431990641371
777794,0.33249107353067564
777795,0.9062423709735778
777796,0.486072820808508
777797,0.4376742112746465
777798,0.1163711369882208
777799,0.9980116356341576
777800,0.9978904143444434
777801,0.9130165443705212
777802,0.007893587420248576
777803,0.9108300189732967
777804,0.99995136519563
777805,0.9997125006399393
777806,0.9988673077492851
777807,0.9999367111394105
777808,0.9995616692329491
777809,0.9970635686683682
777810,0.9994559255510538
777811,0.5528448429716997
777812,0.9863646347705115
777813,0.11415264866463704
777814,0.11528769399010808
777815,0.9994432476725226
777816,0.9414572161703323
777817,0.01841446083923508
777818,0.9996480827151414
777819,0.9961515681028463
777820,0.9968380885452175
777821,0.9042555803678787
777822,0.9547585410148435
777823,0.9373553751465198
777824,0.9997580190145939
777825,0.2547946420542454
777826,0.02134176758992875
777827,0.9998843083993255
777828,0.4950495696309395
777829,0.6712831965108479
777830,0.9999290955852029
777831,0.014389281393553225
777832,0.9759735802154992
777833,0.9985219336495507
777834,0.9702216266932231
777835,0.8294830883426342
777836,0.7868876268539755
777837,0.9473572495110134
777838,0.08661114561828383
777839,0.7112741003014964
777840,0.9974702260285905
777841,0.9999313856201207
777842,0.15396899031508685
777843,0.8876085672485956
777844,0.8939836588916541
777845,0.9994544585763672
777846,0.9997467150911041
777847,0.7067209866362383
777848,0.7205900160973122
777849,0.6893841151148901
777850,0.7209761173424452
777851,0.35880345386149987
777852,0.9994192511338842
777853,0.846851313107077
777854,0.9802145669113947
777855,0.6462102448618492
777856,0.9999849891549333
777857,0.9241269460622417
777858,0.9660847983104318
777859,0.9188879411852401
777860,0.09505579771013596
777861,0.6876271830761227
777862,0.006722513204561676
777863,0.024682039432277536
777864,0.9994386558292616
777865,0.633217252255504
777866,0.7963819666901024
777867,0.2868541991733635
777868,0.021092495185393995
777869,0.999645388163487
777870,0.783542657408064
777871,0.03785923291953777
777872,0.932784304627771
777873,0.009760393776272828
777874,0.9972713980806416
777875,0.9727370915287323
777876,0.7700734971654328
777877,0.9807620451056629
777878,0.19356623656710464
777879,0.9999266498688926
777880,0.9991261690281664
777881,0.9998454041738394
777882,0.9997687374553126
777883,0.9998556379450476
777884,0.664957815446086
777885,0.9997685398021552
777886,0.9897962883449878
777887,0.9998364898936711
777888,0.9859134981499462
777889,0.9297897473443666
777890,0.003453408319922736
777891,0.8211708700449172
777892,0.5582145667227346
777893,0.1466039989195222
777894,0.9931085107132401
777895,0.9994721250217802
777896,0.9998027001797463
777897,0.9990964851498243
777898,0.5554054677855731
777899,0.9975687502486553
777900,0.9992824788600702
777901,0.2596921402658234
777902,0.996894018176569
777903,0.21851491311795618
777904,0.9999714860976298
777905,0.999755332453533
777906,0.9488060316158975
777907,0.719026607201925
777908,0.41014746074450065
777909,0.8897957046102152
777910,0.8093398079612705
777911,0.9995590099050718
777912,0.9962218875066418
777913,0.28523952561914834
777914,0.9536188836869595
777915,0.902530777546744
777916,0.45006803622877556
777917,0.311192947967707
777918,0.007565610531076123
777919,0.15415587162219158
777920,0.13677681275797032
777921,0.012511886366765273
777922,0.9892396483143763
777923,0.9997072450942683
777924,0.40440749588528796
777925,0.9991979900924639
777926,0.5276176188209147
777927,0.998741267729806
777928,0.0496789476933872
777929,0.9985489133447795
777930,0.9935320894482175
777931,0.018245247792583543
777932,0.8437226343503055
777933,0.282081226984065
777934,0.018523191326619136
777935,0.9992777808721136
777936,0.6125776741984696
777937,0.996795055861833
777938,0.8660106106618475
777939,0.015665129103978093
777940,0.0028346535513085317
777941,0.7946191936957128
777942,0.9999561577177363
777943,0.9477529200936476
777944,0.9985051347196103
777945,0.9843374815265953
777946,0.9997628050286226
777947,0.9894524575459664
777948,0.07400201179983319
777949,0.039377988184587875
777950,0.163097825255323
777951,0.9996054816364177
777952,0.49570548762805244
777953,0.030826755422314434
777954,0.9994980097514474
777955,0.76349877543217
777956,0.13891044635549965
777957,0.19964509949075826
777958,0.9999078063103596
777959,0.9543153107598696
777960,0.7758711880600251
777961,0.9999326102437268
777962,0.5877349705209608
777963,0.9773912315649482
777964,0.9491831190756419
777965,0.9996653661578796
777966,0.9993129606676884
777967,0.008891823760410287
777968,0.044300557715410256
777969,0.9999454100534779
777970,0.999805271023121
777971,0.9158637610013809
777972,0.632023656295193
777973,0.9997979146277747
777974,0.10721150062284637
777975,0.9999471284728718
777976,0.7106810418369359
777977,0.9998582442482504
777978,0.9998320705649538
777979,0.9997200890661639
777980,0.9983868986321717
777981,0.042380736991613176
777982,0.9996305088111227
777983,0.7597356377356641
777984,0.0010041716368058523
777985,0.9988835691191109
777986,0.6186710716693806
777987,0.11174393114165852
777988,0.9996495660915314
777989,0.9643169539746705
777990,0.555778133503682
777991,0.25759718641306406
777992,0.9981620678335331
777993,0.5079228216575775
777994,0.7023167800287973
777995,0.8954230388467993
777996,0.022955929183459584
777997,0.9999042959753388
777998,0.4067437079988484
777999,0.9944398583296814
778000,0.6405145243885592
778001,0.8139985487363858
778002,0.9991489377552444
778003,0.888174851674243
778004,0.029816322515637317
778005,0.021525863670596373
778006,0.9999728219345124
778007,0.3401695066362147
778008,0.9999836632308176
778009,0.10758417300766969
778010,0.9997093373727296
778011,0.14122754074110963
778012,0.7557062696642071
778013,0.9982748168143794
778014,0.9997670018289508
778015,0.9943262416012189
778016,0.04855418104822846
778017,0.07737798468073169
778018,0.7276325323506931
778019,0.07850320435743414
778020,0.7550924086074455
778021,0.22331176474295727
778022,0.023060056788981913
778023,0.9995254136361619
778024,0.9986673152349199
778025,0.20816965206280746
778026,0.20640777927562362
778027,0.3366567628484832
778028,0.5397404977729705
778029,0.05870880157349441
778030,0.9180611523905069
778031,0.9368780046037762
778032,0.7951368260674199
778033,0.6363007015759949
778034,0.08807053007830666
778035,0.2520448047762586
778036,0.9998730041922123
778037,0.010390586591754923
778038,0.9152310889537962
778039,0.7786008849932686
778040,0.06788538770519738
778041,0.9994365264203908
778042,0.014223625846078492
778043,0.9234258126722044
778044,0.9676181111492994
778045,0.7144668156583112
778046,0.16725278130078
778047,0.999215804444331
778048,0.054739175075633945
778049,0.9998695846235055
778050,0.8695398160555532
778051,0.5474159034882524
778052,0.9995969463391264
778053,0.061436712164735154
778054,0.8859281948609523
778055,0.9907816732746683
778056,0.9844307930882892
778057,0.7396076090951921
778058,0.4720274461029345
778059,0.9036569752792681
778060,0.01726495731808194
778061,0.4823473170453346
778062,0.04245618298676621
778063,0.9999348030004432
778064,0.3855193145667243
778065,0.9996532203567976
778066,0.9966557436905528
778067,0.046698498671849886
778068,0.9997980517046852
778069,0.999688174030483
778070,0.2157944126600212
778071,0.9611846457888906
778072,0.8149902126395219
778073,0.023124169467621157
778074,0.053605728304756205
778075,0.18105195572279412
778076,0.9996847002938135
778077,0.9991797041045697
778078,0.40377166532318687
778079,0.9999195456563121
778080,0.9894325683725271
778081,0.18374357889915138
778082,0.9991500526827437
778083,0.02920571647060074
778084,0.9796644418273422
778085,0.9995847217731926
778086,0.9999462468642168
778087,0.999719805353982
778088,0.9800754630263184
778089,0.5797312701266293
778090,0.24941039113723962
778091,0.9854843738585946
778092,0.999983652865303
778093,0.8826636600432657
778094,0.998555370594729
778095,0.8471605327051526
778096,0.9872415177115125
778097,0.43369838636562286
778098,0.9999911814063057
778099,0.9673140483549285
778100,0.9999622997224715
778101,0.25246688322678357
778102,0.0134754315564421
778103,0.9894828479322896
778104,0.9065859363991029
778105,0.9689706367302784
778106,0.9946411379928175
778107,0.9887125621227029
778108,0.9999379112055318
778109,0.7006821033335118
778110,0.9999217944560828
778111,0.724101599445653
778112,0.0055512894872370025
778113,0.5364301638737503
778114,0.9995830460096418
778115,0.9990000735732039
778116,0.9966232107301009
778117,0.6718076439133494
778118,0.9988722584249426
778119,0.977131066270315
778120,0.9998989946146647
778121,0.7877810649505034
778122,0.9300857043523933
778123,0.9014509265864112
778124,0.1074789014045546
778125,0.8044922497794715
778126,0.32951900379069465
778127,0.6665588075590285
778128,0.48520212804762625
778129,0.9082004619367197
778130,0.44853803514603474
778131,0.9824751007431809
778132,0.13219720887902867
778133,0.07930551064868506
778134,0.007569692634441682
778135,0.036714562929925275
778136,0.8009820457471284
778137,0.09028726910915244
778138,0.9999906219761063
778139,0.982267737569259
778140,0.9998978205757778
778141,0.012419982585618359
778142,0.9081094897173098
778143,0.5602377437099193
778144,0.6516289846636223
778145,0.919350238543889
778146,0.13983396262482142
778147,0.9887958655693208
778148,0.799185615897111
778149,0.650401898571809
778150,0.9896811510738668
778151,0.879213488411168
778152,0.9997083254464877
778153,0.8468746787114109
778154,0.9971046440249729
778155,0.820412947453973
778156,0.8899437103799939
778157,0.7959071280732777
778158,0.5051021312570706
778159,0.3022881126172549
778160,0.9984542755202865
778161,0.9972521149847388
778162,0.3374278561683417
778163,0.968574433221326
778164,0.03499648135791924
778165,0.14651806272306744
778166,0.5879758708352528
778167,0.9958972365697035
778168,0.9984004098310748
778169,0.9998378605323474
778170,0.5552112851861754
778171,0.9998984521594911
778172,0.15250212035456237
778173,0.5719424931538273
778174,0.8709403430203346
778175,0.8751624394676831
778176,0.9995854331837752
778177,0.9998143577296412
778178,0.9994279245050484
778179,0.5059328570982704
778180,0.6148723398990489
778181,0.99979814450431
778182,0.9999166437798042
778183,0.8950018851321702
778184,0.9827246860489451
778185,0.9980845222244663
778186,0.6269770193343208
778187,0.25592122340574064
778188,0.9747720443349636
778189,0.7207093693665663
778190,0.8993477106526009
778191,0.9999192057753111
778192,0.9999593049198814
778193,0.10650437524508798
778194,0.9881598360182758
778195,0.9875619585486046
778196,0.7382759020999654
778197,0.6513367994386553
778198,0.9999564856229355
778199,0.03688085652442262
778200,0.2545565350215131
778201,0.9987665883762198
778202,0.9545558360260948
778203,0.9954264129470574
778204,0.42181390746471
778205,0.2109884617992627
778206,0.1513169560925253
778207,0.999245885574728
778208,0.11493706735392838
778209,0.8544346415201456
778210,0.5100498752163644
778211,0.6633963063624483
778212,0.009947623086587228
778213,0.9997859514628736
778214,0.9131893847849738
778215,0.9875660426159152
778216,0.999463078293032
778217,0.02499152737026354
778218,0.9660037021507608
778219,0.8657365345263384
778220,0.3423363292123469
778221,0.9845953576054131
778222,0.9959909983263238
778223,0.9991148428652068
778224,0.08777406133445938
778225,0.03228061714245612
778226,0.5781674038290109
778227,0.011794527264141564
778228,0.9882854855830027
778229,0.9344094591980211
778230,0.7004958750354507
778231,0.9999546565497422
778232,0.5570813963116062
778233,0.576264311632725
778234,0.5018005038759723
778235,0.9966893948272533
778236,0.07053293398650841
778237,0.9947314469571469
778238,0.999337774264089
778239,0.9996624188700329
778240,0.9999866552931755
778241,0.9999699030523377
778242,0.9989549114282503
778243,0.34268105423324907
778244,0.15813964685953777
778245,0.8119978228781368
778246,0.9817788360003814
778247,0.9815425166842746
778248,0.9999777505080562
778249,0.026387547769329018
778250,0.6925129133046545
778251,0.9936814806128542
778252,0.04562729290252121
778253,0.9998161522805746
778254,0.943354445547687
778255,0.8529968056823185
778256,0.9439343993158191
778257,0.9995003914796838
778258,0.09867077404503694
778259,0.9871145872048093
778260,0.2557690474290816
778261,0.27947413921380687
778262,0.9995701859936652
778263,0.9972220662852557
778264,0.47092738761758085
778265,0.2178980181994415
778266,0.9835890512825884
778267,0.998623135779009
778268,0.8998738213147331
778269,0.7570285403639023
778270,0.07429810744803521
778271,0.5216247458670344
778272,0.9820392260736495
778273,0.030120848492484694
778274,0.7780363866087134
778275,0.999925888391305
778276,0.06504859014771054
778277,0.9994101751347835
778278,0.9994495510684585
778279,0.6985981107665731
778280,0.03270496427450568
778281,0.009881887059610303
778282,0.005615746636771352
778283,0.5355334468200331
778284,0.015513744164871937
778285,0.9990681635530521
778286,0.9879655028374057
778287,0.9606729454833399
778288,0.8655076837258651
778289,0.9739350198895356
778290,0.9936988530391966
778291,0.5602168803677643
778292,0.9933049367020139
778293,0.9990546901039425
778294,0.07575580358505024
778295,0.4598013447694572
778296,0.9266117392571573
778297,0.6989876472993064
778298,0.9997634222796089
778299,0.9998272296053106
778300,0.9997261163063484
778301,0.030336327765651382
778302,0.12653973282718448
778303,0.977552414509554
778304,0.17864893824226122
778305,0.04184322197709534
778306,0.9992572362345966
778307,0.9771521158561616
778308,0.6020370633224004
778309,0.4917411877066349
778310,0.9985887859751336
778311,0.09960532108416896
778312,0.8397556807048885
778313,0.9999516737882219
778314,0.7341993088483445
778315,0.9978363973986061
778316,0.998302341231372
778317,0.43435932338318595
778318,0.998697546838904
778319,0.1498432484487621
778320,0.5089114182543574
778321,0.9999911145459981
778322,0.9974962874638289
778323,0.9938055996288013
778324,0.9983643431808136
778325,0.9997315359264679
778326,0.9870903595761985
778327,0.9999236211392266
778328,0.11097548123820707
778329,0.9960627545937275
778330,0.9999163244416447
778331,0.3537581481326547
778332,0.9996812351672151
778333,0.6795943313369707
778334,0.4731319514462794
778335,0.4775160151015358
778336,0.13657463753508392
778337,0.1111126129079506
778338,0.9997820341826886
778339,0.9229863087062792
778340,0.9999485551672586
778341,0.9832434080926659
778342,0.9963013763408912
778343,0.4275822567131212
778344,0.1757322850779752
778345,0.8313280575140162
778346,0.020526976272120308
778347,0.9418713761296911
778348,0.9604196084014555
778349,0.3275962146473501
778350,0.9831029862630374
778351,0.7737975829930509
778352,0.9999396679701795
778353,0.01647091064623283
778354,0.9815366582885152
778355,0.8654579725688218
778356,0.5269189631574716
778357,0.29988560175108
778358,0.9996872211606227
778359,0.4916142021637552
778360,0.15283402690430295
778361,0.7193997493714515
778362,0.22640021308421424
778363,0.9998151986898618
778364,0.9403315358509363
778365,0.4100431268730377
778366,0.9999459629107375
778367,0.9993927209004608
778368,0.990838839861373
778369,0.868684659329562
778370,0.9999868603646687
778371,0.9417904497732601
778372,0.9622115142710292
778373,0.018558589594689364
778374,0.3130434294991949
778375,0.9914930804075499
778376,0.5240392754748485
778377,0.9129755661612671
778378,0.7061149305169847
778379,0.8875912025359474
778380,0.9997640394321394
778381,0.9993873846267691
778382,0.14736178637875166
778383,0.9648584472002255
778384,0.936611094108061
778385,0.19964998960235059
778386,0.3780797152516175
778387,0.9963085169770624
778388,0.9452836905818345
778389,0.6829258959687923
778390,0.9630379572458256
778391,0.8423225313365446
778392,0.9711172288585981
778393,0.6006894121565334
778394,0.7988483785862845
778395,0.9994992191188751
778396,0.8105978074673352
778397,0.07408638599911334
778398,0.005704618813035514
778399,0.12041838263890497
778400,0.06984162991479044
778401,0.9649372725210351
778402,0.9534756129161586
778403,0.9998959910721887
778404,0.21601306967152234
778405,0.6182654305770249
778406,0.43963236974740333
778407,0.10942060675612346
778408,0.9975818848895973
778409,0.9784382388036021
778410,0.9997115489523101
778411,0.4402580831915328
778412,0.8898010552222093
778413,0.015110137676782704
778414,0.9999187010710369
778415,0.9993293620027344
778416,0.998912876499556
778417,0.4178175144334622
778418,0.8699814465238563
778419,0.7847641182770736
778420,0.4760058541144984
778421,0.9945741728208263
778422,0.9992210427323674
778423,0.999763030499452
778424,0.9656090054173588
778425,0.8263382376317994
778426,0.9973813032196097
778427,0.0477975319071621
778428,0.012707212672411738
778429,0.4452140579083373
778430,0.203798268912125
778431,0.9153590471781742
778432,0.1115078678668952
778433,0.9999409807648543
778434,0.99639262398503
778435,0.9998888424951118
778436,0.9966563408603767
778437,0.9999776167333432
778438,0.998612888147495
778439,0.026149658465811312
778440,0.6975976727446029
778441,0.9597375862622037
778442,0.9624857752868333
778443,0.9964467165406308
778444,0.019009417014983904
778445,0.9999907167781568
778446,0.9999532920510077
778447,0.035539123382093696
778448,0.3903821518819061
778449,0.9971072697386548
778450,0.9690309041119786
778451,0.34769491167579053
778452,0.9970502283650411
778453,0.9997971431088462
778454,0.023761222689087615
778455,0.21087012010821363
778456,0.999760076677026
778457,0.058903743386209434
778458,0.819715694576278
778459,0.9998029618557922
778460,0.8829909895078734
778461,0.9994788916208172
778462,0.9743297792675351
778463,0.016068043432256828
778464,0.9771562202197156
778465,0.016892635099250226
778466,0.5544178201608958
778467,0.009580145802644331
778468,0.14766552823718915
778469,0.5207688799487
778470,0.9991286706953981
778471,0.9957222318533089
778472,0.03560355257076975
778473,0.9128258564084851
778474,0.861084378959187
778475,0.05178338921056424
778476,0.0401899071743862
778477,0.35519423697074587
778478,0.16659604116105606
778479,0.9989716550207068
778480,0.17072338288063282
778481,0.9997777524512834
778482,0.789683737818725
778483,0.03299337679090267
778484,0.999019688188031
778485,0.9998484271338159
778486,0.9998612765448993
778487,0.5885526328657646
778488,0.9988890759364968
778489,0.9288398616992487
778490,0.99965989438259
778491,0.1402564596206726
778492,0.9987904266906913
778493,0.9999404998857296
778494,0.13659231124135235
778495,0.9969173398349364
778496,0.4018962239613773
778497,0.9999109245359888
778498,0.6538165742343289
778499,0.9996244685490756
778500,0.9989177065771385
778501,0.2213055782398146
778502,0.0712224291987003
778503,0.8912261945352931
778504,0.9817632613628247
778505,0.9980583388372284
778506,0.7429199294314015
778507,0.067700733310958
778508,0.5333396144446522
778509,0.006298132148275033
778510,0.9998544718946097
778511,0.01957379074658469
778512,0.9999431271507497
778513,0.9999944637472573
778514,0.9996448430606819
778515,0.0910501567978437
778516,0.9931921492598194
778517,0.40323086313294604
778518,0.4373819377765086
778519,0.9998182531980773
778520,0.999949685488585
778521,0.9969042428635613
778522,0.5869065570332351
778523,0.295415650540194
778524,0.9996779285328086
778525,0.20049469650097015
778526,0.0014406617422233659
778527,0.5891009766841412
778528,0.9393031960596865
778529,0.08055456498351013
778530,0.24415198236888974
778531,0.999885147023047
778532,0.8517476873682281
778533,0.9446491605676133
778534,0.9999374319328274
778535,0.9840992594006188
778536,0.9995903853120918
778537,0.5603466264337259
778538,0.9998147942134515
778539,0.038850888249786636
778540,0.9960884394757266
778541,0.12252154257530085
778542,0.810948509972762
778543,0.9941628177024993
778544,0.9992241102924917
778545,0.9992815053631945
778546,0.18506840333248403
778547,0.7743428166483651
778548,0.992979958630703
778549,0.9941042602103332
778550,0.349130868383671
778551,0.020800927968229393
778552,0.5457490630633413
778553,0.9982459627337146
778554,0.9923576400777139
778555,0.9558461446568162
778556,0.026423708323406785
778557,0.999809699322695
778558,0.9997111200741331
778559,0.9989319303380182
778560,0.4515964812521168
778561,0.1506969268429833
778562,0.8528532421291659
778563,0.11731663546507065
778564,0.5615539758192544
778565,0.9999608687152325
778566,0.8909463070764306
778567,0.9491147407274301
778568,0.9004316935547519
778569,0.7472559352028101
778570,0.9997716277808888
778571,0.3552756819318539
778572,0.9960446143277829
778573,0.9994448186897165
778574,0.3040212309259777
778575,0.022559562177488408
778576,0.9000869344477387
778577,0.021494252189212946
778578,0.9997373209845308
778579,0.9980561593783328
778580,0.998317372098239
778581,0.810951418522267
778582,0.9999861626064571
778583,0.9999609633793273
778584,0.9987821938129452
778585,0.14093648480328144
778586,0.6740004650476338
778587,0.9989197354709602
778588,0.9971894608724738
778589,0.03433076571716684
778590,0.9413041449991111
778591,0.720575708042993
778592,0.9991299360183101
778593,0.9997489628929326
778594,0.9348893823236237
778595,0.015159017778135293
778596,0.965040759989263
778597,0.9715897109015592
778598,0.41771569222163796
778599,0.9643739754041003
778600,0.9563876966540725
778601,0.9997926068325842
778602,0.9997520474818924
778603,0.8748420303899912
778604,0.9916629678535518
778605,0.6057388002725812
778606,0.9827009567116536
778607,0.7455798091108939
778608,0.15670307070258777
778609,0.9999494814300374
778610,0.9998901303939841
778611,0.9426128530651575
778612,0.9999208942226354
778613,0.9999229992988007
778614,0.9037525344292423
778615,0.9910146859102656
778616,0.09848653977435888
778617,0.9999250928562549
778618,0.9998629171038994
778619,0.1592601721784252
778620,0.24892515343297164
778621,0.9999089421700603
778622,0.19845511259999044
778623,0.704457528592437
778624,0.06582745039059759
778625,0.9898915625706647
778626,0.3436228231278121
778627,0.008286502501254617
778628,0.9416995986654886
778629,0.05489074167583756
778630,0.9999850637069214
778631,0.9994685347195884
778632,0.7544320206677169
778633,0.8008556625490324
778634,0.4331051584020119
778635,0.986365076760746
778636,0.06023683631848199
778637,0.9992665699020233
778638,0.9990432773610989
778639,0.991779868556941
778640,0.9999496987308828
778641,0.9999523124496057
778642,0.01805873201294351
778643,0.9981102052983923
778644,0.79726262250711
778645,0.9131762795276711
778646,0.533576775579744
778647,0.9982067928007782
778648,0.9868795864711045
778649,0.05528428168822621
778650,0.9267720248509587
778651,0.9744067010230042
778652,0.369729064082325
778653,0.9991120138938316
778654,0.02691143224450674
778655,0.9892942556981306
778656,0.6571185210683954
778657,0.9990365407863562
778658,0.9999327220522528
778659,0.6265130466620035
778660,0.20594643560018916
778661,0.03769664282644149
778662,0.9970472961586121
778663,0.15050494469147768
778664,0.034976027523488634
778665,0.994833526249725
778666,0.9233108449199456
778667,0.9918280945098278
778668,0.4255755535428107
778669,0.9730215393596338
778670,0.9894562678799981
778671,0.5911554957178864
778672,0.3316591872525658
778673,0.657868089142944
778674,0.6182956134626194
778675,0.9996744864027498
778676,0.1119770056165944
778677,0.9991985610454479
778678,0.2596247789712748
778679,0.996247203630696
778680,0.995220545977258
778681,0.9957187508788761
778682,0.2986636633998826
778683,0.018269649935090757
778684,0.9000416501138648
778685,0.9998650514458456
778686,0.5367175939923121
778687,0.9823696821035595
778688,0.9981582236752331
778689,0.04095192303795275
778690,0.9385034383083227
778691,0.24908477686850383
778692,0.031974210494439104
778693,0.3737195033309333
778694,0.055202948256989556
778695,0.7613714357144983
778696,0.9565614955984868
778697,0.9979162758537506
778698,0.9910259291108174
778699,0.9999592864218593
778700,0.035621042917875906
778701,0.004586118659039348
778702,0.8765964457374426
778703,0.9994293615426502
778704,0.0170190387577244
778705,0.9927028632240177
778706,0.0521755572234133
778707,0.9688208769767513
778708,0.9863206693910613
778709,0.104977723242126
778710,0.9999744669820786
778711,0.9999239140589024
778712,0.891002007463211
778713,0.9994807026065977
778714,0.9916086334650317
778715,0.774844822289329
778716,0.9996064566813155
778717,0.9496919605001252
778718,0.9994614838324298
778719,0.7997653367580403
778720,0.2902162045115526
778721,0.9901840031645613
778722,0.9752398227652289
778723,0.6481056897668238
778724,0.23552967362971158
778725,0.21825537324931593
778726,0.8350283576995743
778727,0.3919937355927529
778728,0.999521501297236
778729,0.9907201474856754
778730,0.8219088718522658
778731,0.5060710590503864
778732,0.9265644464890637
778733,0.9996497189662769
778734,0.9669128850550543
778735,0.8430438234503372
778736,0.9999287428744892
778737,0.05888753585796646
778738,0.9999759630203517
778739,0.9712564046142453
778740,0.9979923081451274
778741,0.6159781713709501
778742,0.9112860714604971
778743,0.9992529122002842
778744,0.9992720410965397
778745,0.8430667273712922
778746,0.5110015802408501
778747,0.9714355075103734
778748,0.6127002490573886
778749,0.9958347824660065
778750,0.03373376540545013
778751,0.021371569897570303
778752,0.9997154568246834
778753,0.4121302988347224
778754,0.9999191283387546
778755,0.24020775262154298
778756,0.9819015948525485
778757,0.975488363119987
778758,0.9979064890702616
778759,0.999190853398441
778760,0.08355467513436364
778761,0.9921676807577309
778762,0.9800635077827876
778763,0.4984558118739346
778764,0.9474365424889235
778765,0.5633770776247997
778766,0.4288742061447869
778767,0.9977312011240085
778768,0.5044724410189149
778769,0.9941411860557556
778770,0.449274858016831
778771,0.9997779520365978
778772,0.9997966796749685
778773,0.9997702681551071
778774,0.931663514342554
778775,0.9994232122696525
778776,0.9574619577462913
778777,0.061726024334116225
778778,0.39648919357365675
778779,0.9995572234586262
778780,0.9990416824983639
778781,0.9997106331458201
778782,0.03745830138325797
778783,0.9998026703138203
778784,0.9998182718811632
778785,0.1688108950603886
778786,0.999861729135127
778787,0.9997542075398141
778788,0.5315449407267641
778789,0.9983286853481943
778790,0.005142693282761322
778791,0.010475442917229245
778792,0.13623113778570875
778793,0.9999027220896881
778794,0.7054300614738053
778795,0.6777383100634391
778796,0.986656908858571
778797,0.9971657027607166
778798,0.9989053341973113
778799,0.8565712847899507
778800,0.28514925162003507
778801,0.12048390111065227
778802,0.30756237500447875
778803,0.9998635917195288
778804,0.09875164723130112
778805,0.9997757607711598
778806,0.06777670080353723
778807,0.9997886050931577
778808,0.5649534923343634
778809,0.5894522573001004
778810,0.23576561344220562
778811,0.27563770494312545
778812,0.9401704581511895
778813,0.9994917067888854
778814,0.18959323564367803
778815,0.9996715494337742
778816,0.5695591885735579
778817,0.9859014591518502
778818,0.9993333845285068
778819,0.9563572072793547
778820,0.9999142042520164
778821,0.9989141579918968
778822,0.5282981356978496
778823,0.9997902425478894
778824,0.9999364931113452
778825,0.9999396910325091
778826,0.9999879531023257
778827,0.9762497352542463
778828,0.016075689380220658
778829,0.43676429292495406
778830,0.9955819954037414
778831,0.9997113691860029
778832,0.9638056434821167
778833,0.9982022420195792
778834,0.694443165914106
778835,0.9784844222635667
778836,0.8350173557246805
778837,0.009667020114196907
778838,0.03790223913108923
778839,0.4578559611792835
778840,0.16248877911352913
778841,0.831495959334329
778842,0.9997153085724055
778843,0.9884604066601078
778844,0.15345753517841526
778845,0.9999291569898415
778846,0.9988746383555043
778847,0.9999002460072731
778848,0.5837278401578737
778849,0.9963183105520279
778850,0.8765727111286139
778851,0.17523416467984942
778852,0.9960983340003097
778853,0.9284954047717908
778854,0.999853719752157
778855,0.9998692143389354
778856,0.9999752072106395
778857,0.2795165183817924
778858,0.6271603808975419
778859,0.08092267877128767
778860,0.9184013031952651
778861,0.03983603672307234
778862,0.9985471638883643
778863,0.47458314899347365
778864,0.9424714044460125
778865,0.9525900921516894
778866,0.817313827189709
778867,0.9840911370121235
778868,0.5983288146347175
778869,0.9846716160890938
778870,0.1407777801177595
778871,0.7380374245206629
778872,0.9435388876382925
778873,0.8866227993602606
778874,0.7551964742521754
778875,0.9992930640935593
778876,0.999986703597546
778877,0.998919364580702
778878,0.025777242850352725
778879,0.9988755159590245
778880,0.06666001294643158
778881,0.2652666146000979
778882,0.13493235348135488
778883,0.9998265721574839
778884,0.9959340037325509
778885,0.980504040795942
778886,0.9691085079841054
778887,0.9717712586527586
778888,0.4489968393136087
778889,0.27357591091945677
778890,0.9571716590477765
778891,0.00934737495796237
778892,0.3501166089815356
778893,0.9997378637210204
778894,0.9998533226570907
778895,0.0366912067031705
778896,0.9997433843649504
778897,0.9913151941470478
778898,0.7835872950049569
778899,0.5989302586612477
778900,0.3531340492380903
778901,0.9997367412830052
778902,0.18121092750846268
778903,0.04813330700603619
778904,0.999599239476004
778905,0.9997309901170295
778906,0.1392117107962931
778907,0.07483118281246508
778908,0.18665536539650707
778909,0.9947582362373575
778910,0.7520621034722538
778911,0.9996778254143946
778912,0.998180659047051
778913,0.7759801374301258
778914,0.8971803432596179
778915,0.3430459399256016
778916,0.05427179320454845
778917,0.999201731272287
778918,0.9982225283674941
778919,0.9980428992938228
778920,0.8979291970391794
778921,0.8300114212328844
778922,0.9999660068318552
778923,0.7452315392465985
778924,0.7665743426332292
778925,0.24574022748244354
778926,0.12856180596716565
778927,0.9997369241393351
778928,0.025618271158798254
778929,0.996961942195222
778930,0.9996487341610026
778931,0.9998009621487014
778932,0.013958030743186306
778933,0.9997108525545664
778934,0.5629257392264804
778935,0.9983091054068985
778936,0.9730445436808466
778937,0.9746002020403652
778938,0.9443241506186313
778939,0.9951174270643897
778940,0.05055331735205407
778941,0.998481184022856
778942,0.12559161306554914
778943,0.9996057255712062
778944,0.9942798883187508
778945,0.9277204663827274
778946,0.9999858562357441
778947,0.99831369738685
778948,0.9100830972566426
778949,0.766158549044747
778950,0.5396197479396565
778951,0.9998678802816567
778952,0.1081759034476955
778953,0.8949494223241369
778954,0.031222752313531672
778955,0.9743142396243627
778956,0.9992175137017554
778957,0.9986241962386682
778958,0.6188434764290557
778959,0.022378016583434787
778960,0.3960119576678407
778961,0.9994453414105737
778962,0.9999698775118245
778963,0.5580673325534188
778964,0.9994920358337488
778965,0.06224276794879349
778966,0.17007640155701148
778967,0.9999868370868069
778968,0.22355986403224165
778969,0.9990524929482387
778970,0.9916894931430803
778971,0.6219536829778359
778972,0.9999392178708602
778973,0.10893655226104731
778974,0.999797762212687
778975,0.9998422663279711
778976,0.644813203547473
778977,0.2549983611554811
778978,0.975146169648472
778979,0.5179088864531021
778980,0.6659023269853241
778981,0.6094488455383427
778982,0.33814921408777215
778983,0.999786345062011
778984,0.08739267340975883
778985,0.49683344616589403
778986,0.9918694261961979
778987,0.9983032207992666
778988,0.9994834776568399
778989,0.03603978476045258
778990,0.9997791121555797
778991,0.07363425984603647
778992,0.511703972025381
778993,0.3238099927697665
778994,0.9999407049607976
778995,0.9980389499776332
778996,0.5862415638392406
778997,0.3583298506812787
778998,0.04281630993408502
778999,0.9995679674143616
779000,0.6384826178719085
779001,0.9961627027549367
779002,0.03562912703041859
779003,0.1723605897903187
779004,0.9792432058198781
779005,0.30509841959383
779006,0.9905567487898752
779007,0.0037937392735400725
779008,0.9242755274684875
779009,0.9835542378176084
779010,0.9745653343923
779011,0.9916377882856439
779012,0.662052044534965
779013,0.1451770421907253
779014,0.8230079811860727
779015,0.15010700301315716
779016,0.995928390519391
779017,0.813307905685674
779018,0.0828107150807277
779019,0.06139331268398011
779020,0.9991398687080342
779021,0.31458939588908597
779022,0.9984464710032337
779023,0.9904485601526216
779024,0.07359033518673314
779025,0.5487821200225116
779026,0.05490252009227167
779027,0.34620327117694566
779028,0.9961541622062979
779029,0.9981453934885972
779030,0.7820803790680089
779031,0.13641791315292562
779032,0.9999205439492662
779033,0.9925933345524541
779034,0.9333257531596075
779035,0.7209672118171937
779036,0.9999958222001092
779037,0.968924640421095
779038,0.9975825123248834
779039,0.999154770647122
779040,0.9982490182312593
779041,0.9995663669794068
779042,0.9998523928309977
779043,0.9999427936957007
779044,0.9998501591567762
779045,0.9841654952372607
779046,0.8934969418226215
779047,0.9666598818097969
779048,0.9966952127290105
779049,0.6455249408466064
779050,0.9999407110084813
779051,0.27508385943656893
779052,0.7945486616987147
779053,0.09484198401571448
779054,0.5021359266566686
779055,0.023179398253903104
779056,0.9028272671567257
779057,0.42420391175641536
779058,0.9998307199370084
779059,0.23599468756897318
779060,0.3530999116405326
779061,0.9994797111277787
779062,0.20372807511556373
779063,0.9972029781552352
779064,0.9683881972799961
779065,0.9996760534085221
779066,0.08536674888911772
779067,0.5135775679304242
779068,0.4690917854594121
779069,0.8858079285772322
779070,0.9999770668056955
779071,0.9996733419470436
779072,0.45917652008638643
779073,0.9983956543209629
779074,0.706417319775575
779075,0.9985844918922226
779076,0.14748051624142405
779077,0.8919116460057432
779078,0.030740696497433728
779079,0.014763914690424247
779080,0.899076225988728
779081,0.8153762436314573
779082,0.8068686751370101
779083,0.9074834235293971
779084,0.9878285005363407
779085,0.039242300331272906
779086,0.05859212068519512
779087,0.6615804529441792
779088,0.021153057311165152
779089,0.016664389990500544
779090,0.04655636127881873
779091,0.976771657187426
779092,0.8697548263236313
779093,0.9919622363185842
779094,0.9998998445908374
779095,0.015450074483939752
779096,0.9998126757836718
779097,0.9997476620806196
779098,0.06442074408267914
779099,0.2051388793102345
779100,0.9970353744187985
779101,0.9986133898872258
779102,0.03080965185647635
779103,0.2823116994219741
779104,0.9991280636914186
779105,0.5562820759667375
779106,0.9658202642735148
779107,0.03692329742360456
779108,0.9779856217468892
779109,0.3212651662769832
779110,0.9798058425942702
779111,0.9909303787952707
779112,0.951935569672422
779113,0.9994555591656212
779114,0.9992085889115749
779115,0.09549531118860108
779116,0.9996680832537899
779117,0.9999602674404579
779118,0.7852816108727356
779119,0.44896607341428013
779120,0.4161786482744497
779121,0.9983061212484988
779122,0.8794591506773883
779123,0.3746527913497061
779124,0.029880575344806558
779125,0.6388826132161387
779126,0.017686478466058024
779127,0.9998821243290688
779128,0.023766161550155596
779129,0.9988398052383565
779130,0.4407117714648945
779131,0.04269848547246175
779132,0.8654230638681062
779133,0.4871128032654018
779134,0.24980997279444017
779135,0.9718109768077544
779136,0.9997924172567373
779137,0.20124512959446306
779138,0.9990472064805584
779139,0.3837530892728994
779140,0.996348623281084
779141,0.9300434623054774
779142,0.9997263010115658
779143,0.9856086827863236
779144,0.8529547103261603
779145,0.989701110696665
779146,0.5242034034378786
779147,0.9864804772171135
779148,0.9997032177560272
779149,0.999881788650214
779150,0.9999839919906159
779151,0.15359952885096487
779152,0.999976757089763
779153,0.9999549576838589
779154,0.9969570906512359
779155,0.0423898454059677
779156,0.7200879526749009
779157,0.9999330158994542
779158,0.9999159890910179
779159,0.8916428388769736
779160,0.9771037701628137
779161,0.9393827814041806
779162,0.7128844386284781
779163,0.9787975256348634
779164,0.9929012366644494
779165,0.9982768605300794
779166,0.5756487058704194
779167,0.9998629552284111
779168,0.6528297938518206
779169,0.999986651000669
779170,0.9994411080475656
779171,0.9985488770967956
779172,0.3333575669684975
779173,0.9974927361087365
779174,0.9730878556361078
779175,0.7281694291535018
779176,0.8946931709820123
779177,0.434293107149642
779178,0.8499015989206371
779179,0.9986147112041315
779180,0.9999073747917155
779181,0.8684641368414457
779182,0.999445102918135
779183,0.028343780134333557
779184,0.9360689646245861
779185,0.7392924125111053
779186,0.22870480566694867
779187,0.9994166907137092
779188,0.41868197545617647
779189,0.9975103220713233
779190,0.9847092095343519
779191,0.4171591463452786
779192,0.9680432872773944
779193,0.4987862218511635
779194,0.9998645475409147
779195,0.460119316411976
779196,0.9946555271403662
779197,0.7968305944901902
779198,0.007889018378446116
779199,0.25867836153924406
779200,0.9852850616707065
779201,0.03191360718515557
779202,0.6977367473645604
779203,0.9999895539763262
779204,0.9999908676107987
779205,0.7594092911404354
779206,0.9997510308232572
779207,0.5417953029421014
779208,0.9078684479129318
779209,0.9998249438471936
779210,0.682999501331071
779211,0.9819908886183195
779212,0.9990303688110056
779213,0.7739345269389888
779214,0.9746419043708472
779215,0.9846801757801037
779216,0.8312706256513877
779217,0.9627304894287708
779218,0.029706419327394255
779219,0.5211482283263188
779220,0.20370713088882944
779221,0.9999356121501349
779222,0.08281048564965979
779223,0.5504241475355408
779224,0.6041486918203078
779225,0.5440809719821467
779226,0.10377852957278311
779227,0.7527082278795179
779228,0.20507901381320978
779229,0.9962127452513736
779230,0.9999182033830404
779231,0.7908283690898987
779232,0.05282472059199758
779233,0.019773969132580074
779234,0.5193297204615563
779235,0.04506151354695104
779236,0.9656081605170197
779237,0.9781429785198815
779238,0.9848855018211784
779239,0.9971669210424378
779240,0.14397893253919025
779241,0.8284822651208416
779242,0.38786928641312
779243,0.979121480312555
779244,0.35954555575327185
779245,0.3815132482384464
779246,0.012552299746958796
779247,0.9428283551259329
779248,0.9982656283543088
779249,0.9991193979302144
779250,0.9044256321831148
779251,0.9998918514182683
779252,0.9983342937890992
779253,0.9998883760187924
779254,0.9981245608001064
779255,0.9999392656854897
779256,0.9993956348283373
779257,0.9671095002791579
779258,0.7077518086765904
779259,0.9922403323874212
779260,0.9994684469406693
779261,0.46017785003482886
779262,0.39240497798149343
779263,0.9997090377245469
779264,0.9095437628665832
779265,0.9346747232631931
779266,0.9935583673768429
779267,0.5815537127818458
779268,0.920272359066501
779269,0.9991239884239527
779270,0.9582559740057539
779271,0.056485472276042725
779272,0.9990968338415793
779273,0.9998717177585273
779274,0.48378051053407045
779275,0.07940662748097951
779276,0.012548403561331956
779277,0.6064128587858748
779278,0.9995153724501828
779279,0.358478060839442
779280,0.011052068291830194
779281,0.9992848680207754
779282,0.999810558428514
779283,0.2642468736717702
779284,0.050041449884213524
779285,0.9999908363199321
779286,0.999488904400579
779287,0.011880374978006144
779288,0.4127475417514636
779289,0.9992920293100798
779290,0.06454883197104051
779291,0.5512706226023372
779292,0.9310372974730238
779293,0.9832813808283094
779294,0.2907443572151258
779295,0.9785792839566505
779296,0.027910692443641742
779297,0.7406740337778589
779298,0.013912293115380633
779299,0.9998813144706178
779300,0.6470299050742714
779301,0.07596870646203772
779302,0.29032094714138884
779303,0.004280874553325198
779304,0.9303139170937463
779305,0.9998342740669566
779306,0.974480628867539
779307,0.9999721259281883
779308,0.9914627116768859
779309,0.9994996845867915
779310,0.40893306475713487
779311,0.1510379555056217
779312,0.4271992877999155
779313,0.03822136587991662
779314,0.19077809980117572
779315,0.9971125625410915
779316,0.9869810432205282
779317,0.5930128203100797
779318,0.7111960751612564
779319,0.9852281658827982
779320,0.9997451554865957
779321,0.15222650392197687
779322,0.09829265486706262
779323,0.9867177514133221
779324,0.9994904284441881
779325,0.8991988393164956
779326,0.21877609404097412
779327,0.9999408698337887
779328,0.2393036951107435
779329,0.7329629607686006
779330,0.9031288260705856
779331,0.5927155571452432
779332,0.9255514130077771
779333,0.5732480578844024
779334,0.9961946874321332
779335,0.029597665782396993
779336,0.9999884609426197
779337,0.7323481445129643
779338,0.9984701535902454
779339,0.8292195011008042
779340,0.9992647312276486
779341,0.9886669219570436
779342,0.990950151128013
779343,0.9835130106844275
779344,0.19774914648175812
779345,0.6618837368072701
779346,0.9960742726338383
779347,0.9535940824243008
779348,0.9989666011017717
779349,0.9987549583322579
779350,0.9977656581722255
779351,0.9992052173891854
779352,0.35451356522054583
779353,0.9669086762344257
779354,0.06838498557683755
779355,0.9546431488084504
779356,0.4449056417362678
779357,0.9970811400567734
779358,0.2768240035921242
779359,0.9968624455457572
779360,0.9991426869271931
779361,0.3691040457234871
779362,0.9523379086684416
779363,0.542484969768238
779364,0.24589654946053377
779365,0.21132870201235177
779366,0.9993623471530473
779367,0.8363631896775241
779368,0.9996795804307426
779369,0.7748998017273179
779370,0.7003398924188733
779371,0.5131001705131347
779372,0.9855022252456953
779373,0.9990288517977676
779374,0.9999904365666233
779375,0.9894973272277698
779376,0.8748568843866732
779377,0.9878220287853801
779378,0.02819121924237272
779379,0.3461659008743785
779380,0.9999805825365784
779381,0.03779192296440241
779382,0.04531173062552686
779383,0.9997891051324084
779384,0.15541294080100596
779385,0.993285283842368
779386,0.7386384419922125
779387,0.10964138345390634
779388,0.9979601514989873
779389,0.002724309651665616
779390,0.9372920427021394
779391,0.9963804218907906
779392,0.09783501879406128
779393,0.97517125846055
779394,0.9996904830094521
779395,0.9992341411695482
779396,0.3730596169346323
779397,0.9927909252967526
779398,0.9862332955373778
779399,0.6634007703052114
779400,0.9996289555542917
779401,0.5965875777114915
779402,0.8871112883486947
779403,0.9939175383072638
779404,0.9996660876477708
779405,0.7235332581785661
779406,0.09360080589510081
779407,0.9996243402523379
779408,0.5354056639319649
779409,0.999931284740337
779410,0.9989927208946466
779411,0.7477114182262605
779412,0.18168662728691173
779413,0.9999197197933432
779414,0.8952881956097812
779415,0.44205345806749163
779416,0.9757069788053062
779417,0.6938053684948275
779418,0.9999223807822281
779419,0.9999188036755782
779420,0.108061787840801
779421,0.8634862873069896
779422,0.02181485896968319
779423,0.023733321835678008
779424,0.9990913562069098
779425,0.33440176035181135
779426,0.2731709550090561
779427,0.019725360633823717
779428,0.5117011562222807
779429,0.9997427434072574
779430,0.968591837805928
779431,0.15162591883678084
779432,0.9946658524362711
779433,0.9989491798361181
779434,0.5097027349010467
779435,0.9524675001556722
779436,0.9924833277014902
779437,0.9988100340071803
779438,0.9256412135870125
779439,0.5946217028557407
779440,0.004966193098780002
779441,0.9760400878520961
779442,0.9977755917564621
779443,0.9505705888677854
779444,0.33390710451001954
779445,0.9961628748582194
779446,0.3616970989926595
779447,0.7866850579017439
779448,0.48030178921087807
779449,0.9997581339728998
779450,0.23284003320116453
779451,0.9999399707218183
779452,0.993673024525076
779453,0.8941557433261194
779454,0.8613546993317927
779455,0.8561609131393424
779456,0.9997995094324224
779457,0.9765138719042412
779458,0.6861335807100795
779459,0.9999571072178268
779460,0.9999392029841003
779461,0.728323289821389
779462,0.8082861466289206
779463,0.9990360754041894
779464,0.9998702984387029
779465,0.18426491054881733
779466,0.9997395686989008
779467,0.9012266202390763
779468,0.9999109326870582
779469,0.9997660819978499
779470,0.0877318672842158
779471,0.4989746117748812
779472,0.511765904326635
779473,0.9981851195939899
779474,0.006028130462404635
779475,0.9993858904531341
779476,0.987860882667543
779477,0.08750961450391165
779478,0.9990123347932184
779479,0.706670980195543
779480,0.6468855602139061
779481,0.16958051553063813
779482,0.9859961389296651
779483,0.9291776239776807
779484,0.9999941599136462
779485,0.395463866752526
779486,0.7474104481773765
779487,0.9977584736625338
779488,0.9706632143994087
779489,0.512626647389927
779490,0.6365793140777991
779491,0.9944725408786455
779492,0.9834639185627756
779493,0.999773212111194
779494,0.4386095791181603
779495,0.07460507748063147
779496,0.995574442193699
779497,0.8685847289959542
779498,0.1701396623617436
779499,0.42774137689836167
779500,0.5481957373056057
779501,0.08364656191666851
779502,0.9926744382975098
779503,0.9946524598552446
779504,0.9975925919075461
779505,0.9990463606675863
779506,0.9996687599002398
779507,0.9919840199473536
779508,0.9475483651676894
779509,0.9999019540786143
779510,0.9520897068669684
779511,0.3243693970188658
779512,0.9992408411507155
779513,0.9999940541186623
779514,0.9747036079421021
779515,0.6464250989175163
779516,0.4062030087757067
779517,0.05667579952932145
779518,0.2360569859432835
779519,0.999966741438907
779520,0.04692907039541215
779521,0.3197186962575055
779522,0.99256132133139
779523,0.9995814045665934
779524,0.9991150525397673
779525,0.5175224843041004
779526,0.6240370344473674
779527,0.1209428273525994
779528,0.13773171945232648
779529,0.8087474058126103
779530,0.9855809100377962
779531,0.39444383001015093
779532,0.6457658784531416
779533,0.8041322874407454
779534,0.9996340155531871
779535,0.5626142735211693
779536,0.9970344834182083
779537,0.5575828732273365
779538,0.8179913088834323
779539,0.3445696364612404
779540,0.7539612047127477
779541,0.9778818678401713
779542,0.830917226702343
779543,0.9994164453111752
779544,0.7000853925477224
779545,0.6258267179544275
779546,0.49505071041566695
779547,0.8849217399052404
779548,0.9999035537616769
779549,0.9997948003269198
779550,0.9998115385773301
779551,0.9484697322518263
779552,0.9705242517116592
779553,0.5071689181337387
779554,0.5558372802395932
779555,0.9998520069940927
779556,0.9785462534340614
779557,0.9950374528781564
779558,0.9594744332379637
779559,0.00585900857017939
779560,0.8511582417352699
779561,0.8196145837429827
779562,0.7606707040241503
779563,0.9975206399663596
779564,0.00499687414937645
779565,0.9999355124116509
779566,0.9996974154164397
779567,0.961298364854708
779568,0.3865187004543247
779569,0.9969245021938187
779570,0.9992454016808634
779571,0.7436582180946134
779572,0.9524830430736998
779573,0.8683064703414434
779574,0.7012429828745776
779575,0.9874778374706389
779576,0.06687563491456816
779577,0.3791705459467157
779578,0.6671345232407953
779579,0.5459602659291055
779580,0.9939361861700855
779581,0.6957440764686931
779582,0.02367277583041948
779583,0.40722414598210005
779584,0.09334400495155466
779585,0.9998550768454181
779586,0.9973083929666733
779587,0.870173684057703
779588,0.04862591042390315
779589,0.9994529410050816
779590,0.9892388625569736
779591,0.6069495770535857
779592,0.9975285996481769
779593,0.020001428544302473
779594,0.8545972918527079
779595,0.6573090130352197
779596,0.010682356299748196
779597,0.9450683401565383
779598,0.08263544540934827
779599,0.02756836104254087
779600,0.9924402163148837
779601,0.08610334692210987
779602,0.5166895225275419
779603,0.9998274467785423
779604,0.8944784364512004
779605,0.969145773531102
779606,0.9895492903293399
779607,0.9990527545684134
779608,0.9562184982729867
779609,0.3818160136192076
779610,0.9843037563460997
779611,0.9973940299298906
779612,0.6655835174370074
779613,0.9104902060474087
779614,0.02131310056080613
779615,0.36129329487854145
779616,0.30365257818349417
779617,0.9944247055405291
779618,0.83840614269165
779619,0.9038368717385634
779620,0.9962979702118551
779621,0.08026751132095093
779622,0.8070272598294455
779623,0.015949316547976447
779624,0.9409996767250366
779625,0.9997806889241567
779626,0.8234865728520228
779627,0.9401369842306402
779628,0.48285927011136226
779629,0.9117729014502721
779630,0.9993039457627894
779631,0.8013290677792306
779632,0.9911628967422562
779633,0.14416687197617933
779634,0.7544391104051982
779635,0.4138321754301107
779636,0.9990776933361603
779637,0.9779359655243643
779638,0.9831124411024065
779639,0.9994743260092258
779640,0.9999602506943576
779641,0.6528267978183104
779642,0.9704078386857866
779643,0.44266779326438505
779644,0.03993803782110851
779645,0.9852295705954468
779646,0.6791772269569283
779647,0.9160965720305999
779648,0.9999880026809138
779649,0.04356734788433582
779650,0.9646307984143186
779651,0.996832734344153
779652,0.5830522905240114
779653,0.022020499502808575
779654,0.5216081830316418
779655,0.9999148222709501
779656,0.9985660762774882
779657,0.9913651189543655
779658,0.09487923862411504
779659,0.7452348959796486
779660,0.896857710084902
779661,0.3367373108995663
779662,0.9989272289134665
779663,0.6157420949821122
779664,0.9984264967755565
779665,0.21991155187303296
779666,0.9882871895967099
779667,0.6085085967833228
779668,0.9996882751637188
779669,0.9995829025447508
779670,0.9992949300946101
779671,0.09287298681921516
779672,0.9861051172606974
779673,0.999831518423046
779674,0.9510057896537734
779675,0.8243177911945228
779676,0.9868376753756687
779677,0.004494400786286163
779678,0.5090819547869129
779679,0.9020312734403279
779680,0.7046053726305308
779681,0.3809091439763945
779682,0.9991312512690327
779683,0.0368663545856551
779684,0.9820983638964227
779685,0.9996830137958348
779686,0.014369462439291408
779687,0.9569194811776904
779688,0.9353062706577728
779689,0.9996394205727333
779690,0.9915888831145944
779691,0.032005487312929
779692,0.11551626703182631
779693,0.6427211225506994
779694,0.9898165170392272
779695,0.9812452126972677
779696,0.7313015103778178
779697,0.9149437389777253
779698,0.9997201425838997
779699,0.8837128016507343
779700,0.9940856638372944
779701,0.9999908338959107
779702,0.13119708481065367
779703,0.8153733776504533
779704,0.7768096773292306
779705,0.2282206934596432
779706,0.7512768156131749
779707,0.015040961176940289
779708,0.9991613724820196
779709,0.006698763303557875
779710,0.9996542461899576
779711,0.9096578143869523
779712,0.9986339078736026
779713,0.12006147989964618
779714,0.9999677687821114
779715,0.9965247979023382
779716,0.9511597894465909
779717,0.9999588221550485
779718,0.9497472928741362
779719,0.3160971462770671
779720,0.11043623521278875
779721,0.6066900653665473
779722,0.09412876720407955
779723,0.9445315757333534
779724,0.001687764729776182
779725,0.9630032532824281
779726,0.3242287652947103
779727,0.9927249593901102
779728,0.7960568168997211
779729,0.6896927182499495
779730,0.9998113367488584
779731,0.25339070054407486
779732,0.9995418786848929
779733,0.872063117637576
779734,0.8150896922610886
779735,0.9937884182440835
779736,0.9994297136174569
779737,0.2609770185771161
779738,0.01583312521520903
779739,0.24922299099604037
779740,0.9998294825566835
779741,0.9043323946712132
779742,0.8809743085606725
779743,0.9999183039830325
779744,0.9982293959776405
779745,0.876386116268489
779746,0.997755276729082
779747,0.6476390232052622
779748,0.9907127139046081
779749,0.9999832783566636
779750,0.29574868300237883
779751,0.6794114166122338
779752,0.9990962205608583
779753,0.3922714575928299
779754,0.935925846677743
779755,0.9547880615315172
779756,0.7004410387212994
779757,0.3891387565711214
779758,0.19867939437907123
779759,0.3883968521677682
779760,0.8640704108898587
779761,0.516484685903484
779762,0.9985654417471219
779763,0.999988344705481
779764,0.9953581535583659
779765,0.26241222193042224
779766,0.045247149818002055
779767,0.9998104169512323
779768,0.9999732318654778
779769,0.4700487137184419
779770,0.531697770177551
779771,0.8776516231636308
779772,0.5492939480593655
779773,0.9938227270631351
779774,0.7399974820426162
779775,0.25565454080047323
779776,0.026130987135435123
779777,0.6484579810077393
779778,0.9947457204464727
779779,0.9942661650524114
779780,0.9023822469714019
779781,0.36709584915254184
779782,0.9253334638476278
779783,0.9999786870363943
779784,0.9837063982437038
779785,0.9998549205952605
779786,0.7678627718098651
779787,0.008648330038616935
779788,0.9990509385122964
779789,0.2673690631713941
779790,0.7233694349893455
779791,0.9858443516297688
779792,0.9973266763111353
779793,0.9875418777683634
779794,0.6377750085583047
779795,0.9995482312364885
779796,0.5564178728679198
779797,0.0010323150335936333
779798,0.13429346495814962
779799,0.990607901565008
779800,0.9958377209469003
779801,0.9998463079905979
779802,0.94861850080652
779803,0.38750096870838113
779804,0.013130673962723771
779805,0.08500072900218851
779806,0.9959979916421406
779807,0.9999836817093035
779808,0.991010360305107
779809,0.9981941313080669
779810,0.9997009788890897
779811,0.9475076657524601
779812,0.9981301412630651
779813,0.05889621708115508
779814,0.49357463402229496
779815,0.9996401521859635
779816,0.008417778305585594
779817,0.03546443933543142
779818,0.9459680493298719
779819,0.6984641849108325
779820,0.9955470692527671
779821,0.9984668580323734
779822,0.9999745024304029
779823,0.9997606190023675
779824,0.03778606871323609
779825,0.9970746065394777
779826,0.044917243166031504
779827,0.9744286097654251
779828,0.9944022866130142
779829,0.9982146678512145
779830,0.9937558423487087
779831,0.9999914978023803
779832,0.9954293068456199
779833,0.9502233745089868
779834,0.9879338880274948
779835,0.9998970252994219
779836,0.053528146766962464
779837,0.9998195285597934
779838,0.9999547720977469
779839,0.6553042984210098
779840,0.997990278638654
779841,0.9995073971186363
779842,0.9998350313831958
779843,0.999769076437351
779844,0.3531816193367908
779845,0.9997640024386878
779846,0.07345071453705622
779847,0.7018564526260707
779848,0.278897706294348
779849,0.9952839411777952
779850,0.17179587600805768
779851,0.9494188885508146
779852,0.1747260416106272
779853,0.8966700899324416
779854,0.9999024356615027
779855,0.17980895732231642
779856,0.9995990285061482
779857,0.9941791588517686
779858,0.5778596921588846
779859,0.52749657058751
779860,0.7493103539803382
779861,0.9987533159088404
779862,0.16651988558983827
779863,0.5800880988110694
779864,0.3637890056052285
779865,0.930782085414438
779866,0.9999708337270996
779867,0.99855791378586
779868,0.9999495203493223
779869,0.9989236983017462
779870,0.4970723051077074
779871,0.09399763178769228
779872,0.16673025188178872
779873,0.0009174221786503454
779874,0.028602811369488945
779875,0.9752489094006337
779876,0.9942481754883059
779877,0.8715932854880145
779878,0.9975695411115331
779879,0.33915783331307403
779880,0.9944443821888337
779881,0.9998973350840523
779882,0.9996705519563637
779883,0.5445918378107327
779884,0.5415630011176248
779885,0.9948681895247975
779886,0.9489531048835094
779887,0.9999615280777506
779888,0.05383479741442648
779889,0.3807618530420409
779890,0.9992220559817778
779891,0.19172526169961251
779892,0.20647752762753557
779893,0.9993874321182696
779894,0.9999120299724218
779895,0.8284537323440508
779896,0.010379588389019256
779897,0.41961082933844257
779898,0.9997733182200044
779899,0.06784052222136548
779900,0.9992355816647119
779901,0.9966155939462309
779902,0.9800915530481248
779903,0.9999328385762083
779904,0.8780507149598754
779905,0.006055629201279488
779906,0.7798526594032832
779907,0.007196087827325898
779908,0.8896198074349728
779909,0.003634180024902096
779910,0.9682482789307252
779911,0.7496401218278863
779912,0.9981719761180974
779913,0.017672584385925696
779914,0.9809136069065278
779915,0.9991541944589147
779916,0.9979761519523827
779917,0.9992879882288832
779918,0.9997758693997533
779919,0.34456007638451475
779920,0.01927329753514015
779921,0.9999876153643966
779922,0.7809039917531049
779923,0.9985099292818111
779924,0.005385738451299587
779925,0.9998738131640287
779926,0.9920828937346255
779927,0.0795201497130171
779928,0.9042377144636065
779929,0.4210061073945046
779930,0.9992248495848639
779931,0.9741081037795768
779932,0.9745444793335338
779933,0.19459798368703488
779934,0.01961613655881271
779935,0.005399720530588391
779936,0.02427029964769436
779937,0.028851338622024082
779938,0.055139583887696846
779939,0.9999135240825746
779940,0.031598198636133716
779941,0.7819714622829029
779942,0.29742045725507266
779943,0.986730035535551
779944,0.657528457984632
779945,0.01114177016388614
779946,0.9972326739699684
779947,0.9895254464117816
779948,0.9999593855085798
779949,0.5426195975909293
779950,0.9999772914824885
779951,0.7609824722564916
779952,0.9990705858849296
779953,0.9895376937666343
779954,0.9996524334349687
779955,0.820991577479539
779956,0.9991474066223149
779957,0.7520835667358422
779958,0.015468591381330249
779959,0.9996925229722637
779960,0.960710462859148
779961,0.9936332217700201
779962,0.9977708861909783
779963,0.9998879554073565
779964,0.08185672785292011
779965,0.9829846841906718
779966,0.7178092579335313
779967,0.9996158882603785
779968,0.9993530310478015
779969,0.7570051520983839
779970,0.999798349181665
779971,0.5268195693530909
779972,0.9085012130413447
779973,0.0062937433492019565
779974,0.39870627657646684
779975,0.9999691995438231
779976,0.9792017618951229
779977,0.8251603123115671
779978,0.13473313854327662
779979,0.20915623568580344
779980,0.1282320809147651
779981,0.04038369330040323
779982,0.9848893953639943
779983,0.19999341576137458
779984,0.32624073938907133
779985,0.8263243821900835
779986,0.9916778173165717
779987,0.3736897188904157
779988,0.289455295563049
779989,0.9981681191650245
779990,0.10294368318164947
779991,0.018926765708776636
779992,0.4837590394045359
779993,0.037984283422461074
779994,0.140623931846632
779995,0.4507589833464425
779996,0.9998330905582425
779997,0.110604025760457
779998,0.7467562118431852
779999,0.2841568326670824
780000,0.9999893622547813
780001,0.010469375031959442
780002,0.04453962641036341
780003,0.5831240234247984
780004,0.21932049847924628
780005,0.8120416639277226
780006,0.9998397689538869
780007,0.9923474333554729
780008,0.021191994821652856
780009,0.9994037252143113
780010,0.9995394384346585
780011,0.9996732918165598
780012,0.9981463029116417
780013,0.9993134358080378
780014,0.9966559176825912
780015,0.9998758608044009
780016,0.9993787518282841
780017,0.37962280341829846
780018,0.059380609271697
780019,0.9968153601415369
780020,0.9998267422470867
780021,0.06227154758339023
780022,0.12047075934016639
780023,0.7221610986133153
780024,0.023184423456212824
780025,0.9998526461090589
780026,0.9999588139817558
780027,0.9923655870213168
780028,0.9997189417828245
780029,0.9175416900353555
780030,0.5819838062632036
780031,0.9975262352578163
780032,0.9993247089934146
780033,0.9999138199204491
780034,0.9828673079875812
780035,0.6942439402563367
780036,0.15173381451390971
780037,0.022728845347528417
780038,0.09212530502635016
780039,0.9999470540889397
780040,0.8086181177800345
780041,0.7711896354601049
780042,0.999928723075685
780043,0.9999829312815697
780044,0.9997234351055444
780045,0.2773221211924045
780046,0.024014008687326394
780047,0.7609123552259368
780048,0.9456687665266079
780049,0.9992725884711843
780050,0.9998021256524089
780051,0.9823230911109956
780052,0.7886086075896652
780053,0.998937936188065
780054,0.9933229083569117
780055,0.9879162154281532
780056,0.7016547837476073
780057,0.9760732021177592
780058,0.782133328157305
780059,0.7899533216717342
780060,0.08038756234331762
780061,0.37656226461977027
780062,0.9984784950268063
780063,0.02781889084096517
780064,0.07384329865914913
780065,0.022292668671705693
780066,0.9645742336671836
780067,0.9789140497711377
780068,0.4402466182610242
780069,0.9999678843900174
780070,0.5296604668654727
780071,0.8290609309475769
780072,0.947743595794199
780073,0.9711432842843399
780074,0.9981045684207197
780075,0.2770537513493798
780076,0.9441905340895318
780077,0.7708675308711035
780078,0.9998376877350623
780079,0.47338443897281546
780080,0.5785529478975927
780081,0.2696805467923826
780082,0.35942284722466095
780083,0.8959897693064733
780084,0.08322525458839743
780085,0.8599822359932232
780086,0.07208135902608913
780087,0.05856578754513107
780088,0.05646122125411674
780089,0.7044611031493349
780090,0.9999612938159697
780091,0.9997730164659291
780092,0.12794654886877638
780093,0.11664474511939038
780094,0.9610712680647517
780095,0.019247225129849773
780096,0.3087406748128439
780097,0.7757271280264769
780098,0.9987578839020903
780099,0.9986947059577476
780100,0.4095083263122895
780101,0.032914268962814845
780102,0.36919671424437295
780103,0.4554452225655467
780104,0.9985290807796947
780105,0.9999913379786305
780106,0.19269377277786337
780107,0.9999531800093062
780108,0.9943681128046487
780109,0.9206816964911078
780110,0.5087170786880715
780111,0.024135439636642185
780112,0.6615215811105828
780113,0.9993784130326093
780114,0.8223779116139418
780115,0.005041213769609599
780116,0.9667731739425677
780117,0.9902597866507967
780118,0.9989340509901976
780119,0.9999183148325625
780120,0.09244802094228563
780121,0.5178038016997694
780122,0.9681284185736653
780123,0.9994808117077734
780124,0.9097164940414051
780125,0.9957606775311559
780126,0.9846366610291837
780127,0.9980225174216
780128,0.9958570218643925
780129,0.5552163626151756
780130,0.07346658717441243
780131,0.7001313785710219
780132,0.3401147283299055
780133,0.9975957781860534
780134,0.9961025174767336
780135,0.999987574720071
780136,0.1021260318931987
780137,0.28629384720338824
780138,0.9812796316943329
780139,0.8591741107249597
780140,0.99800169338366
780141,0.9999417407879718
780142,0.29700837167227306
780143,0.15102548865993967
780144,0.9782925024656479
780145,0.9602439158393294
780146,0.9999692258177044
780147,0.21632699236016445
780148,0.9998153660511078
780149,0.04728039646264691
780150,0.5040688120622218
780151,0.15912945238113094
780152,0.8649908540392454
780153,0.9988490692530506
780154,0.9668608257297807
780155,0.931899689415035
780156,0.9995574504595615
780157,0.9998130886083902
780158,0.11684160437228362
780159,0.9987054517428229
780160,0.12767634756352472
780161,0.9998627026015177
780162,0.9997840615772822
780163,0.016403342986467038
780164,0.9994544954676974
780165,0.9999619622639386
780166,0.19615340080260368
780167,0.02266100496119086
780168,0.9987001715994166
780169,0.9993474434889162
780170,0.7503096039786387
780171,0.39705076210504064
780172,0.13461716817120217
780173,0.9984739601272714
780174,0.016047969212389147
780175,0.9959916734122669
780176,0.9999311372952484
780177,0.010101165319252772
780178,0.995579835817871
780179,0.25067725493478565
780180,0.9982674783887024
780181,0.38618024118417493
780182,0.9228523990012547
780183,0.9016674480464282
780184,0.8636941666417096
780185,0.879050485318873
780186,0.901024753589073
780187,0.37627567169810505
780188,0.4743525598229944
780189,0.5799548323929478
780190,0.9999537026182639
780191,0.5691394845994662
780192,0.9976808130697108
780193,0.5625378652039904
780194,0.4279243361518473
780195,0.9928089392774845
780196,0.9998524473425279
780197,0.9869858774734909
780198,0.0678114927479345
780199,0.9865729860619391
780200,0.9990586887827141
780201,0.060474977501968064
780202,0.9972308934484304
780203,0.9287278463418098
780204,0.42556269611677255
780205,0.014563237142215395
780206,0.33586473435962527
780207,0.9969698345640842
780208,0.897783543351983
780209,0.989237643107882
780210,0.963870348147249
780211,0.5436453722734804
780212,0.9752591622247421
780213,0.9998971223567091
780214,0.0737684080859387
780215,0.9998781824362888
780216,0.9819848079294811
780217,0.9982160845159131
780218,0.9997951096365865
780219,0.9980284913772133
780220,0.1859022726416982
780221,0.9999356922805838
780222,0.1453731502235218
780223,0.04026484827605765
780224,0.9991676314886873
780225,0.9827314508543713
780226,0.9999454561725158
780227,0.996761945332018
780228,0.212168594106553
780229,0.022758369248485934
780230,0.9969462120635806
780231,0.050724281039091844
780232,0.7771567863246149
780233,0.5221982711343807
780234,0.9995656053661174
780235,0.7415577048818439
780236,0.9962063189626722
780237,0.9990154176941131
780238,0.8912652952991441
780239,0.9990734189357264
780240,0.9688858413437162
780241,0.9993095958809308
780242,0.9998720513258952
780243,0.4928436872064942
780244,0.9999311063101277
780245,0.3706114699362874
780246,0.9674076025043516
780247,0.9962213027602663
780248,0.027805600083057207
780249,0.999913106730041
780250,0.7420348711095357
780251,0.16891665141878798
780252,0.9999926231778312
780253,0.9934475125320724
780254,0.4909719718076148
780255,0.9996474927045341
780256,0.4526103125457642
780257,0.9978654604801189
780258,0.9999824139752445
780259,0.03102724917249405
780260,0.9910542267015359
780261,0.5319761370105773
780262,0.5700366759056927
780263,0.9998781263127487
780264,0.9999182799271668
780265,0.9999597101178416
780266,0.9983154913862615
780267,0.9971319880620724
780268,0.041500567335485045
780269,0.9999899343238765
780270,0.4370396648865532
780271,0.6490715810622283
780272,0.9999160734840178
780273,0.9562937129996847
780274,0.9399641596010557
780275,0.9816266160618752
780276,0.9997255794473996
780277,0.9985526850786838
780278,0.6369914346820857
780279,0.9997922418662216
780280,0.009625253680048693
780281,0.9997146165730337
780282,0.999915231768302
780283,0.9999329790878575
780284,0.95098051711208
780285,0.9996029848705188
780286,0.999485487123297
780287,0.9325981249567594
780288,0.9999729325536454
780289,0.9204044321321567
780290,0.999957120652686
780291,0.5940485285750361
780292,0.013292952889125447
780293,0.3819178832371635
780294,0.9997038979527945
780295,0.0536657253795242
780296,0.9998871754149308
780297,0.999389477202034
780298,0.997048403046567
780299,0.33917012258804824
780300,0.9984838698531744
780301,0.9998783301660904
780302,0.9849076708396867
780303,0.7601347613434867
780304,0.9890045677605019
780305,0.007545734355252287
780306,0.9997055087664338
780307,0.9990519919313077
780308,0.9995265116147896
780309,0.996673351288707
780310,0.9900842506200235
780311,0.9998084207614466
780312,0.33521293746926606
780313,0.2177865071197252
780314,0.9999636473409542
780315,0.9772070412963324
780316,0.01184062234574575
780317,0.5542529716770946
780318,0.9969738850470125
780319,0.2122483531023841
780320,0.8771567687978437
780321,0.772887902136812
780322,0.1113376932908613
780323,0.9999628854818146
780324,0.839422492723996
780325,0.9872622552583239
780326,0.9932558850758543
780327,0.8044353474484609
780328,0.9894795727449318
780329,0.9996877675114506
780330,0.9998655205769021
780331,0.9927555790193722
780332,0.010888757228992876
780333,0.9986956816458141
780334,0.9630997433108699
780335,0.9997834930903271
780336,0.69933861682557
780337,0.9933920728179244
780338,0.9753597984444498
780339,0.9987071331395194
780340,0.10485046459707549
780341,0.9954793771716618
780342,0.9998205192756822
780343,0.9961587474540619
780344,0.6947492349586262
780345,0.9907023417354971
780346,0.9999858410442948
780347,0.8351243889205737
780348,0.9992944050513592
780349,0.8108084837517188
780350,0.15409803906178612
780351,0.6251539702765259
780352,0.9309767741734443
780353,0.00553911821979523
780354,0.05458005550596261
780355,0.027446136410663256
780356,0.9999227376177979
780357,0.99983794419815
780358,0.9988887125263691
780359,0.9754676872589404
780360,0.9997444779961767
780361,0.9783016295928227
780362,0.02658340083019374
780363,0.8577961782970658
780364,0.9969996522036376
780365,0.00182520703114223
780366,0.031212428009147163
780367,0.9959686981440061
780368,0.19177623629923374
780369,0.9141355685264136
780370,0.7518376486366254
780371,0.8754566230732831
780372,0.10021211612166489
780373,0.9999238982734087
780374,0.9993303890619294
780375,0.9622998884573764
780376,0.582313278541042
780377,0.15956535392320337
780378,0.03603345027075284
780379,0.9996087680187375
780380,0.9987223347174747
780381,0.8825260843664826
780382,0.9994059205143646
780383,0.9953971057643773
780384,0.9912279583542254
780385,0.8459051716756953
780386,0.9569807202208357
780387,0.7912098167295613
780388,0.9845071409038606
780389,0.08054808042862802
780390,0.7214119915510498
780391,0.7765965023533261
780392,0.00556844512712383
780393,0.845289731018038
780394,0.03792229081788723
780395,0.0965345563254741
780396,0.9849498656377005
780397,0.999923762982863
780398,0.9991194496473272
780399,0.8560027677512108
780400,0.025442915951135795
780401,0.028686358591050218
780402,0.109612903255721
780403,0.962398645349507
780404,0.9944522547676459
780405,0.49079909539541466
780406,0.9946433631272459
780407,0.9999423802087274
780408,0.09112399909861527
780409,0.4808051018558221
780410,0.433760629370046
780411,0.020120202707486472
780412,0.9861025913592827
780413,0.9997443112481825
780414,0.1925931255011885
780415,0.2820601987890723
780416,0.9528398264474083
780417,0.2745427649769747
780418,0.026348484893185035
780419,0.9307592248289667
780420,0.990011308680286
780421,0.20545389058931746
780422,0.9998196535965315
780423,0.9989862334398476
780424,0.05448261932784859
780425,0.38983712178973345
780426,0.9999287420875654
780427,0.8661345966903613
780428,0.9237334824688181
780429,0.9999916576667446
780430,0.2970834978988092
780431,0.9900192965431702
780432,0.9998760140275249
780433,0.9146546369538776
780434,0.9997152831332079
780435,0.9997988266264022
780436,0.09814960785224042
780437,0.2712852011038306
780438,0.12358252001364778
780439,0.8056754283977291
780440,0.5036895894852388
780441,0.9999951739365875
780442,0.9987954869249436
780443,0.9978261375909995
780444,0.9997256788998412
780445,0.9995480478198235
780446,0.018130753733385283
780447,0.9998494639959463
780448,0.762636549315506
780449,0.007991940071638049
780450,0.743300284839794
780451,0.9079352421893098
780452,0.9974365667817156
780453,0.9986054041653696
780454,0.9997883088350796
780455,0.35706491373491817
780456,0.6847704667163157
780457,0.9999769672427138
780458,0.02030540835779635
780459,0.9997476598299497
780460,0.8665752319950186
780461,0.04100658745529246
780462,0.9990847975927672
780463,0.6365072317775441
780464,0.9991245193248006
780465,0.8105135625552886
780466,0.9993428505853841
780467,0.9969174401306448
780468,0.9610963595708698
780469,0.5017166610370203
780470,0.9776568896494964
780471,0.49254960546568277
780472,0.016132892355570055
780473,0.020284061829811902
780474,0.8311418832055077
780475,0.9982642613649865
780476,0.827335598123902
780477,0.9964758754845469
780478,0.992025621822997
780479,0.9642528438058947
780480,0.9987119073702865
780481,0.624299805237158
780482,0.38008523115114456
780483,0.9986571926232446
780484,0.9998097150616687
780485,0.05611866886997899
780486,0.47507816494114113
780487,0.9999714568753801
780488,0.9857978527348108
780489,0.9995168595262769
780490,0.8775284755406108
780491,0.9843735389848789
780492,0.920909982798594
780493,0.5140953945229272
780494,0.8165969729568442
780495,0.9999925159757326
780496,0.9996156032854828
780497,0.984157882396234
780498,0.9999699478636965
780499,0.004940687328722097
780500,0.9985135031924111
780501,0.9991348807148507
780502,0.9999093674153225
780503,0.9985701853389519
780504,0.015752877660184288
780505,0.04372831652790623
780506,0.9996059054209506
780507,0.511148592978004
780508,0.9999597918576457
780509,0.9998935542627542
780510,0.3562321714120029
780511,0.9995244567771757
780512,0.10202693038456381
780513,0.9797568172129048
780514,0.17846353189207306
780515,0.9999600455916663
780516,0.9996118043440404
780517,0.9900281339679007
780518,0.04013690334419799
780519,0.9994828819477019
780520,0.9406810074969867
780521,0.9998466328273061
780522,0.30207530826235585
780523,0.3436246080598028
780524,0.9789649320916651
780525,0.9750909338929961
780526,0.08835038794635774
780527,0.5098921726435881
780528,0.9999884429564416
780529,0.9999511239613755
780530,0.3996146270906587
780531,0.18086658380538206
780532,0.9996326867551489
780533,0.9979158396659245
780534,0.1823198002507211
780535,0.0044194922618056975
780536,0.9994811090238608
780537,0.0062417948670225026
780538,0.9998318522694429
780539,0.9996616776489179
780540,0.8770045168202574
780541,0.23341689800080423
780542,0.7935083691291547
780543,0.056163261611589244
780544,0.11343030311165983
780545,0.2591485998156706
780546,0.46477092124774305
780547,0.011411352534588177
780548,0.9999740250192545
780549,0.5670992370472493
780550,0.9626084105367995
780551,0.9897249294547081
780552,0.9994521905097796
780553,0.40349930807350176
780554,0.9967060507734936
780555,0.8843928668850252
780556,0.7412696480420318
780557,0.9980582253277691
780558,0.8419312890399481
780559,0.8441306814599916
780560,0.9984342346969126
780561,0.9998260450006369
780562,0.24374919631171413
780563,0.6852054745425165
780564,0.9998107300648941
780565,0.9944388021774732
780566,0.0014348669085540752
780567,0.8985710344142808
780568,0.9867616301533633
780569,0.9214143646959456
780570,0.9997699035242428
780571,0.9978829982604294
780572,0.993171892578135
780573,0.07643321334436576
780574,0.9876777786044906
780575,0.9997298599691571
780576,0.9999056969552638
780577,0.2748259354921488
780578,0.027970262818892765
780579,0.7141100063876532
780580,0.034903852406698035
780581,0.03727265847480806
780582,0.9980584261973231
780583,0.8456033625100171
780584,0.9997642709565677
780585,0.9293075486660234
780586,0.9982177954688985
780587,0.41303558057782275
780588,0.9544097151709012
780589,0.9732029789457264
780590,0.9957240400860218
780591,0.03726641797764686
780592,0.032781991809999265
780593,0.9989598429658666
780594,0.9982990278170305
780595,0.9997125821407107
780596,0.22481582506542275
780597,0.9962548359786243
780598,0.9996488623446591
780599,0.9573429196778359
780600,0.9999539880517099
780601,0.9934451463788453
780602,0.9996591270128198
780603,0.9936054139461423
780604,0.5195459222356532
780605,0.08555399995011564
780606,0.5131125725624881
780607,0.9999947188304364
780608,0.06687237148858086
780609,0.15079828568485384
780610,0.9999043780684828
780611,0.9993237541254198
780612,0.9980190271960305
780613,0.8334473289945494
780614,0.9987612618816493
780615,0.674840203303565
780616,0.15605847248276783
780617,0.1949941470034664
780618,0.8280747381410216
780619,0.38326710918899665
780620,0.9929236829100768
780621,0.024574352508085474
780622,0.9999747727118199
780623,0.7710627309097682
780624,0.9933128748598513
780625,0.9652293216048475
780626,0.9976558052736227
780627,0.332527775121665
780628,0.5736754611514105
780629,0.07086108379313294
780630,0.6265118867524473
780631,0.8216130705809088
780632,0.998650606345684
780633,0.060707592063177905
780634,0.1874957464830839
780635,0.40154364575400775
780636,0.9998904371796258
780637,0.10103641098471602
780638,0.9727837661546576
780639,0.02126310873384404
780640,0.018752704094087858
780641,0.09615910307980605
780642,0.7671666424653125
780643,0.9678801368810024
780644,0.9997815834148005
780645,0.9162650575630091
780646,0.9938167536083535
780647,0.9927859619111271
780648,0.4069703361300748
780649,0.5375129349927182
780650,0.2510396335590034
780651,0.8973547237526418
780652,0.9971222448513843
780653,0.13396283841254647
780654,0.03777301637805695
780655,0.9946421302893154
780656,0.566476054338478
780657,0.9960817509843722
780658,0.3113812226140152
780659,0.22048160424127744
780660,0.5844991057763927
780661,0.9038920653456111
780662,0.0028715097278555596
780663,0.9932125190159715
780664,0.9999584712444431
780665,0.1402191072017752
780666,0.4247873132613287
780667,0.8723191028466089
780668,0.9999306717797891
780669,0.9684561640472955
780670,0.05476340541175181
780671,0.9931995390947426
780672,0.2596428657674975
780673,0.6152156150046204
780674,0.9737566954268712
780675,0.4134926235045831
780676,0.890972040959453
780677,0.3490286861208878
780678,0.9962098989141299
780679,0.9988400400720924
780680,0.9975986187516651
780681,0.9998339583810856
780682,0.8917922152984643
780683,0.4229722599620905
780684,0.8319328440011005
780685,0.9998823394238018
780686,0.9826775390330005
780687,0.5043913380362532
780688,0.9999543722862555
780689,0.815163407243826
780690,0.9995662812879675
780691,0.37923382370161973
780692,0.9843289161224174
780693,0.9991190369242045
780694,0.9997294709305236
780695,0.9996791647269748
780696,0.9985912839344331
780697,0.9834011825952591
780698,0.9988828049086337
780699,0.7275007261744466
780700,0.4614389262311979
780701,0.6911388950417974
780702,0.9458489960183188
780703,0.6622197861917052
780704,0.9998269232350618
780705,0.9854009299131328
780706,0.9999867459340388
780707,0.9996463989354756
780708,0.13392254297809308
780709,0.9966406299726914
780710,0.2419884667479499
780711,0.998971852076958
780712,0.6974655246980339
780713,0.4450818649912897
780714,0.12096404215149378
780715,0.9993679567380662
780716,0.7350886775158498
780717,0.5432803509128378
780718,0.9999609398639807
780719,0.0032376553992616575
780720,0.9999688777464789
780721,0.6987408340255103
780722,0.17329995661367764
780723,0.9900364049618713
780724,0.734076457498791
780725,0.9248210774690243
780726,0.4302546658340232
780727,0.15170285450249962
780728,0.9964693791524153
780729,0.9993421913288763
780730,0.9998661729763283
780731,0.927635938436926
780732,0.2819307134690169
780733,0.00424896684359205
780734,0.9486524292482453
780735,0.14133603020985577
780736,0.3703795984634577
780737,0.9996357962845108
780738,0.012742591103414809
780739,0.9918727029610293
780740,0.012220098939329318
780741,0.1318505703879747
780742,0.1592595619202236
780743,0.2990305400934393
780744,0.5313927869496967
780745,0.4972358874763123
780746,0.9999425048872485
780747,0.9998810546262396
780748,0.06730086463153531
780749,0.9992792322923606
780750,0.9692309894969812
780751,0.5142281808337544
780752,0.02172155153070686
780753,0.6225539896209547
780754,0.9999520284393384
780755,0.9994703636192342
780756,0.9999716996690722
780757,0.9996012816930613
780758,0.9992329121941512
780759,0.999821184442331
780760,0.9941612212952966
780761,0.9999180574801823
780762,0.9997704631140245
780763,0.8020584331469689
780764,0.9157003609337956
780765,0.7541382274828801
780766,0.9998969948439169
780767,0.37187762751719766
780768,0.017158736216101762
780769,0.9787172531687078
780770,0.969241428056836
780771,0.9996666343420639
780772,0.9980252532332698
780773,0.8059795328119741
780774,0.9983530297244916
780775,0.5525205528545619
780776,0.21948984645228142
780777,0.9997523357848184
780778,0.34261383696741765
780779,0.9840984781674507
780780,0.9995208470175938
780781,0.7897352905724844
780782,0.6147741833023245
780783,0.1941443414677284
780784,0.9993377378050636
780785,0.996834161668229
780786,0.3627122299003916
780787,0.9999734494712054
780788,0.9980725774688923
780789,0.9826719853499125
780790,0.9996637663461707
780791,0.9987824096622844
780792,0.014013272575015957
780793,0.9997848019233787
780794,0.727462180905444
780795,0.8714012703935142
780796,0.08801605728767417
780797,0.0014528767551195065
780798,0.8576200598412599
780799,0.0938148396074075
780800,0.9869401775216813
780801,0.9889132308714255
780802,0.999974549678633
780803,0.9905195608765832
780804,0.9425087245021339
780805,0.5640812196858178
780806,0.9718349436922431
780807,0.35097073630472375
780808,0.8401710591078918
780809,0.9971629294176383
780810,0.99997028870414
780811,0.738118773012407
780812,0.7401488611939047
780813,0.9999661947216836
780814,0.9995549385612192
780815,0.12528854900279368
780816,0.4793734381036235
780817,0.9997954692670197
780818,0.9048681455072441
780819,0.4557141120910525
780820,0.9432032458957289
780821,0.9999951286707849
780822,0.221835585207069
780823,0.0868517334566658
780824,0.3369365013188021
780825,0.47749166172410124
780826,0.10479594988650526
780827,0.03576243658300642
780828,0.9994226570765463
780829,0.9377415478363955
780830,0.197795627903627
780831,0.9995065351885558
780832,0.8869362960737431
780833,0.9999783306149614
780834,0.1960088227857894
780835,0.042319319501081545
780836,0.19710107085383088
780837,0.9997743704489104
780838,0.9998797429435275
780839,0.2605873627027484
780840,0.9822328149637556
780841,0.1471268136481816
780842,0.01643082790698207
780843,0.999039478945186
780844,0.5822072464170164
780845,0.16351113912686022
780846,0.9999570981213493
780847,0.9961401248910778
780848,0.2947630408580153
780849,0.9994518159975678
780850,0.9997374794145564
780851,0.7806267909417037
780852,0.4156935652441428
780853,0.8879527490764774
780854,0.8486190024994311
780855,0.5672006529552933
780856,0.9291761821371372
780857,0.48213015422036976
780858,0.965754331773429
780859,0.8311591446145348
780860,0.9996844297462676
780861,0.42211016819742797
780862,0.9703322081345889
780863,0.7633766580116939
780864,0.2940545173696112
780865,0.108518241650577
780866,0.9988891138921956
780867,0.999852395170151
780868,0.9999834565580771
780869,0.42514621580693623
780870,0.9912192564747175
780871,0.30239017145471625
780872,0.9996795194440701
780873,0.2776135279876411
780874,0.25077723887017106
780875,0.9997072315413598
780876,0.8711769213677694
780877,0.9890794772803724
780878,0.052379186922520846
780879,0.9811348965362163
780880,0.11028399515478955
780881,0.9896971348424403
780882,0.6003792338083668
780883,0.9380392002036979
780884,0.9905961045989703
780885,0.9561615757006774
780886,0.17242066754514546
780887,0.025084787719979677
780888,0.786847985512988
780889,0.9276123401629917
780890,0.9074537835505099
780891,0.32510235734873144
780892,0.9847972110189078
780893,0.9995532048982553
780894,0.9969993417707779
780895,0.9323531420250436
780896,0.9647273853209601
780897,0.9387305453350415
780898,0.9970923558348193
780899,0.9994131272002839
780900,0.014791965396566971
780901,0.9986279318809572
780902,0.1906245590257709
780903,0.9968722151920107
780904,0.5125103372928151
780905,0.5263418201404491
780906,0.9120185375373868
780907,0.8312369798322292
780908,0.9576677717597835
780909,0.11061694164208227
780910,0.16839740406750658
780911,0.8041455848247846
780912,0.9994592224111638
780913,0.9817296943460061
780914,0.9998747688504401
780915,0.03750693924465256
780916,0.6402088643036894
780917,0.9911264339201018
780918,0.4817690930955752
780919,0.22669697870913136
780920,0.6502323151229847
780921,0.837052098237391
780922,0.7765412444707912
780923,0.9908617907801911
780924,0.9862586559739535
780925,0.030810747980998924
780926,0.9989884521545398
780927,0.2771939233365197
780928,0.8671987102646234
780929,0.9983209117993384
780930,0.06468752717925394
780931,0.7228669021629363
780932,0.46576268166264867
780933,0.9923825836143334
780934,0.734036801384784
780935,0.6563684163682232
780936,0.9998330546236811
780937,0.019624089019924202
780938,0.15639502730080862
780939,0.2606207248322296
780940,0.9980692947995706
780941,0.6768689357480742
780942,0.0012784410513405997
780943,0.37646859336381855
780944,0.6960827739034212
780945,0.8572059590665297
780946,0.9994244981723358
780947,0.008752696524157607
780948,0.9999035822977229
780949,0.9042845160377211
780950,0.6313273831598053
780951,0.9844392491139577
780952,0.3796489155727336
780953,0.029992606708928855
780954,0.9996375309529154
780955,0.9866149496136951
780956,0.7592045412836614
780957,0.9998042598139474
780958,0.20904476423704832
780959,0.749769878619416
780960,0.9428881875326942
780961,0.9997045339533385
780962,0.4908099582916239
780963,0.7148093891629481
780964,0.9171325542743067
780965,0.8385682685505008
780966,0.9983476457254286
780967,0.8250589136451895
780968,0.9954249384936107
780969,0.024120624984686555
780970,0.6014281511217028
780971,0.991543102781437
780972,0.9996121098640878
780973,0.9908366879933357
780974,0.8345426061132446
780975,0.9994556611534662
780976,0.9999642149813386
780977,0.998452099407672
780978,0.9999799019658469
780979,0.9127304782757686
780980,0.9986968907344336
780981,0.9816787710207713
780982,0.9851864126600018
780983,0.9999743404937644
780984,0.9271057407843057
780985,0.9998422899374564
780986,0.9956317143006386
780987,0.6478516142869083
780988,0.9345304917150792
780989,0.9999368809873075
780990,0.9701756654413669
780991,0.999535359198752
780992,0.872306862152234
780993,0.9998388834651508
780994,0.99998760554865
780995,0.9807025044204088
780996,0.99475208383103
780997,0.6115403218156421
780998,0.06313077695575336
780999,0.1618853257432213
781000,0.9444468263905323
781001,0.9989990784627909
781002,0.06145468904799126
781003,0.9551429888050338
781004,0.9928070241233555
781005,0.6214971459731807
781006,0.8947350216799695
781007,0.999881746445177
781008,0.9999660487383497
781009,0.07990175726002077
781010,0.7613792322392643
781011,0.9997329233225776
781012,0.9239512723743916
781013,0.9991522588685009
781014,0.875395598554684
781015,0.9951251312788882
781016,0.9999734411163714
781017,0.9992711968101422
781018,0.7489650645715045
781019,0.9970959670585562
781020,0.9969667546737957
781021,0.3445199593648614
781022,0.10155720284054381
781023,0.9719664060228863
781024,0.9994299004488088
781025,0.23802580210960042
781026,0.27741280140229774
781027,0.6485291704993804
781028,0.9981794954211001
781029,0.5003212657607299
781030,0.5337703242086934
781031,0.004730199926861774
781032,0.06925087279595785
781033,0.9949182658442826
781034,0.06506324325101671
781035,0.3398917643804876
781036,0.9995900753508712
781037,0.9154236383188232
781038,0.8305373720099626
781039,0.6495330740075685
781040,0.9369593177222074
781041,0.1114610710991874
781042,0.9998990844274032
781043,0.9998299404774869
781044,0.6731904922145007
781045,0.9956688488787334
781046,0.6086469133336121
781047,0.9988894764800923
781048,0.9831191871970552
781049,0.9868792494855044
781050,0.6063319543818253
781051,0.9991457358080418
781052,0.9954751477704264
781053,0.9987052246450969
781054,0.40163706623582474
781055,0.725968876515841
781056,0.015645126006044063
781057,0.31282715141772677
781058,0.4575986044401701
781059,0.9970383773533071
781060,0.9998491005418114
781061,0.6850632727654686
781062,0.9940715256643196
781063,0.7072308567915512
781064,0.1541463440707058
781065,0.14635604454210707
781066,0.9957771339080571
781067,0.9995345298791088
781068,0.3915987524357847
781069,0.7112017336178154
781070,0.925964054755857
781071,0.9999887818197737
781072,0.9759574009329381
781073,0.00536265279259855
781074,0.6737330630241163
781075,0.8325152538220478
781076,0.01699178878352394
781077,0.9879266839184726
781078,0.9953041811380936
781079,0.8363004042508204
781080,0.2793911505359691
781081,0.20559573127402458
781082,0.9999508339491971
781083,0.9730586435106772
781084,0.9766210223039213
781085,0.8549707372837245
781086,0.9918817186439959
781087,0.8884303783006963
781088,0.8940606257122592
781089,0.9996223442059795
781090,0.9995202545401808
781091,0.2204328956267192
781092,0.009938109119377692
781093,0.974606732909071
781094,0.7970196116977137
781095,0.9999689837900032
781096,0.9998070979343734
781097,0.8561745371697616
781098,0.9994025888170293
781099,0.9997472603984683
781100,0.9202729405484258
781101,0.8000953411324798
781102,0.9972750848714703
781103,0.9996541830979613
781104,0.9995900384649823
781105,0.9931257616073366
781106,0.9698466810498575
781107,0.9964730634758125
781108,0.8710457396215716
781109,0.04206676895983725
781110,0.9933755009597057
781111,0.310866444500007
781112,0.7394724168563522
781113,0.9997118286728441
781114,0.5887812179191709
781115,0.9999554276376542
781116,0.01440299841125397
781117,0.6562035636290202
781118,0.9997607355355125
781119,0.28540682526511013
781120,0.9950239852059091
781121,0.6743829382691114
781122,0.9990121266831464
781123,0.9770570967022347
781124,0.9835311005858633
781125,0.5328666530989521
781126,0.6987343101643209
781127,0.9609831517800311
781128,0.06053977531502608
781129,0.07218604019596961
781130,0.36167495774687697
781131,0.9991569808026901
781132,0.9336708008042154
781133,0.2563497201685316
781134,0.9999224247742038
781135,0.9993159563804228
781136,0.9959907017122882
781137,0.016145748294053137
781138,0.9999445951051339
781139,0.02276508557121562
781140,0.7015269474347952
781141,0.8622875354577352
781142,0.9926864981764838
781143,0.6010417337230387
781144,0.9994601363896441
781145,0.9997821086497813
781146,0.41447731345582633
781147,0.9998853803563594
781148,0.9717547196114975
781149,0.7496602888338019
781150,0.5324181265302921
781151,0.5101724611484009
781152,0.3454037875855045
781153,0.9748763071802087
781154,0.9932937043313709
781155,0.15016740093391626
781156,0.9984430844751342
781157,0.15268489229626345
781158,0.08147406325242187
781159,0.9842487120309507
781160,0.9142139647687086
781161,0.4439808917188858
781162,0.08662889429528688
781163,0.9997798041891321
781164,0.9991531316736582
781165,0.10090409549021898
781166,0.08933983842511353
781167,0.9658158386907435
781168,0.9910737369873296
781169,0.9997568263335068
781170,0.9763103950925577
781171,0.5936713241450737
781172,0.18859141446830976
781173,0.1729952035266499
781174,0.9997128691516428
781175,0.9545028045431131
781176,0.9954261456927397
781177,0.6695851631622816
781178,0.03750594931973035
781179,0.21808051782896576
781180,0.9999183096673465
781181,0.10963255908760522
781182,0.6959487952378104
781183,0.09553779137800737
781184,0.935474364027322
781185,0.9921193176299103
781186,0.9083188859562483
781187,0.9869260624579417
781188,0.9930200363029917
781189,0.9516968625340562
781190,0.9990525364197183
781191,0.8687661120558237
781192,0.6776007441472487
781193,0.721101835145595
781194,0.9996273282189528
781195,0.9990660892727479
781196,0.9999336816301108
781197,0.857573757899079
781198,0.2094019722313776
781199,0.9539577876882532
781200,0.12365797475995968
781201,0.9967410650294284
781202,0.9987298471642441
781203,0.9845754971478548
781204,0.012872896597266328
781205,0.999964177751585
781206,0.9501919872085529
781207,0.6769530541217547
781208,0.99823485176182
781209,0.13054534131901582
781210,0.9877346255935386
781211,0.9109611015031172
781212,0.5801603141377585
781213,0.062262140883143344
781214,0.9663784824162316
781215,0.7730044837410843
781216,0.9999595495763215
781217,0.9998668995904212
781218,0.9998824469809985
781219,0.9983025734210541
781220,0.3049043195409394
781221,0.5453662713449741
781222,0.03158191774155268
781223,0.26988257326375364
781224,0.5721924872677057
781225,0.9023947740368947
781226,0.9999693298189903
781227,0.027489652288229787
781228,0.9997913313032738
781229,0.8722976608866221
781230,0.9999444414975517
781231,0.999654176412774
781232,0.1707213946727355
781233,0.9998379792783025
781234,0.5865920114303574
781235,0.19233685774662457
781236,0.35101052194564525
781237,0.9082982319091396
781238,0.9834652402254631
781239,0.8440879400328412
781240,0.99998325459837
781241,0.9998977876273671
781242,0.38380898365792104
781243,0.9966063129474583
781244,0.029853143568626145
781245,0.9964181377536834
781246,0.34445334214577034
781247,0.03895009855329813
781248,0.012542840253431674
781249,0.9971283902530175
781250,0.09005584154553525
781251,0.020715388623014593
781252,0.9998372133705175
781253,0.988066859732269
781254,0.9999853245142617
781255,0.9691743452494941
781256,0.9943065361181499
781257,0.028458444920792195
781258,0.9868289232343981
781259,0.9994527381535054
781260,0.9998543162407917
781261,0.9999152225659322
781262,0.9839500006104828
781263,0.9998724559924859
781264,0.007649449543386786
781265,0.9994076503867548
781266,0.9996323133119713
781267,0.5183274917591245
781268,0.9999128370507251
781269,0.862345683632629
781270,0.009330698149088545
781271,0.9999050535579945
781272,0.9997647800004617
781273,0.06828179054825963
781274,0.9995872500375658
781275,0.14699038875773895
781276,0.5817458569235963
781277,0.7091624557357579
781278,0.04210604901810887
781279,0.9286996667473404
781280,0.20662802105196099
781281,0.9998800428990171
781282,0.1388548540591398
781283,0.9996851501961777
781284,0.2569912427437082
781285,0.9998375817122753
781286,0.5320639238002985
781287,0.9995573480771072
781288,0.5453500527864189
781289,0.04374191772961283
781290,0.10033632920550536
781291,0.9999817088914094
781292,0.06342869532471422
781293,0.9673975189016638
781294,0.7905927540390703
781295,0.6211072140686271
781296,0.9969647472209004
781297,0.9998614548934475
781298,0.9998110370211764
781299,0.8583098910533582
781300,0.28842707029697856
781301,0.5971044207123509
781302,0.9767732478238838
781303,0.07811184163325696
781304,0.9982149675814134
781305,0.2623992459828981
781306,0.9579691888884653
781307,0.9991119886819337
781308,0.9734571577863183
781309,0.9990596967545913
781310,0.9990095494910399
781311,0.9719813125588144
781312,0.01393793048531481
781313,0.9308261101935402
781314,0.6964595000153738
781315,0.9997965369772652
781316,0.9996877183016453
781317,0.9999361242993642
781318,0.9999182944519653
781319,0.8034708355036689
781320,0.9656326166056846
781321,0.3623803553542715
781322,0.9177868725193894
781323,0.9963201845806455
781324,0.9700458083193655
781325,0.9511252318118817
781326,0.7389042811261229
781327,0.024624964116413163
781328,0.9999122634073438
781329,0.990817630946351
781330,0.371948200448204
781331,0.9998952894552935
781332,0.9970043590005171
781333,0.9929373209352566
781334,0.9991667109447223
781335,0.9878204410101391
781336,0.7762085291295922
781337,0.054646916709602075
781338,0.995343393746129
781339,0.025487471345913944
781340,0.7962758968951273
781341,0.7578117402332379
781342,0.2500856925847494
781343,0.9999685567686597
781344,0.5010554569073192
781345,0.9964549763439727
781346,0.9967009577235629
781347,0.5792479484570007
781348,0.7123819573234105
781349,0.7726591947503286
781350,0.44709954784248784
781351,0.9865361974518777
781352,0.9943357646539378
781353,0.08759045773920592
781354,0.9928695926365687
781355,0.5600112719302197
781356,0.16545560339789345
781357,0.028824386615009842
781358,0.9719807726002649
781359,0.08635099294434617
781360,0.999786940612441
781361,0.5310175361048145
781362,0.9990625872824546
781363,0.9837078820088438
781364,0.9810555722252976
781365,0.8553693684765118
781366,0.9993962008762349
781367,0.020107420612331582
781368,0.26241238020624935
781369,0.9966463396466
781370,0.9388882098780699
781371,0.46226622171215537
781372,0.999064748296479
781373,0.1751777979815704
781374,0.9972816384610589
781375,0.9843172370598382
781376,0.9991712181666699
781377,0.9133228427550837
781378,0.05758651419165886
781379,0.8498610313848864
781380,0.8774730077627951
781381,0.9105674641372707
781382,0.999095635207518
781383,0.998251330356182
781384,0.9960605859965248
781385,0.42114454307366184
781386,0.8580166548623852
781387,0.8671909279556811
781388,0.9999834521157442
781389,0.9175155434123252
781390,0.864335772253412
781391,0.999669915553079
781392,0.9940508723593001
781393,0.14319879354428194
781394,0.9984063756319512
781395,0.1487491249844156
781396,0.9999063508120434
781397,0.9995592263122457
781398,0.2573322697598812
781399,0.7475566834140055
781400,0.9999858383820487
781401,0.34324589885246476
781402,0.9943163336667803
781403,0.051362034997991315
781404,0.3455910141449485
781405,0.9920847959911403
781406,0.9995525764076396
781407,0.999935316418669
781408,0.9895322971972509
781409,0.0866490840000676
781410,0.8896250039877109
781411,0.15525897838163413
781412,0.9987636696898807
781413,0.19135357642536976
781414,0.9204491539765483
781415,0.9993329708291987
781416,0.9993450404744143
781417,0.46401788899158225
781418,0.022575681855737127
781419,0.8996557771459879
781420,0.9976950906728583
781421,0.9999758095377149
781422,0.6602356110210892
781423,0.8401344554227757
781424,0.9996841483129184
781425,0.7613250779161722
781426,0.9993521547841153
781427,0.6098414506265606
781428,0.9999738636136727
781429,0.5436832929495076
781430,0.27162988221801054
781431,0.9990655370119159
781432,0.9999896496632633
781433,0.5960368118031132
781434,0.9840475072227528
781435,0.16428504959206913
781436,0.26693352945074994
781437,0.0178229789486823
781438,0.7288905121929639
781439,0.7682614920508717
781440,0.6172249925641978
781441,0.9606761550015598
781442,0.1743144837944244
781443,0.7886069574884323
781444,0.2603867931144307
781445,0.317153566583774
781446,0.9998342859591824
781447,0.4273308857745459
781448,0.6292364266667663
781449,0.6450632025795346
781450,0.027410169369036966
781451,0.36406959814132944
781452,0.08134082859317018
781453,0.9911957362014284
781454,0.9989503773530979
781455,0.9971558790960404
781456,0.9854947355920682
781457,0.9921317004023477
781458,0.9989800223909152
781459,0.6580709475359996
781460,0.718053368534006
781461,0.19947469522440436
781462,0.6975190494109478
781463,0.998679546387311
781464,0.9999581636545426
781465,0.040920156242169096
781466,0.9995851603308861
781467,0.9998336523317
781468,0.9994426360289257
781469,0.00818156316832942
781470,0.8982563751956871
781471,0.9996573089048411
781472,0.7837368362622295
781473,0.29540034766825884
781474,0.9459470498223389
781475,0.9944269990890652
781476,0.8076915217095209
781477,0.9994117569458703
781478,0.9999326322838044
781479,0.05228982969989956
781480,0.9967853403922239
781481,0.8199398157730846
781482,0.9868306654092532
781483,0.9999608576078554
781484,0.4252180432423329
781485,0.8282793888744451
781486,0.2620559586178144
781487,0.9983141753273082
781488,0.7561991584651575
781489,0.9141466282176318
781490,0.08629635037318586
781491,0.9997047183251848
781492,0.9993914312720948
781493,0.3089292905009775
781494,0.9972734407721515
781495,0.8136153499798532
781496,0.9994966104697781
781497,0.9998724861902685
781498,0.049786531126432984
781499,0.821034227302752
781500,0.016316876665256323
781501,0.01224369369457301
781502,0.251731621008889
781503,0.9413125178381035
781504,0.8830460817958206
781505,0.02780591455932649
781506,0.9984951944067006
781507,0.3710083463625732
781508,0.9999721960424034
781509,0.9928940421738944
781510,0.8734197587987347
781511,0.9997901212421778
781512,0.9948153993084198
781513,0.5119892123083629
781514,0.999369565405821
781515,0.9994538835058322
781516,0.9998293020146111
781517,0.9726159112075761
781518,0.28387788988755636
781519,0.9965861259715785
781520,0.998768781278689
781521,0.8925541623021158
781522,0.28341943366903316
781523,0.6394808799344798
781524,0.007743527004135285
781525,0.9646240028797944
781526,0.06929596880586776
781527,0.33875263493849705
781528,0.9993137025357552
781529,0.9982261887939277
781530,0.39371545107063843
781531,0.9409820280269465
781532,0.11499711845839597
781533,0.7548904250690035
781534,0.9934004804778949
781535,0.9999940266632646
781536,0.939339537861622
781537,0.9681380267766764
781538,0.9994713669878039
781539,0.7541760582775647
781540,0.9998726247086422
781541,0.9997692580493105
781542,0.9771424034507362
781543,0.37858918165842786
781544,0.5855207677144039
781545,0.6348965403959126
781546,0.5074330866728584
781547,0.007988564588232003
781548,0.9969689647228344
781549,0.9974756070485918
781550,0.054342583336203
781551,0.041145531868639895
781552,0.9999875451852186
781553,0.036205725294174235
781554,0.6955026898165784
781555,0.886490718764253
781556,0.08863090235072908
781557,0.410314573302806
781558,0.8176272020697211
781559,0.1330053771650148
781560,0.9996180883149748
781561,0.9999911597400212
781562,0.4532081534718737
781563,0.9967219946101062
781564,0.8113052589759953
781565,0.3834266227733153
781566,0.11289893463523576
781567,0.9756114917208958
781568,0.17431760776235716
781569,0.9083137572942499
781570,0.24360517397146655
781571,0.9999502204091271
781572,0.9998403954617242
781573,0.9998814578463853
781574,0.9988121212057107
781575,0.7904412924515156
781576,0.7518669063552661
781577,0.23933746442175516
781578,0.9994999269230445
781579,0.16450719996373067
781580,0.9965820356037217
781581,0.053597725957264336
781582,0.16997090745841986
781583,0.9978667560918512
781584,0.9960381264528014
781585,0.02530285104574754
781586,0.004347934358708337
781587,0.2025240860881298
781588,0.8914127092784505
781589,0.8705715050378899
781590,0.0929849788040119
781591,0.9269331120296965
781592,0.9593804308978471
781593,0.9471255224177529
781594,0.999752927415407
781595,0.9997415746083509
781596,0.9999872362392227
781597,0.5047868484490304
781598,0.9997304464038648
781599,0.6122726481163526
781600,0.9483588291852223
781601,0.9958720397569134
781602,0.9999086266600902
781603,0.012386109954374122
781604,0.8826651743286391
781605,0.9997840123014143
781606,0.017003338913342728
781607,0.024140774296567906
781608,0.9661745419424447
781609,0.3108577506636916
781610,0.13163167875960854
781611,0.9998668023805772
781612,0.17460156510979088
781613,0.06493890836946552
781614,0.9999514525388096
781615,0.9352347501932371
781616,0.9052568813896924
781617,0.9134175090869799
781618,0.021255378476666018
781619,0.999581945799819
781620,0.6784359093013275
781621,0.7626652911602478
781622,0.9987073274082158
781623,0.9983515609563889
781624,0.028866588287890096
781625,0.19174848746622722
781626,0.9999004131640498
781627,0.9660407881330564
781628,0.9997978109949479
781629,0.6484891584629263
781630,0.6859764991223332
781631,0.8333418240707968
781632,0.17207789552990915
781633,0.42628206806410934
781634,0.8769919451660035
781635,0.21776042593610387
781636,0.6811128708309295
781637,0.9997985887843168
781638,0.5368708181738685
781639,0.011660440197916478
781640,0.8183643486148935
781641,0.23196404451473498
781642,0.6290792466026687
781643,0.9998905508660447
781644,0.9936574163043592
781645,0.9997531976094599
781646,0.9997251815144912
781647,0.9999485102225788
781648,0.9984189740702587
781649,0.3970111333445737
781650,0.9973848168357556
781651,0.7778873684228954
781652,0.9997581271806169
781653,0.9989078999363132
781654,0.8700601999127004
781655,0.4596775969084426
781656,0.1565672426718148
781657,0.9979526943154114
781658,0.9999894383453787
781659,0.8483644163718711
781660,0.9930320180383259
781661,0.858850343552467
781662,0.6274425698692325
781663,0.9999675817122728
781664,0.9999685274260124
781665,0.9517771685810655
781666,0.9989630271444226
781667,0.021887258536275146
781668,0.28901087243766527
781669,0.9974842168822193
781670,0.5265483598149006
781671,0.6466632465935045
781672,0.008724303060175888
781673,0.99973714312966
781674,0.9936344893334421
781675,0.9616655637323632
781676,0.6513977371094747
781677,0.8104354678922568
781678,0.3617337375251878
781679,0.9965538412706842
781680,0.9999834899550785
781681,0.016426435976597195
781682,0.17190910299475265
781683,0.9456444580135133
781684,0.895021041368384
781685,0.04684097820365717
781686,0.26661242258352724
781687,0.04786768249450733
781688,0.9948526448846459
781689,0.9979876460853431
781690,0.9816588564494418
781691,0.019006107117099262
781692,0.9973372231509692
781693,0.975226086949158
781694,0.9999512010734102
781695,0.8565607996041412
781696,0.1382095567985518
781697,0.9803637449451934
781698,0.9977674018165053
781699,0.9976063832099032
781700,0.9973288107180786
781701,0.9957105581738318
781702,0.8745619869608076
781703,0.08902122027863249
781704,0.3769442985086159
781705,0.999713597303123
781706,0.20798756833648857
781707,0.9998556285416531
781708,0.9999759343554553
781709,0.9902806778948882
781710,0.9942970618438474
781711,0.532296062772967
781712,0.9958456001313963
781713,0.9990574250988915
781714,0.9897147765628407
781715,0.8447521396871995
781716,0.14803802234569266
781717,0.28346383649958046
781718,0.9999340569023112
781719,0.2477487428388043
781720,0.1029136636913041
781721,0.9998597229635054
781722,0.05150723694393728
781723,0.9963928691724513
781724,0.9999575873593648
781725,0.9006356668280633
781726,0.12348884392823967
781727,0.3022814145232167
781728,0.9987280886468304
781729,0.9989525858105139
781730,0.861449812134022
781731,0.18286237974639108
781732,0.5236186026653574
781733,0.9998886347064988
781734,0.22017444057183497
781735,0.19560198235126083
781736,0.3442760114577941
781737,0.9925550070200564
781738,0.41404646988006055
781739,0.29133407934339656
781740,0.02493234526747245
781741,0.9493158405978261
781742,0.9998509142304122
781743,0.6553619808218112
781744,0.9997124566218106
781745,0.9647036310666026
781746,0.7325011443664946
781747,0.7923675782861361
781748,0.9999604835689715
781749,0.05912634926827015
781750,0.8522571409965856
781751,0.14389499824064458
781752,0.09209519528636495
781753,0.944831104273028
781754,0.7915582045440197
781755,0.9999919492073109
781756,0.9958564106138265
781757,0.9942456199293539
781758,0.9999768471036132
781759,0.9613753438304148
781760,0.5137983131734206
781761,0.08774182410610804
781762,0.9982382286648194
781763,0.16693406412350809
781764,0.9926262366762322
781765,0.027298960061839406
781766,0.9944722678921175
781767,0.9999125092327339
781768,0.9881039788093582
781769,0.13171680317421836
781770,0.9991516316623451
781771,0.9999239807216658
781772,0.5406299210823042
781773,0.8955785238710116
781774,0.9995294421621461
781775,0.999970436351089
781776,0.9246607035438354
781777,0.9998950292041848
781778,0.7984725584279077
781779,0.9999045762175971
781780,0.981933910749591
781781,0.3688106844318838
781782,0.9952660008750485
781783,0.9999287133030621
781784,0.4067714187197322
781785,0.9944599638527383
781786,0.547735702754317
781787,0.7497605631624523
781788,0.9998191750891083
781789,0.5843529066174864
781790,0.9968113604339495
781791,0.817709615346802
781792,0.9926277678578649
781793,0.9981386619982584
781794,0.9852915167316694
781795,0.9997598445622422
781796,0.9998057746081942
781797,0.9440768387577692
781798,0.03863507466947104
781799,0.916840923070029
781800,0.9945836740083946
781801,0.9638359859628548
781802,0.7218744796667069
781803,0.6605039302085669
781804,0.9984068481939827
781805,0.9878726904889636
781806,0.9999958006715415
781807,0.315478638025882
781808,0.5463080180514349
781809,0.7255976314226137
781810,0.016548273306891986
781811,0.2597964194739107
781812,0.9997740629106386
781813,0.5376301426041751
781814,0.9917631168848492
781815,0.6530835450575124
781816,0.7406706893826744
781817,0.8496465103446071
781818,0.5035070527698973
781819,0.5828926943239445
781820,0.9735063580445003
781821,0.8352453300203592
781822,0.9986900751247825
781823,0.47559789527001856
781824,0.06460773856112137
781825,0.6604397047788022
781826,0.9999616574791123
781827,0.9626721337831994
781828,0.9951537041577287
781829,0.09176152894992044
781830,0.8606751075334348
781831,0.12421108972000208
781832,0.6751715894585275
781833,0.07181925095231463
781834,0.999829965784975
781835,0.9973743956179504
781836,0.3446479793734865
781837,0.7977527014877314
781838,0.9744907501138736
781839,0.9999432751316395
781840,0.024056865601247982
781841,0.9828807450922847
781842,0.49808582816351565
781843,0.03138834377078326
781844,0.9997196072656284
781845,0.9968765990783156
781846,0.9890542455283164
781847,0.9720806803205679
781848,0.4659536464840688
781849,0.5707288558886945
781850,0.9943481154849569
781851,0.9999635028935325
781852,0.9979082636097882
781853,0.9723398331796007
781854,0.9995116885042569
781855,0.999949955061387
781856,0.995632173825058
781857,0.38320870114432853
781858,0.9997078430322457
781859,0.9966576995790747
781860,0.9957000460435912
781861,0.679432717848957
781862,0.9218046428593999
781863,0.9998883595793588
781864,0.015338193093566582
781865,0.9998706450132948
781866,0.9958844837607099
781867,0.170524413317503
781868,0.9227458962466109
781869,0.9908443364735624
781870,0.11985948652500308
781871,0.9997815281918301
781872,0.9704888763707307
781873,0.8058462061071061
781874,0.042464077289815175
781875,0.9119319756385442
781876,0.9819926401572897
781877,0.7710296172545692
781878,0.4498384393036105
781879,0.999887762893201
781880,0.9981260343788882
781881,0.9679072051364057
781882,0.9999402752504508
781883,0.018106047612903742
781884,0.3346206226136291
781885,0.03527405825396368
781886,0.9262778325661573
781887,0.10284647950576761
781888,0.010057142371468026
781889,0.8713102243744587
781890,0.6771132951885233
781891,0.16722550624612678
781892,0.02201521474508884
781893,0.9979111424886098
781894,0.872798499500384
781895,0.8658365782728809
781896,0.9989313188245577
781897,0.9996514394835514
781898,0.18967497438472725
781899,0.9984696236447828
781900,0.9048942619507314
781901,0.773947772359632
781902,0.998259738724936
781903,0.8859008144629201
781904,0.08356723500099579
781905,0.9986891706971115
781906,0.12078379531566605
781907,0.0053350570223109454
781908,0.9998397853784244
781909,0.011898966611085478
781910,0.8990344456551222
781911,0.5439752612687889
781912,0.9982438426239719
781913,0.007533665423964735
781914,0.15222114346744972
781915,0.344972961311243
781916,0.07659801742822187
781917,0.050267434543385114
781918,0.9998623504843422
781919,0.9997485034420621
781920,0.5827646865093162
781921,0.12412233277858463
781922,0.9993673454729783
781923,0.9998862846529466
781924,0.9998301870897346
781925,0.8712809300094972
781926,0.19740440727386682
781927,0.8571426023707027
781928,0.03800288195071224
781929,0.028153882074778886
781930,0.675656394662249
781931,0.8488754542617265
781932,0.8300489521255191
781933,0.9564529392094538
781934,0.44859045183963464
781935,0.2136967109320735
781936,0.8152359430584077
781937,0.7520174095828334
781938,0.997974490929736
781939,0.9993490857513401
781940,0.9911021251933431
781941,0.060872161733951775
781942,0.9888540416433311
781943,0.9998795993711628
781944,0.9763438207096533
781945,0.9997392872902873
781946,0.7705282271410804
781947,0.539489473536333
781948,0.166825380453332
781949,0.9999464656896451
781950,0.9814468913277048
781951,0.9813760768289219
781952,0.12866675689564008
781953,0.26150467487643264
781954,0.9998371615934695
781955,0.999562681513298
781956,0.892369299162244
781957,0.9999563497797122
781958,0.999663930275109
781959,0.8293895141277687
781960,0.9984903560239344
781961,0.9100563041495244
781962,0.9999445541252943
781963,0.9981927137754283
781964,0.9817873724960484
781965,0.9999917038858128
781966,0.9990943333143179
781967,0.25845112228864675
781968,0.983888965079243
781969,0.16742714660753502
781970,0.0466380468306392
781971,0.275860235022294
781972,0.9307402554130302
781973,0.04307376242267362
781974,0.23354779023151073
781975,0.9640481994758162
781976,0.8943797658765305
781977,0.5561942087767384
781978,0.9974185980605872
781979,0.999628742292288
781980,0.9997296459178757
781981,0.9732857418823251
781982,0.9709811316120114
781983,0.5064639776961608
781984,0.812998204711824
781985,0.98674657228034
781986,0.9998484852354648
781987,0.8615141899219574
781988,0.30198471827959933
781989,0.7930566728908824
781990,0.9997068788902062
781991,0.9996200310028382
781992,0.9995679576986238
781993,0.9745481610604837
781994,0.9971253916500296
781995,0.9125075095726688
781996,0.3015247800413319
781997,0.9377240302133764
781998,0.6769682288509595
781999,0.05040941496878887
782000,0.9999124065159914
782001,0.9997319485476635
782002,0.5139814529006057
782003,0.9928266509581546
782004,0.9999481705625725
782005,0.9985011280135947
782006,0.42552197854448737
782007,0.10404887113442056
782008,0.48107345153044045
782009,0.9975794486127194
782010,0.45788791513936883
782011,0.07590418051425808
782012,0.9895803803732355
782013,0.501613708937978
782014,0.9988432069925757
782015,0.9996480937930508
782016,0.9784658052484185
782017,0.9991396289848237
782018,0.9998341598369752
782019,0.9753195973159294
782020,0.9722190418296057
782021,0.5088562372704662
782022,0.9148946421179827
782023,0.9991168151259329
782024,0.9979113529788454
782025,0.042421457723099396
782026,0.9999779723826334
782027,0.0016440179528101942
782028,0.732971082896285
782029,0.08350830140206628
782030,0.9885051844660302
782031,0.9994734817666259
782032,0.9940138817905082
782033,0.15604593344188716
782034,0.09568461563920085
782035,0.9036936420881283
782036,0.8110868054679817
782037,0.5187475070558736
782038,0.9879048822501896
782039,0.5362357064425541
782040,0.0694341928210819
782041,0.9894789080243556
782042,0.6375522369997899
782043,0.05053766769159829
782044,0.9623609797322671
782045,0.9913369724996317
782046,0.8049467979877394
782047,0.9958662110595005
782048,0.933313101704748
782049,0.999846579540262
782050,0.9588555485174074
782051,0.7586308652602163
782052,0.07215022238210403
782053,0.6871320913949648
782054,0.9997993987175104
782055,0.15450727369552086
782056,0.9267458314396139
782057,0.4116525940993386
782058,0.9921162703172148
782059,0.9983693582831266
782060,0.8112642125609681
782061,0.045920087052129244
782062,0.972349669204487
782063,0.9993292111001919
782064,0.9985767080664101
782065,0.004667798078281929
782066,0.40418776656672867
782067,0.9997806815087669
782068,0.10988013478646574
782069,0.9949122413591458
782070,0.9985549906066667
782071,0.9919601739619135
782072,0.8978431394821127
782073,0.009963039630523408
782074,0.9562170674043562
782075,0.03852917401114657
782076,0.9997269576579497
782077,0.9998875057612994
782078,0.9990465659979513
782079,0.9739394254704737
782080,0.9997699134053035
782081,0.004290059993277768
782082,0.9998848533211404
782083,0.9973029877097823
782084,0.34007717540443516
782085,0.008127295118211836
782086,0.043040671896500425
782087,0.31920837137067115
782088,0.9999156086692396
782089,0.9998407734283421
782090,0.9300823524526793
782091,0.20245698953061225
782092,0.9985921850639998
782093,0.9997861350275199
782094,0.7273161388343531
782095,0.999839334909784
782096,0.9977043497713125
782097,0.8394954905461081
782098,0.7849847060833692
782099,0.22312459048741773
782100,0.9975699708237702
782101,0.9999285707931957
782102,0.9999793535637533
782103,0.983733482420685
782104,0.9993611616968265
782105,0.9909064856174958
782106,0.9999801621403176
782107,0.8893274009614112
782108,0.9994256022772325
782109,0.861440096191822
782110,0.09275739391213911
782111,0.9996545284880702
782112,0.9999809484322946
782113,0.7999320388091385
782114,0.9828829304148432
782115,0.9520192725358859
782116,0.01888814475799725
782117,0.9999689662800545
782118,0.9772725708549672
782119,0.9998884192810917
782120,0.9698307433525923
782121,0.9999949389452057
782122,0.10334051888952084
782123,0.9997694351462645
782124,0.016646588154903334
782125,0.2133078275635935
782126,0.9905960837997911
782127,0.6831692763648076
782128,0.9000753154142835
782129,0.4569473565337598
782130,0.9976112534331638
782131,0.9595028382191462
782132,0.9997449668172604
782133,0.968805606379418
782134,0.047789773278467285
782135,0.012964692313354929
782136,0.999134141326917
782137,0.8396053979232885
782138,0.6666970588234054
782139,0.05130254071162246
782140,0.9878570299218049
782141,0.9576445348895188
782142,0.9997519266157564
782143,0.4829549734299163
782144,0.8307024868397087
782145,0.9991456669835588
782146,0.035413022979053264
782147,0.9998973489620824
782148,0.6322034072945775
782149,0.998658937677611
782150,0.9993181374723881
782151,0.9999628627034474
782152,0.78888995257518
782153,0.9961029069370959
782154,0.3986972397578825
782155,0.7770298851749525
782156,0.9999215304664961
782157,0.9963978818682346
782158,0.02967573426506735
782159,0.9833835503523043
782160,0.9944736720487987
782161,0.13304345727383513
782162,0.12354593543971107
782163,0.1593617314059127
782164,0.029268799913813048
782165,0.9997584726543856
782166,0.0034194501533708907
782167,0.4956142322869324
782168,0.9997665120322885
782169,0.4436591640789399
782170,0.9984668767243605
782171,0.9948034462260944
782172,0.0871041268376415
782173,0.9995284463881846
782174,0.015908888335769603
782175,0.8120869026360151
782176,0.999504234153483
782177,0.9992723174390585
782178,0.9994126424880512
782179,0.9977407544814875
782180,0.9998308225534147
782181,0.9862277576138772
782182,0.9999777198418128
782183,0.9986075426759133
782184,0.8474348147855973
782185,0.9999744892963934
782186,0.9986997322586479
782187,0.5099893647970013
782188,0.9653609565799608
782189,0.04546111209985842
782190,0.9994110403345648
782191,0.028675921214878282
782192,0.9914874708168349
782193,0.4665570326583408
782194,0.9902165231935982
782195,0.9999974445153714
782196,0.3973141927582112
782197,0.5620484338408431
782198,0.03013622593187757
782199,0.27654665691859753
782200,0.1563064247720813
782201,0.30548474071868326
782202,0.9236606658275686
782203,0.9999314763503298
782204,0.38000797121183605
782205,0.5261803303784376
782206,0.07299428195023966
782207,0.6426674278259589
782208,0.48858232464871487
782209,0.9988524490125117
782210,0.9999653214195486
782211,0.9750119406494391
782212,0.9971242695180246
782213,0.8398892723720446
782214,0.01660436975887555
782215,0.8549414320196909
782216,0.9606613643379827
782217,0.5314309895204853
782218,0.06326618177141145
782219,0.04995427547623493
782220,0.1376205442481903
782221,0.7656293290168956
782222,0.9918755212462524
782223,0.9997560201234688
782224,0.1943333906855298
782225,0.9572621908147497
782226,0.17599355541820136
782227,0.353220344879044
782228,0.29870618288985196
782229,0.1762983874389225
782230,0.9962160595976883
782231,0.4278886205824882
782232,0.9998476622781675
782233,0.9996805221726035
782234,0.8056074512928855
782235,0.9694662489306114
782236,0.9985613154180839
782237,0.27233991567666466
782238,0.9952818826962486
782239,0.999687272931885
782240,0.999372591674411
782241,0.9986960312737556
782242,0.9929846907250267
782243,0.570969872639737
782244,0.37854525908697034
782245,0.02441069637903561
782246,0.9995279035468144
782247,0.15629549114750774
782248,0.5262974639528231
782249,0.9999335362156468
782250,0.4232692765462013
782251,0.9940295912546295
782252,0.6504641474334518
782253,0.5533777092139158
782254,0.21787622611088148
782255,0.9954489109955104
782256,0.06097686581716066
782257,0.8701159608739928
782258,0.2988808369397735
782259,0.15540527849963556
782260,0.9997084458062667
782261,0.8391247645369928
782262,0.03438203253141588
782263,0.9999517304242896
782264,0.9996310909896196
782265,0.9999512819658352
782266,0.3218854153893317
782267,0.9997974650123447
782268,0.9981070227175202
782269,0.033197882804521926
782270,0.0906024008714787
782271,0.6035329747336842
782272,0.33355653581076267
782273,0.022403511447734274
782274,0.9999220303806207
782275,0.013041595552389637
782276,0.9996550354972349
782277,0.17014961030743841
782278,0.9999014399507433
782279,0.9999477076800225
782280,0.08399384251388878
782281,0.9817631064549603
782282,0.9318997178008743
782283,0.010368735998774851
782284,0.33547683321524774
782285,0.9987456585985308
782286,0.9964294880811111
782287,0.9985613425154467
782288,0.614820089367575
782289,0.9988294585388846
782290,0.2821147399237809
782291,0.9763534942947711
782292,0.8981032200883649
782293,0.6413718845534271
782294,0.9651391260755391
782295,0.5665466388155269
782296,0.6379057261105459
782297,0.9297400718214361
782298,0.7207728361722426
782299,0.9738543358935929
782300,0.9744011607562043
782301,0.9829814304133032
782302,0.5316340380894767
782303,0.9999928949669749
782304,0.991834812590456
782305,0.9948042874848964
782306,0.15917316518993316
782307,0.9812716741679204
782308,0.09472240525039602
782309,0.7180152210286829
782310,0.9917432003009001
782311,0.9996430812735646
782312,0.9998356631714059
782313,0.9980410093837796
782314,0.30685092046746065
782315,0.7248977094507832
782316,0.9993298329390311
782317,0.5171281420441299
782318,0.5669481104400832
782319,0.9966027534914755
782320,0.9995694568377358
782321,0.5429441842908882
782322,0.8655430312551512
782323,0.8864894930802614
782324,0.7319305474953182
782325,0.9983388647245908
782326,0.03382192759796504
782327,0.9997800799937168
782328,0.03190935845910198
782329,0.7571026863655899
782330,0.9555759428355024
782331,0.94725139505419
782332,0.999266063543194
782333,0.6976806574935812
782334,0.999978811330394
782335,0.6028404615856944
782336,0.8326906124546479
782337,0.9996001879522107
782338,0.20500962576012055
782339,0.9997442274797071
782340,0.11648162371481907
782341,0.7200318533249945
782342,0.8515337235323164
782343,0.3120564817022708
782344,0.07103283520076466
782345,0.9991605359011824
782346,0.9303500921793286
782347,0.2109098085423068
782348,0.9456859872045015
782349,0.9998884848065196
782350,0.9955309057949222
782351,0.030744445572863332
782352,0.996132748553155
782353,0.9921451052727615
782354,0.992982254686396
782355,0.8133275367220314
782356,0.5434429517990267
782357,0.914094249173798
782358,0.9925778789446251
782359,0.9993999995453964
782360,0.9972932114769295
782361,0.9513533557879211
782362,0.9997004445874578
782363,0.998892782394756
782364,0.9987618652511884
782365,0.9263904304147955
782366,0.9631732563890341
782367,0.028287589261470084
782368,0.8074654839994148
782369,0.8509690517164419
782370,0.998827204115051
782371,0.49010616880629454
782372,0.6524298195976554
782373,0.7188450165930226
782374,0.21102751064858302
782375,0.98513225838717
782376,0.9993577279037514
782377,0.6182780674496974
782378,0.8119377469043242
782379,0.09366887567918644
782380,0.013686018356743778
782381,0.09791392548818006
782382,0.9809804263943498
782383,0.02446523735783232
782384,0.9999731946073553
782385,0.9920088319241649
782386,0.9995003623282857
782387,0.8209867598225111
782388,0.9991845426145505
782389,0.004208452508342365
782390,0.10103711528211913
782391,0.9999841923780424
782392,0.44285938056912844
782393,0.8559256501989144
782394,0.9665598600105765
782395,0.02406126953031637
782396,0.25154792187227
782397,0.02061830911150938
782398,0.995889036257259
782399,0.4940559666991154
782400,0.9977128628570642
782401,0.9976688785787462
782402,0.9604910158436393
782403,0.999647605949242
782404,0.2980461878202813
782405,0.8413311364673954
782406,0.9993801993254205
782407,0.3196718599880366
782408,0.9999251560436084
782409,0.9970628765755876
782410,0.421868750025836
782411,0.6181654534053587
782412,0.9974921578491797
782413,0.7311469973072549
782414,0.4526536330091646
782415,0.6618591699527265
782416,0.23144386606904044
782417,0.32916299415280725
782418,0.94349903284281
782419,0.9999363344612116
782420,0.9998867585374324
782421,0.9973630542640917
782422,0.2039843511430544
782423,0.9985661394594552
782424,0.9967081831758811
782425,0.1610559281540535
782426,0.7935385029838712
782427,0.12755817090859944
782428,0.9826224463110198
782429,0.8625945473591705
782430,0.00371983653479275
782431,0.8887471605304482
782432,0.9998555090612504
782433,0.9998617566835902
782434,0.697820507569586
782435,0.642356272141368
782436,0.9720807213231346
782437,0.6147704572744268
782438,0.9743606135505575
782439,0.028332474639922268
782440,0.9984911493405886
782441,0.7093180791031959
782442,0.46645025361384784
782443,0.8504276949961871
782444,0.2547544124756929
782445,0.983562406310269
782446,0.9993839500757099
782447,0.9998697951070338
782448,0.9956864278712638
782449,0.9975706362064293
782450,0.9997837244462467
782451,0.7463825921780389
782452,0.11970272475433816
782453,0.9996710446055792
782454,0.9842118087258319
782455,0.08020283221408137
782456,0.9936127345315895
782457,0.9941094425754121
782458,0.4164638186463622
782459,0.23752193813179007
782460,0.6116870473839446
782461,0.9999030130242954
782462,0.9995172538020332
782463,0.003993519053014876
782464,0.9999848821031687
782465,0.6629220986795743
782466,0.9437665650657192
782467,0.8742870156209039
782468,0.2538650512543223
782469,0.986156659456296
782470,0.9585337464257789
782471,0.9997969557459954
782472,0.9993498916797381
782473,0.9996949026566111
782474,0.9993225127824014
782475,0.6368696379006062
782476,0.9888369707643769
782477,0.9904342793144993
782478,0.6345923066530088
782479,0.932959804223064
782480,0.5989828868982117
782481,0.9687413479359679
782482,0.8405827033633549
782483,0.9024606163343141
782484,0.2797434629864694
782485,0.9426539300037193
782486,0.9999305479501238
782487,0.6519707397622004
782488,0.9939797080604467
782489,0.9117339413451658
782490,0.5046601427569287
782491,0.11309998687254179
782492,0.6510306748269181
782493,0.9995284804016762
782494,0.6955757027596624
782495,0.004935583440830853
782496,0.9997280833820881
782497,0.6455853483516258
782498,0.9870113781645204
782499,0.9994724972012652
782500,0.014077950331047372
782501,0.870916092114804
782502,0.8434087535666177
782503,0.9999300477484635
782504,0.2236769040369388
782505,0.7957174283998023
782506,0.9983303013222571
782507,0.5009222101776756
782508,0.6686403089593225
782509,0.9937002634059096
782510,0.12008898601100704
782511,0.9998471192737033
782512,0.05239061061785454
782513,0.9999622383759587
782514,0.9936417250839562
782515,0.9998574137808367
782516,0.7676528037814285
782517,0.9991750305451101
782518,0.46127947338113473
782519,0.999739974893716
782520,0.471510128559992
782521,0.9998327086815765
782522,0.4526169751716127
782523,0.9769673815289173
782524,0.6844718807780981
782525,0.9006613311908017
782526,0.9970582682603468
782527,0.27507702488070906
782528,0.08634574559599772
782529,0.349772752277181
782530,0.3865771338471461
782531,0.822489968938246
782532,0.9947256862916305
782533,0.9997694997565243
782534,0.999678934303199
782535,0.1574004587327477
782536,0.9993375958395124
782537,0.36688561514033613
782538,0.12680435292666875
782539,0.3382509961038161
782540,0.999394809428826
782541,0.4029666678000886
782542,0.9998783752689838
782543,0.9999915066317757
782544,0.9954301616942596
782545,0.21258743382462789
782546,0.9820987999788312
782547,0.5018720893290308
782548,0.9998045645263965
782549,0.9714917856139549
782550,0.21462209327195728
782551,0.943059866754944
782552,0.9999645524514467
782553,0.9961790214981666
782554,0.3077509262218154
782555,0.67912247039061
782556,0.7402604949007532
782557,0.9999652527123741
782558,0.019469915169622386
782559,0.9999720625241308
782560,0.9871618762795703
782561,0.9963195357201826
782562,0.9999477429561852
782563,0.9930300112329695
782564,0.9995572492455436
782565,0.11941480458791313
782566,0.9997426764644761
782567,0.7141140359956064
782568,0.99314347973422
782569,0.9979190070407022
782570,0.9995270513355434
782571,0.9835940392912947
782572,0.9972624681142648
782573,0.3062543354637772
782574,0.999937179280552
782575,0.9142284380035752
782576,0.5911597300994323
782577,0.3583267161218251
782578,0.07978633025581813
782579,0.9951343346968081
782580,0.9999667443893903
782581,0.5569136341211468
782582,0.9934821548377775
782583,0.6342642567292172
782584,0.7050471831424006
782585,0.47412893582571847
782586,0.9997076179699458
782587,0.28461994241176797
782588,0.9032106629768631
782589,0.5269670430145119
782590,0.9999454195691552
782591,0.9999202847826725
782592,0.22107202183143476
782593,0.9996677323049477
782594,0.9234076080736484
782595,0.02155564369733397
782596,0.8058931772482516
782597,0.9998269696300717
782598,0.8412206073801265
782599,0.7619260692127908
782600,0.9974507679753882
782601,0.9446039748303834
782602,0.9991286028828421
782603,0.6919979835973604
782604,0.02321877942205288
782605,0.9998550044817718
782606,0.9874842142217946
782607,0.9999093076590139
782608,0.016751903781907888
782609,0.35737785966865737
782610,0.7579452649051782
782611,0.785358572401358
782612,0.45057192583490624
782613,0.5725105012313834
782614,0.07643784642171098
782615,0.9990953962526784
782616,0.9999790335529208
782617,0.22321922512636228
782618,0.24629119498948301
782619,0.9994948498443201
782620,0.4505752171460221
782621,0.036032532962658466
782622,0.013125350850907436
782623,0.9943323513592739
782624,0.562353357606258
782625,0.9998117366964234
782626,0.9998769194372468
782627,0.9942755155864964
782628,0.9532797294116346
782629,0.7984571243087003
782630,0.8214688096902536
782631,0.9459673834131643
782632,0.9538725350225402
782633,0.9998808612562431
782634,0.9999372926091477
782635,0.42944056632758665
782636,0.02660724265213821
782637,0.9998357571344536
782638,0.9998400601079351
782639,0.9424237314588265
782640,0.9004262330462206
782641,0.9923916151209756
782642,0.3989018500502689
782643,0.13922614332441213
782644,0.19073456364955022
782645,0.9998634120922902
782646,0.2020230506853149
782647,0.9998231907034878
782648,0.9997836078196289
782649,0.9998405984928314
782650,0.9259181094855896
782651,0.6696387662907728
782652,0.5049034688425719
782653,0.9997618318827314
782654,0.02503066347592543
782655,0.999811827557727
782656,0.9968698014434525
782657,0.9955985095631968
782658,0.2856700204717702
782659,0.8866554827629949
782660,0.005725184557378625
782661,0.998420662037091
782662,0.9804195831492679
782663,0.32381466715871293
782664,0.29759958049689733
782665,0.8254234081750211
782666,0.0764816677599234
782667,0.9984682328957839
782668,0.9203689822029123
782669,0.9964890303463305
782670,0.6239081023082
782671,0.9998145446467557
782672,0.8093777731140313
782673,0.9996496342968196
782674,0.13582329884017008
782675,0.8857725298137277
782676,0.9757783121980539
782677,0.40738035209353596
782678,0.9900387467557177
782679,0.9998514039113595
782680,0.9774638364671177
782681,0.9242347525967507
782682,0.9999579646698697
782683,0.9964339601920067
782684,0.07500979827392379
782685,0.7334743839244959
782686,0.326171378747374
782687,0.9989878937619312
782688,0.9993171547900116
782689,0.3560836535721623
782690,0.9999668778806112
782691,0.9994248007734625
782692,0.9983749375367938
782693,0.03345406285989392
782694,0.7959002893023882
782695,0.4028286882281803
782696,0.6220144334765569
782697,0.9875057091338462
782698,0.9997777708384744
782699,0.9996755860454323
782700,0.999931365927163
782701,0.9045288785815322
782702,0.1270066320759981
782703,0.9992581933041262
782704,0.5664205776857844
782705,0.933485628706971
782706,0.06621214741865875
782707,0.9998999003995803
782708,0.9999357274163382
782709,0.9689069642810537
782710,0.9998485606344838
782711,0.868800374516172
782712,0.28741456331700443
782713,0.9795387056166889
782714,0.8944818678391162
782715,0.35421144197279736
782716,0.582058405368091
782717,0.3055061335181905
782718,0.9160138206103444
782719,0.9551959325911477
782720,0.3644913033887571
782721,0.004590951473682747
782722,0.633342923146714
782723,0.0006740297445813109
782724,0.5645777710017597
782725,0.5996759438763632
782726,0.5014320510711658
782727,0.994157940607175
782728,0.006393436280656696
782729,0.987345340285668
782730,0.4317124044730246
782731,0.383394261557305
782732,0.9981829870750882
782733,0.25311065939262295
782734,0.9998990188317639
782735,0.7585203475512381
782736,0.9962734871612033
782737,0.9707232705032995
782738,0.991008825945171
782739,0.050098691641657006
782740,0.9997930140057874
782741,0.9999923726255381
782742,0.8530873025886635
782743,0.01216589248757886
782744,0.21189688470172388
782745,0.46669993966935913
782746,0.9242948371264004
782747,0.8564555013386546
782748,0.9980374551589004
782749,0.32308048826318025
782750,0.004435786290745449
782751,0.7118957008932495
782752,0.9998273232716192
782753,0.9999461320089071
782754,0.9987507938720055
782755,0.08383422818775504
782756,0.9866350960482422
782757,0.9564381366719511
782758,0.42482623411881926
782759,0.9959537055574763
782760,0.07730794395540255
782761,0.9833108343102117
782762,0.44975992612450666
782763,0.9995865200515621
782764,0.9997571712359513
782765,0.8800120934276109
782766,0.20777704676061967
782767,0.03286382213780347
782768,0.9983919381763626
782769,0.9997310729251512
782770,0.9385288721450749
782771,0.982335206540421
782772,0.9996947357114825
782773,0.9999096363832889
782774,0.9941210734544654
782775,0.9999413133316986
782776,0.9997986739840143
782777,0.9996965644499671
782778,0.6703252898257748
782779,0.9996044647749212
782780,0.019255522022976663
782781,0.022025273312691718
782782,0.9380033912556673
782783,0.9877080759462559
782784,0.999837568286032
782785,0.9841285406889386
782786,0.6680667551450559
782787,0.6881356977752122
782788,0.9998642039907508
782789,0.2169680803096411
782790,0.9360152832785829
782791,0.003016269009107436
782792,0.9095161833908262
782793,0.999746373427365
782794,0.9999842213673151
782795,0.9999570159953013
782796,0.9995184152095439
782797,0.7678055876170689
782798,0.02825109814450965
782799,0.803172863277811
782800,0.9669941678296607
782801,0.7608525461515359
782802,0.550368787968933
782803,0.09392290160747965
782804,0.9979850918237609
782805,0.010740806890869176
782806,0.48589712641914357
782807,0.9539275055794676
782808,0.9158096244801146
782809,0.6828092973424074
782810,0.8699235164370823
782811,0.9787121907143044
782812,0.6880643020018593
782813,0.5166833597610619
782814,0.9828246462296144
782815,0.9983189778022596
782816,0.015412862689059188
782817,0.13053276764707147
782818,0.7318370394009004
782819,0.9758993142070159
782820,0.5773261831015789
782821,0.9999519341740165
782822,0.05383350897618367
782823,0.9826083866052346
782824,0.7812279987864608
782825,0.9997894026097736
782826,0.31540767862947633
782827,0.04387759691430549
782828,0.7765849472195072
782829,0.6540185338610849
782830,0.4149692543276805
782831,0.999856370120112
782832,0.9998865411130822
782833,0.998192278786404
782834,0.6589769448464858
782835,0.8158327651538628
782836,0.9095906592070802
782837,0.9573840699972572
782838,0.9994158327254199
782839,0.9952768826766055
782840,0.7513651358849183
782841,0.9989048367747727
782842,0.9998152985410813
782843,0.14975297519010683
782844,0.6350292598182937
782845,0.9993445745306273
782846,0.8553369896908565
782847,0.04769127629352089
782848,0.8376039449440023
782849,0.9991539181307201
782850,0.9610280343842165
782851,0.40917614083660836
782852,0.031811495749677746
782853,0.6840139745721715
782854,0.07560011582842162
782855,0.97429279715163
782856,0.6823113385431853
782857,0.999742756732126
782858,0.9999678336783159
782859,0.4452088733243026
782860,0.4868760368053518
782861,0.7643778196666002
782862,0.9553802378444428
782863,0.9986603879444816
782864,0.32530633244611135
782865,0.8160819746247923
782866,0.990723079927023
782867,0.9999910107835794
782868,0.1920741250824499
782869,0.9999788171435651
782870,0.37441947371276174
782871,0.5841685133264423
782872,0.00433339056620529
782873,0.11003621134629031
782874,0.8093362571176166
782875,0.9999297602719712
782876,0.9997032585407055
782877,0.9857191837088946
782878,0.8782460232626182
782879,0.9993798271375338
782880,0.9979006990479132
782881,0.9289396503582581
782882,0.9993700177643984
782883,0.9694966548396584
782884,0.7827142323399955
782885,0.9065488203903138
782886,0.9998231520140318
782887,0.16667298128595293
782888,0.05094561069297451
782889,0.34781658458057213
782890,0.4448739153420494
782891,0.5043954161278388
782892,0.9997768287397925
782893,0.6738748561498539
782894,0.4300533731709317
782895,0.028804132459157757
782896,0.5052702040092839
782897,0.991487839462821
782898,0.9268761342309738
782899,0.9478612487369122
782900,0.999983523448316
782901,0.49901807939084475
782902,0.08272233896923947
782903,0.9968779302300806
782904,0.6325674413347319
782905,0.15064406349637505
782906,0.23527892209383952
782907,0.12757292306023335
782908,0.2468418459120334
782909,0.07447926617218856
782910,0.9449400914825703
782911,0.019245586651628295
782912,0.40847861009969255
782913,0.6564868397050229
782914,0.9996468075300496
782915,0.9989690307914878
782916,0.5349994446463622
782917,0.9998828042103474
782918,0.9986572424674631
782919,0.00804266032226801
782920,0.9977425110817242
782921,0.9989476345773208
782922,0.9996511756307025
782923,0.9970003899672275
782924,0.9920300048730573
782925,0.8666642467515229
782926,0.9210417735669694
782927,0.8564686618989805
782928,0.33178469480040873
782929,0.9810824307364128
782930,0.5096097693834756
782931,0.8258764787977546
782932,0.9639477051057419
782933,0.999423294119372
782934,0.9972424948404671
782935,0.9276294640145569
782936,0.38103145953786155
782937,0.998384738333902
782938,0.04045399934105216
782939,0.9999350890798143
782940,0.43014464462687535
782941,0.23987056327608172
782942,0.9846964749090223
782943,0.999863028600795
782944,0.6018703877853085
782945,0.990798038813355
782946,0.04871714250289054
782947,0.7928410255722117
782948,0.7675977913058267
782949,0.9945994514112243
782950,0.14016195158178998
782951,0.9999435299984704
782952,0.9962972107462429
782953,0.9996521827314817
782954,0.999974149776226
782955,0.9995691789196259
782956,0.9922068646313402
782957,0.8426405405181365
782958,0.928089241131575
782959,0.2066031184773311
782960,0.9998586880815132
782961,0.011396162799742895
782962,0.7303651696372095
782963,0.9964839669073587
782964,0.9927883727458187
782965,0.9991158253976433
782966,0.9811755246809909
782967,0.8187613119197549
782968,0.9465003103919276
782969,0.9995467486797263
782970,0.8366775541608842
782971,0.019437518607277323
782972,0.4661336866249277
782973,0.9992360227348805
782974,0.06542548876828362
782975,0.4662273269202762
782976,0.9997877034171184
782977,0.9986897538894945
782978,0.5411377222210482
782979,0.7707935310027705
782980,0.9992150434407372
782981,0.9995921861961686
782982,0.4016772967547677
782983,0.9682514150258383
782984,0.9998158661952445
782985,0.7517722304622697
782986,0.10144173050428512
782987,0.9999828957348558
782988,0.6534832937074253
782989,0.021330739886566377
782990,0.9995813447139157
782991,0.016341604535060762
782992,0.05578806813350404
782993,0.9999871618543934
782994,0.9998076821827577
782995,0.09245785308642716
782996,0.9991393152917041
782997,0.9968988100950075
782998,0.05888481327750676
782999,0.5283422499582623
783000,0.9998090991597943
783001,0.9819480838889454
783002,0.008252037771954338
783003,0.026852008626889978
783004,0.9992375938052745
783005,0.9496156859058167
783006,0.9904654992265473
783007,0.9999855297339203
783008,0.4724702144774269
783009,0.9997892288712843
783010,0.7667857609387778
783011,0.4953094766062277
783012,0.9967540747809174
783013,0.8799441945315969
783014,0.9995925864810449
783015,0.9849275086508766
783016,0.9995765311711913
783017,0.7137662767790427
783018,0.8904156097508192
783019,0.7101587213743434
783020,0.9974319025720391
783021,0.04283408381725118
783022,0.9987439246195913
783023,0.240025971679602
783024,0.9963042104931068
783025,0.8984008481334949
783026,0.002543926687991182
783027,0.9984747389510529
783028,0.005111842570250966
783029,0.748691103731969
783030,0.04873000281050584
783031,0.9988895726770877
783032,0.9999282658277231
783033,0.04284366505284655
783034,0.9796637653827422
783035,0.9934979395670895
783036,0.027961585740718813
783037,0.8533379495420863
783038,0.6518940347072133
783039,0.35311541829391513
783040,0.9999202480901647
783041,0.9488211400906172
783042,0.9974518711995068
783043,0.9995700686689266
783044,0.9989300800408794
783045,0.0469475580453462
783046,0.999918421496956
783047,0.9844907047457185
783048,0.09861039870408152
783049,0.0493374452477895
783050,0.9992786339935642
783051,0.7893549002448756
783052,0.999852030448004
783053,0.14818623149751067
783054,0.049545007811805555
783055,0.9835664778217821
783056,0.4477115276867679
783057,0.9999897345708779
783058,0.9999515360534099
783059,0.07491063294781852
783060,0.7335697861928935
783061,0.7627897480570234
783062,0.999838579107974
783063,0.2191624844767019
783064,0.9968667156673023
783065,0.0462006547090937
783066,0.34549234851216115
783067,0.9942032060453425
783068,0.1460271559434785
783069,0.9997349393604384
783070,0.9981438767389599
783071,0.6678401563064299
783072,0.9999593343839617
783073,0.9933804901606806
783074,0.7333642342148141
783075,0.9829029426753328
783076,0.945787660401279
783077,0.922991953658276
783078,0.9989042358258732
783079,0.4810113568774
783080,0.9891415936747934
783081,0.9845901999627591
783082,0.012531434554337549
783083,0.5961798368332436
783084,0.9513238864309315
783085,0.8825001284844018
783086,0.9411118373845575
783087,0.9912985475937857
783088,0.9971326353132739
783089,0.16547747446451938
783090,0.9998675859394175
783091,0.1385188290397564
783092,0.9920958319400686
783093,0.5018016135626501
783094,0.9998196507313717
783095,0.9999470527179289
783096,0.004808498641430002
783097,0.8999832936433284
783098,0.9930016087833965
783099,0.032132080837713586
783100,0.8562217652312719
783101,0.041501767149023164
783102,0.9993243440224374
783103,0.8895850517243171
783104,0.5343526273025228
783105,0.9460434916115756
783106,0.5548580910911111
783107,0.9998211509314816
783108,0.9953152063433374
783109,0.5561200142155944
783110,0.03913419701782096
783111,0.8222231684780736
783112,0.9876392645352714
783113,0.05577532995731771
783114,0.9997972616005186
783115,0.8849127761549274
783116,0.9999153228236339
783117,0.999795514692682
783118,0.8116041540993209
783119,0.6295539460893933
783120,0.9994961606728103
783121,0.9998568208843959
783122,0.9621677555276253
783123,0.5182201027891868
783124,0.08433789407449155
783125,0.9954451547853681
783126,0.47908484405849877
783127,0.683107542434677
783128,0.621288579270006
783129,0.9998924484707384
783130,0.2659263121680265
783131,0.9985492650500067
783132,0.008903476925165897
783133,0.9993992350357102
783134,0.9898881140824108
783135,0.09852556976437002
783136,0.9022413233685047
783137,0.9872107719082303
783138,0.9999534435418338
783139,0.998553178029282
783140,0.99646187559231
783141,0.19407783759204794
783142,0.48969355123250125
783143,0.5941058556260828
783144,0.9978073346089227
783145,0.9993918029725786
783146,0.999927533691276
783147,0.9999805078397801
783148,0.004581341064156502
783149,0.1047645022323177
783150,0.9399146493692426
783151,0.9705265940249321
783152,0.18591646551054922
783153,0.11751666177230044
783154,0.5360066515136208
783155,0.6719980067102047
783156,0.9508676075856579
783157,0.8759068317691836
783158,0.9906289760470366
783159,0.5851158377245447
783160,0.05588674150464258
783161,0.9995789513379323
783162,0.9998088154553131
783163,0.07500748403269236
783164,0.998254919129475
783165,0.9994746079392967
783166,0.04598291312857753
783167,0.05953570054384128
783168,0.9999395882913671
783169,0.9999867524691021
783170,0.05159612039267355
783171,0.046295063159727604
783172,0.3549012391362925
783173,0.14509827108683926
783174,0.6948564331659457
783175,0.9996092391987658
783176,0.5790404482696595
783177,0.9861107436537064
783178,0.9977255211880596
783179,0.9947448084430499
783180,0.09671890655593846
783181,0.9995950065364809
783182,0.9999280832064468
783183,0.9996186947508519
783184,0.32929178671000314
783185,0.999316161929892
783186,0.9123900345192559
783187,0.006948702115263813
783188,0.994427626710318
783189,0.9997449743024723
783190,0.8866695469545998
783191,0.9998966742283804
783192,0.9999687287616731
783193,0.09384405198008655
783194,0.9734588539929772
783195,0.658279677886522
783196,0.9352856180439495
783197,0.9588429103489781
783198,0.17681537219565213
783199,0.8255009264263304
783200,0.9021416154027934
783201,0.13537202426943667
783202,0.04234965938965026
783203,0.9780925241154694
783204,0.9995436286385615
783205,0.9796887116960955
783206,0.992721396077222
783207,0.9910817141597085
783208,0.9998477977043201
783209,0.6947782948806629
783210,0.9998342016681336
783211,0.999804777129238
783212,0.3378984802277224
783213,0.3463491865949516
783214,0.9816366248262737
783215,0.3291243604146414
783216,0.9847058769509975
783217,0.45146714773483154
783218,0.9999858738478684
783219,0.1804639024329387
783220,0.3384158870738318
783221,0.6530532016389019
783222,0.017202943737643635
783223,0.9993734906012749
783224,0.7207888292897127
783225,0.7869393995500396
783226,0.20271364306169867
783227,0.40557445180932405
783228,0.9954981998233833
783229,0.999982565124233
783230,0.7705239324969924
783231,0.9963856547469383
783232,0.9944560714096331
783233,0.5383297729041167
783234,0.39934264869158503
783235,0.27887744127964603
783236,0.9955547254646064
783237,0.026299509261715516
783238,0.9027217700358366
783239,0.9988173865724428
783240,0.9992112986303574
783241,0.999907330446832
783242,0.9078160190939562
783243,0.41898136968777394
783244,0.4822887322541164
783245,0.9995527504521843
783246,0.4893155754219585
783247,0.9833733704308469
783248,0.997837232583122
783249,0.9367512868147398
783250,0.3670914727905172
783251,0.9999290229205609
783252,0.9999391938815874
783253,0.9988772140477269
783254,0.9664017267043101
783255,0.9999277294182263
783256,0.7387730340786629
783257,0.4507232295550092
783258,0.8957781783221992
783259,0.27433292171677687
783260,0.999869728158658
783261,0.005178695624543146
783262,0.9998358327061387
783263,0.0007870272246305967
783264,0.9999165402129866
783265,0.580861924074193
783266,0.11426729795449803
783267,0.3889315772100282
783268,0.9981165422368291
783269,0.4231278409620125
783270,0.9987342789760263
783271,0.34082481808700604
783272,0.5678912623086114
783273,0.9875570716167131
783274,0.811716695461812
783275,0.15084263001443887
783276,0.9999824496653865
783277,0.9549317723952335
783278,0.9970012379978679
783279,0.5255420065671385
783280,0.05889609536500893
783281,0.6918858796802196
783282,0.4597796694472221
783283,0.9999682850139818
783284,0.9986670029017457
783285,0.09630368590090593
783286,0.9998997091965225
783287,0.9662254965518164
783288,0.6281782165455164
783289,0.9992161598756847
783290,0.2568197974656961
783291,0.9999712784932809
783292,0.9991289804841631
783293,0.9966872042960992
783294,0.8900516682930071
783295,0.9998449919484915
783296,0.9966591717370517
783297,0.9999414059770841
783298,0.9982088031050151
783299,0.47427498367355175
783300,0.05339079347116375
783301,0.9996794167006444
783302,0.9261198476500632
783303,0.6875875508339001
783304,0.8121332085344637
783305,0.9986254971217461
783306,0.9610352506420218
783307,0.9983349425857495
783308,0.01548393605526275
783309,0.08868507381109482
783310,0.01239299410335706
783311,0.9992228028505621
783312,0.9998864748124863
783313,0.3291827947171564
783314,0.9998300873197441
783315,0.9857696816805697
783316,0.023844341259285525
783317,0.5391811411903653
783318,0.9982872638647197
783319,0.9019731236885881
783320,0.9996213566566635
783321,0.9577872286536553
783322,0.38340192726045275
783323,0.9570553341330672
783324,0.9989207614548586
783325,0.7751669799397085
783326,0.9848128299581307
783327,0.2592547132073183
783328,0.9573858496279425
783329,0.016563460473126203
783330,0.09400003810179623
783331,0.6688398933183237
783332,0.9997250145298626
783333,0.9970410867938255
783334,0.8017734502811745
783335,0.3303843458973268
783336,0.050438722349428484
783337,0.9998829113117061
783338,0.014811666079200727
783339,0.9999478531004713
783340,0.6845133400832445
783341,0.9901767594806088
783342,0.9998347316117657
783343,0.696834623039073
783344,0.8163893609798573
783345,0.2801306867065491
783346,0.14570135793560393
783347,0.9262757186634225
783348,0.6268998111105653
783349,0.9998614895158394
783350,0.09604247958854628
783351,0.9938029322996002
783352,0.9989846216067508
783353,0.10566035915098088
783354,0.002071655552766498
783355,0.031074106536232503
783356,0.7189007680612827
783357,0.9995564581190832
783358,0.9770669950121662
783359,0.9999065212972233
783360,0.6413990406955898
783361,0.9999422338810368
783362,0.9287513812612528
783363,0.9223222218138338
783364,0.18653703143245176
783365,0.0551725308190507
783366,0.9366407327073567
783367,0.014784788159863076
783368,0.719368154744824
783369,0.9848248163400042
783370,0.9929576243154947
783371,0.7976358772579546
783372,0.9894620874130141
783373,0.999764882835775
783374,0.9609904298088425
783375,0.07620016407890903
783376,0.999938624784801
783377,0.9999668603907679
783378,0.9971182036564207
783379,0.08717459684565719
783380,0.36859612750283677
783381,0.39677832916892225
783382,0.9898411637911473
783383,0.988525690089575
783384,0.5401548152944351
783385,0.05211114845703799
783386,0.9877285162323751
783387,0.9996129473592448
783388,0.22902612079853518
783389,0.5794216514029673
783390,0.9973372019408033
783391,0.5064639683901744
783392,0.6203548773718555
783393,0.9977082462039558
783394,0.9998153324745325
783395,0.9934594370935411
783396,0.45824560138563597
783397,0.691162138032094
783398,0.9556015766260026
783399,0.25208713074628675
783400,0.9992662957302718
783401,0.9895291372885314
783402,0.10712750078942057
783403,0.9911616571198042
783404,0.9991821650711623
783405,0.9995618354747096
783406,0.37534931083996437
783407,0.9992518420536526
783408,0.8712489630227072
783409,0.9945000197260356
783410,0.9978026946752165
783411,0.9595270353506548
783412,0.9946373722077021
783413,0.012889237448518675
783414,0.9932490215416605
783415,0.6727176794602544
783416,0.10897707227023581
783417,0.9684832582142116
783418,0.9972163055939052
783419,0.8601972429484068
783420,0.999818921392401
783421,0.9995596798878432
783422,0.8482533563673488
783423,0.6560615751778349
783424,0.8885801481860454
783425,0.17543748412375454
783426,0.010242115819906458
783427,0.45632509491169204
783428,0.9996493864853242
783429,0.9995895120706453
783430,0.9350119153520162
783431,0.9987344144863626
783432,0.7501760649406819
783433,0.9997773557391789
783434,0.029533644859886504
783435,0.06647424235646937
783436,0.04852372193312229
783437,0.3128704860788546
783438,0.9732976581750722
783439,0.3412116963538241
783440,0.6653962814235905
783441,0.1334222901898286
783442,0.9999393048158396
783443,0.0661255527201139
783444,0.3109386185737188
783445,0.999975138194055
783446,0.9981536180952495
783447,0.29194809763241425
783448,0.6516903425444073
783449,0.9999399797261552
783450,0.9983123726203833
783451,0.9995099808327184
783452,0.3747842894875274
783453,0.9999547178689392
783454,0.9998542852036305
783455,0.9996460849721763
783456,0.8096753410753039
783457,0.9998896256237553
783458,0.9868199723104144
783459,0.011810178828551687
783460,0.29044322324449967
783461,0.9621102591442232
783462,0.0288006975984874
783463,0.8366626285789633
783464,0.9999781404765351
783465,0.9877294774794575
783466,0.9993850664545514
783467,0.8813861016332991
783468,0.1930928731313427
783469,0.6377871949470244
783470,0.4710133552228607
783471,0.9997579155304197
783472,0.844220070167144
783473,0.9953271769221048
783474,0.5893485744706115
783475,0.9934711282849389
783476,0.7617161972563904
783477,0.6263385225502343
783478,0.21753243287445262
783479,0.36830000668830665
783480,0.733129843989437
783481,0.14442604498292624
783482,0.5107705999444192
783483,0.8898845047012313
783484,0.9959046454824207
783485,0.9997679569358138
783486,0.7245178555322159
783487,0.7047841993883655
783488,0.9997725231648888
783489,0.9886708376527813
783490,0.9989414736374664
783491,0.6201884042622373
783492,0.6242136632195281
783493,0.999259296049477
783494,0.9936619665386864
783495,0.280516504986935
783496,0.9725746106185669
783497,0.37299989723548405
783498,0.9994158029243009
783499,0.9216221814604295
783500,0.9999420456181518
783501,0.7853128061100328
783502,0.9999703682198371
783503,0.9999824663171736
783504,0.8854904651022354
783505,0.9985708373368614
783506,0.8304735155597861
783507,0.9998444235819386
783508,0.2816544830303076
783509,0.9999800187928898
783510,0.731967903328095
783511,0.8227126541122689
783512,0.9998367782847579
783513,0.8543027818462018
783514,0.9715010056309559
783515,0.004183613850237822
783516,0.9998767947986377
783517,0.3352760540040956
783518,0.9963368667866048
783519,0.999565826074499
783520,0.9336534167851674
783521,0.9994600882993327
783522,0.9993513991262134
783523,0.9993804012374207
783524,0.9999813748745101
783525,0.001555359987685438
783526,0.10451850570093744
783527,0.9672476935157361
783528,0.9953126855302328
783529,0.9998148780982145
783530,0.9327082385947791
783531,0.15536896099755135
783532,0.9996109047194772
783533,0.9962362589640894
783534,0.6240086468769503
783535,0.9999422957026458
783536,0.9498159785411857
783537,0.9804413678605648
783538,0.999897436558222
783539,0.8520067371482457
783540,0.9940253899198971
783541,0.14290129882404481
783542,0.8956133556398916
783543,0.9078391867306908
783544,0.24920870722615188
783545,0.04440017762556568
783546,0.9758567629817239
783547,0.9256818910845381
783548,0.9986526519662285
783549,0.08472623891053231
783550,0.9653556336840211
783551,0.36778237794540747
783552,0.9984266027119921
783553,0.998978309490318
783554,0.9943767889751479
783555,0.9965203092148872
783556,0.33838613682833324
783557,0.770987083717361
783558,0.13914003422155097
783559,0.1168254562467072
783560,0.868809073391649
783561,0.21163724633876657
783562,0.02285211559990651
783563,0.16706225659410612
783564,0.8287688320171822
783565,0.9994932912508094
783566,0.4895522602932557
783567,0.9382974322106008
783568,0.9999177307615902
783569,0.984781502878529
783570,0.04562985736886736
783571,0.9861703392783687
783572,0.9999198853795174
783573,0.5462969194776603
783574,0.9467624863080385
783575,0.6825824747148949
783576,0.9407433397147102
783577,0.9518726717037347
783578,0.9918512723807008
783579,0.997419231638235
783580,0.9999531194667657
783581,0.6216749739455216
783582,0.5541356130637236
783583,0.23475304464543226
783584,0.9998318759647409
783585,0.9981200761099097
783586,0.9904887776289584
783587,0.993340869754145
783588,0.993972353099132
783589,0.1555653849288213
783590,0.9793319798217478
783591,0.007274122305917039
783592,0.31699236890912175
783593,0.11582454048218184
783594,0.9969580024808681
783595,0.012251595578861883
783596,0.029980073221328157
783597,0.9986241937428311
783598,0.9114289456322967
783599,0.9999176326487786
783600,0.9525865580438833
783601,0.9917720638648568
783602,0.04670979600237058
783603,0.04018084497126169
783604,0.6261336762622591
783605,0.9998226400755812
783606,0.9986161080214795
783607,0.005798430121071579
783608,0.9996567787015629
783609,0.9493883056182277
783610,0.9677436260414556
783611,0.7990719362959888
783612,0.45096272183937175
783613,0.04011492499369865
783614,0.18584236977636404
783615,0.9458021384769348
783616,0.9976346419395757
783617,0.1284140991708498
783618,0.42858059036827056
783619,0.9966258156691858
783620,0.9727555715841273
783621,0.2995560704935967
783622,0.8424957680536715
783623,0.9536439785117532
783624,0.9855427306141146
783625,0.9998232491985
783626,0.998816974631777
783627,0.01638350943682195
783628,0.8766327720202196
783629,0.9673769714419618
783630,0.9999784403840979
783631,0.9983248771516686
783632,0.9924202199021239
783633,0.5461244969360699
783634,0.2485091041633634
783635,0.9579691353767937
783636,0.5340367275004653
783637,0.7832653578247204
783638,0.6901464108542268
783639,0.372308529914218
783640,0.01043228648005558
783641,0.999986064583487
783642,0.9891034181205816
783643,0.9992007040697907
783644,0.9999243077578808
783645,0.9996468103458731
783646,0.5453963539499395
783647,0.999801547942215
783648,0.982053096928756
783649,0.8530365245120985
783650,0.2629535394691849
783651,0.13194274391962277
783652,0.2776944052045912
783653,0.9819600741459777
783654,0.6952704454731263
783655,0.6512377703219486
783656,0.77991207449994
783657,0.9484294859899988
783658,0.10707594624178818
783659,0.8455100699451958
783660,0.2433568253042121
783661,0.9421377623925856
783662,0.6443470796256703
783663,0.9999644378769221
783664,0.9990065694147703
783665,0.999379434334936
783666,0.7669275709928172
783667,0.7656446537602103
783668,0.995690449671194
783669,0.9942163004232125
783670,0.184652513254978
783671,0.9991300398557006
783672,0.02600546476624424
783673,0.9997260086753667
783674,0.7557019153818834
783675,0.9990720161339324
783676,0.619400625514572
783677,0.8720185718960156
783678,0.9999179613396372
783679,0.9739875672595429
783680,0.8622677446867463
783681,0.997740718201898
783682,0.9978961182389265
783683,0.9996609931536247
783684,0.9990832807389327
783685,0.9998954041291852
783686,0.9992348885257112
783687,0.02263997898526731
783688,0.018420255625657713
783689,0.9968353528666138
783690,0.04187886719583354
783691,0.97088866742577
783692,0.9041447161261581
783693,0.9999611813421871
783694,0.9998418842923265
783695,0.8944554792230721
783696,0.9807864759376583
783697,0.016182378746133867
783698,0.7460422567772993
783699,0.9917648673548909
783700,0.39384478780809506
783701,0.6008458485058191
783702,0.993831764216441
783703,0.993949507358008
783704,0.9981690128771091
783705,0.9904021232771849
783706,0.025118404943928627
783707,0.9999730274995209
783708,0.9996548880403867
783709,0.9989642687850404
783710,0.012356536377221408
783711,0.024847139195603364
783712,0.999645607553232
783713,0.7652286615548782
783714,0.9986602894465364
783715,0.9904161933582185
783716,0.9972737495122925
783717,0.9990409079903801
783718,0.9708852506380278
783719,0.24953051088442507
783720,0.8516876183074281
783721,0.9705939328237267
783722,0.1841819582251771
783723,0.387434528960385
783724,0.25691408032808805
783725,0.021060902773093804
783726,0.949550821398955
783727,0.5947494542578703
783728,0.03708442822947125
783729,0.8809043914544621
783730,0.9997899927788811
783731,0.9998518749046549
783732,0.9999707671020106
783733,0.9999619608758143
783734,0.7507912018798703
783735,0.999955552020902
783736,0.1658953341437417
783737,0.9972763169771275
783738,0.9579620569835647
783739,0.8684661122338524
783740,0.362408042055427
783741,0.01815203363222265
783742,0.6245792783317448
783743,0.3114984342199369
783744,0.6796608597476366
783745,0.5334934106198431
783746,0.9362917024012418
783747,0.993524627857548
783748,0.9833861734772784
783749,0.20534173930723884
783750,0.0943000002858111
783751,0.9880259433670303
783752,0.3906008436853116
783753,0.9999282714289575
783754,0.9683506602934575
783755,0.6640452964549801
783756,0.22919386074337034
783757,0.7697351141502455
783758,0.16746104415062057
783759,0.7285596558449964
783760,0.2934202621266675
783761,0.9999144451106422
783762,0.9998417775873898
783763,0.033642741629898026
783764,0.9985476844736092
783765,0.9994357781027159
783766,0.5879234055184829
783767,0.27533304288816934
783768,0.9939276649374008
783769,0.010981418294096039
783770,0.7657491997416919
783771,0.9887703244612577
783772,0.9937553812353491
783773,0.1931189826189729
783774,0.7874184851095076
783775,0.5479514892206983
783776,0.7774838132492433
783777,0.9879375674262298
783778,0.49495078149578764
783779,0.9998380639998349
783780,0.9995576593666003
783781,0.36640675397952527
783782,0.9957380522464514
783783,0.025927059190704448
783784,0.9993535342987419
783785,0.9992953839056941
783786,0.9999911750769137
783787,0.9997407929652602
783788,0.03787560142741218
783789,0.02657807943115917
783790,0.9989941384806138
783791,0.8303385958799281
783792,0.4755415312720505
783793,0.9929271880129428
783794,0.26170886814945415
783795,0.9940209293008349
783796,0.7836860731435009
783797,0.17603246705791348
783798,0.017489474345747904
783799,0.996754005007272
783800,0.042682257844110595
783801,0.44106841878557557
783802,0.36982330822401543
783803,0.9977839795990446
783804,0.9976957905105408
783805,0.9903904764051423
783806,0.5965293829317116
783807,0.9999494289814845
783808,0.9999206352374835
783809,0.9979602482164522
783810,0.9997079205451707
783811,0.9999690056033166
783812,0.07044072177240238
783813,0.13659925383537233
783814,0.17230567605116176
783815,0.9062939670428195
783816,0.9753219625295088
783817,0.7447371506644339
783818,0.00754686186893168
783819,0.9936227248883457
783820,0.9778683684621847
783821,0.3788295117106282
783822,0.6252535824506599
783823,0.9970399696785203
783824,0.4659790168088221
783825,0.26655931901319224
783826,0.9999267623841764
783827,0.3324779581204443
783828,0.15295351999434348
783829,0.43444212865335824
783830,0.9997087326331833
783831,0.9977881681206356
783832,0.969402801253704
783833,0.8961646432160173
783834,0.6715866278433795
783835,0.9999014715460637
783836,0.5162545267425702
783837,0.11170297553535904
783838,0.06373351477988545
783839,0.014768336574142206
783840,0.79865799675028
783841,0.5384911997559787
783842,0.0053109836148544235
783843,0.38823968565320727
783844,0.2653114218339384
783845,0.9296472490432899
783846,0.9994320545384068
783847,0.9887489701083457
783848,0.9507114020152002
783849,0.9904031228083003
783850,0.9940688495081792
783851,0.9997823807987639
783852,0.9957248775863219
783853,0.03770394539867532
783854,0.07227157803457394
783855,0.9982030363825741
783856,0.3574479486412919
783857,0.0660649647498051
783858,0.3405867149963356
783859,0.9999796880737976
783860,0.5683460737779457
783861,0.0852067315882091
783862,0.9619668704111478
783863,0.12760085291141723
783864,0.9978254247885712
783865,0.10771648357548624
783866,0.0364953863853863
783867,0.9852566573876109
783868,0.900509316748661
783869,0.5780317800285069
783870,0.9993146333192251
783871,0.19742288866455177
783872,0.9992878274546522
783873,0.9997406700255674
783874,0.24282362911925115
783875,0.9993053612687413
783876,0.9058672869466249
783877,0.7722161540842943
783878,0.9997909413257684
783879,0.7541900341371778
783880,0.5818683982841304
783881,0.9984997070876716
783882,0.9999662597238188
783883,0.865519896072739
783884,0.10792587768198858
783885,0.9994864714076401
783886,0.18570008284693995
783887,0.19940088021111774
783888,0.04676049210102075
783889,0.08966987584177816
783890,0.9638101540070529
783891,0.8820514361109186
783892,0.1489364399692173
783893,0.9999908582194188
783894,0.9978381881164571
783895,0.9967113920086299
783896,0.9995604019532114
783897,0.5295972615383853
783898,0.9982787663705283
783899,0.10033562892010896
783900,0.2734684705524452
783901,0.9997887178151199
783902,0.9983500496401068
783903,0.9834473599337121
783904,0.5774269051019184
783905,0.9998119350008523
783906,0.9994372850867597
783907,0.999560170113339
783908,0.6053556732677845
783909,0.6856253403787775
783910,0.490422381606332
783911,0.9330692071171314
783912,0.9984959566837809
783913,0.9955346304889636
783914,0.9778990672457563
783915,0.9989524623573562
783916,0.9975565193128455
783917,0.9984660298087066
783918,0.9999863124303638
783919,0.6362652638063071
783920,0.7733216567912938
783921,0.34484271813259504
783922,0.6415002041350927
783923,0.8047119783415992
783924,0.7039663997194218
783925,0.9995299992926125
783926,0.7787935279633378
783927,0.3827462505361022
783928,0.9996834335855284
783929,0.9999666466398124
783930,0.14888886119121525
783931,0.09642950343509839
783932,0.2520127211364616
783933,0.971548267600653
783934,0.9767904271967172
783935,0.9983565239783736
783936,0.9709289514252687
783937,0.10656570844999269
783938,0.04736478366583809
783939,0.6279914269572031
783940,0.8334418986648123
783941,0.9998622864569409
783942,0.9944188638802239
783943,0.43701298301384234
783944,0.3847173029186873
783945,0.3844942144275795
783946,0.5083608105378317
783947,0.997803940684052
783948,0.6807240050515079
783949,0.026631405352774543
783950,0.9975402174716805
783951,0.9990233703868427
783952,0.9407718417393731
783953,0.9769054786479325
783954,0.3458989169794043
783955,0.9872298081603437
783956,0.6216006865628829
783957,0.5197426736872646
783958,0.9995064730140085
783959,0.7881299845672022
783960,0.21156463466452766
783961,0.15509182785299797
783962,0.9999137782771924
783963,0.9999326243070391
783964,0.6535042233794256
783965,0.9995457992186526
783966,0.9993004771113593
783967,0.5245125067062948
783968,0.05393842061408943
783969,0.006139265203582439
783970,0.868317795355783
783971,0.21413925390750238
783972,0.05860153769573575
783973,0.901527182060701
783974,0.6999411157106895
783975,0.46711702858619186
783976,0.7938494481735401
783977,0.9015973163983055
783978,0.9995374328833777
783979,0.9638101125015631
783980,0.999951833930836
783981,0.9500976358192476
783982,0.999739193855574
783983,0.9998261860851785
783984,0.7936668849636226
783985,0.07099621330747952
783986,0.999559732281615
783987,0.1378583009810164
783988,0.02348450183882703
783989,0.6368793788040499
783990,0.2656624846889137
783991,0.9994821784765063
783992,0.9994413127431999
783993,0.7024227854691674
783994,0.9995411089199102
783995,0.733779609928252
783996,0.06496890176812965
783997,0.5631832653533156
783998,0.8640192347271645
783999,0.999788133397528
784000,0.021976429875894196
784001,0.17387911857569338
784002,0.6032233529846294
784003,0.9974251731553851
784004,0.9964274338399846
784005,0.9729669408477973
784006,0.997794147763009
784007,0.23027594632262893
784008,0.23571796151177143
784009,0.07439519236324542
784010,0.8270131204422909
784011,0.9997331127307966
784012,0.40837804789407683
784013,0.9995297542134445
784014,0.8780691717664694
784015,0.8175463743106053
784016,0.2421740955243557
784017,0.9863818168406515
784018,0.6898275539232344
784019,0.3133393248985755
784020,0.999139181464915
784021,0.9997221712235143
784022,0.36561854106486946
784023,0.9981816617505457
784024,0.009797888273080025
784025,0.24131326485416882
784026,0.04180851953200025
784027,0.9995826231180391
784028,0.3677049449405577
784029,0.0759325226312781
784030,0.9989252786915366
784031,0.020477864801737237
784032,0.11394259866044489
784033,0.8153970069551773
784034,0.9997629099698396
784035,0.9973419581653551
784036,0.9972380057905392
784037,0.9792563913123008
784038,0.9982056041975904
784039,0.9994819266142126
784040,0.9884782959858045
784041,0.9963745241625978
784042,0.9995485428106274
784043,0.9965505380008478
784044,0.9999074272336398
784045,0.9987936593372264
784046,0.9988035422039583
784047,0.9784541164400173
784048,0.9615624059871244
784049,0.9990249486474652
784050,0.8248081104106479
784051,0.12196867584702212
784052,0.9971615920668502
784053,0.9989725142012975
784054,0.7741412123549403
784055,0.4416219718438463
784056,0.9729918216023891
784057,0.9994877059218799
784058,0.9994530031472029
784059,0.9644748305756996
784060,0.9842068839181097
784061,0.999870103480344
784062,0.5718586295414957
784063,0.1577542214291412
784064,0.09211130364396308
784065,0.82925345903636
784066,0.9996049315237325
784067,0.7391030259483465
784068,0.24962634823504437
784069,0.3712296904980173
784070,0.010699343363295522
784071,0.5944110841671977
784072,0.5190009508192135
784073,0.9993772785642032
784074,0.9962538683133435
784075,0.9804610029376324
784076,0.05243229264172891
784077,0.7443436475512585
784078,0.949712123844835
784079,0.9055817178970658
784080,0.33144674962431214
784081,0.332876369867014
784082,0.5532050800849274
784083,0.9996743036407008
784084,0.30058098940585515
784085,0.9998577101004993
784086,0.4077171405758409
784087,0.20378553373928598
784088,0.3702507259438137
784089,0.9922556704474925
784090,0.28090621134767824
784091,0.9999640174790805
784092,0.41094236886290003
784093,0.9975830452747034
784094,0.005955793975383589
784095,0.9165770258538786
784096,0.9997079400889761
784097,0.6318526249913538
784098,0.13069839991770751
784099,0.9980149317902236
784100,0.9999664199876869
784101,0.9996827390803533
784102,0.9997999658280967
784103,0.9486840396182847
784104,0.992723598785578
784105,0.999988666838095
784106,0.8667419695079113
784107,0.9404861732921178
784108,0.661861836353897
784109,0.9008111454207501
784110,0.4192604764165695
784111,0.11684981480332392
784112,0.9984518087002661
784113,0.9997270589208795
784114,0.9573400845282487
784115,0.13652264745739348
784116,0.9997793006050023
784117,0.9995673813486403
784118,0.9997973018406875
784119,0.9923925340360742
784120,0.9999734643170428
784121,0.9999879124568871
784122,0.9938813993918967
784123,0.9963975406891845
784124,0.9999157273734083
784125,0.3355892977651853
784126,0.23466374094963732
784127,0.20530496454258285
784128,0.8868667177071564
784129,0.9732018773437731
784130,0.6775433622629845
784131,0.9968002143049419
784132,0.9225210615851083
784133,0.9997561194533928
784134,0.9996093360202599
784135,0.9720907911683148
784136,0.9999489763398006
784137,0.1554306030168004
784138,0.05562395358928919
784139,0.9967853588286903
784140,0.13569360726279556
784141,0.9996525871333424
784142,0.2299289298250714
784143,0.9343318079702576
784144,0.998714548530583
784145,0.834289845385565
784146,0.013280670054865773
784147,0.054473667774472004
784148,0.8073956137153756
784149,0.9999102161543959
784150,0.012702719886654931
784151,0.9998649952861086
784152,0.9997909170853418
784153,0.8540664150842612
784154,0.3437059842036104
784155,0.1064815592178669
784156,0.23445810518640964
784157,0.9416170370946374
784158,0.9492095959192968
784159,0.9998977278031627
784160,0.6605396886500854
784161,0.1999215645755146
784162,0.9932002350722395
784163,0.9961704562232413
784164,0.9990065825045679
784165,0.9998358217770176
784166,0.0729102272569056
784167,0.9997959664170966
784168,0.11625288261138667
784169,0.19469604144370894
784170,0.8144823818309496
784171,0.9936291973847853
784172,0.7903421855341094
784173,0.9742893671112355
784174,0.0068449538578371286
784175,0.4526656680476361
784176,0.9464903938224961
784177,0.9976510192409915
784178,0.9998615611768698
784179,0.007898952418021668
784180,0.9977823537268493
784181,0.9999802123673327
784182,0.8834377622499157
784183,0.9999247635070343
784184,0.8331237007770516
784185,0.991649098524322
784186,0.9955302146909902
784187,0.07974564834832568
784188,0.993700769814708
784189,0.22874170021910656
784190,0.03654197975280886
784191,0.8121970026272032
784192,0.9636656296251056
784193,0.8416043714006746
784194,0.7716206138746864
784195,0.3393413013579822
784196,0.6915461901333411
784197,0.9920668993678083
784198,0.9899043253723936
784199,0.9995792077159392
784200,0.22545836367437072
784201,0.019182210601971325
784202,0.770056545155624
784203,0.932734314022338
784204,0.26735188076276495
784205,0.9892557220631882
784206,0.9994042465539359
784207,0.9996370076810057
784208,0.991747330023317
784209,0.9999333014035976
784210,0.994823683156061
784211,0.9998351565058284
784212,0.9989298588527878
784213,0.9879561471800029
784214,0.21691100554281878
784215,0.36425417981853175
784216,0.9996987194570345
784217,0.7787476165046252
784218,0.7935407678102311
784219,0.03786553507227257
784220,0.9998025966649304
784221,0.9982010585756435
784222,0.9875386423925415
784223,0.9742879334710988
784224,0.9993513553141764
784225,0.9999136333103719
784226,0.9999670764061578
784227,0.999738210623814
784228,0.012721484167672638
784229,0.9984083984088112
784230,0.9943071978005816
784231,0.6715667296914531
784232,0.23468855966211633
784233,0.6106825376170373
784234,0.8511832993547321
784235,0.016080197132203294
784236,0.9575940764894635
784237,0.007178306561657053
784238,0.10883202472539871
784239,0.0846611101671209
784240,0.0449981028857666
784241,0.9959598564199872
784242,0.5024317954135442
784243,0.7683488919086887
784244,0.8618610220630095
784245,0.6458804170607281
784246,0.6089523378288816
784247,0.3734129957920408
784248,0.9945160976281109
784249,0.9853740182029578
784250,0.035216528398651095
784251,0.7388813919339493
784252,0.6608706404364214
784253,0.43397683703851025
784254,0.9997203541851115
784255,0.02352770310949083
784256,0.46201365586917764
784257,0.40638392460847583
784258,0.9979782165663957
784259,0.9983330450812719
784260,0.9694072994868004
784261,0.9141683167039083
784262,0.9958343635373779
784263,0.09275040460788561
784264,0.9999772437229759
784265,0.8641115988431562
784266,0.5445013925914944
784267,0.999986170463421
784268,0.4677537135293335
784269,0.07705579438357776
784270,0.052744587259691535
784271,0.9398122427738781
784272,0.8033004640281084
784273,0.9941095660777667
784274,0.013300714583030818
784275,0.9999747627576563
784276,0.913563630257915
784277,0.9988763352400487
784278,0.9999391395247069
784279,0.9914894433988573
784280,0.9960349197452042
784281,0.9046614436116782
784282,0.9461937676006635
784283,0.03347512022239261
784284,0.015880672995111103
784285,0.9961403322354125
784286,0.9829660053505083
784287,0.2227493385260072
784288,0.06414115617500012
784289,0.9966555203909464
784290,0.9983375147973064
784291,0.9999870695082075
784292,0.8597291527067503
784293,0.024761422860218818
784294,0.9916069366888842
784295,0.7245116129618696
784296,0.9976683874783426
784297,0.3584150364988058
784298,0.9997333241233864
784299,0.6037037938360499
784300,0.9999175984115158
784301,0.054713284276512286
784302,0.9964209737701915
784303,0.7150336937136349
784304,0.830839833908142
784305,0.9905340646758904
784306,0.07520735768226854
784307,0.9269557110232305
784308,0.9996022720188906
784309,0.9480158290046288
784310,0.06359939013633874
784311,0.9957153073985118
784312,0.11290529546343114
784313,0.03169411859655276
784314,0.24387882439998873
784315,0.9997481549789481
784316,0.9997952602536777
784317,0.9590339219759605
784318,0.10383848088811443
784319,0.8812361130954192
784320,0.9972594443715986
784321,0.9997263503808917
784322,0.8644317600087651
784323,0.999484528397018
784324,0.9957960335564576
784325,0.13466191770900315
784326,0.999334034815488
784327,0.4595575918763112
784328,0.019354716269522926
784329,0.9819457567158838
784330,0.7545246994852683
784331,0.9967100151881776
784332,0.9908803343519023
784333,0.9935503348141712
784334,0.998425472474327
784335,0.0070207433229983515
784336,0.03346110392342905
784337,0.16687907579922537
784338,0.9992173635195362
784339,0.6975341861032718
784340,0.9976146552694235
784341,0.477785739732649
784342,0.0050860078103039
784343,0.02767401913161291
784344,0.9761750832255288
784345,0.004761965109964204
784346,0.9985290254027912
784347,0.9998294172478408
784348,0.9997745907965077
784349,0.9930808573844108
784350,0.995761158776765
784351,0.04446474354791028
784352,0.9998972845371891
784353,0.9998993782696621
784354,0.18659372957646064
784355,0.702619790973551
784356,0.9941180574922884
784357,0.0137368133811815
784358,0.3467023683988918
784359,0.9427374049623178
784360,0.038114301639737176
784361,0.9488854010323208
784362,0.9943133016417277
784363,0.992502185999637
784364,0.9232969910753998
784365,0.07051858267468819
784366,0.2579722663313094
784367,0.9681853313007408
784368,0.9958081675049191
784369,0.49875439551490275
784370,0.9889781823438835
784371,0.06279092105622935
784372,0.9999288071284521
784373,0.2998292794077012
784374,0.5478789228197037
784375,0.12394974318445151
784376,0.8895633263336993
784377,0.004798048758503075
784378,0.988482899905233
784379,0.06143422483066782
784380,0.8403061121359574
784381,0.18131512746024986
784382,0.9993760680193766
784383,0.9974125723905345
784384,0.7145866782718965
784385,0.9837648212069677
784386,0.8698235222267172
784387,0.456055111086145
784388,0.8407242924701022
784389,0.999950769524969
784390,0.4256735112511165
784391,0.980827893451137
784392,0.9731215404215099
784393,0.9758313387193568
784394,0.02799131957720536
784395,0.9943990598353425
784396,0.8128557723614903
784397,0.6617806953791318
784398,0.8345273191914175
784399,0.999496820245999
784400,0.9997798090234663
784401,0.9858048838449738
784402,0.5035704133789523
784403,0.5881621599360406
784404,0.9999943700947798
784405,0.9985201274749586
784406,0.966198650574314
784407,0.9979392153384389
784408,0.9927723646422266
784409,0.9994885394219368
784410,0.9830497810206211
784411,0.9997666490447995
784412,0.9997955118202851
784413,0.6837523879199314
784414,0.9993472579457601
784415,0.9996512940308535
784416,0.0834126334993936
784417,0.9999503696117639
784418,0.9994956152979952
784419,0.00985580892108631
784420,0.9918551987550794
784421,0.9999472348086188
784422,0.578360466573443
784423,0.9999909922176413
784424,0.9998713693798199
784425,0.999959687180717
784426,0.09957966097144158
784427,0.8880877947728152
784428,0.10467016650410232
784429,0.968895484369356
784430,0.9975910245598445
784431,0.9073296272480331
784432,0.8909619674994971
784433,0.9791583701523022
784434,0.5976935409356317
784435,0.999928559418527
784436,0.9884452466889146
784437,0.08001221812202923
784438,0.9925615350170607
784439,0.03897396305679294
784440,0.49992953028510134
784441,0.056790115072631
784442,0.779972993868348
784443,0.9908972107932945
784444,0.8537085301558971
784445,0.9482592456779786
784446,0.6133150804683165
784447,0.23547447589073564
784448,0.505179421979618
784449,0.9998087605989865
784450,0.9166508389180272
784451,0.4784805056566418
784452,0.9997767846451824
784453,0.0372778349547108
784454,0.019438370480051235
784455,0.5199439859800056
784456,0.15523270556016835
784457,0.999814147428454
784458,0.9996396616268579
784459,0.7722387882684223
784460,0.9786650970446595
784461,0.04028967988308228
784462,0.8895275287376392
784463,0.9984155781668942
784464,0.7574888634500238
784465,0.9996415824871312
784466,0.9002193699017035
784467,0.9999667658825737
784468,0.8431920532620365
784469,0.6712778344589114
784470,0.9619961658670493
784471,0.48408777867263003
784472,0.44443100576345074
784473,0.6453514645738603
784474,0.9997632534023948
784475,0.6520967963768007
784476,0.9975630258405288
784477,0.32681910691464294
784478,0.936958852294915
784479,0.9205103087932105
784480,0.7196481940005
784481,0.999851594100859
784482,0.08808490827197551
784483,0.9923707844031162
784484,0.9997413302056719
784485,0.4846362919370837
784486,0.40959150149911155
784487,0.8174010911511791
784488,0.9501237344811111
784489,0.11335594859911974
784490,0.8058477569752402
784491,0.9773655878524256
784492,0.9989280684024866
784493,0.9671929840194586
784494,0.9320395260065325
784495,0.030495958677759775
784496,0.9958505365036283
784497,0.9989581881061984
784498,0.9994556045324781
784499,0.9945106539019755
784500,0.07155682684968366
784501,0.06260291923529887
784502,0.5764279889850024
784503,0.16403266049661264
784504,0.9999820222205102
784505,0.9957127906790508
784506,0.13976206612467107
784507,0.039849683618170595
784508,0.6903011792427749
784509,0.060212588471781014
784510,0.45720931916289137
784511,0.07734074515646588
784512,0.9994903357213172
784513,0.9992199425455414
784514,0.9403500884429769
784515,0.9900003733410401
784516,0.9995070299898322
784517,0.9997283467794482
784518,0.75659481892224
784519,0.44032116391578685
784520,0.04525717254634543
784521,0.4079465931443004
784522,0.3969402479025669
784523,0.9998710548914731
784524,0.9999826685025421
784525,0.930762542983165
784526,0.9999222885388488
784527,0.09898689785123517
784528,0.9998021326506625
784529,0.9908253035140345
784530,0.9989785989033461
784531,0.2652574453203499
784532,0.011851852402490532
784533,0.999448316137564
784534,0.9998099272446508
784535,0.9995970611706129
784536,0.0077878371930389274
784537,0.9998706942666691
784538,0.5040501252163643
784539,0.4509010061561498
784540,0.9056678726516577
784541,0.9989240777388086
784542,0.9995169454312569
784543,0.9920046377314484
784544,0.998277820110006
784545,0.9963316594652731
784546,0.47867915304216935
784547,0.13496010002439499
784548,0.4068034943787273
784549,0.8884742511374157
784550,0.8843790024639278
784551,0.04692090593203727
784552,0.9600076868275348
784553,0.16367668757021622
784554,0.9961227458392478
784555,0.9998689037519604
784556,0.9998481963547785
784557,0.9447236238315522
784558,0.02533847954149786
784559,0.9927719109741036
784560,0.9997810873076438
784561,0.996324853058118
784562,0.9820118844035541
784563,0.9065272263813483
784564,0.9984736178748242
784565,0.9999910620508294
784566,0.8212461018662053
784567,0.9995275027654529
784568,0.9660965360829332
784569,0.18624999139797016
784570,0.7562517550956314
784571,0.9999205763912231
784572,0.8899454909267617
784573,0.09633490608252751
784574,0.7611798930343159
784575,0.9921314721075999
784576,0.8267270415492383
784577,0.7160886450891433
784578,0.1645246492268893
784579,0.005876054246548865
784580,0.05434672341150977
784581,0.3251992385403932
784582,0.5916942518106414
784583,0.2988140150327724
784584,0.77377138637054
784585,0.04509025699874761
784586,0.9643470585748374
784587,0.82461562121696
784588,0.9998918179374772
784589,0.7583892810680761
784590,0.9507406606815041
784591,0.16153840011408502
784592,0.43505159800891263
784593,0.07371831824276961
784594,0.885313682414347
784595,0.010780093204855148
784596,0.9912704642069065
784597,0.9987337649271943
784598,0.6918797233465056
784599,0.00404156169082468
784600,0.9998090315563574
784601,0.9996756496616921
784602,0.1075205654700393
784603,0.7242566110450349
784604,0.7116275714814831
784605,0.9770600301670946
784606,0.9892196867741133
784607,0.44275873658139325
784608,0.3027618220532755
784609,0.9994102650367955
784610,0.8132818628830192
784611,0.948377184127881
784612,0.2710099908367292
784613,0.9885403083064493
784614,0.9999380354405605
784615,0.6203772745571241
784616,0.5941620930842395
784617,0.9999258113911924
784618,0.03754499145489264
784619,0.8908270821060358
784620,0.7011291530460031
784621,0.9872670283960906
784622,0.09859682266241218
784623,0.9999752144127516
784624,0.9999819224320734
784625,0.9978337860689466
784626,0.2894775968828511
784627,0.999367320053522
784628,0.9987966728779164
784629,0.9256669875593541
784630,0.17096887188993581
784631,0.9999249564238305
784632,0.041446868466991714
784633,0.9933793409812659
784634,0.9997332879715669
784635,0.8390731938809632
784636,0.99745400544037
784637,0.9959460025624399
784638,0.6787309184016748
784639,0.04636437061298642
784640,0.9993686317166105
784641,0.039240160404561596
784642,0.19845396703613036
784643,0.9997716792464141
784644,0.2044964753130288
784645,0.15427984119580795
784646,0.8442542520584979
784647,0.16520551430503852
784648,0.022321616262748874
784649,0.9974959527035765
784650,0.9479194489634468
784651,0.5332086194182941
784652,0.07721181516127748
784653,0.9991560269183486
784654,0.9258578107575853
784655,0.9680842007532373
784656,0.9900530364623396
784657,0.6645966811825341
784658,0.21898492513348933
784659,0.16372344868184668
784660,0.9997440420958825
784661,0.9998363286783944
784662,0.9996677623142434
784663,0.9998698232970505
784664,0.9090442921281927
784665,0.5501204965728224
784666,0.9970212537810254
784667,0.9995510612518483
784668,0.9999733631014296
784669,0.9995897268459462
784670,0.3486078365648594
784671,0.9416271252590092
784672,0.999967363861376
784673,0.5633963824285516
784674,0.9999038507805826
784675,0.8117243739218878
784676,0.2984470623712553
784677,0.07864015852831091
784678,0.9869729831768537
784679,0.3748833809325982
784680,0.999845746414082
784681,0.999689316366824
784682,0.331916613907251
784683,0.9992824223511161
784684,0.9296290651774928
784685,0.8951240600997665
784686,0.8714876614565449
784687,0.9998151942038317
784688,0.9007906295032162
784689,0.030081153386776326
784690,0.022913834108321835
784691,0.6515974853844503
784692,0.996984640409108
784693,0.4341052002804261
784694,0.9999806528904123
784695,0.6584161539402487
784696,0.391925528461052
784697,0.6328951665725371
784698,0.10252732580678607
784699,0.9997605382950168
784700,0.9637203293357353
784701,0.8764112615415742
784702,0.8259780454281737
784703,0.9983732927954845
784704,0.16322577216443385
784705,0.5216985967965059
784706,0.49192580662368524
784707,0.10202362217554717
784708,0.46981934403869785
784709,0.041940841158653513
784710,0.33876345371069333
784711,0.9994296765188602
784712,0.16522937546833377
784713,0.18297968844610746
784714,0.9999704431562002
784715,0.07772183852681826
784716,0.9994605343717513
784717,0.2470821626329078
784718,0.971202854028452
784719,0.987245594965041
784720,0.5007835261611957
784721,0.6841303800271052
784722,0.9909663251923557
784723,0.9999674203061248
784724,0.054884750811775726
784725,0.9998858849710694
784726,0.2699439396513181
784727,0.8263029313602366
784728,0.05563684620924519
784729,0.23698705287545313
784730,0.9978382634706695
784731,0.0039851013784936145
784732,0.9999125880595021
784733,0.9984548855917619
784734,0.8713690923907531
784735,0.9998239878810579
784736,0.998394611085614
784737,0.6901233861870419
784738,0.9742375841744737
784739,0.43285251623704346
784740,0.5610624685819112
784741,0.9996583389463427
784742,0.9985100136190337
784743,0.338184831796304
784744,0.3405485144447813
784745,0.7928787941058033
784746,0.9647288779162273
784747,0.999002695496203
784748,0.8401655706216722
784749,0.9998709378502206
784750,0.033584571523229925
784751,0.9862980027278183
784752,0.992297372693862
784753,0.9958948906943152
784754,0.9984159723585335
784755,0.9444947827160661
784756,0.36045877802709386
784757,0.9998551585489484
784758,0.9987441959846657
784759,0.9996687929104955
784760,0.9969847777011712
784761,0.9388968490669416
784762,0.03717286378689276
784763,0.9999668727485183
784764,0.8265092507614903
784765,0.9996753451305432
784766,0.9988098314460783
784767,0.9996353219974377
784768,0.9280443838997889
784769,0.08668550615550442
784770,0.9982057222179952
784771,0.020095096993077363
784772,0.9654717205783064
784773,0.3888454690656652
784774,0.9998684980371918
784775,0.6702542444387243
784776,0.02705503045394418
784777,0.2954568163511727
784778,0.6764682285328756
784779,0.6749908900003276
784780,0.7346169790987133
784781,0.6509877569782772
784782,0.9997422109645364
784783,0.03943337295927041
784784,0.9997519412357061
784785,0.013698074283948276
784786,0.999047337468445
784787,0.999921598371595
784788,0.2018039970013023
784789,0.9951247915887322
784790,0.006845199670266443
784791,0.9991141387408365
784792,0.9998574136406924
784793,0.816861129883435
784794,0.9955153314352148
784795,0.04559213889166579
784796,0.6763398668955107
784797,0.9734141340646782
784798,0.107605533732338
784799,0.6419417060963863
784800,0.9659550865957153
784801,0.04576895444366848
784802,0.8475729457114647
784803,0.9990092233777071
784804,0.11048152233208251
784805,0.9018601142909197
784806,0.9859942929341932
784807,0.8724694765605907
784808,0.5887209056837809
784809,0.9998507511211283
784810,0.05326163608765888
784811,0.10311680306859265
784812,0.9597284411405642
784813,0.9263471918750867
784814,0.9999859891135217
784815,0.9978761804118469
784816,0.4075905798154733
784817,0.9790786722125162
784818,0.9992198704520088
784819,0.8930117208741861
784820,0.07332284991136905
784821,0.25346557038528716
784822,0.9976532484247499
784823,0.9690147189344032
784824,0.9975464229902509
784825,0.9413450280927262
784826,0.9998099331083486
784827,0.11423763564022783
784828,0.945806758878591
784829,0.9999678859951296
784830,0.9941673112189965
784831,0.9709407229491267
784832,0.8192676328471477
784833,0.9398045171362428
784834,0.999830325163249
784835,0.3784383932468214
784836,0.0058390174341167
784837,0.5779572951875502
784838,0.9999488181923577
784839,0.948318570711989
784840,0.9711000973045305
784841,0.9568613099052647
784842,0.777519994607607
784843,0.7458811748665817
784844,0.9998833690390108
784845,0.5807075538990724
784846,0.9950996467111085
784847,0.9993381485376367
784848,0.9984575440201728
784849,0.9991450090360691
784850,0.9999396750105842
784851,0.7615555038789543
784852,0.6560716932446091
784853,0.9580091313603674
784854,0.9961767944752721
784855,0.8715046376305317
784856,0.5757553884044355
784857,0.995756111071266
784858,0.6557245256933408
784859,0.7876974163561243
784860,0.2761547475409145
784861,0.9481964394931754
784862,0.9955415962394792
784863,0.4048101889073703
784864,0.9995041340388937
784865,0.007028712665894673
784866,0.9984853448039803
784867,0.6241742561758027
784868,0.9998067891668911
784869,0.9840185405781908
784870,0.9997317855994761
784871,0.999951972543129
784872,0.03600674990022337
784873,0.1238573287607146
784874,0.9996118236604532
784875,0.9900240391297828
784876,0.9896554169389608
784877,0.9999394311892801
784878,0.9998529617219108
784879,0.015369871765858144
784880,0.9828872631797643
784881,0.0037705622202260556
784882,0.9982386174388446
784883,0.7296523478662778
784884,0.6825408287776327
784885,0.01334000773773501
784886,0.9749271528000745
784887,0.9998166702548582
784888,0.09825307353715412
784889,0.9996126503117683
784890,0.9859805447874673
784891,0.9340313206979087
784892,0.998386564840505
784893,0.9999316442155983
784894,0.049536824048944564
784895,0.9996731884361999
784896,0.96843629962299
784897,0.9996394938468938
784898,0.4677956621826132
784899,0.36783293642461445
784900,0.4211530729486713
784901,0.010219662705610295
784902,0.9999890433226123
784903,0.9998079491260099
784904,0.9993266756337872
784905,0.4078936416507581
784906,0.9564116439044292
784907,0.9999743426546488
784908,0.06274716071824887
784909,0.15503323731102345
784910,0.03174248388663209
784911,0.6529325053853671
784912,0.9998212047703559
784913,0.9999877523642144
784914,0.04912612868264887
784915,0.8787623047192289
784916,0.2690885247105604
784917,0.5842296602849586
784918,0.9074263999890702
784919,0.06719773395669111
784920,0.8307789159419041
784921,0.03572899539190611
784922,0.9217827818818571
784923,0.9984957533729357
784924,0.930680098375934
784925,0.9994074496121358
784926,0.9999862729376369
784927,0.19802102918014172
784928,0.9631841842059474
784929,0.999905223421194
784930,0.9907717995008478
784931,0.9915746015334987
784932,0.993176552772835
784933,0.37067631987022764
784934,0.9495012799527401
784935,0.6568476727339494
784936,0.8076961214155445
784937,0.999946442578006
784938,0.9992692708565029
784939,0.046446277763965135
784940,0.9991097194393452
784941,0.9613273959229427
784942,0.10814036493337247
784943,0.9903979526551976
784944,0.9994903799038157
784945,0.7236231943703291
784946,0.9984969416710379
784947,0.5938475373194128
784948,0.9478838387964087
784949,0.9989386693869504
784950,0.2675082954490132
784951,0.17272983626872818
784952,0.9819759496946548
784953,0.9997242921878473
784954,0.998733048728458
784955,0.964422963008254
784956,0.2513356953500253
784957,0.9998390840570555
784958,0.015050572445208143
784959,0.9985273998796701
784960,0.9999680242938225
784961,0.9992347002530444
784962,0.366528957330742
784963,0.9721509573404636
784964,0.9933519499704122
784965,0.042786421987915116
784966,0.7828371477497981
784967,0.9966095185784948
784968,0.9479375080797717
784969,0.7007306464430387
784970,0.060186093871037384
784971,0.27454275947662604
784972,0.2139151574875825
784973,0.020082037614754307
784974,0.9998836782814859
784975,0.9998217767513886
784976,0.17327705403469798
784977,0.23888465142190912
784978,0.9874831319374069
784979,0.9784521721792748
784980,0.010415554398653635
784981,0.9928832868473293
784982,0.9999279398935439
784983,0.9678248167907152
784984,0.9169951418133976
784985,0.8574629042080942
784986,0.9891085910181817
784987,0.0028350996202497624
784988,0.16195750817101653
784989,0.9999810113020424
784990,0.6402245957100592
784991,0.04280984558331541
784992,0.9980629063519586
784993,0.11022366706834011
784994,0.9306449454951664
784995,0.8366761913316301
784996,0.1202857327760299
784997,0.03445613261873071
784998,0.29478068667665863
784999,0.9469009540550717
785000,0.010561123000235506
785001,0.9987078549925379
785002,0.9975135981961456
785003,0.17441978090279014
785004,0.9998453184123377
785005,0.4654542353915362
785006,0.9949017650238656
785007,0.999930766557052
785008,0.999993772598781
785009,0.4390123109078301
785010,0.9999746214915898
785011,0.8099840613246327
785012,0.2251717801714998
785013,0.9174391343316526
785014,0.9903237561253786
785015,0.046845376715387924
785016,0.4803643821807521
785017,0.9999155319334228
785018,0.9968146417988398
785019,0.9739728227606175
785020,0.245749185010153
785021,0.7657862354425868
785022,0.9849439883202175
785023,0.9995303601216791
785024,0.8273539219624458
785025,0.08415214899651724
785026,0.6616461957293843
785027,0.13997317486274186
785028,0.9457380279340519
785029,0.015031242581225526
785030,0.9996685945041861
785031,0.9998955733028458
785032,0.9998463444819276
785033,0.9999292634762622
785034,0.15485820489062357
785035,0.7309963893859567
785036,0.2828787590864928
785037,0.9987012638560218
785038,0.9995106583230176
785039,0.9963219135140058
785040,0.9999444602306193
785041,0.16736651129208338
785042,0.9995854108949551
785043,0.9996853838758203
785044,0.002704193804145604
785045,0.9432624126432356
785046,0.31499570235311924
785047,0.9924181642496412
785048,0.3683756588233882
785049,0.3343906840969386
785050,0.7496850322498767
785051,0.9881555820415219
785052,0.9998986640172539
785053,0.7735801813254461
785054,0.9951493808861084
785055,0.9365921035560054
785056,0.9997764412888772
785057,0.9989656184533151
785058,0.9749941765845461
785059,0.8641932376600188
785060,0.1525835181126495
785061,0.9670545466859031
785062,0.09038758670054037
785063,0.9997706942370022
785064,0.7769766371702793
785065,0.004222441076481721
785066,0.3028657810005923
785067,0.011397286281223662
785068,0.9943255081903658
785069,0.9939794580465112
785070,0.9998760507276805
785071,0.9926103109193202
785072,0.10802840495664598
785073,0.698871601579683
785074,0.9861924718710933
785075,0.12265187341755862
785076,0.9762467043062799
785077,0.9999872487291921
785078,0.8671646225477784
785079,0.17269687232969666
785080,0.10954573345066032
785081,0.11522262515955901
785082,0.9598169041652791
785083,0.9998070195921932
785084,0.3116953714111483
785085,0.9999205192184739
785086,0.9998410794919348
785087,0.025398778601930475
785088,0.040296204578371464
785089,0.9991907412781025
785090,0.9997759073117842
785091,0.9892352949127581
785092,0.7541616181571502
785093,0.9761698523847062
785094,0.9998108167514219
785095,0.9995460471918449
785096,0.5825431121013142
785097,0.33884248800533145
785098,0.7364651675319589
785099,0.06769660652250772
785100,0.09472855636790975
785101,0.020221791225564705
785102,0.8802892706085541
785103,0.99897529345367
785104,0.9911192094067308
785105,0.7297661427807025
785106,0.9996635372567821
785107,0.6264523265073207
785108,0.6775364468131648
785109,0.9998443868752506
785110,0.020737279495345033
785111,0.9990641177645723
785112,0.9956616722405027
785113,0.5217193190443467
785114,0.3189136681923835
785115,0.9688186659765822
785116,0.0031846602299523746
785117,0.9995810983955209
785118,0.9892512081196634
785119,0.12155446578500866
785120,0.9903884644587049
785121,0.16893621690566057
785122,0.05260110454701421
785123,0.9998032105611273
785124,0.9983675665063783
785125,0.10984129756620396
785126,0.9996950166872219
785127,0.16721548347939252
785128,0.962737646843446
785129,0.5329938053023568
785130,0.9807470661589743
785131,0.03286756035655381
785132,0.999984304617732
785133,0.3764336596227008
785134,0.013350434960787805
785135,0.9748864931442867
785136,0.2748272130650569
785137,0.999962573826876
785138,0.9567352055770615
785139,0.07078604446714885
785140,0.17572931965862323
785141,0.7324022501790143
785142,0.9967203723488892
785143,0.9912192611677
785144,0.9901943266003133
785145,0.8876198738337577
785146,0.2704487466048304
785147,0.07933746590462791
785148,0.11316222720274335
785149,0.9998651436408402
785150,0.9998954380355376
785151,0.061188495553880735
785152,0.6999924493994453
785153,0.6443983069007402
785154,0.9372876009843387
785155,0.7723808538786011
785156,0.999166344722195
785157,0.9963708371556913
785158,0.8493742011093496
785159,0.9944992720184327
785160,0.48354151515492394
785161,0.9997436470972925
785162,0.3876815764670908
785163,0.03626719884761764
785164,0.8659644107258306
785165,0.7113662157569198
785166,0.1768354266311638
785167,0.9963354025377269
785168,0.11453145452328187
785169,0.9265006098630717
785170,0.929770215542224
785171,0.13539751255748358
785172,0.13787201655744802
785173,0.9999939920259338
785174,0.6755548107908815
785175,0.35035693103595017
785176,0.9788053539340016
785177,0.9999295211587172
785178,0.9853787957745123
785179,0.07426834934573702
785180,0.9991262863075132
785181,0.21154795852373803
785182,0.0021346413992771583
785183,0.9997181821525891
785184,0.009617788134931258
785185,0.9934723516724081
785186,0.8622713235008672
785187,0.6168064579236506
785188,0.5516756388181051
785189,0.9934651247514081
785190,0.9972604500982756
785191,0.9999201150476481
785192,0.9996957681228082
785193,0.26341874674500365
785194,0.938972839302867
785195,0.8022932690514953
785196,0.7243318360994508
785197,0.8362583936710273
785198,0.9981728568905252
785199,0.9765721768191026
785200,0.35218288183858193
785201,0.10448500087512642
785202,0.5145710495523896
785203,0.008173238387935183
785204,0.6709682939315248
785205,0.0015223758719493455
785206,0.7520356303871343
785207,0.9999125812611325
785208,0.2638886675695125
785209,0.9641665749082976
785210,0.4282408836024361
785211,0.9216903634887633
785212,0.028999477703937692
785213,0.9910031085125123
785214,0.029683789467157436
785215,0.9990504446378164
785216,0.018792917114603975
785217,0.06603977543036975
785218,0.9951465408452055
785219,0.22117536812749747
785220,0.997309712224106
785221,0.538034226874158
785222,0.8130792028899154
785223,0.8907767221089222
785224,0.9997233501678487
785225,0.7471570449874546
785226,0.9907901190999004
785227,0.00477886989289324
785228,0.9990033354111949
785229,0.9997653945640209
785230,0.015445972046358485
785231,0.9809217225677312
785232,0.9986433462122373
785233,0.996319861601141
785234,0.9989593604714764
785235,0.9982591159544953
785236,0.9441875244852191
785237,0.904930049926199
785238,0.9911477986904815
785239,0.8711804871709077
785240,0.9863564743924126
785241,0.9999502788396548
785242,0.3642329968385025
785243,0.9998290668276729
785244,0.5573250144781609
785245,0.3812887904538833
785246,0.03491775762150326
785247,0.7871670499755183
785248,0.9999716038871491
785249,0.009015877761002909
785250,0.9999092822384499
785251,0.9999674774865126
785252,0.999301181748971
785253,0.9998692601280367
785254,0.009619603693909847
785255,0.07010437670305392
785256,0.9998420986839411
785257,0.9998093638350776
785258,0.04727355832365246
785259,0.96671203102972
785260,0.9981270365495536
785261,0.9998157838061622
785262,0.18366195281908146
785263,0.8952288579923758
785264,0.8427517276913772
785265,0.1514038100448091
785266,0.8782378901478736
785267,0.9960266808658795
785268,0.016090757934135162
785269,0.16922837412552233
785270,0.9005382636219479
785271,0.9999245293011739
785272,0.9990245066147749
785273,0.9994963090077185
785274,0.999817753587912
785275,0.9997807605173762
785276,0.99814834666367
785277,0.011858587816639418
785278,0.999604468611879
785279,0.9902516539639368
785280,0.9866377591453437
785281,0.9380736435779551
785282,0.02044219544431103
785283,0.9830639597306432
785284,0.9993627720668955
785285,0.6297921040372197
785286,0.4643591539719284
785287,0.6851333226094677
785288,0.46890986950078317
785289,0.9958814809988468
785290,0.9785066778232923
785291,0.6201068830067108
785292,0.9999559283837589
785293,0.9895920410701321
785294,0.9187078375644422
785295,0.13276311785245187
785296,0.13026632287414525
785297,0.9048178473554411
785298,0.07068203052851468
785299,0.9998439291657971
785300,0.587249066987394
785301,0.18368599502802813
785302,0.02476772095945316
785303,0.11319798210728253
785304,0.9994956769916614
785305,0.9113111933642926
785306,0.9763437242742989
785307,0.9999351667007879
785308,0.8357913523291698
785309,0.9994875255656237
785310,0.9996803819711222
785311,0.9281530614520399
785312,0.6642563210843597
785313,0.9984696124353464
785314,0.035149822292535
785315,0.29832026036148906
785316,0.09502326130421379
785317,0.844854131119047
785318,0.12358743666420863
785319,0.9997346392509407
785320,0.9975319980728228
785321,0.9351216075342926
785322,0.999985277101241
785323,0.9972661245625953
785324,0.9998465688907188
785325,0.9994502427826929
785326,0.10995173835962713
785327,0.5983270648788925
785328,0.9995997103715519
785329,0.998798047624224
785330,0.005597692037004367
785331,0.0195702730458495
785332,0.9991140136023776
785333,0.9988912284318461
785334,0.9989410407975408
785335,0.9999518058044392
785336,0.955961299594815
785337,0.4437352048692974
785338,0.9995317980866372
785339,0.15664450022615253
785340,0.6847199164214102
785341,0.7506830618961955
785342,0.9037869164686079
785343,0.9507354198446907
785344,0.9830108628394637
785345,0.0007754517470304104
785346,0.03086040118501106
785347,0.9993061980293616
785348,0.9626274699614473
785349,0.703555556594575
785350,0.9976552817060738
785351,0.9503688323112778
785352,0.9961858062044271
785353,0.057150075694217914
785354,0.9995469442725895
785355,0.8315052667638276
785356,0.9998831677474919
785357,0.9998088930406408
785358,0.9327147650168934
785359,0.9999330032956039
785360,0.9846898939324223
785361,0.3198270658089635
785362,0.9982314930116759
785363,0.9996414776757421
785364,0.9876927723538459
785365,0.9892916424792342
785366,0.15289259706589275
785367,0.5869289015676005
785368,0.9997673628642642
785369,0.2709934095398207
785370,0.9998389019169659
785371,0.9998610901483014
785372,0.04348025843581922
785373,0.9996944211063072
785374,0.4826686599633538
785375,0.8959403244047695
785376,0.570306873868721
785377,0.4310399984554963
785378,0.4180186423561596
785379,0.9999922332058617
785380,0.6154262736243821
785381,0.8978508237873088
785382,0.9565122920091664
785383,0.9993272828472735
785384,0.9999470430848196
785385,0.9994216797970596
785386,0.9052159274813448
785387,0.8143506291846095
785388,0.9992621911397159
785389,0.9999784432955698
785390,0.9999599953699446
785391,0.9282214232638313
785392,0.5072441041186928
785393,0.9923216558486805
785394,0.9983185454570997
785395,0.9953785469638121
785396,0.9890369410717315
785397,0.9536309426883167
785398,0.19044375770032626
785399,0.9999174744208756
785400,0.9999734233723209
785401,0.774879718971824
785402,0.9999818432091641
785403,0.8164401605630452
785404,0.999864587980847
785405,0.005459317608473897
785406,0.4985821473289994
785407,0.5936538678985993
785408,0.9560364056675101
785409,0.015064346707172894
785410,0.009978511220937415
785411,0.9995631232292852
785412,0.9990823791105635
785413,0.9930267861470358
785414,0.9999666154691109
785415,0.935432797498795
785416,0.6518805441641679
785417,0.10245591263092481
785418,0.9997389542606792
785419,0.9979054241826185
785420,0.716903982452149
785421,0.9998461639859639
785422,0.9952735619610947
785423,0.04173314035622598
785424,0.9685201869705456
785425,0.4137148499802634
785426,0.999921209301663
785427,0.9974672915981155
785428,0.9736011126022264
785429,0.5534297368160865
785430,0.8298220963106635
785431,0.8212210085826258
785432,0.9995334591528162
785433,0.2299620456917999
785434,0.9804731449724253
785435,0.8538197486765963
785436,0.1531954361500061
785437,0.6552023797884401
785438,0.9954449202737246
785439,0.28326022294145226
785440,0.9996723207188609
785441,0.46314329734570225
785442,0.011008540262913941
785443,0.0810199339214045
785444,0.9935444779088767
785445,0.7168346433015993
785446,0.024338167975115135
785447,0.994471119051724
785448,0.9624317595328808
785449,0.9993720449294493
785450,0.8392271414164489
785451,0.5915728152437373
785452,0.9268676864760489
785453,0.6517362605936408
785454,0.9232628185002035
785455,0.9984309863036465
785456,0.5493864241076578
785457,0.8907898466294487
785458,0.8256226257175778
785459,0.9996592881777058
785460,0.6122529511015511
785461,0.2441730152687523
785462,0.5889269069259103
785463,0.9749038643019511
785464,0.9995729764023578
785465,0.5202172429044837
785466,0.9704381557351138
785467,0.10761951038507084
785468,0.620605426763732
785469,0.9368293084085868
785470,0.3712844385886802
785471,0.9775739434139803
785472,0.19819035506802685
785473,0.7718950350808917
785474,0.868889004665722
785475,0.5687465839257108
785476,0.8804407511169662
785477,0.11620246865109884
785478,0.9999585616410036
785479,0.9101515651494534
785480,0.34898670742375515
785481,0.19561554342701237
785482,0.016986948576007518
785483,0.10089158567293766
785484,0.3997247384753342
785485,0.46750425544407054
785486,0.09601218862162186
785487,0.9999772548855347
785488,0.4705062065527037
785489,0.9318899367054837
785490,0.9870209137724658
785491,0.9471158485969509
785492,0.16616053037291056
785493,0.14350469761281562
785494,0.30780170058751277
785495,0.9941832600441214
785496,0.12277923690918237
785497,0.9994599338855458
785498,0.9383298630319274
785499,0.9996941063974907
785500,0.6304564902170114
785501,0.9866350643199329
785502,0.9406009864397766
785503,0.9853813578858218
785504,0.09386882859293869
785505,0.16789466098491818
785506,0.9143088080826334
785507,0.999481274324547
785508,0.12060579688005049
785509,0.22433145434871982
785510,0.995677197698174
785511,0.9962673427416642
785512,0.9985437008062797
785513,0.9997941362494988
785514,0.9725710394179891
785515,0.9653967623908704
785516,0.9972919923413331
785517,0.24635617770919466
785518,0.03526410845656401
785519,0.6413496202614943
785520,0.9977307741358867
785521,0.999861908066476
785522,0.679601442608085
785523,0.9999324716373004
785524,0.9999665820081285
785525,0.697625767009124
785526,0.9989366722579458
785527,0.07492611727754284
785528,0.9167107307098624
785529,0.9768855132397508
785530,0.9997998986906307
785531,0.34855648970695213
785532,0.18760506885302686
785533,0.6871362561834844
785534,0.5292421055918078
785535,0.0643568485530069
785536,0.008403191848578908
785537,0.9980213474165008
785538,0.2348178206488702
785539,0.9957627188871778
785540,0.9994271605129061
785541,0.18293314777070935
785542,0.9997297588242527
785543,0.06701439039757631
785544,0.3347892824727888
785545,0.9996652955500408
785546,0.8336421320672136
785547,0.33118561044150086
785548,0.9996512610587758
785549,0.024320654375157638
785550,0.9995028970142081
785551,0.9161946870390478
785552,0.38588990716625104
785553,0.9998223655615583
785554,0.9024778030427161
785555,0.9988738967583413
785556,0.14084419179149943
785557,0.9986465498040858
785558,0.7947059180146416
785559,0.998343922648343
785560,0.44438317327835886
785561,0.9875571006970914
785562,0.9999624509952869
785563,0.9903833525221676
785564,0.9991215501491162
785565,0.9999531883556079
785566,0.9206211274926819
785567,0.9998821510187383
785568,0.9876115312767831
785569,0.9572634504664589
785570,0.9997953955842157
785571,0.9999861064920673
785572,0.9960329226393851
785573,0.01611397060470483
785574,0.996416677735165
785575,0.9817692208813547
785576,0.057301018920474955
785577,0.9999180950855558
785578,0.9194933942692336
785579,0.8779504116561088
785580,0.4412502044394381
785581,0.805202360457995
785582,0.9968425531283662
785583,0.9999892292604784
785584,0.9999296557572064
785585,0.999893051844201
785586,0.0918252000933965
785587,0.9997333336644496
785588,0.9998350657232062
785589,0.09380866709730276
785590,0.9997394299754352
785591,0.8579291133539735
785592,0.9976168129077342
785593,0.7202108781730647
785594,0.9983673442036178
785595,0.2595953444777179
785596,0.8842770446082501
785597,0.36511385125712503
785598,0.5926701463013924
785599,0.7471000257938074
785600,0.9972772488443029
785601,0.9846249709455523
785602,0.9999771829378439
785603,0.9724370103753865
785604,0.0734372581590835
785605,0.9551280605535992
785606,0.9792784804797153
785607,0.09684381914805887
785608,0.3843322164837093
785609,0.9377453702405814
785610,0.9997101900618715
785611,0.8181960454844794
785612,0.9214481285590217
785613,0.048954649532941194
785614,0.9999596122156168
785615,0.9989030774049681
785616,0.905911754049026
785617,0.9954270231337072
785618,0.9988627605155144
785619,0.9312715228204183
785620,0.10116642287849872
785621,0.9999829412285393
785622,0.9999233881105517
785623,0.971974488436661
785624,0.9997759952808307
785625,0.167317547321046
785626,0.9714063448247847
785627,0.701727645807454
785628,0.8520634284951935
785629,0.9831003955805467
785630,0.9023215376125819
785631,0.9877455145485424
785632,0.13246997116150178
785633,0.05069136493912263
785634,0.30852100139706506
785635,0.15518018456651514
785636,0.19192759912555385
785637,0.5908738633231921
785638,0.9999699729638176
785639,0.006121848634397133
785640,0.9995911350858546
785641,0.9988569138736496
785642,0.602202172295435
785643,0.9995876311361216
785644,0.9950100567877946
785645,0.5506354238667874
785646,0.9980664683879801
785647,0.9698299580633062
785648,0.23633128790852934
785649,0.5694405570015221
785650,0.3792874366226865
785651,0.999524598772597
785652,0.996996522625172
785653,0.9002317422564419
785654,0.9998063124585952
785655,0.9953723612675363
785656,0.9905839180808355
785657,0.951813172013416
785658,0.982593018066727
785659,0.9979063086021583
785660,0.9828729040574296
785661,0.9999739172965434
785662,0.2894020638937412
785663,0.37224732202786004
785664,0.9998383407333713
785665,0.4452145141695235
785666,0.012643131712343405
785667,0.9803472511041674
785668,0.8078786648287251
785669,0.9992435574247451
785670,0.6712867299086857
785671,0.9998382347037327
785672,0.9999643662176358
785673,0.161683846387554
785674,0.9927067997902362
785675,0.4300673278668732
785676,0.9992892808702316
785677,0.9995631851066562
785678,0.7765752402594023
785679,0.9996617957983349
785680,0.9805036585859408
785681,0.9989460771712577
785682,0.9998318330880367
785683,0.9331765676479687
785684,0.924331385927752
785685,0.9862308608579775
785686,0.5707215932380636
785687,0.9980253335447382
785688,0.7698018068600294
785689,0.9986294327867568
785690,0.04390093193050586
785691,0.9999435323588757
785692,0.983918864402985
785693,0.999218948114616
785694,0.7822611753276163
785695,0.9951683667592159
785696,0.0022936990138180467
785697,0.8368889385005349
785698,0.01955217655943001
785699,0.9997642596540909
785700,0.9883895732554207
785701,0.7094918516356532
785702,0.9998698066639315
785703,0.09956832364176058
785704,0.9862607311326316
785705,0.9983074013138324
785706,0.9998634778448374
785707,0.8586695513057833
785708,0.9997428141379333
785709,0.9864775068729921
785710,0.960192902503788
785711,0.8916155081991348
785712,0.045162914671386084
785713,0.9958862288905111
785714,0.3224742130242034
785715,0.9997824861865234
785716,0.4962661943640456
785717,0.9999921739089368
785718,0.9971379306923202
785719,0.9690879068368741
785720,0.7061900491139081
785721,0.011056744474601992
785722,0.5875659326048233
785723,0.06178959487947007
785724,0.9993757791300004
785725,0.8629694794042528
785726,0.9995890687048247
785727,0.9999915692188651
785728,0.285967693532322
785729,0.9999180824767411
785730,0.9805926884719638
785731,0.005915107603327838
785732,0.14766461557437371
785733,0.8317860920624629
785734,0.9996069211223244
785735,0.7419475039134225
785736,0.9319739312175137
785737,0.1827955361660305
785738,0.9923858119800566
785739,0.9995607648126101
785740,0.9795774682866094
785741,0.9999841962913727
785742,0.7176194030037621
785743,0.11108517107981589
785744,0.7817861411508376
785745,0.7661583381717041
785746,0.5125894182057635
785747,0.05912954346999326
785748,0.5274044375916107
785749,0.9442639927389054
785750,0.9986769314206495
785751,0.9558366709375996
785752,0.9622542390264066
785753,0.9090760702333607
785754,0.9997732381100117
785755,0.025820063328930904
785756,0.44693483317606353
785757,0.023874782705144648
785758,0.9977212610078579
785759,0.9820582576342267
785760,0.6006326733509064
785761,0.999029485647545
785762,0.719690357409621
785763,0.999997513602402
785764,0.9584749220745896
785765,0.4615910369770432
785766,0.06366909738933853
785767,0.9998923228228704
785768,0.9980565296576867
785769,0.4494674496916514
785770,0.7808804339177385
785771,0.1066774943252077
785772,0.993638773181629
785773,0.9979975641075728
785774,0.5328862341923011
785775,0.8813577474281611
785776,0.10083017918473525
785777,0.9876025395560901
785778,0.6909565530016619
785779,0.9997632660756912
785780,0.9999215860549201
785781,0.9998687975045326
785782,0.10264987142537996
785783,0.9125364771607938
785784,0.9977094262826567
785785,0.9999578013298837
785786,0.995354326128217
785787,0.25540888038958576
785788,0.20447083241788644
785789,0.7586236472188118
785790,0.8400833690841116
785791,0.9998981386349912
785792,0.009920976096798872
785793,0.9998771815350054
785794,0.9829824008124419
785795,0.9995765930035261
785796,0.9237701015336846
785797,0.9999515421937699
785798,0.9999808668510477
785799,0.9842562199779926
785800,0.582321212968865
785801,0.8099102429898628
785802,0.99915714905248
785803,0.998234569028551
785804,0.9999320176463518
785805,0.7115083489142694
785806,0.05255953985578689
785807,0.972355234319956
785808,0.9853922196582952
785809,0.9758329947548822
785810,0.031849462104711845
785811,0.9980285528029584
785812,0.08345491434703159
785813,0.999990811939493
785814,0.9878015803662442
785815,0.5541164388696225
785816,0.7271917324843027
785817,0.9800299980824083
785818,0.999691863539613
785819,0.2200808794159702
785820,0.9585989897618367
785821,0.8914603856952559
785822,0.970284723424631
785823,0.026942635468903943
785824,0.9999406268396127
785825,0.9928738885521513
785826,0.3503616718414904
785827,0.05318796100653387
785828,0.1872685507370562
785829,0.9992396343711848
785830,0.7329367695338667
785831,0.40672973046486394
785832,0.008295606807517538
785833,0.999891125203858
785834,0.949243563620321
785835,0.9331227766837151
785836,0.16456877169259143
785837,0.9810324676406826
785838,0.9990711923218154
785839,0.9376889530441426
785840,0.5995888359581998
785841,0.024380145635954663
785842,0.6689145840426739
785843,0.9203057006474693
785844,0.37628663699118586
785845,0.25203668893202646
785846,0.9986027401055337
785847,0.9875873397282633
785848,0.996663954759572
785849,0.966180311037787
785850,0.3070169277606636
785851,0.7117795158603168
785852,0.17543422493603594
785853,0.8818566243023765
785854,0.9303513458165882
785855,0.9996895813206241
785856,0.9684946421913081
785857,0.998495311348991
785858,0.9974269934413018
785859,0.26756699264524075
785860,0.6609858736074663
785861,0.999068670695485
785862,0.9182610587672232
785863,0.7816821021850249
785864,0.1836432646535988
785865,0.002187207468203515
785866,0.9998622319264986
785867,0.9996886870543185
785868,0.026840519547792135
785869,0.9992564684319285
785870,0.9976422730814304
785871,0.985258618724862
785872,0.9920773491469705
785873,0.999874809457918
785874,0.9999613825702522
785875,0.8741281275761348
785876,0.9998889020046168
785877,0.9650135228266932
785878,0.8083485874923692
785879,0.13983871721605934
785880,0.5672416502280713
785881,0.9999298418552555
785882,0.006357577953987245
785883,0.9997614633622958
785884,0.9960504352425879
785885,0.997085966904923
785886,0.9999554225261639
785887,0.9913992737054169
785888,0.99995030244596
785889,0.998782555559196
785890,0.028749383736987502
785891,0.3993730047997455
785892,0.21877413113009025
785893,0.9998924192707646
785894,0.20839526307095546
785895,0.02397318320145593
785896,0.9566614893643641
785897,0.9993097836151056
785898,0.007463838297504963
785899,0.9829232902599999
785900,0.9926235234920828
785901,0.10094210169212757
785902,0.8812107895619932
785903,0.9988549875915049
785904,0.999979308352134
785905,0.9953137002783381
785906,0.9939522582868816
785907,0.9949638299847136
785908,0.05370634820166341
785909,0.04847308386384195
785910,0.9614287896687549
785911,0.9996153173871583
785912,0.9983116637213876
785913,0.40421938668613383
785914,0.9901762396750254
785915,0.9639999790878659
785916,0.9741867565868646
785917,0.18917605592965608
785918,0.9197794542464415
785919,0.9998110396792361
785920,0.15760739584704914
785921,0.9987198227034627
785922,0.6329274002870955
785923,0.997660454878764
785924,0.9997092994895944
785925,0.9859335932304505
785926,0.9539313237053034
785927,0.1728197319366231
785928,0.8323499204325939
785929,0.9776232146886322
785930,0.9978199529285894
785931,0.9978984824078668
785932,0.9991328831567682
785933,0.3763086332873738
785934,0.9120397798470848
785935,0.6581276733756365
785936,0.5245802948939047
785937,0.9998460639520467
785938,0.006641271662385514
785939,0.012240601634475464
785940,0.9370107272397756
785941,0.9998305181021767
785942,0.22751423956249983
785943,0.13198981545329405
785944,0.9970739261993329
785945,0.9925967663908715
785946,0.139020601755195
785947,0.014800456066647157
785948,0.06609449082020585
785949,0.9999558026535067
785950,0.7778476388432858
785951,0.976113050802336
785952,0.02575505515510797
785953,0.9998311926780501
785954,0.6778195075619959
785955,0.5548296276125096
785956,0.9313923960739736
785957,0.9997534360437592
785958,0.4221604630517126
785959,0.9972839065548994
785960,0.7761514901455345
785961,0.9899864422161754
785962,0.02395597085526495
785963,0.9961623591623283
785964,0.3139398388352586
785965,0.9999799599467685
785966,0.7119199797325164
785967,0.6829073374332738
785968,0.9941551388601577
785969,0.13724108010752295
785970,0.9971925554079158
785971,0.825843168955878
785972,0.9961222362535886
785973,0.9031645225254067
785974,0.9661245564094816
785975,0.17689227874740476
785976,0.9973675148195449
785977,0.9970313696028321
785978,0.9992149548938167
785979,0.990161985286966
785980,0.9973778605961653
785981,0.999796863708823
785982,0.009340092732740602
785983,0.9948499886022812
785984,0.8921173017014269
785985,0.567820738617578
785986,0.9998190848870796
785987,0.9998988789069239
785988,0.9786726962087826
785989,0.898273582980847
785990,0.927140126455044
785991,0.9998731094308813
785992,0.25371754881172387
785993,0.9999420139473355
785994,0.986838732585455
785995,0.9162446140133268
785996,0.9997377680117359
785997,0.8349055133535118
785998,0.7940728587074469
785999,0.7675734707609532
786000,0.9860344974122774
786001,0.9996706843425243
786002,0.7812873346525148
786003,0.4843395718956556
786004,0.9971959779838291
786005,0.29437787238925717
786006,0.027012377280246615
786007,0.01920138956926529
786008,0.9961379631205258
786009,0.99861873697971
786010,0.9950574272338513
786011,0.9062565739079436
786012,0.999600864890727
786013,0.0014682004315803576
786014,0.3779219663219961
786015,0.008817752861565687
786016,0.7979537727588186
786017,0.9999842345387633
786018,0.5835530301967207
786019,0.9965693561332811
786020,0.99537598764288
786021,0.9992650871564112
786022,0.991775284269879
786023,0.43323772089492635
786024,0.9997180183117556
786025,0.1062058519509557
786026,0.006136613465849126
786027,0.7930589804311681
786028,0.5161017448794925
786029,0.08723728657160906
786030,0.9950271668091952
786031,0.06075811839776603
786032,0.9111162987469705
786033,0.029470361804276948
786034,0.9978294767581262
786035,0.18218791398131873
786036,0.08663823021264636
786037,0.5034349646723812
786038,0.543401427421589
786039,0.9679746653004835
786040,0.955154391591405
786041,0.01137425204476461
786042,0.2367424319476001
786043,0.6924466559306299
786044,0.9999525421049692
786045,0.972364342057579
786046,0.9999671416369066
786047,0.9998706998672916
786048,0.9385799422417112
786049,0.9998053545192622
786050,0.7679155577631049
786051,0.9995554111705518
786052,0.9999157704266992
786053,0.0235270796819686
786054,0.12009372497149853
786055,0.9970516131292921
786056,0.9997970018462938
786057,0.9989868786048615
786058,0.997646102322584
786059,0.36653342745022555
786060,0.8131124107642725
786061,0.9996760698573169
786062,0.9135143154656975
786063,0.5447956200883561
786064,0.4580982763901267
786065,0.9790347408767037
786066,0.24200360990764583
786067,0.8785369077122372
786068,0.2013951906815757
786069,0.1672686502091204
786070,0.6489492643053102
786071,0.3848164922635579
786072,0.9999093726255863
786073,0.6930561895311331
786074,0.9999497967372811
786075,0.48900569661215487
786076,0.9909218487240127
786077,0.6644563377762686
786078,0.99816720699872
786079,0.9996065354593423
786080,0.999824780494511
786081,0.0053947224526267965
786082,0.6089434512109209
786083,0.6448937688551948
786084,0.7854936851814469
786085,0.7825549642553589
786086,0.9982016238039113
786087,0.9998493842798699
786088,0.9997803845486277
786089,0.8926213536581822
786090,0.9000425043796136
786091,0.2904501606243757
786092,0.18934629644741485
786093,0.9973414775050959
786094,0.03530071008239928
786095,0.30010629928467053
786096,0.7468333546137884
786097,0.816540194665802
786098,0.9915808745115751
786099,0.034693434516284614
786100,0.9404800609368273
786101,0.8229171934639137
786102,0.07612964060440129
786103,0.9992491946164292
786104,0.4518573650911317
786105,0.7223075768834131
786106,0.22213434906029128
786107,0.2581023425818431
786108,0.9987995884713338
786109,0.9984950878742167
786110,0.692022458887231
786111,0.9952933705207778
786112,0.8289154368603411
786113,0.5891158794475345
786114,0.5945336288971756
786115,0.9996833741091732
786116,0.2222650095366112
786117,0.9740114851529296
786118,0.0760155304125437
786119,0.9940195874507809
786120,0.4128558439381218
786121,0.9973263520618894
786122,0.4599566515388695
786123,0.7056734214380013
786124,0.3535110419219269
786125,0.9999090071886686
786126,0.9998297593293741
786127,0.934619709011319
786128,0.9165286679892823
786129,0.0296357743821735
786130,0.9812132367421047
786131,0.15623012252051385
786132,0.0898732281204688
786133,0.8891086775891873
786134,0.48880030147448733
786135,0.9994198784357764
786136,0.9998954831004236
786137,0.49039785075590425
786138,0.9940598244310347
786139,0.9990101516576227
786140,0.9952459063385901
786141,0.7300533474296622
786142,0.9734468351399732
786143,0.23203544967503847
786144,0.7612197236794513
786145,0.9999159228102792
786146,0.841947752469449
786147,0.9845164268407683
786148,0.7865207682877399
786149,0.9989726649710438
786150,0.9972860592238411
786151,0.9987463810256648
786152,0.12197218927352557
786153,0.9915919556531909
786154,0.8331235488644237
786155,0.9983968816725104
786156,0.45734823181312245
786157,0.4805024155729406
786158,0.998246044632853
786159,0.6706287933904215
786160,0.8973928896943864
786161,0.9996259447555423
786162,0.9989827135598719
786163,0.1512582368417448
786164,0.9959343668285581
786165,0.011448488929811748
786166,0.9992108125425286
786167,0.7785359043841383
786168,0.9969062603951779
786169,0.13067558983859892
786170,0.9983353310353407
786171,0.2586507746945138
786172,0.6754941951861066
786173,0.9995602981598178
786174,0.9981957333249185
786175,0.9970542476920673
786176,0.9993401068175549
786177,0.9642943993315296
786178,0.5126509360332471
786179,0.04804545141679191
786180,0.03368997497025233
786181,0.9155142633015402
786182,0.5145769267921292
786183,0.9967278021834578
786184,0.9712929570836589
786185,0.9994442108570245
786186,0.9421350240780071
786187,0.1002975646985673
786188,0.21381478513866353
786189,0.08346263907008836
786190,0.19902387682617823
786191,0.14131771383406516
786192,0.8089561036422362
786193,0.9982730716345559
786194,0.04569669989859554
786195,0.08878690214022238
786196,0.10276020636637373
786197,0.9734106580471855
786198,0.794282771824131
786199,0.9984421654588009
786200,0.997161557254298
786201,0.9977820835844095
786202,0.9999571652965228
786203,0.9982931645293704
786204,0.9999235050751518
786205,0.8881195017751404
786206,0.6332691804084202
786207,0.9999055385998395
786208,0.6534089770782031
786209,0.9996335825282039
786210,0.9560423356596655
786211,0.7244418908343453
786212,0.9986174809075641
786213,0.9961488512454308
786214,0.012717665617108806
786215,0.9982362555698989
786216,0.39886370576178076
786217,0.7721748009554998
786218,0.09255637375367759
786219,0.9999561013929065
786220,0.8742539467947823
786221,0.027247698412420845
786222,0.9999639380003764
786223,0.05877796746847437
786224,0.9955347085129673
786225,0.9968356444407203
786226,0.9999470637068897
786227,0.8036998886519614
786228,0.9606157819179015
786229,0.9999260646158954
786230,0.45885715622236933
786231,0.7801826034661927
786232,0.997695689137235
786233,0.5304383966384616
786234,0.8408532398752849
786235,0.9999857959186313
786236,0.9998703444552515
786237,0.1176872682954428
786238,0.9879301082564875
786239,0.9999902204472504
786240,0.06814019667784584
786241,0.999883186321971
786242,0.7328712737448182
786243,0.8965708833069375
786244,0.9999216757959056
786245,0.0019241450284427776
786246,0.6283264871065082
786247,0.9817448350326679
786248,0.15875440775017785
786249,0.9997943796266727
786250,0.999831900170785
786251,0.5099841936315638
786252,0.8976512565525805
786253,0.966257391475384
786254,0.4141992784208009
786255,0.9995573715208323
786256,0.44778222116599
786257,0.7642304220673266
786258,0.7666306103067511
786259,0.3228606484424058
786260,0.05946474912476322
786261,0.9455754508632468
786262,0.13048131980627153
786263,0.22454902031546148
786264,0.3058159022747943
786265,0.05149951191465983
786266,0.3872750963961974
786267,0.9546164042290983
786268,0.9971913364551169
786269,0.24677121055092496
786270,0.7223891555651647
786271,0.45001695965927796
786272,0.07713780465673714
786273,0.02243790805267796
786274,0.9799310296261107
786275,0.9949298441380257
786276,0.9982248708755903
786277,0.11366148680028704
786278,0.9864285077397541
786279,0.9863126621143525
786280,0.9653340688906369
786281,0.6692932156587508
786282,0.6764163183801292
786283,0.22906702915870084
786284,0.28749831110639296
786285,0.9976153098178724
786286,0.9531986728139769
786287,0.9932231938883649
786288,0.08640086847997588
786289,0.9986141789777858
786290,0.437335472217692
786291,0.4361727182130033
786292,0.7779138004122392
786293,0.9998564219048509
786294,0.640879445496968
786295,0.7940506101592049
786296,0.9945027228819923
786297,0.6594358940502345
786298,0.9988490641700086
786299,0.9994124586835152
786300,0.999969524040371
786301,0.8918514924130081
786302,0.28366725157381784
786303,0.6836023860941889
786304,0.9997474791461411
786305,0.9952241149732914
786306,0.9807714392189826
786307,0.4421832173644774
786308,0.13578834972386034
786309,0.23335458395371467
786310,0.6678743222609882
786311,0.9895839442860392
786312,0.9111900413279971
786313,0.9999790019699326
786314,0.9999495765872672
786315,0.45752219869404864
786316,0.9443446373637765
786317,0.9988672664940034
786318,0.968214239252681
786319,0.009262421065279632
786320,0.3743978024651296
786321,0.9968151510210141
786322,0.512118012939891
786323,0.9997796666939428
786324,0.9997371472616219
786325,0.8091151685367208
786326,0.8144004843368073
786327,0.8205311234988237
786328,0.9998163139909215
786329,0.9996664915967455
786330,0.9806673816504068
786331,0.0346191938370726
786332,0.9999009440789224
786333,0.014991595861321604
786334,0.9997823224804251
786335,0.39852189058519893
786336,0.9896200309372029
786337,0.9998557681784019
786338,0.9841125718885925
786339,0.9999421946049019
786340,0.9972308056162699
786341,0.9998724768813064
786342,0.16807195815881598
786343,0.8038389224127913
786344,0.7377240892792958
786345,0.09287373827066003
786346,0.9990821375801309
786347,0.662776598707554
786348,0.5637066468863644
786349,0.09357798726948671
786350,0.2342509947533244
786351,0.03902610439516434
786352,0.9917396604369784
786353,0.999661358996067
786354,0.9998858359164718
786355,0.9999039180532936
786356,0.8474828250377582
786357,0.9993902433015909
786358,0.2843629279330508
786359,0.9939635475294772
786360,0.9836738607431156
786361,0.9996622685534722
786362,0.9999689279062085
786363,0.9995346054845389
786364,0.9803465006778926
786365,0.9998104689720471
786366,0.7355685383388526
786367,0.9934450977274941
786368,0.590217333596053
786369,0.6258545791648299
786370,0.7670669634734243
786371,0.9997110269266936
786372,0.9733507652895396
786373,0.8033372734828194
786374,0.9826004270067331
786375,0.0012916504926143708
786376,0.16926333759246567
786377,0.2114162158273203
786378,0.46342683816348595
786379,0.23511192120543872
786380,0.7054180820707137
786381,0.6093897817369331
786382,0.7987818060628493
786383,0.9999380567500934
786384,0.7289950026660617
786385,0.9837312964656084
786386,0.051007025858165106
786387,0.9812564193203107
786388,0.999880163236663
786389,0.9717311442356618
786390,0.009983173065602712
786391,0.9960220583357768
786392,0.9679114016494222
786393,0.5032595223475576
786394,0.9996661038633234
786395,0.9917299876984937
786396,0.8044195341124583
786397,0.9326527449785056
786398,0.9998515105336669
786399,0.017983346427436573
786400,0.9999721547571404
786401,0.00831600129709298
786402,0.999986614247668
786403,0.6515135704832586
786404,0.8384804704536943
786405,0.03396369451449538
786406,0.8603094089581711
786407,0.4416641605376821
786408,0.9980403893947943
786409,0.9998394003917715
786410,0.9997453874138774
786411,0.6784053833493291
786412,0.9812196048035797
786413,0.9987675079493601
786414,0.9999006205972769
786415,0.08594380782467417
786416,0.4843014451397276
786417,0.02889962870312489
786418,0.9932527749976843
786419,0.4660728183253645
786420,0.7381490924338013
786421,0.7992884445636337
786422,0.2778575028801839
786423,0.9602614192253691
786424,0.9731546952372963
786425,0.9860915059618335
786426,0.9372272712630265
786427,0.9914380668615443
786428,0.7534099398376523
786429,0.9996207359061425
786430,0.991821063536231
786431,0.9989555513633062
786432,0.20262035302659714
786433,0.9999092113810045
786434,0.03208961650678389
786435,0.9988132604799482
786436,0.213117918039809
786437,0.9998594834709724
786438,0.5059663752734815
786439,0.8835511848557285
786440,0.8337691163564199
786441,0.9899567093673598
786442,0.9715501044490329
786443,0.9998107650248704
786444,0.7943477173152493
786445,0.9998594718396518
786446,0.998822783599753
786447,0.9999299415056733
786448,0.9523313654634868
786449,0.09506513617127677
786450,0.3859504018221315
786451,0.6743531217048064
786452,0.9708138918478986
786453,0.6034947459673733
786454,0.9982352510440081
786455,0.4553282137796363
786456,0.9997055054774031
786457,0.9608679132840201
786458,0.6854541213480541
786459,0.0053057112618537725
786460,0.9998594632424778
786461,0.9998969610447594
786462,0.9977242172318721
786463,0.4600873830295673
786464,0.8475552303200902
786465,0.8079610752056982
786466,0.9955799355700956
786467,0.9096910459297529
786468,0.9993881737184875
786469,0.8478060155537521
786470,0.9998420341304513
786471,0.9973601961290937
786472,0.9092153914960768
786473,0.5510232175842913
786474,0.9767037070632525
786475,0.21258754844500982
786476,0.7355353922702654
786477,0.9996954168560221
786478,0.997798122940923
786479,0.0206824739329478
786480,0.999851452181747
786481,0.05984494089160526
786482,0.9999259954156638
786483,0.23108217613809684
786484,0.9902763456200662
786485,0.9999448659589165
786486,0.0028439785117239545
786487,0.9965149044680173
786488,0.5793268867447112
786489,0.9998036155396963
786490,0.15830766709522132
786491,0.4177115125995503
786492,0.9999847587501225
786493,0.01613044285471668
786494,0.016948938202919123
786495,0.9873589924475658
786496,0.9800477710395779
786497,0.9562139986288125
786498,0.984449791752249
786499,0.9231342326956854
786500,0.798732861217369
786501,0.13660287005267804
786502,0.5198518333585949
786503,0.35791068721097147
786504,0.2826075384315083
786505,0.9938267446222313
786506,0.9685550067012931
786507,0.9998286194787074
786508,0.9964928840522199
786509,0.9983654633834711
786510,0.9951157397284978
786511,0.016746451954202803
786512,0.9981849798188088
786513,0.9771765433266312
786514,0.8768865366347259
786515,0.9997865801558075
786516,0.9566470252304329
786517,0.999710629377874
786518,0.9906872875167934
786519,0.9962232298830366
786520,0.21531270750203496
786521,0.9479026603141054
786522,0.04659578320534942
786523,0.9994545603892977
786524,0.9994366963664827
786525,0.9997542119758833
786526,0.10076706791267881
786527,0.9996507693136143
786528,0.9930253444748651
786529,0.8202372115659001
786530,0.9989620604456575
786531,0.3273181930383432
786532,0.9989447125706827
786533,0.9942430908179903
786534,0.9999846935451406
786535,0.05001559800999898
786536,0.9997708392026476
786537,0.9957465080158882
786538,0.062001173466209016
786539,0.9652366937245366
786540,0.8784545032494882
786541,0.833931331530168
786542,0.9996266982817518
786543,0.9991025494214214
786544,0.39263048295653485
786545,0.07632116929242018
786546,0.9998237718842642
786547,0.9998133549217176
786548,0.5379954761724286
786549,0.9958787344361371
786550,0.6489213210964224
786551,0.993804740272181
786552,0.9979946786412657
786553,0.05212045724177328
786554,0.9996072352816804
786555,0.8882890526226621
786556,0.9755481184661094
786557,0.9970428654748443
786558,0.5155029338741022
786559,0.6555221406402334
786560,0.9993213229202518
786561,0.9947424663298448
786562,0.9999722784305047
786563,0.9999916430656978
786564,0.5540037740897368
786565,0.9997910712164876
786566,0.9998246993785718
786567,0.9065049957305797
786568,0.4587811525479522
786569,0.5778097912608563
786570,0.39850807798676907
786571,0.5758214242936451
786572,0.9970778465328479
786573,0.9993160467493843
786574,0.17342844800925056
786575,0.9176858370270188
786576,0.2431963551329239
786577,0.9979064742482149
786578,0.9999168201980163
786579,0.999689428527411
786580,0.9979377782940272
786581,0.9080020703966838
786582,0.9836482046007945
786583,0.9419153653633451
786584,0.1881510445411726
786585,0.03608961589852935
786586,0.6042006650293743
786587,0.9705408698731646
786588,0.9998815360413815
786589,0.7280755993769573
786590,0.9924117320080406
786591,0.9999353629759601
786592,0.9305280322398608
786593,0.9685745691356977
786594,0.9997601157281626
786595,0.9986033859029833
786596,0.9985084325601323
786597,0.0032586093142486384
786598,0.9976328924459639
786599,0.9953919208376272
786600,0.9916958362465962
786601,0.41713252367521303
786602,0.5829149181488981
786603,0.04942835285048462
786604,0.3918134688980943
786605,0.5417670336832476
786606,0.9317871041625614
786607,0.999757521867523
786608,0.9997310875474802
786609,0.2711992782176911
786610,0.10420817659695
786611,0.7425964298218619
786612,0.9170928782244616
786613,0.9999634907501043
786614,0.9924449077204192
786615,0.9993464718487122
786616,0.02903835136953139
786617,0.14746087110159878
786618,0.9919373644761234
786619,0.9553570941965881
786620,0.9999686635307352
786621,0.9999638197959602
786622,0.8340176743858653
786623,0.47007230158691776
786624,0.497057207388202
786625,0.6081836181153059
786626,0.9409810187703507
786627,0.9997617048708594
786628,0.10820241438529568
786629,0.9914540613848299
786630,0.9999691351156844
786631,0.9522651705473428
786632,0.9966022878244334
786633,0.9999902758079255
786634,0.9999292209201228
786635,0.03258809755894269
786636,0.9996284220265733
786637,0.9907750393984234
786638,0.3951390250065633
786639,0.9917094804252581
786640,0.9999069056358527
786641,0.9430797410511654
786642,0.9997951690605622
786643,0.9991389226883528
786644,0.5690784124032334
786645,0.04895930556843993
786646,0.999972733163173
786647,0.014953859824279072
786648,0.09344463151930041
786649,0.013209267059089414
786650,0.9994458794188434
786651,0.06322415150013262
786652,0.5659706305760349
786653,0.9997837109627985
786654,0.7287393634526058
786655,0.9327355932377278
786656,0.14442545089280773
786657,0.7361180522340345
786658,0.9995845304126795
786659,0.9335372207126964
786660,0.9996845474375389
786661,0.7599340979818971
786662,0.8513669277023916
786663,0.9999439113091716
786664,0.45468880882215634
786665,0.5292254428506017
786666,0.9642694352806988
786667,0.9997489417958616
786668,0.9988069868866403
786669,0.9999257736930519
786670,0.9956238843771774
786671,0.9900445286330318
786672,0.7085516834723254
786673,0.14892123957909173
786674,0.9955923951439578
786675,0.8919611523737602
786676,0.01674427061747625
786677,0.029100795212187617
786678,0.22409988963148336
786679,0.5587481531326153
786680,0.3336372999550922
786681,0.9991605713409295
786682,0.9994263837499038
786683,0.9971713316493338
786684,0.414102801494234
786685,0.8927422590374156
786686,0.9989608556281484
786687,0.9727330956927189
786688,0.9969405793782595
786689,0.0731018673438337
786690,0.999694693389957
786691,0.9991583857064676
786692,0.030826794839265426
786693,0.8170519983270574
786694,0.9693980193341509
786695,0.7022799096283805
786696,0.3483254496438415
786697,0.9187498390929337
786698,0.9998841619546422
786699,0.20450816052012308
786700,0.9999391114826484
786701,0.877936859726959
786702,0.7783298934927139
786703,0.9992246715151794
786704,0.8324588860127989
786705,0.7888626355253106
786706,0.8759856629101986
786707,0.9991555328169504
786708,0.9999805420267411
786709,0.9999881901055394
786710,0.05969940051755346
786711,0.392884049346355
786712,0.673483936810805
786713,0.9866537995849554
786714,0.7079624214924938
786715,0.9531146052632211
786716,0.7502492064812237
786717,0.19431795814842348
786718,0.7996234222265145
786719,0.49211433818509065
786720,0.9999293455048344
786721,0.9999045096577738
786722,0.9988166592636534
786723,0.8586124363384353
786724,0.9998750860758903
786725,0.9997549547213763
786726,0.02470673940155721
786727,0.8961719151074505
786728,0.9997345269953031
786729,0.8990887275575778
786730,0.9719892693314682
786731,0.9996659363723153
786732,0.9998509796830377
786733,0.999569824524658
786734,0.9995846829002916
786735,0.9982199910620648
786736,0.35246817304580114
786737,0.9391557677557839
786738,0.2281048284285938
786739,0.18737712355568067
786740,0.6593896213264215
786741,0.5078645126000741
786742,0.9996129894488046
786743,0.9995914345153338
786744,0.9998128881911006
786745,0.9925812034222301
786746,0.9999803065144149
786747,0.999968178174006
786748,0.9997191355188548
786749,0.9998579680643677
786750,0.9941865325756467
786751,0.9111797441977302
786752,0.9998924015128946
786753,0.9945738236460211
786754,0.9618112760339681
786755,0.9996853194866808
786756,0.9992749889116
786757,0.009299137437559973
786758,0.9993902493225685
786759,0.29463556383647227
786760,0.9999914333042095
786761,0.9999022308229877
786762,0.9999436142595338
786763,0.9998769139708903
786764,0.8135050845593298
786765,0.5613314683074415
786766,0.177749359577587
786767,0.9999092684861077
786768,0.9381583241216493
786769,0.9775815853232179
786770,0.9997419477912546
786771,0.9952127468119761
786772,0.9553838504328083
786773,0.13950641519953322
786774,0.9066819181491743
786775,0.5939392625351468
786776,0.9998192871284755
786777,0.9997422183973277
786778,0.8313101554642439
786779,0.4429612656768812
786780,0.32553792312657504
786781,0.9996164135421375
786782,0.20956755591428788
786783,0.8103030008164884
786784,0.9474728877383256
786785,0.22992494653824033
786786,0.006072600721715786
786787,0.9998891428609549
786788,0.996019779461106
786789,0.9998775239041939
786790,0.7221229547125597
786791,0.9999766192833354
786792,0.9996359711414633
786793,0.9985763338722458
786794,0.06455061420860436
786795,0.9671464692340288
786796,0.9860095579456876
786797,0.9998399022804083
786798,0.27553588657874545
786799,0.839976071209066
786800,0.9993029009441878
786801,0.7797307893609933
786802,0.22598218776998377
786803,0.9973110959860236
786804,0.9843704827816618
786805,0.1314018638908612
786806,0.06409121032427681
786807,0.594435505742553
786808,0.9995314708692937
786809,0.024525457799135827
786810,0.7979016945123267
786811,0.9996416782847386
786812,0.026131502302560953
786813,0.959845469438344
786814,0.999491672057822
786815,0.06608534959243458
786816,0.9995663125435893
786817,0.7241176076107573
786818,0.9906879568442943
786819,0.13722610931389106
786820,0.5252782576068712
786821,0.0691989545061166
786822,0.9751781289569038
786823,0.9998627141802615
786824,0.9990580615578615
786825,0.999890303610981
786826,0.9840861026878256
786827,0.3122779280588634
786828,0.9991506538244761
786829,0.9671672989114986
786830,0.9870030436480557
786831,0.9626397528147801
786832,0.9154822890848997
786833,0.9842755792137585
786834,0.9192214430184098
786835,0.9654972790554561
786836,0.9998220937580997
786837,0.9992633090357883
786838,0.6995195588722146
786839,0.3879180758230601
786840,0.9750750583136005
786841,0.5650331734678494
786842,0.9762926672926784
786843,0.9998859686325393
786844,0.9998628110641039
786845,0.9426567831376178
786846,0.6209219580357644
786847,0.6137308093461303
786848,0.0459803923761916
786849,0.827265703006708
786850,0.9965398842645823
786851,0.4138104424930304
786852,0.999897444602135
786853,0.7420082782566039
786854,0.9998966353507587
786855,0.9683359095158519
786856,0.5421118556345007
786857,0.9998524546289105
786858,0.0053647398908815815
786859,0.2416494843456709
786860,0.9996881838361493
786861,0.9569643950189093
786862,0.44831573886817805
786863,0.9886447122485228
786864,0.9999918213758229
786865,0.047375090208661076
786866,0.9998689961981029
786867,0.9936021394464851
786868,0.9988101900125463
786869,0.41275746754422954
786870,0.872946182746139
786871,0.8228330960376906
786872,0.5711111977613212
786873,0.18482836989768636
786874,0.906501869499442
786875,0.9977504466627796
786876,0.9998672690393658
786877,0.031117825667460054
786878,0.10851867072408371
786879,0.9999245594405737
786880,0.9997539085239164
786881,0.9904340118973516
786882,0.9683984440690414
786883,0.5447256442839613
786884,0.9996202090722975
786885,0.9662530588276668
786886,0.5522668794232642
786887,0.9989298608091919
786888,0.9995422272512211
786889,0.13618399621679952
786890,0.046669518485252345
786891,0.9999806592911136
786892,0.9967962564414257
786893,0.9940483351137639
786894,0.7836830258980663
786895,0.9989844012818366
786896,0.6976201133444802
786897,0.999922199106313
786898,0.9993992260892501
786899,0.9956123819434907
786900,0.834302276652643
786901,0.9927240393009692
786902,0.9800617520037689
786903,0.9943668996960768
786904,0.9612572364820755
786905,0.7037322669336552
786906,0.9971171687326718
786907,0.9945714513475037
786908,0.10706743458058915
786909,0.019847758260131833
786910,0.9997308394097593
786911,0.9951591931440077
786912,0.9620893834507052
786913,0.9999346162389324
786914,0.6906521004884097
786915,0.9884140072452294
786916,0.011880318854157777
786917,0.8068608294543405
786918,0.14541806220481235
786919,0.9492129343313556
786920,0.9998369274089717
786921,0.9975263416535778
786922,0.4716300207228028
786923,0.9686722161641657
786924,0.7802597128715619
786925,0.9999773467403051
786926,0.5074438253154705
786927,0.6284680038467851
786928,0.2088366864661011
786929,0.8563914161547279
786930,0.9179514362211236
786931,0.9997445779641823
786932,0.2607168939373821
786933,0.9992500843397915
786934,0.9996943562445522
786935,0.21166991706922444
786936,0.9991665323645407
786937,0.9395228411500666
786938,0.7656031016095421
786939,0.998340314393049
786940,0.9782934016605112
786941,0.9998526720433318
786942,0.9949842535718046
786943,0.5698846191427853
786944,0.9999442263959211
786945,0.06100838768380244
786946,0.6779760127295125
786947,0.991808031183415
786948,0.1121181446229653
786949,0.9999351304630371
786950,0.9278903496561768
786951,0.01226465127868094
786952,0.9918150154673719
786953,0.9999908401260259
786954,0.377424207021751
786955,0.9965210142336144
786956,0.22352992296190122
786957,0.8140628252393538
786958,0.9970750045423008
786959,0.022674072232383966
786960,0.9990384972956078
786961,0.9998053787970794
786962,0.6886133816379094
786963,0.9951856602045881
786964,0.9961652434922408
786965,0.024336425705683166
786966,0.7381658408142949
786967,0.9741583531921637
786968,0.9878850127073175
786969,0.8876137314742131
786970,0.488185999203565
786971,0.4963161574377196
786972,0.9973391513539707
786973,0.9995084744862541
786974,0.9088134985241024
786975,0.5139926292320675
786976,0.5292346264963799
786977,0.9994384440924476
786978,0.4426326437406082
786979,0.7733302364845747
786980,0.9368174880289329
786981,0.11502191643720719
786982,0.9996408716474128
786983,0.024941238723897072
786984,0.9963740932082706
786985,0.00957403002199076
786986,0.9994534122389632
786987,0.3039555084147372
786988,0.9998919755243671
786989,0.9980464863279753
786990,0.9913628034351379
786991,0.18911404381206193
786992,0.9996122901113955
786993,0.9959044322271932
786994,0.9998797055809157
786995,0.9873642240346194
786996,0.2330338051481805
786997,0.08937426920155062
786998,0.9997074049919554
786999,0.030656675283930877
787000,0.062158156301211395
787001,0.0545908868286042
787002,0.8839734431637164
787003,0.8117188609867585
787004,0.6692273231902012
787005,0.9979127917810299
787006,0.7467204085874154
787007,0.9993897849212493
787008,0.355210054232165
787009,0.07812105544581495
787010,0.9981270108123548
787011,0.9971705132698874
787012,0.6060026503661156
787013,0.9983736608572376
787014,0.09569338253402555
787015,0.7585953615781817
787016,0.05320343603933913
787017,0.9979934158620806
787018,0.9925474789067735
787019,0.3094814199650057
787020,0.9968005855946412
787021,0.010984938871819455
787022,0.930722191603798
787023,0.9955919241603004
787024,0.9216415050112337
787025,0.037524807002252074
787026,0.999540841553498
787027,0.2518838902856538
787028,0.4986573027115939
787029,0.9996351623336421
787030,0.9995797634551337
787031,0.9999791064573034
787032,0.9706933789204609
787033,0.051133705508440076
787034,0.9929580980151984
787035,0.997992513609624
787036,0.9997965510543021
787037,0.507060849277879
787038,0.005641918663467315
787039,0.03867436130928634
787040,0.627225721267205
787041,0.9999835552007651
787042,0.9899089302921044
787043,0.09845862591661475
787044,0.5703347217543888
787045,0.8073230636850367
787046,0.8055523108071029
787047,0.9774375879934354
787048,0.027050914604557552
787049,0.7711605854935552
787050,0.5200851910108031
787051,0.011099961178822889
787052,0.4366830533785307
787053,0.0033934348188427474
787054,0.040135737492547244
787055,0.2153853379046109
787056,0.014340659692615564
787057,0.786482627497048
787058,0.049361036955331894
787059,0.8128950611050028
787060,0.3447032114070401
787061,0.9999776402028517
787062,0.8793037982531102
787063,0.07496903903190241
787064,0.37606818945351755
787065,0.008047870482451603
787066,0.22264947254301173
787067,0.05894642027089543
787068,0.9522388446922582
787069,0.9981008733035983
787070,0.9996947205195763
787071,0.6771598564726757
787072,0.17863384209927613
787073,0.626927106621854
787074,0.9984691091601939
787075,0.9796869443809512
787076,0.8021270906431793
787077,0.5129284863756248
787078,0.9967421543381432
787079,0.9969110062467376
787080,0.2795645759460406
787081,0.07284353325818965
787082,0.09866852638131332
787083,0.9996305929663303
787084,0.9974371395734337
787085,0.9999847125678396
787086,0.9998677601766386
787087,0.1491545028070908
787088,0.6581924065936273
787089,0.9998454553584923
787090,0.9999745953784318
787091,0.9982607883037824
787092,0.9913909104266958
787093,0.7923125032331569
787094,0.0502280617872932
787095,0.011333570935534623
787096,0.8996770449366249
787097,0.9304507806557183
787098,0.40066573385447657
787099,0.9999388121801956
787100,0.9997497968943645
787101,0.7439728869944898
787102,0.9947274249281888
787103,0.9939360490142372
787104,0.2896896984099035
787105,0.999986572090424
787106,0.8332390827104856
787107,0.9979682525386526
787108,0.998306168414723
787109,0.3345843462245761
787110,0.13870754452588865
787111,0.981789123881888
787112,0.7920868733463934
787113,0.987496767865234
787114,0.6786418839629711
787115,0.9994166199744055
787116,0.9974840115483079
787117,0.9997936276377555
787118,0.9997511505497874
787119,0.9996691143236234
787120,0.9999555407018272
787121,0.923339708324492
787122,0.9092542466100462
787123,0.9887028945225974
787124,0.580147309628169
787125,0.026213786421015888
787126,0.19737082488711158
787127,0.8749454071267989
787128,0.983242339135304
787129,0.9997844639776143
787130,0.7335352539756057
787131,0.6241235420580241
787132,0.9035984989945196
787133,0.40006650771161617
787134,0.9176233401897318
787135,0.16974520138337656
787136,0.996585470153702
787137,0.06091827457196193
787138,0.7753827967237945
787139,0.9235557076003691
787140,0.98758843012147
787141,0.9990674510019733
787142,0.9998440144582968
787143,0.8392037596335307
787144,0.9968486022045044
787145,0.9271671047549122
787146,0.12677501716700218
787147,0.9643531006424073
787148,0.9999027586588294
787149,0.8502787144875374
787150,0.9992343901097374
787151,0.51401252610338
787152,0.6162062665402065
787153,0.04953629114941513
787154,0.36034804946982335
787155,0.3480353561952421
787156,0.9981933435439254
787157,0.999905018371103
787158,0.5256279130533027
787159,0.9998231732025195
787160,0.998299616290973
787161,0.9785403844099991
787162,0.7543014051632024
787163,0.26027441554003694
787164,0.039722247576306234
787165,0.911057103178023
787166,0.9979432406850937
787167,0.39761447139660233
787168,0.08990751185909793
787169,0.9337129572423438
787170,0.9992889006227158
787171,0.8191972455113348
787172,0.38500668417793205
787173,0.22587851785036986
787174,0.14420835650620528
787175,0.5676995006758303
787176,0.9985824504004852
787177,0.788205813240699
787178,0.9999557624502251
787179,0.8823821840013419
787180,0.24194484555981535
787181,0.9999063948340964
787182,0.5744169299810737
787183,0.9921923871105134
787184,0.9999209530288186
787185,0.9998562837891616
787186,0.29215950413150593
787187,0.9978742922398618
787188,0.13170897234662995
787189,0.9960788484802006
787190,0.9997302035628619
787191,0.3839564897289426
787192,0.9996579365643458
787193,0.9999172716073794
787194,0.9060588762919084
787195,0.9554219964862665
787196,0.9842663804915373
787197,0.6851534704455555
787198,0.6536884543360013
787199,0.9926549989140617
787200,0.44934916013969006
787201,0.8483415315250693
787202,0.985197996402297
787203,0.8821347735342646
787204,0.8055417623985741
787205,0.981914160243192
787206,0.7806710408460078
787207,0.9999448235578264
787208,0.9996186709566683
787209,0.3685364532857998
787210,0.9933709863895643
787211,0.9999694614625068
787212,0.9456938437364601
787213,0.9999434634928339
787214,0.9998100585668037
787215,0.08197244343574189
787216,0.7851700108615468
787217,0.15449458700406898
787218,0.6085718420567016
787219,0.9599178557147496
787220,0.902245937086041
787221,0.9977825293995821
787222,0.5134729532095308
787223,0.015960816237947158
787224,0.9580188210072302
787225,0.2146489951932378
787226,0.9844134959834466
787227,0.13932171265732696
787228,0.9947673270500184
787229,0.24906337646335086
787230,0.9981112756305294
787231,0.9944216855707462
787232,0.8301559832263097
787233,0.7983335878190299
787234,0.025820336023040964
787235,0.9184286821447707
787236,0.9670253339925163
787237,0.7444290234390185
787238,0.9991607816945551
787239,0.1309020676606547
787240,0.11048992305673433
787241,0.07127507785057542
787242,0.9998243191879836
787243,0.08539094260638312
787244,0.9998212436437086
787245,0.9994686375242754
787246,0.6560562006377371
787247,0.5171002977855221
787248,0.501013513043215
787249,0.6747146642261909
787250,0.9370199097115979
787251,0.9998167328795156
787252,0.9464195610338652
787253,0.023304192020630173
787254,0.4469299429390774
787255,0.729286804098366
787256,0.579843463767264
787257,0.8567000591968876
787258,0.9965907248851862
787259,0.9999515977406176
787260,0.08098977808290803
787261,0.015311487166156806
787262,0.999017760382945
787263,0.9998960709934823
787264,0.49760603976152906
787265,0.2571708509478255
787266,0.9999795524319601
787267,0.9993546035939509
787268,0.6623524678883355
787269,0.037262631934514616
787270,0.9999914698560708
787271,0.0624836104305923
787272,0.9988482960191958
787273,0.9999179660342532
787274,0.6754522163913822
787275,0.5517788214634672
787276,0.9994210484742325
787277,0.021948583855727233
787278,0.9999358197103629
787279,0.10237981200383062
787280,0.9147742911840788
787281,0.9982289787210759
787282,0.05939096643770418
787283,0.991475775881175
787284,0.946632345367391
787285,0.9968698007585339
787286,0.9971981985326739
787287,0.9998973603000871
787288,0.6898583699822562
787289,0.9999054649683854
787290,0.3058149619889885
787291,0.9988899761112933
787292,0.9482583838356435
787293,0.17423146271266118
787294,0.47916122108922427
787295,0.9977512364635339
787296,0.9472849837552058
787297,0.9974222929738905
787298,0.009169552185476222
787299,0.9999276771155083
787300,0.6761008775370234
787301,0.9933873308668311
787302,0.6680610896209185
787303,0.605958391258492
787304,0.9827331811450928
787305,0.9999024218118764
787306,0.2226307478606746
787307,0.9999724192619845
787308,0.9914987454457815
787309,0.013088311358915878
787310,0.9914284227418191
787311,0.9996449391115991
787312,0.5877463007444155
787313,0.9999905914588971
787314,0.9150478507930533
787315,0.9999881186040698
787316,0.027382089592891776
787317,0.996834292309769
787318,0.06147741079042306
787319,0.9205478664898129
787320,0.9998124022447822
787321,0.5154939888354315
787322,0.9969000684551169
787323,0.926119642464711
787324,0.999878377174461
787325,0.22286504589270495
787326,0.8474837779939852
787327,0.9998534792054895
787328,0.9988204089419838
787329,0.03858470267230083
787330,0.046929961743626146
787331,0.9303973920864643
787332,0.048814673575972564
787333,0.2801654830733485
787334,0.022491738583668066
787335,0.9972233257059584
787336,0.9982136288386766
787337,0.23875092765728312
787338,0.12071122852885736
787339,0.9341447708770261
787340,0.9967524188868898
787341,0.05033978633426827
787342,0.9471285606619874
787343,0.9999068270373821
787344,0.9994662629032822
787345,0.9997030177660696
787346,0.9999931451788115
787347,0.9987385052619719
787348,0.9951806178198135
787349,0.9995815358604241
787350,0.9788142363820866
787351,0.999949924770809
787352,0.9723241600101329
787353,0.9999609952051385
787354,0.9966219345615841
787355,0.16256463548423353
787356,0.11511049302299481
787357,0.9983669903185377
787358,0.9999018595005018
787359,0.9985756986974287
787360,0.9918666699674169
787361,0.9996064965814576
787362,0.9268039537274149
787363,0.9404368078499559
787364,0.1035047203144736
787365,0.07648755032799423
787366,0.9372044482386293
787367,0.010781541716338877
787368,0.3422827641747142
787369,0.01661777947091146
787370,0.9967031312866228
787371,0.91936471809667
787372,0.9309696542463011
787373,0.481289266763955
787374,0.9995662614557477
787375,0.7001522291241639
787376,0.027886210207314
787377,0.9995839819385971
787378,0.10628243463865937
787379,0.999992993874953
787380,0.9998778605392559
787381,0.9999090334402395
787382,0.3952419243605918
787383,0.4242105766173465
787384,0.9986709000644151
787385,0.9432791604609831
787386,0.9877986438568906
787387,0.02450858568436135
787388,0.9863805631652122
787389,0.5656441569720763
787390,0.09384085739709976
787391,0.3007453270843394
787392,0.9990289878193161
787393,0.3048969903629615
787394,0.729818252815872
787395,0.4162963599921062
787396,0.5146503038030846
787397,0.9439936160253721
787398,0.5634358220990343
787399,0.9992839459881304
787400,0.7367647821597398
787401,0.9999836594763878
787402,0.9747422778186857
787403,0.07923401440972914
787404,0.8439964149027483
787405,0.479148711870757
787406,0.9936785665955318
787407,0.9941542644658993
787408,0.8064354024134095
787409,0.9999372057698945
787410,0.9737503325285961
787411,0.7134180854874377
787412,0.9975479681861817
787413,0.7125006517497912
787414,0.8985446621289916
787415,0.11252726266783986
787416,0.5750116552657928
787417,0.9876326600619798
787418,0.9978414078458075
787419,0.9998345999381042
787420,0.4946674499982687
787421,0.3173179457827449
787422,0.49423272741415225
787423,0.9982335536077542
787424,0.17732467973804822
787425,0.9999882962676816
787426,0.17436203989104004
787427,0.5230464645357433
787428,0.44540606158278034
787429,0.28196462013361695
787430,0.9999742344428384
787431,0.914066313334046
787432,0.9894501297607011
787433,0.8284475454513449
787434,0.9999001800072016
787435,0.9948766649299898
787436,0.002762435145626584
787437,0.9988416357647487
787438,0.6755464119831525
787439,0.18397105978237968
787440,0.04392409419333387
787441,0.0761360140511968
787442,0.07508794498275118
787443,0.948390019066963
787444,0.9995894075471303
787445,0.847899321368222
787446,0.9657037686154968
787447,0.34879798039081666
787448,0.303669488470375
787449,0.9762378217530694
787450,0.01564871793961378
787451,0.9866420984638182
787452,0.9983968699327648
787453,0.9998037119291291
787454,0.2937752180879589
787455,0.7839871842947002
787456,0.6020919974206678
787457,0.2634203211911476
787458,0.0267230296835094
787459,0.9823443096205933
787460,0.9993380383601089
787461,0.9994035525747462
787462,0.7992922321857974
787463,0.9498701084188783
787464,0.9862202988600335
787465,0.4363559409882113
787466,0.9994359498498753
787467,0.09117289208630239
787468,0.0649983456402786
787469,0.7943021090947764
787470,0.9789228622300647
787471,0.09492435607157296
787472,0.017239829019535708
787473,0.9999915464676227
787474,0.9915833544348785
787475,0.9999208509867643
787476,0.09073034047484826
787477,0.66361081767585
787478,0.9719978742172883
787479,0.0013571509110151805
787480,0.09428323380347933
787481,0.7261996372698394
787482,0.9998170476601806
787483,0.9620371351778758
787484,0.9585749532084868
787485,0.20400750833609382
787486,0.3872863123503073
787487,0.32286851915260495
787488,0.23661064393050196
787489,0.9999758623903392
787490,0.9135934107015158
787491,0.8642712607536577
787492,0.006808387528766506
787493,0.9933370018176436
787494,0.014086679514647473
787495,0.05271565817758247
787496,0.05015358474093343
787497,0.08081385742048261
787498,0.6491404700462234
787499,0.6539686223849696
787500,0.6318797687251037
787501,0.02467057581207139
787502,0.9997882628006801
787503,0.9996752473714661
787504,0.875110737834535
787505,0.6867489543418359
787506,0.8352871477580506
787507,0.10649154536872654
787508,0.9171425201347874
787509,0.998951368282883
787510,0.8201958855036795
787511,0.028920225523842914
787512,0.9998919828931664
787513,0.9155716005029718
787514,0.01437875293237477
787515,0.8723260371789425
787516,0.013438242905485023
787517,0.8172731707651179
787518,0.9987138333264346
787519,0.4632628066327715
787520,0.9253959673701102
787521,0.057097454981473075
787522,0.7190462043780437
787523,0.4170133179817106
787524,0.9998710744743313
787525,0.009030669047265598
787526,0.920553528618431
787527,0.4929322222730419
787528,0.03339092218008534
787529,0.9999467485415967
787530,0.06536248797283717
787531,0.9961224033373425
787532,0.10244953026601744
787533,0.08412164086651863
787534,0.6743864821991028
787535,0.9456152413373768
787536,0.5081355997445344
787537,0.9995341389182517
787538,0.9904764952919396
787539,0.9424743416706572
787540,0.32429988929268694
787541,0.34422624581106687
787542,0.2986072075902735
787543,0.9873383771384969
787544,0.7318689143178507
787545,0.045974060421702045
787546,0.9992546141041267
787547,0.4587353996289172
787548,0.28246171329470016
787549,0.9483660748551712
787550,0.9429096215553456
787551,0.4512226361562204
787552,0.9990397390302527
787553,0.04284115223305334
787554,0.34669869244521406
787555,0.8653368758920914
787556,0.9999698074479915
787557,0.007245767928670097
787558,0.043435349469202876
787559,0.4684517810653029
787560,0.9854413427087242
787561,0.7683644075880686
787562,0.9999680157044191
787563,0.9969123265527124
787564,0.9999742605826919
787565,0.6169423912289783
787566,0.942171343034501
787567,0.9907691332384234
787568,0.9999817163287158
787569,0.8976744942323425
787570,0.9966936138397873
787571,0.9998794237193502
787572,0.8954296675325695
787573,0.8942055786171623
787574,0.8369781829939192
787575,0.03431265836118733
787576,0.003212181474081403
787577,0.020858345271371686
787578,0.0224402629565906
787579,0.8922899497636458
787580,0.9987355059497911
787581,0.9966931471843691
787582,0.9731570433860546
787583,0.31013436431439534
787584,0.9998651983337683
787585,0.9977865208921622
787586,0.2079643476434159
787587,0.46938236754452745
787588,0.9985496995891997
787589,0.5614291064146112
787590,0.9994016953835115
787591,0.4869643783858285
787592,0.30624296643262267
787593,0.9914856110851779
787594,0.9670216944841286
787595,0.9999459527642458
787596,0.980001786666789
787597,0.999386708975714
787598,0.00919732622408089
787599,0.991387436136439
787600,0.9998549583427161
787601,0.05220091848515382
787602,0.9993643743790898
787603,0.6703756336252206
787604,0.9998902088376342
787605,0.9838536496491588
787606,0.9724316078140046
787607,0.9972051464537861
787608,0.16222256098541274
787609,0.277474842833968
787610,0.9930576785464695
787611,0.39367195811722266
787612,0.02855404939093311
787613,0.9980969506683282
787614,0.9994964648684271
787615,0.6939894192524643
787616,0.29962056316265834
787617,0.6515512122159706
787618,0.867397073124748
787619,0.9863699532150653
787620,0.06291516345185474
787621,0.22381474186505218
787622,0.6070116109943555
787623,0.9984867401760669
787624,0.9996190349875289
787625,0.8592054219386502
787626,0.9966431637457438
787627,0.9979861868377435
787628,0.046283322562978284
787629,0.04515124878583444
787630,0.9953886844900456
787631,0.9933606786336345
787632,0.9998795032220841
787633,0.8962138552185241
787634,0.9202427717590571
787635,0.9978863134066238
787636,0.9929908066333742
787637,0.6470893494981832
787638,0.16830207151668986
787639,0.9998622399833976
787640,0.04878083501843579
787641,0.5707238823459784
787642,0.604724309819191
787643,0.9255441720026525
787644,0.8552412833354559
787645,0.6997253407500499
787646,0.8548519202151073
787647,0.9974706370352229
787648,0.9967093714796484
787649,0.990420939292588
787650,0.9741110847389057
787651,0.8991530112572813
787652,0.9126328735836784
787653,0.8973595643372222
787654,0.9999364744948345
787655,0.026027826067374086
787656,0.7722610194988382
787657,0.9888832881350302
787658,0.9993222438385442
787659,0.9554331689627256
787660,0.7613239271809877
787661,0.9996684179450464
787662,0.012293487365160949
787663,0.9958186935743342
787664,0.2534940175862166
787665,0.9839052544519367
787666,0.9947389929001346
787667,0.9818059214606614
787668,0.9999381707847133
787669,0.8525299637462467
787670,0.4995283148018421
787671,0.9562537500536542
787672,0.08966647223242338
787673,0.21660727985213946
787674,0.9999009299263539
787675,0.9996641221242157
787676,0.9986001503696694
787677,0.9990083801999596
787678,0.9996586919667367
787679,0.8960452816363879
787680,0.8794778514112476
787681,0.999656640510729
787682,0.9939322172398581
787683,0.9940297779098535
787684,0.7672315441163691
787685,0.5002536198018936
787686,0.12651187781926307
787687,0.8949026568825531
787688,0.051731240533102456
787689,0.9958215379218159
787690,0.9472496398853639
787691,0.9672642934652738
787692,0.7225380457351431
787693,0.12321938680381683
787694,0.7223042292918554
787695,0.9981303620031112
787696,0.8750280127855408
787697,0.9357968722472814
787698,0.6679719379134599
787699,0.2968606310562295
787700,0.9997864332448343
787701,0.9998467011337481
787702,0.16173304153323775
787703,0.01632268601522512
787704,0.9798286712647117
787705,0.717287345461948
787706,0.9999744217020965
787707,0.041726460464903886
787708,0.4438625880111295
787709,0.9999602243895407
787710,0.9995509451752197
787711,0.8888070551974817
787712,0.14266520624671042
787713,0.02362341021569473
787714,0.9850112823765407
787715,0.30460848508552946
787716,0.9996913286924063
787717,0.9817651641894816
787718,0.9973781370087879
787719,0.2565540709043147
787720,0.9981687250831066
787721,0.9980504248276718
787722,0.999840755019902
787723,0.7977051966395015
787724,0.9982909074337438
787725,0.9998868984278351
787726,0.9935745087974865
787727,0.3111176907986804
787728,0.999752439613076
787729,0.9999521088727135
787730,0.23912129236722435
787731,0.9489240485232739
787732,0.9997610000125714
787733,0.9914011434336727
787734,0.9934608066605157
787735,0.9999082862039876
787736,0.8949918702138828
787737,0.07314244282891912
787738,0.9996621140976018
787739,0.9903355216972176
787740,0.9999158540348598
787741,0.4882702034365798
787742,0.9999829275340526
787743,0.540175078224737
787744,0.8341674157842043
787745,0.9999735688660827
787746,0.9953577827724088
787747,0.9999860013873207
787748,0.538865760368288
787749,0.6975741335651878
787750,0.9991343510732081
787751,0.6563807183562056
787752,0.35886993267193346
787753,0.10108420731474782
787754,0.9998973055611368
787755,0.9816273417753301
787756,0.27963405119885526
787757,0.6217802108237944
787758,0.9668796736988869
787759,0.9999474410655227
787760,0.9512249895771082
787761,0.24976423548114823
787762,0.9977691715737421
787763,0.9922902017749538
787764,0.04967356102080673
787765,0.013586795550747134
787766,0.9996079353767906
787767,0.9809411899427753
787768,0.6048283271809305
787769,0.7274492941308541
787770,0.4136111758065405
787771,0.9977470770189297
787772,0.7530782845249192
787773,0.5521072638210845
787774,0.017008770723977218
787775,0.9472715802654778
787776,0.998602170350502
787777,0.8008560803684655
787778,0.1406924634829873
787779,0.9970650820488942
787780,0.9998706166419002
787781,0.997825684787396
787782,0.9994016028157218
787783,0.7959570254971442
787784,0.9999473541979896
787785,0.9997716184040859
787786,0.9734707155824616
787787,0.003326066115416604
787788,0.9823025968540485
787789,0.8597162342590989
787790,0.9984550761717361
787791,0.970614404940286
787792,0.5136585665227263
787793,0.9997511586895376
787794,0.49721843050404957
787795,0.9319676944252676
787796,0.9999772653705027
787797,0.9376392259565931
787798,0.9390112273217962
787799,0.9325346557327235
787800,0.6756718618971226
787801,0.9949867131635413
787802,0.9721937793150099
787803,0.01875500487513336
787804,0.999260190892205
787805,0.4599310999773396
787806,0.8491407814618603
787807,0.029359818915024073
787808,0.9788114612101707
787809,0.9214410225032466
787810,0.9963345811475068
787811,0.967314081699497
787812,0.720480396241193
787813,0.3627518576342735
787814,0.5573085131067896
787815,0.008547490600007486
787816,0.9993106741671333
787817,0.8409011875040355
787818,0.6904132327335883
787819,0.999563648358827
787820,0.9870654317533699
787821,0.9994752319895425
787822,0.820622979528354
787823,0.9531795287052114
787824,0.9997913784446512
787825,0.3871523856566542
787826,0.7772996657014908
787827,0.6702736472269953
787828,0.9970826227868879
787829,0.9971182658721288
787830,0.08078094811267525
787831,0.8455255719409172
787832,0.9406005856456362
787833,0.4099715229105897
787834,0.9639385821833779
787835,0.9385609871132687
787836,0.9908416036225453
787837,0.9994715514619619
787838,0.9966603020968218
787839,0.5613126402343617
787840,0.014448724409435747
787841,0.9998836736378356
787842,0.9994783187955126
787843,0.9999837784849401
787844,0.9988196076685842
787845,0.9999300077762632
787846,0.9965258520761879
787847,0.9988097565194289
787848,0.8436868705019325
787849,0.9998905067917407
787850,0.20088346982645477
787851,0.9765980687584631
787852,0.13854869493406718
787853,0.672208022767734
787854,0.5877062253521682
787855,0.9061372304150578
787856,0.9999437096936039
787857,0.12601723529015232
787858,0.9641023643727777
787859,0.529583983209955
787860,0.9997181699497749
787861,0.20351132881155076
787862,0.9271260890164801
787863,0.9992632791301594
787864,0.9995813372057143
787865,0.11861959927870237
787866,0.9882981576963555
787867,0.8875607774217401
787868,0.9954142225227416
787869,0.06554996515001212
787870,0.9996237498705025
787871,0.9986542436703619
787872,0.7237016570317573
787873,0.999279032211317
787874,0.795041091131226
787875,0.9909477857620248
787876,0.353357719907634
787877,0.9951588787317669
787878,0.36852350046204896
787879,0.9838891091155422
787880,0.9998900283012939
787881,0.9908036672562933
787882,0.9953277298004328
787883,0.995615539419478
787884,0.9997781458895514
787885,0.2689711119461824
787886,0.8890011380803423
787887,0.05435934474927681
787888,0.9998191147055452
787889,0.0031317902249297707
787890,0.6739872238456421
787891,0.9988845134338058
787892,0.8370728211052592
787893,0.9999345178002119
787894,0.7286044050741534
787895,0.9996823865719248
787896,0.99996515879666
787897,0.9982169712903525
787898,0.9649307046846494
787899,0.021470476685599968
787900,0.6742066761699943
787901,0.997154874589588
787902,0.9993070205466517
787903,0.007125008788489984
787904,0.859643700661934
787905,0.9997562089143791
787906,0.2507848408495655
787907,0.09760811229660697
787908,0.538796765330065
787909,0.9999688441856397
787910,0.9984300834194095
787911,0.330860955931907
787912,0.999981008927324
787913,0.30483081074519724
787914,0.9996331491717245
787915,0.9986727194902134
787916,0.8852546245583962
787917,0.9920028266893102
787918,0.9997155916090221
787919,0.9966785433316915
787920,0.18880312840626118
787921,0.9988348271482252
787922,0.9999697057187333
787923,0.9998547252095376
787924,0.3414037256550426
787925,0.9378316854444345
787926,0.9734715306555883
787927,0.32327949613953033
787928,0.25305768292561326
787929,0.15184156836048923
787930,0.05664494403072644
787931,0.8632550929320922
787932,0.012133519201231895
787933,0.991368868152293
787934,0.9971190237566802
787935,0.9961385461671153
787936,0.9355780980192134
787937,0.9998563765889203
787938,0.9994960716242887
787939,0.9998281857061097
787940,0.010268438546203457
787941,0.01291763005598166
787942,0.4523100902262698
787943,0.9984656827589078
787944,0.9998079313311954
787945,0.9855622288451449
787946,0.7018027064882553
787947,0.8690172514382644
787948,0.99970940874094
787949,0.9999434837068719
787950,0.9989778324527011
787951,0.28030084642536407
787952,0.23250098908460962
787953,0.12389695877608826
787954,0.9998917107247514
787955,0.08914501273437268
787956,0.08463053198890236
787957,0.8601677367170795
787958,0.25332325706767456
787959,0.05232061070764368
787960,0.8510216910802302
787961,0.9997137271524028
787962,0.24786273346695206
787963,0.9669783672981345
787964,0.9995467231227126
787965,0.9889054403305149
787966,0.9998863586346817
787967,0.8821880241528068
787968,0.04242413356315956
787969,0.8790769653740729
787970,0.9820736738407994
787971,0.9999571166034789
787972,0.9998278275190797
787973,0.6606821747280729
787974,0.9999026832171308
787975,0.0704155032501559
787976,0.5367695023327027
787977,0.7196011770803898
787978,0.15280696236488467
787979,0.9238044660474607
787980,0.30433485404108657
787981,0.2003664068313452
787982,0.3887026887295065
787983,0.999933114276615
787984,0.007380452733678405
787985,0.9474702462364475
787986,0.9984582996191085
787987,0.12685818655674075
787988,0.9987534388141758
787989,0.9892849254879059
787990,0.08409127518662574
787991,0.9685002821447939
787992,0.9995608647219353
787993,0.0907074447059179
787994,0.9997617842624762
787995,0.9996804349977084
787996,0.9994349447394294
787997,0.9982362959119457
787998,0.9999432794399948
787999,0.17595512722719192
788000,0.9996368347575924
788001,0.24228772903262144
788002,0.007231479691042284
788003,0.9997990279835731
788004,0.5820852943356529
788005,0.999747986151009
788006,0.1519125409789882
788007,0.9928682650235615
788008,0.8988334157670612
788009,0.9996758693106143
788010,0.4006134221698778
788011,0.9998256225648414
788012,0.007161204818077939
788013,0.34007252787446307
788014,0.06997140106810935
788015,0.385250665920942
788016,0.3207271475277853
788017,0.9986194292725223
788018,0.9970293214012815
788019,0.9995897405029917
788020,0.5911144477212137
788021,0.017779940473891732
788022,0.01511327549094928
788023,0.9994853913897186
788024,0.73307778833651
788025,0.9994789206206907
788026,0.9798962265836726
788027,0.9167919222343427
788028,0.5120372963186529
788029,0.9152639433530245
788030,0.9995339350790657
788031,0.06397503680834539
788032,0.9999705216301289
788033,0.9366086386911572
788034,0.13612704832470382
788035,0.9999298338694709
788036,0.9997930791727752
788037,0.2857321278940884
788038,0.9992673927928246
788039,0.9918215198605089
788040,0.9917965650962937
788041,0.9820111278868813
788042,0.09131451355920729
788043,0.9999965616109824
788044,0.8426980557258827
788045,0.01578442724645905
788046,0.01659491230422559
788047,0.9992778034681276
788048,0.00805770168130768
788049,0.51198210650022
788050,0.9998006440458402
788051,0.9999524391608041
788052,0.9601646317366228
788053,0.7103037304840961
788054,0.9997310396981094
788055,0.5084809494891643
788056,0.9546975276081127
788057,0.9998479094907695
788058,0.09370618706734901
788059,0.9964971080930947
788060,0.9905810028741315
788061,0.13303023530988523
788062,0.9985672133143678
788063,0.9996497716228366
788064,0.9348280855837696
788065,0.9999951917091505
788066,0.999964552115957
788067,0.7191692283259101
788068,0.9992413393905102
788069,0.958888894571764
788070,0.055582979160500666
788071,0.08224743139720728
788072,0.03901860299642114
788073,0.750853301077433
788074,0.12274159670102938
788075,0.9980149299875075
788076,0.9798967333087495
788077,0.13105969970649528
788078,0.5168239338043924
788079,0.19862039568140374
788080,0.009205134275993314
788081,0.21345036064118303
788082,0.998453843695992
788083,0.7891548217677676
788084,0.9222130439515066
788085,0.9995648262835838
788086,0.32945187709486484
788087,0.3239532855498592
788088,0.6377215329149518
788089,0.9978928575568993
788090,0.14017596817320765
788091,0.9420190850227146
788092,0.6422565598146245
788093,0.7773511945156683
788094,0.342367424916878
788095,0.34441483019000513
788096,0.26824283646165675
788097,0.08907437852017458
788098,0.9997845874223148
788099,0.9998720361328408
788100,0.36111785940527463
788101,0.023695288724812316
788102,0.9636792455452574
788103,0.5632777001513032
788104,0.9999889540032801
788105,0.9873449105197134
788106,0.40817552341787877
788107,0.9970595805597087
788108,0.36680166844557255
788109,0.4584451585654892
788110,0.9359001629276804
788111,0.9996951269237708
788112,0.910819044968715
788113,0.09618248214949818
788114,0.999963071462501
788115,0.7045245620821772
788116,0.00250591676082938
788117,0.9942603052885727
788118,0.56940236159174
788119,0.9983261974297295
788120,0.2727893943966174
788121,0.7293119867425235
788122,0.9971345273980784
788123,0.9862835510890811
788124,0.6466187561383806
788125,0.19024512136274518
788126,0.9955360648417277
788127,0.9685872598773516
788128,0.8648365083801421
788129,0.12856092167164254
788130,0.3418582713490903
788131,0.9883233432592358
788132,0.03890474966716546
788133,0.7149701702139866
788134,0.6280466286646328
788135,0.999658086669173
788136,0.4337427417587517
788137,0.27722133620924044
788138,0.11739533811406216
788139,0.9949748942688874
788140,0.9800132161754724
788141,0.7630631649812386
788142,0.8035421426106378
788143,0.999617738219658
788144,0.8904817156994118
788145,0.9989872163497793
788146,0.6333586190542898
788147,0.9999703421303844
788148,0.9999620548092687
788149,0.7197374518953901
788150,0.9865928120795365
788151,0.43779679717159664
788152,0.6026529869493096
788153,0.013945877236914452
788154,0.9650837913766187
788155,0.9999589218844973
788156,0.1846808423178059
788157,0.4568904769139113
788158,0.35375051948155833
788159,0.9998271500846609
788160,0.9995882950756201
788161,0.9741159806489101
788162,0.08005697656174267
788163,0.9931096787985805
788164,0.9105075430640696
788165,0.04347126658539341
788166,0.29466786580808557
788167,0.9266057893824007
788168,0.9993771245661711
788169,0.5028069187919788
788170,0.9989923784287132
788171,0.9980136583642895
788172,0.12444480457068881
788173,0.34356798673634703
788174,0.999307904425621
788175,0.3847035474573408
788176,0.9987543691954539
788177,0.5240087791652099
788178,0.999839639793302
788179,0.579541449061988
788180,0.9607142227455251
788181,0.999106312272273
788182,0.9867589394786336
788183,0.4246270058817765
788184,0.9999798930795627
788185,0.9537863808022998
788186,0.9439189453368515
788187,0.6404734607697785
788188,0.9992389980077853
788189,0.08173741698766221
788190,0.9998015972762441
788191,0.8210906855364293
788192,0.10210422609251246
788193,0.1516270310450383
788194,0.13499736703714857
788195,0.9985801116200632
788196,0.5300292333334521
788197,0.9950599505916132
788198,0.5195126722605418
788199,0.9997800861889196
788200,0.9792662705640707
788201,0.987502252734713
788202,0.9997557594354651
788203,0.999962114796303
788204,0.932920996510637
788205,0.9996580620193701
788206,0.9994423041760083
788207,0.12453131807146924
788208,0.9439061036360905
788209,0.9999272129036114
788210,0.9643059296621027
788211,0.9766700531489012
788212,0.983917634987488
788213,0.12570643571405243
788214,0.32492465198306664
788215,0.9619649653058128
788216,0.25039343640126044
788217,0.233310845717592
788218,0.5106452811268852
788219,0.8171336760550938
788220,0.0034815339432545406
788221,0.17603919363658654
788222,0.31269808247740344
788223,0.8987604236124686
788224,0.6365915365308086
788225,0.9996873999938269
788226,0.7522458863598542
788227,0.9993624272794922
788228,0.9996009665011601
788229,0.9988964138009038
788230,0.9988662335645808
788231,0.9997369762547167
788232,0.2065926942099671
788233,0.9996251052389806
788234,0.4514959266649003
788235,0.07162292070265718
788236,0.056910417798741494
788237,0.999681221396396
788238,0.9870665094536288
788239,0.9563662350390962
788240,0.23213873815568647
788241,0.7811522140810503
788242,0.999907829121645
788243,0.27873595306789706
788244,0.034849497910105214
788245,0.9489615376777263
788246,0.5887369999224666
788247,0.9957807411562136
788248,0.8940680459288126
788249,0.040021797085562395
788250,0.9930038931763009
788251,0.999785743479212
788252,0.7300142806944172
788253,0.8130653462700426
788254,0.9998346952485129
788255,0.9936339296970615
788256,0.18695677161929494
788257,0.64961736177161
788258,0.9993207415114133
788259,0.9393679247980932
788260,0.9997909652953755
788261,0.16378081970622532
788262,0.07903944793645719
788263,0.2557372473559649
788264,0.926973645243665
788265,0.887826564137993
788266,0.9997320717855758
788267,0.9621022035272631
788268,0.9995897252975787
788269,0.9999790702482557
788270,0.9951884343276205
788271,0.7760391402729865
788272,0.9997323185327063
788273,0.9999045081569921
788274,0.9987188958532488
788275,0.973519657157542
788276,0.999671020547693
788277,0.8936714026333812
788278,0.06723596872413369
788279,0.9993276124638544
788280,0.48757832260197576
788281,0.6569329099852446
788282,0.9889024558167345
788283,0.424726697793267
788284,0.9975834798956877
788285,0.9867824929316238
788286,0.38785389891051025
788287,0.18006665947085748
788288,0.6099699409830674
788289,0.8370971351286487
788290,0.1289683634889697
788291,0.9998023036909063
788292,0.10906992964132464
788293,0.9934434792099561
788294,0.5065845292849417
788295,0.9627915384410944
788296,0.6466020601818747
788297,0.44265543726001944
788298,0.9861654434453689
788299,0.9998888313553933
788300,0.8434425039219284
788301,0.999638615485789
788302,0.6664863563405328
788303,0.9994586382715095
788304,0.26767285157745163
788305,0.01501645509401463
788306,0.9697647964443459
788307,0.9999022563446988
788308,0.9950906351710174
788309,0.9788788951952245
788310,0.7590324457918814
788311,0.9994023508130931
788312,0.025587885896432207
788313,0.032395000836484306
788314,0.9970039862370985
788315,0.7211761057280175
788316,0.9905650918727732
788317,0.8814906959282384
788318,0.4744718210274018
788319,0.9550730135858407
788320,0.9983255348470372
788321,0.7831267675419291
788322,0.999910909185268
788323,0.4992011838405836
788324,0.40785567301126857
788325,0.20956615400133388
788326,0.09466172214259608
788327,0.9895559921290205
788328,0.07976043510956393
788329,0.998340772996365
788330,0.882392766218475
788331,0.9860137320815947
788332,0.011381722639634093
788333,0.5030538640945247
788334,0.29999442238574875
788335,0.03184867090913223
788336,0.9999708186484073
788337,0.014624797930219553
788338,0.6585600019617451
788339,0.9999754119196924
788340,0.4661415343208054
788341,0.08008394324488775
788342,0.6132685041798885
788343,0.5466108644372487
788344,0.9974747047129839
788345,0.999748549751219
788346,0.9987282646399578
788347,0.01366709671060193
788348,0.22903232284155625
788349,0.9998623263653783
788350,0.902818737328003
788351,0.1035632270535641
788352,0.9996794268307756
788353,0.9986827298002581
788354,0.9999627470232857
788355,0.2795614988230504
788356,0.04981290167834916
788357,0.18074258942196186
788358,0.22044491687116877
788359,0.14294992362649572
788360,0.037354965171662924
788361,0.9557843021388968
788362,0.39051707417401915
788363,0.9998933993383466
788364,0.15294377835337486
788365,0.9993958680260691
788366,0.022452459208878908
788367,0.036946494379283136
788368,0.9992625297282858
788369,0.9046840366752479
788370,0.902996242764731
788371,0.8275176550420255
788372,0.9998380296093701
788373,0.9390824242043974
788374,0.998597353402129
788375,0.0085206193878377
788376,0.9909817788418722
788377,0.9536815128328475
788378,0.054104601670524215
788379,0.3343406036852404
788380,0.5557595787497626
788381,0.06622683741177299
788382,0.8879201715920957
788383,0.9952247554568949
788384,0.8664990745466215
788385,0.9706522812631685
788386,0.8288909401931814
788387,0.8015926918833512
788388,0.009326353012740577
788389,0.9185643591184064
788390,0.07386513980212506
788391,0.01667571214011144
788392,0.9996643847312694
788393,0.9999574394010935
788394,0.6360308447274698
788395,0.3675863003340141
788396,0.9950198381081705
788397,0.9978882956171955
788398,0.9999517046084454
788399,0.9959679627670808
788400,0.9994290290464802
788401,0.3787536235878426
788402,0.19308774014478286
788403,0.9186555521572556
788404,0.9842130234986285
788405,0.9480163273562021
788406,0.9091414550273951
788407,0.12571321117495185
788408,0.00915084896906264
788409,0.9542289050399408
788410,0.00512029607161837
788411,0.9921693022300899
788412,0.9989858972445413
788413,0.07596346612913496
788414,0.994523380270246
788415,0.9974028539685731
788416,0.6467499339921491
788417,0.10730291579854961
788418,0.06775230657891539
788419,0.9991655725194653
788420,0.9995691697054738
788421,0.9906614274056524
788422,0.7253292665614461
788423,0.9999192428378543
788424,0.9959581181559225
788425,0.9942277394902088
788426,0.41868796206653935
788427,0.03637309090499381
788428,0.13259356669388445
788429,0.010118260224343532
788430,0.8257674247020115
788431,0.8493623901728475
788432,0.9952846783073972
788433,0.6519813271057908
788434,0.320916990317446
788435,0.9848161421614349
788436,0.6977047884013052
788437,0.9504070342010082
788438,0.41162754404425095
788439,0.9911383374761176
788440,0.21672451749429583
788441,0.8297498240871742
788442,0.754729360300844
788443,0.9983192984653586
788444,0.9999604131867337
788445,0.9999743109521018
788446,0.998956457575197
788447,0.9882035664963414
788448,0.9976716245166353
788449,0.12618411132911767
788450,0.8138133266526815
788451,0.5827975814966442
788452,0.9997218199860852
788453,0.18016847573850592
788454,0.9727378738213683
788455,0.999937841099749
788456,0.8312556342814736
788457,0.3634389051639343
788458,0.999812754833567
788459,0.630394809457021
788460,0.9553238767092593
788461,0.9997375384927099
788462,0.9999768501261084
788463,0.8878870439505906
788464,0.15428644466980218
788465,0.9930275060314392
788466,0.058116509789641294
788467,0.06955052157981825
788468,0.06042373977544738
788469,0.9883017945113055
788470,0.999831972258507
788471,0.9988381734814487
788472,0.9943877972347994
788473,0.009490186844718492
788474,0.9494494138594094
788475,0.999827998433547
788476,0.9998010355196579
788477,0.18732741842483497
788478,0.9998602459292305
788479,0.9923305557169907
788480,0.39424757984025205
788481,0.6833392398308311
788482,0.558030181178355
788483,0.8415842786272842
788484,0.6103379082473278
788485,0.9998535704091681
788486,0.9942242434672458
788487,0.20364070640327936
788488,0.22320882222124988
788489,0.799796852011132
788490,0.6354332591184544
788491,0.9828209056605468
788492,0.9939793974297102
788493,0.010739308689590488
788494,0.9999500291504293
788495,0.9991684919488243
788496,0.9993284351736635
788497,0.9921725659630581
788498,0.34778268478847973
788499,0.14388762046989875
788500,0.9998766825192622
788501,0.9916780189503218
788502,0.9992647915056061
788503,0.9968523283270715
788504,0.9067289995990058
788505,0.08494759190739777
788506,0.9987466635661915
788507,0.8932784622843147
788508,0.8752751472949225
788509,0.9998498902872253
788510,0.9967422322405692
788511,0.9998481644259285
788512,0.9994654771149243
788513,0.9997572883432034
788514,0.4943288915145628
788515,0.9995772561281199
788516,0.9867517821367316
788517,0.5223978460514995
788518,0.9781652287217393
788519,0.9640379443636071
788520,0.9661877661716802
788521,0.9992179756583444
788522,0.9952284021208301
788523,0.41197727662111155
788524,0.9961849584250837
788525,0.9999407022392339
788526,0.5087444639639634
788527,0.999802368723568
788528,0.8883909094932945
788529,0.9996102330940206
788530,0.7974867130562424
788531,0.9971612122296702
788532,0.2667295980915078
788533,0.9971494919877579
788534,0.9922679559583913
788535,0.998209680205409
788536,0.9095196445168039
788537,0.4551199558382475
788538,0.9999591144526585
788539,0.32870567216628765
788540,0.999994215111667
788541,0.9997961771449511
788542,0.26941342622962033
788543,0.6840769494831241
788544,0.9988420370231421
788545,0.9175941716776828
788546,0.998693833012719
788547,0.3685557129170173
788548,0.9893794192283042
788549,0.48819810852846335
788550,0.9998339407401964
788551,0.9937807941773337
788552,0.9922489256905223
788553,0.9831641546932897
788554,0.9995411039660256
788555,0.0054695294335753855
788556,0.8981514202826401
788557,0.746116347298841
788558,0.9897810325301057
788559,0.24152917453226458
788560,0.9907097222854637
788561,0.7107364415170048
788562,0.9916956778859487
788563,0.9703403777644748
788564,0.9997213411966184
788565,0.7727608789309505
788566,0.9996058298083648
788567,0.380070685145106
788568,0.9999049950869426
788569,0.48617469985917217
788570,0.9858797352071496
788571,0.05438987426986535
788572,0.8041773988838536
788573,0.1528133033682444
788574,0.9466105742684239
788575,0.4290335874084594
788576,0.9927010686211742
788577,0.9715751531804242
788578,0.999930226335671
788579,0.9999501879079097
788580,0.7702824638948814
788581,0.9997081854969678
788582,0.3384044637589314
788583,0.6560085698417251
788584,0.167205077355642
788585,0.6681351484816671
788586,0.9509003251855801
788587,0.6841416596482521
788588,0.3316249455328042
788589,0.9999836475307322
788590,0.99768282633655
788591,0.8504538555032457
788592,0.841282804291168
788593,0.2671480530448458
788594,0.9990227813519157
788595,0.9776587661232692
788596,0.11165242051031388
788597,0.9383255039836695
788598,0.9983662081567375
788599,0.2540141318684628
788600,0.5999869379374553
788601,0.9999855735008684
788602,0.9998840104872568
788603,0.7970712991158522
788604,0.22532554960019105
788605,0.8474776846494148
788606,0.9937397926905299
788607,0.03199111733031615
788608,0.7508512093095856
788609,0.39142731290923327
788610,0.9998827691228077
788611,0.9997648239898755
788612,0.9998172017731176
788613,0.999983163902216
788614,0.97170323664637
788615,0.8138559298622632
788616,0.9767849839924058
788617,0.001563343277408682
788618,0.09866701969894211
788619,0.999439429784089
788620,0.3820230024938521
788621,0.9991304228253646
788622,0.618314506550669
788623,0.5750714496480537
788624,0.4582711822833618
788625,0.8501569602675846
788626,0.9892549807042501
788627,0.9976406853275561
788628,0.9978363925315703
788629,0.9995857491656366
788630,0.9682789797949394
788631,0.9997415073233887
788632,0.9445238916128242
788633,0.16764850085275473
788634,0.9999747700786199
788635,0.9989690382474503
788636,0.9586174810836552
788637,0.5986093931567067
788638,0.9324487495986585
788639,0.5709059456243964
788640,0.0672766594115791
788641,0.9997647992807934
788642,0.5712425445899547
788643,0.8088781493499445
788644,0.16300817512138255
788645,0.9946141187952553
788646,0.999883734954026
788647,0.7596991734819649
788648,0.2918603497277619
788649,0.013802574772335385
788650,0.9988004086214296
788651,0.9802457802763507
788652,0.8875625961183466
788653,0.9997125948104432
788654,0.9924537412604496
788655,0.13941242634170814
788656,0.999981751527575
788657,0.07208023100035174
788658,0.9999764941287946
788659,0.7181417932304548
788660,0.9037735311246933
788661,0.10723189835018582
788662,0.050823906420532985
788663,0.3371123616448043
788664,0.03665418620286575
788665,0.04163602690144958
788666,0.9954566941638878
788667,0.9991484210154804
788668,0.0274504433840613
788669,0.9975892956742829
788670,0.9924583231886657
788671,0.313964575497402
788672,0.9275337825997677
788673,0.9967658298547799
788674,0.5104213166348585
788675,0.9999905296101409
788676,0.9993744957792718
788677,0.8109794129766774
788678,0.6209769047720464
788679,0.9999627454263984
788680,0.09221130238332613
788681,0.9996109782281549
788682,0.6842868408147518
788683,0.0474222349873292
788684,0.8941295863045249
788685,0.9573460021469877
788686,0.013043613859898912
788687,0.9896450779948907
788688,0.9996120141769551
788689,0.5749532289514362
788690,0.05029851755059109
788691,0.6688370283151377
788692,0.9998900336725434
788693,0.9961776413534458
788694,0.9985471345801236
788695,0.27950226238325904
788696,0.15532048246862487
788697,0.13932645484826037
788698,0.9699766053554542
788699,0.9999373799480454
788700,0.0846209112211585
788701,0.13468648108390188
788702,0.9844243320947625
788703,0.9781631257866409
788704,0.9998735701660453
788705,0.9996519746973954
788706,0.521075743391538
788707,0.9918547769542772
788708,0.9997482314482147
788709,0.9157942264622858
788710,0.7332634563496918
788711,0.2584352695299562
788712,0.9994175645010137
788713,0.9999374671492354
788714,0.9997455329017548
788715,0.7206973862292319
788716,0.5456900121916525
788717,0.0869213520384235
788718,0.9972084130514984
788719,0.9969079926242275
788720,0.9959028932479649
788721,0.054546628411351376
788722,0.9996027959776593
788723,0.43712021087956543
788724,0.8620688436508674
788725,0.7731238174303245
788726,0.5312934736072199
788727,0.4684908076078105
788728,0.9998398892520853
788729,0.9858508724920032
788730,0.9997051659947017
788731,0.002960112845755131
788732,0.3659438497563201
788733,0.6335898106809704
788734,0.9996394101941828
788735,0.9998213914214304
788736,0.9987948183147854
788737,0.9993540878378556
788738,0.9067032442975187
788739,0.9451037185805486
788740,0.10097563026287752
788741,0.6622125706930821
788742,0.8920788146745513
788743,0.70065602284005
788744,0.9942888471234629
788745,0.45042561911283185
788746,0.0496541913996751
788747,0.9998643430743211
788748,0.033926390273825796
788749,0.7160622121598686
788750,0.9891153414476876
788751,0.9266681545984699
788752,0.8348820202422294
788753,0.011784393951513384
788754,0.9998942581304965
788755,0.8629642992631428
788756,0.999966682216002
788757,0.9313229450432099
788758,0.9913814855458921
788759,0.9882527530715841
788760,0.13848285483846462
788761,0.974586080380363
788762,0.9984776378809095
788763,0.4579960804437063
788764,0.8955190827020543
788765,0.19897241707271887
788766,0.9820982635988362
788767,0.9999254794735193
788768,0.999962851184397
788769,0.7784612896292502
788770,0.048734877980481504
788771,0.0052389735129196695
788772,0.9997921090557313
788773,0.9999918307089498
788774,0.005874527329123907
788775,0.9715175334007771
788776,0.8084601658422634
788777,0.8982078289203761
788778,0.9841407870981735
788779,0.9949306061921733
788780,0.973637373083191
788781,0.8848565311175891
788782,0.9860830967063088
788783,0.9956073594307369
788784,0.9563150503387605
788785,0.3263299865230698
788786,0.9765418246069202
788787,0.3140280447533631
788788,0.6881102915027021
788789,0.747505129654489
788790,0.9116849347998273
788791,0.4206370511291472
788792,0.9993364357422163
788793,0.034468838291771844
788794,0.9845543980769254
788795,0.9979043271074357
788796,0.9992574154595062
788797,0.9985347256460462
788798,0.06678530746339818
788799,0.9989801937329432
788800,0.7892414559455398
788801,0.9998917110576496
788802,0.9860959058980752
788803,0.9946374377978832
788804,0.9997510359430641
788805,0.19551685587441664
788806,0.9136074307343337
788807,0.5144917196280606
788808,0.48340383099572326
788809,0.8528911488604289
788810,0.004918555678459698
788811,0.9960350912781231
788812,0.8172301040487482
788813,0.7876213579477769
788814,0.9998910757506141
788815,0.9776686741521274
788816,0.6051002615671809
788817,0.9991184468232129
788818,0.7460786878732839
788819,0.9464500108991447
788820,0.9987131654175747
788821,0.7664981125750974
788822,0.048571727265620146
788823,0.9995448421718993
788824,0.995268532976119
788825,0.9991811520738639
788826,0.9182642366876974
788827,0.9520723321824154
788828,0.030656772948063665
788829,0.9952879874746919
788830,0.7393310375619297
788831,0.9882741775360664
788832,0.0707990772226215
788833,0.9990804004044749
788834,0.999952428440926
788835,0.03301295964670841
788836,0.46786469534004105
788837,0.05310237539277616
788838,0.9998690215191168
788839,0.9426286794081739
788840,0.9131236413182372
788841,0.47319673867390954
788842,0.7855275855603145
788843,0.8403636978696726
788844,0.9999726173585036
788845,0.48804996564735276
788846,0.5621199684496601
788847,0.8849907652633768
788848,0.9999015603253114
788849,0.9965916365696996
788850,0.9289540924067018
788851,0.9999424761543021
788852,0.998572325654427
788853,0.9237928202825374
788854,0.9999341957979664
788855,0.6821625625745871
788856,0.9953804010556531
788857,0.9999398490190028
788858,0.9997974923943264
788859,0.36155173986815925
788860,0.9991414625820577
788861,0.9985221461275096
788862,0.5490308396980875
788863,0.999970857749203
788864,0.2906761130948272
788865,0.06524926619189134
788866,0.14049901753895894
788867,0.5003579264045452
788868,0.045251323231657925
788869,0.793321007568634
788870,0.9998707523100392
788871,0.9693165156674757
788872,0.9995833578680646
788873,0.9961701416772657
788874,0.99979201144036
788875,0.9784391452782879
788876,0.9989140224208456
788877,0.9941564344278813
788878,0.9910806594964131
788879,0.9699567760777776
788880,0.7405541608507518
788881,0.9996796942122405
788882,0.37950605167775264
788883,0.9997813250808936
788884,0.9931368461414227
788885,0.2883913450240412
788886,0.9993770155744239
788887,0.2849994659938666
788888,0.9999414551374398
788889,0.9966238929128146
788890,0.999909268024447
788891,0.9992090930751001
788892,0.22511884230679352
788893,0.845827992149387
788894,0.9789153386012869
788895,0.9457218428336072
788896,0.5175366665233265
788897,0.013352488270939593
788898,0.11495350804097787
788899,0.9902881726090652
788900,0.06434040120155662
788901,0.9936129472520941
788902,0.9993134151947852
788903,0.43711280510836437
788904,0.1791161033601129
788905,0.9433060027033138
788906,0.14416001999085237
788907,0.6403893899246691
788908,0.9998914278537179
788909,0.9998539835604832
788910,0.9910150829171527
788911,0.9987457093382813
788912,0.9999954991337383
788913,0.9220136818835422
788914,0.9993438407573603
788915,0.33170321397864566
788916,0.6338787169764497
788917,0.032479310996100574
788918,0.7604155603853471
788919,0.995190604794594
788920,0.5711760081508428
788921,0.9120472165393081
788922,0.26664712667956236
788923,0.7632775452182106
788924,0.9994428281220911
788925,0.9986998993624032
788926,0.9997963668847631
788927,0.786759206844323
788928,0.9999575381499046
788929,0.9319426584547776
788930,0.041265863467256754
788931,0.9999692466783173
788932,0.030305021199539053
788933,0.9011302715023446
788934,0.464701459376168
788935,0.7351265965933305
788936,0.9733280204805839
788937,0.9998668399211437
788938,0.8688668411941389
788939,0.4448390111038637
788940,0.25845231215813436
788941,0.12014071749797689
788942,0.12512123960809066
788943,0.7686730028206528
788944,0.42359699420335867
788945,0.9615562047852414
788946,0.997101210734804
788947,0.9984798439610885
788948,0.9998712042305626
788949,0.9997200503543546
788950,0.749308995051679
788951,0.9998166463498166
788952,0.3182027831059716
788953,0.06299685251674096
788954,0.884072132081647
788955,0.9996117609554984
788956,0.9967207732385353
788957,0.5256776059793352
788958,0.29052876952352513
788959,0.9992232257724376
788960,0.9814787416503642
788961,0.0707908001893278
788962,0.49818922728191534
788963,0.9983629440966202
788964,0.8570772182357654
788965,0.09979099276491064
788966,0.7070441813788595
788967,0.6414283992919279
788968,0.9983099320812466
788969,0.9997731628998219
788970,0.36479825285611844
788971,0.9996505518397014
788972,0.999970161103418
788973,0.2037197993878025
788974,0.9963885390310895
788975,0.9998136730818269
788976,0.9994337298019967
788977,0.9988959652943366
788978,0.9995579935577144
788979,0.9998216094230341
788980,0.27546762029100236
788981,0.9677966992855958
788982,0.9691318650377387
788983,0.5120925830244132
788984,0.8700492546831264
788985,0.9990193365496547
788986,0.9993087081271664
788987,0.10352396901162253
788988,0.7500534179260685
788989,0.997072473648804
788990,0.2246646094431797
788991,0.23003287269393427
788992,0.9998712259216501
788993,0.9963698566627807
788994,0.9992741790224893
788995,0.9830022873616706
788996,0.9990749171566886
788997,0.9986529209453774
788998,0.003167766074810024
788999,0.07157541285206531
789000,0.8487796637984653
789001,0.8141427133831066
789002,0.7959481172290654
789003,0.07753450617352439
789004,0.993534517400555
789005,0.9999165878542856
789006,0.9997255508615137
789007,0.9999913477490255
789008,0.9070988799978867
789009,0.8320985067717643
789010,0.948653541981181
789011,0.8062433103930946
789012,0.944856353585676
789013,0.3221676360965468
789014,0.8881314947464047
789015,0.9957683453173269
789016,0.6688280796377448
789017,0.09041311751760128
789018,0.8643310546166395
789019,0.9671410168129317
789020,0.015672025566341775
789021,0.21927896879186026
789022,0.32895120099518405
789023,0.9996573979092399
789024,0.9972906921504344
789025,0.9998280459729463
789026,0.2605110827137845
789027,0.987138946337409
789028,0.9664884526837102
789029,0.9877324217908758
789030,0.9983612147567895
789031,0.9493921345322353
789032,0.991691013314023
789033,0.9991790831716058
789034,0.9855808299773541
789035,0.09329391687758609
789036,0.9587054176014737
789037,0.9853269569540855
789038,0.059709875197084226
789039,0.9959438341557494
789040,0.9986913618473159
789041,0.6441904000716654
789042,0.750675267702834
789043,0.5180504144843061
789044,0.9013682808994605
789045,0.32510458935759373
789046,0.9827837752739759
789047,0.9997652976965844
789048,0.9472326917413412
789049,0.9989728699462332
789050,0.9918977765493943
789051,0.9993544137154649
789052,0.9977674700936472
789053,0.5423715065836465
789054,0.9352268626835925
789055,0.9998933869283337
789056,0.9998090942926632
789057,0.8380796314066887
789058,0.9997577754799065
789059,0.9360134190501654
789060,0.7686385114760665
789061,0.9565825683708631
789062,0.9984191221717963
789063,0.8884141211555552
789064,0.9993539640204603
789065,0.9999552215885315
789066,0.9957411892850514
789067,0.6570010879298303
789068,0.9958978281250795
789069,0.016664404145668464
789070,0.4942868891461636
789071,0.9890892518855461
789072,0.33347262111835035
789073,0.999410115444264
789074,0.1663156823421904
789075,0.9999876682970499
789076,0.9565682030100631
789077,0.8775093249738455
789078,0.9999409422970045
789079,0.05784124577691288
789080,0.9992840584439033
789081,0.5297345524558734
789082,0.8497283067112751
789083,0.9631964212765862
789084,0.5191061946920025
789085,0.9994351785471514
789086,0.9545004493193292
789087,0.9226788541444393
789088,0.9989684929998673
789089,0.9599201755457064
789090,0.2948452112635319
789091,0.99865409606512
789092,0.07506876306011809
789093,0.06788192549632466
789094,0.9961447703631422
789095,0.35300951364326943
789096,0.9997786608629007
789097,0.8949936716037843
789098,0.5424542830052028
789099,0.011744168508860666
789100,0.9989775857468512
789101,0.9998825846906343
789102,0.9992953208346703
789103,0.9988041743809197
789104,0.6999138141040594
789105,0.9995473534445064
789106,0.989036338549956
789107,0.9994751984138355
789108,0.9969057834765668
789109,0.06822313841589583
789110,0.9860560169582858
789111,0.2464126604896909
789112,0.9988792300940756
789113,0.7033345148539591
789114,0.9784838187976661
789115,0.9998888934942995
789116,0.9996930894882092
789117,0.9776704575415425
789118,0.5429763942266372
789119,0.9064274410858946
789120,0.9831430270768702
789121,0.8918884922335708
789122,0.9981368867166593
789123,0.016807191378213023
789124,0.818689506942624
789125,0.9998859401209326
789126,0.998310115160004
789127,0.9998862459530005
789128,0.9997261504587538
789129,0.9607008419431027
789130,0.7796100123384395
789131,0.9998388131036735
789132,0.9961979768541436
789133,0.8964238414129028
789134,0.8122058540980628
789135,0.9997868899196027
789136,0.9996056598434262
789137,0.9959729135220006
789138,0.2638465685727362
789139,0.9967855224084383
789140,0.9905696455905232
789141,0.6358055031669627
789142,0.6439275972643222
789143,0.9994842251993246
789144,0.9998390509992516
789145,0.995946500362301
789146,0.17781912751732315
789147,0.9976057267738232
789148,0.9613212660476391
789149,0.9998611913336202
789150,0.9996735528632956
789151,0.9252034229915416
789152,0.9994458768873524
789153,0.989522609951702
789154,0.08741619795573125
789155,0.9953651348715096
789156,0.9992508972411064
789157,0.5023941464089707
789158,0.8281310996127387
789159,0.9985765758328051
789160,0.12951310949958603
789161,0.9999561857117132
789162,0.052094841872775716
789163,0.9953581491062142
789164,0.23522618756774882
789165,0.9846620990463659
789166,0.9254271481626704
789167,0.9989829479893847
789168,0.6172892654505574
789169,0.9999249077554582
789170,0.07792469034271253
789171,0.9981799409556849
789172,0.9997565256589434
789173,0.7441359680784148
789174,0.9992112351127169
789175,0.028920405329488044
789176,0.19762406294599782
789177,0.04798895659799923
789178,0.3428923763786165
789179,0.2914893080158755
789180,0.996324495368017
789181,0.9992297649146424
789182,0.99455003236239
789183,0.9511217807368826
789184,0.06340253530865443
789185,0.999917357692252
789186,0.9857065848251887
789187,0.5623969582046044
789188,0.9996476225852494
789189,0.4444730586963926
789190,0.46732603313252574
789191,0.9999121038389626
789192,0.9563797846659862
789193,0.9999558330515946
789194,0.9944347192099586
789195,0.19426402630552436
789196,0.1729816650945992
789197,0.9987451696616142
789198,0.9998996897167758
789199,0.14306449834031984
789200,0.5541563304997658
789201,0.9990506406896794
789202,0.3856491489109277
789203,0.9590255243714535
789204,0.7040638858946295
789205,0.1103937614453219
789206,0.22014275334401268
789207,0.43508801682254294
789208,0.8672992320378747
789209,0.5615650918606793
789210,0.9944147244295289
789211,0.9999830736555939
789212,0.06858686024956134
789213,0.7744135090546053
789214,0.9998128641325196
789215,0.8741844696715821
789216,0.05722382912106531
789217,0.8481631602373301
789218,0.9937976216554316
789219,0.9513195788516837
789220,0.7170284485953984
789221,0.6391424198296356
789222,0.0463638207992032
789223,0.5589535234017711
789224,0.9986235266896835
789225,0.9997790343079143
789226,0.995145682593773
789227,0.6774252320611549
789228,0.9988803555177529
789229,0.9557580211734804
789230,0.6245921336271527
789231,0.9595150792649181
789232,0.9989725551873359
789233,0.998903374014313
789234,0.9808496337589668
789235,0.10555650744759487
789236,0.9988519790811784
789237,0.5895782168040069
789238,0.8187960100000423
789239,0.021569116840098632
789240,0.9998735094776325
789241,0.9965237552283627
789242,0.9996798638785003
789243,0.16613193380034447
789244,0.9293305429760634
789245,0.9394534675418011
789246,0.9728824254873454
789247,0.9999476244158361
789248,0.01800606496391599
789249,0.9837633245612866
789250,0.9998835539006681
789251,0.9998509461148122
789252,0.8492781683478905
789253,0.9908578684639304
789254,0.08291019670944348
789255,0.9502652332290935
789256,0.03697091919554083
789257,0.7859084224199044
789258,0.6355346676976916
789259,0.9993766299071754
789260,0.9992889901086959
789261,0.9998803248083721
789262,0.999539514042783
789263,0.3842264033342935
789264,0.9750480061420084
789265,0.09067354613635614
789266,0.9973866669620496
789267,0.3755607793660024
789268,0.3058068036053958
789269,0.9806318110223704
789270,0.673492420210405
789271,0.4915109764340768
789272,0.9984920973943372
789273,0.013709388213733763
789274,0.926924600481875
789275,0.9993107122096995
789276,0.9954966406532471
789277,0.49852565867296594
789278,0.9995078088836142
789279,0.003367301833937594
789280,0.9999636938490235
789281,0.9925855783558504
789282,0.011543701680698392
789283,0.9990642439444144
789284,0.08760878774573133
789285,0.9578134600269075
789286,0.9999623512879483
789287,0.8267041203424861
789288,0.694795016165796
789289,0.9581107388555056
789290,0.9999962111743006
789291,0.9954286379740024
789292,0.9999606901396021
789293,0.9653824654012302
789294,0.9994482345879416
789295,0.9895939505738848
789296,0.03271140410503364
789297,0.17389164717182273
789298,0.03126125737690662
789299,0.9973335378457274
789300,0.9995623503177731
789301,0.9950602808146071
789302,0.019119878757839832
789303,0.1568804754152195
789304,0.2604841895757536
789305,0.6451229122274103
789306,0.9961852103686218
789307,0.9083237990220041
789308,0.05095534573423121
789309,0.9792427249151306
789310,0.9906211658499982
789311,0.9172488178210937
789312,0.0016173485460970953
789313,0.9710182941976122
789314,0.03878214330317616
789315,0.14518066377405442
789316,0.6460548558587329
789317,0.04813331734376457
789318,0.9946818258753984
789319,0.9998632011919429
789320,0.507679118676789
789321,0.9994445803024832
789322,0.9952567063780916
789323,0.9999460186987585
789324,0.9882865724632492
789325,0.606686107198006
789326,0.18851406952099384
789327,0.14983423251704608
789328,0.9024889566887851
789329,0.3572628143230105
789330,0.8482787224144834
789331,0.9993674404248263
789332,0.9654591993261692
789333,0.9017003589824639
789334,0.9998237836463225
789335,0.34086762145507804
789336,0.36189228675628304
789337,0.02121430778772568
789338,0.9495965379336562
789339,0.9994630842370122
789340,0.9969028487988609
789341,0.09728267154705045
789342,0.023042647629484082
789343,0.6778908122672764
789344,0.9915335848286697
789345,0.9678255819398335
789346,0.8002157385574376
789347,0.5791791108633249
789348,0.2329293733029204
789349,0.04596120285002134
789350,0.9995067943190983
789351,0.9972946063939369
789352,0.9909664299449102
789353,0.0022244142527736615
789354,0.9974477445550314
789355,0.9991231755518251
789356,0.8922086920120954
789357,0.9607489776455653
789358,0.994719448111014
789359,0.9472771672469789
789360,0.8204263296695469
789361,0.999835187999302
789362,0.5826823373355444
789363,0.9979520834744737
789364,0.1672347395854515
789365,0.995635039608164
789366,0.999237280583622
789367,0.9962433194071589
789368,0.06172004881492398
789369,0.9996679587908959
789370,0.9986643854102109
789371,0.9988643524081675
789372,0.999949404771521
789373,0.0056014990747706534
789374,0.3358619806785847
789375,0.011962104431882064
789376,0.4402533363413109
789377,0.40929644147943045
789378,0.09879092486998464
789379,0.8207409349620483
789380,0.6914958430939064
789381,0.9980662788117288
789382,0.18328096831518656
789383,0.9994492404239969
789384,0.5650350702252991
789385,0.3387460058301667
789386,0.17610044429064584
789387,0.04840952455584288
789388,0.6105614554529646
789389,0.9999468905432305
789390,0.9867011724725586
789391,0.6423561841444658
789392,0.040173508416144435
789393,0.8843195112290432
789394,0.999655363860238
789395,0.9838675526453193
789396,0.08789676503657154
789397,0.7395577079725018
789398,0.6892516444153838
789399,0.9999635413389321
789400,0.9995833900292616
789401,0.999465400430666
789402,0.09002888642574475
789403,0.999884733877685
789404,0.9570775089402547
789405,0.9990741617637046
789406,0.9658762640925916
789407,0.9943989715055879
789408,0.4649017323385514
789409,0.9998496470206393
789410,0.9496393239402738
789411,0.5555335571555393
789412,0.5671797933603285
789413,0.5789868072504876
789414,0.15134191325966004
789415,0.9999408883610739
789416,0.07685138718076931
789417,0.004324382968344613
789418,0.9998463017841307
789419,0.9487305707281062
789420,0.1826787739188901
789421,0.9995944609001448
789422,0.7567405715084721
789423,0.9997230978869246
789424,0.9395314582692686
789425,0.9968791283724696
789426,0.8598521249702935
789427,0.9994203949786951
789428,0.9998988449701491
789429,0.9967634315484943
789430,0.9329369514249054
789431,0.9982522470802893
789432,0.011951360221835922
789433,0.9875463753135232
789434,0.9996939098060951
789435,0.7361128742260192
789436,0.3591602749135055
789437,0.04495021884747569
789438,0.03790738720557173
789439,0.9964662585291364
789440,0.16973430080748889
789441,0.9655273700637298
789442,0.18435415053034404
789443,0.9993614984508854
789444,0.9999848705374527
789445,0.9994712866584885
789446,0.8380112453559163
789447,0.9425575229925813
789448,0.5856569819452501
789449,0.8912676185440258
789450,0.9744999514383907
789451,0.999008745317857
789452,0.884245923396084
789453,0.9999027289941944
789454,0.9999111028772147
789455,0.32544440083009063
789456,0.8856323303858583
789457,0.9996646466347212
789458,0.9997781036215727
789459,0.9991904107590632
789460,0.3639664469525961
789461,0.9070026732690735
789462,0.9986689878880066
789463,0.9995120639360957
789464,0.025335663137665995
789465,0.9998741707294236
789466,0.996347923238343
789467,0.9968474434178458
789468,0.8443207492206726
789469,0.9997596267542909
789470,0.9999595392557034
789471,0.9997071303225292
789472,0.8242611158078605
789473,0.05227298919041182
789474,0.9999879316115026
789475,0.9516986486108595
789476,0.007241986186697101
789477,0.9995545587153783
789478,0.9999211465684985
789479,0.07146412630315113
789480,0.669661739253965
789481,0.9999259533169389
789482,0.20648787362812804
789483,0.14181163255898663
789484,0.9862191629882076
789485,0.8015980195739059
789486,0.999933856834879
789487,0.08428859241956532
789488,0.11863526438173583
789489,0.8441727905051651
789490,0.8260544033869587
789491,0.9952258196389766
789492,0.9999435928529227
789493,0.0215741729758631
789494,0.6228164075130829
789495,0.6797803390514787
789496,0.8269098588045471
789497,0.019510280836675626
789498,0.7278326039598508
789499,0.7200159187591106
789500,0.2984933158377332
789501,0.16141085506380026
789502,0.5385127702952414
789503,0.46510491045223723
789504,0.9998775257531951
789505,0.037159704434075125
789506,0.8917998673628159
789507,0.9045739880086401
789508,0.7288950296154826
789509,0.9986761407243292
789510,0.9984113071427786
789511,0.04252014008925647
789512,0.29940394391650227
789513,0.9995341076768616
789514,0.7352435967204247
789515,0.9990014833875891
789516,0.40832326788443296
789517,0.3746169766012029
789518,0.6998801375217918
789519,0.18039292833022172
789520,0.9554381338946718
789521,0.999941985102505
789522,0.28338735806582016
789523,0.598557326310327
789524,0.971086258417207
789525,0.6087534067778994
789526,0.9974837458874455
789527,0.8487347267955252
789528,0.9999439853711601
789529,0.8857299212456837
789530,0.9914609226684903
789531,0.3125766574911312
789532,0.9997118546861032
789533,0.6585813630877941
789534,0.3156976053198037
789535,0.8630302173683457
789536,0.9975670631705393
789537,0.03175799100905711
789538,0.021250171262689993
789539,0.995924036071584
789540,0.6329689997998029
789541,0.9986867451402355
789542,0.9998576475237436
789543,0.9888917089024727
789544,0.9932802509743144
789545,0.9990016068236374
789546,0.18332538645753685
789547,0.998569415919468
789548,0.14444083886487658
789549,0.3277878306543975
789550,0.719850453594133
789551,0.5092524090497859
789552,0.2097076992479418
789553,0.9644522385697571
789554,0.8747497612827162
789555,0.08454883537834333
789556,0.053357998691225456
789557,0.9496638700165081
789558,0.02604698157103942
789559,0.21236029766883252
789560,0.21105423742769405
789561,0.8258164793861855
789562,0.9443000223384043
789563,0.9762531761780942
789564,0.03104633069820749
789565,0.9993121214154357
789566,0.22615842608664866
789567,0.9998933977493987
789568,0.9590467294836666
789569,0.9681568139516716
789570,0.9861012759475234
789571,0.9997495620025671
789572,0.9959601352681072
789573,0.998843395298849
789574,0.9999351089946314
789575,0.5872356858414152
789576,0.9997410566792464
789577,0.9997265024602512
789578,0.9999288765464316
789579,0.0395006544465826
789580,0.9886654525427876
789581,0.9290087496171007
789582,0.999381517364103
789583,0.9980597569455343
789584,0.9593901933879898
789585,0.9994584511335081
789586,0.998545586487672
789587,0.997903411881738
789588,0.8235645428529197
789589,0.7653279265669569
789590,0.7710891199789608
789591,0.9815022598515207
789592,0.988296524780712
789593,0.759079934789335
789594,0.7993862496841497
789595,0.19094589541712315
789596,0.9993314415944745
789597,0.9995887243981165
789598,0.9385769032442105
789599,0.9998396694638689
789600,0.7032539262250624
789601,0.6090006596395027
789602,0.9995934366005358
789603,0.7759625633941734
789604,0.9999478306832628
789605,0.9999804006808866
789606,0.9779530245559958
789607,0.5129613150634633
789608,0.06508230482375944
789609,0.9983154990769822
789610,0.963263859565221
789611,0.999524742446045
789612,0.893160468296852
789613,0.21189753677962608
789614,0.2821363829666179
789615,0.9998037329251916
789616,0.997361131702742
789617,0.3936222034603718
789618,0.005721371401743044
789619,0.999966061339047
789620,0.08553508767631389
789621,0.9932616281852237
789622,0.783724856092706
789623,0.9998854757542155
789624,0.5139122444836244
789625,0.5577024362495535
789626,0.7510388902555729
789627,0.9999174951948175
789628,0.9999675679404796
789629,0.9999478950054748
789630,0.05772884016937266
789631,0.23095146765977964
789632,0.14824037984991698
789633,0.1270696722163529
789634,0.879634427588047
789635,0.9986786332028805
789636,0.20792045495725509
789637,0.9999107367369479
789638,0.7277472669212999
789639,0.24483035768294945
789640,0.7729706643532687
789641,0.754130360407804
789642,0.9372795021316316
789643,0.5876216472005558
789644,0.9933905741454215
789645,0.4480505990876667
789646,0.25583491109096573
789647,0.9935111521997394
789648,0.9999451226528532
789649,0.9997186098678638
789650,0.18398657153482162
789651,0.9914129390751149
789652,0.09201727410879902
789653,0.7711719299685695
789654,0.7482622057826169
789655,0.5137822356086074
789656,0.07262377504882321
789657,0.9992467922290312
789658,0.6233774815052655
789659,0.854910025388302
789660,0.9930916034306965
789661,0.8521373376167309
789662,0.999890204122807
789663,0.6902074093683774
789664,0.9998243351363197
789665,0.9174302851471091
789666,0.9179240850535861
789667,0.9988154296195025
789668,0.999859994455986
789669,0.9712264461534472
789670,0.00343833703749528
789671,0.02154838082738507
789672,0.6006826901771272
789673,0.9948422063096449
789674,0.9983671605177367
789675,0.9774466455636482
789676,0.4503244263574054
789677,0.9997108461133906
789678,0.9813968717824052
789679,0.097209282179694
789680,0.8520844273020185
789681,0.8760014732152213
789682,0.9998613151644176
789683,0.9894594990162633
789684,0.999977213192018
789685,0.9522429830507004
789686,0.5913847238039063
789687,0.9980159179628145
789688,0.9993863555629947
789689,0.6961411677716017
789690,0.8933914840351739
789691,0.13027588932166512
789692,0.6202098834626456
789693,0.7314726142440099
789694,0.9998969176741345
789695,0.9004391665733023
789696,0.999930779975168
789697,0.9998201585593967
789698,0.02315265334110481
789699,0.9948480428487985
789700,0.9649557701012339
789701,0.10614801808645483
789702,0.575518820190267
789703,0.8630569254326469
789704,0.21918441577389353
789705,0.22028003778639485
789706,0.9999387141410201
789707,0.8791363430454043
789708,0.9998692445015407
789709,0.9992686560961208
789710,0.999938185870866
789711,0.5801382764707523
789712,0.9999532443260253
789713,0.9449404493936666
789714,0.9997857327435227
789715,0.5001708031052786
789716,0.21369925392584155
789717,0.2448165808348725
789718,0.9878199951031374
789719,0.9757014892934817
789720,0.9999825236263595
789721,0.3854543646422019
789722,0.9749068081330131
789723,0.9998827272411991
789724,0.05960163713225245
789725,0.9952104720204517
789726,0.9902150993923577
789727,0.7080402736057424
789728,0.9994033919598375
789729,0.890861643417225
789730,0.0064156531507232615
789731,0.5205194426036496
789732,0.9999817961236394
789733,0.740602222181164
789734,0.9998078339666185
789735,0.20603446271287293
789736,0.3961100122134824
789737,0.49582079091740533
789738,0.9970211546336015
789739,0.07789641323443246
789740,0.11708651550576432
789741,0.9468991111864725
789742,0.19013509719419516
789743,0.9994808990749953
789744,0.009971546327393324
789745,0.22700339083688081
789746,0.4750296004013055
789747,0.95522176196841
789748,0.019351121126295043
789749,0.002280655817587097
789750,0.954896416866458
789751,0.7011402628369152
789752,0.7381629218136767
789753,0.494052086922279
789754,0.7159877936540351
789755,0.9994760156217739
789756,0.6156119729770355
789757,0.9991373863349224
789758,0.9987830623274048
789759,0.9729099142695639
789760,0.0670246476551829
789761,0.9997676505732198
789762,0.040997356765619414
789763,0.4149906302290308
789764,0.29627858403084856
789765,0.8292161231940041
789766,0.2624677517349094
789767,0.9516384544871419
789768,0.9921744496239696
789769,0.6734547826519971
789770,0.9993930757897229
789771,0.9516643486949914
789772,0.9915890332643833
789773,0.9999557346172717
789774,0.9957413272951059
789775,0.9999381198677422
789776,0.9108988858603422
789777,0.5465478594810833
789778,0.9894923830943091
789779,0.9970813096528319
789780,0.999687260145047
789781,0.7320145728921256
789782,0.7292537843427191
789783,0.998201041827556
789784,0.9997360133844443
789785,0.9974317225546991
789786,0.18111028168408905
789787,0.9992190512414874
789788,0.24405935823290115
789789,0.828342830401068
789790,0.7517443042166498
789791,0.29349134706921454
789792,0.9969847526178925
789793,0.9451196929110934
789794,0.9761803125347661
789795,0.012223226062923876
789796,0.9999028948535161
789797,0.8620007619527392
789798,0.9998906034163392
789799,0.9960917504373858
789800,0.5100280615379804
789801,0.9927876764715473
789802,0.9517062813742185
789803,0.04359166083805834
789804,0.9680385184074145
789805,0.9939120838551312
789806,0.9993183049431265
789807,0.9726258808954694
789808,0.01719305391550228
789809,0.03044828696592266
789810,0.03344292928612877
789811,0.02993499489925976
789812,0.9998052093952181
789813,0.7412402805867269
789814,0.7876429763830115
789815,0.9993052661157846
789816,0.9999805410803477
789817,0.4593425576203162
789818,0.9996880487976367
789819,0.007706939721525542
789820,0.036269079129374895
789821,0.8105152341498192
789822,0.9998541873837734
789823,0.9338534301919817
789824,0.004694136480164305
789825,0.9641177823535141
789826,0.957504598003305
789827,0.37975920956743364
789828,0.980755497816115
789829,0.512899284282674
789830,0.023737944527219418
789831,0.9983795810000009
789832,0.9225772855786672
789833,0.9999686248326765
789834,0.9236222314151801
789835,0.02160533507372519
789836,0.9993132280597484
789837,0.9996762691051351
789838,0.9938242177058054
789839,0.5252978676539605
789840,0.35075953150683026
789841,0.999881283958057
789842,0.8857036778656745
789843,0.49146457398350857
789844,0.9995428846969892
789845,0.8214725574444798
789846,0.9971493491910802
789847,0.8983301353690205
789848,0.9977781255421283
789849,0.2330504061323791
789850,0.9960153148732273
789851,0.9932957567029774
789852,0.9981065420670483
789853,0.017675747998317396
789854,0.2655798121209112
789855,0.9992861929133701
789856,0.9978157574307085
789857,0.9772756111671899
789858,0.7902037235155553
789859,0.7360500671698911
789860,0.9970338944424189
789861,0.9009276946298675
789862,0.6910027019636484
789863,0.9999237289820716
789864,0.9745743836412679
789865,0.9991661494224846
789866,0.991073131180035
789867,0.9974656026141074
789868,0.9995866623643852
789869,0.9988017699405943
789870,0.5522692002668328
789871,0.9967537496804695
789872,0.4659969345569829
789873,0.6192840255933119
789874,0.8160683570374662
789875,0.9970485458390312
789876,0.017171004294026702
789877,0.9999031540908239
789878,0.9442658069766547
789879,0.8205257483363586
789880,0.9995892425347462
789881,0.21347698008992794
789882,0.9960933236632891
789883,0.9979740332991247
789884,0.9924675776350641
789885,0.9909726022671181
789886,0.18963162690348806
789887,0.9926516793460359
789888,0.7680450760234208
789889,0.010034916285566343
789890,0.9996152049232019
789891,0.9991394975265977
789892,0.15037253291688518
789893,0.9987901620527533
789894,0.5157128710813819
789895,0.2915271078898104
789896,0.7669999771716667
789897,0.99991682811967
789898,0.9616795238575919
789899,0.7727231499204505
789900,0.07779236111685689
789901,0.22533789358677508
789902,0.4071361840638186
789903,0.9998535979902221
789904,0.260191566999951
789905,0.2008453056428965
789906,0.3732384177490826
789907,0.9199825470087114
789908,0.24677718604956253
789909,0.9334924145193879
789910,0.7822028717394475
789911,0.9418865798539462
789912,0.9996689638960511
789913,0.4454761432590665
789914,0.9999646929532451
789915,0.9990547446857095
789916,0.555219082129716
789917,0.08647078295681294
789918,0.00794743681722013
789919,0.6996033348239922
789920,0.10154142444904712
789921,0.09307174734994825
789922,0.9681214047849529
789923,0.9998440428374684
789924,0.9996410866298033
789925,0.7894673683151328
789926,0.9976362964569461
789927,0.9880856599644741
789928,0.9611526715967074
789929,0.007354096676926847
789930,0.9999312938859147
789931,0.9997813162141045
789932,0.25593641295290026
789933,0.9918572926341445
789934,0.9998846585689284
789935,0.36927574581315675
789936,0.9999955026138541
789937,0.9996751863299973
789938,0.2106452656874486
789939,0.9952369436459323
789940,0.9922352899845578
789941,0.9999711113504104
789942,0.9910605964082936
789943,0.9989113894972088
789944,0.9911930247018227
789945,0.556868217196385
789946,0.9958278160982186
789947,0.9971528380910728
789948,0.9921808598338684
789949,0.044385938061748786
789950,0.5685024522896794
789951,0.12074455089209604
789952,0.009878946554079204
789953,0.9996416455514322
789954,0.2601902623727498
789955,0.06542282809186799
789956,0.7284202212818309
789957,0.0826952173798491
789958,0.9984936291929323
789959,0.999067752598722
789960,0.6794958736570047
789961,0.9536094517887908
789962,0.9993229822536089
789963,0.9999051019753673
789964,0.9769926301903853
789965,0.4131604939289891
789966,0.991310888646549
789967,0.2838011669673419
789968,0.9975402522264982
789969,0.9870710936071337
789970,0.6264667620627252
789971,0.8827818709313628
789972,0.2843526411591985
789973,0.921644443504468
789974,0.9997373058969101
789975,0.9965107340009988
789976,0.2926363516132287
789977,0.07029353967026312
789978,0.9640039112827457
789979,0.9993184133796635
789980,0.9996193170352847
789981,0.024067015001726012
789982,0.9632477622824385
789983,0.27724848941449187
789984,0.9988131506957814
789985,0.9994318854973536
789986,0.06436976155258169
789987,0.03323636946242092
789988,0.9962641283635298
789989,0.9811582684457817
789990,0.3096230512122274
789991,0.16667944920431357
789992,0.12862755379174634
789993,0.9984354440029268
789994,0.08443075000910022
789995,0.00411011136208966
789996,0.32140854546604963
789997,0.9869199969349733
789998,0.9993903142508104
789999,0.07282717861635718
790000,0.01554676359994512
790001,0.9996020532556843
790002,0.012977803064453237
790003,0.9998307163393896
790004,0.9999398768179146
790005,0.4927000677352369
790006,0.9997524495394415
790007,0.9999175217748465
790008,0.9883714151732772
790009,0.574795937265925
790010,0.5215918897621936
790011,0.346353218033409
790012,0.027116233216901903
790013,0.9997306314268961
790014,0.9999495637609802
790015,0.9973121324014598
790016,0.856053717830796
790017,0.9995057488303181
790018,0.9996745593874331
790019,0.9977311874044674
790020,0.9966810205499058
790021,0.9998651762913713
790022,0.8862908027865837
790023,0.239655191310157
790024,0.7319100602700853
790025,0.5737543357230613
790026,0.8104360956478335
790027,0.6099596084982675
790028,0.9999747987414378
790029,0.7750549313239685
790030,0.9838901232573041
790031,0.922171260889897
790032,0.329811804784491
790033,0.983670077751708
790034,0.659806767460641
790035,0.9625968258608262
790036,0.9994507372664762
790037,0.9480995233432101
790038,0.07307390543128069
790039,0.2140635870892772
790040,0.03304940415464998
790041,0.037915466609046364
790042,0.47298306839239374
790043,0.6924721747671174
790044,0.9848528734543008
790045,0.9995919125272307
790046,0.99980648591817
790047,0.1698342042714796
790048,0.9997280219363536
790049,0.9937179316121114
790050,0.9999751571607082
790051,0.48172093304768
790052,0.2821118507010197
790053,0.8976365110519586
790054,0.07256212956027155
790055,0.9984092248142371
790056,0.9764938412945484
790057,0.9998876969763967
790058,0.011039889257469342
790059,0.8452564374769329
790060,0.9975941104636734
790061,0.7552686856453488
790062,0.05987362321816455
790063,0.9997667674324696
790064,0.055785132225054185
790065,0.02360871988928273
790066,0.24686005326218352
790067,0.9938603204239099
790068,0.08030585714949955
790069,0.9990823416455634
790070,0.5979402811957371
790071,0.9997624114141028
790072,0.9965823405582696
790073,0.9931908804928768
790074,0.9997903064455143
790075,0.3640653162582871
790076,0.1496738844803204
790077,0.9941025295961785
790078,0.9988417967889898
790079,0.9928790677405017
790080,0.9753431434002273
790081,0.9999863932412139
790082,0.9948861248693629
790083,0.9943343337412991
790084,0.9994507532657533
790085,0.9999259460924876
790086,0.33369250815867746
790087,0.9041304056512616
790088,0.9999198337919745
790089,0.9998143148257381
790090,0.9998919691704108
790091,0.9033713120156811
790092,0.04096361798323919
790093,0.6972223245843858
790094,0.9994755879324082
790095,0.0972742499642284
790096,0.6538484535040021
790097,0.9583665663444159
790098,0.820551788860205
790099,0.44318940824487424
790100,0.999625397791467
790101,0.8097998233119453
790102,0.2499930876612586
790103,0.015946573213883625
790104,0.8392994323136114
790105,0.37028050112435595
790106,0.057140785168574376
790107,0.08672582299800868
790108,0.3392334396108544
790109,0.9984580238137164
790110,0.8205520061214031
790111,0.018535461300787048
790112,0.9854856682771272
790113,0.7059670060608241
790114,0.9799188908674542
790115,0.7158097861032882
790116,0.9938707181110843
790117,0.46908958129867906
790118,0.9999935532456725
790119,0.992095832011276
790120,0.7512779586983972
790121,0.8582301452097862
790122,0.4160905650104317
790123,0.9630574843072417
790124,0.8953765921468413
790125,0.6431255822903383
790126,0.6294704802700004
790127,0.06384789857190404
790128,0.9661335645072723
790129,0.2267036331391918
790130,0.8052022662556548
790131,0.9074634617703128
790132,0.7909405974191714
790133,0.9986269321505283
790134,0.22562552310384326
790135,0.9999414454484017
790136,0.9593585465637806
790137,0.9980455094161
790138,0.47763719423711154
790139,0.38250656155196794
790140,0.9981213729241812
790141,0.997790013065495
790142,0.9994919027287255
790143,0.9987196036018191
790144,0.06019237882223635
790145,0.9956331486467203
790146,0.9843357584055916
790147,0.7358805887983207
790148,0.019131761203291627
790149,0.2484813595621732
790150,0.9997348980385313
790151,0.27168087372463384
790152,0.996844016345658
790153,0.9996744406245293
790154,0.9999866436654234
790155,0.9991412262064372
790156,0.009820968328671922
790157,0.9993016167061148
790158,0.017841257267009386
790159,0.4027586369352496
790160,0.929476390830227
790161,0.7148195946879969
790162,0.9998013771702786
790163,0.9999795541082611
790164,0.36020404049088106
790165,0.8468746803380771
790166,0.9937582901999856
790167,0.012936047043534672
790168,0.1941151491330413
790169,0.16540505781468448
790170,0.9935622927992448
790171,0.9725676812999314
790172,0.9999599127440566
790173,0.997851300532378
790174,0.9385609802748047
790175,0.9984092897468155
790176,0.004192579546644234
790177,0.4020212925596369
790178,0.005497940008536094
790179,0.9996671572173684
790180,0.9998740141569442
790181,0.9228679870636695
790182,0.9962479358511098
790183,0.8172093451704359
790184,0.9991559766859237
790185,0.9998896124555917
790186,0.9998976196926027
790187,0.999600661676378
790188,0.47052760956298
790189,0.11002182147603407
790190,0.365240814059574
790191,0.9987169172321886
790192,0.9984695864747954
790193,0.7690384318621653
790194,0.9998288374588955
790195,0.999325751734863
790196,0.9997018529653433
790197,0.9972612186140354
790198,0.5629297733805007
790199,0.9998313362050679
790200,0.8113080217674666
790201,0.9999081803397117
790202,0.9954113562328845
790203,0.1298551008499299
790204,0.8259502549967309
790205,0.062285367075334386
790206,0.988034411503046
790207,0.9999384799800182
790208,0.9985589350031058
790209,0.03769471424828151
790210,0.7756396579999925
790211,0.9951653641808014
790212,0.12735506504114333
790213,0.639414646229512
790214,0.6701270588042831
790215,0.999065682772899
790216,0.9998720279879758
790217,0.887288494954815
790218,0.9996785313444052
790219,0.9968464880484379
790220,0.9999044558365692
790221,0.01736364202423335
790222,0.9965395701626963
790223,0.08846874441001587
790224,0.9997978571387287
790225,0.20694673572609168
790226,0.29008810214182745
790227,0.764435424661134
790228,0.9999912010907029
790229,0.9688406620091445
790230,0.022080738289899062
790231,0.9795217532756979
790232,0.9521674328319885
790233,0.6235315282689828
790234,0.6288023884974234
790235,0.4842123812133949
790236,0.9930947144834867
790237,0.9971347622232062
790238,0.058072679002888934
790239,0.9990912828066183
790240,0.4503486185456281
790241,0.8606761709961561
790242,0.9771226647636626
790243,0.11336330144203086
790244,0.9989787922716569
790245,0.007475291521270392
790246,0.9997465739065209
790247,0.9994049500644752
790248,0.456152873598336
790249,0.008734684860956642
790250,0.9959742134935166
790251,0.999496895749861
790252,0.6229415314739825
790253,0.003793889784829542
790254,0.9416949761362686
790255,0.9973881802441644
790256,0.9262664347741663
790257,0.7180205973273279
790258,0.11738425562130242
790259,0.8844301309907628
790260,0.7146920506285636
790261,0.9935997873773571
790262,0.9909905425321561
790263,0.5152420462496009
790264,0.9999946626346764
790265,0.9987400865832613
790266,0.7356041998205538
790267,0.9998035064747455
790268,0.11806417850835121
790269,0.9989716780163891
790270,0.9991950011365789
790271,0.9996221049191525
790272,0.9995306622588738
790273,0.5944821843048695
790274,0.2720190916556987
790275,0.9993334117387691
790276,0.9997918825918625
790277,0.9931835518985164
790278,0.31657005524464815
790279,0.018009925875556977
790280,0.9998204009879861
790281,0.4373420248956625
790282,0.9558246383689805
790283,0.905273824789981
790284,0.14589285175592653
790285,0.7879718285107157
790286,0.8692053609451955
790287,0.7649881211707579
790288,0.9999977829845911
790289,0.06278300765682313
790290,0.56007498736765
790291,0.9997711920046546
790292,0.07812299156708843
790293,0.5250676781408603
790294,0.21568308512755588
790295,0.317248248186639
790296,0.31148691219473656
790297,0.3840506739757102
790298,0.9900379850688414
790299,0.013690086829539948
790300,0.9977220242927807
790301,0.999671373422433
790302,0.01279902684101459
790303,0.9992160163972937
790304,0.9996816190828143
790305,0.6344837898250513
790306,0.9988884131876217
790307,0.27247187821653945
790308,0.999435010763204
790309,0.9973674376509205
790310,0.9992926961191104
790311,0.9996541522404763
790312,0.9971950055905703
790313,0.9998248799177468
790314,0.6022578140223815
790315,0.027077425601616557
790316,0.015510997837144044
790317,0.9887437593964217
790318,0.18954435653197987
790319,0.07292190163355503
790320,0.9942235598515876
790321,0.227143164766949
790322,0.1333352139781201
790323,0.8949937994897175
790324,0.5790158588974608
790325,0.999952159903233
790326,0.00903193057164039
790327,0.9998551912611544
790328,0.9995349256560337
790329,0.9980075401212047
790330,0.529542014230345
790331,0.9987842308798416
790332,0.9966373211172567
790333,0.14316473715262906
790334,0.6990901363667341
790335,0.9318939419266834
790336,0.022477220989870417
790337,0.5921079397288473
790338,0.9967544053346186
790339,0.16768653243205706
790340,0.9993631729008228
790341,0.8181617844858713
790342,0.7834823580189161
790343,0.9646146970755444
790344,0.9908801067336299
790345,0.16185471886748046
790346,0.002065052763239943
790347,0.9966019035138375
790348,0.9996283039667968
790349,0.03660149891726845
790350,0.3210304773667912
790351,0.9996379252744273
790352,0.9998632891399817
790353,0.9443020083741218
790354,0.8728009261715508
790355,0.28293208956816973
790356,0.8113031761215039
790357,0.972938360907054
790358,0.6054164378323356
790359,0.6891500479804018
790360,0.9997604551857868
790361,0.9166376046801485
790362,0.3756775700909593
790363,0.9974073119131831
790364,0.03827463535534708
790365,0.999711528651003
790366,0.9961269866301479
790367,0.999672188915049
790368,0.9727337731101241
790369,0.01252791852938729
790370,0.9984258436455129
790371,0.9996459420251507
790372,0.998929191574341
790373,0.6178081429908264
790374,0.46650742355553027
790375,0.6746474090622596
790376,0.01887944382763958
790377,0.9993971342214227
790378,0.9903705116406664
790379,0.9998805035623273
790380,0.8603285657089335
790381,0.6999988525816738
790382,0.036890448038947934
790383,0.46634284688691857
790384,0.9078268217492453
790385,0.048269380439903545
790386,0.21192725834039744
790387,0.17706125981981327
790388,0.9994872739142178
790389,0.99957827716933
790390,0.8729934804943806
790391,0.9997983771557106
790392,0.9932752310460264
790393,0.9860563975386542
790394,0.685122510730162
790395,0.01995395791694812
790396,0.9955505986542119
790397,0.9960125459659966
790398,0.996804627537037
790399,0.999910950898479
790400,0.9604847026020964
790401,0.9913179417530515
790402,0.990236551875251
790403,0.9995781537057389
790404,0.3121112099219234
790405,0.9994283524539795
790406,0.9998126540150412
790407,0.012807456163052577
790408,0.11879045483035965
790409,0.9970560671788246
790410,0.5199397945964729
790411,0.9998550190545096
790412,0.9999796485477107
790413,0.020715282588827336
790414,0.998719960298809
790415,0.9115765753012417
790416,0.6919091619636148
790417,0.9515228135189986
790418,0.9977922847037302
790419,0.9979255921149122
790420,0.6893470023689974
790421,0.9985876704508634
790422,0.8387563702644989
790423,0.9994305808591387
790424,0.5031558587349784
790425,0.812391466652916
790426,0.9998771121276576
790427,0.039492337506427895
790428,0.9313617247165711
790429,0.07109069851548216
790430,0.32515792973036883
790431,0.9951344390447023
790432,0.8697189628526123
790433,0.9999739071867
790434,0.9976284214543858
790435,0.9567949828712435
790436,0.9994198285622221
790437,0.011801806726616584
790438,0.9998085729726536
790439,0.9817524274876177
790440,0.9984681739070695
790441,0.9973560397882829
790442,0.9786763299728869
790443,0.2591888199068785
790444,0.9433267362724784
790445,0.9999086753662069
790446,0.35365177979514284
790447,0.9996693902548407
790448,0.563888211565935
790449,0.8263777514140238
790450,0.8042948806009665
790451,0.03756005606408513
790452,0.8073607613124425
790453,0.9984862981151059
790454,0.027935695134450857
790455,0.9302036558985743
790456,0.9965086116381355
790457,0.9999501473413563
790458,0.8797384209026498
790459,0.9916741715083431
790460,0.019416852254102897
790461,0.998606729552727
790462,0.9998467859738318
790463,0.7748937496487573
790464,0.11117798269730336
790465,0.9623227873284527
790466,0.9999373982429058
790467,0.7022002635992916
790468,0.982159006280049
790469,0.913944967627997
790470,0.8075326734676938
790471,0.34029229986430876
790472,0.9602283271475058
790473,0.00676374876448333
790474,0.9995352729810584
790475,0.9920440593977617
790476,0.01895162097055507
790477,0.9761001874298161
790478,0.8330008447149403
790479,0.9998564418197675
790480,0.4793066394590141
790481,0.010489219309414854
790482,0.2844800014574635
790483,0.9983341646736095
790484,0.9918534558105514
790485,0.9998293935438827
790486,0.01573365025965865
790487,0.9985006905252267
790488,0.875772592038843
790489,0.1363731119770792
790490,0.9998876920564699
790491,0.04144632810454604
790492,0.9999834739786158
790493,0.9954552686714242
790494,0.99660977979269
790495,0.9999552909571983
790496,0.9986653738939256
790497,0.9998291333193015
790498,0.8416510769321377
790499,0.9987692230808796
790500,0.8297119380502989
790501,0.2858505865521757
790502,0.9941850354243978
790503,0.9993466649794382
790504,0.47962115224448476
790505,0.859763865447373
790506,0.3760053198483634
790507,0.9997304108218785
790508,0.42590443602709516
790509,0.9934605192110711
790510,0.9988355319428834
790511,0.9997133524001085
790512,0.06858166595047485
790513,0.9900279209670086
790514,0.22588716581438992
790515,0.9999212407717728
790516,0.4240224604632369
790517,0.6511124451901573
790518,0.7852137291991013
790519,0.998634693885455
790520,0.7837100274716423
790521,0.9835143448242087
790522,0.45888831815970166
790523,0.9999388117776331
790524,0.5962998136316261
790525,0.7099475904321795
790526,0.9679005564372116
790527,0.8966860935075536
790528,0.40406661587536374
790529,0.6563201722154874
790530,0.832786575570923
790531,0.9993651949148472
790532,0.8661238527334686
790533,0.35275909914496956
790534,0.011151722576576869
790535,0.9998886346976494
790536,0.9781607411619428
790537,0.9977146668312687
790538,0.11153679032022162
790539,0.9980955470154123
790540,0.339069669497529
790541,0.9992984393572751
790542,0.6703079847560853
790543,0.8867789552639365
790544,0.845867611453897
790545,0.02754454204107814
790546,0.18987367624187018
790547,0.9998290007713905
790548,0.9631104213965117
790549,0.9862444901693415
790550,0.022688271966251013
790551,0.9786277383051478
790552,0.9999930913001267
790553,0.9999631250558023
790554,0.8170113055066646
790555,0.9891257980119894
790556,0.9999696234198059
790557,0.538429962404602
790558,0.2096235615237198
790559,0.8854758661707159
790560,0.9999021088901168
790561,0.32201737305237615
790562,0.9999412607105561
790563,0.06167549724806899
790564,0.19127721841000211
790565,0.006604736617961705
790566,0.9911236275981998
790567,0.8551710255475931
790568,0.052439706312939545
790569,0.9999626439134774
790570,0.8095361679891807
790571,0.949457126020752
790572,0.6276230745403585
790573,0.819249262740534
790574,0.9991788390428663
790575,0.8142831773474544
790576,0.8965432684331814
790577,0.1534821382834361
790578,0.8853655102673036
790579,0.9841350164498612
790580,0.03447167762740156
790581,0.9991441597696161
790582,0.016967152274273513
790583,0.6661698183300496
790584,0.9970011023510055
790585,0.20658965368098473
790586,0.9946796757679477
790587,0.10958520879998915
790588,0.9847041376680434
790589,0.10580385820421193
790590,0.999864196729576
790591,0.00371240875229642
790592,0.9907598540046543
790593,0.8982110009969152
790594,0.9005739761472639
790595,0.9978813635948374
790596,0.9995726462758038
790597,0.9083841626569077
790598,0.5182630559167655
790599,0.9906875419593859
790600,0.21917636406517377
790601,0.999469764351341
790602,0.9856167334069861
790603,0.915407366761025
790604,0.20000841841493722
790605,0.8134109678131131
790606,0.999946834548487
790607,0.06011718536743268
790608,0.7905083081769928
790609,0.5151555360316009
790610,0.9583753276805471
790611,0.9609838914749245
790612,0.2609976789238408
790613,0.9944510034442187
790614,0.8487671547386633
790615,0.9966177709107116
790616,0.9996500939094667
790617,0.2086994882319872
790618,0.8287953245991575
790619,0.20316683568068422
790620,0.9995658942673242
790621,0.9793461536587518
790622,0.999289625591699
790623,0.9945396874420824
790624,0.18543618603350082
790625,0.9937766060466605
790626,0.3749420037892528
790627,0.756253591416457
790628,0.9999911931189936
790629,0.9999728781108378
790630,0.9749963444707013
790631,0.06150641336479804
790632,0.2661459041228318
790633,0.9999281206752682
790634,0.9994239350843321
790635,0.9996217596593042
790636,0.9998609831010306
790637,0.24144152314219003
790638,0.999903101169086
790639,0.9999257152080001
790640,0.9613759568974571
790641,0.9966462992267109
790642,0.9996805888605894
790643,0.9897684537057898
790644,0.8016394427329945
790645,0.9999038723642519
790646,0.9476381640144431
790647,0.2891802346298739
790648,0.865153466761889
790649,0.9942470607040973
790650,0.9998545499790319
790651,0.8619361146574047
790652,0.37532920776634265
790653,0.9891779060344436
790654,0.721494661969405
790655,0.19061654414754617
790656,0.998847732646396
790657,0.01450664154637829
790658,0.9999870726656559
790659,0.9887440772479656
790660,0.0035935785203682923
790661,0.9949699519131183
790662,0.8552643262959421
790663,0.7295241022511654
790664,0.3792023277380483
790665,0.08824577031755493
790666,0.9999210239764723
790667,0.3185850329796713
790668,0.9999175735135319
790669,0.6483552902480489
790670,0.724102960807889
790671,0.9988367316292448
790672,0.5545772911307266
790673,0.12123071236836651
790674,0.9997721188782647
790675,0.6023198478791705
790676,0.8067005583474105
790677,0.8393579646850446
790678,0.4111139366592774
790679,0.9992648975373466
790680,0.7635730347045567
790681,0.9068102257213595
790682,0.13545681818454683
790683,0.4886543185081856
790684,0.9968340011828836
790685,0.9771820296795173
790686,0.9999112336608993
790687,0.08134011750779817
790688,0.9994282595851545
790689,0.9924106227807742
790690,0.9994719884070473
790691,0.9999807283256055
790692,0.8472276872451537
790693,0.041738365195881005
790694,0.9953891538281727
790695,0.9998094943912543
790696,0.0030088228503928954
790697,0.9999281223223586
790698,0.641860098834288
790699,0.46164170273256305
790700,0.7399341562131675
790701,0.9998297145840761
790702,0.9992465556942436
790703,0.9682490240238739
790704,0.0009211175390021627
790705,0.9998509150689212
790706,0.16843966903481822
790707,0.9845211946570431
790708,0.6529076722471572
790709,0.996067011282169
790710,0.006410079347291124
790711,0.996571082384414
790712,0.4384623390788394
790713,0.05096412621957766
790714,0.10315726633470965
790715,0.9997008075235114
790716,0.9999652367815929
790717,0.8835330980701783
790718,0.2732395404746496
790719,0.04067051185195604
790720,0.029828178705288158
790721,0.9940501963426058
790722,0.9998611667090485
790723,0.9908379295411751
790724,0.9996250038137555
790725,0.9087204790212741
790726,0.9991417090182817
790727,0.9995335517703435
790728,0.021652875442260223
790729,0.9975542797610517
790730,0.03820220317271365
790731,0.11136865006822902
790732,0.025575064225568694
790733,0.9962186340719956
790734,0.8421596243092586
790735,0.9210186356864648
790736,0.7420528879314979
790737,0.999992245969223
790738,0.9974759545908594
790739,0.1646572643694315
790740,0.9864099330001843
790741,0.9992377313796013
790742,0.5021866415536449
790743,0.5065586747300018
790744,0.8117736586921694
790745,0.9992428010840406
790746,0.009002208311025037
790747,0.9996833068690396
790748,0.9990277727992565
790749,0.9764430388146097
790750,0.9775925281988518
790751,0.9992098856034763
790752,0.9999622108382791
790753,0.999651693673349
790754,0.9928405015961766
790755,0.7580314120994129
790756,0.007319389682805257
790757,0.39078427470519667
790758,0.09177869611268348
790759,0.9925675975960953
790760,0.9946500948444006
790761,0.999766294001837
790762,0.9623574012990831
790763,0.7041580459218759
790764,0.9999800258309623
790765,0.9184390816464006
790766,0.08779136129354165
790767,0.7022476616895341
790768,0.41390206152702935
790769,0.5597309696848007
790770,0.8637926066737347
790771,0.9949575560771283
790772,0.9999861711428071
790773,0.29353953852766923
790774,0.7299157573217063
790775,0.9764648760417991
790776,0.5571622503377515
790777,0.3909445682220006
790778,0.25025726042058194
790779,0.9882847284001337
790780,0.988070495824256
790781,0.2073473580443557
790782,0.09914594664648269
790783,0.960446433142671
790784,0.7942676674116897
790785,0.9995663513145927
790786,0.9999331777320886
790787,0.4735702069579858
790788,0.425170281310574
790789,0.3178099872782009
790790,0.8952022101235828
790791,0.9998290719363898
790792,0.6456004105864044
790793,0.9149138192646727
790794,0.9491488902768843
790795,0.18228596489737936
790796,0.3922694586022079
790797,0.1975114364542774
790798,0.7204283398881182
790799,0.6778382868207466
790800,0.9971889413534861
790801,0.9990883013268013
790802,0.7170369303923836
790803,0.1540706568000834
790804,0.9993102993258076
790805,0.11343968902438392
790806,0.8754011501854937
790807,0.309226677637017
790808,0.787516467880802
790809,0.961087624348942
790810,0.9992576311825303
790811,0.06031710280469816
790812,0.6539513241684773
790813,0.1161438139958022
790814,0.45298074054220805
790815,0.9956660350671256
790816,0.022537727858880908
790817,0.9261204252889096
790818,0.8100842427769284
790819,0.06999184884398213
790820,0.5340286367215795
790821,0.9999953929448843
790822,0.999895429583045
790823,0.6108345525224159
790824,0.999670993669458
790825,0.8019240400463217
790826,0.008449079240887194
790827,0.03067084258613931
790828,0.33649109740482097
790829,0.02981656206528191
790830,0.8089285563778386
790831,0.3065849456213351
790832,0.9718281392864042
790833,0.018013278450661613
790834,0.9993696976866395
790835,0.9997566360551433
790836,0.9874873298758075
790837,0.9999606767763483
790838,0.06900616093089751
790839,0.08872744138926424
790840,0.4822997644951842
790841,0.9960613582776578
790842,0.5631824191764531
790843,0.9999810961131597
790844,0.9460214922197077
790845,0.9999287620937831
790846,0.9989782394158562
790847,0.9558385357486364
790848,0.9875266567583315
790849,0.0023103253623711424
790850,0.9962459641935755
790851,0.9914979728669641
790852,0.9567470230317006
790853,0.9996063465904225
790854,0.46491697870451226
790855,0.027800743072145737
790856,0.42968778748886005
790857,0.9773371531800974
790858,0.7553618161265687
790859,0.9991028177574215
790860,0.005936492307535693
790861,0.9996804379549513
790862,0.9997797233293748
790863,0.3833884529369483
790864,0.9886321674206949
790865,0.9999848847538053
790866,0.8013130973044035
790867,0.6808029635397159
790868,0.9589890807256364
790869,0.986995703365107
790870,0.9952267157396468
790871,0.13715530567528808
790872,0.03346773781270838
790873,0.5308486158949184
790874,0.9999604471727688
790875,0.9719698755218665
790876,0.9976078706488781
790877,0.05528672169929107
790878,0.9999699287430343
790879,0.9013176455405971
790880,0.7554303861731196
790881,0.05305750416540834
790882,0.9991547058989629
790883,0.9364491293860302
790884,0.14093955235542907
790885,0.9769042428290622
790886,0.9950130434101851
790887,0.8621752064252929
790888,0.9998213819761225
790889,0.8989326284572985
790890,0.8192343581896223
790891,0.572447606931119
790892,0.03690169115102593
790893,0.8042899277148597
790894,0.9975166710224872
790895,0.9780245143694736
790896,0.9720037029475097
790897,0.9995902229493505
790898,0.9992169507795964
790899,0.09658177576962534
790900,0.9979132526424566
790901,0.9993260302947259
790902,0.9942523141596951
790903,0.9472474707262247
790904,0.10515847745391413
790905,0.6863018022547126
790906,0.9994816705274394
790907,0.3052703569216761
790908,0.03352659237559033
790909,0.2183053321287356
790910,0.9998763927218599
790911,0.99931348089732
790912,0.12424623331880574
790913,0.7448163286588921
790914,0.6469238641754554
790915,0.30209674608220405
790916,0.9736665247524383
790917,0.9987143179092555
790918,0.9488493045919615
790919,0.14688322005955526
790920,0.18673372091969465
790921,0.6520808942152667
790922,0.995630254050828
790923,0.5169947826024008
790924,0.060882201226114034
790925,0.9491282541370526
790926,0.3102559400672643
790927,0.9997500630727524
790928,0.3350778372550497
790929,0.9998034196028053
790930,0.06597188420855396
790931,0.18377653993051035
790932,0.014450757143815992
790933,0.309704018378481
790934,0.9946480895299826
790935,0.9995820377099753
790936,0.19736395736742554
790937,0.003704729960118621
790938,0.1325679344283123
790939,0.9814702601633843
790940,0.9999835738784588
790941,0.8614759452665961
790942,0.8317638134862541
790943,0.3092291667930184
790944,0.12958820791997108
790945,0.9694257764506595
790946,0.9998935203425354
790947,0.6263467958684152
790948,0.9994416181186123
790949,0.42480242145182245
790950,0.01399867728618641
790951,0.9998327161239138
790952,0.1330440298420117
790953,0.9983728042374627
790954,0.9985117366735308
790955,0.9975531459770863
790956,0.485434789537429
790957,0.9999464904687351
790958,0.9958448731403902
790959,0.269833718174642
790960,0.1943927094550252
790961,0.9933653196455503
790962,0.9999871695780184
790963,0.7190063792348464
790964,0.015503809095893646
790965,0.8505211410326131
790966,0.8815021839190917
790967,0.9997122566860742
790968,0.5123443265981196
790969,0.9998654715630336
790970,0.999957473334969
790971,0.14047027734886985
790972,0.9998528655945323
790973,0.18312334760100857
790974,0.7932539538578829
790975,0.9964713709627132
790976,0.9999906412314445
790977,0.0856513845814171
790978,0.999799353216952
790979,0.9496910479533732
790980,0.5795493844881289
790981,0.03977449693229056
790982,0.011603514202354661
790983,0.034297865000603577
790984,0.9991675519981285
790985,0.9987001532293747
790986,0.19014427663694003
790987,0.999858932304422
790988,0.877698100264512
790989,0.9993511266190624
790990,0.17240803474979188
790991,0.36791944425997647
790992,0.9975389934545671
790993,0.9936504496161761
790994,0.9996997963182395
790995,0.995070816250377
790996,0.6707851538734066
790997,0.9999566471625505
790998,0.5101838022584508
790999,0.8831166546633205
791000,0.4317597753283578
791001,0.10397038614752338
791002,0.9888342359474781
791003,0.851908114239385
791004,0.999573922277481
791005,0.1165088573104164
791006,0.998879493005326
791007,0.9940918339044186
791008,0.9328553428269998
791009,0.9994868093056151
791010,0.003640665679192038
791011,0.20906193887237656
791012,0.9994947222992987
791013,0.05957022209379949
791014,0.9999897545838414
791015,0.9526550296272004
791016,0.4029605110277596
791017,0.20584372819672575
791018,0.9881755001660341
791019,0.007861202790255055
791020,0.011643960678604556
791021,0.9090517409744112
791022,0.5240439801583653
791023,0.027898900313009355
791024,0.6717121295385423
791025,0.9994945397475776
791026,0.8773530228653481
791027,0.8691540262640136
791028,0.9999617695040816
791029,0.9998837275484906
791030,0.44832804769046014
791031,0.9594686922882252
791032,0.9956435038661523
791033,0.9999741348328373
791034,0.6678181190930029
791035,0.9999778592712597
791036,0.6685156725165464
791037,0.9920187763986343
791038,0.7357017068635779
791039,0.8336656888275946
791040,0.9776298016193624
791041,0.07715972327511021
791042,0.9949090187211969
791043,0.9342271700115328
791044,0.7028004971709261
791045,0.09607224793552108
791046,0.8821881193826601
791047,0.2776709001077249
791048,0.9998867680137207
791049,0.9616018948126991
791050,0.9990998841797885
791051,0.9748315080121697
791052,0.881346991721146
791053,0.9999830697204306
791054,0.13047820525615555
791055,0.9997080225018272
791056,0.969462224400393
791057,0.8899653973103399
791058,0.3828216188320635
791059,0.9997622539256448
791060,0.9969279203701394
791061,0.9856002633913417
791062,0.9975253948497844
791063,0.9997211569716018
791064,0.9999462691245115
791065,0.8793898239327462
791066,0.11559085862802049
791067,0.9057459162791728
791068,0.8653775855382225
791069,0.9998483466947916
791070,0.20403168942755343
791071,0.1987215724611353
791072,0.8185873510841151
791073,0.13157213312283478
791074,0.9153387387090057
791075,0.2690404704152665
791076,0.998878625810689
791077,0.3740945397199391
791078,0.10366666026035258
791079,0.9893786879539632
791080,0.9998958010133883
791081,0.8989050396405001
791082,0.24980612770537947
791083,0.9694377366718019
791084,0.3663780022958675
791085,0.03691824399757573
791086,0.9986539925353187
791087,0.21689332776345424
791088,0.9778867904632219
791089,0.9865985468624228
791090,0.5964928993620326
791091,0.8726889017889997
791092,0.9995133154845509
791093,0.9955971633064435
791094,0.5673658344794233
791095,0.7130844007581525
791096,0.2337393217670824
791097,0.999702118803448
791098,0.05401427284625605
791099,0.9991396802113373
791100,0.9997091687676152
791101,0.9999642530585522
791102,0.996286138420975
791103,0.40655495783768425
791104,0.9559755763308542
791105,0.009042114946661682
791106,0.9997879113770208
791107,0.7894830454737701
791108,0.02029574745318523
791109,0.24931292562095841
791110,0.9964648354881793
791111,0.8405828645279181
791112,0.9994742456686891
791113,0.7431147750491082
791114,0.9881738636520064
791115,0.5897266795296274
791116,0.9999098201723832
791117,0.3223615454036705
791118,0.8650755638772669
791119,0.9998074178312655
791120,0.2984107937616932
791121,0.9912396980620399
791122,0.9999585302591505
791123,0.999727693512573
791124,0.41362100368886046
791125,0.4292568107692245
791126,0.0635424515062497
791127,0.9995386396304704
791128,0.010685229611919483
791129,0.6238376115340647
791130,0.9999232473549211
791131,0.9931958359155683
791132,0.1771637709269803
791133,0.926676389943182
791134,0.005675001707092089
791135,0.9992203344179167
791136,0.6666214445110021
791137,0.6711570134445863
791138,0.9976084227366973
791139,0.9996606317053855
791140,0.028053338168134392
791141,0.998548026688933
791142,0.016111787245656504
791143,0.023276554924256065
791144,0.9998519685879291
791145,0.9624569344555152
791146,0.9993009442771691
791147,0.8461295906091991
791148,0.2914593900817732
791149,0.18900252523785063
791150,0.01528708347249371
791151,0.025663175307073162
791152,0.008986367507482235
791153,0.43179555832184
791154,0.6663393601791248
791155,0.9999210387207238
791156,0.4332465566634319
791157,0.0473334727744646
791158,0.9975590796711534
791159,0.9999363812600587
791160,0.4725763184578934
791161,0.49605783324551983
791162,0.8586927854326989
791163,0.8906275004124294
791164,0.13425547922012196
791165,0.997032318183612
791166,0.8751625110659431
791167,0.9986981183882968
791168,0.1268946234884108
791169,0.09391275924734088
791170,0.9900528758576107
791171,0.3754007162483935
791172,0.6292829898842317
791173,0.9999303331469425
791174,0.6038781365424427
791175,0.9116799888234637
791176,0.9927889006813191
791177,0.037047744438609025
791178,0.1811715032650107
791179,0.9573693268787813
791180,0.9979355834037581
791181,0.9883930856582348
791182,0.998421331127555
791183,0.9977956612633848
791184,0.048344004274219504
791185,0.9926863949561591
791186,0.033974862826083765
791187,0.007467294845720654
791188,0.9958949942950884
791189,0.9136629728641261
791190,0.2983538247285441
791191,0.999006167968628
791192,0.7125281934826877
791193,0.9522713305660508
791194,0.9993387429991979
791195,0.7435351963526942
791196,0.05345726383606664
791197,0.9956095344131679
791198,0.019455509885336886
791199,0.2450045860202807
791200,0.9999605629945632
791201,0.5804543869904558
791202,0.9998060157357511
791203,0.8037406232300188
791204,0.9998900394209695
791205,0.9926900030325473
791206,0.8844876202913332
791207,0.999624150132663
791208,0.9993325818731997
791209,0.9993333967561566
791210,0.870941744563652
791211,0.9987432423896425
791212,0.5572807120199026
791213,0.9997709030331177
791214,0.9984086831716874
791215,0.9981439323425778
791216,0.9972571773451827
791217,0.9740323695215698
791218,0.009227027486007271
791219,0.691122484511131
791220,0.9998746556904935
791221,0.8936473417518063
791222,0.999986591236008
791223,0.8558823234002477
791224,0.9996223571697198
791225,0.9897745990458839
791226,0.9939790419617984
791227,0.030616257607444776
791228,0.7798438148120632
791229,0.9663750188976188
791230,0.9973544359763447
791231,0.8381315295146738
791232,0.36003423735405327
791233,0.8200310262800956
791234,0.9921374896411576
791235,0.9987836767217
791236,0.9997100313437253
791237,0.9305672931395712
791238,0.9999382619723002
791239,0.8161789824618243
791240,0.9567589319222678
791241,0.9997992080427189
791242,0.9715607852568917
791243,0.9998841492735417
791244,0.08209916073215366
791245,0.8054400364793448
791246,0.9994671997910909
791247,0.8574132193744222
791248,0.9161920523556214
791249,0.9999557086827576
791250,0.9790153923355622
791251,0.9691933290998386
791252,0.9997997401220158
791253,0.6166849675788759
791254,0.9883886617237125
791255,0.057684881512804896
791256,0.043923568843033625
791257,0.7253899561121839
791258,0.15584740002424008
791259,0.9881067544626986
791260,0.9987591363296215
791261,0.09920696143140571
791262,0.7473412885620868
791263,0.8174861813308028
791264,0.0976744059887524
791265,0.9998728800630174
791266,0.9998340844734358
791267,0.6720346173528324
791268,0.9998127184529554
791269,0.5398763500415817
791270,0.9171492568552102
791271,0.9994123088263352
791272,0.9901032544761006
791273,0.586853603059315
791274,0.9990880050886941
791275,0.7931549873047653
791276,0.9926233900408584
791277,0.9970426354244157
791278,0.49623061611957187
791279,0.569845076941669
791280,0.9037088448022688
791281,0.9999262688368715
791282,0.17635228161055477
791283,0.9999598807896009
791284,0.3390326983828196
791285,0.3692755286197832
791286,0.3732827693022638
791287,0.994522488034542
791288,0.5906109797611844
791289,0.9982392443525625
791290,0.9999639925468312
791291,0.9832349328597585
791292,0.9632239587000636
791293,0.36990025858090186
791294,0.9843138452449939
791295,0.9995829792703519
791296,0.9981166487295242
791297,0.9945771661414247
791298,0.7027157810911692
791299,0.9997762102612271
791300,0.9930069423874925
791301,0.9964069929956327
791302,0.09979777908032951
791303,0.542254874106997
791304,0.9936385895788153
791305,0.9996456535601073
791306,0.9999591289764173
791307,0.9892812976158838
791308,0.037940108438363505
791309,0.20307236751144492
791310,0.9999508726330479
791311,0.9131764130685198
791312,0.9998197060437259
791313,0.9994579291729175
791314,0.15796082323173452
791315,0.9996131758956057
791316,0.23768542818947563
791317,0.13152936871317267
791318,0.9995428879642624
791319,0.9837736851825585
791320,0.3538205291441967
791321,0.05281052772919221
791322,0.15451577217285845
791323,0.9833063046724757
791324,0.5887464485415843
791325,0.55751188857617
791326,0.9999910831198207
791327,0.999002851474575
791328,0.6080578700165007
791329,0.9998710693171946
791330,0.995966487457482
791331,0.08311193063731387
791332,0.7775197421732873
791333,0.8618203569000792
791334,0.03792409125987441
791335,0.9530942911070279
791336,0.825063382919017
791337,0.9429962557701138
791338,0.9918524155516063
791339,0.15189311801604366
791340,0.9938745643947022
791341,0.9999232614534321
791342,0.46668199872100957
791343,0.9997462718197652
791344,0.999172596782351
791345,0.6519709726369439
791346,0.9113687527422336
791347,0.9998742581071327
791348,0.9998178905409172
791349,0.9862230609396392
791350,0.9991053127266859
791351,0.995340835859719
791352,0.9997269645484366
791353,0.020830123662976815
791354,0.9620581138265634
791355,0.5760267232547278
791356,0.5285014314186647
791357,0.008120796928971668
791358,0.04129590966908758
791359,0.9905097954896523
791360,0.28678460316297993
791361,0.5142508796459856
791362,0.17598037760076632
791363,0.560169996232944
791364,0.4229924071804749
791365,0.035531834286627
791366,0.9997842876053502
791367,0.9996242465160552
791368,0.9899764346354621
791369,0.2239640315892611
791370,0.007520338065680061
791371,0.04580349502224616
791372,0.999966862090311
791373,0.9999390618207635
791374,0.9990968476614461
791375,0.9029732451923069
791376,0.9997651113791733
791377,0.5912498715136977
791378,0.1731885634800825
791379,0.9211095197193202
791380,0.9436954619190837
791381,0.01827004336716174
791382,0.35331954354721606
791383,0.9998914529117542
791384,0.44547836482885406
791385,0.01664868785174226
791386,0.16922329523772137
791387,0.9254308486865956
791388,0.9997979503200173
791389,0.9995219550067129
791390,0.009684515428059275
791391,0.9809269460745389
791392,0.4591064269271326
791393,0.28924867446824476
791394,0.34298447867443027
791395,0.1909027316176479
791396,0.9997487311662185
791397,0.8595143750466325
791398,0.22326774829802662
791399,0.937214390704669
791400,0.22239644547056164
791401,0.9998853965266189
791402,0.9997324468730687
791403,0.7722124173360587
791404,0.8854380352365546
791405,0.7977087665073905
791406,0.03632648126480772
791407,0.999772065307108
791408,0.9997559073739473
791409,0.9995254977114922
791410,0.4762183495610032
791411,0.8362695674276989
791412,0.9919768393263748
791413,0.9999625126875764
791414,0.7696787740207491
791415,0.9609697267800655
791416,0.5438609335483483
791417,0.39230741077902587
791418,0.035003466090846674
791419,0.6106764491859671
791420,0.5925191761544761
791421,0.611284239549183
791422,0.9142202116538392
791423,0.044277362344505036
791424,0.26586074064541965
791425,0.44181922914858396
791426,0.9896580275126474
791427,0.5593637244366392
791428,0.8933369811217984
791429,0.2565234476856322
791430,0.9999798005771521
791431,0.9955141324732624
791432,0.9983444092931016
791433,0.9998178633450838
791434,0.9981938017135243
791435,0.9998325522595997
791436,0.9998386326278076
791437,0.9532180718091594
791438,0.47169516047154436
791439,0.03827952649707743
791440,0.9998839433361718
791441,0.997779778443243
791442,0.7517142878429892
791443,0.9972134726935761
791444,0.5062893312975109
791445,0.8666715744083349
791446,0.9921626195255517
791447,0.4299741067157307
791448,0.9998359722713296
791449,0.5060977667366207
791450,0.8684053785096311
791451,0.8867746199088288
791452,0.5465824556013527
791453,0.18983083982413979
791454,0.525547802628947
791455,0.836902701550142
791456,0.999905040520354
791457,0.7969913244934087
791458,0.571851483863459
791459,0.8858326566482817
791460,0.9972371470639652
791461,0.9145961679438575
791462,0.12530842177847815
791463,0.31438036151992077
791464,0.5123811827622078
791465,0.9962558701519613
791466,0.6794264755192674
791467,0.9930240728724253
791468,0.9987024603080048
791469,0.9997674170466799
791470,0.9871607699364128
791471,0.9995727644236765
791472,0.019999951940016632
791473,0.8189558019601695
791474,0.9999903471535339
791475,0.9995356844134995
791476,0.19437801181291714
791477,0.999641154248657
791478,0.5307963666190691
791479,0.8399751216601732
791480,0.0464748151085133
791481,0.9995102145060013
791482,0.6280193543067646
791483,0.7198134963929632
791484,0.9996086324439043
791485,0.9988607767509066
791486,0.45669666805973075
791487,0.9327323444881239
791488,0.9999727497616437
791489,0.8700952247302494
791490,0.9996907560542814
791491,0.9998331725167555
791492,0.08221102417318527
791493,0.6975827245940738
791494,0.9999813326552196
791495,0.5825038444537614
791496,0.021769584256998757
791497,0.9776366441848776
791498,0.8727540338745834
791499,0.9757440260110661
791500,0.9996099335359001
791501,0.3424520060451852
791502,0.9358638242976409
791503,0.9999291864025912
791504,0.1094425821774737
791505,0.9996176321489328
791506,0.2818822622272362
791507,0.9849418076705148
791508,0.9904525390741722
791509,0.9998445426769849
791510,0.9997008255820974
791511,0.9994942934895624
791512,0.4469181326467849
791513,0.5750976510748683
791514,0.09760030875890838
791515,0.8110026612080721
791516,0.10942977937896145
791517,0.9997940062244647
791518,0.020355060036699756
791519,0.9998519529793254
791520,0.03383969866367575
791521,0.9816970265750271
791522,0.02298509852389383
791523,0.7706581665499347
791524,0.3560045172150061
791525,0.4949838463469279
791526,0.6666313910275901
791527,0.09744892710820907
791528,0.9999553545797011
791529,0.8373904491904924
791530,0.8339640726261796
791531,0.879903394028136
791532,0.39269480173341254
791533,0.9424323138982664
791534,0.9615406851500128
791535,0.9972379279749071
791536,0.9993346973599364
791537,0.9634535039093883
791538,0.8400826702560718
791539,0.9992145126113667
791540,0.9999707189576169
791541,0.1294404211825098
791542,0.2857300250663652
791543,0.06258382790559332
791544,0.5985844984658325
791545,0.9447970497798281
791546,0.9996563023698931
791547,0.9987509095108511
791548,0.8511611602978045
791549,0.9998875554985992
791550,0.9437817066459349
791551,0.6193965943995771
791552,0.9782294770849165
791553,0.4165349331221609
791554,0.9869050626607173
791555,0.4459798527474688
791556,0.9861642644016048
791557,0.7737975485264399
791558,0.999958530149943
791559,0.0969588623316493
791560,0.9998928152564898
791561,0.3444807864410259
791562,0.8004716050027958
791563,0.06875093260369244
791564,0.9929328656198133
791565,0.9999717678471329
791566,0.020062705380931363
791567,0.9992238328770783
791568,0.8506854551680668
791569,0.20659823786556097
791570,0.9987653599970576
791571,0.3680987413483898
791572,0.7709894361559688
791573,0.5533826145935951
791574,0.9982117881018706
791575,0.2798695369297801
791576,0.6252746323920557
791577,0.9989237397177605
791578,0.014603711192278325
791579,0.9995806763531603
791580,0.9997840247364127
791581,0.8070226039495765
791582,0.9580521700819544
791583,0.06401300112517389
791584,0.9843861395019633
791585,0.47908758007500196
791586,0.8334342345169246
791587,0.8825041602965541
791588,0.8322028312973719
791589,0.2573759119317469
791590,0.07990555088585417
791591,0.02566457473595417
791592,0.9688532444752709
791593,0.9824159680147151
791594,0.9998283613107175
791595,0.2616451930163803
791596,0.2014366990685084
791597,0.9999709793047855
791598,0.899863314662773
791599,0.9993989921974846
791600,0.5846200593767588
791601,0.9996392981212673
791602,0.9996492630469483
791603,0.9897855810559484
791604,0.9961640909812903
791605,0.9922430620661065
791606,0.9993166910097864
791607,0.9998336779671986
791608,0.9572003340732058
791609,0.9676997757418884
791610,0.9999713029126123
791611,0.0830013180845025
791612,0.9688025984799831
791613,0.972296656085834
791614,0.9788256464889024
791615,0.9999191029412368
791616,0.9999195220571041
791617,0.9978618682794227
791618,0.3135535519557545
791619,0.4629111511511589
791620,0.9619223383986317
791621,0.999306059025564
791622,0.9993010282891763
791623,0.6109190322881489
791624,0.751838654306006
791625,0.998496345208255
791626,0.9998590403233233
791627,0.33648702162915756
791628,0.09730603313891535
791629,0.99489895844513
791630,0.997653740218013
791631,0.4740983586327331
791632,0.9977199722151061
791633,0.1591361208175185
791634,0.8975271445308697
791635,0.7769696105824326
791636,0.09844022709025604
791637,0.023893485414404666
791638,0.998784773636213
791639,0.9997209841682624
791640,0.9995740130795985
791641,0.9471016372670527
791642,0.8690996133907805
791643,0.9961183490653032
791644,0.9869480804122286
791645,0.680716405521469
791646,0.9999763512572772
791647,0.9948355252450247
791648,0.9594320008035087
791649,0.9442780502927587
791650,0.9995949992786475
791651,0.5951489998454499
791652,0.9999168774075136
791653,0.9377804695512582
791654,0.3441430296223802
791655,0.10384377459124235
791656,0.9999422391706664
791657,0.9992363203716308
791658,0.9967836589512387
791659,0.9999444077443957
791660,0.9998294781042822
791661,0.654302897545071
791662,0.27118907337189946
791663,0.15504290561764184
791664,0.9996736028157845
791665,0.20093329551971487
791666,0.3367197222190508
791667,0.6568890433079853
791668,0.9989217542167307
791669,0.010499181274557842
791670,0.7440554661545626
791671,0.6139560191582545
791672,0.002950110324409493
791673,0.9946568646927801
791674,0.10728739857768853
791675,0.9977936376903824
791676,0.9701124824478269
791677,0.3743681331994734
791678,0.024543400658721543
791679,0.141688047728817
791680,0.661634041836163
791681,0.9999100806357868
791682,0.25664646024153825
791683,0.038217060326534394
791684,0.7474131718971526
791685,0.4414867429090461
791686,0.9995204362132076
791687,0.015197862659233815
791688,0.8364241384959168
791689,0.9998512090359005
791690,0.9996080749415239
791691,0.925956892139714
791692,0.9998964184430845
791693,0.9986385667299313
791694,0.999442021062972
791695,0.9825555685382414
791696,0.5903556409362597
791697,0.9993385184267544
791698,0.6950016340298242
791699,0.3445910266642215
791700,0.968777365930019
791701,0.9992898984523981
791702,0.8694581602231461
791703,0.6660814896268157
791704,0.9999229623315568
791705,0.9938576646569188
791706,0.24207104535745913
791707,0.8673024418362687
791708,0.9984600675518172
791709,0.4370463605130212
791710,0.025633827295691712
791711,0.9978065807524252
791712,0.999863379866653
791713,0.8795329681778518
791714,0.6460382999236222
791715,0.6730624749255215
791716,0.902487420204616
791717,0.9984667219148506
791718,0.9996380236193008
791719,0.995332629960173
791720,0.9975606436807583
791721,0.6971401491566362
791722,0.7306744494169917
791723,0.06797228628170071
791724,0.9996638511272818
791725,0.007461219288321594
791726,0.9991508786145997
791727,0.9942588738128391
791728,0.9995199253792049
791729,0.999986444856303
791730,0.009502161436573169
791731,0.969314377885608
791732,0.9998408774956782
791733,0.042550323886146844
791734,0.8938690958126291
791735,0.9998424523746394
791736,0.9996045688619674
791737,0.9992046639590462
791738,0.7771024660787458
791739,0.05831293779440348
791740,0.9888704358681828
791741,0.1969967592705794
791742,0.9901001802852615
791743,0.9961824092752899
791744,0.2581743747367593
791745,0.9693103696783042
791746,0.9999195484039456
791747,0.99206125189562
791748,0.9995781855678669
791749,0.22561419045744494
791750,0.4099576386467939
791751,0.7080480506147822
791752,0.9703865637976512
791753,0.8719554557748798
791754,0.9987805860177434
791755,0.9997553798059766
791756,0.09118565522436839
791757,0.9999730530304324
791758,0.8045051793767117
791759,0.9882495971642375
791760,0.31302368563072325
791761,0.36350822566038987
791762,0.9952730942749437
791763,0.00642541582529793
791764,0.10159436923728163
791765,0.5371591601070904
791766,0.5088149128783724
791767,0.4884652181818038
791768,0.011274757944859484
791769,0.940689554800116
791770,0.08448832141329216
791771,0.9995876342492128
791772,0.2910332586191703
791773,0.9996555072562434
791774,0.9983778948464049
791775,0.686664160154388
791776,0.005299802493484321
791777,0.9385817093970754
791778,0.7609605988275145
791779,0.22514310000681895
791780,0.9998610890285419
791781,0.9935457564461664
791782,0.9989275762885854
791783,0.9907051604677509
791784,0.06346092303189092
791785,0.8561432098692243
791786,0.999665345557742
791787,0.004075243671532184
791788,0.9995275764311049
791789,0.9983234238794045
791790,0.9090471129216311
791791,0.9998997912976573
791792,0.9997142666575891
791793,0.9983868089989707
791794,0.11930057619463483
791795,0.9836938584803361
791796,0.11397743881151323
791797,0.013762902249345144
791798,0.9892976957333346
791799,0.9998355753355325
791800,0.9995850203231403
791801,0.9995201950500701
791802,0.99892412562181
791803,0.999408172700453
791804,0.556222378356985
791805,0.9995162907340536
791806,0.5293214487497382
791807,0.15163195483885003
791808,0.1792746226577232
791809,0.5915220747815446
791810,0.02627748593838199
791811,0.013115964266396989
791812,0.9928655751324956
791813,0.2096280535546129
791814,0.4906853296754745
791815,0.061170249171375694
791816,0.22882207677791838
791817,0.9931024356715206
791818,0.9996179808966622
791819,0.9613168326312697
791820,0.9873326701847517
791821,0.9999885347531814
791822,0.9999292019356034
791823,0.02903456123836403
791824,0.01570620752692854
791825,0.998221256684404
791826,0.9566547759667031
791827,0.25326947995201055
791828,0.9996900492192561
791829,0.2717964612643104
791830,0.4336541648871314
791831,0.9981717915234318
791832,0.998132479653632
791833,0.018585845953247197
791834,0.9985165742380212
791835,0.9836027013491774
791836,0.710602317213076
791837,0.9995615072343985
791838,0.00675850695121509
791839,0.9791694199366292
791840,0.998003535872386
791841,0.8849580952544761
791842,0.7515949066552636
791843,0.08684000398906505
791844,0.9990574664896053
791845,0.9009978183474124
791846,0.9645051882027136
791847,0.8937772397376199
791848,0.9998333168415476
791849,0.9997260012233522
791850,0.33793706433622117
791851,0.8242572633426862
791852,0.13121635867697337
791853,0.999694296926406
791854,0.3552119626858967
791855,0.7227514272062696
791856,0.19252650570488095
791857,0.2207792427042475
791858,0.6818283760669881
791859,0.9998987519592224
791860,0.9993811219986417
791861,0.9997945770470732
791862,0.6770170419259631
791863,0.9997682159976377
791864,0.23660343503419834
791865,0.9640131344398702
791866,0.9995885535203348
791867,0.2271578152425114
791868,0.9996121690005666
791869,0.0078006613938956075
791870,0.8519265584761745
791871,0.46575756667303336
791872,0.9532489241959758
791873,0.9956689069672073
791874,0.9998956619583618
791875,0.39369209025963003
791876,0.2568005639620633
791877,0.021543576962524014
791878,0.9992367779642166
791879,0.48755741290284316
791880,0.999974698503236
791881,0.042927025331408235
791882,0.34782527748812303
791883,0.8449527442018763
791884,0.9991876561661427
791885,0.1571030869181373
791886,0.8912234124114049
791887,0.886892780585396
791888,0.2205602155659853
791889,0.6456612028811207
791890,0.6764982357855718
791891,0.02609516992592569
791892,0.9999029056081461
791893,0.9953006664351782
791894,0.9950183980573168
791895,0.9926732776866707
791896,0.916305213139694
791897,0.7679191867127786
791898,0.8658675990093011
791899,0.6361241126769754
791900,0.1329788931933409
791901,0.9520078080852219
791902,0.9999764498718833
791903,0.9999224163984489
791904,0.2683573201720964
791905,0.9843647042003127
791906,0.5818118599091877
791907,0.032108203053216766
791908,0.7056039896517458
791909,0.19284460252677615
791910,0.9600195138110524
791911,0.997467422055331
791912,0.9949094456821787
791913,0.015210464562612373
791914,0.20434298950671195
791915,0.1408323751380392
791916,0.07905092323481941
791917,0.9963318034667787
791918,0.9999688633980773
791919,0.7751887766510591
791920,0.999779965350214
791921,0.9109781496754253
791922,0.9426790062801551
791923,0.8679349955465401
791924,0.004150712580003908
791925,0.9983313904235473
791926,0.12320264832475913
791927,0.7674505943133587
791928,0.5020890626842764
791929,0.9985544823265267
791930,0.38365515660004773
791931,0.9999873137700797
791932,0.014033799153686915
791933,0.984816927945004
791934,0.7116097372136209
791935,0.9912465314405259
791936,0.9030345816539189
791937,0.20550253985223296
791938,0.9994496088288909
791939,0.352594076914958
791940,0.4589562558899487
791941,0.996340187316743
791942,0.9994625488452472
791943,0.7620482708658043
791944,0.9970729303041939
791945,0.21122429631356507
791946,0.34909920819935025
791947,0.9407835926505026
791948,0.9986035664042959
791949,0.9978882145865777
791950,0.9998151661721946
791951,0.9987704449212159
791952,0.24732293264215993
791953,0.2808012052478515
791954,0.7363701108973089
791955,0.9956480509895158
791956,0.010771326922935382
791957,0.7057545104010632
791958,0.5967464571790748
791959,0.8806602217893267
791960,0.9805277583544256
791961,0.9339774482598917
791962,0.9981909030760157
791963,0.002445669388702769
791964,0.9425174348935934
791965,0.16264025584537228
791966,0.3667405004966282
791967,0.9694373648063896
791968,0.9694561934783905
791969,0.8964970391607665
791970,0.9997607986364632
791971,0.9971522808727444
791972,0.8633265700360595
791973,0.4843055721364996
791974,0.582016159724775
791975,0.8567942035156151
791976,0.04161551834877658
791977,0.7644587308109745
791978,0.9979696201867666
791979,0.39151408535627646
791980,0.07623543918749448
791981,0.5836438776833411
791982,0.4771050666641864
791983,0.9995012317438726
791984,0.7483653903700578
791985,0.9955784578551632
791986,0.9890757693440981
791987,0.9997204371336694
791988,0.5362545998625657
791989,0.6878086224771938
791990,0.8948956642257397
791991,0.2029926928924643
791992,0.6880809778507877
791993,0.99965368027294
791994,0.9148743590958
791995,0.11670498998206663
791996,0.99967897799887
791997,0.9999458652715391
791998,0.9980277925885295
791999,0.9995924118194552
792000,0.8949323868049954
792001,0.9997579574542035
792002,0.9992089237655367
792003,0.8245144392819411
792004,0.9997881169043381
792005,0.9996173586165802
792006,0.9984932965847255
792007,0.9957224235386454
792008,0.7447885080805723
792009,0.9985666953311265
792010,0.6999460659079333
792011,0.9919742740766712
792012,0.0936625046784729
792013,0.661497413313285
792014,0.9541858825210567
792015,0.9998853775246781
792016,0.9882192112827324
792017,0.9999821519392837
792018,0.638169004938776
792019,0.6703265106016275
792020,0.9996100788551955
792021,0.8505505529523218
792022,0.9985891751360574
792023,0.765605789213581
792024,0.10689922287139127
792025,0.9846293696629176
792026,0.9983106964979426
792027,0.9931960190709459
792028,0.9818861605812953
792029,0.9999039664544301
792030,0.9933730336859942
792031,0.49081978183456193
792032,0.5785381001565542
792033,0.9977749078296025
792034,0.7264815102390971
792035,0.9996870190096477
792036,0.8586618965331707
792037,0.02719068547885001
792038,0.8953324999711161
792039,0.21696889657152496
792040,0.9996354438863013
792041,0.9663026055991659
792042,0.6288198356525662
792043,0.2354544388714148
792044,0.999797546361465
792045,0.9998846587530462
792046,0.7723014597012293
792047,0.9999185957828355
792048,0.3710270947732405
792049,0.1884946284324781
792050,0.21208679956912763
792051,0.9927050850519927
792052,0.9997333972127591
792053,0.9964229713605037
792054,0.9997536947454373
792055,0.33884895938003906
792056,0.5416481451296118
792057,0.7201900487609301
792058,0.6259997344161224
792059,0.9764808336921773
792060,0.9999682557451095
792061,0.9997318677819389
792062,0.9997245043724017
792063,0.8647062180640026
792064,0.9995948173363592
792065,0.2678983160851241
792066,0.9905078890343949
792067,0.9985978940405933
792068,0.977692773345496
792069,0.09711947334847643
792070,0.8459381675692752
792071,0.8801284160168752
792072,0.29954332684055746
792073,0.8331976502748841
792074,0.6494030556916073
792075,0.9966386328270971
792076,0.9839518116508588
792077,0.9990116800342324
792078,0.9950303020575331
792079,0.9981507593488018
792080,0.9961490536184154
792081,0.5675351288235941
792082,0.9984553363584951
792083,0.9966184187119127
792084,0.999531660954849
792085,0.9930318259402887
792086,0.20997015101181288
792087,0.6942070765292111
792088,0.9995085260615525
792089,0.7932218459815807
792090,0.08794959645894787
792091,0.08009282013044924
792092,0.7594864302531898
792093,0.9964652193879353
792094,0.9991724218943645
792095,0.012542693699242127
792096,0.9984769379459325
792097,0.8571955817112136
792098,0.9998512498417094
792099,0.26284086418850006
792100,0.22011076628475917
792101,0.9947243015251468
792102,0.9523535737110527
792103,0.7425075477440061
792104,0.34237252649204786
792105,0.9998780008855541
792106,0.9985140969709896
792107,0.9995063835873018
792108,0.9997787993505087
792109,0.6882265941004411
792110,0.6318439887467926
792111,0.3159133288489889
792112,0.689374629481903
792113,0.9994725926186228
792114,0.9999803768944955
792115,0.9999895195265129
792116,0.9876930442698222
792117,0.9613905580130332
792118,0.022498261538420748
792119,0.05145037948137081
792120,0.9988397414644969
792121,0.9996305085420341
792122,0.9997254147514922
792123,0.9242827980642951
792124,0.9999788235112941
792125,0.3703491432034703
792126,0.9793277997530964
792127,0.9906283503570648
792128,0.9788372812023534
792129,0.9934499511621842
792130,0.9986557867903031
792131,0.999776496185308
792132,0.08974201072354575
792133,0.9964951238317701
792134,0.9994149550291576
792135,0.4449101519828756
792136,0.9930024306828469
792137,0.9999293125255312
792138,0.9871266196027014
792139,0.9981099418443915
792140,0.9998863815592884
792141,0.6116208589689824
792142,0.022373788390570592
792143,0.857623352847396
792144,0.9983174240789805
792145,0.016798474095978306
792146,0.7279387385752591
792147,0.9998529394021736
792148,0.024704022749478707
792149,0.8773380288725405
792150,0.9988326383533568
792151,0.9999685852994682
792152,0.99994627470398
792153,0.5559802985118858
792154,0.9994978658664955
792155,0.8881492172558644
792156,0.004062624501447131
792157,0.8173554862082354
792158,0.6923479703371143
792159,0.6911217708247264
792160,0.03187202840414593
792161,0.03044995983687384
792162,0.99994614977822
792163,0.6825679935965241
792164,0.525108875758317
792165,0.08993101064545342
792166,0.589752045924762
792167,0.9305452129440561
792168,0.9978055946115036
792169,0.8319361353790754
792170,0.9999582658893786
792171,0.997083930654851
792172,0.9997862711990386
792173,0.9995083630840476
792174,0.978524020942539
792175,0.17442681925655432
792176,0.9998652062404721
792177,0.7059374577997308
792178,0.9974155815096334
792179,0.9988054413333287
792180,0.29283084520617086
792181,0.9986736779614123
792182,0.9997025149451367
792183,0.9987441117823692
792184,0.28666617463125127
792185,0.9998499839034525
792186,0.08519115715549155
792187,0.9988794338788842
792188,0.05532651552189821
792189,0.9999576136259639
792190,0.8099514893075912
792191,0.9998528102855482
792192,0.9995680024042439
792193,0.999935486627211
792194,0.8678521322101651
792195,0.11394966748330601
792196,0.9928541182635834
792197,0.911585247797578
792198,0.9989093358863843
792199,0.1556112494535604
792200,0.9960249817071609
792201,0.99119224300723
792202,0.8180209455143864
792203,0.11579734886648127
792204,0.6598984202346181
792205,0.9774188777212125
792206,0.9999330481137035
792207,0.436383567757427
792208,0.008746311547004783
792209,0.9997295969309766
792210,0.989391023708253
792211,0.9008568462753924
792212,0.8296716482291702
792213,0.9996618655052754
792214,0.4520590347653416
792215,0.9992311090929203
792216,0.8607120163057793
792217,0.30627358330598936
792218,0.9998008030680949
792219,0.9999970689007223
792220,0.9907870590222634
792221,0.17299375839524467
792222,0.9750466553542674
792223,0.35841735570121525
792224,0.9977113560362528
792225,0.999427815651284
792226,0.4313639477453621
792227,0.5129755217299146
792228,0.19166566779738445
792229,0.22603558720723105
792230,0.9492793544219019
792231,0.9999337494815617
792232,0.9815184540468872
792233,0.9428955447984384
792234,0.8043138522406548
792235,0.02457473638622884
792236,0.320026761333811
792237,0.03648773807151687
792238,0.9999719867995522
792239,0.6582596130193047
792240,0.7898775720867718
792241,0.6747482753346968
792242,0.9921053783986034
792243,0.28183080633787916
792244,0.9952900942258267
792245,0.9997877236040207
792246,0.14367742232351777
792247,0.09493424783384614
792248,0.999663480078006
792249,0.9998330105329172
792250,0.964973267267965
792251,0.9998554341713846
792252,0.9978245228050594
792253,0.22458401682127693
792254,0.9998404713940786
792255,0.9994692500047979
792256,0.644640139063202
792257,0.021550099395527662
792258,0.47668447329109115
792259,0.9965996826203327
792260,0.9997533523866303
792261,0.9999867791221524
792262,0.9947919251575795
792263,0.15793339917785781
792264,0.9998501686042361
792265,0.24307302885177753
792266,0.9992428617852407
792267,0.7462620674638454
792268,0.8023564159738442
792269,0.9477022011375065
792270,0.1295345185021647
792271,0.014676727680927983
792272,0.9999730852771511
792273,0.819300953368692
792274,0.7797792357280895
792275,0.9951545648546782
792276,0.5560747523124066
792277,0.9224596734144868
792278,0.7841803220756262
792279,0.7488125807171468
792280,0.9910474550907752
792281,0.9995200915808216
792282,0.4516336082466657
792283,0.8717359508893876
792284,0.7909659247400727
792285,0.9919952847319102
792286,0.9915170313689639
792287,0.7680623118964972
792288,0.8624862848422086
792289,0.4302388597643352
792290,0.9983679372896558
792291,0.999878074948298
792292,0.9998187993505945
792293,0.7174300160667726
792294,0.7113187789385856
792295,0.9998391305099348
792296,0.0945249159896707
792297,0.9999005683083748
792298,0.9999607603546937
792299,0.9999511486327289
792300,0.9999633221100694
792301,0.7829577721878614
792302,0.4047288004154864
792303,0.1728153158754752
792304,0.4993551560683732
792305,0.9172003652424001
792306,0.14754785620383093
792307,0.9995190906641629
792308,0.6853381641600993
792309,0.6732983819205466
792310,0.7479563670056588
792311,0.7011534027772663
792312,0.9999056301783659
792313,0.48607164553122495
792314,0.41966360135186165
792315,0.9967441599281253
792316,0.9273598189762711
792317,0.6451949722803025
792318,0.8114384115151414
792319,0.9971490972034127
792320,0.9999686121603146
792321,0.9859377209927371
792322,0.18707742362622568
792323,0.9637016177097522
792324,0.9090434717571765
792325,0.9996925646873058
792326,0.6955849337804144
792327,0.9913807713773202
792328,0.9930812034157153
792329,0.999941252371386
792330,0.9994275382929184
792331,0.7296952799183307
792332,0.999968311062193
792333,0.9958331677934869
792334,0.999789721300703
792335,0.1162338617279875
792336,0.9982691450149629
792337,0.040065645358871776
792338,0.4705121530015268
792339,0.6506059525433915
792340,0.9537197812819027
792341,0.2730017790994969
792342,0.9996962547373975
792343,0.9993973707295237
792344,0.999719242831246
792345,0.9958508112800377
792346,0.9104286507614371
792347,0.9952246869816032
792348,0.023842688743034687
792349,0.8248191286815132
792350,0.9999226191302708
792351,0.6284354457795046
792352,0.1066633975386403
792353,0.9916211113409251
792354,0.7558160977476424
792355,0.0663743230337017
792356,0.6471085273074648
792357,0.998075350813931
792358,0.8790748871761018
792359,0.9674167070201258
792360,0.040074913465529494
792361,0.263500945426215
792362,0.014660792813932469
792363,0.17131055693889555
792364,0.39046430886850125
792365,0.9998866269400852
792366,0.9925726408810633
792367,0.8985979548567935
792368,0.9768759279981921
792369,0.9995964512901554
792370,0.9935911628743498
792371,0.04380455125567227
792372,0.9994907779724297
792373,0.9926294826606445
792374,0.9992094027467721
792375,0.9993413024046447
792376,0.5631204550292128
792377,0.9998728871188318
792378,0.23051178031871034
792379,0.8590487170776737
792380,0.43979743963070583
792381,0.9997385310294625
792382,0.5949561822050059
792383,0.999786060106252
792384,0.9979382043304996
792385,0.6545163473052823
792386,0.9907445013430284
792387,0.4733421429264841
792388,0.9059198192885637
792389,0.7208178411373902
792390,0.9988398801725761
792391,0.9997467219788438
792392,0.28963430277108576
792393,0.9988304766077091
792394,0.999779011460245
792395,0.999760851724014
792396,0.8191693690013143
792397,0.9512987718134592
792398,0.7150647699698247
792399,0.9598854643967218
792400,0.9977470024975151
792401,0.9228311627967039
792402,0.9945474159088751
792403,0.9996030308227591
792404,0.9988136278556942
792405,0.8567415146906459
792406,0.9996956949340221
792407,0.47032727411826103
792408,0.9736955751589151
792409,0.9999794804372112
792410,0.5449295895470996
792411,0.6308919296214577
792412,0.9999387179962795
792413,0.9996939733811949
792414,0.9830535218278798
792415,0.8679792462391858
792416,0.996123206901084
792417,0.015018801650618389
792418,0.5896612510847791
792419,0.9999859477303464
792420,0.9997567909825271
792421,0.9998749943537675
792422,0.903098858973464
792423,0.9988435238111246
792424,0.07340365835586418
792425,0.9997416728753628
792426,0.5990208833849354
792427,0.9997282844546528
792428,0.6373196701998382
792429,0.8823606526858675
792430,0.9999715084531211
792431,0.19841496549378118
792432,0.4075643457069374
792433,0.670348796598385
792434,0.04910600884196485
792435,0.9983289602165589
792436,0.995181805239743
792437,0.057404967288707594
792438,0.01024532261258051
792439,0.5180266899195274
792440,0.9999152888745888
792441,0.9909990146341622
792442,0.9319561410914992
792443,0.9981759686663311
792444,0.9921245249077327
792445,0.997784970331497
792446,0.004875812188275624
792447,0.9752275409677468
792448,0.08560398506699204
792449,0.9999516100235748
792450,0.37893156088070656
792451,0.05877843290548604
792452,0.18221624386233895
792453,0.16220765006088533
792454,0.984370718752156
792455,0.2162559598158943
792456,0.9999949667174751
792457,0.10452776798038363
792458,0.9939459649114917
792459,0.9991404906424306
792460,0.5495731614672725
792461,0.9999763369873679
792462,0.5381479400736365
792463,0.9990741826845768
792464,0.424119826478579
792465,0.01745746268087233
792466,0.03487945923541622
792467,0.1031349156947883
792468,0.44396261450881136
792469,0.4067762540665174
792470,0.999934437221303
792471,0.9988309750524498
792472,0.017348050410819466
792473,0.7074812065785303
792474,0.9022483182437842
792475,0.5945431906194338
792476,0.9997656438583222
792477,0.37230958470500525
792478,0.9678212706761473
792479,0.581146704805762
792480,0.9998751141452076
792481,0.8776346067829752
792482,0.010473044178272365
792483,0.8188032086499811
792484,0.9993144762618766
792485,0.09328936732215024
792486,0.923102579083415
792487,0.9786148056367672
792488,0.20048520223199492
792489,0.9915423175671773
792490,0.9993775753709679
792491,0.9990821164354682
792492,0.962179659633269
792493,0.8106245317122499
792494,0.9154067484640502
792495,0.03574387338246488
792496,0.8991787889117454
792497,0.9984291691430687
792498,0.13586735742191292
792499,0.9958917125604292
792500,0.6259063218129749
792501,0.9999650122515655
792502,0.8577181358040811
792503,0.44050999305225164
792504,0.27703731353677163
792505,0.9882110912265205
792506,0.34443854765071547
792507,0.9999854174264384
792508,0.06733119501164958
792509,0.2902682773071035
792510,0.9991610657788678
792511,0.9997731811549855
792512,0.9612276396518978
792513,0.9991012763219087
792514,0.9117518971944669
792515,0.8875796836043728
792516,0.9926804561852485
792517,0.18064442078534637
792518,0.8269094782404646
792519,0.996508723003202
792520,0.9999168863840218
792521,0.9995714520169566
792522,0.9628297665362168
792523,0.48427218335948824
792524,0.6680275561004608
792525,0.48124813072261885
792526,0.7909596689859435
792527,0.9999179515114298
792528,0.08424679852571186
792529,0.43187450870548594
792530,0.9986408549637892
792531,0.2480245596200725
792532,0.6474591599220173
792533,0.9998493288534078
792534,0.9997166515533296
792535,0.10543527019204632
792536,0.6422549903815388
792537,0.9995522780602323
792538,0.9999551113242331
792539,0.00520868497158984
792540,0.780458260388453
792541,0.4207607929556889
792542,0.9581624319862556
792543,0.9992169196202767
792544,0.995903033271976
792545,0.7662477881026316
792546,0.9981905075786233
792547,0.9997389822207384
792548,0.033555002317500554
792549,0.9998033480494313
792550,0.7925485669677854
792551,0.9943398522686919
792552,0.9795192604190621
792553,0.9963233463593544
792554,0.9141249623867173
792555,0.8288664261985119
792556,0.6571053003269295
792557,0.8759845910065847
792558,0.9975481981441324
792559,0.08138549687776869
792560,0.9268042220104051
792561,0.6686324274059008
792562,0.9989380195336481
792563,0.6210404294437303
792564,0.2608882207350428
792565,0.9999445542251824
792566,0.9984803255420922
792567,0.9996967851069546
792568,0.9999169103338846
792569,0.9990996799745404
792570,0.9901593958907511
792571,0.9922627050466878
792572,0.990696182407333
792573,0.04023703968114236
792574,0.9648221138130564
792575,0.05624847980255857
792576,0.9995560249958844
792577,0.9910698289792823
792578,0.9643565036908293
792579,0.9996969688971882
792580,0.5607261155503138
792581,0.9837413391156257
792582,0.0852145214088596
792583,0.9641766073759813
792584,0.10587742533411323
792585,0.9613722358900385
792586,0.9966067215239015
792587,0.05859368994218311
792588,0.99958328255359
792589,0.13887759422813728
792590,0.9431332121744841
792591,0.9661379147653494
792592,0.9981322702311176
792593,0.5547998844874303
792594,0.9993693489973647
792595,0.9999812594605954
792596,0.4415545078577694
792597,0.5431637035293749
792598,0.9992870352101335
792599,0.9026036322366162
792600,0.9999856170495492
792601,0.047285753549268374
792602,0.8718396144695002
792603,0.9999814689162432
792604,0.15925454097077732
792605,0.09000671204815328
792606,0.9249244849469354
792607,0.9675657696282436
792608,0.9519417594755579
792609,0.8288229272578658
792610,0.9998284726780928
792611,0.8017073439589419
792612,0.869803180171181
792613,0.9974433477413416
792614,0.9751267226192879
792615,0.6162762147499116
792616,0.998404474726056
792617,0.826004823978457
792618,0.046535364268330215
792619,0.11670488037434945
792620,0.9563932072202389
792621,0.8295837580127365
792622,0.1614585055294696
792623,0.45181137894590406
792624,0.9999475447208628
792625,0.24512585189464683
792626,0.13398901473330518
792627,0.9815777670697874
792628,0.11958074197628901
792629,0.9893941309095821
792630,0.8689333303848055
792631,0.1661914811646406
792632,0.489976285817845
792633,0.5183390637385222
792634,0.9026892309567569
792635,0.5334404638822051
792636,0.15669033988555184
792637,0.9626969601537928
792638,0.6545422563399108
792639,0.999853271590015
792640,0.5275780081305775
792641,0.39239330967299935
792642,0.48917792888479583
792643,0.9577211576778704
792644,0.9998387979171728
792645,0.18127882688637525
792646,0.9999586598693704
792647,0.9999787806356696
792648,0.9998251137623712
792649,0.03854799523158156
792650,0.6885771046180835
792651,0.13783295149265412
792652,0.02390148983973709
792653,0.9996393112892976
792654,0.9964426764484484
792655,0.7364692715278571
792656,0.7764199018566349
792657,0.0018742352294800094
792658,0.9997805358703471
792659,0.8994793911908228
792660,0.9925987247672527
792661,0.9996922335251426
792662,0.8378425813562991
792663,0.15167584763994268
792664,0.6685159689550195
792665,0.09415023936539368
792666,0.9902389618219729
792667,0.9962342059202621
792668,0.9980973220065423
792669,0.02830694021409062
792670,0.11889648864118253
792671,0.9962534040935245
792672,0.9999750343421436
792673,0.9999787007373354
792674,0.595119711306647
792675,0.6920276280907935
792676,0.9975490113519672
792677,0.9822063426794985
792678,0.9913200402767485
792679,0.9993991862810822
792680,0.9703288935720991
792681,0.9161194673314967
792682,0.7112167616199937
792683,0.20151964090016997
792684,0.549715899925447
792685,0.0607542966378603
792686,0.40128851890543454
792687,0.016637809788787584
792688,0.9017285364879413
792689,0.9701461616835346
792690,0.6684892581903334
792691,0.6962188566463194
792692,0.9019363224735836
792693,0.7779268845026028
792694,0.9980333073655185
792695,0.9449405630691212
792696,0.08397796852395706
792697,0.07410450354667147
792698,0.42979253139488005
792699,0.9998298644267491
792700,0.8845485664391092
792701,0.999451628409713
792702,0.7109178213287508
792703,0.9952004710000082
792704,0.701142151281761
792705,0.9879713682641136
792706,0.7754206647724646
792707,0.9975182192935894
792708,0.6215679590602108
792709,0.9993650684211124
792710,0.765971541964034
792711,0.9996646246402694
792712,0.33820114048054645
792713,0.03592178629032968
792714,0.5422292848825063
792715,0.9998472638440974
792716,0.40409989896918086
792717,0.9723270085757401
792718,0.9523313988858401
792719,0.9999492949833335
792720,0.0761375597100201
792721,0.9905151306793771
792722,0.03406539661243849
792723,0.9468239123413493
792724,0.998278436053367
792725,0.11791736160008788
792726,0.9998380717675697
792727,0.9902732087232051
792728,0.9999865402960779
792729,0.9996007504949038
792730,0.9854012758297299
792731,0.07054799394487855
792732,0.09350132297808093
792733,0.9999836242013072
792734,0.9999154145321558
792735,0.04937986027923609
792736,0.996878035722278
792737,0.999921034430827
792738,0.9715156380492851
792739,0.999849585598221
792740,0.9631840151844759
792741,0.8805862281795238
792742,0.9994896006322264
792743,0.9645113338679906
792744,0.9996770035029808
792745,0.16899006589402668
792746,0.5695630621018827
792747,0.999354251984959
792748,0.043821518862408676
792749,0.7332155391536377
792750,0.08174570405781044
792751,0.04699590673908105
792752,0.9315410404518242
792753,0.8727020259303291
792754,0.9967641748516993
792755,0.999599807216881
792756,0.9273139772420549
792757,0.46527749829084675
792758,0.9318685481941577
792759,0.9999141274280261
792760,0.8041966427284967
792761,0.9985203694438052
792762,0.9996881132402853
792763,0.9987252022832193
792764,0.00661938673951769
792765,0.3226523424628456
792766,0.9998006563322075
792767,0.0265510512405797
792768,0.9810630566432637
792769,0.1358828404880211
792770,0.48651669998528146
792771,0.9966121590632476
792772,0.996737253497595
792773,0.6820280745800763
792774,0.9999315118655832
792775,0.6154940160668171
792776,0.9999878203407842
792777,0.15012160563149266
792778,0.9700955573136755
792779,0.040162172535873994
792780,0.7842394911867347
792781,0.943369437408515
792782,0.1799054456733227
792783,0.9976480275466859
792784,0.5877978285784067
792785,0.43701820656831647
792786,0.9991101637242984
792787,0.999879691910028
792788,0.42648247912691584
792789,0.7866142116604062
792790,0.9559393498970259
792791,0.9988954971384613
792792,0.9999482686427779
792793,0.9993301902718117
792794,0.4511719747093552
792795,0.8568838636192335
792796,0.5104104931066732
792797,0.9711792447435904
792798,0.9915167179173274
792799,0.9966622225069128
792800,0.9957345793989537
792801,0.006527790575487316
792802,0.17468887960796972
792803,0.4065718358169278
792804,0.9605675322618479
792805,0.08910031027251887
792806,0.7361922030523338
792807,0.053984550315179056
792808,0.8272383938476381
792809,0.9997514042217641
792810,0.9998665476221558
792811,0.004061410954286907
792812,0.8346281645594673
792813,0.7050252055692061
792814,0.9997459342002739
792815,0.9994878994307794
792816,0.07221928450862684
792817,0.7117487140321097
792818,0.6186026924976926
792819,0.5900588685166464
792820,0.815610345541848
792821,0.7313728746609934
792822,0.9787102375737923
792823,0.9998587394147225
792824,0.04036948153089032
792825,0.28186392173718083
792826,0.8209258588873438
792827,0.508079741399178
792828,0.28666350537815866
792829,0.2421866877899481
792830,0.9999524127518086
792831,0.99970700516648
792832,0.8273152158718295
792833,0.96159863444769
792834,0.014113181285572412
792835,0.3633756768218569
792836,0.7952540468425999
792837,0.027838133811192475
792838,0.9913251889442921
792839,0.9750518940476879
792840,0.988079391038732
792841,0.9998446113864732
792842,0.9998783369737716
792843,0.13653204249453324
792844,0.9985655949995582
792845,0.013604457197391541
792846,0.16283233524387294
792847,0.9978591572139599
792848,0.9981715855933077
792849,0.08005803039923215
792850,0.07920196633310861
792851,0.028272215043107268
792852,0.9961964972194365
792853,0.9701174616745943
792854,0.4500502704312911
792855,0.9996332493380548
792856,0.08631173883385976
792857,0.8046463471650339
792858,0.25397378449930935
792859,0.05313353484674867
792860,0.899035204042929
792861,0.4411595943707203
792862,0.9997631395809875
792863,0.9420693189184008
792864,0.7388582527912042
792865,0.9999827054143179
792866,0.8998715229732879
792867,0.35351568332849365
792868,0.9851388770257967
792869,0.7510532901095797
792870,0.20606794773424703
792871,0.8500564575672811
792872,0.7568124459142106
792873,0.9999737545256624
792874,0.7556963989206723
792875,0.9999627805006064
792876,0.8937174784779016
792877,0.21433885915991457
792878,0.5539645316716084
792879,0.9971240027419691
792880,0.999904808978425
792881,0.6353569110104852
792882,0.9992590856117542
792883,0.8957682995355044
792884,0.2506307185916831
792885,0.994453847505971
792886,0.9997468923312975
792887,0.7606641349978216
792888,0.9998301633726805
792889,0.9712220682945997
792890,0.8919165155839401
792891,0.13031854176592417
792892,0.27142330276768645
792893,0.9992224097064579
792894,0.999416725353953
792895,0.7050833285575543
792896,0.9998073012821869
792897,0.9997114029174946
792898,0.6857797038172249
792899,0.3960975164273579
792900,0.999924882806374
792901,0.023273096741638844
792902,0.9993567729718509
792903,0.15399843906432584
792904,0.882338520099132
792905,0.9629753630525618
792906,0.9997146921377753
792907,0.9915321522709093
792908,0.10340422086767356
792909,0.9975161517939519
792910,0.9998530720003692
792911,0.854066835178549
792912,0.9998245944722054
792913,0.9883129389034477
792914,0.994332633297607
792915,0.49621299130758106
792916,0.9895711359562166
792917,0.9951577077118279
792918,0.5862105734064257
792919,0.9998533272040391
792920,0.9992650220686552
792921,0.9943764938221568
792922,0.002262264078619508
792923,0.4526719830274121
792924,0.9994468555977661
792925,0.9907392758181298
792926,0.7518661219931959
792927,0.9998098735675612
792928,0.9939717454607397
792929,0.007820541192250846
792930,0.7254599641122605
792931,0.999978289837014
792932,0.38954925301352067
792933,0.999592660390658
792934,0.9999481398927423
792935,0.16824956003943237
792936,0.18996281781223734
792937,0.010588977828547353
792938,0.9996713133188078
792939,0.21267498169511373
792940,0.9999027731531664
792941,0.7061346746001834
792942,0.4651462051981067
792943,0.9996224611975304
792944,0.0707403316891059
792945,0.6627427116697872
792946,0.9999726435617307
792947,0.9996170983308053
792948,0.08364712333948701
792949,0.9990436098201079
792950,0.9993071968269999
792951,0.4343229140726724
792952,0.9999598482310279
792953,0.15684141575841942
792954,0.36733684857793203
792955,0.7371258261045117
792956,0.0135666119444297
792957,0.9987259697100181
792958,0.15489003723959982
792959,0.5127556920176582
792960,0.7325941076010999
792961,0.9978125876405286
792962,0.2624787923857803
792963,0.9998338024669392
792964,0.999673646523971
792965,0.34172022258057144
792966,0.46294213582328003
792967,0.7937091359098323
792968,0.7792276325121174
792969,0.09844631206888417
792970,0.9878535732773899
792971,0.9997583643526903
792972,0.9968889491544094
792973,0.9521477408567913
792974,0.323850925802449
792975,0.9998250749332375
792976,0.8563104768339131
792977,0.9968076186688012
792978,0.9972409932607627
792979,0.4914224691425863
792980,0.8760050241412495
792981,0.6414446022010222
792982,0.9999726056413081
792983,0.9996905564004157
792984,0.994918089146867
792985,0.6144851011910885
792986,0.9879373896106405
792987,0.9988312212860522
792988,0.9998767527598245
792989,0.03058706173553567
792990,0.999599753719441
792991,0.6860122487750794
792992,0.9835076411223553
792993,0.24052762328233623
792994,0.9999617774462151
792995,0.9999880808668762
792996,0.33883894825048305
792997,0.9995340030924418
792998,0.006501503223565268
792999,0.35995561683907107
793000,0.28917922366750554
793001,0.09625025080967689
793002,0.9998515726858003
793003,0.9855192758298601
793004,0.9999236482936317
793005,0.8806669183513003
793006,0.9995962764860458
793007,0.9984343334460007
793008,0.8250757706876294
793009,0.9987871552293273
793010,0.9932602620644244
793011,0.9996162409312075
793012,0.5032668850984752
793013,0.4102289270941738
793014,0.9985681186292901
793015,0.6221879236115457
793016,0.9827345695906999
793017,0.9904478953611027
793018,0.9986174235942128
793019,0.9999654878234843
793020,0.10203898260375735
793021,0.9998319622629313
793022,0.2876531208182407
793023,0.9971622413543421
793024,0.9072509463408389
793025,0.9069150428846015
793026,0.4272882236077459
793027,0.7936204554027712
793028,0.9998831126513723
793029,0.20713300775750287
793030,0.2269961005516961
793031,0.04028197757819846
793032,0.9864692614297288
793033,0.03003978348491177
793034,0.988851375143402
793035,0.9288280977832057
793036,0.9974796054280666
793037,0.9993649632656143
793038,0.1335004430211181
793039,0.9989627846288722
793040,0.9999742684130497
793041,0.39895130542410034
793042,0.7947285677249456
793043,0.996725152176428
793044,0.19352592676965868
793045,0.9398524340398658
793046,0.9998137051552832
793047,0.9457083323142118
793048,0.9996619240420102
793049,0.08559625006038442
793050,0.9268097193645497
793051,0.994727733753159
793052,0.9673832394012649
793053,0.9601396256500301
793054,0.2973425036044337
793055,0.9983837489104738
793056,0.9653361458760013
793057,0.5835719415383196
793058,0.33323387312056674
793059,0.9999792589937282
793060,0.9941572834578314
793061,0.9944705419870068
793062,0.8882537970780857
793063,0.4746499443740304
793064,0.5235229613938854
793065,0.9943875287227992
793066,0.9998563971051696
793067,0.9753256423159525
793068,0.9992313796731811
793069,0.9993220879553475
793070,0.23534340147750496
793071,0.41004149921140576
793072,0.9903181838397523
793073,0.999280437731126
793074,0.9961763223240259
793075,0.980036750300419
793076,0.21277438401325138
793077,0.9991442250984479
793078,0.27803424020037804
793079,0.9998863104555656
793080,0.9997446911663735
793081,0.98873444841062
793082,0.9343351234695718
793083,0.5504593394318918
793084,0.999936683852777
793085,0.007026573036178386
793086,0.9563449786426756
793087,0.998847526036508
793088,0.3426462977289241
793089,0.9504507091053631
793090,0.20693132217852056
793091,0.9994202385828634
793092,0.9679818565717373
793093,0.187629873399266
793094,0.29203519448838594
793095,0.9997005933587535
793096,0.9401349826056462
793097,0.632791295005229
793098,0.9289029700314956
793099,0.9999839336693425
793100,0.13752357994288472
793101,0.07590567112885678
793102,0.9920449630521675
793103,0.6776748005439096
793104,0.9999347116435363
793105,0.12117426517639487
793106,0.9922849762429534
793107,0.9954177465763108
793108,0.8473468196490794
793109,0.03903856548193129
793110,0.852924886283613
793111,0.018632572457964968
793112,0.23273406271235164
793113,0.9996806667911503
793114,0.05963089410911458
793115,0.9990717602766594
793116,0.03488830084679591
793117,0.797667721720535
793118,0.10655743371506939
793119,0.9997914971328052
793120,0.994844948639263
793121,0.9998809313005211
793122,0.9977743678414271
793123,0.999009658171244
793124,0.8965874450935436
793125,0.057033677529417875
793126,0.9751309002423791
793127,0.9996278553418739
793128,0.9991499228584133
793129,0.9997421624491689
793130,0.9324431197090517
793131,0.7016465229933877
793132,0.9999284744873068
793133,0.9902786542310302
793134,0.9967774274134586
793135,0.8907871430062626
793136,0.03655841695322892
793137,0.9221854410397523
793138,0.9887164492717412
793139,0.9998976855212881
793140,0.9976412265673034
793141,0.9898295169435198
793142,0.9977097489086872
793143,0.09627934043683481
793144,0.11220391383738264
793145,0.4496205464706893
793146,0.9983773159081539
793147,0.9637640913743821
793148,0.009686522975872185
793149,0.9992622083591569
793150,0.9853250453481617
793151,0.9996551768855833
793152,0.7760656632595033
793153,0.9952501535575835
793154,0.3065259026453221
793155,0.1647469726588182
793156,0.9964922246204942
793157,0.9997071648089867
793158,0.9973794679576065
793159,0.9186487721822466
793160,0.9235860070052757
793161,0.9998906776174192
793162,0.8812847885600736
793163,0.999805477663242
793164,0.8462719582393765
793165,0.5848579871960389
793166,0.9997024481862533
793167,0.9998786416215398
793168,0.8284250642807348
793169,0.9998818852740139
793170,0.031955752099150074
793171,0.9999375730516002
793172,0.5223353766567713
793173,0.11592433256814616
793174,0.35736774117290504
793175,0.2242526333312821
793176,0.9956534502895555
793177,0.9997885975995489
793178,0.5822246034948426
793179,0.8330141309640371
793180,0.9998530949300127
793181,0.5062901055436206
793182,0.066413858100923
793183,0.682523176483862
793184,0.9998640967607325
793185,0.9997609325287063
793186,0.9962091282445353
793187,0.9999404741483238
793188,0.999690437214658
793189,0.8431224534556112
793190,0.20302116109097967
793191,0.9998724948281943
793192,0.9118641965531342
793193,0.0655452690714099
793194,0.9980016253685083
793195,0.02371843238911871
793196,0.3195961752443005
793197,0.8479405169390828
793198,0.998709434530916
793199,0.3510187199995317
793200,0.28710804516966765
793201,0.10574855972944128
793202,0.3162878532168173
793203,0.9995511993783044
793204,0.7144476563016766
793205,0.0301029191836382
793206,0.970329584990305
793207,0.352408891339154
793208,0.9995489384080081
793209,0.9975927235715666
793210,0.9953866128501394
793211,0.9831689598440279
793212,0.9274644025494024
793213,0.9997383730925823
793214,0.25735188873390236
793215,0.685807778213087
793216,0.008511241726502033
793217,0.9923023744085799
793218,0.44236191871359587
793219,0.006095106517317328
793220,0.07078475587978095
793221,0.9695543951036558
793222,0.9999136637006981
793223,0.9989135360683408
793224,0.4604521988412862
793225,0.999959680053175
793226,0.7600387966303674
793227,0.7650695124292153
793228,0.054135087787695546
793229,0.9306236089061356
793230,0.045153645484788625
793231,0.9994577680173298
793232,0.5597873241367513
793233,0.5226262153324428
793234,0.9959324329648793
793235,0.991125640437228
793236,0.9131235488851486
793237,0.9966103991103379
793238,0.9997587898033049
793239,0.10167942420170425
793240,0.5658837736580209
793241,0.9997482825708655
793242,0.9900343971846348
793243,0.9970083209080438
793244,0.9999605956875987
793245,0.9615352610750282
793246,0.9631474898725491
793247,0.9975427249907768
793248,0.9985813055169381
793249,0.015993131869859397
793250,0.97390417195713
793251,0.2538183772111989
793252,0.97993058599169
793253,0.18326895872574245
793254,0.9997053914462248
793255,0.8878447557594462
793256,0.7506461161942815
793257,0.9997361463262379
793258,0.9819610945920799
793259,0.9741962638920934
793260,0.9862363602833755
793261,0.0936209540788197
793262,0.38948618429446114
793263,0.5716957929543804
793264,0.7145093019823527
793265,0.9873740365735735
793266,0.9998907219961655
793267,0.9939594641945515
793268,0.035814952318258576
793269,0.9996784376766109
793270,0.6597055221026249
793271,0.9999806137992203
793272,0.3420966705304614
793273,0.9951544657319494
793274,0.2248429240221971
793275,0.8492523039374517
793276,0.1508269512494215
793277,0.5351351460297796
793278,0.9374022351638949
793279,0.9993901591835899
793280,0.9860228613872893
793281,0.9992328081888553
793282,0.998365518112182
793283,0.9718243235545393
793284,0.9965471130509712
793285,0.8560268872598596
793286,0.7324866860473298
793287,0.9996464571234231
793288,0.9997707753535062
793289,0.24762584304926866
793290,0.6787554890765358
793291,0.9950128158142775
793292,0.3124482114080541
793293,0.23212809301437368
793294,0.987261404461401
793295,0.9240089796854262
793296,0.9458294856899235
793297,0.5959509727037928
793298,0.9999503722155705
793299,0.7888444129351598
793300,0.31173500156052464
793301,0.9995143390075782
793302,0.9999728043709686
793303,0.9284544748437853
793304,0.9999237556785786
793305,0.9999682041106278
793306,0.9900822925539466
793307,0.03501473864144745
793308,0.8609493660576819
793309,0.9840574104902429
793310,0.30834961518972925
793311,0.903085340140474
793312,0.26795317718898143
793313,0.7327876792425818
793314,0.3001648226211335
793315,0.9990116478406899
793316,0.20954189204544554
793317,0.7970157265654253
793318,0.9891009589361118
793319,0.9970391147226145
793320,0.9489635917077909
793321,0.7018935217100755
793322,0.9999001473874725
793323,0.026240335677440614
793324,0.98764560205042
793325,0.9899890402333185
793326,0.9980995384804352
793327,0.2042036441772901
793328,0.6469252487916528
793329,0.8057069961955998
793330,0.9990962365928022
793331,0.999705914831188
793332,0.9155473381950027
793333,0.999858425856422
793334,0.32142280260122635
793335,0.9977971994276124
793336,0.9996958407745673
793337,0.981367336055661
793338,0.4046201165202499
793339,0.9196929330101214
793340,0.005678641717169596
793341,0.6314551162492898
793342,0.8617914497360284
793343,0.9996478536111988
793344,0.28615906585510437
793345,0.9205366773014889
793346,0.685545069704544
793347,0.9994644474059549
793348,0.9947846600418685
793349,0.998061421421876
793350,0.9957024426652384
793351,0.9995909484444628
793352,0.2796125575847776
793353,0.9896378384808625
793354,0.28891264204777284
793355,0.723491609510245
793356,0.9213302135114165
793357,0.1837254899229242
793358,0.9930469247124332
793359,0.9987994555736653
793360,0.5923821402034922
793361,0.7554593542292569
793362,0.9998859641459148
793363,0.9991415070646796
793364,0.9975838749382809
793365,0.031280034348886696
793366,0.14715278263757647
793367,0.975100126434449
793368,0.5591930623476673
793369,0.034749207885399314
793370,0.9998050215936791
793371,0.999040879304985
793372,0.9957352609565212
793373,0.9804053767944183
793374,0.7197734192147698
793375,0.999904318763577
793376,0.2954205532334821
793377,0.9981546330317332
793378,0.9986450287222214
793379,0.999765747990178
793380,0.9995234954762018
793381,0.9488283238715519
793382,0.8413740854864542
793383,0.7575772508465752
793384,0.49832527166674034
793385,0.0431831921296883
793386,0.8003135230066536
793387,0.4125688395617521
793388,0.8482451392611783
793389,0.9285634322668175
793390,0.9766491980871956
793391,0.10033856341452925
793392,0.9991158073819455
793393,0.9998227763932628
793394,0.8382761343210396
793395,0.22125241820667002
793396,0.9956718156889044
793397,0.9988080539107203
793398,0.9997625152334023
793399,0.8404056655067347
793400,0.5782801359684292
793401,0.9999925006963836
793402,0.9992615177856639
793403,0.9991714449236313
793404,0.9904935162211961
793405,0.9589345032136225
793406,0.11953813364527924
793407,0.9997417267211228
793408,0.9999129802141796
793409,0.9327065341887938
793410,0.9999849066102959
793411,0.9437372777287286
793412,0.4052870301764166
793413,0.9999498781086911
793414,0.9997155004832625
793415,0.9996742995277162
793416,0.9961347095646487
793417,0.9997181375596313
793418,0.4107475289893715
793419,0.9496369774265052
793420,0.21549411823545456
793421,0.9993906945077811
793422,0.08369192757023569
793423,0.9994612725140872
793424,0.9909434219966538
793425,0.9642873082433916
793426,0.9956313534481221
793427,0.1984325372793087
793428,0.007879778694749116
793429,0.9815974684052613
793430,0.13869853422595507
793431,0.39082780914630244
793432,0.9907606819086374
793433,0.9740395074301194
793434,0.02268455728935012
793435,0.9992729006106564
793436,0.9954538949477858
793437,0.9995517279675973
793438,0.8991248132396252
793439,0.49414350960394193
793440,0.5102114942720672
793441,0.9997461439649269
793442,0.011566380315955393
793443,0.9885486838682956
793444,0.9997440839651649
793445,0.6705339866913542
793446,0.9976371358638189
793447,0.9998732878559795
793448,0.19422639026399371
793449,0.9989005754627255
793450,0.8846242285298749
793451,0.9992593663745191
793452,0.5039802118443197
793453,0.9984458142030184
793454,0.9993633201387314
793455,0.9999486733611609
793456,0.8417799094557538
793457,0.9043444282743519
793458,0.9995705967969752
793459,0.9787911073541508
793460,0.28184196500387043
793461,0.3132500209341973
793462,0.740958857134446
793463,0.023156978867233127
793464,0.966769600755853
793465,0.5586565645645478
793466,0.9537230483269955
793467,0.4001744863369596
793468,0.4735023660407085
793469,0.999908295597584
793470,0.9987538817623445
793471,0.6429983020961061
793472,0.9867327210154914
793473,0.10765615211352289
793474,0.8303241170496569
793475,0.7429445361810697
793476,0.28413136209652595
793477,0.9416015761951042
793478,0.86693269937053
793479,0.9993076039148988
793480,0.7654563418000864
793481,0.8954745864439231
793482,0.99475465503125
793483,0.9617108785616411
793484,0.9895370822200511
793485,0.5115684077754418
793486,0.9994223412313823
793487,0.8906650668282219
793488,0.9920335939008447
793489,0.27984062530506865
793490,0.6328441894782896
793491,0.9994592391164081
793492,0.9998108783661364
793493,0.9837303325871755
793494,0.04677529923836713
793495,0.9949791787840347
793496,0.9924380756345438
793497,0.9999723962122897
793498,0.03788117108681037
793499,0.8642056293333529
793500,0.9986375565805826
793501,0.05645440087694343
793502,0.9997803315640779
793503,0.5399504736686582
793504,0.9999300705509561
793505,0.10245899966524499
793506,0.9997449055927399
793507,0.8558731153399455
793508,0.9999856622981012
793509,0.5811515010486824
793510,0.8319598034511053
793511,0.4377952954329315
793512,0.45793736977554766
793513,0.11002010899396102
793514,0.710093463800258
793515,0.9273550261116827
793516,0.999799444832036
793517,0.9669708516564934
793518,0.9984255896098784
793519,0.8323828653682261
793520,0.9999633215671418
793521,0.9996423353775694
793522,0.9910797506776667
793523,0.9793667965852939
793524,0.698513765683993
793525,0.05939602893509484
793526,0.9894893915218796
793527,0.9995029450095132
793528,0.8000612973053487
793529,0.9991239202925956
793530,0.9974207891358418
793531,0.03254680920933332
793532,0.9999500817131524
793533,0.24659319597861262
793534,0.9785558646822936
793535,0.9222498048972585
793536,0.008115467984805893
793537,0.9806038559903567
793538,0.362813486554223
793539,0.7434895970842825
793540,0.9330995779569051
793541,0.9874610028736207
793542,0.997355655046308
793543,0.7497447346797552
793544,0.9999784543673901
793545,0.9953470941129416
793546,0.9969165187673619
793547,0.9996896409277082
793548,0.9962823210943738
793549,0.9971814484114205
793550,0.9979681088131827
793551,0.9818753937428325
793552,0.9197564146981213
793553,0.999979127329208
793554,0.9996751121653392
793555,0.6384351520198372
793556,0.9972092831636847
793557,0.9999716409975629
793558,0.9902351767258426
793559,0.9786424462462249
793560,0.9989325670664164
793561,0.9993190891021936
793562,0.9988410985083611
793563,0.4277938472717592
793564,0.9999566865022985
793565,0.12806932244703056
793566,0.8912997890895569
793567,0.9977146023347498
793568,0.7846750531828934
793569,0.8278624018015524
793570,0.9982936787853213
793571,0.9778294913724065
793572,0.9988529183301555
793573,0.42300577819652707
793574,0.8342452829486006
793575,0.8727675161727855
793576,0.9682310579265665
793577,0.9998641784286363
793578,0.4854634447713918
793579,0.9973178042548637
793580,0.999385632199081
793581,0.9999920173621648
793582,0.16934421730987853
793583,0.8947927208748594
793584,0.7327963309144842
793585,0.8562100589083436
793586,0.12993358111306463
793587,0.5275685466463252
793588,0.9989691439411689
793589,0.9985724044124356
793590,0.9993438729230883
793591,0.9937863457121439
793592,0.9944795961998689
793593,0.9868911060166321
793594,0.999499506873416
793595,0.9663257956756541
793596,0.9986353651646432
793597,0.2874800581357789
793598,0.6340986130791557
793599,0.9668487589929047
793600,0.9248108091463652
793601,0.12470725926820991
793602,0.9998600480089802
793603,0.3565836424470311
793604,0.9630293080890775
793605,0.9926549764625144
793606,0.5612660996624761
793607,0.6935110031746463
793608,0.9999923749248482
793609,0.9981221826754869
793610,0.9921560384985861
793611,0.7570168663707616
793612,0.9878149013361006
793613,0.9196760492378138
793614,0.45989388557451033
793615,0.26728756012658944
793616,0.3970215854389558
793617,0.9970880243564613
793618,0.6957971295396059
793619,0.9996870007039308
793620,0.6725362212933124
793621,0.9996546743428912
793622,0.9086186816439503
793623,0.999930260833068
793624,0.9997434247741421
793625,0.03190465780894109
793626,0.9999592247735796
793627,0.9944161603248833
793628,0.5502826727743801
793629,0.9752105979997885
793630,0.9973226590736943
793631,0.9985764063446532
793632,0.7068561845625974
793633,0.999975917792602
793634,0.932537238135129
793635,0.9973793465667458
793636,0.9989582856673614
793637,0.9977384933149208
793638,0.10964759316966563
793639,0.3719557767083551
793640,0.3719530024251537
793641,0.9919595369327374
793642,0.5580072524413032
793643,0.4637426875778307
793644,0.996824027356954
793645,0.4359432977781582
793646,0.38871490004646303
793647,0.2270629978200205
793648,0.6541220124962749
793649,0.9641523638704457
793650,0.9492868607626779
793651,0.99400530899087
793652,0.2858300457681882
793653,0.9995386670594509
793654,0.9991382224510414
793655,0.9997281163453984
793656,0.992600318483853
793657,0.71768155257445
793658,0.9999750745158678
793659,0.9961756349380871
793660,0.056061833246297724
793661,0.07243455253521866
793662,0.9565253502712252
793663,0.014227857948811196
793664,0.999969568024009
793665,0.9954905675136356
793666,0.8533213942244222
793667,0.19464697853679896
793668,0.7337700848514312
793669,0.9963000090286798
793670,0.6866294439842011
793671,0.08393550769511104
793672,0.9958037183910899
793673,0.0838793624743367
793674,0.992227381248761
793675,0.9996094631815531
793676,0.05857581470703412
793677,0.12498517473996021
793678,0.04282420851899354
793679,0.21905888882753782
793680,0.18255623870610432
793681,0.9851660838311839
793682,0.45040085352142356
793683,0.9582264724912233
793684,0.09283436676719246
793685,0.9945675282133897
793686,0.8626325299138087
793687,0.9997138317251639
793688,0.6140656719575135
793689,0.9868395819395888
793690,0.9999959994703649
793691,0.6785218827532002
793692,0.9990826968107085
793693,0.010319116448400141
793694,0.998176666799826
793695,0.03750751294737571
793696,0.8759698042813773
793697,0.9999544020896931
793698,0.8778083496584435
793699,0.8860972326447496
793700,0.9225058641658702
793701,0.9994224478621964
793702,0.9994745905935207
793703,0.9313374553384903
793704,0.9574737397905728
793705,0.5634808928731964
793706,0.3957689456123509
793707,0.9938129592099842
793708,0.012892602484365202
793709,0.9998741922098676
793710,0.0059684599990030285
793711,0.6948941158784282
793712,0.9999158822679013
793713,0.8633641728674137
793714,0.8818001767291691
793715,0.7489994570808993
793716,0.996823594342646
793717,0.9997250751866166
793718,0.2671522961074668
793719,0.9997324820342137
793720,0.9718238875735635
793721,0.9973488068583457
793722,0.3166581549868668
793723,0.8032315850333508
793724,0.9990952876446537
793725,0.06767499440298597
793726,0.9987631435725126
793727,0.979922573727493
793728,0.999450307676455
793729,0.17297792638054618
793730,0.07012385533011763
793731,0.635709270119023
793732,0.17871435760122034
793733,0.9931283025922775
793734,0.9952554559844484
793735,0.586435226005154
793736,0.030447101180112117
793737,0.3661669228134594
793738,0.41835843905319836
793739,0.9998604893486365
793740,0.8794415765602821
793741,0.7331682695875723
793742,0.5529123837697272
793743,0.7996575193438055
793744,0.6949215910904496
793745,0.011615273379577476
793746,0.989392067965532
793747,0.5925440246433369
793748,0.9998838491477336
793749,0.2423858715190587
793750,0.08635813731217107
793751,0.18270311207494871
793752,0.9998615861100506
793753,0.9997283094723007
793754,0.18607722438101004
793755,0.998651954885682
793756,0.6843381196420273
793757,0.9782878913131707
793758,0.9509176787306124
793759,0.9999532512111442
793760,0.9980245193725102
793761,0.9995533861717165
793762,0.9975596202997757
793763,0.6134415919709895
793764,0.9291457058928028
793765,0.17650386807984098
793766,0.2516576290862982
793767,0.9996708152376153
793768,0.9880078603728764
793769,0.009635612531607277
793770,0.2865295247420102
793771,0.03325650295213648
793772,0.06464140099769014
793773,0.9958707634671892
793774,0.9995661681531907
793775,0.5920443690121763
793776,0.9997673342188338
793777,0.9945188854223905
793778,0.9999892022724849
793779,0.9999875646373259
793780,0.023398149332418895
793781,0.15868577319273258
793782,0.9910486174625108
793783,0.6280411464272752
793784,0.9997186613529828
793785,0.9538085322368124
793786,0.13151806296929827
793787,0.9994824191428103
793788,0.28971899708443793
793789,0.99997884345044
793790,0.9944547907093174
793791,0.9616789512890431
793792,0.4075540858940871
793793,0.00569855662086859
793794,0.00846881472679189
793795,0.25991465577538003
793796,0.9188342321360732
793797,0.9872515933442465
793798,0.9704324738466247
793799,0.9069697371800611
793800,0.8970673401350737
793801,0.9945446072992568
793802,0.9998291953751357
793803,0.9951715559303131
793804,0.9993905762271603
793805,0.9993175116817302
793806,0.9705543048858573
793807,0.9999063120710983
793808,0.6599708801212757
793809,0.6389519004725595
793810,0.05973950550108796
793811,0.8195521790147923
793812,0.9645985747735948
793813,0.9662246824893898
793814,0.9992997501321352
793815,0.9952871141370363
793816,0.6799379962414489
793817,0.9050812408540974
793818,0.7307351643665845
793819,0.031171901894696437
793820,0.9994673780495603
793821,0.4663268875745429
793822,0.09589697495323016
793823,0.9992303028322359
793824,0.31095115894332337
793825,0.9913199545579459
793826,0.9920623082347646
793827,0.9996859453000608
793828,0.9996231098911019
793829,0.6069193045180733
793830,0.9896441478671067
793831,0.35946494441452725
793832,0.5437985883264722
793833,0.9999558599229115
793834,0.995834813821745
793835,0.5327278379402796
793836,0.9435274222293565
793837,0.29068525889576685
793838,0.9981633486281513
793839,0.21461173228557642
793840,0.8375375549006983
793841,0.9997343724361212
793842,0.9940035145701129
793843,0.999908857509884
793844,0.9988934863402757
793845,0.057429560319517264
793846,0.03066843719452706
793847,0.9970245148048918
793848,0.9995635725868732
793849,0.9986107350525033
793850,0.6782422600311997
793851,0.7526166044365628
793852,0.9901244672454497
793853,0.6063058980039613
793854,0.984739349983575
793855,0.4419688332635264
793856,0.8726660376639295
793857,0.999447604619894
793858,0.9946172534920701
793859,0.9997358599929835
793860,0.8277761080133454
793861,0.6152105690043751
793862,0.988557719600271
793863,0.9989191065511155
793864,0.04918056829180148
793865,0.9739602100159761
793866,0.6286035608476948
793867,0.9515901930567772
793868,0.991401315171001
793869,0.29461485974222146
793870,0.8045467770942485
793871,0.4579592942360332
793872,0.5262204698882246
793873,0.02554721503685508
793874,0.08670213798885959
793875,0.7515589901882889
793876,0.9890759208480057
793877,0.5434112104832779
793878,0.004792006786559373
793879,0.8912349244336815
793880,0.8632315140385945
793881,0.5596701127943764
793882,0.9995126146340847
793883,0.9849130889990165
793884,0.0028073110302964752
793885,0.7564715030405238
793886,0.3623081316113239
793887,0.9952252498201889
793888,0.9998486934404848
793889,0.9564921326917042
793890,0.03499674850300111
793891,0.2249543201565148
793892,0.011814259755269816
793893,0.9320179224444767
793894,0.7301951950603013
793895,0.999016351721925
793896,0.9985811469014455
793897,0.9804296980710028
793898,0.12849244025872136
793899,0.9907082749235974
793900,0.07968556962677951
793901,0.9935747694273886
793902,0.13333032715552562
793903,0.9969263255361612
793904,0.7245745536418646
793905,0.9997268159439863
793906,0.17161002174531165
793907,0.9999673982187124
793908,0.9610143404151902
793909,0.005061177177175127
793910,0.9452719514342895
793911,0.9935315105697056
793912,0.7515789776854718
793913,0.9329997340856269
793914,0.7020013145488035
793915,0.010554049369636744
793916,0.996963115170109
793917,0.5658844319240379
793918,0.7892975057533285
793919,0.999748206175011
793920,0.30289899054440705
793921,0.9999211946738118
793922,0.9997279197740085
793923,0.9788214334275286
793924,0.041341274405892615
793925,0.8112060392918943
793926,0.6589499726981974
793927,0.9987919613684851
793928,0.2707715107653382
793929,0.9822277349837041
793930,0.9995010426759092
793931,0.6192584148418829
793932,0.9994586978760882
793933,0.7857929424052289
793934,0.9997755019848429
793935,0.7845904816933174
793936,0.9186425279133321
793937,0.9945483198683224
793938,0.9771355198653562
793939,0.9797512826062434
793940,0.9997905089690665
793941,0.9996685612178218
793942,0.9999209101737133
793943,0.9997763513766711
793944,0.024918652906940033
793945,0.29956075192689785
793946,0.9998786158353414
793947,0.14387925770112253
793948,0.9800848466860217
793949,0.9936489537702624
793950,0.9978773083921593
793951,0.999770198709798
793952,0.9995577932546105
793953,0.23898180573987807
793954,0.9982942489933647
793955,0.2596400821852701
793956,0.2000633588685267
793957,0.9971019185922142
793958,0.7045373429344715
793959,0.995131299785341
793960,0.27422191907853083
793961,0.999982298296512
793962,0.9978205611148789
793963,0.728777431995592
793964,0.9998388453687301
793965,0.740140700928078
793966,0.889131208993668
793967,0.9580588459095497
793968,0.5796547056576221
793969,0.5318373020354482
793970,0.26678763036627584
793971,0.4860512311889671
793972,0.4455924442182599
793973,0.9996858170221521
793974,0.8556748052567524
793975,0.9903921436283838
793976,0.9847240411649564
793977,0.9979279385410396
793978,0.9997702635886466
793979,0.9997374891335843
793980,0.8619265378821388
793981,0.05203197945739942
793982,0.997301809496004
793983,0.9999812541991677
793984,0.9994566114523528
793985,0.29605988266872985
793986,0.9961213404245053
793987,0.02252965807588211
793988,0.9999785213904491
793989,0.9705594504537661
793990,0.9622841046211376
793991,0.9993005650628926
793992,0.5810741631995109
793993,0.029696909671625395
793994,0.7716008892452526
793995,0.9996896548036567
793996,0.9930648912065846
793997,0.9998613555160538
793998,0.03217352519624955
793999,0.8805947268084418
794000,0.18472364021726023
794001,0.6833417091543894
794002,0.30637134692034484
794003,0.042222753071311805
794004,0.30428611374231174
794005,0.9992907474680128
794006,0.933345615185338
794007,0.9689293181055542
794008,0.6438052684423324
794009,0.9995780097604451
794010,0.7794431520079649
794011,0.0035071267322808485
794012,0.9999773698780221
794013,0.9997314477375945
794014,0.9987389493556761
794015,0.8562824312271515
794016,0.9995960442656009
794017,0.9621433261245691
794018,0.7138277591534619
794019,0.4349546953030012
794020,0.01801596924211258
794021,0.9707501099902849
794022,0.9177445345572123
794023,0.7755501203193562
794024,0.18272728744014585
794025,0.2536159172363187
794026,0.20524144904092156
794027,0.9065086133418949
794028,0.9370433708188404
794029,0.11332982282590726
794030,0.753492176534688
794031,0.10482239328053203
794032,0.6686803556667023
794033,0.9913271715328653
794034,0.9999777304832536
794035,0.9965955804334804
794036,0.7343857878554516
794037,0.0033243531329499643
794038,0.9279174338072392
794039,0.5999097284240179
794040,0.6087738844244306
794041,0.9996615591569888
794042,0.04941043040427206
794043,0.3439580721225527
794044,0.9570892904642492
794045,0.5092412547506918
794046,0.9999604188153157
794047,0.9995145982475571
794048,0.9998073289016655
794049,0.33737460233671757
794050,0.999218812256863
794051,0.9999075158213653
794052,0.7607547305122211
794053,0.045073576539725296
794054,0.043135493899455604
794055,0.9994918166026836
794056,0.9501213898343418
794057,0.03015109825168918
794058,0.9982780339230488
794059,0.9306065815216478
794060,0.9962335206615225
794061,0.9863625030983514
794062,0.3242724863007595
794063,0.3013977114176639
794064,0.8247118169639429
794065,0.9278517057512117
794066,0.4793718564575067
794067,0.9998196455382927
794068,0.9684868110592194
794069,0.2864412517818643
794070,0.99990113615375
794071,0.9870151112359418
794072,0.25928620098007027
794073,0.10605740261508259
794074,0.46245048121507826
794075,0.9999876405079233
794076,0.017663003992755628
794077,0.9997153076437757
794078,0.9724560473424759
794079,0.9226660584489749
794080,0.4606734822085685
794081,0.9999297229185646
794082,0.9882075461405186
794083,0.9990525173677027
794084,0.848934701811534
794085,0.9999846629798377
794086,0.9999416280278464
794087,0.9999270994889224
794088,0.9998292651082691
794089,0.9999902062422732
794090,0.9997598867285697
794091,0.9999561593473262
794092,0.9815968606097365
794093,0.36705327293232914
794094,0.2150540282485992
794095,0.023261394280804554
794096,0.9933075808036705
794097,0.9998808910740324
794098,0.9988281278142151
794099,0.11416939201213383
794100,0.05674317228191095
794101,0.8032800186654447
794102,0.46915153983277136
794103,0.6824045213552922
794104,0.9995644403424127
794105,0.9663747270441051
794106,0.6110700119016876
794107,0.9780875323243446
794108,0.9997806764572572
794109,0.12983105755283764
794110,0.9913257961085254
794111,0.36375597782390434
794112,0.889373198473817
794113,0.7744844032860976
794114,0.9319008692177797
794115,0.9975585122786126
794116,0.9988857065383744
794117,0.37858843986770163
794118,0.9064507980841118
794119,0.9996794900550923
794120,0.6190039068852874
794121,0.40299512264479603
794122,0.9999617979173892
794123,0.05839232338586843
794124,0.9955477885288456
794125,0.9953123023294895
794126,0.8747554932099211
794127,0.9997094363076495
794128,0.9994694194253313
794129,0.4908304207237717
794130,0.9131680896251901
794131,0.38699700904388545
794132,0.9914608291172401
794133,0.0026363672497049305
794134,0.4139659628904596
794135,0.9996829855587521
794136,0.9364945446398052
794137,0.9499957005585606
794138,0.9998746506264001
794139,0.9964598214153926
794140,0.33879039395169047
794141,0.9938581446402326
794142,0.9527899327789298
794143,0.999803265330516
794144,0.9616733461628219
794145,0.6588346776755266
794146,0.9841123390756572
794147,0.016008680469384765
794148,0.9982554744257991
794149,0.9001491606930643
794150,0.9997804622139774
794151,0.026243973813189544
794152,0.9997146507289792
794153,0.8579914510703568
794154,0.33280707360436523
794155,0.08524041048725603
794156,0.09584935598526304
794157,0.25002757509514834
794158,0.9793440244166747
794159,0.02448970739551426
794160,0.9997393625952324
794161,0.999395948783796
794162,0.9647463993733862
794163,0.08862223664177665
794164,0.05256129569941538
794165,0.999739442990181
794166,0.9990365174661957
794167,0.06418176415749623
794168,0.5628673715416719
794169,0.040431008352977985
794170,0.3144123323330151
794171,0.27924836815278586
794172,0.9996393750116939
794173,0.9919436909667209
794174,0.9996394907893538
794175,0.1591189112851748
794176,0.9999297185125553
794177,0.9989151281577011
794178,0.03455065971396025
794179,0.37261672608497126
794180,0.9997407651529941
794181,0.5419998526837827
794182,0.5120791265454785
794183,0.9997195266776925
794184,0.9396696091061905
794185,0.673043255825251
794186,0.9883607608858096
794187,0.16706265180104798
794188,0.38709206213532393
794189,0.99959074039905
794190,0.016634104366772796
794191,0.9999281967188806
794192,0.9256224110779216
794193,0.7148762867243517
794194,0.9999856652822032
794195,0.9997354979866182
794196,0.29525758960063353
794197,0.17196697388751708
794198,0.9951461106707994
794199,0.6975680348492431
794200,0.7358455416133582
794201,0.9685772547078334
794202,0.19053367692472367
794203,0.8554906267804719
794204,0.9988916055908337
794205,0.9976355180810673
794206,0.6761051731402784
794207,0.6822742851372946
794208,0.9407854193378531
794209,0.9451493598022166
794210,0.9998964405962487
794211,0.14234159099381483
794212,0.7402311858250986
794213,0.12061325510510415
794214,0.9999651704646222
794215,0.02326218326793623
794216,0.9983764651660665
794217,0.006487353668725095
794218,0.9886740604311348
794219,0.7078124382753159
794220,0.9993728864086981
794221,0.24383497590733932
794222,0.9743771538482223
794223,0.07337882061517365
794224,0.4421084464983762
794225,0.016328209015991885
794226,0.9984295498625164
794227,0.9998575872298158
794228,0.9998919512850506
794229,0.9864632730022784
794230,0.016730161683944395
794231,0.9567929973069635
794232,0.9999389893181372
794233,0.603695464903022
794234,0.7718498886408651
794235,0.18009405854057478
794236,0.3880084871165297
794237,0.9998227902005319
794238,0.08383667501226272
794239,0.7019473501323371
794240,0.9340932109170466
794241,0.34514482630787613
794242,0.9386806453404639
794243,0.9998003789724378
794244,0.020150947209502015
794245,0.8499974615451007
794246,0.9974761911042458
794247,0.9968885241725336
794248,0.9739852987863296
794249,0.786108467149804
794250,0.8706928767529232
794251,0.9997038844074737
794252,0.3094876956068229
794253,0.27786146912394427
794254,0.5015587738930929
794255,0.7623126642503744
794256,0.9703012572406366
794257,0.9871723631159486
794258,0.9672886592034081
794259,0.9968751111363019
794260,0.9998373771907314
794261,0.9999899545587344
794262,0.9998766168057566
794263,0.07374500685851863
794264,0.7117073640242407
794265,0.2961346579742307
794266,0.9995475644990859
794267,0.009413348009453142
794268,0.9312011298021098
794269,0.9998800806674166
794270,0.9626820664434836
794271,0.9664419445344548
794272,0.8282175776435288
794273,0.19929400445578005
794274,0.19283089840432188
794275,0.5352562230089133
794276,0.051963017443778584
794277,0.2217064072070167
794278,0.9995116263532559
794279,0.010782098225930604
794280,0.9989442014368166
794281,0.9969265068898308
794282,0.9922138395856164
794283,0.039577140228873646
794284,0.9989513302619601
794285,0.9998241490380384
794286,0.8709067589677354
794287,0.9995293342502176
794288,0.16573653946751482
794289,0.6777762419421398
794290,0.9026109441620795
794291,0.9739526452264498
794292,0.9929028706189471
794293,0.042615422500839065
794294,0.9988164577699223
794295,0.9998942199426942
794296,0.7134802829376248
794297,0.9998461490803753
794298,0.7464951251073546
794299,0.15419767392042932
794300,0.7519586657498318
794301,0.9993728124625021
794302,0.9997326910342496
794303,0.9406377598984168
794304,0.9561225934682466
794305,0.9631684051072282
794306,0.9934062785002413
794307,0.024441119955037508
794308,0.9735404875132389
794309,0.6789289475412247
794310,0.9999880018113019
794311,0.9198861322449642
794312,0.9622759899231073
794313,0.8991028622635127
794314,0.9496244041777522
794315,0.08872820131003417
794316,0.2486736960914801
794317,0.9993841114214589
794318,0.9894179970438401
794319,0.45116032147943164
794320,0.899355390225076
794321,0.736063582809408
794322,0.2934872535247272
794323,0.9999463492977435
794324,0.8033308803062366
794325,0.9988072955891345
794326,0.8340067497565611
794327,0.9962004235677244
794328,0.9999850338102604
794329,0.708419056005173
794330,0.018505655091237416
794331,0.04120910224620561
794332,0.9971199210324058
794333,0.999976396136207
794334,0.9996441162967284
794335,0.9805667709716611
794336,0.010528868810104309
794337,0.9998888618636765
794338,0.7727301060777136
794339,0.998788637590405
794340,0.9990418264768904
794341,0.2583559763870196
794342,0.9992832893857074
794343,0.9989909452186181
794344,0.999918237349672
794345,0.6161687512676746
794346,0.9201525127287191
794347,0.9900623546224505
794348,0.999955966815779
794349,0.04814384326111027
794350,0.02529604012169989
794351,0.9544146494000472
794352,0.9389810306613626
794353,0.9998182185147827
794354,0.6567170716063622
794355,0.9998781135758776
794356,0.4414488824435186
794357,0.9546908328219601
794358,0.9998694106207731
794359,0.7773938495298631
794360,0.9999528297732392
794361,0.9999413981662146
794362,0.03967566907139395
794363,0.036297726597419235
794364,0.9957761773007536
794365,0.8587187955346343
794366,0.7453489943081772
794367,0.6063600949976456
794368,0.9985547971732488
794369,0.9999886474965674
794370,0.9524155795554867
794371,0.3323148866520381
794372,0.9983161013344544
794373,0.3809457453633647
794374,0.9999628615846496
794375,0.9999956288348416
794376,0.9997797448273779
794377,0.763066618754803
794378,0.9007085014359157
794379,0.759908571202661
794380,0.8863094345638837
794381,0.15024271065573205
794382,0.8715143444750351
794383,0.5547923821437075
794384,0.8406018185362418
794385,0.9919317516077815
794386,0.3632577878253723
794387,0.9941179356011655
794388,0.9993823185395299
794389,0.999938021980421
794390,0.6580584633900932
794391,0.27987925497074717
794392,0.999396773922486
794393,0.9985512298619363
794394,0.9975673897563924
794395,0.9794504393521773
794396,0.9178899309270936
794397,0.9975185880393171
794398,0.7382619346882033
794399,0.20464968604203906
794400,0.9999134785874453
794401,0.7758099608109408
794402,0.9997658061918621
794403,0.9231528354014258
794404,0.9996845340183423
794405,0.49217270481709774
794406,0.12867365707619713
794407,0.898159711170476
794408,0.36119435818004964
794409,0.994953021238949
794410,0.647541488700162
794411,0.9877935899841148
794412,0.010623568175989778
794413,0.987171001011294
794414,0.488975009741098
794415,0.03112570980970219
794416,0.7005243991814746
794417,0.4167275555014809
794418,0.999974505539263
794419,0.9343859507198036
794420,0.027773841834628818
794421,0.7400129369772728
794422,0.13109693359926303
794423,0.9911097715440071
794424,0.9999621121760937
794425,0.998114552871626
794426,0.9936127537471545
794427,0.4630443831906767
794428,0.8061558181667922
794429,0.2514164878460088
794430,0.9999396808987644
794431,0.9841875926394148
794432,0.9996611482428324
794433,0.7786570533813292
794434,0.02451557808763053
794435,0.4625665946581944
794436,0.9992204434943496
794437,0.9988412990383435
794438,0.02558900239073312
794439,0.9999229365911972
794440,0.9989351653266441
794441,0.006637725691653476
794442,0.06727866085751437
794443,0.8074562142145971
794444,0.9969158198609835
794445,0.403538507438293
794446,0.42078062923174775
794447,0.9999294166762248
794448,0.9154512203827134
794449,0.9991535561146696
794450,0.9981693178725268
794451,0.9038886421492299
794452,0.4568625754436624
794453,0.9999908905350363
794454,0.9994652490729962
794455,0.49058416101839414
794456,0.9930860892352595
794457,0.8551610366805413
794458,0.9546502300392855
794459,0.9923469630240453
794460,0.7226733471708322
794461,0.0899443978479123
794462,0.9997077951574913
794463,0.9781050475523649
794464,0.9167992772837079
794465,0.7273991210670414
794466,0.9948767278289306
794467,0.013756485832501018
794468,0.9999806117714477
794469,0.9994439855113108
794470,0.9999121886359221
794471,0.9982380866754409
794472,0.8098710212315994
794473,0.9984029076065909
794474,0.09334636379145053
794475,0.9904347453240842
794476,0.9767568170459846
794477,0.9969829755438717
794478,0.6783286687091019
794479,0.4399853610908434
794480,0.32766887006527523
794481,0.9999467170615346
794482,0.9997014469346495
794483,0.9996905660739244
794484,0.81121186816073
794485,0.98587932954849
794486,0.9997171926876431
794487,0.01495379389914082
794488,0.013751824324309863
794489,0.9975242769291742
794490,0.20802643486951222
794491,0.562443741243669
794492,0.2598873488820724
794493,0.9002159144217468
794494,0.33227520425031265
794495,0.5970864465037043
794496,0.11163250834508737
794497,0.6757241028107553
794498,0.4342362973219066
794499,0.22911416980085575
794500,0.3092960983781677
794501,0.25708330926970613
794502,0.9979904124527402
794503,0.9979488880773544
794504,0.9999420536631364
794505,0.9995535979606993
794506,0.7463782000867409
794507,0.020412152259131525
794508,0.9873815586652241
794509,0.9722564351199459
794510,0.9726163451063174
794511,0.7394648468263685
794512,0.6390867535799027
794513,0.9525460053778094
794514,0.9989595275731263
794515,0.12482678425540132
794516,0.6250321590212672
794517,0.9992626962217075
794518,0.24859340406014824
794519,0.9764943451840127
794520,0.28444497549894804
794521,0.6085911565653096
794522,0.9991049597059674
794523,0.9315222986769982
794524,0.01808190027528426
794525,0.9442553731773495
794526,0.9998510143660038
794527,0.9643334974300757
794528,0.9698174888821074
794529,0.994641541680249
794530,0.9999431047561138
794531,0.703674620351163
794532,0.9963919563856906
794533,0.9981970256859393
794534,0.03187399345346936
794535,0.8436265222584644
794536,0.9996173113838487
794537,0.23040196425437093
794538,0.024567992881189604
794539,0.8649062639055196
794540,0.06336394816785125
794541,0.730481109184953
794542,0.005214787472366397
794543,0.9979793992109635
794544,0.9954839932346168
794545,0.9996045452053819
794546,0.18063572337731182
794547,0.9996646957567369
794548,0.9123296442463824
794549,0.9989734474133692
794550,0.7794235194300201
794551,0.8918520502135064
794552,0.9971026687783646
794553,0.9993874900851971
794554,0.985295977846258
794555,0.9982958374062623
794556,0.9991257521180255
794557,0.051458015638162054
794558,0.9462749253942506
794559,0.6130941456832846
794560,0.0782095562772657
794561,0.42602787359637617
794562,0.005962465507769322
794563,0.8623989522057205
794564,0.9999550932681631
794565,0.7157724282810342
794566,0.3323790730731594
794567,0.9939712074746058
794568,0.01782317813382692
794569,0.9490226961219348
794570,0.9991124601411323
794571,0.46020096457964893
794572,0.25774810475099413
794573,0.9990548292850965
794574,0.9990866925091895
794575,0.46211909796045636
794576,0.9921582455201423
794577,0.8393439462742271
794578,0.7291460018923785
794579,0.8912036937841337
794580,0.9999713889848598
794581,0.5357837643714495
794582,0.9436995359965353
794583,0.21092531481320503
794584,0.9997570144643939
794585,0.5944095873876848
794586,0.5126739265762882
794587,0.015832288859765932
794588,0.9998918739236988
794589,0.9897413407267259
794590,0.9999466549341747
794591,0.8967048152195336
794592,0.15139911017769161
794593,0.9809411458953705
794594,0.9999051235032396
794595,0.962610434477809
794596,0.9996306963308887
794597,0.9978528654217552
794598,0.9998429015140322
794599,0.999047567367071
794600,0.897113812769992
794601,0.23512618466112933
794602,0.9997487368625464
794603,0.8374777085813503
794604,0.5721483060484527
794605,0.9511351217861475
794606,0.9993177252461983
794607,0.9992390656327044
794608,0.9915952697160896
794609,0.9765491190715623
794610,0.9998085659234216
794611,0.9996706324283798
794612,0.9598264297251125
794613,0.997170230872676
794614,0.9968520497153753
794615,0.5569923394916441
794616,0.9461285514639385
794617,0.3600630810203254
794618,0.931205798683493
794619,0.8082998436115288
794620,0.05389803952318645
794621,0.999788619027784
794622,0.9801782796082139
794623,0.030193363673033113
794624,0.9504510129598939
794625,0.7145823481982071
794626,0.9966691037935154
794627,0.9918135253278656
794628,0.9867873088338933
794629,0.9933912511535551
794630,0.7201156395613868
794631,0.999731352907108
794632,0.9995305928834217
794633,0.9206910325211024
794634,0.9682769293503544
794635,0.6801170450815133
794636,0.13830907908279327
794637,0.9998259581232227
794638,0.9999931289741897
794639,0.9309115601239726
794640,0.5667495075190141
794641,0.9788255854600297
794642,0.4287314394929253
794643,0.9206657121479107
794644,0.38079250515624796
794645,0.8244083587609347
794646,0.99883561926171
794647,0.9959340342040528
794648,0.999201707414605
794649,0.9997221102213397
794650,0.0019242455843088125
794651,0.9996739443677489
794652,0.0931829786485889
794653,0.999889845669129
794654,0.9998088309654768
794655,0.026080963169211078
794656,0.9998353448705917
794657,0.01838437053697777
794658,0.8016961195019932
794659,0.9994501663552002
794660,0.9900404121482804
794661,0.8689617319080649
794662,0.9739668800119393
794663,0.8975622021422357
794664,0.9932385741632248
794665,0.8128612748570054
794666,0.9276189224825642
794667,0.995060793810095
794668,0.7053259308158445
794669,0.9988093948614525
794670,0.9998160308683957
794671,0.9527417277452752
794672,0.9984171032875675
794673,0.9999111227090473
794674,0.9996660018117526
794675,0.04608343817112177
794676,0.3675173708621317
794677,0.9997732733217057
794678,0.06743374384124247
794679,0.9999897992061575
794680,0.6284728439785793
794681,0.9995689034348726
794682,0.8179038455970644
794683,0.985267404888308
794684,0.9845170354014898
794685,0.9527112320984162
794686,0.8097731864242619
794687,0.1510157419312557
794688,0.41924418171231714
794689,0.3777719414256906
794690,0.3227742275934493
794691,0.8741707341369398
794692,0.9980024660769673
794693,0.9995382985743537
794694,0.9992749811704489
794695,0.5163296420301707
794696,0.8288904458364326
794697,0.9996848703743942
794698,0.15313166260044464
794699,0.9991638694047192
794700,0.9215964988310399
794701,0.4235103836428088
794702,0.9973173157012876
794703,0.9084832583056812
794704,0.08028669682423883
794705,0.9992059252092442
794706,0.7026249477431885
794707,0.9006116848305707
794708,0.999986236501622
794709,0.6195960005429155
794710,0.9997865693745236
794711,0.9990639450148378
794712,0.993883709959296
794713,0.9996999202810957
794714,0.5092437553738898
794715,0.9812334473987405
794716,0.37999303320699795
794717,0.8339786454321488
794718,0.9124690100356768
794719,0.0809412031369208
794720,0.9995962312603616
794721,0.3895965755885653
794722,0.998538444222625
794723,0.18666260019108988
794724,0.19198026411361802
794725,0.8097766172926993
794726,0.9231537398087148
794727,0.25910613678909006
794728,0.1839981008176496
794729,0.996106483259151
794730,0.9976394256664186
794731,0.998760046503913
794732,0.6421268430299509
794733,0.22406719670697256
794734,0.8984003895018909
794735,0.5394033217419781
794736,0.23272337173755037
794737,0.022854522761697013
794738,0.9992123619120797
794739,0.3518094792612948
794740,0.9445920082407251
794741,0.9903747164720013
794742,0.2959786719935289
794743,0.32971217023480215
794744,0.3121482137584712
794745,0.9992082792615751
794746,0.25790794245472226
794747,0.9824874141760155
794748,0.994470439064185
794749,0.41087803222289077
794750,0.7652039387351062
794751,0.9355996710124622
794752,0.9997750393401481
794753,0.9823393513888167
794754,0.9998502308979733
794755,0.9994394975789544
794756,0.6439738191397106
794757,0.9998436958305916
794758,0.9999866715142174
794759,0.8062467951490565
794760,0.974229031304166
794761,0.9605201474928589
794762,0.03341719828201787
794763,0.9647139807670806
794764,0.6740253317326783
794765,0.14462247102302872
794766,0.619402042644776
794767,0.023623737379803913
794768,0.9749533711230849
794769,0.7836681895421412
794770,0.9409399771163449
794771,0.9897357452885377
794772,0.9029749456150427
794773,0.3435468872933648
794774,0.9996890994690519
794775,0.21403973049910835
794776,0.3886283362016666
794777,0.6511876454754013
794778,0.22740975033526767
794779,0.14828037128821098
794780,0.9999830983903449
794781,0.9691389512146036
794782,0.2496619374417866
794783,0.4133732655414521
794784,0.8780495409904937
794785,0.9895678769340065
794786,0.9975084572540528
794787,0.9954420172314408
794788,0.29895289872926867
794789,0.9998465939069813
794790,0.7981227150926451
794791,0.9823982152720001
794792,0.7279364132223651
794793,0.9970185443574742
794794,0.36042690682630085
794795,0.9998947783661067
794796,0.30767712018146504
794797,0.0837124599511777
794798,0.9918149357177202
794799,0.9298447723549801
794800,0.9999888276728814
794801,0.027551885209203174
794802,0.9992502330864408
794803,0.9904674251850121
794804,0.9989578367281455
794805,0.9766977086488106
794806,0.997718552812823
794807,0.9999355759610902
794808,0.9970324586619254
794809,0.9598028060618875
794810,0.999783147625757
794811,0.9779013428915786
794812,0.9738291349556687
794813,0.9954124516461256
794814,0.7532854633477938
794815,0.999706202796142
794816,0.9996966142916774
794817,0.8989016132383749
794818,0.9998704653110071
794819,0.998309408368957
794820,0.9990863239980317
794821,0.5270406576767385
794822,0.9999729278098619
794823,0.9963836930377417
794824,0.9289361544433778
794825,0.7068638033630699
794826,0.1659840003772876
794827,0.9978161713387746
794828,0.9998403186299741
794829,0.8356064661034288
794830,0.9552154717055841
794831,0.9898469718139058
794832,0.9871407440045594
794833,0.07462326068096661
794834,0.786589642804136
794835,0.9678682728906625
794836,0.9928541546459473
794837,0.001431871882231834
794838,0.9997204578285837
794839,0.8930990175619218
794840,0.9997402666886119
794841,0.8567573303250702
794842,0.9995522132717756
794843,0.9787738745554635
794844,0.9999922931882904
794845,0.9852480160529344
794846,0.8355157728527598
794847,0.9985455121526119
794848,0.9903656136967827
794849,0.4708250707540689
794850,0.3147483541238641
794851,0.9969209446287373
794852,0.7294850883240529
794853,0.9980273436771601
794854,0.9996008395912026
794855,0.9717938428887569
794856,0.9557023057816098
794857,0.9894648263194381
794858,0.9925767723615128
794859,0.9978924500008871
794860,0.9797176808761892
794861,0.919967511638429
794862,0.8762014804661435
794863,0.9993875085065429
794864,0.9991351483937548
794865,0.9997726641761806
794866,0.9945954006183286
794867,0.634051075186191
794868,0.9999294800553975
794869,0.9997815952878986
794870,0.6685283844028365
794871,0.9828290713626517
794872,0.9999420218991215
794873,0.830504278448648
794874,0.8746517196259511
794875,0.999833055055101
794876,0.43468435781480846
794877,0.998384049378451
794878,0.44346778686319366
794879,0.1735838038981243
794880,0.9990221190282557
794881,0.8437214526721992
794882,0.08187670645530425
794883,0.667124781578894
794884,0.9999591314570272
794885,0.9997496893708839
794886,0.02492126125821125
794887,0.6590292768631973
794888,0.9999070605658803
794889,0.709696978525546
794890,0.7575058501737174
794891,0.15565118172005032
794892,0.09806258229384927
794893,0.9999820566707568
794894,0.06404953204483774
794895,0.9843007083914258
794896,0.611066963394564
794897,0.11842091971061272
794898,0.2904679487790717
794899,0.995344625343269
794900,0.929211472879906
794901,0.0462803047326085
794902,0.8603788011175835
794903,0.7163252792610175
794904,0.047187089105355226
794905,0.09979598099923777
794906,0.9722312323718089
794907,0.9665868445092692
794908,0.8487428512302413
794909,0.670351231646201
794910,0.9996759689680405
794911,0.022445773418366177
794912,0.9117097860485964
794913,0.132655986577479
794914,0.5888757574004932
794915,0.9928057891426969
794916,0.2805689249067096
794917,0.18835411808774133
794918,0.6283883372951174
794919,0.9440197836718978
794920,0.9973436093717789
794921,0.4085765728759641
794922,0.9843319585292448
794923,0.6400687039195403
794924,0.27155628333486365
794925,0.3803379339492169
794926,0.26331775357431314
794927,0.999980549932727
794928,0.016271696758052942
794929,0.9999069354474096
794930,0.7667871465685088
794931,0.9994548560928708
794932,0.9990741437074028
794933,0.8677363565386554
794934,0.9995725610514946
794935,0.9972933249780523
794936,0.9947567864374489
794937,0.8450437761857361
794938,0.9901576699547192
794939,0.9999795928495451
794940,0.7634721636570484
794941,0.9442748615963388
794942,0.7811968015047569
794943,0.5275561535792505
794944,0.9507971316214205
794945,0.9997578414966763
794946,0.9960260471369351
794947,0.945643717599324
794948,0.9994124854974997
794949,0.9935000871341985
794950,0.96563996237091
794951,0.8942199478228038
794952,0.37582176810281276
794953,0.8042260831991279
794954,0.6351033641308994
794955,0.9997860817377997
794956,0.4381462204636492
794957,0.6984936114880502
794958,0.019752999551182704
794959,0.9999764225211247
794960,0.4526593985336713
794961,0.40203082721339956
794962,0.020659477164832327
794963,0.09363635868452128
794964,0.2223339825680957
794965,0.9999835289393235
794966,0.8953357731434577
794967,0.99984118119989
794968,0.7117227714092275
794969,0.9945166070131095
794970,0.9196937929952718
794971,0.9895378476099062
794972,0.879833819296413
794973,0.9740632982467936
794974,0.05235331495470446
794975,0.8811568758110782
794976,0.9988710086294549
794977,0.9990127912654063
794978,0.8475218322581253
794979,0.14310785230709297
794980,0.5843316442669243
794981,0.6216821708684269
794982,0.12826273950556313
794983,0.6764670449033565
794984,0.4752803026148624
794985,0.05339951105944547
794986,0.04993851921684647
794987,0.19073803720721177
794988,0.9237129239365174
794989,0.04522165118205537
794990,0.9999805726083849
794991,0.9129814823847329
794992,0.1538423226014902
794993,0.011661651482224675
794994,0.014542233989173568
794995,0.3884720936534243
794996,0.9378460790727849
794997,0.914061256556893
794998,0.9913826788527978
794999,0.6473206776161176
795000,0.9941854768097477
795001,0.1342282642695789
795002,0.43135330893239476
795003,0.993858147493048
795004,0.9903691749783554
795005,0.9046007007390302
795006,0.35875983516377263
795007,0.9996305252597986
795008,0.02069214053457931
795009,0.999468747810452
795010,0.9999663923126221
795011,0.8152605385425096
795012,0.9982329023451002
795013,0.9998785462167961
795014,0.9996329040204174
795015,0.04211247592525233
795016,0.9918794984051013
795017,0.9979221563114689
795018,0.6299791060024358
795019,0.9995673282410423
795020,0.2687077428305218
795021,0.19275699964157597
795022,0.0031838115968164556
795023,0.06199342194054801
795024,0.7467023592512274
795025,0.9999147131784198
795026,0.35686760205000867
795027,0.4347109963293789
795028,0.999614378047946
795029,0.9964838154359172
795030,0.9831782860167062
795031,0.05146909748727317
795032,0.9075720451762267
795033,0.9054896669562529
795034,0.10310787743312938
795035,0.9613652662113895
795036,0.07737179912329295
795037,0.9969531112931012
795038,0.9757773318629945
795039,0.9968578440966076
795040,0.999972997564066
795041,0.006729562488863973
795042,0.9928219669540861
795043,0.8408973492535021
795044,0.9959436879327542
795045,0.9906186692336356
795046,0.06840884626922047
795047,0.0060374139348082
795048,0.30237588225788453
795049,0.45716564581825625
795050,0.04995535500854218
795051,0.5226147234685639
795052,0.9779689636668238
795053,0.6213197845293401
795054,0.5743146169785569
795055,0.10760015624005673
795056,0.9024213352384594
795057,0.9998821223382457
795058,0.684099859298156
795059,0.9999317949743224
795060,0.011201100610343625
795061,0.34722774843516097
795062,0.5617620646774155
795063,0.7234798616202763
795064,0.9950413611265382
795065,0.8923810869747597
795066,0.9995741685469932
795067,0.9991043783067314
795068,0.9991448273276234
795069,0.9712801866119645
795070,0.981998031443051
795071,0.18116767205135914
795072,0.9906706784227752
795073,0.999941091248018
795074,0.973734237416036
795075,0.9991251729009644
795076,0.012207611007058295
795077,0.013819404907011265
795078,0.9344192759500238
795079,0.18514973596055262
795080,0.9909148069265301
795081,0.26385563351046215
795082,0.9990771971783619
795083,0.9817048906719669
795084,0.9999696072964241
795085,0.9964692342665136
795086,0.2530527235951644
795087,0.8014923674339351
795088,0.8823703252562063
795089,0.667160890231394
795090,0.9997673175803519
795091,0.9666501107538483
795092,0.09547573760506342
795093,0.7364246661538603
795094,0.23781145091481143
795095,0.9861681005411069
795096,0.7961553961552739
795097,0.9965509154763337
795098,0.277964266274212
795099,0.9927232022107524
795100,0.9999524635747317
795101,0.9997846669666448
795102,0.0017592684232004558
795103,0.14423657027008507
795104,0.9474290053365237
795105,0.14787576217340065
795106,0.9996716473494205
795107,0.9994443775840831
795108,0.5470532632564515
795109,0.1321585096853113
795110,0.9998905468278423
795111,0.9999848008899641
795112,0.06270732814740221
795113,0.9993719871445319
795114,0.9998879161767525
795115,0.9862645792624882
795116,0.9989639323001842
795117,0.5995827424807545
795118,0.9581640057166758
795119,0.8884458166635967
795120,0.1680399867500369
795121,0.01349869792656327
795122,0.5561208849618492
795123,0.9941224056797411
795124,0.9964305839159782
795125,0.027144159495097717
795126,0.8528650629423578
795127,0.8776547296623449
795128,0.9983362291494263
795129,0.8842211098478436
795130,0.010837049398868648
795131,0.6149410119144101
795132,0.9781513219865736
795133,0.9987739014458427
795134,0.921589010912597
795135,0.9998583493108518
795136,0.07874989318657699
795137,0.3731933212634565
795138,0.1990345264107669
795139,0.9996661555169255
795140,0.9999800249873206
795141,0.34107325276468164
795142,0.9843213650043017
795143,0.11489410311768705
795144,0.03401070591055123
795145,0.9999013127623604
795146,0.8983359921435343
795147,0.998718428371166
795148,0.9981637414451893
795149,0.9982330708319678
795150,0.9998071911461952
795151,0.9999492601088068
795152,0.36890078078098726
795153,0.999672616951033
795154,0.6938480686427406
795155,0.7466588611322111
795156,0.4389677986505077
795157,0.2728232670005445
795158,0.6194717426843689
795159,0.05009382812565637
795160,0.9999690305644895
795161,0.008474536975670325
795162,0.9999272648792626
795163,0.19544466667250146
795164,0.9843132515061064
795165,0.999984692130859
795166,0.951803248571842
795167,0.9999388948406249
795168,0.21128223314065503
795169,0.5869590224771877
795170,0.6193857525442664
795171,0.6442363953414028
795172,0.9996554581292076
795173,0.8515239345383736
795174,0.9995834543294424
795175,0.7067259748027559
795176,0.9936907257901968
795177,0.9967435750446269
795178,0.18437570681066304
795179,0.37580294979667905
795180,0.9995064870348704
795181,0.999279193422413
795182,0.9646319788658366
795183,0.9998938344335807
795184,0.9994648457778194
795185,0.9972863899568721
795186,0.9989928435892869
795187,0.9990375763911432
795188,0.9998764260521431
795189,0.9997087197985339
795190,0.861701542694064
795191,0.9994042007069095
795192,0.9868287122955361
795193,0.04583997996762809
795194,0.9203436998840511
795195,0.5621380473291134
795196,0.9562973345865848
795197,0.5377242578162882
795198,0.9993580310513126
795199,0.5238174298826223
795200,0.9998748604570893
795201,0.020323518573672705
795202,0.35660492774049807
795203,0.9461842715232498
795204,0.20660999920365236
795205,0.31933998111223166
795206,0.7017602179446767
795207,0.6036453417109416
795208,0.5482881555539271
795209,0.9994724669538086
795210,0.9977315427271252
795211,0.017766662746468227
795212,0.1605391249126378
795213,0.041953052386547875
795214,0.027853198306800647
795215,0.9998694037273541
795216,0.31696428402725557
795217,0.9877441018113431
795218,0.9584648411946682
795219,0.7144707291110881
795220,0.9632450727852363
795221,0.6261945037638531
795222,0.9995349693436655
795223,0.9956387579119785
795224,0.16707061924803204
795225,0.9993992436611959
795226,0.9996946842913677
795227,0.7408684044088725
795228,0.9054114316578596
795229,0.9998235339073038
795230,0.9998616731104621
795231,0.6553632439053099
795232,0.12163058230392096
795233,0.048508148427167844
795234,0.4211550899574451
795235,0.010955303652563402
795236,0.25694186567712085
795237,0.9980899835824144
795238,0.998854973311658
795239,0.9999781906062499
795240,0.8161048287285553
795241,0.9992102400671801
795242,0.9951945590709939
795243,0.9997541079938603
795244,0.8445754024457801
795245,0.9088089066370444
795246,0.9999288865541734
795247,0.24391056786021645
795248,0.997412033868091
795249,0.9997084062090226
795250,0.9998060130104074
795251,0.981792244309278
795252,0.283159604300052
795253,0.9946064284847671
795254,0.9959177751869475
795255,0.9998010962942355
795256,0.6762367486716441
795257,0.9992208937038625
795258,0.9995266433547048
795259,0.9965869013859912
795260,0.6915474438760374
795261,0.7764316903608071
795262,0.9988130526997702
795263,0.9488242832343639
795264,0.9975997946185559
795265,0.8182226548427236
795266,0.6737095606060636
795267,0.9999853072581397
795268,0.9998308873356295
795269,0.704346540571569
795270,0.9853008317559615
795271,0.9999621224328843
795272,0.9999706963857276
795273,0.917340225930632
795274,0.6453373419538753
795275,0.9978742893014454
795276,0.14403747483726154
795277,0.9998995396854162
795278,0.9999424653425335
795279,0.9982995000597209
795280,0.994862646420297
795281,0.10394676666779304
795282,0.9999799400953183
795283,0.8958341347777299
795284,0.45571629507167966
795285,0.7841223562283977
795286,0.4394218413544383
795287,0.07200117686319327
795288,0.02679301435000253
795289,0.9876658670152587
795290,0.9999595078165222
795291,0.25107658191383786
795292,0.9423132784377876
795293,0.9999122243643045
795294,0.9996235745748012
795295,0.9996013689638107
795296,0.9999483048962743
795297,0.9967097127082525
795298,0.6667023427423507
795299,0.622192307554369
795300,0.2137374077094431
795301,0.05854082096031414
795302,0.9657904488672948
795303,0.691118153703052
795304,0.9999782169700321
795305,0.9991241022965373
795306,0.9989887183735273
795307,0.23416997592439565
795308,0.9925407970108161
795309,0.5771425325646997
795310,0.6926148450199167
795311,0.8565930475359997
795312,0.9989893137461844
795313,0.12785207354966777
795314,0.9280833793427401
795315,0.9985740416299467
795316,0.21784683571707375
795317,0.9998493767970744
795318,0.9933574137141413
795319,0.9997471374607536
795320,0.7284201853467407
795321,0.4421884560825948
795322,0.25819691150220264
795323,0.9996079606723358
795324,0.9998181029025458
795325,0.6806775052626164
795326,0.7164953366964399
795327,0.9999669457870302
795328,0.029558433815652835
795329,0.9992535028768159
795330,0.34920307893500846
795331,0.9947504153607543
795332,0.6699902723066927
795333,0.9906485429839125
795334,0.9999597049974337
795335,0.988399131089593
795336,0.9999412702950432
795337,0.021097954697226293
795338,0.251318846349496
795339,0.31911804054550724
795340,0.9949849129236943
795341,0.11146289686064484
795342,0.38224062997732544
795343,0.9489914577884009
795344,0.9766047620792044
795345,0.1433339148327749
795346,0.9999749784866641
795347,0.996120310315961
795348,0.9908544789150898
795349,0.9924467240964585
795350,0.9951795873086848
795351,0.09362277575254194
795352,0.999986956649597
795353,0.8788778362647296
795354,0.9796666511252489
795355,0.9996738190240024
795356,0.9789219172576251
795357,0.39285004538940116
795358,0.6097359784073978
795359,0.9994925664815416
795360,0.04663153761129775
795361,0.9972795996460291
795362,0.9960173569254211
795363,0.64107485190556
795364,0.7000273092562013
795365,0.03254679428389884
795366,0.7888306257597112
795367,0.27652314232711017
795368,0.9996959476274039
795369,0.034098631120138535
795370,0.9955405519461885
795371,0.5554522553428874
795372,0.9894295187046694
795373,0.9630263986924131
795374,0.999983505575556
795375,0.28133908960138215
795376,0.9622170895195674
795377,0.36310409400193133
795378,0.9926805395287324
795379,0.9387942206858582
795380,0.9999061601607065
795381,0.8979727389666603
795382,0.5253332031743531
795383,0.9999464515468652
795384,0.31860259373892136
795385,0.6618448061060735
795386,0.8054136609755959
795387,0.43658349665904594
795388,0.9824260624745734
795389,0.0168970001945147
795390,0.9934498582777829
795391,0.532515928281154
795392,0.9984405944339596
795393,0.9997749966422628
795394,0.9855417228945534
795395,0.9754980859467175
795396,0.9998375857157349
795397,0.920936752807846
795398,0.07527782160050617
795399,0.49175135570753703
795400,0.9995917148150434
795401,0.022284679289614938
795402,0.9999501329177946
795403,0.25973519551829516
795404,0.3655414133633128
795405,0.33135698578778167
795406,0.9998566928180981
795407,0.9999875408253441
795408,0.07474686910413365
795409,0.9995068349979928
795410,0.7917062428024826
795411,0.9989328792302874
795412,0.998363852615942
795413,0.864090173704577
795414,0.9999762308274959
795415,0.9998980262917623
795416,0.9792177130701285
795417,0.9996294633268115
795418,0.9999538170023263
795419,0.09779743475215075
795420,0.9999811905809955
795421,0.6925600016927583
795422,0.04298539175246034
795423,0.9629933393423532
795424,0.5709346696815399
795425,0.5571972589024102
795426,0.936236239365384
795427,0.9234520737334376
795428,0.998740359864664
795429,0.3010104643363043
795430,0.9998196241661557
795431,0.999690567308998
795432,0.9999341926184135
795433,0.1251443674299855
795434,0.3296877884047197
795435,0.997710957718547
795436,0.4740388703731781
795437,0.9966980970000717
795438,0.9949968790626371
795439,0.043444506098758835
795440,0.9999831215683067
795441,0.5961406213745557
795442,0.9996777376094044
795443,0.9204285741218438
795444,0.9865346753559882
795445,0.7451761249988803
795446,0.0574356011628437
795447,0.9997174470444001
795448,0.9955201030191128
795449,0.6646780100084875
795450,0.17967947775481702
795451,0.9605132176162369
795452,0.999913623487926
795453,0.9185360288854785
795454,0.9298905414110653
795455,0.9997584613037044
795456,0.9998004718524576
795457,0.2609610486648201
795458,0.005857172318331345
795459,0.11658317419228811
795460,0.9998739596473858
795461,0.9999048459356412
795462,0.999828041324397
795463,0.14437717786411866
795464,0.9030607073928364
795465,0.994226779414531
795466,0.9999892581805767
795467,0.5910790667632064
795468,0.48326214183334476
795469,0.758650448529572
795470,0.9995002468402874
795471,0.010013757564828658
795472,0.9398693377625469
795473,0.9996078061287095
795474,0.029734821017537577
795475,0.9989398096687483
795476,0.9994777352968464
795477,0.8074733195569948
795478,0.9999271507555074
795479,0.9932985577810305
795480,0.9872695233826921
795481,0.9998833678698364
795482,0.9922633628445003
795483,0.3381639955380191
795484,0.882062223146797
795485,0.19349051142399176
795486,0.3906308600288775
795487,0.83068270370101
795488,0.9997530336939247
795489,0.996602921574343
795490,0.9929751896304844
795491,0.952688171406836
795492,0.9999558644147721
795493,0.9620623124830603
795494,0.07396791344000406
795495,0.9995101970050755
795496,0.3364255150506378
795497,0.6813616693285831
795498,0.7831888435254095
795499,0.5821675750682945
795500,0.9934417721980203
795501,0.04502283733692641
795502,0.005720075185441929
795503,0.999356287991206
795504,0.8254786943162635
795505,0.9987105211219724
795506,0.052809260621160134
795507,0.7968079938827922
795508,0.9528873860150351
795509,0.9975784609432582
795510,0.9999755241384218
795511,0.5592513466327104
795512,0.31973753438906977
795513,0.1003769959272714
795514,0.08479879559392939
795515,0.997732763420087
795516,0.7735753154245493
795517,0.7932332462581639
795518,0.9996392315306919
795519,0.952991615191142
795520,0.9620065090789195
795521,0.1216465832835526
795522,0.827329519361033
795523,0.9679938511564041
795524,0.9989841384907887
795525,0.9995307445197835
795526,0.8125100560760342
795527,0.23625075012421057
795528,0.98014386596905
795529,0.9985434743135764
795530,0.9985011548854242
795531,0.015350636175359695
795532,0.8377492335402447
795533,0.21068310308606725
795534,0.923068536747431
795535,0.9980901868193864
795536,0.6587465164452908
795537,0.9998787422431287
795538,0.998640920798546
795539,0.9592200802266367
795540,0.5155060537355314
795541,0.002556002799365561
795542,0.7715165835969562
795543,0.9901028351176042
795544,0.02545831581754697
795545,0.28216628099018093
795546,0.7165703743175
795547,0.9997879950420183
795548,0.6056511784914995
795549,0.9999562395035075
795550,0.9978972305234277
795551,0.9950549454879696
795552,0.9445327097543872
795553,0.9990828700848067
795554,0.37264003544475555
795555,0.7532999089920832
795556,0.9967377635028085
795557,0.16931871182380742
795558,0.6197673403496102
795559,0.9999636479643368
795560,0.9781335357851115
795561,0.9641433876576297
795562,0.922840646029746
795563,0.05080211340282856
795564,0.9982817547730145
795565,0.9950098762016588
795566,0.8677656448698241
795567,0.9996534626257845
795568,0.9994473794896406
795569,0.7904453096840507
795570,0.9999574639109905
795571,0.9995826401068006
795572,0.6643951371968241
795573,0.9942800013519136
795574,0.5671249522058028
795575,0.9920630824056889
795576,0.46189866404053403
795577,0.9995231345304181
795578,0.9793181724440547
795579,0.9996827786069366
795580,0.6813805922730003
795581,0.12613070608877447
795582,0.9815406434351304
795583,0.03528700676493391
795584,0.9650989906196125
795585,0.9914295181365664
795586,0.018208713789639043
795587,0.133034192438557
795588,0.9999274338581119
795589,0.014898194242165014
795590,0.0748107889034426
795591,0.4367066585684843
795592,0.3649762517040783
795593,0.009767788525187157
795594,0.9948467647008368
795595,0.011856503494635797
795596,0.01467441415612224
795597,0.1450314262099515
795598,0.9666998490182168
795599,0.7385596516399754
795600,0.9997264651243256
795601,0.9943751340576586
795602,0.08068282598986035
795603,0.946067675181381
795604,0.8502525636252003
795605,0.3503611711382393
795606,0.40278244099716093
795607,0.9996589319048073
795608,0.9975352700388198
795609,0.01499236735307452
795610,0.9782564555501683
795611,0.8766087334572772
795612,0.9924982606954702
795613,0.9981703341850573
795614,0.9901117471835015
795615,0.6644122014871888
795616,0.9922969720896557
795617,0.9260931463171255
795618,0.7833978662500096
795619,0.9998276922025092
795620,0.17017932051287166
795621,0.9998820572450198
795622,0.5153392974997559
795623,0.7969049847076831
795624,0.1661268238096129
795625,0.9998909179677165
795626,0.890631453181292
795627,0.9606789933599635
795628,0.9980645565089552
795629,0.021361631831650022
795630,0.1824415816642248
795631,0.4864826028328837
795632,0.9944404136843299
795633,0.9930949743364952
795634,0.48926012179864764
795635,0.9994602958990909
795636,0.999866178817753
795637,0.5093880003910104
795638,0.9544251419657348
795639,0.6997650263222465
795640,0.43588019794637906
795641,0.9949120160280138
795642,0.9999868841954098
795643,0.9902080604357946
795644,0.028073093632200872
795645,0.9723978465650833
795646,0.9766663212693115
795647,0.999652572651432
795648,0.7415939060953386
795649,0.9795818957931804
795650,0.9976095863960197
795651,0.8513769827457968
795652,0.2883299254935433
795653,0.328253799838032
795654,0.9689809196741226
795655,0.9993436796181221
795656,0.9993635621585222
795657,0.9976033659216177
795658,0.9990992300836157
795659,0.7463337141679585
795660,0.9867523573296876
795661,0.994474219142584
795662,0.9980662296422885
795663,0.9943165321299867
795664,0.9724889058563283
795665,0.8662616338183255
795666,0.6502930123430058
795667,0.41872715372078617
795668,0.9986520465314437
795669,0.26503173322613544
795670,0.6866939524332651
795671,0.6916443847010735
795672,0.9784113433927705
795673,0.07610820698538187
795674,0.3557718878898134
795675,0.09950695244373406
795676,0.9445218303014749
795677,0.5246938477708684
795678,0.99800215670042
795679,0.5653808768823332
795680,0.9999608536045804
795681,0.9996318342153434
795682,0.9997979136478237
795683,0.9999214983500143
795684,0.9987812687367172
795685,0.9999302875495956
795686,0.9283374302390879
795687,0.9996844807997934
795688,0.9970260464552736
795689,0.14183215470287552
795690,0.9996566094415957
795691,0.14585532059600498
795692,0.999733372192981
795693,0.005344286004035659
795694,0.8230706701580173
795695,0.9046146019512011
795696,0.04662388703403382
795697,0.7239095104918043
795698,0.9959066475503263
795699,0.9998265577108845
795700,0.7346215638232326
795701,0.9998301078780432
795702,0.999849129790999
795703,0.2683591343879196
795704,0.9996608338380193
795705,0.9982727036282377
795706,0.3397692073207135
795707,0.9995182939910874
795708,0.04873026979427478
795709,0.34920110918805347
795710,0.9926557729910586
795711,0.12913027205747457
795712,0.8760515467842502
795713,0.9999341147557842
795714,0.999469575865452
795715,0.26887110708879775
795716,0.9998144153103766
795717,0.31034262294495596
795718,0.9997416347129593
795719,0.9953076450919737
795720,0.586297848117094
795721,0.15574594967868227
795722,0.5777623476065672
795723,0.6502804229387635
795724,0.9829995950726118
795725,0.011423285893175348
795726,0.9993779650650708
795727,0.9998289415617045
795728,0.8060518123117782
795729,0.6634357524047467
795730,0.9941185314640151
795731,0.9752296905779742
795732,0.004516662796620506
795733,0.9949308910775173
795734,0.999986330734211
795735,0.039478157475641915
795736,0.6160793937554063
795737,0.031691244095813635
795738,0.944989088674934
795739,0.2477590233800552
795740,0.9998280943795403
795741,0.49095198952269886
795742,0.9999152656873278
795743,0.9998755769631023
795744,0.01601870463256034
795745,0.6697570507247853
795746,0.4350319562935173
795747,0.9997530497983594
795748,0.1747569246188266
795749,0.9998715233473294
795750,0.029143106572797534
795751,0.999929250139257
795752,0.29557735159787357
795753,0.5255841346784399
795754,0.9887423966551361
795755,0.44125803602454156
795756,0.997666536283347
795757,0.013186611534961451
795758,0.7082776461685094
795759,0.9853291694998814
795760,0.9975067570574967
795761,0.8634480548837578
795762,0.040061842559608124
795763,0.024599734939046228
795764,0.9179193964902299
795765,0.25671950342958116
795766,0.9822933341517014
795767,0.7814084284619355
795768,0.6199501154531913
795769,0.9993238569090515
795770,0.9999462398307493
795771,0.34666155021043005
795772,0.9968565261312526
795773,0.9999670214287443
795774,0.4580784778477911
795775,0.9542451189944943
795776,0.9973793312659543
795777,0.9158118747685717
795778,0.9998011394263633
795779,0.8062768636360714
795780,0.05702961050043412
795781,0.078376294625882
795782,0.9998988820512554
795783,0.971784086988479
795784,0.9933174323820138
795785,0.3763577862935342
795786,0.846090721239461
795787,0.7041730359218686
795788,0.3239863016530911
795789,0.9997555219467668
795790,0.9990633537674533
795791,0.9746913957045908
795792,0.9736764006542469
795793,0.9995829790842451
795794,0.9997084846144171
795795,0.9997398102142653
795796,0.2710577005313233
795797,0.6816910967955458
795798,0.9874644035412021
795799,0.9998543905693893
795800,0.9989052522174546
795801,0.6895456585559268
795802,0.9827739604303509
795803,0.6449899301533477
795804,0.9998077491246755
795805,0.023780987852407145
795806,0.9214102965993018
795807,0.9999502388363222
795808,0.9973363552373884
795809,0.9842046380652083
795810,0.8854374171468768
795811,0.004924523788540511
795812,0.8210484625281096
795813,0.49485633477834534
795814,0.2742686185875994
795815,0.9691743532371636
795816,0.9842335823074081
795817,0.9829455641852187
795818,0.39426172502847007
795819,0.9526777335690738
795820,0.9998946537810495
795821,0.26283183615030736
795822,0.9997175359775362
795823,0.018777102956795837
795824,0.6214279259845021
795825,0.9992796077663687
795826,0.5492075078360332
795827,0.9582311412403696
795828,0.07534286498436721
795829,0.9994143477845663
795830,0.9037562485407895
795831,0.9998546856077751
795832,0.9999812664266766
795833,0.6612033106027837
795834,0.056382889403982284
795835,0.9999505382410026
795836,0.9997668174965197
795837,0.9995397958049436
795838,0.2707178156856171
795839,0.9709435491546672
795840,0.9844622527261013
795841,0.999778261313102
795842,0.3121620370695235
795843,0.44379646754585134
795844,0.8295231169283542
795845,0.9996457922437405
795846,0.9994665841346443
795847,0.6316932969666302
795848,0.6179073452892763
795849,0.9902172051414838
795850,0.9781517087274516
795851,0.6964256273022579
795852,0.9999521997898545
795853,0.9047812730646416
795854,0.017825690322993807
795855,0.5237111250211356
795856,0.9995867329562873
795857,0.28621395564533353
795858,0.9853727955094846
795859,0.9933825586646314
795860,0.999840896324431
795861,0.06192531113643114
795862,0.9997504758897544
795863,0.9935042486758363
795864,0.9995240843305726
795865,0.9970282380326714
795866,0.747022793741045
795867,0.9999907649401267
795868,0.5869605674187599
795869,0.08737544056369823
795870,0.9058091882293134
795871,0.9996496965509845
795872,0.2169302666348164
795873,0.9999706434509276
795874,0.9292176328320405
795875,0.43026550035375005
795876,0.9996296751360612
795877,0.04405274785081379
795878,0.007944549560863871
795879,0.47195448724971256
795880,0.9928413246583405
795881,0.9998825678509157
795882,0.8953828557452836
795883,0.5902574393973653
795884,0.3286983337113466
795885,0.15415452380492867
795886,0.9958681936298501
795887,0.9975505563467488
795888,0.7096113775343063
795889,0.9994454420927608
795890,0.9999789027622614
795891,0.37071584447802786
795892,0.07269208770054013
795893,0.16585772827659828
795894,0.999182444846856
795895,0.9849373494457367
795896,0.9999815001216772
795897,0.7467398106656196
795898,0.958345823037649
795899,0.997354122706674
795900,0.9955466431867679
795901,0.9995142205421421
795902,0.004916389901437029
795903,0.9713492754872368
795904,0.40405816364626757
795905,0.8833848630009828
795906,0.9936051855444197
795907,0.9993689679312598
795908,0.011738852511635475
795909,0.9961595836137649
795910,0.39329235344746427
795911,0.9851617280598126
795912,0.6463371414512138
795913,0.6141701008583476
795914,0.8385202572433699
795915,0.9895388659815898
795916,0.9630809848423165
795917,0.7796742343685756
795918,0.08550863024199967
795919,0.02905702793295253
795920,0.9995146559637808
795921,0.08967072182137666
795922,0.5729991990520621
795923,0.9415754664107334
795924,0.9972924993141588
795925,0.9730941508114327
795926,0.8012398187840963
795927,0.8055217180678167
795928,0.991822929845372
795929,0.9459198757784837
795930,0.050758079349594906
795931,0.639464081614709
795932,0.004347177305504459
795933,0.9974888243365154
795934,0.9982587477642397
795935,0.7054283184747372
795936,0.21248281558568838
795937,0.9997432685585512
795938,0.9993183227143982
795939,0.10846791386914405
795940,0.99857985141149
795941,0.9217504549150191
795942,0.7789869330065441
795943,0.8580331062764706
795944,0.987873756222422
795945,0.9945447719545089
795946,0.8850864119606231
795947,0.5842710455286181
795948,0.2493651704048419
795949,0.016573209607824935
795950,0.25462721320926773
795951,0.15832060406865867
795952,0.9999179930473454
795953,0.9912317909722894
795954,0.9999152236587587
795955,0.9994828386928295
795956,0.48979877589745985
795957,0.14932676113709614
795958,0.29018608052194356
795959,0.9957432615525399
795960,0.04392035394067859
795961,0.028019151341469265
795962,0.9979804253244594
795963,0.9994602957077228
795964,0.04219576756870283
795965,0.9998913899884293
795966,0.9960475849783661
795967,0.053353865417004126
795968,0.25883540357584883
795969,0.9264686452514109
795970,0.9796960925065539
795971,0.9793499221838367
795972,0.9763864927091875
795973,0.9690623114913532
795974,0.38175227361305925
795975,0.9257679940552703
795976,0.8959811818440038
795977,0.4888043907095304
795978,0.015904943906095013
795979,0.6266901301024348
795980,0.9559980623648741
795981,0.012473793184850087
795982,0.05187017580224975
795983,0.9995737971689982
795984,0.5077989711283875
795985,0.9605629230162036
795986,0.9273672172785621
795987,0.7282346683425804
795988,0.9217997455165543
795989,0.9998137102684999
795990,0.999016416503937
795991,0.013117541532669266
795992,0.15383908691454545
795993,0.9934858991904807
795994,0.7284033583252564
795995,0.9965097707619592
795996,0.999789278296465
795997,0.9996211174583868
795998,0.9983629502970455
795999,0.7686631368115833
796000,0.7860723893566004
796001,0.01565616557417037
796002,0.9358962038589967
796003,0.9996307769689422
796004,0.5855770496010966
796005,0.02850452243526204
796006,0.2642593297359684
796007,0.9651304207839206
796008,0.9940581057050948
796009,0.7199403323052371
796010,0.9895246373007579
796011,0.4690697820159002
796012,0.9849050322173656
796013,0.9998708316264449
796014,0.20894387386744281
796015,0.023400145851819452
796016,0.8542936306348707
796017,0.3809015722941955
796018,0.8033930882828493
796019,0.005245629495900192
796020,0.32514844457615577
796021,0.9908452529480666
796022,0.7196080118202377
796023,0.9091088462670098
796024,0.9174815484091577
796025,0.999806364635135
796026,0.9080629216414217
796027,0.21367962490230968
796028,0.9995831759124536
796029,0.9966075855102419
796030,0.6104363863670513
796031,0.7795077034868783
796032,0.9999393529736746
796033,0.09921918204397198
796034,0.7008819925919716
796035,0.14266729806783968
796036,0.2880522411905282
796037,0.24285117125575711
796038,0.9670279464692431
796039,0.06686793394322914
796040,0.9399250910772404
796041,0.9993626100280217
796042,0.2927792289101093
796043,0.24899997439412153
796044,0.9952846401828614
796045,0.35659129296289793
796046,0.32463816058034173
796047,0.8043038256094726
796048,0.7151578377333343
796049,0.2211344992960098
796050,0.2285928077385158
796051,0.9846404269660041
796052,0.7914554758760859
796053,0.9497276000260173
796054,0.9673749783598509
796055,0.009827677054569403
796056,0.9995769360862172
796057,0.2087192789448125
796058,0.021388800980683357
796059,0.9992068269326849
796060,0.22899850208198572
796061,0.9999749318459583
796062,0.9987811764457196
796063,0.06063544856208057
796064,0.9999226192919182
796065,0.7525363420565968
796066,0.2556067961278878
796067,0.8408693530960374
796068,0.9982297911967981
796069,0.4065060918666237
796070,0.9972760764096473
796071,0.9798675537277992
796072,0.9471255475127107
796073,0.9998647472230238
796074,0.8928987642495013
796075,0.5016405848011197
796076,0.999504759076753
796077,0.9985157669577823
796078,0.9828071000504478
796079,0.9995350792899127
796080,0.1693571567207201
796081,0.4376607746372375
796082,0.43950975651100865
796083,0.8393681409742185
796084,0.999516245987518
796085,0.2772330167812089
796086,0.6224632477599408
796087,0.9984751573992986
796088,0.9909941516404874
796089,0.8331237484027747
796090,0.005009669461975602
796091,0.34300550008845754
796092,0.586985905223701
796093,0.43404014166525595
796094,0.338504811413299
796095,0.3860505441840993
796096,0.9999167621464391
796097,0.9999371038964129
796098,0.8535145629669445
796099,0.45970840499514753
796100,0.9956678967660446
796101,0.04218730657802953
796102,0.6484989728791373
796103,0.26794633435246695
796104,0.9115694263737715
796105,0.9917221074928075
796106,0.8943830261563044
796107,0.04205038635415289
796108,0.9159805180270493
796109,0.9999127046245565
796110,0.9905313838297773
796111,0.3378788601050659
796112,0.9998823877044687
796113,0.9996056620272029
796114,0.8949392155207604
796115,0.4237581995863529
796116,0.9875829220412811
796117,0.7081406997254485
796118,0.9943954280549777
796119,0.43519983332981416
796120,0.9988269724233936
796121,0.34211359046919276
796122,0.7375560754685535
796123,0.6048632104664899
796124,0.35206952692521126
796125,0.010368198580238833
796126,0.8566004064712454
796127,0.9981323995612893
796128,0.9996742973206674
796129,0.9875193929868467
796130,0.043866400835932934
796131,0.13132393056986735
796132,0.9957658102138995
796133,0.960762955563452
796134,0.8287324315189135
796135,0.8808831002964581
796136,0.9673111190995239
796137,0.9988681984945111
796138,0.6538989579335914
796139,0.9999277064013912
796140,0.6994996931678337
796141,0.9986786950154716
796142,0.07180903056929128
796143,0.9989255522474955
796144,0.19464703278924544
796145,0.9999891581816929
796146,0.034527870039030926
796147,0.9987870166085897
796148,0.9955934576946452
796149,0.9932980097279968
796150,0.9735572150394383
796151,0.9911928553687098
796152,0.9828359237942811
796153,0.095717569270524
796154,0.9990618434632548
796155,0.9999130964845723
796156,0.7711600308170585
796157,0.9974628587493675
796158,0.9955002930496782
796159,0.9851732869723536
796160,0.9957635781311716
796161,0.999972003520925
796162,0.5231158891979859
796163,0.3817697040919975
796164,0.017797897777935737
796165,0.07738265992918349
796166,0.6752069914006631
796167,0.999812619898277
796168,0.9999018219200635
796169,0.5411330769486948
796170,0.9997161575562674
796171,0.006366417508966854
796172,0.9999888240794557
796173,0.9996999382011084
796174,0.9999569276738087
796175,0.8380285407850252
796176,0.9856175715045944
796177,0.010110464101584228
796178,0.9994618015894388
796179,0.9985595097471787
796180,0.5153068983248329
796181,0.06740106859061672
796182,0.9890359059569991
796183,0.5015232468505084
796184,0.9963403461444886
796185,0.08489604523006802
796186,0.9993098217178766
796187,0.026215866294635758
796188,0.9586338131745661
796189,0.3439892419860253
796190,0.9995255275120535
796191,0.038364366525475535
796192,0.787171503767033
796193,0.9706672702632847
796194,0.10487154432325346
796195,0.9192453387426551
796196,0.5180962665939768
796197,0.2853363241203326
796198,0.8877328681649889
796199,0.9992188491764278
796200,0.9996025613608075
796201,0.6401093425464244
796202,0.9998103273390904
796203,0.023711580960222935
796204,0.994730759337993
796205,0.5671541608837349
796206,0.998110337852876
796207,0.3199689954568378
796208,0.7157388308700943
796209,0.9998439783708424
796210,0.36458882487700883
796211,0.9049919985157835
796212,0.028763573615360104
796213,0.999334314750338
796214,0.06068445294620313
796215,0.9992209442199613
796216,0.9988338596849659
796217,0.9891939534475805
796218,0.9997524224073964
796219,0.03817337668706685
796220,0.9920335800550952
796221,0.9999438273931757
796222,0.999599091797203
796223,0.999124521675103
796224,0.9999504565529578
796225,0.2814486516523689
796226,0.8972208559706902
796227,0.3141670282436036
796228,0.9997678676525756
796229,0.9951825559419117
796230,0.9996917221982551
796231,0.07755625159804469
796232,0.3411848908901778
796233,0.146901980352938
796234,0.24429462715637906
796235,0.9996316663266933
796236,0.265012392852966
796237,0.9649415298108512
796238,0.43771442629576596
796239,0.9919689495336533
796240,0.9993651585300584
796241,0.5617253875041897
796242,0.7091908212029603
796243,0.9765154417204618
796244,0.7153759334418124
796245,0.9999437723416061
796246,0.006710612256621099
796247,0.6468833560028246
796248,0.025536174286498972
796249,0.8342662555799207
796250,0.35485663853444027
796251,0.9998350650404696
796252,0.9990591479585181
796253,0.9290118191249875
796254,0.9993281182315662
796255,0.6535134020434649
796256,0.999742002725297
796257,0.9047772165560712
796258,0.9996218170181455
796259,0.9986482821372538
796260,0.9999810798609551
796261,0.22569895327739478
796262,0.8928207967569275
796263,0.9068127967372777
796264,0.9995973684491479
796265,0.9381543768325469
796266,0.5240659754597654
796267,0.9234850551758238
796268,0.8412966140837181
796269,0.9997008797070389
796270,0.8950992266869355
796271,0.32033584899931333
796272,0.2652411978537372
796273,0.9934959864314755
796274,0.6023572157475806
796275,0.9965158351827208
796276,0.0639376591243796
796277,0.6272907243132515
796278,0.9993436243685891
796279,0.9973969676851595
796280,0.998029052963883
796281,0.9999851587838038
796282,0.9983075719172243
796283,0.009714574289388177
796284,0.5102041124756265
796285,0.01908566109192861
796286,0.15796622749091963
796287,0.9811299596134272
796288,0.37107997016624905
796289,0.9998904121526779
796290,0.7511931686059051
796291,0.4024109831981797
796292,0.999509009236456
796293,0.013214927614583686
796294,0.05492791991878781
796295,0.9948876383086429
796296,0.999241137382616
796297,0.2517616681463038
796298,0.8857311067832507
796299,0.9998107703326016
796300,0.06092147633879652
796301,0.9995480429626249
796302,0.9978628616293952
796303,0.9997587485335835
796304,0.5766610341541623
796305,0.9987416134112675
796306,0.15488181763366923
796307,0.7009673958043536
796308,0.9888725421665157
796309,0.03397703205833346
796310,0.02066113439555635
796311,0.6712413217659783
796312,0.9991434515441258
796313,0.7898972134935741
796314,0.10720114295471689
796315,0.01464709608089405
796316,0.7718102623903351
796317,0.9996063335026717
796318,0.5526960942766949
796319,0.09032975545038574
796320,0.020889271549149338
796321,0.9942873409835187
796322,0.26249836305526364
796323,0.9118152075007706
796324,0.999392156012415
796325,0.9996561435264136
796326,0.9634266382926207
796327,0.08917535607777094
796328,0.3514543062728346
796329,0.9963561456365038
796330,0.07054329358092762
796331,0.9914770534215425
796332,0.9988368753250654
796333,0.9965015309021114
796334,0.00798074933287778
796335,0.999983979364633
796336,0.9923186357966725
796337,0.9969409358335838
796338,0.6062505683458109
796339,0.8259162433924784
796340,0.9945135824061235
796341,0.9993246730648941
796342,0.9963470170029742
796343,0.9989498300279525
796344,0.999233522961033
796345,0.999556610879982
796346,0.4982376066393054
796347,0.9998699050121371
796348,0.9998221160844036
796349,0.893811450906965
796350,0.38542037037837945
796351,0.9609260798023742
796352,0.011361425728978174
796353,0.07801752676180383
796354,0.01034505568497064
796355,0.10001942536193378
796356,0.24057315834732057
796357,0.6657406631905874
796358,0.0141161111833621
796359,0.9998203045295981
796360,0.7986888502567331
796361,0.6236019502918915
796362,0.999678811376508
796363,0.9989146423587194
796364,0.9988277568665866
796365,0.9341226896235273
796366,0.6371100851648422
796367,0.07798748329289895
796368,0.32900357673600633
796369,0.998318052530195
796370,0.9999238707048534
796371,0.07316911906247839
796372,0.9998872842311426
796373,0.0071929754924866945
796374,0.9972930463954206
796375,0.31785819202022203
796376,0.16098314223601284
796377,0.9993049796712772
796378,0.9994332722602104
796379,0.974936684144318
796380,0.6666134457809252
796381,0.4407626173324075
796382,0.9983642018960781
796383,0.5705171993877641
796384,0.9921177027692907
796385,0.06614058409482956
796386,0.11759929601784808
796387,0.9995982357079075
796388,0.997604869946727
796389,0.4864954407779921
796390,0.9994423034686968
796391,0.7352687048368041
796392,0.977026849044559
796393,0.9646534370789372
796394,0.9998158169748101
796395,0.9995294399722043
796396,0.7896142547500646
796397,0.9943748302383326
796398,0.9997041239238702
796399,0.1202476037728107
796400,0.8263561266807052
796401,0.7542524445863539
796402,0.6460270902122215
796403,0.9998871954045507
796404,0.03924182129586827
796405,0.9961459220749095
796406,0.8566951361616871
796407,0.036826235360653645
796408,0.9833727935764605
796409,0.01797006800936825
796410,0.9999274462578795
796411,0.6762358260553719
796412,0.9302009019520452
796413,0.9821825019591448
796414,0.05141891434459875
796415,0.9997423468219319
796416,0.4765769977797212
796417,0.6294217139787149
796418,0.2763444601928362
796419,0.054172248726686884
796420,0.9998158500465721
796421,0.8184608292842744
796422,0.019016743633161696
796423,0.061733770942707746
796424,0.0578976485580828
796425,0.9999012555164478
796426,0.9973513554264202
796427,0.7544345400760637
796428,0.6978708547092562
796429,0.9605572209258116
796430,0.25882816774631096
796431,0.999642636215679
796432,0.9999721612382589
796433,0.9998254317937717
796434,0.9573358139011057
796435,0.9999153586422079
796436,0.745814904902316
796437,0.9955412285321014
796438,0.7265527103769278
796439,0.6283295096450103
796440,0.7965462707847758
796441,0.1227146063645009
796442,0.9333394528536569
796443,0.053653604557674955
796444,0.5440376509892442
796445,0.9775430671542356
796446,0.99066130045759
796447,0.239997814974576
796448,0.9983992672433235
796449,0.6450319893563611
796450,0.24352632521242643
796451,0.9997645536327753
796452,0.9998402873095174
796453,0.9958722885810372
796454,0.9995514352520882
796455,0.008294685264581688
796456,0.9065016070995966
796457,0.883706894608667
796458,0.9852357595546524
796459,0.9999188694345129
796460,0.884644228225009
796461,0.8955905823592067
796462,0.2897580794133786
796463,0.948299393223101
796464,0.9995975164738351
796465,0.5686138261318517
796466,0.15547044293998064
796467,0.969056313333195
796468,0.8068289239726063
796469,0.03639402883963619
796470,0.99991728042399
796471,0.445755979226927
796472,0.95215314908277
796473,0.06313268362476103
796474,0.9400801331818591
796475,0.9998137307466488
796476,0.8277295065579161
796477,0.08916472530455723
796478,0.8674669802465678
796479,0.6852867173917245
796480,0.4026529168410813
796481,0.9999193698958151
796482,0.9989852296927881
796483,0.004807983636031961
796484,0.5122988743864556
796485,0.9819181757897276
796486,0.27465453814452245
796487,0.9174486537574033
796488,0.9999576969981059
796489,0.7878073673383853
796490,0.9866701415708468
796491,0.5114416611294055
796492,0.9968736047246536
796493,0.999456345502886
796494,0.9991677495322104
796495,0.10974791882070033
796496,0.9998936888530356
796497,0.905069724911888
796498,0.9901688777840759
796499,0.9243683530102138
796500,0.32600750528849337
796501,0.24969979057368696
796502,0.9950152479518164
796503,0.992373970378269
796504,0.9948698550067221
796505,0.028916857210063842
796506,0.9531423220492308
796507,0.024352724479105053
796508,0.8561006798702253
796509,0.9998251575225494
796510,0.8438163318711175
796511,0.9990716104898651
796512,0.9851076542162016
796513,0.9803639382735192
796514,0.14738092975840592
796515,0.06455923481367393
796516,0.9990257774438533
796517,0.9999028208038687
796518,0.9897612509690824
796519,0.994215140856695
796520,0.9998740278310929
796521,0.9997788857232497
796522,0.999245061215957
796523,0.9661760398561308
796524,0.3380812889121905
796525,0.9391986326518055
796526,0.988966227983842
796527,0.6737062327342215
796528,0.7741347341516575
796529,0.9997152948159096
796530,0.9999845301566838
796531,0.7215372230502461
796532,0.9996975918417318
796533,0.830235631988641
796534,0.9450172586378736
796535,0.44076226024584464
796536,0.9990414789742204
796537,0.9398251011357756
796538,0.31969596189209903
796539,0.9999673773796197
796540,0.9145343611438217
796541,0.5964190454730124
796542,0.7332359326499
796543,0.9998294811751126
796544,0.21323708481722078
796545,0.7271362661518909
796546,0.972381030322729
796547,0.8635166866244883
796548,0.811035513035853
796549,0.984014127429016
796550,0.9868889061550588
796551,0.950822943207345
796552,0.9993760203315674
796553,0.8690464347968958
796554,0.9936964025038948
796555,0.0034577740395129834
796556,0.9997408788699071
796557,0.009114361922937025
796558,0.450848496852432
796559,0.9712688140410302
796560,0.9990766349009463
796561,0.9489169673732094
796562,0.17746338775839945
796563,0.9999625952860394
796564,0.9998818193558234
796565,0.04065523515650743
796566,0.8611381185248369
796567,0.9991932191268094
796568,0.3687738742984137
796569,0.9721361404290632
796570,0.08530634986558334
796571,0.9995713784367951
796572,0.9999135169463311
796573,0.4049423398130776
796574,0.9998962956048525
796575,0.6123820989067947
796576,0.9999862799290855
796577,0.030551350777357225
796578,0.9990489693170388
796579,0.07884872420993799
796580,0.1900691661635548
796581,0.9997235486622069
796582,0.9997125765651398
796583,0.9884938027837348
796584,0.9862435276115222
796585,0.9362470616892062
796586,0.9018478558293519
796587,0.9408144984186158
796588,0.773281183516765
796589,0.8511154793328286
796590,0.026918478436956904
796591,0.34669724615725095
796592,0.07198669929489548
796593,0.6842480374839506
796594,0.7086237231691545
796595,0.04763230005276374
796596,0.04098566226623778
796597,0.8106300069448997
796598,0.8744056959995642
796599,0.04202012014440457
796600,0.515248591295516
796601,0.0340982898432819
796602,0.9195874923509356
796603,0.7439779091856296
796604,0.9687041872578106
796605,0.9909784719690815
796606,0.6938942328179195
796607,0.2995823754310979
796608,0.2517174986252183
796609,0.0438380547096693
796610,0.009342261185107507
796611,0.8959307840458451
796612,0.7855721484035617
796613,0.3468088292497258
796614,0.05301521540869328
796615,0.26502618480167034
796616,0.24306113588237377
796617,0.9041696087512459
796618,0.9189902926648343
796619,0.9999174294921611
796620,0.9980929778612111
796621,0.9998629357862379
796622,0.26576557793655137
796623,0.16486903551127063
796624,0.963660121682186
796625,0.7636781245747118
796626,0.5113915533508921
796627,0.9874526542969803
796628,0.19349606959397728
796629,0.4362875985280854
796630,0.04909045611072583
796631,0.606939666684382
796632,0.9816589702935673
796633,0.27319128333011067
796634,0.9994664566831708
796635,0.9127300732492634
796636,0.47328359272409193
796637,0.5758666128269527
796638,0.9949694342847251
796639,0.4108325793543209
796640,0.2830598084349594
796641,0.5737142447132683
796642,0.008401472197254843
796643,0.5478365231575735
796644,0.6867847680151137
796645,0.9997009321558827
796646,0.08522460144122818
796647,0.09602137418272909
796648,0.4009392378081641
796649,0.9999807521086659
796650,0.573759042166275
796651,0.9999834669081634
796652,0.9968998309643076
796653,0.9927732490307283
796654,0.9986555257287193
796655,0.9970596121226448
796656,0.93085856561466
796657,0.9999544519711788
796658,0.9979007819960324
796659,0.24512018708723837
796660,0.9997479028116545
796661,0.9988185808970373
796662,0.8292670710512497
796663,0.034316341565637586
796664,0.9926682256755455
796665,0.9154920625400129
796666,0.8243281459725442
796667,0.9992574855813311
796668,0.31916781865230925
796669,0.2595760412259654
796670,0.13553805104457545
796671,0.5175322998621913
796672,0.9999756599863943
796673,0.9921079903628742
796674,0.9789009004881418
796675,0.5266855291680117
796676,0.9981453571193227
796677,0.9883386163795034
796678,0.9999954404718723
796679,0.995540790684182
796680,0.08120682551675987
796681,0.9997250790399544
796682,0.6544949332037981
796683,0.9999418449813329
796684,0.09691433950490015
796685,0.6134387319453491
796686,0.9999348251353258
796687,0.874586220550442
796688,0.7605114004242255
796689,0.7553582554955309
796690,0.06408615843244997
796691,0.9999761038403456
796692,0.9633429490641625
796693,0.08250106665554505
796694,0.04470779109266607
796695,0.07325655319799393
796696,0.8313398176036638
796697,0.9893646536321765
796698,0.6071846354820836
796699,0.2448485604039003
796700,0.05514166785677953
796701,0.9995644157634729
796702,0.7169490212889964
796703,0.009114389998890228
796704,0.9906328308398025
796705,0.9924668505403884
796706,0.7896631771258853
796707,0.9995330707542307
796708,0.7877843513816796
796709,0.9880115818382063
796710,0.7522657038506289
796711,0.9944002321774528
796712,0.9993584951268007
796713,0.9592071103502465
796714,0.971501946898107
796715,0.040810905333242144
796716,0.875901802570711
796717,0.7394569891762786
796718,0.6182827138041407
796719,0.033079755652783156
796720,0.9178253879323196
796721,0.7490434072451253
796722,0.971027010978395
796723,0.1838866635999602
796724,0.9996888178048781
796725,0.9989947895721984
796726,0.33904955562700545
796727,0.8357240010333149
796728,0.988378732989802
796729,0.8642787647944661
796730,0.9993964923861388
796731,0.9217273405991442
796732,0.15765460448993437
796733,0.9980775611581969
796734,0.7824169781519787
796735,0.9995917433921352
796736,0.35397778015447007
796737,0.2163957289929252
796738,0.7194476669710796
796739,0.9999074428189485
796740,0.052116629307441396
796741,0.9967244250745971
796742,0.13910638498668934
796743,0.9999873684091183
796744,0.6600034487869189
796745,0.9955882265440892
796746,0.9175990995016226
796747,0.9999907107869268
796748,0.9997202335424606
796749,0.0799978042447717
796750,0.09822332816810869
796751,0.08203569477701136
796752,0.9997064515410128
796753,0.9691119060281422
796754,0.15640833174502394
796755,0.3786565095568874
796756,0.9960359391372823
796757,0.9777820216124838
796758,0.005632908046455921
796759,0.998668145868566
796760,0.8391169163300032
796761,0.05385466024226701
796762,0.5634907237071514
796763,0.7969969411012814
796764,0.18864038576178152
796765,0.6526423296900253
796766,0.6807120658401502
796767,0.6631307853152948
796768,0.9955246664112631
796769,0.33870779106595983
796770,0.9999834108439634
796771,0.9747323967977004
796772,0.3412707107259575
796773,0.09804302400343284
796774,0.003146047140768919
796775,0.9526314326966717
796776,0.8948404127397914
796777,0.5572583510308279
796778,0.8397619523324568
796779,0.5721279853916894
796780,0.9989960212577409
796781,0.26577285894807173
796782,0.9993666972798169
796783,0.9982580747911078
796784,0.09660339343964636
796785,0.553434858613698
796786,0.9982949955627365
796787,0.9999736765744034
796788,0.8516766591181923
796789,0.9959210919267519
796790,0.8105728886028588
796791,0.8695403951316727
796792,0.13987012312810201
796793,0.999994494118009
796794,0.046991006465430925
796795,0.01040228060536963
796796,0.017274207851052284
796797,0.9935844192155846
796798,0.9878098067941582
796799,0.9839234072667787
796800,0.998570243509386
796801,0.9792946997613965
796802,0.4822257316826257
796803,0.04729217489308615
796804,0.9211289036386966
796805,0.9996667930395751
796806,0.9998110515068973
796807,0.9271194533221823
796808,0.9999153811488
796809,0.9979103414400285
796810,0.9999651803953298
796811,0.5406058558712096
796812,0.5002490707102156
796813,0.9999920278771688
796814,0.9803285743444025
796815,0.9997207710397586
796816,0.8889142764204195
796817,0.9999481559235895
796818,0.7619126153456812
796819,0.999905592197236
796820,0.9981951230736787
796821,0.9997432193543594
796822,0.9797256674689812
796823,0.9315807549109368
796824,0.14452027007122953
796825,0.9968522488991565
796826,0.9999905437750446
796827,0.8282858366381279
796828,0.91754164581268
796829,0.9990783947535853
796830,0.9999496404465529
796831,0.9997805282098868
796832,0.020497493437581556
796833,0.9980271348442225
796834,0.6164535884199649
796835,0.9999788412613709
796836,0.09664029360665291
796837,0.12476567627191718
796838,0.7330985635913646
796839,0.0666220006936448
796840,0.9374932125524784
796841,0.9044323118676475
796842,0.12478048146714535
796843,0.9997768768137019
796844,0.8715122904536239
796845,0.996842033433698
796846,0.985631540871868
796847,0.6543828854544298
796848,0.7511282553617675
796849,0.13664106571682208
796850,0.12383811920322206
796851,0.9759240949347754
796852,0.9994039526729586
796853,0.9991208829452618
796854,0.10357455259753243
796855,0.4730234452867222
796856,0.5370583916870459
796857,0.6011266385639419
796858,0.016265433166770964
796859,0.3668744539149294
796860,0.4390901778700147
796861,0.4299448095886799
796862,0.9440554144827281
796863,0.06839801242538383
796864,0.9965099627671605
796865,0.9993068869768542
796866,0.9630770183799565
796867,0.9757683393007262
796868,0.9655858717092791
796869,0.9997855709595576
796870,0.9976356280063267
796871,0.18583815338450368
796872,0.9934607041829511
796873,0.3653261064368364
796874,0.999060169437664
796875,0.9997338878015382
796876,0.9690354225270572
796877,0.04298298571188144
796878,0.658628846812428
796879,0.18256676888984136
796880,0.9522199206456019
796881,0.9999501835069131
796882,0.1406245075478613
796883,0.9993354657616512
796884,0.9052452812389234
796885,0.997385827927167
796886,0.9995924219415708
796887,0.5519177247580745
796888,0.9958050975722759
796889,0.09066542685407722
796890,0.1732955931811957
796891,0.900067433258601
796892,0.9971024158345745
796893,0.9997468401920173
796894,0.893399627726899
796895,0.9976419825222009
796896,0.7821790010957959
796897,0.5155314224597267
796898,0.9437987792158185
796899,0.08045912309317552
796900,0.9238021663577989
796901,0.05835160651100921
796902,0.3708977611016866
796903,0.910929346752016
796904,0.896884210907219
796905,0.893384252132968
796906,0.9996419469076921
796907,0.011550990586504443
796908,0.008339345504309181
796909,0.0616548501036011
796910,0.9995271667064479
796911,0.9986320529390673
796912,0.20756180386459516
796913,0.9381589352323819
796914,0.8366912007537688
796915,0.519259946447173
796916,0.9998829901191801
796917,0.6924826730883278
796918,0.031057701204827575
796919,0.9943567254399268
796920,0.9838778336541991
796921,0.9972899457315222
796922,0.8225539152006931
796923,0.96537523809593
796924,0.9894491186039294
796925,0.8861640286466721
796926,0.9990217442598526
796927,0.3472300911475028
796928,0.9993420597865894
796929,0.9985542499959044
796930,0.13380211738571648
796931,0.9970654416875467
796932,0.15868775459001055
796933,0.9791715026938039
796934,0.7239633910475999
796935,0.9964802605336157
796936,0.9983813520082084
796937,0.05688776309035789
796938,0.8850535171102387
796939,0.055864676385613946
796940,0.9998963241132197
796941,0.7989794732202212
796942,0.12526302776431567
796943,0.4955969670290415
796944,0.9999241231606266
796945,0.052325181413027666
796946,0.9998296296162967
796947,0.9976228703864101
796948,0.036907531145837884
796949,0.9995196382673022
796950,0.42195564879913716
796951,0.5620428342775818
796952,0.5941119486685922
796953,0.9917371624645771
796954,0.9999020178198448
796955,0.9995909892789301
796956,0.8467828465474725
796957,0.013361212730789919
796958,0.7787356220508361
796959,0.9840249943568775
796960,0.09914270654652371
796961,0.3605596819549474
796962,0.9999874282247384
796963,0.07609376287938942
796964,0.1168178900542049
796965,0.9998857911116433
796966,0.9273977800361859
796967,0.9966377290496369
796968,0.6727972680940005
796969,0.023317854032027588
796970,0.9835444675108863
796971,0.9851298840989037
796972,0.9991228437741119
796973,0.6955797262182697
796974,0.42889009696307057
796975,0.6402123443266788
796976,0.49776270171082526
796977,0.9793654904997735
796978,0.8562461254854372
796979,0.9997756507802442
796980,0.9993935041063817
796981,0.9997930747989578
796982,0.2946068033865216
796983,0.996192106239827
796984,0.999817336664544
796985,0.8402030632464688
796986,0.999955590604986
796987,0.9995892137803977
796988,0.9183569673088384
796989,0.5384661843435962
796990,0.9990944329069984
796991,0.4140904189154873
796992,0.9965622155834544
796993,0.46046127756095573
796994,0.46499628640766494
796995,0.9858838966279111
796996,0.9998983973777262
796997,0.7943934324885327
796998,0.9997624175125535
796999,0.9988514833894472
797000,0.9998888577328788
797001,0.6888106877909698
797002,0.999619762935948
797003,0.9995880673549777
797004,0.9985359499795565
797005,0.27958615197258435
797006,0.5496986632010349
797007,0.2706533132086871
797008,0.01225771600111324
797009,0.9695509299474726
797010,0.9987980852394803
797011,0.8828303216141502
797012,0.9953974691778572
797013,0.9998989039604135
797014,0.9996303916745624
797015,0.9998344564924818
797016,0.564324798621085
797017,0.9997812251012421
797018,0.9999627905366797
797019,0.1758197251875177
797020,0.9987313470914787
797021,0.99945949204662
797022,0.9985965007556148
797023,0.526810693195884
797024,0.58611872124007
797025,0.9999730539812817
797026,0.09815964395057318
797027,0.012804471130530796
797028,0.039207590609567126
797029,0.8016199712890972
797030,0.8014970579887666
797031,0.9999800713988691
797032,0.6839216254797125
797033,0.9995684522795083
797034,0.9993476303821753
797035,0.9996685725109201
797036,0.9994837598777492
797037,0.9997424167291493
797038,0.02365998364874207
797039,0.9942333637675731
797040,0.7031474551983141
797041,0.031089337216687832
797042,0.9985456889559434
797043,0.8466457847313597
797044,0.17380591285324734
797045,0.260119417456592
797046,0.903948300937488
797047,0.9997519088310525
797048,0.9998992010529563
797049,0.4829743120360584
797050,0.9588368288926943
797051,0.9999754388782409
797052,0.9999502742449562
797053,0.020934982215359117
797054,0.9998387793062746
797055,0.9628021478306737
797056,0.18249016698313614
797057,0.04869769486518232
797058,0.9987661637607301
797059,0.9116316096431565
797060,0.2817462539047329
797061,0.9951249285506305
797062,0.9995443118652638
797063,0.9267778457475448
797064,0.9974522215654398
797065,0.862074512264287
797066,0.7840010735872198
797067,0.05865779761810572
797068,0.5495783367679327
797069,0.11942088151566457
797070,0.2532082105827396
797071,0.9993664103456137
797072,0.9732093621819395
797073,0.92896618323661
797074,0.6093859274234583
797075,0.14288095216648264
797076,0.9243084361576208
797077,0.9999127509802279
797078,0.14773195517633322
797079,0.5702892426736328
797080,0.6507272398938397
797081,0.9998664523448757
797082,0.9997717812096774
797083,0.996543008212345
797084,0.2216255119641524
797085,0.991960692519779
797086,0.5570434544118891
797087,0.9932468722168475
797088,0.9998454841177016
797089,0.9911072643490209
797090,0.5519500784247763
797091,0.9997127996373472
797092,0.9998428320386334
797093,0.9909131368630996
797094,0.03305027229544029
797095,0.7223578369116601
797096,0.8827202699869482
797097,0.7694762032479898
797098,0.9960743173337696
797099,0.8154245933616481
797100,0.8882322314616735
797101,0.9998243735579312
797102,0.5789823691619278
797103,0.9985127343620688
797104,0.9723769534165715
797105,0.9853285787676078
797106,0.06046121292305764
797107,0.2696633719700452
797108,0.9280038115255689
797109,0.04128181106177472
797110,0.9409735891211655
797111,0.9969145698797792
797112,0.9995834853644094
797113,0.02075750693970406
797114,0.7481387510928762
797115,0.11876443399809561
797116,0.9986371802266648
797117,0.1989277878682152
797118,0.999774059772621
797119,0.05573488105822062
797120,0.9997135392655865
797121,0.9999512793571625
797122,0.9985360346543446
797123,0.9024167837948425
797124,0.9947396686102066
797125,0.9997718074202511
797126,0.2741445304283311
797127,0.959688035459785
797128,0.9957703962523656
797129,0.8766633487789609
797130,0.3981802055306295
797131,0.5771352499098027
797132,0.670423212855283
797133,0.9996877992271648
797134,0.99974273436819
797135,0.0793597718623803
797136,0.8896776656332346
797137,0.9999001348612135
797138,0.0763527734585199
797139,0.9911718914280803
797140,0.9936390809946104
797141,0.9654472362896619
797142,0.5312657160994493
797143,0.2658592969966193
797144,0.9999651215907228
797145,0.1686585374936003
797146,0.9998882036540944
797147,0.9998164347069071
797148,0.9999620898400813
797149,0.4496060054223152
797150,0.7516790231179649
797151,0.5991752790951999
797152,0.9975514452891353
797153,0.7157486654687673
797154,0.8626645356642028
797155,0.9966986135079029
797156,0.6981943225081644
797157,0.8012908773718155
797158,0.02349668592851902
797159,0.9996186779089493
797160,0.9813263188389062
797161,0.9777505444528306
797162,0.9988989674019624
797163,0.8567677641618847
797164,0.9754663754726678
797165,0.28911773205184016
797166,0.9996095094519291
797167,0.9266273857383216
797168,0.8709061620317511
797169,0.04323803136996684
797170,0.9914618844707609
797171,0.01800875646939673
797172,0.0590310560792698
797173,0.4705945778891011
797174,0.9999170287569533
797175,0.904447766772658
797176,0.04550165916631409
797177,0.8586617398924734
797178,0.9626633120666988
797179,0.027204921079526996
797180,0.22496992516301434
797181,0.8583447874378035
797182,0.9986332965847959
797183,0.4581132961405548
797184,0.9997452533069404
797185,0.9939702915327886
797186,0.018248821397028873
797187,0.1120971380650213
797188,0.9935984359037283
797189,0.014614361212641293
797190,0.871121641657271
797191,0.792458561256288
797192,0.01760797664972685
797193,0.24087337586025667
797194,0.9999658499237929
797195,0.03625623874865107
797196,0.2354867045868801
797197,0.9967646416942835
797198,0.39311564360947615
797199,0.4304862903777028
797200,0.87561494769873
797201,0.9286882029729724
797202,0.6085964405828781
797203,0.7098695353671773
797204,0.38976990690906216
797205,0.9999446726260351
797206,0.9999153747512376
797207,0.133321761817464
797208,0.9600784339777864
797209,0.2810947470457599
797210,0.9210863473848141
797211,0.38279831674227566
797212,0.03465933005371798
797213,0.025956632494900947
797214,0.9980684001893707
797215,0.8678814766087695
797216,0.046964288418470945
797217,0.8708963579585162
797218,0.11598023549166254
797219,0.4009464228861108
797220,0.5937864245394673
797221,0.9974065860297225
797222,0.9979154579110381
797223,0.9997587837756842
797224,0.9826487364842754
797225,0.5007577504136305
797226,0.9998853860110319
797227,0.9491886853682531
797228,0.9700490294846436
797229,0.9998047458918693
797230,0.9973473978441966
797231,0.9990928337953111
797232,0.9999119904649081
797233,0.9999615338485073
797234,0.9972517101866645
797235,0.9991859767555498
797236,0.7242468109922227
797237,0.6844764904413272
797238,0.6173593821449055
797239,0.9917000936969469
797240,0.99580523795938
797241,0.05376774017877537
797242,0.9986294406540892
797243,0.08138668033906855
797244,0.39855420004853626
797245,0.647362266221745
797246,0.9908803585947111
797247,0.155655137477321
797248,0.6594979668944675
797249,0.20933156124873975
797250,0.547996329027712
797251,0.999832592741213
797252,0.25259586862561295
797253,0.8081883787968731
797254,0.9795633861307702
797255,0.5320759714315069
797256,0.99979169648415
797257,0.9999309600059376
797258,0.4610454075995281
797259,0.9998726110498887
797260,0.9994812963164873
797261,0.46269304142984224
797262,0.3690574336474717
797263,0.9359447865323742
797264,0.1552522155122701
797265,0.9776605291129137
797266,0.9997853843761861
797267,0.8712067070260419
797268,0.13640804904925144
797269,0.38243001379205777
797270,0.9988994549107972
797271,0.4932895243114586
797272,0.8611338118417028
797273,0.9791577858781593
797274,0.0046872707865101065
797275,0.9990412501778907
797276,0.9997809757431968
797277,0.12966694091073772
797278,0.9998586963909815
797279,0.9994410511136204
797280,0.9998051267364174
797281,0.6587835942096233
797282,0.15095383214486657
797283,0.9259073076427037
797284,0.9657391636216945
797285,0.9999186841742094
797286,0.9999790577336369
797287,0.6739047445973543
797288,0.06536223202402443
797289,0.998710620368139
797290,0.020476712994841825
797291,0.14053558610586053
797292,0.9999812358726053
797293,0.9648408999436748
797294,0.9982132390546803
797295,0.7879847563884339
797296,0.40610169453859657
797297,0.23785922386528707
797298,0.9999175759879488
797299,0.9905643374064974
797300,0.9957587205956785
797301,0.5276581200554975
797302,0.8549581776277202
797303,0.999886659710932
797304,0.5438310629481529
797305,0.975467680049078
797306,0.18564973657013994
797307,0.99996880690796
797308,0.6962977314520525
797309,0.9406948068787684
797310,0.9971558214683045
797311,0.33404704861130363
797312,0.5213773826617377
797313,0.825673856419167
797314,0.9999920998397823
797315,0.038040822970224195
797316,0.561213510680936
797317,0.9994213421157268
797318,0.999878853570428
797319,0.9938313980003166
797320,0.9839209504402604
797321,0.9996297194323762
797322,0.1288728248634841
797323,0.20776812396888908
797324,0.9778308385914024
797325,0.9971247396105984
797326,0.9999663728274677
797327,0.9801302217724445
797328,0.9995054128228789
797329,0.00835330185608977
797330,0.7530071773556153
797331,0.2625690645034171
797332,0.01641215637227195
797333,0.9958663618356907
797334,0.9070039116021279
797335,0.49283353342845715
797336,0.9800820628135714
797337,0.9986203696182142
797338,0.9976618101666382
797339,0.9904364428159391
797340,0.999627862909972
797341,0.3426180270247824
797342,0.9976777505442924
797343,0.6053820124902431
797344,0.9315567343969875
797345,0.5448278540644615
797346,0.9975010697782906
797347,0.498708409329761
797348,0.9976379803552492
797349,0.9998507852167032
797350,0.046597865042876024
797351,0.9997198362906599
797352,0.47682052846768275
797353,0.12334306417655339
797354,0.8525511373554349
797355,0.9995849335795747
797356,0.9999512818512115
797357,0.8929490185571556
797358,0.09296207074480148
797359,0.9997350931274704
797360,0.1876232995387513
797361,0.7914466399868749
797362,0.981614033269109
797363,0.9998801632618632
797364,0.9998655072594672
797365,0.06991008534163831
797366,0.035499762620693126
797367,0.028327416956123393
797368,0.9860386778644914
797369,0.9964493268909254
797370,0.9999931421031022
797371,0.9999382696959698
797372,0.9997603146082397
797373,0.6503015140033056
797374,0.7207023306326361
797375,0.999463099737401
797376,0.9996795509326437
797377,0.845618064047876
797378,0.9998842451835241
797379,0.8401679034386754
797380,0.3239056995021001
797381,0.024865969529006545
797382,0.20926820411811867
797383,0.9903823994327391
797384,0.999531577414944
797385,0.2752682652129457
797386,0.9966574844372315
797387,0.5940334062176255
797388,0.05630888939527327
797389,0.9999259607160181
797390,0.999799887061921
797391,0.9332267793960245
797392,0.05918045608693419
797393,0.9000398399128561
797394,0.780824693394019
797395,0.9997754790109692
797396,0.8920430730987772
797397,0.6894008802900943
797398,0.9448800640586172
797399,0.999785011424507
797400,0.6672259938569319
797401,0.839647223275807
797402,0.28745623460396535
797403,0.7329459714599865
797404,0.07401954159699624
797405,0.9992656359481762
797406,0.011493436054510985
797407,0.9993495950889206
797408,0.9923060545430963
797409,0.9999523938752519
797410,0.3236360537877516
797411,0.9994526317927489
797412,0.9994318876411528
797413,0.9998638513160909
797414,0.9988094116540607
797415,0.4215056269806605
797416,0.9994208824461596
797417,0.38221939383650766
797418,0.15786129218894546
797419,0.2922097071111586
797420,0.9997850993883256
797421,0.36824385702864393
797422,0.9996850081606976
797423,0.9864566519105875
797424,0.9986286751988426
797425,0.4935721922115547
797426,0.9999638705637716
797427,0.4432943620916251
797428,0.4130380352167732
797429,0.6467353088001266
797430,0.9963608753936206
797431,0.648019963468107
797432,0.2578528909301611
797433,0.9999675547518778
797434,0.9999576079535621
797435,0.8374714494866545
797436,0.8900462224698605
797437,0.9999125690880631
797438,0.996504911421787
797439,0.9997705575860911
797440,0.9998770922876878
797441,0.9953448204894415
797442,0.36523790222669095
797443,0.6011793386325558
797444,0.0562661356275424
797445,0.1845530698395133
797446,0.5784627423287001
797447,0.05430265004689557
797448,0.3645154311801364
797449,0.12612868517327117
797450,0.9895899547771088
797451,0.06577770070608431
797452,0.8987342455991839
797453,0.9987149618558582
797454,0.6054023085856457
797455,0.9993421586848387
797456,0.998411334421347
797457,0.9924936941156506
797458,0.014606972982941816
797459,0.5833849819239334
797460,0.7857828391559947
797461,0.9440379984953932
797462,0.9944533981149329
797463,0.9913436992684943
797464,0.9330596319230071
797465,0.023413335828521373
797466,0.02294521784327731
797467,0.6908954002256037
797468,0.9996464256107649
797469,0.5130682732827815
797470,0.08662755527178129
797471,0.9501928366683908
797472,0.010766573273314716
797473,0.9997320932922134
797474,0.07616116703913894
797475,0.9956537435806292
797476,0.47267719878752495
797477,0.5612014119749785
797478,0.9317139733982813
797479,0.02597157094508821
797480,0.9726720243216439
797481,0.9991993420901991
797482,0.9998760930551803
797483,0.9918893906666397
797484,0.9998224388724939
797485,0.7126357367271519
797486,0.9999744810220441
797487,0.9932801834368685
797488,0.5689982814767863
797489,0.997678611524454
797490,0.00726510490861995
797491,0.9997947296503712
797492,0.4485467840327374
797493,0.39544491375685054
797494,0.773600379308023
797495,0.6124687633213654
797496,0.44813792706812167
797497,0.9707800571223235
797498,0.048720859953334514
797499,0.021388024869084293
797500,0.999852877877426
797501,0.9995450510247165
797502,0.9983880430204675
797503,0.16197547288501304
797504,0.8759213615091123
797505,0.9999347156848456
797506,0.9997277960211091
797507,0.05623115630447004
797508,0.008389775725108715
797509,0.41669306841120146
797510,0.6741079889492445
797511,0.6503533546372724
797512,0.26657056658964523
797513,0.9908844389118954
797514,0.10746268570743253
797515,0.9994246453408877
797516,0.5324657918286263
797517,0.7345169686353117
797518,0.9999803113875219
797519,0.9031974099300868
797520,0.3685400444704765
797521,0.9936724416906433
797522,0.9697046914438512
797523,0.9952003964514577
797524,0.0037748810670029907
797525,0.9989239863121592
797526,0.8296772633085778
797527,0.545263052540208
797528,0.2767450639463353
797529,0.9058553967727908
797530,0.9991769898834235
797531,0.9976768066026986
797532,0.014119146472554906
797533,0.1718040780758162
797534,0.049658329038836393
797535,0.09884676988346162
797536,0.949348745025628
797537,0.9709250443508897
797538,0.9291986465579603
797539,0.022190057557673948
797540,0.041864285661043735
797541,0.9946500387824468
797542,0.8944447668349698
797543,0.06050474087257772
797544,0.9987882811430897
797545,0.027483021598623626
797546,0.9994706289939166
797547,0.9983573690135366
797548,0.9993761920413977
797549,0.9998733264843409
797550,0.7323694456982492
797551,0.9988389506054198
797552,0.9999519817309914
797553,0.9491394927829013
797554,0.9999833162331105
797555,0.9995293924216873
797556,0.6204385627129139
797557,0.2820120045321145
797558,0.9606261011653687
797559,0.9997909351780981
797560,0.01061443545618726
797561,0.9998602610398674
797562,0.9709629988481687
797563,0.9999701367479813
797564,0.8702197130705567
797565,0.33777302291165767
797566,0.9957262920166916
797567,0.8702406094151394
797568,0.991903358719543
797569,0.9842455862361101
797570,0.4725055610098391
797571,0.9984807950271222
797572,0.9998345007800304
797573,0.35457857312984103
797574,0.9994547660263664
797575,0.999730624639468
797576,0.08791336812610284
797577,0.10315523898639001
797578,0.6643984495476307
797579,0.9968444619289515
797580,0.9865684742378019
797581,0.997891994897351
797582,0.41600763110425193
797583,0.9993513126817034
797584,0.8213339213487589
797585,0.9995047547059023
797586,0.98956928707839
797587,0.16846709125913606
797588,0.5080784573610907
797589,0.9878066630793405
797590,0.9893670613103669
797591,0.9970088739654202
797592,0.9999711951903396
797593,0.9998176722578926
797594,0.011655092877015827
797595,0.18269248071942684
797596,0.9998849921548363
797597,0.9198307510211619
797598,0.9913207754797057
797599,0.20475913971353113
797600,0.7048600708045115
797601,0.7096055749950646
797602,0.5808769258822024
797603,0.0056154151768006855
797604,0.9999254737779639
797605,0.5898177745382372
797606,0.0300260375011814
797607,0.5000954802702269
797608,0.9996716715928256
797609,0.9997470412289047
797610,0.9961597547756272
797611,0.9771695992306098
797612,0.7216336926114358
797613,0.9199624188088039
797614,0.7592668054328546
797615,0.3328270522857536
797616,0.9995171241544895
797617,0.9699367443257191
797618,0.015389622803290773
797619,0.5838828899572361
797620,0.9978901046843006
797621,0.976397535527311
797622,0.9999706762694653
797623,0.389097437032439
797624,0.16867721202638694
797625,0.9817705474520392
797626,0.9978525466271673
797627,0.6692566347424442
797628,0.037106502788948434
797629,0.8916940264913025
797630,0.39596892194342254
797631,0.9998292441105754
797632,0.9198052381231073
797633,0.9995740133643445
797634,0.7320883731150473
797635,0.9991223111967782
797636,0.8248671278777613
797637,0.04735964015484103
797638,0.9998461256287631
797639,0.9997884475166947
797640,0.5274013825354305
797641,0.9999268223177304
797642,0.9998637926230773
797643,0.08841477363484467
797644,0.9308205540734324
797645,0.9993680735139128
797646,0.2378677026139198
797647,0.32440983762698933
797648,0.9997257526523414
797649,0.031988479889437205
797650,0.3427388160671486
797651,0.9990858629284494
797652,0.9782325969544923
797653,0.9971042380401645
797654,0.999645790604499
797655,0.999200963155094
797656,0.9999771658357318
797657,0.2953264640268926
797658,0.9985105913230411
797659,0.24636770396104374
797660,0.9842751673790769
797661,0.24644989868112144
797662,0.3445008973335021
797663,0.9731217827247014
797664,0.9858521257642505
797665,0.9996307839845667
797666,0.9998168591911745
797667,0.9994682442072069
797668,0.0052747643894450425
797669,0.12082178867711119
797670,0.9999855748876527
797671,0.8970370768647882
797672,0.5982960999689788
797673,0.9839508436279853
797674,0.9962272041815597
797675,0.0236637301163941
797676,0.4149004802946581
797677,0.9971204569094929
797678,0.9979130314380142
797679,0.0035595239099091534
797680,0.1199702968043857
797681,0.9998751218612951
797682,0.977660132242359
797683,0.9990810826057617
797684,0.5587296914673261
797685,0.999983301806135
797686,0.9977786981540964
797687,0.9990522156415518
797688,0.9991070901809322
797689,0.9951115103296251
797690,0.0678701641813843
797691,0.09334662319792832
797692,0.41194948500880235
797693,0.9592525844782744
797694,0.9997394067990066
797695,0.9353777708046362
797696,0.9994278808323191
797697,0.26702511363337
797698,0.12646193679849407
797699,0.9991218511965334
797700,0.8934105250749603
797701,0.05106033935019036
797702,0.9342144749475975
797703,0.9998852768142161
797704,0.9999753225547628
797705,0.6994169364952316
797706,0.9684478299769007
797707,0.9499405074547453
797708,0.9474068169567577
797709,0.03608839812032929
797710,0.997022686168834
797711,0.9472501518398051
797712,0.18554938881684463
797713,0.998441797806529
797714,0.48885285616659396
797715,0.004520295251195896
797716,0.999877574141345
797717,0.9940916006842099
797718,0.02304553499034857
797719,0.31293013545510245
797720,0.999799208496831
797721,0.6837785733395001
797722,0.9151069127444962
797723,0.9996475581913874
797724,0.9455007686511376
797725,0.2145663761230578
797726,0.9852261400149377
797727,0.9373069474321674
797728,0.9946691901755954
797729,0.22601885935703936
797730,0.9997586192093859
797731,0.9818971698000774
797732,0.9987753719937634
797733,0.9999702557265681
797734,0.9894090282574015
797735,0.014645977196684009
797736,0.7933468644216948
797737,0.9914561649122784
797738,0.9977823837910502
797739,0.20963236549196224
797740,0.9966958239385512
797741,0.9576930309511297
797742,0.9986570083999142
797743,0.969104334897304
797744,0.9999586996931785
797745,0.6531642605984971
797746,0.9997106918845952
797747,0.13074827802572972
797748,0.9934565675373874
797749,0.999307343194418
797750,0.9902436039718867
797751,0.9973521076214416
797752,0.4382654095710663
797753,0.99679821950357
797754,0.5203039077984432
797755,0.8927982077934575
797756,0.011575501079469525
797757,0.9992950399363213
797758,0.9829947675937383
797759,0.9996840552169721
797760,0.99274281727034
797761,0.9999810314887831
797762,0.9448893119020572
797763,0.24178237822150675
797764,0.9999192197528546
797765,0.5682177025164264
797766,0.4812405983784639
797767,0.9949010298784351
797768,0.8989886051353779
797769,0.9953838848670851
797770,0.9118658707687876
797771,0.9976787965007738
797772,0.16299337456276555
797773,0.99997871578253
797774,0.8332709013448307
797775,0.7644326951619762
797776,0.9999823525893048
797777,0.40716128689331477
797778,0.9955726542593077
797779,0.9998455151823602
797780,0.006481876729340615
797781,0.9998145218535416
797782,0.09387061160131752
797783,0.9998688027016274
797784,0.7803512452166547
797785,0.9877494597567006
797786,0.53733809213973
797787,0.9964394977323814
797788,0.24901715960278198
797789,0.9547456245648527
797790,0.9602820945732083
797791,0.43796287140392226
797792,0.997281184305374
797793,0.9985013235665989
797794,0.6781573979506434
797795,0.9999858741673877
797796,0.008604603608412762
797797,0.9497843288229657
797798,0.989465869169029
797799,0.01415939450952629
797800,0.029820572806784143
797801,0.7974032782580913
797802,0.20713581047181184
797803,0.3818692793156575
797804,0.9905379046532572
797805,0.9999380773928752
797806,0.9998871456195877
797807,0.720097605342333
797808,0.9928468122344651
797809,0.9090048529118996
797810,0.6137332671789227
797811,0.7043376147163505
797812,0.8127523291865233
797813,0.08475480409437966
797814,0.9734668304500484
797815,0.44507850639834756
797816,0.9073978484991525
797817,0.5340421003740998
797818,0.7498040000244797
797819,0.02859221297322689
797820,0.9997837200388955
797821,0.9997458238718548
797822,0.8062533347478
797823,0.3005989026527177
797824,0.9981236028415671
797825,0.06427617348947733
797826,0.9940489713846725
797827,0.9998470174107925
797828,0.9980754584216209
797829,0.9998835372364313
797830,0.9204563702441684
797831,0.08008571018076545
797832,0.9976948591565291
797833,0.9964998508755346
797834,0.9998188614607529
797835,0.9977765314615061
797836,0.2620610793094521
797837,0.9986953366730716
797838,0.8786370461494937
797839,0.9993255597872909
797840,0.4348288744841055
797841,0.03078540200980319
797842,0.4675362634944046
797843,0.22530829779564582
797844,0.9995634443849035
797845,0.7274950277152408
797846,0.9999013479343359
797847,0.9984001823447813
797848,0.1132157761096716
797849,0.9991904944770915
797850,0.9916553589003798
797851,0.9999884822163783
797852,0.9799240372220934
797853,0.9997906051818493
797854,0.030344125685093162
797855,0.9892405183535377
797856,0.3157212845821931
797857,0.9979177735243074
797858,0.0696677253609008
797859,0.2570736895920348
797860,0.23479719602065102
797861,0.6710952292072492
797862,0.9995013883859356
797863,0.968392019694145
797864,0.6991456145640471
797865,0.15292927088602173
797866,0.8108738975150559
797867,0.9999727541459147
797868,0.998276544445642
797869,0.928636165865562
797870,0.9975291597148704
797871,0.5552638729416203
797872,0.9849901893555213
797873,0.9643288701431392
797874,0.9999259304784962
797875,0.7486432258160672
797876,0.8775528531660457
797877,0.9780783916655591
797878,0.9993704381095825
797879,0.9549926701297455
797880,0.999898980923214
797881,0.9075088119997764
797882,0.9997343539767389
797883,0.999227749294738
797884,0.9853902794149072
797885,0.8307159470333141
797886,0.9997792674163396
797887,0.9388171821571117
797888,0.0039798314283562945
797889,0.6601155316562115
797890,0.02100267162473944
797891,0.9984566777626398
797892,0.017353620899702778
797893,0.9262240276369915
797894,0.9997268616450836
797895,0.21185493497562913
797896,0.3491387433504092
797897,0.9877367313843757
797898,0.4555444029439082
797899,0.44633013908801605
797900,0.9375000797685114
797901,0.6777862386447886
797902,0.6446694724097584
797903,0.9994669418827291
797904,0.9987454808967032
797905,0.45608855180964153
797906,0.0646484889986123
797907,0.9760535424785682
797908,0.3124413505790597
797909,0.037331801496058636
797910,0.9880078830937955
797911,0.6009434985504842
797912,0.46046107607962405
797913,0.6987214416916997
797914,0.9993277271189597
797915,0.9981306989526237
797916,0.996659721964884
797917,0.9946402957171596
797918,0.06766857250962749
797919,0.99827796137322
797920,0.8520542752808029
797921,0.973344068711983
797922,0.9802567901125646
797923,0.9960777219673825
797924,0.0711181367509668
797925,0.9991755295269605
797926,0.999857306486649
797927,0.8900933178463608
797928,0.963161607657727
797929,0.28255531359255
797930,0.9995819818004991
797931,0.9990327268862607
797932,0.22890014911510315
797933,0.6841158311567894
797934,0.8176346388038463
797935,0.6279699090381249
797936,0.5328724094159752
797937,0.03291348138773297
797938,0.9726709380107232
797939,0.9998068420072677
797940,0.8146044546768332
797941,0.9963301369140005
797942,0.986375414764868
797943,0.9881296796922309
797944,0.013300634889066593
797945,0.5644792192630919
797946,0.16441513806727048
797947,0.4589991895451032
797948,0.9997750398322716
797949,0.9794932058852307
797950,0.9970652453678195
797951,0.9931791123028046
797952,0.9981947052206579
797953,0.9999577835579165
797954,0.9786438145694492
797955,0.7537749726683904
797956,0.9984072548030255
797957,0.9789929103695572
797958,0.9998874829427038
797959,0.423207660390701
797960,0.9999277057783942
797961,0.08176839895255572
797962,0.7890943079563828
797963,0.7391746111645299
797964,0.1660480518479915
797965,0.998886326868341
797966,0.9981379853815353
797967,0.7247057332846212
797968,0.9999607031769504
797969,0.9945506314722605
797970,0.26828380088337844
797971,0.04517453957641339
797972,0.9979004348650673
797973,0.9990900319180055
797974,0.809684563809508
797975,0.9996162870769092
797976,0.09438067732057803
797977,0.8682626942966568
797978,0.3581679958831349
797979,0.0610374081474231
797980,0.6469487231191768
797981,0.7862353743045339
797982,0.9878992348927308
797983,0.04367995458369157
797984,0.3179560190941323
797985,0.998402517964821
797986,0.9342291546871959
797987,0.9699167928420489
797988,0.998709710655186
797989,0.23228184792878603
797990,0.9997021993238695
797991,0.9998757440678668
797992,0.3159497053081592
797993,0.5356822155075204
797994,0.9420771137005
797995,0.9920326185829198
797996,0.9256761870734994
797997,0.9411856665278591
797998,0.03408208309932203
797999,0.9779195907169865
798000,0.19493947327726882
798001,0.9982403094989101
798002,0.7225108349454299
798003,0.5579411119588302
798004,0.9995838664518153
798005,0.10761591265648146
798006,0.9999149037292334
798007,0.9751982645778673
798008,0.5609648417125407
798009,0.94578356420698
798010,0.999895667388073
798011,0.8440635653857496
798012,0.9995460770912269
798013,0.9886736422656345
798014,0.999924557753018
798015,0.9799880030973808
798016,0.9027958517882861
798017,0.9993897292482534
798018,0.9936820102164696
798019,0.9965189525480878
798020,0.0015619200617980385
798021,0.9926444196712881
798022,0.9949468293500907
798023,0.9999328554378009
798024,0.9986392458439761
798025,0.9998021702978868
798026,0.9964717995935801
798027,0.08245208197939471
798028,0.5460861139569049
798029,0.5957446817354652
798030,0.20294592251634316
798031,0.23999736828163587
798032,0.9816796146793327
798033,0.9994559713431288
798034,0.7435655049530767
798035,0.9971803597671748
798036,0.7702558745138903
798037,0.9992803112327273
798038,0.9999671816045395
798039,0.9980053083654028
798040,0.7919381928659851
798041,0.9907388012806171
798042,0.9933787160791153
798043,0.1446737839668451
798044,0.9976075668556859
798045,0.8057842262467576
798046,0.14530854170477742
798047,0.24608872124510758
798048,0.9864878513389344
798049,0.45138455341439043
798050,0.7962531810240533
798051,0.8465501696193161
798052,0.952426332065581
798053,0.49652240963074573
798054,0.9998900581403423
798055,0.6446180432796763
798056,0.743348325880713
798057,0.1633316961598611
798058,0.5418608655973433
798059,0.9993123449318513
798060,0.22555689552640118
798061,0.14492184837495584
798062,0.02488004827121372
798063,0.9998789636913459
798064,0.9232189993381598
798065,0.9881054824997256
798066,0.9872019343696676
798067,0.1790123077205762
798068,0.9974472555653325
798069,0.23917132861909923
798070,0.9998082579062995
798071,0.6921296389724332
798072,0.12809772346220488
798073,0.9996497087385702
798074,0.9937828147130339
798075,0.08130226977084966
798076,0.9997893280613535
798077,0.2934068075678128
798078,0.9984033912502484
798079,0.046692386779013544
798080,0.9992234568249246
798081,0.9965356581375736
798082,0.22001625472961722
798083,0.2724187136543207
798084,0.0049761914385191295
798085,0.9999776293501277
798086,0.9971807999706676
798087,0.0019263197312730652
798088,0.7311148219471554
798089,0.029389478293293286
798090,0.13768058389345803
798091,0.08119526535653386
798092,0.9981463587102084
798093,0.2695856262923009
798094,0.9990075470805203
798095,0.9983128453916814
798096,0.07327661527816917
798097,0.08021269580193215
798098,0.7859343243405243
798099,0.9439791924487597
798100,0.9627552304737887
798101,0.04762773788303671
798102,0.9996180599744523
798103,0.9980980350474284
798104,0.9995465873094005
798105,0.8571505208662157
798106,0.49737459851600835
798107,0.8425102501020039
798108,0.39901353435479736
798109,0.14794949008561778
798110,0.999603159595157
798111,0.6930538538908183
798112,0.9999194008879684
798113,0.369518739893412
798114,0.9665535173545888
798115,0.999488093020854
798116,0.9961667792724047
798117,0.0035792661504222105
798118,0.18395425571803098
798119,0.9167722681045686
798120,0.8549116665973995
798121,0.999959678364399
798122,0.4918122226877103
798123,0.999273692206099
798124,0.07193637163978825
798125,0.6162390449736237
798126,0.4861682218757533
798127,0.9914403254185385
798128,0.6303878320955835
798129,0.09663876101269826
798130,0.999889695401911
798131,0.9428923256071646
798132,0.9883370366998597
798133,0.5415521808022404
798134,0.05050138846249952
798135,0.563648682734968
798136,0.9996011607094304
798137,0.9892014470565452
798138,0.8152574511732512
798139,0.9903142056706477
798140,0.9986093123487927
798141,0.9328358810250308
798142,0.9999659005283745
798143,0.9257909813912204
798144,0.9993420927581615
798145,0.3799519682137572
798146,0.008640904558958521
798147,0.9994867189226677
798148,0.9998288119223879
798149,0.0677635974773855
798150,0.33977640774662854
798151,0.13079927800160773
798152,0.12573686849798213
798153,0.9861058654578412
798154,0.6723694549080396
798155,0.4647127283921234
798156,0.619480073302969
798157,0.9997231452215626
798158,0.9996795310889661
798159,0.2456503923379889
798160,0.9999103947757124
798161,0.9893159613398379
798162,0.9997018315004847
798163,0.6359905659227281
798164,0.9998218566376814
798165,0.206779438986901
798166,0.9788281654540124
798167,0.988100596578602
798168,0.9996192446334545
798169,0.3490683168129799
798170,0.11718355617639878
798171,0.9999840598192017
798172,0.358635022265267
798173,0.9476726138425787
798174,0.981727471416924
798175,0.9936517615193828
798176,0.11167016121759704
798177,0.9995563302633036
798178,0.23618461147765138
798179,0.5599837055712452
798180,0.2172466916847713
798181,0.999955400072827
798182,0.8528661892101094
798183,0.7487116480704422
798184,0.8967403707444119
798185,0.752929841462209
798186,0.4711698472749603
798187,0.774382510525113
798188,0.15165266706508548
798189,0.9575793112951717
798190,0.9855261334886457
798191,0.7286304723514874
798192,0.1100616776638643
798193,0.9958390044669241
798194,0.9995952334824103
798195,0.8660077322956581
798196,0.9893209131720291
798197,0.8933107351636635
798198,0.15661299183714003
798199,0.013968986741866859
798200,0.9970670551793184
798201,0.06186182044529706
798202,0.9998448964090675
798203,0.9999011778319657
798204,0.9987965641668607
798205,0.04552864928621928
798206,0.996058284947383
798207,0.006040808502409882
798208,0.8033661962861876
798209,0.9995777898008142
798210,0.9292440334810186
798211,0.41331633375927324
798212,0.998681119283407
798213,0.2829958659742959
798214,0.9981922625552472
798215,0.99987449671426
798216,0.9999918414995908
798217,0.7619188161404364
798218,0.03548413221616294
798219,0.7692911366086823
798220,0.3579127624913012
798221,0.026826458275539665
798222,0.7640304919232463
798223,0.995687118395959
798224,0.9090148185317082
798225,0.5008719235913475
798226,0.9997617387779281
798227,0.7500856674807883
798228,0.9997034553135622
798229,0.9876978745996046
798230,0.12505253344520273
798231,0.9999836929439372
798232,0.86051508800925
798233,0.9877549414705359
798234,0.6176035814482708
798235,0.9999222958427212
798236,0.9999296447471401
798237,0.9885903316556884
798238,0.999901705775475
798239,0.9963598154152191
798240,0.46563969129290195
798241,0.9998456804021867
798242,0.9788480087332962
798243,0.9343523487470595
798244,0.9995634023918816
798245,0.6683662740804859
798246,0.019010630141242733
798247,0.571125843135581
798248,0.9996166755516444
798249,0.016505796323576093
798250,0.9999864408092923
798251,0.581820453481569
798252,0.5647752716785405
798253,0.9670734655923552
798254,0.40033068163108965
798255,0.9938348571749549
798256,0.269145218369286
798257,0.9993909414801705
798258,0.9998732718668242
798259,0.9992088692157742
798260,0.9865166590024715
798261,0.27291732819823783
798262,0.9823879338722852
798263,0.9988608656400788
798264,0.5119466654423117
798265,0.9994155023890511
798266,0.9997204418464596
798267,0.04831774561619326
798268,0.8648696023329963
798269,0.9995803189833274
798270,0.9999147742588455
798271,0.999896818726904
798272,0.9990454572351919
798273,0.07224047590573575
798274,0.9997718533344002
798275,0.04615030363938647
798276,0.23699664903652723
798277,0.7810093287546073
798278,0.999988509853224
798279,0.9998664271691724
798280,0.007569538318414674
798281,0.9998354065071057
798282,0.889449936420591
798283,0.011217573767687268
798284,0.9659148463698279
798285,0.6491201684558529
798286,0.46291157430207863
798287,0.9990105172492589
798288,0.999760518046697
798289,0.9021313279805899
798290,0.031176205405313448
798291,0.8512131384448289
798292,0.9744222699995476
798293,0.9984806448308826
798294,0.9998495434047936
798295,0.09360409503335557
798296,0.12170113428649626
798297,0.9777915148207109
798298,0.9997845961138075
798299,0.9960344277821461
798300,0.22506973939594813
798301,0.3158435767362127
798302,0.97338755948963
798303,0.9984594719152724
798304,0.9989691921603352
798305,0.09308360181889797
798306,0.7509280753401567
798307,0.174828402204829
798308,0.49657282560155436
798309,0.9982255683805694
798310,0.9977006513339373
798311,0.8814295592201173
798312,0.9998035119361408
798313,0.9853874272682477
798314,0.01994056115421571
798315,0.9999790135548595
798316,0.9907391642552353
798317,0.0205387984050201
798318,0.9970051308013558
798319,0.9029301925692215
798320,0.09782328338848631
798321,0.04749684645118392
798322,0.3600885350259491
798323,0.09518073940377728
798324,0.9734229054739486
798325,0.9957260851407252
798326,0.7766615890939235
798327,0.9996298414247113
798328,0.9784937752153773
798329,0.3321692074500347
798330,0.9999583566993808
798331,0.9418538500309535
798332,0.7650218234657858
798333,0.007471269056633542
798334,0.6748856103625716
798335,0.047674065714096193
798336,0.38094156906248516
798337,0.9999776179190369
798338,0.9187199963562823
798339,0.9967328210281907
798340,0.997603278564082
798341,0.9878366608819947
798342,0.9978239697143847
798343,0.9998926879811636
798344,0.49371295016362476
798345,0.012647446688958265
798346,0.9998466966904096
798347,0.9976783436310844
798348,0.003656827593784061
798349,0.9997659812048831
798350,0.518124607186904
798351,0.05919293078323972
798352,0.48770686950732517
798353,0.11038823148945798
798354,0.5829933350112096
798355,0.025392320721278266
798356,0.14411525180720042
798357,0.9992546807218747
798358,0.9999704924670761
798359,0.9991545014583668
798360,0.9998896479977164
798361,0.9913860420598513
798362,0.9985942820747301
798363,0.9991175681166269
798364,0.012364144667969697
798365,0.038380112008602515
798366,0.9948459624638396
798367,0.22609869895035994
798368,0.9194060688802967
798369,0.8869448951483523
798370,0.9910945979226418
798371,0.6202381899443006
798372,0.2480160297921399
798373,0.7215227685116763
798374,0.9999608240480233
798375,0.4326775351365427
798376,0.9961828910564551
798377,0.9994671622763983
798378,0.24403063712666054
798379,0.9988673800617816
798380,0.9999819652822386
798381,0.04260768033124482
798382,0.9999848589817231
798383,0.0958216105447883
798384,0.9999750595498832
798385,0.06171600457545374
798386,0.09400415777787086
798387,0.9214022894286488
798388,0.6131854485901126
798389,0.9998225234388822
798390,0.962185686215138
798391,0.9996619312835466
798392,0.9996650546488475
798393,0.013643913246094774
798394,0.9999220603615291
798395,0.2314720678049135
798396,0.24470107473990227
798397,0.9972991683930374
798398,0.9997947817402342
798399,0.7209596541103932
798400,0.9998246850543936
798401,0.9999552777736238
798402,0.9904226621938752
798403,0.9995837303751438
798404,0.9952890728150131
798405,0.12737758809590038
798406,0.9807954098472158
798407,0.9997001049564482
798408,0.8165088019352031
798409,0.9943549082817621
798410,0.7423556483252015
798411,0.9995910816746237
798412,0.057595699620046945
798413,0.9933124085285826
798414,0.9999606440915065
798415,0.9246742909985195
798416,0.45315403882561184
798417,0.9843796178086329
798418,0.011891423862021144
798419,0.18173379448712154
798420,0.9969076694899457
798421,0.9995965672506415
798422,0.9449523369517219
798423,0.3264445677251091
798424,0.8724139395438797
798425,0.938378927659654
798426,0.7904229390425054
798427,0.5415110181191238
798428,0.6544580208019688
798429,0.9967200607769929
798430,0.9216425755345934
798431,0.26743346948543417
798432,0.9981686574772435
798433,0.9996535990554793
798434,0.9998313530779235
798435,0.999925433551329
798436,0.6853171131964654
798437,0.9399326466441839
798438,0.9989128106453475
798439,0.5485179783387231
798440,0.9667144246731944
798441,0.005825012791297353
798442,0.08295581576139252
798443,0.06845215644140908
798444,0.5429247930283578
798445,0.9983248173976356
798446,0.9999671210475896
798447,0.45849520249645614
798448,0.9944448192019517
798449,0.9998228838848968
798450,0.9995126071740379
798451,0.03334481071068238
798452,0.9990451649552554
798453,0.33020569797078136
798454,0.9292444402247634
798455,0.9937447070950172
798456,0.9983317544525605
798457,0.99991970938392
798458,0.0863381892451804
798459,0.0032577385239996037
798460,0.21593063459990144
798461,0.8019604879113313
798462,0.9972823709975988
798463,0.23260386712630787
798464,0.9998572888858575
798465,0.9803409988980807
798466,0.0014950044003876905
798467,0.997216920328731
798468,0.9982157871139156
798469,0.999902064692
798470,0.09616282796985477
798471,0.999587115407623
798472,0.9978347663646928
798473,0.023975676127773623
798474,0.959852208377322
798475,0.9998175931720075
798476,0.9980641684657607
798477,0.9139715038504755
798478,0.5102400810735359
798479,0.9999348596382734
798480,0.219949002230777
798481,0.6384598724919662
798482,0.9907648865523284
798483,0.08720422859478794
798484,0.9818181057927716
798485,0.9994337883969024
798486,0.9994979801765034
798487,0.9917226139601081
798488,0.9697038520538854
798489,0.8194027977151577
798490,0.31454960531651466
798491,0.30803739426915777
798492,0.9996419876928188
798493,0.9923364352356044
798494,0.995607740752576
798495,0.1527284327813509
798496,0.9981320103399252
798497,0.2467286157552683
798498,0.9859693977498312
798499,0.9934674415046023
798500,0.7993056533819429
798501,0.5015764527800503
798502,0.9974039479086927
798503,0.2723633423427567
798504,0.9729008708708771
798505,0.9999859375148963
798506,0.9993375177164976
798507,0.003511648316111768
798508,0.5910899100484929
798509,0.9541983237332552
798510,0.9634346293636047
798511,0.5751276904624135
798512,0.9900603598630582
798513,0.7087923338665935
798514,0.8091280301962056
798515,0.9995028494834336
798516,0.7992718047693897
798517,0.999545744251882
798518,0.06617258219677304
798519,0.23582338662182695
798520,0.23693284402665482
798521,0.19934651559567518
798522,0.7685624402064404
798523,0.5103629810880163
798524,0.9990266174024309
798525,0.026264702331309984
798526,0.28900758683181366
798527,0.017884113274897206
798528,0.9989612309432098
798529,0.9998746898865425
798530,0.9882905587262583
798531,0.9863371483326735
798532,0.9879911653942564
798533,0.9899632523495638
798534,0.5890505497401366
798535,0.06533533217410799
798536,0.9107433175469846
798537,0.9996815021425853
798538,0.9988624249701151
798539,0.5179663813460917
798540,0.9722480754333176
798541,0.12151559563064954
798542,0.9414586342615419
798543,0.8545626002527105
798544,0.03720707888855796
798545,0.5601727856397697
798546,0.7905406033930256
798547,0.9860422628497774
798548,0.8006774547001819
798549,0.9873880636670619
798550,0.999480624103454
798551,0.910514900806008
798552,0.9998258692835367
798553,0.8682497616673013
798554,0.9975854349079556
798555,0.45317993231143644
798556,0.9998301996549196
798557,0.5606239467543391
798558,0.9970211368393984
798559,0.36237493125267195
798560,0.9994188260823841
798561,0.9671436449600771
798562,0.9323744849544424
798563,0.9999469766035718
798564,0.8412569358714646
798565,0.5337199732377194
798566,0.9619667290463599
798567,0.9997819068513325
798568,0.9999590412706023
798569,0.9997306711992602
798570,0.9848804957970906
798571,0.4140613501564674
798572,0.9241389287894274
798573,0.9809241809565732
798574,0.43065162946492297
798575,0.6112005711231865
798576,0.9933773551866325
798577,0.05693904521274602
798578,0.9939183840615318
798579,0.9975493874940136
798580,0.23768357708220567
798581,0.028939938444653736
798582,0.9999046127487892
798583,0.9998372242213103
798584,0.677342243140246
798585,0.9971132953927524
798586,0.981807683235072
798587,0.9995367788527321
798588,0.867943884928894
798589,0.9979146977699913
798590,0.6869271523221261
798591,0.36692067883168517
798592,0.9880750772338881
798593,0.9958138438972335
798594,0.968346984580301
798595,0.6848639080841037
798596,0.03755903870544093
798597,0.01740039924401246
798598,0.8059057118372817
798599,0.027243342340474846
798600,0.0334030070657605
798601,0.3861835360572929
798602,0.9996605390143193
798603,0.12887934992955036
798604,0.8454756140145304
798605,0.16269056245549013
798606,0.9998227986732344
798607,0.9995088234438831
798608,0.008631156760621705
798609,0.9999225593666295
798610,0.9996543602632297
798611,0.9103273075327465
798612,0.9995897423295661
798613,0.058366108262223965
798614,0.08199373435640832
798615,0.9980303928942396
798616,0.1394785377855408
798617,0.5502710338172382
798618,0.99879172506814
798619,0.01769073684776065
798620,0.998696517517357
798621,0.9999022799467661
798622,0.5873228380449745
798623,0.9633468273691409
798624,0.7719593617462785
798625,0.9988906864235143
798626,0.9934631075647862
798627,0.5639714919306613
798628,0.999913091685261
798629,0.9998114236904232
798630,0.9947108271468701
798631,0.9989884946554762
798632,0.6577079895207351
798633,0.9906358261062451
798634,0.996738220922646
798635,0.9865063875292956
798636,0.6046699060090521
798637,0.9999931804070519
798638,0.004577246483275787
798639,0.9657482294714299
798640,0.2706792133066029
798641,0.19194822912141593
798642,0.9999654554998427
798643,0.999282059023253
798644,0.7592521893242132
798645,0.7255103517142589
798646,0.9998246321798341
798647,0.7587964616319547
798648,0.04643053289940183
798649,0.9922204260220898
798650,0.9995737100949426
798651,0.9706405235167054
798652,0.9397143353176352
798653,0.9177184112751848
798654,0.9835562758998961
798655,0.1882850587573019
798656,0.9671682884368206
798657,0.7371265025040392
798658,0.9992951586292556
798659,0.016846602845947974
798660,0.7171505307191354
798661,0.9905330984259668
798662,0.3244180586168065
798663,0.9464344256693036
798664,0.9971832219023014
798665,0.9997085928354903
798666,0.9997911195434791
798667,0.9075934218527334
798668,0.9906762932035387
798669,0.8921266089967818
798670,0.15545250529746502
798671,0.011624741849520764
798672,0.21007855332212244
798673,0.6630662934783346
798674,0.01722829939753372
798675,0.6615798278329055
798676,0.059465387308157674
798677,0.4969307737113623
798678,0.9982311415830538
798679,0.9970431922514701
798680,0.1921160791400866
798681,0.2113693141152941
798682,0.6716334578984069
798683,0.7658566842759853
798684,0.9995613943277744
798685,0.9994544593345625
798686,0.6590460341335452
798687,0.15542537909814183
798688,0.8838356078695304
798689,0.6269165724022875
798690,0.995552593641162
798691,0.43597828988885895
798692,0.9995472736094477
798693,0.012569899693889655
798694,0.5180027653102958
798695,0.8985535838295329
798696,0.9998081269997973
798697,0.45565989894016823
798698,0.9995991338102533
798699,0.9987301291783539
798700,0.17067383988305515
798701,0.7887988896238758
798702,0.1297751801505743
798703,0.9996971623902556
798704,0.9649057158625388
798705,0.5338501451437107
798706,0.9974903182900055
798707,0.8164779112853269
798708,0.9998837719514535
798709,0.34666873014632515
798710,0.37942491026301955
798711,0.7873642953430635
798712,0.9997714502608857
798713,0.9968130405271903
798714,0.042290665263195915
798715,0.9977837670045755
798716,0.9994884071782837
798717,0.9981016019752047
798718,0.506178301038769
798719,0.9999570679036452
798720,0.9979171687164348
798721,0.9999372228067378
798722,0.4430171097845711
798723,0.38378859467601795
798724,0.9990223064314172
798725,0.976178207487314
798726,0.9956533829624334
798727,0.9996023335850679
798728,0.1264246286301571
798729,0.014283600443713598
798730,0.922563710999408
798731,0.967059977555736
798732,0.7273880563153674
798733,0.8865953934355331
798734,0.9993778369470547
798735,0.5737145201030265
798736,0.324005987319836
798737,0.12358679490989995
798738,0.05806561036995863
798739,0.26984634105408234
798740,0.9995518974436379
798741,0.04259114314539495
798742,0.9999465630399318
798743,0.9981319878943093
798744,0.009490719082387328
798745,0.2176862560330467
798746,0.7200600109133317
798747,0.09194353286869533
798748,0.29967759000012806
798749,0.8488599418492615
798750,0.9584563880712385
798751,0.9796999021675326
798752,0.999758136332707
798753,0.9999298134211048
798754,0.9939953398653851
798755,0.9961074567736177
798756,0.9967501725489585
798757,0.9997034811720982
798758,0.15575661415706038
798759,0.9030739144734593
798760,0.9988241873615827
798761,0.9999252272469648
798762,0.9666508614667878
798763,0.5070752757078635
798764,0.9903404328970864
798765,0.9692480388252952
798766,0.9931794638288549
798767,0.24882361860339738
798768,0.8986156219406831
798769,0.9997638895386173
798770,0.7637900173981731
798771,0.03208894427231427
798772,0.026051583472804837
798773,0.9996973809264054
798774,0.3395774437566519
798775,0.9997189795828473
798776,0.9963114537262061
798777,0.9917445374214133
798778,0.8317595538810031
798779,0.9988567437915975
798780,0.056008652170529236
798781,0.9893522803295942
798782,0.4305641168131152
798783,0.2914268159098071
798784,0.8595555007287807
798785,0.9996106239989349
798786,0.8207798610340247
798787,0.9295499332611707
798788,0.550567027558166
798789,0.9988539900994535
798790,0.9940150114348116
798791,0.999518139015966
798792,0.9995372274507042
798793,0.9945081255522604
798794,0.9850161157034367
798795,0.8748092336267023
798796,0.1782727670606407
798797,0.7687895984873937
798798,0.20588585221018196
798799,0.014907242553126945
798800,0.7581960993925787
798801,0.1475710708187999
798802,0.9999864765716562
798803,0.5193862079144845
798804,0.9983083880406736
798805,0.8264936067708795
798806,0.030718196535453247
798807,0.22593512036903063
798808,0.9996233218002892
798809,0.21546098464743574
798810,0.9995624922809767
798811,0.1473273149062462
798812,0.8909881919111047
798813,0.09110706119472661
798814,0.8014494846672846
798815,0.9993291919275339
798816,0.9747314678733578
798817,0.9505999340698619
798818,0.9997524103997149
798819,0.999852293872052
798820,0.9985865258109002
798821,0.9794582037777341
798822,0.9994471058978579
798823,0.999514571301699
798824,0.08887551264265593
798825,0.9999580478218283
798826,0.45990937829065104
798827,0.5877086654523881
798828,0.997774016889678
798829,0.01643675956242409
798830,0.40941952782784485
798831,0.39522530953697804
798832,0.9712618026371884
798833,0.8799378307675786
798834,0.9803615713477649
798835,0.031577196234420575
798836,0.9900204558500836
798837,0.8258233915514461
798838,0.9993897469368603
798839,0.25037578750931966
798840,0.06124410254699066
798841,0.08056752282265578
798842,0.9997792688216687
798843,0.9645034503313089
798844,0.7475920830412747
798845,0.9959207180587937
798846,0.999388182926002
798847,0.9985308407698132
798848,0.079251713555379
798849,0.8221097949436682
798850,0.9995734382163133
798851,0.9964739220469035
798852,0.949370892615725
798853,0.9836659220436221
798854,0.7927764999848488
798855,0.99989668719052
798856,0.9816521602848476
798857,0.49822849694197385
798858,0.723165104143485
798859,0.18233768624598118
798860,0.6652097835535838
798861,0.9984266430160639
798862,0.9994698855952818
798863,0.8173472777604689
798864,0.999547641740341
798865,0.9997349580538772
798866,0.03003607326586711
798867,0.997922814508406
798868,0.5771118340850245
798869,0.9961957627384348
798870,0.03556127824748431
798871,0.9965413841778167
798872,0.9995312785371195
798873,0.9955090269802522
798874,0.9995568408023376
798875,0.9920331375335683
798876,0.8385570506489883
798877,0.004532806009718229
798878,0.9993032833265862
798879,0.941873611517249
798880,0.7361997907232054
798881,0.999939045084845
798882,0.9997132337327751
798883,0.4037488471235654
798884,0.9998867528090258
798885,0.015645499962580606
798886,0.4161975582259725
798887,0.9495705091063649
798888,0.8446073238248261
798889,0.9971406652154623
798890,0.052807683557711205
798891,0.9902229599670758
798892,0.8232245545587131
798893,0.9950555326064421
798894,0.5699996958024091
798895,0.04985322808443414
798896,0.992084213478559
798897,0.7726051990851858
798898,0.6205320988002605
798899,0.9873312458447874
798900,0.540298986781618
798901,0.010640795392887772
798902,0.7498794830005099
798903,0.9695510048362819
798904,0.9999310194441487
798905,0.14366670261084694
798906,0.25765148269963484
798907,0.9998929773474554
798908,0.9997800827461744
798909,0.9991838675217852
798910,0.9999930120808254
798911,0.7437960153975389
798912,0.583508283255734
798913,0.1970695197964127
798914,0.0077278015990486755
798915,0.9999612726121901
798916,0.9991859331060817
798917,0.998537551556389
798918,0.978953775775452
798919,0.9997164769545153
798920,0.9993999346994977
798921,0.9191686218808802
798922,0.0039856794643269985
798923,0.9966782510860477
798924,0.920057281341069
798925,0.9988335855191791
798926,0.8912070465881
798927,0.9965163884255244
798928,0.9880587934814677
798929,0.1422895355567025
798930,0.9858807301308077
798931,0.9954315890293037
798932,0.09388765321380418
798933,0.999802612196958
798934,0.9849110885311233
798935,0.969384381290336
798936,0.25764791128136855
798937,0.9974954462333288
798938,0.9456024349591272
798939,0.9919768255015612
798940,0.19495702136874576
798941,0.9751842573847355
798942,0.999919468418078
798943,0.6017589549905256
798944,0.02467187670900447
798945,0.9999836432531888
798946,0.156153945962699
798947,0.9995050328002735
798948,0.9995458952451841
798949,0.4730385218506675
798950,0.9998868116644638
798951,0.6990490720604228
798952,0.9998023684027254
798953,0.870338904169225
798954,0.9996155601134227
798955,0.7459139671261747
798956,0.9375706834070834
798957,0.9995163082108691
798958,0.9693940641577354
798959,0.9991954239288298
798960,0.9992807206766247
798961,0.9933542856119675
798962,0.04559621513287758
798963,0.8264559961323746
798964,0.9989454624242655
798965,0.010184052324978293
798966,0.9722357937051572
798967,0.9992496969315552
798968,0.8338020307174117
798969,0.8702131506410367
798970,0.6342922110016376
798971,0.9998822427500553
798972,0.33418214678543656
798973,0.9914472610095522
798974,0.9859009774348191
798975,0.8690644777110155
798976,0.9998946107706181
798977,0.08826011412004818
798978,0.9726250931448892
798979,0.9903094948348827
798980,0.9998630111754315
798981,0.5526849176774569
798982,0.7684473365176405
798983,0.9999164839520496
798984,0.9996274717826457
798985,0.9996082998287861
798986,0.7824951638118199
798987,0.8070384783716302
798988,0.9782100015999403
798989,0.03724804147358497
798990,0.6789324731966675
798991,0.999987019699264
798992,0.9990739154502782
798993,0.9967001787661196
798994,0.9582196885304911
798995,0.9997438440796145
798996,0.2488201207873048
798997,0.9567173990071536
798998,0.047073049715370574
798999,0.08990797049041666
799000,0.4361855713192235
799001,0.5880494058625639
799002,0.24068540434970165
799003,0.9767503718076775
799004,0.027701229659055852
799005,0.8289115538456329
799006,0.9976842177018019
799007,0.9832777659443992
799008,0.9962849746599104
799009,0.977297181130852
799010,0.9085047114779471
799011,0.015388529662159495
799012,0.969678074939977
799013,0.8777025082376143
799014,0.9998289082985883
799015,0.9991526667137228
799016,0.039721652084779645
799017,0.022658357140942588
799018,0.28939293593008597
799019,0.021696525398121034
799020,0.4559240042593651
799021,0.023419193670009043
799022,0.09219320474622722
799023,0.9986842076562961
799024,0.9688712399719759
799025,0.9678616512820774
799026,0.027443180468509833
799027,0.3105828912564943
799028,0.88838693696664
799029,0.4007317108622005
799030,0.4045597678691116
799031,0.14323943245162013
799032,0.008428089986735452
799033,0.13961492953872195
799034,0.694444726991397
799035,0.9996050981795903
799036,0.9946623721064797
799037,0.9889180145140543
799038,0.5889841773641296
799039,0.799274206397055
799040,0.11501437325925193
799041,0.031929912057101655
799042,0.2397031922178948
799043,0.9953007340888549
799044,0.014267517405921224
799045,0.995656822116427
799046,0.2497820268354247
799047,0.030744850740470276
799048,0.9987230614040966
799049,0.9994618132627349
799050,0.9995993605441131
799051,0.9994717045423808
799052,0.4226898416751323
799053,0.02698834881283535
799054,0.5101679603077518
799055,0.8012079274917214
799056,0.3363316262086494
799057,0.5689925725276116
799058,0.9998908793720648
799059,0.5111768804564742
799060,0.9979689862368681
799061,0.9998039676125876
799062,0.20667713496664766
799063,0.1998113369125142
799064,0.6009669681256591
799065,0.9995647673523678
799066,0.999912003724688
799067,0.9998374269071411
799068,0.9998410002895466
799069,0.4017776726589437
799070,0.611635558873199
799071,0.9991001463291309
799072,0.9998111535630531
799073,0.9895750750679478
799074,0.3592628313155949
799075,0.4327135387796805
799076,0.9996878118362487
799077,0.1368628745533699
799078,0.9464799673556498
799079,0.9946520745545624
799080,0.7107835017184063
799081,0.9947173974036786
799082,0.9997854975934205
799083,0.1730334653810745
799084,0.997762264392022
799085,0.9988973680898103
799086,0.9978188327097663
799087,0.6193721441150608
799088,0.9332814408192889
799089,0.6693794461221152
799090,0.9967329026887768
799091,0.9844455558626207
799092,0.5397585773486118
799093,0.999294336479341
799094,0.9999270272506917
799095,0.9824583074828315
799096,0.9914179435966912
799097,0.8068251449476072
799098,0.9399409353668698
799099,0.8485358073088831
799100,0.9507842738268031
799101,0.013466298325249502
799102,0.08012601329580732
799103,0.928815811387271
799104,0.3427126201972099
799105,0.9979028584969413
799106,0.07408180035390188
799107,0.761627866544706
799108,0.09970200353372159
799109,0.9993826736507897
799110,0.9220103726888706
799111,0.017777698803535497
799112,0.09205458188980173
799113,0.9982342269082387
799114,0.96845479066728
799115,0.9745419568506859
799116,0.34268818357955655
799117,0.11990093059086115
799118,0.014431638412202222
799119,0.9149372870365752
799120,0.6688987957759107
799121,0.6014585660875154
799122,0.999728228286816
799123,0.03771860511659169
799124,0.6202467148869859
799125,0.43115885839606105
799126,0.5327638459496034
799127,0.9425743421639056
799128,0.9999558100073156
799129,0.6660251096572259
799130,0.9794854176086245
799131,0.5479111130157609
799132,0.787275030242656
799133,0.12546639986694594
799134,0.9999098745377788
799135,0.46698523802175484
799136,0.01087164537946869
799137,0.9996386720843125
799138,0.8953339867939236
799139,0.8998255993222377
799140,0.9507650396655526
799141,0.2601700778071382
799142,0.9981298960791591
799143,0.5002354879278823
799144,0.9983562611664454
799145,0.9994466007544447
799146,0.999921348624329
799147,0.7500487439081241
799148,0.3724962053282853
799149,0.32670319534271575
799150,0.9988959522373593
799151,0.9931791129702641
799152,0.05249972541389551
799153,0.9764715986975144
799154,0.6450815759687021
799155,0.769073681266383
799156,0.9676068590547385
799157,0.010007914042222127
799158,0.8662351801916445
799159,0.8387500855623133
799160,0.999956528605605
799161,0.8964969621241701
799162,0.9996526783830009
799163,0.7873245745755938
799164,0.6278729561557078
799165,0.9999458464868616
799166,0.9821270495618634
799167,0.030515650097838923
799168,0.8921144376160544
799169,0.9758306470234092
799170,0.01851066153877944
799171,0.9705413592365607
799172,0.9995131045652678
799173,0.9135144891333109
799174,0.9996194108680897
799175,0.025363912157195696
799176,0.6290139641231248
799177,0.03210650572845234
799178,0.6988810892690684
799179,0.13012092545539597
799180,0.9996587446633047
799181,0.2247248094011935
799182,0.19992709014626675
799183,0.9999515410881812
799184,0.4430229446377241
799185,0.9999763877301718
799186,0.9999913452586587
799187,0.9454718789206558
799188,0.18027683718722293
799189,0.7504940362238193
799190,0.7496608620405709
799191,0.3783027139363011
799192,0.2534801390483448
799193,0.9551415623409198
799194,0.9986226625836016
799195,0.9968714626814155
799196,0.7647698874051974
799197,0.9983325774377396
799198,0.039930642904337336
799199,0.9983491424237291
799200,0.4812503019423809
799201,0.9783771732075128
799202,0.9770329949776138
799203,0.994076821576928
799204,0.3552800960241753
799205,0.07439262763887382
799206,0.05663816236376071
799207,0.9978606056403101
799208,0.9999881397664346
799209,0.9833333688694131
799210,0.999845227994559
799211,0.7937907009905778
799212,0.9999575344465876
799213,0.9999095694107715
799214,0.24901536890266818
799215,0.6567808251998737
799216,0.7377636175113347
799217,0.9998723038920876
799218,0.19214032512072665
799219,0.945849797129594
799220,0.9339305679432743
799221,0.05332045918501545
799222,0.999879308923823
799223,0.45450584067302946
799224,0.0522750836436022
799225,0.8712824048708866
799226,0.8316551654984465
799227,0.9330441726890306
799228,0.9759812393717591
799229,0.8729125266213249
799230,0.9958426171261419
799231,0.10338251533019732
799232,0.992527212309839
799233,0.9999210881417012
799234,0.8136558536686472
799235,0.9999015775228334
799236,0.9993637064421294
799237,0.9528279658882608
799238,0.999622416574729
799239,0.9999939088422087
799240,0.9998853598228647
799241,0.06730527951556184
799242,0.9995066306925573
799243,0.999947978347934
799244,0.07985656849256813
799245,0.8300856860289421
799246,0.21845305287474603
799247,0.9927296264041099
799248,0.9997940573561291
799249,0.9284187474670349
799250,0.9811468586383516
799251,0.9173012334496405
799252,0.9965797780949837
799253,0.9911619362688986
799254,0.36623193834628887
799255,0.9934551968244563
799256,0.10628078980066027
799257,0.9291951221385941
799258,0.9996489425357002
799259,0.8921134656063213
799260,0.9901758180788742
799261,0.9997890653437684
799262,0.999615069060275
799263,0.8111132055466667
799264,0.9155517378468443
799265,0.9995137892194786
799266,0.9983307741762598
799267,0.9913816097265831
799268,0.9999609204927296
799269,0.22540806955988726
799270,0.8374327655667472
799271,0.2239895545846049
799272,0.7767926422942877
799273,0.3332026394276678
799274,0.9979361662815365
799275,0.9778956896405103
799276,0.9999351345776979
799277,0.9842936956739277
799278,0.9946063600556851
799279,0.9992577398464002
799280,0.995728058019465
799281,0.6953317240620435
799282,0.9901919848054995
799283,0.9994763325311053
799284,0.9714321460443592
799285,0.987481305768773
799286,0.999518375045409
799287,0.9997064468080112
799288,0.14138196056869495
799289,0.33899994611095036
799290,0.9991867497849157
799291,0.7737211654710289
799292,0.9841487101121776
799293,0.08769706750599676
799294,0.019946642135603387
799295,0.9999836547360526
799296,0.16749706326941322
799297,0.9999338280484473
799298,0.9911081523926766
799299,0.22602643838205272
799300,0.5826239304481731
799301,0.4198731762798064
799302,0.7671492320467419
799303,0.015570096261100841
799304,0.9995219289016866
799305,0.02148873194106498
799306,0.9990229566831462
799307,0.8436537195503524
799308,0.9989920891790538
799309,0.9999316250321073
799310,0.7195263010322891
799311,0.16641356393425416
799312,0.7013933320016184
799313,0.9518195166000404
799314,0.43776996457077955
799315,0.9999746553624397
799316,0.366803805368099
799317,0.990869437361678
799318,0.9967039242887368
799319,0.9825070448931088
799320,0.9995603213694322
799321,0.9999884304982785
799322,0.18779469420683526
799323,0.9996440192179551
799324,0.9999809180716666
799325,0.018795102639918473
799326,0.9997366730016981
799327,0.9989006040979194
799328,0.9760983599316954
799329,0.9951825205224389
799330,0.999712469221874
799331,0.24740884394533932
799332,0.9994140341923481
799333,0.07215406936164784
799334,0.4544412328915917
799335,0.018187841887652493
799336,0.9994872088135357
799337,0.4946522566944487
799338,0.4356073300945348
799339,0.4972331689675124
799340,0.04113546702411701
799341,0.35520998346887017
799342,0.9975442598738113
799343,0.12174656252073784
799344,0.9999537751847463
799345,0.4124666832578341
799346,0.9934722584998711
799347,0.9984556730550496
799348,0.0333270737904135
799349,0.9997597614360627
799350,0.9999807861936053
799351,0.32212422946166674
799352,0.6277342657117331
799353,0.9831425176013255
799354,0.9996172983346634
799355,0.15794514937606657
799356,0.33193383497163276
799357,0.9979196269965543
799358,0.719464780169017
799359,0.9992560570121618
799360,0.999835215250062
799361,0.3235593122825037
799362,0.9977465980970046
799363,0.8649925331788122
799364,0.7036258509147097
799365,0.7040488509457703
799366,0.9999632527824094
799367,0.12476847690800566
799368,0.9998630790416354
799369,0.9989124123097198
799370,0.9998080270135552
799371,0.7079513087259677
799372,0.9999540530430419
799373,0.08734568020822658
799374,0.6905500535534326
799375,0.9981091537387077
799376,0.5523908483983158
799377,0.9999872451853734
799378,0.016031802327361098
799379,0.9811996408494188
799380,0.030609035547638094
799381,0.9496122114853908
799382,0.1718945621108351
799383,0.06496041239095247
799384,0.9980037672559632
799385,0.18935429760252848
799386,0.3973345104983196
799387,0.9821352338283476
799388,0.9984836980473737
799389,0.6214574660000611
799390,0.9823403740606187
799391,0.9006497855879245
799392,0.9877341886070641
799393,0.0554168215899876
799394,0.932862949434424
799395,0.9945851118554963
799396,0.1033763183737401
799397,0.6510752565326223
799398,0.9965804287242486
799399,0.9167668232828734
799400,0.7531326372316055
799401,0.5808080473068116
799402,0.9901579072834309
799403,0.016724058566296874
799404,0.10829815601071247
799405,0.18510779115190323
799406,0.6111688229841271
799407,0.9987476547302563
799408,0.2175983768314721
799409,0.37352088940381845
799410,0.9649641787858239
799411,0.06466423724523448
799412,0.38902949020640715
799413,0.9872294348188848
799414,0.7150413250263743
799415,0.05836018103503139
799416,0.9998625231638409
799417,0.9945510616564185
799418,0.9999778626634559
799419,0.3961975113693019
799420,0.9876231415470036
799421,0.20741169268074788
799422,0.9956443690955425
799423,0.9998733698504563
799424,0.8372185802803562
799425,0.6304658823328352
799426,0.81533115606418
799427,0.6614818965798857
799428,0.02504403856825604
799429,0.02078227683226653
799430,0.7274776073460436
799431,0.07362481193711894
799432,0.9341764133466797
799433,0.9998107881217569
799434,0.9992705397711679
799435,0.9997353726270888
799436,0.9994393782722204
799437,0.9788370144582909
799438,0.5520180457536464
799439,0.5364911723124335
799440,0.9975445785986112
799441,0.005581315683029516
799442,0.018577201415971325
799443,0.021926857324820137
799444,0.20335108187841577
799445,0.9994324360521789
799446,0.9141474136409996
799447,0.9961522109162457
799448,0.9993076108063346
799449,0.7351535993925163
799450,0.9484511782068754
799451,0.9999906931867962
799452,0.8505453120108641
799453,0.9869064957528004
799454,0.9451631356940962
799455,0.02275541562136029
799456,0.9460484586432808
799457,0.38934081936005727
799458,0.9996299711565384
799459,0.9999685952073065
799460,0.20981066876344334
799461,0.9750696387066888
799462,0.0029829893701776335
799463,0.9998118667387084
799464,0.9996031800929308
799465,0.0313974199109989
799466,0.19017513203641823
799467,0.9817563302722419
799468,0.976519035857445
799469,0.19093195685824021
799470,0.4811164431840006
799471,0.1205865007571556
799472,0.0031002271323685242
799473,0.9422585915602155
799474,0.9581284383940114
799475,0.9990289025663678
799476,0.9899280181250671
799477,0.9041848838553495
799478,0.9538514501677794
799479,0.9795870366123473
799480,0.44682762685995825
799481,0.019317400436880825
799482,0.9963344122926682
799483,0.7465008389779585
799484,0.7043278467168506
799485,0.031967895428846343
799486,0.9868846391983753
799487,0.9997375538999002
799488,0.28214994479632705
799489,0.9999349679716487
799490,0.15023952496086437
799491,0.12666777882669975
799492,0.2869723985227283
799493,0.5027140800067037
799494,0.913684038226046
799495,0.8555717305398085
799496,0.4404544522472745
799497,0.28923379494666956
799498,0.9937262653093262
799499,0.9995611536075872
799500,0.9968628806593705
799501,0.999620125267822
799502,0.9998610494647605
799503,0.9430063245930624
799504,0.5949252498905092
799505,0.7160622473239233
799506,0.9088887497797911
799507,0.32885500855648886
799508,0.9998575420859723
799509,0.998790789147201
799510,0.01976720919890288
799511,0.9967124043993916
799512,0.9835165461397297
799513,0.9998736919667133
799514,0.7331780284976335
799515,0.2290403163121596
799516,0.9996943727055738
799517,0.9188434607295037
799518,0.9998030196599452
799519,0.9905392536674611
799520,0.12931793954929746
799521,0.5196490904347931
799522,0.8251214878960489
799523,0.34275391106688763
799524,0.5269971480698762
799525,0.6512470455250906
799526,0.9998733289769358
799527,0.9991558476084589
799528,0.9998596163363547
799529,0.0025546413693032692
799530,0.999805237656716
799531,0.9998097250025311
799532,0.9907940239748485
799533,0.12992011731638753
799534,0.15877293368356218
799535,0.9998620216991547
799536,0.9991868628977868
799537,0.9982614952882319
799538,0.24884826024072698
799539,0.21902777120081723
799540,0.9989483880816656
799541,0.7612177744569726
799542,0.9983235413680769
799543,0.6604996835005184
799544,0.9999708255920037
799545,0.7881531956165031
799546,0.9999745416965959
799547,0.9531471790417785
799548,0.9908801288237998
799549,0.31968516137042446
799550,0.5819215048871352
799551,0.2950122259727599
799552,0.9749804019871439
799553,0.7657601372243473
799554,0.9680901371015815
799555,0.9876838176209619
799556,0.8757705711044209
799557,0.9302906255575689
799558,0.10007699577585633
799559,0.9998713984466295
799560,0.998791482491493
799561,0.9995917342062688
799562,0.9931488588364591
799563,0.999465347567428
799564,0.027064209480551576
799565,0.9971471175586968
799566,0.9997830542265131
799567,0.8371141620201186
799568,0.03419534665478814
799569,0.07606326060591391
799570,0.8206503302554563
799571,0.9997613533110863
799572,0.11120431720688394
799573,0.9997091188979037
799574,0.3295395822143947
799575,0.015236414123447133
799576,0.6925426922091173
799577,0.0631374959998374
799578,0.534290443823401
799579,0.9995119302660406
799580,0.999735400426609
799581,0.005129485698217482
799582,0.8218297295057717
799583,0.9961276720108478
799584,0.907069094213405
799585,0.54763060979762
799586,0.9605819014680219
799587,0.8625542452258421
799588,0.4604511158276454
799589,0.05738245164200131
799590,0.8160440057994087
799591,0.9973367854851674
799592,0.8850111072223721
799593,0.8459836860480984
799594,0.5487104526089769
799595,0.05884771474297093
799596,0.02591011295391977
799597,0.03628482624925409
799598,0.9999033353487528
799599,0.03928740312687535
799600,0.22312298649432075
799601,0.00782741482673025
799602,0.660312102829752
799603,0.9999084921557879
799604,0.9580010276848376
799605,0.509444586798321
799606,0.47956575958363934
799607,0.2482640652396501
799608,0.991548472005296
799609,0.9984388422540262
799610,0.863523648028039
799611,0.9892891982066817
799612,0.9793078469889432
799613,0.9871695287453113
799614,0.8014985306850322
799615,0.5604158200900606
799616,0.9981869747250838
799617,0.9824412632936618
799618,0.9095764031800404
799619,0.999613400398203
799620,0.9999903012921081
799621,0.9505670323443736
799622,0.6434887444032626
799623,0.8499933025343971
799624,0.8696039682230757
799625,0.7204768014846678
799626,0.9857129116349796
799627,0.5025252293551687
799628,0.8744717368301754
799629,0.9995281310609306
799630,0.9998294006637618
799631,0.5714681973288355
799632,0.6712212387907966
799633,0.6630974405638548
799634,0.29505537510195107
799635,0.9654843814236839
799636,0.004449315848430965
799637,0.8206881371199725
799638,0.9999045648906482
799639,0.06834226089398598
799640,0.9693800002034856
799641,0.9513925605351137
799642,0.0065212811839571345
799643,0.09079938887021793
799644,0.8453305019469713
799645,0.9965989310499304
799646,0.0313270414775751
799647,0.8000063144485265
799648,0.9999579699074173
799649,0.9998925488911607
799650,0.00885177667445029
799651,0.026543555827128133
799652,0.9999471869176688
799653,0.9530872226221041
799654,0.9999862360751153
799655,0.9999382926571967
799656,0.6534271922764565
799657,0.9836224337623986
799658,0.986685695672487
799659,0.9965027436352127
799660,0.7472479456027818
799661,0.9998974595735961
799662,0.4741445076706545
799663,0.6405600850005342
799664,0.08431983490654507
799665,0.14979141514791477
799666,0.9813828603765041
799667,0.3802020056362427
799668,0.9897263569200345
799669,0.017479482332442547
799670,0.9771811427131928
799671,0.11881570560868675
799672,0.5047675249692403
799673,0.9998937559808938
799674,0.9991034803084763
799675,0.9999872030093497
799676,0.8532252592746834
799677,0.999729411323182
799678,0.9468388535098824
799679,0.9852737656773132
799680,0.29884881975953453
799681,0.999578970672192
799682,0.9942276411593254
799683,0.12181995468222122
799684,0.5669334848672913
799685,0.826278212273265
799686,0.6730941315543568
799687,0.3886582639749887
799688,0.5256229360781715
799689,0.8698300204745297
799690,0.1560228169924316
799691,0.9928508033336251
799692,0.9995816954384341
799693,0.7158491102802188
799694,0.9049673974172576
799695,0.3524607403060436
799696,0.9879454483685063
799697,0.06065680021065603
799698,0.461350903963874
799699,0.5617120806911475
799700,0.9127587043804586
799701,0.02654730551940257
799702,0.36431546248878116
799703,0.9317584874265539
799704,0.012350970226940872
799705,0.5598612484409115
799706,0.31804882539100887
799707,0.9999324096508045
799708,0.8060122751822731
799709,0.7976681404965866
799710,0.41175763231194407
799711,0.9966259313685494
799712,0.9954649135901147
799713,0.7614603282017287
799714,0.9207043494093302
799715,0.9919442892989488
799716,0.09045314495759108
799717,0.9957209294227108
799718,0.2871885159976736
799719,0.7533687070187549
799720,0.018031583362383276
799721,0.9827268615901994
799722,0.44188570065829874
799723,0.9967193824503429
799724,0.3108423029922419
799725,0.998970138834582
799726,0.9966612440715156
799727,0.3708793230806527
799728,0.1619576551065014
799729,0.4825506748738654
799730,0.45166640110531153
799731,0.9868622917046743
799732,0.9994091169129494
799733,0.9987812308280566
799734,0.9980994324242977
799735,0.999778505269808
799736,0.7096264487884357
799737,0.02645143110013685
799738,0.9998602004220669
799739,0.42167566252896793
799740,0.663506508684382
799741,0.9999372916429923
799742,0.5221714326041412
799743,0.08348750744499439
799744,0.13756880225237247
799745,0.5756402062324849
799746,0.999979830213451
799747,0.9997886430674597
799748,0.00902278985929323
799749,0.9557072163291936
799750,0.049542445324330164
799751,0.12761753403993933
799752,0.9999773509426741
799753,0.9762960807820253
799754,0.7694583319425912
799755,0.9027579509237351
799756,0.9952393009599451
799757,0.32176391173274016
799758,0.9418954613685129
799759,0.12831064263127134
799760,0.9997903111340527
799761,0.9999635065898753
799762,0.9963627825251622
799763,0.9998733412797901
799764,0.17935605683631495
799765,0.9996894508717555
799766,0.9997346076319704
799767,0.031395375314616406
799768,0.9993889791350781
799769,0.7034354289217168
799770,0.9997758742421798
799771,0.665324259334233
799772,0.20176899214501154
799773,0.8515383780249064
799774,0.8282926826637986
799775,0.09764572619579705
799776,0.9951392356505732
799777,0.9982084920832267
799778,0.03591570544682975
799779,0.8073340171046285
799780,0.17628664411299746
799781,0.9995142881445129
799782,0.21568265674490159
799783,0.9992983753585883
799784,0.13362466793760983
799785,0.9999153376592502
799786,0.9931021216462997
799787,0.999666510878311
799788,0.33817026727559685
799789,0.973935574085806
799790,0.9997000138319987
799791,0.3443747369987716
799792,0.8710663627268198
799793,0.9926885120380451
799794,0.9997091712846292
799795,0.9917103369359979
799796,0.905324515996162
799797,0.75270197212286
799798,0.9995694836119255
799799,0.052373096163779276
799800,0.9996891122399436
799801,0.9565521570188505
799802,0.9041925706459206
799803,0.8303746185328569
799804,0.03942455750505971
799805,0.9814192170701304
799806,0.1982164253419933
799807,0.999820075869325
799808,0.9942746386396608
799809,0.7951984027522165
799810,0.6845775863040613
799811,0.9592511620960754
799812,0.7413669550599995
799813,0.9999499476109919
799814,0.8968853126898004
799815,0.932198417783141
799816,0.9760246213052107
799817,0.1368377105562459
799818,0.9128721601908834
799819,0.9994911832174087
799820,0.8289395066044656
799821,0.014438351827276713
799822,0.7352615923300471
799823,0.999452948180247
799824,0.9994804296074
799825,0.9631791318116701
799826,0.9995041978775046
799827,0.7619474020983685
799828,0.9992191526486762
799829,0.5606790054923506
799830,0.09981063320010404
799831,0.6642950756902284
799832,0.9967121508552829
799833,0.9969716860470619
799834,0.9999186192376642
799835,0.5506204617424022
799836,0.9975899626878175
799837,0.35853272594818275
799838,0.3659383607333534
799839,0.7543307750306627
799840,0.9993409504725432
799841,0.7777416438486978
799842,0.9939468791935075
799843,0.8994892351431304
799844,0.9996617771788503
799845,0.018873523265266937
799846,0.9866837916976401
799847,0.9998933253342703
799848,0.9892924265635272
799849,0.9999648696161023
799850,0.5804477269185291
799851,0.9998003989804551
799852,0.9004441163916572
799853,0.9971176248323197
799854,0.3683584192382223
799855,0.1692059692235578
799856,0.005901793414652429
799857,0.9815931677034626
799858,0.5811760603712265
799859,0.640474842683172
799860,0.8234152117908209
799861,0.03231142577513911
799862,0.9996718467966274
799863,0.9957278045158603
799864,0.9875376379414538
799865,0.9510366467596031
799866,0.9966838044096867
799867,0.9998222968971634
799868,0.9999051069819419
799869,0.9999747336666316
799870,0.8575411957865868
799871,0.9982329891956778
799872,0.5394416042637774
799873,0.9999548598747943
799874,0.40373025606128504
799875,0.9999868629844513
799876,0.03757988564699704
799877,0.9999805786917364
799878,0.036976386453588396
799879,0.9997705434612656
799880,0.9991499693546582
799881,0.07161583341289869
799882,0.9424984453596863
799883,0.997565709650389
799884,0.9805423793205008
799885,0.9999382876093292
799886,0.9386988172817481
799887,0.9999447194038408
799888,0.9999389456757778
799889,0.9991645576911194
799890,0.4038596620330518
799891,0.8400988271619554
799892,0.9988302823858686
799893,0.5994604061958531
799894,0.9974357853033681
799895,0.7537134897050634
799896,0.9081608206436695
799897,0.9977208463924508
799898,0.614952963567764
799899,0.9866300192463089
799900,0.46048986379431955
799901,0.9999029395366781
799902,0.999812769635295
799903,0.6660816613405925
799904,0.18458253414965342
799905,0.9956251366946294
799906,0.3491689904971881
799907,0.9999358253924427
799908,0.3177861826416686
799909,0.9906018696653555
799910,0.9996492467961159
799911,0.9984850032259804
799912,0.8888207105248602
799913,0.9994290287763967
799914,0.9992307219847592
799915,0.2504302492352502
799916,0.9998998966438335
799917,0.9969808930887492
799918,0.9667395946117616
799919,0.9999272412055311
799920,0.9991455919904311
799921,0.6902968000143519
799922,0.9997754729318232
799923,0.999401856785178
799924,0.999089687260067
799925,0.9879097176373717
799926,0.9643184933028897
799927,0.9999503860461904
799928,0.9997322013155368
799929,0.30925512779306186
799930,0.9994754808150506
799931,0.9231081213875425
799932,0.17128934824882253
799933,0.9991832595279996
799934,0.9639524884548838
799935,0.9999693250286175
799936,0.0032810871194414557
799937,0.3345369794753048
799938,0.9997809209922659
799939,0.12536621795870198
799940,0.9970624481728586
799941,0.9995587677006201
799942,0.6860663990046094
799943,0.21581568709008658
799944,0.6904231630057904
799945,0.016649119970266163
799946,0.7006826214156926
799947,0.8659227951489278
799948,0.7380265179373817
799949,0.5755126760610979
799950,0.998285286724041
799951,0.9996237400913216
799952,0.7172532769185591
799953,0.999349136104567
799954,0.030640787378595144
799955,0.5323975916390872
799956,0.6553076109573933
799957,0.15671384123025028
799958,0.9968473795138861
799959,0.9436536402329638
799960,0.9996285910257725
799961,0.9999107184055829
799962,0.9992509056165335
799963,0.9918123881655673
799964,0.6053506902036714
799965,0.016932650158376483
799966,0.9991116561480987
799967,0.9999233469118722
799968,0.9988738037361382
799969,0.9493999297298277
799970,0.5243049435878369
799971,0.2245247372356649
799972,0.8217764382057077
799973,0.5002316810500123
799974,0.07904004859030693
799975,0.9999355878970329
799976,0.6675926385375281
799977,0.8830551798342712
799978,0.9971972090088033
799979,0.6031361746455337
799980,0.9999241773690117
799981,0.8293365007358322
799982,0.6015157784713195
799983,0.9199366851101758
799984,0.09580721140815915
799985,0.9998649338965535
799986,0.8694364032704232
799987,0.9786986322859523
799988,0.9981201736026499
799989,0.7326855758763975
799990,0.9999432549547993
799991,0.02107029296336822
799992,0.9999493778538215
799993,0.9957065201201915
799994,0.9981673943906597
799995,0.9841549586234658
799996,0.8620342355929854
799997,0.7292096530262636
799998,0.9724230504347442
799999,0.9997337831642431
800000,0.9966957647585037
800001,0.4941522786106506
800002,0.36426800031018625
800003,0.9873786145078911
800004,0.993594376412859
800005,0.9954746538101786
800006,0.8720793405955442
800007,0.9999695264514437
800008,0.9947603145547107
800009,0.777580517646941
800010,0.9913186246092862
800011,0.6195804728723803
800012,0.9999049080927676
800013,0.4275198087796622
800014,0.999698836925888
800015,0.9999797941834576
800016,0.9995279243045856
800017,0.14377733584843536
800018,0.11073303294970704
800019,0.9971888275243825
800020,0.9972386203300492
800021,0.35137161767740394
800022,0.853588670769301
800023,0.0189070350883755
800024,0.17434215310888568
800025,0.9894689701457385
800026,0.999965117881984
800027,0.9997788007452533
800028,0.21832508324847763
800029,0.5650364212222663
800030,0.12523161121237017
800031,0.9997678243033937
800032,0.9998918680431965
800033,0.9950220380891723
800034,0.14930638008771718
800035,0.20576155837534005
800036,0.34475463167487475
800037,0.9966527890388499
800038,0.9614323200316335
800039,0.3218381895075566
800040,0.37884540835433617
800041,0.9882785799693615
800042,0.5138477394242035
800043,0.9993912525927514
800044,0.9322585222061596
800045,0.9202580681329091
800046,0.9994586006376516
800047,0.5614994152276542
800048,0.8962891068299248
800049,0.5460386678324662
800050,0.015160189623978332
800051,0.7884805733302969
800052,0.9999070713739827
800053,0.3799907059257337
800054,0.9998787666355176
800055,0.0695141786230987
800056,0.3880943211152891
800057,0.9983727256060115
800058,0.9997259534228453
800059,0.9960755495045707
800060,0.9538310856807248
800061,0.9977466764950282
800062,0.5077804913082811
800063,0.09872084244653877
800064,0.23473479387412177
800065,0.9990016733084741
800066,0.9982708601645818
800067,0.9984346438042002
800068,0.4193001325440715
800069,0.15722009568675774
800070,0.9999831718019159
800071,0.9986800309990247
800072,0.5132690787329947
800073,0.7593607995175511
800074,0.6264834362332824
800075,0.9998475274604017
800076,0.5901412422484955
800077,0.3825304139978947
800078,0.9994633362556722
800079,0.9997756406936771
800080,0.999535424685287
800081,0.29397512750930643
800082,0.805606826574419
800083,0.15352229334991277
800084,0.9996018005256857
800085,0.9090641131339539
800086,0.8954465062047297
800087,0.8914559474765249
800088,0.9180894035568739
800089,0.9994740765754127
800090,0.898703103177178
800091,0.01286714412868686
800092,0.9999546985424765
800093,0.9988457122255456
800094,0.18957704806041165
800095,0.9787993804727431
800096,0.7837840413087938
800097,0.9992248742454232
800098,0.8408970417647764
800099,0.644789387040111
800100,0.9998807356484858
800101,0.9933612400818617
800102,0.6959781084305245
800103,0.9998358724932703
800104,0.9935503749538043
800105,0.3718668935814289
800106,0.9981178842704683
800107,0.7494948588308014
800108,0.9996910436566071
800109,0.9999598168695616
800110,0.999763352144169
800111,0.6157636711308943
800112,0.9999812747901373
800113,0.5823005229357676
800114,0.730403321330179
800115,0.9991899031637501
800116,0.9011757728506488
800117,0.9977605055097014
800118,0.9989051078214641
800119,0.9999789311790405
800120,0.9433443830660373
800121,0.9280065989489426
800122,0.9070953036066234
800123,0.999932213020873
800124,0.9752611564745663
800125,0.9994616755062038
800126,0.9936687757193402
800127,0.27933567056088776
800128,0.0583739159277896
800129,0.00981068902501225
800130,0.9999719990844685
800131,0.07335937776338826
800132,0.26346613096683735
800133,0.3126502561690585
800134,0.2149657331878031
800135,0.8608434240701205
800136,0.03658712809536983
800137,0.9999566165802182
800138,0.9995615831832323
800139,0.9518173771618222
800140,0.04410718598496982
800141,0.9981824983276231
800142,0.05809403241622933
800143,0.9798531872749378
800144,0.8238690980369816
800145,0.9998030394503903
800146,0.02843249277503759
800147,0.9987147187210581
800148,0.9994550369903793
800149,0.9936825714479529
800150,0.8883409712363085
800151,0.9924710425218193
800152,0.4005876692243485
800153,0.041920903609444414
800154,0.007704458493601794
800155,0.9998549176380371
800156,0.9074303767412888
800157,0.039598683970597605
800158,0.7446691536766525
800159,0.11528804830141952
800160,0.9999419020670026
800161,0.019985122438919815
800162,0.9371186756594165
800163,0.1735220682978799
800164,0.4022939898010011
800165,0.9994057093700821
800166,0.6959702078167642
800167,0.3524849807694725
800168,0.7410848829807937
800169,0.06390491174135687
800170,0.9174884929441386
800171,0.4997100237236185
800172,0.05619573396065436
800173,0.999994528159238
800174,0.802165241066786
800175,0.21595905462091425
800176,0.0306630925689852
800177,0.999833662232811
800178,0.6573332136284742
800179,0.9779656603049753
800180,0.999336165771907
800181,0.8757674040242241
800182,0.9999153813063621
800183,0.999068547944155
800184,0.03017617418621172
800185,0.4110479546992891
800186,0.8045089459139055
800187,0.975500697226271
800188,0.023487658421931054
800189,0.5874259477183321
800190,0.9114170543671318
800191,0.4931110709985522
800192,0.9999932108650089
800193,0.9995707111283852
800194,0.9940372384742572
800195,0.7299196687357177
800196,0.010271894051921476
800197,0.5138823758444999
800198,0.9999030157768977
800199,0.14042971111392089
800200,0.9915508100416378
800201,0.9984272760365804
800202,0.9138910485098908
800203,0.7621567206231947
800204,0.04810997230204289
800205,0.9950019457398658
800206,0.9851329878579009
800207,0.7507829503000855
800208,0.9993699316312845
800209,0.10546090736253337
800210,0.9766113715690221
800211,0.8779888798210127
800212,0.04524805198091232
800213,0.7481130935821854
800214,0.02936490922354395
800215,0.9994643475696423
800216,0.9853025357545142
800217,0.908699011192988
800218,0.7175252622058561
800219,0.9917997379271124
800220,0.22372075383117473
800221,0.3584776532623165
800222,0.9880896108121382
800223,0.07194655499714223
800224,0.558849703622114
800225,0.12064201037252963
800226,0.99964249370545
800227,0.9997802505221526
800228,0.9997390641865698
800229,0.7107185929436635
800230,0.17216560246174764
800231,0.8296018448786726
800232,0.9993178821323361
800233,0.9837114656099928
800234,0.9899053145274319
800235,0.9725153378465503
800236,0.9170914520254774
800237,0.9998520100987032
800238,0.3807381693345602
800239,0.9244236962728652
800240,0.7850699302844097
800241,0.5375075068577871
800242,0.9996766448820069
800243,0.030044562861156192
800244,0.22242713676994333
800245,0.9999317092575396
800246,0.7992124743738278
800247,0.7086644505271491
800248,0.8463261435328151
800249,0.9999735056686356
800250,0.06068307620744161
800251,0.028806937144107845
800252,0.7309816088615059
800253,0.9561514295146287
800254,0.9974955830717662
800255,0.6771514225934124
800256,0.9804380335167306
800257,0.9999759832311068
800258,0.9377853376108061
800259,0.26953542761297294
800260,0.9970856840335047
800261,0.21882209863719995
800262,0.9828445337286129
800263,0.060776057263760626
800264,0.9953598876612161
800265,0.7413122030891017
800266,0.8768769378986957
800267,0.9970281729537311
800268,0.9985842611585336
800269,0.9994132861770841
800270,0.07335088053499887
800271,0.31026677652543916
800272,0.9902478837556552
800273,0.9996744516582323
800274,0.8612146763759052
800275,0.9940632769915863
800276,0.9986593608528004
800277,0.8636380870699111
800278,0.33670272300950943
800279,0.9963587395158707
800280,0.035211180665310336
800281,0.9682052916188091
800282,0.8587356115002027
800283,0.6335148624432727
800284,0.5764501875976524
800285,0.9993464377903548
800286,0.99676081751184
800287,0.9998120006209367
800288,0.29966289774084387
800289,0.9061141952816615
800290,0.06479779514979797
800291,0.20696670688046867
800292,0.9781208150965499
800293,0.012520347155076514
800294,0.5260922727405193
800295,0.5833967547256873
800296,0.38433076828986756
800297,0.31011351152108774
800298,0.10958067928513368
800299,0.5551987036227658
800300,0.42819251787596896
800301,0.9971789303507577
800302,0.009625933524638012
800303,0.3950517854699773
800304,0.49121160441848016
800305,0.9999902956592504
800306,0.6861943139635
800307,0.8663466385173786
800308,0.968394126815317
800309,0.00551197933646623
800310,0.7917957548032204
800311,0.9996927982250146
800312,0.9997746652713142
800313,0.7533489771537755
800314,0.14558196881592705
800315,0.1101881078379017
800316,0.5445657969648747
800317,0.9998088676612197
800318,0.4590339203952681
800319,0.9581525881600936
800320,0.7916588541159233
800321,0.8154397935192887
800322,0.10483648208793156
800323,0.9997789747899539
800324,0.8776571137847535
800325,0.9909905188607486
800326,0.9997476669560489
800327,0.9995911567275542
800328,0.004620090227115965
800329,0.9921839093557634
800330,0.044421259546168074
800331,0.9999889142066694
800332,0.9996328551938953
800333,0.12508268081897103
800334,0.3948500279102757
800335,0.09915402720366379
800336,0.980372341183168
800337,0.9986515831293091
800338,0.9486535679783236
800339,0.9530519851677206
800340,0.3976104379446514
800341,0.9998225123761794
800342,0.84261274184587
800343,0.9998199588024866
800344,0.9999756145028736
800345,0.5215219875027535
800346,0.773591776255111
800347,0.9999794485471284
800348,0.9915525377176481
800349,0.9824597819773565
800350,0.06800673379504903
800351,0.9988766258600966
800352,0.9851219020186668
800353,0.999505658355913
800354,0.9976320213114295
800355,0.9232841526244508
800356,0.9647060365375355
800357,0.5073004712027498
800358,0.9914828764178532
800359,0.9995787630679045
800360,0.40821192329958356
800361,0.9810978511518147
800362,0.9995523711352141
800363,0.0076858685895530325
800364,0.9781062662749258
800365,0.10392791922639238
800366,0.008937407264125582
800367,0.005761020597718499
800368,0.9923588698536197
800369,0.9966021907809962
800370,0.9020883801956804
800371,0.005882849661115846
800372,0.8731415731248238
800373,0.004828580491200768
800374,0.6603876296438181
800375,0.9999291752421672
800376,0.9999704896358146
800377,0.9991407443218754
800378,0.7778072000424492
800379,0.17350787596412015
800380,0.575806872290741
800381,0.09587789332602203
800382,0.9995727348102141
800383,0.060570558313596784
800384,0.9990588274690485
800385,0.9996444551053615
800386,0.5222774804476826
800387,0.9375012748213154
800388,0.9898252444180569
800389,0.9997043786039781
800390,0.4057476261380397
800391,0.9851858563432092
800392,0.02728202389115174
800393,0.9999355563761894
800394,0.999809865226202
800395,0.9998931300840852
800396,0.011612550211251524
800397,0.9999845415934517
800398,0.9851835664888203
800399,0.4285926844130802
800400,0.9999637845634473
800401,0.9998459300215977
800402,0.02047606386711587
800403,0.25957347160652466
800404,0.40324041249394166
800405,0.5194979576296104
800406,0.9997810703871657
800407,0.23929070016586734
800408,0.2640236938451922
800409,0.9988268571559118
800410,0.99634955867434
800411,0.467137617615889
800412,0.6388739798221051
800413,0.9435209631416843
800414,0.2734700213486682
800415,0.5981049700134686
800416,0.9518041332617043
800417,0.8847554533473347
800418,0.3867826774673967
800419,0.9995217288428013
800420,0.7553592551721265
800421,0.999979588640604
800422,0.9567045917632304
800423,0.9997186691496991
800424,0.7386553499693311
800425,0.9999322830211083
800426,0.5904345813359066
800427,0.9988986789249745
800428,0.017429514773105545
800429,0.5921283247209858
800430,0.9997454745701844
800431,0.12929361007233836
800432,0.9943024375439324
800433,0.03830814609149585
800434,0.9978695887661769
800435,0.7803629256481533
800436,0.2961917300991587
800437,0.2921048578506989
800438,0.9950443662490321
800439,0.9986396208733543
800440,0.05449017832362769
800441,0.643513711375939
800442,0.9999594310510463
800443,0.9999429042944727
800444,0.8805183976241843
800445,0.9983178822867587
800446,0.9999675143638673
800447,0.9673314995793694
800448,0.6137526942944495
800449,0.9992926068178687
800450,0.41122987543016326
800451,0.04461962215593934
800452,0.9981865372238942
800453,0.9999744018091108
800454,0.7168301280276107
800455,0.9996225502429681
800456,0.034951451245090144
800457,0.9950336835359311
800458,0.6121766274163738
800459,0.8439730883023238
800460,0.9999308911289986
800461,0.9998456808642512
800462,0.22467311668252915
800463,0.1532227815144447
800464,0.9996050774299704
800465,0.9999483424934752
800466,0.2568852423517859
800467,0.9945502692853267
800468,0.34802953020000976
800469,0.994605822614274
800470,0.9350752859825571
800471,0.4609643117590751
800472,0.9937487129540892
800473,0.962163151737908
800474,0.23158102647419276
800475,0.9891161590310485
800476,0.7293361430170475
800477,0.9558972676924041
800478,0.9964158331689725
800479,0.7428745923874117
800480,0.6797051577095672
800481,0.3517363639894824
800482,0.23678153438357297
800483,0.20541374315964647
800484,0.3007078176043426
800485,0.7871664680188223
800486,0.6570151789323947
800487,0.9891153332734
800488,0.6699160385378455
800489,0.26853084218061274
800490,0.9985699415325542
800491,0.9996389915037288
800492,0.9698725483913777
800493,0.9995177133125477
800494,0.015768054962295348
800495,0.9998993521679587
800496,0.05548724506282453
800497,0.999546897489269
800498,0.999962035385652
800499,0.866142999902302
800500,0.7721404118913722
800501,0.9999400866274422
800502,0.9923252205977932
800503,0.999988233153678
800504,0.9998635147418358
800505,0.5385276085744054
800506,0.7499631550405488
800507,0.08204012559591556
800508,0.18037971534037922
800509,0.9765160139683302
800510,0.10938937286424114
800511,0.005140367209131641
800512,0.8187862903966826
800513,0.8985328957439549
800514,0.044238030482043916
800515,0.6305561623732074
800516,0.9976532371757085
800517,0.9776418973154296
800518,0.5639558781413399
800519,0.2070237902264716
800520,0.9992126673708484
800521,0.670228611520344
800522,0.44666997989444457
800523,0.6353478286564854
800524,0.9990274094757994
800525,0.2882176137051924
800526,0.9999354659188769
800527,0.0023984356750335594
800528,0.9960414313327404
800529,0.9906284384488437
800530,0.6853428647402728
800531,0.12720030431852922
800532,0.9998990084301119
800533,0.7635941222688161
800534,0.8779695960090158
800535,0.9989821652564249
800536,0.9534110542794834
800537,0.9329506250736036
800538,0.0164878259087139
800539,0.9558808511105623
800540,0.9556272748811027
800541,0.9987846549574829
800542,0.6430355577080049
800543,0.9219013415292432
800544,0.5767473622780903
800545,0.9993804394444726
800546,0.9998594279110717
800547,0.9999856467227126
800548,0.9928743121473196
800549,0.8997736600835631
800550,0.9999241939793593
800551,0.999185321738176
800552,0.18308612763654294
800553,0.9745778591174504
800554,0.1899179172035819
800555,0.9910891451492165
800556,0.8200882212478318
800557,0.9996975064205154
800558,0.9816199800773198
800559,0.9996821669661793
800560,0.3682767107960291
800561,0.043149871437055926
800562,0.7647020222267353
800563,0.9963190259602495
800564,0.9988065812755066
800565,0.9584191747844464
800566,0.9745834049125157
800567,0.999987663667463
800568,0.5995998496770247
800569,0.02827330298651022
800570,0.007007293968135363
800571,0.07870594856112556
800572,0.4908348587943666
800573,0.8926302968539157
800574,0.9298086925295848
800575,0.9996714824434645
800576,0.9972211240688251
800577,0.9976022358166536
800578,0.9907364618189722
800579,0.9998584088530127
800580,0.9977298662573877
800581,0.7873448976886881
800582,0.9998636356391855
800583,0.9998946884494999
800584,0.5448459136314344
800585,0.033314131103639066
800586,0.985514968830216
800587,0.09305826753982742
800588,0.5840711593470327
800589,0.012683944629357747
800590,0.9712448482865006
800591,0.10269441998375946
800592,0.9163273842542871
800593,0.7523417391807214
800594,0.9961849850431196
800595,0.9987245543727776
800596,0.01797334768442558
800597,0.999052389264078
800598,0.9155742439783907
800599,0.9925648606830417
800600,0.04356170367519961
800601,0.9986645454275007
800602,0.26852623149142757
800603,0.03522675645301573
800604,0.9342470724201569
800605,0.30958339271251184
800606,0.1486006532327871
800607,0.4994590520685684
800608,0.99961596441417
800609,0.9953881069613029
800610,0.9099447667298035
800611,0.38362755591630254
800612,0.892514651696356
800613,0.520831815662164
800614,0.9933965895490193
800615,0.9997069779388039
800616,0.9963924490648988
800617,0.9996522094868914
800618,0.9999258164136353
800619,0.012579892831705086
800620,0.973969037102292
800621,0.996427686376008
800622,0.9986727703064884
800623,0.9999622695622542
800624,0.05409767727256415
800625,0.7412336274538676
800626,0.9990483141339743
800627,0.9999758399289143
800628,0.9999548618044602
800629,0.8320610319914755
800630,0.9992736824218419
800631,0.9302240361550882
800632,0.999608872238406
800633,0.011912983980723001
800634,0.9994042813849039
800635,0.7536836929327249
800636,0.9996978939052343
800637,0.9994132767609638
800638,0.7238010994045403
800639,0.9972218345581692
800640,0.02135430063607157
800641,0.955169453690468
800642,0.5375339719159536
800643,0.9973760347429407
800644,0.02831553595440076
800645,0.18576962898259441
800646,0.9961968983551835
800647,0.9996756564298894
800648,0.996678552707891
800649,0.9957605546224905
800650,0.9994603788729455
800651,0.9997910271351362
800652,0.2263731550039018
800653,0.7075825628580957
800654,0.07698800340626093
800655,0.999480460465529
800656,0.14208977148493823
800657,0.8135370317281024
800658,0.9956697268662313
800659,0.9999403064564134
800660,0.9956834756846464
800661,0.9046871695435633
800662,0.8068698609696858
800663,0.8515994958568187
800664,0.9998681312338877
800665,0.9651798477202341
800666,0.9999641148626337
800667,0.999523747103058
800668,0.9919119296082204
800669,0.2683108034368436
800670,0.9093245959832897
800671,0.9982072162331599
800672,0.9995934810600022
800673,0.22724535787561723
800674,0.2551050738714091
800675,0.8679935163354737
800676,0.9999449365182789
800677,0.9984745228726819
800678,0.8641374940099383
800679,0.9982654815097428
800680,0.6709790000837224
800681,0.03526100839230508
800682,0.9995063560642066
800683,0.8446707659445787
800684,0.9805854958438697
800685,0.008807100946912491
800686,0.9941825047825044
800687,0.9998589369030877
800688,0.9894973471802648
800689,0.8739113042904083
800690,0.995397132156221
800691,0.8346578603357151
800692,0.022145601455412476
800693,0.9976577004143051
800694,0.03385699049082613
800695,0.11161381674900343
800696,0.9994700219380399
800697,0.6448767447471545
800698,0.4668389872670946
800699,0.9939591572012243
800700,0.012684847645565607
800701,0.9025501548190303
800702,0.8649843973793783
800703,0.00795793043316446
800704,0.9610569773707802
800705,0.9913351485347229
800706,0.9883195485096863
800707,0.9996986422850574
800708,0.3516809646019867
800709,0.05566658244283018
800710,0.9804354675675331
800711,0.9684376393872185
800712,0.6974807492803017
800713,0.998131898355249
800714,0.15435836941025952
800715,0.9997671809403208
800716,0.9998708435059298
800717,0.9995834366363847
800718,0.030782111694832415
800719,0.029269183241879528
800720,0.9999713223267264
800721,0.6669325611306981
800722,0.9711655100644714
800723,0.7394642830415634
800724,0.9983334008291289
800725,0.289151625975854
800726,0.3850816482948035
800727,0.42060343375696363
800728,0.15494911376774964
800729,0.9954736184778356
800730,0.03246000749016638
800731,0.10751300836922895
800732,0.17229954977727605
800733,0.9983538428244256
800734,0.9999119227134357
800735,0.99854851818619
800736,0.9993177064504899
800737,0.9992293795713711
800738,0.032203043143219076
800739,0.8878332399018063
800740,0.9881902439056167
800741,0.44953961913731166
800742,0.3772125439087581
800743,0.9935963949849835
800744,0.32741901159959985
800745,0.016444908864130435
800746,0.9659611820694238
800747,0.9458894382634748
800748,0.999725721492545
800749,0.5300774041462669
800750,0.9998825654028529
800751,0.9996454505868401
800752,0.9995921860965913
800753,0.8651801652889729
800754,0.3897380423324001
800755,0.9704583852951041
800756,0.32136444045961754
800757,0.4474483382469602
800758,0.9997856678893575
800759,0.9996137000021423
800760,0.9528230249082079
800761,0.9584651245708617
800762,0.9948183876139363
800763,0.04152553673584637
800764,0.761865292612784
800765,0.9994651272473398
800766,0.997399074007159
800767,0.07719045998509552
800768,0.9999144167343417
800769,0.5995959325305238
800770,0.9999721395157781
800771,0.24138919425728655
800772,0.9998615276878213
800773,0.8414170201576774
800774,0.43769937240743273
800775,0.9883332462829337
800776,0.9999826390437785
800777,0.9993743672707918
800778,0.999722472434081
800779,0.6124597881077519
800780,0.9945275227504664
800781,0.9602589676668316
800782,0.11334769792470051
800783,0.8491280382380915
800784,0.2770163966161736
800785,0.23038920940686178
800786,0.7401739622106378
800787,0.8028268438187282
800788,0.998826956431202
800789,0.9987745125365338
800790,0.9947806095271463
800791,0.9995452047338186
800792,0.9900958018347633
800793,0.5123706190242172
800794,0.20377886470914913
800795,0.7964444149131763
800796,0.9999118735027026
800797,0.720411110476306
800798,0.9440175115224141
800799,0.12088965145601568
800800,0.5350041873988329
800801,0.9996927496132042
800802,0.8191405858471573
800803,0.4036438197328779
800804,0.9814416009831541
800805,0.9809997369132024
800806,0.9995689720157701
800807,0.9267207387067816
800808,0.9993083114838868
800809,0.9534266537778335
800810,0.5873722594936888
800811,0.999738311181004
800812,0.9746931373534028
800813,0.3394614590284316
800814,0.9998810486563234
800815,0.14754209448045671
800816,0.9595577297689182
800817,0.4741598065222495
800818,0.8879365697534527
800819,0.9519227070448955
800820,0.9999471608093904
800821,0.9998212122329888
800822,0.9997971193556939
800823,0.9994750162636524
800824,0.9971621573033923
800825,0.771226052777854
800826,0.999672328920051
800827,0.9849608089734206
800828,0.9989931455509469
800829,0.6443892249088904
800830,0.8997815198699848
800831,0.9995594896061197
800832,0.8849425703639432
800833,0.9983749729945486
800834,0.9770216019540466
800835,0.9989573185926182
800836,0.9999416464436339
800837,0.9858368160051343
800838,0.9999176905624196
800839,0.014884481565391272
800840,0.999361412113826
800841,0.012985985941557083
800842,0.9999520115723779
800843,0.40445451410556477
800844,0.07072865232105996
800845,0.9081996970602171
800846,0.9996424870437562
800847,0.9230482321010451
800848,0.9684160071498904
800849,0.5950237983542345
800850,0.9979127330953184
800851,0.9997665276388054
800852,0.9999826035231909
800853,0.9898196020473737
800854,0.9986841590247851
800855,0.9999798604780717
800856,0.9997535083776963
800857,0.7309550894490412
800858,0.5970816483996713
800859,0.6916450460303442
800860,0.9931744842445607
800861,0.9994621306658897
800862,0.5992958681217325
800863,0.9998900249294042
800864,0.6958511410098112
800865,0.09881119257932107
800866,0.9583812132489349
800867,0.9999367752128956
800868,0.08830498879608206
800869,0.9651669354627938
800870,0.9966085930072461
800871,0.4700927605520756
800872,0.0485277901825636
800873,0.18718569414603406
800874,0.08638071503030098
800875,0.9998096948854251
800876,0.999360573867784
800877,0.0042283807389261715
800878,0.9876273650574064
800879,0.7638979793887948
800880,0.8472658510032608
800881,0.11565530892987959
800882,0.9481163931282391
800883,0.9997780506410312
800884,0.48693547434907336
800885,0.9937961976709825
800886,0.9991032865980585
800887,0.9351840497817341
800888,0.5267300825177998
800889,0.9994729150786854
800890,0.13755393117035258
800891,0.3156247495575156
800892,0.036379507020997175
800893,0.3777728904586961
800894,0.9971799319907745
800895,0.9082756142423822
800896,0.9999591741624668
800897,0.9374478110281924
800898,0.9907975363647195
800899,0.009186023283742161
800900,0.9996948409849713
800901,0.2911022391198604
800902,0.9999757615572515
800903,0.9998185504910473
800904,0.9995523190635613
800905,0.9942073411898229
800906,0.9927459335315992
800907,0.9992882211584803
800908,0.9919542523523606
800909,0.999448350929028
800910,0.9997929989117709
800911,0.9318068586641268
800912,0.09854579595604178
800913,0.9940356828198494
800914,0.994478425985861
800915,0.031479169526657955
800916,0.01864103479701008
800917,0.2505406604815204
800918,0.9538909096400991
800919,0.9778707740419674
800920,0.9998115804042051
800921,0.9269976053164641
800922,0.3561690275084492
800923,0.9793329853145576
800924,0.48465111963398433
800925,0.13538611553528607
800926,0.9985996696786632
800927,0.6605519941699121
800928,0.9428319157931431
800929,0.7427721121636468
800930,0.13630589824140654
800931,0.44095370681508
800932,0.9993993981932083
800933,0.9921566536793851
800934,0.018847430384128838
800935,0.6939152489773719
800936,0.6637694449152086
800937,0.9942465793872652
800938,0.9933829093741291
800939,0.04736787390211109
800940,0.07140947767711311
800941,0.9999878436168899
800942,0.9997169712691966
800943,0.35547825271392447
800944,0.9999807589755938
800945,0.9195921720325938
800946,0.9833315058290076
800947,0.7027759531033442
800948,0.9299502160485416
800949,0.12913074618442758
800950,0.9994399859881036
800951,0.7870308852334591
800952,0.998028627750525
800953,0.9495810735579552
800954,0.1784076820067785
800955,0.9996827334008606
800956,0.6229706453156303
800957,0.8902346509064196
800958,0.8650483969745368
800959,0.999807301229539
800960,0.9264660096052475
800961,0.6196878260209042
800962,0.9996498780412869
800963,0.12819904458954934
800964,0.9985161195419292
800965,0.9994535485749135
800966,0.9998800638667174
800967,0.10639143244682703
800968,0.5716562061815472
800969,0.9997925718097306
800970,0.23567624691270742
800971,0.9933706473778914
800972,0.20527226586624553
800973,0.9779003404365418
800974,0.3017833985962185
800975,0.7483139382847597
800976,0.014284414895164316
800977,0.9999255471196191
800978,0.15506158005646015
800979,0.8585262724070833
800980,0.9998914930097069
800981,0.9968902816079998
800982,0.7993084348278379
800983,0.9990805844712581
800984,0.9873570648709212
800985,0.06841031739925993
800986,0.9985586586787403
800987,0.9996417679384204
800988,0.9773374263761838
800989,0.5441444574279345
800990,0.21253871682827402
800991,0.9574837452436606
800992,0.044466925139565086
800993,0.14604362592397258
800994,0.13340092894362843
800995,0.4575736607401202
800996,0.3080359195113865
800997,0.9999594858270945
800998,0.9984880213623679
800999,0.9885037616049542
801000,0.5595968362499146
801001,0.9770294500176293
801002,0.9999833662461833
801003,0.9841657433351363
801004,0.999979661698945
801005,0.5243364548698921
801006,0.32514766397273687
801007,0.9933163512594247
801008,0.5842422387460358
801009,0.013140175028844975
801010,0.6904661221010842
801011,0.999050230685554
801012,0.9979847923563199
801013,0.008838817424713562
801014,0.9653395664107498
801015,0.48532248359344676
801016,0.9998429424123717
801017,0.8818651679163212
801018,0.150828986219409
801019,0.6943596612672205
801020,0.01496362768376416
801021,0.9999851399755535
801022,0.9997328850193412
801023,0.7082570587406591
801024,0.9999206546496304
801025,0.2694501666932522
801026,0.585306710432147
801027,0.9734382531364216
801028,0.5171921445786068
801029,0.29389995970412564
801030,0.3132362273096051
801031,0.7861400046936191
801032,0.7156470382494413
801033,0.941975045771771
801034,0.0323579901709224
801035,0.9968521170824667
801036,0.9994047947035458
801037,0.08156974995660644
801038,0.9874190286563995
801039,0.9998849084685582
801040,0.9998152123695516
801041,0.9998485178705152
801042,0.9954818037051336
801043,0.9944372051921169
801044,0.7089280977481363
801045,0.5025213448728626
801046,0.0030878895953511043
801047,0.9982930726874881
801048,0.22018612169679203
801049,0.8457431011393405
801050,0.575144019603092
801051,0.07161945191013983
801052,0.9983115612037177
801053,0.9991195049410362
801054,0.701203420514704
801055,0.996771554004392
801056,0.9977583247462205
801057,0.8549380543429516
801058,0.9998794688336269
801059,0.9966510647411935
801060,0.1345794763033274
801061,0.9991173066836636
801062,0.023118229138041055
801063,0.7737069723339566
801064,0.6739861710598483
801065,0.8863014178464497
801066,0.03764647295677184
801067,0.9988999281930248
801068,0.9987384220559532
801069,0.01697004292825603
801070,0.8767325626423911
801071,0.9260206235852274
801072,0.9028534947380482
801073,0.38520574040492017
801074,0.9193304118579986
801075,0.9801768893823553
801076,0.9999643982873684
801077,0.6348989186587077
801078,0.9997979462818123
801079,0.9999401307995953
801080,0.9859089814181874
801081,0.9353078557110692
801082,0.8666554040141805
801083,0.19589408023854354
801084,0.999981038044267
801085,0.9734777028052632
801086,0.9913681389332385
801087,0.009196352126920129
801088,0.9963834519304735
801089,0.17695131408840278
801090,0.501415048384826
801091,0.8348872213626548
801092,0.9854938380317114
801093,0.31026909056999863
801094,0.9996529647636215
801095,0.9902956993344821
801096,0.4330946872166131
801097,0.9997840029040421
801098,0.7091756287790592
801099,0.9951698625348524
801100,0.9888559311018594
801101,0.999607891498289
801102,0.4917623675582221
801103,0.9929153135235437
801104,0.13809600616114942
801105,0.9742116116908064
801106,0.9683006677047695
801107,0.7374900877497691
801108,0.4701560422736034
801109,0.9999797956872151
801110,0.9996575673448534
801111,0.35098428476784327
801112,0.9997476608820768
801113,0.9962551041430278
801114,0.9700404118001935
801115,0.7815502944924435
801116,0.041685034414968916
801117,0.9997474290781934
801118,0.035195138788247864
801119,0.5575881124257617
801120,0.9046711959837439
801121,0.19934611082193515
801122,0.9226554114923113
801123,0.9998848201712227
801124,0.8435668629686399
801125,0.9664983146708245
801126,0.9632704903284158
801127,0.36319462878861647
801128,0.024477471028666712
801129,0.9743210492530698
801130,0.9992421817799646
801131,0.8477332293020523
801132,0.9977965740994115
801133,0.04584014199094564
801134,0.05682448865671447
801135,0.7569676895545429
801136,0.9820609516892049
801137,0.4737474811745158
801138,0.36331391407421565
801139,0.9556355221632246
801140,0.9999261618205861
801141,0.9999571805257557
801142,0.9999245392109263
801143,0.9994210069043592
801144,0.9997365555452258
801145,0.9381422895025174
801146,0.9966423836371283
801147,0.8981778096505623
801148,0.09305743719764603
801149,0.30952052602226277
801150,0.9999139098070758
801151,0.9748048615664249
801152,0.5085240651843668
801153,0.09317398574612336
801154,0.015838654886574394
801155,0.9743270101152234
801156,0.9995877466345333
801157,0.26576081351731656
801158,0.9999784027215621
801159,0.9965608822998251
801160,0.966018734424151
801161,0.04013094560009977
801162,0.02168878987185722
801163,0.9975351404972016
801164,0.9998912648847003
801165,0.9995268235059008
801166,0.9981327839737798
801167,0.33496822168490303
801168,0.5565930535389058
801169,0.8557601064972993
801170,0.0029154274028827917
801171,0.9495942032432148
801172,0.987421289018245
801173,0.6309411829523116
801174,0.9951583476455275
801175,0.9987939258737037
801176,0.12006034456548839
801177,0.39170961376822283
801178,0.9999471029960519
801179,0.99530223935124
801180,0.011892188025648238
801181,0.45538893424700955
801182,0.7117606040570285
801183,0.9993128699945557
801184,0.03006918740087753
801185,0.9999255300436314
801186,0.27755295450805517
801187,0.9975331056240505
801188,0.962517602835486
801189,0.9985901438113369
801190,0.8783235261680764
801191,0.6907395485475469
801192,0.9999846224158512
801193,0.9999884416827635
801194,0.3590581896231131
801195,0.6130593338571764
801196,0.02093251331803891
801197,0.9981355443385219
801198,0.16682801020197663
801199,0.9954491449046301
801200,0.9999070187222379
801201,0.9971513121079305
801202,0.9999309678938727
801203,0.6745317862492153
801204,0.9999602518196238
801205,0.4580181214830056
801206,0.7556571698384886
801207,0.9998477889554951
801208,0.3550369074949503
801209,0.7464911089055785
801210,0.8470060530016046
801211,0.935425295919833
801212,0.014623239996521275
801213,0.9934719972320898
801214,0.34435772862796377
801215,0.5590824701914501
801216,0.9597759853259791
801217,0.7716616746343775
801218,0.9999675782157944
801219,0.09398210516923573
801220,0.9998027678519419
801221,0.9915875009400303
801222,0.5302807963741625
801223,0.9999715066255503
801224,0.043954540765020284
801225,0.9992283311673837
801226,0.8829819904804133
801227,0.9608737435126924
801228,0.9056950384902906
801229,0.9986774180827067
801230,0.5165428073729504
801231,0.05566653817146997
801232,0.8494132286714874
801233,0.9892635787494515
801234,0.2246598576200127
801235,0.9996743557317223
801236,0.03608084159285303
801237,0.3959335778575672
801238,0.9945356117132348
801239,0.29432126031643097
801240,0.9983014480072439
801241,0.029764276504511335
801242,0.066956129713625
801243,0.14692681506654098
801244,0.9997866030060769
801245,0.9971543860116503
801246,0.9998492400641241
801247,0.507340458444711
801248,0.43008197149158056
801249,0.011184688746991675
801250,0.9999686856531476
801251,0.9995063718135864
801252,0.9992986559993773
801253,0.9999874945431917
801254,0.8505753710197097
801255,0.9974211375216675
801256,0.11131755935679871
801257,0.9491041295534939
801258,0.6569928623025718
801259,0.999512615248231
801260,0.9597581952446016
801261,0.5900172482336432
801262,0.9782914501875536
801263,0.9757985138202225
801264,0.9578751876653326
801265,0.9570621850609272
801266,0.9998161053132685
801267,0.5051955162796025
801268,0.9696551782109506
801269,0.9923334293858755
801270,0.9999688100485977
801271,0.40773153756312697
801272,0.997546278522591
801273,0.9996770158559893
801274,0.3998291322964908
801275,0.9996005457672428
801276,0.9996875957081881
801277,0.9996414270094336
801278,0.00947594481247799
801279,0.9996553105274925
801280,0.9351952664850933
801281,0.9988858588817134
801282,0.9993805986180098
801283,0.9971371382336862
801284,0.9826493573591271
801285,0.854910690640863
801286,0.9937634515161722
801287,0.9996370330139942
801288,0.9996071709915875
801289,0.16727042257985042
801290,0.9851266463863855
801291,0.508460959915009
801292,0.038957705355230327
801293,0.04531862449090324
801294,0.08933670990541817
801295,0.9937360325989404
801296,0.08600823817926966
801297,0.9774630190469744
801298,0.9999254037601729
801299,0.05527552478954249
801300,0.10903696144509528
801301,0.9989592981421072
801302,0.0055848824853426595
801303,0.9996772483612344
801304,0.12156494478732088
801305,0.7672793804234246
801306,0.9998674608268903
801307,0.9997881746429538
801308,0.9999025318631823
801309,0.9998103077761415
801310,0.011848857131541178
801311,0.2849710604103598
801312,0.9977267948691015
801313,0.9725475619147392
801314,0.5168785406225603
801315,0.9983620793773277
801316,0.08325368491482796
801317,0.6093622953400881
801318,0.1182877936190963
801319,0.9932551873866211
801320,0.9995482716958037
801321,0.8686816571130238
801322,0.19390323312717572
801323,0.9823691933972234
801324,0.05417803750139435
801325,0.9898878333915555
801326,0.9988502232849223
801327,0.9998921067196488
801328,0.8948163191013927
801329,0.9998798490593148
801330,0.9953647138849293
801331,0.939826855999867
801332,0.6909626812789599
801333,0.1291490090050404
801334,0.9751366562318147
801335,0.041477991052199986
801336,0.13615238113564196
801337,0.970523636415023
801338,0.988531883677477
801339,0.9956613233493548
801340,0.06314193355129075
801341,0.9965298804812962
801342,0.528298776559196
801343,0.7180728251312782
801344,0.9998706642247099
801345,0.16106310970769672
801346,0.9894292864179942
801347,0.3301923995943298
801348,0.9995967947149828
801349,0.9880080877599762
801350,0.9902556990881135
801351,0.9998648571838739
801352,0.17254474143311427
801353,0.9923336434783836
801354,0.9998612155182678
801355,0.9327160137620392
801356,0.8538999116831948
801357,0.3881239346707901
801358,0.904406596541802
801359,0.9996694285409411
801360,0.9989858960015231
801361,0.34458963948847343
801362,0.9960138354124342
801363,0.6011907257417084
801364,0.47919535469075913
801365,0.7773224980529295
801366,0.016580286304265158
801367,0.7187470844063921
801368,0.9998064241382634
801369,0.04968349562711742
801370,0.998224182993829
801371,0.8474850228283378
801372,0.8729702821397942
801373,0.12466333083629609
801374,0.811393335786194
801375,0.9987810345878086
801376,0.9937262919754605
801377,0.01509193948513486
801378,0.8740712325617856
801379,0.6759773852742297
801380,0.9980782335535985
801381,0.0878805750201467
801382,0.8119838931237142
801383,0.739230197699613
801384,0.7888177854552454
801385,0.9999787869837569
801386,0.999614510917386
801387,0.20273518830495088
801388,0.587522287490924
801389,0.9715489891841764
801390,0.6031208067876296
801391,0.5491949753963048
801392,0.6918073925765895
801393,0.814823605977486
801394,0.8059600507721716
801395,0.9412428724936562
801396,0.9994378865079168
801397,0.9983155019396015
801398,0.9803418114797547
801399,0.9974461350478026
801400,0.44545773599526733
801401,0.6061146519006775
801402,0.9998245313981271
801403,0.9903072969209188
801404,0.9946276192454623
801405,0.4378814051567782
801406,0.9998953943504751
801407,0.9823809500826413
801408,0.79518757459037
801409,0.9987264097342141
801410,0.9353044119219792
801411,0.051094665389208274
801412,0.007259916002142
801413,0.31481740949638043
801414,0.5999204598828483
801415,0.37176303243368003
801416,0.9993392761252178
801417,0.9998149073521203
801418,0.9953524118307832
801419,0.004857966037576849
801420,0.9999646239698898
801421,0.9977877396819235
801422,0.5239561519733413
801423,0.26161178141119645
801424,0.9997782306261909
801425,0.4856291323268353
801426,0.9943239798591009
801427,0.3438575734107668
801428,0.013102549955738271
801429,0.9998886820800506
801430,0.9849912601736643
801431,0.998274569531586
801432,0.05576491286352274
801433,0.3346772988988136
801434,0.998619321329715
801435,0.529569448305847
801436,0.4903453950736628
801437,0.4392981707061533
801438,0.9975463676540075
801439,0.6923632755082486
801440,0.852761590297207
801441,0.7084910204275573
801442,0.9407018053753171
801443,0.7597508723186778
801444,0.7635572869585491
801445,0.007868662498972568
801446,0.9995882557011502
801447,0.9901046784362095
801448,0.9998367005873523
801449,0.7633627002523388
801450,0.8342558049062248
801451,0.9999624282321694
801452,0.9998080201624487
801453,0.9496627032563822
801454,0.9998698819626264
801455,0.9156752096564991
801456,0.9998613421591473
801457,0.09436667264562439
801458,0.6146452194865956
801459,0.9996030344744316
801460,0.19277349067442023
801461,0.02938994846894924
801462,0.6678080137205682
801463,0.965149595419811
801464,0.9883922366502109
801465,0.2511173294840481
801466,0.7666360464419459
801467,0.22820987494055514
801468,0.03494904687171082
801469,0.13762443580144798
801470,0.9994623977557396
801471,0.9999894799421919
801472,0.04210490509596382
801473,0.8635062457843753
801474,0.452515205650339
801475,0.5442458068491565
801476,0.8417564155100996
801477,0.9845887858940132
801478,0.996051876589254
801479,0.9952861338870298
801480,0.9653879154036162
801481,0.9999588056192732
801482,0.9815526196914499
801483,0.9999791970491194
801484,0.13640780103401118
801485,0.9990045340948173
801486,0.9995504103515034
801487,0.7621778929103581
801488,0.6127125950346453
801489,0.9818215735742037
801490,0.5478055452972184
801491,0.9999133518529761
801492,0.2017396305476479
801493,0.998167054000961
801494,0.9990272520974351
801495,0.76545078495099
801496,0.0218520082293785
801497,0.9446357507099317
801498,0.5552061513187017
801499,0.025283103405747357
801500,0.999742087980459
801501,0.999270451335672
801502,0.9996651605046898
801503,0.998511434045886
801504,0.9999742922464973
801505,0.2380938025192497
801506,0.022825431166018973
801507,0.7600621341234164
801508,0.3248979784758409
801509,0.9181265409627763
801510,0.007494855494917451
801511,0.2083829240456387
801512,0.9893912746468538
801513,0.9998801347556128
801514,0.8225713723713839
801515,0.9994678548055382
801516,0.28923314160298746
801517,0.9876941457193998
801518,0.9999640413413939
801519,0.5633217675461983
801520,0.012457150775200945
801521,0.9996235558373583
801522,0.2374010635936312
801523,0.2759918427694069
801524,0.09778270996161108
801525,0.7612253221388116
801526,0.9999688912677074
801527,0.999636772224953
801528,0.06481020017569147
801529,0.27510586167157686
801530,0.998820807613207
801531,0.011247125956389385
801532,0.9908654558079664
801533,0.9999738507392282
801534,0.6956353537399995
801535,0.07724294312764027
801536,0.7629349797105281
801537,0.9700660616072424
801538,0.08389041222956237
801539,0.3526938342692356
801540,0.9996493204560207
801541,0.031105430590930207
801542,0.9999413685534622
801543,0.9963240567415682
801544,0.9999388658726154
801545,0.9998947914412166
801546,0.9999571367364071
801547,0.9812840938962204
801548,0.5617955970668586
801549,0.6128614254109157
801550,0.9998352774063918
801551,0.18546039968671874
801552,0.9668405132442642
801553,0.9998692750570604
801554,0.9602528261949768
801555,0.9999057038270546
801556,0.6753849629001398
801557,0.991238246429238
801558,0.9999729261410462
801559,0.09808993206447726
801560,0.9695356374412625
801561,0.9995335226565427
801562,0.013468319323545176
801563,0.9670390991356672
801564,0.999991003998292
801565,0.047762328966036646
801566,0.9955431387639371
801567,0.06289408754903433
801568,0.9997550307065995
801569,0.9993479135544572
801570,0.958235838584949
801571,0.28645346600734567
801572,0.9868838686071901
801573,0.5730063879198202
801574,0.9850610368737056
801575,0.9210074875037344
801576,0.08681293143778201
801577,0.9999757877307672
801578,0.9926459339078826
801579,0.5007475261427775
801580,0.9999815459215361
801581,0.9997588826716854
801582,0.9750265370526808
801583,0.36605157426816654
801584,0.9999840180560093
801585,0.024190557798902727
801586,0.664758345405425
801587,0.8285968512485552
801588,0.9949029361627977
801589,0.996139839713809
801590,0.9873891825080997
801591,0.7754982949951469
801592,0.9994654757951891
801593,0.43269457330307926
801594,0.01673767843715099
801595,0.9785748587543295
801596,0.9984269434363053
801597,0.008162510979557818
801598,0.2113639597702583
801599,0.9998555495275017
801600,0.9907061676114179
801601,0.6101626691073228
801602,0.999774841141251
801603,0.9970748547684638
801604,0.9959618723422459
801605,0.0011814402828915357
801606,0.9999435431178768
801607,0.6381767588343707
801608,0.9594413175467403
801609,0.6663366667380816
801610,0.5780131807934389
801611,0.9168917177592282
801612,0.5780977032525701
801613,0.1339275316582173
801614,0.9998999591323419
801615,0.19147930620870846
801616,0.9949347624248779
801617,0.7099153313352535
801618,0.8456488399291069
801619,0.9994330541963903
801620,0.979498854334034
801621,0.44476400633071805
801622,0.9935946736167975
801623,0.740155717047639
801624,0.8901391674982873
801625,0.9963241600768167
801626,0.9995563570587692
801627,0.06944021864146747
801628,0.9998371184555
801629,0.9999652715390621
801630,0.9998987529467983
801631,0.5302006970272592
801632,0.3987110700384097
801633,0.99994771374098
801634,0.7904548439625836
801635,0.8318260715260717
801636,0.9999871492949183
801637,0.9917711938495886
801638,0.9223713755217591
801639,0.9366968595707711
801640,0.9994631939367952
801641,0.9981106879404822
801642,0.9994143996753335
801643,0.9975723468717956
801644,0.7309372493365154
801645,0.9999809879318666
801646,0.842049100053009
801647,0.4617716801511592
801648,0.9995355846171667
801649,0.9998835569473575
801650,0.6600737785338604
801651,0.6368619719373295
801652,0.9995282830550964
801653,0.7811866269958012
801654,0.9988842401958049
801655,0.9994442212848704
801656,0.9964415134447724
801657,0.05428472631421286
801658,0.996104773637766
801659,0.5123133799973354
801660,0.5301997359439475
801661,0.9686359009871586
801662,0.9995312130107552
801663,0.9996794226383034
801664,0.9993972630527472
801665,0.9707946661262965
801666,0.03369774435569729
801667,0.9985368002714178
801668,0.9367517338801605
801669,0.9980785836353105
801670,0.999966352140926
801671,0.9419415647396152
801672,0.7251969543221953
801673,0.00795239764821305
801674,0.7769956893943624
801675,0.19525095158757674
801676,0.566849761035936
801677,0.05223271731261076
801678,0.10781668411963749
801679,0.9998339945770484
801680,0.999696880854666
801681,0.28427446005857226
801682,0.9928339812480285
801683,0.4906656287528669
801684,0.9922094874900055
801685,0.9999556017635527
801686,0.9981336100524241
801687,0.9997068610329858
801688,0.27984972810145653
801689,0.9950799201650476
801690,0.9995585331398384
801691,0.7882626328659076
801692,0.9982163199238683
801693,0.6701494773773742
801694,0.028727913628559285
801695,0.053948845202650086
801696,0.5766620779111185
801697,0.6773420181972658
801698,0.4825287188885903
801699,0.9957640354582212
801700,0.9263952582037889
801701,0.9993804903947685
801702,0.23675623311556648
801703,0.15116298151043583
801704,0.07039831236320264
801705,0.9473627793509565
801706,0.999820494125999
801707,0.999955226955713
801708,0.6763758872496818
801709,0.3220805644089032
801710,0.9997882001889717
801711,0.9361959030436988
801712,0.9867904857475924
801713,0.99877413432485
801714,0.9994379323204009
801715,0.9963496109629979
801716,0.9964457455698112
801717,0.04980085727528831
801718,0.9998777412013939
801719,0.9125294112415664
801720,0.7788608400425623
801721,0.4283516535980352
801722,0.5058463806889898
801723,0.5401606646373065
801724,0.05307247078636569
801725,0.996880962562787
801726,0.7238353636163185
801727,0.008133561066013928
801728,0.9987197363269908
801729,0.4168661099018903
801730,0.9983295088423457
801731,0.8834948589629109
801732,0.9997114085129711
801733,0.6330851599387869
801734,0.2672725418027728
801735,0.9972884791632556
801736,0.9988134952715453
801737,0.2827912000335366
801738,0.001457580208909675
801739,0.9999881642777032
801740,0.9619665864220825
801741,0.9999682228472382
801742,0.003681211033867758
801743,0.23922230576655093
801744,0.9998422909088269
801745,0.3578688551229074
801746,0.9992929494250263
801747,0.9997891240742708
801748,0.9880851733554834
801749,0.49635480047935066
801750,0.027059844203684305
801751,0.9993769234166131
801752,0.996080296653207
801753,0.18518771273163323
801754,0.08600358858153112
801755,0.6511077191169289
801756,0.999907014940515
801757,0.43330725446621704
801758,0.9994043598512745
801759,0.7658197699873213
801760,0.6415020518970023
801761,0.9943287313840425
801762,0.5783181605743368
801763,0.4395506130277621
801764,0.9976468222294236
801765,0.5899278786157989
801766,0.0708870722892714
801767,0.9851387122734476
801768,0.7779696208772918
801769,0.5042817462464106
801770,0.9938782848215374
801771,0.5419582481656764
801772,0.9925385966429986
801773,0.10840244517658645
801774,0.4684143205312844
801775,0.9998198032822508
801776,0.9960779858973021
801777,0.9988791536742907
801778,0.8210517010779497
801779,0.9994371522204638
801780,0.9587134403136128
801781,0.016966582928157118
801782,0.1264193646115118
801783,0.24839651125886836
801784,0.9998334092512327
801785,0.9995134631536757
801786,0.6916725597079127
801787,0.999997196483982
801788,0.9995975118499181
801789,0.08741316282688971
801790,0.8209309532810317
801791,0.08693762489719328
801792,0.8888941649516249
801793,0.9142660645486831
801794,0.20268146427931824
801795,0.9507253820376296
801796,0.9998768767906702
801797,0.1467047541231375
801798,0.40079355434533015
801799,0.9957255142152366
801800,0.007171246503249958
801801,0.9993919793472286
801802,0.9816553199513589
801803,0.12961424038904157
801804,0.9994425086403106
801805,0.08885244170076778
801806,0.7185854702395691
801807,0.9541612060202659
801808,0.9288412996842945
801809,0.99901444193849
801810,0.6396308592026597
801811,0.9990071632793778
801812,0.13011546114154943
801813,0.47841849044800017
801814,0.20599869221391456
801815,0.7776730382506027
801816,0.18608436761376335
801817,0.8740023750179138
801818,0.9384751220284155
801819,0.24350985624019433
801820,0.2701559830421604
801821,0.995779447490832
801822,0.9989112262251829
801823,0.8742903322224294
801824,0.10502637819051458
801825,0.4365188641157385
801826,0.9993299688761417
801827,0.9998355956039867
801828,0.108830451588988
801829,0.00932046804782725
801830,0.9995750511993279
801831,0.9999422761396742
801832,0.035670030366845476
801833,0.9997759157043731
801834,0.9975373650881196
801835,0.9998493784985892
801836,0.46329450344170836
801837,0.044151521258177714
801838,0.716325499291026
801839,0.8748052151193437
801840,0.45852097710012113
801841,0.9698378702247465
801842,0.835053750848449
801843,0.9979466214516455
801844,0.9998775976100759
801845,0.7269651003470736
801846,0.9993642560949717
801847,0.9993891613364426
801848,0.9874193313258319
801849,0.9661713946978745
801850,0.9943313852517378
801851,0.9994080384281177
801852,0.9999640990884402
801853,0.15928316264256695
801854,0.9998523112466895
801855,0.9999885382968747
801856,0.04579813452910644
801857,0.9937624546354756
801858,0.12218552859764809
801859,0.957899062356202
801860,0.9768185857979284
801861,0.9867528327485338
801862,0.4535217589951137
801863,0.996919938406863
801864,0.9981761507628653
801865,0.12440587269001882
801866,0.9999334052127024
801867,0.999837009498843
801868,0.0028125065929238565
801869,0.9972789521655077
801870,0.999849535122086
801871,0.9997638116956842
801872,0.9994422223788837
801873,0.9953395100296445
801874,0.9996122974508131
801875,0.9631030360823098
801876,0.5259981820178952
801877,0.9999700523336658
801878,0.40662457938244456
801879,0.9620543390723882
801880,0.9567129347797705
801881,0.998465558098387
801882,0.005344284488978382
801883,0.17812979443104143
801884,0.9998919318537022
801885,0.28307108318149354
801886,0.07028579662900021
801887,0.31780154053301346
801888,0.6444105359544714
801889,0.016915977943876653
801890,0.9846250605312469
801891,0.0296739562990801
801892,0.036911376976640924
801893,0.79841525217267
801894,0.9946756013514213
801895,0.7895451235069596
801896,0.0273294030678668
801897,0.16846148607427663
801898,0.9901000826752921
801899,0.9152580338478995
801900,0.9997193065344224
801901,0.45606880366785874
801902,0.0785262839720186
801903,0.552816638594308
801904,0.999166342841227
801905,0.4297542301981625
801906,0.9915236094265115
801907,0.018574946848992132
801908,0.998433949917829
801909,0.025546686687688093
801910,0.9972557970494793
801911,0.9999591685170077
801912,0.9206964441515539
801913,0.9997159026665166
801914,0.022850555530713277
801915,0.06464791539813491
801916,0.9121741682269549
801917,0.03035598800296561
801918,0.6923112659562862
801919,0.03377555001951078
801920,0.9998522361055515
801921,0.24115999109416777
801922,0.10181513880067014
801923,0.3654406233219545
801924,0.9789301560838637
801925,0.9999317679217004
801926,0.2333598352316877
801927,0.9969394004829106
801928,0.9997571847491247
801929,0.9998717689551053
801930,0.20347451629215213
801931,0.9994032869991365
801932,0.695621947036558
801933,0.9999861199990234
801934,0.8056221090155022
801935,0.059294484240865676
801936,0.9998185824157446
801937,0.9998725184795227
801938,0.7665352746730779
801939,0.992058726831614
801940,0.9994497689118804
801941,0.8734079027784474
801942,0.9938775228862469
801943,0.8322458164604505
801944,0.9990880895513605
801945,0.35486354224765776
801946,0.21214607943681205
801947,0.9971552968536376
801948,0.2630218084877109
801949,0.7925016497882891
801950,0.999668398481572
801951,0.9995982489423436
801952,0.6533886291907738
801953,0.009677970787432095
801954,0.788911392027908
801955,0.36344805340785535
801956,0.9992527297378399
801957,0.06182074432440617
801958,0.9704831262235241
801959,0.6986225237318527
801960,0.32148465334115855
801961,0.999987002120185
801962,0.9999653233128616
801963,0.9996634486950092
801964,0.5717105096324189
801965,0.9600085894083352
801966,0.9982388170812161
801967,0.9736287821935737
801968,0.7701287067115781
801969,0.024852222468599576
801970,0.9779062532673
801971,0.999974082729749
801972,0.999578681508553
801973,0.9296644334090383
801974,0.5994889574160581
801975,0.06046769831618254
801976,0.3194584590872208
801977,0.9970988430553818
801978,0.03265000134459014
801979,0.9997201454824272
801980,0.41688672129240684
801981,0.9983550228250535
801982,0.9963194517993063
801983,0.9998680132764538
801984,0.9996121832636676
801985,0.7468975556346201
801986,0.8879428470357832
801987,0.9215148808102427
801988,0.025182403089967668
801989,0.9990583388513902
801990,0.42542270996318216
801991,0.8536138714430429
801992,0.9998018172068726
801993,0.9591716856068807
801994,0.44951277542720197
801995,0.24387079634675507
801996,0.11506347023002897
801997,0.04264673495195584
801998,0.7100569615565474
801999,0.0897247006647926
802000,0.9369368593277951
802001,0.999935687076422
802002,0.9349664009772348
802003,0.9999596234001988
802004,0.018314797323087214
802005,0.9998861289137969
802006,0.8311552205048757
802007,0.9994066366998386
802008,0.29245294021188345
802009,0.9584364977652824
802010,0.4686092006200499
802011,0.02326853963988064
802012,0.9996807440651286
802013,0.25916341654673636
802014,0.9981519975532727
802015,0.01235084611470051
802016,0.999739044133594
802017,0.20436569225520368
802018,0.03963573197049447
802019,0.829955983946467
802020,0.9881195170717758
802021,0.9986136529384595
802022,0.9984025517124283
802023,0.9993613720124375
802024,0.9905602267202755
802025,0.052379585095517156
802026,0.9943906619561467
802027,0.9960267168572395
802028,0.4968772463848272
802029,0.9869224502454882
802030,0.7762134944170231
802031,0.9883758518129049
802032,0.27550328110774425
802033,0.01617622143183795
802034,0.9930913915250807
802035,0.9887984093889497
802036,0.8990922240244401
802037,0.9611742956322185
802038,0.4351002347548566
802039,0.9947346089305448
802040,0.7258762584907771
802041,0.9976071605361077
802042,0.5913681059204476
802043,0.9962643184986854
802044,0.9991145114768615
802045,0.9998637304208549
802046,0.8218322771618154
802047,0.9994202988868987
802048,0.9998300566280764
802049,0.6525781214114315
802050,0.9999446604090175
802051,0.06910110737379538
802052,0.9999593645931317
802053,0.9890598803866368
802054,0.10608225290295613
802055,0.9993639113891596
802056,0.6809990135393911
802057,0.9996673080866043
802058,0.5149248135894335
802059,0.9992311821378768
802060,0.11744294011549453
802061,0.999293695117844
802062,0.9267473018804555
802063,0.9998001700809511
802064,0.7843343332986493
802065,0.8154494329578386
802066,0.42219544534405984
802067,0.132244239753525
802068,0.999645493962422
802069,0.9997706101969042
802070,0.4716642072540513
802071,0.9947622394823089
802072,0.9995976688370865
802073,0.36926923769563386
802074,0.9023302571828564
802075,0.07040142967136923
802076,0.9821696833673768
802077,0.9999834611597068
802078,0.9906485982585221
802079,0.9998840886182024
802080,0.02117739073190873
802081,0.09337094981069585
802082,0.33017026109752434
802083,0.9973922457950747
802084,0.9998137259409359
802085,0.9966789203174836
802086,0.039078285239345444
802087,0.9132050192724064
802088,0.8401883613921483
802089,0.9996083246941709
802090,0.9998826111654397
802091,0.9205239318382108
802092,0.999954863259865
802093,0.06377495130715312
802094,0.9997172696021914
802095,0.9980994379177611
802096,0.45357156480497574
802097,0.9972528634761619
802098,0.9948715697386545
802099,0.04408316734979592
802100,0.941436082395422
802101,0.9999131592048308
802102,0.9997992372513986
802103,0.7805639026910812
802104,0.9990176636725459
802105,0.9947379389705391
802106,0.9958900830957971
802107,0.032094679723243896
802108,0.910010987771621
802109,0.6883476387714473
802110,0.9967172077548555
802111,0.999255132656486
802112,0.19669965440361578
802113,0.8079287788673406
802114,0.793621612892891
802115,0.999884263613896
802116,0.7764065542862809
802117,0.8025735817985241
802118,0.004362349553828572
802119,0.8561222257719956
802120,0.9998219029248194
802121,0.7629671564491299
802122,0.9578831187726791
802123,0.010040027893199209
802124,0.9991096217693387
802125,0.9995833988360512
802126,0.08619473201978903
802127,0.9978419087334707
802128,0.9972136443969949
802129,0.9877306700282465
802130,0.999875758683454
802131,0.6252787790422725
802132,0.944422226112918
802133,0.9838953690642701
802134,0.9819684817027328
802135,0.3323390566999294
802136,0.07430997166909592
802137,0.44144438380673534
802138,0.07371749671692823
802139,0.9286787288590421
802140,0.9988502134874719
802141,0.9991812970967081
802142,0.854471059151696
802143,0.02185910039171106
802144,0.9920859458926041
802145,0.18799234602570042
802146,0.8248770215495117
802147,0.24867547367939724
802148,0.9998743087449038
802149,0.9999353097114481
802150,0.9983177088011679
802151,0.06653330551107964
802152,0.9997776144631065
802153,0.8061324778413079
802154,0.9815348253338947
802155,0.9951412509010829
802156,0.9987576800083335
802157,0.9771019250483608
802158,0.0023370439919352588
802159,0.06823931600859448
802160,0.9917249548438383
802161,0.6056709355979674
802162,0.9937237384589688
802163,0.580609902487924
802164,0.18554542614249608
802165,0.9999767357135019
802166,0.9949896692302456
802167,0.9819382219111592
802168,0.05982383161058213
802169,0.2793243955463688
802170,0.9697559992114864
802171,0.22886088248472217
802172,0.6198674292701298
802173,0.9982173361734856
802174,0.01218044775293502
802175,0.9973218122036422
802176,0.966797092035319
802177,0.9961102142169134
802178,0.8368930616261856
802179,0.9906345639272762
802180,0.8712785465149662
802181,0.9996658133889804
802182,0.7864374537228688
802183,0.43231426941026074
802184,0.9978223459324158
802185,0.9842305250056484
802186,0.01467761669496973
802187,0.07033777271895401
802188,0.8458188478988748
802189,0.9962662599211579
802190,0.997003105246758
802191,0.7579685509238375
802192,0.9998171870042925
802193,0.9982645119515817
802194,0.9422107704402449
802195,0.9326328966216791
802196,0.9981434460172713
802197,0.9998528311698504
802198,0.7953562500337996
802199,0.3045297693199497
802200,0.2983182363956337
802201,0.11353217657948636
802202,0.9980099226950585
802203,0.9997799923901756
802204,0.9297234004888633
802205,0.873691330832616
802206,0.9802265960388601
802207,0.9942994440487503
802208,0.7686574465966647
802209,0.6697564734472169
802210,0.14270781153081977
802211,0.9999432649335319
802212,0.07226010019916514
802213,0.9980890628573138
802214,0.036579091850383307
802215,0.9987266170625173
802216,0.9964390200271682
802217,0.2752599624775932
802218,0.9847980349124689
802219,0.9971326004149144
802220,0.27898840400197994
802221,0.9997276436691462
802222,0.63296539222195
802223,0.9967575616106414
802224,0.05227941750971385
802225,0.9951764489028201
802226,0.6288639940555707
802227,0.9479600920939479
802228,0.9875127205515768
802229,0.9970109575284092
802230,0.9999444871667116
802231,0.8604389438987747
802232,0.9965724417741654
802233,0.8266951946460148
802234,0.9654541845819545
802235,0.046832919519223165
802236,0.9998922394422463
802237,0.24558684816624765
802238,0.9984135929539921
802239,0.7857768892445963
802240,0.1091687010206244
802241,0.35740804360859313
802242,0.9956772730749032
802243,0.999718315567414
802244,0.6351044126328931
802245,0.9914791567242148
802246,0.9579023656848933
802247,0.9999962566117278
802248,0.0026111233830529894
802249,0.9744342226017675
802250,0.6978469930132035
802251,0.9957014015400873
802252,0.007863748044325141
802253,0.9930903008689054
802254,0.9998072976352976
802255,0.9999545891179344
802256,0.09233704647510824
802257,0.919839420864039
802258,0.01779550051806992
802259,0.9808266584215163
802260,0.9952630608274968
802261,0.17700545037499116
802262,0.9938825655844147
802263,0.9999119097141167
802264,0.9745013702238512
802265,0.9974372428356628
802266,0.09675259375639873
802267,0.046121412654890115
802268,0.9055704097306014
802269,0.8333459379530771
802270,0.7660793361528127
802271,0.9998688816239057
802272,0.35844370313014035
802273,0.10268631423476082
802274,0.7744625481877343
802275,0.9999172468425062
802276,0.9995191568755271
802277,0.8559884956241843
802278,0.2308343665861423
802279,0.999727529855573
802280,0.9926855467775785
802281,0.9945488712247794
802282,0.4156817145648294
802283,0.9999930668014129
802284,0.06749378159322741
802285,0.9903569234728604
802286,0.7751283098033528
802287,0.0031711900076864686
802288,0.9989935799898666
802289,0.9998543083164507
802290,0.9963100726923391
802291,0.6754372222949476
802292,0.9998205940982339
802293,0.8893353727314459
802294,0.6223371470841732
802295,0.7823223540833228
802296,0.9993712010204586
802297,0.999825801916759
802298,0.25238571956116707
802299,0.24026160463768909
802300,0.99615391887154
802301,0.040455452471758566
802302,0.6849640611538265
802303,0.9498256371472766
802304,0.25440477866375594
802305,0.01943050313614405
802306,0.07896304245570587
802307,0.9994870818210864
802308,0.7594518834412992
802309,0.9818109653249589
802310,0.9759918435454054
802311,0.014908362453211386
802312,0.6160740936622713
802313,0.9980953355906073
802314,0.9147188542657355
802315,0.9995873630400759
802316,0.9478768834986679
802317,0.3703416397356451
802318,0.9975370627180201
802319,0.4593220367261319
802320,0.993522979452816
802321,0.9983141699554383
802322,0.2775805437065661
802323,0.9810832317970581
802324,0.9815742901285704
802325,0.9995337176004226
802326,0.3916356474129401
802327,0.6401940266953228
802328,0.3824199035169825
802329,0.9301341770765995
802330,0.15430664290953147
802331,0.9567990170783994
802332,0.9470511343062172
802333,0.9998079911830933
802334,0.866443947099613
802335,0.8452267819784103
802336,0.8231498277086405
802337,0.9999694625552362
802338,0.9520566797925984
802339,0.9995707207508691
802340,0.9997777738235192
802341,0.9974653871382799
802342,0.0825389335934324
802343,0.9998528242546814
802344,0.2301312036109494
802345,0.9817437763286652
802346,0.9866869022793354
802347,0.9795711717139438
802348,0.9988784013768649
802349,0.9949075918079056
802350,0.9903067745769015
802351,0.18327930539443288
802352,0.999756863946079
802353,0.5756802747927265
802354,0.9990164948081579
802355,0.5604557063524681
802356,0.47380973220630684
802357,0.9897936180375304
802358,0.9740576135493542
802359,0.9902585700347346
802360,0.9249628114259719
802361,0.5565160342206216
802362,0.014598747317076995
802363,0.9997885458420517
802364,0.7893884220318357
802365,0.999444166603775
802366,0.9998768432063709
802367,0.02897917721688455
802368,0.6403492441257976
802369,0.995250783282918
802370,0.6335677773553372
802371,0.99766612600985
802372,0.9998900125850126
802373,0.9574628714897288
802374,0.9860764552336192
802375,0.9997681342021423
802376,0.8626638701736508
802377,0.9979950729116844
802378,0.7437681858565737
802379,0.004536549203114718
802380,0.9288162159422659
802381,0.9837923577218064
802382,0.9982228336913135
802383,0.9956299310074198
802384,0.9984707798228036
802385,0.04671313730640255
802386,0.9978712608343085
802387,0.8367444966532003
802388,0.6537033669022803
802389,0.9977883961193477
802390,0.9939437645122061
802391,0.019986280081636547
802392,0.9381091884062822
802393,0.41041006176591366
802394,0.9982125253923645
802395,0.9924595098872293
802396,0.0788370580346594
802397,0.9992637120460063
802398,0.7730122222470552
802399,0.9965174689842371
802400,0.9997695927698182
802401,0.999812503903676
802402,0.9999137290538407
802403,0.9732682482929162
802404,0.9996519765523934
802405,0.9922289147253756
802406,0.8500403374772889
802407,0.005997020367355043
802408,0.24454314472806138
802409,0.05302960770096592
802410,0.9994877694937738
802411,0.8349640775767884
802412,0.9776515362011629
802413,0.028718435653204345
802414,0.7221559579729199
802415,0.4963328983605718
802416,0.7727320092540748
802417,0.9995409422530166
802418,0.9160334666074125
802419,0.9957774591499022
802420,0.9822481743702678
802421,0.9983944940571177
802422,0.9994845892562794
802423,0.977991071476847
802424,0.5890582577151883
802425,0.834552390414624
802426,0.010779800672999246
802427,0.9993780656217583
802428,0.9990470802839143
802429,0.9998964975340099
802430,0.3074996835087216
802431,0.9038151357312698
802432,0.9993965505744883
802433,0.15846454536374946
802434,0.9986663564609111
802435,0.05813147987679236
802436,0.9836285809791874
802437,0.03927740537846707
802438,0.998796359845016
802439,0.300762608669152
802440,0.708468290579463
802441,0.9970923809841901
802442,0.24236973963632485
802443,0.7106889978319351
802444,0.9998929374446293
802445,0.17213739441446974
802446,0.021798545297916222
802447,0.5415839201764331
802448,0.8245617147935629
802449,0.825771039275162
802450,0.7916476806016431
802451,0.9976813585987836
802452,0.9638054970705692
802453,0.9974356047472573
802454,0.07195500548216109
802455,0.9849375056300578
802456,0.8954752896025496
802457,0.4107602256676608
802458,0.6579121449003869
802459,0.00842710919799869
802460,0.7310078201068176
802461,0.9802421547564661
802462,0.3541096304177117
802463,0.8608527130616951
802464,0.9999533788697306
802465,0.9947774604043602
802466,0.9971597743140745
802467,0.047452312265943035
802468,0.921914045062942
802469,0.9726164834515361
802470,0.9999944969502907
802471,0.9998977813856464
802472,0.06963560619055342
802473,0.9931706620715436
802474,0.20368399677990884
802475,0.9995330640140349
802476,0.421351905276595
802477,0.7574480126216371
802478,0.9429547556617739
802479,0.6200655790799099
802480,0.17438615673376498
802481,0.8752863032782813
802482,0.020099454603957304
802483,0.7819035109007175
802484,0.0023593185344748632
802485,0.6888696024966305
802486,0.7314909475698147
802487,0.0044709431007696025
802488,0.9994670712882929
802489,0.999798063011616
802490,0.9921928394632189
802491,0.9281345819983743
802492,0.02280189313889705
802493,0.9994554305664969
802494,0.999980934085593
802495,0.9997712346591263
802496,0.0727108849998995
802497,0.9961434062856618
802498,0.9461190030237976
802499,0.9669711958736206
802500,0.9731581302030998
802501,0.9076769472635069
802502,0.9999052411192102
802503,0.9999389625043118
802504,0.48676119192117406
802505,0.9858074210108232
802506,0.037580209342079174
802507,0.9997042660308626
802508,0.996612775562938
802509,0.925543324949341
802510,0.016951716721881217
802511,0.07745214990237724
802512,0.9409880984659953
802513,0.8338015748104454
802514,0.9951238249122137
802515,0.9290499166468947
802516,0.07996206808040282
802517,0.7374173731449489
802518,0.7143399218346123
802519,0.9999031414190765
802520,0.9938993832387698
802521,0.9971071815528909
802522,0.5625651497460048
802523,0.07798508572164908
802524,0.9990918831439757
802525,0.9986085625702749
802526,0.9211773638512167
802527,0.9832398707478894
802528,0.3203716632114725
802529,0.9353066928356844
802530,0.025205690814781433
802531,0.5537812800716165
802532,0.09198282560470047
802533,0.34486158856322024
802534,0.9999770443790035
802535,0.9999626856484483
802536,0.132683101172971
802537,0.079974530176795
802538,0.890910690565752
802539,0.9999368518974451
802540,0.5070090237638618
802541,0.9972824293587983
802542,0.9998759429458152
802543,0.632610574794823
802544,0.037619598673873114
802545,0.34511124786177827
802546,0.06522335197674452
802547,0.006135189126398211
802548,0.9999408451879934
802549,0.9990693949404263
802550,0.9483389590037872
802551,0.7204062746640834
802552,0.999940144468503
802553,0.418280984955525
802554,0.9997426534262688
802555,0.9912011023114823
802556,0.7772617423088919
802557,0.18400453141349915
802558,0.9982198180774442
802559,0.9996954086075398
802560,0.9999163464369202
802561,0.9976254939708744
802562,0.9998668070306495
802563,0.9993513352713197
802564,0.17453590486525142
802565,0.9995634142658385
802566,0.9863393236236608
802567,0.9950296330258598
802568,0.9998860860153415
802569,0.9458318048494484
802570,0.40871265690759156
802571,0.9999223098905513
802572,0.5152403764388656
802573,0.035621739452017125
802574,0.09588891258110016
802575,0.9888462796878223
802576,0.9998609459892122
802577,0.0059848292454957736
802578,0.415557120318639
802579,0.053578447562534076
802580,0.10068141680910148
802581,0.9998500677143758
802582,0.9144422381730153
802583,0.9917653007385878
802584,0.6774606854653448
802585,0.9169504292623222
802586,0.9996766537009767
802587,0.08105416376364975
802588,0.9998455000722999
802589,0.9997860411170133
802590,0.994584227309334
802591,0.999864119697299
802592,0.8424078895546753
802593,0.9998765033837407
802594,0.7905685379636742
802595,0.9997964574883667
802596,0.9977660904498267
802597,0.9821539052876479
802598,0.9996074279436086
802599,0.9409076473022614
802600,0.9901118226374834
802601,0.9861536608017334
802602,0.9780302494874141
802603,0.9988787479396601
802604,0.999899037325488
802605,0.999832457568987
802606,0.9864698960871006
802607,0.643471788066063
802608,0.9999502982578602
802609,0.17263456601391064
802610,0.9917050809339569
802611,0.9911033323133694
802612,0.999849607343189
802613,0.14439590567389218
802614,0.8376360523611455
802615,0.35744851731015576
802616,0.9988432591995854
802617,0.12521678904135897
802618,0.94932589353948
802619,0.999815858283288
802620,0.974779975426928
802621,0.0978085045609202
802622,0.3490765977488512
802623,0.993584343264014
802624,0.11446006511923627
802625,0.9629841576231075
802626,0.9998925362662686
802627,0.6524005555752417
802628,0.16212729361310385
802629,0.9789015777089995
802630,0.9998772011611732
802631,0.9495044891132147
802632,0.05585924616150439
802633,0.9996355427052346
802634,0.9996965551936718
802635,0.06381365262308591
802636,0.35241656155816353
802637,0.9234813235694973
802638,0.03238044407664549
802639,0.0456833771979725
802640,0.9076051483285733
802641,0.6731317912234428
802642,0.9713628355833915
802643,0.9918100393805328
802644,0.9995920764547939
802645,0.5062596470302408
802646,0.7917444795406547
802647,0.8860256592300695
802648,0.6443699328071372
802649,0.7541541557779803
802650,0.08170937551244763
802651,0.9999645106854653
802652,0.999921992638892
802653,0.6873191030070562
802654,0.9968028460734031
802655,0.9999060330676783
802656,0.7042186152975982
802657,0.9978068665060233
802658,0.9998957295281088
802659,0.9970389130533412
802660,0.6318944895848231
802661,0.7420982938149301
802662,0.9808892938935228
802663,0.6563008524148877
802664,0.9966906697120103
802665,0.9997109978019565
802666,0.9798679867969321
802667,0.01037510617435581
802668,0.9996392276242613
802669,0.9979916010310473
802670,0.591479071636449
802671,0.999859235322923
802672,0.09303282708187229
802673,0.999254001760863
802674,0.308842805821255
802675,0.9964151982063308
802676,0.830864618159652
802677,0.8436414857755353
802678,0.9990355252169576
802679,0.8014200234231218
802680,0.7505526119056445
802681,0.7424110263598549
802682,0.8151338140488282
802683,0.999532160424851
802684,0.06214221732245559
802685,0.9009352944834557
802686,0.8684183233249608
802687,0.9998297913820191
802688,0.49554178896487455
802689,0.9821749305796473
802690,0.663069895751018
802691,0.35511022924148433
802692,0.5605358387973864
802693,0.9999698112315616
802694,0.10670701091496608
802695,0.9999660407066275
802696,0.993243933675235
802697,0.9992901133739559
802698,0.9036492649149703
802699,0.9993920291466167
802700,0.796329089615174
802701,0.22232526032946412
802702,0.1293657882297242
802703,0.9897348973198503
802704,0.23328604119321694
802705,0.8832693257988784
802706,0.990940518391425
802707,0.9836031037709333
802708,0.9999882699561231
802709,0.9997877221759504
802710,0.7345763540046174
802711,0.9829905912756504
802712,0.2192778424251524
802713,0.4751943715141003
802714,0.5587065196986788
802715,0.8814926739868038
802716,0.9272757273729414
802717,0.9860067614410737
802718,0.8717560469447523
802719,0.29357948942858847
802720,0.0366265911633715
802721,0.22902815618190947
802722,0.999296558354543
802723,0.9886098269427688
802724,0.9998869856390054
802725,0.9960020487519863
802726,0.6678970269419757
802727,0.9919057359054919
802728,0.9999834130921073
802729,0.3049965905981808
802730,0.7468861157180364
802731,0.5583236585644078
802732,0.8449409357124223
802733,0.9997645921655608
802734,0.9921065084225951
802735,0.2851445046610586
802736,0.9959272101479085
802737,0.8071579203450381
802738,0.03196285365045457
802739,0.14468776550475584
802740,0.5684341287236074
802741,0.9999861894753921
802742,0.9998958390696762
802743,0.9992439466042284
802744,0.2175641391161367
802745,0.3369291439365948
802746,0.9791347945902583
802747,0.007656252544161669
802748,0.8971608038366642
802749,0.9711028204780459
802750,0.022443862878483174
802751,0.9938511394834034
802752,0.9397188572634194
802753,0.11493800331902626
802754,0.9988177743774791
802755,0.2730512295979286
802756,0.9986358980679064
802757,0.9915890797828051
802758,0.9997879248056722
802759,0.9923313345790538
802760,0.999432707646257
802761,0.9999583648638082
802762,0.981162730520861
802763,0.6156678226005123
802764,0.9966473584277926
802765,0.5334280660053279
802766,0.19409016124029055
802767,0.888442370556562
802768,0.10967600205011238
802769,0.21120865925331117
802770,0.882287070844108
802771,0.05392369790933643
802772,0.9998574125694264
802773,0.9996381901396424
802774,0.9982839011218241
802775,0.5077863153183018
802776,0.7158009847964902
802777,0.9999039838396243
802778,0.4689768915162465
802779,0.9996592357449965
802780,0.7961482007821076
802781,0.4878897531307452
802782,0.8143518526624811
802783,0.9980362167549062
802784,0.9821822538962732
802785,0.9995716713648009
802786,0.6031497402061724
802787,0.892088763335706
802788,0.22295967263863975
802789,0.045390942565571676
802790,0.7754425614218409
802791,0.3991926734733621
802792,0.011015627117584649
802793,0.993549628108117
802794,0.07193428711508909
802795,0.03179423637958347
802796,0.9992782313144131
802797,0.8580589711263209
802798,0.9988649604261647
802799,0.01042710169926956
802800,0.99664061982135
802801,0.9865893604114911
802802,0.9996986093319087
802803,0.9235442344941664
802804,0.03805703909335061
802805,0.9993381303321582
802806,0.7088840183556475
802807,0.9997572517341471
802808,0.5751743705514875
802809,0.9190776527715173
802810,0.5877968642465086
802811,0.9995746675357168
802812,0.9996028166037618
802813,0.888532140390338
802814,0.9995370654741788
802815,0.041351866640055426
802816,0.8320317604067996
802817,0.9998590907155104
802818,0.9989089851391774
802819,0.8874571448431687
802820,0.9996966738713836
802821,0.9998391230318979
802822,0.9996842378506281
802823,0.9999845871284981
802824,0.09261928260845734
802825,0.7694772977265418
802826,0.2040215769597842
802827,0.8752557412510483
802828,0.0973358464942217
802829,0.9999626828102537
802830,0.565766344633441
802831,0.9995639310100755
802832,0.11206952156984332
802833,0.9999596753000073
802834,0.07201279463417151
802835,0.8955321029808176
802836,0.4637408274435566
802837,0.9998446902526252
802838,0.9999638562380975
802839,0.6268790978949339
802840,0.9763412269226011
802841,0.6977905466826635
802842,0.7097033752533237
802843,0.9994375555645909
802844,0.3094526772771121
802845,0.9999348124174138
802846,0.948676370916337
802847,0.06448877134665568
802848,0.9982396495558312
802849,0.9995272596547875
802850,0.8646892637913519
802851,0.011527269601972236
802852,0.7761590329688088
802853,0.9900829006171032
802854,0.5365335258567042
802855,0.007507265511496371
802856,0.9792333917862733
802857,0.9003867511656826
802858,0.9999913774232921
802859,0.9082344903489477
802860,0.9924135752179275
802861,0.9955443386288307
802862,0.9998516705960973
802863,0.04226638230751186
802864,0.9993486220542032
802865,0.9976629590784873
802866,0.9927900059660757
802867,0.14652596293563683
802868,0.15239522835008637
802869,0.9597944229398121
802870,0.98412298117919
802871,0.06837499967814768
802872,0.05456459503927798
802873,0.9999721954931049
802874,0.8352344128165967
802875,0.5761188797794934
802876,0.6455790550738011
802877,0.9996058337022021
802878,0.3120067374967293
802879,0.19954449704279362
802880,0.9995197318143126
802881,0.352106115936786
802882,0.9180135279668066
802883,0.0939871196729695
802884,0.8847093247668665
802885,0.999969675226377
802886,0.9919391420697261
802887,0.5829525066318461
802888,0.9994619165145925
802889,0.9970968586832579
802890,0.7462781697965806
802891,0.990236719901357
802892,0.8110483421436687
802893,0.9993084931102487
802894,0.5584893592807383
802895,0.6173556970236315
802896,0.02694730698360743
802897,0.009430128163252945
802898,0.9999712378669285
802899,0.8487429380660192
802900,0.9796143467136753
802901,0.9933804464513891
802902,0.6002826745986384
802903,0.8668837631551387
802904,0.9877578399538693
802905,0.9992162145591973
802906,0.8880796937302335
802907,0.8587785906508646
802908,0.9376995656625728
802909,0.9991085191551617
802910,0.22760729838918403
802911,0.9956008867205467
802912,0.2234117960622064
802913,0.04824108896407928
802914,0.9022547839245312
802915,0.9603813624089526
802916,0.9997042943469245
802917,0.9999339944906194
802918,0.5337979735936875
802919,0.9768767944460275
802920,0.9997312144778843
802921,0.9409272090174351
802922,0.9997943251028576
802923,0.6008946466421985
802924,0.9999605753906862
802925,0.9858732196381004
802926,0.9877373344849985
802927,0.975986996134271
802928,0.9869615717604967
802929,0.06658595418399282
802930,0.8429943948402254
802931,0.088755226250475
802932,0.999863950612769
802933,0.01675415362209187
802934,0.4287514863490761
802935,0.9990405017284278
802936,0.983505562450715
802937,0.41494570436790484
802938,0.8503701409045052
802939,0.8300324077461531
802940,0.10258688954517746
802941,0.9535193877781354
802942,0.9994260169135378
802943,0.609411862889009
802944,0.6546002967866997
802945,0.9998505583822852
802946,0.6103494280190664
802947,0.9998128480805739
802948,0.8288411057300891
802949,0.642967158252501
802950,0.9259731705507933
802951,0.006291709959166329
802952,0.25880896441516454
802953,0.09110245873397833
802954,0.6872776159067993
802955,0.9954730458230281
802956,0.9957546280065623
802957,0.9988110713387262
802958,0.8319175785030769
802959,0.9628446272334603
802960,0.9994217346573606
802961,0.7713429376443302
802962,0.629649038803114
802963,0.880516429945257
802964,0.9999686093975987
802965,0.9023998693301722
802966,0.7145009507676254
802967,0.9881752179292087
802968,0.42319843556826675
802969,0.9999425220205418
802970,0.8606509485105837
802971,0.8792817234721839
802972,0.9978810827904142
802973,0.9993020081519376
802974,0.9993025893652114
802975,0.9998244127316904
802976,0.997258754539625
802977,0.999806440227279
802978,0.027927285628133413
802979,0.998587600573525
802980,0.8553120230159629
802981,0.10785824639744714
802982,0.25623810279781645
802983,0.9785513396180027
802984,0.9996473708405393
802985,0.9995719049160627
802986,0.9924912679627647
802987,0.5094726885664272
802988,0.9988848565640347
802989,0.8918866535419884
802990,0.012175558301714554
802991,0.8348637002229913
802992,0.998857416751178
802993,0.0033616332444878186
802994,0.8063529926802615
802995,0.9368752732717419
802996,0.17898428199634345
802997,0.06941735369792561
802998,0.9999749139069636
802999,0.5842167934153512
803000,0.025359761191896358
803001,0.9955888206713793
803002,0.995026339257594
803003,0.9999148319038426
803004,0.9992015995971757
803005,0.011075717741262522
803006,0.9740004271854379
803007,0.7160138864601615
803008,0.9983334763625703
803009,0.23549004894251116
803010,0.11611700311011128
803011,0.13591271214062078
803012,0.20329450349644984
803013,0.042979208539635674
803014,0.78413654955932
803015,0.9999681200465658
803016,0.9951640586470925
803017,0.9999285660027616
803018,0.9981787503369122
803019,0.9995729006233827
803020,0.007313320325512343
803021,0.020926322275627317
803022,0.9848739561675941
803023,0.7396834973659056
803024,0.48065559745095265
803025,0.215582230792232
803026,0.9993731471821669
803027,0.004333583400821722
803028,0.49216781109141916
803029,0.88595366736835
803030,0.9818799687959749
803031,0.036598208614021396
803032,0.5007341895765388
803033,0.9997794452782549
803034,0.9992508930536086
803035,0.9815075990342308
803036,0.8840937155346041
803037,0.9984621151047228
803038,0.9949830767300623
803039,0.12074997224690769
803040,0.5116184531626075
803041,0.9997999601451906
803042,0.9998922067841164
803043,0.15156512879506417
803044,0.9496891349090097
803045,0.999838617811641
803046,0.9994379710754023
803047,0.9999843306757772
803048,0.9881090474899326
803049,0.9940012632681513
803050,0.47451857311359524
803051,0.39978338576495287
803052,0.8243594328289361
803053,0.9982121814217388
803054,0.877516295797786
803055,0.9998461039244595
803056,0.40303549793441906
803057,0.99999236987499
803058,0.13713755733236985
803059,0.37189123351632297
803060,0.9999807532982148
803061,0.016433147565955687
803062,0.8339771717660249
803063,0.8323740941979245
803064,0.9996174721426181
803065,0.7442096285262294
803066,0.9992780112838489
803067,0.9757839477503836
803068,0.9512549029412254
803069,0.9999570290917029
803070,0.9048412389175713
803071,0.9835752608572924
803072,0.5040681083452416
803073,0.15383278758408664
803074,0.9909735636293715
803075,0.13820638530975005
803076,0.9991757078022175
803077,0.9783951348291487
803078,0.9998421566131146
803079,0.012306143085927507
803080,0.9766042020495399
803081,0.3586437599075638
803082,0.20941112632702905
803083,0.9982585842017486
803084,0.09428934029066008
803085,0.021283570057664722
803086,0.7195090608954309
803087,0.9991858686362709
803088,0.788226032916597
803089,0.125185753819678
803090,0.97018175594191
803091,0.7917713336040417
803092,0.66902419564396
803093,0.9607267703843345
803094,0.9998904518595073
803095,0.9978099522001818
803096,0.5919361594744792
803097,0.9997094977229259
803098,0.9885924787136868
803099,0.7571401368065909
803100,0.649142066107284
803101,0.989864937958189
803102,0.3584528734294064
803103,0.2701315116034632
803104,0.9996897031307866
803105,0.9762933052640319
803106,0.12735212327981907
803107,0.9990779821898599
803108,0.407173570027351
803109,0.7013716693208999
803110,0.9987323488628449
803111,0.9999586756465312
803112,0.7770140573541937
803113,0.46375865055755805
803114,0.20049567341245295
803115,0.9999202809633546
803116,0.9998427866798104
803117,0.9999541713137275
803118,0.9922803909522191
803119,0.48865573085035136
803120,0.8476317464089458
803121,0.5239970121489154
803122,0.6513744116687876
803123,0.9999622560558388
803124,0.843222478529136
803125,0.9663069908772688
803126,0.11810411804186072
803127,0.6045221019119145
803128,0.6404291481811101
803129,0.9992224624106899
803130,0.07036411804116775
803131,0.998415387248597
803132,0.7093442171462523
803133,0.9303426752930206
803134,0.9213805069032892
803135,0.05711859894915457
803136,0.798000606572651
803137,0.39321795354195244
803138,0.8457535092878057
803139,0.9582202196638276
803140,0.9977886931273536
803141,0.9992405512358838
803142,0.6453317696012347
803143,0.5811600685726229
803144,0.8773830433641104
803145,0.9999937956683413
803146,0.9960686848636626
803147,0.756937165419457
803148,0.9986170648024095
803149,0.041479112319943376
803150,0.9994994202641523
803151,0.9753347098702873
803152,0.9999543146703564
803153,0.9993212443914382
803154,0.9660670573913244
803155,0.9701344951868618
803156,0.9993320977516823
803157,0.9996451336197838
803158,0.996215865362926
803159,0.9998472883856097
803160,0.7966728562421754
803161,0.9997490251994288
803162,0.928948464342104
803163,0.986458439592472
803164,0.6149311076480758
803165,0.9654088226629585
803166,0.9999281441175567
803167,0.9860049125622183
803168,0.6356021183997085
803169,0.9981332084996303
803170,0.8645112267444677
803171,0.6836448145369807
803172,0.993013547119606
803173,0.9996620414941139
803174,0.6725419989989916
803175,0.9776934117522393
803176,0.9798173308455218
803177,0.9694222988164718
803178,0.39625230302816483
803179,0.88882672340697
803180,0.6636671813722683
803181,0.999870445927294
803182,0.7080395724845254
803183,0.8360098692208806
803184,0.9990537501413412
803185,0.0773047938686803
803186,0.9991874030638528
803187,0.990955809630456
803188,0.1838585347382981
803189,0.9985141830574417
803190,0.9926007470887118
803191,0.0364014172218586
803192,0.03315072609055663
803193,0.9914595538720853
803194,0.7425388825701794
803195,0.9924223559259919
803196,0.8579578864275392
803197,0.6180374940558555
803198,0.9996335814074855
803199,0.5202657999430806
803200,0.9997583236306138
803201,0.9999702460919447
803202,0.5446729160532298
803203,0.9995276985548841
803204,0.15702876711510605
803205,0.2784741682070393
803206,0.03778757420212484
803207,0.28513153186176127
803208,0.9999288836149968
803209,0.49907428158294354
803210,0.8724788376744873
803211,0.534235503507811
803212,0.09776931641290063
803213,0.9998124638907246
803214,0.8411631107634474
803215,0.9034746497200481
803216,0.6263778592514723
803217,0.9997716024969696
803218,0.9749786452884512
803219,0.9505813670668779
803220,0.9950528998203008
803221,0.33807216832684756
803222,0.8820277932338154
803223,0.9840180999200276
803224,0.07896031557225658
803225,0.9077814474784273
803226,0.19964807365261855
803227,0.9965156335150971
803228,0.9866760706091317
803229,0.44258793274815844
803230,0.9996809176975574
803231,0.9921733464593501
803232,0.27045807009716755
803233,0.9981937641739416
803234,0.9994805564656949
803235,0.99728175204659
803236,0.9985144791463331
803237,0.998939916798101
803238,0.99994638262937
803239,0.029315839446257784
803240,0.7293990691660015
803241,0.9840126176697183
803242,0.9987578153099165
803243,0.8477820806378209
803244,0.9720484631141013
803245,0.8075660110736697
803246,0.13709250190512112
803247,0.9193931787613829
803248,0.9586011698822459
803249,0.9006309072258349
803250,0.6503579218741522
803251,0.1389957850445761
803252,0.9994478008261918
803253,0.9994874616405778
803254,0.8237779469665051
803255,0.9645931354841019
803256,0.9932418093615607
803257,0.4610915439441261
803258,0.25479440508865336
803259,0.4357813087809702
803260,0.292417302669752
803261,0.732799369103514
803262,0.1669893378656882
803263,0.6520404909517279
803264,0.9994340732450021
803265,0.6306800331178305
803266,0.026706450687746287
803267,0.2362943631904451
803268,0.9994325223907594
803269,0.9066812477321717
803270,0.8590333500751935
803271,0.9701775243592508
803272,0.9998113660264516
803273,0.06153721341649697
803274,0.03436867506730618
803275,0.9957561798251666
803276,0.9822967746433754
803277,0.04505012322185686
803278,0.5364007823641169
803279,0.9999511028497639
803280,0.9062328644749797
803281,0.4213025286184636
803282,0.8409530206841117
803283,0.998293353028197
803284,0.9998925963404246
803285,0.9968492146472232
803286,0.9981573636893115
803287,0.9871666579037607
803288,0.49407205500003065
803289,0.34783940213689546
803290,0.005996698952333548
803291,0.8147212059309406
803292,0.6061252495294739
803293,0.9917728866965925
803294,0.8443267587138016
803295,0.034372129460306454
803296,0.8447891617694714
803297,0.9994167838448378
803298,0.6639275443105481
803299,0.99997527326608
803300,0.9609523275186765
803301,0.15172199614152135
803302,0.041716076203141716
803303,0.4900780337471996
803304,0.999401305005599
803305,0.44559864834236085
803306,0.8748295849775103
803307,0.7816778767857798
803308,0.010561413308335545
803309,0.9995242166105811
803310,0.952800569610506
803311,0.26119895930203707
803312,0.5023339296164516
803313,0.9856874570627114
803314,0.9153929175952518
803315,0.46505357732125396
803316,0.035946642265037444
803317,0.028324705804538004
803318,0.653680727654727
803319,0.9971220226495322
803320,0.9844575890340594
803321,0.49015271593482623
803322,0.9999154941326118
803323,0.8946015445095026
803324,0.7586752918342068
803325,0.1734270377006838
803326,0.3374687587705174
803327,0.9998096088313543
803328,0.49303471277315425
803329,0.6842454114219755
803330,0.6382067459118208
803331,0.6543893280126629
803332,0.8786649020377604
803333,0.8270080901765691
803334,0.9996685812580006
803335,0.999732424076069
803336,0.8401025738848646
803337,0.9497322904564593
803338,0.015307245447136238
803339,0.9999625427768308
803340,0.8664404351373292
803341,0.18009008413411748
803342,0.871395183934659
803343,0.1607008165737954
803344,0.9999165653457887
803345,0.5688596846870454
803346,0.7750318606625975
803347,0.18128664924866242
803348,0.05127605430528897
803349,0.8792965868132476
803350,0.1063264008632534
803351,0.45505923136329485
803352,0.0033087986239971018
803353,0.9967412956126592
803354,0.21883666404876942
803355,0.9995209449724822
803356,0.999952865904344
803357,0.9998493056584656
803358,0.9981854570144997
803359,0.8696735622819836
803360,0.4084947329991345
803361,0.9989928566733701
803362,0.9817462543887587
803363,0.9994380523133823
803364,0.08383800048687576
803365,0.024760603675485222
803366,0.44226387006250084
803367,0.38988227577380785
803368,0.9998466160049564
803369,0.9621993360264065
803370,0.9999794465500176
803371,0.9985325166939623
803372,0.9862703936581887
803373,0.9997778524188548
803374,0.01961558258372567
803375,0.1445140964654775
803376,0.3358068681682189
803377,0.8703412341665134
803378,0.1277169829658817
803379,0.9975525151853868
803380,0.978926682047268
803381,0.593364135958881
803382,0.13808744395140596
803383,0.3720231118902701
803384,0.9915699803326765
803385,0.07230848505012215
803386,0.9916634911356415
803387,0.9541600568708262
803388,0.9994147568120513
803389,0.9997520461320262
803390,0.9999636982016628
803391,0.054713445306662674
803392,0.9079701129271845
803393,0.34155352933748667
803394,0.8828770560136432
803395,0.8383909469887487
803396,0.9999341892284412
803397,0.9996500099398611
803398,0.7992670359922748
803399,0.7561352763121467
803400,0.028706597198097136
803401,0.3002805858994669
803402,0.8627760899902895
803403,0.10704519886353067
803404,0.9861858811890767
803405,0.9998742945587507
803406,0.9998449507635722
803407,0.025304022962528167
803408,0.046728192412067354
803409,0.12646290188904152
803410,0.9988039412256529
803411,0.6437442457008358
803412,0.3211839757589746
803413,0.9995626692030333
803414,0.2073840129321454
803415,0.9996991583446153
803416,0.999838172176599
803417,0.9999055479590249
803418,0.010224582372864577
803419,0.08265170449985906
803420,0.9077836460381588
803421,0.9969875812662808
803422,0.9955074101915784
803423,0.9916044113053398
803424,0.2754104743253671
803425,0.9999165692352503
803426,0.7014019269584995
803427,0.6470565475450354
803428,0.9768725171535219
803429,0.9469667845217802
803430,0.8678438496051406
803431,0.015443283559818163
803432,0.9741609125615176
803433,0.45537188664115436
803434,0.9998331368282338
803435,0.2465660735555883
803436,0.7772044510710312
803437,0.2701142887296434
803438,0.4101901596183581
803439,0.06288140696378758
803440,0.9994729851557925
803441,0.9999800982312337
803442,0.2100571427212144
803443,0.42343927387963765
803444,0.5696716073964689
803445,0.998847042473872
803446,0.03738370446466929
803447,0.9994580202109715
803448,0.9804602171850926
803449,0.5349466143171274
803450,0.04394708705350772
803451,0.9926465389643748
803452,0.9960028436195956
803453,0.18822808880424496
803454,0.8416141153662919
803455,0.6945906091168059
803456,0.9742412464728868
803457,0.07961876174266277
803458,0.9699246866702107
803459,0.8778516489932269
803460,0.16040723023788755
803461,0.9980138789863726
803462,0.8604392793465799
803463,0.9999801457078148
803464,0.9998329061869656
803465,0.9995316685336373
803466,0.9946204095437722
803467,0.3947996420424795
803468,0.9986738537210974
803469,0.9987713619716017
803470,0.6571835309676292
803471,0.013483917335442259
803472,0.9940038987982192
803473,0.9998589960444277
803474,0.494850905904693
803475,0.6844442570293736
803476,0.21258205249041445
803477,0.9997875718114827
803478,0.752546693928884
803479,0.06812167044503198
803480,0.5377838949665298
803481,0.9958837083163203
803482,0.07732169942737592
803483,0.9968715994332495
803484,0.07029937300052036
803485,0.9717916961208368
803486,0.015125726209701588
803487,0.482581306700375
803488,0.4057799507203052
803489,0.6572425860840002
803490,0.7630969623156402
803491,0.10347998250104654
803492,0.999964065783528
803493,0.9998616811070619
803494,0.5951992912952675
803495,0.02177110650147654
803496,0.999729290773115
803497,0.9999133048366762
803498,0.9999636557400751
803499,0.9999740580811791
803500,0.9657173908608043
803501,0.010014027751925288
803502,0.3278087840007055
803503,0.6032957759356156
803504,0.06118734935824216
803505,0.7935460078527483
803506,0.9995776244908617
803507,0.9972816768281528
803508,0.999908819264385
803509,0.5315143053887165
803510,0.6456981785697095
803511,0.8941216117282843
803512,0.02220262571589135
803513,0.01229694662766074
803514,0.999590057453426
803515,0.9587086740079317
803516,0.956996322510463
803517,0.0029695772119358414
803518,0.98601849443113
803519,0.9999699257983798
803520,0.9999942882061843
803521,0.9746389593812226
803522,0.9999762797644662
803523,0.2840057272084272
803524,0.7489010874166373
803525,0.3418069900865359
803526,0.38692584948194236
803527,0.999854168701473
803528,0.9999581355299043
803529,0.3784593869443802
803530,0.9998478151869128
803531,0.9992883741915344
803532,0.998344540025416
803533,0.9999531279567146
803534,0.012687198949012272
803535,0.9958196701935047
803536,0.9945983768711131
803537,0.9231444782945026
803538,0.9993984878629294
803539,0.9484845979634562
803540,0.47165709351687535
803541,0.968952320123995
803542,0.9998861453324048
803543,0.7749471425871823
803544,0.5702607009320358
803545,0.7491611197711735
803546,0.9811548343168072
803547,0.09060196180979671
803548,0.004871132144982292
803549,0.29955335534504035
803550,0.2958544669936535
803551,0.9957636863230994
803552,0.9997257273589968
803553,0.545892224524689
803554,0.008930889328365872
803555,0.38739009208727904
803556,0.9998779233605934
803557,0.9999724573122033
803558,0.1351732876384761
803559,0.3492054141000747
803560,0.9995805282333237
803561,0.017384136634254675
803562,0.9998674102055145
803563,0.9999931628970078
803564,0.9933014778108676
803565,0.2929329477922931
803566,0.9999256685055846
803567,0.9816785709844368
803568,0.998799982885291
803569,0.07030564314416458
803570,0.8609879093646178
803571,0.9998379870329238
803572,0.9999768904436203
803573,0.9990582068781338
803574,0.3238534934610109
803575,0.7751160196139298
803576,0.8072730275125369
803577,0.7983866254423112
803578,0.8149463316899864
803579,0.9997802469807873
803580,0.39807618434315706
803581,0.9999886141886408
803582,0.9965277485998456
803583,0.1338786544774545
803584,0.16354913364648785
803585,0.3434893571236985
803586,0.9959152142548557
803587,0.9043257616647933
803588,0.998737769295788
803589,0.9997686291649827
803590,0.9999354321775417
803591,0.6855575073652689
803592,0.9998988268911805
803593,0.9018223059706886
803594,0.9999338882345681
803595,0.02316578526697076
803596,0.1026653928557542
803597,0.9998648562325948
803598,0.999959714667107
803599,0.9668520651167704
803600,0.9999753475947233
803601,0.999874083206661
803602,0.6445664991649218
803603,0.08745046773294227
803604,0.9151074710621435
803605,0.9414759699933091
803606,0.01451244010143029
803607,0.5944017699795351
803608,0.09116754369953073
803609,0.973400124059934
803610,0.8256485299636054
803611,0.5623806548190319
803612,0.9972609896440574
803613,0.9999157432169891
803614,0.999857790815293
803615,0.6782173447555301
803616,0.9947080672101656
803617,0.9995940288504401
803618,0.15577597694607828
803619,0.18884370562543223
803620,0.9996808247864143
803621,0.9755423534637668
803622,0.10370019124362714
803623,0.9897402212829853
803624,0.9989817886532183
803625,0.16130357492270608
803626,0.03302171186225814
803627,0.9972509394327194
803628,0.9981099537793161
803629,0.9999979134103735
803630,0.9987108765583582
803631,0.19064445571819655
803632,0.1243757049053109
803633,0.9998105700301675
803634,0.9999645794214722
803635,0.9998077835226377
803636,0.021097014428425744
803637,0.09756380014831531
803638,0.9820945284664587
803639,0.007280036422219463
803640,0.2095423239625061
803641,0.6822303403503522
803642,0.7987302210651164
803643,0.5696659743590575
803644,0.9998614773519305
803645,0.9999440629595315
803646,0.99994398705883
803647,0.060480536637201404
803648,0.9998875319840397
803649,0.9924014198912575
803650,0.011224057334813905
803651,0.9972600197580763
803652,0.9782016248610231
803653,0.8978322624558215
803654,0.9944562134057888
803655,0.9999361986902122
803656,0.8616203433611287
803657,0.9999802551414758
803658,0.1858939947458254
803659,0.9995373973551397
803660,0.9830230556908761
803661,0.9997385366540372
803662,0.1158000833357253
803663,0.044410938728090724
803664,0.9982112339687592
803665,0.9910106360349794
803666,0.9998265799658009
803667,0.9982986153636841
803668,0.3724278677496845
803669,0.9577237478720254
803670,0.9897988149052517
803671,0.22064532770781287
803672,0.9528363844573295
803673,0.9998016086876098
803674,0.9947449779858993
803675,0.9764888351173455
803676,0.9999249160420245
803677,0.9126200794420083
803678,0.6311002320484893
803679,0.9924904695985537
803680,0.9982595555941889
803681,0.9273895499612262
803682,0.49013489172432795
803683,0.17929582837302332
803684,0.025129488743988
803685,0.13838706952618063
803686,0.972358232309878
803687,0.043775005421881764
803688,0.9995509020040538
803689,0.03914669266453501
803690,0.47868655298999074
803691,0.3583401214900124
803692,0.10898612466675367
803693,0.9999772752366529
803694,0.9149684774577167
803695,0.48800952595406044
803696,0.9552720204804672
803697,0.7354849694133659
803698,0.9858682009328517
803699,0.6282713369305242
803700,0.9998297114743602
803701,0.9999109086031845
803702,0.9099900206963878
803703,0.9949951992687944
803704,0.9502326098618639
803705,0.9854679580746046
803706,0.9995639976352666
803707,0.9915764709154553
803708,0.06154260914495502
803709,0.08724485826861453
803710,0.8055434556166959
803711,0.09804178042171655
803712,0.9572825490078285
803713,0.9999517691233587
803714,0.9991074533200588
803715,0.0267387646047154
803716,0.9999355679666894
803717,0.5857876761675052
803718,0.9868792356031638
803719,0.05277372671346754
803720,0.9995425262001076
803721,0.9975602898429115
803722,0.2199975132561423
803723,0.9953210955578735
803724,0.21675959075461515
803725,0.9999895018560198
803726,0.9839864408597816
803727,0.9659619987130914
803728,0.7710729694732046
803729,0.025498808504369957
803730,0.9790852691395237
803731,0.017988399096727812
803732,0.1829014310806279
803733,0.9998640461290835
803734,0.9994909269481601
803735,0.8796077020991463
803736,0.9996268679924265
803737,0.7223210979345299
803738,0.9998985303876715
803739,0.5806679468522369
803740,0.9978875516020369
803741,0.2850566947277297
803742,0.3826389539226756
803743,0.9988613862151314
803744,0.8491479172812512
803745,0.9999754807778914
803746,0.9352207755285051
803747,0.9999252732449923
803748,0.03183237470277174
803749,0.9957281057745992
803750,0.9820205967690293
803751,0.17546430074742053
803752,0.9989643213816994
803753,0.9974405645575608
803754,0.16138114507569773
803755,0.999982667884235
803756,0.009812427489621564
803757,0.9990500978625115
803758,0.5680279139762672
803759,0.9999919487685808
803760,0.9756355640126877
803761,0.9996515776114185
803762,0.993615468379097
803763,0.8129379153547653
803764,0.6215685898927238
803765,0.9651514198946102
803766,0.5722883649569416
803767,0.9994499997912558
803768,0.02601938575269049
803769,0.36784367638287285
803770,0.3941684467534971
803771,0.9367123365794752
803772,0.046050408167439424
803773,0.9897148490162961
803774,0.9995980196992456
803775,0.9752623130673351
803776,0.9986421100437582
803777,0.9269646096560744
803778,0.9999885163913038
803779,0.46504731655938203
803780,0.7760872298417636
803781,0.18246001330572004
803782,0.8367432331340606
803783,0.4189008648544116
803784,0.994642965530609
803785,0.32390661778636565
803786,0.9999108659072227
803787,0.9999498819082207
803788,0.4369402808919496
803789,0.918763131073428
803790,0.6074856301606495
803791,0.9006045983986793
803792,0.7727473833349435
803793,0.01247650368702579
803794,0.09841389866015204
803795,0.11064590557161696
803796,0.9996173430273422
803797,0.99656060139379
803798,0.9997175195088636
803799,0.0558017528990668
803800,0.017284032702740388
803801,0.6719416560176733
803802,0.9997814625832893
803803,0.838228758406345
803804,0.9185302858843534
803805,0.9998425714222465
803806,0.9944644147370181
803807,0.5160649544445489
803808,0.8509978796908898
803809,0.8528706727266964
803810,0.06587025318804428
803811,0.9643811695208409
803812,0.9988938396244258
803813,0.9969106999965411
803814,0.9794133952805383
803815,0.047071752464659646
803816,0.6214785939518042
803817,0.9977323184316689
803818,0.5068103257659193
803819,0.2626028757033094
803820,0.7957214800554313
803821,0.9975018635120373
803822,0.999980749159117
803823,0.9475127459865997
803824,0.08558547080921122
803825,0.8789892603809972
803826,0.07600858548577491
803827,0.8921111565112443
803828,0.9862740404695478
803829,0.029326249881707223
803830,0.9924547840978679
803831,0.006157754739351907
803832,0.783942120969917
803833,0.5854994189290031
803834,0.7429038209045634
803835,0.17512005184586876
803836,0.9721791153233288
803837,0.9963004350271405
803838,0.35536638240593754
803839,0.9999390106311906
803840,0.9998272890871172
803841,0.927197541486659
803842,0.9791286873526436
803843,0.9782712377413652
803844,0.35351633577854724
803845,0.9997665395686688
803846,0.9996188803627026
803847,0.40182044524698013
803848,0.9660894882093131
803849,0.9776796810798565
803850,0.03993656864266755
803851,0.79186629295651
803852,0.8183679265098986
803853,0.9968543421372065
803854,0.9466544460422859
803855,0.6730330481920974
803856,0.9965728527285433
803857,0.9996758949923279
803858,0.31827667220322237
803859,0.9993577894837057
803860,0.6692928196931097
803861,0.7948232381465679
803862,0.9796701388072018
803863,0.9938682093813356
803864,0.999918830755438
803865,0.9633693534023813
803866,0.7835131037120926
803867,0.45688612469196677
803868,0.9631846145807548
803869,0.02153906032272839
803870,0.46497553863779006
803871,0.9703608995767556
803872,0.7282983334309583
803873,0.8525780969962524
803874,0.9918399961115664
803875,0.9406826635912369
803876,0.9526845939709909
803877,0.5209087423484924
803878,0.9995430123297001
803879,0.9699840011913269
803880,0.23203617626295553
803881,0.9974563199802049
803882,0.019082565269341795
803883,0.9988619029817474
803884,0.9999707338080475
803885,0.9037167895629816
803886,0.7413156551760376
803887,0.6487512291716377
803888,0.981110562449779
803889,0.8835457369745665
803890,0.9141249109186714
803891,0.9995362773231151
803892,0.7927320620620074
803893,0.9999594733417181
803894,0.9975009911935276
803895,0.5064244871487946
803896,0.13273970871524193
803897,0.9246589209386384
803898,0.9894188490211857
803899,0.9804775279119262
803900,0.053572164654332816
803901,0.595643758867323
803902,0.19708180441613288
803903,0.9964216797605631
803904,0.9997500405256651
803905,0.887404022909408
803906,0.8546414695697255
803907,0.9850953574927543
803908,0.6835801676121405
803909,0.9761622589039995
803910,0.8845008547290525
803911,0.9172059375864232
803912,0.9998673980112092
803913,0.3835528210024992
803914,0.16513008681025504
803915,0.03512747679224336
803916,0.11874960997142717
803917,0.05138958499208611
803918,0.03312430040781538
803919,0.7713074685701629
803920,0.6814140226739684
803921,0.986351736218376
803922,0.999629940850052
803923,0.9572808020303658
803924,0.9999256844939748
803925,0.7940689966333209
803926,0.6385913827408842
803927,0.9999209718831621
803928,0.021021373911698272
803929,0.7245078697744671
803930,0.9999720480382484
803931,0.6569348929644886
803932,0.8174653759176841
803933,0.7722570037631489
803934,0.6133651599704101
803935,0.029857829109200085
803936,0.9999563249896741
803937,0.2783239802707488
803938,0.305002313892338
803939,0.9210427577151398
803940,0.9910261008257808
803941,0.9969189900030979
803942,0.999251751233758
803943,0.17408309504290823
803944,0.9965801655336035
803945,0.9984265135763353
803946,0.8806472901683984
803947,0.9997553711025519
803948,0.9346718703534818
803949,0.9951919972773758
803950,0.9803789014624911
803951,0.0673896288526189
803952,0.701549706868294
803953,0.2784551872412846
803954,0.9992525958291756
803955,0.9998827149256797
803956,0.9982657021749788
803957,0.9356535119398257
803958,0.7534124868923905
803959,0.9995997101271874
803960,0.6493339596545421
803961,0.0127478095665112
803962,0.9992635616195145
803963,0.9968050046473237
803964,0.801151750405837
803965,0.999881530942329
803966,0.2981853828559548
803967,0.9999253552873028
803968,0.9489019060272605
803969,0.9999608788207104
803970,0.9999787326668883
803971,0.9816221043684215
803972,0.8818521193272248
803973,0.9999078331791411
803974,0.6747314740359702
803975,0.9992800885496267
803976,0.21291886946344085
803977,0.9997933069489705
803978,0.027023677610824835
803979,0.9999942330661016
803980,0.999672080072184
803981,0.6117377279829864
803982,0.6451457876402464
803983,0.374907851754361
803984,0.20482251106689292
803985,0.9680808227377276
803986,0.9202239242881889
803987,0.7134633532496993
803988,0.6425029502857559
803989,0.9467309874597263
803990,0.009612009192019304
803991,0.9926260108102622
803992,0.29086204636354224
803993,0.08009470344177366
803994,0.8119491012938429
803995,0.014595474052091256
803996,0.9848080573246992
803997,0.9999637492756563
803998,0.0236452383357841
803999,0.9765827628182066
804000,0.9943873625665252
804001,0.7024118928487619
804002,0.9997862700999376
804003,0.9425166583879088
804004,0.7698301424917365
804005,0.1477297690010168
804006,0.9996762021848884
804007,0.9994762131724384
804008,0.04747992607356242
804009,0.9998609196158158
804010,0.9992707026169598
804011,0.938842291569604
804012,0.9995210858435192
804013,0.21324915520966342
804014,0.9992385896678542
804015,0.9999016991755193
804016,0.4123988744008982
804017,0.994322048492651
804018,0.03279843010172935
804019,0.9996355990107317
804020,0.9940956428410148
804021,0.9876121360587198
804022,0.9967389334983034
804023,0.9998343611825206
804024,0.9997385659789928
804025,0.9998483264109779
804026,0.9999258598528276
804027,0.9918942269297304
804028,0.9998187822958065
804029,0.9344585564674639
804030,0.9830500837623815
804031,0.99326358616128
804032,0.8315312346935153
804033,0.9786561463619482
804034,0.9901741562574806
804035,0.8171922958133118
804036,0.9149312358241385
804037,0.9977907129673903
804038,0.9839896949364058
804039,0.9802804802701424
804040,0.9980379035944161
804041,0.9158061241172735
804042,0.9999039566200905
804043,0.9992843279551307
804044,0.9987559039006351
804045,0.34145986147497487
804046,0.9978412170292689
804047,0.9505398389470299
804048,0.8699537932287009
804049,0.14438938261040712
804050,0.999589599956302
804051,0.9991371340535122
804052,0.9984680093348743
804053,0.9650976569704064
804054,0.3771267588168383
804055,0.9998644195773536
804056,0.7491296953870435
804057,0.9998424936360664
804058,0.9974522490645163
804059,0.03281083076902607
804060,0.9984930939700898
804061,0.985846341149256
804062,0.8652548751923217
804063,0.9989981037739393
804064,0.6684293382355573
804065,0.9946948426345155
804066,0.2563055054657599
804067,0.9996953050382698
804068,0.9906108875741317
804069,0.5509158340957387
804070,0.9883654485571365
804071,0.9729691398805014
804072,0.06068487507284562
804073,0.9887484315350596
804074,0.4384125248734021
804075,0.1742761864689074
804076,0.08420567383903663
804077,0.9996839470236059
804078,0.9999527810701305
804079,0.9998278357184814
804080,0.45113877503277755
804081,0.99969358879193
804082,0.9997159606067356
804083,0.2599065216264857
804084,0.3194506278489272
804085,0.25201117482586
804086,0.953526150196961
804087,0.6865134327270339
804088,0.9998496284519067
804089,0.4896128519392861
804090,0.9914081912873736
804091,0.9994994219282782
804092,0.999720623749582
804093,0.6916931886895574
804094,0.998491569350309
804095,0.9999687405297648
804096,0.9988980300727617
804097,0.5387494854537243
804098,0.26625559838339175
804099,0.9984658744455934
804100,0.1645905705001271
804101,0.9967581454112725
804102,0.9958203570315913
804103,0.9964433409754228
804104,0.8986374917822624
804105,0.9873313617940633
804106,0.9999285925084271
804107,0.13205303718553976
804108,0.8115636820053669
804109,0.01570452625389021
804110,0.999958210166279
804111,0.46344140921678534
804112,0.9995595351417943
804113,0.9963657772298148
804114,0.999540493587188
804115,0.9998675716190877
804116,0.9254113737459095
804117,0.49400027210071584
804118,0.003069305504593124
804119,0.9999878822217154
804120,0.9994077276217457
804121,0.9963393222750536
804122,0.9952323666413116
804123,0.9959789911908628
804124,0.8203242484738835
804125,0.007243636169681132
804126,0.9670805336279902
804127,0.8749926518777166
804128,0.43183387464684375
804129,0.2886447457064158
804130,0.9680292482903039
804131,0.8419514559195203
804132,0.9971252410689995
804133,0.030319408660311863
804134,0.3051240384823248
804135,0.9998374067521714
804136,0.546179294620539
804137,0.7603582115522071
804138,0.31324718347876285
804139,0.9973665617532235
804140,0.9762692248562808
804141,0.8917446042126851
804142,0.9986927120759925
804143,0.9786984504158069
804144,0.1808760723067713
804145,0.9481908978518481
804146,0.2266553142827942
804147,0.9971169073263997
804148,0.9996976244038138
804149,0.8057316685281631
804150,0.0709118185689746
804151,0.9994511643529709
804152,0.9701678518762048
804153,0.9504435435283527
804154,0.7397646702900863
804155,0.7985302522449378
804156,0.010538545349209954
804157,0.006090647890716474
804158,0.15744248721249138
804159,0.9978074844844986
804160,0.9926679125710871
804161,0.9998283773841374
804162,0.9999207691180304
804163,0.9929811014937837
804164,0.08942484885185119
804165,0.9999238444434867
804166,0.9870708865834663
804167,0.9134050395694788
804168,0.9999506709687178
804169,0.9994871106311529
804170,0.9998105987782737
804171,0.4517638928534789
804172,0.10945379055141452
804173,0.9813604458272114
804174,0.9998557881679134
804175,0.5295092130244881
804176,0.9993250984606517
804177,0.9993603968158351
804178,0.907380652022562
804179,0.23680758787764328
804180,0.9734740643809349
804181,0.8974227966342323
804182,0.9977922549560709
804183,0.5228068971680195
804184,0.8207463125980492
804185,0.5980869568697739
804186,0.9998055833298158
804187,0.9989896471021851
804188,0.5889109909207878
804189,0.8165884696886738
804190,0.8463874175046371
804191,0.22002333572725458
804192,0.15174851595395977
804193,0.9844375065531885
804194,0.9835463264521884
804195,0.6490443677038418
804196,0.3196030447988563
804197,0.998407156723779
804198,0.7466148996581802
804199,0.36660776703887515
804200,0.9997961064361827
804201,0.9979351171322869
804202,0.858491763364905
804203,0.7837895909699342
804204,0.03760190550441232
804205,0.9977619070872302
804206,0.9998800369235589
804207,0.9982890229388758
804208,0.11923447872058623
804209,0.9976279655736271
804210,0.06027574748433506
804211,0.5318970281831237
804212,0.0250189003211723
804213,0.9912088620007025
804214,0.9760883546580696
804215,0.48099849971730124
804216,0.04240094690846931
804217,0.34526048617701166
804218,0.9996639834638621
804219,0.9997941645163716
804220,0.090116964336133
804221,0.9960839353788884
804222,0.6425763700519256
804223,0.8862082087976131
804224,0.11123848955352426
804225,0.23428699933740071
804226,0.8534493212324397
804227,0.5630461984474328
804228,0.99997005980912
804229,0.9998628196056558
804230,0.9997373221489987
804231,0.8896153470504549
804232,0.9781791542094544
804233,0.9997540057863022
804234,0.9999176327285468
804235,0.48980905759897003
804236,0.9999277349523532
804237,0.9942273125555272
804238,0.9911542676065808
804239,0.6262141220662407
804240,0.49744052105446634
804241,0.9936074499314733
804242,0.9275184252933422
804243,0.625841831831611
804244,0.14468277869107316
804245,0.9995178834904992
804246,0.9999057918874095
804247,0.9996830247996937
804248,0.9860238999221195
804249,0.9635298254815472
804250,0.6070471968698916
804251,0.8632590925718074
804252,0.9931048740288504
804253,0.025004746325487145
804254,0.9997487979641588
804255,0.998532607585896
804256,0.9995018677065182
804257,0.9896827034670901
804258,0.9956813547395638
804259,0.9994524023200818
804260,0.9624180747050401
804261,0.9999647843303783
804262,0.17004677284739836
804263,0.6549870296064629
804264,0.9960591551621001
804265,0.8006523190196507
804266,0.015035697361224738
804267,0.7851427076229325
804268,0.011848670012737855
804269,0.4000078987860638
804270,0.9848856759355018
804271,0.9933110666478042
804272,0.03383159297160883
804273,0.9932015705262183
804274,0.9973260439796058
804275,0.7801179571647665
804276,0.9976119658933958
804277,0.99903682007414
804278,0.9814088542771195
804279,0.7701288433305371
804280,0.7509356660512843
804281,0.9999317240995267
804282,0.22627793884347902
804283,0.999804945772062
804284,0.9949871125621221
804285,0.9999868542184613
804286,0.24121412543606524
804287,0.9939518791667145
804288,0.23846681984307372
804289,0.15402272965109734
804290,0.9995894658238634
804291,0.9860901780022168
804292,0.9996697164097736
804293,0.9994995860447676
804294,0.8585576239346829
804295,0.0026027792762009215
804296,0.9210859776237423
804297,0.8999894039881449
804298,0.9997558406167961
804299,0.8905972120234293
804300,0.9945051672456753
804301,0.4747293043314221
804302,0.016394668567121722
804303,0.4215974097634032
804304,0.9995009843935617
804305,0.26232814860194675
804306,0.9995695119653627
804307,0.9982120321472335
804308,0.311576049002512
804309,0.7062201162130519
804310,0.7025912129039874
804311,0.9986315757812683
804312,0.9998444662088781
804313,0.9939835286594196
804314,0.9994198035248876
804315,0.9996086864321774
804316,0.9997508886061228
804317,0.001473529411221401
804318,0.993108733185882
804319,0.06909047238276948
804320,0.06839193281616172
804321,0.771184164382479
804322,0.5901490976154441
804323,0.9990828195338767
804324,0.6301867425865783
804325,0.9989975467530636
804326,0.9979416989215693
804327,0.9999910299493352
804328,0.939731017613206
804329,0.8461636522805194
804330,0.9999438694099956
804331,0.6004315918577061
804332,0.999871300146827
804333,0.8970153836426987
804334,0.999766999176718
804335,0.04483411352701998
804336,0.9971563857811232
804337,0.9999382311045092
804338,0.10794699975418502
804339,0.9835150643617269
804340,0.03698292871701609
804341,0.9929447555087563
804342,0.1911792663622027
804343,0.5873898304436485
804344,0.99556226558957
804345,0.9997042983805305
804346,0.9993347197499849
804347,0.019570155578289315
804348,0.9991973055168971
804349,0.9226452923142521
804350,0.8008555992848682
804351,0.9989644286308531
804352,0.9996099226522991
804353,0.09011776823504904
804354,0.1288111274550398
804355,0.4823152909831127
804356,0.8021760106717368
804357,0.2138541791642079
804358,0.9666768811850706
804359,0.35813045976754326
804360,0.04428088853490736
804361,0.999958810718641
804362,0.011387216051142256
804363,0.010390210049152042
804364,0.5911131888881548
804365,0.9999740617146913
804366,0.9997680080014182
804367,0.06764142356479844
804368,0.2484329763331738
804369,0.9981329985761824
804370,0.9994377895266928
804371,0.36281396050322645
804372,0.9956995605503387
804373,0.9997866757117092
804374,0.08554130811766869
804375,0.08584997816125911
804376,0.7364703321386143
804377,0.4542619248169018
804378,0.04996643537953131
804379,0.9284654947573108
804380,0.9998332088414478
804381,0.9998982904803444
804382,0.9999845846620262
804383,0.19883605945510735
804384,0.9973110756477442
804385,0.9997320544441648
804386,0.8570555531370752
804387,0.9824359356444139
804388,0.9876524405187329
804389,0.04238492779726634
804390,0.999765116007397
804391,0.2432828283034248
804392,0.9831737763098761
804393,0.019666460294145805
804394,0.9983160917213635
804395,0.9229722936526813
804396,0.999979326175361
804397,0.8461549684635504
804398,0.5568417854201522
804399,0.8466792805395568
804400,0.9644467282069628
804401,0.9075842158929894
804402,0.88565888632608
804403,0.9387874348204078
804404,0.97792862524885
804405,0.9997194779185019
804406,0.9872423576248859
804407,0.998088901106456
804408,0.9997685486889836
804409,0.9998668598436711
804410,0.9965477184665645
804411,0.4726688768704314
804412,0.9994410621877166
804413,0.9999984617905011
804414,0.991426305597096
804415,0.6743747575847768
804416,0.9988509147238883
804417,0.7682629857111094
804418,0.9935143047804104
804419,0.017081159796468213
804420,0.9657171394221867
804421,0.01900886525003225
804422,0.9981141093983633
804423,0.9960960995266974
804424,0.5201608893640357
804425,0.9997527438315085
804426,0.922980262160029
804427,0.9902394124175886
804428,0.9987487385559918
804429,0.5380156787457433
804430,0.9999865072537355
804431,0.8869283465575865
804432,0.37467580454924476
804433,0.9999257371509189
804434,0.9809030983624449
804435,0.6416868796369467
804436,0.9996946671523759
804437,0.9998089187885671
804438,0.9999700551559735
804439,0.3208088825879027
804440,0.9188560921107942
804441,0.9405210496815907
804442,0.9089876826745855
804443,0.4680330765348497
804444,0.6807097883670806
804445,0.04720357961749908
804446,0.9529013496452761
804447,0.147593777656665
804448,0.9640383348357857
804449,0.9979234236302524
804450,0.2505581482694392
804451,0.7778845167939381
804452,0.5893852845633417
804453,0.9989845926457721
804454,0.9954387831137016
804455,0.9420969922110307
804456,0.002330683969516032
804457,0.5334528808445055
804458,0.9997115502544252
804459,0.9875914121652056
804460,0.9998136361574408
804461,0.01337785285522561
804462,0.309879274592587
804463,0.09555633482538753
804464,0.9998641536705648
804465,0.6834949808527878
804466,0.9881056668220014
804467,0.4531935926455612
804468,0.7035409182559744
804469,0.136573960193865
804470,0.923356724509652
804471,0.7370229243553279
804472,0.9437038352495678
804473,0.8616947286129275
804474,0.015045450859852654
804475,0.4105579682158528
804476,0.9540118623664604
804477,0.3201941794105596
804478,0.9178113555237725
804479,0.999796883893745
804480,0.999773839829327
804481,0.999969791260158
804482,0.21308082851878407
804483,0.12648282515233847
804484,0.6163333543236988
804485,0.474871091167761
804486,0.9844025983511698
804487,0.3528627449545475
804488,0.1730175158279083
804489,0.6091189374252065
804490,0.9399145781441427
804491,0.06821101490499881
804492,0.25958291313202847
804493,0.9980821313646568
804494,0.9992451962094077
804495,0.0841824991191217
804496,0.37439274298931313
804497,0.4431884519463365
804498,0.9998117734473567
804499,0.9999315320311652
804500,0.48044078590497646
804501,0.3210187189767689
804502,0.00629489493101354
804503,0.8698129772008725
804504,0.8930914192817309
804505,0.9967217158955921
804506,0.9873236450710502
804507,0.9563042341149122
804508,0.9867238754418594
804509,0.5288262153868549
804510,0.9952377365606218
804511,0.9801212851439199
804512,0.3099715144514515
804513,0.9946562196628421
804514,0.9994925421769691
804515,0.047554342539742375
804516,0.9642663201103857
804517,0.9738281615241255
804518,0.9999113587100372
804519,0.48337491848277986
804520,0.9960474271450698
804521,0.12534972576688905
804522,0.7420903167098687
804523,0.5606896377740872
804524,0.8499249165528864
804525,0.9942181485391004
804526,0.9999863737000907
804527,0.932653787189728
804528,0.8323200167970917
804529,0.3509606275092991
804530,0.999920205733066
804531,0.861860840667174
804532,0.9999308722842919
804533,0.9976833604368855
804534,0.9995510841011406
804535,0.9808735724804629
804536,0.16886610793926637
804537,0.7458798927187379
804538,0.9989487667050727
804539,0.6017762981097454
804540,0.9987511542549827
804541,0.7344769523766059
804542,0.49210445770424516
804543,0.9308905988553646
804544,0.20045158179332817
804545,0.9967879116493511
804546,0.999834924728357
804547,0.9718367310754679
804548,0.9521982443370336
804549,0.9331646776194478
804550,0.9999608517591259
804551,0.997918226714964
804552,0.9938984834628297
804553,0.3698841961095641
804554,0.9999182520804497
804555,0.9943668347010712
804556,0.9891527633850448
804557,0.8362254186246035
804558,0.48039075627654115
804559,0.6956266973466019
804560,0.9941140773692221
804561,0.9996923209969266
804562,0.9999839249759681
804563,0.6162987498473489
804564,0.10355741545207861
804565,0.9984191970774218
804566,0.1737259241315669
804567,0.9996814777901629
804568,0.9383804837985311
804569,0.9997876797713753
804570,0.9972107080371342
804571,0.9894676266796254
804572,0.9891403185434073
804573,0.999120194803889
804574,0.5392148654592938
804575,0.9998446945408039
804576,0.676258187902358
804577,0.34617282701063007
804578,0.4143138312950866
804579,0.16960523858088045
804580,0.9960525482730442
804581,0.21608089574829784
804582,0.3579969323225245
804583,0.8865307896815376
804584,0.9993736693530643
804585,0.241340629996483
804586,0.7912381175335483
804587,0.07665336498269673
804588,0.11195112110509226
804589,0.9944127596910801
804590,0.7383461583548341
804591,0.19453101846007886
804592,0.005936401222895009
804593,0.9474516609279418
804594,0.943588079904208
804595,0.9996933141244868
804596,0.727259882326941
804597,0.10860086368525557
804598,0.9996947792087063
804599,0.8224459392414171
804600,0.9997833295873402
804601,0.9982397698736443
804602,0.9991805547324253
804603,0.9996581792267849
804604,0.8669665875314825
804605,0.9911799171883234
804606,0.7689744169574846
804607,0.28530460543942493
804608,0.7575450043490357
804609,0.40581544456083757
804610,0.6698603424665424
804611,0.99902419251312
804612,0.09527466537208987
804613,0.9985333617122079
804614,0.8438041287961233
804615,0.012632488465481418
804616,0.9704884587465835
804617,0.8154539015832679
804618,0.16852773478815003
804619,0.9797616254617902
804620,0.999871757448322
804621,0.9999672885748779
804622,0.8787998915864693
804623,0.9100940183942153
804624,0.9996662846957032
804625,0.10792997738057114
804626,0.9998676286259808
804627,0.4327386402993951
804628,0.9152955001861556
804629,0.8786156651900003
804630,0.9721987115597837
804631,0.9982565559650746
804632,0.9999553096401965
804633,0.3023992523769726
804634,0.9994699961059672
804635,0.9905745100248603
804636,0.4548475990222105
804637,0.48679486240512504
804638,0.7800602793743812
804639,0.6845473472315629
804640,0.01254560886429567
804641,0.11331378100416845
804642,0.9999082889996294
804643,0.17697584061240512
804644,0.25058293733489156
804645,0.9987889554792612
804646,0.32922817733134896
804647,0.9983347691749316
804648,0.025729127008425084
804649,0.9997751557720559
804650,0.9997337890829576
804651,0.9955320538702772
804652,0.9999812625713357
804653,0.998669908193747
804654,0.9982836830995729
804655,0.7843948995597669
804656,0.7774790851794489
804657,0.02743288706781956
804658,0.9981630376809674
804659,0.0341042638710449
804660,0.9990863871194197
804661,0.6028486738619078
804662,0.8766236251620293
804663,0.7923698323190338
804664,0.8773711577251265
804665,0.9999866490744919
804666,0.9940511260213037
804667,0.9293276740445124
804668,0.9997581424041933
804669,0.9509588544489458
804670,0.18801596725822384
804671,0.9996385095140405
804672,0.9990769662234367
804673,0.5997712306244718
804674,0.7406317698807885
804675,0.9942880613049386
804676,0.07075725801932756
804677,0.999265494113654
804678,0.019944841125844544
804679,0.023926948771199094
804680,0.4819031527838863
804681,0.9743368974783122
804682,0.0758247930225067
804683,0.3892985063405233
804684,0.5805606245848179
804685,0.9998016094572971
804686,0.291726287655968
804687,0.9998021832147896
804688,0.9997052834607509
804689,0.5251251482316979
804690,0.9777988213317508
804691,0.5561494198087497
804692,0.2076607936312171
804693,0.9809171896790714
804694,0.9899085955003302
804695,0.99938211322197
804696,0.9999733349311754
804697,0.5271005473659734
804698,0.6559029976427404
804699,0.005814810145092206
804700,0.9953616010243551
804701,0.9973311574255668
804702,0.6760463287448537
804703,0.9999514289118097
804704,0.9999794899036436
804705,0.3848266658676981
804706,0.9999400799870486
804707,0.5966616090065642
804708,0.9994138184388822
804709,0.9999529969089094
804710,0.8959724401613272
804711,0.24128465176107328
804712,0.7537745075491868
804713,0.998251127139343
804714,0.9991908146220747
804715,0.9932401536965552
804716,0.3361479659690566
804717,0.3223632895266832
804718,0.9539562140687213
804719,0.12240763970908541
804720,0.9535490029658718
804721,0.9986955830517312
804722,0.9070980803812083
804723,0.975409229953891
804724,0.9997050795775542
804725,0.06977369158812297
804726,0.6206557158852007
804727,0.43214021042362105
804728,0.9997802203461157
804729,0.062210792037237714
804730,0.9995006679767569
804731,0.7600609321483136
804732,0.8901132958613631
804733,0.9997914709341815
804734,0.16464780770839155
804735,0.9994689185022592
804736,0.6478554342631917
804737,0.01756198393672319
804738,0.9961839881472394
804739,0.1426009279957802
804740,0.9997483448207382
804741,0.9879175459270161
804742,0.9995211163183231
804743,0.9999236561061229
804744,0.3281391871372331
804745,0.999978387613879
804746,0.6858872996131575
804747,0.026126782124523094
804748,0.7474133938538092
804749,0.9991439932743702
804750,0.9996247308186994
804751,0.9123074291062259
804752,0.9189182229350583
804753,0.34729632758385176
804754,0.9999506152356956
804755,0.9997578281966946
804756,0.9999409086545106
804757,0.9987816150289764
804758,0.9817953870996481
804759,0.7311366311668166
804760,0.9993489074291775
804761,0.7091493452839785
804762,0.8912962225271197
804763,0.06878065047668042
804764,0.374254546054383
804765,0.6275342613515955
804766,0.9998011876058651
804767,0.9990197053748686
804768,0.8365840639224038
804769,0.9923563993107328
804770,0.8858416559383413
804771,0.19212937929878993
804772,0.14555330955017212
804773,0.18397398590350428
804774,0.3479131688680397
804775,0.990379038430681
804776,0.9999910443414723
804777,0.9991532384148653
804778,0.9999724938802985
804779,0.9991863467393878
804780,0.9997997297511725
804781,0.15988072896079555
804782,0.36224023160770874
804783,0.9996464161621363
804784,0.04913146958930998
804785,0.031489861210803986
804786,0.5938754876709694
804787,0.037393588684779606
804788,0.9019828098613609
804789,0.9137856899974739
804790,0.8866183363847799
804791,0.999041775980213
804792,0.9985595937019154
804793,0.9994985680082943
804794,0.6083411787616796
804795,0.9091404112518434
804796,0.11503696082075932
804797,0.6125592110254692
804798,0.2562510935319922
804799,0.6170452320707462
804800,0.9929126126143768
804801,0.4998817236929342
804802,0.7495108506973932
804803,0.9945001426720869
804804,0.9894195638130213
804805,0.9935524498285727
804806,0.998405666055157
804807,0.9023028857869025
804808,0.8135795682174891
804809,0.6548242692130176
804810,0.19839969766540863
804811,0.997066412809991
804812,0.8238316581148053
804813,0.9819516821779373
804814,0.9833108793263334
804815,0.9945567853020946
804816,0.804123972548535
804817,0.9998311066338308
804818,0.7553351904937016
804819,0.44808290772396825
804820,0.9992090736106016
804821,0.0720804849766389
804822,0.5089643247615947
804823,0.9997832578657245
804824,0.6087839513202455
804825,0.7829358174098973
804826,0.9547634136611831
804827,0.9970662377002715
804828,0.7539025420196864
804829,0.9871959182708836
804830,0.9478333082595055
804831,0.9835264465599274
804832,0.9955478645009311
804833,0.8590143003575036
804834,0.09998054618207022
804835,0.10215410175579129
804836,0.8343426645732512
804837,0.9999438378322549
804838,0.27909035154695017
804839,0.17646603332706373
804840,0.9964648372908482
804841,0.4212230176721755
804842,0.9820267555470197
804843,0.9719901581631263
804844,0.9999672300615716
804845,0.9969241483637978
804846,0.47454972779907434
804847,0.06914439929212778
804848,0.7164213746170383
804849,0.298910535537303
804850,0.6480188894978605
804851,0.9876688727945625
804852,0.9999560107695666
804853,0.9537698648711987
804854,0.9999528042371494
804855,0.9946890131344079
804856,0.013755378439437124
804857,0.667683544259593
804858,0.9250418094839699
804859,0.9998527177346652
804860,0.4527740251189952
804861,0.9910552200829021
804862,0.7285081805237316
804863,0.571518105443834
804864,0.5582384452160298
804865,0.02381557800662145
804866,0.3070763636559713
804867,0.5829278884167258
804868,0.9753291929057877
804869,0.05781819726409891
804870,0.9988744546772114
804871,0.999541754410499
804872,0.9934878944452001
804873,0.22617890832728849
804874,0.6074067492107176
804875,0.9975765763711543
804876,0.9998612981536399
804877,0.9774705836176707
804878,0.9976609256616252
804879,0.161883878050518
804880,0.9975048255005425
804881,0.999790631889081
804882,0.933085848350806
804883,0.9990445510370676
804884,0.5295695294607564
804885,0.8211201145816591
804886,0.41459429932976066
804887,0.9994741061331006
804888,0.9999492240221444
804889,0.04088904705824385
804890,0.9997910003374608
804891,0.9988394677552416
804892,0.9986892453433382
804893,0.9978335032749845
804894,0.9981246785804436
804895,0.04086313327044172
804896,0.9998814454096863
804897,0.015324830962678226
804898,0.9998975978381157
804899,0.4292776014512142
804900,0.43086234351519975
804901,0.9994330995948811
804902,0.008363609880664799
804903,0.9502571650385327
804904,0.03082567930399735
804905,0.6727785734913574
804906,0.5840798168162784
804907,0.012508055955094854
804908,0.37021785851990496
804909,0.8712188606439866
804910,0.9998264851996512
804911,0.9989692911141305
804912,0.47664204708227786
804913,0.9700439299529494
804914,0.9997692252718617
804915,0.02013184808918417
804916,0.9996865670419282
804917,0.3767414750446789
804918,0.8998304656871099
804919,0.17966100074892655
804920,0.941808710056589
804921,0.9670896688963438
804922,0.9998540179964819
804923,0.6181713934905877
804924,0.9486604137029649
804925,0.9994010082676191
804926,0.9848584153101595
804927,0.987734570863601
804928,0.9957105994425719
804929,0.19523382278528065
804930,0.9065761033514869
804931,0.9990843392204296
804932,0.9996945819577461
804933,0.0592681063194347
804934,0.9999386096552865
804935,0.9998426928728712
804936,0.5777060973427942
804937,0.7833433667558642
804938,0.9915359305436487
804939,0.04075052398579847
804940,0.9985985998809095
804941,0.012030992964431206
804942,0.5140090346142885
804943,0.007213990516922978
804944,0.4352822404480496
804945,0.9999882761533514
804946,0.9551695109673545
804947,0.7113591864419644
804948,0.9676461143694448
804949,0.9398134937243232
804950,0.2227899163402112
804951,0.9609036569062384
804952,0.2304603381642663
804953,0.12547777744638472
804954,0.9999524889146003
804955,0.9219581368450616
804956,0.38384309787553084
804957,0.36688052704640384
804958,0.17720434360795587
804959,0.24277708894868152
804960,0.049361586827583764
804961,0.9964175743773586
804962,0.5494462977317696
804963,0.9992381629730914
804964,0.9999821261061016
804965,0.7860381247766226
804966,0.24892415903727735
804967,0.9992677059683233
804968,0.04809430565536546
804969,0.7268745736085924
804970,0.9998258310093202
804971,0.9429908274768346
804972,0.5806669103084875
804973,0.15394528219300033
804974,0.99672604307529
804975,0.9988909711645844
804976,0.42837675238348494
804977,0.9949766329357095
804978,0.001050621231723626
804979,0.9082933664239348
804980,0.6668640609656123
804981,0.9987647269967268
804982,0.4617112543089187
804983,0.8562160334287724
804984,0.9970866338955233
804985,0.7272835458774074
804986,0.974899740482603
804987,0.8784959654749362
804988,0.8304092697677402
804989,0.9998253170383578
804990,0.9997367501108168
804991,0.43151991042921517
804992,0.9999158594835662
804993,0.9201758434614307
804994,0.13060209156204905
804995,0.9634941053388264
804996,0.49209312182992115
804997,0.7572370256092807
804998,0.5982784580738956
804999,0.9998502935956437
805000,0.18746909066455475
805001,0.9998319944511582
805002,0.9713542789061944
805003,0.9996652961262215
805004,0.5387364566339199
805005,0.9999855289570694
805006,0.9992469230759302
805007,0.9995751281571734
805008,0.468404808539955
805009,0.9960451334317764
805010,0.607548756942201
805011,0.9992903313010528
805012,0.9998142569210651
805013,0.03850736139859894
805014,0.4695586243110995
805015,0.36959295276235193
805016,0.33481973293883954
805017,0.15776620791070886
805018,0.9998573098875425
805019,0.708063869402575
805020,0.08586038337869539
805021,0.7819331713249578
805022,0.05866082133705372
805023,0.35601480775198846
805024,0.9998275029181796
805025,0.26527521063164805
805026,0.9998903411792066
805027,0.9988034978028428
805028,0.445327453900603
805029,0.9744849883512459
805030,0.9629489533660226
805031,0.9848946522722386
805032,0.9729903444738622
805033,0.0336378484394058
805034,0.997062911972356
805035,0.9986037346591079
805036,0.9818910119046778
805037,0.014793534216845003
805038,0.030204462108080105
805039,0.9109834243957289
805040,0.9998628751121554
805041,0.5662079168188339
805042,0.13002953225538802
805043,0.8842622237795534
805044,0.9999497599429414
805045,0.03469381868777145
805046,0.9993076956947693
805047,0.9999423290096203
805048,0.9982580304447287
805049,0.9959387467135976
805050,0.9978053653597818
805051,0.9944212399765697
805052,0.08481318815976185
805053,0.16889481742578216
805054,0.6936044237816912
805055,0.9986106253615794
805056,0.9999717030774996
805057,0.997483994775228
805058,0.37294390030754665
805059,0.7143311534830415
805060,0.3315403707548979
805061,0.9994654145147918
805062,0.12126883926228949
805063,0.9999848608813012
805064,0.9969830023497194
805065,0.9997650943694438
805066,0.9998456572978232
805067,0.3758090486194712
805068,0.4300309723103822
805069,0.997787757549204
805070,0.28013399010870466
805071,0.06897472328195246
805072,0.99556992653777
805073,0.9999475900187051
805074,0.22852494916525076
805075,0.404280309034453
805076,0.04619446845955674
805077,0.7812920941817096
805078,0.9838628213264952
805079,0.08185241263237009
805080,0.10576332424057691
805081,0.9847569220212462
805082,0.9999733504776017
805083,0.9959073295297516
805084,0.9998424989631982
805085,0.9997349692209545
805086,0.9662304283925791
805087,0.9994113133747919
805088,0.9940796410039525
805089,0.6703849987706714
805090,0.9998423111922852
805091,0.9216589935196505
805092,0.5908094223199679
805093,0.9819627627669005
805094,0.9977169869076241
805095,0.9978056290160229
805096,0.4213693315765017
805097,0.5668532447252476
805098,0.9997772720555078
805099,0.006475418921797766
805100,0.9989530843056291
805101,0.9999340797557045
805102,0.9883605646918354
805103,0.46559598240960043
805104,0.030966184728137728
805105,0.027136337121485405
805106,0.9738964008759323
805107,0.9998747055993676
805108,0.6576607813124835
805109,0.9986447406142334
805110,0.10002041973791347
805111,0.9872246140790065
805112,0.9974467042339858
805113,0.9996517921653256
805114,0.9992543947364001
805115,0.7462944040934697
805116,0.8161068593704921
805117,0.9977720663171767
805118,0.9998538496975595
805119,0.9399967619506588
805120,0.7400249985080879
805121,0.517153062334825
805122,0.07923437776101296
805123,0.9980874259519108
805124,0.01179022888194119
805125,0.19021029195593067
805126,0.6900277160682422
805127,0.35594043214785254
805128,0.9962452756456017
805129,0.022168759623476912
805130,0.8023417080247215
805131,0.09598692775658671
805132,0.9998272403910438
805133,0.9917718109737801
805134,0.33293327526959976
805135,0.9952923694542382
805136,0.5900625657312135
805137,0.6367746926453661
805138,0.9824377954089438
805139,0.9111282029948787
805140,0.6427409813752805
805141,0.9998337221793927
805142,0.9999765364020303
805143,0.9999183346567615
805144,0.22780960042264048
805145,0.9998499403969763
805146,0.8194488574914974
805147,0.057477716604015475
805148,0.10693316335680869
805149,0.9020109080241028
805150,0.9948650102930259
805151,0.73467635267833
805152,0.9996939797327494
805153,0.5937100617210552
805154,0.04575879121961511
805155,0.0280317896846592
805156,0.270470705321123
805157,0.9530971693729512
805158,0.015857065192644487
805159,0.014787086704863218
805160,0.019358066136688074
805161,0.999873265063955
805162,0.8457604286993001
805163,0.3621674599800227
805164,0.8416219794658788
805165,0.9395503073763327
805166,0.9996376453934614
805167,0.9999854106652145
805168,0.9999930713606968
805169,0.9919023878630697
805170,0.9670336469881716
805171,0.6430515525059101
805172,0.9997771502057989
805173,0.9761967407821539
805174,0.7761821764075595
805175,0.24907586399494128
805176,0.9991542996389209
805177,0.9997583396989596
805178,0.024838539849296584
805179,0.8617424404313081
805180,0.9964600731746271
805181,0.9998939825887332
805182,0.7267687241917777
805183,0.9921896924609162
805184,0.8494368409032851
805185,0.9998848911913913
805186,0.9966405011790884
805187,0.6602327004711532
805188,0.695339598249963
805189,0.9893768858341092
805190,0.2679160011283359
805191,0.9996222912171643
805192,0.1797293960783039
805193,0.7241821538544551
805194,0.7327752183004546
805195,0.9999727189466874
805196,0.9870134998064273
805197,0.17900353459064006
805198,0.018666345403019584
805199,0.8479455757722281
805200,0.6974327875161619
805201,0.9989687943636544
805202,0.9981944594160829
805203,0.10618648530990693
805204,0.10076597105406826
805205,0.999615742997144
805206,0.02748431411214402
805207,0.9996779908945316
805208,0.9903434035501408
805209,0.5890551777337605
805210,0.02168799038874791
805211,0.9990223620827776
805212,0.9998451673709204
805213,0.9052158039040065
805214,0.8183668102230006
805215,0.9998686480800768
805216,0.9241296446199957
805217,0.8263257478426347
805218,0.5946306992240389
805219,0.9696796967292666
805220,0.6283559981881806
805221,0.9874120576594216
805222,0.9772226686956944
805223,0.3489035875029235
805224,0.974594616919619
805225,0.9993870894110072
805226,0.7200454493510795
805227,0.9997989709261594
805228,0.05783571321752466
805229,0.9999674537544239
805230,0.014083920901208458
805231,0.020263516400409673
805232,0.9999569437879403
805233,0.14366401112208288
805234,0.9997424709653209
805235,0.5727045668124108
805236,0.26009227657390427
805237,0.9655683803000998
805238,0.9999790933326105
805239,0.10747746156830916
805240,0.1667363081250531
805241,0.9262635653111324
805242,0.9986477736921547
805243,0.926296178926463
805244,0.122020949955686
805245,0.016844849837170755
805246,0.21918448141078858
805247,0.9957307163948281
805248,0.999729880456324
805249,0.8880138334300072
805250,0.48308120085554895
805251,0.9998268361667945
805252,0.8618699290907583
805253,0.9999910106043975
805254,0.3613569975090554
805255,0.7997265427654959
805256,0.997798189958709
805257,0.7161815653849632
805258,0.999643767789144
805259,0.0508578643070542
805260,0.8812807676367951
805261,0.0461334074878685
805262,0.9892931425622865
805263,0.8757521340268855
805264,0.8955360506393022
805265,0.009884397712149332
805266,0.9991669566365667
805267,0.9999646202076938
805268,0.8196798990822886
805269,0.9847412768505595
805270,0.9793928260258254
805271,0.7214740352914479
805272,0.9998392047967551
805273,0.9989691691763467
805274,0.9874002835332005
805275,0.20784870493302404
805276,0.46340468780574895
805277,0.9994840821942275
805278,0.8567917975311372
805279,0.8851538566592377
805280,0.9966915709801691
805281,0.04897080171598312
805282,0.6277763077690246
805283,0.9948262426823788
805284,0.9976510848358391
805285,0.035805657857910664
805286,0.9393537375940881
805287,0.9998685649750596
805288,0.9999607887087018
805289,0.029326032583777497
805290,0.9991039120832388
805291,0.6595748200635285
805292,0.008231911233652441
805293,0.9188995813358443
805294,0.8794089185203516
805295,0.9985618680695815
805296,0.8071501861340481
805297,0.8293736031881114
805298,0.8975298817226066
805299,0.6727773954689859
805300,0.9999274650905284
805301,0.9997945585360096
805302,0.9994134648356686
805303,0.8758210763447396
805304,0.46633717517055295
805305,0.813918305114063
805306,0.999589403568991
805307,0.9999882167838099
805308,0.8389746715363062
805309,0.01959320347180021
805310,0.15544815505333612
805311,0.9877021177723808
805312,0.984061150124993
805313,0.8707396192793564
805314,0.8222677519285465
805315,0.9849475118580999
805316,0.08757661136674016
805317,0.4003224771129752
805318,0.6694682538754645
805319,0.9993403976521421
805320,0.3961981435627106
805321,0.9791774815271967
805322,0.8867245150533141
805323,0.992881777971251
805324,0.05768384622217322
805325,0.010800580719364261
805326,0.9999702707096589
805327,0.9145941798518643
805328,0.9946058430299417
805329,0.9740505715374307
805330,0.2568931840376325
805331,0.9990301173368081
805332,0.9929646545353115
805333,0.9975851924794683
805334,0.9454336519156553
805335,0.9943082799066372
805336,0.2815542868541563
805337,0.007968205847928424
805338,0.9996907428087412
805339,0.7350145429582942
805340,0.30743245265115327
805341,0.5839942200710199
805342,0.9997891399318037
805343,0.8280941118540384
805344,0.9960131165579255
805345,0.1728285254420298
805346,0.9967811290525587
805347,0.992490610561697
805348,0.6087238152792935
805349,0.9999110420668689
805350,0.41017395352780994
805351,0.4104486304525755
805352,0.9997600192729328
805353,0.9717780443871509
805354,0.9996756115631698
805355,0.9999707495859103
805356,0.6761546122639315
805357,0.9999611088249187
805358,0.9959534437235235
805359,0.6066529359616282
805360,0.9999174377118906
805361,0.9406275033392802
805362,0.018289175320632112
805363,0.9999363281477847
805364,0.9840322141296887
805365,0.05958540162622403
805366,0.9623270446839722
805367,0.019662329591270806
805368,0.38843091708864574
805369,0.5264463823675052
805370,0.7188863809942875
805371,0.884989356438264
805372,0.13194014036630886
805373,0.9691671637261285
805374,0.9665882953776582
805375,0.8105125184351676
805376,0.018462997096553854
805377,0.06596541138726787
805378,0.9984434477190612
805379,0.9995887329626796
805380,0.7455558790279584
805381,0.999787037950689
805382,0.724620511735014
805383,0.9973028714191492
805384,0.9011221040745498
805385,0.4579994505360388
805386,0.9447392895554575
805387,0.9821216628330882
805388,0.6745613627652964
805389,0.9892679578223128
805390,0.550687684432738
805391,0.7383797527842759
805392,0.6930488652672938
805393,0.42860474871694715
805394,0.2816977722522942
805395,0.09971874625000662
805396,0.4671842093161099
805397,0.8102451203602538
805398,0.5291742119301192
805399,0.9999120593952877
805400,0.9983034882992714
805401,0.18228833461483449
805402,0.828508823573658
805403,0.8927595986866325
805404,0.030746051312770202
805405,0.9995449332234896
805406,0.31716514053189576
805407,0.5585337628117981
805408,0.48433333889131425
805409,0.4940594911301225
805410,0.9989696234291188
805411,0.9948251619340084
805412,0.9997554637120638
805413,0.01275896794994854
805414,0.007796297852756623
805415,0.061057984477144625
805416,0.9340564056042461
805417,0.9731701608840275
805418,0.9036065308718795
805419,0.9922662418270418
805420,0.9999322008393748
805421,0.9996243159847233
805422,0.9975892996667152
805423,0.1264746659269817
805424,0.9998633935585254
805425,0.9876348765143667
805426,0.9998284564950752
805427,0.9489625978434477
805428,0.9921836690884259
805429,0.01132553592447703
805430,0.9580714029145938
805431,0.9998226524914607
805432,0.9997996292644997
805433,0.9994342350105283
805434,0.9818309708905952
805435,0.8765491346470025
805436,0.2848908052012407
805437,0.2869053819576194
805438,0.9990737694448608
805439,0.9980980449851766
805440,0.9992298323661243
805441,0.6930039258548527
805442,0.999946648748938
805443,0.992130938474166
805444,0.9980887450350412
805445,0.9296133453207711
805446,0.6126244854045428
805447,0.059949572566521246
805448,0.043820070202756134
805449,0.9601453182720334
805450,0.9904310151476341
805451,0.5457591308308856
805452,0.9987890203606697
805453,0.9923396187212866
805454,0.5399423150727694
805455,0.646019579111621
805456,0.9613927948995257
805457,0.9365330371808471
805458,0.70586860621778
805459,0.29705502134246026
805460,0.3562921978202487
805461,0.22053016619866217
805462,0.029312167218466127
805463,0.5625960813201826
805464,0.016989505506021272
805465,0.3372593410938801
805466,0.9997211146183629
805467,0.9995096526153111
805468,0.9865963040057149
805469,0.9980115765914495
805470,0.9655890571764676
805471,0.8788624237904469
805472,0.9984602639946538
805473,0.9997918069451699
805474,0.9983836231010221
805475,0.6312850391465903
805476,0.9685361824074279
805477,0.3015688689734304
805478,0.9975652391679852
805479,0.9996678369349239
805480,0.0972088048102738
805481,0.995793901770842
805482,0.9996634467582652
805483,0.9405818849235716
805484,0.8713843271658699
805485,0.9686834818671739
805486,0.23173247814493825
805487,0.3430262888323934
805488,0.9995751862269506
805489,0.9998638800677297
805490,0.9962243019208282
805491,0.9977007070821423
805492,0.9998097949357365
805493,0.999423956156926
805494,0.9957420046555252
805495,0.7253066953532146
805496,0.9920725101477965
805497,0.594953797710169
805498,0.006477467491703807
805499,0.9942537530653356
805500,0.8890704226096791
805501,0.051383647418462054
805502,0.9296164854284499
805503,0.4302578247701002
805504,0.6468927664817459
805505,0.999736097738662
805506,0.20657927285154434
805507,0.3199148157767492
805508,0.9994941245691715
805509,0.3893197528026732
805510,0.004901707407519923
805511,0.9979468848870848
805512,0.9974153726162522
805513,0.9998880605784624
805514,0.9975706938270312
805515,0.16336108467202348
805516,0.9954296488693253
805517,0.01903935377995097
805518,0.023497553949581713
805519,0.1379785946706318
805520,0.9990851343500926
805521,0.9997416893733333
805522,0.9987720622724765
805523,0.9973779739440103
805524,0.14253283724362084
805525,0.9995768836705814
805526,0.5294189306429685
805527,0.15773488471354755
805528,0.08171370956123389
805529,0.9897338055551738
805530,0.023468887551421118
805531,0.9979528973487994
805532,0.9125498113100345
805533,0.9993337750752179
805534,0.8287644835525562
805535,0.7651197457543664
805536,0.2263030969647316
805537,0.7762721278820008
805538,0.9999246721384081
805539,0.6662707751971182
805540,0.62811733471234
805541,0.9951040655548189
805542,0.2691205757257415
805543,0.6435756205947704
805544,0.7331339939966443
805545,0.07388672449007537
805546,0.5823490355338454
805547,0.7941461516642488
805548,0.8906226177917629
805549,0.9984644283154862
805550,0.39767576645637326
805551,0.040004067652255004
805552,0.9994868423632157
805553,0.585856391300434
805554,0.9654058264041884
805555,0.9996624801116497
805556,0.2912696554458981
805557,0.6222619200298073
805558,0.9989915492966628
805559,0.9980529682872523
805560,0.7602655021959561
805561,0.9991714286222044
805562,0.9941865067134397
805563,0.1615838369481904
805564,0.9991377576783975
805565,0.9998809971193903
805566,0.7562888191729792
805567,0.09104039086333977
805568,0.5653681079918464
805569,0.9998498714984293
805570,0.9985382727259242
805571,0.013816828182560487
805572,0.7435999534365866
805573,0.9999289915881924
805574,0.0053914246267286305
805575,0.7838940653167046
805576,0.06018612660157394
805577,0.23420036518428433
805578,0.959242227299135
805579,0.05316421413530978
805580,0.5841055484502615
805581,0.34692943649251007
805582,0.9998901559669983
805583,0.9839237871977717
805584,0.4379417032912808
805585,0.9853145775734481
805586,0.9955039206886875
805587,0.9977082725653506
805588,0.9864956832321408
805589,0.6413320753557815
805590,0.98897096854398
805591,0.9999053661772273
805592,0.9909878117783553
805593,0.5980625856948725
805594,0.8617325244850866
805595,0.9875026152421321
805596,0.27251620987321673
805597,0.9940629326120971
805598,0.9993874243785197
805599,0.3843120848184228
805600,0.4825027935358144
805601,0.3020772264485524
805602,0.5297588620025886
805603,0.9992416158507479
805604,0.9998017005824263
805605,0.19625350018586937
805606,0.046907206071446016
805607,0.94935745654592
805608,0.9894766602932195
805609,0.10221879283595636
805610,0.6043407656704862
805611,0.9977293047526412
805612,0.9332748577676675
805613,0.08681431618668793
805614,0.9977594838931727
805615,0.9900196325761029
805616,0.9972423523338515
805617,0.9977114274718908
805618,0.9944768702349387
805619,0.26890000081549936
805620,0.7222905065288163
805621,0.0032080530722945434
805622,0.0017181477752703407
805623,0.763862414439638
805624,0.800451513087467
805625,0.9874522745715197
805626,0.9999386333062192
805627,0.9998149589829874
805628,0.6078817696856796
805629,0.965068068235595
805630,0.027285992534993392
805631,0.9651669128734289
805632,0.2063088923962964
805633,0.9088077005537909
805634,0.8067873950600697
805635,0.9746896426793847
805636,0.19683263041556526
805637,0.5583579129876192
805638,0.07990994206307184
805639,0.9530607423913855
805640,0.9851917606801166
805641,0.9999834903322106
805642,0.9920050037098402
805643,0.9999538609008751
805644,0.06817011269667692
805645,0.8112470487671155
805646,0.9841742833878062
805647,0.5701336220932396
805648,0.9998427630847192
805649,0.9999100182880197
805650,0.27788990430496285
805651,0.996841613560497
805652,0.9907901535539064
805653,0.9995036489895935
805654,0.4583506940310291
805655,0.2801304070516898
805656,0.5732218522809248
805657,0.01045057091142753
805658,0.9971165272209414
805659,0.999956189626425
805660,0.9977669677639667
805661,0.0048814637109931966
805662,0.6615087767285278
805663,0.002047963316160908
805664,0.9991042225168244
805665,0.6435754692280226
805666,0.6850767625045238
805667,0.30743220831137535
805668,0.958689019237835
805669,0.999938124556922
805670,0.27773141151805997
805671,0.9999783955881226
805672,0.999740412902524
805673,0.9999708964891603
805674,0.14387797010862324
805675,0.9999832169952156
805676,0.0246432603300885
805677,0.5868675391465843
805678,0.1987275059978328
805679,0.9999702434536597
805680,0.4055393254544922
805681,0.6602560083275413
805682,0.9992167811378596
805683,0.5277437768491575
805684,0.9232833398730587
805685,0.9658337268535966
805686,0.9868735559916393
805687,0.20458584717789105
805688,0.9979186934369002
805689,0.46670137194006356
805690,0.6655239604316817
805691,0.9999779435625891
805692,0.9893930170946488
805693,0.8822062926282888
805694,0.8599879560067
805695,0.7875769211443313
805696,0.039071513838186196
805697,0.8868353355500254
805698,0.4891365198682945
805699,0.6244884729212178
805700,0.9970637477828027
805701,0.030462916238582056
805702,0.024429073654455388
805703,0.032951087543868815
805704,0.9930730876435006
805705,0.9842664348272854
805706,0.07669406074550039
805707,0.08088548409546888
805708,0.03009115422987415
805709,0.999837652161799
805710,0.8578793783265639
805711,0.6272761111463898
805712,0.13100632751557773
805713,0.999665318271922
805714,0.999766038945975
805715,0.9902296521499531
805716,0.8403013922066326
805717,0.9945899081074271
805718,0.9792731224882485
805719,0.764411495433255
805720,0.23589643612133349
805721,0.9600931560937721
805722,0.00901785625089753
805723,0.999772693855341
805724,0.9999497751453426
805725,0.9988295530235025
805726,0.7254785281684226
805727,0.9689773022217717
805728,0.9734766219787233
805729,0.9999129677393492
805730,0.9971886306264237
805731,0.9860525709103943
805732,0.9995843433042091
805733,0.2527640875109777
805734,0.947582262365751
805735,0.9939885004050526
805736,0.7012229618864838
805737,0.9999022299011234
805738,0.25945431162250704
805739,0.9988068125408875
805740,0.9043204223393573
805741,0.942934057805376
805742,0.9930885182041891
805743,0.9998582069737529
805744,0.987624580005619
805745,0.9995637656053946
805746,0.9935115262761799
805747,0.7934448137819228
805748,0.9967622397635657
805749,0.9995286972186253
805750,0.9998711673842958
805751,0.9999664002164861
805752,0.6882029176652973
805753,0.03260834037649322
805754,0.63337392999762
805755,0.4822261904029369
805756,0.9989362196393627
805757,0.9423936136638763
805758,0.14714019355543428
805759,0.999992204039495
805760,0.909018715382194
805761,0.9345264752614205
805762,0.28942448721673
805763,0.024305015206955584
805764,0.5913667514283569
805765,0.19821993546582328
805766,0.5726977397151474
805767,0.8388168197311855
805768,0.9998085501552907
805769,0.8079786528279038
805770,0.9995372134204785
805771,0.9045862588925062
805772,0.9993408283257048
805773,0.8616615992874637
805774,0.9996365680498561
805775,0.7403893903353678
805776,0.740415630743799
805777,0.9484050463210588
805778,0.10406947603738803
805779,0.26510326030659753
805780,0.9056783399956199
805781,0.021869106502356093
805782,0.9344470277461113
805783,0.9540143586295001
805784,0.9998136176269626
805785,0.05751699978024209
805786,0.9337299039141387
805787,0.9983730073091506
805788,0.1200645984221152
805789,0.9917887822832514
805790,0.9522673114189784
805791,0.7147174595489381
805792,0.008215195762776802
805793,0.9991908790685722
805794,0.9988733804818717
805795,0.010545755079773634
805796,0.09208476241806181
805797,0.5065439341804934
805798,0.47222954654794935
805799,0.99997196492356
805800,0.9995860955660121
805801,0.9999365664301229
805802,0.9998506557957307
805803,0.7187015574804891
805804,0.9994151640153179
805805,0.21694323537765312
805806,0.08933175979392338
805807,0.9978641454772347
805808,0.7396605895924374
805809,0.8935457509543053
805810,0.03711575930662618
805811,0.21357569407593985
805812,0.9945880747802175
805813,0.7606112223878869
805814,0.8872599762781274
805815,0.01118743278489262
805816,0.9992360670571849
805817,0.31378293380034605
805818,0.888856108714275
805819,0.9997143501641045
805820,0.05187516737639232
805821,0.15976306317668104
805822,0.08473847380894156
805823,0.9997417058714464
805824,0.19624805919348254
805825,0.9998740804695665
805826,0.9946211235058956
805827,0.01990226248493951
805828,0.8044336507419023
805829,0.12262177413136383
805830,0.7194535462411469
805831,0.21923665455128188
805832,0.7886844418672627
805833,0.9997241426737767
805834,0.05669461327833271
805835,0.5402026418065687
805836,0.9974908429086511
805837,0.9997261740467294
805838,0.5587318412050938
805839,0.9996366418821712
805840,0.9452035960293452
805841,0.9975400993488209
805842,0.5274550538766251
805843,0.9872304615447216
805844,0.5405145398249651
805845,0.06486047451585428
805846,0.016773062129794077
805847,0.08719581259110783
805848,0.9998798644065567
805849,0.9542953372791678
805850,0.9802578825957329
805851,0.2451547662417809
805852,0.9579304285140924
805853,0.9909123320440958
805854,0.9999537036967869
805855,0.06102001318112027
805856,0.9996357588676861
805857,0.8356849628619012
805858,0.9995548911381079
805859,0.9932347692009913
805860,0.9882519464767643
805861,0.9970652280484565
805862,0.37193132727153533
805863,0.9999848044931529
805864,0.24754362629735716
805865,0.9994000960338683
805866,0.9803191626803787
805867,0.8839247409781217
805868,0.9412932223182133
805869,0.959098608886111
805870,0.9404205201511293
805871,0.5944509562177794
805872,0.9999535049433512
805873,0.994132615601326
805874,0.8558720445447366
805875,0.9987878917892533
805876,0.9992066805848636
805877,0.9998346388620019
805878,0.0010367886615234969
805879,0.999381235885231
805880,0.9997608535402671
805881,0.01911755136642234
805882,0.715570278215963
805883,0.8907392407682877
805884,0.999684212101343
805885,0.9711703848315778
805886,0.9994078889108216
805887,0.8778952413903861
805888,0.9996509579052166
805889,0.9999300574375387
805890,0.7853999613182615
805891,0.87576529805765
805892,0.9999733781168536
805893,0.9811781371443975
805894,0.266464153864643
805895,0.026249967030428353
805896,0.9684714758742272
805897,0.40518254976560797
805898,0.05481482243382684
805899,0.990313621169918
805900,0.22877237002454825
805901,0.7862253618063635
805902,0.5301991930534732
805903,0.964942908828067
805904,0.8156904883792386
805905,0.9953188514429813
805906,0.6294583741319276
805907,0.5090939760388258
805908,0.7360161741789102
805909,0.828906818042384
805910,0.8924321852107855
805911,0.9998591357544606
805912,0.9942911058380982
805913,0.9958554370355053
805914,0.8047815539403615
805915,0.9978832898090076
805916,0.9996574109861072
805917,0.9991760120350452
805918,0.6214199637825392
805919,0.6580699970182571
805920,0.9982089473078762
805921,0.023935016731025723
805922,0.09481933181735963
805923,0.9144488200896179
805924,0.9999828730698384
805925,0.9999193806206373
805926,0.03273068396101316
805927,0.1051155735960186
805928,0.9002214860488376
805929,0.7402460475097348
805930,0.9998923016871903
805931,0.05666131943711697
805932,0.9999622305459208
805933,0.16599567781075983
805934,0.9985644236451654
805935,0.980807572920744
805936,0.8501241950008087
805937,0.5894354475810453
805938,0.9766090271650465
805939,0.889342587297749
805940,0.9997798331874299
805941,0.4707692803999015
805942,0.9998069204567452
805943,0.9994032894679851
805944,0.699852523071667
805945,0.02044346640240892
805946,0.9908810540586153
805947,0.9789387435001137
805948,0.6852268853225603
805949,0.9633589160875067
805950,0.12608596237663333
805951,0.587451799731584
805952,0.9994376822427979
805953,0.43336010908562567
805954,0.8270303848561201
805955,0.5363624394455073
805956,0.2389270665653986
805957,0.9992533981388914
805958,0.9997844667891718
805959,0.9985367648406439
805960,0.9998731775682226
805961,0.021618330584573117
805962,0.08085977450153975
805963,0.010146812023577523
805964,0.9909546106108145
805965,0.9996460118994502
805966,0.8910051401700712
805967,0.9568708450200489
805968,0.9728115729296617
805969,0.9783906090033547
805970,0.979680058904325
805971,0.4885652773099865
805972,0.7129410658894907
805973,0.5249788689568532
805974,0.9998942372957104
805975,0.9999079080626644
805976,0.8107783372006807
805977,0.013313129469794408
805978,0.9522737425423262
805979,0.5647487358019081
805980,0.9998764809679044
805981,0.14233715117756304
805982,0.5827277616786741
805983,0.9914734262493883
805984,0.5013436006093206
805985,0.802975267467941
805986,0.9984708904217314
805987,0.7186052298972492
805988,0.9993159915201129
805989,0.9999048054412516
805990,0.98975505870429
805991,0.9964304140402941
805992,0.013664259570124366
805993,0.9122568946015939
805994,0.4007119434395158
805995,0.16391056553588196
805996,0.9998482866288421
805997,0.025556032602263537
805998,0.9999383156228175
805999,0.01647747916272735
806000,0.10330126900865333
806001,0.8466915249207239
806002,0.06592993198241892
806003,0.22795908498196854
806004,0.9934172652017745
806005,0.024902879548382325
806006,0.3179180939323601
806007,0.2887215403293032
806008,0.05929411805190597
806009,0.942794128517473
806010,0.558137037611137
806011,0.8041712909605547
806012,0.9307572483589458
806013,0.905142810257652
806014,0.4619974536006006
806015,0.021321534719240903
806016,0.6482790320033741
806017,0.03682824823753182
806018,0.15867110414607655
806019,0.6691995921423854
806020,0.9998949449166201
806021,0.8460489452699763
806022,0.5101305239735998
806023,0.9986831055528123
806024,0.877134502623139
806025,0.04345589472515613
806026,0.9970821336608786
806027,0.21855153946884004
806028,0.10077639739170972
806029,0.2914361603718321
806030,0.007559871761906952
806031,0.809722476050023
806032,0.9979201855215691
806033,0.9896313946053944
806034,0.8643832431742173
806035,0.19835380589304133
806036,0.6999293901880166
806037,0.9976865771252748
806038,0.9560458275428374
806039,0.6392908470220616
806040,0.23670686008809888
806041,0.03804085997486166
806042,0.5505233173865097
806043,0.5419876133323792
806044,0.02074524134970253
806045,0.5199356038957692
806046,0.9159526280293103
806047,0.9999585584307542
806048,0.6697461978492746
806049,0.703026057519845
806050,0.999717818653786
806051,0.9661754715777593
806052,0.5005917897064321
806053,0.1911413335116539
806054,0.5654478858238929
806055,0.49098624958888704
806056,0.029025842536162503
806057,0.21916265340257735
806058,0.998834858722484
806059,0.2591157546409
806060,0.8784029025770019
806061,0.0696807639647512
806062,0.7221462078863179
806063,0.08973398820470754
806064,0.13460166016889547
806065,0.9999474155493719
806066,0.9993130193253972
806067,0.986482674472752
806068,0.9998993854143621
806069,0.9992507599579732
806070,0.9992196159378337
806071,0.9999449483470086
806072,0.8288135693976264
806073,0.7505197031195803
806074,0.9998280437675904
806075,0.39326278017571137
806076,0.1735823350749611
806077,0.9999714811439753
806078,0.8590404204995906
806079,0.9999583572906308
806080,0.9968586988541166
806081,0.49690747260330326
806082,0.6488544646239387
806083,0.16851173104906103
806084,0.9434397379760173
806085,0.9998982840969622
806086,0.2685609356343171
806087,0.677792254842014
806088,0.9918753954574789
806089,0.9996426905437736
806090,0.5515652926991145
806091,0.9345983448459885
806092,0.1963756832184772
806093,0.5756389870996572
806094,0.9629691885107214
806095,0.2590375260085434
806096,0.007109374721134005
806097,0.08872870386658893
806098,0.9791641983099388
806099,0.9799026902080712
806100,0.9999758474313383
806101,0.9899951440671438
806102,0.6882964764012731
806103,0.1379152762849049
806104,0.9994327227481201
806105,0.7150559861396598
806106,0.5149201184792159
806107,0.9967150942026356
806108,0.9993244579120801
806109,0.14763452164053562
806110,0.54807454780141
806111,0.976789194584791
806112,0.812469093075135
806113,0.44181438807820766
806114,0.9958947131925417
806115,0.8534265020560604
806116,0.9988623404243919
806117,0.6312118722462882
806118,0.631464034778867
806119,0.24391590587206893
806120,0.9996905781164817
806121,0.9455683166294079
806122,0.9992571481662551
806123,0.9977739861871813
806124,0.7801280172033129
806125,0.8641045974739159
806126,0.41678511622876935
806127,0.800743217924595
806128,0.9780406841269207
806129,0.999983242339916
806130,0.9989508798347932
806131,0.9997254047647335
806132,0.9784045605577348
806133,0.9990821722383652
806134,0.999543320780901
806135,0.6364893288571845
806136,0.08371025481458436
806137,0.9975207942374694
806138,0.47747722022249617
806139,0.9998826889774495
806140,0.5993530937259359
806141,0.6063606607859136
806142,0.07100656082928078
806143,0.9998618394308358
806144,0.22293406595961598
806145,0.994905872055544
806146,0.9311171481041208
806147,0.9572619397229752
806148,0.5028058074222349
806149,0.4383936017153009
806150,0.15576192992684726
806151,0.9994642390421173
806152,0.9999837593515688
806153,0.9827110052247661
806154,0.5667077973813718
806155,0.9999922934430183
806156,0.99878889776066
806157,0.973821039139488
806158,0.30020245378907157
806159,0.9968229796131174
806160,0.04953471827277198
806161,0.25853536793019755
806162,0.5805480185516084
806163,0.6443268358568597
806164,0.026493838515692064
806165,0.9996156572360538
806166,0.029362994386776146
806167,0.888744022980438
806168,0.20710897152169688
806169,0.99360196541846
806170,0.991523468129967
806171,0.40311549552132175
806172,0.9997323243849219
806173,0.5536053418730282
806174,0.5865358585471532
806175,0.998086306539208
806176,0.7663967895264259
806177,0.9998731046346612
806178,0.991269293614259
806179,0.0031077182878053917
806180,0.008147966159079124
806181,0.9819594788495534
806182,0.9998496624357908
806183,0.01564707098002662
806184,0.9999148832946021
806185,0.9937550695536752
806186,0.9833017250772006
806187,0.37113304126271207
806188,0.9920513797232907
806189,0.9999871735253639
806190,0.9566584882550674
806191,0.879524043110637
806192,0.9736101495257856
806193,0.6377038100507341
806194,0.6176600171754624
806195,0.9961514888787091
806196,0.9998278097663045
806197,0.9971537630895712
806198,0.26943538636681397
806199,0.9823124690584183
806200,0.9983454507233526
806201,0.49440751046995646
806202,0.01929388225119698
806203,0.167851919014459
806204,0.06598740515026941
806205,0.9998004185144385
806206,0.9620312018156036
806207,0.8033313455942603
806208,0.9135863948801555
806209,0.35511133818755236
806210,0.5055752537351788
806211,0.30593691825064806
806212,0.9999838526536209
806213,0.9902349136149831
806214,0.6743732114598062
806215,0.9876993731817392
806216,0.9862699512147963
806217,0.012638421566193322
806218,0.999604067828752
806219,0.9503893102337201
806220,0.9997305130375671
806221,0.9967181124000488
806222,0.6172681634812539
806223,0.9849902077699845
806224,0.491427700339944
806225,0.7659155004085174
806226,0.23037253486106443
806227,0.5286591032265142
806228,0.03496874635919528
806229,0.9988326931267346
806230,0.16116624005756777
806231,0.8608339225150097
806232,0.999976026641055
806233,0.782020927834066
806234,0.2106715686033575
806235,0.01618331422795642
806236,0.32715919511839325
806237,0.9993906084673978
806238,0.9997716511071013
806239,0.0050161388508482285
806240,0.9999901781686131
806241,0.9989950073432786
806242,0.9877637717425432
806243,0.960460953799019
806244,0.5415480419339096
806245,0.787968976720747
806246,0.3785657275820288
806247,0.610940699893314
806248,0.5456395859201109
806249,0.9957820117449449
806250,0.1290418753272184
806251,0.6133950205481284
806252,0.9999640054918337
806253,0.02564986935080904
806254,0.9893101087354809
806255,0.5623325934820238
806256,0.9994809940157602
806257,0.48781592202641544
806258,0.03347659421467926
806259,0.8471374707323158
806260,0.3879178156316039
806261,0.21428446750186655
806262,0.5316974166210475
806263,0.12758264050382748
806264,0.9990550778960812
806265,0.9963508502160978
806266,0.9996344440767744
806267,0.9954682252946188
806268,0.00660762179954885
806269,0.999906994433458
806270,0.9999828447900827
806271,0.6513146673765746
806272,0.9979921120708994
806273,0.9999451181750899
806274,0.08030654334808453
806275,0.9530234441291298
806276,0.9935138301383686
806277,0.9985164260076187
806278,0.5274876820378582
806279,0.9995962724274701
806280,0.11286498140056272
806281,0.3038188644634123
806282,0.7761768477092601
806283,0.9692697433406522
806284,0.3208819584333539
806285,0.9981954314975908
806286,0.768906074118702
806287,0.9927620288400255
806288,0.9992527242719815
806289,0.9946628421451076
806290,0.06060244636124329
806291,0.22522028578380646
806292,0.9097408523305248
806293,0.10112812904790161
806294,0.9996320461896242
806295,0.9993948300797652
806296,0.9984519777939829
806297,0.9999663940554346
806298,0.9997072568339055
806299,0.14316854504523457
806300,0.03915781425864819
806301,0.9874462669931452
806302,0.010467027185395265
806303,0.999817671573023
806304,0.008945463800476578
806305,0.9910248737344971
806306,0.9993588424409938
806307,0.9521757537899739
806308,0.014955137454114422
806309,0.0950386274790711
806310,0.9968361503136367
806311,0.21255019922059615
806312,0.8979037658499998
806313,0.9936945060058151
806314,0.9952860165633419
806315,0.946976881248405
806316,0.9999009867162899
806317,0.9999030330888217
806318,0.9932754586346714
806319,0.19925194342511207
806320,0.47563524944062685
806321,0.01913437649368161
806322,0.9539425948870119
806323,0.9995234223967759
806324,0.7606733643401893
806325,0.9987732512148799
806326,0.5798118306463084
806327,0.2842171174758511
806328,0.9998197253359385
806329,0.9955732949431964
806330,0.9999768551177005
806331,0.9935040119496659
806332,0.9878021608748029
806333,0.9764440587955406
806334,0.9999696779521278
806335,0.08141677247986459
806336,0.4472571450906951
806337,0.09628308198156195
806338,0.2700602330065882
806339,0.014945535514939455
806340,0.9682376487546385
806341,0.9362929450411841
806342,0.022752798123221993
806343,0.6937703433978365
806344,0.4866797521994517
806345,0.9966520451498868
806346,0.9540249331448015
806347,0.28919005834607275
806348,0.2933738850239893
806349,0.8605206473353024
806350,0.9879706179563531
806351,0.06860253599652186
806352,0.9632372841235521
806353,0.19390871013096833
806354,0.9998708846795834
806355,0.03391948379428051
806356,0.9997925713468987
806357,0.9999823141557951
806358,0.6662104123479257
806359,0.9662442508742668
806360,0.1329448179785338
806361,0.3712645604802206
806362,0.6846494410597996
806363,0.9999285471559936
806364,0.999941320837987
806365,0.9998443008331926
806366,0.9971249971857974
806367,0.6180681432028601
806368,0.1750205743313737
806369,0.7726059876909389
806370,0.059955728822418425
806371,0.8237060380295067
806372,0.998917492913381
806373,0.6011974233171152
806374,0.6214609943071177
806375,0.9998898383375459
806376,0.9988210293883915
806377,0.0207332613453956
806378,0.08126466003975542
806379,0.9994076339281366
806380,0.9996115310503318
806381,0.3684519134807695
806382,0.9971872175532245
806383,0.3957378942023131
806384,0.13789907813007882
806385,0.001503472838969486
806386,0.7111484274070223
806387,0.999406919725625
806388,0.7975895520529921
806389,0.8566937833335828
806390,0.8621022503803027
806391,0.999986169051445
806392,0.9590022568577714
806393,0.9733511529092049
806394,0.4868427529195821
806395,0.4810703419111032
806396,0.9937403541461807
806397,0.972252472336353
806398,0.9994047003074067
806399,0.6558165582244855
806400,0.36937073607238796
806401,0.9999806776780764
806402,0.08941776671079403
806403,0.9922380133313965
806404,0.9997513652709261
806405,0.2576820918015509
806406,0.9982608112453288
806407,0.007945295161243301
806408,0.9789331350931053
806409,0.9947725058351242
806410,0.927769547524423
806411,0.97034066059471
806412,0.3007998580105104
806413,0.46740922670581286
806414,0.3549576652117308
806415,0.9999909930216933
806416,0.9990435574750085
806417,0.998096257514088
806418,0.32966973237385233
806419,0.9843809343857993
806420,0.6742403975424422
806421,0.5320164118138088
806422,0.9997136718124439
806423,0.5908997648689946
806424,0.9994963234953718
806425,0.9239401982432551
806426,0.1797895676472232
806427,0.800136354008818
806428,0.7900470466243446
806429,0.9989181082481114
806430,0.8078848882782492
806431,0.9997902990005678
806432,0.9977419597877935
806433,0.9831516551869108
806434,0.34599901945775613
806435,0.23988977511973258
806436,0.7322104383956156
806437,0.9710817461217469
806438,0.644151168081272
806439,0.9780525640711804
806440,0.7206555793523709
806441,0.9030545482020778
806442,0.9999932182830109
806443,0.9999555123559104
806444,0.7679223227776609
806445,0.19361387632169802
806446,0.9999540259987295
806447,0.8471798489072626
806448,0.9352269673700544
806449,0.9285053108103138
806450,0.996275390638079
806451,0.9998446694201103
806452,0.9341751800424138
806453,0.9993943574855066
806454,0.7131954430834242
806455,0.9998308746450661
806456,0.9839090320807684
806457,0.6911950262020639
806458,0.9948512448869692
806459,0.767159345668962
806460,0.9980847815416151
806461,0.9882438946823751
806462,0.9987357866828117
806463,0.9840860217232859
806464,0.9997021908698335
806465,0.9978483411626083
806466,0.11823159454983023
806467,0.9995522156494198
806468,0.998241832051784
806469,0.9998204806057688
806470,0.011996843495392328
806471,0.8082959469909683
806472,0.6700509961892038
806473,0.9954913853789891
806474,0.9858474197437469
806475,0.9940048878294516
806476,0.24397483159282662
806477,0.9950500304685754
806478,0.08034558160135721
806479,0.9958330239187938
806480,0.5965563591412884
806481,0.9996328186510517
806482,0.9993522093809872
806483,0.019473781220739898
806484,0.9911846391025712
806485,0.27662528031178085
806486,0.9706275515329027
806487,0.11946852229418665
806488,0.9979317454734113
806489,0.013489230137534476
806490,0.9998519220020714
806491,0.00811965541750022
806492,0.879886431053557
806493,0.9988586417953629
806494,0.8755571173817582
806495,0.999460601625875
806496,0.9999437421947477
806497,0.621166909079591
806498,0.9783518709469062
806499,0.9824481577712297
806500,0.9831839016177062
806501,0.8514284828844535
806502,0.9998604259079716
806503,0.999950331021406
806504,0.9972052304866293
806505,0.4537001050380751
806506,0.3185074984193548
806507,0.7120362951884438
806508,0.9995389117843976
806509,0.87540293154604
806510,0.8604124457972482
806511,0.950363729439963
806512,0.6229004237891219
806513,0.9926661920762863
806514,0.9974743669731174
806515,0.9641505254567402
806516,0.9998555956116619
806517,0.16121864133049738
806518,0.42405419871795486
806519,0.9924610923027342
806520,0.04269371659412172
806521,0.9997343991169398
806522,0.12430464991730791
806523,0.10701109417595382
806524,0.9908762339268868
806525,0.0261268979537689
806526,0.999997063095983
806527,0.9998741913740365
806528,0.9999626312935885
806529,0.8365363438967591
806530,0.20959310693333225
806531,0.9997244746224836
806532,0.0035578468443922197
806533,0.999434030955941
806534,0.9832434898185054
806535,0.9996327213315838
806536,0.9945186271275724
806537,0.7995315740817508
806538,0.9998006234066923
806539,0.4359718488460068
806540,0.8921154122361087
806541,0.9997093590918709
806542,0.6566190081932761
806543,0.43568867765056346
806544,0.1929627965696067
806545,0.8572478373348604
806546,0.9990572933867751
806547,0.5221022557538375
806548,0.6029575166548007
806549,0.9897527447182177
806550,0.997655132904403
806551,0.9998607833304922
806552,0.9457848825061623
806553,0.014691167098329369
806554,0.7491222501658817
806555,0.9995148378039505
806556,0.3921418047474459
806557,0.06330292103521318
806558,0.826187343833992
806559,0.904035751985818
806560,0.9999158985832496
806561,0.9361520258169949
806562,0.8296869233217918
806563,0.06313941130100967
806564,0.010012362950208383
806565,0.686943640165774
806566,0.902359075564294
806567,0.7556759890294087
806568,0.017373081021376656
806569,0.3032360092228426
806570,0.10601593716216692
806571,0.05747259909052649
806572,0.9320087732776171
806573,0.9947495204913677
806574,0.9949153909094741
806575,0.07337253329321193
806576,0.9842817115190895
806577,0.9594367167627784
806578,0.7177500673068571
806579,0.9885592941729983
806580,0.8226603114551123
806581,0.9616511658833428
806582,0.9040188843537953
806583,0.998796962623431
806584,0.8978533044635411
806585,0.9997307148057775
806586,0.9995873635924295
806587,0.06299309658971794
806588,0.999962944539144
806589,0.9990284043199146
806590,0.16928471680529844
806591,0.5764339402231563
806592,0.10908588503216897
806593,0.9983771348335523
806594,0.9820248125955013
806595,0.04292908981155172
806596,0.12657974371971795
806597,0.01904285616343363
806598,0.9999348507699745
806599,0.11005547006973573
806600,0.843007316132574
806601,0.9930289530714025
806602,0.497825625982366
806603,0.04375955989384106
806604,0.8430688722314009
806605,0.736494506226941
806606,0.24509363271685228
806607,0.9966704280251015
806608,0.9997287370170851
806609,0.9998139436242238
806610,0.8306809785607616
806611,0.5483480742930333
806612,0.9996717770686733
806613,0.09532631436027973
806614,0.9995508485927299
806615,0.14492167088978014
806616,0.39734459652660836
806617,0.9999457401306238
806618,0.9994363109476148
806619,0.9998307437971193
806620,0.9999629776415317
806621,0.4976594314714202
806622,0.995502850129006
806623,0.8265590076439862
806624,0.8417841380273066
806625,0.44717246215349976
806626,0.7224235002086787
806627,0.04423805481833389
806628,0.7638483523458605
806629,0.9996559156044403
806630,0.9319508733650456
806631,0.9714516507384592
806632,0.99109826693435
806633,0.9999270670402289
806634,0.05655371275884272
806635,0.21709111537702855
806636,0.8151170133144701
806637,0.6928457208547378
806638,0.041122062198178
806639,0.9930095073795011
806640,0.9995353474313862
806641,0.9316645507544373
806642,0.9997684074036481
806643,0.9665477316612505
806644,0.9989786670033305
806645,0.9999874156232297
806646,0.995883436568116
806647,0.9369910018413828
806648,0.9984635571930199
806649,0.999310575771328
806650,0.37728244092676866
806651,0.9952760901027395
806652,0.9937014137480559
806653,0.02547483067820295
806654,0.9318509606518551
806655,0.9902364298855526
806656,0.9137484939851206
806657,0.08186610789392268
806658,0.9966874432877441
806659,0.9998659001893255
806660,0.5227731448858363
806661,0.9275219693295214
806662,0.9998032355903183
806663,0.9994606907293985
806664,0.999681972283273
806665,0.0912886918859212
806666,0.9206786613401037
806667,0.9925378884105556
806668,0.36164182575083653
806669,0.9939312307465384
806670,0.4621795082268223
806671,0.4286612831304788
806672,0.4020457225190633
806673,0.8247393809455813
806674,0.9996735090934494
806675,0.9999924514047809
806676,0.9998178965341187
806677,0.016302442334465886
806678,0.9958507418693914
806679,0.3778850771340395
806680,0.00527813137566953
806681,0.9992353984120927
806682,0.9937275191018367
806683,0.23948985553584673
806684,0.9788696818070293
806685,0.998775870946055
806686,0.9902269808040209
806687,0.24993925608120593
806688,0.9978380266243788
806689,0.9967449830144774
806690,0.9985238147938034
806691,0.3483147625692807
806692,0.9976096783649462
806693,0.01952898505117754
806694,0.9997243131229051
806695,0.3521661144255755
806696,0.9993322951564981
806697,0.9985725337163576
806698,0.9994009681264309
806699,0.6087612995446867
806700,0.9687428953905748
806701,0.9996957469215364
806702,0.444834056430935
806703,0.9956034781326311
806704,0.23775179777574582
806705,0.9836869467348569
806706,0.7733695808768927
806707,0.9289373955548108
806708,0.9841468171832313
806709,0.9998450722573732
806710,0.999681728034969
806711,0.9964302983303249
806712,0.04280240350425343
806713,0.4690433684440178
806714,0.9940388749837802
806715,0.9951615143456296
806716,0.0023845625172170507
806717,0.08567819489339225
806718,0.5381608372371245
806719,0.9986373898137464
806720,0.10900895099242647
806721,0.8405798662197344
806722,0.9989431186315489
806723,0.9776334408057465
806724,0.5272195644310941
806725,0.9996633059293492
806726,0.022489673608388362
806727,0.9999178373810194
806728,0.9998866078297559
806729,0.20072533712910962
806730,0.0274739659364407
806731,0.4628279279166865
806732,0.922326179573532
806733,0.658065571989461
806734,0.9968065046525428
806735,0.9997837735673418
806736,0.9980571975294767
806737,0.9401009147473315
806738,0.9163464147386617
806739,0.0024326760838948116
806740,0.9099545507240678
806741,0.9993207602146843
806742,0.6830615809069093
806743,0.9994416266395635
806744,0.01712536437606035
806745,0.9991339723340691
806746,0.9824517238514171
806747,0.9993523397437415
806748,0.029879569539981388
806749,0.9578396426672496
806750,0.9999839856368913
806751,0.9998815661144123
806752,0.9838651610914784
806753,0.5081284182856813
806754,0.16348729196960465
806755,0.9514133946797371
806756,0.04085562710689673
806757,0.9164615192225294
806758,0.9791738616665031
806759,0.9996786455003794
806760,0.9995413877389685
806761,0.9745987520313735
806762,0.1905474296856874
806763,0.7767055283776987
806764,0.9980334632931691
806765,0.6854817844186512
806766,0.9990952310291883
806767,0.02732554962699493
806768,0.9609552246662116
806769,0.9985645560017332
806770,0.9952254611807859
806771,0.9179446102048525
806772,0.6214091844534562
806773,0.9929956896777323
806774,0.7406953615168853
806775,0.9692888793143035
806776,0.26597729137772036
806777,0.9999872726174492
806778,0.13248521923776926
806779,0.9752592572249557
806780,0.9969952653296053
806781,0.9949135826425339
806782,0.5581953444859453
806783,0.8798234667825736
806784,0.08603205681178328
806785,0.03185967551376121
806786,0.6330643309217233
806787,0.11430883553163804
806788,0.990167674294189
806789,0.9999816938056371
806790,0.9923306055713665
806791,0.9940581715897647
806792,0.07142012456380348
806793,0.9884935656675483
806794,0.7056735006552306
806795,0.9996527241817977
806796,0.789699636698254
806797,0.9537369805247414
806798,0.9999832189256999
806799,0.9999594336914621
806800,0.5285144249175339
806801,0.9345581937283619
806802,0.05781781202315124
806803,0.9990301185231574
806804,0.10614931258124798
806805,0.5860971606824771
806806,0.7536107824356694
806807,0.9998550311552824
806808,0.7806375468220546
806809,0.9991146495672867
806810,0.1466008344313044
806811,0.9774090867578455
806812,0.21325543736735747
806813,0.9998578949368933
806814,0.9561814442189731
806815,0.986950873087827
806816,0.7046375905306881
806817,0.524780737330219
806818,0.5220019367165253
806819,0.3278109021591672
806820,0.9999908734014618
806821,0.969041601459792
806822,0.6121298965178061
806823,0.5793397317304008
806824,0.4921105568639855
806825,0.9901166085604937
806826,0.997948108622948
806827,0.999899194039838
806828,0.9982606800358647
806829,0.037002902693479715
806830,0.9999408383375915
806831,0.9767793211924686
806832,0.9999018341021826
806833,0.7443017194499346
806834,0.9336112362708995
806835,0.5086256484251995
806836,0.12051897790621899
806837,0.05883676356946751
806838,0.9468427419261465
806839,0.9422908066377529
806840,0.9999927813812362
806841,0.984965109572765
806842,0.9998465195044766
806843,0.011051704180167753
806844,0.9985730009641633
806845,0.858722935684149
806846,0.9926176402425889
806847,0.04958425927434436
806848,0.973811697059794
806849,0.999082774416616
806850,0.9978376600190619
806851,0.9997666656263366
806852,0.5334497351698699
806853,0.2923373605424439
806854,0.9999436465973326
806855,0.9832207381405875
806856,0.999979181176803
806857,0.9984219371659666
806858,0.6660785627549093
806859,0.5571095390914401
806860,0.05816828819406397
806861,0.018317473759518203
806862,0.3418866253322514
806863,0.17456669823821308
806864,0.0039242083824936585
806865,0.972319847010946
806866,0.2422783229635019
806867,0.0502073024600576
806868,0.40262582548041637
806869,0.9999013087648853
806870,0.9948885696727126
806871,0.9970718448651938
806872,0.9998551472698824
806873,0.9968340043299803
806874,0.6382998783970409
806875,0.37327570753324707
806876,0.08221008764994088
806877,0.999543302575477
806878,0.9919970306812484
806879,0.6842477405447567
806880,0.312975140799025
806881,0.8785113569694558
806882,0.3734501520172962
806883,0.9974341771452713
806884,0.26000870029118817
806885,0.992737185762546
806886,0.997501562411693
806887,0.22014888795483478
806888,0.9991437655402183
806889,0.9991380432047441
806890,0.7005323296167624
806891,0.4863518282067069
806892,0.990126885031593
806893,0.9919594194703707
806894,0.15960792443463326
806895,0.9848263230984887
806896,0.8584430367307724
806897,0.9998980275600788
806898,0.06164784298093222
806899,0.029186589072896674
806900,0.2010145462128739
806901,0.011679305119638118
806902,0.06890551779847863
806903,0.9959350649467296
806904,0.9742727244507174
806905,0.9995305884484171
806906,0.41476785314257564
806907,0.9999155696347578
806908,0.9879819632138859
806909,0.9938221922678884
806910,0.9890985945513133
806911,0.019509764778555636
806912,0.9895629409730771
806913,0.13512315106175443
806914,0.9874178156412761
806915,0.9942993455992848
806916,0.8083413386653
806917,0.9975277298724994
806918,0.9901571067718127
806919,0.8706373421034906
806920,0.031465669491730165
806921,0.9973829656835056
806922,0.8028567048567187
806923,0.9999842519100068
806924,0.9256627130237746
806925,0.05759365217635378
806926,0.9857691403485223
806927,0.01566453557082776
806928,0.2512254764070663
806929,0.9801751112584365
806930,0.996791059313844
806931,0.976146987070659
806932,0.1641584547469522
806933,0.9963129032782834
806934,0.9955997184621672
806935,0.01943367036462313
806936,0.702530006424579
806937,0.016385435008374756
806938,0.390176730019743
806939,0.9745599765734367
806940,0.9068689787390296
806941,0.9501263804020377
806942,0.7928834312203736
806943,0.9895555683287734
806944,0.008592400311805729
806945,0.9997438046432254
806946,0.9998217327271675
806947,0.9435845017616995
806948,0.0057023862476845415
806949,0.9995702775328579
806950,0.8862859095818632
806951,0.6315619412342881
806952,0.4469166258097439
806953,0.5527363742384319
806954,0.01510462414201382
806955,0.9998801577708778
806956,0.9997284661902324
806957,0.8580991233586096
806958,0.3372806533050966
806959,0.7774635553163483
806960,0.9997107171394599
806961,0.9988642689463811
806962,0.25909122010908286
806963,0.9592109947170657
806964,0.038644521034315316
806965,0.26747636586878054
806966,0.8398572373712976
806967,0.9998046606546349
806968,0.46222428450950837
806969,0.9995226519091301
806970,0.9234725817900034
806971,0.9998538667656132
806972,0.9294648475438455
806973,0.9994395801996562
806974,0.00872994260194652
806975,0.7778656013210073
806976,0.9353135020795705
806977,0.999676712678088
806978,0.9681629900690227
806979,0.9965610327565125
806980,0.20439812143109481
806981,0.0051161153089551385
806982,0.9935531555853262
806983,0.5959067184223347
806984,0.9932833163595444
806985,0.28007235849530104
806986,0.1785783885953207
806987,0.9999477317013414
806988,0.9911302902816229
806989,0.6502903938685638
806990,0.7504148259847543
806991,0.04066733992460535
806992,0.27206444609340474
806993,0.4261736196602296
806994,0.9994200133551441
806995,0.9959658286548481
806996,0.9999714789858359
806997,0.06375262423814262
806998,0.25744507808013384
806999,0.9969555788948385
807000,0.9999229179142697
807001,0.8835915170110541
807002,0.9960587011438405
807003,0.36700716973559155
807004,0.9545185507424445
807005,0.810272899553373
807006,0.591943432556552
807007,0.9925845076491784
807008,0.9999893625034124
807009,0.6840433069733113
807010,0.8644884884693517
807011,0.342405834592919
807012,0.022615860167405237
807013,0.9998312784797014
807014,0.46136740412629684
807015,0.0023824864218998957
807016,0.9995885256811241
807017,0.17563623285237837
807018,0.9998724360866388
807019,0.9878888329996289
807020,0.12000924464017487
807021,0.05587283175165796
807022,0.9979147777633126
807023,0.9441460782047073
807024,0.9996634305100862
807025,0.9839130008735302
807026,0.99925811005743
807027,0.9999221324089755
807028,0.9981219274323592
807029,0.014336262429155422
807030,0.999941888383945
807031,0.9853193573949308
807032,0.9999799526067565
807033,0.1254012446438958
807034,0.9995542635434878
807035,0.996954067687497
807036,0.5025761641030572
807037,0.9279158132824746
807038,0.9663290175365566
807039,0.9998412628237463
807040,0.9958455896162689
807041,0.999290242739825
807042,0.9999887320058822
807043,0.9995988115896435
807044,0.9885060576029483
807045,0.9998008001099632
807046,0.9997201928274496
807047,0.9999562213083613
807048,0.9850617095919243
807049,0.0475974048845057
807050,0.5657004792715054
807051,0.9994255766926408
807052,0.819696209830035
807053,0.9850069105623229
807054,0.9998517732662943
807055,0.9971250478616867
807056,0.9999487916738758
807057,0.456034128400042
807058,0.024079922732971843
807059,0.9863813969308213
807060,0.9987598928172747
807061,0.8959056820947982
807062,0.83986431257677
807063,0.8222283792567142
807064,0.8246579060443219
807065,0.9144076769716618
807066,0.9985901259702991
807067,0.9999248643616427
807068,0.9119760329167065
807069,0.1405532010874923
807070,0.9989592900156472
807071,0.9999092564795127
807072,0.3625601985199492
807073,0.9995244237183774
807074,0.9999522686352783
807075,0.9734743412989441
807076,0.9643526137517904
807077,0.9634954145039618
807078,0.9995175198857928
807079,0.358951258451513
807080,0.9803968654850628
807081,0.2674210510792266
807082,0.9999436116612077
807083,0.9980610866163326
807084,0.9999709435236601
807085,0.9993715889522987
807086,0.9189803284729339
807087,0.9997260128357977
807088,0.4387167009687961
807089,0.7790890862106138
807090,0.9793623006086728
807091,0.9998381887963008
807092,0.6761746139657947
807093,0.9998022624713901
807094,0.06069894044032963
807095,0.9964090631721164
807096,0.029430012124930873
807097,0.5561557307767113
807098,0.5802065842417446
807099,0.9997924604830053
807100,0.45774595439372534
807101,0.6737748138679953
807102,0.8036172152811709
807103,0.9999766812989432
807104,0.4344589053662907
807105,0.7383697843504149
807106,0.18265900521330403
807107,0.6005668480572622
807108,0.06291003473992351
807109,0.298459935560694
807110,0.605854870403685
807111,0.9980866063799534
807112,0.0203818542249243
807113,0.8670949231276328
807114,0.9972609676674957
807115,0.9850220630098353
807116,0.3324552061719583
807117,0.292960857286943
807118,0.6044974818077683
807119,0.9928507574479646
807120,0.978785707902956
807121,0.012700907904192493
807122,0.634835757695348
807123,0.9997985386590488
807124,0.9943305777807332
807125,0.999770182711513
807126,0.47844674180722707
807127,0.9992216682745567
807128,0.5655833505329874
807129,0.043487509790261406
807130,0.998937742951906
807131,0.9885983863679565
807132,0.9956511425304055
807133,0.06982627493708798
807134,0.9998669461512989
807135,0.8886788426048902
807136,0.4555426679438739
807137,0.9999528834802022
807138,0.0717671690208715
807139,0.9974110801913798
807140,0.2118632835816217
807141,0.9902495167547358
807142,0.9996837685990545
807143,0.9150823795219892
807144,0.007190186060271953
807145,0.8352703491385778
807146,0.14794701825573592
807147,0.9714528152922535
807148,0.0391120929811944
807149,0.7046268310607247
807150,0.9998781894668447
807151,0.8709995054057476
807152,0.9902453501906505
807153,0.9661476781142733
807154,0.9304179406990012
807155,0.9879529790019919
807156,0.5343441832202706
807157,0.30448854853080776
807158,0.6861649430213086
807159,0.9999300902908473
807160,0.9998456243962975
807161,0.9840520138402117
807162,0.999913133692339
807163,0.9779798915370093
807164,0.9999733741811347
807165,0.9999696151855056
807166,0.002778447925773344
807167,0.977876612296293
807168,0.05701297947845012
807169,0.5593829738523072
807170,0.7610920478659624
807171,0.016974147810920763
807172,0.6125743650517168
807173,0.08180641217950108
807174,0.9999726376342133
807175,0.35155328119021606
807176,0.594491509905224
807177,0.9849030886646795
807178,0.9999244474720732
807179,0.9996623689650483
807180,0.0880354035531952
807181,0.7676444075101214
807182,0.9957270218370595
807183,0.9992515313758384
807184,0.9811589282939195
807185,0.9998987138260952
807186,0.9128413177485145
807187,0.7924915270506456
807188,0.5404453251834774
807189,0.9129970109504882
807190,0.012398587095573942
807191,0.8577815782696139
807192,0.9949732596283793
807193,0.9982937642388044
807194,0.7954590955193531
807195,0.9996974921033599
807196,0.9981707087483498
807197,0.7445647266044828
807198,0.38008625219972325
807199,0.020264848065218985
807200,0.9997631094953621
807201,0.9961095236476734
807202,0.6197723085582838
807203,0.9687498131434387
807204,0.7959626439814398
807205,0.973407935384943
807206,0.9995178411126687
807207,0.4668250576221151
807208,0.9982662234243572
807209,0.8886695163493386
807210,0.9999862453959207
807211,0.26889508654411337
807212,0.7827612568795077
807213,0.0018075957654810045
807214,0.9996569891232296
807215,0.9993461867246254
807216,0.9965724239849456
807217,0.939873630644207
807218,0.746894188030096
807219,0.9988986567863891
807220,0.27965350079793466
807221,0.8614079928700171
807222,0.06531282992376426
807223,0.006319646747834685
807224,0.5439417823851818
807225,0.036622199213035
807226,0.9982237949865735
807227,0.9993756466672342
807228,0.9861482888459858
807229,0.7741479143292797
807230,0.10484313751778024
807231,0.08579746472266292
807232,0.011351094329729508
807233,0.4741410125500051
807234,0.9982004587450548
807235,0.696212874927586
807236,0.3416577149704236
807237,0.6091633449629055
807238,0.34518020052276166
807239,0.9429565465643516
807240,0.2565787228172514
807241,0.08513972737932315
807242,0.18952883228513337
807243,0.5408460893807896
807244,0.9996169828841688
807245,0.9507609465124213
807246,0.23499951608520564
807247,0.1430982339915204
807248,0.8214526055859539
807249,0.01724366118827411
807250,0.9960142732755372
807251,0.999671964025027
807252,0.998979270989026
807253,0.9958625740398492
807254,0.9661440554534667
807255,0.9973883559103807
807256,0.9999810455368916
807257,0.9998297817563776
807258,0.9994260327133733
807259,0.9729224227306725
807260,0.990774711202995
807261,0.08693419399604133
807262,0.9991362186639869
807263,0.9974647417771015
807264,0.06871286955677813
807265,0.9993272689641038
807266,0.8947846657040202
807267,0.9099552235006207
807268,0.9997329396343293
807269,0.9431609788416226
807270,0.3795013666895072
807271,0.9948832273896471
807272,0.9979756629330271
807273,0.998140837304236
807274,0.2075310650492735
807275,0.472263691518467
807276,0.9932066059602402
807277,0.9999100152372744
807278,0.9957946574770264
807279,0.23881291767550747
807280,0.11916026426275295
807281,0.3856562797093708
807282,0.026616948486289396
807283,0.25415511982522204
807284,0.9903703191204687
807285,0.019229205442230005
807286,0.9998023653929096
807287,0.986885915075121
807288,0.9998074423401341
807289,0.999662062562949
807290,0.05746354536936718
807291,0.9983676535067116
807292,0.9971109922911001
807293,0.4355960391610072
807294,0.9990027869446021
807295,0.9331349228248704
807296,0.30704827676364504
807297,0.06932087709810063
807298,0.9627073459486772
807299,0.02380308886761933
807300,0.07747695973027063
807301,0.9302351598167944
807302,0.9984050902169281
807303,0.14044379565090304
807304,0.8353035805131861
807305,0.05966963326894002
807306,0.050334901894870124
807307,0.9997792640089693
807308,0.991932690470203
807309,0.21232334364996627
807310,0.9970666172894329
807311,0.9999475430938077
807312,0.02637225210156911
807313,0.9994289506798065
807314,0.9872454122633544
807315,0.9997200455473416
807316,0.020899490911635694
807317,0.9981215006564125
807318,0.9999325999501403
807319,0.9292619066865913
807320,0.9753931965159593
807321,0.970809257004869
807322,0.997907102315841
807323,0.018123458093994353
807324,0.9848039171413299
807325,0.7596151153274686
807326,0.9997999499732355
807327,0.2731941191175419
807328,0.004483438152100174
807329,0.9998491733079065
807330,0.8777776315780709
807331,0.9999338730068752
807332,0.07198623037153377
807333,0.9998874078772824
807334,0.07871517774161917
807335,0.9967538792937146
807336,0.009622711015194107
807337,0.883306778539289
807338,0.9992472686773779
807339,0.0432328179181352
807340,0.8714100639202196
807341,0.6394219173912216
807342,0.9218310041112562
807343,0.9528950910727695
807344,0.9910556024388265
807345,0.9665785831693836
807346,0.2733427938338678
807347,0.4896875546394076
807348,0.9992139145472773
807349,0.04576470923111788
807350,0.2235054057542077
807351,0.99519791020898
807352,0.8812605529684708
807353,0.9999692623734505
807354,0.9997577856228779
807355,0.9998948296035098
807356,0.8787799171323174
807357,0.9989129948367989
807358,0.2951710364618769
807359,0.589920033400156
807360,0.9881598421987527
807361,0.9992871205697061
807362,0.9053937708046034
807363,0.9988350584147688
807364,0.9999477258284298
807365,0.262612239040828
807366,0.7051459363850379
807367,0.09739086394127225
807368,0.78035605920575
807369,0.24217931553064376
807370,0.023602482831962396
807371,0.9979389476589424
807372,0.6513944977070946
807373,0.45345611432832783
807374,0.2445190408485467
807375,0.9465698894378838
807376,0.8007590458854282
807377,0.8403762956469518
807378,0.9999457918960379
807379,0.997398674176988
807380,0.2651846741528515
807381,0.9996254750041436
807382,0.9998251686089089
807383,0.9992774897498844
807384,0.35240357696213653
807385,0.8101528685818828
807386,0.9934691329670698
807387,0.8995498460562141
807388,0.15810250313823254
807389,0.12716156680896498
807390,0.9991138342845628
807391,0.3019523533809084
807392,0.6792188695177045
807393,0.37075633256812524
807394,0.09821935284517533
807395,0.04019287118976804
807396,0.9883644506070007
807397,0.18758820479744368
807398,0.8329930302706645
807399,0.9996703470406787
807400,0.9172286101422105
807401,0.7025893733123832
807402,0.9966463894894698
807403,0.4041056082486307
807404,0.2242451042442955
807405,0.04854849727969582
807406,0.40775947335090723
807407,0.8554484978070207
807408,0.9938776375805949
807409,0.36474099847020436
807410,0.9972320117520879
807411,0.8035530158163855
807412,0.9999422109708009
807413,0.08568471344793989
807414,0.9939790987039019
807415,0.40427939662762424
807416,0.04897009217237577
807417,0.9905115772937773
807418,0.9796942962086083
807419,0.9963312027870925
807420,0.9993731861960179
807421,0.23751564190706162
807422,0.9799034885433373
807423,0.9998372307971002
807424,0.9989539682823583
807425,0.5754647299014538
807426,0.9310524827008155
807427,0.9905297753202504
807428,0.9543762039092842
807429,0.8644389526652405
807430,0.25734266616028295
807431,0.9999144245533858
807432,0.9987492462035417
807433,0.9971960434290796
807434,0.8191225882250377
807435,0.010574774065521082
807436,0.9999732666895774
807437,0.5020985512670978
807438,0.1996358694227491
807439,0.2716582192671825
807440,0.32119193317662453
807441,0.9712143042809297
807442,0.9998226242683541
807443,0.9588079852890652
807444,0.8509420729370225
807445,0.995206739718989
807446,0.9997538466748693
807447,0.9759709454098657
807448,0.9993078886683084
807449,0.9994671087031081
807450,0.11216123103832033
807451,0.999674115465089
807452,0.737215280868355
807453,0.01079288897341666
807454,0.022139868828039925
807455,0.9999507980316271
807456,0.9992965665774098
807457,0.1997548189060182
807458,0.9995336192212672
807459,0.20815014678896937
807460,0.030974319479638458
807461,0.7378297270544945
807462,0.003790228888538603
807463,0.005481459969033284
807464,0.2370244166928534
807465,0.99993914788615
807466,0.9982916284004469
807467,0.9998184491934408
807468,0.9999167115764415
807469,0.9968900030987929
807470,0.6796721539472987
807471,0.9599383667909716
807472,0.9998444536447527
807473,0.7877561853912387
807474,0.9999119270646275
807475,0.9160731561845685
807476,0.7323237503631166
807477,0.22860710513520566
807478,0.051691939567975284
807479,0.24257674282656017
807480,0.7911358251634639
807481,0.7509584456580249
807482,0.5680487393484339
807483,0.9920105176065683
807484,0.07516301457800031
807485,0.9934916610915363
807486,0.9612516516934031
807487,0.9923374958915201
807488,0.9999716827558969
807489,0.7314913992289911
807490,0.21649102841870999
807491,0.8842554843975367
807492,0.3511620852238313
807493,0.5606227641839459
807494,0.7993516800557865
807495,0.9855254578105714
807496,0.8274176823738602
807497,0.9418800543339151
807498,0.05966001484868531
807499,0.9999687453366826
807500,0.999513675718165
807501,0.018551217937845497
807502,0.9679114549942494
807503,0.9998367815872854
807504,0.9999514431553624
807505,0.9983161791636435
807506,0.7225683178214201
807507,0.9862183200767373
807508,0.9994659224715716
807509,0.04608729497897756
807510,0.9971310983073884
807511,0.3591556170691305
807512,0.9991912861562438
807513,0.9992985877235796
807514,0.9988597063734969
807515,0.04954029374495053
807516,0.884799786204727
807517,0.18077167219546025
807518,0.9643070640977837
807519,0.9994991644052056
807520,0.9971390148046153
807521,0.7921075888631653
807522,0.999795701120962
807523,0.5478088860608475
807524,0.9722857160435521
807525,0.8412061385402054
807526,0.998771587306251
807527,0.9975315553378112
807528,0.9275486314070649
807529,0.9999750198437017
807530,0.07238255038553579
807531,0.9825755119063817
807532,0.8232490848768828
807533,0.19115269711785915
807534,0.8778111126336188
807535,0.9688988928253403
807536,0.835771318256098
807537,0.5181475905850862
807538,0.012110648487200028
807539,0.4284089030785942
807540,0.04792254730612758
807541,0.9993431604911195
807542,0.9989262981300466
807543,0.9973299647481502
807544,0.99884052873936
807545,0.9998733788196361
807546,0.975872956446981
807547,0.9987711704927829
807548,0.9859356031216908
807549,0.9914835460223979
807550,0.4559746199425365
807551,0.15685000011035302
807552,0.01963464608563106
807553,0.9998772800981239
807554,0.9996633516860081
807555,0.2952085226630309
807556,0.5727774798153098
807557,0.9999591146362204
807558,0.9812979409015212
807559,0.04432557048895344
807560,0.8778981079913614
807561,0.99680125036225
807562,0.9997629555811132
807563,0.9747112153929406
807564,0.34586114899138704
807565,0.9997180867856015
807566,0.9117021034228086
807567,0.9998941648900646
807568,0.9999547870452138
807569,0.9999648218562049
807570,0.2541525711707169
807571,0.4107408221706227
807572,0.8396689899623013
807573,0.9994152596518722
807574,0.7994168489135582
807575,0.9752488544648059
807576,0.999916932352916
807577,0.5005004579169198
807578,0.6261879134394535
807579,0.9758718678008971
807580,0.9649305772843935
807581,0.9924940798510021
807582,0.9995165477157553
807583,0.41417110461744766
807584,0.5450280319210585
807585,0.3527628578596989
807586,0.9982339414934358
807587,0.009684973927694737
807588,0.6360512382772852
807589,0.9999484125250111
807590,0.9999278535968965
807591,0.5215592851243059
807592,0.7574763006307995
807593,0.9999817988092189
807594,0.20053894055773586
807595,0.950061558459933
807596,0.9995280270146413
807597,0.5641341317280919
807598,0.8316599001120544
807599,0.998228114809353
807600,0.9996233533928169
807601,0.9486608379858092
807602,0.9994722943631892
807603,0.9997421151744661
807604,0.9996755985943065
807605,0.9989719338001248
807606,0.7622522284814273
807607,0.999977939526469
807608,0.5136008193485796
807609,0.9854937934032454
807610,0.3488358136235234
807611,0.9996757991018438
807612,0.9951161335308366
807613,0.9999036974767335
807614,0.960320296045346
807615,0.13021427370428307
807616,0.019447002490171544
807617,0.17701035225482187
807618,0.827007424213951
807619,0.9993373289152353
807620,0.9954003743766726
807621,0.7304526079645949
807622,0.5403944989785964
807623,0.5417605359334141
807624,0.999641290525153
807625,0.7896909590343794
807626,0.9998791098489803
807627,0.9974442734652256
807628,0.885381740572391
807629,0.9999468280767396
807630,0.941954332130924
807631,0.2347936491885173
807632,0.04425554076649851
807633,0.9979590137956704
807634,0.5696232210501443
807635,0.8806726849278504
807636,0.9033185207841479
807637,0.056192387318992655
807638,0.9988254487798842
807639,0.8118041896621816
807640,0.9987240322982074
807641,0.9974993056652584
807642,0.9988037004027228
807643,0.9998923877201229
807644,0.9910855219104
807645,0.5950506851818576
807646,0.054329827547777154
807647,0.8383033422353616
807648,0.9972358415089717
807649,0.9977191044754385
807650,0.9708567569750739
807651,0.9997921946737426
807652,0.9326510008752324
807653,0.9954781803453305
807654,0.24114739163269727
807655,0.9996367497010685
807656,0.999596428611681
807657,0.5787683147386573
807658,0.850286124664394
807659,0.9774625422710246
807660,0.826819033521081
807661,0.9976020573379634
807662,0.32963991029977946
807663,0.9874294688715664
807664,0.9913914294029129
807665,0.9996096178364935
807666,0.569845666109716
807667,0.9989834469199875
807668,0.9991222411709272
807669,0.7071176588042145
807670,0.9947755404114681
807671,0.9999379147835697
807672,0.9999137334552102
807673,0.5564782020086865
807674,0.9998818025467083
807675,0.730055635611078
807676,0.9989315132397039
807677,0.5774347911480426
807678,0.07270166961288906
807679,0.9993649356932615
807680,0.7559014535471051
807681,0.9995556473828475
807682,0.9809542427954985
807683,0.981381530297628
807684,0.9995714510007696
807685,0.9107083163971451
807686,0.7886805437526831
807687,0.9983089835107812
807688,0.819525562363649
807689,0.971538080612073
807690,0.9998545431188877
807691,0.9995282757870882
807692,0.7242518342674134
807693,0.9985703735175722
807694,0.9870243613214815
807695,0.9804413247510333
807696,0.001738175868417739
807697,0.9996288756100195
807698,0.999954141085537
807699,0.999185967948768
807700,0.99784987896792
807701,0.9865349504301443
807702,0.19219810188142517
807703,0.775256687601628
807704,0.999975843831695
807705,0.44743855834357027
807706,0.9999079372384257
807707,0.23790500560985367
807708,0.9968097201489484
807709,0.9847695057680472
807710,0.5201672489337927
807711,0.5907619065873021
807712,0.03784974678195846
807713,0.999542943688817
807714,0.3338227565642427
807715,0.8649676736347345
807716,0.9495715703427895
807717,0.7346385504839549
807718,0.9554881421658501
807719,0.257225626614366
807720,0.9995738513999991
807721,0.7518498759828092
807722,0.4412107440634255
807723,0.961122446738874
807724,0.6991846887058264
807725,0.9598653786163275
807726,0.9809112993407146
807727,0.9998127727831194
807728,0.8324063072706616
807729,0.9822953877581706
807730,0.995031138545201
807731,0.01235435767219299
807732,0.9979604228653753
807733,0.9695828720645441
807734,0.9999568153150584
807735,0.9695968526415966
807736,0.24775544631954183
807737,0.9868343789479507
807738,0.9998944956101028
807739,0.9996282524996494
807740,0.8013395779907101
807741,0.8942075455213641
807742,0.9999560267038381
807743,0.9996364944865047
807744,0.7601898273834126
807745,0.03299102427182137
807746,0.08797953305367304
807747,0.5332233599094591
807748,0.8281013033456477
807749,0.9997020715040963
807750,0.3155669069400977
807751,0.5877484527351291
807752,0.9984349266739163
807753,0.9824405406679872
807754,0.7862289827278779
807755,0.9999701457540655
807756,0.3213764156905906
807757,0.9993012163097315
807758,0.17919893734420472
807759,0.9964219171442226
807760,0.8184017848187178
807761,0.8969107912862885
807762,0.9997810272146321
807763,0.9999719229594313
807764,0.05788898722952781
807765,0.023568750114210713
807766,0.9624935952029793
807767,0.9998743515137142
807768,0.9978844649235253
807769,0.9989727062379363
807770,0.9953164611020404
807771,0.9995096333556878
807772,0.9999049427527398
807773,0.9940850679469908
807774,0.7324073052966287
807775,0.9999099817337962
807776,0.9621774948117952
807777,0.8725444890913135
807778,0.9988587886816125
807779,0.9997901498159503
807780,0.9956834069509735
807781,0.9992047147121725
807782,0.0709380353984016
807783,0.9998499465693896
807784,0.9935582065374415
807785,0.9999653958566963
807786,0.7691539115677972
807787,0.03381784097713792
807788,0.9998295547287962
807789,0.9108045774625264
807790,0.9997683440044974
807791,0.030670896942630196
807792,0.05365423719990503
807793,0.024983443134129504
807794,0.9998599659425197
807795,0.9970185822823994
807796,0.9999920858087387
807797,0.9977410951760518
807798,0.9991838749839579
807799,0.4211351007029045
807800,0.4241524449176525
807801,0.9998414411638917
807802,0.998939736738536
807803,0.9994232260864677
807804,0.984111113115423
807805,0.9996525923052179
807806,0.9999756174423783
807807,0.694890749729046
807808,0.9999524264630398
807809,0.44578027934599396
807810,0.9848824769833718
807811,0.9861381641499873
807812,0.10126708379301189
807813,0.8508664645790629
807814,0.8474218642858113
807815,0.9999756300440861
807816,0.6705502324453496
807817,0.9996596197021934
807818,0.9988788338077146
807819,0.9294802043594159
807820,0.9245832150779087
807821,0.9958582573301467
807822,0.8159209289505228
807823,0.9702525657985512
807824,0.45946712875509244
807825,0.6529896255445071
807826,0.9932178931954583
807827,0.7820351910563696
807828,0.9996476638427199
807829,0.4121707072966625
807830,0.999958899641725
807831,0.9999903606605792
807832,0.020669280935514327
807833,0.9998933663322712
807834,0.12603036130333836
807835,0.005921995302944932
807836,0.783102307099226
807837,0.9915723201775051
807838,0.9974290844502423
807839,0.9992155324552938
807840,0.913123128011387
807841,0.9562801689282778
807842,0.9936234865271756
807843,0.998109669637776
807844,0.9989071732880401
807845,0.2904741951086931
807846,0.24325971990742434
807847,0.09069154730802825
807848,0.07044247996315792
807849,0.470185755151428
807850,0.971850732626657
807851,0.9940292532975946
807852,0.9282449026963927
807853,0.999913265552468
807854,0.7503382212848171
807855,0.12347361861933592
807856,0.2823655021328672
807857,0.9999482268213575
807858,0.754056675715151
807859,0.9687867374413073
807860,0.11182568378419093
807861,0.9984210893257586
807862,0.9480842600595344
807863,0.0022390908997521634
807864,0.8538199065132304
807865,0.13351410387369694
807866,0.2270296614664577
807867,0.9978902356779896
807868,0.9378690867350987
807869,0.7807695973374208
807870,0.9051403859087414
807871,0.9975934944522816
807872,0.9958832907610182
807873,0.9976357841140024
807874,0.9099937759405532
807875,0.9134048060138502
807876,0.5804314871328166
807877,0.9999079783915463
807878,0.3655766686584495
807879,0.9997821294674145
807880,0.56242593612513
807881,0.9662465279400287
807882,0.5088604946259145
807883,0.014296987758094225
807884,0.9814559844756736
807885,0.9982094533343221
807886,0.14648886894905577
807887,0.04648762328346562
807888,0.9710665229239616
807889,0.9851798253168513
807890,0.9737026080267712
807891,0.9999904843898024
807892,0.5256547198000076
807893,0.9991351018867778
807894,0.8730977798897672
807895,0.99290442285127
807896,0.9503968043711205
807897,0.9999888825038153
807898,0.9997516380584012
807899,0.9951068503291616
807900,0.0034065860618587734
807901,0.999791791713208
807902,0.9999206669385761
807903,0.24918802321866867
807904,0.12517532673991402
807905,0.02460047757358763
807906,0.5073572504206183
807907,0.9772799531713284
807908,0.9999502013850644
807909,0.7306354906839923
807910,0.006710111880665784
807911,0.5040824873633378
807912,0.9993249294984983
807913,0.9996909326612815
807914,0.8443572976233368
807915,0.6024266418737836
807916,0.20067049066515044
807917,0.07617889357168212
807918,0.9998248716940465
807919,0.2863579578890802
807920,0.9989920806204213
807921,0.008361103846638388
807922,0.9717445869055927
807923,0.2643070179103064
807924,0.9910894787123179
807925,0.9999146305224912
807926,0.9196500955559306
807927,0.8380635388438081
807928,0.5614260725184379
807929,0.0353514395265815
807930,0.9563494324830115
807931,0.17232940235638738
807932,0.08914632507611911
807933,0.9998736556134336
807934,0.7570198183280115
807935,0.7347116159667291
807936,0.9984514531255619
807937,0.0510614336725788
807938,0.9997943677372368
807939,0.2999429011058428
807940,0.9977224728337908
807941,0.9995649600749456
807942,0.9979341464383171
807943,0.9657600236414821
807944,0.9997453930215927
807945,0.9996802375201356
807946,0.7747187126183264
807947,0.9997686663033578
807948,0.6774238900484517
807949,0.9998873281529788
807950,0.45371954218575133
807951,0.9937193217163135
807952,0.054522588749268096
807953,0.32119392254309864
807954,0.9982674544230882
807955,0.9935741013388137
807956,0.9696593823844653
807957,0.9996857672185132
807958,0.9998845752727633
807959,0.18116659362376172
807960,0.9924717529127438
807961,0.8705805179632364
807962,0.7734617023301813
807963,0.9272878480007115
807964,0.996246246364821
807965,0.9994092835006779
807966,0.05643352677229326
807967,0.9998514462634032
807968,0.8238853220387707
807969,0.41560247275461304
807970,0.9928629486280476
807971,0.9999685556754145
807972,0.9171198515524646
807973,0.9882437445506536
807974,0.860850806385695
807975,0.9998201711422363
807976,0.9971446460087849
807977,0.8446402850797422
807978,0.24111650508681146
807979,0.999976417481414
807980,0.964721644486803
807981,0.6007686194845769
807982,0.9998278514721168
807983,0.9672868399610397
807984,0.9999698296727252
807985,0.9999387497199058
807986,0.1735137574561792
807987,0.9992972400044141
807988,0.9998595557811437
807989,0.9999622476128336
807990,0.9999289640232605
807991,0.9999050140309824
807992,0.6985757872236844
807993,0.8850206888343097
807994,0.002198711312061505
807995,0.997113625386398
807996,0.4154284104557352
807997,0.8747066801877503
807998,0.9999028507238601
807999,0.9813087390801605
808000,0.944762767778011
808001,0.07291030233987104
808002,0.7313982888211451
808003,0.997209876480212
808004,0.9913484403043775
808005,0.9996452917540809
808006,0.9029528612589051
808007,0.9997460249739397
808008,0.9999555493374853
808009,0.9998619035821397
808010,0.9682781909655501
808011,0.030014031744881986
808012,0.7206984364842035
808013,0.9993879106736021
808014,0.9989417850151605
808015,0.9472537546113773
808016,0.8615406573615951
808017,0.9236646435052657
808018,0.47542646201972194
808019,0.9772226076628272
808020,0.9995159080561289
808021,0.9951662650461675
808022,0.9958158105450092
808023,0.9997987169184155
808024,0.8276452707357659
808025,0.9969613248377006
808026,0.9999868861536947
808027,0.7712590352384189
808028,0.24350935770102383
808029,0.07072276452076327
808030,0.999452554385651
808031,0.9995780247014894
808032,0.9977471157218571
808033,0.3810770449060191
808034,0.504929537912042
808035,0.6395643732140313
808036,0.9998177045844556
808037,0.6954782344029642
808038,0.9992821583663439
808039,0.9989147805315111
808040,0.9678120333449772
808041,0.4578468661138327
808042,0.04151524837824469
808043,0.9999936814147137
808044,0.9980466506966403
808045,0.6411517258131817
808046,0.9804520895363809
808047,0.8443996391203765
808048,0.999944140973771
808049,0.5476833528056407
808050,0.46477473420668747
808051,0.9999590705937365
808052,0.9863004315619245
808053,0.06889274118131551
808054,0.9878394709510856
808055,0.11671426965113971
808056,0.9949648172972256
808057,0.9999168440738415
808058,0.9959814079671274
808059,0.567769967184075
808060,0.9565648016299119
808061,0.9998121173454546
808062,0.6214098658032519
808063,0.9984074472696948
808064,0.9990356979855994
808065,0.9998674940240178
808066,0.9997443865083417
808067,0.9982495330971811
808068,0.9858980141348833
808069,0.9816461606178383
808070,0.5191809574883997
808071,0.9997598571382825
808072,0.9927760432653983
808073,0.99996886922896
808074,0.9998556873804545
808075,0.9985906390610669
808076,0.8311245008624235
808077,0.9553169085870091
808078,0.06330013923180342
808079,0.09722702925009688
808080,0.9750176899052465
808081,0.04722371979074627
808082,0.15432481968588652
808083,0.9997303277063962
808084,0.03794589763154656
808085,0.04357285590972203
808086,0.9363857912365348
808087,0.025384351059877276
808088,0.5143312845638283
808089,0.9973418605642123
808090,0.9991321511322742
808091,0.7378449151518637
808092,0.9973373581169211
808093,0.980959877493689
808094,0.9276241104431104
808095,0.9515675519109724
808096,0.0926787011661469
808097,0.003177300930511567
808098,0.48053190459216766
808099,0.9992974345347684
808100,0.9998254800038221
808101,0.9998120249270599
808102,0.6241483006830767
808103,0.999889477631952
808104,0.08868130333127847
808105,0.8688448391402933
808106,0.3517206870395147
808107,0.053931427167793936
808108,0.9138681181836403
808109,0.04551965315775172
808110,0.7508363688018226
808111,0.282678239530444
808112,0.008452904159816386
808113,0.034795785417473156
808114,0.9857157839828988
808115,0.581434127715749
808116,0.9997394544332991
808117,0.013582775280986082
808118,0.9956808603994876
808119,0.9752422336335411
808120,0.7350620848852798
808121,0.9936439858772558
808122,0.999970856469584
808123,0.9634168438216709
808124,0.9997762813323366
808125,0.9997665307696678
808126,0.08357690953568692
808127,0.5399778242184313
808128,0.7861440166827122
808129,0.015065238446383427
808130,0.9999512156167185
808131,0.0921343047037344
808132,0.9997346599049537
808133,0.07591838508903817
808134,0.37067309582179075
808135,0.0268907569593754
808136,0.8371860207609392
808137,0.9993702683106869
808138,0.05736487106848044
808139,0.9426945963949278
808140,0.9880825595331346
808141,0.9340760955369347
808142,0.8954995690419788
808143,0.9384619816229359
808144,0.3355842409919328
808145,0.5690770594516692
808146,0.9949833661314866
808147,0.9327128334418096
808148,0.9122313378335627
808149,0.48880673681086106
808150,0.6579073038974732
808151,0.0035769279402956392
808152,0.6352513767765138
808153,0.003193970584247446
808154,0.8481391635291229
808155,0.9722424282609581
808156,0.05953748442242256
808157,0.9999678262063278
808158,0.8979631709084118
808159,0.801636645925938
808160,0.9999521313057098
808161,0.14646193077129652
808162,0.0793013989920739
808163,0.9219107265131072
808164,0.02562733575733337
808165,0.20519678547441247
808166,0.9871291986877926
808167,0.7050672766158941
808168,0.006496698522366917
808169,0.9990777433883606
808170,0.9523250193107936
808171,0.9921537407276042
808172,0.9285189878650126
808173,0.9805435328378538
808174,0.9036359544226047
808175,0.3492823465904734
808176,0.37520936053698345
808177,0.999965999180284
808178,0.5036315348903277
808179,0.590903635864488
808180,0.8796915534372305
808181,0.9998201882408048
808182,0.30011688199283004
808183,0.8743318073303782
808184,0.7125857469500234
808185,0.7549553966177257
808186,0.049632747906053
808187,0.9999780713651824
808188,0.9747793611143409
808189,0.9999545399974581
808190,0.9998475123161956
808191,0.9994752644342255
808192,0.34786264271117096
808193,0.40088419124263586
808194,0.9992654307866677
808195,0.8894325173188635
808196,0.8695343301589842
808197,0.8650391434229296
808198,0.5275114180426719
808199,0.6690879310770164
808200,0.07215604002802406
808201,0.9988566056806805
808202,0.9996357676051169
808203,0.9998942474929894
808204,0.9988814551974308
808205,0.495841080326485
808206,0.999890071045937
808207,0.5513593472179023
808208,0.9919442191442027
808209,0.999284595199017
808210,0.8779561103067088
808211,0.3630914903014376
808212,0.3681410324874159
808213,0.9933937808600638
808214,0.02921572115090534
808215,0.9957978769104385
808216,0.4087204007904892
808217,0.9980655454267615
808218,0.9998506474688277
808219,0.717893145276128
808220,0.015682443484154693
808221,0.0031592317130598063
808222,0.8079873722402722
808223,0.9999718551732333
808224,0.7881285457774801
808225,0.9997953419818182
808226,0.034034373215313156
808227,0.9975281054820242
808228,0.005510211251451052
808229,0.6898132200917266
808230,0.9999851875070971
808231,0.9695485087945758
808232,0.3885576081857739
808233,0.007235393201791723
808234,0.9998242314393309
808235,0.9998991527599574
808236,0.9633655944901494
808237,0.3152941046065215
808238,0.9990695666238966
808239,0.9995557947596974
808240,0.5917495928311614
808241,0.8591916979122038
808242,0.9892480085136598
808243,0.9995243442301041
808244,0.5397832370293704
808245,0.8308764611232453
808246,0.9686507472446505
808247,0.9993507693925449
808248,0.9999438186508514
808249,0.9992795105152453
808250,0.26394358933705475
808251,0.9998375041604429
808252,0.47121852399502595
808253,0.40281589578563026
808254,0.998977115513673
808255,0.4148384539196468
808256,0.9981561717668813
808257,0.7845884688529067
808258,0.2539690800811511
808259,0.5942876646334914
808260,0.1064717618959004
808261,0.5294428951861396
808262,0.9997148853116438
808263,0.1429619912878614
808264,0.9993547913717629
808265,0.7517862839629432
808266,0.39436748548223244
808267,0.9950415029226493
808268,0.8506565422195934
808269,0.9798946306059471
808270,0.9922548299736971
808271,0.7814702116342983
808272,0.9999121234136763
808273,0.10202236233019069
808274,0.9627779993766843
808275,0.019189222019771454
808276,0.14859194088770186
808277,0.024653146622040434
808278,0.999810346339335
808279,0.445803415528634
808280,0.9983822690275425
808281,0.1717227330680738
808282,0.62277579307101
808283,0.06492536337948027
808284,0.8361967618745053
808285,0.9417346936164994
808286,0.8277982124730374
808287,0.9998458615700192
808288,0.9391505715745829
808289,0.9861414400337272
808290,0.9999679843407543
808291,0.9986100618175013
808292,0.19697913295118158
808293,0.9960402994373022
808294,0.9916888353628236
808295,0.9998788994229939
808296,0.5573293356941522
808297,0.35390403313897056
808298,0.11085513956568857
808299,0.4052438799752167
808300,0.9986665881987953
808301,0.7361790382709357
808302,0.37031674194755865
808303,0.9996765670037339
808304,0.9987890172654257
808305,0.3412839599683911
808306,0.9938686368476295
808307,0.9999203803832202
808308,0.9578253818957067
808309,0.999833867102623
808310,0.9977504525114098
808311,0.9962143596901692
808312,0.9996189266316959
808313,0.10692920721448557
808314,0.9978052483375114
808315,0.9868999845270771
808316,0.240574534720637
808317,0.9755355433953738
808318,0.9989286183286098
808319,0.9999324077424299
808320,0.6516720986470745
808321,0.1403540872755725
808322,0.9987481900042705
808323,0.999870683223218
808324,0.9999501724564388
808325,0.3528921552397507
808326,0.5948411305687014
808327,0.9998859143221277
808328,0.06869348214495381
808329,0.05353789261789855
808330,0.008261188982885099
808331,0.9987192611171948
808332,0.8930492270601486
808333,0.7587848180217703
808334,0.046789919275773396
808335,0.6358139485837603
808336,0.18691032603885438
808337,0.9995032582070483
808338,0.9966938226083403
808339,0.9998115802468731
808340,0.330166711618967
808341,0.9995964124760326
808342,0.7814418026212868
808343,0.6436026583388303
808344,0.9958880681155725
808345,0.9853276671478247
808346,0.7786266594763154
808347,0.9998573953824526
808348,0.9999410857654923
808349,0.9996051799301986
808350,0.7868724911516095
808351,0.9997048695320871
808352,0.9559883394349059
808353,0.09120939921024727
808354,0.1520961395774529
808355,0.2800922054692255
808356,0.9217535164686721
808357,0.9958714552237131
808358,0.03034394009549777
808359,0.6965628367035337
808360,0.8282616146716595
808361,0.9998725068847145
808362,0.3540032200408846
808363,0.7594765138330516
808364,0.009815794068810946
808365,0.9993004889242144
808366,0.3432795939289143
808367,0.7325529233052612
808368,0.791948663463159
808369,0.9951631155665507
808370,0.31280665095372867
808371,0.9998068927683627
808372,0.009330574135684524
808373,0.9999432183780101
808374,0.886258255017509
808375,0.1961492697194383
808376,0.7268245895166768
808377,0.6098470595695922
808378,0.15510937535127886
808379,0.889357672232504
808380,0.09918898200908885
808381,0.9998537594380348
808382,0.9997057633275401
808383,0.9964110383652185
808384,0.42345309962992006
808385,0.3492381444118241
808386,0.9999146917941295
808387,0.9929682069667825
808388,0.9998760754045625
808389,0.6553933980259792
808390,0.5449542137177361
808391,0.9997597349670382
808392,0.9910875962439003
808393,0.9976331003888779
808394,0.5309952182502595
808395,0.999751262496631
808396,0.661215484896674
808397,0.05247533795475598
808398,0.9998710007965729
808399,0.9996678661454589
808400,0.8304352751033325
808401,0.9948987238076221
808402,0.105503427288706
808403,0.50021499311705
808404,0.027275236166403774
808405,0.9998873046166807
808406,0.9998782624039757
808407,0.794100182179592
808408,0.45902993793247465
808409,0.41716302774182534
808410,0.9998803664819444
808411,0.97786346588426
808412,0.9105204618613871
808413,0.9989273026936274
808414,0.999961620946853
808415,0.999866815280434
808416,0.9989082755828097
808417,0.3322578034256475
808418,0.7092925658348945
808419,0.8911274430390532
808420,0.5954222915230306
808421,0.7916941150503648
808422,0.9929425642465995
808423,0.9881554538319479
808424,0.9984633980672761
808425,0.7653359301709118
808426,0.9999386449491279
808427,0.9547617862526194
808428,0.7541902776657003
808429,0.9362162208066488
808430,0.9999949843069034
808431,0.9085256839497107
808432,0.9998427038426557
808433,0.9846548440657257
808434,0.9709777612594811
808435,0.6824226202258512
808436,0.04736169488585598
808437,0.9988680683907996
808438,0.9999420818120469
808439,0.9989595511542695
808440,0.5027029814476923
808441,0.6111726115531917
808442,0.9978172841689211
808443,0.9999848119744863
808444,0.9998916985939967
808445,0.9082356999200145
808446,0.3417767354947323
808447,0.9977479075897252
808448,0.28233489586301996
808449,0.9997037421486373
808450,0.12894415815776394
808451,0.9998005254680785
808452,0.21869913838725058
808453,0.9999665886535236
808454,0.0538623203074631
808455,0.998193579522996
808456,0.9600386132784111
808457,0.9952284842148275
808458,0.9805638159048924
808459,0.35781022909337346
808460,0.9997949226597089
808461,0.7018677132301571
808462,0.9998529278201074
808463,0.7430526749074918
808464,0.9997872941272044
808465,0.9996796712145171
808466,0.7721914629421824
808467,0.5509341077472936
808468,0.8759447944552357
808469,0.9979382754812773
808470,0.05176971733607301
808471,0.6049068193808946
808472,0.08636213557936187
808473,0.33469137865550497
808474,0.33583381910483956
808475,0.2367959590871799
808476,0.10374850215047977
808477,0.7561470074263026
808478,0.5522414511137167
808479,0.9992957548060325
808480,0.6229324959669376
808481,0.867715026315533
808482,0.46758373886201654
808483,0.9025028245668433
808484,0.8918196083715123
808485,0.08471079684890712
808486,0.09690308466696576
808487,0.1650080214702656
808488,0.9998309354188846
808489,0.381376581898932
808490,0.9996671611648758
808491,0.9993892240523023
808492,0.6641435583422899
808493,0.9722926383817978
808494,0.3430262296821279
808495,0.9998037277707048
808496,0.9967851208770155
808497,0.6462247753139319
808498,0.9992966232824315
808499,0.9980399064312477
808500,0.9987351834727329
808501,0.9999942831433328
808502,0.9928883159875783
808503,0.6022872881216549
808504,0.9691675523910361
808505,0.9779914952407152
808506,0.8366214305025601
808507,0.6496204020468763
808508,0.5455145016906126
808509,0.9999786920355707
808510,0.5515796937384646
808511,0.6851654912306782
808512,0.9567411727037731
808513,0.1951684600733408
808514,0.9980562103276258
808515,0.382974011203174
808516,0.9998452412032388
808517,0.9186745565882714
808518,0.009154525984389334
808519,0.5218140976641163
808520,0.7560357745640713
808521,0.49317099467986697
808522,0.12704097449627244
808523,0.9995469219993051
808524,0.28788512802827
808525,0.005103891246149775
808526,0.7178944253976635
808527,0.15819446010965071
808528,0.36170903896532897
808529,0.9998295319433306
808530,0.19738313847403238
808531,0.944315306525775
808532,0.834447919446103
808533,0.3524771721753748
808534,0.016501461536342316
808535,0.12486928228430065
808536,0.9999329331566065
808537,0.5593356213685072
808538,0.9997840782315259
808539,0.9915677606827074
808540,0.21160143116590352
808541,0.9963722897941554
808542,0.9927614920775115
808543,0.43182064373392637
808544,0.9988993373600766
808545,0.3051692740489885
808546,0.9986838117697739
808547,0.9995610725344218
808548,0.1312356323332208
808549,0.9984628150622888
808550,0.1927268662874766
808551,0.999563864841979
808552,0.9999039737917962
808553,0.06570261392368319
808554,0.748497818712544
808555,0.9992866177368964
808556,0.9711498281306845
808557,0.6318499398831247
808558,0.9996418985646763
808559,0.024823568388683225
808560,0.9683142072521762
808561,0.6192198088537083
808562,0.38594147157552156
808563,0.5604809060551768
808564,0.9997290441527491
808565,0.9994369549096982
808566,0.9999938006005584
808567,0.6697973248670797
808568,0.9996755581757208
808569,0.6665715179689224
808570,0.9996570348471966
808571,0.8438057066738238
808572,0.7265364057777703
808573,0.9999763105636377
808574,0.9999882806499342
808575,0.9990877052930485
808576,0.9997304928284625
808577,0.9996176386292417
808578,0.9998866515833328
808579,0.6943855025780017
808580,0.055935700102914224
808581,0.9997247707910012
808582,0.5246897935031325
808583,0.6815696478334929
808584,0.03547324277630971
808585,0.9997540501724292
808586,0.9989622340744222
808587,0.5409887028624443
808588,0.9998486764038617
808589,0.22592050993421253
808590,0.5447724987389221
808591,0.9584746168590736
808592,0.9805268883381166
808593,0.30046544385264334
808594,0.9997150121506194
808595,0.2792682951561996
808596,0.9870973105799059
808597,0.38899178166094395
808598,0.6370203199231932
808599,0.07198437020786333
808600,0.9999068266007979
808601,0.9738121558019107
808602,0.02493078345118665
808603,0.9990501913977226
808604,0.9999133578092956
808605,0.9986561803114402
808606,0.38964234179006385
808607,0.9841134479713262
808608,0.7116286466800517
808609,0.9264786968976451
808610,0.5515024787381876
808611,0.9990393650183643
808612,0.9601715118890134
808613,0.6599735066240056
808614,0.2666999374045814
808615,0.4134791436537844
808616,0.998009441405517
808617,0.9763210161999998
808618,0.986328664858388
808619,0.9994001082401666
808620,0.050013214419812706
808621,0.9244917853506982
808622,0.9999673205818346
808623,0.109601202006229
808624,0.19884452975841133
808625,0.9998736171274349
808626,0.9882751714669845
808627,0.7474402804321445
808628,0.7669535778568743
808629,0.9964215283428104
808630,0.15491906618107243
808631,0.6874230150919033
808632,0.9989032271133513
808633,0.998603441780131
808634,0.16796835546523517
808635,0.3275382178582712
808636,0.68457053322247
808637,0.45537884748749974
808638,0.9796049893299621
808639,0.5463927704939114
808640,0.9142219785034027
808641,0.7189438900092342
808642,0.9998541742615186
808643,0.991109229901813
808644,0.06426672968310522
808645,0.2746915754039134
808646,0.9372730460113232
808647,0.9111863956803359
808648,0.7874789644888948
808649,0.9991473920198393
808650,0.9996590241352357
808651,0.999908452154425
808652,0.8957864006590113
808653,0.721425766306397
808654,0.8626342194613409
808655,0.006178629876245465
808656,0.9990308843058566
808657,0.999045393370418
808658,0.012359029610447301
808659,0.9576877837732252
808660,0.9223346928956973
808661,0.8660676638678029
808662,0.9181533471165889
808663,0.8171414097586462
808664,0.15855780227038707
808665,0.5459821558220245
808666,0.33218757870231597
808667,0.9002621016912362
808668,0.7700277557170094
808669,0.9917395668506198
808670,0.9778864458420994
808671,0.9998702742545071
808672,0.9999763861287869
808673,0.5240210534168245
808674,0.9990573800128439
808675,0.3029928879971634
808676,0.9987896964063974
808677,0.037372969753820075
808678,0.8402176292364765
808679,0.999585482606896
808680,0.9919189320709261
808681,0.9999682925693848
808682,0.8880333453867746
808683,0.9999767620260704
808684,0.5881247153677881
808685,0.9999124422534091
808686,0.7235396267250532
808687,0.0888225927970242
808688,0.948528097786516
808689,0.5160636963655783
808690,0.9692725633545562
808691,0.12012593823398676
808692,0.9996255121574587
808693,0.024010058399756208
808694,0.9988032848909544
808695,0.30006455457103764
808696,0.9997489029068853
808697,0.2942510448141492
808698,0.4016353563932228
808699,0.9442525456871909
808700,0.9975418843865189
808701,0.8085494670915949
808702,0.9823476691310062
808703,0.9994002969586412
808704,0.4059804332218179
808705,0.9998893656686147
808706,0.8284516303300418
808707,0.5997742161904125
808708,0.6673677317826479
808709,0.9973188804130884
808710,0.9986893512340116
808711,0.21159873436876475
808712,0.999606463084382
808713,0.46876462604889146
808714,0.9992066294616704
808715,0.8809855593968208
808716,0.9833872130473957
808717,0.01846544262409223
808718,0.9994390394406734
808719,0.3524644364846547
808720,0.740532939268962
808721,0.9993807054782932
808722,0.9990434481549253
808723,0.8199743779172751
808724,0.9998981804590996
808725,0.9999949410261607
808726,0.999602058389269
808727,0.3702709151791912
808728,0.0462268615731212
808729,0.7134749660031281
808730,0.6177966572072735
808731,0.9965260920428207
808732,0.9999554167819519
808733,0.9984313936506501
808734,0.9994090610441368
808735,0.9951518055340176
808736,0.9999815687622935
808737,0.1543003833818606
808738,0.9882917603289143
808739,0.9864995842079092
808740,0.002907325362068151
808741,0.9998698054787739
808742,0.978256202316984
808743,0.9874434534477883
808744,0.32280941021571924
808745,0.46586626500291284
808746,0.4170636638165619
808747,0.9594455288346536
808748,0.9926692831039532
808749,0.5170103979622866
808750,0.9998301090328222
808751,0.8106573239111126
808752,0.9999900888338497
808753,0.8954119060511487
808754,0.8649224916064241
808755,0.99997427507728
808756,0.7593740284852765
808757,0.32703366175569254
808758,0.8963783173594202
808759,0.6855881407250035
808760,0.013392881736444161
808761,0.473660481536782
808762,0.9923666073365438
808763,0.9992203337392862
808764,0.9975465964441168
808765,0.9986422901764864
808766,0.9517228931866935
808767,0.9399298014094835
808768,0.999854282806852
808769,0.1360443504809616
808770,0.9980337077611551
808771,0.7084428963887535
808772,0.08038555590272596
808773,0.9987261902138967
808774,0.016789540188335166
808775,0.9998948069956032
808776,0.9999593080543582
808777,0.9853844970383139
808778,0.21570604744435795
808779,0.9669862812957865
808780,0.783940523482693
808781,0.6287864651173118
808782,0.9984772257632286
808783,0.9932325085298543
808784,0.9725161368156948
808785,0.04090024886812332
808786,0.061966978163112994
808787,0.9904806929443535
808788,0.890988614389159
808789,0.517377563923375
808790,0.2739945092295864
808791,0.9956089067055773
808792,0.9897787538037507
808793,0.9561817411045618
808794,0.5448068456413884
808795,0.9998469145529428
808796,0.7989609019239736
808797,0.999748231230117
808798,0.007490793784460272
808799,0.23781634250184383
808800,0.7447387451989782
808801,0.026894694713182888
808802,0.8953258089574896
808803,0.46090276914759554
808804,0.8965076578683552
808805,0.17875721637982409
808806,0.271915467165802
808807,0.9995227516625873
808808,0.9696181873458067
808809,0.16892467991168683
808810,0.6463213926622389
808811,0.03751605888989189
808812,0.999987728119321
808813,0.9979541109319406
808814,0.41226173012923845
808815,0.9957173491182885
808816,0.016582274004021187
808817,0.3879923925685702
808818,0.056682909940943764
808819,0.9711753498867332
808820,0.999947259460169
808821,0.15056093225722905
808822,0.9997002258489625
808823,0.024864945551076552
808824,0.2621848925417707
808825,0.9988401831874028
808826,0.21320966753996073
808827,0.9998009283814817
808828,0.010629987070167981
808829,0.9997476591179646
808830,0.1348230872168072
808831,0.305334495302377
808832,0.7388543219750863
808833,0.9987724452248306
808834,0.6894176423527165
808835,0.35473540636474693
808836,0.9931175978023234
808837,0.9463692262030957
808838,0.9999634590990766
808839,0.9865777062932146
808840,0.9194266486700059
808841,0.12305329626452022
808842,0.9998232464382925
808843,0.00988109592597457
808844,0.853340571034051
808845,0.11161333913047258
808846,0.03684137326552723
808847,0.9941446692300093
808848,0.8048184675215175
808849,0.9991843193697703
808850,0.9058882927512968
808851,0.9998875280143791
808852,0.1784233411361465
808853,0.9730783513585993
808854,0.5677755612113609
808855,0.9928676366954792
808856,0.04635945998621213
808857,0.9993181367603674
808858,0.02407544556603478
808859,0.014762054687038877
808860,0.004523443215648946
808861,0.6728610550458486
808862,0.19703772210648623
808863,0.9994094278222221
808864,0.03282448814989489
808865,0.847757901995026
808866,0.036273039671774546
808867,0.04411009912877039
808868,0.9910565000254357
808869,0.3071493485714332
808870,0.3685142549669277
808871,0.5777143418469145
808872,0.8598004652665319
808873,0.8853687531649659
808874,0.21251283319676023
808875,0.8242877077969426
808876,0.7639485104326642
808877,0.9999610737042799
808878,0.9973128011849473
808879,0.9473760231114655
808880,0.9936042421760242
808881,0.9999140199940679
808882,0.9999660857957241
808883,0.9993061061000428
808884,0.9986880769125415
808885,0.9999876794724942
808886,0.06587607845001585
808887,0.2699581259614394
808888,0.525976298926846
808889,0.011460432810057293
808890,0.5373689615164002
808891,0.9858220066913745
808892,0.49489622553738766
808893,0.07727939621578415
808894,0.7161851259679739
808895,0.956417544974255
808896,0.9887320516743945
808897,0.9984086482866501
808898,0.01456773685299687
808899,0.9620259750065538
808900,0.049209317529826234
808901,0.9994909885480434
808902,0.9998020208833854
808903,0.9856265852077875
808904,0.9585196297521037
808905,0.9999155675301901
808906,0.06629159182560775
808907,0.7056928590815883
808908,0.8227428263666394
808909,0.9898338090064227
808910,0.9566465604259128
808911,0.5031618102910197
808912,0.9812608531892121
808913,0.08570129305371046
808914,0.9113876647907064
808915,0.9970714201883244
808916,0.9433453641558509
808917,0.9997440447098913
808918,0.5110859730950201
808919,0.17205577401236344
808920,0.1581843483054254
808921,0.7623333919563955
808922,0.9913265769514694
808923,0.999134880769377
808924,0.6978131223348801
808925,0.7711735165456934
808926,0.054832338550506524
808927,0.8680810227015062
808928,0.004080296298319959
808929,0.01893935667422382
808930,0.9543133001651014
808931,0.9969916967833335
808932,0.18076625746367966
808933,0.908721610850396
808934,0.319685581479099
808935,0.9997689994658452
808936,0.9005959247220128
808937,0.9983480890225904
808938,0.9989998092921242
808939,0.9596645251678506
808940,0.7314883399579597
808941,0.018196661797105926
808942,0.9445783893668522
808943,0.9156943860317173
808944,0.9984043144301622
808945,0.9985605670291418
808946,0.9999130093852754
808947,0.9988622198283293
808948,0.9971024494598129
808949,0.4997574775498703
808950,0.9986636833520053
808951,0.6696048680912524
808952,0.7773455424902177
808953,0.9294618514561565
808954,0.9760670141478996
808955,0.9639079348130617
808956,0.998809644476401
808957,0.01508915156397307
808958,0.999966300008101
808959,0.7515225983570867
808960,0.999687122013619
808961,0.9437619507315077
808962,0.9981744966156848
808963,0.8893621081927862
808964,0.999472299692669
808965,0.9998000649912318
808966,0.9969925049889692
808967,0.9996593383984977
808968,0.9437793601967038
808969,0.9997214752869946
808970,0.9991380121287223
808971,0.9999784122742648
808972,0.4654099917384121
808973,0.021628422705397346
808974,0.9983246173785103
808975,0.594739998268827
808976,0.35423483823604146
808977,0.48497443104000937
808978,0.007672091481219936
808979,0.8994695367690336
808980,0.9378876403492358
808981,0.9999020262846589
808982,0.02679258236688049
808983,0.9999806326279049
808984,0.009967771392153872
808985,0.9996089236213028
808986,0.9997505396825643
808987,0.9998283174434301
808988,0.9820456489231013
808989,0.06263277834634219
808990,0.9980119156178727
808991,0.9974435331175899
808992,0.9994015595817027
808993,0.9999797382453262
808994,0.9587903052724558
808995,0.3360644796839318
808996,0.7925378189909482
808997,0.7369759575536478
808998,0.9997783435415135
808999,0.9990881604604603
809000,0.9846773125657189
809001,0.7046048986948961
809002,0.9999585188529183
809003,0.031909408442414924
809004,0.9999540201581585
809005,0.9785743529258123
809006,0.99999151122389
809007,0.9999075886353977
809008,0.9701055782695158
809009,0.1902463781404623
809010,0.4981095583482368
809011,0.01112370120213126
809012,0.7856439671258728
809013,0.9706153505461785
809014,0.7679115536909733
809015,0.18943896792246984
809016,0.99993392874138
809017,0.9986064865998163
809018,0.9952879098381899
809019,0.9996040358080847
809020,0.9979518382225063
809021,0.9968921232565923
809022,0.5601419863968286
809023,0.9689864673475073
809024,0.9951407507888125
809025,0.09405257352691469
809026,0.605043109901996
809027,0.32575658958510745
809028,0.4753433535790863
809029,0.9675113411594441
809030,0.08295865903974234
809031,0.9517557484884455
809032,0.9593650638332678
809033,0.9784673267744495
809034,0.9999515082671271
809035,0.9466377640277155
809036,0.2086246443871944
809037,0.01927174044430224
809038,0.7368878568672165
809039,0.9998919529202859
809040,0.7093061025650167
809041,0.9998761703212136
809042,0.9999274604829145
809043,0.05140938063636464
809044,0.008658074593185804
809045,0.04542371786468176
809046,0.2554731601880676
809047,0.9995457718016507
809048,0.03566387330059689
809049,0.9998284154992723
809050,0.6249893909177787
809051,0.9997984869307573
809052,0.9492318352525936
809053,0.6164620464177979
809054,0.9199445190077274
809055,0.2642646647940295
809056,0.015045150529798317
809057,0.6359193453916732
809058,0.9976971870232518
809059,0.012488743779371427
809060,0.7220195340001435
809061,0.10307926681721202
809062,0.9649230607540452
809063,0.660638614768642
809064,0.9998466375751944
809065,0.8817428560555153
809066,0.8080492722857162
809067,0.9994986185583736
809068,0.9988751255366376
809069,0.1558695340133815
809070,0.570309372763539
809071,0.01528183374760465
809072,0.9956801205349124
809073,0.9999321511012865
809074,0.9994995417985281
809075,0.023142097193929494
809076,0.9997061731231747
809077,0.9999586159793767
809078,0.6749511392894667
809079,0.640958141326773
809080,0.9579247888216926
809081,0.9999029278909195
809082,0.877669258785147
809083,0.9640801096351254
809084,0.6504035047748007
809085,0.7377797963405583
809086,0.9999863104139355
809087,0.20887318936282404
809088,0.9989774418948747
809089,0.21130691473755647
809090,0.9637846356276865
809091,0.18838373238193246
809092,0.016473769416332676
809093,0.040139672943975115
809094,0.020424627702642046
809095,0.999253872251247
809096,0.10182094327404262
809097,0.9963719310033198
809098,0.999724062574442
809099,0.9005945617727686
809100,0.9893229642674657
809101,0.9963169484021676
809102,0.9999954636240987
809103,0.2013020254402494
809104,0.16272039088395576
809105,0.9995120182450055
809106,0.999911216405952
809107,0.9997754616177943
809108,0.6658108514475385
809109,0.6871250613434171
809110,0.7941251462213885
809111,0.19425838381497776
809112,0.9958231946635272
809113,0.9949191849888448
809114,0.9993863667782947
809115,0.9883259220590188
809116,0.8841747361897927
809117,0.999848792509376
809118,0.9513514382879766
809119,0.9997982330166473
809120,0.441919502297642
809121,0.5380027532023346
809122,0.6466838534298441
809123,0.3830058980777893
809124,0.9999502791184467
809125,0.22150423555243867
809126,0.5271255824270799
809127,0.940857106935137
809128,0.9593734226522452
809129,0.07214073997436202
809130,0.9937900709281047
809131,0.3579083922844895
809132,0.7813180547495213
809133,0.9123021612810044
809134,0.9891206004077111
809135,0.7819823876903029
809136,0.9987616395473835
809137,0.9998334883854745
809138,0.9850093658696334
809139,0.9908529127072842
809140,0.9530725823911218
809141,0.7869198981876545
809142,0.46499832187699786
809143,0.18720145214302103
809144,0.998934186988014
809145,0.9997424366429805
809146,0.9996949792528727
809147,0.5036570472031335
809148,0.9255209402595287
809149,0.9999216069188668
809150,0.9998108683211816
809151,0.9999806456475369
809152,0.986202647206506
809153,0.10452224925522186
809154,0.9977093588013483
809155,0.9276563695102571
809156,0.998291467606585
809157,0.024981326441570896
809158,0.99932235423773
809159,0.8696370866641
809160,0.6273408533080036
809161,0.9971951938958186
809162,0.9999666657046828
809163,0.9909375858337826
809164,0.9998931875931143
809165,0.5294846965046942
809166,0.7392615713782478
809167,0.9942838948645094
809168,0.5963178634396233
809169,0.9895076809504507
809170,0.10805485860454077
809171,0.9839528759680041
809172,0.8607655408567212
809173,0.9999516996376637
809174,0.08948102171814801
809175,0.11401097948465427
809176,0.4334099537344124
809177,0.43895866405000017
809178,0.9990662013131717
809179,0.07823288171700216
809180,0.9957641176021648
809181,0.03421324538403023
809182,0.9992245689234692
809183,0.9999936768296532
809184,0.9998593061682906
809185,0.059672528385592255
809186,0.662151021652841
809187,0.1392519773878919
809188,0.8213434179737562
809189,0.14293191199443242
809190,0.6577564489822041
809191,0.00941463671977207
809192,0.14905569097428636
809193,0.9997333998990576
809194,0.999060810369046
809195,0.99670617132337
809196,0.2643681161762074
809197,0.9995364255600381
809198,0.989329766539324
809199,0.5015619730360774
809200,0.9809000123854958
809201,0.9945620330087819
809202,0.9999899181711459
809203,0.9796867031441062
809204,0.0015725695583921173
809205,0.9993040197323462
809206,0.9988363672487781
809207,0.9990298763065399
809208,0.8652212158710759
809209,0.20175654115678401
809210,0.6562342558504346
809211,0.8625689634413154
809212,0.9639493368012138
809213,0.03129830089906221
809214,0.9524777532698765
809215,0.9994102664914912
809216,0.002988026421501712
809217,0.6438497473499263
809218,0.13589906448214914
809219,0.9963372838929008
809220,0.9999267001896728
809221,0.9726954626956583
809222,0.9979936424160618
809223,0.48676010240659
809224,0.574908265524019
809225,0.9997433524619248
809226,0.9079585638665567
809227,0.993359770692634
809228,0.6742197422913829
809229,0.8114847511934964
809230,0.9952566289552223
809231,0.9907712179656847
809232,0.014249992234344176
809233,0.9935259172112375
809234,0.5670786814312057
809235,0.9995256996545874
809236,0.43689777391875173
809237,0.9997630772338245
809238,0.009815058731304829
809239,0.7869086047498999
809240,0.9995030381035264
809241,0.9984628312303594
809242,0.999648181870831
809243,0.9993762169921008
809244,0.0589797505388229
809245,0.5980413340661858
809246,0.1321953324480381
809247,0.9880487430638316
809248,0.9717619228252103
809249,0.4946238468146588
809250,0.24729748298814963
809251,0.9678598193941301
809252,0.9818989250584411
809253,0.9869866185302668
809254,0.9997696164457662
809255,0.927108197985487
809256,0.9884732951321842
809257,0.9990214363353811
809258,0.05623060134572139
809259,0.8862798984518578
809260,0.029264499460927598
809261,0.018968269572815652
809262,0.9199671152476362
809263,0.1825131195634229
809264,0.916306492217507
809265,0.9931294598412799
809266,0.9994823548136799
809267,0.6847488699818345
809268,0.9999492166802384
809269,0.17462408923005965
809270,0.9998216814995022
809271,0.9984906908170639
809272,0.9196568854425538
809273,0.19609258899055454
809274,0.7909363536512081
809275,0.9991800069842516
809276,0.007677006967552084
809277,0.09417849610835592
809278,0.202710691157588
809279,0.9594551342206631
809280,0.41179845995366926
809281,0.9989743367496482
809282,0.17128380499271673
809283,0.9999077527436047
809284,0.30369638605480376
809285,0.792025116107617
809286,0.01077623177944689
809287,0.9998431433817142
809288,0.9959915085341831
809289,0.012227881542353129
809290,0.960151921066877
809291,0.9994989787188691
809292,0.9995501583331494
809293,0.39127731575165514
809294,0.999589963578674
809295,0.9998420518248663
809296,0.006093589756788186
809297,0.784401010834274
809298,0.9998197728295777
809299,0.5128040268139084
809300,0.9998117753351612
809301,0.9996861245818269
809302,0.8735616592244915
809303,0.999964488768797
809304,0.34641244165531065
809305,0.8113763854469154
809306,0.9987042515351195
809307,0.9939891271280693
809308,0.9484839547994215
809309,0.1509033590840264
809310,0.999019303967435
809311,0.9316832898992458
809312,0.44265552587100043
809313,0.9967476759377571
809314,0.9998455802290311
809315,0.9998915343683171
809316,0.9999284418953506
809317,0.976738798347843
809318,0.550870767826936
809319,0.9047161834602128
809320,0.7980094777855473
809321,0.25895338214379743
809322,0.999655710900168
809323,0.09022352146867596
809324,0.8375811134578565
809325,0.8392479873292963
809326,0.9998356337511551
809327,0.9985140484068282
809328,0.9999525314686413
809329,0.9974955756495707
809330,0.9990695018374313
809331,0.7361138729139689
809332,0.06329103045462871
809333,0.9923773118513606
809334,0.8513443562265941
809335,0.37002106390046996
809336,0.9940033912684982
809337,0.9999355168352877
809338,0.9997862545048857
809339,0.31367148867914657
809340,0.9888732881413591
809341,0.9118673498815166
809342,0.9999833992538423
809343,0.9999847299610315
809344,0.1596663437799699
809345,0.862078011292121
809346,0.9727495370042388
809347,0.9997144819132877
809348,0.9763783435255695
809349,0.9843717368130322
809350,0.7726144129611914
809351,0.9999491916648933
809352,0.011872647963691498
809353,0.49261698352706695
809354,0.9670995642854233
809355,0.9994377512914364
809356,0.31512064168939835
809357,0.8171478226972035
809358,0.8313630862269408
809359,0.9981714465608731
809360,0.7003955619213346
809361,0.6904986384622683
809362,0.9522694024834739
809363,0.06504232680565095
809364,0.5983972357708471
809365,0.6416989934146776
809366,0.8506112589421089
809367,0.9687371872121426
809368,0.5611108425938884
809369,0.9978181168180501
809370,0.9262879167726249
809371,0.9679496701217618
809372,0.9972705591041486
809373,0.9912367392313294
809374,0.060322874378514066
809375,0.9999808089429528
809376,0.9996974371202667
809377,0.9990732148538999
809378,0.17137884327457215
809379,0.8751382487620681
809380,0.6548975693687047
809381,0.5466567447094537
809382,0.29254948823257204
809383,0.9955896283284642
809384,0.8013599607690136
809385,0.46693427329901116
809386,0.02854390324927817
809387,0.9397854278260112
809388,0.013710613657772593
809389,0.9955638230124209
809390,0.9074361057129761
809391,0.9991426271067796
809392,0.9953775081162726
809393,0.9692937683860534
809394,0.950637447335474
809395,0.9998973172516509
809396,0.8934166425747774
809397,0.007419474709017146
809398,0.6575261731409294
809399,0.9932077743642675
809400,0.9999594266538216
809401,0.2873462318188074
809402,0.9990189442396789
809403,0.03344977543133704
809404,0.9457154249154152
809405,0.9983921224992527
809406,0.1508112653216333
809407,0.9999824301866553
809408,0.2768371707587431
809409,0.9992671656383394
809410,0.2640755749122463
809411,0.6995402154965424
809412,0.9965382784540032
809413,0.21471607041382948
809414,0.9986052663536761
809415,0.9996345909479459
809416,0.9998593630082298
809417,0.17902352722217052
809418,0.3598754441733862
809419,0.19370120151958217
809420,0.05302003972009566
809421,0.06660570635916208
809422,0.977852472981298
809423,0.9906631549698868
809424,0.9444046151607869
809425,0.26035669059964994
809426,0.4847712386738249
809427,0.999687436573357
809428,0.9998345697797459
809429,0.0726018535769512
809430,0.9990869736317189
809431,0.08978392272708627
809432,0.1063267626623377
809433,0.7333730702471
809434,0.9998933289587901
809435,0.1631423566036934
809436,0.9949125510006347
809437,0.9999678737902726
809438,0.9827050443850922
809439,0.9257608937197597
809440,0.8430662419591115
809441,0.8621031215455501
809442,0.9816603900989502
809443,0.7556696541867858
809444,0.8411631590099425
809445,0.9982518214795622
809446,0.9351149280593981
809447,0.5893619482808178
809448,0.9974797271052196
809449,0.9146917590236149
809450,0.9996963667959278
809451,0.9954146041272849
809452,0.9964001655147006
809453,0.9998608268776669
809454,0.9957053033036246
809455,0.8692162543138684
809456,0.8827733392625645
809457,0.40348414774023
809458,0.5607452087576607
809459,0.9995991899990525
809460,0.12271337200541096
809461,0.9995788628446679
809462,0.4293242252045325
809463,0.9999386421828758
809464,0.2741724642427343
809465,0.049224867405221924
809466,0.6166474610099465
809467,0.023660203751305307
809468,0.9998810088364489
809469,0.02290415113461513
809470,0.999373555912096
809471,0.9972880772504309
809472,0.16266727726293762
809473,0.9693151812743526
809474,0.9981952114973458
809475,0.5278351491455997
809476,0.2809584180129959
809477,0.9997005052506247
809478,0.99900151122467
809479,0.6710270613583231
809480,0.7473972562041591
809481,0.26403612619983613
809482,0.7659960490932929
809483,0.9975732934116952
809484,0.8778070705523626
809485,0.25592652791264175
809486,0.7643670904612467
809487,0.2242834668222764
809488,0.8242376776837961
809489,0.8581141606777576
809490,0.07245183648189603
809491,0.11433401325401457
809492,0.09033884636012898
809493,0.9999808002037034
809494,0.9991929771400196
809495,0.9998148355833585
809496,0.6906173893541203
809497,0.9998432990686654
809498,0.9996595284734797
809499,0.2827598009517195
809500,0.8790806476335697
809501,0.32127874698328274
809502,0.9990930703022738
809503,0.5256499854087404
809504,0.98229552851466
809505,0.058122627025100196
809506,0.9971828682256456
809507,0.7081854619333063
809508,0.9516482396067671
809509,0.8803563047442253
809510,0.9393604221475467
809511,0.023922164472831905
809512,0.9983139594151733
809513,0.993019410201873
809514,0.002897417432976192
809515,0.17332734743829273
809516,0.8805163854904946
809517,0.3167431071366468
809518,0.988975699795527
809519,0.025845756284171933
809520,0.12824016487102027
809521,0.9368328356035485
809522,0.7917343675504486
809523,0.9470556702587978
809524,0.008979990287275226
809525,0.9992310173077127
809526,0.9985405058960362
809527,0.7390422252702159
809528,0.999774429319342
809529,0.6049030810206906
809530,0.965525315228545
809531,0.9999840228087364
809532,0.9284162824955524
809533,0.5497110318388134
809534,0.9328087491487087
809535,0.9970486849863136
809536,0.9980222698389375
809537,0.01278064273321559
809538,0.3484064178218235
809539,0.9968641025193632
809540,0.9978123621591428
809541,0.9957733595541074
809542,0.9997839463501808
809543,0.06075781276135085
809544,0.999334477890328
809545,0.9997716752544761
809546,0.3894021596539903
809547,0.9978957650499847
809548,0.7337352772653711
809549,0.010848700724709781
809550,0.9995599581064544
809551,0.4834130849874179
809552,0.6656558571648281
809553,0.030269954251540335
809554,0.9990145856462758
809555,0.9973480570026755
809556,0.9024816942263314
809557,0.9996034156372677
809558,0.9994218497231238
809559,0.999947770766662
809560,0.9999616947427387
809561,0.9993956500113416
809562,0.9705958815051016
809563,0.7701776197195997
809564,0.6753653276785218
809565,0.048268034444974475
809566,0.624134724666171
809567,0.6970284899974387
809568,0.9997195741303985
809569,0.998734904194658
809570,0.9322281824746024
809571,0.1763892976022433
809572,0.9999706973723614
809573,0.9992494639442131
809574,0.9725232360417582
809575,0.016368393880771284
809576,0.9794936513573157
809577,0.16258221655463437
809578,0.5404971772405497
809579,0.0035389709371150503
809580,0.787419042756716
809581,0.09979702142988933
809582,0.9998263074467395
809583,0.8277107786164924
809584,0.7617642891337351
809585,0.9999346414760557
809586,0.40230607439770116
809587,0.7601451417022813
809588,0.5016252610650834
809589,0.5463012862937764
809590,0.9985945845543891
809591,0.6115523205925537
809592,0.9852789729088942
809593,0.5996323519245419
809594,0.9980398687710851
809595,0.7927711706927953
809596,0.37768449050163017
809597,0.9998748644514621
809598,0.4472632689438764
809599,0.11422093573385858
809600,0.00710253718173275
809601,0.9942592717315293
809602,0.9998646364054851
809603,0.935716689360039
809604,0.991843592810758
809605,0.4052378957934337
809606,0.512194328908553
809607,0.8858449391260673
809608,0.9999147196504636
809609,0.9992561200273069
809610,0.9998448517953564
809611,0.03315560680715521
809612,0.997736656048254
809613,0.9964794903356454
809614,0.9967432001833355
809615,0.4476183438397553
809616,0.9986249423655116
809617,0.6433712055385319
809618,0.9998333614637197
809619,0.9849428495861168
809620,0.9818819808499597
809621,0.9946741576125611
809622,0.85971872940799
809623,0.22576188740657785
809624,0.9460505616307138
809625,0.06419561966012646
809626,0.030216561266396394
809627,0.9993606937456292
809628,0.2841092956551156
809629,0.987221126361993
809630,0.589025820972776
809631,0.1453146151411476
809632,0.9999324234826399
809633,0.9813560627290553
809634,0.14733988908796203
809635,0.9992806542169858
809636,0.9755882909247764
809637,0.9693915597878063
809638,0.9977463428346534
809639,0.25475627614809626
809640,0.9923619750638698
809641,0.8520889998912492
809642,0.46652919032146195
809643,0.9991034375619495
809644,0.9954939609662414
809645,0.9999225175718329
809646,0.06334862834993774
809647,0.999947746458084
809648,0.9999479976395164
809649,0.9955525218329182
809650,0.714158500002194
809651,0.49291283698052524
809652,0.236368777931484
809653,0.8792545553144898
809654,0.33182010306707777
809655,0.10477332343944232
809656,0.14715453872281203
809657,0.9998978317122428
809658,0.9980382596183403
809659,0.5638885169919524
809660,0.18718262942699432
809661,0.999467326691626
809662,0.997640737575956
809663,0.033282934339502024
809664,0.9976834974109536
809665,0.9997891844600452
809666,0.9983291942670337
809667,0.9985820893721647
809668,0.9997182554233903
809669,0.02448347263705449
809670,0.6711863629578471
809671,0.8188543790852275
809672,0.9981773568885931
809673,0.9999425242657689
809674,0.13237677476110857
809675,0.9799596110636402
809676,0.46120527569524933
809677,0.8693268143554062
809678,0.08097540076361821
809679,0.9997529377487
809680,0.15147547151591848
809681,0.9996487342146325
809682,0.5050285212876953
809683,0.9991887640727863
809684,0.9994585540612357
809685,0.9944815489201559
809686,0.9695559099621325
809687,0.7008199570515152
809688,0.8865956387442433
809689,0.9410250642081303
809690,0.9946665471908329
809691,0.9974573545231384
809692,0.7112000872326267
809693,0.8727945762803673
809694,0.9998691782791161
809695,0.9613375126310836
809696,0.9947742825686784
809697,0.999881158929409
809698,0.9892776569220044
809699,0.9985291913619077
809700,0.9979464664684441
809701,0.9986832823850407
809702,0.9999502522987683
809703,0.850513677784444
809704,0.9999589683955685
809705,0.9997056641614965
809706,0.36577676415843774
809707,0.6942941527399189
809708,0.38331096434520306
809709,0.1814328153128645
809710,0.7579890858285019
809711,0.6487747273138894
809712,0.009148323640875334
809713,0.999947036506739
809714,0.5093725145143527
809715,0.9991664378377934
809716,0.9670588858544189
809717,0.6122120439710531
809718,0.9987472829380535
809719,0.9876898108126442
809720,0.8280780704536913
809721,0.2604024591036401
809722,0.9998217444002429
809723,0.9700184139973722
809724,0.9998088132691118
809725,0.7729272813904192
809726,0.9799422462967241
809727,0.5429295424233732
809728,0.012480556886251375
809729,0.9541893315339024
809730,0.45312208602507087
809731,0.999111210770228
809732,0.8794418778597739
809733,0.8977402575043228
809734,0.9995374873981997
809735,0.32284831051489965
809736,0.9954508395989217
809737,0.9939210021966969
809738,0.9996312559655023
809739,0.9733450076957896
809740,0.9996595555405332
809741,0.9887194195625386
809742,0.43089017909118565
809743,0.028050511184396623
809744,0.9999292454168178
809745,0.7239321219317189
809746,0.9983224179448003
809747,0.036105882099106305
809748,0.986669035374351
809749,0.9999646511765197
809750,0.891233009427498
809751,0.15458323265410043
809752,0.9610947735891008
809753,0.7251086502654559
809754,0.8414231968252288
809755,0.9998869596324487
809756,0.03907237668510499
809757,0.9996999422977116
809758,0.9995177389167164
809759,0.9381621421683812
809760,0.36678705471483597
809761,0.9967421920634751
809762,0.889131410794807
809763,0.4438671542689592
809764,0.9764029472244131
809765,0.9999837461522881
809766,0.07974174031192811
809767,0.7945965206007424
809768,0.09204495755830074
809769,0.7641876798722136
809770,0.9718351944705287
809771,0.9956837028778411
809772,0.772865970476867
809773,0.999939906930266
809774,0.08550444317042773
809775,0.9810764964330753
809776,0.999071098983289
809777,0.033781279485940924
809778,0.06525023609364394
809779,0.9387186037523032
809780,0.9977137472939355
809781,0.9998117093337431
809782,0.9879510950616289
809783,0.8615582809298707
809784,0.9739563957028028
809785,0.9805113349022767
809786,0.9993045419162864
809787,0.9932489234433419
809788,0.9744866877751281
809789,0.9179355776898855
809790,0.023786366030827615
809791,0.9994407773825991
809792,0.8823941055332091
809793,0.99385560893013
809794,0.9996334489160053
809795,0.11418923677787282
809796,0.6100022587613342
809797,0.9999646609356875
809798,0.9996392821933475
809799,0.04753631337316029
809800,0.17489018076549784
809801,0.9807659757545606
809802,0.33204405455143526
809803,0.8407608291112034
809804,0.20372740974015502
809805,0.9867854990708311
809806,0.9988835715624131
809807,0.9998707841615022
809808,0.9994994067779326
809809,0.9989181865613492
809810,0.7357271168577171
809811,0.949415354934954
809812,0.8988171106366146
809813,0.9989017578190773
809814,0.44702528861662005
809815,0.9999482675395865
809816,0.31258470276010014
809817,0.9895922483227593
809818,0.3360515410755477
809819,0.9986725245743513
809820,0.037129575796722186
809821,0.9963901510037526
809822,0.854154061370548
809823,0.9150185391976484
809824,0.9998530691550822
809825,0.9439937906445107
809826,0.6229014939043491
809827,0.6232723759056598
809828,0.6484879082954104
809829,0.9601673161837854
809830,0.9999418227675922
809831,0.9205439922362074
809832,0.5570847478671289
809833,0.9997544426047399
809834,0.03512746669861327
809835,0.998331897400351
809836,0.6913234206503664
809837,0.998982792454999
809838,0.9980693177993432
809839,0.01301005459196505
809840,0.8556889259564442
809841,0.9957155357398031
809842,0.9999548997105467
809843,0.9996123177082077
809844,0.9999383115849112
809845,0.9996004721225649
809846,0.03154870305457428
809847,0.012517776089008403
809848,0.00685853837964545
809849,0.7402489134184491
809850,0.9965528771683849
809851,0.9577030994482135
809852,0.19849781532328079
809853,0.9914159999827051
809854,0.8105418524274413
809855,0.9975804736503171
809856,0.9988153771006267
809857,0.004354645148947405
809858,0.9795654759549917
809859,0.999587446410936
809860,0.9980291621410468
809861,0.9999489374799342
809862,0.9999254622656603
809863,0.24354632465911732
809864,0.9945962744958068
809865,0.38863143051270926
809866,0.9971693762021047
809867,0.13014303676160044
809868,0.8307617729506367
809869,0.9999881567067501
809870,0.9226380126492157
809871,0.14634053854288348
809872,0.9985458120836341
809873,0.04708427355388412
809874,0.9948130334516738
809875,0.9999707485630702
809876,0.32916011515660776
809877,0.9726881219188701
809878,0.9999201512584841
809879,0.07436128314340282
809880,0.9996545407857109
809881,0.8374847806224395
809882,0.9994107886324183
809883,0.20003370613728322
809884,0.9718335154141118
809885,0.995075033371172
809886,0.2563371333875549
809887,0.6616253811162932
809888,0.9976714298587872
809889,0.4748775078877581
809890,0.957960129985556
809891,0.776573335583308
809892,0.9948171738592158
809893,0.8788286211840385
809894,0.9033524163429028
809895,0.012277606852534428
809896,0.9999710305753504
809897,0.9999809758029846
809898,0.01523650213696126
809899,0.9996852353779343
809900,0.9995204500189201
809901,0.6870755902648854
809902,0.6941351728568335
809903,0.9155781995687841
809904,0.9998708527081639
809905,0.11092938386506984
809906,0.9485982540957706
809907,0.999014179372502
809908,0.9980490571732643
809909,0.9993502654383379
809910,0.9889996277155748
809911,0.999212643816276
809912,0.9999781592918136
809913,0.7570215921445214
809914,0.999691109812349
809915,0.39165597925797524
809916,0.3256178887354326
809917,0.9998291368411445
809918,0.13320498072287285
809919,0.9958139180707878
809920,0.927009567147197
809921,0.003637800670980371
809922,0.5294417612762292
809923,0.9889084543125404
809924,0.7037476401410167
809925,0.9987992779057022
809926,0.31932826808509923
809927,0.7211293702894491
809928,0.9999704688904076
809929,0.9911439356679586
809930,0.8661399104220144
809931,0.999855081458074
809932,0.8531003946151237
809933,0.9105647056581653
809934,0.9685912321454014
809935,0.10965479814060942
809936,0.1549672683706423
809937,0.06436985991320245
809938,0.8824495920899829
809939,0.0580784846057569
809940,0.9997513127878256
809941,0.9998946737942966
809942,0.11499330539150054
809943,0.9999265012098895
809944,0.3801365175791054
809945,0.9948994177464274
809946,0.9994578388678285
809947,0.019789841900206953
809948,0.9995552403124752
809949,0.9632906764354512
809950,0.9996852848845348
809951,0.4087684766212978
809952,0.9997057589600451
809953,0.9312090983002161
809954,0.4226597868751492
809955,0.9999096843581159
809956,0.9992250574681378
809957,0.7481828060118052
809958,0.061201985539025006
809959,0.8760108113623367
809960,0.9160322133589742
809961,0.1035271063299337
809962,0.8770979659409404
809963,0.9990244757366038
809964,0.11361172105405073
809965,0.09951696483575155
809966,0.9967725335753745
809967,0.9999501459731692
809968,0.9997919406052995
809969,0.7154166950927079
809970,0.977129080945758
809971,0.9914331475766232
809972,0.5529270826410039
809973,0.9993389173071774
809974,0.9977403454322177
809975,0.9970708268573915
809976,0.5156029721931681
809977,0.9796194268455515
809978,0.6895406021442221
809979,0.07669883222897052
809980,0.9971204496097154
809981,0.9997738079010658
809982,0.494603266477845
809983,0.605533791015523
809984,0.24552776472446655
809985,0.9819022801169259
809986,0.9921142290523429
809987,0.999730190659696
809988,0.5716209832677205
809989,0.05658131720470957
809990,0.7845053421233887
809991,0.3220773586562822
809992,0.2855711201472663
809993,0.8713466689412679
809994,0.9372144042462636
809995,0.9992018745388562
809996,0.9592022810234138
809997,0.010329418914123914
809998,0.031065813911338214
809999,0.2546837537591971
810000,0.98573176633703
810001,0.9995325021654048
810002,0.9274981805407532
810003,0.7925990108200636
810004,0.11360766210100066
810005,0.9975729206375412
810006,0.021969655018012665
810007,0.9997780369453539
810008,0.6174141001633252
810009,0.999467270038859
810010,0.9673633988417734
810011,0.9570362687493116
810012,0.9964878872885323
810013,0.9999158643153783
810014,0.4100899853048092
810015,0.935077167164415
810016,0.031821891563221696
810017,0.9799247017291481
810018,0.011545977955876058
810019,0.9995814293407224
810020,0.15116675023709425
810021,0.9998430397705643
810022,0.9984001393138293
810023,0.9962537040221955
810024,0.9999800851479558
810025,0.9998236323143106
810026,0.9992600749893937
810027,0.9997395116236996
810028,0.9673833668464764
810029,0.07253369547685558
810030,0.9994800870853658
810031,0.9990759210136677
810032,0.05365068639605619
810033,0.6585010418117259
810034,0.028720118481376948
810035,0.9995735500714009
810036,0.9994071072712556
810037,0.9999814592439858
810038,0.6319981386864186
810039,0.8566846682738358
810040,0.9999720088556905
810041,0.999391692495861
810042,0.008869117278542806
810043,0.5236899566274933
810044,0.8138938299549467
810045,0.08478989282202945
810046,0.11243472803513643
810047,0.9675580165646834
810048,0.999355722398674
810049,0.9985700270542299
810050,0.5984494681289679
810051,0.4362877482531603
810052,0.02479277373728992
810053,0.9991754036553783
810054,0.7441108079340757
810055,0.20982117784237142
810056,0.2602272198431925
810057,0.07021415943500192
810058,0.9994361630407438
810059,0.018720019977381132
810060,0.9998665599198844
810061,0.4970228872007626
810062,0.999973993589022
810063,0.03957607621304699
810064,0.9456681793445672
810065,0.9999789655339132
810066,0.9981577554375851
810067,0.9714522864622998
810068,0.9556872135092146
810069,0.2774422219906232
810070,0.9987617990624229
810071,0.9998397201040523
810072,0.9007880152642513
810073,0.509237537295943
810074,0.013997558802391435
810075,0.5728374762405726
810076,0.6885772875555385
810077,0.10514985954659517
810078,0.9880387873633285
810079,0.9943202741650272
810080,0.9823571229757208
810081,0.9999898751116224
810082,0.937555499870675
810083,0.08884412843574929
810084,0.9999876207281473
810085,0.9982852169011631
810086,0.026444031242777125
810087,0.921752645598517
810088,0.9996115875278366
810089,0.9998426903222817
810090,0.022572791050634984
810091,0.02116510378129296
810092,0.05204214765140211
810093,0.9962664401706356
810094,0.9858296371945797
810095,0.9995818989044511
810096,0.9748944134306106
810097,0.9999049136197173
810098,0.981186355947783
810099,0.2830437366192597
810100,0.9445428435144656
810101,0.007163689768165624
810102,0.6043433729600529
810103,0.9864851181481042
810104,0.9005500979021771
810105,0.0608898081542439
810106,0.9671935658795314
810107,0.7091341369199053
810108,0.15233350220947572
810109,0.21924908615955022
810110,0.990167829545312
810111,0.39926918123595634
810112,0.1995906321318665
810113,0.001458655743057207
810114,0.07776883534147992
810115,0.9976572750126211
810116,0.9999699315726805
810117,0.3126209198870451
810118,0.21027333066845127
810119,0.9962582112083924
810120,0.9863080999953827
810121,0.9971495934369503
810122,0.025492062759313143
810123,0.9999241730071338
810124,0.05638839746654099
810125,0.9652249308437979
810126,0.9999285140514679
810127,0.5470576582102098
810128,0.6044997651092981
810129,0.14685957858219612
810130,0.9991320421521597
810131,0.02646324343724643
810132,0.44315406342503805
810133,0.035868689322696184
810134,0.9983886863011748
810135,0.9634396949581274
810136,0.9625748573035973
810137,0.0010293688666923328
810138,0.8958918272960948
810139,0.9975449672802261
810140,0.17845323201611507
810141,0.02261073105552008
810142,0.042446995792635306
810143,0.11442764485358344
810144,0.7421112912467975
810145,0.989058716366656
810146,0.40413420390949206
810147,0.9999824184132591
810148,0.9055654780404271
810149,0.7294329641200474
810150,0.9975742492357167
810151,0.9998959891810697
810152,0.004966680871055201
810153,0.7224113462698032
810154,0.9995409119241512
810155,0.0704059995691283
810156,0.9990281558065353
810157,0.3555256807863362
810158,0.7899463992479054
810159,0.1880244416262154
810160,0.22977632592727437
810161,0.9904568557816178
810162,0.8928956729086293
810163,0.9996389511637682
810164,0.7359432803011333
810165,0.9999478321924409
810166,0.6335434638739257
810167,0.9998706028487321
810168,0.9196324613994927
810169,0.9515940991670855
810170,0.9658862937916561
810171,0.6302510070781329
810172,0.9996805599997463
810173,0.7548976995364602
810174,0.9941186652583807
810175,0.971735784499802
810176,0.9998078550002024
810177,0.9998206539157607
810178,0.999930127640861
810179,0.9401140998157758
810180,0.06391514482766482
810181,0.9990068744114595
810182,0.8887832323235307
810183,0.023377157577591328
810184,0.16569582888199538
810185,0.14827118200317813
810186,0.9998702207002418
810187,0.9890643470419227
810188,0.3069029043593253
810189,0.09693945765842549
810190,0.6708227635706436
810191,0.21287483481995995
810192,0.9998341053416573
810193,0.03174984826442634
810194,0.6699383867322104
810195,0.9530562534810405
810196,0.30718895764713694
810197,0.4145118914222865
810198,0.9988335960223242
810199,0.6151870412859801
810200,0.04677156685404281
810201,0.9969931493623259
810202,0.9927922203838309
810203,0.9700445146689232
810204,0.4287789912053934
810205,0.9690742106855351
810206,0.9996602855219083
810207,0.9965418105305022
810208,0.041137913177945046
810209,0.9483057378084974
810210,0.9100478344286099
810211,0.06025366998247789
810212,0.9978548052657877
810213,0.7493661279790255
810214,0.26568663154641703
810215,0.261523748417092
810216,0.9621332660096976
810217,0.995458543587568
810218,0.8617569830439331
810219,0.9996134422694718
810220,0.9993240583583105
810221,0.8198589905199273
810222,0.6238050101647025
810223,0.6208428620835489
810224,0.28425749245692805
810225,0.9983265130881933
810226,0.0024859315728107895
810227,0.8360268742560568
810228,0.2802897831341103
810229,0.006796110391125296
810230,0.9999488573370771
810231,0.9343474691585151
810232,0.2871271363918361
810233,0.9998970613841887
810234,0.9973331700694535
810235,0.4526859033713071
810236,0.9858779923075224
810237,0.9425432101944744
810238,0.27700305962410243
810239,0.9965938348372587
810240,0.5139532058517849
810241,0.06755360755950207
810242,0.9887314360994179
810243,0.9963436192300541
810244,0.4929190820331569
810245,0.6656994647157848
810246,0.07700211220440661
810247,0.15680924361097187
810248,0.9996354749258012
810249,0.152844713802458
810250,0.14817846997054773
810251,0.965434766534071
810252,0.24765930343898895
810253,0.011888788292035928
810254,0.008413945475191585
810255,0.7597509437654759
810256,0.04441286649476853
810257,0.996229570455144
810258,0.03730772415696929
810259,0.9985767775330426
810260,0.9512960192660543
810261,0.9923971904497391
810262,0.08029644266640065
810263,0.4473920729275127
810264,0.7881377010466508
810265,0.9918060157295563
810266,0.5511569010791434
810267,0.006882224384845863
810268,0.996194516158734
810269,0.9238902766562321
810270,0.9999411075212988
810271,0.7616256663097929
810272,0.9993703947896495
810273,0.569702417480794
810274,0.9998729104578571
810275,0.7956896806196019
810276,0.8167107002451818
810277,0.9996434969959114
810278,0.6965851854307706
810279,0.8495575217080458
810280,0.9697571269656604
810281,0.9969248787346152
810282,0.38423078677567635
810283,0.10190113249207086
810284,0.0060266224377125525
810285,0.9995848105414851
810286,0.9584750464116849
810287,0.9997289950575969
810288,0.03874673048014295
810289,0.410206920814356
810290,0.06641221604706458
810291,0.9971302369993065
810292,0.9988559512504029
810293,0.9880163477801035
810294,0.9979373143604603
810295,0.9999613180321013
810296,0.9745988905954606
810297,0.9964501596021511
810298,0.6375452766609699
810299,0.9993883539428376
810300,0.9822479965784539
810301,0.03533067007782366
810302,0.048979079511030754
810303,0.7578059000549293
810304,0.9755991234299637
810305,0.9969005517166111
810306,0.5263085925283538
810307,0.501159348947177
810308,0.9916017854760819
810309,0.0054089016078087224
810310,0.7911835965393563
810311,0.744164303182273
810312,0.7441220332322396
810313,0.4630666901309485
810314,0.020935942251489485
810315,0.026416970136014184
810316,0.9979315776350076
810317,0.47933559538374915
810318,0.11248676613183263
810319,0.6932728451720278
810320,0.9999144691134657
810321,0.9986394908317421
810322,0.3887150354966592
810323,0.005353290722250224
810324,0.8617053677102204
810325,0.9979511878932675
810326,0.9114754202696431
810327,0.9147855924480435
810328,0.9994984286395894
810329,0.13106659385238834
810330,0.8289034776497002
810331,0.9997400383511489
810332,0.08178616482150866
810333,0.8138920934730589
810334,0.9714154495424191
810335,0.9627744960402586
810336,0.8773650491356461
810337,0.9824057710558742
810338,0.9901600566436164
810339,0.9809816363885573
810340,0.9998456968553621
810341,0.9937919980714778
810342,0.9988625658783803
810343,0.18490751216687598
810344,0.6686606021304881
810345,0.9864987277560935
810346,0.573273960806215
810347,0.9997900498889613
810348,0.9994303278565054
810349,0.9992309460614994
810350,0.9980084511201552
810351,0.9943362425493838
810352,0.1323331582947605
810353,0.9517200445202405
810354,0.03730073039576015
810355,0.6574665913042022
810356,0.6223665121433342
810357,0.9998139719794386
810358,0.030961071409182972
810359,0.9961479137500161
810360,0.24046503736433772
810361,0.9985650767209966
810362,0.999799216953615
810363,0.999373125349858
810364,0.5892141298078453
810365,0.9217516405866499
810366,0.8524930960667154
810367,0.7851993821075716
810368,0.8434785211113969
810369,0.20673838278208845
810370,0.020809692494332722
810371,0.9848611542967592
810372,0.9933564159208564
810373,0.9791877005675613
810374,0.7399817678056944
810375,0.6353694779896761
810376,0.9820427420086946
810377,0.9992031957060297
810378,0.8445712518220003
810379,0.7896273071603281
810380,0.08322609682160556
810381,0.9686746957743764
810382,0.671645009475612
810383,0.8401394853036523
810384,0.9707637871926503
810385,0.5678876300457915
810386,0.256522585176341
810387,0.9998403333325088
810388,0.9993430051081154
810389,0.05567082433235729
810390,0.9996860153788285
810391,0.4178489330345934
810392,0.45457518869897384
810393,0.6384196732264147
810394,0.9998506055183565
810395,0.9996339437224792
810396,0.03531461265694551
810397,0.9782416814873921
810398,0.9947942263713365
810399,0.9997819804719714
810400,0.9999276883936047
810401,0.5251308007040869
810402,0.9947484731199481
810403,0.9295941806894568
810404,0.9966910557098742
810405,0.9992229828050594
810406,0.44200671269590586
810407,0.43392212059725044
810408,0.9862302571293419
810409,0.1396451263825794
810410,0.9949800475777322
810411,0.024940843029618395
810412,0.991454572939312
810413,0.2865808409309869
810414,0.4939498459084076
810415,0.9991775530433769
810416,0.0186590097285546
810417,0.21005010706098076
810418,0.13858176277176182
810419,0.9981365327170446
810420,0.9992967085324503
810421,0.9818425349470203
810422,0.9994039289117096
810423,0.6988865779191481
810424,0.9979180838952029
810425,0.13899196575318035
810426,0.8514565024451466
810427,0.6191303121367077
810428,0.8632422266983117
810429,0.985817168058283
810430,0.5233738360211126
810431,0.9857185154049222
810432,0.9908649971056523
810433,0.9995768664294797
810434,0.9989546850561509
810435,0.9929405308102026
810436,0.9977942259723431
810437,0.9992861370965269
810438,0.14316917485318112
810439,0.8194258626497418
810440,0.9999410172216889
810441,0.9871342640522118
810442,0.7709080374352759
810443,0.9961501061581884
810444,0.006150626694307094
810445,0.44097979336848814
810446,0.9997408151323988
810447,0.9999413549192779
810448,0.925491920521398
810449,0.9992723615344814
810450,0.591932077638375
810451,0.010911719890504894
810452,0.08200304533264352
810453,0.8889444027227423
810454,0.007414928489742793
810455,0.9999784114158945
810456,0.15750732040627038
810457,0.013753863267137059
810458,0.47851577560660663
810459,0.9897316797084358
810460,0.9999908569378215
810461,0.942663257147361
810462,0.5607970120872945
810463,0.9999836739475754
810464,0.5980415849382947
810465,0.9999761958630082
810466,0.6368296522161024
810467,0.4252966680610226
810468,0.9533171525653152
810469,0.9344185638822899
810470,0.991134894371164
810471,0.31621242294506774
810472,0.6667153922198226
810473,0.9996793779058621
810474,0.7305554093632397
810475,0.506574892402936
810476,0.9961861453175105
810477,0.9384862451008589
810478,0.9995705334082869
810479,0.8991469088263226
810480,0.8900708329027802
810481,0.9752558271288237
810482,0.002362916507441289
810483,0.9997490499308123
810484,0.7226950269915899
810485,0.6705983666916848
810486,0.23489224711900566
810487,0.661728017574805
810488,0.9999251974452733
810489,0.28914780720183647
810490,0.9940040273763857
810491,0.7563762218125668
810492,0.41829900126563135
810493,0.9999907999812143
810494,0.9990917691458379
810495,0.9995441321276974
810496,0.9974958639092426
810497,0.9622461654370829
810498,0.05229167937366329
810499,0.9814312873210037
810500,0.9966128578328062
810501,0.9985433466661879
810502,0.8117998397784211
810503,0.9006555868459366
810504,0.5912363829023406
810505,0.8997195962207827
810506,0.9968329306103687
810507,0.2531899300663571
810508,0.9983706196477561
810509,0.9999719105456506
810510,0.07203125366872853
810511,0.9992688147926035
810512,0.9999098216321154
810513,0.05836780500903902
810514,0.9987358112248547
810515,0.9788770644115214
810516,0.9976373794567087
810517,0.6913524026696719
810518,0.9745142307154683
810519,0.9998998002810817
810520,0.9925188704536465
810521,0.32497248750904273
810522,0.9999292745535293
810523,0.2802703151425551
810524,0.9945472266818631
810525,0.26997576415287994
810526,0.9993512444281806
810527,0.9546169826171478
810528,0.7489220979929205
810529,0.9877324078301548
810530,0.9992406548204933
810531,0.9980977878498061
810532,0.999251911882712
810533,0.4178579157991351
810534,0.12254821399760482
810535,0.9995690222167621
810536,0.9998140458685181
810537,0.9994510175646814
810538,0.9994584956718333
810539,0.8373389509657649
810540,0.9999723325219154
810541,0.9997985874980417
810542,0.9664137075088706
810543,0.005543663408387411
810544,0.8709511838165646
810545,0.863810962765118
810546,0.9997755361889156
810547,0.4253559792381115
810548,0.9993425164141061
810549,0.6667082546768308
810550,0.6855931684227506
810551,0.8795954715651959
810552,0.9999669017510218
810553,0.06910313724750371
810554,0.9647792503194039
810555,0.9999246280768042
810556,0.9990666485063333
810557,0.08130679917012033
810558,0.9965047860312263
810559,0.7329577224369386
810560,0.9979104438718773
810561,0.9955024284178661
810562,0.9688903420719001
810563,0.9981895675667537
810564,0.2054860533656352
810565,0.9999202664219775
810566,0.9999688472920771
810567,0.8413479410363993
810568,0.9999148172940103
810569,0.2509046107869063
810570,0.023305806684649058
810571,0.7962307156980819
810572,0.9745533736762787
810573,0.02814541803457284
810574,0.5995367392804137
810575,0.7191987576021818
810576,0.9995577874197751
810577,0.8794588628783881
810578,0.9963518042976194
810579,0.9960750127078266
810580,0.8471516846466722
810581,0.20204732459225566
810582,0.8761125763732792
810583,0.061986305261290786
810584,0.9133046636239711
810585,0.9999352227417896
810586,0.9999822898529519
810587,0.9864800273285231
810588,0.5153978941081667
810589,0.7927224422929715
810590,0.9996816729059178
810591,0.12869869067096049
810592,0.9998406730671969
810593,0.12874452532677347
810594,0.844264551610364
810595,0.9767506051962704
810596,0.9997075706737697
810597,0.9990569924371371
810598,0.7615255278168556
810599,0.9995063503855158
810600,0.6448664881512612
810601,0.9996128563001556
810602,0.5962223444374858
810603,0.9816692737793835
810604,0.9062716483736863
810605,0.8482032938473414
810606,0.3297554909131099
810607,0.9512619634981411
810608,0.9937776883132898
810609,0.9990736029541369
810610,0.9855521910507807
810611,0.6543040212394876
810612,0.9996759406243979
810613,0.8658185338380145
810614,0.99821663471491
810615,0.9994252355150404
810616,0.8860013785152818
810617,0.9999066190647794
810618,0.5114302803677454
810619,0.9916991066804415
810620,0.908767117843214
810621,0.9608567049419103
810622,0.9997931985974691
810623,0.6128396189376022
810624,0.36233219619740387
810625,0.999889110947767
810626,0.6040317241505605
810627,0.6146071972627598
810628,0.010848186498601649
810629,0.9955296724366909
810630,0.999972794433073
810631,0.7779826482079474
810632,0.9999771196596503
810633,0.999889126260697
810634,0.702642315056923
810635,0.9963443759999546
810636,0.9991121520942957
810637,0.9512361118632366
810638,0.9998939278908778
810639,0.09361595835786818
810640,0.1640455941058062
810641,0.9973858778159677
810642,0.9989529961145658
810643,0.9997489529553826
810644,0.9998136918850906
810645,0.977120504015945
810646,0.9641075911482565
810647,0.9583268551788564
810648,0.8704004137969492
810649,0.7778540042083611
810650,0.999789293687331
810651,0.5499350541824699
810652,0.9465211222879729
810653,0.9993400895757473
810654,0.9997673125588538
810655,0.6203486792829722
810656,0.6766605180924377
810657,0.3352051540976925
810658,0.8995229458756442
810659,0.57063610799137
810660,0.8996102298203199
810661,0.8291012775476503
810662,0.9999354274146377
810663,0.03918337069691294
810664,0.12454380605647236
810665,0.9998079137277832
810666,0.9993719336207753
810667,0.94140546848716
810668,0.9996233135923082
810669,0.9988796306538966
810670,0.5717774680797658
810671,0.19978029227011834
810672,0.9995067371568614
810673,0.9994003160398386
810674,0.9966016968296472
810675,0.9999935766396997
810676,0.4545767367370575
810677,0.9804130289945592
810678,0.0176612718710425
810679,0.024309409858676544
810680,0.9997041402919754
810681,0.05418734086326357
810682,0.9990985801554269
810683,0.999027251213501
810684,0.9988003049808534
810685,0.9968561212309472
810686,0.9327455053760825
810687,0.9999680434613889
810688,0.9976011160363359
810689,0.9980625614020535
810690,0.7360426925966514
810691,0.9477532191292191
810692,0.9998963273381085
810693,0.4726551218292278
810694,0.9992952357818836
810695,0.13219052798227643
810696,0.999951344483665
810697,0.9997797949381674
810698,0.9997641904777721
810699,0.9999115888608328
810700,0.013002104305974128
810701,0.9900360097407438
810702,0.2960696102943885
810703,0.3280384585640314
810704,0.9966084088570814
810705,0.9860738880764902
810706,0.9999526869816664
810707,0.9999099731644354
810708,0.00841168855696338
810709,0.9999331043170845
810710,0.999710398434608
810711,0.872203763727418
810712,0.6775526825267714
810713,0.9532943034286483
810714,0.43001737430550024
810715,0.2968063959318481
810716,0.5493607804854724
810717,0.9994005321003041
810718,0.750570680721727
810719,0.04016290585992384
810720,0.8529463970622043
810721,0.9986321638525124
810722,0.7719252221057085
810723,0.9999927786448604
810724,0.9654844198715751
810725,0.999824889935083
810726,0.8190753359530721
810727,0.9973599708759109
810728,0.7805139951003304
810729,0.6762731236583215
810730,0.9996658037169255
810731,0.9963261545394253
810732,0.9943388225323784
810733,0.9880459977134209
810734,0.9992082143352504
810735,0.9998624151866791
810736,0.9989921191770842
810737,0.32474759293451316
810738,0.96948332502158
810739,0.5209774087301219
810740,0.7529957954490374
810741,0.771001538303056
810742,0.9994582623704489
810743,0.15135783099616282
810744,0.9998818401321297
810745,0.9997830384079829
810746,0.9405886472895377
810747,0.9824845630705742
810748,0.046981332662548614
810749,0.9961957889787341
810750,0.5539340327364615
810751,0.41251564167662746
810752,0.268645570519486
810753,0.9998432162790318
810754,0.9031771612992718
810755,0.999811388327285
810756,0.15388503449032578
810757,0.9977256569229511
810758,0.01164614748782565
810759,0.08427805628769991
810760,0.39456989994094116
810761,0.9740194921503352
810762,0.999762832658823
810763,0.8115564738249392
810764,0.9997102130008424
810765,0.01661420806242089
810766,0.10309119929633304
810767,0.9997683458799924
810768,0.9960401614299297
810769,0.9948543572646724
810770,0.5235705484600298
810771,0.9999744783185318
810772,0.9709582808220505
810773,0.9995393876283729
810774,0.9997809954324891
810775,0.008662110701900096
810776,0.9176903526692622
810777,0.9944449523811477
810778,0.13428803700228129
810779,0.07604306584325302
810780,0.7191379603587202
810781,0.9998114796763904
810782,0.9996971890673143
810783,0.07400257845850436
810784,0.8854960246253538
810785,0.48546091302463457
810786,0.33119319308606016
810787,0.7772971698160085
810788,0.9999361238181401
810789,0.8620413423624673
810790,0.15806577256706444
810791,0.9998792053894031
810792,0.9998851080280042
810793,0.9548294978898916
810794,0.9977245047716118
810795,0.9940948974469337
810796,0.35474088026074324
810797,0.7756921603193324
810798,0.9999387386426273
810799,0.9991578960889372
810800,0.9998937694095317
810801,0.9993216096169732
810802,0.9941733584187933
810803,0.6504591150263657
810804,0.42241335839479
810805,0.9998929314770677
810806,0.9999649575257061
810807,0.026292532528009366
810808,0.9921594448742121
810809,0.018469924570632443
810810,0.9987404025719382
810811,0.39234995758456614
810812,0.9995003026616484
810813,0.9909326143571416
810814,0.9999759011098786
810815,0.007968281594972981
810816,0.9998448342193249
810817,0.989086547669841
810818,0.01608996850647082
810819,0.7944432875893597
810820,0.040766240645690704
810821,0.9999819104195549
810822,0.9883510427688467
810823,0.40985166938468465
810824,0.7814907877537668
810825,0.3216654349143679
810826,0.9996229422159207
810827,0.5457693618630459
810828,0.15028774367286357
810829,0.934556750705132
810830,0.0870986470036207
810831,0.9107884177971312
810832,0.9999852454347071
810833,0.9999324475686386
810834,0.9501779468770073
810835,0.9998303375952959
810836,0.9965409331912289
810837,0.8699756874051693
810838,0.03161989194631562
810839,0.8898371957262392
810840,0.46753542059694875
810841,0.9994473944212297
810842,0.998646748598266
810843,0.8477350992773669
810844,0.9920514528465093
810845,0.9996798418792162
810846,0.5901327689854565
810847,0.02907211971188018
810848,0.037731651583198716
810849,0.7018277278982237
810850,0.9995669306903017
810851,0.5750272201682599
810852,0.9169932900858757
810853,0.07528446046898134
810854,0.84770183667554
810855,0.9992303557388148
810856,0.9993858212198325
810857,0.20991875292513051
810858,0.3096752086390306
810859,0.999703983448679
810860,0.9959739592564076
810861,0.9224094153028309
810862,0.9997223622272335
810863,0.9890621445016006
810864,0.9998450396757401
810865,0.9999040786349207
810866,0.4047863023582582
810867,0.9984216875313118
810868,0.6879423917130252
810869,0.07168254347465125
810870,0.8029337147800311
810871,0.6742842197532046
810872,0.11076621556971145
810873,0.9998796832046364
810874,0.025529430730057822
810875,0.7944070492786415
810876,0.9996858739819967
810877,0.9972359906439131
810878,0.9791660953046741
810879,0.9985440495183262
810880,0.9999831337132702
810881,0.9998203929104637
810882,0.9999740962004118
810883,0.5876544067275488
810884,0.016591955881135247
810885,0.4325081916988971
810886,0.35546207304700306
810887,0.9151196652899989
810888,0.9895879113276153
810889,0.44208043905206285
810890,0.9993265803507705
810891,0.3522491763974399
810892,0.9994074440646119
810893,0.8121512956570386
810894,0.9384713156530055
810895,0.9997730088074106
810896,0.998735028402651
810897,0.999765047326366
810898,0.34732661963608863
810899,0.3672848421373585
810900,0.09682894409576791
810901,0.019624798250349754
810902,0.9800839870377657
810903,0.7623685259784265
810904,0.9998769245893637
810905,0.9998932359055183
810906,0.916749327698203
810907,0.9999825806336763
810908,0.9953194021741494
810909,0.9994249908486519
810910,0.9996254133116833
810911,0.999385607753162
810912,0.04507031438753835
810913,0.5854826972965569
810914,0.30069768064890334
810915,0.9940783035849274
810916,0.02563254217912804
810917,0.19553040923661666
810918,0.9999066834631345
810919,0.9999350707463275
810920,0.9857682884562591
810921,0.8896702354681351
810922,0.9960203833861159
810923,0.1727850867761328
810924,0.9171543748348232
810925,0.13525714779855585
810926,0.9998369353812873
810927,0.04948049129697943
810928,0.9999354767374883
810929,0.9136360120600925
810930,0.2674763881047371
810931,0.9998866018365776
810932,0.952409022263633
810933,0.03836568803298855
810934,0.24206994925371625
810935,0.9821156578322354
810936,0.9912018034447221
810937,0.9858021030470748
810938,0.041981662722911185
810939,0.11941874161128065
810940,0.9999661640664481
810941,0.9985175914382761
810942,0.21641808206038377
810943,0.01745335248646089
810944,0.9872283873570816
810945,0.8112891385924491
810946,0.009579040371439152
810947,0.9996532320834973
810948,0.975312583444186
810949,0.9946542084847436
810950,0.049718195047305715
810951,0.014642203926960983
810952,0.8779707297698462
810953,0.9525606750821999
810954,0.970233305755402
810955,0.9962169552883955
810956,0.8597803541280393
810957,0.8262852037396916
810958,0.5138296194712215
810959,0.1759096349747133
810960,0.999413396590124
810961,0.9994329907385198
810962,0.3041148708556465
810963,0.618098975477899
810964,0.9963066003397596
810965,0.5425931426159238
810966,0.999570900492978
810967,0.024376542180544355
810968,0.4890781540346367
810969,0.9999721714144493
810970,0.9682333564654001
810971,0.9995533538000596
810972,0.999814033668641
810973,0.023917334110562957
810974,0.997766066057092
810975,0.9997753279791479
810976,0.9994818969718988
810977,0.9998181676313012
810978,0.33965611606393004
810979,0.9956525870334616
810980,0.5840376325800238
810981,0.6405440716410911
810982,0.9999887463226
810983,0.6422542471348355
810984,0.4288970844913785
810985,0.48021699142123003
810986,0.9991889581200897
810987,0.8005379329395942
810988,0.8966386757985647
810989,0.9983918220027577
810990,0.059552797496297515
810991,0.9997059977903933
810992,0.598859367878713
810993,0.8684779938155903
810994,0.8414613772623379
810995,0.07852424855264468
810996,0.9939439705645962
810997,0.995542055038799
810998,0.9986975819300943
810999,0.054968802458638444
811000,0.9998686886855462
811001,0.6195827102806974
811002,0.9996248963080048
811003,0.7863603294337109
811004,0.6589365191355538
811005,0.9956067969547107
811006,0.998937630604784
811007,0.9799426343435426
811008,0.9997190675969718
811009,0.9538016412122875
811010,0.716526200868175
811011,0.941855569015942
811012,0.6887187599354972
811013,0.9972434890357003
811014,0.26257253179179296
811015,0.9222300988342736
811016,0.9993307405796754
811017,0.6890887238163244
811018,0.999695546926564
811019,0.19224891009587636
811020,0.6649128425971884
811021,0.016803248632609888
811022,0.9875307261641968
811023,0.9999665493080032
811024,0.32434335697529615
811025,0.9798533998692804
811026,0.26601209694868516
811027,0.9938678745017475
811028,0.9947249584615971
811029,0.9994469888986346
811030,0.8871790002162037
811031,0.0431688852075028
811032,0.8638076671635452
811033,0.9903332849371536
811034,0.9862145080043607
811035,0.9998070534427723
811036,0.3247917163413253
811037,0.9952007901811127
811038,0.4635908519525616
811039,0.9999373445280751
811040,0.08132352331803641
811041,0.9998458954382399
811042,0.38114510977382765
811043,0.996359602022491
811044,0.08447917529976708
811045,0.03405356782157187
811046,0.895751088531574
811047,0.8331827878891085
811048,0.9987631436319364
811049,0.9995977714235167
811050,0.9998216109045218
811051,0.991033517608195
811052,0.7734316876266627
811053,0.9998922334345085
811054,0.4883697192945059
811055,0.9979427778654805
811056,0.04412238967148878
811057,0.7525127632957829
811058,0.9998232299406897
811059,0.8085073184666557
811060,0.056849158910905626
811061,0.29321221497329386
811062,0.9996573949351386
811063,0.9986061805554621
811064,0.005426057399828708
811065,0.19976576104229654
811066,0.9911762849732071
811067,0.29920730547698116
811068,0.9710887243738705
811069,0.983838887593653
811070,0.9263598648222822
811071,0.9882770776110725
811072,0.7397224429430235
811073,0.9436159872769132
811074,0.9468403659006244
811075,0.014555752869909663
811076,0.8267103417557028
811077,0.9998318969073199
811078,0.6696230596353953
811079,0.5119311173735759
811080,0.9990391730446984
811081,0.6670203299565427
811082,0.03864326450638092
811083,0.1567460555083339
811084,0.9993685526355118
811085,0.9814823442379508
811086,0.5823437917081393
811087,0.42028921209260145
811088,0.2737916494445898
811089,0.8825685838237421
811090,0.07168198355302409
811091,0.530791791937165
811092,0.9999948141222723
811093,0.9990831761511556
811094,0.3666226355370996
811095,0.9995259202525416
811096,0.9951032558160999
811097,0.6134910756521285
811098,0.9248704119126169
811099,0.9995557081292067
811100,0.9997968994216522
811101,0.35596345948069846
811102,0.3913965417044107
811103,0.9937967430804595
811104,0.292637051223868
811105,0.9994370080623671
811106,0.011516834403564814
811107,0.007456925197133285
811108,0.9695984853539961
811109,0.9757551719786501
811110,0.996250000327165
811111,0.9999762559562989
811112,0.9980637258940304
811113,0.999469256488035
811114,0.02605751011116079
811115,0.13268801081866383
811116,0.9999317269693215
811117,0.9998878859612493
811118,0.9990469223619376
811119,0.9997078504052301
811120,0.014414861153882946
811121,0.995530549937204
811122,0.7023111262176029
811123,0.8061577998248209
811124,0.9887334333805828
811125,0.016268749119939856
811126,0.8356091840453534
811127,0.9803406151300167
811128,0.9998553241239244
811129,0.9082614590148378
811130,0.9994281722462282
811131,0.9998134092365837
811132,0.9828461123905328
811133,0.004519916135849545
811134,0.721625742237044
811135,0.9807557775650333
811136,0.8984305203448691
811137,0.45933516984957623
811138,0.2037584630976294
811139,0.9998788082682095
811140,0.9995821131585636
811141,0.9999214695398505
811142,0.9998556549663788
811143,0.9808406324516337
811144,0.2811188345254245
811145,0.9994524602233693
811146,0.9985420384259482
811147,0.9122331261329372
811148,0.659404341262953
811149,0.9963053931777685
811150,0.8656688209418152
811151,0.8715834011406993
811152,0.9984262652490214
811153,0.997415921744149
811154,0.992205706589169
811155,0.9997087061318994
811156,0.6822224580783005
811157,0.9997863175277995
811158,0.9995051580416703
811159,0.998138321469964
811160,0.7734439954213415
811161,0.8265163952575734
811162,0.9984005807729693
811163,0.06740587005695624
811164,0.9994234903310328
811165,0.9977594038324902
811166,0.9998884555198435
811167,0.9998307308842145
811168,0.7550206425411092
811169,0.028883129099955888
811170,0.9932444697090284
811171,0.03879888424162101
811172,0.9988677043782881
811173,0.9999419100246545
811174,0.8150997061965375
811175,0.337920704658673
811176,0.9435015543660588
811177,0.12253763105929555
811178,0.9981844964190719
811179,0.992018389756294
811180,0.9847554435002464
811181,0.0743064134893445
811182,0.2601435612868874
811183,0.9350330142878994
811184,0.9774141461629482
811185,0.11856993954580047
811186,0.14843350748457712
811187,0.9996010505192341
811188,0.9998243359914617
811189,0.9999797881058812
811190,0.762674521463522
811191,0.09130344351015776
811192,0.28746767006684765
811193,0.4448699609675837
811194,0.9858678343184624
811195,0.9996514250873826
811196,0.28831573084961887
811197,0.880424733653496
811198,0.23230577650248818
811199,0.9871865484250163
811200,0.9948211537375988
811201,0.0060533340576778925
811202,0.8964314298645669
811203,0.3931703614221041
811204,0.7788352471994643
811205,0.999983227783134
811206,0.03690621271115267
811207,0.9992192123180496
811208,0.9920513612886575
811209,0.559339253370563
811210,0.9327771606439932
811211,0.9275030014578391
811212,0.9998649083071625
811213,0.00777076060942127
811214,0.9987097550827562
811215,0.9996685772103917
811216,0.9999654650163823
811217,0.7187721253094042
811218,0.9995280864422647
811219,0.5091216900088096
811220,0.9995175987078575
811221,0.11192073992095417
811222,0.9991432415207215
811223,0.989207728281567
811224,0.9997923792056196
811225,0.9993004104390859
811226,0.7743616585974319
811227,0.5384928495306777
811228,0.6592585137799167
811229,0.9991238145999319
811230,0.5748138927719209
811231,0.03554155923405687
811232,0.8628216337208311
811233,0.8141998921125899
811234,0.9931217199415492
811235,0.9996381579199596
811236,0.9996225758188462
811237,0.8993826795588713
811238,0.9989648882623645
811239,0.9997544475864484
811240,0.3030838886655416
811241,0.032750588564768215
811242,0.9497651003247612
811243,0.5077722829910508
811244,0.5104623734853551
811245,0.6415681467198756
811246,0.005388609203259897
811247,0.19557271995604575
811248,0.7832567512579397
811249,0.17276870874999056
811250,0.9653711171508278
811251,0.9965787118403652
811252,0.871281858911948
811253,0.9997914469964165
811254,0.9996343269500039
811255,0.8809165372383658
811256,0.8557285603240763
811257,0.853318460852873
811258,0.9998582687342379
811259,0.9760339898661317
811260,0.048055989625437646
811261,0.894810519680753
811262,0.26132101493159887
811263,0.9991230110806013
811264,0.13766162711551247
811265,0.984204686470846
811266,0.9981888880983313
811267,0.18680395454203125
811268,0.5676545507897427
811269,0.982492398397691
811270,0.9921384814347395
811271,0.949178075227175
811272,0.9635195099100631
811273,0.24233226861210438
811274,0.8369434012095562
811275,0.6571150205468517
811276,0.5381794940724958
811277,0.9925423827150288
811278,0.9995667433706499
811279,0.9994545172368574
811280,0.6728877101734799
811281,0.8152579238535034
811282,0.42341437130746373
811283,0.9973338684664996
811284,0.15464026988835858
811285,0.9947503999762422
811286,0.9999319615150342
811287,0.04749835741178257
811288,0.16758107868315836
811289,0.14153840871098308
811290,0.9946733666246497
811291,0.8373460361920999
811292,0.07575454882223912
811293,0.009870182403641545
811294,0.9987621931355108
811295,0.9995378341260563
811296,0.4875367899765396
811297,0.9930610674144854
811298,0.3626779162729549
811299,0.999889068586881
811300,0.08147502665741868
811301,0.9393666971475828
811302,0.22686843543379837
811303,0.9962849126425142
811304,0.9996400285095584
811305,0.9291997071558695
811306,0.16744345429201726
811307,0.9932523201334773
811308,0.9927147203667104
811309,0.045404881586271074
811310,0.9999373868007992
811311,0.0600280173086027
811312,0.6445820254509936
811313,0.015501845673972444
811314,0.9997431932712233
811315,0.9961151778952244
811316,0.9996417924043368
811317,0.6037695891831235
811318,0.9270311833949739
811319,0.9993746348913102
811320,0.9964195837408392
811321,0.09725858309406374
811322,0.07511641598957434
811323,0.9999467757984916
811324,0.35939612601480686
811325,0.11729971212912967
811326,0.9987638333231823
811327,0.6480678771069542
811328,0.8887066214095594
811329,0.6437577628188254
811330,0.9999026355996997
811331,0.9992471764879676
811332,0.9998970461590851
811333,0.6152217590274115
811334,0.9915740783710125
811335,0.7934521034452857
811336,0.9997581835951419
811337,0.9996919729372782
811338,0.10265876036106725
811339,0.3679659913417259
811340,0.042712141497930664
811341,0.937024548813028
811342,0.9992833180022159
811343,0.9997687821035187
811344,0.9933511153549563
811345,0.2389537587006224
811346,0.9988962419421374
811347,0.9348348344419357
811348,0.8750128836912594
811349,0.9781095798177255
811350,0.9982838341449214
811351,0.9969298126209603
811352,0.9978260612095482
811353,0.9993644813065573
811354,0.543835379157043
811355,0.3508686530821643
811356,0.9994068748619285
811357,0.024497160612760267
811358,0.9991378711893794
811359,0.9999371093186137
811360,0.03551807704038077
811361,0.9964413088789403
811362,0.7242201196098703
811363,0.9992173852507282
811364,0.2765240969187633
811365,0.9131623802104195
811366,0.9999559163475151
811367,0.7769447142381605
811368,0.007112769668215679
811369,0.5268984500283111
811370,0.17991504035570283
811371,0.016851722319220445
811372,0.27384356797329723
811373,0.025784607572631547
811374,0.8850002465445129
811375,0.5067457536780666
811376,0.9999819304137575
811377,0.9998458918362421
811378,0.5693982353193939
811379,0.0657660511241011
811380,0.9858996150623048
811381,0.038756387710600686
811382,0.9877745548002419
811383,0.4228553179752553
811384,0.9999085427540859
811385,0.9360176419148887
811386,0.9983968226023128
811387,0.187486275346471
811388,0.8752576605947866
811389,0.16834350716258578
811390,0.9996124913871077
811391,0.9980203469278179
811392,0.999800415479396
811393,0.9991270950539861
811394,0.9982488849997616
811395,0.9949546666639717
811396,0.022496853822910383
811397,0.9385753289197323
811398,0.29544858611257097
811399,0.999902458194973
811400,0.06315797311272942
811401,0.8928752695496096
811402,0.9543681785418119
811403,0.3786549372630974
811404,0.9832065433957781
811405,0.9997909159131388
811406,0.9988603632354328
811407,0.9968913297085349
811408,0.10113066790490438
811409,0.938466777885689
811410,0.9996890702191527
811411,0.33317560529524975
811412,0.9999498890867768
811413,0.9928343372050735
811414,0.9953222501379072
811415,0.7999128613452412
811416,0.25091270674573335
811417,0.7573306546728722
811418,0.09401839283920393
811419,0.9607123980927351
811420,0.995591565186374
811421,0.019028360620326153
811422,0.99965381047938
811423,0.8736596143229206
811424,0.03162259039540426
811425,0.9992351131698649
811426,0.9207902691028237
811427,0.9998422164281648
811428,0.7762034008045705
811429,0.9973044398536565
811430,0.014791256735006109
811431,0.0028595620064138646
811432,0.999792109183322
811433,0.8074237318024656
811434,0.6105316623193121
811435,0.9677650353738825
811436,0.3076951874132912
811437,0.6552680811972783
811438,0.6086524559585976
811439,0.918345296944516
811440,0.9998122523785179
811441,0.9997955287699269
811442,0.0716685287251227
811443,0.9991541163470725
811444,0.9999266985939897
811445,0.9984994828326244
811446,0.0453487567793391
811447,0.007968068310580488
811448,0.46121284667755896
811449,0.9440490639582136
811450,0.07155493109409769
811451,0.9999667992124094
811452,0.008695409294297778
811453,0.5573733001244395
811454,0.9997860872190005
811455,0.9983997860021111
811456,0.9961604998144015
811457,0.9846089007506239
811458,0.9995832503257216
811459,0.6806882791400282
811460,0.7426570103151702
811461,0.2979103299417538
811462,0.7120788247934671
811463,0.9995584584916615
811464,0.9985070937128895
811465,0.9956428491933874
811466,0.9967391435333637
811467,0.27249359207225
811468,0.1996182344391263
811469,0.950386685657409
811470,0.999915432737128
811471,0.9998031554870046
811472,0.999542175799655
811473,0.7888020849636364
811474,0.9918275024226049
811475,0.9918716151534636
811476,0.9776694168592628
811477,0.984921677463298
811478,0.3215693365412446
811479,0.9880436723969988
811480,0.2619333648446971
811481,0.02495590308487843
811482,0.591258224430876
811483,0.7823948344052103
811484,0.9867199499081178
811485,0.9996601580175053
811486,0.9993096226742115
811487,0.6589135780093323
811488,0.20915422321107374
811489,0.9659993586930942
811490,0.970498378133775
811491,0.9965224517652677
811492,0.2602300786366671
811493,0.9425719991405463
811494,0.9999629859660868
811495,0.8835550703665753
811496,0.999943822226504
811497,0.7481017669433802
811498,0.3813323264654492
811499,0.9918875147152423
811500,0.6312971340348184
811501,0.9997082664442676
811502,0.02733212730110486
811503,0.9901816249440902
811504,0.9999321731606743
811505,0.5239915762267062
811506,0.9748403659433726
811507,0.008538858728115124
811508,0.3502300563952345
811509,0.01802905980593866
811510,0.999962552994615
811511,0.9999605080315533
811512,0.014683736752766886
811513,0.3727451820772304
811514,0.38958803309812773
811515,0.2367668235319094
811516,0.2377018495130562
811517,0.983017791314517
811518,0.999781187404373
811519,0.9944606392016075
811520,0.9982686383240338
811521,0.9163713069072033
811522,0.16358500267902704
811523,0.9950271105662901
811524,0.9999138191325339
811525,0.9206900080575894
811526,0.6000084000566259
811527,0.9975354607815846
811528,0.9999477754692001
811529,0.626212198657643
811530,0.9996918935915688
811531,0.9998546479796852
811532,0.9994340562798671
811533,0.5940274779647131
811534,0.9994361798247876
811535,0.9605021465541319
811536,0.9994119491192553
811537,0.845663740015486
811538,0.7183067140046362
811539,0.012761858169421889
811540,0.9368606482064613
811541,0.8873982829350165
811542,0.9996289132248024
811543,0.29695054604005966
811544,0.9994227097971278
811545,0.00348594297185399
811546,0.3954116258482624
811547,0.9999157432644578
811548,0.7617425695059304
811549,0.887355924528179
811550,0.9973642377395442
811551,0.9993561956289997
811552,0.9661122383225775
811553,0.9948453892463839
811554,0.9994227970496511
811555,0.9974155121790549
811556,0.9956415459957781
811557,0.9997302116464446
811558,0.9875249740151928
811559,0.9977575475481659
811560,0.7693133079034166
811561,0.5817968615258237
811562,0.8600663045016601
811563,0.06589177775921089
811564,0.1643229681599983
811565,0.148239354353128
811566,0.9998473099031389
811567,0.9953731300065409
811568,0.6974597402857717
811569,0.9988757467418371
811570,0.9382257934478719
811571,0.89807984453266
811572,0.9999500568131243
811573,0.9988734088810445
811574,0.5839302549608293
811575,0.41917934967939324
811576,0.999835761253871
811577,0.019082413209379537
811578,0.9991226711320387
811579,0.9875364207287978
811580,0.9999760561358348
811581,0.0013125593967862168
811582,0.9929466096999784
811583,0.32160603440473917
811584,0.9866771908219314
811585,0.9996546760142788
811586,0.8113335284496779
811587,0.9976286725299022
811588,0.9761122413954308
811589,0.268070734778487
811590,0.9995394121485253
811591,0.6587009765049892
811592,0.9971444591237062
811593,0.9994998218460839
811594,0.9926872808671467
811595,0.9993847947136636
811596,0.9670070432766964
811597,0.8177438401204818
811598,0.5896708291881975
811599,0.9998650831959519
811600,0.9984485612176089
811601,0.9999081991132464
811602,0.5986074758560782
811603,0.9996508384539401
811604,0.5121653939906811
811605,0.5067139960790116
811606,0.9284756086559871
811607,0.9992626203769185
811608,0.9995269235276573
811609,0.06323477419437644
811610,0.32117069782584984
811611,0.8380868453335331
811612,0.9852960022488829
811613,0.17881651273399238
811614,0.763749757984311
811615,0.6411868637064082
811616,0.9727242087441008
811617,0.5652426378008587
811618,0.9887972242268216
811619,0.9952260107802955
811620,0.04625737402489424
811621,0.9821585818661619
811622,0.06499089395464554
811623,0.998758465106304
811624,0.9995874527063556
811625,0.9647607169758663
811626,0.9551456008107704
811627,0.6096872047854565
811628,0.9937398590568354
811629,0.7809720468070619
811630,0.8714067927357334
811631,0.9998815421670096
811632,0.9027411283832992
811633,0.9897748591356796
811634,0.9997164621566356
811635,0.2100647584907711
811636,0.16954015165993536
811637,0.9879028765358058
811638,0.7228258312393073
811639,0.019729529698621233
811640,0.8780677843998872
811641,0.9996905565911516
811642,0.03291517492109916
811643,0.9600923178909244
811644,0.9987515261595205
811645,0.014112854467390058
811646,0.9998269540909304
811647,0.9968974240011835
811648,0.29428332220809966
811649,0.9335905738541048
811650,0.11149374740362628
811651,0.9999828606433476
811652,0.9696158757348552
811653,0.6412893953638559
811654,0.9998646540073386
811655,0.9997550971514877
811656,0.49583729652367803
811657,0.6435689833910543
811658,0.25460120041758666
811659,0.4166087753029506
811660,0.6783685593119466
811661,0.8710942751083517
811662,0.07454476964710095
811663,0.7286072961550534
811664,0.0027293885575475365
811665,0.9636400015392617
811666,0.9982424989134853
811667,0.9787625251728965
811668,0.9960071024250889
811669,0.3723119689229518
811670,0.2866863659184229
811671,0.9940808141350524
811672,0.9995584312381509
811673,0.1410169560149929
811674,0.8736855530464124
811675,0.9027279513683119
811676,0.9999397365545436
811677,0.9998709043959866
811678,0.288803681984395
811679,0.9962552252810749
811680,0.5012530504313809
811681,0.008187496100876202
811682,0.04950044011549791
811683,0.009410824032430452
811684,0.8598922052970435
811685,0.9993237894769386
811686,0.9452636794499746
811687,0.22573905529178312
811688,0.16317958496988913
811689,0.9973270365860161
811690,0.7913794566915565
811691,0.9870674439277249
811692,0.9801975660095537
811693,0.677424672637466
811694,0.06347939536993501
811695,0.9998265105355588
811696,0.9996377666610938
811697,0.9940742680969774
811698,0.03515159111152652
811699,0.7119256194215313
811700,0.9997543791577662
811701,0.24972869632590777
811702,0.9917642204575345
811703,0.9997062684683153
811704,0.9344429501006992
811705,0.7308414472701462
811706,0.9991564797786574
811707,0.4119824537500377
811708,0.30092546509632845
811709,0.9994547066505797
811710,0.20763095090211448
811711,0.6765543544606416
811712,0.3788582352717538
811713,0.9997901891858052
811714,0.9917805619702191
811715,0.6401692982742877
811716,0.9976277586841396
811717,0.9957365566324299
811718,0.00399577151969337
811719,0.9861582746477431
811720,0.9415390591254127
811721,0.9957391532811336
811722,0.19252536268229953
811723,0.4398922052821891
811724,0.9915990384306248
811725,0.9999781865553004
811726,0.9376072741499307
811727,0.9952200039375465
811728,0.9997643893364487
811729,0.6942039117516909
811730,0.14364360277561786
811731,0.9999445401117644
811732,0.4525296772605925
811733,0.9168395490926171
811734,0.9919637610285854
811735,0.9936413768610348
811736,0.9678632923889208
811737,0.9998844113483418
811738,0.43471142473423163
811739,0.9957825209902277
811740,0.9988338087085635
811741,0.39364079487522063
811742,0.039810345907828226
811743,0.29912124086280933
811744,0.22308502529303162
811745,0.9878211370770054
811746,0.9994054268780941
811747,0.34621039388538544
811748,0.9995645991282203
811749,0.04729109266071656
811750,0.9997575844307711
811751,0.9913867445132915
811752,0.15440320792856002
811753,0.996947225128673
811754,0.06840396900344038
811755,0.9854977938426509
811756,0.025155925379529057
811757,0.9988857229710999
811758,0.9999159712751314
811759,0.783389058901722
811760,0.9984694358418377
811761,0.5489480686468209
811762,0.9995105905027039
811763,0.7251333047866502
811764,0.9509103664327416
811765,0.007853609895829727
811766,0.9999462079294721
811767,0.9980242032487154
811768,0.8850278137730407
811769,0.999614952316221
811770,0.9976786117771643
811771,0.9994484206618475
811772,0.9785793204758135
811773,0.1497007999342369
811774,0.151261170717296
811775,0.04903243858017791
811776,0.0035231530565295994
811777,0.998245967461439
811778,0.8978729174020011
811779,0.9993076715545639
811780,0.6253177163196166
811781,0.5319843634962238
811782,0.17891303606119002
811783,0.9997968050011697
811784,0.010946195927982879
811785,0.9989540864554123
811786,0.9997714307897523
811787,0.6556852739691041
811788,0.9999586149534274
811789,0.9945931205057299
811790,0.987367321433477
811791,0.12630368794114166
811792,0.999004543653824
811793,0.9987464627389269
811794,0.9432192819376638
811795,0.9993347250201396
811796,0.238720386209001
811797,0.3107896698845049
811798,0.9051242555184976
811799,0.9968557445540072
811800,0.8606102196737648
811801,0.9999490993735635
811802,0.9454810398549317
811803,0.9428827798518664
811804,0.999811987841765
811805,0.035811154056758
811806,0.9947212655176023
811807,0.8720418503815669
811808,0.9979829738973023
811809,0.0146627416988458
811810,0.43055127146916966
811811,0.6316945908656796
811812,0.4939134732267957
811813,0.9957543836527729
811814,0.15559156267262783
811815,0.9968944852203045
811816,0.7276598041723452
811817,0.9878878239248903
811818,0.5153884116784422
811819,0.20571385269048137
811820,0.4366781002962833
811821,0.8009870856797341
811822,0.9850033924715076
811823,0.041479883836633064
811824,0.9875985957602613
811825,0.9937056448871909
811826,0.022862061084842032
811827,0.12494407136899746
811828,0.6618704371766286
811829,0.9999426994063922
811830,0.05244852467732484
811831,0.9895673957692828
811832,0.9053838906972621
811833,0.9999776139489749
811834,0.999995468907287
811835,0.029403001969805984
811836,0.29083799260005855
811837,0.11913404210413173
811838,0.09574724840642221
811839,0.016414961443747586
811840,0.9711334481108063
811841,0.9511457825575407
811842,0.9986005037103117
811843,0.9982426893629215
811844,0.5462639269631764
811845,0.29543942384848965
811846,0.9995602303976638
811847,0.7254992075168946
811848,0.5123736192240808
811849,0.8537736821256279
811850,0.050524450105006134
811851,0.999934501122512
811852,0.9998136361221289
811853,0.01457932361574392
811854,0.24421953132851984
811855,0.9995944154803461
811856,0.684444453721499
811857,0.5267727987527927
811858,0.9997726052947743
811859,0.045571356923953255
811860,0.39215549175608694
811861,0.3988316433666699
811862,0.8982018315054865
811863,0.9905797056384558
811864,0.9995439341684291
811865,0.33689822863063645
811866,0.9997661817664072
811867,0.7222223389705182
811868,0.9885975131367947
811869,0.9999532802471587
811870,0.9963124548146081
811871,0.9996674762215322
811872,0.9988478566363356
811873,0.6524667216923915
811874,0.6543024277588152
811875,0.9587538607545982
811876,0.9996107786629171
811877,0.5763709585154317
811878,0.002052797774223437
811879,0.5989907389969533
811880,0.9990537720552332
811881,0.039040106442032874
811882,0.9979647751749472
811883,0.5176793762797346
811884,0.18362770705375975
811885,0.589940712792866
811886,0.7138568280491661
811887,0.9997026839258553
811888,0.9995836775326032
811889,0.07420156130956695
811890,0.9998855963781696
811891,0.2875634515963792
811892,0.9884313676792129
811893,0.7108274817578999
811894,0.42478379563901014
811895,0.9993429318668574
811896,0.9894220009631981
811897,0.9930077163117257
811898,0.44499086735953
811899,0.9978993371335464
811900,0.9996772090173635
811901,0.2694947557347772
811902,0.9651709759463656
811903,0.9989397149122161
811904,0.9998160045822153
811905,0.9978275007117535
811906,0.04165664779316769
811907,0.911475525269823
811908,0.13725366220608928
811909,0.999901218385995
811910,0.1269366594079613
811911,0.9778875049715255
811912,0.9991320058879067
811913,0.9999347277476175
811914,0.7809748637683391
811915,0.9998511308692516
811916,0.9948740243544084
811917,0.9987325779176157
811918,0.776836086926783
811919,0.9999930126169334
811920,0.8789954354971812
811921,0.9999833987646991
811922,0.49424923906674967
811923,0.5532483145422593
811924,0.0493820307533202
811925,0.9997204759570797
811926,0.8813198844858409
811927,0.9975769368952639
811928,0.9987541953138209
811929,0.9999835654699479
811930,0.031003327136504805
811931,0.999886596355739
811932,0.01661946890807725
811933,0.8826976101031317
811934,0.9998051784649861
811935,0.9641220442065424
811936,0.999720362790059
811937,0.9959748857907316
811938,0.8274059633146414
811939,0.9997890084619939
811940,0.07264245305054594
811941,0.2532160427265126
811942,0.6123945761645259
811943,0.2895806874601772
811944,0.6355343769300399
811945,0.5243545832802405
811946,0.011315098455504248
811947,0.26491345118786147
811948,0.9997333729337446
811949,0.9594274456749301
811950,0.9997440954300552
811951,0.10859525178353864
811952,0.667454815513828
811953,0.9999808524191623
811954,0.9463676543182625
811955,0.7774676670531895
811956,0.31875683206009353
811957,0.9994859529980238
811958,0.8336202850566163
811959,0.9999817634268021
811960,0.9991864404194246
811961,0.003750203087434432
811962,0.9996328285351056
811963,0.9987485442034689
811964,0.9947698630700751
811965,0.9997932481653169
811966,0.9861730425784199
811967,0.9998522150985625
811968,0.17311307787755137
811969,0.9997415857544265
811970,0.7774124274881679
811971,0.09219662839818452
811972,0.699721361122009
811973,0.9954814562288561
811974,0.827545631233768
811975,0.9962830820713927
811976,0.8751050155781481
811977,0.6395493723247376
811978,0.999969743359824
811979,0.09173973238505993
811980,0.9992060802380078
811981,0.9982637405355782
811982,0.6922458628960082
811983,0.005793321920199512
811984,0.9998008344781377
811985,0.9993318260895598
811986,0.9915068985933033
811987,0.998639297161799
811988,0.9905688536399804
811989,0.6023314152787762
811990,0.9526863141674393
811991,0.9999743658665844
811992,0.9992376862987802
811993,0.009892573522277993
811994,0.9982215892535069
811995,0.9962283672523942
811996,0.8039720842111027
811997,0.9432325400483905
811998,0.9991155643461797
811999,0.9999036984787391
812000,0.7984821047441
812001,0.2854507209990562
812002,0.9982198063226726
812003,0.8414891202347101
812004,0.9803409180755425
812005,0.9999536058481345
812006,0.6021147085475635
812007,0.8570944856543697
812008,0.9916973672732479
812009,0.07444361733969965
812010,0.9999815598540918
812011,0.07654744645696518
812012,0.992701147433225
812013,0.9999840463811382
812014,0.1185945144436092
812015,0.990508464285093
812016,0.9998436012778743
812017,0.9956338566134385
812018,0.9778471770297055
812019,0.9605061073696987
812020,0.9848145750002198
812021,0.9406729542378327
812022,0.016429437704741392
812023,0.9999291089387571
812024,0.9991540429756792
812025,0.1323766214007658
812026,0.6318522087957993
812027,0.43715373491822357
812028,0.9978790098172119
812029,0.9992703389437386
812030,0.9946797602414862
812031,0.9712128613553614
812032,0.9958531239689019
812033,0.9993482324947031
812034,0.9437529312724497
812035,0.9933262788388255
812036,0.725428061737629
812037,0.997785301942715
812038,0.40304162724874054
812039,0.9945736766945161
812040,0.9972793104430429
812041,0.9903263286543924
812042,0.995574861918964
812043,0.2845224511440547
812044,0.9986085842403856
812045,0.9413560903741658
812046,0.02445064980988263
812047,0.9999791999276575
812048,0.5628084608424226
812049,0.9515364418894161
812050,0.9965753341849992
812051,0.3528790195554707
812052,0.9905294913646823
812053,0.9999258734570307
812054,0.023203683657398437
812055,0.04109963483509708
812056,0.9999867343755823
812057,0.9132336400632095
812058,0.40164404343124727
812059,0.06610434328201396
812060,0.9999881576779197
812061,0.02680846516712175
812062,0.3059357570790696
812063,0.8608601547636822
812064,0.8875660988182199
812065,0.9355387667036901
812066,0.7343783277018322
812067,0.8969792431951944
812068,0.10943796131879684
812069,0.9912520112454457
812070,0.7281029777103658
812071,0.9337632432189713
812072,0.8504750944348696
812073,0.8806076408001522
812074,0.8639951911867098
812075,0.9407996484181541
812076,0.9999352432319593
812077,0.9885723726638209
812078,0.9250478886836976
812079,0.9993162431870973
812080,0.5005164296069063
812081,0.9991523641085808
812082,0.9983981814450325
812083,0.9992733233414294
812084,0.8649821770089455
812085,0.934686233262064
812086,0.5701093501815391
812087,0.21037537195418032
812088,0.7832647763806506
812089,0.9458077173621989
812090,0.2832992427515189
812091,0.9997232241763709
812092,0.006469685817832147
812093,0.999833254000743
812094,0.6195674597068157
812095,0.4419752315439773
812096,0.2978473919829258
812097,0.999452993691501
812098,0.999829691085542
812099,0.21315557059693457
812100,0.9999214531056984
812101,0.2089797905336903
812102,0.807649134857995
812103,0.7788820957584658
812104,0.041244473176084005
812105,0.9994865385848992
812106,0.9773855744089845
812107,0.9988641679340564
812108,0.02488323124884848
812109,0.9999451235608081
812110,0.9988264483018827
812111,0.0470587940017953
812112,0.015906184381022377
812113,0.05933817352799341
812114,0.2231427027883092
812115,0.6201891829894335
812116,0.99985522837621
812117,0.9481019197866258
812118,0.40935225979184464
812119,0.9788740008658862
812120,0.48676236421176233
812121,0.9997852769532304
812122,0.9997748929522261
812123,0.9096414176124964
812124,0.9859456638982749
812125,0.9998333433627804
812126,0.24880479304903724
812127,0.8839134748541099
812128,0.2603603866498992
812129,0.9991474971463205
812130,0.29541807546354093
812131,0.9908577904988101
812132,0.9686992949045532
812133,0.7439192422134762
812134,0.3032173491947901
812135,0.05931952258948056
812136,0.81681517175173
812137,0.5681071562555104
812138,0.1702833529222452
812139,0.9950685711235041
812140,0.8833874553365216
812141,0.6173355216195728
812142,0.9998586150172709
812143,0.11020275254358852
812144,0.9815998719600092
812145,0.5560967143422552
812146,0.9458706375670588
812147,0.8796751241018751
812148,0.8760541691664301
812149,0.7862807850955719
812150,0.9998876334666744
812151,0.7330365554486443
812152,0.9991564642711541
812153,0.9999667055412527
812154,0.9950205271552823
812155,0.9455282089628534
812156,0.027213262896617886
812157,0.9986189597318473
812158,0.8130866958245919
812159,0.9993224473455518
812160,0.9044580427239272
812161,0.999438320982418
812162,0.9804311336296161
812163,0.9011744289400265
812164,0.4064481147056083
812165,0.5782016112273419
812166,0.9983641001631269
812167,0.9984129042564245
812168,0.219874332446506
812169,0.3701293513756072
812170,0.7926951512031226
812171,0.16165557175451914
812172,0.4070448763514109
812173,0.9689083080662118
812174,0.24407897695299074
812175,0.5954942531937014
812176,0.9999529626212955
812177,0.9967731088587404
812178,0.07423750142515553
812179,0.7701985516552479
812180,0.9984075991889634
812181,0.9557365323470464
812182,0.9992028583083166
812183,0.8926795954442485
812184,0.9462684973054021
812185,0.8846201369793031
812186,0.827526130181522
812187,0.08768486681151476
812188,0.7674403966076271
812189,0.04142606432781781
812190,0.6402454525134437
812191,0.999080818520037
812192,0.9999188861708537
812193,0.5508290725955174
812194,0.9998621279548688
812195,0.9943578774343464
812196,0.4073361962285878
812197,0.08358777865077548
812198,0.9986258671814416
812199,0.9990264898157737
812200,0.99969488295063
812201,0.9761934388688012
812202,0.9999703949153673
812203,0.9136471633639607
812204,0.7348321734655485
812205,0.999962073525504
812206,0.9946904616123913
812207,0.9900800205459354
812208,0.9933267216365551
812209,0.6310461084272689
812210,0.9997564003066153
812211,0.8471021884830228
812212,0.9971230778246938
812213,0.7725902072536022
812214,0.017707342545904895
812215,0.250943340357872
812216,0.9999798105188089
812217,0.9794828092883017
812218,0.050529768579443524
812219,0.9995520995266036
812220,0.9999117409110669
812221,0.999989013195598
812222,0.8427553357774445
812223,0.9996185812453575
812224,0.9981401219314365
812225,0.0497767456873498
812226,0.5276605408968444
812227,0.921986442248324
812228,0.13030676835879557
812229,0.9969395531562119
812230,0.002788690440829148
812231,0.7942428305819218
812232,0.9999904963404993
812233,0.7471187990406408
812234,0.9975530263083189
812235,0.9630020527403111
812236,0.6582298804762952
812237,0.9997638588062212
812238,0.9982788660547712
812239,0.9959007182788118
812240,0.8765839262591535
812241,0.999964885923024
812242,0.9999436298294269
812243,0.01940049170565486
812244,0.0017780966164297868
812245,0.8793231058150299
812246,0.7297482486617037
812247,0.5797989427854044
812248,0.7745819903283061
812249,0.7919124779471188
812250,0.11847176748141001
812251,0.9986385528233129
812252,0.9998489577380969
812253,0.9999262440100576
812254,0.16578465898775327
812255,0.9941904849706389
812256,0.9965527350503156
812257,0.9998585115050211
812258,0.9988909414688044
812259,0.9999652636364661
812260,0.8003676064756328
812261,0.9998068504859855
812262,0.6070667769870493
812263,0.9998053189486484
812264,0.08156845573231282
812265,0.5852742287709258
812266,0.9971654149998215
812267,0.1821632965469841
812268,0.2298619273326108
812269,0.9998307871687964
812270,0.07767924329109938
812271,0.5634178559170447
812272,0.18425679750880747
812273,0.0291554836487522
812274,0.9999074876846548
812275,0.9996722124762754
812276,0.9993294120456849
812277,0.12502524767153966
812278,0.9999407425360314
812279,0.09401556786505577
812280,0.03677684694505873
812281,0.15384496140956885
812282,0.9226762570343496
812283,0.9983985268859572
812284,0.9999439481514865
812285,0.22960889367434262
812286,0.8517970669460222
812287,0.9994327966335648
812288,0.19342939018704353
812289,0.9704597075426263
812290,0.7718305278550974
812291,0.9997273297667882
812292,0.9988957629291231
812293,0.999889954620276
812294,0.9993212261416576
812295,0.3858646523097835
812296,0.007231987879003384
812297,0.20297016000186555
812298,0.004488224161732252
812299,0.3969451042629185
812300,0.9410473625504094
812301,0.9997808421464878
812302,0.8431353225915923
812303,0.7548092812135225
812304,0.999972613109488
812305,0.020173161309899382
812306,0.9822565692515277
812307,0.9118362194381375
812308,0.10136616830236087
812309,0.0976954823009957
812310,0.9998125467652251
812311,0.19810892893304072
812312,0.9998467305611407
812313,0.29176684037312584
812314,0.9986292687288725
812315,0.20779786514364873
812316,0.9997907249666143
812317,0.9624139945822743
812318,0.9999657721512731
812319,0.9999932517572431
812320,0.9973903076377615
812321,0.9998520463426009
812322,0.9979622542396589
812323,0.009691714325374867
812324,0.07389016672255073
812325,0.9998297507474853
812326,0.5519233062133666
812327,0.9267509949127033
812328,0.8892251815785939
812329,0.9647853779796155
812330,0.0033884005536792116
812331,0.9987683015103189
812332,0.5410484046751933
812333,0.9998492178711093
812334,0.9984485107655237
812335,0.9998885567838078
812336,0.20375059139077967
812337,0.7243213051384382
812338,0.371799460359691
812339,0.9390567666209995
812340,0.9999009943403749
812341,0.9999343617043264
812342,0.9847731595042799
812343,0.8024502793467265
812344,0.024328820278627556
812345,0.9290761263838376
812346,0.9859849613911926
812347,0.9994004182802416
812348,0.9999692372889251
812349,0.4734428820362726
812350,0.86460665388284
812351,0.056604875233129515
812352,0.9999705884278929
812353,0.9964104276994368
812354,0.9202292896429985
812355,0.9975209166424379
812356,0.9614877176817659
812357,0.9996825590321464
812358,0.02813386607215899
812359,0.9942593913272743
812360,0.9931119722867641
812361,0.9705026387585958
812362,0.9999277911255189
812363,0.5888774220517268
812364,0.9771315344844507
812365,0.7969241455066695
812366,0.9998281990721336
812367,0.9991493513068737
812368,0.9941515190203918
812369,0.9972395606588904
812370,0.9976441877496542
812371,0.9956583960746248
812372,0.9752874871609352
812373,0.9945768808760576
812374,0.553414925677748
812375,0.9412340435634705
812376,0.9999559635195953
812377,0.9999330612376139
812378,0.9996719445971683
812379,0.8932654356631455
812380,0.04980713734452449
812381,0.9493592438480695
812382,0.999308021698514
812383,0.7538067983164451
812384,0.023789298720991607
812385,0.9999366400824976
812386,0.9977634882850636
812387,0.6188830816682759
812388,0.9954942017722975
812389,0.9999246304714786
812390,0.0947941107201545
812391,0.9994455462425347
812392,0.9957652748346253
812393,0.6196433257697693
812394,0.9846580116413908
812395,0.03763590116081736
812396,0.9996859481354089
812397,0.9237216090920424
812398,0.4837052593750296
812399,0.5604968781634331
812400,0.9832494568806703
812401,0.8935866268707713
812402,0.6115665635948041
812403,0.9993773902245571
812404,0.3823064870016633
812405,0.012324985027186592
812406,0.9999702309715502
812407,0.008107563970605167
812408,0.9510375857349698
812409,0.9999510211911073
812410,0.9998902062436501
812411,0.6060379781904852
812412,0.20353124827200153
812413,0.99996323865432
812414,0.009464812725788804
812415,0.4726002332023231
812416,0.9846873798734768
812417,0.9931407803493231
812418,0.9609878038296478
812419,0.8049275817204167
812420,0.9994936594712931
812421,0.9970763920101003
812422,0.9999300469141619
812423,0.9998690424286113
812424,0.016311746559069508
812425,0.9906005330126595
812426,0.985801208766703
812427,0.5877115836655263
812428,0.9962580906361734
812429,0.9998083069742026
812430,0.9949085340614272
812431,0.8490043239273175
812432,0.9589439547527935
812433,0.05352095240721702
812434,0.024175239966369232
812435,0.9996995718289003
812436,0.32713161130654866
812437,0.8235731863419667
812438,0.35157003439864754
812439,0.4983153115319705
812440,0.5769226067096704
812441,0.5234331309722435
812442,0.9352455150577974
812443,0.9993213647029673
812444,0.9997857470865767
812445,0.7566212098588581
812446,0.9999329848012425
812447,0.9999007029280208
812448,0.9936040173797106
812449,0.9987281461162655
812450,0.6162762237273613
812451,0.08337491290713309
812452,0.9991866930398969
812453,0.9892926666935691
812454,0.8010438297847439
812455,0.036344373058796786
812456,0.2819333617402371
812457,0.9434321849040495
812458,0.9997758378991527
812459,0.9998944964473068
812460,0.9987359292553502
812461,0.5897682734406307
812462,0.9837767425048654
812463,0.9999419422725715
812464,0.2953681673318135
812465,0.9968158769982982
812466,0.2259312450103227
812467,0.9994497243584266
812468,0.9814589164781765
812469,0.7677470691100525
812470,0.9761900247717017
812471,0.9999333581780542
812472,0.9034338393660943
812473,0.007349878750285919
812474,0.9970662683912397
812475,0.8418075348540134
812476,0.043718818873262955
812477,0.0757412275516072
812478,0.9936255329918232
812479,0.9993353916054732
812480,0.34196201702595785
812481,0.9878808138714048
812482,0.8814833451392408
812483,0.2874507430305359
812484,0.2438762497882057
812485,0.08454222441755088
812486,0.9986121931180448
812487,0.9987711613964532
812488,0.999769696596521
812489,0.9044828938525737
812490,0.3549569020419574
812491,0.524622707167959
812492,0.48830625812257156
812493,0.7936059603279653
812494,0.01997504441682015
812495,0.9997055298271336
812496,0.9585524823020891
812497,0.8834060017375003
812498,0.9949499180750013
812499,0.9999363822936551
812500,0.597239688509014
812501,0.9049630187145221
812502,0.08517535785557238
812503,0.9998514208193481
812504,0.03422560733541248
812505,0.6848270394718129
812506,0.9915996928581613
812507,0.7796167751426362
812508,0.30263982003065065
812509,0.41923090015003767
812510,0.9999768666792466
812511,0.8295564123299513
812512,0.21599066269042647
812513,0.8627139110252204
812514,0.9998567513670384
812515,0.961147512938902
812516,0.9999234150836598
812517,0.9982496740016032
812518,0.996853483991539
812519,0.641438041931912
812520,0.9964128049500547
812521,0.9932647359100296
812522,0.04457219650222657
812523,0.01853630560690038
812524,0.9983969158921387
812525,0.956160103671905
812526,0.9703976319524832
812527,0.41535498337760113
812528,0.8582679068390563
812529,0.984602504215629
812530,0.9995537995184491
812531,0.9995865891277549
812532,0.4444684150587446
812533,0.8288481799378898
812534,0.999995920803904
812535,0.9995946331857073
812536,0.9941016270278848
812537,0.8439980353657467
812538,0.3129823146602194
812539,0.9999382587576067
812540,0.14252971587338376
812541,0.9970034242755135
812542,0.22211880500690812
812543,0.999911106540033
812544,0.9201184117977649
812545,0.8873141803994107
812546,0.5504336348886668
812547,0.030135623817187415
812548,0.23382606914880555
812549,0.2224963139173075
812550,0.3463545360475485
812551,0.9786077365778784
812552,0.9999353925807044
812553,0.9997182969059535
812554,0.9026340230048421
812555,0.4519806219757498
812556,0.997414376891392
812557,0.7097558523823413
812558,0.9994709099728212
812559,0.21314875196211885
812560,0.9998841107683873
812561,0.9706268674102525
812562,0.9999723099890889
812563,0.008336767667308008
812564,0.029779726558328078
812565,0.9999721847016452
812566,0.33595565800444616
812567,0.013807545227525097
812568,0.9978744239495241
812569,0.6444154419268144
812570,0.49576817219853764
812571,0.34941482865396645
812572,0.6275953514892911
812573,0.9993261399630553
812574,0.00560470045252691
812575,0.30072013531346037
812576,0.8748260903804493
812577,0.9998770832529845
812578,0.9999060367060524
812579,0.11321615518254796
812580,0.9989052493664867
812581,0.9995578700402847
812582,0.9974787496305797
812583,0.9982787216315481
812584,0.2028562479452865
812585,0.9999729630458526
812586,0.525795377747494
812587,0.7346770806281159
812588,0.9980760271546409
812589,0.08872596043237754
812590,0.9412688638306266
812591,0.9991987669081621
812592,0.5289576462323782
812593,0.9995044674364726
812594,0.02292919396959621
812595,0.996424428057655
812596,0.0038707797495129846
812597,0.7385245921549314
812598,0.9209331578099236
812599,0.48216275805070197
812600,0.8850526329624379
812601,0.9998162973311921
812602,0.34591327035309033
812603,0.9939649813224594
812604,0.9991934656800439
812605,0.9682306977299242
812606,0.9956025178573565
812607,0.9880910724993834
812608,0.5623055556525548
812609,0.9547020560321349
812610,0.9921725830771165
812611,0.9884795022861784
812612,0.006423811705196823
812613,0.9994999258569643
812614,0.0437953435174096
812615,0.9897991484192907
812616,0.9998616527582534
812617,0.999516737391801
812618,0.180854346261344
812619,0.9998644924901403
812620,0.11050438149858285
812621,0.2806163039451559
812622,0.9453005636356068
812623,0.6506434603867036
812624,0.9805758824703892
812625,0.9401538376794831
812626,0.933000031461027
812627,0.9998670170618861
812628,0.13989345362853828
812629,0.6833486231857921
812630,0.7270830078837424
812631,0.9998347560629173
812632,0.9998404789202386
812633,0.9996661948821703
812634,0.9972201539457751
812635,0.9628682913488935
812636,0.9986968277671164
812637,0.28276924020176536
812638,0.9997102882552938
812639,0.9996912364159596
812640,0.15134082162232476
812641,0.27765650564962746
812642,0.9985379013402345
812643,0.8313184040483144
812644,0.37176152620418984
812645,0.9887976180159356
812646,0.9982325690584581
812647,0.9876086048882027
812648,0.9999243872537318
812649,0.9828619272135504
812650,0.042315773611109116
812651,0.11616301296163606
812652,0.9975925446447007
812653,0.9883646889464974
812654,0.9999697138246122
812655,0.07807637683551906
812656,0.9747211409285479
812657,0.9043409185737812
812658,0.617877898899523
812659,0.9986914484419911
812660,0.9830873011500401
812661,0.9728208200920383
812662,0.9992599723986604
812663,0.8612869824356906
812664,0.14442921833153352
812665,0.9946478421899906
812666,0.9987939516901184
812667,0.9999561818023018
812668,0.48680490058326836
812669,0.9168236753162142
812670,0.006199119081007436
812671,0.9984096809280568
812672,0.8859441222681504
812673,0.28214438363184363
812674,0.28490883367334663
812675,0.9567319083159371
812676,0.8368521846008906
812677,0.9998748936934669
812678,0.26946457786894024
812679,0.984014760784202
812680,0.9974649556977628
812681,0.999615386838921
812682,0.9486733535372114
812683,0.5996820477723487
812684,0.8658772696328347
812685,0.9993578402394605
812686,0.9977757659244079
812687,0.3702181327187837
812688,0.9999274610633093
812689,0.9998151347316107
812690,0.31112340835973273
812691,0.9169545715827309
812692,0.9874755075791299
812693,0.9989122922742056
812694,0.9999769068354252
812695,0.06869853683671806
812696,0.9977188086702706
812697,0.9907588500996858
812698,0.9978833999525332
812699,0.9982457304316192
812700,0.2981647508707022
812701,0.9964022858079251
812702,0.1732363424337185
812703,0.29472468486329223
812704,0.023413741824187352
812705,0.9994319578064899
812706,0.9978281219079036
812707,0.9286687844957089
812708,0.9788616656025639
812709,0.9997729272002154
812710,0.857753083302059
812711,0.9659116115147058
812712,0.993361883629024
812713,0.9975800586288595
812714,0.9997449842666691
812715,0.8701852027149892
812716,0.7163178229980548
812717,0.9986252484192261
812718,0.8259670422460178
812719,0.5815956485427054
812720,0.5902207973960608
812721,0.9999309347468651
812722,0.9849610023766198
812723,0.5261712845785806
812724,0.9999749807489486
812725,0.04468721432240512
812726,0.8622686815334514
812727,0.9743255354892792
812728,0.5947556166567495
812729,0.5873848741053334
812730,0.4487648916031853
812731,0.754209106115302
812732,0.9873033055246905
812733,0.00792647541634382
812734,0.9999527255149655
812735,0.9679312791228898
812736,0.9979423631149364
812737,0.9879407944928431
812738,0.7427539363192432
812739,0.1229521443022576
812740,0.011385932135584705
812741,0.9902157644060507
812742,0.057842977588297075
812743,0.7784574936138494
812744,0.8649761869267125
812745,0.990073780902801
812746,0.663818551584745
812747,0.9954419390328455
812748,0.99973286188678
812749,0.9969849548016188
812750,0.9578208260796645
812751,0.296821089806048
812752,0.570149949603219
812753,0.9437830012989652
812754,0.014452604091207254
812755,0.7915926581132409
812756,0.20629057132920273
812757,0.735029951643694
812758,0.9347071136930811
812759,0.9234519251739493
812760,0.41332317330658047
812761,0.8520298014551516
812762,0.9955140423262923
812763,0.9999610328989137
812764,0.6311710392681249
812765,0.29070555778473484
812766,0.9147015658001212
812767,0.975979934114042
812768,0.002270499865080702
812769,0.977933547563899
812770,0.9999837390352297
812771,0.9999274675299193
812772,0.43836136127498565
812773,0.22092026299039774
812774,0.4615732312171393
812775,0.8906634145820134
812776,0.5944707491433253
812777,0.7978147314650803
812778,0.5946514647100477
812779,0.9999770044770168
812780,0.9732342140806054
812781,0.1834052512730335
812782,0.9998165508945522
812783,0.9835295121077059
812784,0.9995518561482628
812785,0.9947388812822319
812786,0.8993272595569328
812787,0.9997335466202206
812788,0.14790472828669673
812789,0.9999361144381755
812790,0.9023308641525256
812791,0.9997081907813117
812792,0.9998713034241662
812793,0.9999519003094713
812794,0.9988865672585664
812795,0.0537497323338355
812796,0.24603402308572336
812797,0.9999508522447293
812798,0.003949677860994884
812799,0.9999824181773878
812800,0.9942227099016956
812801,0.9998561877204978
812802,0.999632999818723
812803,0.998943056107797
812804,0.9999197200214945
812805,0.6659016996565307
812806,0.01038395723009873
812807,0.9587851503066086
812808,0.7817244507681937
812809,0.992220745516774
812810,0.9997039636325422
812811,0.9992339398434156
812812,0.8481894688810433
812813,0.9996700994559136
812814,0.2878094878640423
812815,0.9998083469031388
812816,0.9932577076513179
812817,0.9787301146142784
812818,0.99410891439268
812819,0.9986644702405182
812820,0.9980173026474402
812821,0.012599543794898456
812822,0.8812414811717713
812823,0.024519061900979217
812824,0.9997037358012069
812825,0.9803252020492624
812826,0.35163799140161045
812827,0.9988017007355469
812828,0.6422684791960949
812829,0.19600318380538215
812830,0.04384301156022963
812831,0.9998811439609832
812832,0.9921321052381056
812833,0.8023190536704552
812834,0.3054177993064869
812835,0.11980126977465302
812836,0.0090924067197993
812837,0.9947560202716739
812838,0.9993219110167557
812839,0.1140171545689947
812840,0.097556787394008
812841,0.636403605451594
812842,0.999894394466041
812843,0.008461004251832667
812844,0.9985022028608528
812845,0.9958388352727369
812846,0.854339503155415
812847,0.9998400370374221
812848,0.5776586038373666
812849,0.9058062769661113
812850,0.918216285149208
812851,0.9988139632950817
812852,0.040588323834081674
812853,0.999343052784706
812854,0.9949411928578626
812855,0.9984518696119413
812856,0.7288561008386272
812857,0.04028849718152985
812858,0.6935453954179921
812859,0.1540138962760228
812860,0.9991010130349813
812861,0.9974194942889205
812862,0.9999264332515216
812863,0.9885559973880992
812864,0.999700035995025
812865,0.08539043888574288
812866,0.9638423851170287
812867,0.5345392153142494
812868,0.6329850956349394
812869,0.14990947015147907
812870,0.9956052287301258
812871,0.9608065571031745
812872,0.9038654825140344
812873,0.9985152795505808
812874,0.9997973925287333
812875,0.07302553867155774
812876,0.16112763369855673
812877,0.6683908433417922
812878,0.4854025398099009
812879,0.9953273614540732
812880,0.8458044119638786
812881,0.606749803922561
812882,0.5454783851957399
812883,0.6554903883128269
812884,0.9824417467369675
812885,0.9959861427951548
812886,0.2886779145600923
812887,0.9997221658980291
812888,0.9999816883409641
812889,0.9999373177291038
812890,0.9957381371848135
812891,0.41717929469873916
812892,0.6011701830606062
812893,0.39175321465244206
812894,0.9749405803794431
812895,0.7407284349601689
812896,0.0198799135896433
812897,0.8307360802367019
812898,0.3862165532502792
812899,0.9986440625151222
812900,0.02528862689454557
812901,0.9938527291539849
812902,0.9986057446783891
812903,0.9999260539915511
812904,0.9971336908053683
812905,0.9794142014733298
812906,0.07411260778185987
812907,0.8415758022207818
812908,0.9989356892251664
812909,0.060570705020837924
812910,0.4202234748508078
812911,0.9886640051893241
812912,0.6386732449055543
812913,0.9999015536155482
812914,0.9999658215111977
812915,0.4062892507433854
812916,0.7735664431323899
812917,0.07656890869537443
812918,0.9997036721534991
812919,0.9911014272699135
812920,0.9996117670515368
812921,0.8214462047494855
812922,0.8349058612863163
812923,0.9658034803115723
812924,0.05534312743741588
812925,0.10840038465363208
812926,0.6476944575157957
812927,0.8500620923392358
812928,0.881843617369399
812929,0.5356147425272444
812930,0.9996606886409241
812931,0.9996273637052648
812932,0.9969993952163194
812933,0.9922052254142575
812934,0.011183537304422134
812935,0.0672459380451311
812936,0.9997739863949916
812937,0.9705355133421403
812938,0.9961128440116926
812939,0.9999065767800436
812940,0.8674385404594004
812941,0.9998407121985906
812942,0.06930105678588006
812943,0.9998134852288845
812944,0.0014708067471313274
812945,0.4560456573734049
812946,0.9967979353392121
812947,0.6057255180350788
812948,0.45999113675624986
812949,0.9024386212023607
812950,0.9310470103866268
812951,0.9946609792699529
812952,0.6824776509559252
812953,0.3099380952331213
812954,0.5486747275445036
812955,0.9205060332315631
812956,0.47824807496540794
812957,0.45526637174595247
812958,0.9880332743780691
812959,0.999830969925691
812960,0.9973524872937006
812961,0.7408131438177401
812962,0.5365522737315438
812963,0.11901310257180832
812964,0.4573095325447636
812965,0.9997363713484222
812966,0.9613669708754382
812967,0.9974577043852942
812968,0.9987263309061918
812969,0.29058250498166444
812970,0.005730808355878639
812971,0.4419113584271277
812972,0.9988863753834847
812973,0.9999576809987081
812974,0.8547673260767977
812975,0.03817350427584174
812976,0.6240552268035431
812977,0.22306414220042448
812978,0.9960036489293653
812979,0.9999951451795828
812980,0.9986146105129572
812981,0.05923949199883058
812982,0.9970178287599214
812983,0.9985064199508145
812984,0.07235807498262814
812985,0.999944611068952
812986,0.46505125548088916
812987,0.4022216594746131
812988,0.9990544976844058
812989,0.8240833669636677
812990,0.1117208807917673
812991,0.9962381369754107
812992,0.577259744544192
812993,0.9998865006636262
812994,0.25348866646437485
812995,0.9977009800601222
812996,0.8641368381614218
812997,0.7196623830310889
812998,0.9946564921142518
812999,0.9968558891944348
813000,0.3435271597164467
813001,0.7166057160114516
813002,0.9994915422360963
813003,0.9951852717987294
813004,0.5153177691380074
813005,0.9453414925415469
813006,0.08757444903556827
813007,0.9997642289707102
813008,0.9888094930564474
813009,0.1357650543113751
813010,0.9999632944417518
813011,0.9999678211836003
813012,0.638892952366951
813013,0.9999531510798658
813014,0.9789235434675503
813015,0.999884362514881
813016,0.9999747375595983
813017,0.7462296792379689
813018,0.9968805100563849
813019,0.9953766280700485
813020,0.9995454701677327
813021,0.9978149509132469
813022,0.008968006321315433
813023,0.9969834877721386
813024,0.9997130864541381
813025,0.9526381242462825
813026,0.9408383883856326
813027,0.7853826872256692
813028,0.16061562787204453
813029,0.9906950175927959
813030,0.9526336929201742
813031,0.999527223453903
813032,0.13895082539354167
813033,0.999532245991172
813034,0.021272592337545283
813035,0.9997978821155635
813036,0.9989766669614571
813037,0.9456695018952976
813038,0.999953433769849
813039,0.1973840323553504
813040,0.9065694030600546
813041,0.34540897358734346
813042,0.5873010165311014
813043,0.9756614901252266
813044,0.38039443538598633
813045,0.9742323641361438
813046,0.3743214685267804
813047,0.8151575724778166
813048,0.15169621720127321
813049,0.9425315417755645
813050,0.25721049667994295
813051,0.32746377748281136
813052,0.9425017106503389
813053,0.6786259135751439
813054,0.9998713008766531
813055,0.997571257857861
813056,0.003578414165211571
813057,0.1950525416437429
813058,0.23387466313828975
813059,0.9998515866940656
813060,0.3951489354216251
813061,0.9020485475462986
813062,0.36760213195656066
813063,0.999894745496394
813064,0.9856450172039433
813065,0.9486990392221328
813066,0.9934619388697354
813067,0.705543126225792
813068,0.512937939257019
813069,0.8590454373271913
813070,0.7542482921608975
813071,0.993232842805891
813072,0.35472341849641753
813073,0.03724304590509514
813074,0.7162513055436823
813075,0.9998427259142464
813076,0.9999623565073095
813077,0.022579551479516197
813078,0.025195022812444453
813079,0.9989651067441103
813080,0.3946426496578811
813081,0.7031370565829358
813082,0.6863180431226361
813083,0.15940482050435562
813084,0.5340524781865432
813085,0.6794169280462745
813086,0.5498431053405126
813087,0.07629179684974723
813088,0.07964978673251451
813089,0.06063391281832239
813090,0.9986070726235112
813091,0.37139270129710444
813092,0.8356887746719897
813093,0.7704059447922529
813094,0.9970583455925478
813095,0.17641653273093938
813096,0.9991937251125043
813097,0.9993097121102867
813098,0.9799891133477694
813099,0.9956254918079711
813100,0.8240006585032773
813101,0.662851779894504
813102,0.3034830261543443
813103,0.6994778587679578
813104,0.9999518939394036
813105,0.9996682604991651
813106,0.9999348079376125
813107,0.9973700266025034
813108,0.8483997607036264
813109,0.17739043015307723
813110,0.02189967553713377
813111,0.1078421520181887
813112,0.9994251637377864
813113,0.8750556860017629
813114,0.9899754942319713
813115,0.9999698920644484
813116,0.9999828623517174
813117,0.7367553225299321
813118,0.9996026326406997
813119,0.9981247278946872
813120,0.9927597255889475
813121,0.08188636188269491
813122,0.6633666643537439
813123,0.1878984568099815
813124,0.030542747302163657
813125,0.99930255241901
813126,0.9933414175123229
813127,0.04657215107891126
813128,0.9992262492330233
813129,0.9995879425349821
813130,0.10539829560577957
813131,0.9997065888109802
813132,0.37709375290596686
813133,0.02953279793646369
813134,0.9999583307752871
813135,0.012459063501441228
813136,0.9914624509822407
813137,0.09644772935422627
813138,0.9758989653947
813139,0.9850818713915703
813140,0.9999298138385473
813141,0.5718230357980724
813142,0.7943745857216524
813143,0.9966530199563914
813144,0.8338526926681863
813145,0.9863875539325594
813146,0.7356751408762597
813147,0.9996235945753033
813148,0.008492496009703528
813149,0.998916147063112
813150,0.17160659028921138
813151,0.9623559320155335
813152,0.6928173116076962
813153,0.9310319251119961
813154,0.999655238911483
813155,0.9891751618213809
813156,0.02109854853141472
813157,0.9974015745029039
813158,0.9998889273702922
813159,0.09152425662601263
813160,0.5229194681293913
813161,0.9994668097145296
813162,0.9171027188072367
813163,0.9821813072026851
813164,0.9998870896392349
813165,0.999648330500439
813166,0.98347888023046
813167,0.9997460166457854
813168,0.9998536311741943
813169,0.012661597177272445
813170,0.5264851892423222
813171,0.9994859316227516
813172,0.14068592361305604
813173,0.9957699183385949
813174,0.9158922296813534
813175,0.9999080178502546
813176,0.9977364528882579
813177,0.6763654832462378
813178,0.9946872402994263
813179,0.9993674252914083
813180,0.04180803898475972
813181,0.999951922991684
813182,0.2885873547325198
813183,0.9988680880775491
813184,0.9999748869028356
813185,0.6674517432764345
813186,0.6469380124104652
813187,0.19992194892629608
813188,0.024098327236668486
813189,0.6809710219843186
813190,0.9971761037126349
813191,0.4544839489192891
813192,0.4353387244897732
813193,0.6581597499800877
813194,0.5385308482977441
813195,0.998547997133761
813196,0.8740309752735393
813197,0.9998342152859718
813198,0.49634723018717797
813199,0.9962003976862137
813200,0.8510337873164016
813201,0.9966204097718142
813202,0.8283524398107696
813203,0.2878215393923324
813204,0.865668075027637
813205,0.9979767688951307
813206,0.8906988221779539
813207,0.9853052145679155
813208,0.9624728403564491
813209,0.522889144535974
813210,0.8965817574930308
813211,0.09713589931521412
813212,0.9999752704505408
813213,0.6939090559963077
813214,0.9984299891899111
813215,0.8580512553657489
813216,0.2697329746266441
813217,0.9759427616570826
813218,0.9998520944805305
813219,0.015159393633922585
813220,0.9691248442036435
813221,0.40212763719037736
813222,0.9995470244753746
813223,0.201369595681694
813224,0.5097706512317443
813225,0.9995392604281963
813226,0.045017842763435865
813227,0.4453748290518289
813228,0.99999866694017
813229,0.9999913227982311
813230,0.05008370356071566
813231,0.046676686895485056
813232,0.9876409276643919
813233,0.9856230294097922
813234,0.0603480456285576
813235,0.992920597266952
813236,0.9979624069484754
813237,0.998090335728128
813238,0.24232637063255408
813239,0.11224224984373594
813240,0.9982699000169428
813241,0.9692847131814419
813242,0.0303497181439774
813243,0.017768794209497795
813244,0.12637847342721314
813245,0.06760628804754187
813246,0.03765925868194114
813247,0.8200527800588742
813248,0.9454926037816345
813249,0.9874694263386383
813250,0.5966325155910897
813251,0.9997435626311136
813252,0.9966370941381131
813253,0.6566198971336064
813254,0.977641683712537
813255,0.9508076937672016
813256,0.9997171028869397
813257,0.009685464161708825
813258,0.7657927913739392
813259,0.9787747707411769
813260,0.9908934432481573
813261,0.22033781155539167
813262,0.9706481239119842
813263,0.9998100568040926
813264,0.9987597465671356
813265,0.9818601167187873
813266,0.5813145240925984
813267,0.9894618122956089
813268,0.9697790084402139
813269,0.009222807874720108
813270,0.1110584640173993
813271,0.8606815068511582
813272,0.999433010613201
813273,0.9996938067473493
813274,0.9888341093193899
813275,0.9987767743596401
813276,0.9969541070054248
813277,0.9899022061915435
813278,0.06945647753900834
813279,0.9978551515636023
813280,0.47420502729847247
813281,0.18611926577267845
813282,0.9122262973592128
813283,0.892282709227251
813284,0.9994719601275017
813285,0.8638630293089764
813286,0.9964591317605038
813287,0.039630148658112686
813288,0.39933378929153374
813289,0.9982787906435389
813290,0.012478302724975405
813291,0.09355784522729435
813292,0.008136835319068156
813293,0.5047402503100521
813294,0.8160313548522138
813295,0.9999627435074994
813296,0.4156363929125026
813297,0.008893652942983193
813298,0.9738155164146246
813299,0.9994226080581086
813300,0.9999770053613127
813301,0.2829156423958823
813302,0.9998125039560999
813303,0.994455098487707
813304,0.9529500323244475
813305,0.7421054850207864
813306,0.4304283972167625
813307,0.9988092748396815
813308,0.1739717772779455
813309,0.14862805261933518
813310,0.9973169600230176
813311,0.24402653921989528
813312,0.999898065820686
813313,0.999424003731177
813314,0.995684413091729
813315,0.7437685439060718
813316,0.054051378856130566
813317,0.5458694248851028
813318,0.4900841264024729
813319,0.014219306885709156
813320,0.9999737877582104
813321,0.2047774911023227
813322,0.032753394018273436
813323,0.981346356670425
813324,0.9997751786558287
813325,0.054617451650314584
813326,0.5457159706957546
813327,0.8786901781280123
813328,0.42408198792812457
813329,0.17970150011216413
813330,0.8654184787630357
813331,0.9733807412075741
813332,0.5262060786704958
813333,0.8666127285537739
813334,0.9897233423501384
813335,0.8611332657541566
813336,0.9080325416233248
813337,0.2339974411796667
813338,0.9998419703336647
813339,0.9999150577271296
813340,0.1824374463790676
813341,0.35655915928236886
813342,0.9999841766307418
813343,0.9310829284596585
813344,0.99951847557245
813345,0.005703252853452637
813346,0.16916334374738778
813347,0.9997780537402512
813348,0.9611845956226373
813349,0.9709241059048357
813350,0.9432441945253105
813351,0.049946355422557424
813352,0.8908865856481345
813353,0.9791413258766007
813354,0.9883740359621332
813355,0.5340680870313999
813356,0.9997729748109915
813357,0.06712831805966613
813358,0.9995868064315616
813359,0.9999729594144277
813360,0.01997375423683245
813361,0.987439533892913
813362,0.9994800118627365
813363,0.9724202766859471
813364,0.9963410570679605
813365,0.4059650318033561
813366,0.9134666388326108
813367,0.7388342168146326
813368,0.989035497771114
813369,0.9999159448164164
813370,0.9999307469613767
813371,0.8161486362327086
813372,0.9998384070137785
813373,0.8695633316717819
813374,0.9850386324046312
813375,0.9998151294534933
813376,0.997787024813352
813377,0.995107447564483
813378,0.9251080447498108
813379,0.7811940387956768
813380,0.6048119149693897
813381,0.0613114040567409
813382,0.9999803680399486
813383,0.9999916784932074
813384,0.9060758252288528
813385,0.17556442699019736
813386,0.934061132189592
813387,0.65173297233807
813388,0.9925826505401192
813389,0.939820356533738
813390,0.9594438104141436
813391,0.9999751361632493
813392,0.060566091283182216
813393,0.24090687499447994
813394,0.9352542459170552
813395,0.4531311653902208
813396,0.999974162418309
813397,0.9979556895735487
813398,0.39988497802095624
813399,0.9911608906445558
813400,0.38359126030312296
813401,0.7636777359465978
813402,0.990916807741162
813403,0.9997321756733872
813404,0.422331655122852
813405,0.9977187171165902
813406,0.9770891709892078
813407,0.1966205441896362
813408,0.542367852921958
813409,0.9933776879586347
813410,0.06330679533100432
813411,0.9695278927988344
813412,0.9936089112015839
813413,0.5427736290093685
813414,0.9973600445618409
813415,0.9995798696631533
813416,0.028819517894914548
813417,0.13292175003844675
813418,0.9988581170857737
813419,0.9998089904985206
813420,0.9572935046638081
813421,0.9724042498167256
813422,0.7508226214735176
813423,0.9997601798781486
813424,0.9999067912306575
813425,0.8996675972802408
813426,0.9998815407304942
813427,0.013386691635990473
813428,0.9924696255864953
813429,0.8122362844447142
813430,0.9974416999963687
813431,0.9998240855379081
813432,0.9997034363561007
813433,0.9747548604594733
813434,0.6904491839337517
813435,0.9996904320334224
813436,0.9232039359376025
813437,0.07923321934612015
813438,0.9946115523623498
813439,0.9997809779680613
813440,0.9728443515187432
813441,0.9999584354066156
813442,0.41102106943511574
813443,0.9991868956731755
813444,0.21180670102810994
813445,0.6089173772998915
813446,0.9861661351275062
813447,0.6434231639768342
813448,0.769225677397088
813449,0.9999365111532739
813450,0.03758886228655507
813451,0.5916524357126779
813452,0.9971971993471795
813453,0.9995829854842891
813454,0.8804878122907853
813455,0.07269693988880775
813456,0.9955204542195633
813457,0.009316721909432873
813458,0.07453386912252465
813459,0.3619624182817015
813460,0.5351193891461115
813461,0.9998156129107949
813462,0.999628065802384
813463,0.9955233093081293
813464,0.9984306899426009
813465,0.17184489832370392
813466,0.13223468500243918
813467,0.9893298475951273
813468,0.08210978136733975
813469,0.011245251169669953
813470,0.28978542274234986
813471,0.28042407097377714
813472,0.07012043676608899
813473,0.8879943463306138
813474,0.0768686735161198
813475,0.774142270857067
813476,0.014476775750259172
813477,0.8776078047876601
813478,0.38669920205464914
813479,0.8819823467290606
813480,0.14328906831845298
813481,0.9959398179456018
813482,0.9997559785911276
813483,0.9164702986186316
813484,0.9998666127259808
813485,0.20925783430555486
813486,0.12623341088944937
813487,0.048170468624837245
813488,0.9993750220711697
813489,0.48073852319416793
813490,0.9176186601144203
813491,0.9998340871153162
813492,0.9038274291872861
813493,0.5948571518396832
813494,0.9999765403784877
813495,0.9061392000359509
813496,0.6493982570198762
813497,0.9999590333931074
813498,0.48468173750909394
813499,0.8562097861043829
813500,0.1933709575617885
813501,0.7428870230682924
813502,0.06544190587926624
813503,0.9989907063135135
813504,0.478768596592571
813505,0.03373399957558673
813506,0.17416676611375925
813507,0.21687982446498172
813508,0.9614945112494948
813509,0.8028796577740673
813510,0.9987219389238877
813511,0.9123261669177769
813512,0.9955910015925654
813513,0.9997841207214987
813514,0.9987844711000834
813515,0.9956443081574121
813516,0.3507623453865637
813517,0.9999616449897939
813518,0.009493400230936675
813519,0.9994931667058
813520,0.9999503020461988
813521,0.999031447067095
813522,0.9991497349975074
813523,0.11112737147352005
813524,0.1400457205311529
813525,0.989356935312638
813526,0.7835826033213442
813527,0.8454952694745678
813528,0.8038411868220954
813529,0.014681260989836003
813530,0.023943140085028465
813531,0.9959121573382637
813532,0.9985180969958607
813533,0.6146477544896124
813534,0.6646699104344631
813535,0.9812856990597324
813536,0.5566429460293502
813537,0.999798224189886
813538,0.5708258161699001
813539,0.9922671870156986
813540,0.2887331766506468
813541,0.975731916795604
813542,0.7321959643907034
813543,0.9997613085745027
813544,0.7452916002145813
813545,0.49902207452612274
813546,0.10194697268376218
813547,0.9832087370105627
813548,0.9952924049947112
813549,0.15279971338785292
813550,0.9999136272818459
813551,0.9988372410979116
813552,0.9993541472345104
813553,0.7587045649734431
813554,0.46748718146529045
813555,0.9357942052237853
813556,0.6901454182185187
813557,0.05216380503552143
813558,0.9999242640438575
813559,0.9744109274702986
813560,0.99985107764193
813561,0.4904936521042552
813562,0.9999379400953248
813563,0.9999584714100941
813564,0.24035715390804913
813565,0.9995100802603312
813566,0.9999544767482559
813567,0.9949786891761354
813568,0.6923993650073039
813569,0.9999929691200364
813570,0.11356902523937873
813571,0.8884461252113595
813572,0.9999396309508322
813573,0.9953228252066167
813574,0.9964489234287771
813575,0.9248947333391548
813576,0.9995899962897736
813577,0.056740552344013984
813578,0.9462346329545855
813579,0.998686967474415
813580,0.9945547716063791
813581,0.9854840306976431
813582,0.9981967195760795
813583,0.9929793317381364
813584,0.7632736616648532
813585,0.99991120893776
813586,0.9999947953847544
813587,0.032043172249176265
813588,0.13322461862529233
813589,0.9997805093959369
813590,0.7592367161250895
813591,0.9990791735812208
813592,0.05253909641689001
813593,0.8106373979057975
813594,0.15066291030418616
813595,0.8762720571011025
813596,0.3162794334384953
813597,0.9997342329816338
813598,0.9997612064213115
813599,0.9987746211420423
813600,0.9957028537864341
813601,0.12504235671622654
813602,0.5037853167865423
813603,0.9994238080447951
813604,0.999867207486754
813605,0.9970107408497356
813606,0.1824853825131692
813607,0.8472126293498643
813608,0.48722831206115713
813609,0.9999395676088851
813610,0.8520734755555963
813611,0.8896652179440209
813612,0.34042453277694684
813613,0.27155172379780884
813614,0.06256230080049355
813615,0.15883507937652408
813616,0.9636301759068338
813617,0.9587409372771183
813618,0.7269122542732347
813619,0.9983257087527457
813620,0.9943075756675912
813621,0.999876801072927
813622,0.3772662144692322
813623,0.7327336378584469
813624,0.4301647139479287
813625,0.9542713055769484
813626,0.4071184858863476
813627,0.9980610721471885
813628,0.9998606353304641
813629,0.9999851803586741
813630,0.3886325659363172
813631,0.9935460476693232
813632,0.9998545446662914
813633,0.051701957471987484
813634,0.02801782342168743
813635,0.6639320459366452
813636,0.6168392063701984
813637,0.9994177586461598
813638,0.7183091973027758
813639,0.843670468920561
813640,0.7877459009099128
813641,0.2884271184492064
813642,0.9999511959592708
813643,0.9996943329921424
813644,0.06296868824940563
813645,0.08035049650680265
813646,0.9998228211536352
813647,0.9986373466372862
813648,0.9957066227867506
813649,0.8039931907960336
813650,0.8533750188752045
813651,0.027390935494392095
813652,0.3666989698861214
813653,0.9999371611838044
813654,0.9961570749081592
813655,0.7735214781723059
813656,0.9987384528524095
813657,0.9997930475793511
813658,0.0029098084336929117
813659,0.8191287153934881
813660,0.5720775082684155
813661,0.9999779976545473
813662,0.9999484472342414
813663,0.9896563750784437
813664,0.7822367825300445
813665,0.6729222160228311
813666,0.9935290809959612
813667,0.9985155643101918
813668,0.009981147008825287
813669,0.9144211809700088
813670,0.9338022374500965
813671,0.995622725938551
813672,0.8929928510369557
813673,0.9994530773709442
813674,0.39267656834265685
813675,0.4628260734049965
813676,0.17961410565343017
813677,0.9999544324867581
813678,0.9999012928932023
813679,0.9103761965451415
813680,0.017694070041858783
813681,0.9999555766126733
813682,0.9984912512991286
813683,0.8521247910077832
813684,0.9999155870354772
813685,0.8497395406629502
813686,0.12519938227433172
813687,0.9648092376077946
813688,0.9209468117663044
813689,0.9984390524357819
813690,0.012182896610415243
813691,0.7583311544440201
813692,0.9998255116004071
813693,0.9951163934432861
813694,0.7235266834811671
813695,0.8765528449385565
813696,0.6575029685245167
813697,0.8432189655349118
813698,0.007766200502934908
813699,0.5459782651934207
813700,0.5328628525051834
813701,0.6187944126455545
813702,0.8197243190377073
813703,0.993223239018368
813704,0.9998575379281165
813705,0.575104458163009
813706,0.0489164903488331
813707,0.6004183517060226
813708,0.9253873369777917
813709,0.9719508480110053
813710,0.9997000837515344
813711,0.9954928710896755
813712,0.8691375652717314
813713,0.9999235897166308
813714,0.999984271401378
813715,0.9910179324952257
813716,0.07709813151775988
813717,0.9423389350631429
813718,0.9996610217240494
813719,0.9981874963197133
813720,0.682073603461911
813721,0.9956285540190957
813722,0.15052701113248612
813723,0.9920862317765053
813724,0.9997712515571691
813725,0.9677396117132925
813726,0.9997346520419695
813727,0.021330065527980804
813728,0.7884124435320987
813729,0.9263214595951321
813730,0.005066891532922805
813731,0.97628440845856
813732,0.9999743816731606
813733,0.9933979411307754
813734,0.17533067744792907
813735,0.13678980315061573
813736,0.8877595706507951
813737,0.02735444140650902
813738,0.9993971922802116
813739,0.9933045105674365
813740,0.17260833178196852
813741,0.999228808128221
813742,0.07496488489456611
813743,0.7625828716307546
813744,0.26050424885222295
813745,0.9999482549878571
813746,0.628078817389896
813747,0.08569892233479284
813748,0.9995410251621621
813749,0.9997301490123758
813750,0.9852011111178286
813751,0.9999455783208333
813752,0.2909866359980743
813753,0.6758196015312956
813754,0.19646590306346484
813755,0.9482723744275199
813756,0.9999827421718392
813757,0.8197728040249457
813758,0.6008020564932072
813759,0.9999404014124316
813760,0.7369894430212904
813761,0.9983040952684545
813762,0.07190040898361756
813763,0.9983928158702253
813764,0.11193616492394293
813765,0.5114609920011967
813766,0.998438879992757
813767,0.8647954523951669
813768,0.7142464171994095
813769,0.013708652083210905
813770,0.9966114124234875
813771,0.607624169562259
813772,0.9995869336123903
813773,0.02931729520362035
813774,0.12896349509759947
813775,0.310399003430581
813776,0.022975725019337104
813777,0.13769109532222895
813778,0.7672233102565511
813779,0.05902090143131386
813780,0.9984299648063382
813781,0.2403034497425215
813782,0.9024393773393553
813783,0.9986211655489747
813784,0.03451242270213111
813785,0.9985649402733467
813786,0.8775582913547059
813787,0.6007665189953602
813788,0.3499854744566639
813789,0.9943415145535095
813790,0.5514225414895422
813791,0.999870997429891
813792,0.46370440389244033
813793,0.04160380483205521
813794,0.9829270383082337
813795,0.2484619622513416
813796,0.9981366983220432
813797,0.846852188728753
813798,0.26848254036014035
813799,0.4652650806652111
813800,0.9999649824212494
813801,0.9073587261799541
813802,0.9999131002857766
813803,0.9992981743613027
813804,0.2638363979691392
813805,0.3048392687904779
813806,0.9694577214324837
813807,0.25972265722084653
813808,0.5056601592215799
813809,0.08012738952588197
813810,0.2708059792904955
813811,0.9973697881105489
813812,0.9969523472188102
813813,0.9999334749483686
813814,0.01137948706363523
813815,0.9999608006556965
813816,0.989786221943221
813817,0.9998573028759863
813818,0.9371698635516809
813819,0.023869890235794677
813820,0.9997714220939745
813821,0.9950061672895728
813822,0.955258958649598
813823,0.9562030933411625
813824,0.009824113585330248
813825,0.12357341768424898
813826,0.9938652026563017
813827,0.9932924322946133
813828,0.9788775763341525
813829,0.7166708696102015
813830,0.9997894004325024
813831,0.7252140369241138
813832,0.9870228657226245
813833,0.734434397604643
813834,0.999630106840826
813835,0.30980987499570195
813836,0.9992057443800161
813837,0.9999269719574491
813838,0.5444093464021188
813839,0.9141606899905321
813840,0.9998437975934642
813841,0.9586996341057619
813842,0.3764935786651701
813843,0.6797468061178096
813844,0.9704915153600318
813845,0.8656907506475704
813846,0.46323372674344065
813847,0.9947142950698971
813848,0.9995959694372583
813849,0.9644697373203291
813850,0.9996648702012398
813851,0.9999021049832282
813852,0.9616190616013596
813853,0.19953124499739297
813854,0.21856384537769186
813855,0.9027059689550028
813856,0.7340249038648535
813857,0.9988926634790778
813858,0.9999269736717243
813859,0.817854302366998
813860,0.9922772073479471
813861,0.9308333699293083
813862,0.9999914903976556
813863,0.9995939076689893
813864,0.9684799961159462
813865,0.9998999231413142
813866,0.9999868070042119
813867,0.9845868718245576
813868,0.9999127464819347
813869,0.7383044071545501
813870,0.9999715706016594
813871,0.7712888802310685
813872,0.8568617069178476
813873,0.007473090412822198
813874,0.9831374713274551
813875,0.9989141247010263
813876,0.9539309749998628
813877,0.8147714677128889
813878,0.9984539088246123
813879,0.8732868210643338
813880,0.7457398056208749
813881,0.9986045814079189
813882,0.9827368625562551
813883,0.7394286308023054
813884,0.9948263814058289
813885,0.14305393347251527
813886,0.9810630891864303
813887,0.9864368654921292
813888,0.9934050424668349
813889,0.9999826008066149
813890,0.997795247662374
813891,0.027680271621679898
813892,0.08958586179938414
813893,0.8114816195359742
813894,0.9990352018773158
813895,0.1775023187662592
813896,0.97350474946038
813897,0.7858160413180677
813898,0.9986193185453913
813899,0.7482189962031499
813900,0.9999455172115712
813901,0.9597076176036476
813902,0.9958319786222717
813903,0.9996717340954303
813904,0.5812689646133212
813905,0.9993035321254312
813906,0.9995751313978055
813907,0.9970623065579765
813908,0.1427893074197702
813909,0.9996400610239291
813910,0.0035368088587825718
813911,0.7643070262721512
813912,0.871236945718882
813913,0.9788128383592112
813914,0.12389102529913196
813915,0.999942184719913
813916,0.9911186333330568
813917,0.11500646005174235
813918,0.8290874470164192
813919,0.9975850751247406
813920,0.1912122031327972
813921,0.9990124500772839
813922,0.6940814807974797
813923,0.7459309474548115
813924,0.7391344830140298
813925,0.999925175422211
813926,0.9998135052990741
813927,0.9935563450865086
813928,0.7007938965941125
813929,0.0016519178285901556
813930,0.9986004166571982
813931,0.014350298589429052
813932,0.945168551148234
813933,0.007904776939822012
813934,0.9998934824230039
813935,0.9365370380911592
813936,0.1840464708722001
813937,0.30792391444555584
813938,0.8073074697981669
813939,0.9951615578537714
813940,0.9998944565142598
813941,0.42832430263349497
813942,0.10669473008605138
813943,0.9998407521583458
813944,0.024322236461760426
813945,0.8328751851855852
813946,0.9998900868977708
813947,0.7394373637915458
813948,0.8187260652273728
813949,0.4288716936932233
813950,0.9999825433813054
813951,0.9983457826959707
813952,0.030115163162861787
813953,0.6045457693655939
813954,0.08997406914212525
813955,0.9394792802992611
813956,0.9997974927585102
813957,0.4119138336040234
813958,0.5062911550375022
813959,0.2586873406900519
813960,0.8850510157683915
813961,0.8979875789104963
813962,0.9996225013821574
813963,0.7423393106948848
813964,0.786929472358505
813965,0.997495490512765
813966,0.9999353645656718
813967,0.3264139343105133
813968,0.49228812454709303
813969,0.0935835890738184
813970,0.12452489256193305
813971,0.9995352038577913
813972,0.9998294358037735
813973,0.9996861341998162
813974,0.999352269503635
813975,0.614252259105772
813976,0.9999791320522582
813977,0.5510578230812739
813978,0.6412822035976097
813979,0.3255192444535737
813980,0.5300288350186223
813981,0.9985706111107198
813982,0.9999593779171434
813983,0.1841354527439453
813984,0.13603298302252478
813985,0.9972666707021811
813986,0.08881807741031185
813987,0.9999338891332233
813988,0.8062810552416565
813989,0.9997297630193722
813990,0.9998408746140843
813991,0.3660460967040787
813992,0.9999823248198199
813993,0.9984765337076363
813994,0.9998380684092374
813995,0.050616945225107214
813996,0.9373801505111399
813997,0.33869383959065574
813998,0.42856109378144397
813999,0.1272934012453201
814000,0.9884753585579068
814001,0.9975647919367225
814002,0.9967518253149442
814003,0.011402711828404282
814004,0.10057509089582192
814005,0.9042005635957664
814006,0.14145353797224125
814007,0.9402947625135398
814008,0.1777070625570036
814009,0.4558228041738942
814010,0.8036631835074032
814011,0.7206055591679155
814012,0.9996827313749852
814013,0.002436235855209858
814014,0.9999348306375266
814015,0.9996601339860233
814016,0.004959205300671901
814017,0.980204926244882
814018,0.6185007386187062
814019,0.9999573513969748
814020,0.21692971734121322
814021,0.9976889585094011
814022,0.6446889786736153
814023,0.976585043145287
814024,0.2321285642311518
814025,0.5140487832993629
814026,0.010994201144303224
814027,0.9946081582827841
814028,0.002578184647758569
814029,0.9998289226035546
814030,0.9096417935354625
814031,0.9962935823336125
814032,0.9996076903504558
814033,0.5979652777616896
814034,0.040443306820148975
814035,0.9999900586009242
814036,0.995253776088794
814037,0.9998684220045879
814038,0.999963594106048
814039,0.9941164894884258
814040,0.18249155318757027
814041,0.25833611553205826
814042,0.9885855184141852
814043,0.7019002061159902
814044,0.9994942702197782
814045,0.02351267472573612
814046,0.006690778232094838
814047,0.6831420160700798
814048,0.9951148938238499
814049,0.9855452911490248
814050,0.24400458237635964
814051,0.6072293375581587
814052,0.9399915875108156
814053,0.03974501997990617
814054,0.99998286741673
814055,0.8281178248180415
814056,0.9586351153889816
814057,0.9870342843112372
814058,0.9998714464887649
814059,0.7906090271397346
814060,0.9895777684207622
814061,0.9185741159979104
814062,0.9979049830457333
814063,0.9999805490898765
814064,0.9995603861963509
814065,0.5692150896141422
814066,0.9990231931143019
814067,0.9317851782446562
814068,0.7533762545948235
814069,0.9961786838468991
814070,0.9948937085675069
814071,0.9993166365371686
814072,0.9648240795027475
814073,0.2518591050193226
814074,0.32108060316803894
814075,0.9725386410686261
814076,0.0785729492510126
814077,0.01998450288828255
814078,0.43963617177240366
814079,0.9999318303926225
814080,0.544646581164
814081,0.9999960840186772
814082,0.9999130267486314
814083,0.9250137211560652
814084,0.9949427400586734
814085,0.004213482322050053
814086,0.9952081341844596
814087,0.9160872998718181
814088,0.41591133679999215
814089,0.9946655780445987
814090,0.34190168550634314
814091,0.6318836074034084
814092,0.4846960062027096
814093,0.8719471501821663
814094,0.160390757767654
814095,0.9990259570377965
814096,0.2627495616811748
814097,0.9833310787256802
814098,0.1079199761211692
814099,0.9977485982302111
814100,0.4876458479188589
814101,0.9877853298161605
814102,0.9999901253767915
814103,0.045046114039104794
814104,0.9999923749041362
814105,0.7729188971023029
814106,0.9991235908771028
814107,0.6845480964760768
814108,0.39782820123996643
814109,0.03407562066181059
814110,0.8582817959691669
814111,0.021289304111759118
814112,0.9831809307140718
814113,0.05883842257473816
814114,0.8367588094092704
814115,0.4833342933971658
814116,0.09363155460220557
814117,0.999976880823186
814118,0.9973173993600465
814119,0.906093479352062
814120,0.9996334125597247
814121,0.9999745686656034
814122,0.9487797496963005
814123,0.9997294954879228
814124,0.999860023216711
814125,0.4086784896015323
814126,0.9998602996942596
814127,0.05784686677952206
814128,0.8800910151469634
814129,0.9836579909584355
814130,0.718631688548223
814131,0.10959037319971413
814132,0.023797092917157096
814133,0.99992200400922
814134,0.9996890945472081
814135,0.9991693078695417
814136,0.5621820460924724
814137,0.9993151782930911
814138,0.9990977675764756
814139,0.9997310826673305
814140,0.399465840633887
814141,0.9947791794940672
814142,0.4602424239639846
814143,0.9999955324607485
814144,0.999902835513057
814145,0.015283230042301721
814146,0.7228357719899745
814147,0.9316259841892738
814148,0.9944765461863622
814149,0.9999714028111625
814150,0.04766093344207277
814151,0.9992831836435705
814152,0.0956794034856035
814153,0.1408985294494332
814154,0.9888350052581771
814155,0.9690908968905881
814156,0.8743494625660879
814157,0.4478655415235049
814158,0.6151126248668537
814159,0.9905883665508793
814160,0.5648839265064006
814161,0.4011453797304954
814162,0.036394630990258435
814163,0.5543412553696532
814164,0.9998195066745577
814165,0.9483588687383551
814166,0.8926827545236302
814167,0.17606740932518822
814168,0.9993950549015881
814169,0.8014212953545887
814170,0.9857102992833985
814171,0.12645800174501898
814172,0.8959142011916075
814173,0.9841316003915657
814174,0.999920295197903
814175,0.9956011133056566
814176,0.9994738838721579
814177,0.5395448850979834
814178,0.9999366914149164
814179,0.003938231759412123
814180,0.06060013103488672
814181,0.9996934509110952
814182,0.7233299544846432
814183,0.9247492970853441
814184,0.9307668439941802
814185,0.8249743327327659
814186,0.9998814063510322
814187,0.4977074978490157
814188,0.9086429577119325
814189,0.9801494052536199
814190,0.9858640267033314
814191,0.9631044911377584
814192,0.9481693568623663
814193,0.9892463308562751
814194,0.9977473804425652
814195,0.08209712773675723
814196,0.9999790610187015
814197,0.9916893062285864
814198,0.7045996976456982
814199,0.22639596064894052
814200,0.999736586940083
814201,0.2794648737690539
814202,0.9997948015989968
814203,0.5504573361587993
814204,0.8629678630249149
814205,0.17873697408504602
814206,0.9998277212602278
814207,0.999961842582977
814208,0.9967414336445453
814209,0.6041980610671673
814210,0.018759761823585838
814211,0.4304518318160355
814212,0.07619220327131719
814213,0.02896896764976492
814214,0.9997614945546431
814215,0.9884329321978838
814216,0.6052601991999343
814217,0.9998502007190124
814218,0.0059322455702726816
814219,0.9999441749659785
814220,0.6651975541988236
814221,0.9936002315480006
814222,0.9990854046921196
814223,0.20556907224043935
814224,0.9592757775140817
814225,0.9986035598803804
814226,0.9884716338641226
814227,0.0015812762101172651
814228,0.99912474263696
814229,0.9998277353200642
814230,0.25830336941941656
814231,0.9965508668521776
814232,0.999974899389517
814233,0.1729328876662343
814234,0.9999193907099202
814235,0.999988626223389
814236,0.8995494286240417
814237,0.2816064312318948
814238,0.8513591532686038
814239,0.999856009092374
814240,0.06582997445575539
814241,0.7014855569519455
814242,0.08236537035155242
814243,0.019134462512537517
814244,0.12266370088788331
814245,0.9857299558736694
814246,0.9990700367195182
814247,0.09838995174877213
814248,0.7029650737284858
814249,0.7256219641907712
814250,0.9997399839341559
814251,0.4923373608631328
814252,0.8350870747031143
814253,0.9997351810882422
814254,0.9999785635960946
814255,0.9997708584523914
814256,0.9999602449808387
814257,0.9979131809576013
814258,0.965928600572058
814259,0.9995947682384811
814260,0.9430698617392763
814261,0.9915333871033767
814262,0.8198682754874553
814263,0.999967227499164
814264,0.7565267776337464
814265,0.9620922280720878
814266,0.022915137312749304
814267,0.9973943962496361
814268,0.991987091001967
814269,0.9997626334563777
814270,0.9988213703646519
814271,0.647519153993191
814272,0.7649193471731666
814273,0.5475458363583037
814274,0.9060204214599732
814275,0.9998895748178909
814276,0.9994397446492396
814277,0.8435024311963921
814278,0.9563443398718332
814279,0.36522785920239675
814280,0.9537558332155824
814281,0.13443245528954248
814282,0.3723649216571353
814283,0.3098330480647876
814284,0.997546723189833
814285,0.42205443307956064
814286,0.7416012846188806
814287,0.3698299207703849
814288,0.9992331717920774
814289,0.9934350054662417
814290,0.2785207517594594
814291,0.8857248691162842
814292,0.9844643882979962
814293,0.9994774746952858
814294,0.4385740572795729
814295,0.999838303922095
814296,0.19703935063111433
814297,0.9386489815845549
814298,0.029191733884083363
814299,0.9696777510990391
814300,0.026417742648728988
814301,0.9998870547825209
814302,0.9999650181723713
814303,0.9992478815790936
814304,0.5565812616380185
814305,0.16787244125950002
814306,0.6725153619082509
814307,0.09876003400892017
814308,0.9918209592666967
814309,0.4503070812422427
814310,0.8176300598423438
814311,0.9999302496904212
814312,0.9977198872637807
814313,0.9999701532694395
814314,0.9710179867362951
814315,0.08298529431887938
814316,0.9995235014680715
814317,0.20522049241735468
814318,0.5461547106818292
814319,0.04537616139539995
814320,0.9459888611304647
814321,0.9854727926915107
814322,0.9999531678126038
814323,0.7202686524254812
814324,0.8361449920802904
814325,0.9683452851158689
814326,0.4984601759367325
814327,0.09251247177250874
814328,0.6763389997110891
814329,0.9448736429481855
814330,0.9997558776302992
814331,0.39145149235560384
814332,0.7099122953331152
814333,0.2827889265865838
814334,0.9692371715150578
814335,0.2696314193417677
814336,0.9985531209507452
814337,0.009397887157031735
814338,0.2645395869780412
814339,0.9984108117784386
814340,0.9987461792691714
814341,0.5828974712376636
814342,0.983083003935364
814343,0.5145842807430772
814344,0.921598186311666
814345,0.6180065215524245
814346,0.29668542964758726
814347,0.04320575134878572
814348,0.9946538680211393
814349,0.9886467111672559
814350,0.8781627246948985
814351,0.9980435566620718
814352,0.8592744034984361
814353,0.27796417403148627
814354,0.9614890624050078
814355,0.9999525122589246
814356,0.9457929030399972
814357,0.9997131723113507
814358,0.6207847127517263
814359,0.993930674771258
814360,0.9920397604494926
814361,0.7085701517709875
814362,0.9322221696375055
814363,0.03408697150986103
814364,0.004555937481258243
814365,0.9981835259575887
814366,0.954152676271878
814367,0.9161800716210178
814368,0.9995174631721924
814369,0.9999699064107237
814370,0.06227438198810552
814371,0.44005206784573364
814372,0.9999123075233023
814373,0.9870891050422108
814374,0.30090373083856664
814375,0.9998807934653419
814376,0.9981271368848672
814377,0.0070432534400892335
814378,0.20431733004530922
814379,0.9988882850712466
814380,0.7057152563739423
814381,0.9327844087783397
814382,0.9989224842073061
814383,0.7610166741242991
814384,0.23272885561563197
814385,0.9993538998990202
814386,0.7694421936043243
814387,0.9981072504800392
814388,0.9691650386215362
814389,0.8971891025063046
814390,0.9969089119946439
814391,0.7804413171811904
814392,0.9999143418315155
814393,0.9995447532650942
814394,0.18847222911096514
814395,0.9715852095444377
814396,0.048309746578582335
814397,0.9976205170724296
814398,0.5675827955095056
814399,0.9997076927414856
814400,0.9932700759485753
814401,0.6282634875958663
814402,0.352968785062134
814403,0.9990884022190101
814404,0.9999366753808159
814405,0.3394035227361781
814406,0.9999820877518049
814407,0.17906668524059063
814408,0.9440239963587427
814409,0.9253264444783336
814410,0.9999792712220351
814411,0.5647588406911972
814412,0.5690287968502005
814413,0.991365335806841
814414,0.337995962695552
814415,0.9999613497532032
814416,0.4236724570221183
814417,0.31438711264001457
814418,0.18069330743859677
814419,0.9829884319552843
814420,0.7135113506186086
814421,0.9990464261163114
814422,0.4271103907334094
814423,0.9995915981725563
814424,0.5303535242262303
814425,0.02570382807148943
814426,0.9991931831271366
814427,0.24928324458376377
814428,0.9998794885499113
814429,0.3106223420003078
814430,0.9998262834512116
814431,0.8246250003586095
814432,0.7207207636026928
814433,0.9996512117201728
814434,0.2515829776934434
814435,0.9957560511593326
814436,0.9993910219015746
814437,0.1739978023689876
814438,0.38023636282357776
814439,0.3543652422295504
814440,0.014610551660132354
814441,0.9999698833895716
814442,0.9987422436670739
814443,0.27637842793407363
814444,0.9969939506911545
814445,0.6588221630264601
814446,0.9999804084355925
814447,0.4468885367618672
814448,0.20048171198525658
814449,0.9945854952850752
814450,0.8303900976115874
814451,0.9993296827827435
814452,0.999985369856712
814453,0.9986155897228197
814454,0.9090892398659766
814455,0.8242614892047483
814456,0.10452385104131676
814457,0.011912826287183244
814458,0.8492000665304675
814459,0.9975452659657956
814460,0.9999739245616648
814461,0.9999043262479169
814462,0.9998969745380671
814463,0.9945517244143102
814464,0.2798946821601342
814465,0.9992706778664697
814466,0.8575318832492391
814467,0.8167661525139281
814468,0.9653294429122856
814469,0.45463928468791
814470,0.999771052310029
814471,0.2181534558535917
814472,0.24403473201381526
814473,0.07959186581925813
814474,0.99960178159068
814475,0.027948799658412127
814476,0.16591667198464952
814477,0.9977407353942178
814478,0.43205562400027897
814479,0.3567857849502729
814480,0.962122779288175
814481,0.07688571732256903
814482,0.07105469059724097
814483,0.8860721866188362
814484,0.9998006824836163
814485,0.44377047292321115
814486,0.6565709128879177
814487,0.9979296780989766
814488,0.9921916158282116
814489,0.34707164648705124
814490,0.8964840889441996
814491,0.999112228942268
814492,0.9775534680653191
814493,0.8073261634548314
814494,0.999963217700054
814495,0.9481180387513334
814496,0.9877313885446265
814497,0.9999652695253043
814498,0.7050690480382651
814499,0.024622662917647642
814500,0.038490598943397306
814501,0.01257271766018529
814502,0.2619507541074507
814503,0.9410114412300646
814504,0.9997704113936936
814505,0.9025785386366438
814506,0.8283235295110427
814507,0.17872666277809984
814508,0.995993886107759
814509,0.4887179881270939
814510,0.7537920212224418
814511,0.9995561227991104
814512,0.04469030326935123
814513,0.6703011332193742
814514,0.9856685187607268
814515,0.9624928860428952
814516,0.9454162214108048
814517,0.9911786243308995
814518,0.16449893297951917
814519,0.9976630128034829
814520,0.4938273742770029
814521,0.999953099532231
814522,0.6364566606917816
814523,0.23967072955884894
814524,0.9769702551063403
814525,0.9988534610920455
814526,0.2400942506883903
814527,0.9294304256989316
814528,0.9992717656951462
814529,0.015759693059286983
814530,0.984566869776326
814531,0.9943784325232463
814532,0.7359965758943907
814533,0.7782321094660316
814534,0.15877452226442668
814535,0.9997900408217256
814536,0.21010421168236815
814537,0.9833456196158259
814538,0.996207475161285
814539,0.9983005676984746
814540,0.036059792325700335
814541,0.9953768364426765
814542,0.9938298664342762
814543,0.981497755901127
814544,0.27576968507144917
814545,0.9450974419447309
814546,0.9998693243582311
814547,0.38404747354578994
814548,0.052656153482809734
814549,0.9764994803178336
814550,0.9496314193647832
814551,0.8067755375370306
814552,0.9917783136067762
814553,0.9996882632818356
814554,0.7139377507266644
814555,0.19802411125396407
814556,0.018776264976534396
814557,0.7573541211093142
814558,0.8684387625858367
814559,0.916952179953494
814560,0.9962008108096461
814561,0.40602345867687145
814562,0.004689684020618196
814563,0.999902355547196
814564,0.8454443120084305
814565,0.5299115715908121
814566,0.597232272669198
814567,0.037772181546070184
814568,0.0173305614582856
814569,0.7938796267014112
814570,0.33139157626333515
814571,0.9995561832705188
814572,0.9989962670750525
814573,0.16479665118331915
814574,0.5750132896616102
814575,0.999570515760049
814576,0.0065090891832871225
814577,0.6888982830571317
814578,0.02114149797419751
814579,0.9843608526973132
814580,0.01172990936164735
814581,0.9105276937503729
814582,0.04467435265488684
814583,0.9460247096001438
814584,0.8857854005550996
814585,0.013191305571011388
814586,0.2626319943967236
814587,0.7564909797549351
814588,0.9292935002079608
814589,0.1372046587830995
814590,0.5212881175518117
814591,0.1463252591146459
814592,0.9991629312716863
814593,0.9998895797515125
814594,0.9953848517037815
814595,0.10858184687448597
814596,0.9994172682192138
814597,0.9999910781777337
814598,0.6309680089717411
814599,0.5165234848050929
814600,0.6031522325170412
814601,0.8229491562610092
814602,0.9999313954259639
814603,0.9085644342081594
814604,0.9166698541635898
814605,0.9896629931764163
814606,0.9926434273327772
814607,0.9988747019957831
814608,0.1346958357984703
814609,0.7498678327970243
814610,0.9460319700741971
814611,0.5966749962683063
814612,0.40312794508695093
814613,0.543342889038037
814614,0.9613140361086813
814615,0.28755666487412057
814616,0.6766010074463211
814617,0.016219345214126428
814618,0.9984657539724109
814619,0.025389826821812185
814620,0.9841323885617174
814621,0.02887447917045085
814622,0.19862179245562678
814623,0.9071560770101066
814624,0.9951866537013891
814625,0.9993816194408482
814626,0.8857555317081436
814627,0.9312613871536952
814628,0.3353215592668627
814629,0.7427360744336582
814630,0.3017605872228831
814631,0.2505347346705653
814632,0.9999046798723691
814633,0.9882939730592635
814634,0.4022211084539108
814635,0.007488861016652215
814636,0.996828027292646
814637,0.8694661255940485
814638,0.9868937981424895
814639,0.8857292427111068
814640,0.9469688002665148
814641,0.5242200606990776
814642,0.999250021966975
814643,0.07041518765721859
814644,0.7769578237109508
814645,0.481657869948156
814646,0.9983243070763288
814647,0.9975444839195364
814648,0.08423581686692576
814649,0.674729682304722
814650,0.134313877069411
814651,0.9951585632711936
814652,0.49807055731341904
814653,0.999902111332326
814654,0.2654294519918844
814655,0.9980336573645484
814656,0.7960779442049932
814657,0.9992440804221259
814658,0.4328044632291397
814659,0.9894905730310661
814660,0.03988806526967696
814661,0.9710854239521591
814662,0.19557960799667146
814663,0.9989920701963682
814664,0.002443307674460043
814665,0.22512212467753354
814666,0.9807219288543156
814667,0.21999224026332398
814668,0.9999585633021204
814669,0.9998669793019132
814670,0.9949113210792107
814671,0.903831063928622
814672,0.0526406436187403
814673,0.9937641482532935
814674,0.40931566559761645
814675,0.43142931023150066
814676,0.9998532006244204
814677,0.5972659421878135
814678,0.9149418883066083
814679,0.9906610241689848
814680,0.9957237921689376
814681,0.7678508720696806
814682,0.09979491974981511
814683,0.0006994835307457413
814684,0.9997671594240938
814685,0.9791832244777685
814686,0.03654223319442099
814687,0.9986508381798291
814688,0.9999943008018748
814689,0.7818140469983141
814690,0.016251090416851226
814691,0.9938987190178984
814692,0.6413979596739677
814693,0.08738519910565518
814694,0.1405715803782928
814695,0.11412288190079603
814696,0.9993885684094047
814697,0.24333539341924015
814698,0.9997009134708871
814699,0.9999637409317595
814700,0.9937420190498305
814701,0.5108843467420575
814702,0.9987404913971536
814703,0.8741312312108322
814704,0.9004881506509302
814705,0.6237230913767524
814706,0.997725740845236
814707,0.9864283575804942
814708,0.9921773288974165
814709,0.9992479388029363
814710,0.9967532878136653
814711,0.3580884197449752
814712,0.2975911062464843
814713,0.743716545698724
814714,0.43162243149347135
814715,0.9136452954297816
814716,0.9782189313356469
814717,0.01516014233462758
814718,0.8961919922271702
814719,0.9997073333016758
814720,0.985780610831005
814721,0.9353470294870492
814722,0.039680488058371065
814723,0.9949246425222442
814724,0.8203251848158357
814725,0.9996660058176212
814726,0.658937647193738
814727,0.876989656566144
814728,0.4169101578882477
814729,0.993216509520745
814730,0.049870648209239324
814731,0.22911384454551942
814732,0.99504634369298
814733,0.961490877931853
814734,0.7168817369449569
814735,0.9134835951019002
814736,0.5158002016597996
814737,0.6892000183354253
814738,0.8410405342290018
814739,0.9874551641506282
814740,0.019986358440885157
814741,0.1029979675877655
814742,0.5478676314068991
814743,0.5103874844288826
814744,0.9996023532249845
814745,0.8998334441140928
814746,0.9004685358489013
814747,0.9916374150167209
814748,0.9987029023643459
814749,0.03543061974090225
814750,0.6186429489227492
814751,0.8537801360300665
814752,0.909944234936106
814753,0.8915460594162834
814754,0.08975827745030127
814755,0.9993602784463465
814756,0.9602811880629168
814757,0.9185989460619493
814758,0.7529243202460265
814759,0.8277695909209484
814760,0.7845553555604778
814761,0.9073992592741494
814762,0.813695714120799
814763,0.740500388822682
814764,0.13362751379881438
814765,0.9301881794619815
814766,0.7831983620600939
814767,0.6839498815556074
814768,0.9995470249095744
814769,0.9911154473417696
814770,0.9982256961249374
814771,0.731327107591129
814772,0.20521808687186252
814773,0.9955800715959281
814774,0.47746691182500056
814775,0.9999388523650308
814776,0.991859162706336
814777,0.050940176984766064
814778,0.9955659229410083
814779,0.9930171106423682
814780,0.999678441339821
814781,0.19120824328350466
814782,0.9996611179113699
814783,0.19720633631382212
814784,0.16780644940348555
814785,0.0928380859620409
814786,0.42327726079937394
814787,0.2605138376159419
814788,0.9976285002376162
814789,0.844699646586243
814790,0.41403286573467396
814791,0.5349725292488953
814792,0.8696066542367705
814793,0.4441601828570009
814794,0.06405499155269304
814795,0.9999591343418331
814796,0.01807313003431705
814797,0.9003773660374649
814798,0.7337361070791935
814799,0.9805472968018725
814800,0.974071523156846
814801,0.00568210160699298
814802,0.09282799077549864
814803,0.8198392914223032
814804,0.9997773497969634
814805,0.8024250741206314
814806,0.957659695205056
814807,0.6069046478874414
814808,0.9999891655028121
814809,0.9886353481680175
814810,0.6368596734957629
814811,0.9980044880633971
814812,0.9997601782203438
814813,0.014059949940841386
814814,0.9628528006175843
814815,0.023435977334943216
814816,0.3925634734362522
814817,0.9854176966240276
814818,0.9984306380709987
814819,0.42962141575559154
814820,0.9998169885619161
814821,0.9969299989277931
814822,0.9221441059581572
814823,0.7823978935245606
814824,0.9984447174182401
814825,0.005521517675176406
814826,0.9060639556562458
814827,0.11053113396121422
814828,0.9998079763593763
814829,0.9965573195897262
814830,0.23188664228223166
814831,0.7253895747027909
814832,0.11598602620706325
814833,0.6371324373184003
814834,0.9671427109698602
814835,0.9989152426155008
814836,0.7718049182704868
814837,0.9410138979400609
814838,0.9990986826703065
814839,0.9346898410101111
814840,0.9758652703985077
814841,0.9810835963029687
814842,0.03401322508634275
814843,0.9466973110490347
814844,0.9938346144987968
814845,0.8433378902300044
814846,0.5355922092234218
814847,0.8277065806432378
814848,0.47452571324774173
814849,0.746337705652993
814850,0.8810699143669611
814851,0.305184270290373
814852,0.051242823134978556
814853,0.2791965275922869
814854,0.999071178241731
814855,0.6924567680925677
814856,0.2854780208250501
814857,0.6315431853194445
814858,0.9999836253044105
814859,0.9484182807831119
814860,0.9999401537864944
814861,0.9999276536760843
814862,0.999850105758308
814863,0.9983016435678032
814864,0.9999787067052386
814865,0.9999347659817288
814866,0.9793608241211968
814867,0.007078203274934275
814868,0.9947175593022737
814869,0.9999954344828943
814870,0.18413976510272162
814871,0.9997592309232723
814872,0.7968740450582366
814873,0.9920192780820584
814874,0.9287036182544173
814875,0.5551852868981745
814876,0.9515047827798219
814877,0.9997470038306431
814878,0.937208337575832
814879,0.1476513438298534
814880,0.6276492831272728
814881,0.059567269319919895
814882,0.8202565521483811
814883,0.9970528866131855
814884,0.7038766767522103
814885,0.9999858518023059
814886,0.9998333594720877
814887,0.9926385647053391
814888,0.9998220279400774
814889,0.16154871900638104
814890,0.6798269402264392
814891,0.7935825680647686
814892,0.4683217729048119
814893,0.8443383617132458
814894,0.9612957601662064
814895,0.913302240245816
814896,0.9423312110345177
814897,0.01142490276814024
814898,0.00852264500447475
814899,0.9997161954010654
814900,0.858273856297729
814901,0.9999333579099254
814902,0.10506504511156478
814903,0.9997583849323745
814904,0.0633993581638153
814905,0.49077196641637505
814906,0.9763445548228009
814907,0.987315231230049
814908,0.9903308532489208
814909,0.9959523720175951
814910,0.9996100448360875
814911,0.1031751016022214
814912,0.9999484276979672
814913,0.9526417272897092
814914,0.9915894058211585
814915,0.9618319362911104
814916,0.9728559333713319
814917,0.9999907158516056
814918,0.9984600774517957
814919,0.5431008930349372
814920,0.8233871107379255
814921,0.9997572870439244
814922,0.6307722965187543
814923,0.09100782492549538
814924,0.9987534756609752
814925,0.9984262622799458
814926,0.4380656388616268
814927,0.8332691783738693
814928,0.9997717713273839
814929,0.6443262629321109
814930,0.9531383958214625
814931,0.42039713100813647
814932,0.9993315441149033
814933,0.9802262539715973
814934,0.9996393115457168
814935,0.9998999394197543
814936,0.044552491449603535
814937,0.2812414079430729
814938,0.6258086537047863
814939,0.6535938740108332
814940,0.9679733633024827
814941,0.7817956335252765
814942,0.6388166107845351
814943,0.22433962819524023
814944,0.9963479081706574
814945,0.009722031158683038
814946,0.005253416681754988
814947,0.9991824101164729
814948,0.9918886988886007
814949,0.9528503529904725
814950,0.9999767501035539
814951,0.09678500808826662
814952,0.999396731880535
814953,0.9964812535564893
814954,0.9998749104355087
814955,0.022902113432055754
814956,0.6491986931637583
814957,0.9999310645314843
814958,0.029093172528653774
814959,0.2851253591583274
814960,0.29124719473047267
814961,0.8326333516160838
814962,0.8655103431162486
814963,0.9990266920405431
814964,0.15688606585380266
814965,0.8474632662320563
814966,0.9993089479759787
814967,0.6023172611215278
814968,0.9996980647955898
814969,0.012213516234291413
814970,0.995623711782021
814971,0.9999781227719846
814972,0.5854215938327837
814973,0.03963026510513928
814974,0.0647942152205397
814975,0.9976046710845285
814976,0.9961515413869858
814977,0.8115443003701559
814978,0.9991280947738974
814979,0.18803720238362154
814980,0.9997624587316216
814981,0.005549826528735226
814982,0.9998443259180564
814983,0.8858948012745014
814984,0.9998447255852677
814985,0.21500403396945555
814986,0.9525816123728306
814987,0.9850180594702977
814988,0.867325551764762
814989,0.9926246422201592
814990,0.23814351243219128
814991,0.9686616454904793
814992,0.9999718450509076
814993,0.9998494401066317
814994,0.6320287574128133
814995,0.9891195259334317
814996,0.24779979160359294
814997,0.09562583355460896
814998,0.9997972751314137
814999,0.34361019537345705
815000,0.9901693397611396
815001,0.9986983082341241
815002,0.8266833763897685
815003,0.006223337441097763
815004,0.9976796847306441
815005,0.9987043901728353
815006,0.9087708038389744
815007,0.22760840729954193
815008,0.05971856695535063
815009,0.997845935836335
815010,0.04772214022385757
815011,0.5878441599895945
815012,0.9993109174541526
815013,0.988628516058418
815014,0.7352045766618933
815015,0.9997163738423887
815016,0.014465494955904712
815017,0.9783160727543055
815018,0.9597554190960089
815019,0.3732362708613578
815020,0.9882088891767742
815021,0.9644362448466216
815022,0.9970615017521351
815023,0.9925950953040027
815024,0.05435898444733664
815025,0.37374149292739134
815026,0.13584133105268686
815027,0.2680043321177347
815028,0.23194293235002578
815029,0.9995476733864944
815030,0.7610067586102779
815031,0.031463230379418325
815032,0.9929214879875056
815033,0.9999296413254176
815034,0.9999330355393092
815035,0.9717990985458814
815036,0.6128110084263155
815037,0.9998450000150703
815038,0.30302930496101554
815039,0.8682772458879068
815040,0.8794304010829483
815041,0.6265336143741936
815042,0.9978234073866925
815043,0.9993378553987732
815044,0.5630395694028567
815045,0.9994917013663376
815046,0.26723937930062464
815047,0.7352371374430446
815048,0.5360276672459545
815049,0.9001910532497368
815050,0.03224504621959439
815051,0.022010327390703948
815052,0.27878575375417786
815053,0.9621947043401078
815054,0.9998458519839476
815055,0.6786490291399254
815056,0.4526243404595838
815057,0.9993559225126984
815058,0.9973089849576349
815059,0.9999805896726393
815060,0.8190029225778082
815061,0.9993454335410219
815062,0.6298515164525819
815063,0.5588603434202795
815064,0.17992414405826535
815065,0.672711284158134
815066,0.5651300952404601
815067,0.9949571672096773
815068,0.620533400742051
815069,0.585602435715843
815070,0.41622194190422734
815071,0.9849975633254411
815072,0.219113939048053
815073,0.03932352480632354
815074,0.7082314790162608
815075,0.9996969820988332
815076,0.431301092076652
815077,0.9979883575669992
815078,0.9953747975919
815079,0.16021485316846895
815080,0.9999232614476916
815081,0.9872262950101514
815082,0.9998765654004573
815083,0.9795702282425778
815084,0.9996136558517447
815085,0.33603478625819805
815086,0.1168501004491776
815087,0.9715987464179543
815088,0.9069919055433366
815089,0.4299512954977496
815090,0.9994518264009272
815091,0.43065870404954043
815092,0.04348772446306908
815093,0.0189228834920641
815094,0.3511664156630539
815095,0.9987269670298271
815096,0.00429161179052033
815097,0.2023216471018516
815098,0.4879475468116186
815099,0.940785808324555
815100,0.9998575609812628
815101,0.38151793368316994
815102,0.7968176015937732
815103,0.5749001972044288
815104,0.9561939019706451
815105,0.7686233030399386
815106,0.997541744751814
815107,0.9991539674146774
815108,0.9997267971632384
815109,0.4235874382646679
815110,0.9397096126496859
815111,0.9995718292176213
815112,0.065184067375368
815113,0.9846727057375768
815114,0.9997937801102021
815115,0.12519604069793025
815116,0.6760155123095313
815117,0.9999889943938284
815118,0.7831902142572964
815119,0.0470092434008875
815120,0.6945776916810711
815121,0.9968989096200697
815122,0.9003954235010297
815123,0.9997127823696645
815124,0.9991390511319925
815125,0.9995793093178621
815126,0.016029640684455428
815127,0.998211124217697
815128,0.9993400272334286
815129,0.15273510477767965
815130,0.05870059889329759
815131,0.9996233105267069
815132,0.9999566245665448
815133,0.9998613145611233
815134,0.5225218020276367
815135,0.9999379762463612
815136,0.9998508337193663
815137,0.9999192212952799
815138,0.9996243506575058
815139,0.9998014433857296
815140,0.9998352734883926
815141,0.012546816508079185
815142,0.991463859820269
815143,0.6976898473838566
815144,0.9995821252032561
815145,0.9047285734699031
815146,0.9833992568650014
815147,0.9998697170695897
815148,0.9993428221269116
815149,0.5780911859868019
815150,0.9161998930206419
815151,0.9112568639876836
815152,0.981081492039247
815153,0.6557619588499177
815154,0.9933566067537969
815155,0.9514347158433485
815156,0.9999375918458584
815157,0.9999350079271679
815158,0.999975750265827
815159,0.9948745757365105
815160,0.71631893254073
815161,0.9838263419256524
815162,0.8510360197023858
815163,0.9998271806035773
815164,0.9890748159675116
815165,0.9942622591658339
815166,0.9616957731180518
815167,0.7292656099628895
815168,0.023326136426294747
815169,0.002980024009657684
815170,0.17698684926068803
815171,0.36869793354667435
815172,0.99672379746699
815173,0.4902437934450714
815174,0.04509753506660085
815175,0.35598167538437475
815176,0.024310179096902806
815177,0.9999592410047544
815178,0.9999043785620956
815179,0.23781857239790585
815180,0.998162048830059
815181,0.13219019972293564
815182,0.9104034190579504
815183,0.9997657956222696
815184,0.8670210368311363
815185,0.9997953353108304
815186,0.973335906288788
815187,0.9220761718875585
815188,0.9752678473941865
815189,0.9993202014127156
815190,0.06687557571626003
815191,0.05269536090102138
815192,0.2464417795741162
815193,0.8601715182102495
815194,0.8715998175916149
815195,0.9983244800245556
815196,0.11398488306687009
815197,0.99995619456581
815198,0.9999531183464629
815199,0.6293894901328132
815200,0.9996334277930314
815201,0.03295512009217651
815202,0.9996283440900313
815203,0.14898049289630172
815204,0.7035941372662777
815205,0.336172861134409
815206,0.13188590270516545
815207,0.8986517262552236
815208,0.6573404075729508
815209,0.9988522242575848
815210,0.8393822332556329
815211,0.9987362918083555
815212,0.2525298545760296
815213,0.9959196880837782
815214,0.9893118837520796
815215,0.9759176061008139
815216,0.8513862658298587
815217,0.9925992789009166
815218,0.9837117224241805
815219,0.593659382912293
815220,0.9916825786364589
815221,0.9994456299760686
815222,0.9995486618547729
815223,0.9869053256755327
815224,0.5701517535908823
815225,0.9998416429763541
815226,0.9072007871376466
815227,0.9998205030752872
815228,0.9999931029186172
815229,0.08214757202806372
815230,0.9989219626646015
815231,0.2919492104313737
815232,0.9986095306023516
815233,0.13174909764076434
815234,0.8973472206210558
815235,0.8615178032183117
815236,0.747326328357723
815237,0.9669751641359664
815238,0.9975562936774698
815239,0.9999595674672175
815240,0.4281641773700383
815241,0.7926845490659713
815242,0.5736548803324513
815243,0.9996181926312765
815244,0.9106085262513122
815245,0.9989092983234763
815246,0.9999234290713047
815247,0.9994769204238048
815248,0.2610570060954606
815249,0.38976669366560157
815250,0.8960993120364154
815251,0.7618839448129111
815252,0.9962674079898626
815253,0.26814205221380366
815254,0.9928593635662051
815255,0.4326330905892335
815256,0.4710402210634923
815257,0.900931363316261
815258,0.954394193885382
815259,0.11199289453348786
815260,0.5747596295745274
815261,0.8228795826303377
815262,0.7231352199028367
815263,0.9916438527695375
815264,0.9456407986676865
815265,0.9620036391219027
815266,0.5564654563832194
815267,0.9966166036970752
815268,0.9993832524149608
815269,0.5929763987138915
815270,0.9935650332128827
815271,0.11185177335943824
815272,0.9952259169788915
815273,0.9944549677478591
815274,0.997082143330515
815275,0.9996429084661392
815276,0.9473716025255716
815277,0.02345872655650503
815278,0.6887750286404605
815279,0.9999841911951437
815280,0.23771925408937306
815281,0.8247166537449775
815282,0.05416485088945307
815283,0.6011626675341347
815284,0.9994763515389933
815285,0.9999755139925257
815286,0.8277946213212615
815287,0.9999021598367083
815288,0.8620995647019704
815289,0.8975017336147606
815290,0.250215780500289
815291,0.9988802030827586
815292,0.9998115935810465
815293,0.5953282833433773
815294,0.9559154857720906
815295,0.9869687122672431
815296,0.07824724725819913
815297,0.6232025466685839
815298,0.8313017433846714
815299,0.897265425189969
815300,0.35646292645244
815301,0.050586936447371555
815302,0.906862003911155
815303,0.9999416985071681
815304,0.0693995459950678
815305,0.8263104700811457
815306,0.013253521649171277
815307,0.9995696080537178
815308,0.9935093035188067
815309,0.9998999522799766
815310,0.95292129417126
815311,0.989169053651453
815312,0.1111880223186639
815313,0.027507322079580322
815314,0.5636849911015125
815315,0.8428357929753538
815316,0.015493995227584805
815317,0.9958408744077648
815318,0.1129259459873692
815319,0.8158285810825411
815320,0.8845203023665336
815321,0.16566075534588612
815322,0.9993968281094141
815323,0.9137005857089429
815324,0.9998889216177534
815325,0.9999399453549767
815326,0.9989234022469253
815327,0.9832576556499666
815328,0.9184857089812339
815329,0.9869159870825539
815330,0.28249364813701744
815331,0.9982774841646096
815332,0.005397021402604174
815333,0.39920809853334327
815334,0.8721264523763235
815335,0.9856385496469
815336,0.8483420043764665
815337,0.41359801576764954
815338,0.1139763006463796
815339,0.9988675060110284
815340,0.17038251350286504
815341,0.733794581369005
815342,0.9999723253683083
815343,0.36584110201852715
815344,0.9919222330173654
815345,0.24041664509238556
815346,0.053798037000302695
815347,0.8693240946205336
815348,0.5964340595674269
815349,0.895404126942259
815350,0.999298079629493
815351,0.7063774599412722
815352,0.9925059571070489
815353,0.9997941764278103
815354,0.8189059915251236
815355,0.6152133589080275
815356,0.22916121585870053
815357,0.8381985354911885
815358,0.9954972969529129
815359,0.9999271330089889
815360,0.9446670529385759
815361,0.9066257463708343
815362,0.9954916625217984
815363,0.11519406084651819
815364,0.9500686717827971
815365,0.02052575640879679
815366,0.9998492310167806
815367,0.9999839123387647
815368,0.9178278296927314
815369,0.9999335400733055
815370,0.07765148712825373
815371,0.8384534885965456
815372,0.246013051003945
815373,0.7281949290960614
815374,0.9999206399142434
815375,0.06553082739058567
815376,0.9559925927559587
815377,0.9996913611257419
815378,0.930451333185857
815379,0.991884798835941
815380,0.9997339835689808
815381,0.4683449202678701
815382,0.9990154190734437
815383,0.7988671807005971
815384,0.9976250800497906
815385,0.07796675386902724
815386,0.9995407926834203
815387,0.9999034201021139
815388,0.10059050493070149
815389,0.29248516015978326
815390,0.9947386661724821
815391,0.15638693023819353
815392,0.9989711636395906
815393,0.5791405558674961
815394,0.8875912934930572
815395,0.041581469931043856
815396,0.5145110602138759
815397,0.9932026520071897
815398,0.3469676853080168
815399,0.3557578370470787
815400,0.999312692923672
815401,0.9279316656581738
815402,0.9982840026569235
815403,0.9819008427412608
815404,0.8245300529941965
815405,0.14568055700091295
815406,0.999590716670234
815407,0.9996032766291592
815408,0.2175436687779019
815409,0.3832342378800726
815410,0.9998981738018188
815411,0.13007155461298703
815412,0.9995163673764142
815413,0.9997389907180205
815414,0.6275862804140195
815415,0.2541183015507021
815416,0.9869298239921451
815417,0.9997994409380342
815418,0.9996848432230201
815419,0.051652279937688714
815420,0.750564920672931
815421,0.6369839252915714
815422,0.9998490812160022
815423,0.9775782042657932
815424,0.7350548161377335
815425,0.3893355718774692
815426,0.34536535221303366
815427,0.9999197111747502
815428,0.7203306757156638
815429,0.9995502882177494
815430,0.9730216827994933
815431,0.9998793069560328
815432,0.010254211937522307
815433,0.9917384136911735
815434,0.9873588943972029
815435,0.9389040326910374
815436,0.9395900372649286
815437,0.42638127780330565
815438,0.7863532977742598
815439,0.9996305495040115
815440,0.13057966780589628
815441,0.9999180909216229
815442,0.9606815188532037
815443,0.9693362524943732
815444,0.1843303384552841
815445,0.039041388703999126
815446,0.9618660487495627
815447,0.9999871712289914
815448,0.08488087987800572
815449,0.22623548672570953
815450,0.9043771844645638
815451,0.10982532380915075
815452,0.999854354758012
815453,0.0394965673041936
815454,0.99927130020104
815455,0.4551480353440601
815456,0.9997562919609734
815457,0.9999597281057039
815458,0.9998745811705991
815459,0.5760766703580569
815460,0.9989113764955709
815461,0.025653738142717528
815462,0.9935657763460812
815463,0.9835808590604882
815464,0.9166637449261675
815465,0.19002644461334703
815466,0.012150830312257794
815467,0.9985487948662772
815468,0.9529309820744443
815469,0.11366434060287015
815470,0.9999236177932879
815471,0.9101033116304917
815472,0.2558925618998575
815473,0.0660827034749504
815474,0.7729083838269217
815475,0.9996678546538842
815476,0.5712539556452898
815477,0.9998311805591862
815478,0.9987026218292016
815479,0.10355242121294964
815480,0.7347965112352162
815481,0.5135028847976542
815482,0.9118711348834945
815483,0.5147328294628568
815484,0.04499578449029017
815485,0.4369133955964538
815486,0.05650434812424649
815487,0.19765140388847457
815488,0.9885029494431729
815489,0.9999673286647814
815490,0.8782921497855657
815491,0.9986952080309526
815492,0.9933804899243575
815493,0.9996052566378114
815494,0.327133915620773
815495,0.964369902783367
815496,0.3806535543264478
815497,0.9947713041273208
815498,0.06982193253627306
815499,0.3431704565232609
815500,0.9985617712215722
815501,0.4116057652625382
815502,0.9875971975261228
815503,0.021894903629637745
815504,0.9996004845563548
815505,0.7820963912115686
815506,0.9956859980617596
815507,0.9344688425036285
815508,0.5187604150558687
815509,0.9999691858926889
815510,0.36119527082360736
815511,0.12704508819674487
815512,0.16120018490332988
815513,0.9998129455890581
815514,0.45958132239820976
815515,0.537317340289871
815516,0.47436321359289535
815517,0.9729332067769518
815518,0.9997800875614093
815519,0.9229424729086415
815520,0.08254753175585042
815521,0.9998898185192673
815522,0.4284396669734678
815523,0.9918113040752842
815524,0.2130555170975265
815525,0.988155049274042
815526,0.9694399733135388
815527,0.76730256894737
815528,0.9042586179299874
815529,0.9920451717138945
815530,0.25461648115839947
815531,0.9935933737218728
815532,0.9650284039946166
815533,0.983225158430584
815534,0.006746890243930839
815535,0.9998422767615434
815536,0.43640789832746285
815537,0.8056644244669223
815538,0.13227754178634427
815539,0.9974304499192647
815540,0.9999051125482927
815541,0.028798922642790267
815542,0.013420656494380602
815543,0.999882536630645
815544,0.9979032856917488
815545,0.9657423136025486
815546,0.08045663925120154
815547,0.9988875099006924
815548,0.9968267688693713
815549,0.9938111354626071
815550,0.999988010819105
815551,0.9922096459349721
815552,0.9852153027823385
815553,0.22119302181371653
815554,0.9999504135385711
815555,0.027914218912572758
815556,0.9993476028266697
815557,0.9047831137391438
815558,0.999920249407124
815559,0.9163160933308749
815560,0.8302727691765562
815561,0.9722891835325598
815562,0.7591788016356997
815563,0.9977571297627967
815564,0.9487382203419692
815565,0.9199737769874894
815566,0.9493774295882886
815567,0.9998895844142407
815568,0.9042843833352588
815569,0.5805093450852167
815570,0.999947262724806
815571,0.9840766947461063
815572,0.6667873591442566
815573,0.9993508331002487
815574,0.9995450200374405
815575,0.9985470224778832
815576,0.03580017700639933
815577,0.9999806619872811
815578,0.20120310570148747
815579,0.9999619938922224
815580,0.7984587331602646
815581,0.3193063151401836
815582,0.9997630731345716
815583,0.9998474558018828
815584,0.9870060754304123
815585,0.9986398885020833
815586,0.9999086581081946
815587,0.9998698161530002
815588,0.9999325889889856
815589,0.999920032777083
815590,0.6130111284409842
815591,0.9628349264289046
815592,0.753414159128462
815593,0.9796580036342484
815594,0.5925444085635007
815595,0.9999746000111158
815596,0.9354217890820835
815597,0.966147510773667
815598,0.24805053648395903
815599,0.7809237657363515
815600,0.8781649131203999
815601,0.9591657310584796
815602,0.9987858495366286
815603,0.9999500869410569
815604,0.9440037956696938
815605,0.018930050898934757
815606,0.9923023002196631
815607,0.2869918936648792
815608,0.0022285368737515153
815609,0.9998430671663987
815610,0.5116776674240237
815611,0.9998020850022002
815612,0.9999301881957126
815613,0.998985200388084
815614,0.9986837134678919
815615,0.9480041113480511
815616,0.7285960855302789
815617,0.3749119882355555
815618,0.9989355617504868
815619,0.906609931011619
815620,0.9983880829071479
815621,0.9901906971020225
815622,0.7974628186543079
815623,0.9539125068564912
815624,0.9607859742139856
815625,0.9999687313381314
815626,0.9999625866962396
815627,0.9780927780533445
815628,0.981232270974975
815629,0.9964911909537592
815630,0.9102903390180525
815631,0.5982312514280764
815632,0.866954851583714
815633,0.2236095192487717
815634,0.13184476717603835
815635,0.9991044832448142
815636,0.3528489132622282
815637,0.9998205948987278
815638,0.14406789570123843
815639,0.14360366345760214
815640,0.9991997173999903
815641,0.9997280219474598
815642,0.9888479772482595
815643,0.030896395785486013
815644,0.9999032490317128
815645,0.9993433978414874
815646,0.9997715291565212
815647,0.997916242245213
815648,0.9986527585519082
815649,0.17691665317265293
815650,0.9998085198914914
815651,0.9999453905901673
815652,0.9834947509137159
815653,0.5729305546882082
815654,0.9998514933594383
815655,0.6938077900915773
815656,0.508036960291186
815657,0.24697195858338938
815658,0.9937313996397895
815659,0.9506778820316345
815660,0.9975450174925233
815661,0.19591045236155635
815662,0.10133512818413577
815663,0.2610738059580646
815664,0.9997367467618689
815665,0.999889370584286
815666,0.7373576424727619
815667,0.10640540442663779
815668,0.9944480582230956
815669,0.970473766304887
815670,0.9796047187945108
815671,0.9579304381693129
815672,0.9451755182853054
815673,0.3762323452938255
815674,0.17955007108089222
815675,0.6821630396427704
815676,0.9927626408428181
815677,0.9966158982719834
815678,0.9999639387064192
815679,0.9997091028394063
815680,0.14930796278556624
815681,0.8905639401825254
815682,0.6623359569623672
815683,0.9969103709118223
815684,0.9517050199057184
815685,0.15899729129716197
815686,0.999494384510202
815687,0.924854859319989
815688,0.9999736284988459
815689,0.9161183869639116
815690,0.060833422988674515
815691,0.5474110030137765
815692,0.5478335580063626
815693,0.3481999695300898
815694,0.9675028072664971
815695,0.867574057809318
815696,0.757429123418589
815697,0.19455842462801376
815698,0.11638101029227055
815699,0.4377477983401744
815700,0.9998610525791827
815701,0.36768557655086553
815702,0.8858960944631216
815703,0.9952738610574787
815704,0.6084609444518269
815705,0.9760778947099495
815706,0.859864152549833
815707,0.9957454271165893
815708,0.9207663446781607
815709,0.05973579310727521
815710,0.22625780122873285
815711,0.2199519163932832
815712,0.6628115014603106
815713,0.44691835342872277
815714,0.9988991074714328
815715,0.8379959942644075
815716,0.9989702511019669
815717,0.8774545033887202
815718,0.9777103688870248
815719,0.9999212308003229
815720,0.999948293360732
815721,0.47423513557862096
815722,0.9780885973747053
815723,0.9998415111946094
815724,0.7944418703564529
815725,0.6342088634227964
815726,0.9997464519519234
815727,0.5758002111138063
815728,0.2921935420743348
815729,0.09143243923400586
815730,0.28377748948819287
815731,0.999625180060649
815732,0.7536406718077804
815733,0.999807984116594
815734,0.9997145011344941
815735,0.04061956778522443
815736,0.27137937009004864
815737,0.8248891058518361
815738,0.6503296558102891
815739,0.851366089602533
815740,0.02148584543571482
815741,0.9973310428811728
815742,0.9999108890347326
815743,0.9874015198866689
815744,0.16675207561510713
815745,0.5412545702806248
815746,0.29315659226218155
815747,0.996448106742956
815748,0.984275046783775
815749,0.9997142819239211
815750,0.49549221370114693
815751,0.9995759054908595
815752,0.9843936232289183
815753,0.999681491494907
815754,0.97310090015998
815755,0.6031037335765995
815756,0.05097138052022966
815757,0.8545372057018814
815758,0.01121643466302636
815759,0.999433237150231
815760,0.9846193891281942
815761,0.999932265032524
815762,0.8781963269495087
815763,0.9999343826170903
815764,0.943980449715603
815765,0.8735493861325245
815766,0.9887695256078186
815767,0.9998553230981154
815768,0.5627198091842804
815769,0.050369520793755854
815770,0.8976037204537746
815771,0.9913110167360566
815772,0.010447948069162098
815773,0.6749003806861789
815774,0.44504540138496224
815775,0.9996631030705215
815776,0.7955808770157031
815777,0.3182091616100764
815778,0.9997077675523671
815779,0.03276819433679103
815780,0.9988942116293564
815781,0.9990311073355518
815782,0.5720620348294516
815783,0.9999737903683751
815784,0.9989873212612671
815785,0.2829841748433573
815786,0.9999701886999584
815787,0.9442523161382916
815788,0.26296905655358555
815789,0.9860541497470627
815790,0.115394815561705
815791,0.9998101429592666
815792,0.21036280734970492
815793,0.9998504142316128
815794,0.9999917237511774
815795,0.2225376209843627
815796,0.9999825896979467
815797,0.7059891279777373
815798,0.9748896293851612
815799,0.3450396135017939
815800,0.40065009730198
815801,0.2207074062718512
815802,0.9846410064570141
815803,0.6385207969896932
815804,0.8377857258724677
815805,0.999927795682515
815806,0.29768913796193364
815807,0.011371163768726914
815808,0.7541144191331235
815809,0.9997168903500728
815810,0.42900419026475545
815811,0.4439184679507534
815812,0.8229396279274057
815813,0.9336461850629219
815814,0.9999729756410298
815815,0.11748829160244328
815816,0.9997030847518144
815817,0.9990473196675068
815818,0.9966009859565206
815819,0.14255970914191757
815820,0.9969450331169979
815821,0.1069072302059794
815822,0.5071462365915053
815823,0.9993617209867608
815824,0.47354153599634163
815825,0.43384415705682583
815826,0.9999773118680231
815827,0.9562921523188271
815828,0.9884044337419244
815829,0.17163545449340578
815830,0.48605354448095034
815831,0.44270899997507296
815832,0.01712127196622931
815833,0.985572092623413
815834,0.9996381161291883
815835,0.8923497239920098
815836,0.04568374967867134
815837,0.9968719450504162
815838,0.08788317809048149
815839,0.34215604666690996
815840,0.9818288627748017
815841,0.692922689224452
815842,0.9779417536092833
815843,0.9903166091917681
815844,0.811157320237845
815845,0.9999767965636467
815846,0.002602679927443397
815847,0.9980265195698799
815848,0.24147045421903873
815849,0.992019940451274
815850,0.9493982997353854
815851,0.9999046593858385
815852,0.7049802921280323
815853,0.7990579760435454
815854,0.9974926889719484
815855,0.9983026756841192
815856,0.9999886754481941
815857,0.16065757505926465
815858,0.2202827383311215
815859,0.03123534969644252
815860,0.0638510587016069
815861,0.35996126696134384
815862,0.9892787596785635
815863,0.6121099030781474
815864,0.9996276495288984
815865,0.5279587634891072
815866,0.9999228784865953
815867,0.8121707401169391
815868,0.012816033462802178
815869,0.7131180069103867
815870,0.997843938754994
815871,0.9984073423958513
815872,0.9999721652092056
815873,0.4622391704536215
815874,0.923303298481029
815875,0.06896180667866264
815876,0.832871970593763
815877,0.9859185989396944
815878,0.3423012178880275
815879,0.9910370401564176
815880,0.35123501871357343
815881,0.8304853011044946
815882,0.9912103267960856
815883,0.9794914523414826
815884,0.7706691799647607
815885,0.9836015064607538
815886,0.8807179364717623
815887,0.14643172707376
815888,0.9979320859288938
815889,0.6705302894855422
815890,0.32730115690891154
815891,0.9999896078363826
815892,0.9264534397931379
815893,0.5547167684032087
815894,0.1653246974570373
815895,0.9998583912547958
815896,0.4990443930161968
815897,0.9998837289205307
815898,0.9999489685697724
815899,0.9997774929952753
815900,0.9999482200995455
815901,0.23479536757182567
815902,0.9909000973345731
815903,0.6932850031906531
815904,0.9999170458230102
815905,0.40335022935451725
815906,0.4929714031896438
815907,0.9170465399680661
815908,0.9999631580298209
815909,0.8902753664367942
815910,0.009173600424497946
815911,0.963735142443286
815912,0.9870983389157832
815913,0.8526115265084573
815914,0.903302010920439
815915,0.31943635371922385
815916,0.3763523102791134
815917,0.9820739964996281
815918,0.3396759746945444
815919,0.024967847065757016
815920,0.9999660691865241
815921,0.03164560332800302
815922,0.9999725169155962
815923,0.9951775797878601
815924,0.28976674284301673
815925,0.009028608388804305
815926,0.5226113213194911
815927,0.5935329712991168
815928,0.9999864885112566
815929,0.9896679987990932
815930,0.6936921498609452
815931,0.5819633833102384
815932,0.9952733466556287
815933,0.02606551779486275
815934,0.9767861828292148
815935,0.950687515062874
815936,0.481777465721555
815937,0.9995224343744458
815938,0.037177339793826494
815939,0.9981242032400356
815940,0.9998759513100125
815941,0.12316502513210886
815942,0.9994210333989416
815943,0.8267693205551788
815944,0.07717166824883931
815945,0.9999242427897098
815946,0.04042560269261877
815947,0.9997459317232916
815948,0.9999195066769299
815949,0.4969134271270398
815950,0.5179544431987874
815951,0.9941800375085659
815952,0.9970555358180129
815953,0.6068838742759856
815954,0.9998834635681202
815955,0.9997259715727709
815956,0.999455873568136
815957,0.9997291912948656
815958,0.9999819193507301
815959,0.009554243726643487
815960,0.0858620878243345
815961,0.3188937832421862
815962,0.997164395130927
815963,0.993035640531739
815964,0.30772659219904397
815965,0.3073413769049501
815966,0.9996561767418364
815967,0.9999763529659333
815968,0.9983887060928669
815969,0.9428509393878387
815970,0.9996373328610385
815971,0.9999533774869835
815972,0.9980207019147671
815973,0.9935975013050938
815974,0.24765733153358824
815975,0.29391297511656617
815976,0.5392894044755451
815977,0.9987116406216172
815978,0.8756396675203426
815979,0.9977384850857445
815980,0.7831902399949421
815981,0.9998963118509516
815982,0.9960207238067271
815983,0.9990533698754549
815984,0.9998989120451169
815985,0.08162117581938691
815986,0.7918733717403957
815987,0.8615528989398713
815988,0.984757235653952
815989,0.37534387337684727
815990,0.8426262449543558
815991,0.02148324231035445
815992,0.50728380377875
815993,0.9986750167932228
815994,0.28562957294070834
815995,0.9939485116449439
815996,0.9997610207504015
815997,0.9022817702023179
815998,0.9947103952572296
815999,0.9996396379368937
816000,0.2212459960629514
816001,0.9933664908142108
816002,0.9994100000695457
816003,0.883606111540493
816004,0.8834273364020713
816005,0.31513908837546145
816006,0.8431578924167145
816007,0.999456462432956
816008,0.9999884883558307
816009,0.9996894254240642
816010,0.8547273360365819
816011,0.023669817556318137
816012,0.013892020855396519
816013,0.9988513551341986
816014,0.9999150860942583
816015,0.6557578855544195
816016,0.8625722069303121
816017,0.9761799938711685
816018,0.9991141396492593
816019,0.26924913289539854
816020,0.9995920921177401
816021,0.9827100351125506
816022,0.9964557693841338
816023,0.9982605020517644
816024,0.9657915751181909
816025,0.9834042615988684
816026,0.9999033390559227
816027,0.8955044101023222
816028,0.9996988985293566
816029,0.15628481395881977
816030,0.17031085842306942
816031,0.29268947314915383
816032,0.999543139441189
816033,0.3632319730974687
816034,0.9969783347450158
816035,0.8073559065127989
816036,0.42355698186400587
816037,0.5912344056625516
816038,0.9994037654091401
816039,0.9932415015497825
816040,0.9977452150890593
816041,0.9994573418110942
816042,0.9923545758195109
816043,0.8770653971612272
816044,0.5475866754470284
816045,0.551798016375395
816046,0.99929506247396
816047,0.9999802927134037
816048,0.984001699494614
816049,0.9997742876046207
816050,0.09901667302624689
816051,0.025605592624827964
816052,0.7610264931979911
816053,0.9983430185699366
816054,0.9994598553721583
816055,0.5889367547876783
816056,0.32085982697870463
816057,0.7580387507990405
816058,0.9678619067764143
816059,0.23617099190876867
816060,0.29200232922385916
816061,0.3177811714660267
816062,0.2032724273381786
816063,0.9995772481145053
816064,0.936338428574121
816065,0.13481826654621312
816066,0.04991026865298398
816067,0.9996828458737743
816068,0.9846079791410567
816069,0.5315427454193176
816070,0.9359007616779907
816071,0.9998439989854683
816072,0.25418216697229407
816073,0.9998590335884776
816074,0.326066785925824
816075,0.09474864935947974
816076,0.9763013790868301
816077,0.557646309346513
816078,0.14714387117519118
816079,0.9996343720888282
816080,0.9870124529146975
816081,0.4270924280197058
816082,0.9721076600185684
816083,0.809439934182449
816084,0.4486797876193394
816085,0.43415647626038234
816086,0.8642611285229355
816087,0.9321918350345908
816088,0.23188896277402854
816089,0.9450151033971608
816090,0.9985025264796659
816091,0.004008418567770118
816092,0.9074676965725642
816093,0.005263114196526426
816094,0.2872013477468948
816095,0.32603176001084977
816096,0.9196390418410043
816097,0.9964707716976877
816098,0.707159923488358
816099,0.9998498691011126
816100,0.9917853896061959
816101,0.9980114192726346
816102,0.02929551948355979
816103,0.999910736850734
816104,0.9999945188223076
816105,0.14189805173346973
816106,0.028095784949193535
816107,0.9988970053525676
816108,0.06152372127645282
816109,0.19679294960548344
816110,0.9995677790559083
816111,0.9997967911718154
816112,0.017216289501679898
816113,0.999932999351115
816114,0.9893501484806692
816115,0.9991570240791594
816116,0.7788016997508822
816117,0.9998261319291727
816118,0.9999672183715397
816119,0.9998782769574941
816120,0.9999843450201398
816121,0.5085147664715112
816122,0.4236706396942444
816123,0.5726105245269342
816124,0.2946452196487963
816125,0.9983068653091527
816126,0.9998729887363507
816127,0.9998854193944099
816128,0.7652135021594211
816129,0.4281676423621745
816130,0.9992611170435441
816131,0.9996507660960148
816132,0.2634068126195543
816133,0.999243771208334
816134,0.9840465421418343
816135,0.9965879848061098
816136,0.05828664651894307
816137,0.9999170640367419
816138,0.9999855243650841
816139,0.9732363384535064
816140,0.9812145070766741
816141,0.9658284767124565
816142,0.858675570823412
816143,0.7561496605113331
816144,0.9788426844475278
816145,0.39379985455344485
816146,0.3440970801345056
816147,0.999982100385597
816148,0.9982488807187395
816149,0.4122881570933604
816150,0.005418785467758866
816151,0.8545596369378043
816152,0.9998951220814325
816153,0.07515027774622571
816154,0.8027362662956254
816155,0.9965698316250675
816156,0.5856600399967514
816157,0.9987446576846557
816158,0.9954288092354746
816159,0.05088270198086087
816160,0.9966409620235679
816161,0.23380327414744834
816162,0.9999180329296877
816163,0.46670086258204657
816164,0.9959698576519362
816165,0.9003837632697524
816166,0.9997575906797529
816167,0.11211587206395024
816168,0.9977813969473845
816169,0.9151678892000636
816170,0.9519355636078591
816171,0.9994883479170524
816172,0.14667910298543607
816173,0.4337750188625479
816174,0.9975111011933766
816175,0.9999860246002557
816176,0.6664981788867588
816177,0.9842356798108766
816178,0.015070173025342254
816179,0.9999600858803721
816180,0.9993518586551109
816181,0.9967529119919925
816182,0.03919847092657903
816183,0.7223708901283066
816184,0.6550496635699186
816185,0.16473507440155902
816186,0.46068619768338503
816187,0.990981209990883
816188,0.9807226861078395
816189,0.9999504268274996
816190,0.9790133142959978
816191,0.9973801917120863
816192,0.9997988467587994
816193,0.2934011888434026
816194,0.6246140802401456
816195,0.980287368131189
816196,0.9996790399580513
816197,0.5402609493785422
816198,0.3022527335862629
816199,0.9999002113812673
816200,0.9915414039861647
816201,0.9999963675908052
816202,0.9998760411546206
816203,0.2918168766937663
816204,0.9999244057224203
816205,0.9999161102897418
816206,0.9999894727054337
816207,0.9995427104731714
816208,0.8805134001463037
816209,0.9984058379352897
816210,0.7377788438822109
816211,0.9775288464691704
816212,0.9999237991599459
816213,0.19521120008566428
816214,0.999938176860372
816215,0.9997503218394264
816216,0.05332248623300466
816217,0.3229858417646865
816218,0.5776869608065561
816219,0.3971961065633885
816220,0.9995012263329622
816221,0.09643911247761347
816222,0.9973382486933428
816223,0.9998910055418122
816224,0.5515818412283786
816225,0.9349171985688173
816226,0.9910049624616988
816227,0.9992297778739534
816228,0.6464386892149052
816229,0.8328966961089651
816230,0.713415979225746
816231,0.9996900706532409
816232,0.9981160837397324
816233,0.9994525191817536
816234,0.787661570084387
816235,0.9999741437835427
816236,0.9997814181991432
816237,0.2914091837392365
816238,0.9733552778846751
816239,0.34561540497571164
816240,0.8047321463522447
816241,0.3598772284681443
816242,0.9962381238461377
816243,0.9908215424441563
816244,0.173140428638404
816245,0.9999146157662837
816246,0.9981002681265406
816247,0.9992482232169702
816248,0.5380371016369206
816249,0.0023639521320106623
816250,0.9998118066194184
816251,0.04744735319263027
816252,0.14025287717209553
816253,0.9906144680260998
816254,0.9998938408401965
816255,0.01912390151462389
816256,0.9983218685810658
816257,0.9995578990458872
816258,0.91099561055763
816259,0.04112816069249646
816260,0.9999744229854989
816261,0.999966603265908
816262,0.8218666390706771
816263,0.8252372709565016
816264,0.6072929372498624
816265,0.9488172932949299
816266,0.9962088146887325
816267,0.4898731991052414
816268,0.289075348094975
816269,0.2023323672056178
816270,0.5311355064414257
816271,0.9997824630576062
816272,0.9992270278595428
816273,0.003791235127431347
816274,0.9970230709462582
816275,0.5141677369799913
816276,0.27615032118260235
816277,0.3755737963206892
816278,0.03475968344433652
816279,0.7471784590581299
816280,0.8367824878809416
816281,0.9976327600230883
816282,0.9500799935957795
816283,0.06550848966140586
816284,0.32780889464720314
816285,0.3697018956399062
816286,0.7695904459625644
816287,0.9980502324021012
816288,0.9998874908184523
816289,0.9999425393415493
816290,0.9995858409332606
816291,0.9774153746538435
816292,0.9871776396682601
816293,0.9932674321422007
816294,0.5082995370880946
816295,0.9194490648178417
816296,0.47395905987550113
816297,0.9987545325102172
816298,0.4755291130135075
816299,0.9996929304310359
816300,0.836126361804003
816301,0.9993969067373217
816302,0.2306215592534871
816303,0.7649767801072003
816304,0.7106779910333567
816305,0.2535688111107718
816306,0.9682331514487703
816307,0.9998972210639879
816308,0.28163732839645067
816309,0.16655908847540613
816310,0.9999787216864343
816311,0.9996931415503989
816312,0.032462221800243364
816313,0.9935726197797476
816314,0.7393645295078893
816315,0.9999434383897244
816316,0.9998543935820586
816317,0.9927304175220448
816318,0.9773410667397477
816319,0.9999792174183376
816320,0.2545574739035439
816321,0.9999967174882978
816322,0.9998352190957573
816323,0.21097190187250375
816324,0.3743833681081816
816325,0.0056080158214434905
816326,0.10294536344779086
816327,0.9993342422184607
816328,0.9811009157019628
816329,0.37256312728360214
816330,0.7878442589527805
816331,0.9999757717678308
816332,0.8590635823856294
816333,0.23059854362602072
816334,0.9962978663697712
816335,0.23920268318130228
816336,0.9951749740825487
816337,0.9957822569568358
816338,0.7230505175594594
816339,0.9998129977556778
816340,0.9999690652945947
816341,0.9995601041780404
816342,0.8688977340270693
816343,0.9864204965546786
816344,0.9999553904832441
816345,0.00801546853956305
816346,0.8663894229268498
816347,0.11411284525307609
816348,0.8673575867267623
816349,0.06530694109448193
816350,0.6095710402846382
816351,0.745738188530523
816352,0.999986087345696
816353,0.9975268612243248
816354,0.9995815414789275
816355,0.00836325046452399
816356,0.01994773268227951
816357,0.9793098895744909
816358,0.8379113505886957
816359,0.9998882840830158
816360,0.17284655472223964
816361,0.9993464869436633
816362,0.9295161056800524
816363,0.7738890604474479
816364,0.9893336843040077
816365,0.495449504198603
816366,0.851409491846977
816367,0.9999625826478242
816368,0.9996273322339562
816369,0.9998402989892082
816370,0.06293840672382806
816371,0.5889745096066856
816372,0.01881097532676189
816373,0.6349165402028425
816374,0.999311815889034
816375,0.9995607927871559
816376,0.00819229246549027
816377,0.15390440949495604
816378,0.997412252929391
816379,0.10551815680505724
816380,0.2926392020562309
816381,0.37005739521122805
816382,0.9907448044139222
816383,0.9997276391402845
816384,0.8306267253842332
816385,0.9582855112151608
816386,0.9999457964054324
816387,0.9792943652283628
816388,0.8519047457649176
816389,0.9985047327768235
816390,0.9641440736241439
816391,0.9996678873870648
816392,0.3438364161394093
816393,0.030343083757881757
816394,0.6490072316505133
816395,0.036476245142910466
816396,0.014128514658398044
816397,0.28109977507523953
816398,0.9997178972917928
816399,0.9996740654341485
816400,0.7753432775483825
816401,0.9768164838625193
816402,0.9998234483298309
816403,0.24344480058127624
816404,0.9997258053579565
816405,0.7221911925319553
816406,0.9980935910604883
816407,0.9727065353589839
816408,0.4409887060757287
816409,0.6990955744618355
816410,0.5256767519326099
816411,0.999890167214862
816412,0.509949569429349
816413,0.005523860006087546
816414,0.999597840186055
816415,0.9999813666556073
816416,0.43279989807934705
816417,0.9831452738297544
816418,0.9997688740716022
816419,0.9511830275596312
816420,0.1755572218039261
816421,0.004316328847620474
816422,0.7543258764251426
816423,0.9989766858424585
816424,0.03276703654551189
816425,0.8463075277960037
816426,0.9976284877948609
816427,0.032833639499147776
816428,0.9999909456663826
816429,0.9498773837992642
816430,0.072226726932966
816431,0.4336848956871493
816432,0.18801396759470043
816433,0.7750927074144364
816434,0.15418978170440076
816435,0.17863052317692152
816436,0.9999893759065934
816437,0.9765931563655258
816438,0.9991052953659799
816439,0.8212257723196703
816440,0.9999847836950164
816441,0.9855597345526301
816442,0.03623314599676998
816443,0.6702678687190431
816444,0.23576856420527428
816445,0.9896826817914643
816446,0.9999462197653548
816447,0.8497558786810473
816448,0.9994900267971032
816449,0.6024866889942266
816450,0.9753263935384158
816451,0.7282437397126469
816452,0.38312650690385486
816453,0.06475787738354155
816454,0.9997820155515156
816455,0.9345127069055039
816456,0.9776695013857926
816457,0.9583790936500678
816458,0.9835958928779093
816459,0.7345904686942838
816460,0.2981997490582721
816461,0.9999405575832666
816462,0.42130691398881853
816463,0.9983954764805478
816464,0.9378976182231273
816465,0.9995530231889023
816466,0.07685530318694676
816467,0.13617476879653823
816468,0.26487340889881816
816469,0.9977994323533
816470,0.9746596420776884
816471,0.4610526445367249
816472,0.9991221899538589
816473,0.9991929948165887
816474,0.9928400698445627
816475,0.9734784586641645
816476,0.991895398076935
816477,0.9996575612761183
816478,0.749981355225333
816479,0.9999016409180002
816480,0.9999351566614507
816481,0.8014417982785205
816482,0.9998458677237876
816483,0.999802403012759
816484,0.4723704958125492
816485,0.98023249735673
816486,0.9892586694572241
816487,0.43455248917586686
816488,0.9993101433327352
816489,0.1099558437213859
816490,0.9925528050370707
816491,0.9995001336835878
816492,0.9997562261836419
816493,0.9702405402776108
816494,0.9998943275749401
816495,0.0630745953091347
816496,0.9886300713460627
816497,0.9914089266742241
816498,0.979470076063135
816499,0.008454436092972922
816500,0.928543617705001
816501,0.03902435188508011
816502,0.7866577181643472
816503,0.9998650892228728
816504,0.020538809558647578
816505,0.8976445212304626
816506,0.9876471359578205
816507,0.5055313093109502
816508,0.9982057725262986
816509,0.9999912991389504
816510,0.9994124326334184
816511,0.993251246305906
816512,0.8963927991828425
816513,0.5999981396088326
816514,0.996365942675643
816515,0.05958008670145751
816516,0.9344850069837957
816517,0.011499464921297359
816518,0.976783825848332
816519,0.0180318051343291
816520,0.8187119514771986
816521,0.9797998554875382
816522,0.9995454393016079
816523,0.003276560818966154
816524,0.22963861672197067
816525,0.9973908360685533
816526,0.41706752879588116
816527,0.7609161804064837
816528,0.8883265916284065
816529,0.981762434126595
816530,0.9967412794752877
816531,0.9998124110661938
816532,0.26318229647356356
816533,0.9985471405571207
816534,0.8305787502262518
816535,0.9999912140247293
816536,0.06188803727641279
816537,0.10140085388441031
816538,0.1862036595772762
816539,0.5963956052129098
816540,0.99977715547367
816541,0.9629722148278905
816542,0.3982088316184314
816543,0.9999602290907061
816544,0.12975394264925175
816545,0.022583125014719582
816546,0.9756153409879517
816547,0.9765249678116807
816548,0.9999789652298989
816549,0.999865944303325
816550,0.9934927551098334
816551,0.9654637003241004
816552,0.5750873381619491
816553,0.9993569337379586
816554,0.999959548491595
816555,0.7166674252895026
816556,0.9482321858550412
816557,0.9964544960635606
816558,0.9990803184847703
816559,0.9998635433430378
816560,0.8821762623786824
816561,0.0371237318928852
816562,0.3583480284193833
816563,0.9939293585797091
816564,0.014625277171254305
816565,0.2491632364186278
816566,0.8277185978139723
816567,0.8669030135992533
816568,0.9998638749214667
816569,0.462614171523416
816570,0.01675541039381147
816571,0.27419436199227054
816572,0.21237163828421812
816573,0.7430100405281637
816574,0.9988692254233797
816575,0.999927851023453
816576,0.9987768706181983
816577,0.9783331538699248
816578,0.27153380288248724
816579,0.8299234113733671
816580,0.6035408974818182
816581,0.9997375458569506
816582,0.999249061147769
816583,0.008314429087556498
816584,0.6169029431353187
816585,0.9995774333092007
816586,0.9809524672616994
816587,0.0925893017153984
816588,0.9170251831005034
816589,0.9906298448730063
816590,0.9996418925626571
816591,0.5430055683152317
816592,0.01881252629785733
816593,0.9995265410668511
816594,0.999148502123736
816595,0.8498159243937915
816596,0.046949085786534187
816597,0.38851118107600613
816598,0.34601534127185296
816599,0.9128083461169256
816600,0.41877833031195755
816601,0.07867352536036865
816602,0.021599563209246962
816603,0.8956928975079486
816604,0.14841484797812549
816605,0.4518366331262316
816606,0.9810270152352154
816607,0.684515097064271
816608,0.9503930561995931
816609,0.36274827939935117
816610,0.02617554128415585
816611,0.9917237687604092
816612,0.9955083985012492
816613,0.9999943419046542
816614,0.1262216420701635
816615,0.9996561810736939
816616,0.9858780560921163
816617,0.9990113576187143
816618,0.6734005673664938
816619,0.5923922494932528
816620,0.7608377115779996
816621,0.994795820172924
816622,0.01118076606850383
816623,0.6832464930128263
816624,0.02290477127222531
816625,0.11233610697776422
816626,0.004277316905852143
816627,0.6813333068805217
816628,0.9719550045593109
816629,0.9990094713091544
816630,0.9998770564897811
816631,0.9751503938570306
816632,0.9980310091822346
816633,0.16175296297612013
816634,0.9995585750441014
816635,0.988409490981363
816636,0.4275294849843881
816637,0.988049884068154
816638,0.5750709068963706
816639,0.0592064413900454
816640,0.9891766641126116
816641,0.9984637050114928
816642,0.6688630859111719
816643,0.9988246308083806
816644,0.9981016956720743
816645,0.8766396930762979
816646,0.9995571630935731
816647,0.9876983063663191
816648,0.008368376794053545
816649,0.8051758980433376
816650,0.9999948902116567
816651,0.9997405568366969
816652,0.9996654539919196
816653,0.043886308802043736
816654,0.9564776730735843
816655,0.8876806394906391
816656,0.00478610959297603
816657,0.8015576560831115
816658,0.9989625851157816
816659,0.9498026396631337
816660,0.8408518738420409
816661,0.9726989105384749
816662,0.2622344415673606
816663,0.11633744814727903
816664,0.8864563557060172
816665,0.885102078651899
816666,0.9996106656501702
816667,0.9999627973670007
816668,0.024320998495985284
816669,0.9999215512836556
816670,0.9362340901747874
816671,0.9996176212931787
816672,0.9989850479277598
816673,0.16634287132514386
816674,0.9652374764188124
816675,0.9982123917621363
816676,0.027619254376212023
816677,0.9896623416424053
816678,0.05590683613109342
816679,0.9872063166585521
816680,0.8971686278475054
816681,0.999841059230431
816682,0.5696645725016289
816683,0.9996202280424193
816684,0.998708330588764
816685,0.296467809946497
816686,0.9826450288458735
816687,0.5072339116804978
816688,0.19431315801600252
816689,0.6167693578815613
816690,0.9995425776470954
816691,0.9999952807427257
816692,0.9860454760134015
816693,0.9998169494878668
816694,0.6539971912228812
816695,0.1542720958994237
816696,0.5706678665078149
816697,0.9694629262931875
816698,0.4400479189340648
816699,0.9999865198541983
816700,0.9787308230722954
816701,0.8586383008521656
816702,0.7962846739844957
816703,0.998259232724354
816704,0.7053713418699169
816705,0.6406425947148169
816706,0.8995193484869479
816707,0.9770148673959044
816708,0.9746794054633059
816709,0.9999805182955597
816710,0.391704337643084
816711,0.9852296785855321
816712,0.8411723366705146
816713,0.9996585648298244
816714,0.99986835425401
816715,0.20431921733170894
816716,0.962589905501817
816717,0.9770827883965936
816718,0.6825176455246429
816719,0.9969372576339852
816720,0.9998927442084504
816721,0.0019964697602264936
816722,0.695439621167905
816723,0.4226824600746373
816724,0.9147677638063184
816725,0.5335560312164195
816726,0.9994754541937355
816727,0.9973229250268871
816728,0.5781760174920162
816729,0.72356142072342
816730,0.2649088575467966
816731,0.14345814173654495
816732,0.963586462476727
816733,0.9998249440423215
816734,0.25663203851495875
816735,0.027805894803408837
816736,0.6234452315235933
816737,0.999852360987841
816738,0.9997160770618388
816739,0.9996958375279594
816740,0.2772231213569031
816741,0.7532964715646868
816742,0.9337980330180841
816743,0.498831719767992
816744,0.9863237709393418
816745,0.9415848496966118
816746,0.9124889745596692
816747,0.14314741630987932
816748,0.21578836595243317
816749,0.025866761734973178
816750,0.9968085204979339
816751,0.9974873089600493
816752,0.9000269725388865
816753,0.9999333812172999
816754,0.7389139136940052
816755,0.9984962900908056
816756,0.9999798808525229
816757,0.7236512928161393
816758,0.997972510759707
816759,0.1614725288847338
816760,0.9996053630767862
816761,0.4470214670804137
816762,0.6390771663437137
816763,0.9996198043021531
816764,0.9999929947371
816765,0.9723694218148439
816766,0.9573539737504935
816767,0.9999249629960991
816768,0.9940960043492846
816769,0.9999860444272037
816770,0.9996974237987514
816771,0.9897218898453686
816772,0.09074052307979542
816773,0.6014316401404091
816774,0.9875096884680884
816775,0.9906340340198765
816776,0.8368772497383914
816777,0.998353327894284
816778,0.9993717351785398
816779,0.020307484058072804
816780,0.9995986090880113
816781,0.23254031269196107
816782,0.9973981191222161
816783,0.5853401802316477
816784,0.44077179148360734
816785,0.565765229390631
816786,0.9998352757663556
816787,0.9999289136211842
816788,0.9439245739239068
816789,0.6037371344431725
816790,0.9988295074260491
816791,0.22895642506584218
816792,0.010105608201053877
816793,0.9990756115684054
816794,0.1392029954668282
816795,0.6931926708685361
816796,0.939887235169754
816797,0.13368833571839478
816798,0.9996350876795086
816799,0.9999511888288086
816800,0.9999212038699443
816801,0.9996432778567048
816802,0.20390552924845706
816803,0.3404333268405662
816804,0.19235746859191735
816805,0.3907815918646791
816806,0.9999123773851393
816807,0.9988749143382761
816808,0.9998417939936197
816809,0.9068250364699079
816810,0.2565533679700932
816811,0.9972073843970852
816812,0.6665826013562839
816813,0.5518089007314537
816814,0.6121916242975093
816815,0.2806914900582775
816816,0.9916665069823554
816817,0.09170398590410947
816818,0.1610762093446035
816819,0.9538385546865991
816820,0.8418005109581455
816821,0.9962386947115776
816822,0.048727063009584765
816823,0.005256308925254381
816824,0.9992535659261419
816825,0.9980780494811439
816826,0.993756451085622
816827,0.9997807182746979
816828,0.9964636415934083
816829,0.15361551474875318
816830,0.9994813225473608
816831,0.2985922260712202
816832,0.9976803136313686
816833,0.6959468728900791
816834,0.9633634457499047
816835,0.013189538284350013
816836,0.9999794278523266
816837,0.025611033738642527
816838,0.9932023170686214
816839,0.9997449283077682
816840,0.029133050501812693
816841,0.9996554444169434
816842,0.23513389358228362
816843,0.047099796131878244
816844,0.7139820359840682
816845,0.999180780755716
816846,0.9741007481763374
816847,0.6053031309168085
816848,0.9871447602756186
816849,0.9998163991828954
816850,0.9891490235421
816851,0.04389862142660796
816852,0.999341346938588
816853,0.617180085530488
816854,0.5103227850080041
816855,0.9998051437789851
816856,0.4766591336128658
816857,0.6267137112058142
816858,0.12922034084047238
816859,0.9994718350665607
816860,0.03694693365981905
816861,0.9417904124327399
816862,0.7875856107505692
816863,0.6118807769597279
816864,0.2265241899166671
816865,0.8005975897992305
816866,0.80580351196717
816867,0.99987227525918
816868,0.9991289654929412
816869,0.43830649929097043
816870,0.9999713925613689
816871,0.9978920673209073
816872,0.5689994807872872
816873,0.9374710547630274
816874,0.5615418989077229
816875,0.9976928871926145
816876,0.8892229215692617
816877,0.9999799067146345
816878,0.15336396804684818
816879,0.9993891105393566
816880,0.22695116899740433
816881,0.5419463793872455
816882,0.999515590908324
816883,0.9995464964575186
816884,0.9999624592578289
816885,0.6817317739630997
816886,0.5671000408690221
816887,0.9902373521154076
816888,0.6431120924721225
816889,0.06520104828292084
816890,0.009892559906611675
816891,0.05999074418253361
816892,0.6362157873978451
816893,0.004481875172181252
816894,0.9999766936813805
816895,0.9989241616064395
816896,0.9999311333913921
816897,0.967572039512875
816898,0.24407265680831725
816899,0.9997433793151164
816900,0.7435977354763144
816901,0.9027855880564328
816902,0.23625181466807685
816903,0.6187249387899434
816904,0.9999319771438268
816905,0.9107240810333161
816906,0.9998669518386628
816907,0.9999927807613396
816908,0.2532208269825888
816909,0.9954743427524466
816910,0.9866740416063029
816911,0.011572458906793244
816912,0.9497900840319065
816913,0.9994564339682288
816914,0.9878309291911266
816915,0.999083459904808
816916,0.019430340413680455
816917,0.11534970032944297
816918,0.9999039969981555
816919,0.24727710293205307
816920,0.4508970775516199
816921,0.9289662028956855
816922,0.7803039578260098
816923,0.9997507797573966
816924,0.9999197245855448
816925,0.45047316696937756
816926,0.039092656560740104
816927,0.99862654034289
816928,0.9999585489501857
816929,0.9996215488222508
816930,0.6690232825450116
816931,0.2951159520790141
816932,0.9658461928754791
816933,0.999902673121279
816934,0.6281333511024593
816935,0.01599838144300867
816936,0.9963743949168707
816937,0.9696039932828666
816938,0.2795597644826588
816939,0.9987967961052246
816940,0.9994639682538838
816941,0.999965892260769
816942,0.8204516366884529
816943,0.999707415520882
816944,0.7508661542861925
816945,0.9956806520712521
816946,0.01614531173015365
816947,0.42393834564841104
816948,0.9999582710111816
816949,0.7920748128640795
816950,0.998917820201558
816951,0.9071296587084448
816952,0.09680412584463877
816953,0.9565091794408291
816954,0.31328128650233633
816955,0.023037130418842457
816956,0.8369975412554187
816957,0.999964716725628
816958,0.9992846421772787
816959,0.999932031260146
816960,0.999955490187608
816961,0.9998911451612289
816962,0.9998565305486453
816963,0.933394275772338
816964,0.7300308515790368
816965,0.3401985922464665
816966,0.31259851202417593
816967,0.028754908591934095
816968,0.8575984620555175
816969,0.0981152106175578
816970,0.38040596833508916
816971,0.887822500774744
816972,0.010731931442790955
816973,0.10558581368942065
816974,0.9896101251444709
816975,0.999879709839116
816976,0.6245106933022465
816977,0.9934476165885301
816978,0.9999187706161478
816979,0.9982928652511276
816980,0.9996771752055973
816981,0.09076316333425825
816982,0.996390354229039
816983,0.9961475984980851
816984,0.8612778247818962
816985,0.11213616136412573
816986,0.9933809082729582
816987,0.9957782956722954
816988,0.9970475496212867
816989,0.8374852871692173
816990,0.6421555837183271
816991,0.9833441543313152
816992,0.9889274098950743
816993,0.33017711419048024
816994,0.16581475365810644
816995,0.997668658905158
816996,0.8482405684641067
816997,0.08167694301985245
816998,0.23642559230961607
816999,0.16923750720440994
817000,0.7717571634675187
817001,0.9873839418023721
817002,0.8586255309741784
817003,0.9751218519332088
817004,0.9977939056959211
817005,0.5341098354177352
817006,0.05241010034357281
817007,0.9983629861434455
817008,0.07142091499064379
817009,0.015527537544544993
817010,0.9999635570118047
817011,0.9968135992451168
817012,0.944283645916044
817013,0.7514319512707814
817014,0.03296801336268329
817015,0.9999324679473613
817016,0.1464214607587394
817017,0.9419326026142996
817018,0.008452863960070632
817019,0.997795585515804
817020,0.3512786154740929
817021,0.0396435270489883
817022,0.8849540089862185
817023,0.5202638818675024
817024,0.8468639696112297
817025,0.9866346920567202
817026,0.9999385037798453
817027,0.9727228984827316
817028,0.5939356247374066
817029,0.3174206258382529
817030,0.5876403685317076
817031,0.6139817490002525
817032,0.997158423372434
817033,0.9971352859226186
817034,0.999570581475812
817035,0.9256798827294653
817036,0.07753637153135387
817037,0.9980357324904867
817038,0.9997803994837716
817039,0.9992514333304063
817040,0.43999285943327565
817041,0.4826092648143351
817042,0.8473564840764982
817043,0.9933924620881116
817044,0.4088350286219157
817045,0.645965563331242
817046,0.9939510580113845
817047,0.9983639666489076
817048,0.5733637135864673
817049,0.05213891697195701
817050,0.10386433326693231
817051,0.1251923090614281
817052,0.9981761354478741
817053,0.9999720189872783
817054,0.9990066310063213
817055,0.028005688326527122
817056,0.4252124522690052
817057,0.9990341644207585
817058,0.7814116022241547
817059,0.9999699963405695
817060,0.059516494924945595
817061,0.9997458257026421
817062,0.680934233976886
817063,0.999189122181795
817064,0.020343966309382844
817065,0.5469074885286356
817066,0.5316432781122806
817067,0.06277800940664767
817068,0.17247415404636007
817069,0.6413682109862134
817070,0.9916788085361462
817071,0.9998630286077351
817072,0.9528130355158929
817073,0.9999672472296248
817074,0.45258890078000796
817075,0.2590039038341635
817076,0.1027763952263169
817077,0.42777586388634203
817078,0.9989402286577453
817079,0.18914175544159573
817080,0.9588311595270077
817081,0.49105131150101694
817082,0.7423409700153638
817083,0.8116986446240477
817084,0.9960061778347482
817085,0.36097911803239846
817086,0.39993071020439297
817087,0.9420366669194685
817088,0.9996622689732197
817089,0.9898590492377695
817090,0.7060620639118872
817091,0.9993574127988
817092,0.7986358458848266
817093,0.984917016372548
817094,0.9992642907732165
817095,0.9998529468160061
817096,0.9009714297933479
817097,0.9674392994558128
817098,0.5416500156533404
817099,0.061152543515939115
817100,0.9998991374472208
817101,0.9897882481617315
817102,0.9024595411514371
817103,0.7657443925315449
817104,0.9751408415865357
817105,0.9980909469074527
817106,0.7176263665238697
817107,0.9999437094008302
817108,0.9971771515279361
817109,0.7097366338579876
817110,0.7783786494245344
817111,0.8360433246110439
817112,0.15801265420266813
817113,0.787733225303848
817114,0.027006895181595613
817115,0.61845902168593
817116,0.0985452909984216
817117,0.5431412202656927
817118,0.9895910152444208
817119,0.49186623831921966
817120,0.9276623147724772
817121,0.08202704177251144
817122,0.9998038462542594
817123,0.9936215848350223
817124,0.17050619829508482
817125,0.2558399337778185
817126,0.9880939585062832
817127,0.14377504146425257
817128,0.11154636414330671
817129,0.9204683467348312
817130,0.9903090572161064
817131,0.016902875325435163
817132,0.6218553346103118
817133,0.22720063835138557
817134,0.9527898288295246
817135,0.8972357622458822
817136,0.21899895073249825
817137,0.3937250659788898
817138,0.9970764489926962
817139,0.9950180708687236
817140,0.9972890940491457
817141,0.997805393116102
817142,0.9924366261089252
817143,0.6592659160500927
817144,0.6207421513577104
817145,0.9998782836648122
817146,0.44334918713219107
817147,0.14710163159343148
817148,0.05852554403511057
817149,0.02304471293763727
817150,0.9925769875355804
817151,0.8258847885406119
817152,0.8424865200739257
817153,0.9916297989613478
817154,0.8234901143763926
817155,0.9989800600369911
817156,0.2873246575940428
817157,0.3863763754607721
817158,0.7242628153337664
817159,0.9963224625007878
817160,0.9910149872744825
817161,0.15408000915709272
817162,0.9231142448109457
817163,0.6041702842399415
817164,0.9970052436439139
817165,0.9993165867169882
817166,0.9997447589993917
817167,0.9946531510030239
817168,0.028317252845694325
817169,0.9997906440030264
817170,0.020247140412084277
817171,0.9999044025053433
817172,0.7495882665270668
817173,0.6168340499241686
817174,0.8202397804167909
817175,0.3449088182420601
817176,0.999977325261513
817177,0.9730891115902109
817178,0.9998886240032209
817179,0.9872794082473659
817180,0.9999577813147005
817181,0.9991133662437499
817182,0.999727951819252
817183,0.7350284803637613
817184,0.005780152448467746
817185,0.7150772485538915
817186,0.21778072090902653
817187,0.727852618804272
817188,0.9149779048302724
817189,0.8067677821091205
817190,0.999807719493204
817191,0.8050831706846724
817192,0.9988579895114409
817193,0.9998999118624197
817194,0.27744204655689125
817195,0.899927737836342
817196,0.6561516655415037
817197,0.11744719082235044
817198,0.4632769428839917
817199,0.005467156787117264
817200,0.9995106959061418
817201,0.01953942164532289
817202,0.7167285252049773
817203,0.11474294088322232
817204,0.26458129614295234
817205,0.9998675565430037
817206,0.1452048166350599
817207,0.9985914798040845
817208,0.9996250995230269
817209,0.9996660192765447
817210,0.4552720209223813
817211,0.9992312191374506
817212,0.9984929239771423
817213,0.007730804875257623
817214,0.9953781714862051
817215,0.297252317171977
817216,0.9997184185014529
817217,0.9819747951241496
817218,0.23277553045697424
817219,0.4318202380283207
817220,0.977741150435275
817221,0.9525977646739776
817222,0.9992083023794197
817223,0.5369436956610707
817224,0.9999043648644872
817225,0.808699659778149
817226,0.11737474638316142
817227,0.0875105514837041
817228,0.3401639733993663
817229,0.6803045919824742
817230,0.9997928544233363
817231,0.9892380874870623
817232,0.9139919799356706
817233,0.9896701189174701
817234,0.987260227034247
817235,0.9999022106047201
817236,0.031745578147794835
817237,0.38631593212381005
817238,0.9997124477473456
817239,0.9928507468256509
817240,0.9207358599402369
817241,0.9998256218856277
817242,0.9941793682743558
817243,0.99807128733926
817244,0.860564025870372
817245,0.9966715312492482
817246,0.1721175371083708
817247,0.9998600739262928
817248,0.9926280430013682
817249,0.9591386247405904
817250,0.14661814195238737
817251,0.6869903377969127
817252,0.9891609676023743
817253,0.993494233727558
817254,0.46788148925286954
817255,0.39628470509650476
817256,0.31470081123290694
817257,0.3122832033288362
817258,0.999430376441651
817259,0.3923103296833609
817260,0.10330806032632359
817261,0.7026709523472889
817262,0.6300997625047596
817263,0.9999359563503926
817264,0.9983015267710282
817265,0.2845232981239424
817266,0.19085160838990572
817267,0.9999692412820813
817268,0.7072705167830634
817269,0.9998020371469324
817270,0.2997514751792555
817271,0.2686824942713046
817272,0.9838822645279974
817273,0.10385566285716082
817274,0.7690188167935534
817275,0.5245350148456375
817276,0.03003783203582517
817277,0.0394758833415519
817278,0.9995751375001839
817279,0.9995026236042346
817280,0.1770810901373934
817281,0.037996278596568206
817282,0.03459007734877346
817283,0.24854362053114715
817284,0.9994921878326288
817285,0.9974852036358322
817286,0.9519244709366984
817287,0.9481758673186866
817288,0.015651351517034486
817289,0.9999516180629555
817290,0.8913404333797168
817291,0.0270875128827264
817292,0.37764059047002946
817293,0.7615109670706713
817294,0.9299722138840301
817295,0.026259380797804606
817296,0.9987609301614586
817297,0.2814620960811188
817298,0.6444472435970464
817299,0.6781406356076367
817300,0.9998846559906623
817301,0.8251896691375
817302,0.941466900744274
817303,0.9813549713625844
817304,0.99994538535747
817305,0.0814369742174729
817306,0.09570773362977256
817307,0.0727085284661311
817308,0.46048666667387655
817309,0.9997355321060089
817310,0.8824021845064449
817311,0.02071500952614192
817312,0.7049790487838782
817313,0.9988867196208556
817314,0.8837951599781256
817315,0.9998271527425029
817316,0.9999857556016093
817317,0.5797121938538395
817318,0.8721897905009632
817319,0.9946800615108525
817320,0.9987555070899777
817321,0.9998617361536661
817322,0.5137756386908163
817323,0.5560813609260429
817324,0.9946110832099468
817325,0.9999753907539972
817326,0.9987882497222158
817327,0.9323979984446923
817328,0.9999795790254593
817329,0.9919343075162241
817330,0.49307356080015907
817331,0.9997799262380972
817332,0.5340209597082726
817333,0.9999461499837055
817334,0.7133595764592844
817335,0.9987119912243155
817336,0.9987440000153025
817337,0.9808193912928084
817338,0.9875999772494347
817339,0.9997821077106823
817340,0.7488155667457754
817341,0.46934907768696094
817342,0.3395437319870277
817343,0.9803386309742761
817344,0.9032346702140965
817345,0.9983291171513914
817346,0.9320625701879901
817347,0.9924884431309073
817348,0.02080761731389319
817349,0.9993200526716799
817350,0.998766927732769
817351,0.6685223113058865
817352,0.9788243218974895
817353,0.8187621934896024
817354,0.9999223786481141
817355,0.04032814772069133
817356,0.9998981430407576
817357,0.9246846265190594
817358,0.5431840424144939
817359,0.9998049485701669
817360,0.06967755959435706
817361,0.046608176722878765
817362,0.9878606503392389
817363,0.02701471054528207
817364,0.9639855957947506
817365,0.9850090159258534
817366,0.6092055402869028
817367,0.9997392565460029
817368,0.9999557275128551
817369,0.9949137338012278
817370,0.44833338398163214
817371,0.004620505227763743
817372,0.8907755603817735
817373,0.02494674083533125
817374,0.999945879160665
817375,0.9995130778149818
817376,0.9934369267696718
817377,0.7616586927758662
817378,0.9822657411511906
817379,0.9977664764806777
817380,0.38144354326006097
817381,0.044693278854884014
817382,0.28523682295719643
817383,0.999791519639231
817384,0.9976751263196328
817385,0.9990169014022154
817386,0.9979165916872585
817387,0.9999722939453444
817388,0.16616056038816682
817389,0.9984113828922105
817390,0.7122782055493166
817391,0.14722519235860967
817392,0.01762086401292452
817393,0.9996698886684098
817394,0.8475260383869205
817395,0.2914459271830325
817396,0.9998416728727195
817397,0.6227549562747171
817398,0.8923556443622748
817399,0.9985997848872731
817400,0.5668639369198137
817401,0.9997689406013155
817402,0.3786605880030488
817403,0.9999551843914695
817404,0.890067946872436
817405,0.39581416417492055
817406,0.9997030038750917
817407,0.37304806449106676
817408,0.9996315197573833
817409,0.9776201796292566
817410,0.8974739187292213
817411,0.999600117309677
817412,0.9955169843241263
817413,0.8776962044777702
817414,0.38794458795242404
817415,0.8844517456080491
817416,0.9979986604834771
817417,0.5366225576478064
817418,0.6377379602515231
817419,0.7988768151353702
817420,0.9644428163419341
817421,0.9111499947795442
817422,0.2396203358411822
817423,0.9005955454324214
817424,0.048707682182029324
817425,0.9946298363372117
817426,0.9959530024532725
817427,0.9994450030637869
817428,0.8724505973002313
817429,0.9851478107377528
817430,0.7195865603205909
817431,0.9815107013504303
817432,0.7044694027218223
817433,0.9971232113763633
817434,0.5304084110680456
817435,0.44293373829528737
817436,0.9999927437602585
817437,0.7723477110155097
817438,0.9999378666940828
817439,0.9920150931167733
817440,0.9998875763310844
817441,0.6680081002354118
817442,0.9999794322919674
817443,0.9990912242040098
817444,0.9795798636429831
817445,0.9795188338581904
817446,0.3169842893104359
817447,0.996924605381387
817448,0.9960969332441016
817449,0.6500796601982485
817450,0.06891377181066366
817451,0.9918498870021063
817452,0.9999661286302917
817453,0.5096974745627848
817454,0.16489526504597837
817455,0.04321125111759365
817456,0.02515263853516131
817457,0.2076115570787384
817458,0.16206380512059132
817459,0.8098625202565679
817460,0.9910661918798527
817461,0.6675687318828563
817462,0.05762448891634397
817463,0.1801258541614259
817464,0.9999129398582904
817465,0.6860714146362632
817466,0.9998324233916052
817467,0.9993403039933152
817468,0.8489685061818562
817469,0.03960065114083116
817470,0.927497681908188
817471,0.989603065049456
817472,0.037033754094383885
817473,0.9692066998852777
817474,0.891300770765975
817475,0.0023912826827137013
817476,0.9611399908033
817477,0.9998497647563548
817478,0.6337186528432832
817479,0.004690240570710187
817480,0.6650264317732326
817481,0.984248688641944
817482,0.4598758355910987
817483,0.6292108204955624
817484,0.9998059004875781
817485,0.999744214837608
817486,0.3773375819100123
817487,0.6804470848424851
817488,0.020207421918607367
817489,0.9999869634908509
817490,0.9199998938097835
817491,0.996530923765449
817492,0.8148587435226182
817493,0.14213578795313275
817494,0.9993903531822218
817495,0.9984556626782715
817496,0.9932265112209366
817497,0.08745569846919682
817498,0.9997299438021965
817499,0.26503139134716763
817500,0.9993985879155802
817501,0.9999473993844485
817502,0.9999841171680698
817503,0.4155724979842961
817504,0.08371143281486368
817505,0.9968575776150062
817506,0.9725888818983341
817507,0.9933739363675114
817508,0.3286498748159096
817509,0.7568313335437169
817510,0.9988427148756547
817511,0.9974706773988398
817512,0.9999644858468442
817513,0.9970589341396099
817514,0.20332793481127226
817515,0.9976397319537408
817516,0.9908073111969102
817517,0.9999453507720089
817518,0.8600077826595087
817519,0.9996972837164174
817520,0.9997517811635871
817521,0.858591091397684
817522,0.9943818356487452
817523,0.9999579650995877
817524,0.999879437241489
817525,0.9999480708367525
817526,0.9999695544449174
817527,0.15493394680321307
817528,0.3632807577201402
817529,0.9484960968429845
817530,0.9998487764251731
817531,0.987919078479174
817532,0.9997993457263252
817533,0.9984134730506362
817534,0.05117892832659018
817535,0.028498204680285355
817536,0.9990034005315731
817537,0.26843872095103194
817538,0.7895655048135408
817539,0.6800412936412183
817540,0.6179436124183396
817541,0.9992799548878997
817542,0.7258165885179293
817543,0.8237899687980054
817544,0.9999256376219606
817545,0.5353335198043871
817546,0.9982998111752793
817547,0.9988827663347664
817548,0.9992397274047367
817549,0.9978707249866583
817550,0.9751795794819088
817551,0.772896043596448
817552,0.29805948728764375
817553,0.37369699432165804
817554,0.9910244131413841
817555,0.8344875236109162
817556,0.9994173715400214
817557,0.011862662427838948
817558,0.9944446139614551
817559,0.6451565809727046
817560,0.9999635925539861
817561,0.5708570884285841
817562,0.9995239588634008
817563,0.2168966685783974
817564,0.05912894413531489
817565,0.01881195571564123
817566,0.9590093282416617
817567,0.9997232445192237
817568,0.99984085433028
817569,0.9965291435043186
817570,0.43339775154294713
817571,0.9963806371960504
817572,0.8879987660986333
817573,0.9992725468997647
817574,0.5882134618083671
817575,0.9189545445861047
817576,0.9998123968483957
817577,0.3224623822280826
817578,0.48944521432400667
817579,0.1176662007560377
817580,0.4076208958571846
817581,0.9994030237929634
817582,0.9999303458243718
817583,0.9882504810811754
817584,0.006755264429053899
817585,0.97791314224171
817586,0.9973863380280694
817587,0.9990589519891828
817588,0.5905185551559042
817589,0.7855707396456189
817590,0.9993905832914864
817591,0.9995859440751411
817592,0.634229735260686
817593,0.9313498898636541
817594,0.3373720141105472
817595,0.32045062059376794
817596,0.9979802826596048
817597,0.9994853746658869
817598,0.9996846704506498
817599,0.9997883884310733
817600,0.3171383008513229
817601,0.9999318460141027
817602,0.9999045437568295
817603,0.9935798482508391
817604,0.9493952116827751
817605,0.9811707140448569
817606,0.9454159936687319
817607,0.011125727676062227
817608,0.9987362479900812
817609,0.04587008827609948
817610,0.9986792931705298
817611,0.9999167089434986
817612,0.9994005863765085
817613,0.7279109092082842
817614,0.8802385591714987
817615,0.994546735611266
817616,0.9984584497787936
817617,0.9997791475280883
817618,0.9990071965988104
817619,0.9997897497040436
817620,0.9627565405764706
817621,0.999581899388321
817622,0.7447140526114329
817623,0.04629452286971952
817624,0.05277007803497602
817625,0.9997668215192927
817626,0.8611814364755686
817627,0.9995184094188407
817628,0.9994993335979725
817629,0.6505910914641166
817630,0.16085896360883772
817631,0.2631924668503268
817632,0.6322022847248716
817633,0.9878273297013492
817634,0.9528651202908094
817635,0.8580513733604695
817636,0.595327224713474
817637,0.9236683139634034
817638,0.9286467092062504
817639,0.4557025856743563
817640,0.16325867684013873
817641,0.9813748214884824
817642,0.8268439578452588
817643,0.835579572095497
817644,0.13781346895272117
817645,0.9675647817146551
817646,0.9822131082729677
817647,0.021239055421428045
817648,0.9966133344678099
817649,0.9996600955856876
817650,0.7846973802515923
817651,0.9993377928505548
817652,0.8049484975869319
817653,0.3897887508686099
817654,0.9996534387939566
817655,0.999077493672103
817656,0.020101870454805618
817657,0.9999664438702217
817658,0.9999084831593841
817659,0.49877921406840314
817660,0.30269455926700445
817661,0.9856456878717078
817662,0.9688913437452351
817663,0.11289712254093844
817664,0.9638037084450962
817665,0.12872802245356973
817666,0.012570416190864627
817667,0.9979401210481074
817668,0.904882004844066
817669,0.980078206607629
817670,0.03783211315135299
817671,0.9987762519499799
817672,0.9673608433825325
817673,0.4114598408045753
817674,0.9996844327790593
817675,0.47017654728549585
817676,0.9997425866358756
817677,0.45509453979289677
817678,0.011174046951036729
817679,0.997859016916341
817680,0.6454959816013442
817681,0.3331488497957795
817682,0.9241512006622654
817683,0.991526438772329
817684,0.9960914910521985
817685,0.0437313948784801
817686,0.999779713096622
817687,0.790123788152985
817688,0.17347232079552846
817689,0.9996634129061299
817690,0.9987470678890743
817691,0.9997212040174721
817692,0.09372277330875059
817693,0.7854312321534991
817694,0.8379827057609301
817695,0.9987939567018991
817696,0.058982303436441355
817697,0.9563071335971332
817698,0.9994155579708175
817699,0.9728455678036261
817700,0.9998762041153444
817701,0.13544686167725334
817702,0.13626453293579338
817703,0.7993434120999323
817704,0.9909119178761818
817705,0.9995572338468688
817706,0.4660122369646885
817707,0.9956818210930163
817708,0.7414833822927056
817709,0.9993946723845484
817710,0.9951620008938706
817711,0.9823774380992785
817712,0.9981832982083931
817713,0.04964742681782408
817714,0.005688071572487107
817715,0.6552560708965334
817716,0.6427390191879967
817717,0.07407716711719609
817718,0.9997427220283417
817719,0.11219160644069198
817720,0.9999344367570742
817721,0.9828552114220098
817722,0.009177698577538793
817723,0.3684666060484416
817724,0.9977417081778808
817725,0.9993719386197085
817726,0.3298234203838026
817727,0.5236711117356337
817728,0.8016829155894687
817729,0.14549965380383342
817730,0.9912224749635928
817731,0.20592926462126684
817732,0.999755313524859
817733,0.9998857616066719
817734,0.9998361059252839
817735,0.9996319005803305
817736,0.2777155571319362
817737,0.9299157746383474
817738,0.0625461596191697
817739,0.9998363447134884
817740,0.9859022400279303
817741,0.00439206792153985
817742,0.16354142126805932
817743,0.9782359322154629
817744,0.9999009093259079
817745,0.8002742436982818
817746,0.9536354181040365
817747,0.9171984989582873
817748,0.9999654565130034
817749,0.7944540266848392
817750,0.05538426937806053
817751,0.2518172812385341
817752,0.9952733733369803
817753,0.8408782204995984
817754,0.9805502456293846
817755,0.14474197562984292
817756,0.9981729571798418
817757,0.9996149703691295
817758,0.8718512283298621
817759,0.9112516382522985
817760,0.4689967576795102
817761,0.998965283772735
817762,0.028930932478964624
817763,0.033369686338194156
817764,0.9973841130956296
817765,0.14709697206976058
817766,0.5253556821488101
817767,0.9987472816626534
817768,0.9991641563021861
817769,0.9986043941009038
817770,0.6792550408058337
817771,0.09476999902287722
817772,0.03278292554769473
817773,0.9993628282919607
817774,0.9997911866041913
817775,0.9993322651820248
817776,0.8983703800627156
817777,0.9989187928768826
817778,0.3073648030450049
817779,0.4814956016801123
817780,0.8608566276411448
817781,0.4576597086491057
817782,0.999990587021724
817783,0.9999313978902836
817784,0.9977739767303413
817785,0.25772543964387934
817786,0.9839908917358118
817787,0.8356967232557078
817788,0.9932475636372999
817789,0.9997494389123742
817790,0.9792760627338952
817791,0.726242765571518
817792,0.9996864385649458
817793,0.8913708347306761
817794,0.010886558683571385
817795,0.027208086699569638
817796,0.7707462550497106
817797,0.9660535631968389
817798,0.9738900462235369
817799,0.23134820470134648
817800,0.9999007422828028
817801,0.2551711474135527
817802,0.49117165172030974
817803,0.7084658188172918
817804,0.9925239692726822
817805,0.999958925201698
817806,0.1317116559402789
817807,0.03938571460440444
817808,0.33772529067923585
817809,0.5212248390252071
817810,0.8309007781575055
817811,0.9521272490784132
817812,0.9999035204155184
817813,0.9918404248216679
817814,0.9887510260656717
817815,0.7549846801362914
817816,0.02361444349941577
817817,0.012529812703854878
817818,0.9998641727812618
817819,0.9978655012201227
817820,0.9997822847206417
817821,0.005556345108134084
817822,0.502356828080357
817823,0.012674459626264852
817824,0.9984117700063886
817825,0.8038435797709962
817826,0.9989405207256664
817827,0.08775747601168007
817828,0.07945938021839238
817829,0.9950041471266551
817830,0.9634018027578911
817831,0.8828952184949173
817832,0.5890805539700625
817833,0.9816047684920516
817834,0.9000017483727957
817835,0.9991182144913107
817836,0.40115821689107634
817837,0.9544935869516202
817838,0.8149999724222994
817839,0.9380303194820994
817840,0.9996953136678588
817841,0.9988308811201851
817842,0.3152137597047033
817843,0.6603951038023153
817844,0.5587147604124099
817845,0.9265575621065116
817846,0.9998984911159321
817847,0.8374569643955467
817848,0.999835638320008
817849,0.9821970071461392
817850,0.30839187610791746
817851,0.08313839394566204
817852,0.4311964442088757
817853,0.9880568397895297
817854,0.9855939377605663
817855,0.9999346154266289
817856,0.573858641363905
817857,0.03060171837042292
817858,0.927261501542732
817859,0.9999747238601748
817860,0.6987501100874426
817861,0.6810051768284846
817862,0.524938686062264
817863,0.6777908736673105
817864,0.9998157753338136
817865,0.3964668295551194
817866,0.9788560535959938
817867,0.9995058867215602
817868,0.868056472099064
817869,0.9998898306209776
817870,0.4715491904096503
817871,0.8981749039356638
817872,0.9935572822456696
817873,0.003914793332208757
817874,0.08696652501283894
817875,0.9995693553313326
817876,0.9992245445252699
817877,0.7610279970966359
817878,0.33389289142215595
817879,0.9406808167011079
817880,0.6819378026117058
817881,0.3419926534876575
817882,0.5263413409729676
817883,0.9997192029110937
817884,0.969761154493034
817885,0.9811589323619037
817886,0.9316798309731456
817887,0.9974659199584597
817888,0.999898529094631
817889,0.07649820902055246
817890,0.9045699630444206
817891,0.9997748310137622
817892,0.48441157093044807
817893,0.9998916627033676
817894,0.9980040074194576
817895,0.0572672842461162
817896,0.9549449107730892
817897,0.4222983828376569
817898,0.8307386729834676
817899,0.11876621050690306
817900,0.999989668918407
817901,0.5474267765429248
817902,0.005695474136098635
817903,0.21361577443799157
817904,0.9998086799688668
817905,0.9996785046118997
817906,0.012881208875715047
817907,0.06609575523733438
817908,0.9944822973657257
817909,0.9847111870519976
817910,0.9998667107714352
817911,0.021266552649632744
817912,0.9995250452668284
817913,0.9986950578157723
817914,0.8983867974028956
817915,0.0329704524235513
817916,0.002614236702840276
817917,0.5499885263495726
817918,0.9995755430208746
817919,0.9998207873686158
817920,0.9997970801350606
817921,0.9975557273900721
817922,0.9889342257392246
817923,0.9958432191583662
817924,0.9975913028218312
817925,0.9995253369203381
817926,0.987279842915894
817927,0.8461760772656166
817928,0.015450553884617881
817929,0.4093918476033923
817930,0.007998780710075945
817931,0.8066699935804785
817932,0.983382505254605
817933,0.9710417747608169
817934,0.9918328763724924
817935,0.8989379318938859
817936,0.9997722246008425
817937,0.13418984288187322
817938,0.14231290052831408
817939,0.9000239120693663
817940,0.9991137061277857
817941,0.44187461655690036
817942,0.45101205180253523
817943,0.8543069601805893
817944,0.40584399855282893
817945,0.99977155728431
817946,0.9999834389263358
817947,0.9992288206485463
817948,0.9805922859797118
817949,0.9932917492776365
817950,0.045247833558456275
817951,0.830735603110256
817952,0.9962645040798479
817953,0.999031805945749
817954,0.11645556637112661
817955,0.9932471709167291
817956,0.7896757110787811
817957,0.9412805673717102
817958,0.9999056657441578
817959,0.28408010857217275
817960,0.9996032172975478
817961,0.9971553173951853
817962,0.9302030063681436
817963,0.9982455083851454
817964,0.9998762964303838
817965,0.994318562936209
817966,0.813769936630062
817967,0.9993837634358136
817968,0.999547623672896
817969,0.9994152136780325
817970,0.9915818200894924
817971,0.9997143598732267
817972,0.9976768095873572
817973,0.08312952768227276
817974,0.9126547217411389
817975,0.7637686365988732
817976,0.9993986659969667
817977,0.14633795239232283
817978,0.9999261132246918
817979,0.9999108918244772
817980,0.1581113616124284
817981,0.7064714000573118
817982,0.9994143982703861
817983,0.2839168540986665
817984,0.9998361535680791
817985,0.31071510775246536
817986,0.34293358633862514
817987,0.21162398069223615
817988,0.9999170395131609
817989,0.9904028384323088
817990,0.8940339422185593
817991,0.9994763667393993
817992,0.991824543456211
817993,0.9366024313053087
817994,0.996863981817518
817995,0.445988249678512
817996,0.9597716701260087
817997,0.9999241364749518
817998,0.9196530783816208
817999,0.9996248542986136
818000,0.7740848490249814
818001,0.9992602948617271
818002,0.059979528474271945
818003,0.11615178597134763
818004,0.9994192803460773
818005,0.026754558926232984
818006,0.1926927782862959
818007,0.9985719105133667
818008,0.6769711318793552
818009,0.9995075312270184
818010,0.9994652739104789
818011,0.9966761492452321
818012,0.7991777210677506
818013,0.7762305591408833
818014,0.9970619978419637
818015,0.8418597945355071
818016,0.792922152999893
818017,0.9996801661125037
818018,0.999972798153835
818019,0.9167216334910988
818020,0.9869978241944469
818021,0.993717228252599
818022,0.9875781640215902
818023,0.9998512451519037
818024,0.8491658233462278
818025,0.9786531254114825
818026,0.9999397106153993
818027,0.964858442115083
818028,0.9997723872520494
818029,0.9997609937976852
818030,0.9999686851114756
818031,0.9976291505681478
818032,0.9404425321827886
818033,0.997332153998992
818034,0.7408612700196766
818035,0.6228262062259066
818036,0.9677073743880911
818037,0.4080895332006429
818038,0.536984143226211
818039,0.9945113516240947
818040,0.906413635888438
818041,0.6564833850678633
818042,0.05008989724579757
818043,0.9995780580668092
818044,0.31554319746151926
818045,0.31041249481660804
818046,0.9992587129818997
818047,0.9367352697258409
818048,0.9998864476542177
818049,0.32032757048185184
818050,0.9811214866242841
818051,0.9144692739080452
818052,0.49750462054618183
818053,0.946724741144887
818054,0.05814441168216194
818055,0.9993725503104796
818056,0.200259064455109
818057,0.9995567156752887
818058,0.4079990601848854
818059,0.28251452379078756
818060,0.9997044863018703
818061,0.9603102385785627
818062,0.9996869585207073
818063,0.18669643441669903
818064,0.9869379253746943
818065,0.9972686089744048
818066,0.7412119317042339
818067,0.9967211446851676
818068,0.9999630799220568
818069,0.9991046733068771
818070,0.9995903904485437
818071,0.17093471654094386
818072,0.6440495011867351
818073,0.9998868029482715
818074,0.9998731533217078
818075,0.9999864756768996
818076,0.47389344167884095
818077,0.017542792621293043
818078,0.012602816722283892
818079,0.12221918989142803
818080,0.2033657914173985
818081,0.982946206703726
818082,0.014816084682924316
818083,0.9995950172018812
818084,0.9847574946450812
818085,0.10458809907199312
818086,0.9792328773012751
818087,0.9987948840293042
818088,0.4559924096403133
818089,0.790604898121144
818090,0.9995163971079013
818091,0.9997618371745647
818092,0.056790222535184565
818093,0.9759497433410252
818094,0.9998632853338474
818095,0.9972614349520397
818096,0.11556736047041011
818097,0.9915909956308951
818098,0.9999756851355905
818099,0.9779729688272962
818100,0.999683917923918
818101,0.2925200697895393
818102,0.9901897217413569
818103,0.0021995852697422893
818104,0.8902048403652061
818105,0.9827919349018666
818106,0.6124926705760075
818107,0.05676450777532838
818108,0.9411059844239031
818109,0.9998484143367111
818110,0.9998156749229354
818111,0.7988334422172008
818112,0.23265346188358843
818113,0.019760228906383993
818114,0.4455304383251516
818115,0.2025195797995059
818116,0.3114634565668474
818117,0.999952638869421
818118,0.9615561288770127
818119,0.02113992669382731
818120,0.03394682887805102
818121,0.9998768734255078
818122,0.9999499419417104
818123,0.9468277837012444
818124,0.9991491352811199
818125,0.9984771740531879
818126,0.774670439994266
818127,0.20861968254323177
818128,0.11560297306718416
818129,0.9999580208961003
818130,0.9996011024764966
818131,0.9999901551845355
818132,0.022920421997483932
818133,0.9983067306741396
818134,0.9995393533626038
818135,0.9937244331399412
818136,0.9995778780099731
818137,0.6697488436152662
818138,0.9992704881611898
818139,0.4611305824525676
818140,0.1074630974132417
818141,0.004095236317288025
818142,0.8970320986070878
818143,0.8272609465855232
818144,0.13574249792836285
818145,0.9171236894577273
818146,0.9999522157465869
818147,0.7722085825243251
818148,0.7929445985013277
818149,0.48442701624524176
818150,0.7199875682731703
818151,0.9997459821832526
818152,0.8094358120544498
818153,0.37167291735335806
818154,0.01772262487343299
818155,0.017092395297791135
818156,0.9986818628470436
818157,0.9787243416503599
818158,0.7125716696994071
818159,0.9956850634151133
818160,0.7187265371014007
818161,0.0874640725269212
818162,0.13633354862185812
818163,0.9008227953422796
818164,0.15271100670389878
818165,0.21399168196383928
818166,0.9999218103207675
818167,0.9927852160303254
818168,0.989326170637669
818169,0.9998815241101261
818170,0.06958036025911206
818171,0.7916361508709744
818172,0.9938064853210231
818173,0.9995641031384459
818174,0.7857829330752919
818175,0.9861444915729707
818176,0.6679289486383095
818177,0.9719366013379798
818178,0.7531184520841631
818179,0.9994594659804148
818180,0.9174110341737054
818181,0.4070864384758102
818182,0.9999549439531542
818183,0.5784701456501964
818184,0.3812976297694046
818185,0.9962525056201974
818186,0.9999330828691437
818187,0.09882886094229429
818188,0.9502893637296782
818189,0.872856825579412
818190,0.9997438794742509
818191,0.6695400534719862
818192,0.9999322521998826
818193,0.9924950966309602
818194,0.9934330693372615
818195,0.3082434687539165
818196,0.6727615760997155
818197,0.987032652310893
818198,0.999726116644196
818199,0.3533080741725232
818200,0.8101732156555277
818201,0.24578859374115486
818202,0.9733447040719171
818203,0.998888222252299
818204,0.8557933883242373
818205,0.9963750240357917
818206,0.08505330769926245
818207,0.9449120432385301
818208,0.4852182853644615
818209,0.07544819401225039
818210,0.9457106069853839
818211,0.9711269857900129
818212,0.922616680782518
818213,0.6667524225574615
818214,0.9998564435126172
818215,0.9999272672275179
818216,0.038302158667941906
818217,0.9629961447074511
818218,0.9992486920155959
818219,0.1345293829669854
818220,0.9999915268172653
818221,0.9999806559737692
818222,0.9985032833973162
818223,0.855266728668062
818224,0.4599662840499106
818225,0.999098004058061
818226,0.9449266247268626
818227,0.48994575225585746
818228,0.8661632843103215
818229,0.9999232875554183
818230,0.9993077006025709
818231,0.9997193495521735
818232,0.9996666106647012
818233,0.9980544902489158
818234,0.9223670780575955
818235,0.9998900065563477
818236,0.9985882241017674
818237,0.987452586335464
818238,0.9979386945006032
818239,0.6807724844719829
818240,0.01224416115529556
818241,0.09558287563044364
818242,0.08222759020828088
818243,0.9998296809421294
818244,0.2573714100102341
818245,0.626567513563218
818246,0.5995103434476399
818247,0.5733155498181887
818248,0.22576527128239826
818249,0.9977198223228989
818250,0.8265550989063486
818251,0.9998306288395071
818252,0.9900320138744605
818253,0.999927550219188
818254,0.9686400154316408
818255,0.9996587519884976
818256,0.09472311601188624
818257,0.06534609152953555
818258,0.9672526047082279
818259,0.9998393649120534
818260,0.9909676821582278
818261,0.33743255690305624
818262,0.9998654354486775
818263,0.9973448953191746
818264,0.9999678348053918
818265,0.9165583997746486
818266,0.9983610146523038
818267,0.9996750141149393
818268,0.019060466370296278
818269,0.0074582672223697626
818270,0.6975990046039438
818271,0.9999437527890008
818272,0.8296840058787578
818273,0.9960099944032158
818274,0.99980459361638
818275,0.9998401183374442
818276,0.7592194496820177
818277,0.9958140755592351
818278,0.9981221955232691
818279,0.9989886389382064
818280,0.05570665829318326
818281,0.9953741214667192
818282,0.9994118599343551
818283,0.9991281993504111
818284,0.9914526612054398
818285,0.14243182041015576
818286,0.9973616335462416
818287,0.7190853337482521
818288,0.17218518905435937
818289,0.9979779815930973
818290,0.9999369218973447
818291,0.9994411077203007
818292,0.999914693177144
818293,0.9997850474586187
818294,0.7594064670834708
818295,0.1313159835656799
818296,0.7966281079894677
818297,0.9999657913132844
818298,0.954137156103779
818299,0.9957043505562431
818300,0.9993444410890853
818301,0.9987546937737382
818302,0.9250331522175597
818303,0.9933194517357232
818304,0.5174416166812005
818305,0.9998133324259959
818306,0.9999332498959157
818307,0.9924639700392681
818308,0.9999875972803505
818309,0.40993471092185046
818310,0.32979349498528254
818311,0.5254457180010955
818312,0.22641593011038155
818313,0.5335664138751205
818314,0.15381153992960306
818315,0.054659483540534196
818316,0.9999091211321558
818317,0.9602458916517818
818318,0.22060735361921963
818319,0.011220891670670892
818320,0.5561464441689337
818321,0.9970670375953784
818322,0.029656357186577574
818323,0.9624391851734766
818324,0.9969894223753042
818325,0.9998032471066267
818326,0.7691132778535791
818327,0.8858107170414722
818328,0.7843039395116449
818329,0.9919591347367862
818330,0.9462739212418136
818331,0.9996821149211401
818332,0.7451875545509937
818333,0.7349172564223367
818334,0.7170199894894163
818335,0.9895205422219235
818336,0.9997203104238291
818337,0.6422215467068442
818338,0.4387328494675273
818339,0.904034412524342
818340,0.9766843302458413
818341,0.9914567266722296
818342,0.35834365001122226
818343,0.029202766458971914
818344,0.9969033584065381
818345,0.7108859713348101
818346,0.9997702668948795
818347,0.5404181119358537
818348,0.3343491724546418
818349,0.25677823286758983
818350,0.9998084297348518
818351,0.3719437974771118
818352,0.19931490947072578
818353,0.9890996541247614
818354,0.749570581067079
818355,0.9979901771526604
818356,0.2952009835823702
818357,0.7607190038676539
818358,0.9953506126931031
818359,0.019203223089162075
818360,0.9978193587478222
818361,0.02544675577778905
818362,0.9997261919166931
818363,0.4702362759664705
818364,0.9525250281254273
818365,0.046593733717927854
818366,0.5798435478170878
818367,0.9156638324142976
818368,0.9743110621984805
818369,0.9867411254400678
818370,0.9833675152664483
818371,0.9405443513769804
818372,0.9441619581923852
818373,0.9997780290087109
818374,0.9429718816849522
818375,0.6697775178758505
818376,0.9976501539620168
818377,0.9989823317946683
818378,0.7918901534597393
818379,0.9637012422227236
818380,0.28004209075408854
818381,0.9999514767834112
818382,0.9988208563856948
818383,0.9986808914781642
818384,0.4962186066863989
818385,0.9933746476374916
818386,0.9998138817341933
818387,0.24845734756155247
818388,0.9979529482495602
818389,0.9996132027423545
818390,0.6618397826933236
818391,0.12143870193928359
818392,0.4295520312002062
818393,0.36117979817666984
818394,0.585711588260407
818395,0.9938062997312294
818396,0.9998068509760012
818397,0.9999895384678718
818398,0.36571380642602236
818399,0.9997799917779803
818400,0.9958516460880364
818401,0.9981629512908238
818402,0.07053094831351149
818403,0.9463900262028446
818404,0.9991303782082877
818405,0.9965189406128223
818406,0.13714179238431487
818407,0.9953194688121688
818408,0.9995696677604098
818409,0.24615826920774117
818410,0.8639413189048135
818411,0.7788837929363261
818412,0.8224781542599822
818413,0.8811610325405075
818414,0.6480777339117408
818415,0.9960081941063714
818416,0.35278225130222185
818417,0.09369954174134482
818418,0.8989473966260082
818419,0.024700374044108193
818420,0.8597426567229599
818421,0.2117500013289678
818422,0.01724075016195614
818423,0.013558997807390793
818424,0.017021472834763664
818425,0.8877824596966617
818426,0.7869194027626015
818427,0.9944897462363277
818428,0.9990502742241978
818429,0.42715879623626496
818430,0.9999607929188248
818431,0.06456140192582446
818432,0.9992166563574181
818433,0.9993440205723395
818434,0.9990181052683449
818435,0.9978038845860009
818436,0.9975578415446663
818437,0.09873514080736648
818438,0.9998901890275407
818439,0.9773466195576316
818440,0.9996923157222771
818441,0.04318271778255729
818442,0.11247725954510299
818443,0.995902713235491
818444,0.9993332614784228
818445,0.6455798334281586
818446,0.9785628455491342
818447,0.9744097852864837
818448,0.9112842535976364
818449,0.9985905939627899
818450,0.27899839511425095
818451,0.1585076893107305
818452,0.5008746514674383
818453,0.5615260577700976
818454,0.9998383199467599
818455,0.9989913466922213
818456,0.025571872435568327
818457,0.9993824439485481
818458,0.9999569433902609
818459,0.4588991591795059
818460,0.9907757918426987
818461,0.1767070328832973
818462,0.8134942327295296
818463,0.9894233699931348
818464,0.9974872302001292
818465,0.6726533746941932
818466,0.9006126331327435
818467,0.9707904826309889
818468,0.06440345120954258
818469,0.9991554278957404
818470,0.998745871419999
818471,0.1304571539378114
818472,0.9907138070469187
818473,0.9966374673855721
818474,0.9926989676545948
818475,0.9992886895184468
818476,0.9997811093276638
818477,0.564329908838898
818478,0.8888175961976652
818479,0.9996895717645915
818480,0.9010109148861879
818481,0.9993726136346897
818482,0.548966815364953
818483,0.9997152177133005
818484,0.9887904439352441
818485,0.8912301791192517
818486,0.014230066793855254
818487,0.9999689110911899
818488,0.8349674404719153
818489,0.7300702415095759
818490,0.9995049290693518
818491,0.9045961419660127
818492,0.6292348385021732
818493,0.04470533307321992
818494,0.9937750109837583
818495,0.9567438536978466
818496,0.40949228752227795
818497,0.49685353942894195
818498,0.029446950601805633
818499,0.9999468607896721
818500,0.6736058202583135
818501,0.12823435526926127
818502,0.9351900673247873
818503,0.9966765131598035
818504,0.9804462515087804
818505,0.7182830889614014
818506,0.9998181481742201
818507,0.9830886196876327
818508,0.2601901220139807
818509,0.9836035588247312
818510,0.11340444351969353
818511,0.38285940179252675
818512,0.747154310512984
818513,0.9998287896023661
818514,0.9974796695358252
818515,0.7443118603517171
818516,0.9261838218570941
818517,0.3004039450969904
818518,0.9999441131484115
818519,0.2284132063153489
818520,0.9976952797789089
818521,0.967685138443647
818522,0.9994729254186998
818523,0.9998953921073486
818524,0.7880035445625638
818525,0.9998891032976251
818526,0.9840578484620851
818527,0.9997786595248227
818528,0.9999147563747519
818529,0.9995197708164657
818530,0.09054232564463278
818531,0.535524263718762
818532,0.7052273066596286
818533,0.9800197071342415
818534,0.6229814556400025
818535,0.9344388744397515
818536,0.994613049077863
818537,0.6328259881533269
818538,0.9997663582098267
818539,0.24847401828661675
818540,0.9990247029984523
818541,0.9958685263681024
818542,0.5576738763754148
818543,0.012003716727853287
818544,0.6740247627938011
818545,0.9724723960306936
818546,0.9493752659492674
818547,0.8692604018534715
818548,0.6836606263840845
818549,0.9999642843470045
818550,0.9977192189629004
818551,0.9721077604732671
818552,0.010879454268652052
818553,0.9999140866293512
818554,0.7735072244585313
818555,0.5904534824637104
818556,0.2855229300496749
818557,0.9197368498436745
818558,0.9837106110591876
818559,0.9992103003735945
818560,0.165633829110706
818561,0.9861541020923255
818562,0.999435374090953
818563,0.21510338015902286
818564,0.06631870898513642
818565,0.0065989961722046
818566,0.9819587628385105
818567,0.1264758589427493
818568,0.9897045283109395
818569,0.6232880895811531
818570,0.048128426430492796
818571,0.5580859404829104
818572,0.8693464065740726
818573,0.10062777442091841
818574,0.9998758611587735
818575,0.14475904990474417
818576,0.9984798235691844
818577,0.9956788457846022
818578,0.9610475234701034
818579,0.0035376517282827797
818580,0.9990293953513868
818581,0.5389860769940513
818582,0.9998018408169695
818583,0.055767069091847386
818584,0.9998869032776989
818585,0.7542445312794331
818586,0.9999900973071809
818587,0.9905241966499303
818588,0.9191517928721562
818589,0.7407251936590282
818590,0.9944362174763708
818591,0.9998194870428834
818592,0.9968665208990359
818593,0.9984707510384834
818594,0.7374746082744781
818595,0.9039416507917339
818596,0.9147105559926598
818597,0.9977645892511601
818598,0.9999795104184762
818599,0.9957942152988177
818600,0.9999437747681856
818601,0.9998717135927481
818602,0.9826906965445092
818603,0.9994427382167059
818604,0.99882499173475
818605,0.9997900950762514
818606,0.0694083023679767
818607,0.7428597409054128
818608,0.9999488159595287
818609,0.7475925099309123
818610,0.9999796427321245
818611,0.9771561656576216
818612,0.042727203185494576
818613,0.10658717893501317
818614,0.9995673496063808
818615,0.9643596754072132
818616,0.9959190971647257
818617,0.5016435895896459
818618,0.4691278642477498
818619,0.9991067314705722
818620,0.9999833299595048
818621,0.8317858484947935
818622,0.9517526257362996
818623,0.9999279367057157
818624,0.9999840528673215
818625,0.9998632245329319
818626,0.983228327040554
818627,0.019455647141552065
818628,0.9999324110852037
818629,0.04522361677629218
818630,0.839140530583378
818631,0.5162153873965746
818632,0.0485297865514694
818633,0.9994725418725305
818634,0.07132094285235091
818635,0.16204543037544175
818636,0.2199661265919105
818637,0.016690092336722834
818638,0.9997992180685336
818639,0.18959138628318625
818640,0.9991256187252273
818641,0.1168103644046471
818642,0.5555581170450355
818643,0.9993064046937249
818644,0.6859434194756855
818645,0.9990792795700555
818646,0.9801751901157808
818647,0.9993184910959336
818648,0.9932680183783624
818649,0.026024924133436114
818650,0.9996451247537153
818651,0.04096993475806396
818652,0.477152802677007
818653,0.9999669989374208
818654,0.20265862267815962
818655,0.9097922469716069
818656,0.09019713603428177
818657,0.7443746763537811
818658,0.6296747805559907
818659,0.9296456063470675
818660,0.43493634541091974
818661,0.8907188216754496
818662,0.9788633818318515
818663,0.9998627506197293
818664,0.6091410349317808
818665,0.8591601461691909
818666,0.9996321599860534
818667,0.7739372169578064
818668,0.9994001578548528
818669,0.4091427402557369
818670,0.9999448206484416
818671,0.9997664683440821
818672,0.19588176855737693
818673,0.10529754619398202
818674,0.01801435943042629
818675,0.10853813340318273
818676,0.2305590261786018
818677,0.8913075262375051
818678,0.61037497198166
818679,0.999628067732028
818680,0.9997405919413163
818681,0.9576009518689304
818682,0.866616310745998
818683,0.08200092739272022
818684,0.9995242582239388
818685,0.9999127516107842
818686,0.030830731508066797
818687,0.5340682119245604
818688,0.8958423603322035
818689,0.7239392903963624
818690,0.577508623024755
818691,0.9993103724372729
818692,0.9931010623216157
818693,0.999737679180668
818694,0.9080629228385252
818695,0.004756324279399545
818696,0.9915138173293219
818697,0.8053885669231025
818698,0.5226008574365824
818699,0.8287410899695966
818700,0.9949276539771639
818701,0.9719653394898793
818702,0.09711775606022405
818703,0.9991096592580049
818704,0.9973618395891318
818705,0.9970051509703826
818706,0.04550102008522243
818707,0.9771551010311459
818708,0.9999955758761354
818709,0.9991610906693247
818710,0.48915378551798183
818711,0.1258079633789576
818712,0.9997175765771978
818713,0.9445962261661816
818714,0.9889575436451812
818715,0.11882894298673159
818716,0.2654645964943021
818717,0.8245063279526337
818718,0.9975314690359419
818719,0.9951284764697628
818720,0.3991669346877279
818721,0.999649015602643
818722,0.6778480393992836
818723,0.3463275668592755
818724,0.15554432303669527
818725,0.9894888383398405
818726,0.8674359816366755
818727,0.994906924440206
818728,0.8376251598849486
818729,0.27555029791470265
818730,0.040955448710163336
818731,0.9954614213401889
818732,0.999703810162415
818733,0.9845933535338531
818734,0.06575683844436504
818735,0.028749557421523214
818736,0.8447189954452294
818737,0.2749733436972742
818738,0.9997964562618018
818739,0.7166077193059552
818740,0.966571581200756
818741,0.971045076696629
818742,0.9994462131270733
818743,0.06747721963808063
818744,0.2573125058983475
818745,0.07242327387175523
818746,0.9998185936993966
818747,0.9951738728016639
818748,0.06525238332663909
818749,0.14668605677894095
818750,0.9999921102140381
818751,0.8736278185410999
818752,0.9997354215246453
818753,0.9995711914176058
818754,0.075272268850127
818755,0.9849731525878986
818756,0.022788699384899587
818757,0.999965180718505
818758,0.9995959461284865
818759,0.7761675783714288
818760,0.6507502487662884
818761,0.9989913157763033
818762,0.7400173229575729
818763,0.2376250744911526
818764,0.9998781641125252
818765,0.023071221789193987
818766,0.4646166216764327
818767,0.9946676643075563
818768,0.5942925938260681
818769,0.001148807809235779
818770,0.8746178681242306
818771,0.2541465336446778
818772,0.9998446863939808
818773,0.002030818513570056
818774,0.9621021402374231
818775,0.9997967716683124
818776,0.9984908668848873
818777,0.9999434520409123
818778,0.9999844975879693
818779,0.9994616665561481
818780,0.9489565205122313
818781,0.9999192671599444
818782,0.06129559682989963
818783,0.9999535224016209
818784,0.03708233368996722
818785,0.8976358072964756
818786,0.9998255931741145
818787,0.6518570120369265
818788,0.12186260028177423
818789,0.9240350975006704
818790,0.9978774572235987
818791,0.9987705237713698
818792,0.031243606286561733
818793,0.7764416999579552
818794,0.9191524467008196
818795,0.7104322333802734
818796,0.9587559857565835
818797,0.9993146933577963
818798,0.9985114114548146
818799,0.9999516470205688
818800,0.9999807629900481
818801,0.9995648825731156
818802,0.9995157203768904
818803,0.15445905563327655
818804,0.6737471066527149
818805,0.9990529238165036
818806,0.9841277170108529
818807,0.001758382944306909
818808,0.9988260072315535
818809,0.9975657575589307
818810,0.04309282458244936
818811,0.0017053416028421217
818812,0.9935031764876985
818813,0.9999191226846651
818814,0.9983564420942592
818815,0.3831235140611412
818816,0.19082856441567328
818817,0.03611372140806466
818818,0.9999550490910418
818819,0.975313808479255
818820,0.9929508755800157
818821,0.9999862852777408
818822,0.6966673207938627
818823,0.9609536022943057
818824,0.992357689792061
818825,0.9984586194544911
818826,0.04756852892546375
818827,0.9996388190828327
818828,0.7397879772200382
818829,0.21977142690813328
818830,0.9997223127083699
818831,0.9986596524484517
818832,0.9997272293208983
818833,0.8192931938405267
818834,0.8779348816573136
818835,0.999608415562551
818836,0.9999416974671093
818837,0.7961265777067084
818838,0.8656300754450328
818839,0.9996029414513601
818840,0.9920402142013116
818841,0.040857943292623586
818842,0.7007744608941799
818843,0.05349480391811878
818844,0.6016538837843521
818845,0.999994561892001
818846,0.6098017081686875
818847,0.9999248588086901
818848,0.9993832796148969
818849,0.9165123317603701
818850,0.0031236569040038265
818851,0.9999973615525672
818852,0.9993519804066631
818853,0.9999655944226665
818854,0.6143716473840324
818855,0.9645117933398557
818856,0.7573184402140594
818857,0.9984613540029879
818858,0.05403112692187837
818859,0.9997937732216512
818860,0.015518210350363926
818861,0.9997571838688296
818862,0.9999641917328421
818863,0.9825518870580675
818864,0.9989490991743376
818865,0.7650640727369277
818866,0.9998485856163392
818867,0.48506765396291607
818868,0.9672406636805839
818869,0.2295147177499972
818870,0.9999417051291262
818871,0.507930936677786
818872,0.9998556001214302
818873,0.1297081277494262
818874,0.9955949235262893
818875,0.9995599689874582
818876,0.999812555652589
818877,0.962408243200876
818878,0.9997694021144832
818879,0.9998542167726374
818880,0.15020055536285717
818881,0.9603900608772302
818882,0.2518856429128713
818883,0.15485902000166496
818884,0.35666429442541175
818885,0.983632207948758
818886,0.3249804796423891
818887,0.030598415062832538
818888,0.9940387879961338
818889,0.9999696548353568
818890,0.9924186071653178
818891,0.9635153996423013
818892,0.24474218741279713
818893,0.03132463979001897
818894,0.9997301969580975
818895,0.9963475791056406
818896,0.9991192697173203
818897,0.31349680185866263
818898,0.9993595614822988
818899,0.9888146366168051
818900,0.9995431421123644
818901,0.9976569942157143
818902,0.8876020519639862
818903,0.9989975420937506
818904,0.999830434867991
818905,0.9961760077458431
818906,0.8002460695437257
818907,0.8090408705374965
818908,0.31062963021850665
818909,0.35780604245975345
818910,0.9995466543244623
818911,0.6599292637019105
818912,0.9941603930663943
818913,0.9938422063908166
818914,0.895860923669854
818915,0.9993018275124081
818916,0.9995696384232935
818917,0.8939859054975119
818918,0.8499148475952727
818919,0.9967735470528791
818920,0.9919697945035387
818921,0.9973199546649933
818922,0.9661716618789847
818923,0.998568370638087
818924,0.43721956348515995
818925,0.007879871333528165
818926,0.9797308699130811
818927,0.7363483369022708
818928,0.30085327571783316
818929,0.4986679623662564
818930,0.4947418041177676
818931,0.9999872534104707
818932,0.999945117183856
818933,0.9717362573176929
818934,0.9892965474687856
818935,0.5579630669441217
818936,0.9996048248662275
818937,0.47448645878173384
818938,0.4671689389537861
818939,0.9998907226667688
818940,0.9998184752240071
818941,0.9994268230364873
818942,0.8944148371492253
818943,0.9911116558954856
818944,0.9999135841216276
818945,0.9991758401272708
818946,0.9172753925005115
818947,0.005549311028393591
818948,0.6148337944186545
818949,0.9999853444626748
818950,0.9437037826442004
818951,0.22857696677376865
818952,0.5738528555054605
818953,0.9996428977791478
818954,0.9973311280574526
818955,0.9115387329292357
818956,0.9993202695818122
818957,0.005274093059805065
818958,0.5774953032479826
818959,0.288583709244275
818960,0.9995143828057199
818961,0.9940162558227403
818962,0.29376222635475246
818963,0.9779937395106513
818964,0.28962550753659755
818965,0.10144121598972997
818966,0.9995431022706349
818967,0.20253473433337227
818968,0.8963410234630915
818969,0.9922032767795516
818970,0.9155786437042082
818971,0.9772152659996514
818972,0.966776170702636
818973,0.5637344974590796
818974,0.6473787066145882
818975,0.9992807948966029
818976,0.9996707580854376
818977,0.3581789753548891
818978,0.999830821727875
818979,0.1059331517076515
818980,0.614954479977101
818981,0.9696306542579995
818982,0.5031191969066179
818983,0.32706248245729197
818984,0.11419573530913563
818985,0.9990573386873738
818986,0.9999347484710256
818987,0.999868670374172
818988,0.9912624351437744
818989,0.992453575495204
818990,0.9370762533470881
818991,0.2662629230958896
818992,0.9872085783667218
818993,0.661514884481033
818994,0.9999510437576247
818995,0.44332163767100713
818996,0.9979773544512377
818997,0.7108659377961677
818998,0.5542444270152143
818999,0.006702609023079644
819000,0.01793594456783873
819001,0.9993893224763188
819002,0.999041333493246
819003,0.06900188229786343
819004,0.00793111998087585
819005,0.9798396012402277
819006,0.9753728063573983
819007,0.5395570418260994
819008,0.9237018335672567
819009,0.35920662787919866
819010,0.6852619796813949
819011,0.9986434872844809
819012,0.9996535675034461
819013,0.24143358745536256
819014,0.1189302386446007
819015,0.17105314721645776
819016,0.9294615648594828
819017,0.9983046613967878
819018,0.9996772764500523
819019,0.4132271002825668
819020,0.689257675967782
819021,0.9950977833734491
819022,0.998896682151227
819023,0.9559808685985657
819024,0.9736724095559202
819025,0.07676486437752823
819026,0.08850980316901064
819027,0.999012838909735
819028,0.9991883275799779
819029,0.6222278124974641
819030,0.9222211753420789
819031,0.42660466453874324
819032,0.7015763931986134
819033,0.7646949887113625
819034,0.4788399020928611
819035,0.9929850879354678
819036,0.9945961737867401
819037,0.9994736981834986
819038,0.9996791356136276
819039,0.006269556540209187
819040,0.3064409540679568
819041,0.9968494609103401
819042,0.5966721807753361
819043,0.7380138221109702
819044,0.9999739118711085
819045,0.5858383634091312
819046,0.9977765833891163
819047,0.729937181740646
819048,0.014043837697050362
819049,0.13175904733488547
819050,0.7180450366985247
819051,0.999441692919329
819052,0.46183289694414187
819053,0.9996836582864974
819054,0.3733481501146809
819055,0.9993848143213586
819056,0.9997104658537476
819057,0.6643975085951062
819058,0.9976850774704606
819059,0.6087310518319964
819060,0.05962755832120341
819061,0.08317620371904819
819062,0.0011256758700325883
819063,0.4794580862292922
819064,0.7821741714588393
819065,0.28718241403524114
819066,0.9997044200267606
819067,0.9643910675657973
819068,0.9979316321461597
819069,0.9999038216626011
819070,0.8223524909065899
819071,0.9897401564932573
819072,0.9994936789627517
819073,0.741008868203813
819074,0.9983591893049385
819075,0.9939437327171918
819076,0.9994834838813795
819077,0.19933594203740773
819078,0.954708246029198
819079,0.6396787766683466
819080,0.4376222869856008
819081,0.9806643649036114
819082,0.08905398795631758
819083,0.9794682513071904
819084,0.13362902338323707
819085,0.23304970840264602
819086,0.06181047723264429
819087,0.989260159077872
819088,0.285478592575213
819089,0.7792330527084084
819090,0.9998873842188698
819091,0.9998153265274355
819092,0.18641510564276387
819093,0.7380870541978652
819094,0.015987569894233476
819095,0.9999439706854912
819096,0.01626021552882915
819097,0.877024018927439
819098,0.012631982181914577
819099,0.9995297869366047
819100,0.9999652525674619
819101,0.9996509704537154
819102,0.6300361221150943
819103,0.9990748806541292
819104,0.7327533825893071
819105,0.9278667764021904
819106,0.44375676130748004
819107,0.9842410114375446
819108,0.9987913998750314
819109,0.18907453543753558
819110,0.26527703727641977
819111,0.9995721643578308
819112,0.07336992033500844
819113,0.9881103108686128
819114,0.9997388602128394
819115,0.999852452247615
819116,0.22305544546782302
819117,0.49430136028433086
819118,0.996058633662215
819119,0.007874008621931156
819120,0.02423007133028367
819121,0.4830381420355582
819122,0.791420135874996
819123,0.9997987076265462
819124,0.01512572972099998
819125,0.9998648416903793
819126,0.04707498074337019
819127,0.6413165100269986
819128,0.9992149247931514
819129,0.9911852903972159
819130,0.8014306956828219
819131,0.3316181333033694
819132,0.7421509969760028
819133,0.42898176872671084
819134,0.9998729416119041
819135,0.949178701207293
819136,0.4287236189080036
819137,0.9275911676898203
819138,0.09237766024574479
819139,0.14508326010043676
819140,0.0398312936768522
819141,0.8429138448684668
819142,0.9921872512791587
819143,0.08294082189388213
819144,0.06957685108866325
819145,0.9971734979931927
819146,0.3300944587575365
819147,0.3788231203622156
819148,0.9999512848059222
819149,0.2671081173273101
819150,0.9540250005808997
819151,0.9999708849090273
819152,0.9998191610727998
819153,0.5424637698064039
819154,0.9983463419154747
819155,0.9999771489814551
819156,0.7617923207573516
819157,0.5345687796152063
819158,0.9858762187787419
819159,0.6540372100506964
819160,0.9291726296536849
819161,0.871975455998541
819162,0.9858155210661594
819163,0.05363466848034075
819164,0.9934166627302152
819165,0.9994865677002656
819166,0.334940082766159
819167,0.989864967862529
819168,0.7998292731254184
819169,0.030605915176270846
819170,0.2976963725327328
819171,0.9142944935617426
819172,0.7548099789269901
819173,0.9997981311815012
819174,0.9836276111186139
819175,0.9965831058163281
819176,0.8164849217585168
819177,0.816467958557523
819178,0.6830383597396661
819179,0.9963711623614024
819180,0.037521994545690836
819181,0.6840051411632568
819182,0.9593952942464563
819183,0.9999633957162992
819184,0.8437001788780688
819185,0.40220795392167774
819186,0.9926546947069583
819187,0.8288301007004282
819188,0.20067299482770032
819189,0.99981645467108
819190,0.14605074230594667
819191,0.029810181787517785
819192,0.9253312739719735
819193,0.9077968548455048
819194,0.9984906291363542
819195,0.9993278776630503
819196,0.8140286649031253
819197,0.346027991914287
819198,0.3816273640239587
819199,0.9974554974916169
819200,0.9999274979521477
819201,0.21885039173826537
819202,0.19914748634576818
819203,0.8664081323244002
819204,0.44653585289916675
819205,0.8834852009479227
819206,0.4963374860604751
819207,0.9995303796648347
819208,0.5376713808766866
819209,0.41815960435778643
819210,0.3362159671619961
819211,0.06894926268367833
819212,0.9733792270465939
819213,0.0026073276969923406
819214,0.20263316066969084
819215,0.9991983289085338
819216,0.06337764265393368
819217,0.9991609793601979
819218,0.5091204605969626
819219,0.750555780358322
819220,0.06123679304239083
819221,0.9942642018408612
819222,0.1961253577810348
819223,0.9506449446168401
819224,0.9163725309376447
819225,0.6737237240564954
819226,0.9996023329532225
819227,0.8697160778393243
819228,0.9996999746882695
819229,0.999923840684255
819230,0.9996517368931135
819231,0.5809759520812301
819232,0.6364113510430881
819233,0.8745910200028615
819234,0.9986393692102729
819235,0.853366444768667
819236,0.9997698537629642
819237,0.9998979474298783
819238,0.4109435116081842
819239,0.04946269329294155
819240,0.99945926093184
819241,0.5737242978064199
819242,0.9992473378310609
819243,0.9938977060711984
819244,0.0475861978892745
819245,0.9852241855278532
819246,0.004896655674237214
819247,0.339289731893084
819248,0.8822822590050773
819249,0.4164889867836039
819250,0.2812426661893738
819251,0.008622502758575838
819252,0.050690963828568116
819253,0.6412173901088694
819254,0.026417146287549004
819255,0.7164400791842838
819256,0.9998262442477968
819257,0.9961368563605781
819258,0.9367362968300201
819259,0.034130488940215316
819260,0.9978521334592785
819261,0.9978524186603714
819262,0.999107299021314
819263,0.9963513212810218
819264,0.9945682909766762
819265,0.994947254999397
819266,0.0489465538620925
819267,0.9960205785170444
819268,0.9860575839058316
819269,0.9877106157238735
819270,0.005479097497975089
819271,0.9999568380747462
819272,0.9999071556399911
819273,0.07927409225287092
819274,0.28478902350904345
819275,0.29494440733509075
819276,0.09578462216843886
819277,0.009563472952862397
819278,0.035681636017728564
819279,0.7741217404246991
819280,0.6790755030388826
819281,0.23614779290330867
819282,0.9982592620421067
819283,0.6460130143192706
819284,0.9872003381394614
819285,0.8695981133996835
819286,0.9866036296816649
819287,0.04943981219306297
819288,0.9993559278820844
819289,0.6863030108012662
819290,0.9997183663832578
819291,0.9992301492665328
819292,0.998230893833538
819293,0.21233110044277617
819294,0.6404202842589933
819295,0.9999207752510335
819296,0.2546383952104855
819297,0.7420498647119345
819298,0.9998805549114209
819299,0.03826901320872462
819300,0.14808508255594002
819301,0.9297711733419388
819302,0.9944880525877224
819303,0.9997001478729939
819304,0.4794365015718097
819305,0.001960419736953432
819306,0.9952993255857708
819307,0.6973011103173012
819308,0.9091900827906032
819309,0.04160512325917996
819310,0.24218918988256588
819311,0.6717326184129804
819312,0.903448648292178
819313,0.9840318905261012
819314,0.9981910671052378
819315,0.9949828714229453
819316,0.34491010476716555
819317,0.999456839709743
819318,0.9999028607590164
819319,0.6918706139509043
819320,0.9971941648938608
819321,0.7903333827157569
819322,0.023905924285630056
819323,0.9881981294191644
819324,0.9896847186190858
819325,0.012595547639767245
819326,0.9278776106855537
819327,0.9997480515759798
819328,0.5964909596322268
819329,0.9402354735986043
819330,0.13633565384915738
819331,0.6557709981689654
819332,0.9999093327645856
819333,0.6551491763342119
819334,0.8902855261008877
819335,0.999697073373466
819336,0.421170875519434
819337,0.9998615234729376
819338,0.9999092858817382
819339,0.9982204072238777
819340,0.06692815602380285
819341,0.2174190020294376
819342,0.15603929234812736
819343,0.048253830895132827
819344,0.9983871199604092
819345,0.3609298080107296
819346,0.32717282674455234
819347,0.005408574327304237
819348,0.025135341363977503
819349,0.4120207520540082
819350,0.9457599274923498
819351,0.6732828456269554
819352,0.9999285615389789
819353,0.9659916982782021
819354,0.9998009903381375
819355,0.9406306354499828
819356,0.011177459565403784
819357,0.9999131595585267
819358,0.9999572385223275
819359,0.9999495510207964
819360,0.9247645986512272
819361,0.9519335023610273
819362,0.999015200919378
819363,0.646621173635118
819364,0.9905013705686134
819365,0.9997343792246045
819366,0.8111486352426556
819367,0.321835451798861
819368,0.9977285163393067
819369,0.9879456112391335
819370,0.6798190431061486
819371,0.9998917085832811
819372,0.9997307304954457
819373,0.9999263530554148
819374,0.21640493614967918
819375,0.9817191657239219
819376,0.10181163792119577
819377,0.9988210943189719
819378,0.9974207241243616
819379,0.5377966167351477
819380,0.3467249178260099
819381,0.8967938784700972
819382,0.1819756898312214
819383,0.594418829500361
819384,0.01787537713112518
819385,0.15798714775268513
819386,0.9998393836586952
819387,0.8225968679909462
819388,0.9960592311678556
819389,0.9971239026558326
819390,0.801696030236181
819391,0.5885554593865687
819392,0.9424096583847748
819393,0.1492820899093896
819394,0.5402805805093602
819395,0.9999437781341433
819396,0.9994985031209727
819397,0.9852418544498132
819398,0.9920331440351935
819399,0.8480821304956561
819400,0.5050162300040268
819401,0.999972316939147
819402,0.681783565172988
819403,0.9983291306671277
819404,0.9928316667532445
819405,0.06264456628160513
819406,0.8900615271974937
819407,0.5458622341352506
819408,0.4015163224152459
819409,0.999821689868885
819410,0.9899347051902823
819411,0.8971260446884222
819412,0.9834970778367629
819413,0.9999418318776664
819414,0.9987719193395391
819415,0.9999675907614856
819416,0.9963901110908255
819417,0.7778311378595478
819418,0.9996937217996118
819419,0.9986516694012388
819420,0.9680187750969348
819421,0.2644237888732132
819422,0.6203776954547633
819423,0.9998966571988882
819424,0.9998028247474816
819425,0.7195403079179219
819426,0.9927414298575173
819427,0.6773284994916418
819428,0.9059411172550961
819429,0.035720151292627594
819430,0.9904545875562496
819431,0.9984138585241882
819432,0.7123718753251516
819433,0.3443113225826499
819434,0.021329029301945676
819435,0.9996331346218641
819436,0.44053251247705727
819437,0.9968610503406181
819438,0.21700069082992202
819439,0.9987986550117892
819440,0.9999203217067931
819441,0.8482331328796868
819442,0.6247743817912997
819443,0.7491489940404775
819444,0.9747690321907058
819445,0.8985136687223967
819446,0.008808819367655598
819447,0.9983853786482908
819448,0.9421559267417439
819449,0.9996435593050071
819450,0.9992677249217212
819451,0.06121714139276915
819452,0.616474984893957
819453,0.999882523663383
819454,0.9995806737291761
819455,0.6527550006738666
819456,0.8534100012719411
819457,0.9937034947661367
819458,0.9415481660335709
819459,0.9891569756032832
819460,0.7155860263681818
819461,0.404156895214819
819462,0.11699239981906075
819463,0.5352103346381547
819464,0.999105099588454
819465,0.04362134812530777
819466,0.5193247539272648
819467,0.36655119534103864
819468,0.9906337134729445
819469,0.02065578866529867
819470,0.003150092021472193
819471,0.8015631275428345
819472,0.8661783572061246
819473,0.05463272512925564
819474,0.9924154120334923
819475,0.9993312972433182
819476,0.7498887126693454
819477,0.9944908436912427
819478,0.572484207240959
819479,0.9947304783314315
819480,0.9962978995126908
819481,0.8400453379789282
819482,0.9998755593469779
819483,0.9989763222795547
819484,0.8937666219085194
819485,0.4245961482297225
819486,0.8186374398556145
819487,0.9932210737835607
819488,0.1543403461296228
819489,0.9990867659113165
819490,0.9954053856144287
819491,0.9995078392753863
819492,0.9999025785469648
819493,0.9784685511273221
819494,0.9986379302018931
819495,0.9997833171199552
819496,0.4632089518570455
819497,0.9965847391467213
819498,0.9978979667404612
819499,0.998165430675181
819500,0.22616318744569214
819501,0.537399317157542
819502,0.5305822688267589
819503,0.3688213735861611
819504,0.05022235069892863
819505,0.5246436395810605
819506,0.9035208907760897
819507,0.8823014670214655
819508,0.9998177939911865
819509,0.9945366433147986
819510,0.26613725453829756
819511,0.0642197765573335
819512,0.9987390339646252
819513,0.987386448333061
819514,0.47611446832092225
819515,0.9999731070072498
819516,0.6040019090876214
819517,0.8462697858836834
819518,0.7308615623940797
819519,0.9976412417029956
819520,0.898746826074301
819521,0.9994553962410166
819522,0.9799456200927825
819523,0.9966712143957173
819524,0.9993399869485784
819525,0.3719847136708624
819526,0.9884699606869598
819527,0.9998548092374586
819528,0.9998832037982801
819529,0.9998889456017804
819530,0.9707812082622654
819531,0.15188779959805127
819532,0.9999499314543258
819533,0.9742305848221913
819534,0.9998806033826044
819535,0.9983943113876651
819536,0.07691209598420229
819537,0.9997241175641611
819538,0.9996230283642589
819539,0.9952148943710444
819540,0.9742199004617111
819541,0.3445319066904303
819542,0.794958925469607
819543,0.9993654001704828
819544,0.9997304946387171
819545,0.9997080618145832
819546,0.9999336508274744
819547,0.8350688936449797
819548,0.999958062768119
819549,0.3714465882657617
819550,0.7449723942622188
819551,0.5529145425186777
819552,0.010914358800417507
819553,0.5154884754092844
819554,0.8456135487068103
819555,0.9990077065119666
819556,0.9901937688658655
819557,0.8469190546873556
819558,0.9999903524171767
819559,0.6596170605926035
819560,0.36130930893997176
819561,0.9999293175227904
819562,0.022916313787548846
819563,0.3072686693130261
819564,0.24326723572742534
819565,0.9997977929969357
819566,0.9988962464376969
819567,0.2156401620239869
819568,0.7376105239821261
819569,0.783507298376791
819570,0.9507659000915718
819571,0.9901079376565992
819572,0.9785802190317832
819573,0.9997759388602918
819574,0.9999089655356507
819575,0.9998848706835666
819576,0.9503961545436024
819577,0.9423160702464282
819578,0.010079049162714421
819579,0.9634255182743217
819580,0.03279812437054444
819581,0.9622658289303203
819582,0.537491121360018
819583,0.9927336089185228
819584,0.3542159225995592
819585,0.01234582669202251
819586,0.9736027484662421
819587,0.9990015434661801
819588,0.14382179363012157
819589,0.9210580151684691
819590,0.8852629857745715
819591,0.9999503259061245
819592,0.9995152953527973
819593,0.9755437120860431
819594,0.026604672967653977
819595,0.6830426484817911
819596,0.9999394748758532
819597,0.9995105351643554
819598,0.9975654961856142
819599,0.031696766569662575
819600,0.9974710705072531
819601,0.9615046695730252
819602,0.9963224564502504
819603,0.9995043479813506
819604,0.8988599036605138
819605,0.7297065550138799
819606,0.9999511546595384
819607,0.05074692868389047
819608,0.9942847934867102
819609,0.9957616601400848
819610,0.14080144189754076
819611,0.8341479194926653
819612,0.006504402849845001
819613,0.02412713946522265
819614,0.9976622499287362
819615,0.723061634124436
819616,0.9991883635268097
819617,0.7997991659523596
819618,0.4302641265559939
819619,0.9997644617767028
819620,0.8331458132288918
819621,0.3064384536780276
819622,0.43802494098624795
819623,0.7749792326303491
819624,0.9996373926452902
819625,0.9989530520468584
819626,0.9966133095704885
819627,0.09143998688490411
819628,0.06337653388245613
819629,0.9998963671860899
819630,0.9921362347504484
819631,0.9929226186352331
819632,0.9997612243809542
819633,0.4180753806955061
819634,0.13267657661145982
819635,0.8816733364724116
819636,0.9990876562642623
819637,0.6263743744036181
819638,0.9995953344560619
819639,0.1413458607415724
819640,0.9651761665510625
819641,0.642436176588471
819642,0.9953749674219501
819643,0.9980350228625456
819644,0.995067218397163
819645,0.5556167222631155
819646,0.8563461327365507
819647,0.9419628140584569
819648,0.7870275562788165
819649,0.9999642562245257
819650,0.03077387913574841
819651,0.614444832608073
819652,0.8459002087226173
819653,0.09395934724583996
819654,0.9873269524508315
819655,0.995290126432222
819656,0.990888459517526
819657,0.9672649944946257
819658,0.9999745041912858
819659,0.7362925968821228
819660,0.7940833343812714
819661,0.2148644354117581
819662,0.9999313514586471
819663,0.5933853930691239
819664,0.9999533327338781
819665,0.30007459097239464
819666,0.9852586631943221
819667,0.008807373871602622
819668,0.9929211539202093
819669,0.928133118998409
819670,0.9999889649256108
819671,0.9997189490307077
819672,0.642005156122265
819673,0.08048479747510666
819674,0.03095653363387242
819675,0.995375168857035
819676,0.9261087118860543
819677,0.9976217463818052
819678,0.9990983515330873
819679,0.9537168803517001
819680,0.01951043473155589
819681,0.9644634295674028
819682,0.9847294098898589
819683,0.9389644807685987
819684,0.9987648579534398
819685,0.9948070994892506
819686,0.8151003209896934
819687,0.14768661699921246
819688,0.8114420091406732
819689,0.9998242901681693
819690,0.9998876797027074
819691,0.9886158779880423
819692,0.4425205323151211
819693,0.00209317066314711
819694,0.9987403441321072
819695,0.05103561327444619
819696,0.8468746644972049
819697,0.9948870356136095
819698,0.9992738286762398
819699,0.9992903950086555
819700,0.984027643233942
819701,0.26909321636636485
819702,0.9998862267484119
819703,0.9995858996177782
819704,0.007080442761756131
819705,0.007237942769660572
819706,0.17704265532159194
819707,0.9747720266112265
819708,0.8777765117751763
819709,0.3104934645614658
819710,0.9971487789148825
819711,0.9977209918257948
819712,0.38098710636705513
819713,0.35132707421862697
819714,0.7037784232148618
819715,0.9140012962563245
819716,0.9995141391684914
819717,0.1769807964403991
819718,0.7234487449265049
819719,0.5560421541531058
819720,0.9992709832913707
819721,0.9998966647798802
819722,0.9995187029057386
819723,0.9821029078554111
819724,0.6761700473694686
819725,0.8374743076109223
819726,0.9335309843678319
819727,0.999755253336114
819728,0.9919827095046578
819729,0.9999780906811067
819730,0.8814450628305278
819731,0.9999831931478252
819732,0.7737644771548855
819733,0.9918415552127169
819734,0.5883690635578371
819735,0.03772730704935304
819736,0.7389229424075408
819737,0.006275329845720719
819738,0.999721228492842
819739,0.8696642442464604
819740,0.7357932298802433
819741,0.9707419756855803
819742,0.999560228173813
819743,0.654210793704061
819744,0.02783966444714951
819745,0.7996198348039012
819746,0.9998185580986132
819747,0.2028735160887103
819748,0.6405549834449598
819749,0.925268032855146
819750,0.9928704070169397
819751,0.9973696577784656
819752,0.021806538810148185
819753,0.9593379618302427
819754,0.9995887709966723
819755,0.21556208846548788
819756,0.9999557349316086
819757,0.26779712074955686
819758,0.6967263543174191
819759,0.9994431427520983
819760,0.998116931404539
819761,0.9923930209900764
819762,0.9859345645667184
819763,0.1758944530809996
819764,0.9981814754701435
819765,0.9971934964875904
819766,0.9997693580981039
819767,0.9978728025535493
819768,0.14831924688182221
819769,0.7511512411492443
819770,0.07492539460480338
819771,0.13256299872393318
819772,0.9542651656762672
819773,0.11464189181302073
819774,0.4054804377703831
819775,0.6736698764087092
819776,0.18680277603807094
819777,0.998895206214118
819778,0.9813431136610269
819779,0.8069104558816391
819780,0.9604715760559366
819781,0.2761986239393729
819782,0.9999810271047505
819783,0.998280455178709
819784,0.10587514760469002
819785,0.036378413636322875
819786,0.9774296235502851
819787,0.9912826519068267
819788,0.997551561956074
819789,0.9872422150969107
819790,0.3710227610359893
819791,0.033196805670353526
819792,0.9998624123283941
819793,0.3278492782261271
819794,0.9872645760402101
819795,0.9997589240273197
819796,0.9999887967237366
819797,0.752741639320784
819798,0.9317712659759725
819799,0.6950197308356449
819800,0.9627569157856807
819801,0.09871951069574093
819802,0.20997113564708125
819803,0.9958167440129347
819804,0.7819276218781912
819805,0.9995759713737067
819806,0.3662837338179705
819807,0.9998891470674527
819808,0.9996570401680605
819809,0.8916166754390533
819810,0.2714343558896296
819811,0.999725259453655
819812,0.1419721808399386
819813,0.79708468669557
819814,0.9484832498036362
819815,0.4555175286138798
819816,0.9984657180342305
819817,0.9999938249649534
819818,0.9824825517591003
819819,0.018319909623942063
819820,0.9996389590477941
819821,0.9945095873991603
819822,0.43658534505091884
819823,0.9942484147056858
819824,0.9982108994232856
819825,0.9939196965221653
819826,0.7434579441333591
819827,0.9961051655723404
819828,0.9998554642466498
819829,0.8869619297620865
819830,0.9970019815040297
819831,0.9874722435328673
819832,0.9998105088510658
819833,0.06923926893636628
819834,0.026586663437921026
819835,0.90781746956341
819836,0.9998274982722886
819837,0.09270081813200486
819838,0.9790753785690625
819839,0.7538702189977615
819840,0.9907274139083202
819841,0.6211944078784862
819842,0.5252847422671345
819843,0.9844266763352274
819844,0.9476413129542679
819845,0.9574838521638708
819846,0.11656806744515483
819847,0.9781404834469294
819848,0.9569814068443878
819849,0.025526505923118746
819850,0.9983674368963266
819851,0.9986970741323273
819852,0.9993431040846354
819853,0.9977341208850041
819854,0.987175046505302
819855,0.30810838615736097
819856,0.9998365899495867
819857,0.8261735009765409
819858,0.19389787261209857
819859,0.20136126324827103
819860,0.9993966834513827
819861,0.9940647292700421
819862,0.5001082346225934
819863,0.9999349165207523
819864,0.10748070015339012
819865,0.999659655841739
819866,0.2622913968332624
819867,0.9969553610140398
819868,0.2078176118093965
819869,0.029847300146387513
819870,0.999592880897688
819871,0.9981333744711705
819872,0.9995286707882169
819873,0.026285194513591348
819874,0.27157745099506886
819875,0.4444312835669544
819876,0.968904505199303
819877,0.5309989446733685
819878,0.3950709655996255
819879,0.07326559097960422
819880,0.9969954264530201
819881,0.9999874059382257
819882,0.9999674243956866
819883,0.27778193144412494
819884,0.9954442890375738
819885,0.047148020340713574
819886,0.055768205096059995
819887,0.002775467196918951
819888,0.11105004585423343
819889,0.9034592912976724
819890,0.9797294729407313
819891,0.9999570194694608
819892,0.9875587891721267
819893,0.62125862671098
819894,0.9883859937109833
819895,0.9975705638672401
819896,0.005392860891729898
819897,0.9280716161541465
819898,0.9989986769030046
819899,0.51229025638387
819900,0.9999520949441396
819901,0.9887485493516818
819902,0.9998582309912258
819903,0.016692894784485122
819904,0.25470588772050984
819905,0.27924078767779126
819906,0.9995557027106201
819907,0.785387588499803
819908,0.05569479340786307
819909,0.4599343656156035
819910,0.9338420720664168
819911,0.1688725195551179
819912,0.9988233385284153
819913,0.9996281815518355
819914,0.9756605986099302
819915,0.9104638027372101
819916,0.9998902096563944
819917,0.0116359449845219
819918,0.46022847867765604
819919,0.03480880947986279
819920,0.9979057561901432
819921,0.0683688865245897
819922,0.9836363272469628
819923,0.00862933288569975
819924,0.9391003341134164
819925,0.8321036983376668
819926,0.999963835730002
819927,0.9998240354617733
819928,0.9705637679859118
819929,0.6157430382948699
819930,0.9949898624631974
819931,0.6223085944122437
819932,0.8903293147577043
819933,0.9968296381172826
819934,0.9965443426804248
819935,0.8285433284102104
819936,0.9995990664892771
819937,0.1003844564482689
819938,0.25022560598376115
819939,0.9991270560336358
819940,0.985562749611206
819941,0.9999005601956286
819942,0.2986927608743961
819943,0.5479940167360642
819944,0.5903310950363099
819945,0.9989183582627069
819946,0.11089167411995227
819947,0.9998880261732531
819948,0.8437025601611615
819949,0.9999761284631139
819950,0.9997184152841145
819951,0.9970210302327145
819952,0.32843847023231404
819953,0.9998752843272601
819954,0.951342536017061
819955,0.9952979876067594
819956,0.9953265866049895
819957,0.18920989129281812
819958,0.3934414103530446
819959,0.6669435875778905
819960,0.3328885513384894
819961,0.16071748195725644
819962,0.9994884098230911
819963,0.9744768243485462
819964,0.9998335108391702
819965,0.9622504073691909
819966,0.26328205279043354
819967,0.999851296686266
819968,0.7679790503363428
819969,0.9991141006999404
819970,0.14294369068125007
819971,0.9987962747416039
819972,0.39499657085633755
819973,0.9986352022954063
819974,0.28970469181530756
819975,0.9999816577740119
819976,0.9705970282104159
819977,0.012849326574705928
819978,0.9995192757753191
819979,0.8679032413016681
819980,0.1769478187183124
819981,0.9995556611499563
819982,0.9999240328618126
819983,0.9999637018513408
819984,0.22826962907352288
819985,0.9355952656197813
819986,0.8770361386411435
819987,0.8194869332896122
819988,0.9996404280344842
819989,0.5235011472223003
819990,0.30800873753413477
819991,0.9970843056603489
819992,0.12613747997293787
819993,0.20790617799964012
819994,0.9956528971741654
819995,0.10805540787251439
819996,0.9999730880431326
819997,0.6540977989235075
819998,0.04405353320771756
819999,0.9250640298816573
820000,0.9998082940126658
820001,0.9999331284943449
820002,0.8205989912679283
820003,0.9972426439525073
820004,0.999196151134238
820005,0.5453560842291384
820006,0.9946353179350661
820007,0.05565651171217488
820008,0.8446821876493992
820009,0.9954397614849753
820010,0.9314602908789744
820011,0.9643990481714766
820012,0.7596658101883624
820013,0.1338402990603898
820014,0.9998324374844674
820015,0.05774016937196604
820016,0.9986806142035404
820017,0.979860385817195
820018,0.22358877884775352
820019,0.7645733898729339
820020,0.9644487498226253
820021,0.9181020487045375
820022,0.9998831724049738
820023,0.1353642012808784
820024,0.9980462553199178
820025,0.9242817868944762
820026,0.8538264529318798
820027,0.6130227304707383
820028,0.030494463568296507
820029,0.289699016336399
820030,0.999996336822849
820031,0.9543424982664923
820032,0.9998297221994896
820033,0.9603116896157361
820034,0.9997660182114534
820035,0.9985712178236195
820036,0.993367225107844
820037,0.9973574376275347
820038,0.42972741346571014
820039,0.9991409344247245
820040,0.6539575465534035
820041,0.9789717080902969
820042,0.6780238232444576
820043,0.4895049558268154
820044,0.911122969058863
820045,0.04520467121412996
820046,0.49004605119244965
820047,0.9927058384948176
820048,0.05719604013055617
820049,0.06767860980698892
820050,0.06327105551757274
820051,0.9998652431495905
820052,0.5574697223034852
820053,0.9996396066052964
820054,0.7570216076229457
820055,0.10100880364606987
820056,0.013204877404599299
820057,0.004053057491964445
820058,0.9999845683808262
820059,0.9990635278777069
820060,0.9997857022568637
820061,0.9999470541649855
820062,0.0660701420125861
820063,0.9977597392647612
820064,0.5035045643258351
820065,0.9968234280776797
820066,0.9996957578122578
820067,0.7605910767419476
820068,0.9999726491658715
820069,0.022162524103296298
820070,0.9907181544595447
820071,0.43401808517732365
820072,0.9999612824703853
820073,0.7879985714855173
820074,0.5057746802773472
820075,0.9997449212687815
820076,0.38433375388515434
820077,0.8164825083788999
820078,0.9991205053903689
820079,0.9969457942126112
820080,0.9962655615376654
820081,0.6666171041059489
820082,0.9976033225422256
820083,0.9871985374939838
820084,0.9362309885801914
820085,0.9130690825004251
820086,0.15346736461242305
820087,0.64129777706883
820088,0.9906032545926247
820089,0.9999333898134362
820090,0.03092923840514396
820091,0.23870101283525702
820092,0.999920595780962
820093,0.5291852329763
820094,0.6974040186691662
820095,0.7468019736698828
820096,0.01382767130671203
820097,0.6934605972198222
820098,0.9998775517689369
820099,0.9986797165394456
820100,0.1965024449128946
820101,0.9997984351968423
820102,0.9982390603456064
820103,0.9134577645013148
820104,0.9997873816861629
820105,0.9897169739459883
820106,0.04801388384197383
820107,0.6318767381533026
820108,0.004969690471860274
820109,0.9541290305353372
820110,0.1397121147586542
820111,0.9999756219834033
820112,0.35013951648785735
820113,0.9990038493035704
820114,0.9997956575119304
820115,0.9519571347951954
820116,0.9984388546979834
820117,0.9877428802543716
820118,0.9999512868058376
820119,0.9969891935215545
820120,0.9371155169833534
820121,0.42080281580531126
820122,0.009773956726299422
820123,0.9987556330806042
820124,0.17029464010962042
820125,0.9801523803028469
820126,0.49064105162420635
820127,0.9982953615815517
820128,0.8761660759434534
820129,0.9857695183480896
820130,0.18028982155704903
820131,0.9998844726572835
820132,0.9888542483792915
820133,0.989340348939656
820134,0.999940461686738
820135,0.13733270787586394
820136,0.9843580923759199
820137,0.33112980498265365
820138,0.01542209618840273
820139,0.9644057287178855
820140,0.9395343776599523
820141,0.7665137766137635
820142,0.9040026522535866
820143,0.9990817129659901
820144,0.9999683486798847
820145,0.9981597116469473
820146,0.06341779317672262
820147,0.9987868576237091
820148,0.8954493411718976
820149,0.9987033267399201
820150,0.9837497747776486
820151,0.00466165779617699
820152,0.9925533215948357
820153,0.9999361831766308
820154,0.9837711372626242
820155,0.999894719385737
820156,0.9971882401622272
820157,0.4272094734361154
820158,0.6827387863724099
820159,0.9875178325030216
820160,0.4977418709516665
820161,0.9916819072735213
820162,0.5531990234569135
820163,0.9984185566268401
820164,0.704925860351997
820165,0.999575577531572
820166,0.5752239119422085
820167,0.9971118450254783
820168,0.9993771809177092
820169,0.9350101434583182
820170,0.9921876977627015
820171,0.007257765919910019
820172,0.9998257602927365
820173,0.6366580794733824
820174,0.9674689865503521
820175,0.04688436051672562
820176,0.3024824081265926
820177,0.9974676703628714
820178,0.553662265073531
820179,0.9775390172001179
820180,0.012462137986579427
820181,0.9372551281838539
820182,0.23387564757776416
820183,0.99995061048145
820184,0.9942735623957437
820185,0.020725442705530995
820186,0.9993164052244616
820187,0.9440599256179224
820188,0.9992705728673393
820189,0.7651323177177232
820190,0.9559054262049539
820191,0.9999890441277766
820192,0.9822140631592485
820193,0.7273800892840352
820194,0.028363693490289592
820195,0.9995502397064603
820196,0.27047915296064967
820197,0.9997901179783806
820198,0.0255749682506657
820199,0.9549984233476374
820200,0.9987324732808666
820201,0.23532372130934792
820202,0.9634327339367569
820203,0.0029873579825888293
820204,0.9999733341385277
820205,0.18502966183895186
820206,0.7295021085999773
820207,0.8472549363720002
820208,0.9960904045903063
820209,0.02836258071789354
820210,0.7560672594414306
820211,0.9986649010726834
820212,0.12227894319181754
820213,0.9693663285355218
820214,0.351779237182137
820215,0.9999586982008224
820216,0.9798389625584533
820217,0.1027819587627852
820218,0.8702927009105044
820219,0.9988179324831198
820220,0.7894019912243941
820221,0.9982306929440946
820222,0.9999713356322619
820223,0.9998447590993839
820224,0.16983107739942072
820225,0.90036863016983
820226,0.7988478465105195
820227,0.9971682625317405
820228,0.520118444408124
820229,0.8261863265502025
820230,0.999298111956276
820231,0.8987361574082197
820232,0.9993317307216125
820233,0.03238224203059033
820234,0.7125822245853537
820235,0.3300004630195322
820236,0.9999446349821639
820237,0.9865534325476069
820238,0.17970983404878083
820239,0.9995234256087525
820240,0.9540157201402208
820241,0.9998761543607286
820242,0.9935208675020123
820243,0.9999883053557231
820244,0.7235304871399493
820245,0.7620774105933543
820246,0.9644561017040336
820247,0.933734293963082
820248,0.9997911316847037
820249,0.9869908656469704
820250,0.9703999935915729
820251,0.9037259255369321
820252,0.9997716821191425
820253,0.0013148428731967466
820254,0.9963013146039126
820255,0.8792383200145837
820256,0.9849542845439436
820257,0.9993397681865726
820258,0.9881582089789147
820259,0.9829488822296033
820260,0.7148342132768293
820261,0.9997053735866749
820262,0.9991435522552427
820263,0.8224669150489214
820264,0.8989542929857279
820265,0.4607945898947002
820266,0.9996298523897998
820267,0.9999165860888939
820268,0.10549927853684626
820269,0.9992583719627072
820270,0.45608224923927215
820271,0.9997161897614424
820272,0.1432608613444286
820273,0.20977668142502948
820274,0.2877220242444374
820275,0.994941987963816
820276,0.9997487501067623
820277,0.015107175536499023
820278,0.37509680016483327
820279,0.9998075447940568
820280,0.7780275122912466
820281,0.9997506918487358
820282,0.07537801397200772
820283,0.2104137861983431
820284,0.5385816687637789
820285,0.9997896278505103
820286,0.9662118263493373
820287,0.033560630260646436
820288,0.9981690047957779
820289,0.9451725748091349
820290,0.9477210419157165
820291,0.9367318448565185
820292,0.9998864263538134
820293,0.9999157747452498
820294,0.9998945173522595
820295,0.9292020025841946
820296,0.999444514711459
820297,0.6773774088021596
820298,0.10929015486962688
820299,0.9998188479588703
820300,0.053134289663226565
820301,0.9995181163206621
820302,0.004467970320429537
820303,0.9996708170838133
820304,0.9988445368818581
820305,0.2251850097742044
820306,0.7040021389077792
820307,0.011891743738701062
820308,0.9997658679383057
820309,0.043927049488812285
820310,0.9988638943895669
820311,0.9968597932952162
820312,0.9129789320778061
820313,0.9990194176294546
820314,0.12372856731922265
820315,0.9998909085126376
820316,0.9966820244030263
820317,0.13672878794994534
820318,0.11230963341138361
820319,0.9914499380731161
820320,0.856666588624171
820321,0.7808055472300686
820322,0.9936029416818569
820323,0.9999864170426644
820324,0.9861242069341697
820325,0.5437903894691307
820326,0.9912047751177429
820327,0.9915976444404282
820328,0.9990255921014227
820329,0.957026559487349
820330,0.7993512682978877
820331,0.9999258696642184
820332,0.02410751314692566
820333,0.7639087627841681
820334,0.9988568442969714
820335,0.9993431999419855
820336,0.15012307741682088
820337,0.9107714904665383
820338,0.8324729792219616
820339,0.9849349202509755
820340,0.9999232144607668
820341,0.8594748532600882
820342,0.9969099103068844
820343,0.9654084639213429
820344,0.8788736201874168
820345,0.5716493072343939
820346,0.9999902972933711
820347,0.19643245066450327
820348,0.999780554754735
820349,0.9977166895565958
820350,0.9749615452251379
820351,0.3164972634604228
820352,0.9722514777035812
820353,0.9499166794862212
820354,0.21836328155005716
820355,0.5854893569818257
820356,0.9947920937503005
820357,0.35984018350825164
820358,0.014692515001096149
820359,0.9964714008746567
820360,0.9993734192030461
820361,0.2828844223877581
820362,0.8482456652823325
820363,0.9998518713243958
820364,0.3444322588395569
820365,0.9975979765643298
820366,0.8857352220752227
820367,0.9428380491235888
820368,0.9998593319080439
820369,0.75609274283771
820370,0.116750581372557
820371,0.9993324835814476
820372,0.44590667086534463
820373,0.26722085378062327
820374,0.9992675987593784
820375,0.69325601497531
820376,0.9982538505700078
820377,0.045232198064097964
820378,0.9999235984048488
820379,0.10173236704217375
820380,0.7592563733777654
820381,0.9499029360909642
820382,0.9999323838892824
820383,0.7715195685342536
820384,0.9880228572791272
820385,0.3585741022731017
820386,0.889479035846793
820387,0.9406056520386712
820388,0.9841275322970845
820389,0.6512279087919762
820390,0.9798860500734922
820391,0.003270707061269585
820392,0.6758252199492105
820393,0.018648471809997298
820394,0.9777024546995029
820395,0.012361513622400604
820396,0.5553770717096843
820397,0.5388572879187539
820398,0.2993116045775911
820399,0.9994987191981448
820400,0.9999500469200187
820401,0.561136195585679
820402,0.9166382485141877
820403,0.9954987076790092
820404,0.9998404413445203
820405,0.2177799886695879
820406,0.9954942877455222
820407,0.9999739359913673
820408,0.19655004580934976
820409,0.9999922943655795
820410,0.9441789370075555
820411,0.7942338057555335
820412,0.5613999185053442
820413,0.06435614875155464
820414,0.9700706152894287
820415,0.746974092472174
820416,0.995552852527078
820417,0.7939880888690262
820418,0.981096421826739
820419,0.9998784616407048
820420,0.7419689062878005
820421,0.9998338878745718
820422,0.02585641372126865
820423,0.24220924195361437
820424,0.9100770459560678
820425,0.9164784599900039
820426,0.3410345129592448
820427,0.40794601050357465
820428,0.9999956803227064
820429,0.9998394225154132
820430,0.006997556037966061
820431,0.9937548783586636
820432,0.015121926591844524
820433,0.9512101276947269
820434,0.16278755059245514
820435,0.4909134092190316
820436,0.9679007514778171
820437,0.9999445515192056
820438,0.9494612844084932
820439,0.10148214166534825
820440,0.999748046993004
820441,0.9849831210018142
820442,0.9012991892500565
820443,0.9997668260688771
820444,0.9823144571999354
820445,0.9996172447089984
820446,0.5090865738915573
820447,0.9995517848405044
820448,0.34004878252364296
820449,0.9934772942404229
820450,0.9998842583339727
820451,0.04604688232218626
820452,0.749253518352341
820453,0.994077217895106
820454,0.8279998953557859
820455,0.8632573296273838
820456,0.9993920758225152
820457,0.999812013615886
820458,0.7839899596924534
820459,0.5539600633565421
820460,0.9995568903150522
820461,0.25067242220548885
820462,0.9925362681134458
820463,0.8497765166277209
820464,0.6221553494536411
820465,0.9920506255243267
820466,0.9999619702968202
820467,0.9900699012447891
820468,0.9996083193544497
820469,0.17157842623860975
820470,0.04224769803058327
820471,0.9730148013981822
820472,0.4759737522222812
820473,0.9996670955793923
820474,0.9963146855772946
820475,0.011174348659493885
820476,0.9998805580429886
820477,0.22771574592590926
820478,0.9649494257073905
820479,0.7241769032632914
820480,0.9951438446310681
820481,0.847257327101363
820482,0.4060367587689297
820483,0.09831266210441385
820484,0.9996285460739474
820485,0.5146870090180787
820486,0.02381607142517173
820487,0.020719849353886616
820488,0.9986102737829028
820489,0.9998336358646869
820490,0.9980835804662687
820491,0.9998785378098831
820492,0.9997399785544894
820493,0.9999279490626141
820494,0.70590158217984
820495,0.05909921003879909
820496,0.9919581113635711
820497,0.011943798478267563
820498,0.9919679158746204
820499,0.9983352658089538
820500,0.15190830696471172
820501,0.8685668778936159
820502,0.43700311026088245
820503,0.9857213789017292
820504,0.9959086480136203
820505,0.999672296881452
820506,0.34050457909917103
820507,0.9999954589782584
820508,0.38250535418248094
820509,0.7646164842890191
820510,0.6288187178008582
820511,0.9995289778774402
820512,0.9988321937847627
820513,0.9999530110360483
820514,0.7360717218866781
820515,0.9996554781277984
820516,0.36269511605996013
820517,0.8069039401802364
820518,0.9987952765306307
820519,0.024642440467707243
820520,0.658084794257297
820521,0.25418699864569566
820522,0.9995225244081902
820523,0.9999259422398772
820524,0.9987893544107767
820525,0.7514745316878012
820526,0.9997367685369358
820527,0.9994680114978997
820528,0.42353475180645095
820529,0.9986863111188278
820530,0.9994092817830152
820531,0.7520208443274181
820532,0.9580306462685442
820533,0.999742497757096
820534,0.7186592161559722
820535,0.9999226582262015
820536,0.4709522249289641
820537,0.36492503072508675
820538,0.9997754452854273
820539,0.9983030276762344
820540,0.32093292787620026
820541,0.0020284605166677647
820542,0.9895735593905017
820543,0.9990226345516522
820544,0.20772348256276896
820545,0.4568140329565995
820546,0.9929202426755979
820547,0.926110002130274
820548,0.9998030569574679
820549,0.3514957619017897
820550,0.019105547535473416
820551,0.046878700374929916
820552,0.6261247042405467
820553,0.14422830648537235
820554,0.6256257648636625
820555,0.9998223267726014
820556,0.41557677332470455
820557,0.8535231950791138
820558,0.5263019795359701
820559,0.9973974666125691
820560,0.9781826003708274
820561,0.9924734864149145
820562,0.26979348255517316
820563,0.9993283341865788
820564,0.700121921112204
820565,0.9938370721887108
820566,0.9700603246229393
820567,0.5037184296537159
820568,0.8691434171020822
820569,0.9984563307304262
820570,0.08012369784325796
820571,0.022232572736120008
820572,0.012638089010071265
820573,0.9541046888734436
820574,0.12457865252944356
820575,0.9833092877800435
820576,0.9997191627298325
820577,0.9722446475047608
820578,0.3827520752632666
820579,0.016569406627683327
820580,0.02035218169420751
820581,0.7506817686052081
820582,0.025056902021002754
820583,0.006904474459838265
820584,0.9999669965637407
820585,0.04520227377524702
820586,0.8330240437792045
820587,0.08340532080725024
820588,0.05262028460708018
820589,0.9690462738022136
820590,0.9795900410605343
820591,0.9965941364121143
820592,0.7735264441440532
820593,0.6427481269261617
820594,0.925580168221078
820595,0.5259304025840473
820596,0.013806312648708217
820597,0.062273521539791765
820598,0.9999790938138815
820599,0.9999408213512532
820600,0.04161916654826807
820601,0.0235158047501174
820602,0.03708972837466033
820603,0.9874334644891949
820604,0.2897058094601432
820605,0.31746537766892113
820606,0.9996148608126757
820607,0.1362670651551754
820608,0.6268783197208846
820609,0.9996863459847034
820610,0.049244897175547926
820611,0.5880375271150525
820612,0.999952576487802
820613,0.530917417421655
820614,0.9997489649538133
820615,0.18053585027970104
820616,0.9418040781669766
820617,0.5241966266386906
820618,0.9993211612241726
820619,0.9994382568875735
820620,0.8991216620627526
820621,0.9960178983088284
820622,0.5640378785805803
820623,0.9997682058318618
820624,0.6394832759885648
820625,0.5016188967836075
820626,0.9999801276723801
820627,0.38188775385380613
820628,0.9983914738622467
820629,0.030027033912183955
820630,0.011247483977150266
820631,0.9996745390447523
820632,0.9926601284860515
820633,0.9983491536078006
820634,0.196143653741354
820635,0.9999831984109796
820636,0.9998166123274381
820637,0.8794699256031169
820638,0.37640649499275136
820639,0.9896491529604905
820640,0.6142828889090097
820641,0.9999800733932798
820642,0.09790083594897026
820643,0.9994339162165089
820644,0.9626098641648954
820645,0.9629635601995218
820646,0.9928261898470492
820647,0.9998883402168173
820648,0.8270252850132982
820649,0.7601111881832259
820650,0.023298647888200436
820651,0.9999735396453949
820652,0.9835152969082255
820653,0.9084109253567598
820654,0.999548612479073
820655,0.05713411816577757
820656,0.999954094580926
820657,0.24569568149459414
820658,0.9864703695782899
820659,0.9992009962393797
820660,0.9923475152102594
820661,0.9913400927126934
820662,0.9996328795902298
820663,0.02150502307265318
820664,0.9985129883393693
820665,0.999905149594311
820666,0.9992856932269347
820667,0.9997856188458051
820668,0.8250636015864634
820669,0.04833269633530447
820670,0.9998270382320111
820671,0.9987463806366008
820672,0.9998213593848677
820673,0.9996653028715858
820674,0.9999236068852123
820675,0.9979005868877
820676,0.8750236538369305
820677,0.9362338595867086
820678,0.745881910790537
820679,0.07336957388745403
820680,0.9935532683567332
820681,0.009073271805582726
820682,0.9830042904639363
820683,0.9969199181637503
820684,0.9993960569062881
820685,0.9999417549353828
820686,0.9947692243995274
820687,0.9185932377081278
820688,0.9240958404069005
820689,0.05498654670920956
820690,0.9997177922552605
820691,0.9503648437405241
820692,0.7509547054428729
820693,0.9994077633822532
820694,0.9999623434481262
820695,0.9997540751756129
820696,0.9999118405792413
820697,0.9149055969542148
820698,0.581523343179656
820699,0.5194110106746719
820700,0.04224503227046109
820701,0.5810935514186559
820702,0.9998107807651035
820703,0.01282547406098747
820704,0.9999770989751233
820705,0.455086277678512
820706,0.055948548455325584
820707,0.019829887014133442
820708,0.9994914083094937
820709,0.850967778762231
820710,0.4237733389333995
820711,0.9988613693240209
820712,0.992724864247996
820713,0.7882300096675285
820714,0.9991888385951229
820715,0.9998823595910099
820716,0.3474954149828667
820717,0.9990666978080298
820718,0.9999796851304262
820719,0.5273621358874376
820720,0.5188978889508895
820721,0.10507033367894794
820722,0.9982463386050109
820723,0.999923604744209
820724,0.025270147710108114
820725,0.9939422684477042
820726,0.006766593505144868
820727,0.9999100601638902
820728,0.2571548275254195
820729,0.8173624516225391
820730,0.506821712709362
820731,0.9996887307645997
820732,0.07885075182969141
820733,0.9981058208328417
820734,0.9999796252200377
820735,0.9998132024504166
820736,0.9363716106606471
820737,0.024156129866062276
820738,0.9982928643612788
820739,0.9999624790610556
820740,0.00822248189361772
820741,0.9989047763155108
820742,0.9820123010462654
820743,0.9942257348025743
820744,0.9990190568595587
820745,0.055937986329639505
820746,0.546093509860169
820747,0.43665910940762087
820748,0.14288716140202926
820749,0.9937076319879439
820750,0.9544699718120094
820751,0.9974663037937528
820752,0.7050911371359145
820753,0.9584699999045226
820754,0.9999583314727172
820755,0.9670966541748895
820756,0.9999255876072917
820757,0.9930177518489798
820758,0.9987298844295076
820759,0.9992596770873877
820760,0.9956239828454359
820761,0.9735521857591465
820762,0.995557059026466
820763,0.6224468894733294
820764,0.7406162255980497
820765,0.5178220493899676
820766,0.2760413831534144
820767,0.4850430942822929
820768,0.9881739412080216
820769,0.997047716965916
820770,0.9998477542470405
820771,0.9899087892378282
820772,0.970193181988207
820773,0.1406506566333643
820774,0.8437301375189903
820775,0.897561790235192
820776,0.997461570781365
820777,0.9700717869542665
820778,0.9910343636999024
820779,0.9996301471637057
820780,0.9911189623703915
820781,0.9988295973900962
820782,0.5777534792833059
820783,0.7532765047325309
820784,0.02305900602628875
820785,0.9991319746094333
820786,0.99008913019175
820787,0.9999827454838203
820788,0.999906070025562
820789,0.9997194174917856
820790,0.9998686005795101
820791,0.9811788439575173
820792,0.9998582000055638
820793,0.038887969946116624
820794,0.02873414950631871
820795,0.11293788961987777
820796,0.9443704247985151
820797,0.09798657530080596
820798,0.9992497657543746
820799,0.014148835877860396
820800,0.6088941910761392
820801,0.4504781574462879
820802,0.7229067063893632
820803,0.9996846981694649
820804,0.356713013353009
820805,0.3518783495080111
820806,0.0648524381471661
820807,0.9625452890543016
820808,0.9193768855263199
820809,0.9998964159801023
820810,0.9982641858251061
820811,0.5215002180953061
820812,0.904087288534079
820813,0.9986337269846945
820814,0.9996529147379221
820815,0.7943561677472498
820816,0.024113444138051512
820817,0.8561781579467573
820818,0.12201333172187627
820819,0.9997144818533328
820820,0.9804895972214824
820821,0.9904399252968412
820822,0.9980661092681035
820823,0.969070738708417
820824,0.7459492265207068
820825,0.30486222443482947
820826,0.9998416802509209
820827,0.964482923413926
820828,0.6937709329618513
820829,0.9996664728525766
820830,0.018615246644144205
820831,0.5353398739501961
820832,0.04553804459324355
820833,0.6813477815045963
820834,0.9363301706520267
820835,0.9958504262805379
820836,0.9960767194751652
820837,0.983603712624592
820838,0.9378378862674814
820839,0.5855449176997738
820840,0.9992780873839266
820841,0.5604036130264362
820842,0.9916530564233696
820843,0.4690525258253029
820844,0.7879530009058939
820845,0.1436709700519212
820846,0.9967212850337082
820847,0.07833738450283878
820848,0.997490026894374
820849,0.8071765639625497
820850,0.22826031587568335
820851,0.9996524467311714
820852,0.6999609313951255
820853,0.9458478909230392
820854,0.9979720824956532
820855,0.8821541154502988
820856,0.12190361114085725
820857,0.9998199445235576
820858,0.5901706763249573
820859,0.9973997993812362
820860,0.6547671900873481
820861,0.03206004343845809
820862,0.9227035310887582
820863,0.9954912318263127
820864,0.38950208244734874
820865,0.030840281683720685
820866,0.999970370726534
820867,0.20792658678626186
820868,0.9910716360734438
820869,0.8440203956333083
820870,0.11432509115516667
820871,0.7172052317836959
820872,0.9970752150761428
820873,0.7196024134390837
820874,0.998468960385124
820875,0.04386400483083848
820876,0.9998633755780864
820877,0.0996562594658376
820878,0.9998931347843675
820879,0.07113885140580395
820880,0.9993723711424429
820881,0.6209810515992656
820882,0.9999225045124014
820883,0.9998649856959894
820884,0.0227298596141192
820885,0.9942228584255313
820886,0.8700630816431347
820887,0.8752353447897858
820888,0.9524695160645509
820889,0.022620622779049884
820890,0.012705249835693856
820891,0.8877987981003266
820892,0.9815335812700536
820893,0.31254395850760086
820894,0.9997062529779206
820895,0.9529925382801223
820896,0.9102790303636487
820897,0.9996826751206461
820898,0.8936321009872084
820899,0.19753260144547807
820900,0.9358788723817782
820901,0.35768513099455
820902,0.9971591386767574
820903,0.9955164695213473
820904,0.9981221281492336
820905,0.9966387231069298
820906,0.9991301152013135
820907,0.014940418160678903
820908,0.9999468431843443
820909,0.9998685127724192
820910,0.9594931926272214
820911,0.9994252015577041
820912,0.14196195099076314
820913,0.9992621947824389
820914,0.5728056701423219
820915,0.1474969935217928
820916,0.6171924647428887
820917,0.44559977635138265
820918,0.9968915744541329
820919,0.9997967989964058
820920,0.9179881953942136
820921,0.9949247266909312
820922,0.9216831216060196
820923,0.9773357218074873
820924,0.648619471314583
820925,0.03602021637085066
820926,0.01740220509213392
820927,0.6568142243863
820928,0.004466827322401695
820929,0.05368111415846032
820930,0.11249933077123113
820931,0.634998118488657
820932,0.9999504851029271
820933,0.952644164017634
820934,0.997219683081934
820935,0.9892870793528254
820936,0.9999733870941754
820937,0.9769809052377882
820938,0.9999816229226501
820939,0.5082201744460709
820940,0.41095248612189494
820941,0.5529127435565176
820942,0.9987215115008652
820943,0.9996765781658222
820944,0.04047757791170719
820945,0.9229995096674726
820946,0.4059412745017439
820947,0.8512993577689112
820948,0.9953237381951814
820949,0.9999554345766233
820950,0.9998856228606299
820951,0.9854434345787602
820952,0.9851078140393865
820953,0.576598308407951
820954,0.3900083238257055
820955,0.9997807561877246
820956,0.9976449402176372
820957,0.7265562159501071
820958,0.36773992404094197
820959,0.9977988686158261
820960,0.8947045151336446
820961,0.9999508775344526
820962,0.965447767743461
820963,0.9998800027041155
820964,0.3735248453815885
820965,0.9032057693351101
820966,0.9997916485517218
820967,0.09639841150797542
820968,0.5426569106147187
820969,0.9852859385713184
820970,0.1191997690060452
820971,0.3140065761247738
820972,0.9807688926796478
820973,0.8454065441959735
820974,0.21883414900363718
820975,0.9990524656799105
820976,0.005811970021562108
820977,0.16071834977501234
820978,0.9999735630720139
820979,0.383082656131994
820980,0.583637773125759
820981,0.9969432806712264
820982,0.9941214209967428
820983,0.9999832078932209
820984,0.7930333867064453
820985,0.9996456973491303
820986,0.266054563997247
820987,0.9711443474322727
820988,0.9991140672082086
820989,0.06089334687191883
820990,0.9658275188056564
820991,0.19546443960775536
820992,0.9727394840130088
820993,0.9995914024831277
820994,0.5848680186406263
820995,0.04142764067983855
820996,0.1123130015183828
820997,0.9421640370949318
820998,0.9999891540682264
820999,0.9992579682334048
821000,0.9999572340258157
821001,0.8136125520976016
821002,0.9798568045431649
821003,0.8209915479399233
821004,0.2957001626697476
821005,0.6186632360351978
821006,0.79215696679954
821007,0.9999833612782276
821008,0.9934819412107239
821009,0.9469066974719944
821010,0.9998197234968873
821011,0.6671689639341748
821012,0.9626750637958986
821013,0.8953010680488658
821014,0.206557620459636
821015,0.8398779265441669
821016,0.3818976001163009
821017,0.914302152258161
821018,0.9961926755394481
821019,0.999743768131224
821020,0.9999790909387707
821021,0.0025582944192639205
821022,0.3298839143990605
821023,0.9900889778544689
821024,0.9996219233489011
821025,0.9901224565121249
821026,0.9953313200012639
821027,0.7045743339819182
821028,0.994014863219772
821029,0.23910163871795037
821030,0.0822799801200323
821031,0.01287909306845505
821032,0.9994098106469702
821033,0.31186119145716407
821034,0.9584438422777867
821035,0.999777839419324
821036,0.995245549267603
821037,0.9994415774205295
821038,0.02044995517535509
821039,0.9997869175318617
821040,0.09530755100941375
821041,0.850577113045716
821042,0.972745033073828
821043,0.999639589547943
821044,0.9979113029729378
821045,0.3611867993537672
821046,0.345943550193665
821047,0.9998849737221518
821048,0.43277606043963057
821049,0.9716091457031555
821050,0.9999264237210639
821051,0.9999866802572961
821052,0.906383273330187
821053,0.6787684572299758
821054,0.071766022378939
821055,0.9948177256537067
821056,0.707536089528503
821057,0.01697128675157632
821058,0.5500486270047802
821059,0.287892798304283
821060,0.9545044294912584
821061,0.8350512096146638
821062,0.7982390621234249
821063,0.007093761828009731
821064,0.08443922490848016
821065,0.6554194428470703
821066,0.3178336749728128
821067,0.12564077065106222
821068,0.8869295347861159
821069,0.9999855588895952
821070,0.9998454954737341
821071,0.48174041535870293
821072,0.9997788135408728
821073,0.6694063593924738
821074,0.21780421576623393
821075,0.2198133392094989
821076,0.9997909562537213
821077,0.08368126217700639
821078,0.36300676063248544
821079,0.9916123728111854
821080,0.9142077633342898
821081,0.9960719720179403
821082,0.99829909442732
821083,0.9995003643005606
821084,0.5752539182458013
821085,0.5270496328328854
821086,0.03840899786011533
821087,0.6099345830748839
821088,0.014196173049188111
821089,0.7796334916679579
821090,0.4136658069462392
821091,0.5707290804043097
821092,0.09247014615747459
821093,0.9732106722597318
821094,0.9991443759565801
821095,0.2549837861448574
821096,0.9981077896467965
821097,0.9954171654903183
821098,0.44332495426468665
821099,0.26521031036114107
821100,0.9774054716569298
821101,0.99921155056213
821102,0.9999801551575894
821103,0.9077782072997976
821104,0.9988346984367521
821105,0.9964853164170727
821106,0.9956061123877293
821107,0.954861470943071
821108,0.9999773861889443
821109,0.999930857172752
821110,0.9999643761369466
821111,0.6685149852925115
821112,0.9998134181174032
821113,0.9998422287009325
821114,0.03651404608628983
821115,0.40957275552132144
821116,0.5214803937514669
821117,0.44186886072085346
821118,0.9427001753544972
821119,0.9996652429506505
821120,0.9998703200286976
821121,0.012027506397230475
821122,0.9974089529828518
821123,0.9990734365685965
821124,0.9273313089202133
821125,0.9845299517294708
821126,0.02439058437944487
821127,0.9342319306882998
821128,0.04466006720116206
821129,0.09746736306140652
821130,0.5227852749209142
821131,0.6709556130801576
821132,0.6146741580715923
821133,0.9999582445226831
821134,0.9898480740952281
821135,0.9891640869182533
821136,0.6077037593175324
821137,0.9998024080987278
821138,0.9999668924908859
821139,0.6038335847128009
821140,0.999919794834303
821141,0.3608277205348097
821142,0.5550592253829475
821143,0.15848466337116277
821144,0.01808337125550544
821145,0.9998494760036253
821146,0.5288731175124608
821147,0.04643210703416269
821148,0.9959811694918335
821149,0.21026295956203622
821150,0.9759864322773493
821151,0.9939710085521118
821152,0.9999162399719068
821153,0.8428406769570294
821154,0.45651936483784633
821155,0.08407763221628997
821156,0.9996181312532428
821157,0.7582614774385641
821158,0.19823478228335578
821159,0.0187709901261839
821160,0.01418908522274807
821161,0.12933030066544593
821162,0.9996954494229489
821163,0.9802294587686974
821164,0.9999403324902911
821165,0.7767102311357978
821166,0.11501504910342916
821167,0.9998901256163417
821168,0.9986019979476594
821169,0.9671092323017881
821170,0.9999389824424645
821171,0.9977776039249817
821172,0.019972492413055744
821173,0.999873494769481
821174,0.9981695383088987
821175,0.9999924415764438
821176,0.023776195262987153
821177,0.9998929207910041
821178,0.6502607198874998
821179,0.9998839374812011
821180,0.9999770988503451
821181,0.9997086801110889
821182,0.09192346608615623
821183,0.9739659747971171
821184,0.9999683442627437
821185,0.35072742030684234
821186,0.9661200225453264
821187,0.9999681973176358
821188,0.6686867653767334
821189,0.9995839433463458
821190,0.03907619481511256
821191,0.05288170906343421
821192,0.6681989256898473
821193,0.9498268007518824
821194,0.9926435302685537
821195,0.011848847564688257
821196,0.9999199383896589
821197,0.9388051347678886
821198,0.9998277294441881
821199,0.23720840685126288
821200,0.9860270445406798
821201,0.9997197388994208
821202,0.03620319785494216
821203,0.9993562637035345
821204,0.9979685580309371
821205,0.620300308663249
821206,0.0986514151335428
821207,0.6601626731428434
821208,0.17460329798505955
821209,0.06097027648778598
821210,0.6777412743428459
821211,0.9999193463467835
821212,0.9215081835642531
821213,0.16649156082425698
821214,0.7166939743405925
821215,0.7451872204826404
821216,0.0320258396813116
821217,0.009798192042494961
821218,0.6940336122442337
821219,0.10423445975633724
821220,0.49854890916252614
821221,0.9995415697608891
821222,0.6349972200682493
821223,0.9999864212664022
821224,0.7998723872483854
821225,0.9998592812886239
821226,0.9998850405997098
821227,0.5411119416272525
821228,0.9981334160259381
821229,0.9995823109644121
821230,0.9998679944413513
821231,0.9993896008635931
821232,0.37394963501973666
821233,0.9997038350578639
821234,0.998768974833045
821235,0.999373620158402
821236,0.9999224680994913
821237,0.999525898798769
821238,0.38386761937476055
821239,0.9978818464037164
821240,0.522181391634407
821241,0.9967478377958435
821242,0.9998903193225437
821243,0.1674622461146063
821244,0.1329401035154994
821245,0.9903368162954241
821246,0.2562991318617129
821247,0.9972407142997824
821248,0.9998301583816437
821249,0.9980476293687992
821250,0.6470683310860192
821251,0.5721590189323201
821252,0.999835350007511
821253,0.2841047942297438
821254,0.03723504024140368
821255,0.8978581090961157
821256,0.07389864765731005
821257,0.0625140754566868
821258,0.3019169378788158
821259,0.9997135674332418
821260,0.7782958566072437
821261,0.9979298319181298
821262,0.9994677449547726
821263,0.4370710415275365
821264,0.9733295627878165
821265,0.9270458760930064
821266,0.9997875258267531
821267,0.9972911306940002
821268,0.9997936085253067
821269,0.999983646104588
821270,0.9998975239656769
821271,0.9765304074442325
821272,0.11961251945476833
821273,0.999926291272199
821274,0.9999568003809128
821275,0.9295987292543463
821276,0.9893797482018668
821277,0.9998632758246353
821278,0.308467545290638
821279,0.9999031899592945
821280,0.03986296789776654
821281,0.03230862279359448
821282,0.5020007658754524
821283,0.19150780958218594
821284,0.9990532603598553
821285,0.9999444628705128
821286,0.19929844969351285
821287,0.9996809801945687
821288,0.04889279385601451
821289,0.21961944177281145
821290,0.2840534632996698
821291,0.9901265246599829
821292,0.9999427348177121
821293,0.7885721565358557
821294,0.2516960380970803
821295,0.618600230468445
821296,0.24535124510061695
821297,0.9765955641105557
821298,0.43406835920181186
821299,0.9999817156926836
821300,0.8197887888535017
821301,0.9994793253879233
821302,0.5786508403320845
821303,0.7722255613729863
821304,0.22948316230272084
821305,0.9990901318559653
821306,0.9751468727481136
821307,0.9118588355809923
821308,0.12152200635545342
821309,0.9983346967951312
821310,0.3059168378864228
821311,0.9814577516690433
821312,0.5043999189274554
821313,0.5869199713060909
821314,0.5720808009545081
821315,0.9979132731481847
821316,0.8996392004663313
821317,0.9986537407589123
821318,0.9903445719799961
821319,0.9909032389604095
821320,0.8507111924994275
821321,0.999961063001324
821322,0.7362307060424302
821323,0.9977618572706364
821324,0.7013315498698427
821325,0.12711783540198526
821326,0.9825302090407788
821327,0.9913741907440843
821328,0.999855349986884
821329,0.9960425862927673
821330,0.9991204640407316
821331,0.9398264725411486
821332,0.9980247681365149
821333,0.6562015623337064
821334,0.9101557423871073
821335,0.9768581827972138
821336,0.5607085999207537
821337,0.01336677646077063
821338,0.9374797263897993
821339,0.9987656205504617
821340,0.840367348820366
821341,0.999733459298211
821342,0.7436671241454249
821343,0.03143226217780579
821344,0.836242065116783
821345,0.999575469032439
821346,0.9994930890299524
821347,0.7037823099794698
821348,0.010409690059665397
821349,0.9677112414679488
821350,0.9997219740532894
821351,0.8948452815333445
821352,0.9999501765255139
821353,0.9902006282870878
821354,0.31182775620838
821355,0.8873750252792367
821356,0.999975522579372
821357,0.9419554252375613
821358,0.9996254047076997
821359,0.9974971575275741
821360,0.49627683320136307
821361,0.5767928752416409
821362,0.9996295799486592
821363,0.5703510790309789
821364,0.8295625113972654
821365,0.6790663251119021
821366,0.9996103170762616
821367,0.29612712639293853
821368,0.815412467503133
821369,0.691593267030723
821370,0.051547305994202805
821371,0.9990891440146232
821372,0.9997044607463252
821373,0.9984594980383441
821374,0.07698674419944888
821375,0.30033792015361366
821376,0.3320684781043907
821377,0.1770820103920585
821378,0.5873528129735737
821379,0.32395631177777195
821380,0.99966284015237
821381,0.01303813618523501
821382,0.9989893171423145
821383,0.9994507819937946
821384,0.990386733662417
821385,0.9050591216582526
821386,0.011315417604826336
821387,0.9930709490104032
821388,0.028249904009129627
821389,0.995804330056522
821390,0.5134619276368725
821391,0.6976387168185882
821392,0.9635429170587085
821393,0.1041349614843502
821394,0.9954950240071309
821395,0.9990895495188474
821396,0.9298498096037121
821397,0.7471469762204599
821398,0.9956733357443759
821399,0.999553701263804
821400,0.9803937094349491
821401,0.9302193164068258
821402,0.9979354169795491
821403,0.9999355064729463
821404,0.99993643587896
821405,0.6604986824571226
821406,0.8241559156098409
821407,0.9097590002370624
821408,0.04329755936226445
821409,0.9992703182122309
821410,0.9998439535425463
821411,0.9985665112416279
821412,0.6663506247061279
821413,0.990107795610752
821414,0.998658119728621
821415,0.7713170404693682
821416,0.7413630074600892
821417,0.9994223578984908
821418,0.565806274034918
821419,0.969876753801956
821420,0.9920225583064025
821421,0.9994427626703347
821422,0.9999832366782573
821423,0.07958526175588737
821424,0.9804933676177827
821425,0.39502589850737335
821426,0.9942695512510713
821427,0.6803207015907108
821428,0.9074720941063008
821429,0.9877296341974069
821430,0.999823148213254
821431,0.05170069952062655
821432,0.5617784287103441
821433,0.9964177249081754
821434,0.3930067937636764
821435,0.06503206212710905
821436,0.9988896811416643
821437,0.9987079814373965
821438,0.8239632886643528
821439,0.9998566823623363
821440,0.9964576638127773
821441,0.9672883071530151
821442,0.92895391330215
821443,0.010633490092654137
821444,0.2185916560367509
821445,0.9999395902950348
821446,0.999805083546445
821447,0.8560392632335436
821448,0.9771647133845331
821449,0.8244556713853646
821450,0.7921994241246775
821451,0.9917679289400139
821452,0.9995769232817558
821453,0.7999595581483834
821454,0.9601708112134881
821455,0.9996060845945055
821456,0.9873104520059932
821457,0.03453915152606885
821458,0.018843662695305765
821459,0.1770261025674218
821460,0.9991731822244793
821461,0.3263205307169372
821462,0.6327294381954763
821463,0.18857408733885617
821464,0.8950962651290466
821465,0.9998879329691329
821466,0.3158060570176858
821467,0.9934117037543041
821468,0.99733825803599
821469,0.7912787307871108
821470,0.998876824648715
821471,0.998189221475958
821472,0.06977804946623976
821473,0.31784596705242363
821474,0.9999590101817825
821475,0.9024758057740472
821476,0.9998812217402893
821477,0.9709907317967266
821478,0.8904616883928
821479,0.37775820309098773
821480,0.9813783529892643
821481,0.1908235740200221
821482,0.9954457854301594
821483,0.9868683178974055
821484,0.5676023999231079
821485,0.9690565381301539
821486,0.12175714725079784
821487,0.1229840346145199
821488,0.005971732141879196
821489,0.5340116322479663
821490,0.728268902186353
821491,0.9668761163250493
821492,0.9994387353863416
821493,0.039576712337726576
821494,0.953199532714165
821495,0.4933586303943087
821496,0.22448551547947712
821497,0.16574474497625036
821498,0.9992930216317962
821499,0.2592850420637631
821500,0.9999792658883075
821501,0.8598699887877987
821502,0.9995328284753041
821503,0.3146589620147402
821504,0.13325316995544684
821505,0.9997954782606004
821506,0.5282714007178062
821507,0.9210345637783292
821508,0.07776522635633132
821509,0.83078354451117
821510,0.9969670920864289
821511,0.9586435152774772
821512,0.9999601009672174
821513,0.20683049762223743
821514,0.44334476438605813
821515,0.6229715314026845
821516,0.9997041262577704
821517,0.568072233344455
821518,0.07395526994484353
821519,0.013807930627679977
821520,0.9238736585935813
821521,0.20711117246239008
821522,0.996476095195677
821523,0.9834548067128358
821524,0.9996436330319676
821525,0.9999848598750772
821526,0.12500226284775545
821527,0.9998441517700193
821528,0.1679755091095595
821529,0.6805105322822849
821530,0.012145146567930558
821531,0.9963387323890647
821532,0.9895478079236584
821533,0.993171038564381
821534,0.7931672180833187
821535,0.5526043363761237
821536,0.457951819335668
821537,0.22057776846005803
821538,0.231924876288638
821539,0.998417520388409
821540,0.9996649275945397
821541,0.22217068304506302
821542,0.9688721739580239
821543,0.6051684125144275
821544,0.013301109479657864
821545,0.0374947899432338
821546,0.9987086162097699
821547,0.2248624161277037
821548,0.9993187975216868
821549,0.9696426796100821
821550,0.029821811269141303
821551,0.9999016282129034
821552,0.9928947806483224
821553,0.2157253945774706
821554,0.8939284928961431
821555,0.995042441544713
821556,0.9998767338553511
821557,0.9999416818111726
821558,0.862090085658337
821559,0.9992097973251837
821560,0.6652848235650916
821561,0.6023838749561482
821562,0.9997147970262694
821563,0.43722579732473155
821564,0.8074004068849303
821565,0.9997396362088258
821566,0.9994195047318006
821567,0.9888499036815454
821568,0.022612313018876368
821569,0.9993816601228269
821570,0.8257766295750119
821571,0.9997361586034228
821572,0.998568247144791
821573,0.32298321018490844
821574,0.5397506824523971
821575,0.9999409753232106
821576,0.7586337270504809
821577,0.08516340003972361
821578,0.981755541705666
821579,0.5352661715925562
821580,0.09932925998893799
821581,0.9996136135263066
821582,0.9980907592644832
821583,0.6362761932237091
821584,0.9173069171960988
821585,0.01083871345908887
821586,0.14144919161631883
821587,0.5092570899051455
821588,0.026389898468712
821589,0.9996829837854142
821590,0.9998544215103392
821591,0.8284128504038564
821592,0.9998831876681958
821593,0.0025032207510730154
821594,0.45826160664044907
821595,0.9996296948685456
821596,0.007615118396883228
821597,0.9994597557438134
821598,0.9996541989854718
821599,0.999716032781917
821600,0.9992485401425828
821601,0.9992292653896062
821602,0.9936149382472299
821603,0.46915210599102564
821604,0.9998974326622406
821605,0.8726166125576827
821606,0.3412463368638051
821607,0.6633563626631928
821608,0.9959722903868
821609,0.048408666813140655
821610,0.03759813546394161
821611,0.9988307269927477
821612,0.9998958018612892
821613,0.9975569114590532
821614,0.9963926403599515
821615,0.037960085065762275
821616,0.9979169558670953
821617,0.07485922908105827
821618,0.06898639215470125
821619,0.49523696891696767
821620,0.9997907423863728
821621,0.9358522931025861
821622,0.07925507860527733
821623,0.9989727519849367
821624,0.9998438809128718
821625,0.9999436802847221
821626,0.9994243256281083
821627,0.994111454207752
821628,0.13254512549321923
821629,0.9995333208736361
821630,0.750803415752747
821631,0.4036940628659552
821632,0.6829629442429909
821633,0.9998255779786825
821634,0.20249494283466207
821635,0.01824031790496613
821636,0.8190308631179111
821637,0.0160884729846373
821638,0.5538360487048796
821639,0.14505490322232795
821640,0.8954572785210914
821641,0.9291272908103132
821642,0.9619331873429482
821643,0.5508962615270726
821644,0.9928468253691822
821645,0.6008396760582458
821646,0.9988593631071557
821647,0.9998059097017515
821648,0.7252674577603268
821649,0.011706592554167124
821650,0.9958287794911459
821651,0.2154467354360067
821652,0.6977043863831116
821653,0.11726965767272735
821654,0.9999186055201623
821655,0.5305277604913721
821656,0.004608833846689181
821657,0.8018552755431053
821658,0.7658607090918907
821659,0.6949909543848091
821660,0.4578170913742542
821661,0.999702655149379
821662,0.021435554325957194
821663,0.9994540539501032
821664,0.9903135109736538
821665,0.004411411768887668
821666,0.3741601043202214
821667,0.048280175484354204
821668,0.9999103962669826
821669,0.7493423150098173
821670,0.7819379534252755
821671,0.2718351598779716
821672,0.9362076012574599
821673,0.9999225844678863
821674,0.9465455341942615
821675,0.9975447224905495
821676,0.05935590058832374
821677,0.5689169407249035
821678,0.1081977138098743
821679,0.8311524951366842
821680,0.9998559093407156
821681,0.20892183610046947
821682,0.4323241228066882
821683,0.05157409871721511
821684,0.4983443748818712
821685,0.9932177887319729
821686,0.10501080192553702
821687,0.017580025562189454
821688,0.8284177667122088
821689,0.018127796254096037
821690,0.9976475385053292
821691,0.9179064265904988
821692,0.778617591186864
821693,0.9925456156718684
821694,0.5394203521375006
821695,0.5019136625550249
821696,0.06471926880574211
821697,0.30299497709519885
821698,0.9995109902775224
821699,0.7120943422099564
821700,0.7210625626618854
821701,0.9903150306721854
821702,0.2523800931541106
821703,0.9999500799605818
821704,0.9999937176706245
821705,0.009268835577469188
821706,0.6831255290836453
821707,0.09830865866907026
821708,0.9998099796708316
821709,0.5093771247841622
821710,0.996876051867214
821711,0.9955934260249791
821712,0.014731437732752463
821713,0.9840009418979567
821714,0.9994402724385134
821715,0.9933408414830169
821716,0.813625493203993
821717,0.1866351604602313
821718,0.02928166187771654
821719,0.6665844699422713
821720,0.9998221538460534
821721,0.9969171874118445
821722,0.9127427344052874
821723,0.8143038566914215
821724,0.9895594676272806
821725,0.036507531672742816
821726,0.9732186757797884
821727,0.09748218423311938
821728,0.856120050453588
821729,0.03964679562230816
821730,0.14380241215649694
821731,0.9481609646991269
821732,0.9323771812523947
821733,0.6427142497381156
821734,0.9996961553885112
821735,0.9999314376061408
821736,0.9998755253014298
821737,0.49041372966254393
821738,0.7915660348201716
821739,0.9998707207651151
821740,0.8411820023352565
821741,0.6712988807311666
821742,0.7695284312437072
821743,0.547269765654026
821744,0.6055019310572942
821745,0.9999057173888855
821746,0.9990789602138546
821747,0.9999013787148187
821748,0.8166626402249786
821749,0.9298357302383033
821750,0.9998518022280237
821751,0.2551189634139407
821752,0.9575446830364455
821753,0.9994028935219601
821754,0.285789447871102
821755,0.06031808876843736
821756,0.6886856082324764
821757,0.3849959991564744
821758,0.40885349650378777
821759,0.9999352054086215
821760,0.9592969908287942
821761,0.5248843489225448
821762,0.9993233154901482
821763,0.3690184658560841
821764,0.3616718283326572
821765,0.9991370797711245
821766,0.9981066380864378
821767,0.7999812423881977
821768,0.9865354728049428
821769,0.014386870875463044
821770,0.99064189005185
821771,0.7245927858498371
821772,0.9761680375858627
821773,0.891818518148505
821774,0.8444284036345187
821775,0.9360698770626011
821776,0.999750574578744
821777,0.5746025290168914
821778,0.1434095452791647
821779,0.9811982080480942
821780,0.018356665509092266
821781,0.9980007383063733
821782,0.8048406816099836
821783,0.45585033151462945
821784,0.9908366209631727
821785,0.8779201936430296
821786,0.6586761067279925
821787,0.532935654129558
821788,0.593719785042681
821789,0.9998447415323679
821790,0.12477424646509613
821791,0.9999303171474403
821792,0.7324781979206061
821793,0.4624876378413953
821794,0.9837249401873749
821795,0.9998629906681227
821796,0.7580989531467534
821797,0.7775923474109048
821798,0.9978667183991643
821799,0.5773622066637739
821800,0.4690291479523867
821801,0.646987293570208
821802,0.2714795665384158
821803,0.01943716026794278
821804,0.9998016630563809
821805,0.99967113352765
821806,0.8472755194361532
821807,0.9993790773097527
821808,0.9323323177186638
821809,0.9345739388442379
821810,0.7155913511074828
821811,0.06973293001610088
821812,0.9999915644019475
821813,0.7805362453057504
821814,0.9240240088728825
821815,0.03874347610819527
821816,0.9993798618702013
821817,0.9995554667570313
821818,0.9690695222307144
821819,0.9991487407681441
821820,0.0701696445072924
821821,0.9987487578148893
821822,0.7686511367601829
821823,0.17679414084790684
821824,0.9235167665115085
821825,0.9996701914643108
821826,0.7866669915016263
821827,0.7529859884808583
821828,0.4764052602772262
821829,0.4041318758825078
821830,0.036075733633657646
821831,0.7186747643459646
821832,0.9463212449083414
821833,0.9394637322679114
821834,0.9958767289475698
821835,0.9808784354663056
821836,0.08027437171253157
821837,0.9999765557939178
821838,0.999816758947414
821839,0.9981115231747901
821840,0.9959292215178375
821841,0.9422310823211875
821842,0.6039038687395004
821843,0.9991040375250193
821844,0.9994210053510879
821845,0.6255281979250327
821846,0.9997674578989562
821847,0.9998757666639762
821848,0.2550958032867843
821849,0.9983436763350456
821850,0.9577562953993486
821851,0.07308541819757312
821852,0.9999047908336467
821853,0.999824969435192
821854,0.9999539422360412
821855,0.9999522113661227
821856,0.9999660928403655
821857,0.2315118059280604
821858,0.9741354324821676
821859,0.9784863318596684
821860,0.9958322716303318
821861,0.023656695742874045
821862,0.9998552557065632
821863,0.24143628690797006
821864,0.9996911599418229
821865,0.07509346348446379
821866,0.9977485266880964
821867,0.23099323636459748
821868,0.999973252331876
821869,0.9986978799241075
821870,0.71342396697725
821871,0.5507233528795404
821872,0.9991277487961945
821873,0.9978530097995795
821874,0.14333287504483128
821875,0.0768898683770259
821876,0.9995039587179361
821877,0.040322274255322296
821878,0.34436681379680933
821879,0.9446632036471803
821880,0.9998817562696727
821881,0.3790427318848172
821882,0.5990239257191526
821883,0.9530104755366253
821884,0.9997276890702346
821885,0.9867163101826419
821886,0.9992116838679814
821887,0.5789944293644235
821888,0.9639357790732754
821889,0.9999222555769791
821890,0.9923386177755795
821891,0.9693148466604871
821892,0.9999660617564805
821893,0.70158262243801
821894,0.0324344176192512
821895,0.9998540660884025
821896,0.996406882842631
821897,0.9973096583081461
821898,0.9983014073986773
821899,0.723419220760212
821900,0.9987355214904675
821901,0.3345015864306669
821902,0.9964749990919749
821903,0.4942087404180101
821904,0.7076317491618975
821905,0.9998129239876752
821906,0.9974864096836981
821907,0.9790588111903763
821908,0.22450430418282208
821909,0.999505655224072
821910,0.5985393357075861
821911,0.9997404704367581
821912,0.8786031734578308
821913,0.9998627099538933
821914,0.06946936377445695
821915,0.9967751705963309
821916,0.940617223967494
821917,0.3464764356687228
821918,0.43170292103422103
821919,0.4866151638381099
821920,0.9933836591243465
821921,0.657566162997719
821922,0.999741163614265
821923,0.9888174254870371
821924,0.9653007074559233
821925,0.7188705454706122
821926,0.9499000654626526
821927,0.994790999328043
821928,0.9945650730961828
821929,0.9261662911284266
821930,0.8539138420503671
821931,0.999937770203302
821932,0.99656343355285
821933,0.9983830407294736
821934,0.6177049711154756
821935,0.9997535687272281
821936,0.9973660386693648
821937,0.9994276564951476
821938,0.9997364128253869
821939,0.16800976683614705
821940,0.9995537198313083
821941,0.9998682366550329
821942,0.9896166238406063
821943,0.9895599450287428
821944,0.9997409806197797
821945,0.9969617704851641
821946,0.9373315122241148
821947,0.9996199185461454
821948,0.9991527573397746
821949,0.999836618165521
821950,0.9881827788544312
821951,0.34872930791910434
821952,0.9227432867591139
821953,0.5978238841233943
821954,0.9935029785997332
821955,0.3208171878203799
821956,0.9602472202844877
821957,0.03982398576183936
821958,0.9999408608893545
821959,0.9996401810210632
821960,0.9488544731571971
821961,0.9999833363650513
821962,0.6102352189521633
821963,0.49883601591401244
821964,0.9997686790795315
821965,0.3547331684218873
821966,0.2729935772014398
821967,0.9759553471297976
821968,0.09746892649872713
821969,0.999820079097046
821970,0.9999271124662027
821971,0.4338756671593512
821972,0.19387642525779158
821973,0.990472964100728
821974,0.2978417156975852
821975,0.09183145795865968
821976,0.9390546332767216
821977,0.2050166376051683
821978,0.9974241678828033
821979,0.7067966249321749
821980,0.981678821134756
821981,0.259201253673263
821982,0.9994411932063758
821983,0.9069682291880701
821984,0.9630776028468375
821985,0.7857174379215084
821986,0.8284799765445565
821987,0.9999482112413189
821988,0.6308966747803935
821989,0.4194585527451852
821990,0.07267268820299438
821991,0.9998520951020773
821992,0.9997008514147032
821993,0.6135991670463536
821994,0.9535513270886492
821995,0.9667550980068991
821996,0.9998982837055062
821997,0.9999279909540469
821998,0.08123359968337636
821999,0.8425012361044885
822000,0.999374470070729
822001,0.5892071136312116
822002,0.02301126174572191
822003,0.15701283810864958
822004,0.9837283737862232
822005,0.9998815663440274
822006,0.999787313996643
822007,0.9997148290685248
822008,0.9996283831351713
822009,0.9941736100577931
822010,0.4987144755377773
822011,0.7712074853220687
822012,0.9855484886990975
822013,0.10526440567003786
822014,0.9936999175955361
822015,0.7826977574370965
822016,0.9983265236387839
822017,0.9358490376072155
822018,0.1961983707322586
822019,0.47737785178303804
822020,0.7760833377967677
822021,0.3436573901232175
822022,0.07225647469025628
822023,0.9278741142897112
822024,0.9843013995775078
822025,0.9329536392553721
822026,0.9957039256266705
822027,0.9996623244698305
822028,0.9907279757084166
822029,0.352631656408626
822030,0.316021715897926
822031,0.9993677364039301
822032,0.451291111325808
822033,0.6414308967727324
822034,0.02916828623342451
822035,0.5766923896448816
822036,0.8128892586837273
822037,0.007314932383550613
822038,0.9323275703977917
822039,0.8320222918968941
822040,0.9995180106182879
822041,0.5993865246212499
822042,0.9999621221502337
822043,0.9995656715483623
822044,0.4726360600209219
822045,0.9998426364655066
822046,0.9989052930371307
822047,0.999755771600186
822048,0.9873019185235252
822049,0.8948779808120423
822050,0.41397859044664376
822051,0.3915850341488764
822052,0.9999541274280261
822053,0.9123147646416703
822054,0.1740888281023521
822055,0.13673476010001287
822056,0.9553931573178718
822057,0.9997703554266268
822058,0.9991569721680832
822059,0.9976266202118266
822060,0.1937940481166981
822061,0.9992670354400175
822062,0.937761995579198
822063,0.9998561741940557
822064,0.12673171444290196
822065,0.9770933951950186
822066,0.016911357907435413
822067,0.9976742886715574
822068,0.9999351247732924
822069,0.3835130387701885
822070,0.9482141135188409
822071,0.9200005040951627
822072,0.5063296841369281
822073,0.998983343813806
822074,0.9932172423026447
822075,0.9875527771653301
822076,0.9871370189442823
822077,0.9326621688965848
822078,0.991965486735832
822079,0.999855597428946
822080,0.9790113074519116
822081,0.013334390664736014
822082,0.9998105694054814
822083,0.9997837792567685
822084,0.9066500633200487
822085,0.9989806831175725
822086,0.9997943498270201
822087,0.9967683037843108
822088,0.5636628946904852
822089,0.06310887901414716
822090,0.9881699226352303
822091,0.999601769568164
822092,0.9879110286286101
822093,0.9139873982969053
822094,0.005144723341111146
822095,0.5357469248220985
822096,0.9975485900852539
822097,0.9998133828981213
822098,0.9998985091588339
822099,0.23100720029979313
822100,0.9999876568544601
822101,0.9996963650054926
822102,0.22979344734499832
822103,0.9256322000885153
822104,0.999938472289002
822105,0.9518771437687379
822106,0.7145550288570671
822107,0.9961167457439235
822108,0.3643098224276039
822109,0.9845272618889218
822110,0.9997192796206861
822111,0.16496469492528287
822112,0.9977754884607852
822113,0.9992283823371559
822114,0.9996523152341468
822115,0.9982994936522518
822116,0.994559097269153
822117,0.9997732497467162
822118,0.9917376721328093
822119,0.9994819417302682
822120,0.05440165739287425
822121,0.02464896237753992
822122,0.04586721621556328
822123,0.990305839156856
822124,0.0018255714132873056
822125,0.6168455821465995
822126,0.9888375790880236
822127,0.11934308105869251
822128,0.34013959989002207
822129,0.9218804681964351
822130,0.36497961600707646
822131,0.9999911356337398
822132,0.06714381252985642
822133,0.5831452702769402
822134,0.9999499537225961
822135,0.9996922924133621
822136,0.9943094643953958
822137,0.9999374114331885
822138,0.05857798349288214
822139,0.02870430684339086
822140,0.9995140482067921
822141,0.9965991201238185
822142,0.597910982795753
822143,0.4135298783948802
822144,0.8629597391767263
822145,0.6685111032143627
822146,0.061881082225936676
822147,0.8653022106515615
822148,0.8007149951392829
822149,0.8090475018936024
822150,0.9999928116953594
822151,0.999858521932522
822152,0.7210015259607288
822153,0.9451690054641722
822154,0.18784452957635306
822155,0.9117548084707184
822156,0.9990753578978687
822157,0.9959208498042371
822158,0.9998763606912981
822159,0.9025222683956355
822160,0.9632475004635079
822161,0.4332663720080322
822162,0.9998499341091016
822163,0.7651553002390428
822164,0.19381557223955853
822165,0.05181210832816167
822166,0.9620075546315945
822167,0.9978479653331704
822168,0.9991984813191561
822169,0.4984867002917719
822170,0.9902624976540654
822171,0.039582972732935276
822172,0.4824582506386302
822173,0.8915585166967912
822174,0.012304871198802619
822175,0.9999143655081213
822176,0.9999462250301041
822177,0.9999034242327531
822178,0.9999878088610857
822179,0.9761041222874456
822180,0.4602659917110036
822181,0.05865865506788317
822182,0.3354486890024654
822183,0.09068269077400572
822184,0.9994054531325489
822185,0.14923993777133193
822186,0.9951626907835562
822187,0.9998803456954589
822188,0.9989082343817071
822189,0.9939952467089901
822190,0.9723137993174291
822191,0.9999688869799674
822192,0.8466195382603869
822193,0.953463908364401
822194,0.9937145471851725
822195,0.9872883218773405
822196,0.9999055390646432
822197,0.9987293430460683
822198,0.9999640092352158
822199,0.03348796843988322
822200,0.2430714233835303
822201,0.5813389793879897
822202,0.012837101395962124
822203,0.7251292928046448
822204,0.8665586823669439
822205,0.9993353862246326
822206,0.9432025264876404
822207,0.9970196232434124
822208,0.9983916370615957
822209,0.9930417258889127
822210,0.028830971131437358
822211,0.9483705093962327
822212,0.48264510350659867
822213,0.11988513865853115
822214,0.0211472225264312
822215,0.9392963852021373
822216,0.3727521805352923
822217,0.9890422655517516
822218,0.9949033195671735
822219,0.9992793415989851
822220,0.9999745272005149
822221,0.9978162938166868
822222,0.9997750413279145
822223,0.12028077955477079
822224,0.008204448864162118
822225,0.9997113268497727
822226,0.9936738460471434
822227,0.9999085122013454
822228,0.8341063239184279
822229,0.9999273918576976
822230,0.07837018473269673
822231,0.9967252752456573
822232,0.03939857005444343
822233,0.9998254367102738
822234,0.9925120239430802
822235,0.016663476788634245
822236,0.13119606579987636
822237,0.9038016722260696
822238,0.00884578932114654
822239,0.9996200058298232
822240,0.06374096622827669
822241,0.035135408328096564
822242,0.999921114219669
822243,0.007355465762584049
822244,0.8782559746753777
822245,0.9177287348369617
822246,0.27848808291948257
822247,0.9385517791725582
822248,0.7011093987736929
822249,0.999772533696353
822250,0.18300388369009815
822251,0.6812677656473834
822252,0.9999409106624578
822253,0.8592145564643676
822254,0.2723460447140846
822255,0.6099015172864888
822256,0.025557106824787675
822257,0.7555377369947067
822258,0.9999675214959396
822259,0.9897013682860766
822260,0.9808289604068533
822261,0.1938473974903206
822262,0.9987239092148852
822263,0.02199648195318447
822264,0.9871063998987628
822265,0.6624708921722595
822266,0.9983692915213684
822267,0.7432266592708335
822268,0.9244104902320934
822269,0.41034549537036685
822270,0.359508172056038
822271,0.016819919959305322
822272,0.18773277872967523
822273,0.999979750617882
822274,0.9981214826585565
822275,0.8582965688102951
822276,0.9999538870444651
822277,0.984756585614615
822278,0.9327022612750432
822279,0.018001873218700393
822280,0.9558563791525783
822281,0.6399360001004575
822282,0.9874989806469987
822283,0.9532882598694739
822284,0.8798970333271792
822285,0.9969636364021934
822286,0.9663119174448737
822287,0.3867360444211421
822288,0.9999723290948128
822289,0.013531624683958021
822290,0.9997989275523105
822291,0.06437730825901121
822292,0.00859120346928118
822293,0.8161469339304428
822294,0.9997718204669724
822295,0.684170929449832
822296,0.06673538928489986
822297,0.2861290139994571
822298,0.07423836408825617
822299,0.012954061157970646
822300,0.2368729776255889
822301,0.8990737954004832
822302,0.03379528476102306
822303,0.9108419808597716
822304,0.06772561333078286
822305,0.9992793024490927
822306,0.9979235262584456
822307,0.8287230194501395
822308,0.9747479479525691
822309,0.9999879092884205
822310,0.11036098403339031
822311,0.051231265091071815
822312,0.4569054704928396
822313,0.4325402870973664
822314,0.1322506468782072
822315,0.11167606547684175
822316,0.7716992227539032
822317,0.16769733202232825
822318,0.9992541924914452
822319,0.964552205740457
822320,0.0326283014638823
822321,0.9999102395802881
822322,0.9954515230870713
822323,0.9995169129493233
822324,0.9996404145869036
822325,0.6231027498759228
822326,0.978092630877021
822327,0.03292923637429851
822328,0.7789513373277609
822329,0.9931240577642706
822330,0.9825943181443557
822331,0.9997275059602938
822332,0.6917507203615256
822333,0.34842570515082605
822334,0.5912366526579671
822335,0.9703324809141216
822336,0.9792134273352124
822337,0.9813416903667221
822338,0.03850190509657101
822339,0.9964763418594659
822340,0.9996491370021805
822341,0.8768299416248954
822342,0.9999257130950906
822343,0.10279033254847804
822344,0.1153199047898578
822345,0.9993912782857061
822346,0.9961824082172693
822347,0.9972668968749663
822348,0.28352569267753625
822349,0.874953784699704
822350,0.6543188457065333
822351,0.9755929042355093
822352,0.20567327949745917
822353,0.9949035778333465
822354,0.06569360954610375
822355,0.8210594566814
822356,0.3329931778786888
822357,0.764622648158557
822358,0.6288164252781975
822359,0.9872907567429521
822360,0.15878052123755587
822361,0.3836079247805141
822362,0.9999183041598334
822363,0.9841835498387149
822364,0.9973961239368871
822365,0.4110244077282361
822366,0.21616962373445697
822367,0.3612718615344147
822368,0.9999375362903264
822369,0.9995587481058394
822370,0.9685003344115246
822371,0.8261239592472057
822372,0.7206036054802112
822373,0.15908205826329358
822374,0.7402246472604184
822375,0.2301914765768009
822376,0.9991387243219408
822377,0.9682363468471649
822378,0.029658248461139
822379,0.8966595989742103
822380,0.9993259241749346
822381,0.9998851287771684
822382,0.9913113769736142
822383,0.9998886605958206
822384,0.9978515828782589
822385,0.8461706014981941
822386,0.487554351454648
822387,0.03621562843190002
822388,0.021799706730546667
822389,0.902894119355569
822390,0.9979302413061083
822391,0.9949287679532598
822392,0.07948821325688932
822393,0.8022975207390127
822394,0.9985758081915909
822395,0.35792609060884334
822396,0.9348678764954771
822397,0.2623258245703583
822398,0.40223645350505066
822399,0.11639545459166667
822400,0.11922245664173299
822401,0.49511183523694363
822402,0.9999943882585223
822403,0.17829868890746398
822404,0.024960460769771646
822405,0.9994893816684958
822406,0.44504140474110354
822407,0.08006465418994364
822408,0.9505741535092294
822409,0.7522455310749372
822410,0.5942934205754341
822411,0.9484024169395132
822412,0.5706939861089528
822413,0.3970452405175669
822414,0.9999720855660921
822415,0.9982686749269264
822416,0.05919258103722497
822417,0.9998031752568112
822418,0.9971889797672859
822419,0.9998814332531084
822420,0.9985140505744543
822421,0.9999806426493691
822422,0.9980044579984898
822423,0.9939364127925844
822424,0.7176497881172974
822425,0.9983190564303427
822426,0.8970572737669482
822427,0.9998942370128101
822428,0.9999883673465153
822429,0.9999770394140176
822430,0.9999914832489722
822431,0.13979640266968113
822432,0.3766274514216326
822433,0.7229677297815688
822434,0.523714936119081
822435,0.026600306441488676
822436,0.9550231252377105
822437,0.996916952821362
822438,0.9995195905559995
822439,0.029833791020340637
822440,0.9914171964025897
822441,0.05020910077892486
822442,0.10696656718962323
822443,0.8400330835078091
822444,0.39099121165810913
822445,0.9998608286305828
822446,0.9902337564467065
822447,0.03546632332967666
822448,0.9970858700283307
822449,0.0069344704516084155
822450,0.7344402008877968
822451,0.9994935889105014
822452,0.9995857421734364
822453,0.6190133783234928
822454,0.1622829497641899
822455,0.8246392081382969
822456,0.9999740091692091
822457,0.005219362332046279
822458,0.9995640526460078
822459,0.9998350414057033
822460,0.9997519480511363
822461,0.9935662805395279
822462,0.9676486890796074
822463,0.5485238637317663
822464,0.028618036115742998
822465,0.9999167052289908
822466,0.07948266369216347
822467,0.17583078647691452
822468,0.999740288322994
822469,0.9412819400111085
822470,0.8079528335073882
822471,0.7899862784467971
822472,0.9992309814580285
822473,0.0721357273667738
822474,0.9999831841346953
822475,0.761017062167583
822476,0.6754440034020426
822477,0.7875856757772
822478,0.3922092137516878
822479,0.9992717877449795
822480,0.9964762882254761
822481,0.0031542773089182595
822482,0.999885533890885
822483,0.9999394110164379
822484,0.9981838130623228
822485,0.01873505153246692
822486,0.7456464264269451
822487,0.9995758651851151
822488,0.057207351386311375
822489,0.9997175832131782
822490,0.9619040052744923
822491,0.998120861920161
822492,0.0022221087418759096
822493,0.999252240641423
822494,0.17954485785356353
822495,0.4918112477657785
822496,0.32938903299338096
822497,0.9940517539999572
822498,0.8750715564690605
822499,0.8340619309744648
822500,0.9985143621356534
822501,0.9994777482298128
822502,0.9876136796019896
822503,0.7986405717902839
822504,0.9151104353092642
822505,0.8351690475670877
822506,0.02359119531977602
822507,0.3252581530221374
822508,0.9818860250314886
822509,0.26526246263341147
822510,0.9999872752475238
822511,0.9996461785468905
822512,0.9952470378153224
822513,0.23480089801212034
822514,0.8188201825530301
822515,0.999681764691676
822516,0.28376419953188026
822517,0.003154995671301746
822518,0.9939787742131823
822519,0.8086702108509263
822520,0.21890481058226177
822521,0.9439356116082405
822522,0.615198192693695
822523,0.9849039736029077
822524,0.9997651478906648
822525,0.3381613000901878
822526,0.041536508302172995
822527,0.9998428186294004
822528,0.9975002084680136
822529,0.7210564300416911
822530,0.07100349942994652
822531,0.9893083025528909
822532,0.9984751770493199
822533,0.7869137750680839
822534,0.3649971259451268
822535,0.9997775163335756
822536,0.9998656386635663
822537,0.9327426909337726
822538,0.18894362627409034
822539,0.944635947151883
822540,0.7089572031085498
822541,0.8510036897436597
822542,0.9996450343928502
822543,0.3187582944291147
822544,0.9999729957972446
822545,0.9902696032194205
822546,0.9698164725771856
822547,0.06265407391960551
822548,0.9920648383166883
822549,0.029597674628219047
822550,0.9999389932172286
822551,0.09933063950914116
822552,0.9930944511202813
822553,0.998843603044275
822554,0.0541506007993658
822555,0.6653255244026434
822556,0.9986563270597978
822557,0.023382086952211178
822558,0.6620159318094699
822559,0.9999454468893226
822560,0.717518087998844
822561,0.8433889562749286
822562,0.9968471795307721
822563,0.9967469811318037
822564,0.993986022870841
822565,0.404082480436266
822566,0.998567879139199
822567,0.8460421932380509
822568,0.9999198763548868
822569,0.1734580800085094
822570,0.251715357474655
822571,0.9998690309925433
822572,0.7512356041250525
822573,0.12966752712206395
822574,0.8409027118037855
822575,0.6274212430920771
822576,0.9755751064664142
822577,0.9975621072241325
822578,0.9980895048773428
822579,0.9418134151646462
822580,0.999890650697862
822581,0.45254397172428934
822582,0.9998043238729215
822583,0.7007043439797489
822584,0.9950270733782296
822585,0.9988614060998423
822586,0.9921307185491104
822587,0.9330278122806416
822588,0.9998662257470119
822589,0.20167575068180685
822590,0.997264081517925
822591,0.3389051135407378
822592,0.9891391630077393
822593,0.8123607104300702
822594,0.04221030929998723
822595,0.9098958985907718
822596,0.18053650193063087
822597,0.9231677888874943
822598,0.39680784715596007
822599,0.4470033984715714
822600,0.9990433271466014
822601,0.617569811119194
822602,0.8295859442583033
822603,0.7846728056233724
822604,0.9999900871977316
822605,0.9994891984784866
822606,0.01755268467454023
822607,0.01704564735008333
822608,0.8569578468306867
822609,0.2792462046207793
822610,0.12215997401373173
822611,0.7736383812510682
822612,0.578017798865819
822613,0.9987295223129578
822614,0.24193271846992354
822615,0.028478004741768276
822616,0.31812773041539705
822617,0.9994576373217524
822618,0.9543340526574202
822619,0.9999745258327571
822620,0.9964432011062951
822621,0.5136024937356226
822622,0.9183846772355797
822623,0.2506012916005894
822624,0.9192168463711778
822625,0.3896588002572595
822626,0.014756249862596306
822627,0.09363128279345814
822628,0.9999472253793413
822629,0.999546463781796
822630,0.06734868828714878
822631,0.25277490570551603
822632,0.011450619765675595
822633,0.9955402891763401
822634,0.3614180403775029
822635,0.06985932782589599
822636,0.9990134726897044
822637,0.05665206294511855
822638,0.6628796794613342
822639,0.6347489705791047
822640,0.9930485380653333
822641,0.9997497854075951
822642,0.3237870035074347
822643,0.9992580776438529
822644,0.014296834433203936
822645,0.9406249541998415
822646,0.5864284445564392
822647,0.03728929036270957
822648,0.7880400823985303
822649,0.9995006006788225
822650,0.00990481185451988
822651,0.91136671366855
822652,0.17631697628484774
822653,0.9998374920370388
822654,0.9995786111758098
822655,0.9988725727276316
822656,0.9661073022225564
822657,0.9999863492839044
822658,0.4403250401946762
822659,0.7290580059348202
822660,0.9995312366854298
822661,0.8239064118912091
822662,0.985809625119225
822663,0.21513892903321016
822664,0.8688280122667246
822665,0.5185660025611277
822666,0.6543193307450133
822667,0.004311621119707152
822668,0.035174089027518014
822669,0.009478603399126904
822670,0.8754600543627544
822671,0.9122917574672196
822672,0.04598327103176812
822673,0.8657940075539263
822674,0.9999356546374523
822675,0.9999220684486696
822676,0.9075074891314359
822677,0.6075360946374191
822678,0.010413770069235728
822679,0.996948420646568
822680,0.9999400486797794
822681,0.8271595631596522
822682,0.999944636449488
822683,0.14589984012246882
822684,0.8869595106146706
822685,0.9462577855450137
822686,0.9944846922903849
822687,0.41720036328967974
822688,0.7918825517731733
822689,0.46772057228383235
822690,0.9998304916898731
822691,0.9999230377448813
822692,0.9998786423501034
822693,0.9655023685319273
822694,0.9960994402805068
822695,0.9493050606772542
822696,0.03984656246583028
822697,0.9999769909592827
822698,0.9988749748967656
822699,0.010760069495242242
822700,0.8445412126154144
822701,0.31106524496579974
822702,0.08720190811885234
822703,0.01318420314792685
822704,0.9999812189819335
822705,0.9999077765135459
822706,0.0507295780389192
822707,0.8971168955232443
822708,0.9973208048051663
822709,0.9987704346454592
822710,0.8704909784320001
822711,0.9010552646827541
822712,0.6719030304901855
822713,0.6592758672010627
822714,0.7776287488346794
822715,0.9996508237085343
822716,0.5786463667571802
822717,0.33438760821581737
822718,0.4464975867690044
822719,0.9953954164273173
822720,0.5108008557058997
822721,0.9122151565046275
822722,0.06796790917407476
822723,0.999517663447028
822724,0.9497492336140017
822725,0.9996379825500286
822726,0.9998953235187482
822727,0.9994950090407053
822728,0.010200185869901558
822729,0.27244105656568973
822730,0.06271368910207822
822731,0.9987891552300311
822732,0.9998347703437787
822733,0.02154525794813127
822734,0.9249314418729948
822735,0.8025188256706426
822736,0.865103885082726
822737,0.9999816540583621
822738,0.9998769145794499
822739,0.9970019835206709
822740,0.9991862639969478
822741,0.9979940554860549
822742,0.1903615972488178
822743,0.9997825145369081
822744,0.3455326813566495
822745,0.5216081926927975
822746,0.6824513956311076
822747,0.9999610936300053
822748,0.700307141500315
822749,0.9905243751652353
822750,0.11646048854632401
822751,0.9995058245621024
822752,0.9995778620058191
822753,0.9979860129040083
822754,0.9987844136580284
822755,0.0982779269667162
822756,0.9978725760205761
822757,0.988525429588506
822758,0.974255722475277
822759,0.9908605704553748
822760,0.3393302888870163
822761,0.021380678698717768
822762,0.9325296480288667
822763,0.33350685892667375
822764,0.24001554332394193
822765,0.6800151961638778
822766,0.9882751155262142
822767,0.17631398515509966
822768,0.950572603146686
822769,0.9995586524420166
822770,0.9948310800098883
822771,0.9999874133200979
822772,0.43122098800474296
822773,0.7213602548906859
822774,0.9717185119553045
822775,0.02094416242723065
822776,0.4903573068771764
822777,0.42060017893554147
822778,0.9904956436166326
822779,0.977524307732097
822780,0.998673132306529
822781,0.9984161324373996
822782,0.9990416496052339
822783,0.9998948676757964
822784,0.09350329469965635
822785,0.9956737880681475
822786,0.9672288946340355
822787,0.9998434361519808
822788,0.005895355871495879
822789,0.9988221339386781
822790,0.6363667042216027
822791,0.010887160415640643
822792,0.3209024666249761
822793,0.9974473913743824
822794,0.024949970407159565
822795,0.9873670714141266
822796,0.9751577253600903
822797,0.1284124820607242
822798,0.24712917803967815
822799,0.6178119451009227
822800,0.2181605318796776
822801,0.5185034695398414
822802,0.9707090653229515
822803,0.3261696139548126
822804,0.9998908359965377
822805,0.9942109552919426
822806,0.08952240370972833
822807,0.9981348360154942
822808,0.9999436820568541
822809,0.4414173244469378
822810,0.9048244853110913
822811,0.4215060340487569
822812,0.7500124857552875
822813,0.9992704722123951
822814,0.017383354056016334
822815,0.02095396656816742
822816,0.9997064507197547
822817,0.4687553167766212
822818,0.8831795597861751
822819,0.9994565160164604
822820,0.9617065744449753
822821,0.6637937585141429
822822,0.9920487157081923
822823,0.016229406794649938
822824,0.9997406414495777
822825,0.9987938165170078
822826,0.9718161037807878
822827,0.0039012186150355456
822828,0.9999627436330104
822829,0.9999555941708768
822830,0.9480976344965848
822831,0.9999640556958921
822832,0.6391208311775723
822833,0.9999664334156287
822834,0.018847925649904087
822835,0.9997876601462481
822836,0.9818533333601931
822837,0.8818136047998812
822838,0.8287766893294426
822839,0.9999881637120885
822840,0.8145655606754584
822841,0.8615543681596789
822842,0.9954202783216911
822843,0.2356980606990822
822844,0.7191953551665745
822845,0.9993909653773507
822846,0.3978245935571949
822847,0.9999833331484336
822848,0.8623476621940016
822849,0.9535530674147236
822850,0.9999035911154273
822851,0.4724360600905861
822852,0.28241430106899157
822853,0.10376991874381376
822854,0.39593019785302774
822855,0.5357597611129759
822856,0.1730275962968723
822857,0.21508683313254764
822858,0.9995457372016567
822859,0.022402985320395835
822860,0.22914070664459818
822861,0.9804798177189673
822862,0.9606072584029348
822863,0.9903832483500987
822864,0.9574805374276462
822865,0.09696229588539798
822866,0.9802426754868357
822867,0.9896201272623293
822868,0.7505256284954767
822869,0.11904059799926844
822870,0.9676094885214875
822871,0.7462489213795711
822872,0.9985370817133885
822873,0.9711904814541137
822874,0.9561873404965261
822875,0.023086091594566545
822876,0.9967399617089017
822877,0.9617162149171892
822878,0.9997720291008995
822879,0.9864388503723185
822880,0.13374453170898035
822881,0.9883795326075292
822882,0.5617554385022898
822883,0.14761418172771074
822884,0.06423106244311305
822885,0.6374258187010238
822886,0.9998585116012789
822887,0.9460468956802097
822888,0.3947900071380988
822889,0.999553655555451
822890,0.9998132438809193
822891,0.9092186337170067
822892,0.9985863405001695
822893,0.5188179096144004
822894,0.9998055968491897
822895,0.9996809681157673
822896,0.9998551062767704
822897,0.35156980635121426
822898,0.7057229100595844
822899,0.5076488525493517
822900,0.9873167214888828
822901,0.7435179634080014
822902,0.9999115617326163
822903,0.4957698196339688
822904,0.8214891550121447
822905,0.5927973544892232
822906,0.1233392685254181
822907,0.9992620396258803
822908,0.9982158714139263
822909,0.9999393061441287
822910,0.09629708127325648
822911,0.7821141454374375
822912,0.817304407731565
822913,0.6038728111734729
822914,0.5957444070771369
822915,0.6603988929068285
822916,0.8451210341523845
822917,0.7285546145091648
822918,0.07352337157713412
822919,0.9864379370806071
822920,0.9999754601119395
822921,0.9996766141801182
822922,0.2900286506916896
822923,0.9983871019569959
822924,0.9998286313285616
822925,0.038859051224022306
822926,0.2366346565720686
822927,0.7954140501445334
822928,0.9995442804239675
822929,0.9930209939858528
822930,0.9998841723980874
822931,0.999766972850948
822932,0.0031803768561870587
822933,0.5818002531491767
822934,0.7954783036243464
822935,0.9921414870397507
822936,0.1510994224828111
822937,0.9949997054815803
822938,0.9999268293950729
822939,0.6969101482135551
822940,0.998505103446961
822941,0.9832875325212008
822942,0.16860893901805607
822943,0.995762803823971
822944,0.9999232787711134
822945,0.9639912589520858
822946,0.9907722186053878
822947,0.6054124701111498
822948,0.8000983251856033
822949,0.9919953954319201
822950,0.3580439484171187
822951,0.9826324154990246
822952,0.9607877257254238
822953,0.9989108575570069
822954,0.5910392992565807
822955,0.9754838104779826
822956,0.03902527057582023
822957,0.5003335177682334
822958,0.8230730626429164
822959,0.0034714483561843765
822960,0.9996487743099085
822961,0.9982462532794308
822962,0.6210870177391565
822963,0.7170522195281347
822964,0.9998852019994191
822965,0.8605279714034131
822966,0.9833288911059289
822967,0.9999349228582833
822968,0.999198394595326
822969,0.2513177347636363
822970,0.9990668845700192
822971,0.9999075607462333
822972,0.0635193690429621
822973,0.4349508549514175
822974,0.3611963862796518
822975,0.9996879173604055
822976,0.999872212753401
822977,0.4358757426031955
822978,0.9998151153873249
822979,0.9973447680098232
822980,0.8848384327592388
822981,0.993071800942398
822982,0.9995158857712036
822983,0.21596001704194473
822984,0.2580178811671036
822985,0.9999478996549678
822986,0.9999809939553133
822987,0.9999105097002452
822988,0.8968730473082976
822989,0.20461211584080796
822990,0.9999891936699598
822991,0.9998325171408796
822992,0.9918821240939276
822993,0.9880641344344538
822994,0.9983291404336696
822995,0.6918222663877419
822996,0.9986351496573111
822997,0.6583161993436056
822998,0.9485497922388415
822999,0.8533526349391605
823000,0.949346184796998
823001,0.008265142680756886
823002,0.8590529980290645
823003,0.018162902264716056
823004,0.05577067298951867
823005,0.9980313877754899
823006,0.9905192050490829
823007,0.9376323502724788
823008,0.060079972818014055
823009,0.7171188220217699
823010,0.04950414289961953
823011,0.7343341257489674
823012,0.9587931300021002
823013,0.9914878576698213
823014,0.8344729116687419
823015,0.9990672912445876
823016,0.9996514995217344
823017,0.9379238224693849
823018,0.46545815671160307
823019,0.6253570879850581
823020,0.850534108389368
823021,0.9141278463972717
823022,0.25449945150207137
823023,0.9942897021979629
823024,0.986351904539006
823025,0.3312735267243899
823026,0.004612103831471394
823027,0.9999365421026067
823028,0.9996554801439718
823029,0.9999297534366501
823030,0.9895909855092218
823031,0.9938396731540551
823032,0.299900619303505
823033,0.28372599465546405
823034,0.9999045938191691
823035,0.9931694340571171
823036,0.9997138616875327
823037,0.8388393431591592
823038,0.9898301136233127
823039,0.27790091550978013
823040,0.9985785502278397
823041,0.10336022064223892
823042,0.4297929461226614
823043,0.7724744886678901
823044,0.5324213389416412
823045,0.9793295068157336
823046,0.9962007340610901
823047,0.9996276428999775
823048,0.8913796958118678
823049,0.01202527943235215
823050,0.858580891412293
823051,0.319210900644386
823052,0.04630275532011198
823053,0.9995205287455629
823054,0.9968042543635744
823055,0.0927656197835518
823056,0.8269523042024638
823057,0.766619567079704
823058,0.9999691839070881
823059,0.12992144897540034
823060,0.9980718951038908
823061,0.9813572360115519
823062,0.8143599785586452
823063,0.7127029726964083
823064,0.9906548631212998
823065,0.9911718600033282
823066,0.9998973579590089
823067,0.9300614984893093
823068,0.8745922423090675
823069,0.9989863178228714
823070,0.354117088883553
823071,0.9988932010868815
823072,0.9991030970610337
823073,0.06701773969113423
823074,0.7576875572133013
823075,0.9938233028894692
823076,0.9981074677893566
823077,0.9307749348397396
823078,0.7526801249079669
823079,0.9995822666227111
823080,0.9999310384402894
823081,0.35647026809575366
823082,0.9984560203806383
823083,0.8092526835719833
823084,0.9996535658375996
823085,0.24809729871628014
823086,0.09663643616240371
823087,0.9998853054254093
823088,0.999939206351296
823089,0.3624304742866383
823090,0.07129609287505517
823091,0.7796935651686732
823092,0.008790523311777768
823093,0.8559685892395694
823094,0.03393602278669157
823095,0.5796647757892054
823096,0.9827092478922574
823097,0.9976668177041239
823098,0.4066689065966024
823099,0.6986389836262816
823100,0.01638691435998255
823101,0.9788424728440284
823102,0.78736845604116
823103,0.9957495786666444
823104,0.010893641852857457
823105,0.04317003656711378
823106,0.08422851943632365
823107,0.9668943785520434
823108,0.03700352812333333
823109,0.5611685500105684
823110,0.9997707720825807
823111,0.5568774854630266
823112,0.998372106140307
823113,0.999941089775784
823114,0.497189524794422
823115,0.08402636193863587
823116,0.9954051867901879
823117,0.9963925750249333
823118,0.046643311493110594
823119,0.9435070301589861
823120,0.9734822847109659
823121,0.40260651808509773
823122,0.9739202471606243
823123,0.9898188781642608
823124,0.9999665972926906
823125,0.9998483677044722
823126,0.9999221034804914
823127,0.9999228424496498
823128,0.4270948827624443
823129,0.7075792619317964
823130,0.9997380639194299
823131,0.09723601080146252
823132,0.9992128705745833
823133,0.8656733397636676
823134,0.8722092360923666
823135,0.9991137167507835
823136,0.9996650319150563
823137,0.9998314137751492
823138,0.9998840973272924
823139,0.04708153342293709
823140,0.011298070705326653
823141,0.9747306659424597
823142,0.5597632920516135
823143,0.9921055740654425
823144,0.9642796648098302
823145,0.9998221643412997
823146,0.9980677467714174
823147,0.617227340986672
823148,0.99978925189962
823149,0.42717242373280706
823150,0.7694089581611523
823151,0.9999397466423487
823152,0.04579602057675061
823153,0.6881007517468858
823154,0.3877109641802826
823155,0.8997485006360662
823156,0.007825000436024502
823157,0.7096691049679839
823158,0.6805987831406635
823159,0.042692903237285584
823160,0.9959974561265397
823161,0.26525612188719344
823162,0.9937975878044529
823163,0.983064048077346
823164,0.9952233043960073
823165,0.854676418614406
823166,0.9996719835223525
823167,0.9969379189926085
823168,0.7187020206725654
823169,0.5513145026667753
823170,0.8624089316379742
823171,0.9991935434930559
823172,0.9994990396981939
823173,0.9768005653926892
823174,0.9994891069750579
823175,0.9999801695982768
823176,0.9999359666899059
823177,0.9917233998650566
823178,0.9994546719837284
823179,0.012615605370544264
823180,0.7156014697897448
823181,0.08278641310477156
823182,0.7575480056130408
823183,0.9998955534774678
823184,0.9892217112471597
823185,0.9634991628895304
823186,0.1025960725845627
823187,0.99902552318468
823188,0.9993386148282275
823189,0.04802662464422869
823190,0.142333443076794
823191,0.9998135398206871
823192,0.9999627974567631
823193,0.9997382174856605
823194,0.8818101157918596
823195,0.9990167934454116
823196,0.9863007484089394
823197,0.9992750208356393
823198,0.9998071611194792
823199,0.9987392241470843
823200,0.9999105211227304
823201,0.9983608020053949
823202,0.6362363290590447
823203,0.9999249890332784
823204,0.7739583389680693
823205,0.021883481930161753
823206,0.032874290450689264
823207,0.7690641467693995
823208,0.9987533899622861
823209,0.8318355525931389
823210,0.9997899170216374
823211,0.9996313523164988
823212,0.9806909487756685
823213,0.9997437957712605
823214,0.009701539738949517
823215,0.7483985298976756
823216,0.15784689298955645
823217,0.16580386738279632
823218,0.8237268006400171
823219,0.9999542179780978
823220,0.9999652229147691
823221,0.8328627527990209
823222,0.9998817772809901
823223,0.829580767075452
823224,0.03198804975615033
823225,0.10701343537598901
823226,0.011136241262918564
823227,0.09643155449773157
823228,0.9966773819178125
823229,0.979180232243188
823230,0.9997412799614862
823231,0.8827016519978788
823232,0.9923705304842887
823233,0.054099078623113986
823234,0.7571544957733526
823235,0.9841263950924235
823236,0.9777662589012734
823237,0.9998368721555748
823238,0.999005357638419
823239,0.0190516695290177
823240,0.9981825503196405
823241,0.9996083088819909
823242,0.43223093440424143
823243,0.9445876457157141
823244,0.741915974504139
823245,0.986303701651196
823246,0.281446836649029
823247,0.7708303313559953
823248,0.6174516134712821
823249,0.4674591818535522
823250,0.02249645288404892
823251,0.9997543391839515
823252,0.4022543550898913
823253,0.004094601636431218
823254,0.9203954149889335
823255,0.9999751151108556
823256,0.651987068732192
823257,0.16059020195868776
823258,0.57627526999618
823259,0.020813379189209263
823260,0.9996484964416792
823261,0.9915719533959003
823262,0.0029731268800829947
823263,0.9930925287373591
823264,0.9571927181949481
823265,0.04303104971404171
823266,0.06526473922465406
823267,0.9998364618450231
823268,0.6173407772697499
823269,0.9875428768285903
823270,0.9999734519076502
823271,0.02251507739819679
823272,0.9994427739297985
823273,0.6668875316735343
823274,0.9904857139618324
823275,0.7093583117312221
823276,0.9911667990896653
823277,0.9977984691150039
823278,0.08012269801132917
823279,0.3050579958336347
823280,0.24358674277684464
823281,0.9794018172370169
823282,0.9149332951006637
823283,0.9603085406664262
823284,0.9997321883098401
823285,0.6359457048048174
823286,0.9998769922449038
823287,0.01091461738999
823288,0.9946901387583398
823289,0.9046429664807468
823290,0.8946804362558017
823291,0.45763352925464285
823292,0.998205495143734
823293,0.04770141098520459
823294,0.8588370064396256
823295,0.9998254917209034
823296,0.09725120103813037
823297,0.971661451588888
823298,0.09290741540974735
823299,0.6510721245692932
823300,0.9478572918927806
823301,0.8027577561985069
823302,0.9999227864815975
823303,0.999974259845795
823304,0.5490277249400377
823305,0.9966436366371487
823306,0.9979162954411991
823307,0.4602254758577825
823308,0.659830661645704
823309,0.021236220939843037
823310,0.9999586766292843
823311,0.8999465303242762
823312,0.9617310632480767
823313,0.9999516528024184
823314,0.10366474392275206
823315,0.9998180265716519
823316,0.9996003732872301
823317,0.5342148973988396
823318,0.998423401281168
823319,0.9830083733507342
823320,0.9997432225803999
823321,0.5564779824646954
823322,0.9176394132944306
823323,0.9997566209072655
823324,0.9991659596380579
823325,0.6091796131266374
823326,0.9950477889041525
823327,0.06263613224030427
823328,0.7451326810633985
823329,0.4417531282029975
823330,0.9994930641431116
823331,0.5965091131462207
823332,0.23479524306327065
823333,0.9971418433895067
823334,0.929049854363303
823335,0.005915575209956401
823336,0.9987131563796916
823337,0.9216874908163151
823338,0.9999734626856387
823339,0.9995663070252805
823340,0.9996679270175043
823341,0.9949554552124461
823342,0.9631084998912235
823343,0.17410348789039273
823344,0.9914854589155602
823345,0.9995612606871433
823346,0.16471564052489032
823347,0.7922927075913904
823348,0.020506819798950447
823349,0.9915581408645378
823350,0.9939781712846695
823351,0.19876275283806705
823352,0.6563810351341205
823353,0.9999324981654244
823354,0.010342247794011394
823355,0.8323768276720314
823356,0.46104132840829193
823357,0.9886605764663052
823358,0.33523070509285907
823359,0.1737708559865304
823360,0.979854051253482
823361,0.9674574181658834
823362,0.9491822294459102
823363,0.999898120596321
823364,0.7352454073253332
823365,0.9324696790175128
823366,0.996091901117509
823367,0.9983618746343366
823368,0.9983316365890554
823369,0.6580128035134056
823370,0.9976405019512832
823371,0.82654881050087
823372,0.9986521310335036
823373,0.14651476381749806
823374,0.9620836089676919
823375,0.9920843746326116
823376,0.9998658370615983
823377,0.9160675611512028
823378,0.16107969997050114
823379,0.9080221018163811
823380,0.9548351695979522
823381,0.9993957344208346
823382,0.9997199058841428
823383,0.9999437248927459
823384,0.9007640498864895
823385,0.6466982127596398
823386,0.8612599052333679
823387,0.7429083336257216
823388,0.004554366787323306
823389,0.7986624080325037
823390,0.9584156822675295
823391,0.999822797536081
823392,0.9981065556696344
823393,0.9664656806923086
823394,0.4482597680390414
823395,0.9667184888298228
823396,0.9987891737202215
823397,0.8100907992116821
823398,0.5447082162472511
823399,0.8960849579334424
823400,0.10442981368187973
823401,0.823279843370994
823402,0.9992479854897629
823403,0.01694759195428671
823404,0.9999770598445437
823405,0.6344651605213703
823406,0.999591066722193
823407,0.999720325821594
823408,0.9990579967641383
823409,0.9622490299131908
823410,0.5555076574769955
823411,0.9997930875028718
823412,0.034872521247789584
823413,0.9899707739333636
823414,0.26284664169693517
823415,0.9991732952504724
823416,0.9034917478999047
823417,0.04223827147501129
823418,0.999978824967825
823419,0.7875220389722969
823420,0.9966548414436632
823421,0.9995503182182298
823422,0.7978542400088806
823423,0.9953712194488588
823424,0.8713428769502718
823425,0.16818404927592362
823426,0.10805679724905837
823427,0.9999481708051514
823428,0.26149506842280956
823429,0.9428071643084833
823430,0.999719243451864
823431,0.9793083197269572
823432,0.6953760806852629
823433,0.47509302330987724
823434,0.41921859084515023
823435,0.010478920211628707
823436,0.9755325625658774
823437,0.17098287939707674
823438,0.1649190043354204
823439,0.031168820994362974
823440,0.8035705526374859
823441,0.999966178831394
823442,0.9862280712841403
823443,0.7993882740321197
823444,0.9998325300329503
823445,0.9997942180188826
823446,0.4271500421686528
823447,0.9989872900013124
823448,0.9728493908854243
823449,0.13797846325273042
823450,0.48956872453951195
823451,0.9783448621758308
823452,0.9998000964506911
823453,0.9981550590226856
823454,0.9158187895488445
823455,0.8917688940391121
823456,0.20415406228859348
823457,0.8160172023727841
823458,0.34320459301202777
823459,0.7236054242594432
823460,0.09614870611064655
823461,0.8370070164773123
823462,0.9999350653389953
823463,0.9789370009657359
823464,0.8553879274102745
823465,0.9999429565013944
823466,0.9983470655680748
823467,0.9513872986721643
823468,0.9543979672518453
823469,0.3334311603253708
823470,0.9628189270961192
823471,0.9992739316812036
823472,0.9197859123982051
823473,0.38667648483067996
823474,0.9846827576873293
823475,0.8216106370315923
823476,0.5822399358517328
823477,0.46945496620865085
823478,0.9086608306163522
823479,0.6637364434061137
823480,0.9593023245830188
823481,0.9967666720373897
823482,0.8760092446493193
823483,0.01649317694812327
823484,0.9995303748163021
823485,0.10295082375575634
823486,0.8150865632029903
823487,0.9887701161632045
823488,0.9536122805570106
823489,0.999994746494266
823490,0.5811987277436472
823491,0.9997208069694796
823492,0.0057336212202588315
823493,0.9449070629509487
823494,0.9974019867522206
823495,0.9900364290495847
823496,0.5867550060151813
823497,0.9799494512437967
823498,0.9825766067869492
823499,0.9991148674726469
823500,0.4883560854902035
823501,0.7986271824069471
823502,0.9999630255581798
823503,0.9427272435337306
823504,0.999548255786586
823505,0.5065010543780537
823506,0.9999775912915367
823507,0.03687225274690486
823508,0.13489752529903185
823509,0.5746175216207579
823510,0.9971197494464558
823511,0.009684696952498212
823512,0.7476595875809413
823513,0.6773739161586918
823514,0.3278257249558044
823515,0.9878473543061824
823516,0.6022783837930715
823517,0.06089892594610827
823518,0.9986408378729876
823519,0.9997326708185929
823520,0.9982497260051472
823521,0.9998911042370817
823522,0.17111358727606005
823523,0.9999372947130998
823524,0.9935625103642145
823525,0.500090348251556
823526,0.999986946690791
823527,0.9991776766425619
823528,0.19512453674642943
823529,0.957809289935003
823530,0.9360288149932685
823531,0.01856501658488583
823532,0.999949690010667
823533,0.9919995072964218
823534,0.8679629210851072
823535,0.9622358360078409
823536,0.990162283959757
823537,0.010187630749538771
823538,0.683740372159876
823539,0.9040402146238647
823540,0.9999919632310584
823541,0.9999512417070721
823542,0.9640879240956486
823543,0.9942548794487577
823544,0.9288618659559563
823545,0.9602589305114239
823546,0.027923193899483147
823547,0.9912928826702334
823548,0.9289730348936018
823549,0.9293820805726581
823550,0.29885740667086536
823551,0.9881414343695354
823552,0.008713858415522415
823553,0.994012273951661
823554,0.7251241200027929
823555,0.7412023726795508
823556,0.9744980899087126
823557,0.019605052435330787
823558,0.8282860896039571
823559,0.572670987485531
823560,0.9971660925005237
823561,0.9998485277804341
823562,0.9726048698630246
823563,0.9812983663972892
823564,0.018682368038795152
823565,0.003954494404712683
823566,0.2820833940742856
823567,0.3668990599088897
823568,0.7187004716393508
823569,0.9999557560792625
823570,0.9979527401456711
823571,0.9999431697837481
823572,0.9836941551122453
823573,0.8080734269842254
823574,0.42471046494506015
823575,0.9998259175956056
823576,0.9988705151861925
823577,0.9999493626462035
823578,0.45736819046770166
823579,0.48615558187374674
823580,0.5071740516336705
823581,0.9998138180029574
823582,0.9992971035173458
823583,0.7746475790685534
823584,0.10973501130398564
823585,0.9993533625845384
823586,0.9985379889815778
823587,0.5985867330888736
823588,0.9972289724280863
823589,0.9999702879831469
823590,0.08175810719469806
823591,0.9632653828899481
823592,0.0586947519062662
823593,0.9991844533470381
823594,0.9445981868752216
823595,0.8566784676831652
823596,0.9079767577940185
823597,0.9938439609675696
823598,0.9243907201309965
823599,0.8767806667372802
823600,0.10449542330857846
823601,0.27913647562277827
823602,0.9998986951229809
823603,0.8678563502515739
823604,0.9998554410063109
823605,0.9975295573648276
823606,0.9940396359718179
823607,0.9996643884530073
823608,0.9909831543408179
823609,0.9862344629808819
823610,0.9719153680316235
823611,0.33916806520311193
823612,0.8961302371688504
823613,0.6641081809150002
823614,0.8905682272804145
823615,0.9107756299660661
823616,0.38517228223320354
823617,0.999701769411952
823618,0.2117077782433356
823619,0.18961221976484324
823620,0.9474543490442392
823621,0.9962877761749999
823622,0.9697283217527548
823623,0.9998899649473441
823624,0.09097812672199196
823625,0.9997060358343801
823626,0.7206817976066133
823627,0.9996885052278078
823628,0.9956506845547877
823629,0.7298238554254011
823630,0.9974639060874664
823631,0.9929911488092205
823632,0.9995194154407658
823633,0.9840020123130815
823634,0.9681831023868812
823635,0.9965879705696611
823636,0.13825342550347428
823637,0.9699149583357015
823638,0.769133876520857
823639,0.9975700870408657
823640,0.9949009488053702
823641,0.9733030964203125
823642,0.7700958770710494
823643,0.5870719650309222
823644,0.9999364746850576
823645,0.9472070464119791
823646,0.007827295244579823
823647,0.5169732257639217
823648,0.11438926235034316
823649,0.9998712605610416
823650,0.008325791284909045
823651,0.09162192240115885
823652,0.26595964213208384
823653,0.9922367690569812
823654,0.9963885880109165
823655,0.2910159215253034
823656,0.9996603714372839
823657,0.6881083952868924
823658,0.9999685097896979
823659,0.04339793971950978
823660,0.9611073949343809
823661,0.07419834763414003
823662,0.32292453372924856
823663,0.9998462434155003
823664,0.35428283744799477
823665,0.701918881959894
823666,0.9999704966073478
823667,0.3028362550341039
823668,0.21452011343659638
823669,0.08253227789926178
823670,0.9972319993301089
823671,0.9999255563618249
823672,0.9999576773256953
823673,0.9998705017628081
823674,0.49390362452630665
823675,0.2666007083770291
823676,0.017454790296145842
823677,0.998521031426477
823678,0.06045960114778959
823679,0.28634061367340075
823680,0.9982268376794371
823681,0.995115749945986
823682,0.9971159768778883
823683,0.1539898380528739
823684,0.9999133170039127
823685,0.999857356806982
823686,0.49742094056775976
823687,0.9997303237753321
823688,0.9999905701743543
823689,0.9976800590273405
823690,0.9456250155104431
823691,0.7624467584808479
823692,0.6174609535621165
823693,0.9997677799198037
823694,0.9993771936722784
823695,0.3218131331680576
823696,0.5494288049175408
823697,0.7541419417759386
823698,0.9939356909376666
823699,0.02627566945949498
823700,0.13571514716678526
823701,0.11659706103986794
823702,0.9979436689115677
823703,0.13619205631354012
823704,0.999969033999298
823705,0.9997612843699197
823706,0.9326743487089229
823707,0.9999829555637124
823708,0.07415145534323904
823709,0.9935404820402196
823710,0.026896966772670648
823711,0.013438136330933182
823712,0.9578020054083284
823713,0.9999862336215111
823714,0.40876944878354393
823715,0.9997074008067839
823716,0.9967490520454332
823717,0.44566907520280064
823718,0.9998259367686242
823719,0.863601747938107
823720,0.018677066499102144
823721,0.994673906737465
823722,0.6843508013397743
823723,0.9996410533963536
823724,0.9999321724599037
823725,0.7581312004255316
823726,0.96069309909045
823727,0.0465043902008328
823728,0.3409083444834101
823729,0.9840381114975955
823730,0.5038893743396188
823731,0.42755532555720643
823732,0.9390394435011971
823733,0.45189368502550464
823734,0.9701485639425091
823735,0.11102447292851876
823736,0.99920769588675
823737,0.9196323409732565
823738,0.9280320278337013
823739,0.46905914584679054
823740,0.9887549291975039
823741,0.22363170158710927
823742,0.08517341522243535
823743,0.019846053923702096
823744,0.35821753070937135
823745,0.9998560808446989
823746,0.9999365917681835
823747,0.21081013337685234
823748,0.9974290262769002
823749,0.9827926519320619
823750,0.9828470853282316
823751,0.1052610275173115
823752,0.07226260777677135
823753,0.0051833266234729124
823754,0.6467833518107098
823755,0.7122412283250189
823756,0.8870190188937473
823757,0.02939081387291056
823758,0.9810373569474599
823759,0.040011475900518276
823760,0.1754073069144761
823761,0.6157068493212609
823762,0.9933805470064137
823763,0.9908695668326355
823764,0.6075427363449234
823765,0.3040015864403506
823766,0.993850507541091
823767,0.3700198629817705
823768,0.5316015903823335
823769,0.5552268027915127
823770,0.511577201621095
823771,0.3885072366384624
823772,0.9401351259231515
823773,0.9734824702377405
823774,0.9484099008961129
823775,0.5064458033563997
823776,0.07455791566805113
823777,0.9998073430283383
823778,0.6355663147580578
823779,0.030536686858478806
823780,0.9892215626096975
823781,0.997020656229489
823782,0.9929334115501537
823783,0.9980223236599157
823784,0.9998967311489602
823785,0.9997944110727928
823786,0.9305601570707491
823787,0.5205628791582217
823788,0.18791266862655445
823789,0.9310553987972366
823790,0.7272754306679086
823791,0.020550769878802437
823792,0.99631598919219
823793,0.9904254675848889
823794,0.9996324562047889
823795,0.9999866388838934
823796,0.9958838413406117
823797,0.013290823582613014
823798,0.8022200270093753
823799,0.9986275641312283
823800,0.9982950803415516
823801,0.9996910049020719
823802,0.6940064068303642
823803,0.9672248445610986
823804,0.9731750983852883
823805,0.6530385445591209
823806,0.9886788710258065
823807,0.35452930892485157
823808,0.9782055796699067
823809,0.9992040487494918
823810,0.5551517671143754
823811,0.9930613079791675
823812,0.9996055309838068
823813,0.030442992985907268
823814,0.8160380821798291
823815,0.9957501564948386
823816,0.995290732197936
823817,0.9995269094125341
823818,0.6024666220613375
823819,0.11686287961080091
823820,0.5532223700372506
823821,0.28790211145284994
823822,0.21095200533513422
823823,0.9998446492503728
823824,0.9997318455975803
823825,0.2969209316632175
823826,0.7319549020082531
823827,0.6622032507086113
823828,0.5119082710239105
823829,0.04297567598140089
823830,0.2343876173648757
823831,0.6277723807469028
823832,0.9878664596244832
823833,0.28259291728627356
823834,0.7627593324763102
823835,0.9558625069308333
823836,0.996948523042676
823837,0.7385382939302552
823838,0.999722585368071
823839,0.9901402328934713
823840,0.43746229689034155
823841,0.9999696031910479
823842,0.9985913408994788
823843,0.1109309001556118
823844,0.10736361066097122
823845,0.9798884665551597
823846,0.027036866276625517
823847,0.35742245432982117
823848,0.9995313597351612
823849,0.005494532826971628
823850,0.9999026442771247
823851,0.22378836869896743
823852,0.9998122001377338
823853,0.9877372034679263
823854,0.999774386572138
823855,0.9999556075437508
823856,0.9998827792198596
823857,0.9276103757786737
823858,0.550093373241634
823859,0.9824441224112898
823860,0.9998931814849793
823861,0.17547818961807218
823862,0.6218659533018281
823863,0.9995663916193278
823864,0.966535624243836
823865,0.9224264395515464
823866,0.8414601552760873
823867,0.23430563844874555
823868,0.9999600975214649
823869,0.996724839591052
823870,0.990089801616483
823871,0.9970715110373554
823872,0.9999656864300343
823873,0.21604186468949738
823874,0.7959228303393804
823875,0.9971638300782922
823876,0.9988096856533715
823877,0.9998421589665218
823878,0.9928256735121525
823879,0.9978314996447273
823880,0.3225842497071515
823881,0.9986102764154665
823882,0.9973047203319304
823883,0.3233344438658911
823884,0.9996123870086601
823885,0.41983658749428526
823886,0.8032435295778148
823887,0.9999135639897557
823888,0.2918184672784061
823889,0.9995855544833309
823890,0.31338706065874805
823891,0.7497991025329022
823892,0.7500172826717568
823893,0.5367252595838676
823894,0.9989604535474077
823895,0.9996172641371459
823896,0.9999746420824248
823897,0.9724038827873742
823898,0.9876469385118889
823899,0.788111462068725
823900,0.517715247251902
823901,0.9997874711407289
823902,0.44437443912745733
823903,0.9966961122666158
823904,0.9996025714011959
823905,0.23990875024450942
823906,0.4958912994735145
823907,0.6396588929850562
823908,0.3330960209607682
823909,0.8713011407855833
823910,0.9999834107155855
823911,0.32417832264565793
823912,0.5504901910261657
823913,0.999717813490056
823914,0.28462707488556205
823915,0.0841365400593177
823916,0.8561728418770451
823917,0.9528291579799353
823918,0.5168010878408775
823919,0.08577036994105414
823920,0.4255938913845396
823921,0.998910468729773
823922,0.9986610303849593
823923,0.9970574867239769
823924,0.4952126081727739
823925,0.8086840918094568
823926,0.9968493883140246
823927,0.481748610497421
823928,0.9985089654965257
823929,0.9999495262871472
823930,0.991404362753798
823931,0.9995706430205017
823932,0.9998503106146946
823933,0.03535155984260385
823934,0.9997815456401804
823935,0.9997461624052517
823936,0.12116725290465535
823937,0.8940895215741217
823938,0.9901681627976308
823939,0.9998633253899384
823940,0.9307462495040082
823941,0.8944676086084045
823942,0.014516086517995507
823943,0.9899845746279763
823944,0.02869029117164048
823945,0.9623663143771457
823946,0.25528118446860304
823947,0.39849109179894593
823948,0.9976841053499346
823949,0.9946625915485088
823950,0.7284299863827346
823951,0.999874417990795
823952,0.13365373119374968
823953,0.899112516061157
823954,0.39943576170144823
823955,0.9999811272547654
823956,0.7138485378486557
823957,0.8184621172599452
823958,0.9998116171611442
823959,0.8707408568874715
823960,0.6069401366939489
823961,0.7318893243000506
823962,0.3646550738943476
823963,0.8732836235018744
823964,0.9948476196933485
823965,0.9946451977811035
823966,0.30356585348697174
823967,0.11575499530836031
823968,0.8774865568187916
823969,0.8047650947746787
823970,0.9999829637454265
823971,0.9984524449592032
823972,0.011281972429018539
823973,0.8641103486290492
823974,0.9977465461707186
823975,0.9670442887178914
823976,0.991093198199315
823977,0.9999139595386382
823978,0.12123351418689306
823979,0.629832098786095
823980,0.16996274451524312
823981,0.8361719955997278
823982,0.9916726330552523
823983,0.39515116105749654
823984,0.9998900510476898
823985,0.9402942464528351
823986,0.9978240812360593
823987,0.243772167577261
823988,0.9996248199624838
823989,0.9999123685014686
823990,0.771366243743021
823991,0.4442776340170512
823992,0.9368419767619746
823993,0.9899679322162903
823994,0.9998915381987032
823995,0.21842455734229838
823996,0.36957252966925347
823997,0.8355137587738342
823998,0.9290470672862153
823999,0.9400234087332524
824000,0.5146666087225855
824001,0.5915410971368686
824002,0.9574402041262217
824003,0.37613582652628125
824004,0.9905909688058467
824005,0.7869376861462511
824006,0.69490761132697
824007,0.885766328695879
824008,0.026766150908858942
824009,0.08518054974891778
824010,0.892197856178726
824011,0.18798437887967356
824012,0.9995380912653187
824013,0.9604083875004389
824014,0.8333494330052579
824015,0.9982462131041808
824016,0.08096814198365261
824017,0.974714776711455
824018,0.7571589464436355
824019,0.9924612026036219
824020,0.998806767607241
824021,0.999625483719753
824022,0.7171598427088773
824023,0.9999329690704235
824024,0.9999553061993502
824025,0.32933407486968
824026,0.7364754831384686
824027,0.9999770818786304
824028,0.7429546629384747
824029,0.3639805484733061
824030,0.7499222471300617
824031,0.9923970559640716
824032,0.999632589105414
824033,0.999938395240286
824034,0.15227471509871998
824035,0.03589825288546282
824036,0.9999713122834314
824037,0.06715576956498456
824038,0.03936462654666941
824039,0.9192773342965789
824040,0.5159924947729598
824041,0.553899185107702
824042,0.08656534241401667
824043,0.9964815199906367
824044,0.4090548683868209
824045,0.9998569346374544
824046,0.14538969224493786
824047,0.04506070903958805
824048,0.9927122423285213
824049,0.9996258649414203
824050,0.997632081473538
824051,0.974794602670296
824052,0.9998119139100305
824053,0.9954746595237772
824054,0.035083031980512165
824055,0.999758117739619
824056,0.9999323438448904
824057,0.9633065101325351
824058,0.9999355904346534
824059,0.9984694289660466
824060,0.9997960150640315
824061,0.9170617714482436
824062,0.5786133105400377
824063,0.09889215274831101
824064,0.9996724034977088
824065,0.9994874670966962
824066,0.9999008577464723
824067,0.8970465261964353
824068,0.999918164501862
824069,0.9832310444602388
824070,0.9998110613872739
824071,0.9999795464989606
824072,0.9980623201107097
824073,0.10375693683221851
824074,0.9990204959220311
824075,0.5401346748157196
824076,0.9822692657464487
824077,0.9999015319638958
824078,0.9999457406083854
824079,0.006002250210106711
824080,0.68787926787402
824081,0.5063341266777013
824082,0.7816167266971132
824083,0.9725602507907205
824084,0.01030563663562426
824085,0.9089871410020688
824086,0.9999512631585528
824087,0.9853163368864493
824088,0.9999050490441577
824089,0.03529301174237556
824090,0.9916500516995312
824091,0.9981446346240679
824092,0.6697827952759327
824093,0.9999204657517091
824094,0.9990031487768942
824095,0.9517361036978812
824096,0.9992040499426554
824097,0.556285843557043
824098,0.9983198903175245
824099,0.3101940228174779
824100,0.18686655769011612
824101,0.9999106046338712
824102,0.9991999555636102
824103,0.999511657199975
824104,0.9996385873072449
824105,0.9997844074300579
824106,0.015098678067418592
824107,0.9866160640014494
824108,0.1391855532931316
824109,0.9996206186717331
824110,0.003996278304821315
824111,0.009399060738851378
824112,0.7584727563926214
824113,0.6886405295821383
824114,0.566598475096615
824115,0.5896678275964534
824116,0.01617947171278901
824117,0.8858227471883451
824118,0.9985502880958246
824119,0.9998292815320908
824120,0.9901757627345387
824121,0.7605642593230464
824122,0.9992975927674481
824123,0.9333067812646848
824124,0.1567441003327943
824125,0.9999835290630064
824126,0.027298005693346106
824127,0.05395080450530477
824128,0.9933371659153934
824129,0.999559665255943
824130,0.023139385317930184
824131,0.9875523834917959
824132,0.330029854483516
824133,0.8597689050581719
824134,0.9996529031569275
824135,0.9947191545425769
824136,0.36006493534511347
824137,0.07558048927787306
824138,0.9978385178334664
824139,0.9853782170242472
824140,0.9952414835148096
824141,0.986327399036236
824142,0.04512301827100991
824143,0.33989114259691683
824144,0.951058795984727
824145,0.9089815505216116
824146,0.06281348915707427
824147,0.7050778980928816
824148,0.5382860767265751
824149,0.8728788542125074
824150,0.9990405844125312
824151,0.9994076410436635
824152,0.9978432570540896
824153,0.22443164223830941
824154,0.25570641739561195
824155,0.9999596356071289
824156,0.9982723458508658
824157,0.9846121299837473
824158,0.9994036567302493
824159,0.9701956318920648
824160,0.6508522385333774
824161,0.9249696519324851
824162,0.8324338391902024
824163,0.18883775173310086
824164,0.9988746669753261
824165,0.9943422212737504
824166,0.9738051346245219
824167,0.9999712676491185
824168,0.9996424412975562
824169,0.9992932791186477
824170,0.9712865897153005
824171,0.1305265782508826
824172,0.013178415931395982
824173,0.11435678160609729
824174,0.8791657538797533
824175,0.985814592731856
824176,0.009486328997253437
824177,0.993209549379173
824178,0.957934569914259
824179,0.9941295967189632
824180,0.8318124904575255
824181,0.07747298383433988
824182,0.9433659873720261
824183,0.286173135147819
824184,0.9999165796634144
824185,0.006072265688806134
824186,0.9858678527285648
824187,0.06851987301617114
824188,0.031064777263972852
824189,0.9631664550188479
824190,0.9993299632857634
824191,0.9943991512998465
824192,0.054952675339992554
824193,0.8129860948263188
824194,0.9998809966010946
824195,0.03555920985441058
824196,0.9999283564909576
824197,0.2331192665803204
824198,0.007596107179509588
824199,0.9813722489404537
824200,0.9955843832408552
824201,0.982303965391393
824202,0.9872859800466205
824203,0.9899191720980498
824204,0.35574238732941194
824205,0.8226768357949579
824206,0.9993627395972515
824207,0.9763256047918252
824208,0.998264211303497
824209,0.9995780707514974
824210,0.9997911417875633
824211,0.999128045399843
824212,0.6141993388858847
824213,0.9422386531402938
824214,0.8470965308244077
824215,0.9994562525812214
824216,0.8121290176703178
824217,0.9995647479620712
824218,0.02612083838162047
824219,0.07622874701278971
824220,0.7400825295620774
824221,0.9729035240588028
824222,0.908727195842249
824223,0.17837441200956222
824224,0.41033736162555656
824225,0.8799530662622002
824226,0.8079005043243654
824227,0.9954777692925869
824228,0.9988478211789764
824229,0.6249803989956815
824230,0.22979629788061678
824231,0.9824499653711898
824232,0.9107362013181886
824233,0.9964322697400109
824234,0.19060218812666982
824235,0.5056992549198022
824236,0.01369721932141313
824237,0.9999081301812874
824238,0.999820422006523
824239,0.9120132765696038
824240,0.07593923544697073
824241,0.3868719753660253
824242,0.9996660809065275
824243,0.5866323756301559
824244,0.09715601117067676
824245,0.9999336032034973
824246,0.9997293657945499
824247,0.0361114491994277
824248,0.9993514569518668
824249,0.9995895983655697
824250,0.9787307546834844
824251,0.025384384091940184
824252,0.04760671458492591
824253,0.9998776738183386
824254,0.3111159893608145
824255,0.9992613789138349
824256,0.9969578213418719
824257,0.9999000817810502
824258,0.6648162758391643
824259,0.6565432010843282
824260,0.9991278381595724
824261,0.3107520108652072
824262,0.06820231849520207
824263,0.5924997501353929
824264,0.02542515480213539
824265,0.9997532500399036
824266,0.9996378991454884
824267,0.9996042807625095
824268,0.8900750615740547
824269,0.9996739970972084
824270,0.9998785179608396
824271,0.9889332146131381
824272,0.9834396407710793
824273,0.9999253331280201
824274,0.036060591176944976
824275,0.3274240425808793
824276,0.9992210074969576
824277,0.30828641186481565
824278,0.7901898631676427
824279,0.22037519339927983
824280,0.8126180621234871
824281,0.9957578385195169
824282,0.9997550401106988
824283,0.7724503967661588
824284,0.9996739797230494
824285,0.025696851912230364
824286,0.9995926106314619
824287,0.9482935177932296
824288,0.9194545849349451
824289,0.35223571496832906
824290,0.8560765339875338
824291,0.09236222814807213
824292,0.9994071739808441
824293,0.330650103233677
824294,0.05510163741130452
824295,0.7276575329912192
824296,0.9997137815708119
824297,0.9873449161775156
824298,0.6188141717395454
824299,0.4856944847224029
824300,0.9997732639065875
824301,0.9997261090390317
824302,0.9598232974470873
824303,0.9634788331955633
824304,0.9950775339636524
824305,0.9063194342260941
824306,0.9899459263600314
824307,0.9999208335240812
824308,0.9571219284122312
824309,0.0023424473587560658
824310,0.18404535404279354
824311,0.9989917304951788
824312,0.47667720075237885
824313,0.965872609684447
824314,0.9996799969434034
824315,0.7007645112459135
824316,0.9997403113721569
824317,0.9998731488995085
824318,0.999770738982966
824319,0.9967763110460244
824320,0.047671458165007424
824321,0.997347002262357
824322,0.9998318890219935
824323,0.9535865717455698
824324,0.999895513169217
824325,0.730860804021247
824326,0.9997958673579379
824327,0.7784130561998897
824328,0.9999171162493419
824329,0.9998830717207656
824330,0.9999378584063954
824331,0.946590804801004
824332,0.9996284652012888
824333,0.028289143315153226
824334,0.9996794869601516
824335,0.008633761934919486
824336,0.9999822396190978
824337,0.990812339721433
824338,0.862359411829572
824339,0.715039435325931
824340,0.12999069348469552
824341,0.7757814318008421
824342,0.9997592501181387
824343,0.9542820230788874
824344,0.9990563720241645
824345,0.7557398711997445
824346,0.4782291471997302
824347,0.8105224579051209
824348,0.16426109560073027
824349,0.9998292003659915
824350,0.9954037862867042
824351,0.5841013086234097
824352,0.009237792047063209
824353,0.921709498225335
824354,0.9998728749461145
824355,0.9996009646212578
824356,0.7295274083909535
824357,0.29875285973727533
824358,0.9950199991978169
824359,0.9995088957884807
824360,0.9991817080451837
824361,0.009780580977552678
824362,0.7007567131293363
824363,0.9999132700520073
824364,0.9980267387527794
824365,0.8638766536755405
824366,0.9957128346554595
824367,0.9989366828740451
824368,0.999904116715473
824369,0.5752122812502775
824370,0.32997851460029093
824371,0.9973751643755661
824372,0.05638039191180075
824373,0.6144344229567985
824374,0.9967065130320079
824375,0.8811435947231498
824376,0.8796596916444406
824377,0.9992305529185519
824378,0.9998504818031151
824379,0.999802361498247
824380,0.9999221867186183
824381,0.3717474445525436
824382,0.023849537035947693
824383,0.008876107183150937
824384,0.9892465507434043
824385,0.798174440155117
824386,0.5830448629664473
824387,0.9236189834663099
824388,0.9976971289830154
824389,0.9999771442948722
824390,0.9997847191101137
824391,0.9997515955361738
824392,0.9998778648665911
824393,0.999737405243292
824394,0.46698567575905814
824395,0.6490864514027883
824396,0.7648622618653728
824397,0.9991529308516697
824398,0.5435705347415227
824399,0.12206906299104112
824400,0.06017509122955665
824401,0.9997410983866523
824402,0.9999931701214164
824403,0.9704902162871035
824404,0.9975771409411434
824405,0.9998541202297975
824406,0.9997564438914222
824407,0.9998621000467733
824408,0.9996814345740148
824409,0.8022960769424884
824410,0.9830196392339572
824411,0.7813413294778077
824412,0.5421160076026329
824413,0.09607742293903206
824414,0.2544422709720023
824415,0.9911183971301326
824416,0.3638703330139349
824417,0.657791203849723
824418,0.998760374275006
824419,0.999618286896924
824420,0.9175646366310799
824421,0.9995734451878502
824422,0.03922979265260652
824423,0.9882842906071697
824424,0.7441570342452278
824425,0.9995655908585501
824426,0.9999565254491711
824427,0.6269245489771449
824428,0.0646119882453157
824429,0.9984501883318029
824430,0.1675995892916498
824431,0.9173016278033024
824432,0.7676170307104146
824433,0.8940296607884719
824434,0.09138615759810315
824435,0.9849416735346859
824436,0.9822574538596716
824437,0.5390945961673265
824438,0.9983069314703484
824439,0.9993504961183706
824440,0.9929879648944793
824441,0.998457472812496
824442,0.22752195104479522
824443,0.710723515699178
824444,0.01311751600879819
824445,0.8855030307420726
824446,0.9997612577735006
824447,0.9907733032499795
824448,0.9999571023431642
824449,0.16967083102570563
824450,0.09537121847445854
824451,0.11926572401653279
824452,0.6561321168329299
824453,0.9985372529234993
824454,0.9989012914730622
824455,0.9807144607768649
824456,0.9998043657799892
824457,0.9205962098418232
824458,0.9997000538855478
824459,0.9561621932860807
824460,0.9063864491746729
824461,0.9613857507608463
824462,0.9790686465222571
824463,0.22956752446973547
824464,0.9999908134171603
824465,0.9921383555532843
824466,0.7291288506006198
824467,0.41297316745509605
824468,0.23310105966237538
824469,0.9999718056708402
824470,0.9940202443804038
824471,0.044837112570418544
824472,0.9763545179178961
824473,0.979423209189022
824474,0.9999732728432162
824475,0.9782089591483025
824476,0.9996418637430143
824477,0.5581012768658917
824478,0.01104594719045687
824479,0.9908969044542755
824480,0.6359923147532085
824481,0.4236362765954632
824482,0.17078964438650743
824483,0.4118565437753764
824484,0.9979831410563142
824485,0.41446368775945763
824486,0.026610353870941267
824487,0.6192170661741664
824488,0.22950010185899117
824489,0.4049603709377277
824490,0.9899422666654991
824491,0.5330821671071445
824492,0.996360225256147
824493,0.028506541397433444
824494,0.4303864325698335
824495,0.8256910102105177
824496,0.9998974210529519
824497,0.7851703823509484
824498,0.9952656631959925
824499,0.9988038659648797
824500,0.9999168037128032
824501,0.8915929931647681
824502,0.5902246909689083
824503,0.26874490573602905
824504,0.9983701092175965
824505,0.9976069988315044
824506,0.560270623836998
824507,0.9998331116086578
824508,0.40818882855933564
824509,0.04381308697650298
824510,0.5576841856586018
824511,0.9998594881626289
824512,0.9328674638207916
824513,0.04823444606153103
824514,0.9995422787141166
824515,0.8800431041962322
824516,0.9999213914613796
824517,0.9653754620997194
824518,0.7679597124304536
824519,0.252552313470107
824520,0.3165144596657056
824521,0.9223044195044218
824522,0.8585562746166321
824523,0.3261031749721378
824524,0.9156533282095316
824525,0.01449802301982521
824526,0.999829662990486
824527,0.9973971078681096
824528,0.5095829853704418
824529,0.9998286584469774
824530,0.9992348243755836
824531,0.9895447197353875
824532,0.13727061912428437
824533,0.7271702466971071
824534,0.9596841658786068
824535,0.94208751586801
824536,0.11014769575926464
824537,0.42087429104186425
824538,0.999640627899451
824539,0.0057329665501449365
824540,0.15228440135912655
824541,0.9937217019673937
824542,0.3110404027357867
824543,0.4754750849021823
824544,0.7111414447111107
824545,0.873012067776828
824546,0.517490951984531
824547,0.9970131938727328
824548,0.9848768457277162
824549,0.8373339892779108
824550,0.9999293370407945
824551,0.9986910277791965
824552,0.8108958588800061
824553,0.05284581803185695
824554,0.9997939185668163
824555,0.9984617212447124
824556,0.9996082508075141
824557,0.9995049737198656
824558,0.9987012999725431
824559,0.0644345891283432
824560,0.269019113907801
824561,0.6136226904327959
824562,0.9557572492902194
824563,0.5831501075568655
824564,0.08686545609608277
824565,0.9999406434154827
824566,0.9987492613777316
824567,0.5839721452233672
824568,0.9996790622287405
824569,0.9700706162720987
824570,0.9999710772446215
824571,0.02074517594994639
824572,0.8132505119010257
824573,0.9353772144516822
824574,0.9996676327563149
824575,0.08702313691019276
824576,0.26735496013495685
824577,0.24193305134160623
824578,0.15321252520095938
824579,0.9765404589548751
824580,0.9978294932764271
824581,0.9992417694834913
824582,0.4577806676207198
824583,0.9995682992741044
824584,0.6653942823127129
824585,0.9982874946797251
824586,0.9967276281795241
824587,0.9997384089887802
824588,0.8473659470502486
824589,0.7361143404853712
824590,0.9572777466683677
824591,0.0648480355904624
824592,0.7198617724076914
824593,0.9999657680105944
824594,0.7598135193367443
824595,0.9994013041983463
824596,0.94791167859402
824597,0.05017015531447841
824598,0.9287408274714658
824599,0.5190114452996197
824600,0.9996106333997522
824601,0.9990494348093896
824602,0.8901139698141524
824603,0.9534851888534703
824604,0.9999634810304721
824605,0.9983547288933616
824606,0.9970835107961125
824607,0.9996715589362778
824608,0.8992732903734231
824609,0.922595146636614
824610,0.9379681590296376
824611,0.7813915046965565
824612,0.8187906500880828
824613,0.9480289188360023
824614,0.3299839143931824
824615,0.9341246374167671
824616,0.9979119125430651
824617,0.9995718783867338
824618,0.9994129210740781
824619,0.036872057670731186
824620,0.7123062744036639
824621,0.9993840034269064
824622,0.9359608746842663
824623,0.17572290634970145
824624,0.8860334990713248
824625,0.9732865765547749
824626,0.9982101357022259
824627,0.9991398208380011
824628,0.9836489445238783
824629,0.6798125828842042
824630,0.8357441690807615
824631,0.3482054159771063
824632,0.5117971046155533
824633,0.6698307527155669
824634,0.9625953637982375
824635,0.32191077221930164
824636,0.9871469214424882
824637,0.6447644719688272
824638,0.9997680988402448
824639,0.9807936045483616
824640,0.44624044117714134
824641,0.9998915799007675
824642,0.42503468999741145
824643,0.9992987813482138
824644,0.4658155905259732
824645,0.08643644541467971
824646,0.999660966221995
824647,0.9999678982756259
824648,0.19145206755587407
824649,0.9985943246016307
824650,0.9871377264083088
824651,0.27577816374722414
824652,0.7110978532440603
824653,0.07852385456048945
824654,0.5284337433225502
824655,0.7448808796087656
824656,0.41316301375013076
824657,0.9996029899556493
824658,0.9997566097069185
824659,0.9999750849834541
824660,0.9984233780908797
824661,0.9997674543826458
824662,0.9310518499094336
824663,0.18399973715737045
824664,0.18541597064363052
824665,0.9999837437045589
824666,0.9985352435940111
824667,0.19132954584873427
824668,0.01416839725193092
824669,0.1270272506712023
824670,0.938843440890732
824671,0.9999033237657836
824672,0.7634595269197203
824673,0.9974548606616573
824674,0.0014280506943520994
824675,0.9638286939958405
824676,0.9845408157802742
824677,0.7370871504605129
824678,0.994649645866923
824679,0.9974143335500487
824680,0.9541261621625319
824681,0.09843599117731507
824682,0.8847484210398651
824683,0.9996615977647662
824684,0.06409256350260238
824685,0.04184060032442498
824686,0.9985186240089863
824687,0.8330001148913635
824688,0.17018199506992554
824689,0.9993908160351463
824690,0.9153077365368512
824691,0.9958695582747183
824692,0.9987285825662575
824693,0.9999898146770717
824694,0.9957453767619181
824695,0.291362599830407
824696,0.9999292397811932
824697,0.9997390829931255
824698,0.8708432596207536
824699,0.42124958556627556
824700,0.12163890094189743
824701,0.9268306490001859
824702,0.0926768041807313
824703,0.18725420691997297
824704,0.6815414347236464
824705,0.07638664722934763
824706,0.6053905636145599
824707,0.9976948880739767
824708,0.9994779220820604
824709,0.9658541491678876
824710,0.9612809118332951
824711,0.1172698514442218
824712,0.3584715676161301
824713,0.11044512990835094
824714,0.5497120064255444
824715,0.9983674460512738
824716,0.28250563645244414
824717,0.9927786159833232
824718,0.47123603749209486
824719,0.9915170447353496
824720,0.999883287458474
824721,0.1498160395467584
824722,0.5453450922215285
824723,0.4065272738687667
824724,0.47563245930763737
824725,0.7487825936261705
824726,0.8137718862264239
824727,0.9994603012040999
824728,0.7925217525794053
824729,0.9915025944348157
824730,0.004321714147843657
824731,0.02020740424649876
824732,0.17926738456466917
824733,0.4035114798656955
824734,0.718564702604575
824735,0.9838762095758754
824736,0.037447555971218974
824737,0.9994855823102722
824738,0.999864008560543
824739,0.04845087711915799
824740,0.603981070800038
824741,0.9999440515906348
824742,0.9961188060412552
824743,0.8559976201452056
824744,0.8113452689110188
824745,0.9998680607569477
824746,0.18167104026311462
824747,0.9998057934298535
824748,0.9238540758127093
824749,0.6055025734733295
824750,0.9999088276586956
824751,0.9999537492230479
824752,0.9983764809031115
824753,0.9952607338300433
824754,0.2866196005864718
824755,0.28697612649040044
824756,0.9996500208612322
824757,0.9670410195584509
824758,0.999913515158972
824759,0.9039176082174842
824760,0.6391970354071286
824761,0.20228337009914224
824762,0.8415429817286245
824763,0.9620415413696444
824764,0.5200307597729342
824765,0.03626464223427978
824766,0.9868049067561933
824767,0.999976647203382
824768,0.5661109389992146
824769,0.9995371964819852
824770,0.96268958689286
824771,0.6256131366180562
824772,0.9995217375628229
824773,0.999959939940335
824774,0.538291995026527
824775,0.988795193892387
824776,0.997840777197705
824777,0.9973618056715512
824778,0.9994825697222472
824779,0.9987782886350205
824780,0.7753870857300387
824781,0.3804661896147364
824782,0.9998275214404557
824783,0.9218333615830614
824784,0.8521662667846759
824785,0.3478477257608424
824786,0.9944372753554939
824787,0.14749440201906464
824788,0.040581921957776226
824789,0.9997275170116258
824790,0.9999270924918268
824791,0.30290676665762895
824792,0.4727803326878776
824793,0.3360705275627849
824794,0.3986802431451725
824795,0.10590958413551074
824796,0.8611068413452279
824797,0.17758747178470086
824798,0.9536941327946803
824799,0.5562301833914581
824800,0.9949094405895811
824801,0.9996119702133268
824802,0.5887242369370042
824803,0.9993648490649906
824804,0.9999146722667849
824805,0.9998963133072378
824806,0.8273262861795929
824807,0.6737809750047754
824808,0.7822534848862729
824809,0.922091735425746
824810,0.9791288655315437
824811,0.9997160411288184
824812,0.999879944010609
824813,0.0037033085134196677
824814,0.9887126915846249
824815,0.9999453379183818
824816,0.38735210488290805
824817,0.004541730754942098
824818,0.016223536200745875
824819,0.9997135881950133
824820,0.8171137673424118
824821,0.9977979247636146
824822,0.4009688506780411
824823,0.9870303841041593
824824,0.99960935327409
824825,0.7479377316622597
824826,0.9999294363214593
824827,0.7974463477131393
824828,0.8396270641778217
824829,0.3087049833753436
824830,0.9953121544418129
824831,0.22043630496372763
824832,0.4555523560875053
824833,0.1306840894598943
824834,0.5816209366562453
824835,0.019584686468954154
824836,0.9996045233665578
824837,0.9996842694032829
824838,0.43094809234951037
824839,0.9588281186810631
824840,0.8255657721447556
824841,0.6423740193781746
824842,0.029695823788760248
824843,0.9996437705140434
824844,0.27064860094240417
824845,0.6411795224815935
824846,0.5981838460259024
824847,0.9770285675793975
824848,0.38284935879306126
824849,0.999391721999968
824850,0.013060954415053885
824851,0.9999739024374583
824852,0.9637767972221236
824853,0.27775565800465196
824854,0.028633506626193867
824855,0.764363501738967
824856,0.9999667306192447
824857,0.7436227513215901
824858,0.7127581326378976
824859,0.9925607184183917
824860,0.992167834965615
824861,0.14577072358939364
824862,0.9957090409023854
824863,0.9997086731300916
824864,0.9998274584562569
824865,0.9947481356474626
824866,0.9960464303929152
824867,0.9945887596424916
824868,0.9998703902851821
824869,0.8007070685003853
824870,0.9525797713100421
824871,0.9959123593786311
824872,0.044938958009657706
824873,0.22877699779417227
824874,0.9996312841202122
824875,0.2146102000551075
824876,0.02346698511998402
824877,0.003558331053238383
824878,0.9998724563559569
824879,0.350762475160903
824880,0.3140249671227747
824881,0.7048399068685964
824882,0.7495204465876153
824883,0.9998715918923645
824884,0.9999960283177143
824885,0.9904907313207099
824886,0.1530146535222473
824887,0.9949767987786143
824888,0.8762158154995274
824889,0.8825743304051634
824890,0.5506885577442189
824891,0.9921978309768298
824892,0.9998758518470847
824893,0.17729581864225402
824894,0.866834277529313
824895,0.769500408538076
824896,0.9999210495018065
824897,0.9995120488766134
824898,0.8543770799784207
824899,0.8813400318421667
824900,0.9974142068890044
824901,0.9993869463672211
824902,0.77148432785594
824903,0.5766288230218761
824904,0.9963737278400817
824905,0.9934535791274175
824906,0.6633688302121264
824907,0.9984555830185624
824908,0.19105810629646094
824909,0.9975747667518124
824910,0.15446557545313802
824911,0.9973121620983626
824912,0.05699066840847805
824913,0.7927204022473708
824914,0.21405771032393262
824915,0.7879896706101
824916,0.9998277802970308
824917,0.9345454789659816
824918,0.9729651596266737
824919,0.5561521698811946
824920,0.9942184629216392
824921,0.9998907961679201
824922,0.30054642200775394
824923,0.820319212100841
824924,0.5386246410417125
824925,0.9815209227547241
824926,0.0042286974287101785
824927,0.05432850087236098
824928,0.7055541896424004
824929,0.9991854593771364
824930,0.9998473394841202
824931,0.998943659864381
824932,0.9998443963614653
824933,0.9866994989367661
824934,0.20887205217709465
824935,0.9806129600191523
824936,0.07355858760944317
824937,0.017642821302367478
824938,0.6796767344648202
824939,0.9993136499194514
824940,0.47639986883688823
824941,0.999863559741317
824942,0.5804286930015141
824943,0.6194231939710787
824944,0.8405379023132165
824945,0.013384683995260396
824946,0.5976976057212593
824947,0.9558502597354308
824948,0.5001807253709841
824949,0.8139743746186486
824950,0.9989118801917809
824951,0.9917345407357888
824952,0.8878302653476828
824953,0.9998172784202132
824954,0.9997852167711792
824955,0.9991931723693829
824956,0.8739986352044599
824957,0.99969782761059
824958,0.6148744729674256
824959,0.9995700310904075
824960,0.4237778186240954
824961,0.9765503503721353
824962,0.9996702545821934
824963,0.9981258577627695
824964,0.5280858602916368
824965,0.9995975777917946
824966,0.033231405685860464
824967,0.0022639471385964252
824968,0.9998502091486784
824969,0.4711563535311717
824970,0.297742261653704
824971,0.908359070655986
824972,0.8756417916346078
824973,0.9996640093295808
824974,0.99959895237467
824975,0.9600237006340739
824976,0.999981586091746
824977,0.7661799062929422
824978,0.9997831356346482
824979,0.9684641569948249
824980,0.22387954547876798
824981,0.8637082730187845
824982,0.9930005372920538
824983,0.9980446236977241
824984,0.094246511575521
824985,0.16379296484753283
824986,0.9679267210553719
824987,0.33964437294929833
824988,0.9893624205368703
824989,0.3219481027210221
824990,0.9973099110013111
824991,0.06036304697222367
824992,0.09262067328116802
824993,0.9999406411444363
824994,0.9924814181938739
824995,0.24908878838383153
824996,0.1657761973587081
824997,0.006116520969177719
824998,0.999878429087426
824999,0.9995656962178006
825000,0.028676683386305368
825001,0.9902810654880673
825002,0.8399574890312973
825003,0.9999461532287035
825004,0.786367650548152
825005,0.9980847442906666
825006,0.04734799585123466
825007,0.9923830936149203
825008,0.9984526132940972
825009,0.5188427471998456
825010,0.9998905406426066
825011,0.9999843483675284
825012,0.6827638133792648
825013,0.21834898912984402
825014,0.463944204874523
825015,0.2007039782349937
825016,0.031081203411968794
825017,0.9999547109247013
825018,0.997461404093724
825019,0.4721226013732431
825020,0.9986890820525941
825021,0.8879540692554035
825022,0.5611503116936911
825023,0.44041092988642516
825024,0.1532104483652535
825025,0.5755322005477539
825026,0.9954850253262845
825027,0.044537884815552445
825028,0.9848776814600573
825029,0.3890718665770642
825030,0.5865142626600541
825031,0.08142100810226402
825032,0.9999703944908811
825033,0.9995303092803325
825034,0.21072086829845335
825035,0.7746951612012747
825036,0.9992993649943136
825037,0.9998782345712145
825038,0.03356934525892051
825039,0.9997056329492315
825040,0.20330839725067895
825041,0.6163406917658703
825042,0.960059171159533
825043,0.7454148891455883
825044,0.9881722659220462
825045,0.980099288301872
825046,0.999553714354757
825047,0.659490224094173
825048,0.946176379582023
825049,0.9968015998790776
825050,0.999031914062137
825051,0.3614564792528684
825052,0.5317421167980193
825053,0.9922569379716114
825054,0.9072401367510738
825055,0.9930281149913678
825056,0.11025354473378232
825057,0.9929272626192941
825058,0.9457418809164533
825059,0.9999511107661022
825060,0.9982426014688257
825061,0.9829131339199789
825062,0.5203502240329086
825063,0.9961980370265504
825064,0.6397956088582641
825065,0.8198292928922516
825066,0.9055579680152311
825067,0.46627146229550254
825068,0.9868748569836221
825069,0.9983534659374809
825070,0.976032356142749
825071,0.984653601261735
825072,0.999128409296594
825073,0.999916936133907
825074,0.9994312556587355
825075,0.8683619883918767
825076,0.9992721707976575
825077,0.9976735124808433
825078,0.8503858832794453
825079,0.761074027206087
825080,0.9836100927357121
825081,0.9980707503144493
825082,0.04843996071568003
825083,0.9998472955294533
825084,0.2864454500649197
825085,0.9956584356459414
825086,0.9995184509678223
825087,0.06932855425115882
825088,0.5600327000020202
825089,0.9997009848083607
825090,0.6104303844083416
825091,0.10224872208956401
825092,0.9989892680467233
825093,0.6311973563526437
825094,0.27807407432009
825095,0.8406550135994506
825096,0.6493754297486296
825097,0.025061125807157733
825098,0.9881449745771667
825099,0.5916908430194702
825100,0.9709868808823896
825101,0.821388241356033
825102,0.9999899272651436
825103,0.6727723867508201
825104,0.9952729727093286
825105,0.6712096824392042
825106,0.9976661402591613
825107,0.9988921182816177
825108,0.9999500506327441
825109,0.9995065233984772
825110,0.5728646956515576
825111,0.9998959571234278
825112,0.10221044516410557
825113,0.9998973046802487
825114,0.976543877324493
825115,0.8673704259731655
825116,0.912672060356988
825117,0.9989302721333484
825118,0.996295636992087
825119,0.13877095787647822
825120,0.010507810775088465
825121,0.08031665534414723
825122,0.9218841919758132
825123,0.4772822177856285
825124,0.9994849272185373
825125,0.9999791178409664
825126,0.44034348860161354
825127,0.9176408782728864
825128,0.9841069531082347
825129,0.9995851826962352
825130,0.7860105400457601
825131,0.9998499737978861
825132,0.9994630770338416
825133,0.9998278512256678
825134,0.9995280390604024
825135,0.09598607301450368
825136,0.9988822699358142
825137,0.30540645582582576
825138,0.6402839823592867
825139,0.9192167759704972
825140,0.018808914179253823
825141,0.9999569836154212
825142,0.7125997569470847
825143,0.902607899941138
825144,0.9995990316107571
825145,0.9968210085562454
825146,0.5665981849383213
825147,0.6760244597622727
825148,0.22688345079281705
825149,0.7677979083769799
825150,0.8815070220372101
825151,0.7607642464685818
825152,0.994310599813907
825153,0.9887226059386529
825154,0.8287375755044929
825155,0.9998790216390553
825156,0.9860437643582969
825157,0.9972465347264798
825158,0.15649147965410498
825159,0.8715820789038391
825160,0.9988122235711581
825161,0.9564945120866575
825162,0.388830252094003
825163,0.016266494635545595
825164,0.998886806774337
825165,0.3788199002183789
825166,0.39357757468688614
825167,0.9974868514319088
825168,0.4771384375929897
825169,0.6750997401626728
825170,0.3524660095403173
825171,0.6992245207922366
825172,0.01923759524018392
825173,0.9967616705608988
825174,0.08822181592857965
825175,0.734135930729916
825176,0.9485556943095648
825177,0.9988560820864291
825178,0.08147545207095963
825179,0.011156131041887923
825180,0.9984847319088043
825181,0.9989769284507992
825182,0.8881723677358383
825183,0.9996093980649776
825184,0.8744571244396651
825185,0.947902955375183
825186,0.9994373687336271
825187,0.9999703748494975
825188,0.9987909356960902
825189,0.9480012677414981
825190,0.9999064000112532
825191,0.8578595554996093
825192,0.7026234226963479
825193,0.9862274684532426
825194,0.14020532315095316
825195,0.5786943413319475
825196,0.996361597103427
825197,0.05302763734844212
825198,0.9998988441765051
825199,0.12141701478856
825200,0.056052980813516104
825201,0.8887907181297614
825202,0.9802680552548468
825203,0.7839058156347534
825204,0.9703624229022869
825205,0.012377956516793881
825206,0.9862022676647201
825207,0.726280695487669
825208,0.9995155629793389
825209,0.3874259172522262
825210,0.020162863340629604
825211,0.9663261236416477
825212,0.5120180997650271
825213,0.999866906863155
825214,0.0024054038070322656
825215,0.9936421566485365
825216,0.9997916362773873
825217,0.999951475916596
825218,0.28300689926712425
825219,0.025582395709922025
825220,0.036335753027765365
825221,0.4363686520231703
825222,0.23930430798470212
825223,0.9996524569605174
825224,0.9432078506813373
825225,0.9978436282465561
825226,0.6522620857422082
825227,0.9977927620042588
825228,0.9688479952103917
825229,0.9498460596169884
825230,0.7163065664247998
825231,0.9987776758526459
825232,0.9998497893874623
825233,0.9998257152831698
825234,0.9835917943004734
825235,0.01482780542239704
825236,0.9996038549255984
825237,0.7198510582119045
825238,0.8132849123880862
825239,0.7616480019179377
825240,0.9999520480031053
825241,0.8709549217832849
825242,0.7596772131193003
825243,0.014982174142482171
825244,0.27957423773858403
825245,0.9992016280445881
825246,0.06090074911310919
825247,0.8917817397007664
825248,0.02703284072610308
825249,0.9984678946476555
825250,0.999975913516886
825251,0.9994034979457755
825252,0.9998329242889907
825253,0.9809275195485554
825254,0.9999581634340039
825255,0.9995216354786512
825256,0.9965490890222576
825257,0.9997358648409541
825258,0.9996268093408899
825259,0.9994466426355306
825260,0.9453952134195149
825261,0.12896336136858716
825262,0.9993735145778564
825263,0.9992729429448147
825264,0.982486286680949
825265,0.9882254559703216
825266,0.06262978931753746
825267,0.9878837849377978
825268,0.996344260613921
825269,0.023672973055461816
825270,0.9996572551145139
825271,0.985225089712745
825272,0.9994672914835915
825273,0.9645655485389372
825274,0.9999226417220788
825275,0.9999633406414046
825276,0.9997486903090602
825277,0.09218259145057066
825278,0.34430218584325767
825279,0.9658580193610566
825280,0.646310940562711
825281,0.9999332936915578
825282,0.19243761448178615
825283,0.9490496967104768
825284,0.7640197794326866
825285,0.04621001547134938
825286,0.8875546050516137
825287,0.9229136490159032
825288,0.20259643546399386
825289,0.926125090745399
825290,0.9999163271562386
825291,0.9835019701104024
825292,0.9971046784653386
825293,0.9999408588918495
825294,0.9492819409424524
825295,0.8120011690081691
825296,0.09428694388990445
825297,0.04810202264238486
825298,0.9909889825691773
825299,0.7273446740894176
825300,0.9997736652623549
825301,0.7129657200620427
825302,0.33798274381596727
825303,0.8814934705991477
825304,0.9998433648797571
825305,0.10592509728536093
825306,0.9973151780659846
825307,0.2925936687332902
825308,0.4552647242342505
825309,0.9996350224500054
825310,0.9973384743426847
825311,0.9909883585271624
825312,0.019544117223595482
825313,0.999590200043815
825314,0.9991295851499276
825315,0.6882940903484309
825316,0.9966494674219634
825317,0.9998134819409425
825318,0.9999419325129306
825319,0.2796395955009267
825320,0.8115242247810401
825321,0.25291315944392495
825322,0.999106975515319
825323,0.26031004654594947
825324,0.2630316837088142
825325,0.9929186491017142
825326,0.20889258277233103
825327,0.7030308650835695
825328,0.9992458474202479
825329,0.9993949500888117
825330,0.2736975110097091
825331,0.851061959522132
825332,0.6543000802748857
825333,0.9997478825291386
825334,0.01442476165159205
825335,0.9973993439996629
825336,0.9802313594853687
825337,0.9994703780080698
825338,0.9998715911906256
825339,0.5495047777472443
825340,0.34218714666926264
825341,0.05680294644132229
825342,0.9994259035386936
825343,0.09291685195611431
825344,0.9884618831739853
825345,0.7356979184867194
825346,0.8782055833252961
825347,0.0736781222142887
825348,0.9968118010268352
825349,0.6143818942867726
825350,0.9989332045020296
825351,0.9729872602530916
825352,0.8199999329001686
825353,0.03649527590658362
825354,0.9891512485942994
825355,0.8658623097651912
825356,0.8009546529706761
825357,0.8109638323872795
825358,0.6291285371000996
825359,0.047019717327877436
825360,0.04023756410174685
825361,0.022718926095516748
825362,0.38555403403963096
825363,0.9974858195995304
825364,0.8809724084564627
825365,0.9998688069722655
825366,0.48231188569265526
825367,0.9522239665197951
825368,0.9999421772562436
825369,0.9734261234710069
825370,0.8766161885312174
825371,0.7807268042803526
825372,0.9118230444032607
825373,0.49373793702632335
825374,0.28198597498957956
825375,0.9239551105674344
825376,0.999900575145713
825377,0.9979794381259004
825378,0.7711672179623317
825379,0.9963324623887315
825380,0.8705893452417865
825381,0.9859882310059215
825382,0.3166340618036333
825383,0.9993442135688779
825384,0.26650006105478186
825385,0.9993003544885566
825386,0.9998652076102195
825387,0.04845348895910667
825388,0.7351515546383224
825389,0.968703114844257
825390,0.0015446884391440447
825391,0.013567056211859945
825392,0.2847767942073014
825393,0.35614665951099383
825394,0.9996651779108368
825395,0.8852950878399204
825396,0.9998763328968919
825397,0.8499942668088319
825398,0.0954882491193983
825399,0.9567218503395445
825400,0.43271160371654005
825401,0.4552119571641266
825402,0.5481765559917021
825403,0.9853257335307506
825404,0.9995611069494754
825405,0.008014920659422288
825406,0.9997575639855085
825407,0.7980921156776966
825408,0.9784914004313846
825409,0.011591870330907562
825410,0.6527957961173648
825411,0.9997817231540812
825412,0.8161023972462906
825413,0.9902863147532024
825414,0.8008879742621874
825415,0.9419998267809615
825416,0.2664647939153345
825417,0.5443243300701909
825418,0.00912150745466334
825419,0.0611255877239338
825420,0.9126250406920642
825421,0.9900894445136215
825422,0.995527479991602
825423,0.5057195040809546
825424,0.994391728714221
825425,0.9998519950587856
825426,0.9966075338027862
825427,0.9999398202904957
825428,0.01155660120835212
825429,0.9999908426287791
825430,0.9950030484274087
825431,0.011890450716684703
825432,0.5944176497862323
825433,0.9986159735450895
825434,0.015332148269993972
825435,0.9998624470601087
825436,0.519086505803674
825437,0.9403074893153793
825438,0.7566815817064649
825439,0.6192446955881887
825440,0.9975065409640249
825441,0.9999738329673591
825442,0.9999294141971737
825443,0.9996717433463708
825444,0.9975634859926399
825445,0.9997776768811295
825446,0.038785504341493235
825447,0.19118418302271226
825448,0.9939635464692103
825449,0.6163027081688968
825450,0.9999457396597289
825451,0.9900765154186846
825452,0.9966568793164912
825453,0.9993582610021824
825454,0.9998252793907956
825455,0.21275384856222215
825456,0.01902041614687072
825457,0.9996795157303832
825458,0.9992860926469269
825459,0.005288812973742094
825460,0.9947576286022037
825461,0.6448978291017674
825462,0.9999416788216113
825463,0.9999694381535518
825464,0.5471028362561627
825465,0.9994581513078664
825466,0.9988288091772146
825467,0.999850221662615
825468,0.998003720086968
825469,0.9301987201153644
825470,0.39796881404255474
825471,0.9999502573209069
825472,0.7707682324211307
825473,0.9999456319325472
825474,0.9999438098619858
825475,0.9986163992206456
825476,0.9999510968932713
825477,0.9999951085559343
825478,0.7468427953144516
825479,0.9994004135041974
825480,0.9999868981949959
825481,0.9983814298030443
825482,0.9993366984590489
825483,0.9141136913510193
825484,0.9609332309011036
825485,0.986987898964775
825486,0.071947440434234
825487,0.36068308288665824
825488,0.9988502709956807
825489,0.8471286868550646
825490,0.19077078248690787
825491,0.9993512288454842
825492,0.11267432703140479
825493,0.9996101341038037
825494,0.0819249954282599
825495,0.9999630603098516
825496,0.34612544628021746
825497,0.02681846017733467
825498,0.9999029515281593
825499,0.7959010673345792
825500,0.5478258090856449
825501,0.9951784692379102
825502,0.9997889882895341
825503,0.9895417646169357
825504,0.9836068477524721
825505,0.9994171157135023
825506,0.4089905580945812
825507,0.999782363233299
825508,0.9885451832991669
825509,0.3048082064698618
825510,0.9986127350924969
825511,0.6935345417004012
825512,0.7445054409414102
825513,0.9306746401381141
825514,0.05170632886604065
825515,0.627937448806898
825516,0.04359230246657397
825517,0.5718440901250598
825518,0.9996919997636742
825519,0.9997890553504252
825520,0.18207791251946132
825521,0.01385729961724732
825522,0.457086880729278
825523,0.2848982154044973
825524,0.7561785624751957
825525,0.9999790303767583
825526,0.9530132640864635
825527,0.9040638261158168
825528,0.8976403966110168
825529,0.7947577192472648
825530,0.9594753741760236
825531,0.6196787983888756
825532,0.01976940821433918
825533,0.9737208697163305
825534,0.9996441978768469
825535,0.8518696984275718
825536,0.9999327380187628
825537,0.4314843804713101
825538,0.9843122274626337
825539,0.803156996728658
825540,0.46655605418261337
825541,0.27933578195961334
825542,0.5779379829621839
825543,0.9998370481257147
825544,0.9998790604491652
825545,0.10627362182775299
825546,0.8405481344440136
825547,0.9999851011143337
825548,0.2663696379117278
825549,0.993599256703896
825550,0.9998070357138595
825551,0.9641276547197015
825552,0.9997590048272078
825553,0.9974639187643816
825554,0.9472123183632986
825555,0.9998171683695531
825556,0.27858179206168865
825557,0.26455579563274434
825558,0.9319151628958867
825559,0.8592576543150146
825560,0.9994784086518996
825561,0.05015216383296157
825562,0.4703727677288787
825563,0.5257147612003775
825564,0.9956606448896768
825565,0.03944532243312945
825566,0.9635101505334072
825567,0.999830599910406
825568,0.9982835336521361
825569,0.11633507700116351
825570,0.997377736730471
825571,0.6296342867792889
825572,0.9996104277949723
825573,0.2530436271296252
825574,0.47618253341167427
825575,0.7132262557367872
825576,0.9990047283939955
825577,0.9164243077480194
825578,0.9995314376378259
825579,0.42222653999049675
825580,0.45172804124724864
825581,0.9836008995371149
825582,0.9813354910224217
825583,0.08907905004924681
825584,0.21774936014794952
825585,0.8796624850749958
825586,0.992778454638618
825587,0.08558427404933593
825588,0.9919697444229575
825589,0.9532975720307472
825590,0.7510333066933685
825591,0.7055655093582818
825592,0.9355125899831277
825593,0.22508301863383942
825594,0.012339356236718889
825595,0.9999690558938238
825596,0.9879035400513807
825597,0.9902423486710672
825598,0.9998803111185852
825599,0.0307876416717913
825600,0.9998040445170328
825601,0.5755943647917809
825602,0.9372388306309277
825603,0.9999142400135235
825604,0.97911902815033
825605,0.9962191025422458
825606,0.9709242156548045
825607,0.9999426686685164
825608,0.9983412471938911
825609,0.24692729833053684
825610,0.991611360683351
825611,0.9858731478647299
825612,0.04331554919837552
825613,0.9994232753109276
825614,0.9982505531717074
825615,0.3869220195695955
825616,0.9258513176599724
825617,0.9962284201801569
825618,0.7427072499474813
825619,0.6241973642248798
825620,0.9999878318189195
825621,0.9992560264744188
825622,0.9997217958545517
825623,0.5035499888638474
825624,0.9998209009490431
825625,0.5132940191414949
825626,0.8463367241282082
825627,0.043853838044559695
825628,0.9996373278768027
825629,0.8347362948322479
825630,0.9997877121150003
825631,0.9444750897811007
825632,0.8540555313995898
825633,0.9979688357203224
825634,0.9997291517170832
825635,0.009397942960108447
825636,0.04074358699339116
825637,0.8850846773075522
825638,0.9270118742724948
825639,0.9993241367626711
825640,0.18261843576694742
825641,0.994225729151745
825642,0.7844015151397805
825643,0.9998284319224668
825644,0.587742399717659
825645,0.7783857816438835
825646,0.9996864830642092
825647,0.8397900430016452
825648,0.9845516747049722
825649,0.012758838214682081
825650,0.3412610389598466
825651,0.5411152843040011
825652,0.9999050359225505
825653,0.948241620237015
825654,0.9997425814882661
825655,0.2370826484758039
825656,0.02316918293960524
825657,0.998974311099579
825658,0.9967311115558806
825659,0.906633349078156
825660,0.02567161577174236
825661,0.9993541233986488
825662,0.7228260721384558
825663,0.9968722391247397
825664,0.9971671704778151
825665,0.9615000397611587
825666,0.8829365949853307
825667,0.9999175128624525
825668,0.991737501381655
825669,0.9467402660094744
825670,0.998025896720405
825671,0.9987686726136122
825672,0.9999794999099401
825673,0.060443844530100994
825674,0.999943610025243
825675,0.9994977200532923
825676,0.9973023267223255
825677,0.7664404076151604
825678,0.7048880212736377
825679,0.4324452441562703
825680,0.9999915799062518
825681,0.04864948154167371
825682,0.9976964430800481
825683,0.9131218576169077
825684,0.9998526681352266
825685,0.7112271597071782
825686,0.2589124421264038
825687,0.999990452462318
825688,0.04408086206296772
825689,0.8474881217453369
825690,0.9861962743421901
825691,0.15682563927487622
825692,0.4978035850279537
825693,0.8884499450562291
825694,0.7716870204943516
825695,0.9996170106969637
825696,0.7730118536221392
825697,0.4203949638770316
825698,0.02952775320783485
825699,0.9882744675482971
825700,0.9999824823483145
825701,0.743773380290892
825702,0.29463564674980747
825703,0.896503880951752
825704,0.9998955884795364
825705,0.9943046893306496
825706,0.052677143359884916
825707,0.9999246421511427
825708,0.9866383715743401
825709,0.9719806041416289
825710,0.09839272511071212
825711,0.9273001924475405
825712,0.9992695960755325
825713,0.025900577559130646
825714,0.9331631980029809
825715,0.9804122468931099
825716,0.9191355559781593
825717,0.9981803385935754
825718,0.9985556057273454
825719,0.995799535960413
825720,0.9999553425392069
825721,0.9433998589334691
825722,0.6771294996253404
825723,0.9264012436085892
825724,0.9973181909892898
825725,0.9999500587862965
825726,0.9211760315981231
825727,0.8049958094489869
825728,0.27461860297936125
825729,0.9998938706717768
825730,0.9776350076250313
825731,0.999227425464223
825732,0.7122969177789079
825733,0.10488472322184855
825734,0.3127011984595701
825735,0.13280128822973716
825736,0.24442797581395836
825737,0.9746547792474703
825738,0.01850958113682147
825739,0.04784437295207433
825740,0.9987840248481676
825741,0.848800721974674
825742,0.017609435870613494
825743,0.5311222266487601
825744,0.29320408886318666
825745,0.9972389242370205
825746,0.9496076304283995
825747,0.9999523568271536
825748,0.021422684851002443
825749,0.016725663325720744
825750,0.011416881256998891
825751,0.947241762973307
825752,0.48251412984229447
825753,0.9827241782570231
825754,0.11484671702058075
825755,0.8334081934900339
825756,0.010648012305516838
825757,0.9998899477250855
825758,0.011209776442985892
825759,0.489897959860772
825760,0.0347837476331979
825761,0.7046110330108166
825762,0.9997776554451013
825763,0.962399238899567
825764,0.019844247960598672
825765,0.9978957246098099
825766,0.9999308494797841
825767,0.9281255365964851
825768,0.991053511209637
825769,0.0458678390718946
825770,0.549549669574751
825771,0.9982820630848344
825772,0.5171942559190795
825773,0.6964722011978521
825774,0.9632372736292227
825775,0.011223058595966635
825776,0.9813645851608866
825777,0.7475462776688973
825778,0.999580599863447
825779,0.9999479547774114
825780,0.9998056684044654
825781,0.07243203113539874
825782,0.2828038670981154
825783,0.9938713999608535
825784,0.036841159071590426
825785,0.9998942684023779
825786,0.7196892323929178
825787,0.9997434549761508
825788,0.9954932804578192
825789,0.2499696162936038
825790,0.5374307349032723
825791,0.9653598810689005
825792,0.2319076696888961
825793,0.9934004452053702
825794,0.9963120920936477
825795,0.830398366696553
825796,0.5289079351243332
825797,0.7466715360586782
825798,0.9985729312696618
825799,0.14897701043285433
825800,0.051857581888502376
825801,0.859786352423167
825802,0.9945548543118652
825803,0.16584020785353829
825804,0.14193114691878264
825805,0.021217307852344634
825806,0.9790019602703832
825807,0.9993835016767315
825808,0.9998090879859227
825809,0.00186349783397957
825810,0.9497535024002446
825811,0.9999256273523365
825812,0.06949502508105818
825813,0.9997309539995829
825814,0.9881071249214488
825815,0.16650170025431882
825816,0.9969254135556225
825817,0.9976282759245834
825818,0.7895930439346932
825819,0.9988340994152547
825820,0.012321538821783646
825821,0.9987833284936929
825822,0.004456365498981733
825823,0.86563402515009
825824,0.9997237039602074
825825,0.007264875001659354
825826,0.777111692253711
825827,0.9209147501789264
825828,0.9992367512701997
825829,0.9647243871245419
825830,0.9998425376941762
825831,0.1716623289980358
825832,0.5344726048204772
825833,0.07144192307234123
825834,0.12003675887497242
825835,0.9995868316598573
825836,0.9881506887252601
825837,0.8165184748270073
825838,0.9782377259818738
825839,0.9926566780085297
825840,0.9998234522381032
825841,0.9655852304831776
825842,0.9999178582475292
825843,0.9811109971517308
825844,0.9220935482786162
825845,0.9678679317214667
825846,0.10908533834285424
825847,0.9982249533083545
825848,0.9997007351455729
825849,0.9394021687991221
825850,0.9999690800706379
825851,0.9991767186793213
825852,0.2910657181369007
825853,0.5954102703749855
825854,0.9998542418872821
825855,0.17964061917421834
825856,0.34102623356722384
825857,0.9669069698514667
825858,0.6658562179183621
825859,0.5338978373603751
825860,0.9999727306547214
825861,0.02099058704668427
825862,0.9125174735553516
825863,0.8892449386745727
825864,0.12641155581249716
825865,0.999483903632113
825866,0.8748055169718699
825867,0.16199652023502703
825868,0.6309979890734911
825869,0.0733083541176021
825870,0.13009019889163326
825871,0.9996490905569828
825872,0.17517789425360608
825873,0.9883077289951057
825874,0.9347337500855563
825875,0.9326055824834649
825876,0.47598417138947524
825877,0.6394131207151986
825878,0.9992098240866802
825879,0.05488358621209208
825880,0.2060396301050351
825881,0.29580693071678865
825882,0.683058708804003
825883,0.020706016103241652
825884,0.9884675944282736
825885,0.9998319091005907
825886,0.9980617643143631
825887,0.9912959974291436
825888,0.9166218744789937
825889,0.030247661856321145
825890,0.13957620958116096
825891,0.6044306638334034
825892,0.3703379569767997
825893,0.7750238891160502
825894,0.36512005443339
825895,0.9998000221099277
825896,0.2942622085312972
825897,0.006152810806357696
825898,0.9980935471662828
825899,0.9997102767871967
825900,0.998641694307417
825901,0.3372840180646517
825902,0.24641610229391184
825903,0.18683951777675278
825904,0.9727594374762218
825905,0.6330376501561619
825906,0.055051930453375426
825907,0.7101908495493852
825908,0.27761952499425363
825909,0.9998067069282854
825910,0.9763858652941353
825911,0.9999893020225757
825912,0.2676472120189945
825913,0.9979323711236476
825914,0.21756762770439592
825915,0.5483067021323068
825916,0.93189753661098
825917,0.5650150776656189
825918,0.8273450278872556
825919,0.9999334528007535
825920,0.5936371156694127
825921,0.6525825726474205
825922,0.9992001214395481
825923,0.9992850292454183
825924,0.00637951022946587
825925,0.9824407657856455
825926,0.9963258689797263
825927,0.4724326477806074
825928,0.01486534451898677
825929,0.9998832107978994
825930,0.9996681999020682
825931,0.8629470524640321
825932,0.014718980035518508
825933,0.8019091291784216
825934,0.7518398684326008
825935,0.9587354002667126
825936,0.6094904913649752
825937,0.9962837635948047
825938,0.6541390247339689
825939,0.9993586879049623
825940,0.9933623839472447
825941,0.857876046590526
825942,0.07824467328116448
825943,0.729447923710528
825944,0.9997491129705114
825945,0.1910753132296616
825946,0.9998126049462466
825947,0.006406894247932296
825948,0.04680800607474003
825949,0.9999837565063645
825950,0.9967512361180786
825951,0.9972534727010022
825952,0.008395138949523477
825953,0.5514951599885416
825954,0.45743448716734497
825955,0.9151610253462176
825956,0.9998916132607044
825957,0.999958387759313
825958,0.9997601869985191
825959,0.9999201085409934
825960,0.9985120503479681
825961,0.9938236125414958
825962,0.9439109828279328
825963,0.6472281517377745
825964,0.9482371504716887
825965,0.17823967466265284
825966,0.8936691511195516
825967,0.9996843505481736
825968,0.18849590613184175
825969,0.9778848716788071
825970,0.05465207180111932
825971,0.9961804481714664
825972,0.973906623025445
825973,0.917501267713206
825974,0.9826827035768826
825975,0.5591942555935405
825976,0.05219201866500893
825977,0.9470725905024561
825978,0.16355900746806035
825979,0.9999553442141579
825980,0.9998897135808926
825981,0.999798795177017
825982,0.8879291446474488
825983,0.677010592716575
825984,0.9993096507774685
825985,0.6282877597026313
825986,0.999870530498735
825987,0.9988263325640094
825988,0.4030718708954459
825989,0.9786212304193413
825990,0.9106444607121582
825991,0.7347799579257439
825992,0.7931548012303593
825993,0.6862442472397492
825994,0.997999206146928
825995,0.11197243279423261
825996,0.9978516320167693
825997,0.9726475616509455
825998,0.8786415610710541
825999,0.17592897516171305
826000,0.29719820302419575
826001,0.9996233347655337
826002,0.7973362779202311
826003,0.8262131260683907
826004,0.7269835399492517
826005,0.007302662574583996
826006,0.9972448518385454
826007,0.9998002807474875
826008,0.713460180662632
826009,0.6659681004036654
826010,0.9967346689285863
826011,0.9589801918976387
826012,0.735600156924356
826013,0.8320292044212095
826014,0.060924421946340686
826015,0.9960787374227187
826016,0.9990051979635668
826017,0.4190090977650188
826018,0.9944528272191178
826019,0.9312210680309976
826020,0.03600210936746914
826021,0.999398058676369
826022,0.5118909281130491
826023,0.9985092717777583
826024,0.9733584525419736
826025,0.5089176627691145
826026,0.4487379247046142
826027,0.4202811197099019
826028,0.9996942176186163
826029,0.8630885960637313
826030,0.6526076858316782
826031,0.9910273030027589
826032,0.9846195018526717
826033,0.6312044771580833
826034,0.9999975466481239
826035,0.014397371373888038
826036,0.9460984466534689
826037,0.961045109504036
826038,0.9996280039129152
826039,0.9831624831911216
826040,0.9872954757176231
826041,0.9996742753324923
826042,0.7800789002346752
826043,0.015707454833537363
826044,0.999816910732034
826045,0.6726699079834579
826046,0.8422341021526263
826047,0.9998950460419307
826048,0.472242035553287
826049,0.2551914237590143
826050,0.9156499779943219
826051,0.291159041458632
826052,0.9992168115829283
826053,0.9697987332737361
826054,0.38354693372803267
826055,0.9997446833341006
826056,0.4211570420546251
826057,0.9482922276638552
826058,0.9997795649047765
826059,0.9981622202409363
826060,0.6918824986771287
826061,0.9998079547841302
826062,0.20819118452240354
826063,0.012785618061790682
826064,0.998868687252324
826065,0.9968668881747195
826066,0.8987732779976937
826067,0.9999484820279059
826068,0.006667981416506034
826069,0.258670281628649
826070,0.9999578760987756
826071,0.9277903020650318
826072,0.9995939431215886
826073,0.9639538972789481
826074,0.9996575983303484
826075,0.9983516444476516
826076,0.9349183629858314
826077,0.9978853020296248
826078,0.10460232742282799
826079,0.9997065783066275
826080,0.9991979807060621
826081,0.9978591068550831
826082,0.38843221803714045
826083,0.8477404653471738
826084,0.6007128943438483
826085,0.5244239413338406
826086,0.9995280165329652
826087,0.7597715403412719
826088,0.21173776851086212
826089,0.05469663327890506
826090,0.9995995681137204
826091,0.4396552647687077
826092,0.9998367087384609
826093,0.15486059707698013
826094,0.4319321557986494
826095,0.9899504548614179
826096,0.9949847914774778
826097,0.9998146089309434
826098,0.8176226490206968
826099,0.925187745375934
826100,0.9998905358529677
826101,0.04513998068398918
826102,0.6845762476246214
826103,0.9819865915155164
826104,0.9990742936089467
826105,0.9306251139732418
826106,0.11755989982900236
826107,0.25336033644057343
826108,0.14677169308145815
826109,0.9998706931495187
826110,0.8957137380090929
826111,0.999607063739991
826112,0.9999008757868835
826113,0.7100934592694961
826114,0.9986346364657197
826115,0.91076286133319
826116,0.033674158789814584
826117,0.9996644263408014
826118,0.9967986627007549
826119,0.8296550088487562
826120,0.9947411195738034
826121,0.999841885483089
826122,0.9995598617628779
826123,0.8666963667954403
826124,0.9999841358290009
826125,0.004357256242872724
826126,0.5913354851374492
826127,0.9991455093789963
826128,0.9988785998146108
826129,0.006512659160020745
826130,0.9983822068510897
826131,0.9999707891919096
826132,0.9998336858931515
826133,0.9996200896813986
826134,0.9477826182603881
826135,0.7417366840797027
826136,0.9999049067435914
826137,0.2520801771086581
826138,0.9996866349013661
826139,0.9996168706390562
826140,0.96282923071969
826141,0.9998258509026271
826142,0.999962395047597
826143,0.9998172978773944
826144,0.985635715944918
826145,0.3335397296890077
826146,0.9891706578581252
826147,0.7996035517237657
826148,0.9987570914157805
826149,0.999816506827355
826150,0.989408221347979
826151,0.999762814838504
826152,0.968339747023726
826153,0.8600838760414853
826154,0.071163749232119
826155,0.08084458160590177
826156,0.9979262170603487
826157,0.8737115942011935
826158,0.9798718272448224
826159,0.7550559425401728
826160,0.9768198345291033
826161,0.3709290624373457
826162,0.9994426048554922
826163,0.9939661403572757
826164,0.16975713784272017
826165,0.9502320996891325
826166,0.993633049750686
826167,0.985226340860883
826168,0.9999210600307136
826169,0.056744615432659205
826170,0.8706539308329606
826171,0.8739221018348777
826172,0.07415071487260559
826173,0.011691677534462562
826174,0.9961367125184938
826175,0.9996226433357616
826176,0.999881874923766
826177,0.9994337671317519
826178,0.7260185866199923
826179,0.2828991668686055
826180,0.9981180668038945
826181,0.23186648425254647
826182,0.9809557604264155
826183,0.9035430630615733
826184,0.8756352842143029
826185,0.014371724671587377
826186,0.3715691914732912
826187,0.9999021942903177
826188,0.9920045694664645
826189,0.9962787927599945
826190,0.27576155060128243
826191,0.8765458211094933
826192,0.4769820011737813
826193,0.870291685944818
826194,0.9625852025514106
826195,0.7438884367919816
826196,0.3144134043308102
826197,0.061879497892545904
826198,0.8499861852333802
826199,0.012785094984703656
826200,0.9998593729077443
826201,0.8315780282164857
826202,0.9999749734492781
826203,0.03835889632396472
826204,0.03029285926431058
826205,0.4776658145140275
826206,0.07782763631543138
826207,0.9999577970118938
826208,0.11268703704416319
826209,0.9998002081027869
826210,0.6193647183131311
826211,0.07855088254840079
826212,0.9998342744916697
826213,0.9998732885928637
826214,0.9967752658202509
826215,0.9984950808956399
826216,0.947617023913393
826217,0.9992577220921641
826218,0.9997362758358604
826219,0.4153046177206109
826220,0.9990703917569299
826221,0.8947147159187075
826222,0.9978760180885085
826223,0.99497847257439
826224,0.999348119797299
826225,0.9992871865198951
826226,0.16142558564576104
826227,0.9971489811471235
826228,0.9998824434769131
826229,0.00971736845865154
826230,0.8654795928473672
826231,0.740557025747169
826232,0.29065820741477727
826233,0.9983508443501892
826234,0.3310205627575079
826235,0.9997974966313736
826236,0.2000659458204569
826237,0.9998405644755755
826238,0.9965237066789916
826239,0.9998340861402526
826240,0.9994123944424332
826241,0.56241572863248
826242,0.580687490791251
826243,0.9987776500056791
826244,0.9997866540126104
826245,0.774504075067343
826246,0.5249248819964832
826247,0.16638181637310795
826248,0.007898785625741525
826249,0.8192554820080948
826250,0.7501384477745899
826251,0.6294978253485995
826252,0.9999792618931387
826253,0.9995430213753271
826254,0.6725249629430942
826255,0.7994151187048256
826256,0.9849343707809137
826257,0.9997283037836331
826258,0.9987049428361103
826259,0.9997918059813988
826260,0.4256507495308871
826261,0.43105750066527987
826262,0.15084383929195425
826263,0.9973772426904017
826264,0.14309431807605535
826265,0.9999012792130935
826266,0.7407243763114374
826267,0.999956873785333
826268,0.9977341824840154
826269,0.99729431858457
826270,0.02191598053671903
826271,0.9429634192868064
826272,0.9997170152428487
826273,0.9347597217597358
826274,0.993833671637691
826275,0.9999632516716068
826276,0.6281566751505361
826277,0.9301984338563823
826278,0.28156279352626806
826279,0.9296970350863353
826280,0.3287602955472151
826281,0.00664793457311503
826282,0.03074570078205972
826283,0.7831774026206665
826284,0.9465984702282395
826285,0.6006067351741582
826286,0.3823074161746012
826287,0.9888747519336017
826288,0.977650681932074
826289,0.0460869196383025
826290,0.9998603033474627
826291,0.016004458800102886
826292,0.998675487245782
826293,0.23866127775765927
826294,0.95468180626605
826295,0.9990205858879135
826296,0.9946850010138578
826297,0.9991254496538557
826298,0.9957386685720933
826299,0.9996603718439274
826300,0.9958432373403807
826301,0.9994977726472831
826302,0.9999058421966548
826303,0.7664754509274971
826304,0.9174570245409076
826305,0.971853993666797
826306,0.9921258640066073
826307,0.6283970163038352
826308,0.11867956776620238
826309,0.10430688814431142
826310,0.9996030885315622
826311,0.9978203423090253
826312,0.9976394512607003
826313,0.2675321194293038
826314,0.830269070003242
826315,0.6055014946307187
826316,0.9998284863096263
826317,0.9978963813396903
826318,0.8061279760979415
826319,0.686979525812002
826320,0.8340254003778583
826321,0.9915587619299664
826322,0.054410551922311284
826323,0.027713948731745194
826324,0.6975748774008101
826325,0.8005322252541013
826326,0.9695677511265138
826327,0.9989203890721883
826328,0.9411257390553686
826329,0.9885996773171021
826330,0.964442895502603
826331,0.06698923508962511
826332,0.9999124277847095
826333,0.055792910776109095
826334,0.9941413463964419
826335,0.9992934598769677
826336,0.9995697389508632
826337,0.6147979465020111
826338,0.6107486487699929
826339,0.6964259642418673
826340,0.9915356210691905
826341,0.9956238964002521
826342,0.2327558965856195
826343,0.17903803667894214
826344,0.9997238020741017
826345,0.11904819534165663
826346,0.08107859455500696
826347,0.15238547885007703
826348,0.8391917386723996
826349,0.596989986865522
826350,0.12712758399349677
826351,0.999639854084792
826352,0.8007218664140834
826353,0.37781387789240406
826354,0.9756781496254582
826355,0.9923167006714203
826356,0.018594025660038302
826357,0.15915122381255162
826358,0.9740067039117333
826359,0.036575668679199966
826360,0.021416090006870322
826361,0.9199236349747498
826362,0.32544974156957274
826363,0.3578342072683012
826364,0.9990869481747573
826365,0.999696436781034
826366,0.9997029876574715
826367,0.12144803200300364
826368,0.9958552460901617
826369,0.9878065040418886
826370,0.9997342454335055
826371,0.846538243603421
826372,0.8772622197486949
826373,0.11300578862728383
826374,0.9996737365892852
826375,0.9999592556586666
826376,0.2418245058179685
826377,0.363554638398306
826378,0.060927809147351054
826379,0.6303585625602582
826380,0.8626059002575173
826381,0.08079479578510194
826382,0.9995574667766631
826383,0.11044866555102814
826384,0.386046294340301
826385,0.6534494164947753
826386,0.9924929144642153
826387,0.5028032925260187
826388,0.9999772320744053
826389,0.24299266328254027
826390,0.0765656004260622
826391,0.9937934495885604
826392,0.988051837179547
826393,0.8686202558036493
826394,0.9999195602728224
826395,0.0711374465649664
826396,0.8263723962784306
826397,0.9999548472524803
826398,0.9078006559326486
826399,0.3782054216673586
826400,0.6284279342267542
826401,0.3301557005448469
826402,0.9429681021506098
826403,0.9999842145056519
826404,0.15313412865381212
826405,0.0777523125968234
826406,0.9996351052919452
826407,0.4829531653938617
826408,0.6987774393608406
826409,0.01111231808099245
826410,0.5888165229224789
826411,0.9979514824016674
826412,0.9533294135851188
826413,0.9779388866387118
826414,0.11249124036186516
826415,0.999841411841679
826416,0.9998068268669715
826417,0.9997080745505597
826418,0.7139735821822326
826419,0.9999886979974035
826420,0.9940940340407572
826421,0.18556027922459134
826422,0.9999163504125714
826423,0.6230607029331913
826424,0.95100330824373
826425,0.9949581704976216
826426,0.9948071411528614
826427,0.010599183549973266
826428,0.1682561414326842
826429,0.9441035516201159
826430,0.9999920267033792
826431,0.22021981983196404
826432,0.9947176231481218
826433,0.1153193904595239
826434,0.026446581215697457
826435,0.564964857563439
826436,0.937051240946876
826437,0.9999777946633511
826438,0.9992631740763911
826439,0.7030992524815481
826440,0.5696278856924131
826441,0.2100530907911897
826442,0.9986378664526909
826443,0.9494241861737729
826444,0.9847187507640227
826445,0.7859549440942625
826446,0.5372146536700708
826447,0.11496590991255778
826448,0.27659678289041634
826449,0.9961126041391233
826450,0.9993161150268326
826451,0.25640161585367083
826452,0.23088757164018855
826453,0.8814997688326882
826454,0.9989133430885628
826455,0.6534613230797018
826456,0.1304044293932496
826457,0.9933089845059586
826458,0.9981854102076813
826459,0.7701239036112895
826460,0.6040342091699528
826461,0.9939697663206463
826462,0.9999806665786571
826463,0.022571549667688356
826464,0.9993063012800052
826465,0.9998462929160774
826466,0.9996009012328477
826467,0.9980754283954709
826468,0.9892903728629987
826469,0.14450147927642673
826470,0.11497828751718717
826471,0.3401222193048877
826472,0.5325344751168428
826473,0.9230140078340712
826474,0.992662106197534
826475,0.21023868635205914
826476,0.9962878486855253
826477,0.9999217845586302
826478,0.727326594929339
826479,0.10608967008450351
826480,0.999981975037161
826481,0.9759539305199731
826482,0.99970517848497
826483,0.9656450343704261
826484,0.4458116701388507
826485,0.5145988440337677
826486,0.7095342685931108
826487,0.99990020104965
826488,0.6137402796173617
826489,0.9603422360097624
826490,0.9997028356036325
826491,0.997214237541882
826492,0.9998501415428218
826493,0.9998861772914147
826494,0.1459258319214143
826495,0.9949949734568062
826496,0.29428419508579284
826497,0.24179082937067498
826498,0.5936226893267541
826499,0.9752231478323656
826500,0.10800337676603522
826501,0.999582165233492
826502,0.6335287217393513
826503,0.8538689103776048
826504,0.9998399115269045
826505,0.9997149258766524
826506,0.9996701796584941
826507,0.9999696398251033
826508,0.7513479502159282
826509,0.9905054753476012
826510,0.8950385505282631
826511,0.9994787346512042
826512,0.9306058177449861
826513,0.9997454515463328
826514,0.02638794832106106
826515,0.857624457397907
826516,0.5537061751792322
826517,0.9999076763721362
826518,0.998692920857109
826519,0.7437972126039085
826520,0.20072070727542513
826521,0.03555102013581613
826522,0.6316620508082915
826523,0.3751747333406392
826524,0.9995559264388677
826525,0.16968885763221989
826526,0.9999632450777243
826527,0.373207659547224
826528,0.9998055134762014
826529,0.8738366531347905
826530,0.9998269952470727
826531,0.26483965579377816
826532,0.8824428585395923
826533,0.4915582780788157
826534,0.008006092821606099
826535,0.9986290077437121
826536,0.9999166296092499
826537,0.5631654980912345
826538,0.9935278654889947
826539,0.6994010552073807
826540,0.022644970390155256
826541,0.17621801189625322
826542,0.9997500207107304
826543,0.867057018645464
826544,0.7111833581482794
826545,0.9049967044691506
826546,0.9971267899035854
826547,0.18295890937417725
826548,0.7224822080377762
826549,0.9866348750701452
826550,0.9999577803724122
826551,0.8094649362542821
826552,0.17398216752515303
826553,0.8199163451586439
826554,0.9856400820976735
826555,0.9913248014871635
826556,0.9999664880785695
826557,0.9998102671694237
826558,0.3710900428388762
826559,0.01314903367819802
826560,0.31847369816795007
826561,0.9985099102014767
826562,0.9156276217934693
826563,0.8754393532249924
826564,0.25804438060819673
826565,0.9521536160958828
826566,0.003536792662443904
826567,0.026086000701337084
826568,0.9999883223254386
826569,0.6184481806361044
826570,0.5408160993101229
826571,0.9998810851376307
826572,0.7862046476583173
826573,0.9538650004439413
826574,0.9993855280594879
826575,0.9971178814789106
826576,0.4126741383139302
826577,0.9089584466878275
826578,0.9644108048245272
826579,0.9848655833931489
826580,0.03427834103305673
826581,0.07552706469850409
826582,0.8482763531130085
826583,0.013366166252379012
826584,0.8287513243900226
826585,0.9702851883462384
826586,0.9979932252238788
826587,0.9674232733615037
826588,0.6851677393413235
826589,0.9994216682191616
826590,0.05085869939011241
826591,0.013582615512469101
826592,0.9998925535889739
826593,0.8300943988682895
826594,0.9846413371967646
826595,0.3534934449247866
826596,0.45050643203373864
826597,0.9928051408656997
826598,0.8424670688030392
826599,0.9781017392988316
826600,0.2765982240065532
826601,0.9994210409143416
826602,0.9252417448730902
826603,0.30993419972413894
826604,0.9810347768171417
826605,0.15835692310060617
826606,0.9332430650709698
826607,0.7306277221997215
826608,0.9840401448136915
826609,0.9998223239908256
826610,0.9999628055848095
826611,0.015887863318432963
826612,0.9348119484421329
826613,0.40666955407257
826614,0.9946568646223363
826615,0.9975462734890199
826616,0.9998990835920795
826617,0.03240830303068599
826618,0.9995444754408425
826619,0.9995048653170271
826620,0.10531189718722478
826621,0.01092290886744337
826622,0.08917201749107838
826623,0.9996762189740329
826624,0.9277874752915689
826625,0.19664683252210347
826626,0.8839098035792881
826627,0.9997190437926592
826628,0.40495793432299443
826629,0.9999823975210478
826630,0.989547013093405
826631,0.7449898838837896
826632,0.5808762528507135
826633,0.9999821551456977
826634,0.20904345437203542
826635,0.18152952109702802
826636,0.9956724329735666
826637,0.26706812555495973
826638,0.9990612790343921
826639,0.9813337604253227
826640,0.3254964009127367
826641,0.0805327051377918
826642,0.9999841921079071
826643,0.9999714891433371
826644,0.9999396885830747
826645,0.9998091091506336
826646,0.231312713747175
826647,0.604557205572522
826648,0.9995435757157014
826649,0.9918894112654357
826650,0.9999691913879899
826651,0.557365956086046
826652,0.9549479841278663
826653,0.8710679933911878
826654,0.08011930125907996
826655,0.8994288516282523
826656,0.9984906394440629
826657,0.6710568410952034
826658,0.9997695601790018
826659,0.9998971337938004
826660,0.9998801656717918
826661,0.8356238405667193
826662,0.976597730526837
826663,0.9997882167013874
826664,0.9866911921468345
826665,0.7232880031648464
826666,0.2095589701300382
826667,0.19569334160253107
826668,0.9202826309305938
826669,0.9969705659362399
826670,0.5155777881601592
826671,0.999531712000677
826672,0.9999033597406997
826673,0.6968114233716172
826674,0.9977876919858928
826675,0.9999214483023118
826676,0.7907552130718682
826677,0.9999390919260587
826678,0.9997854612065751
826679,0.2770526119865734
826680,0.8190690859935492
826681,0.9949065845378148
826682,0.9997560587520311
826683,0.006739208594606763
826684,0.9627853423714534
826685,0.9010801991939079
826686,0.983166412992272
826687,0.25620071054181365
826688,0.7078773436527122
826689,0.4305282785566468
826690,0.9229494955803188
826691,0.26295142064888993
826692,0.45944918938579654
826693,0.4876042066961908
826694,0.9981055950150259
826695,0.9946364685847724
826696,0.999356105026652
826697,0.7837772007583115
826698,0.014279400755529404
826699,0.9999114603696395
826700,0.747578946558999
826701,0.940044540429829
826702,0.5443764301796452
826703,0.06381915150681837
826704,0.9964283629826346
826705,0.8996041302097029
826706,0.9934501642912429
826707,0.9946550981155435
826708,0.9979222680145754
826709,0.9783437615753727
826710,0.8478760564296446
826711,0.04425419796308408
826712,0.6090543210994499
826713,0.03684561438312274
826714,0.9997583753532486
826715,0.7920898407829622
826716,0.998705584254112
826717,0.834586565342393
826718,0.9993505557152469
826719,0.9369583170174114
826720,0.27040198417464434
826721,0.9368763535314569
826722,0.9998465940924839
826723,0.01959785653975313
826724,0.6969737945158678
826725,0.9998771422699485
826726,0.8014490841369099
826727,0.2777565125012183
826728,0.10730366311400878
826729,0.9869253072816756
826730,0.9934594882983601
826731,0.8402405418311119
826732,0.9968395279476213
826733,0.9939540082703255
826734,0.996550135412084
826735,0.9998497189929079
826736,0.1874412647375009
826737,0.21379033859433189
826738,0.8420221646632199
826739,0.9991630728118563
826740,0.827607009815876
826741,0.9994177702874014
826742,0.8897106782686031
826743,0.2261958995608898
826744,0.9989689296362168
826745,0.9982954609461544
826746,0.9349663979008231
826747,0.9990294385068458
826748,0.9085624793254117
826749,0.999894791390211
826750,0.9995439234825125
826751,0.9995899734889578
826752,0.6841025397342513
826753,0.9997554150544773
826754,0.9996248219883872
826755,0.9996528608884568
826756,0.9314692765367543
826757,0.8282164100654008
826758,0.9975692361009798
826759,0.9997631785908948
826760,0.48668984781313807
826761,0.9999676969415145
826762,0.7587663655253016
826763,0.0740308606423646
826764,0.7000363282133162
826765,0.5102308262275692
826766,0.4229856899753215
826767,0.43146931759063684
826768,0.6506490007198587
826769,0.9997840680339545
826770,0.998402881262956
826771,0.6483757097452261
826772,0.9453562047726806
826773,0.43384104801257317
826774,0.9968953109390112
826775,0.9173664832947728
826776,0.9739438044533887
826777,0.99930860203281
826778,0.1337947734434552
826779,0.9966148588243195
826780,0.9999034702518481
826781,0.1442095056002101
826782,0.9991010964710632
826783,0.9998203383425759
826784,0.9969076547956846
826785,0.9997789125316257
826786,0.9992233325344977
826787,0.8385972479382727
826788,0.9991107158655435
826789,0.15678605885060054
826790,0.9970000797751041
826791,0.1216340149737449
826792,0.8171038806566875
826793,0.9274876976551774
826794,0.998713912401593
826795,0.9999313658759295
826796,0.9988030798304572
826797,0.33933228003292804
826798,0.9995735624211977
826799,0.9663553572888364
826800,0.4450206702576162
826801,0.9904036266807381
826802,0.9997875411291123
826803,0.2597161311590494
826804,0.9882570619068437
826805,0.4843337317421216
826806,0.999923324371022
826807,0.44964209953251427
826808,0.9986304439122669
826809,0.2674166960322074
826810,0.9997842442275068
826811,0.8325196981936682
826812,0.9992492238638693
826813,0.9775278627363446
826814,0.25583144866742363
826815,0.999880605431793
826816,0.9964316847403731
826817,0.9965843759630686
826818,0.9999751918281117
826819,0.9998863582909507
826820,0.6668667047527318
826821,0.379973774055274
826822,0.9723959424907811
826823,0.8505943533931226
826824,0.994546019789913
826825,0.92614799312595
826826,0.017375708833935518
826827,0.9996919689241607
826828,0.9997218270442325
826829,0.6574844774829572
826830,0.059559099185428385
826831,0.9893498488405076
826832,0.9998787752278779
826833,0.9985011657795466
826834,0.9560186086097491
826835,0.792834683801557
826836,0.9999525165494937
826837,0.3545462741976606
826838,0.9977992998951237
826839,0.999887831652605
826840,0.9995848261588822
826841,0.6903071585475086
826842,0.9998835723549448
826843,0.9502734423664896
826844,0.954120102557441
826845,0.9956444640722031
826846,0.9997372278316088
826847,0.9988266474278734
826848,0.5444535557159551
826849,0.8367969858623083
826850,0.9550375843050434
826851,0.17094502543620832
826852,0.7050988293770935
826853,0.00832983781603282
826854,0.994182885501194
826855,0.9810118115385369
826856,0.031129505671691548
826857,0.9999017099729947
826858,0.998876458012353
826859,0.9987699144016561
826860,0.9998992435804859
826861,0.9949261100720019
826862,0.9978185684603575
826863,0.9999098559004516
826864,0.997546209942987
826865,0.9993815856999835
826866,0.1275382588887785
826867,0.9999619283204659
826868,0.010751286594744815
826869,0.6045746525331603
826870,0.005342713877493021
826871,0.6470379634850368
826872,0.9999425874347432
826873,0.9756501118974248
826874,0.8196944621121931
826875,0.99997541000337
826876,0.9998006165259194
826877,0.9821649102412022
826878,0.9869007675927195
826879,0.9997296512602218
826880,0.9986647021768831
826881,0.831835200109944
826882,0.1362091591029307
826883,0.9956958634701656
826884,0.9988740827964782
826885,0.7207950571646742
826886,0.9895005393064022
826887,0.11001821387178563
826888,0.5864034455019929
826889,0.9989986326284126
826890,0.9996533665448069
826891,0.6592332469974531
826892,0.9523850759187873
826893,0.8806572761317986
826894,0.5804536985133759
826895,0.9818808872034567
826896,0.2713556785058554
826897,0.9986795989305424
826898,0.10593113452301645
826899,0.4127182897453936
826900,0.9295250290933591
826901,0.4148733856137661
826902,0.12221292033318053
826903,0.9933021752612003
826904,0.9269574051359399
826905,0.9994653021381205
826906,0.23856685186356652
826907,0.6334478940473638
826908,0.044018824357000136
826909,0.6681417782359115
826910,0.41173622178540453
826911,0.6136746028261029
826912,0.9999673889289953
826913,0.965824382264671
826914,0.9997400338858415
826915,0.48101697897000506
826916,0.043252001762360374
826917,0.9432877459906078
826918,0.9996137171469031
826919,0.9999618039348366
826920,0.9997728675207262
826921,0.3163066030551657
826922,0.18610344398733256
826923,0.9994329482104546
826924,0.8781823371851574
826925,0.999984425380819
826926,0.999851773908794
826927,0.08544044605279372
826928,0.9996707793040625
826929,0.9999516842536116
826930,0.33802974077176545
826931,0.05868060501032801
826932,0.12278894000523113
826933,0.8534057936975389
826934,0.8123195984821818
826935,0.9988036028435637
826936,0.9976742046698741
826937,0.6028583281313102
826938,0.9960103958314327
826939,0.9997006559725192
826940,0.9747969119626271
826941,0.9965955489802049
826942,0.9998938955937299
826943,0.9994998809415876
826944,0.9994462110303981
826945,0.9996938893823835
826946,0.03401941984405593
826947,0.8756759346582605
826948,0.08477501247334626
826949,0.08961853383115956
826950,0.9998976405236077
826951,0.09410672860028922
826952,0.999963711807647
826953,0.9999359411379384
826954,0.9951824839102493
826955,0.9997942496707779
826956,0.9556000551400293
826957,0.04904474946298002
826958,0.9241567207390192
826959,0.6631992527722148
826960,0.9991095959714171
826961,0.6566695102120941
826962,0.545290563816451
826963,0.9922057533060545
826964,0.9825758534528489
826965,0.8798464807735575
826966,0.9999588061185376
826967,0.9998757562095985
826968,0.7684310017463123
826969,0.9951441040872568
826970,0.9999229546973086
826971,0.9997700666690355
826972,0.9264206961213011
826973,0.9997430221230929
826974,0.780163310599601
826975,0.7691136005869441
826976,0.542751438037414
826977,0.9764293599913421
826978,0.9971728783779561
826979,0.996856578892133
826980,0.07454262338329465
826981,0.8352791314487705
826982,0.9998540176329132
826983,0.9999823351194269
826984,0.020091836346864043
826985,0.9197258145129534
826986,0.5910282041926682
826987,0.9957131115334554
826988,0.9997962645803106
826989,0.26191851122229526
826990,0.07023182463593353
826991,0.4047528387245082
826992,0.9979094300320761
826993,0.9998851230754711
826994,0.9996716508382276
826995,0.022788812128417903
826996,0.9980405405399909
826997,0.8431810435475725
826998,0.45567247246760784
826999,0.9998053765456059
827000,0.4005301793138871
827001,0.5237418095437101
827002,0.9999386418838886
827003,0.99739901645745
827004,0.9997917947185685
827005,0.9979773539383252
827006,0.9624429636451695
827007,0.9944653075863065
827008,0.9993728301240153
827009,0.9911561257364648
827010,0.986294737440722
827011,0.9999846623694543
827012,0.00575857090526668
827013,0.7988404611380941
827014,0.996493077850702
827015,0.9562546033292546
827016,0.9935837214089684
827017,0.9992850917993221
827018,0.37068367132485674
827019,0.698423887459699
827020,0.9991956715231367
827021,0.7533875822370892
827022,0.7481306656182529
827023,0.8578419322180639
827024,0.02771011721877033
827025,0.9972120700410847
827026,0.6782420039548878
827027,0.9996664815474698
827028,0.7896410435573822
827029,0.5867470480205343
827030,0.344464642419437
827031,0.8731885162434616
827032,0.9509369510809457
827033,0.012505929765460047
827034,0.32360878053532144
827035,0.999321252087197
827036,0.03678151908969466
827037,0.04981853010039872
827038,0.3998075477730699
827039,0.34745021143692945
827040,0.8362044939064133
827041,0.42331504853600477
827042,0.21256405070334403
827043,0.9480221083518899
827044,0.7560675608728111
827045,0.724688800262252
827046,0.9833540933391475
827047,0.3587666501813068
827048,0.010764689218003335
827049,0.5024583545047908
827050,0.43787310523801404
827051,0.06878420753596172
827052,0.9885687640727842
827053,0.9815966721411551
827054,0.9993997787491127
827055,0.29725886684509567
827056,0.9131331988461618
827057,0.7708672259750845
827058,0.07300103437073951
827059,0.999857286426006
827060,0.9894640520472526
827061,0.37608676897027843
827062,0.8658668145205564
827063,0.9465881164829928
827064,0.9952318796645343
827065,0.008869585735675712
827066,0.46968102989640054
827067,0.3823311593811294
827068,0.992556149244584
827069,0.9998457341308089
827070,0.9999931551728298
827071,0.9999345753687867
827072,0.06617276851011282
827073,0.6706047564853465
827074,0.962028579115701
827075,0.622826851997331
827076,0.43918985417515766
827077,0.9907839256710226
827078,0.9997273285273651
827079,0.2896127907319084
827080,0.6266545888347544
827081,0.9217591487708059
827082,0.990010076933662
827083,0.9982786832868185
827084,0.5261291899914412
827085,0.9998104959494429
827086,0.40487711083137135
827087,0.15043499004096197
827088,0.9993945824986578
827089,0.7947163063407303
827090,0.9992116194055328
827091,0.04623374781848505
827092,0.6147822746976175
827093,0.7680462736770397
827094,0.9616163085823726
827095,0.7846406942041578
827096,0.9999881744882156
827097,0.599689189314034
827098,0.3758846266486713
827099,0.7687296362588745
827100,0.9482131082207228
827101,0.9394509858476998
827102,0.9979345210982231
827103,0.7024015547791493
827104,0.5692351150970046
827105,0.9996947349049521
827106,0.8927010128109657
827107,0.15879028508810514
827108,0.999982235974809
827109,0.06503204932067627
827110,0.9998920222155113
827111,0.0721474504159909
827112,0.032653778593551015
827113,0.08708429295159925
827114,0.9998829770366351
827115,0.5734346313932627
827116,0.48417662835036723
827117,0.9998949440077878
827118,0.9583515971976466
827119,0.9999530274575488
827120,0.17571633572090659
827121,0.5599256523510574
827122,0.9745087381951425
827123,0.9989093226668833
827124,0.9997805404534954
827125,0.9996388364532808
827126,0.1603926179730478
827127,0.9999505216551143
827128,0.030550665785085657
827129,0.49199979594042464
827130,0.9891531757021577
827131,0.9999935623061218
827132,0.7500818053042655
827133,0.9103752850088062
827134,0.999913886004712
827135,0.8663884513926988
827136,0.6581042521047502
827137,0.6293843307783044
827138,0.9993763335717958
827139,0.012721562799806753
827140,0.16429606501912308
827141,0.8251043006123888
827142,0.9997725617546622
827143,0.6123225472936487
827144,0.0545209432721414
827145,0.9999936371228926
827146,0.9998300824024886
827147,0.8728808633456047
827148,0.9986457433133787
827149,0.764202579912767
827150,0.999142034323088
827151,0.9999214595474974
827152,0.9969195082011474
827153,0.9615422424142166
827154,0.9999515393870184
827155,0.9998853687155347
827156,0.28922918173723605
827157,0.8082308938049088
827158,0.9977726956866431
827159,0.6150806014805448
827160,0.014652925808155394
827161,0.9993683984245072
827162,0.45265896799902716
827163,0.5388302316147455
827164,0.08220356955366546
827165,0.9938810300915089
827166,0.9969844763870348
827167,0.38167051043514755
827168,0.04866792126677752
827169,0.9972416892651286
827170,0.5110496950988546
827171,0.9992908687128083
827172,0.2172546111231386
827173,0.12426123757510812
827174,0.054471096567464336
827175,0.7389040112238441
827176,0.48456893995278283
827177,0.9862168546487033
827178,0.757664843857104
827179,0.13509086247856783
827180,0.8003591490295516
827181,0.9968133239279411
827182,0.9517124842366237
827183,0.9884243521872376
827184,0.9283988010722413
827185,0.16973941522087255
827186,0.633958144946742
827187,0.9963411580339534
827188,0.9302951402981691
827189,0.9992255740068816
827190,0.9837642310669154
827191,0.9999329549439079
827192,0.989481114066858
827193,0.09078350702418188
827194,0.9994182932846891
827195,0.6066034538506888
827196,0.7399342404506358
827197,0.7860289562116551
827198,0.9999132861775544
827199,0.4515905760986131
827200,0.12071870760620468
827201,0.25377517850623904
827202,0.97802508864338
827203,0.7757045765438746
827204,0.9941321224665396
827205,0.9999124704392675
827206,0.06840733690625225
827207,0.6309598902128359
827208,0.5794275085314883
827209,0.9643612446742651
827210,0.30616072243821996
827211,0.5736380415124906
827212,0.6997295214642802
827213,0.9991471164135348
827214,0.9998072046915683
827215,0.9996180921830704
827216,0.02592199426620726
827217,0.9997956756067496
827218,0.6181369093278244
827219,0.8027945448693021
827220,0.8944416900943244
827221,0.9416504987705386
827222,0.9857075881718333
827223,0.6434633973653678
827224,0.8279153159200932
827225,0.8978060593425525
827226,0.9991490185143379
827227,0.1801660620126365
827228,0.9997894928689258
827229,0.7783691360063985
827230,0.9952801371222737
827231,0.999556749874915
827232,0.17779125499229376
827233,0.9897064999671468
827234,0.9999555320415479
827235,0.0023805306897028045
827236,0.9998865407592599
827237,0.8268332054529547
827238,0.9855862544658316
827239,0.012217696298503694
827240,0.026332763277750595
827241,0.9999557588149992
827242,0.29400361998212515
827243,0.4460188253371646
827244,0.008741731014711537
827245,0.3207972676214823
827246,0.653121248443899
827247,0.9999831268061414
827248,0.250714250758475
827249,0.9999549735503419
827250,0.9530759210610459
827251,0.9885186515408437
827252,0.007088842304545758
827253,0.6056819416934515
827254,0.6973051944745008
827255,0.9996878858328251
827256,0.7552335070025492
827257,0.999779386630063
827258,0.35726935049223874
827259,0.9386868290024863
827260,0.9996684222232626
827261,0.9998937116645661
827262,0.9997443487964478
827263,0.9740440270884199
827264,0.9443547738428688
827265,0.2144137177768004
827266,0.9981979235419971
827267,0.9990988628700889
827268,0.33521382085533513
827269,0.320135518261339
827270,0.7867249853326065
827271,0.9992925280141383
827272,0.9997389422418088
827273,0.029095096475068423
827274,0.9320259882390531
827275,0.9996247583771503
827276,0.8674306211392822
827277,0.010891847145712067
827278,0.1934046992763182
827279,0.9273021163676587
827280,0.9998296606099952
827281,0.06966982635035485
827282,0.9998987703353077
827283,0.5242241143945896
827284,0.14653443600479515
827285,0.2188879781671113
827286,0.5737445991337844
827287,0.4694021692208541
827288,0.9312218513456703
827289,0.22669368317195335
827290,0.9976987331648013
827291,0.7618211949048107
827292,0.720103507311331
827293,0.8590614389864959
827294,0.9889496143036054
827295,0.9533878101995765
827296,0.9997182001821259
827297,0.14636786075355157
827298,0.061248107504975294
827299,0.009934367370488351
827300,0.8509141652748442
827301,0.007418572192259944
827302,0.6722118239011128
827303,0.10554168990319482
827304,0.9919602384109132
827305,0.0467362804865979
827306,0.9950435861704072
827307,0.979017659513015
827308,0.22338146198601527
827309,0.9999687495191056
827310,0.393377934594765
827311,0.4456081010995705
827312,0.9745451873331845
827313,0.9993416483327215
827314,0.9899320619161105
827315,0.0817386309041857
827316,0.07603062268358982
827317,0.6996091239604803
827318,0.8724813578056156
827319,0.04866410168560463
827320,0.4361038120875125
827321,0.07270025853438278
827322,0.9994407532690002
827323,0.01429743128489359
827324,0.13354048001322816
827325,0.8255050821742735
827326,0.015081790826320165
827327,0.016223562908375663
827328,0.552754611626521
827329,0.9892722720931326
827330,0.7785392517867374
827331,0.9941135625942855
827332,0.9826690093019695
827333,0.0639434964698818
827334,0.9932142528162023
827335,0.9735624743433869
827336,0.9862742428716817
827337,0.9998847779492127
827338,0.9786934477051072
827339,0.9752903596585565
827340,0.9400901014008035
827341,0.9991328350349962
827342,0.7994793066088022
827343,0.9996044063981431
827344,0.9998379870801618
827345,0.8805572790679934
827346,0.6340711400137876
827347,0.11397517396865112
827348,0.8828987244456863
827349,0.9982412367880386
827350,0.05653084441812633
827351,0.44969682244774445
827352,0.999780063619104
827353,0.008361400823873485
827354,0.5555073047048756
827355,0.9997578086862287
827356,0.8266716026176966
827357,0.7558982529822668
827358,0.9840517089441034
827359,0.9225137907990424
827360,0.9095174006568936
827361,0.8765452956822248
827362,0.02319492434155948
827363,0.9998497720180082
827364,0.2835338932079018
827365,0.999641401307243
827366,0.9986621473672368
827367,0.05323716357047563
827368,0.9977747076634733
827369,0.9952941684946253
827370,0.9999898549136951
827371,0.7221404950861844
827372,0.9999192706049329
827373,0.04338624352899628
827374,0.9952440024410272
827375,0.8922100967048693
827376,0.23398229474591203
827377,0.5480857651039514
827378,0.10291981304188019
827379,0.8230466330357121
827380,0.49767464605307205
827381,0.5678452419520822
827382,0.9960612561892893
827383,0.9995128076569417
827384,0.999261967382324
827385,0.99879573793927
827386,0.18889327609257073
827387,0.9954275263135158
827388,0.999797365007099
827389,0.4017971424847203
827390,0.7236769624075505
827391,0.45662599570900453
827392,0.7364969564477106
827393,0.5144227833180813
827394,0.014269562091260433
827395,0.9999638066401386
827396,0.9987455502620863
827397,0.7507003701722056
827398,0.011968061974853068
827399,0.004392885522244694
827400,0.9906627001537774
827401,0.02351310278671464
827402,0.9746318721493976
827403,0.6343590074535264
827404,0.8965854622981185
827405,0.9977866789489155
827406,0.9175031195345011
827407,0.9803096229781382
827408,0.7380404612823965
827409,0.9887279740161397
827410,0.5217043416315978
827411,0.9997905438809471
827412,0.3425125901942653
827413,0.9982646839845087
827414,0.11784010799537001
827415,0.4132929326491219
827416,0.01256733335149788
827417,0.5480554406991373
827418,0.2613262355502111
827419,0.132898481486206
827420,0.9992682395918063
827421,0.3698899471849142
827422,0.038514484240158985
827423,0.9955724729911288
827424,0.0027638483343498297
827425,0.0074769287755210405
827426,0.3033507484757786
827427,0.032030464258488024
827428,0.9984143348801884
827429,0.8556982591521296
827430,0.30633322718382633
827431,0.9996085265372135
827432,0.9999200173847151
827433,0.9109515774661385
827434,0.047724508138223376
827435,0.9995795590698033
827436,0.9986920224417162
827437,0.35302065725450993
827438,0.22421957203789528
827439,0.5737691735618001
827440,0.9096694744892211
827441,0.9995431863177895
827442,0.6702204161409923
827443,0.029890826025529074
827444,0.219324152204813
827445,0.002161920987918516
827446,0.006700654643135808
827447,0.9765455062899829
827448,0.9961463295658222
827449,0.9235781536440741
827450,0.9187684241028252
827451,0.9930546904225876
827452,0.21445917906731674
827453,0.08340312795444027
827454,0.9513770174940173
827455,0.006517589254750501
827456,0.9999386015200173
827457,0.9285695580664635
827458,0.9942405943245245
827459,0.9992590573909015
827460,0.9990517956645973
827461,0.9995352552164296
827462,0.9887765558590091
827463,0.4772465716178984
827464,0.029402054004143835
827465,0.9995833684156272
827466,0.03855938445461732
827467,0.9669037976809036
827468,0.9986386895950354
827469,0.9998046259503304
827470,0.9628939632161008
827471,0.9990461687689853
827472,0.5384770564865806
827473,0.5812492792002828
827474,0.7491363725166218
827475,0.9937882617039557
827476,0.976089871420492
827477,0.32996690392653627
827478,0.9731938099437157
827479,0.999256566953729
827480,0.9980907824806475
827481,0.9980185369017763
827482,0.5914501032046136
827483,0.9973409528507009
827484,0.8518327776818625
827485,0.9995484349213897
827486,0.09164053385866269
827487,0.4942804636342347
827488,0.648116032603357
827489,0.539154370213368
827490,0.010006633253974126
827491,0.1562173131026063
827492,0.23410180220784266
827493,0.9938394341596983
827494,0.9812967757933595
827495,0.7177762770623635
827496,0.00628285881053404
827497,0.2264091018061354
827498,0.23280004371122662
827499,0.2923624055032964
827500,0.03898692617940329
827501,0.9998600802902313
827502,0.8808620664481469
827503,0.9970387197336334
827504,0.9666035075541388
827505,0.9957864537959169
827506,0.96586344532984
827507,0.31812755649402746
827508,0.9998317284483872
827509,0.04397234713868807
827510,0.9760061943374398
827511,0.9155577946519465
827512,0.017936069333035275
827513,0.2160705012861054
827514,0.9952919457493069
827515,0.4285338030250603
827516,0.003142590561312621
827517,0.7707769200125414
827518,0.12303182710249264
827519,0.8833520785278536
827520,0.9821264466970331
827521,0.19822353762269576
827522,0.9998406106945984
827523,0.9997846131091911
827524,0.9996613080823276
827525,0.9996078522915012
827526,0.14324587962752822
827527,0.9999478197363927
827528,0.012055123764680417
827529,0.7021303694133787
827530,0.9799346509484921
827531,0.9991141793483157
827532,0.1963270610485767
827533,0.5718155992118134
827534,0.9803526869028865
827535,0.9616332209977294
827536,0.033803133073390834
827537,0.23098231492850316
827538,0.9987766418128373
827539,0.9997314859479917
827540,0.7627893092966807
827541,0.21082608398356426
827542,0.9998869363811056
827543,0.4553032897376479
827544,0.9999066267224215
827545,0.33513294020750606
827546,0.27874718495401773
827547,0.8362442209110897
827548,0.9993142424959435
827549,0.9996958068439225
827550,0.2705230464432209
827551,0.3760761970443897
827552,0.9998635907427241
827553,0.9182676722278509
827554,0.7782305025604843
827555,0.9413617024983802
827556,0.5357423008141884
827557,0.858855757396302
827558,0.9989628322214653
827559,0.9998587265609428
827560,0.9947147938402985
827561,0.9991053778288181
827562,0.9998972422482869
827563,0.9983899745432779
827564,0.5121535759537331
827565,0.008389190623914222
827566,0.9553227567093415
827567,0.41620143782909685
827568,0.9290917034302214
827569,0.9896137822818074
827570,0.38175486746877096
827571,0.9849831153937046
827572,0.9994937261037409
827573,0.7422199119109583
827574,0.997510870896059
827575,0.8634862180800702
827576,0.13910967385934203
827577,0.9997775765650245
827578,0.8440347913938908
827579,0.9998675755029037
827580,0.9996298092764694
827581,0.9987389426442393
827582,0.019515188782927847
827583,0.3656524118604603
827584,0.9999707621953344
827585,0.05806762962470697
827586,0.9935993516654822
827587,0.9506439297516892
827588,0.4388993668745942
827589,0.9072325320765452
827590,0.998546883033262
827591,0.9834597874128367
827592,0.02192482608813895
827593,0.9998659981741354
827594,0.48745037986124795
827595,0.07617831807704063
827596,0.9949066913087432
827597,0.31786870682437857
827598,0.5877137914298337
827599,0.677809844426375
827600,0.9997890503025434
827601,0.0036480584744860178
827602,0.4083495325093336
827603,0.9997678002740278
827604,0.018866388618786797
827605,0.8609887232286556
827606,0.9830330602876076
827607,0.026376722988924243
827608,0.9186969852878166
827609,0.23785115295213188
827610,0.0342978254571117
827611,0.062113972070865525
827612,0.9642657253257485
827613,0.9426779060695715
827614,0.9998037353053153
827615,0.8178126709797198
827616,0.23590037358401428
827617,0.2879404281820683
827618,0.9996864542638872
827619,0.9999133783876653
827620,0.9961071726416326
827621,0.028702373975646567
827622,0.47067143343013007
827623,0.9996922675254325
827624,0.9998520134264062
827625,0.9994073541502013
827626,0.999914479927149
827627,0.9040061822249399
827628,0.929251364086374
827629,0.12947308377934152
827630,0.7847615516701636
827631,0.9968510441973948
827632,0.9919863917467071
827633,0.9927861569479582
827634,0.9457144064243278
827635,0.9999311674981114
827636,0.9993701649687486
827637,0.3083870190503949
827638,0.0830268975438564
827639,0.947971651275044
827640,0.005163865782149824
827641,0.19933712779379514
827642,0.999933901448359
827643,0.9996696760234531
827644,0.4952428309337709
827645,0.9695752938919151
827646,0.8034636394214358
827647,0.34117226701183323
827648,0.9679631207398832
827649,0.32519989720094244
827650,0.9988708632756884
827651,0.9998175504687813
827652,0.9958779439747495
827653,0.9995865967176272
827654,0.014220070705526553
827655,0.4767251984265443
827656,0.9817766266119174
827657,0.015288324249945095
827658,0.32005637109395385
827659,0.6308691498781088
827660,0.42408928728921735
827661,0.9957835160217721
827662,0.9964632002520419
827663,0.9998690008153481
827664,0.36603497446348343
827665,0.12863355371895374
827666,0.46238679252300474
827667,0.8992731167042405
827668,0.6315732308099731
827669,0.9984297252980616
827670,0.9255509754841105
827671,0.9985622483683929
827672,0.6344489353918478
827673,0.7790363416979081
827674,0.08329116566029182
827675,0.991439358940415
827676,0.08392892047535855
827677,0.9951918283216128
827678,0.0018468740911224044
827679,0.9943955091502493
827680,0.07131025889496206
827681,0.9866878331105277
827682,0.028652815464757682
827683,0.7573746320443574
827684,0.7562746631316636
827685,0.9114944988542142
827686,0.9482269445056043
827687,0.9997430909971057
827688,0.04749088607692733
827689,0.9949925324798876
827690,0.9862716707987407
827691,0.46087534186538925
827692,0.4368776273972065
827693,0.8747958378232286
827694,0.6529986819879281
827695,0.9964065667284764
827696,0.0854219195278216
827697,0.9991709755345588
827698,0.991680522870928
827699,0.9995325541183132
827700,0.9900138831910359
827701,0.9780963231833977
827702,0.9830979510354991
827703,0.9987648500292606
827704,0.9999249333792302
827705,0.8352756684150034
827706,0.45914849853110107
827707,0.05732565435681049
827708,0.9739763925142602
827709,0.2944590748007534
827710,0.9968809161298917
827711,0.9982157362465278
827712,0.5587913523457909
827713,0.986464458520357
827714,0.9976800766187516
827715,0.9978245800809709
827716,0.9997406089982421
827717,0.9999658880348281
827718,0.0215637588285096
827719,0.0029456831598736596
827720,0.9857490427131512
827721,0.8607342319891031
827722,0.9997840838720073
827723,0.9916170812104625
827724,0.9997523331994469
827725,0.4782512043642802
827726,0.9933968942713559
827727,0.9996026487577216
827728,0.9512339313306459
827729,0.62284066891171
827730,0.21328506348072004
827731,0.7852465025659645
827732,0.05209145634099889
827733,0.934673329119186
827734,0.967704272558405
827735,0.9997784766671411
827736,0.7637134528159008
827737,0.01877714681758847
827738,0.06764930320433835
827739,0.9997484733446551
827740,0.08652674071168034
827741,0.9995075389413793
827742,0.6507413265427557
827743,0.9946812986321447
827744,0.887767912598088
827745,0.9998586862216639
827746,0.13984427817230333
827747,0.9701087860046678
827748,0.04309435671037884
827749,0.5454726016527377
827750,0.9837392097353697
827751,0.6051682586042946
827752,0.9210581838352276
827753,0.8823330310761924
827754,0.0430025387808523
827755,0.011217332131503737
827756,0.06983468469881995
827757,0.9999857563497228
827758,0.9291149977491919
827759,0.9786800058512046
827760,0.982769485082841
827761,0.665610255755995
827762,0.9910837122233787
827763,0.9992035537403046
827764,0.999852985400689
827765,0.9603506017063028
827766,0.9994870693302017
827767,0.9998113604373063
827768,0.9998920768030252
827769,0.5442628881666262
827770,0.9992944604034629
827771,0.06448036935076185
827772,0.9992001640526746
827773,0.9994953303529458
827774,0.9990479666788602
827775,0.986447669058061
827776,0.3250271019966837
827777,0.9999664099222674
827778,0.9439450724865437
827779,0.11044510796371279
827780,0.7791497883984864
827781,0.6345231978066599
827782,0.004040003981843121
827783,0.06443465914641741
827784,0.9908879080309321
827785,0.01064051828762587
827786,0.6918156653442811
827787,0.9483116856089857
827788,0.9852416136741704
827789,0.3101551929365749
827790,0.9986785284307262
827791,0.997225343383312
827792,0.9990038690410494
827793,0.9999337478459742
827794,0.9075811889086296
827795,0.9468441242435055
827796,0.9999370145892476
827797,0.999505985663296
827798,0.0093697310111567
827799,0.9647206634127503
827800,0.2365386052217872
827801,0.965465157058305
827802,0.012939689908461486
827803,0.6885441057913652
827804,0.9890445701119521
827805,0.9073481506927971
827806,0.99979620336146
827807,0.9963742609045492
827808,0.9981449452290712
827809,0.9986983171034725
827810,0.9999796839958551
827811,0.9362546494292464
827812,0.9988381517939975
827813,0.999754202481563
827814,0.9997017646665365
827815,0.9741181277085239
827816,0.9977814024334967
827817,0.9998450866397085
827818,0.519958724991189
827819,0.16979788665590448
827820,0.9993373657442417
827821,0.06466595772058568
827822,0.9474231063775201
827823,0.14820136589086377
827824,0.9371986408963611
827825,0.4442887613282229
827826,0.19140419134702394
827827,0.07611378879030913
827828,0.006514593856337765
827829,0.7802880607798497
827830,0.9565606917564967
827831,0.2573934644679597
827832,0.9999586891937962
827833,0.9995938272385863
827834,0.9989714779959176
827835,0.9983474790245543
827836,0.9899027215354701
827837,0.9993586868731135
827838,0.6788587732286863
827839,0.12270705914014896
827840,0.39134256946996243
827841,0.9990915977130311
827842,0.9994504113319349
827843,0.7397508382166434
827844,0.021299771797259257
827845,0.9976472307415019
827846,0.9998813092226471
827847,0.6279386990060217
827848,0.07442406945974048
827849,0.9959091655644907
827850,0.4501953461931359
827851,0.9997098435312748
827852,0.8570913485871404
827853,0.9916587479320742
827854,0.9987309499154802
827855,0.9998748061041008
827856,0.08382042393016888
827857,0.3448855646193041
827858,0.9938837963617939
827859,0.9442196078473521
827860,0.9997472178106499
827861,0.20458487887473115
827862,0.1039336927514508
827863,0.9638255755059841
827864,0.020737348760202244
827865,0.9996369647144387
827866,0.18437163274075838
827867,0.9997757658969407
827868,0.2291805677390619
827869,0.9919221524477098
827870,0.5851762855020577
827871,0.01291167452055219
827872,0.999009395931159
827873,0.6750664186592314
827874,0.056309738762455555
827875,0.9548092019097645
827876,0.9999783161634973
827877,0.1889830247223156
827878,0.016044847411775306
827879,0.943296631437666
827880,0.961092178868601
827881,0.8392778176706491
827882,0.9992502241652921
827883,0.9999586322852902
827884,0.9992732309630463
827885,0.23171756973175528
827886,0.9971625536001488
827887,0.9084237238419084
827888,0.9998893728338022
827889,0.998549759728913
827890,0.9966762784693542
827891,0.772939572727363
827892,0.9510366404195327
827893,0.7533927770600615
827894,0.016282317794404505
827895,0.1082132548496863
827896,0.9943828906511729
827897,0.9973587583796275
827898,0.04334115763922146
827899,0.9960809843035987
827900,0.9999135602314946
827901,0.8165222722934893
827902,0.9985920216818509
827903,0.996018288220903
827904,0.8154300375404151
827905,0.9957491627017603
827906,0.020844550033178644
827907,0.26968121163750886
827908,0.990913442628868
827909,0.9998295724595898
827910,0.12372460779537825
827911,0.9885744518424812
827912,0.6938085051147063
827913,0.4245410898421574
827914,0.9990630400844699
827915,0.9189441695585447
827916,0.9987978415465961
827917,0.9089199193944897
827918,0.15487411285303307
827919,0.9994812068814037
827920,0.9997809022346091
827921,0.5551100683731579
827922,0.1334361987667909
827923,0.537970022371364
827924,0.9934211123135246
827925,0.975614206872208
827926,0.9992985132172703
827927,0.8540106709973485
827928,0.544111372666206
827929,0.9255664026915171
827930,0.9997400736826307
827931,0.7768477375675016
827932,0.6776887689515894
827933,0.6063824516469946
827934,0.48104098436230236
827935,0.0704594400543279
827936,0.61781408783142
827937,0.9741208943021783
827938,0.7554935267163492
827939,0.6977422285017525
827940,0.9949848991415458
827941,0.8510363887493062
827942,0.05826062978656926
827943,0.8011746457930511
827944,0.9941489374860293
827945,0.8606539593923583
827946,0.031377207678806605
827947,0.9746021951113043
827948,0.9272801644869739
827949,0.9999221801249089
827950,0.9979184822777911
827951,0.0576142877353316
827952,0.9996684511621805
827953,0.9421365534549269
827954,0.7185882765185639
827955,0.9999788782196121
827956,0.6147122642689012
827957,0.5217499271781594
827958,0.9993561129267807
827959,0.5738151945152331
827960,0.8841875222361344
827961,0.9998258833950089
827962,0.9995215785260985
827963,0.9169838602239224
827964,0.4288099620329499
827965,0.5960388637072304
827966,0.9969947310431952
827967,0.9922942770313221
827968,0.946460340155138
827969,0.04030399870517949
827970,0.011574859561997927
827971,0.9994030218799632
827972,0.5268207270537622
827973,0.9086237839752582
827974,0.9980745589810153
827975,0.9321198728135172
827976,0.8149970213254456
827977,0.9476868052555978
827978,0.9116131728612205
827979,0.14140477053805037
827980,0.11535558249243731
827981,0.5980658356031563
827982,0.9999841635335507
827983,0.9997920854266171
827984,0.5547596744120767
827985,0.9868889055444146
827986,0.9997337681101686
827987,0.9947509644139588
827988,0.8461966884123003
827989,0.9994231633028872
827990,0.9968840964133732
827991,0.9998554584157827
827992,0.9657484988618426
827993,0.4744654887218709
827994,0.6498682024792001
827995,0.9999530092219064
827996,0.9955723313247855
827997,0.1456136693567025
827998,0.2238756547591868
827999,0.04897981197462152
828000,0.05408450066417325
828001,0.7576824809856874
828002,0.9046660441266527
828003,0.9968839007787409
828004,0.7336533076666156
828005,0.9996906992401299
828006,0.8670358696432051
828007,0.9111994722918371
828008,0.9996550171408972
828009,0.053825790880675656
828010,0.9997858003006718
828011,0.07573960847554302
828012,0.9957701572567346
828013,0.02214158522919066
828014,0.9971017858977402
828015,0.9125357089911719
828016,0.936427691938699
828017,0.9947627286558332
828018,0.5336061420126897
828019,0.999796535556746
828020,0.9769566464066837
828021,0.9996990057872861
828022,0.06884676972412403
828023,0.9615000174169712
828024,0.05602927343399893
828025,0.9999459992500741
828026,0.5393962141096209
828027,0.9978547640720778
828028,0.9000379364424846
828029,0.005981129019967108
828030,0.9657059086034545
828031,0.814090365320009
828032,0.9996073261263005
828033,0.03940334597254209
828034,0.0433879000677209
828035,0.9997994800635002
828036,0.5192491291223161
828037,0.9687674488885869
828038,0.6621638877954636
828039,0.14299805547853034
828040,0.7370665426606351
828041,0.8477846418584818
828042,0.049714137622295484
828043,0.9998579820560793
828044,0.9994479057951291
828045,0.9345590252061604
828046,0.9855264196568626
828047,0.9997724812654685
828048,0.9999960622776751
828049,0.15038742702337507
828050,0.9996887934442783
828051,0.9989736051536322
828052,0.19569463971613577
828053,0.003143610622422819
828054,0.09615166350947639
828055,0.39587045778937013
828056,0.9997744499664866
828057,0.9999728662898426
828058,0.9995919946010762
828059,0.9943093987969667
828060,0.3925457457773717
828061,0.9681114068846739
828062,0.9069590797499522
828063,0.999636750021712
828064,0.47213705443497744
828065,0.15083147223919818
828066,0.5655478697045864
828067,0.5152022327493516
828068,0.6070310189804307
828069,0.9994926303639718
828070,0.9997792111184439
828071,0.8763562856004639
828072,0.9998969268002404
828073,0.9999378458081944
828074,0.40488076662086514
828075,0.9907911028820162
828076,0.999946741865959
828077,0.17998796928086164
828078,0.590857081119565
828079,0.4160738615871151
828080,0.9998503585970002
828081,0.9996147991535681
828082,0.35654728188369395
828083,0.4788657887485077
828084,0.9984389020404574
828085,0.5295788589881059
828086,0.8988526989750529
828087,0.28672083265027565
828088,0.29355537201397236
828089,0.09482093478989767
828090,0.21947697967174284
828091,0.20946546364978713
828092,0.9932815166923443
828093,0.9965285719537955
828094,0.9997364344990786
828095,0.42767984893592015
828096,0.05755751677461468
828097,0.823985642592044
828098,0.24016791647335572
828099,0.16002421939232842
828100,0.6908305956971188
828101,0.7225563909946575
828102,0.9962560872008619
828103,0.061725259960205225
828104,0.07662209640929304
828105,0.9025655010931327
828106,0.15979836861369545
828107,0.8973591560362408
828108,0.8742126633671735
828109,0.008033331504073296
828110,0.9995163342657372
828111,0.9993550243046313
828112,0.3303284489109337
828113,0.9999469083534441
828114,0.998883039372296
828115,0.9996728166820916
828116,0.9888878319258398
828117,0.9969804151247109
828118,0.9965174121347646
828119,0.963173323387787
828120,0.8182248679711697
828121,0.9918218177461549
828122,0.9998511397741601
828123,0.9985542128459921
828124,0.9995746391566893
828125,0.752926379788912
828126,0.9606251133777903
828127,0.9999808066436586
828128,0.9998905763809707
828129,0.9856218523178335
828130,0.9999513124763768
828131,0.5782555294286945
828132,0.8890818029192329
828133,0.9993292220404325
828134,0.011440930363213038
828135,0.7260294013143515
828136,0.13313384286193342
828137,0.9989237491938119
828138,0.9105749139209497
828139,0.8335815098931176
828140,0.9970668526626725
828141,0.9714874191237283
828142,0.9863069178316989
828143,0.9999668431634585
828144,0.9986944815187468
828145,0.22813534502066504
828146,0.9952854001005512
828147,0.9999825471018855
828148,0.7467965678726456
828149,0.8314191285354395
828150,0.9993697407570921
828151,0.9197763980374861
828152,0.9942688684090479
828153,0.9984455179567158
828154,0.9590628313126321
828155,0.040186960232983036
828156,0.9998899445242511
828157,0.9993100081228948
828158,0.9812387492895147
828159,0.9999805402071349
828160,0.9997451806110955
828161,0.9999926047771469
828162,0.6942380193060298
828163,0.9643812934339547
828164,0.7653687548336603
828165,0.993964575370572
828166,0.04360941819746919
828167,0.008043660432326918
828168,0.9999816845627282
828169,0.06882587052225783
828170,0.9999043585836382
828171,0.9980969985297432
828172,0.808494931407415
828173,0.09352383532924904
828174,0.7002235162970218
828175,0.9999149495221666
828176,0.9964899140960273
828177,0.2999742850778752
828178,0.9950424067117891
828179,0.37071074590267517
828180,0.5228529407697666
828181,0.7619172499448886
828182,0.9998938198578912
828183,0.9999738833510323
828184,0.22533731710137206
828185,0.2691596002404642
828186,0.6665279709854705
828187,0.026854372927371226
828188,0.9842704800466888
828189,0.00561521699732986
828190,0.31973296123540057
828191,0.3320060285285342
828192,0.1438778516512036
828193,0.05096962944983707
828194,0.9998932217469678
828195,0.9993477292669334
828196,0.9998784093775611
828197,0.9773100503651404
828198,0.2905912272126341
828199,0.9844330021123925
828200,0.9999260727452532
828201,0.8404949797922262
828202,0.1823146647350589
828203,0.5959730020636556
828204,0.12245762003410021
828205,0.05170388827549987
828206,0.9999698955339503
828207,0.999812565587401
828208,0.9804048585656202
828209,0.4665894455208021
828210,0.9779434355639344
828211,0.9992153044122374
828212,0.9975935706529914
828213,0.0020580585705009444
828214,0.9999730395443389
828215,0.999124906800549
828216,0.8079249910840451
828217,0.9999656770168517
828218,0.5454358376444627
828219,0.5757689495826862
828220,0.38814651442740644
828221,0.2975010972299289
828222,0.999599895602035
828223,0.885142046102136
828224,0.9807440439016621
828225,0.9964039296463968
828226,0.06459632385185632
828227,0.9977439657225402
828228,0.9944505851438686
828229,0.9897169236903784
828230,0.9999875701284698
828231,0.9999752616053432
828232,0.5960903854510107
828233,0.9990217754008093
828234,0.9999728536509431
828235,0.017175646912735244
828236,0.9999822085298204
828237,0.9988335549410864
828238,0.9823389454119306
828239,0.029805192799159233
828240,0.9774775686950757
828241,0.929859724827597
828242,0.9997491785759385
828243,0.03650019092213744
828244,0.04899955847409378
828245,0.9990679833430725
828246,0.4757661925051091
828247,0.5998799486778708
828248,0.6400472045162593
828249,0.06719043566232363
828250,0.9565589229066573
828251,0.21250964122351118
828252,0.5778756714728206
828253,0.9405631280706597
828254,0.0469189256809779
828255,0.03321229281743899
828256,0.2323760869147502
828257,0.9901190309223316
828258,0.02977046738953225
828259,0.9993513033997563
828260,0.03904932156290213
828261,0.9935561797449345
828262,0.9995942744747313
828263,0.9999834338944454
828264,0.1957793597694248
828265,0.961080253514441
828266,0.9957497376303013
828267,0.9965496207598259
828268,0.9999731911545422
828269,0.9985858870976374
828270,0.016089678871998716
828271,0.9972349136239131
828272,0.22373807752082986
828273,0.4613420357104635
828274,0.9943616199787055
828275,0.9999006487715428
828276,0.9588786395290402
828277,0.9998104033683503
828278,0.6697840311060551
828279,0.8901423783055429
828280,0.5410897845817937
828281,0.46524328559464934
828282,0.9998360039265461
828283,0.9058475673204799
828284,0.7681646985540354
828285,0.9989453327807402
828286,0.5028018834038511
828287,0.4371258349150426
828288,0.9815140251544754
828289,0.9727371820275867
828290,0.999877879444232
828291,0.031155333990881277
828292,0.9983073041774196
828293,0.09989351977501118
828294,0.09040754604941315
828295,0.061404392860076665
828296,0.8489218888464701
828297,0.9997838174026005
828298,0.7824928969524778
828299,0.7813455057610694
828300,0.08733532264548181
828301,0.03834365990830564
828302,0.9999699872142774
828303,0.999450268275601
828304,0.8862177704782174
828305,0.8637570518424023
828306,0.8674433169254927
828307,0.37863390972711264
828308,0.9971629701071636
828309,0.9968173461594202
828310,0.014368313537381891
828311,0.3031203309778244
828312,0.998453934981886
828313,0.5368273111692053
828314,0.4913548465612889
828315,0.9832637784804444
828316,0.5763068723743763
828317,0.3623600530465875
828318,0.9999230999854505
828319,0.87018143740232
828320,0.9987747369035477
828321,0.998368638594572
828322,0.6302238164843744
828323,0.9942556054632792
828324,0.9320965663915088
828325,0.9513877745593089
828326,0.5922757847969041
828327,0.7971123127782569
828328,0.5722812284521918
828329,0.9985337884567782
828330,0.9922921022985556
828331,0.9844883594190318
828332,0.9790632037082746
828333,0.06235673915306129
828334,0.9595611701843161
828335,0.6826666268289858
828336,0.9997235245636165
828337,0.15701335938186084
828338,0.9996346968725727
828339,0.4719976873762488
828340,0.0063919655905956135
828341,0.9853366599982953
828342,0.9996217562210432
828343,0.9996851885405398
828344,0.18711303642561006
828345,0.9952104739373148
828346,0.9999395545275546
828347,0.9990414808356737
828348,0.9867887923918744
828349,0.09703354669215478
828350,0.9836701676258459
828351,0.032607371883869966
828352,0.9997110093762996
828353,0.9764776305378413
828354,0.9998115273452681
828355,0.9813947478835905
828356,0.8002492037434776
828357,0.9999737619009808
828358,0.9990158509071712
828359,0.3361273883441701
828360,0.9997673652999592
828361,0.9992131467753497
828362,0.4927089934150359
828363,0.4974806906510193
828364,0.9999596936721709
828365,0.46401843184749114
828366,0.14755617332799004
828367,0.13595890366069938
828368,0.9997076209601525
828369,0.9899067042261271
828370,0.9947891633667136
828371,0.401549511802053
828372,0.9982798732758424
828373,0.3898228266655204
828374,0.9999637035061311
828375,0.16795481878421242
828376,0.9562842268202405
828377,0.9353058898240869
828378,0.49166931146763926
828379,0.11923008709100393
828380,0.9436446416160323
828381,0.2628234986992627
828382,0.4598516802356163
828383,0.018502646758319426
828384,0.985737101096374
828385,0.8044964969845638
828386,0.5697462012936273
828387,0.6580012466420195
828388,0.9893641184705606
828389,0.004333283352591944
828390,0.9997993865174198
828391,0.6326016635354775
828392,0.7451226837523379
828393,0.9985586780559058
828394,0.9999498324378082
828395,0.04702015053702999
828396,0.4435327931833912
828397,0.6557218365912263
828398,0.9893137340955663
828399,0.980075161297125
828400,0.011549546558961836
828401,0.024440129653691064
828402,0.6267865801086762
828403,0.012118095743026129
828404,0.6297002099702106
828405,0.16392224661887095
828406,0.9875180172374932
828407,0.9986156129996078
828408,0.9998890894403053
828409,0.996318229076349
828410,0.5287547854388612
828411,0.9996990639045974
828412,0.9993423762266123
828413,0.9753519466860896
828414,0.9995531482752649
828415,0.9115733765919326
828416,0.9994703400025138
828417,0.99976582308217
828418,0.9999213795335118
828419,0.5743762672314027
828420,0.16381911239440786
828421,0.9666992453027459
828422,0.151465658037294
828423,0.009864086660783977
828424,0.9121681989440531
828425,0.13079679016465523
828426,0.7275674053568562
828427,0.9725320864036798
828428,0.9340902414436333
828429,0.9961657770842426
828430,0.9994692356929542
828431,0.9999215092825885
828432,0.9984682668001122
828433,0.9999184397226603
828434,0.02791236481995562
828435,0.9970963359896385
828436,0.30769234817988506
828437,0.0312980599539925
828438,0.9999115951442649
828439,0.37308357527634417
828440,0.9996333333370777
828441,0.8992575570380174
828442,0.9473895744789779
828443,0.9925489436520913
828444,0.9913250336763155
828445,0.23135921797908165
828446,0.45641347913964264
828447,0.5081881728957668
828448,0.5369386020180497
828449,0.9996600564904135
828450,0.9980693206767584
828451,0.999861149180813
828452,0.5106586032690487
828453,0.9914675936461659
828454,0.9995803631353504
828455,0.9936814547976254
828456,0.13724549149316675
828457,0.04963644269601344
828458,0.020542100274691517
828459,0.9997443666937031
828460,0.6636326678649518
828461,0.4271834264133071
828462,0.9996704084733158
828463,0.9897891280141364
828464,0.9921483003650602
828465,0.016262894527040436
828466,0.8870868029971983
828467,0.7322073993407985
828468,0.38336072143351796
828469,0.5829591375965577
828470,0.8538815535119848
828471,0.9828113706679058
828472,0.09312342726747419
828473,0.8319234427788202
828474,0.27853593077000977
828475,0.7674984146671789
828476,0.27118198464219934
828477,0.9450679607577064
828478,0.11572736610741918
828479,0.9999963885872786
828480,0.9985758166547225
828481,0.9999669113336924
828482,0.012810914891536834
828483,0.9929117444612283
828484,0.050273515767843585
828485,0.004615754691198384
828486,0.023896732442985583
828487,0.6952599917721798
828488,0.45275483821893625
828489,0.9967501015675492
828490,0.2172092710499558
828491,0.9975284413901784
828492,0.9998439861081442
828493,0.9815399769244836
828494,0.7618426877695545
828495,0.8582859799606688
828496,0.6322854223511181
828497,0.9548879233679316
828498,0.8943175149753875
828499,0.9997860443233955
828500,0.9981154539565001
828501,0.9992937069828569
828502,0.9884990511236909
828503,0.8030658015496223
828504,0.9939261872573268
828505,0.9208607417833093
828506,0.9984862439185376
828507,0.06567275665616894
828508,0.005452249779719365
828509,0.015256103825070528
828510,0.9605992509239488
828511,0.9988794652728296
828512,0.9966562347604757
828513,0.1790932878106163
828514,0.4916727378822877
828515,0.13626190559916035
828516,0.8973289695463158
828517,0.9996028361794456
828518,0.023476366511468068
828519,0.827389648582952
828520,0.9997498371894835
828521,0.17714133044808317
828522,0.853084364537897
828523,0.9133341646005383
828524,0.9987336393362729
828525,0.9930749699468053
828526,0.7808376133487631
828527,0.6695973589388419
828528,0.8710677585020432
828529,0.012144037635273025
828530,0.5829225232443502
828531,0.9988038954949547
828532,0.02735241357847954
828533,0.5479493067091432
828534,0.9999788877891926
828535,0.9998806193831575
828536,0.007120119151280991
828537,0.9928294988210881
828538,0.9915265188535417
828539,0.9927025575709627
828540,0.002838482701863576
828541,0.022833625748617224
828542,0.9999876577103818
828543,0.9859415418485167
828544,0.9999760563281116
828545,0.9996369813249091
828546,0.9998443890688801
828547,0.9998693721982044
828548,0.22882680319236132
828549,0.9991418316448925
828550,0.6260787300190337
828551,0.50050862874247
828552,0.015039617162065222
828553,0.006859050666563714
828554,0.48384298869276177
828555,0.9932145759697855
828556,0.9847471036281508
828557,0.10170224434895721
828558,0.9998881605140697
828559,0.16900151279634196
828560,0.9997892861256827
828561,0.9998634091244162
828562,0.9999402864403824
828563,0.9920662466139424
828564,0.9996799368372382
828565,0.9954536039054985
828566,0.6951232369327243
828567,0.2425478133825532
828568,0.9706907925668185
828569,0.9886363215384804
828570,0.9115552062340576
828571,0.9560433390568686
828572,0.08357758031948359
828573,0.9920314539570976
828574,0.016450924273557148
828575,0.026738687732006234
828576,0.01969696215366176
828577,0.9998111641930068
828578,0.9390373078385855
828579,0.9274136967735858
828580,0.9622707235293595
828581,0.9999039908109547
828582,0.6995032722699979
828583,0.993920133472319
828584,0.9958802093469197
828585,0.029623679958569266
828586,0.9947646224280804
828587,0.9997114493418467
828588,0.9936037459609959
828589,0.004119900240448773
828590,0.9983600171481232
828591,0.9954610059667517
828592,0.6927430779867185
828593,0.9240652452773892
828594,0.3009017202057188
828595,0.5576486380423652
828596,0.9285409322839596
828597,0.09295693242184201
828598,0.9571447841243117
828599,0.7099053524316876
828600,0.2903427347040439
828601,0.9964641085817534
828602,0.9999251172841377
828603,0.08764856820622516
828604,0.9997254526016328
828605,0.6807275090429321
828606,0.2254936905793672
828607,0.9676450995539612
828608,0.9999690554368796
828609,0.9999682538778414
828610,0.9998156766874376
828611,0.31963568605710346
828612,0.9067512123282339
828613,0.9958170266170461
828614,0.9957564685769945
828615,0.9998051293459594
828616,0.22172587763194587
828617,0.06223041075540439
828618,0.8125542952216074
828619,0.9999421863664327
828620,0.9998255141318404
828621,0.16946560918554654
828622,0.9766724711166112
828623,0.9906276242258857
828624,0.5434396434559352
828625,0.9999567626451145
828626,0.05979958985943722
828627,0.9979774381871166
828628,0.9959971379403351
828629,0.996072626165533
828630,0.6326377684160529
828631,0.9991714317988296
828632,0.18036611736943053
828633,0.1607557901801349
828634,0.9994781790339053
828635,0.038271904179529706
828636,0.8468309171890509
828637,0.999856834554217
828638,0.9028212459503552
828639,0.04907292041663727
828640,0.9999920241313549
828641,0.999828786257748
828642,0.9970120002946466
828643,0.9053730722383551
828644,0.964111342180055
828645,0.9999162823525467
828646,0.0745133436886367
828647,0.34783490693390284
828648,0.9317992265944407
828649,0.28706055632874355
828650,0.9957987057323274
828651,0.999985315126647
828652,0.02872557904576198
828653,0.9906568114476593
828654,0.402952458973058
828655,0.4790661093315848
828656,0.9999728805605637
828657,0.28003342937141434
828658,0.999979997446033
828659,0.018267684540020774
828660,0.9999628002530855
828661,0.4184197378135406
828662,0.9992561066892018
828663,0.9993454476029844
828664,0.11381439340008731
828665,0.5514841806038632
828666,0.550859022374351
828667,0.9975563430269231
828668,0.9860269927230711
828669,0.9973664937978806
828670,0.5421810479290692
828671,0.848353006943643
828672,0.21951018214447376
828673,0.6527187193711701
828674,0.9066044224535403
828675,0.5177225514519022
828676,0.9952808285057178
828677,0.8683980545229916
828678,0.9961143988655022
828679,0.003821572889710791
828680,0.02141685670984709
828681,0.9996536299330598
828682,0.13650589535590466
828683,0.9993929312895382
828684,0.4888678946970699
828685,0.9872027057649881
828686,0.03975769571455262
828687,0.9998611382701363
828688,0.02177872504750909
828689,0.027623442292853552
828690,0.8300615263257156
828691,0.37681732280308244
828692,0.9915604469571666
828693,0.13736443934921147
828694,0.9818764723312747
828695,0.9996196089115733
828696,0.033472799238778585
828697,0.9999048113981825
828698,0.9259337418173075
828699,0.8048681524179964
828700,0.2680375033023852
828701,0.36192465242170757
828702,0.6374347734284005
828703,0.011073117015410375
828704,0.8493844795958407
828705,0.9981662920641299
828706,0.4068253371253392
828707,0.9998406641713828
828708,0.99998569662365
828709,0.9964710152686378
828710,0.19959294009275813
828711,0.3849262019925303
828712,0.9386409867137473
828713,0.9976863510686114
828714,0.6349670236680386
828715,0.4079037704495302
828716,0.9994797660302958
828717,0.9990132050062437
828718,0.9998858143748754
828719,0.8677858133225591
828720,0.6728255687068019
828721,0.2085677415336243
828722,0.998755583718901
828723,0.5342540076454309
828724,0.7537410488079395
828725,0.9999799850858586
828726,0.9998368893304792
828727,0.5798086575145207
828728,0.9866444386615131
828729,0.9850313893963143
828730,0.5240731693410918
828731,0.006493120061613747
828732,0.9894145856809434
828733,0.18438976839094307
828734,0.9999896104621901
828735,0.9998581559394136
828736,0.9994043882469315
828737,0.9977434980076011
828738,0.5957002819064612
828739,0.9997948025825003
828740,0.7659098908120192
828741,0.9994775032943197
828742,0.9996285193160175
828743,0.612599458802531
828744,0.7049585435993213
828745,0.006618725824650742
828746,0.23584696712736847
828747,0.9994087601375372
828748,0.9942904173070213
828749,0.9998921145888462
828750,0.8909832486708618
828751,0.8970969761625696
828752,0.9912117606092253
828753,0.9999431141876811
828754,0.9998586905271023
828755,0.999893987693113
828756,0.26850360921092575
828757,0.017188101204742418
828758,0.014337523319640324
828759,0.9672369091524989
828760,0.9944741715944064
828761,0.7494239818776263
828762,0.9999917014246589
828763,0.9968083813863056
828764,0.08940579958843883
828765,0.7270733604129047
828766,0.9996207965141595
828767,0.9993489332188723
828768,0.9039844252708569
828769,0.7597405344722061
828770,0.9996839952519916
828771,0.9112164377932518
828772,0.9933275640805119
828773,0.999792961506748
828774,0.024494082549376718
828775,0.12488697754679584
828776,0.9878938981749483
828777,0.07217709400802612
828778,0.9958609132508613
828779,0.9703635602830967
828780,0.9952853108788514
828781,0.29381005808819205
828782,0.23775360112578472
828783,0.44495773443956066
828784,0.33467672253854613
828785,0.23461675261456247
828786,0.9999670050744776
828787,0.8563012300257338
828788,0.903354099790123
828789,0.9999553389888238
828790,0.9457681641504908
828791,0.8738686496469763
828792,0.8169777391255263
828793,0.9997950880289275
828794,0.7026861136489316
828795,0.9999637839295862
828796,0.9422127984300133
828797,0.9999251823883286
828798,0.05981201121393445
828799,0.4215330856778014
828800,0.995499331181785
828801,0.16919593331870836
828802,0.9973869063422601
828803,0.6992249605850624
828804,0.45996331598294393
828805,0.6355170601336924
828806,0.12504611865522558
828807,0.20197412136586287
828808,0.9988448508594396
828809,0.16601828120542172
828810,0.999848659803915
828811,0.5084423462562487
828812,0.9961614993355542
828813,0.9211218854846901
828814,0.2616449712181986
828815,0.9975640329039066
828816,0.9999827420814191
828817,0.8959844190808846
828818,0.9957074864895403
828819,0.9994804647719551
828820,0.02453624420176901
828821,0.9982486402358268
828822,0.9984949974925033
828823,0.19220686494005199
828824,0.9999787309576386
828825,0.9995432156024504
828826,0.9964466679903776
828827,0.002624688577683249
828828,0.668879296564209
828829,0.9423828555718057
828830,0.9952216701724084
828831,0.9927095858883048
828832,0.9997556993670016
828833,0.41889893995571664
828834,0.9997874115664087
828835,0.9998113010313443
828836,0.04456926490270635
828837,0.471876540189051
828838,0.19017333149275367
828839,0.9929344644516762
828840,0.4553919557834655
828841,0.9998884716204397
828842,0.9392001095335807
828843,0.6246383893987246
828844,0.9363798321614218
828845,0.0224590739039933
828846,0.02562880462163448
828847,0.9885284452869496
828848,0.9993595870056418
828849,0.009884290285470203
828850,0.9853022276243443
828851,0.21057124220458506
828852,0.7435653193519242
828853,0.9999092874655244
828854,0.19467897643331555
828855,0.9970501376206914
828856,0.6508561884028778
828857,0.0065778707312962575
828858,0.08990320682714154
828859,0.997867614151198
828860,0.9999201113310712
828861,0.9999505054445724
828862,0.9085041745990121
828863,0.24821097895802177
828864,0.9999800249791924
828865,0.9600975568119365
828866,0.9862852721926202
828867,0.7857935952406898
828868,0.9048525152356679
828869,0.9999323081754319
828870,0.9998508046663398
828871,0.9999716954197121
828872,0.511977389730678
828873,0.9995943845126283
828874,0.9999919724129855
828875,0.9974487167325996
828876,0.9999837686498534
828877,0.9341244861086726
828878,0.9981900368595717
828879,0.6595381332730372
828880,0.9990292919445994
828881,0.013195718634110938
828882,0.9772243251693263
828883,0.9703809536900568
828884,0.9748752008609813
828885,0.9997367100940312
828886,0.9980972520022174
828887,0.6922675962873548
828888,0.019592686217364298
828889,0.08196945656579686
828890,0.99981010912564
828891,0.9985216938576501
828892,0.5625967744206651
828893,0.9960841661527536
828894,0.3318704618099714
828895,0.9997841503715742
828896,0.9999493484929938
828897,0.9585499973598854
828898,0.0372869558924767
828899,0.9999697445911885
828900,0.7429605473131273
828901,0.8497380597882624
828902,0.9998889052701125
828903,0.997830405626525
828904,0.022947101330390893
828905,0.366878998070174
828906,0.2333779692945731
828907,0.9897683141571876
828908,0.9942803390739745
828909,0.9993687999684453
828910,0.9935734163505496
828911,0.9998282270511631
828912,0.9839007268099603
828913,0.40172766071238764
828914,0.9208511003612685
828915,0.9833220654424959
828916,0.9788784037816454
828917,0.2964365949532364
828918,0.9989445276839148
828919,0.2819613824955044
828920,0.0422559768768454
828921,0.9950674998767792
828922,0.9995968841053454
828923,0.9986500531910452
828924,0.72279687392466
828925,0.26311644221807784
828926,0.7961903876636007
828927,0.011102293706052752
828928,0.9909046595385653
828929,0.919889003824155
828930,0.9997886880926722
828931,0.7438413441684765
828932,0.899207841472853
828933,0.8357657265380531
828934,0.07018292671942535
828935,0.99982681916785
828936,0.8235958368557592
828937,0.15362722267633216
828938,0.8576962229711407
828939,0.9999195741298182
828940,0.9146600441548678
828941,0.9023103209022685
828942,0.9708357743886037
828943,0.669872808559034
828944,0.2545995493834599
828945,0.981560083736164
828946,0.9606500253122593
828947,0.9990124983624683
828948,0.9997466325422315
828949,0.9992932571865925
828950,0.27527151637620106
828951,0.5436662859854058
828952,0.5087882857191132
828953,0.9996957637292438
828954,0.997671371948504
828955,0.9923656597331545
828956,0.998448249430708
828957,0.999722748755923
828958,0.8122417356464238
828959,0.9999914410283086
828960,0.9999398563999871
828961,0.9999644379360388
828962,0.7780126590097676
828963,0.9998889352950645
828964,0.021377587415547135
828965,0.2194947223486691
828966,0.6847503913724435
828967,0.7013103673160557
828968,0.005157126077729855
828969,0.9998584145510065
828970,0.9985056109785848
828971,0.3545947298588316
828972,0.6645061019864267
828973,0.10548064349053415
828974,0.9995414099613185
828975,0.4659201386719426
828976,0.9999022706840728
828977,0.9996563710195613
828978,0.21803544438069075
828979,0.9987202286233403
828980,0.007989466780053888
828981,0.010644909711701182
828982,0.9952734257614231
828983,0.9988934833590692
828984,0.999819896807497
828985,0.8228471990388038
828986,0.7331299586870297
828987,0.9966285852875817
828988,0.9999585497910961
828989,0.9876414660902592
828990,0.7318092701397028
828991,0.9997624447370423
828992,0.9997744654335528
828993,0.9994397937749764
828994,0.7764653535602147
828995,0.7509973357440995
828996,0.5511838668791897
828997,0.7752164689841438
828998,0.007572646434704798
828999,0.8136459478814843
829000,0.07321822516275411
829001,0.9991532249236376
829002,0.9999745168837468
829003,0.05154657685138954
829004,0.9993857283272228
829005,0.7247486167815504
829006,0.18959333919973542
829007,0.9990594631788683
829008,0.0027959234234509285
829009,0.99910111724119
829010,0.03708267916492227
829011,0.9959148047141118
829012,0.7072506830566414
829013,0.015653254913326344
829014,0.21363173305264224
829015,0.9963080635724864
829016,0.08356335933807525
829017,0.9994599169735583
829018,0.9998389802913163
829019,0.9965198383230116
829020,0.9998747755978101
829021,0.15303935821336886
829022,0.9813705559757946
829023,0.9868187326954054
829024,0.12156378077791136
829025,0.9999190579961741
829026,0.8093664845534803
829027,0.9997425135459155
829028,0.9995284468987657
829029,0.03226635666420373
829030,0.7567055558960923
829031,0.9999429310597523
829032,0.019682876687171117
829033,0.3974377724983907
829034,0.9999336751618426
829035,0.9825914998201125
829036,0.9695968132940034
829037,0.9998782726569431
829038,0.4054423250144758
829039,0.8408597170827402
829040,0.3988144111255235
829041,0.9999121506191853
829042,0.9998972267796333
829043,0.1532251864155408
829044,0.9888935736974248
829045,0.9058420735279088
829046,0.13988034964870474
829047,0.30108977168656775
829048,0.9095152151735809
829049,0.9997234578470846
829050,0.9996872822180467
829051,0.4633167140747143
829052,0.6797485375789973
829053,0.9765697746908936
829054,0.9999799824610214
829055,0.3383918528814577
829056,0.9998085303942483
829057,0.577166985462009
829058,0.9938514479392088
829059,0.9997553884770904
829060,0.996581903777333
829061,0.9505443291055111
829062,0.9961990983715643
829063,0.17672887938375192
829064,0.8350731212796385
829065,0.094409080741088
829066,0.9971737982899909
829067,0.8403791721406928
829068,0.9886829033108675
829069,0.09548961763530103
829070,0.07744516745511176
829071,0.7594152091543465
829072,0.929218521365941
829073,0.992562285171158
829074,0.9543016524305719
829075,0.9932478388123516
829076,0.9806331980612373
829077,0.9968334488253975
829078,0.995321769441003
829079,0.9999582374808398
829080,0.9938611849424714
829081,0.9902304531494677
829082,0.9998928338733802
829083,0.008103846157545313
829084,0.08025531032091211
829085,0.999753890619894
829086,0.993178840622029
829087,0.563583292917022
829088,0.9942621398030587
829089,0.498430538059504
829090,0.8652804419983162
829091,0.7935093960802566
829092,0.9988791645125964
829093,0.10474734247277254
829094,0.9551157721803631
829095,0.8912959049559921
829096,0.9920379693066699
829097,0.9992351383690005
829098,0.005653996754084915
829099,0.9995805897656567
829100,0.999803454163233
829101,0.8735275943683904
829102,0.9978070394241996
829103,0.27403495513548715
829104,0.7909423953918779
829105,0.9968054955973079
829106,0.9948758765517912
829107,0.6746042469190656
829108,0.9895736152201986
829109,0.9844563245785066
829110,0.9891478351519472
829111,0.9078645812129744
829112,0.44050272769716814
829113,0.6641816791014021
829114,0.26078166861351537
829115,0.9997512231373399
829116,0.822835097499246
829117,0.9986093854692968
829118,0.9410998711502389
829119,0.9983529182778017
829120,0.9985381350573699
829121,0.6828639607823073
829122,0.9887788665737839
829123,0.9552265475703834
829124,0.02435103744770785
829125,0.9994033034541547
829126,0.9995395108256513
829127,0.2002886612858431
829128,0.3221871421545677
829129,0.005190810917605787
829130,0.9277202142373926
829131,0.018459953953974005
829132,0.10753686148963647
829133,0.9959605657671735
829134,0.9999147112564126
829135,0.9067004116688147
829136,0.9997444693594464
829137,0.9993682145151138
829138,0.9996913958185507
829139,0.8321999252742074
829140,0.009436503932392346
829141,0.5572713806940282
829142,0.3327273348910418
829143,0.9810446517238314
829144,0.8335802244731407
829145,0.23391313786435203
829146,0.9450179613580403
829147,0.9997956761660084
829148,0.9934701950573507
829149,0.9814008028628283
829150,0.7058487090525742
829151,0.16220637093751444
829152,0.7207813551416551
829153,0.4010515712036823
829154,0.04031924731913483
829155,0.012107301205909152
829156,0.9951525885659713
829157,0.9999235651982993
829158,0.5516493687919433
829159,0.8800431391476107
829160,0.8063435763333928
829161,0.11881483366436842
829162,0.999062829100173
829163,0.7116426891372145
829164,0.02994439887560761
829165,0.944267381146149
829166,0.9978569646253672
829167,0.9942947714168126
829168,0.9568419003410539
829169,0.8770444797634538
829170,0.6312109937860629
829171,0.9998245035231791
829172,0.025419922700786378
829173,0.9646924269680367
829174,0.9931129603296831
829175,0.9990450994683311
829176,0.20706629324793957
829177,0.8327240743232179
829178,0.18448733744654341
829179,0.9191729411910439
829180,0.05872148410514001
829181,0.20891152816918335
829182,0.9982764659307756
829183,0.9995512661561579
829184,0.9994214447070183
829185,0.9992702930822808
829186,0.9950898273590303
829187,0.9998325935246981
829188,0.9998396338818427
829189,0.9749579777457612
829190,0.8123948901306448
829191,0.5124748788755183
829192,0.9996486827855522
829193,0.5760757553429761
829194,0.9999168163157036
829195,0.2175233082905669
829196,0.9275101662718126
829197,0.594654129173936
829198,0.15173073450221886
829199,0.02186954808114284
829200,0.9982426501923735
829201,0.422590752820605
829202,0.9999584467616534
829203,0.9581257142960252
829204,0.9691022426503919
829205,0.0047116443665399564
829206,0.9973779082361267
829207,0.9848066171847334
829208,0.0319204140001467
829209,0.9827907586538811
829210,0.023436526351995092
829211,0.008284606195781053
829212,0.3987835250689743
829213,0.1707898176965857
829214,0.8436669603105985
829215,0.9966411326259716
829216,0.985188481807751
829217,0.06214013675635381
829218,0.9991145362911328
829219,0.9997930126316472
829220,0.9981479240782463
829221,0.9769597604049753
829222,0.9838441062997867
829223,0.12169951853636266
829224,0.8421865805260809
829225,0.9991784265450838
829226,0.7970017185976594
829227,0.9936535581524782
829228,0.9494625941366249
829229,0.9999748669952145
829230,0.49619904484085775
829231,0.9980173019429681
829232,0.7884189979810436
829233,0.9976654260460662
829234,0.053003351347055014
829235,0.9974865125989409
829236,0.8164351391409241
829237,0.8711733440044169
829238,0.6918703714705818
829239,0.8908058955627084
829240,0.05062433791432267
829241,0.9985680158754338
829242,0.07438644704797373
829243,0.9996980685931934
829244,0.34636244472392475
829245,0.01033508485837944
829246,0.5050870210622087
829247,0.9979319997907939
829248,0.9997498109827387
829249,0.07472737667822726
829250,0.6183385639689611
829251,0.9997252437434795
829252,0.998736307193234
829253,0.46601184424939635
829254,0.9998703541856186
829255,0.22995359710995616
829256,0.9994227537322916
829257,0.9925430166854178
829258,0.9987228038056255
829259,0.8581245562776221
829260,0.10153937076070672
829261,0.9997851516940582
829262,0.2383646989965315
829263,0.7039340369998952
829264,0.9990030551053598
829265,0.9970858589422857
829266,0.9965156282904197
829267,0.9860389777663622
829268,0.32900854349729913
829269,0.15190138363351874
829270,0.013231015926065466
829271,0.9993828827770619
829272,0.9975218930746442
829273,0.9462920926512223
829274,0.9979190198927229
829275,0.9965110955660584
829276,0.9998442678511492
829277,0.08779318874086757
829278,0.6434886386407044
829279,0.32358278107633537
829280,0.9997898597971369
829281,0.5869081677611814
829282,0.9992436687107937
829283,0.9998035959973138
829284,0.9977760356457954
829285,0.9953439865916365
829286,0.9994905983260669
829287,0.19029431285446025
829288,0.970978064936975
829289,0.7994627681627942
829290,0.9933405772559056
829291,0.020844157154454437
829292,0.8769452613802349
829293,0.18333421981155903
829294,0.9998709720870662
829295,0.9992463648988303
829296,0.2265139432305704
829297,0.22233589079681554
829298,0.9998628169571908
829299,0.999903094684861
829300,0.5389779888402688
829301,0.8912709179735895
829302,0.21067420734951842
829303,0.9962974572404508
829304,0.9998847962033122
829305,0.9997035917038402
829306,0.4918864996444996
829307,0.9322127395457687
829308,0.9903683285644956
829309,0.11574943487695376
829310,0.966496936881887
829311,0.009718788385698191
829312,0.8981244296380522
829313,0.7124704659418823
829314,0.41473062231897995
829315,0.9863407730159225
829316,0.9993504973888898
829317,0.059096074015490135
829318,0.9400977886677893
829319,0.09905053744460639
829320,0.759398126730012
829321,0.9999217788102892
829322,0.8372514499050809
829323,0.7141832088518514
829324,0.9332555667316855
829325,0.6857200920727972
829326,0.9999911140628106
829327,0.012507301217702084
829328,0.947983998521913
829329,0.7688865869898182
829330,0.3045665516936354
829331,0.48303513128678854
829332,0.9999363270533259
829333,0.999866301718637
829334,0.9754207727239781
829335,0.9893079608846191
829336,0.9221409242693558
829337,0.6207781303233364
829338,0.9999275745399504
829339,0.4805817210599367
829340,0.648385079937315
829341,0.19961154831038724
829342,0.022296826738755847
829343,0.9992922206437824
829344,0.9866008935729569
829345,0.9997278529140212
829346,0.8381520060505407
829347,0.6483738387806762
829348,0.01974286684691417
829349,0.023849447139735948
829350,0.917836026370334
829351,0.9997970204894828
829352,0.7621515843112334
829353,0.9339906598533985
829354,0.07245967899371343
829355,0.691797872676722
829356,0.9996871868505756
829357,0.8167390813483816
829358,0.9998700551144524
829359,0.9958037706134067
829360,0.9993951033937859
829361,0.9999537397641461
829362,0.7966014574096745
829363,0.5200130163646256
829364,0.9997016175969827
829365,0.15768236882324585
829366,0.04133316271685459
829367,0.9941310091911663
829368,0.9465695335555286
829369,0.3416737406891407
829370,0.999844572921009
829371,0.9116614314451477
829372,0.61922978952479
829373,0.40361832643237927
829374,0.982074015712251
829375,0.9999810404534999
829376,0.8525038254725683
829377,0.999985678928657
829378,0.3649888550073328
829379,0.9945928392041664
829380,0.9711936174776599
829381,0.08507381564044234
829382,0.10316215365099965
829383,0.8962528508833099
829384,0.031042008701829556
829385,0.9983702366148155
829386,0.9997413935066591
829387,0.7786600825283497
829388,0.05410117560199812
829389,0.25806946611158893
829390,0.9086693752249982
829391,0.9994589464618027
829392,0.9989777057719504
829393,0.3375514439490018
829394,0.3150560978664673
829395,0.6487286135845376
829396,0.9998929070170663
829397,0.9570860998706532
829398,0.2093896895730637
829399,0.9998874809559921
829400,0.603855599826528
829401,0.5239089063703697
829402,0.9997410153959295
829403,0.12169534048486742
829404,0.18628609575806887
829405,0.9998389585375477
829406,0.08926874669835445
829407,0.9999376423336461
829408,0.9997627976236658
829409,0.7372326716110931
829410,0.9967465332576257
829411,0.8117058817182974
829412,0.8919729709557286
829413,0.6743558368661963
829414,0.9993525383699334
829415,0.9999692424851743
829416,0.9970864852499224
829417,0.8184607533068229
829418,0.9998564047814222
829419,0.9998690563839483
829420,0.9809348161113116
829421,0.5795978740523372
829422,0.9924138632415486
829423,0.9999784630640626
829424,0.10589758448161196
829425,0.0596447572115006
829426,0.5172212020353409
829427,0.9961923932746211
829428,0.9941245540558373
829429,0.9998112497998941
829430,0.011655950902662058
829431,0.4505701059666376
829432,0.9992371161889023
829433,0.4083206734793762
829434,0.4518056272194174
829435,0.9936444982603961
829436,0.44545745628619393
829437,0.9999010597075364
829438,0.9990039577625693
829439,0.9997651256433453
829440,0.00845249805844231
829441,0.952609397282209
829442,0.9224346230453124
829443,0.9381170364833329
829444,0.3794039202131136
829445,0.9998275136648305
829446,0.9978755864609548
829447,0.9998061845423507
829448,0.5521688339664756
829449,0.9999505284221677
829450,0.9999346125913021
829451,0.19690544462223486
829452,0.9953516542104875
829453,0.9385319344263139
829454,0.9980300464859503
829455,0.9998322560589539
829456,0.10876137967708148
829457,0.9904632165334406
829458,0.19158813967741445
829459,0.028562383646844512
829460,0.024774938386499974
829461,0.6791689354558317
829462,0.9974017784349665
829463,0.9998421251346028
829464,0.685290831641676
829465,0.09617274049087357
829466,0.012833286385808334
829467,0.9998050890120478
829468,0.15407880729601403
829469,0.9987586429712695
829470,0.9922907609471442
829471,0.07251430179810703
829472,0.9988598396367101
829473,0.8671336857036852
829474,0.8221601483649188
829475,0.982760875899247
829476,0.999870617767959
829477,0.9512978814219132
829478,0.002133035577170737
829479,0.21479828202701498
829480,0.9984979966169667
829481,0.8385794172441007
829482,0.9829292724086357
829483,0.9998060563934232
829484,0.9944643263631361
829485,0.9982108405649815
829486,0.7680585168642049
829487,0.5034052704592293
829488,0.9995513369915185
829489,0.3308681360601944
829490,0.8328141686397139
829491,0.9996039869845874
829492,0.9999665836255913
829493,0.012825539166157736
829494,0.49513192704048825
829495,0.06706880521034293
829496,0.060044295856754644
829497,0.8613397227326274
829498,0.9998630643570001
829499,0.23144303169146124
829500,0.6085488758433539
829501,0.6841958818623148
829502,0.9190354702695854
829503,0.9998374740921224
829504,0.9161832573740312
829505,0.696040601809353
829506,0.9983581393572252
829507,0.9800945138222001
829508,0.3976659667028435
829509,0.6722112740950478
829510,0.44596173409757006
829511,0.018661159479843176
829512,0.0644827693661835
829513,0.6033662245997505
829514,0.9952145896984423
829515,0.9998051263643077
829516,0.9581527431500112
829517,0.9991004536647011
829518,0.007176755115997428
829519,0.8319812062799222
829520,0.856028857286716
829521,0.3909178713784615
829522,0.9997183855064168
829523,0.5773541130689324
829524,0.31399165179538174
829525,0.9894919530179425
829526,0.2800323458078276
829527,0.8339630861444118
829528,0.9569697774504908
829529,0.999824559606513
829530,0.03760491730486181
829531,0.9644056372852645
829532,0.11775350274595275
829533,0.9996323634229449
829534,0.9977545035676583
829535,0.4110900457245783
829536,0.0064454586182653584
829537,0.009848313847947857
829538,0.5917979607506473
829539,0.42328624441890256
829540,0.999663947368981
829541,0.9999732271575389
829542,0.9889258939814378
829543,0.7328570098187809
829544,0.12416012359963431
829545,0.9918901969984801
829546,0.9999162734499887
829547,0.4769121983359236
829548,0.280612961766557
829549,0.9811583773521728
829550,0.9985706544530261
829551,0.26191182202887237
829552,0.005838832655167079
829553,0.23622367398544447
829554,0.9998684763272561
829555,0.005509693904092231
829556,0.9864588034707726
829557,0.32252702050252363
829558,0.9992081068207563
829559,0.11118045914272037
829560,0.566816774719094
829561,0.8429685092041487
829562,0.14553170665951404
829563,0.8555729662113476
829564,0.9995213473820026
829565,0.9975508244976672
829566,0.15385286312769433
829567,0.9999895277844522
829568,0.6874723422384601
829569,0.005121061761952808
829570,0.6983854933910565
829571,0.6500054940391433
829572,0.9429526871785854
829573,0.10222361231532785
829574,0.9994620109890742
829575,0.029053618358683506
829576,0.27798443565758113
829577,0.9914822706139457
829578,0.12871802464000132
829579,0.9998910916536293
829580,0.9998200293261938
829581,0.960035199444917
829582,0.999671687692453
829583,0.9998210375408383
829584,0.9995426675424238
829585,0.9986395317443245
829586,0.8668160087708634
829587,0.9996798393159748
829588,0.9999666356387417
829589,0.994439267741948
829590,0.9770819257684005
829591,0.9997458481086554
829592,0.6620071818953349
829593,0.05747458395821098
829594,0.9997876828769952
829595,0.6330853897561164
829596,0.9994320524791616
829597,0.9985068008245511
829598,0.9669501186303634
829599,0.9980229893449155
829600,0.7230935559764557
829601,0.9986599844670764
829602,0.8477181909702667
829603,0.9999801973031829
829604,0.3195493374824017
829605,0.041580584851634295
829606,0.03229898063789071
829607,0.9996324554914148
829608,0.9416532557699518
829609,0.8081292590670801
829610,0.3525230980157764
829611,0.2098206575197673
829612,0.9825762851011772
829613,0.34951746133893224
829614,0.9998462804882778
829615,0.9999189441639099
829616,0.3365270508957055
829617,0.9998858264412419
829618,0.4463893432466884
829619,0.8714752448278471
829620,0.9882441116549895
829621,0.1488954958221485
829622,0.9984002202237352
829623,0.8683937028279601
829624,0.05207145161688499
829625,0.009697253366792266
829626,0.9878576983458367
829627,0.9984961473727376
829628,0.02996436776882429
829629,0.9994267589475647
829630,0.9978768255204127
829631,0.9983697658831859
829632,0.9991843764296873
829633,0.9446237277181128
829634,0.9997783154983086
829635,0.9998253290667954
829636,0.9999852270072729
829637,0.9916903089082723
829638,0.5947776810502977
829639,0.7915068053475518
829640,0.5206078028178156
829641,0.9873918906005682
829642,0.9994487144517543
829643,0.6480108573025044
829644,0.0494822351317434
829645,0.7776978623535694
829646,0.10472239622806458
829647,0.9865208712264266
829648,0.4085650399608803
829649,0.9998875854152677
829650,0.9998139911377559
829651,0.008856759532291968
829652,0.9999421864111768
829653,0.9988039636830285
829654,0.9999885266301891
829655,0.9996762321538053
829656,0.971480157708611
829657,0.9879441239682456
829658,0.9590900758087777
829659,0.995779508024939
829660,0.9975053415256434
829661,0.9921617256596162
829662,0.9998332855207714
829663,0.5728389596925355
829664,0.9994364549537382
829665,0.49524276465400535
829666,0.2186883743491786
829667,0.1465310520334008
829668,0.8941434343298007
829669,0.850347366435312
829670,0.9917884735702983
829671,0.8206461450037499
829672,0.6420647025788451
829673,0.08466473876087291
829674,0.999979037947063
829675,0.8621904014765001
829676,0.9998545789973282
829677,0.23281479819073303
829678,0.14289021876917882
829679,0.9995458599731449
829680,0.9989222997195616
829681,0.9960191784037633
829682,0.9960092978032944
829683,0.9949816484640894
829684,0.38674483292251
829685,0.9996219690704291
829686,0.9990725491764776
829687,0.9853043356156514
829688,0.5269981348021042
829689,0.9248048923262052
829690,0.23271510692048508
829691,0.3754865684306374
829692,0.583798616345233
829693,0.9998722199620638
829694,0.677563696340353
829695,0.9996612157201449
829696,0.9996936971876451
829697,0.4342863415184639
829698,0.009597013466312606
829699,0.906275899477515
829700,0.9590287256107983
829701,0.013823329398498407
829702,0.9998875970337022
829703,0.38913805652390665
829704,0.9998551208643447
829705,0.02071705149724702
829706,0.9825926615093072
829707,0.9247408742659549
829708,0.9997434961481124
829709,0.999889865867486
829710,0.023606846913718747
829711,0.5685272005983615
829712,0.20333944056357334
829713,0.8940411327273212
829714,0.9901923977175255
829715,0.5803244501787181
829716,0.9996476900365057
829717,0.09226696176879577
829718,0.9922712459090719
829719,0.9676623707554944
829720,0.9716976816792331
829721,0.4110911204507688
829722,0.9676129522754451
829723,0.9595486335547775
829724,0.8436974850567134
829725,0.034343451786599706
829726,0.9053512521234107
829727,0.6543206584335256
829728,0.991130767049772
829729,0.9652348054540635
829730,0.7024729353590387
829731,0.9996596944791432
829732,0.04326334117213675
829733,0.9993723035714528
829734,0.9999376366075405
829735,0.8696128286611385
829736,0.008732036129239168
829737,0.9998677453201966
829738,0.27949753018047435
829739,0.289029394813469
829740,0.9917091119952279
829741,0.52476380764356
829742,0.3772389937242373
829743,0.08121714285109509
829744,0.9972136606139104
829745,0.9997778477650077
829746,0.9878026184345237
829747,0.011047755629418027
829748,0.06411877315037945
829749,0.26970822182940835
829750,0.9999608232926289
829751,0.9983378869194544
829752,0.9998507568274253
829753,0.9997219268526922
829754,0.9229379125332982
829755,0.44986024533805685
829756,0.7936685262938042
829757,0.7432398565985474
829758,0.99991040296314
829759,0.9974953128341669
829760,0.026394538962381343
829761,0.5728174810044453
829762,0.9955371738396652
829763,0.39240303692024325
829764,0.9999532152051713
829765,0.9999298163659586
829766,0.46792389081808616
829767,0.018426137212163213
829768,0.6907092647334552
829769,0.002113263495260051
829770,0.0497518347004443
829771,0.9990783392551852
829772,0.9994950390694985
829773,0.9472068527216602
829774,0.9995161305735893
829775,0.9771421951241749
829776,0.9996002492322882
829777,0.9990506029090371
829778,0.9588012536613963
829779,0.9999810317955444
829780,0.2831700856561997
829781,0.9965174392268645
829782,0.9982655662631641
829783,0.9991544482446199
829784,0.9999850156138408
829785,0.9981349336962084
829786,0.01745102030384876
829787,0.3892168251707425
829788,0.9992531223082206
829789,0.9997941816461151
829790,0.7353689081185368
829791,0.8089658023610173
829792,0.29260608853652403
829793,0.9980558410611124
829794,0.035780223498329156
829795,0.5677971461119925
829796,0.14898082696614953
829797,0.988140766971185
829798,0.9967810990859896
829799,0.9998831759602493
829800,0.6064135597378524
829801,0.8586246385167563
829802,0.058545897679866406
829803,0.9997650757786655
829804,0.1960909547355491
829805,0.04076340771222876
829806,0.04018886145113688
829807,0.2951252210579275
829808,0.9514591517585523
829809,0.9965991446374034
829810,0.46348174871563
829811,0.3855928817043279
829812,0.9999525448428148
829813,0.04840350590176408
829814,0.9874730097373439
829815,0.9996958528734581
829816,0.02805765705164217
829817,0.9993892706795289
829818,0.9931753502405132
829819,0.7190581370865389
829820,0.7612688117561998
829821,0.9987957239902874
829822,0.9967380134566286
829823,0.4621855023020458
829824,0.1151051127544617
829825,0.5300900135138337
829826,0.7855703993857168
829827,0.9051005933417298
829828,0.14942435250506972
829829,0.9958130006721478
829830,0.9404524475695677
829831,0.9871278892899575
829832,0.18644223605853186
829833,0.9999039874960212
829834,0.9977742563837764
829835,0.3676547859072472
829836,0.9990912974542949
829837,0.9764690038788498
829838,0.9976553567472783
829839,0.7394106153471003
829840,0.028309359354323042
829841,0.5150710979364386
829842,0.8439534967800719
829843,0.9894020545086133
829844,0.9956924205670029
829845,0.009585867892756245
829846,0.5823376715167947
829847,0.172843080648191
829848,0.9927295203368814
829849,0.9667537656154463
829850,0.9999939317900832
829851,0.996638514670318
829852,0.028480333734483318
829853,0.04308114408137935
829854,0.9909142373941902
829855,0.9996698686330632
829856,0.9980509099266446
829857,0.005380265692342121
829858,0.821783381215905
829859,0.999950457327601
829860,0.9999508832351578
829861,0.9998067058917101
829862,0.9813390776466631
829863,0.04757605919162032
829864,0.9978970767185366
829865,0.999569418547626
829866,0.8937194191482685
829867,0.8371772716513335
829868,0.9995430711672798
829869,0.02897662780286398
829870,0.2995950639063108
829871,0.9868627644030107
829872,0.3141402474189274
829873,0.9996041379723168
829874,0.9963348187110065
829875,0.648557126105611
829876,0.7468698474219675
829877,0.9997821765024794
829878,0.9994818208210113
829879,0.961589218689797
829880,0.037567353029722445
829881,0.999980595173485
829882,0.9995069545217208
829883,0.9997675945430429
829884,0.9990775892132089
829885,0.9986363464668947
829886,0.9999366993320498
829887,0.988114443949415
829888,0.9340309149648451
829889,0.9992907722390936
829890,0.9998315643802017
829891,0.9974813649855576
829892,0.8136416867210344
829893,0.9999036158754195
829894,0.9996512408033984
829895,0.9996976977705638
829896,0.999973315828575
829897,0.03333349464394837
829898,0.12374712274054617
829899,0.013780078940847899
829900,0.9999900861501749
829901,0.9996219761440119
829902,0.9370937089137543
829903,0.9917707803933636
829904,0.9999468045634343
829905,0.9990184427160723
829906,0.6857791053083933
829907,0.3148427743516925
829908,0.9998199552875291
829909,0.999952873082931
829910,0.9999816340407807
829911,0.8947533043778562
829912,0.13613644518627713
829913,0.8823658873013839
829914,0.41050918738952397
829915,0.9916862168225122
829916,0.9573925973239082
829917,0.44472121796749775
829918,0.4386713913813313
829919,0.9999277500632437
829920,0.3976746010649036
829921,0.9989751733704624
829922,0.8883813699557497
829923,0.9999355913503339
829924,0.9995275922028959
829925,0.7446436270732892
829926,0.9777520088367937
829927,0.9405563199299841
829928,0.41230171482319383
829929,0.7408914962226023
829930,0.999983107633597
829931,0.9968975560800379
829932,0.9999226188460213
829933,0.9722795421102908
829934,0.24839122374184006
829935,0.33064337638552793
829936,0.9997331432052945
829937,0.9514155029122725
829938,0.873661272621569
829939,0.9494407523650055
829940,0.8734172448291928
829941,0.5004981652790826
829942,0.7704689812715388
829943,0.2940362881401298
829944,0.7720609910726828
829945,0.8542527240639799
829946,0.9958837967620456
829947,0.4012379759318894
829948,0.9999431154738567
829949,0.9999484617323107
829950,0.9127195202941272
829951,0.8862188857727165
829952,0.9999139574983951
829953,0.9999510789955676
829954,0.8014802605948317
829955,0.07790137883218509
829956,0.8942075916404755
829957,0.9985222380076707
829958,0.9564889102747292
829959,0.995742853593832
829960,0.33941995692691673
829961,0.9995847137665492
829962,0.8363874526069438
829963,0.9273278768087097
829964,0.999926696698769
829965,0.4699481911206029
829966,0.7474253448318349
829967,0.9723851110759811
829968,0.1654217009372119
829969,0.3871497010335636
829970,0.801116581854326
829971,0.9997345631520358
829972,0.96333478986916
829973,0.7975125604842674
829974,0.7496399881118306
829975,0.3754769031897325
829976,0.9953144368797597
829977,0.99606507891651
829978,0.6254009411779735
829979,0.9910232722997321
829980,0.6995545368746028
829981,0.6287784199561254
829982,0.0412409844429724
829983,0.9998872517240986
829984,0.012774301908597994
829985,0.25730770576536877
829986,0.011448035789979438
829987,0.9999309700095209
829988,0.009071494326170984
829989,0.9998272460613149
829990,0.9978495994160644
829991,0.9996266378963686
829992,0.9235765116609664
829993,0.0922869569591534
829994,0.9968929939670386
829995,0.9842772175091662
829996,0.9957192770254392
829997,0.5423050599776146
829998,0.9997988878411803
829999,0.004373218556778505
830000,0.9993405202220558
830001,0.7562376452551395
830002,0.983092900897411
830003,0.5643392740763381
830004,0.004224518774357419
830005,0.9996824420233886
830006,0.004337082043972971
830007,0.22331333768299882
830008,0.12736993036494026
830009,0.32143199245753806
830010,0.9982352125085248
830011,0.9999845874955884
830012,0.31824735865277765
830013,0.17717183880417442
830014,0.9757445428616357
830015,0.9999921747977992
830016,0.9136202116364109
830017,0.2611283637172132
830018,0.47678513194670646
830019,0.9999796211172802
830020,0.9908582026618731
830021,0.7873802080109596
830022,0.9999815606966853
830023,0.40927611289958515
830024,0.9992290363444392
830025,0.9338376299495814
830026,0.0063413906605250675
830027,0.2460793340160122
830028,0.8062072829962831
830029,0.9966350740344649
830030,0.16652719878581262
830031,0.9983568017102457
830032,0.3054889985714161
830033,0.3938605694007003
830034,0.7876768529592667
830035,0.9994690625880092
830036,0.9998003481277928
830037,0.5424480860654795
830038,0.9981442931894124
830039,0.6890986368865653
830040,0.9999475580206787
830041,0.8696764440506584
830042,0.9998010318928058
830043,0.9999187045062121
830044,0.9757921695154992
830045,0.9984590682355268
830046,0.9996508807586988
830047,0.3238275716014013
830048,0.8327584568418549
830049,0.9970665347140109
830050,0.9949853772775803
830051,0.9963171880531625
830052,0.9948776628857113
830053,0.9939690354810171
830054,0.9929177864737425
830055,0.9999928757085653
830056,0.9989578412414504
830057,0.9916691386721109
830058,0.9997250010282333
830059,0.9994884343928195
830060,0.647004265210021
830061,0.999882600906243
830062,0.9994992347715517
830063,0.949711634690442
830064,0.863606680122756
830065,0.25819429365555807
830066,0.9981723787454656
830067,0.9703263774303474
830068,0.03390129429833571
830069,0.8139851235177129
830070,0.9805640861459785
830071,0.3952035609334328
830072,0.02070389811934329
830073,0.9993576728730563
830074,0.9957389334056438
830075,0.9920710126537773
830076,0.9999390943212009
830077,0.9598246889088959
830078,0.9942938785016435
830079,0.32823126090016425
830080,0.8970276593324065
830081,0.34469913670746055
830082,0.9988297621585422
830083,0.9988116817754991
830084,0.1044314307367757
830085,0.6512857138956045
830086,0.9976635689756164
830087,0.012997720466488775
830088,0.9996013926854435
830089,0.9998207757914236
830090,0.022849140945262456
830091,0.29371337463232305
830092,0.10925554317400976
830093,0.8975390606714506
830094,0.9187497329650257
830095,0.9993309271173261
830096,0.9984699085092975
830097,0.9923244813372332
830098,0.7507737288493803
830099,0.9999762325762463
830100,0.9506998680554102
830101,0.9917234863556325
830102,0.9618415008319674
830103,0.45327195651048713
830104,0.9731442614365593
830105,0.9995613393591286
830106,0.6156241195991401
830107,0.9574502976735637
830108,0.9288228653924349
830109,0.9340484423602274
830110,0.9996362689592411
830111,0.997322857579215
830112,0.06775738401603286
830113,0.008016858655964305
830114,0.09347116525545854
830115,0.9686823217672165
830116,0.9988751125423168
830117,0.9986074101209219
830118,0.9996626571655978
830119,0.03257232622625958
830120,0.025950494795509184
830121,0.9172746694280305
830122,0.9999019442091894
830123,0.9984517881246177
830124,0.9999396120702055
830125,0.9239993797863633
830126,0.7326278112014497
830127,0.9997290739565454
830128,0.029812854666401923
830129,0.9992284295060648
830130,0.45422555035099954
830131,0.9993966549152888
830132,0.48816559323484154
830133,0.999943399793905
830134,0.750558511380972
830135,0.9999569107505344
830136,0.9988897511215391
830137,0.9960376879087576
830138,0.9989383759926407
830139,0.9999578525325163
830140,0.200227190798184
830141,0.8837304899421308
830142,0.8704227140541252
830143,0.9995679128390469
830144,0.9999809029723742
830145,0.1784524485266024
830146,0.9999408640489754
830147,0.9999371341921555
830148,0.5402454569942248
830149,0.9996682800212139
830150,0.8893688673123289
830151,0.9999313757592451
830152,0.1597747761584151
830153,0.9755172495057449
830154,0.01733697193995036
830155,0.48889902111746375
830156,0.9873277550197177
830157,0.9997700402127911
830158,0.3081410227456762
830159,0.3484780741173962
830160,0.9998360815205243
830161,0.9873506227002555
830162,0.017420814799700535
830163,0.9992740779975714
830164,0.08824360919853291
830165,0.9999473166902025
830166,0.9998456078938649
830167,0.9999443141701737
830168,0.9951936812793487
830169,0.1822676103534052
830170,0.3741379656770699
830171,0.9996054935963471
830172,0.41296013556070865
830173,0.9999235124432595
830174,0.6038490516462318
830175,0.055390169686189136
830176,0.9999766467221081
830177,0.8251986488836396
830178,0.01620433711290529
830179,0.9998705788501941
830180,0.9427078075952815
830181,0.29590309509221197
830182,0.9745024169053063
830183,0.7854188275968048
830184,0.999986757303628
830185,0.9978754515375299
830186,0.9977854601883714
830187,0.9276405576839959
830188,0.4841967887315976
830189,0.6470591748741982
830190,0.5939495314720197
830191,0.9984915938765204
830192,0.5271153458151713
830193,0.01128306538064612
830194,0.5970324958887196
830195,0.998909570096515
830196,0.8405120275395517
830197,0.9999327609510235
830198,0.9838372031093584
830199,0.41240321884039727
830200,0.9167166950615192
830201,0.999917070511638
830202,0.9998564090508617
830203,0.6883084813181903
830204,0.9994742730663418
830205,0.9998271046979103
830206,0.022621177413580544
830207,0.9935964284777827
830208,0.9565224041326159
830209,0.9957479814138112
830210,0.9728975082203312
830211,0.9892194211965659
830212,0.8074297632393881
830213,0.6106217284468495
830214,0.03285009507753796
830215,0.9930531789237929
830216,0.009829588456967351
830217,0.9998530003651697
830218,0.3635398654240063
830219,0.9844183446208288
830220,0.33204132619117
830221,0.8949362916045994
830222,0.9394278883946341
830223,0.01281061094107322
830224,0.999796380474141
830225,0.3455923654417516
830226,0.9999683133608515
830227,0.9997685254692816
830228,0.2531032485739337
830229,0.9974766257072749
830230,0.9996062171132869
830231,0.8367971528659609
830232,0.7525513992644275
830233,0.9973013758696876
830234,0.8298870914155692
830235,0.9712533506195218
830236,0.09122171729823692
830237,0.9996854543318519
830238,0.12731258301978227
830239,0.2510009349615273
830240,0.9965627471012757
830241,0.3627125218475734
830242,0.0022037978146518303
830243,0.025890792961662794
830244,0.997888883000676
830245,0.9967264179089113
830246,0.9999721876984036
830247,0.9984972845896447
830248,0.7886155397801893
830249,0.9996888360066742
830250,0.9864329232803728
830251,0.9998102293426027
830252,0.9976906393502585
830253,0.9999434577688753
830254,0.8569878116371182
830255,0.9997866012490281
830256,0.2935802967332679
830257,0.9972180232279251
830258,0.9997536145620692
830259,0.9699567250074934
830260,0.9911245472227856
830261,0.23344560688258859
830262,0.9996988339267434
830263,0.07136794660319412
830264,0.5272405090965273
830265,0.47640252257649107
830266,0.9888790116904969
830267,0.9931810374074979
830268,0.06827974450223309
830269,0.3053200101216061
830270,0.39825764743210046
830271,0.9727728624036148
830272,0.459267730142067
830273,0.9979847224440132
830274,0.34402592199679954
830275,0.9994655376938743
830276,0.99931245971011
830277,0.879163394592613
830278,0.9989564112822338
830279,0.43560889736353026
830280,0.9711249682146881
830281,0.9998492077498429
830282,0.6233324205470518
830283,0.13026328401930795
830284,0.9993228238167734
830285,0.6473496379938967
830286,0.6499168160870636
830287,0.9999192974376963
830288,0.9347588617704219
830289,0.980844190970886
830290,0.5514721296646226
830291,0.3767478132713666
830292,0.733813530319019
830293,0.9417914573652649
830294,0.999578259599353
830295,0.3803893810206604
830296,0.9987432905106438
830297,0.19273969638202104
830298,0.5451388943025294
830299,0.8965482160402932
830300,0.9954149594180011
830301,0.985898479386506
830302,0.005281719808905403
830303,0.010455729677481953
830304,0.5086228266967014
830305,0.9640266636658894
830306,0.7314178423007542
830307,0.07522412633407484
830308,0.9222204338417221
830309,0.9993237960590982
830310,0.09159886299882815
830311,0.02247852696391944
830312,0.13276744206634677
830313,0.2503705626452393
830314,0.9985838601455087
830315,0.8613531391159593
830316,0.48500157768649743
830317,0.7964781877688123
830318,0.9998655279782045
830319,0.14182092716700664
830320,0.8343406251079216
830321,0.02219479294871711
830322,0.9879152486250529
830323,0.06397156728320892
830324,0.4737898632412242
830325,0.9985274120613907
830326,0.999765588694368
830327,0.646712942284392
830328,0.00902839177514607
830329,0.17786055902648662
830330,0.942254075422324
830331,0.05641378148815527
830332,0.1348742928207001
830333,0.9979987709349857
830334,0.9997628290654684
830335,0.9999883137658266
830336,0.8352493687619823
830337,0.9993829654325694
830338,0.9991376752485502
830339,0.9996285461642618
830340,0.04994219241776906
830341,0.9993963964204091
830342,0.9994526031275459
830343,0.9960562167544726
830344,0.30925313671933297
830345,0.9096327699015925
830346,0.1485955670998225
830347,0.997145752959972
830348,0.9999820039994876
830349,0.9998457944030568
830350,0.999403390088669
830351,0.9993875510344397
830352,0.932149021174295
830353,0.16244202064362084
830354,0.009347876753130818
830355,0.8014610328480068
830356,0.8283515031443577
830357,0.9612503526598049
830358,0.18331513740657396
830359,0.4094460622439569
830360,0.99988141782215
830361,0.9886969818982674
830362,0.999962925745039
830363,0.11101930535043637
830364,0.9998333987470854
830365,0.8392463373552628
830366,0.9999887369691134
830367,0.998792295350654
830368,0.871411422336816
830369,0.9951501972534963
830370,0.8941211226396517
830371,0.99835899606123
830372,0.998848985019056
830373,0.9989087458039828
830374,0.1637910729412842
830375,0.6884348044106682
830376,0.761663415529547
830377,0.9999911721936345
830378,0.9948603796646306
830379,0.02822362223019967
830380,0.9952876725159248
830381,0.8750756178681738
830382,0.6503650229920577
830383,0.7206317047086948
830384,0.9991740401075686
830385,0.9987130267933362
830386,0.9999802304556191
830387,0.8147045084996782
830388,0.8978962853319075
830389,0.976801776310558
830390,0.9978904604601904
830391,0.04635563922574934
830392,0.5323266405568713
830393,0.9998157395674709
830394,0.9576509556867018
830395,0.024938233372121386
830396,0.999454452501684
830397,0.0478289061158063
830398,0.5091090351813204
830399,0.9999109806122617
830400,0.983385405018929
830401,0.9963187697249825
830402,0.9986443327634265
830403,0.028165147960753235
830404,0.4013730104497082
830405,0.9999021744786235
830406,0.3852451651143866
830407,0.12863701994671975
830408,0.8989934382296296
830409,0.9844042365591511
830410,0.7618186622071411
830411,0.7427807616449156
830412,0.9239151230342879
830413,0.9991746362593918
830414,0.9666200890972982
830415,0.20454658785054355
830416,0.9521179628905945
830417,0.9997554183390891
830418,0.9986620534391186
830419,0.8837401236159731
830420,0.9992288829809722
830421,0.06825922386236834
830422,0.9984194495741094
830423,0.5679546608036234
830424,0.33599620585348755
830425,0.9115999445131707
830426,0.9931845875166045
830427,0.020402564670617088
830428,0.8581475427488949
830429,0.9813182614836382
830430,0.9992210015373446
830431,0.7527298359728287
830432,0.9757771212512056
830433,0.930788029279971
830434,0.02868495648569185
830435,0.015831307112421866
830436,0.9999301436234711
830437,0.9981502420018236
830438,0.9964754645824757
830439,0.9998722823955483
830440,0.7357920689127275
830441,0.9005841492381689
830442,0.8108693525468144
830443,0.999510471421329
830444,0.9992546859567885
830445,0.9560098625979743
830446,0.9998185516264426
830447,0.17264436673361352
830448,0.9984843398930028
830449,0.9992742057105632
830450,0.9525201807431076
830451,0.9416706484997583
830452,0.9474555876241408
830453,0.9995750228209619
830454,0.011513672719584946
830455,0.9886302762041981
830456,0.9998410472647208
830457,0.03217490808941366
830458,0.9958439799190179
830459,0.9996391111189664
830460,0.9995795421024487
830461,0.9964682294442407
830462,0.31779013228391106
830463,0.018652456986222445
830464,0.9999082848769543
830465,0.41169071006984737
830466,0.9988405701026886
830467,0.14365378775763038
830468,0.8032278106957729
830469,0.4528664413539987
830470,0.988487603187747
830471,0.04502943780601386
830472,0.9229407129232755
830473,0.9999481221729867
830474,0.9996929633137002
830475,0.3203835198205449
830476,0.9970819299942969
830477,0.9912503878438839
830478,0.9946109958777832
830479,0.9999453964749891
830480,0.0744926644690003
830481,0.9999741118824552
830482,0.9997638003033171
830483,0.8566159111681348
830484,0.22529452772877565
830485,0.9783586491950056
830486,0.202951996383001
830487,0.3877260765536783
830488,0.9998288962751334
830489,0.39710393813038636
830490,0.049265983566087024
830491,0.031696079087676035
830492,0.9999567718654976
830493,0.9979818246199588
830494,0.9886908702463277
830495,0.9989429799671862
830496,0.9962595309051195
830497,0.9997713312774965
830498,0.9905048989026448
830499,0.8994915096972937
830500,0.34342935691409615
830501,0.989263827747165
830502,0.00480304290881907
830503,0.999312052311605
830504,0.7152817072644984
830505,0.9999733891465108
830506,0.9987828260306069
830507,0.9642480056129006
830508,0.8051527037926687
830509,0.8255078593921119
830510,0.9516970467191401
830511,0.902369167254624
830512,0.9980834384109913
830513,0.999795529362919
830514,0.999690881532596
830515,0.024080701354450073
830516,0.8362500274159711
830517,0.05670565537503007
830518,0.942501089916023
830519,0.09363779051303121
830520,0.7325541517256331
830521,0.9996221895931643
830522,0.9907372594565464
830523,0.09621506473020427
830524,0.9996905357801105
830525,0.4367075299596216
830526,0.987715693048858
830527,0.09040223247745549
830528,0.9996873146491162
830529,0.6136658957062814
830530,0.990895629663462
830531,0.9998675732492948
830532,0.9953725702790113
830533,0.9990213159664783
830534,0.9786814783898983
830535,0.49291420744445397
830536,0.9493702191925311
830537,0.9989573366268127
830538,0.07425142841361154
830539,0.131091289935008
830540,0.7375951252715253
830541,0.730174526097138
830542,0.10694010281543928
830543,0.9992249078487734
830544,0.9994735005570436
830545,0.867802001353415
830546,0.9649405411519172
830547,0.9994129735831142
830548,0.8652299550632545
830549,0.8888771108616185
830550,0.9999589195031607
830551,0.010224330087317718
830552,0.044765290828672435
830553,0.9954317807082094
830554,0.9999641241364461
830555,0.7480326776623145
830556,0.3314402872911084
830557,0.16624393567937032
830558,0.9995285491226685
830559,0.9935857779473122
830560,0.026203829840096383
830561,0.42443672097879415
830562,0.7719460188401925
830563,0.9889526311051066
830564,0.16520335547854442
830565,0.9960171173776422
830566,0.584512691835348
830567,0.7742979347206456
830568,0.6305444024660084
830569,0.9778428389219301
830570,0.35226582135738915
830571,0.9954343857617458
830572,0.9988129770713334
830573,0.9999351618418076
830574,0.5143071775022869
830575,0.9782863295845557
830576,0.9921527752079932
830577,0.9997545110938089
830578,0.9253289116871581
830579,0.028901671747058415
830580,0.8654128326386369
830581,0.014828315736896566
830582,0.6269580213061654
830583,0.7737771585948463
830584,0.9373979677454789
830585,0.8427661161704918
830586,0.9994089308229959
830587,0.6669442394501146
830588,0.8820697378110931
830589,0.7816302957810792
830590,0.7354986135461018
830591,0.9998905071341546
830592,0.27757227955066943
830593,0.8205733000862961
830594,0.34611967044724645
830595,0.1457784300467604
830596,0.9997026954321058
830597,0.9994883445484988
830598,0.5186050222412671
830599,0.032717198959335655
830600,0.4091480171857248
830601,0.9980894404894403
830602,0.999587242254735
830603,0.7063604335679315
830604,0.9794412514162876
830605,0.9994420519466862
830606,0.9867169577256892
830607,0.45703947101101505
830608,0.2249822472315165
830609,0.9999387929990798
830610,0.02757033802162461
830611,0.9872598300471809
830612,0.624833865636289
830613,0.7323627844183984
830614,0.9926838177501129
830615,0.9999742828810206
830616,0.40087193957068923
830617,0.7951431392485571
830618,0.05198041619124337
830619,0.6545597568921326
830620,0.9634016633471063
830621,0.06430191949637183
830622,0.9998495027578407
830623,0.9998146159153615
830624,0.9353616378741162
830625,0.9906500625746468
830626,0.9922210651592367
830627,0.706464029797147
830628,0.9994463156419855
830629,0.9989121074206118
830630,0.9997201242599454
830631,0.11938426994457121
830632,0.757667047052995
830633,0.9139215887580385
830634,0.11816442144119621
830635,0.9999160608796671
830636,0.9946830086333758
830637,0.5754727291702648
830638,0.9997112763050683
830639,0.04051543728359203
830640,0.08937720270049282
830641,0.9994802737394318
830642,0.38030582510278793
830643,0.9880465294104475
830644,0.9939513979407195
830645,0.9924090307274558
830646,0.9992739910270692
830647,0.7686948006698926
830648,0.8635915177657721
830649,0.9951479921317423
830650,0.8041522048641037
830651,0.9859494060178116
830652,0.9968984460257737
830653,0.5576955240590347
830654,0.9506289842063815
830655,0.8863953147753761
830656,0.14620292941954427
830657,0.9889940679966512
830658,0.9993764729918968
830659,0.9996393749525943
830660,0.31392500422083164
830661,0.9962875075134439
830662,0.9970412041099692
830663,0.9890815291785668
830664,0.9999380806530551
830665,0.8688220299225176
830666,0.8962288133903331
830667,0.04924763048346472
830668,0.9998114775345323
830669,0.21991678887126548
830670,0.4867400368859094
830671,0.20641334150526353
830672,0.9996714433302668
830673,0.9978150101401926
830674,0.9661315536509809
830675,0.19607566320717848
830676,0.9125728886520474
830677,0.9721078027715306
830678,0.996017651905202
830679,0.9997584994923245
830680,0.9962303262101603
830681,0.9901082406254278
830682,0.9936682997389359
830683,0.03502771755693042
830684,0.3105378186337667
830685,0.9995212689882127
830686,0.9980362848251917
830687,0.48932961317273777
830688,0.9998652402915785
830689,0.37119606682259854
830690,0.30397784742978684
830691,0.7750255324346065
830692,0.13437464038931254
830693,0.9977206493353244
830694,0.9999019179307458
830695,0.052162777827288384
830696,0.38633770732896905
830697,0.02270689840824543
830698,0.1016439215644882
830699,0.17514634365150442
830700,0.07051808325543168
830701,0.9998486614523754
830702,0.9986858882678152
830703,0.4645418675158565
830704,0.0117254450013482
830705,0.2728737166800214
830706,0.006947803373538047
830707,0.9999929236629783
830708,0.9913339349478633
830709,0.8464835453164994
830710,0.918132554072326
830711,0.9861836412137328
830712,0.05479215814919772
830713,0.9992098961583098
830714,0.3321175471890825
830715,0.02276572599128013
830716,0.9560160721555858
830717,0.9594094420214809
830718,0.9018271193008488
830719,0.10925035391013115
830720,0.999921627490097
830721,0.9942748915668657
830722,0.9999382626265487
830723,0.9705920943613953
830724,0.988963725625066
830725,0.8612882428141259
830726,0.9987292945458814
830727,0.9857961041706558
830728,0.999962851995618
830729,0.2429556457959578
830730,0.985842705955073
830731,0.9698935882056243
830732,0.5646764461226772
830733,0.7025503196037154
830734,0.9981868171995649
830735,0.9834468704259481
830736,0.9174376029246484
830737,0.9991212359771424
830738,0.9915082844956018
830739,0.9997715213592924
830740,0.9291602190535904
830741,0.9992785824587274
830742,0.21431515530709905
830743,0.9996920609680555
830744,0.0066684255454663105
830745,0.0918370954913842
830746,0.024528509732888823
830747,0.01254675162013312
830748,0.9999540246138425
830749,0.8320183376895817
830750,0.6749093639136317
830751,0.9411125160470871
830752,0.997844068799153
830753,0.012406346159095482
830754,0.997567207021185
830755,0.8479328500850858
830756,0.9933741922443015
830757,0.020838700803077717
830758,0.014825431986017934
830759,0.5239236445732042
830760,0.7322819334324783
830761,0.9996192457043582
830762,0.9674066000181596
830763,0.9998878907774873
830764,0.9994567810822776
830765,0.011853611131477381
830766,0.40971572597331013
830767,0.9776803721810909
830768,0.9997044606311842
830769,0.7934515915684908
830770,0.11215250840206328
830771,0.20404249229290655
830772,0.9825814454162418
830773,0.13258191604238392
830774,0.9991200262873743
830775,0.9999579013126487
830776,0.9999658285269287
830777,0.28936007067073666
830778,0.9997239951203697
830779,0.9911608002340481
830780,0.9997530814749231
830781,0.9370582712233383
830782,0.5363841993320739
830783,0.08263581110884044
830784,0.9977017064170852
830785,0.8751443025552297
830786,0.9996746852370828
830787,0.9997907631500059
830788,0.9976232416613573
830789,0.9984646989550915
830790,0.99927481126254
830791,0.9842182052750663
830792,0.9948553880736408
830793,0.9409967645591432
830794,0.9980089917044429
830795,0.8464680534221756
830796,0.99969705122684
830797,0.045286590031086066
830798,0.08815132940486148
830799,0.9999885556864702
830800,0.9978615818819976
830801,0.15096574335084942
830802,0.9489101705848952
830803,0.9998799695906792
830804,0.01938315218350745
830805,0.9996922218177724
830806,0.5307731689964383
830807,0.8869674116979374
830808,0.9997503782998478
830809,0.5268029629247605
830810,0.7190546368527553
830811,0.9939920389120372
830812,0.9999934420692006
830813,0.25044584954227095
830814,0.7772094363532613
830815,0.9998528147649011
830816,0.9960699790093264
830817,0.02870626541798102
830818,0.9856880516111
830819,0.02005893128185996
830820,0.9989025669834553
830821,0.813072648224966
830822,0.9939597212374833
830823,0.9912435769167418
830824,0.9982446455868847
830825,0.7768742261908184
830826,0.942115040923841
830827,0.8857399593593656
830828,0.9163637179643404
830829,0.5988735337243088
830830,0.25747744948913065
830831,0.12497564689577334
830832,0.34689641118632564
830833,0.9999448341934103
830834,0.025099872776379435
830835,0.9999614138735269
830836,0.777016274711742
830837,0.9931643846881676
830838,0.7983053427633239
830839,0.965030203302019
830840,0.2736370567690448
830841,0.9998687828380504
830842,0.44932369250683457
830843,0.9930106565085128
830844,0.9965590191425326
830845,0.9999946453484252
830846,0.33636766360625436
830847,0.5830552459254871
830848,0.9619989260056689
830849,0.9993040208204805
830850,0.5469158607759906
830851,0.9288931357199872
830852,0.9042836971509572
830853,0.24467468402783504
830854,0.9136521735899993
830855,0.06384007943238917
830856,0.4961806593958351
830857,0.9984023235910476
830858,0.8361235013442873
830859,0.9980337780265274
830860,0.5494484002022203
830861,0.9960870181351167
830862,0.18429442923915443
830863,0.439202579803008
830864,0.7132252984317349
830865,0.9996027462584559
830866,0.21321202588031113
830867,0.9004676344134166
830868,0.9892910166492346
830869,0.9964306666825979
830870,0.31324566458988196
830871,0.020293293076895154
830872,0.10590694981282181
830873,0.9948468620962727
830874,0.09193613710156612
830875,0.39588228698327843
830876,0.978016737682869
830877,0.6616016538040261
830878,0.9973275388579618
830879,0.9970572113374676
830880,0.24171115598718396
830881,0.25265209910470554
830882,0.999929790757935
830883,0.6331449346451105
830884,0.017795113381623706
830885,0.5553128472421286
830886,0.036147440744694836
830887,0.02052047020387609
830888,0.9790882190997101
830889,0.17451043792712
830890,0.9603696975566351
830891,0.9981640053998083
830892,0.9699858935888128
830893,0.9998949877619108
830894,0.05949764156072591
830895,0.7587654082058071
830896,0.5578334327477484
830897,0.9851526854513344
830898,0.9432492430489448
830899,0.45676119376074864
830900,0.023667926884255668
830901,0.9968341266094578
830902,0.9986205616952865
830903,0.9983676027829566
830904,0.9992984498769959
830905,0.9997464854211857
830906,0.2949778001868086
830907,0.1252981512461682
830908,0.9509151090143483
830909,0.9999618579892904
830910,0.9789628192474777
830911,0.012792623977615582
830912,0.9997810063895773
830913,0.9835765549350493
830914,0.055554887358185014
830915,0.9811180817324476
830916,0.17598650056648546
830917,0.7651105264195619
830918,0.9960985448013968
830919,0.9999377697923377
830920,0.9901059186147028
830921,0.8366553802934773
830922,0.9999795287316987
830923,0.9989547776067407
830924,0.9998945071437368
830925,0.9999322909780832
830926,0.9998809839091292
830927,0.9998356905602748
830928,0.7431814016151922
830929,0.9962364069805233
830930,0.9997933250791993
830931,0.9953060837940144
830932,0.9991799446530487
830933,0.954618127345075
830934,0.9995928494128756
830935,0.9996009465163369
830936,0.999275502519826
830937,0.37382280635554416
830938,0.7219965350458589
830939,0.7607608652670811
830940,0.14078382684115762
830941,0.3319749996356651
830942,0.07384459006258834
830943,0.9265281781731843
830944,0.172669811148815
830945,0.08158514196845529
830946,0.8337360432328575
830947,0.053391572111327994
830948,0.4551073351191743
830949,0.9767986326363227
830950,0.999952203285501
830951,0.6083578935208022
830952,0.12302339682095201
830953,0.9994503056774535
830954,0.9999709400058487
830955,0.6560106874921992
830956,0.18787493178758247
830957,0.9998739469905831
830958,0.9914856684101894
830959,0.39131673967834324
830960,0.9038448351749777
830961,0.8697247616888353
830962,0.9988736666083602
830963,0.25991665659615343
830964,0.10486269166857073
830965,0.9996433656114
830966,0.9985766264997586
830967,0.5681761836954431
830968,0.9989729939696191
830969,0.9997169874686593
830970,0.8292713846588667
830971,0.5147664322204891
830972,0.8209637137756023
830973,0.9862763933456229
830974,0.985513633049008
830975,0.9996318021054744
830976,0.040953538126899634
830977,0.011014681034181078
830978,0.9991936836931239
830979,0.9801059939817822
830980,0.9947206436169163
830981,0.3296131348898162
830982,0.07050009360727064
830983,0.8202642036438152
830984,0.88946390620718
830985,0.506423676864444
830986,0.9994745487825171
830987,0.30042523723657105
830988,0.9739138201175864
830989,0.1337189216537409
830990,0.802052271324773
830991,0.9999834286905108
830992,0.9917514585948073
830993,0.8985851525941145
830994,0.9999442106889848
830995,0.020348624908788415
830996,0.9722217999259521
830997,0.9993757581899023
830998,0.9526491213768478
830999,0.08638837751877709
831000,0.217687754070116
831001,0.3836762930398404
831002,0.9997355492155496
831003,0.5900852965280692
831004,0.014027514892510945
831005,0.8928554786389606
831006,0.9617762950762645
831007,0.12674498767612288
831008,0.9997957738276047
831009,0.9994345277304997
831010,0.6266261532846688
831011,0.9927023910328736
831012,0.18710461533912212
831013,0.9983352657968997
831014,0.7575282040765121
831015,0.3795206250214199
831016,0.9999351527501252
831017,0.9954766929827181
831018,0.028501145277441464
831019,0.9995277902604858
831020,0.2076828659145785
831021,0.7460564239207399
831022,0.9983017678437298
831023,0.7746567304926357
831024,0.9130221595170531
831025,0.9934977340328754
831026,0.2557732485824573
831027,0.8063984208552366
831028,0.9050795846249556
831029,0.6550024677946205
831030,0.908318712821413
831031,0.855467919191061
831032,0.9602889618182996
831033,0.9997033115792281
831034,0.7825010859446411
831035,0.2889004980220435
831036,0.019878118694182594
831037,0.8669183167262959
831038,0.9976579372124084
831039,0.7177528468953795
831040,0.9944742415964487
831041,0.999951876686892
831042,0.9999593014903094
831043,0.06384274910952689
831044,0.060650628918134136
831045,0.39203290548759673
831046,0.9996104838865614
831047,0.0075897055531021634
831048,0.7720971824551418
831049,0.999945467994396
831050,0.23023022227856002
831051,0.9996038701032408
831052,0.07994626491108456
831053,0.9999763927145285
831054,0.9998425290335669
831055,0.007215116857141596
831056,0.9985577565811864
831057,0.649087259934801
831058,0.872166284546408
831059,0.9898277275206286
831060,0.9996491359153401
831061,0.15002708194449954
831062,0.5988156166601866
831063,0.9943668584469947
831064,0.9930009342670031
831065,0.9983386776323155
831066,0.170224236665883
831067,0.022260816477679586
831068,0.11067682053442313
831069,0.9985758064794091
831070,0.6416443149734516
831071,0.02303087135740363
831072,0.09233514553465903
831073,0.9441194075916161
831074,0.9970698182741252
831075,0.8733921336171285
831076,0.9236971538645602
831077,0.804733028043084
831078,0.9998413486031917
831079,0.4360645314092859
831080,0.023145105676219163
831081,0.9999800141650125
831082,0.9998603365429002
831083,0.9994100791004061
831084,0.41734597519462446
831085,0.019508272959515925
831086,0.9999509003997684
831087,0.6522715535702653
831088,0.9981049332283352
831089,0.9042131059792293
831090,0.6950749468933705
831091,0.9999894316913572
831092,0.9999107718319653
831093,0.0793495926968113
831094,0.9995759604153198
831095,0.44599526093733094
831096,0.9999628070742833
831097,0.15825634261074567
831098,0.9993581889466263
831099,0.9898241275647401
831100,0.9995773234998532
831101,0.9866768333592955
831102,0.3937377774339944
831103,0.0717523017032778
831104,0.9453422318215958
831105,0.012126548807530137
831106,0.9996343279111545
831107,0.9494746358813302
831108,0.8834905493577517
831109,0.16613728223100938
831110,0.970513257258995
831111,0.031233310143323242
831112,0.040095448672115556
831113,0.1401343227418487
831114,0.6848709955720184
831115,0.9991685197017249
831116,0.9999461878481395
831117,0.14047440193863758
831118,0.12377618051707087
831119,0.5664649648560249
831120,0.5908779853236886
831121,0.6441027697732847
831122,0.9918624379163661
831123,0.9998088499068027
831124,0.9826256780610476
831125,0.5526731398054134
831126,0.6661546930805006
831127,0.01902137011520732
831128,0.02437932818795542
831129,0.3208494701917804
831130,0.8266713967695901
831131,0.018903319703965638
831132,0.9190314479422416
831133,0.999712443307383
831134,0.8808079459391992
831135,0.9914608336507311
831136,0.7944526101519368
831137,0.9997049927547788
831138,0.9996329311573983
831139,0.9999391581847956
831140,0.9990713209307234
831141,0.27062614613663893
831142,0.9967883145473654
831143,0.9982304437813465
831144,0.9999593507029968
831145,0.3228292346898829
831146,0.6294020569549943
831147,0.15502290198267085
831148,0.9970418859450474
831149,0.9998908416741626
831150,0.012622003370790079
831151,0.8102007111040486
831152,0.9998082423332659
831153,0.0901667180854666
831154,0.1216677642006379
831155,0.9923472892361032
831156,0.8765028516358273
831157,0.998474042686739
831158,0.7877393835174442
831159,0.9999661250021576
831160,0.6589536558180619
831161,0.3216149804693156
831162,0.9976753873089321
831163,0.999117346941609
831164,0.9920034045981648
831165,0.9966450777068943
831166,0.9999023007867182
831167,0.7983465810390136
831168,0.9978213608673059
831169,0.6700760925789923
831170,0.9994682284620502
831171,0.09191546882850939
831172,0.9999113586888934
831173,0.03405976885243865
831174,0.9816123101760761
831175,0.9686703915934991
831176,0.9087034814903325
831177,0.9992898781734918
831178,0.8987117662270638
831179,0.8195048026060631
831180,0.010022836766730976
831181,0.4202764858462793
831182,0.5261576950467158
831183,0.9998886487074377
831184,0.9998230236963828
831185,0.4131356531822088
831186,0.9964727385761958
831187,0.9997409038805581
831188,0.8903848657554836
831189,0.980632000230935
831190,0.9995068134890878
831191,0.997882175196636
831192,0.9149012613704419
831193,0.17746622540922896
831194,0.01672064088101372
831195,0.40515888647198117
831196,0.9030035264993523
831197,0.9995369369646127
831198,0.43230400476229003
831199,0.6239185125677039
831200,0.9958588913869213
831201,0.145914023513147
831202,0.928297175560217
831203,0.9999144306915742
831204,0.18894887998649715
831205,0.8292984094027895
831206,0.03994373476700043
831207,0.9997220387307293
831208,0.9996740796486621
831209,0.9882950513906066
831210,0.27218323500875485
831211,0.4800958601141902
831212,0.9650562409126302
831213,0.9995892279581808
831214,0.7084195544935246
831215,0.9973833118676243
831216,0.16466251357475725
831217,0.025034125411104696
831218,0.0531844773111289
831219,0.9972496359870998
831220,0.4981490109684081
831221,0.9994662787774885
831222,0.9999773041182911
831223,0.9953555467406253
831224,0.08737126505419676
831225,0.9854952702960174
831226,0.9998770249604119
831227,0.9394516293708005
831228,0.15459958723765937
831229,0.9999817476009798
831230,0.999597214282278
831231,0.9748260198987133
831232,0.7072831286688672
831233,0.8389083832663965
831234,0.9976409363225276
831235,0.9872922382436499
831236,0.9390734282646422
831237,0.7877635200523525
831238,0.6797381635912023
831239,0.011074255496310713
831240,0.9967586683749554
831241,0.7563068151128733
831242,0.9221496442359912
831243,0.999980924193593
831244,0.9931726986904696
831245,0.7812212424222392
831246,0.6068831332458553
831247,0.37451694086090137
831248,0.9372858233046109
831249,0.39143294243974547
831250,0.9906352618146929
831251,0.39108071229347485
831252,0.8241418863219968
831253,0.9996346694713862
831254,0.45715712304746253
831255,0.8475555302556226
831256,0.11769129164368439
831257,0.9999776409461072
831258,0.9972171173113701
831259,0.9973595346729263
831260,0.9994685229193496
831261,0.9980605446598916
831262,0.9937937600703626
831263,0.13821084209174261
831264,0.21939372696213333
831265,0.9128460384348321
831266,0.05321485604597698
831267,0.9692967561387161
831268,0.9944387277611444
831269,0.07766660596778205
831270,0.19784041510342049
831271,0.9975554562347995
831272,0.029659884786976638
831273,0.9991523001153068
831274,0.9404583665062756
831275,0.9801392738612613
831276,0.36327277258750124
831277,0.9990294760345877
831278,0.6695479725643846
831279,0.11236443893735891
831280,0.9872403748185679
831281,0.8262263180262467
831282,0.9992739873081791
831283,0.1620369437894652
831284,0.9913992586963547
831285,0.9971038136456061
831286,0.9999816753323052
831287,0.5507496943297313
831288,0.9971123531969788
831289,0.9808702780155276
831290,0.9888583617621987
831291,0.21030129334236292
831292,0.9961862269307902
831293,0.9652196972574767
831294,0.9972021969085282
831295,0.01801184433251973
831296,0.7349789483523967
831297,0.507201782705819
831298,0.9942690445807104
831299,0.9971174370553162
831300,0.5509704903905273
831301,0.9971514903653647
831302,0.9998983014116594
831303,0.9999389113161888
831304,0.7533829528203959
831305,0.9998836619398092
831306,0.2705578111733556
831307,0.10990339549108567
831308,0.9988884114069835
831309,0.9999368881586747
831310,0.5047071086949818
831311,0.9504193209565608
831312,0.9443406315566321
831313,0.9994760455166992
831314,0.2596653717167471
831315,0.9996279637512155
831316,0.9999219798516692
831317,0.6695806051167378
831318,0.998875357262808
831319,0.9845894016911476
831320,0.5655146326865674
831321,0.9999766925071294
831322,0.9928848539562654
831323,0.9974699309348729
831324,0.9996702089485257
831325,0.999561553357496
831326,0.5442601656320637
831327,0.9972335935540874
831328,0.9986770133294038
831329,0.9961043149369464
831330,0.1699302677055191
831331,0.4484728119654042
831332,0.8916594637388722
831333,0.9704419599961742
831334,0.99832134755326
831335,0.012846053881062698
831336,0.7571860750129247
831337,0.6982579166256575
831338,0.9998007251108427
831339,0.8917274254131322
831340,0.949220334046931
831341,0.9536616859453935
831342,0.1347452570550286
831343,0.9999125954572075
831344,0.4472245961608372
831345,0.08374855373321427
831346,0.7458487302884287
831347,0.9989475070405287
831348,0.6825397214204597
831349,0.9998617571814005
831350,0.9996038973159403
831351,0.9975142343130364
831352,0.3481032567542369
831353,0.916214851426264
831354,0.9735314967608921
831355,0.1280244779605986
831356,0.990270019305268
831357,0.13401246213221685
831358,0.9687819366886898
831359,0.9583275852386453
831360,0.9997220970760918
831361,0.9999036719977029
831362,0.7734942188120922
831363,0.9963988402699241
831364,0.01933400170863208
831365,0.6042200533801014
831366,0.03857445046600669
831367,0.999950716896761
831368,0.5288949297630012
831369,0.1514509952112742
831370,0.9998927006721836
831371,0.9990461346246344
831372,0.9988584341022301
831373,0.9343854229267994
831374,0.21913779882937945
831375,0.9514476917449091
831376,0.9943985480693286
831377,0.9645850573835439
831378,0.33877586738551185
831379,0.917053340046508
831380,0.9998466912252142
831381,0.0007576853197727869
831382,0.44567301676304494
831383,0.9997466533767412
831384,0.9993104608695794
831385,0.7462139945830675
831386,0.6701061620904829
831387,0.999914925130521
831388,0.9998818194507396
831389,0.9966732060870512
831390,0.9997778741953139
831391,0.9999406956682582
831392,0.9040261494998906
831393,0.8592070105649613
831394,0.13746854910496697
831395,0.9998331329701187
831396,0.8047430523960937
831397,0.999814018786809
831398,0.46399670884579414
831399,0.22074726095029606
831400,0.9990343310410685
831401,0.9995663065983821
831402,0.014998815170326339
831403,0.9938904327454414
831404,0.40316734172145186
831405,0.9977313564540808
831406,0.9071011974344786
831407,0.9998809005756629
831408,0.0013364735193610636
831409,0.3724269113336219
831410,0.9978850274088027
831411,0.3660903477591036
831412,0.06964819239593892
831413,0.9981450861109156
831414,0.9880026143753169
831415,0.23401942711389684
831416,0.7459355948076478
831417,0.9826135812152756
831418,0.11982781975559362
831419,0.9980672486982983
831420,0.9999227688198967
831421,0.996430501437159
831422,0.9982408136038687
831423,0.996631983248236
831424,0.9675008488092073
831425,0.06620833937232937
831426,0.13520556847555745
831427,0.9170388045379083
831428,0.14494144126358213
831429,0.5060163081487504
831430,0.8248725632943708
831431,0.9065829455186444
831432,0.5594091006253817
831433,0.9998626934032663
831434,0.7800595119489211
831435,0.9992901186019372
831436,0.9955445379306516
831437,0.17109097424356384
831438,0.026757494525447397
831439,0.9898936887408715
831440,0.9996439959682953
831441,0.9317062334957789
831442,0.025718135233604174
831443,0.9998927266513957
831444,0.9955804198108371
831445,0.9751373610864649
831446,0.988030104983413
831447,0.07843624037790015
831448,0.9999027873892883
831449,0.989573812506584
831450,0.9974154584098454
831451,0.9233851641788293
831452,0.9993692961878338
831453,0.9993414884228982
831454,0.9849922284197825
831455,0.0018176186355980035
831456,0.9539639519440939
831457,0.5375158307313254
831458,0.9813435460600776
831459,0.014909730543343536
831460,0.9999755703141979
831461,0.7286466118419168
831462,0.9999591328240746
831463,0.9998120397687085
831464,0.9992350301774059
831465,0.9999112643894006
831466,0.9805181646811669
831467,0.012234242788206784
831468,0.9956709861060216
831469,0.4466383458932521
831470,0.9933842828500716
831471,0.9995207369693164
831472,0.999188821905406
831473,0.08176089002680567
831474,0.02813599864256109
831475,0.9999944287533105
831476,0.7682559554383926
831477,0.47111858651915084
831478,0.958262699168597
831479,0.39236723028140913
831480,0.9869332367066278
831481,0.01746527305105377
831482,0.9999923914956272
831483,0.055989848264211786
831484,0.6054582056677602
831485,0.9861679951644661
831486,0.4908757331130892
831487,0.013263968577974542
831488,0.6197780524962393
831489,0.3440904691860046
831490,0.8530410582749967
831491,0.9967057196758002
831492,0.20522367505340566
831493,0.5236754184052398
831494,0.999767906506413
831495,0.1953462094409926
831496,0.9805148451286395
831497,0.9999048895649312
831498,0.975161447147989
831499,0.9995033199218721
831500,0.9998288272111557
831501,0.23702220037085886
831502,0.08574347799227809
831503,0.0028366342955552463
831504,0.9723750938410095
831505,0.7968805419334675
831506,0.9940748172568163
831507,0.9689478705890788
831508,0.28471401555009584
831509,0.9980917040259369
831510,0.07640762616064217
831511,0.5893050774416276
831512,0.8663261550957716
831513,0.5792384339006824
831514,0.9880158701433167
831515,0.9879131532981945
831516,0.9998713647573365
831517,0.9976108450866561
831518,0.4927502163645943
831519,0.9994339461500694
831520,0.630154651607979
831521,0.07475169834508999
831522,0.9857905400353649
831523,0.9961203438287193
831524,0.9984525422190472
831525,0.1832857978836035
831526,0.8581571899726537
831527,0.9998827455045343
831528,0.9983944596031766
831529,0.9999027744528759
831530,0.9973870551792412
831531,0.9999712166279687
831532,0.9992615336586748
831533,0.9998664258749834
831534,0.009535900103498396
831535,0.9880134828369036
831536,0.33099205806864196
831537,0.09439167824306233
831538,0.02031366771494269
831539,0.521325834048388
831540,0.6082811483386712
831541,0.006968530111540734
831542,0.993425864095633
831543,0.08655826807675267
831544,0.7090138064975253
831545,0.9603934614984277
831546,0.9996543824420197
831547,0.9995130386029236
831548,0.8118190138537129
831549,0.7874851220116716
831550,0.9994651406439949
831551,0.9948788433173478
831552,0.9999381393337401
831553,0.981284469150987
831554,0.9944495593816625
831555,0.9984331848210624
831556,0.9913384312415567
831557,0.9673760644364013
831558,0.9959931131371653
831559,0.5929763014603475
831560,0.27130115170085023
831561,0.4928713197725337
831562,0.9989786282149888
831563,0.8174031206128218
831564,0.007018501814207486
831565,0.7049669567271311
831566,0.9642918643471258
831567,0.999901249019373
831568,0.45533523269400344
831569,0.9955468592491038
831570,0.9997666793628202
831571,0.9984326055763508
831572,0.998075161837892
831573,0.994560350270255
831574,0.3533629973635515
831575,0.47065997569375106
831576,0.38237213190611086
831577,0.9376224974820353
831578,0.8628302918706006
831579,0.9993409842743943
831580,0.02573160213037922
831581,0.05547589333098663
831582,0.08077954266647909
831583,0.5147349008109596
831584,0.3415385599039136
831585,0.9994581909611642
831586,0.48611550691520494
831587,0.9959337123427894
831588,0.9947298959021333
831589,0.699734598312316
831590,0.973081953403026
831591,0.24305703501272238
831592,0.6492762543636389
831593,0.0028854640543521212
831594,0.9999429299934757
831595,0.5255788640781186
831596,0.9991304278165493
831597,0.14914059393871792
831598,0.9998655888281511
831599,0.9946795205767668
831600,0.9998929958769001
831601,0.0011760726105478933
831602,0.997030127202291
831603,0.9998884702933706
831604,0.9991940902523735
831605,0.5157795879990886
831606,0.9424066426035914
831607,0.9988231385044993
831608,0.05964107447825544
831609,0.9998430642545056
831610,0.9995970358406336
831611,0.9999259528141924
831612,0.9999529297803951
831613,0.9500454126144635
831614,0.9849335688937486
831615,0.98724302643892
831616,0.9999388114899153
831617,0.8846479929083252
831618,0.5612300288814593
831619,0.9983493300899295
831620,0.999646301924777
831621,0.996255494698612
831622,0.006862844453273164
831623,0.17679572519928402
831624,0.9967821658851624
831625,0.05460964506234965
831626,0.7243375267640292
831627,0.16517289304117705
831628,0.8505250458433181
831629,0.6805502403825889
831630,0.01379944651401627
831631,0.9189188988010882
831632,0.5515500067228029
831633,0.3337532111135961
831634,0.0764359841838835
831635,0.39931436733476494
831636,0.9579394317860849
831637,0.9987908181082166
831638,0.9876122443087476
831639,0.7511812904233726
831640,0.9998290730199135
831641,0.9999209360467401
831642,0.04769364593823979
831643,0.9999675229596604
831644,0.9967867038867266
831645,0.49247962966919046
831646,0.1654273350246731
831647,0.9995397287079083
831648,0.04634639340134146
831649,0.999991846829168
831650,0.5301513109633937
831651,0.048814084280405415
831652,0.998243790499772
831653,0.9132539079513403
831654,0.9918572250144306
831655,0.06166269723472602
831656,0.9998971263296601
831657,0.999948327064414
831658,0.406221620896693
831659,0.1407271725319316
831660,0.11216194887372341
831661,0.017354787704086883
831662,0.9992728302525133
831663,0.5008259863005443
831664,0.9252566118035066
831665,0.9997286479441756
831666,0.9979281571433103
831667,0.9977425984422565
831668,0.9998294492756715
831669,0.29059185879921035
831670,0.23972902499448193
831671,0.9986479292327237
831672,0.04254209817080084
831673,0.42007674033080117
831674,0.7493784237364152
831675,0.23729566594357454
831676,0.17813497687616822
831677,0.9985887081827629
831678,0.26706878864901484
831679,0.8803214280740427
831680,0.42809707817151044
831681,0.5514106696853194
831682,0.999716526493589
831683,0.1149107916373958
831684,0.025203370332027967
831685,0.07920205218739021
831686,0.22670071060612101
831687,0.9032611913619747
831688,0.8430516643020528
831689,0.7531261744637185
831690,0.6510899079763297
831691,0.1741864275996423
831692,0.9998507574837606
831693,0.7100440066922675
831694,0.9139291169604885
831695,0.9740730330210822
831696,0.154606906792972
831697,0.9251163244582191
831698,0.9181594831387995
831699,0.9026018226134064
831700,0.0577924144674533
831701,0.05499553532570903
831702,0.9996277049428393
831703,0.7472009340500188
831704,0.42796541455961273
831705,0.9998323994966006
831706,0.8737617620207951
831707,0.5688902740441303
831708,0.9999513331215497
831709,0.919082566459723
831710,0.26063281731269583
831711,0.03192160038559961
831712,0.9753104211535327
831713,0.045565215355678194
831714,0.7101318754046173
831715,0.05624520786361409
831716,0.999286746704723
831717,0.9981196640210228
831718,0.999486198891989
831719,0.12118914867377428
831720,0.4356099796730783
831721,0.9997443908520314
831722,0.9044239898266881
831723,0.93251334649245
831724,0.9996474889436643
831725,0.9821720938009311
831726,0.055058693830686276
831727,0.0033761498099982336
831728,0.9999746462156819
831729,0.99282774360121
831730,0.2568364212911399
831731,0.2816414383696161
831732,0.513641807539048
831733,0.1876884198156905
831734,0.9486307315973317
831735,0.9568315502017125
831736,0.99970702509638
831737,0.9993077780454331
831738,0.897835822079507
831739,0.9968805399449913
831740,0.9999544979594406
831741,0.9999742707941518
831742,0.0036385353763030612
831743,0.6512561809380009
831744,0.5428277320136808
831745,0.6492638618694107
831746,0.9690770775986259
831747,0.3302716771329484
831748,0.763910428097246
831749,0.99529882515684
831750,0.999869603954343
831751,0.970407103084099
831752,0.16683530711931568
831753,0.25698380054948045
831754,0.9993514655872996
831755,0.9999905467663928
831756,0.9981789303530847
831757,0.9960907747399228
831758,0.04724215294944815
831759,0.04794603896284705
831760,0.904558815094059
831761,0.9987552457409323
831762,0.9956826453286394
831763,0.24737716688772088
831764,0.8060267715849692
831765,0.14386232485254902
831766,0.9840244577661711
831767,0.7407330056712924
831768,0.8886049329844548
831769,0.949436542005412
831770,0.9991534600201422
831771,0.9998228751744855
831772,0.31793453869577426
831773,0.7656977654061219
831774,0.9927855866775989
831775,0.18012317258719118
831776,0.8672666253465988
831777,0.008302427028578516
831778,0.5208372124075508
831779,0.1411393898252366
831780,0.0156964889048809
831781,0.952833904121302
831782,0.9723806270754648
831783,0.16594739744494627
831784,0.19449585482083676
831785,0.9997469595487768
831786,0.9983119880030761
831787,0.9999604844911856
831788,0.9998514198720473
831789,0.8753794720023469
831790,0.7791716159319874
831791,0.5291256536947223
831792,0.9999849239934935
831793,0.9996773394878998
831794,0.9983508963044282
831795,0.9999902081623744
831796,0.13586243228500305
831797,0.7876507578167111
831798,0.024828971867388788
831799,0.5630167784760379
831800,0.8779953727066407
831801,0.14563055192138896
831802,0.9236989622568529
831803,0.9804345209181016
831804,0.9958353485759436
831805,0.31420089905166754
831806,0.9480373623769088
831807,0.8828333221600099
831808,0.999463090747177
831809,0.4966985449028911
831810,0.9999434578631341
831811,0.9997496238330117
831812,0.9066485524516681
831813,0.9880064564321825
831814,0.03660969035983586
831815,0.9067034866711425
831816,0.9981716478535476
831817,0.998329399819641
831818,0.6550879136568384
831819,0.9962820186042509
831820,0.9999441231839702
831821,0.9477300859355122
831822,0.9998933683599263
831823,0.9994932734804987
831824,0.28954576452244335
831825,0.27051206588970333
831826,0.9933853724899222
831827,0.8376779697904697
831828,0.9901478840508366
831829,0.9939178905346948
831830,0.9999598102892234
831831,0.19243633020732748
831832,0.9538605570246023
831833,0.9924464046416218
831834,0.9910801125824091
831835,0.9962447463755446
831836,0.9370342840238146
831837,0.21034162740164075
831838,0.9971764666181392
831839,0.9995256770845375
831840,0.998633475686131
831841,0.9765890894745604
831842,0.5124706483027249
831843,0.805284764302233
831844,0.9803945503868661
831845,0.7554931276911605
831846,0.9999141454492774
831847,0.012465286623111608
831848,0.8637987293915539
831849,0.9828741758408449
831850,0.9996464543308837
831851,0.18760171764540515
831852,0.9968175615062234
831853,0.16884154224975673
831854,0.1357223961431418
831855,0.8053796406661057
831856,0.6968195330276796
831857,0.24657495855725342
831858,0.7965025057262052
831859,0.9995608522133951
831860,0.9971563490634984
831861,0.5752907740232049
831862,0.9989291579266295
831863,0.9991949810136753
831864,0.9999349209090386
831865,0.6584151261205033
831866,0.9983919658091409
831867,0.18374970532467652
831868,0.9994386775582521
831869,0.24579588359505514
831870,0.9999614347177336
831871,0.9740328568231646
831872,0.9747248385410162
831873,0.9994846306956007
831874,0.04467971693785583
831875,0.8090555845411298
831876,0.7037979368884107
831877,0.9996281905564282
831878,0.9365059333507152
831879,0.7481800293794438
831880,0.15993388841344694
831881,0.7862959186615567
831882,0.18958791743450804
831883,0.9996371978870668
831884,0.9995144542683708
831885,0.8053240077641604
831886,0.009274970401778536
831887,0.9998541559712477
831888,0.9992364889544845
831889,0.9558215301718568
831890,0.9505130258143716
831891,0.9981916836718492
831892,0.23294268269150964
831893,0.011161208033431753
831894,0.06200715294305826
831895,0.9997086298279914
831896,0.960895363394695
831897,0.9993679243903542
831898,0.8886445382040342
831899,0.9952212439380305
831900,0.9993881044766593
831901,0.813037710017152
831902,0.9997224214518388
831903,0.8548616532238886
831904,0.9998173912574666
831905,0.6636320498703232
831906,0.2749527558216862
831907,0.029795125495995813
831908,0.20545384118467605
831909,0.7310314765013923
831910,0.31223549818401153
831911,0.01645947503259805
831912,0.8964942321113036
831913,0.9665385612437507
831914,0.7895173525772181
831915,0.1686405900314083
831916,0.9640372549596673
831917,0.8453808278903601
831918,0.12768866285706135
831919,0.5652689689422499
831920,0.9985181460329513
831921,0.21589163822451757
831922,0.999658688712521
831923,0.9998793900179888
831924,0.20084076387115704
831925,0.9742308246976482
831926,0.9993707568512816
831927,0.8481588406872353
831928,0.8768384036088438
831929,0.641107955738283
831930,0.9914856213887635
831931,0.9295958120813992
831932,0.9955465729087285
831933,0.9990865505159348
831934,0.009189909113708183
831935,0.9979987286140574
831936,0.9996665279906815
831937,0.9997852640862158
831938,0.9400539898402924
831939,0.9947298261747919
831940,0.9973281945306499
831941,0.594640616983342
831942,0.17288987357688046
831943,0.997931715608767
831944,0.6988454797091644
831945,0.7921455092456777
831946,0.9832149130395849
831947,0.36605082543382217
831948,0.9984037266888168
831949,0.22462314261274713
831950,0.6154768432288359
831951,0.41649956808975697
831952,0.09754388304363454
831953,0.9458631401460793
831954,0.9905192032928694
831955,0.8058664772867316
831956,0.9998842345128699
831957,0.10959728638843282
831958,0.9884734601537826
831959,0.99992309736657
831960,0.6916840363592339
831961,0.10646768417352953
831962,0.9349730826113081
831963,0.9843343603017559
831964,0.969549482236658
831965,0.9999277774941318
831966,0.9996125784068602
831967,0.9999715746646682
831968,0.8051621913224942
831969,0.9992895959627033
831970,0.9998185233969106
831971,0.9999845958459654
831972,0.9960791294525666
831973,0.9573141742841583
831974,0.1483205916961452
831975,0.9963984244746842
831976,0.9849330160927543
831977,0.0437787763477844
831978,0.03630468589463369
831979,0.996067491913649
831980,0.10843153414721418
831981,0.9875481949749887
831982,0.3815942910391773
831983,0.9993530462475531
831984,0.015172972222064943
831985,0.7564492373511603
831986,0.6925988099485345
831987,0.7222890710913157
831988,0.9076881427401202
831989,0.5292226286257413
831990,0.9900287133345533
831991,0.00497551445348439
831992,0.7096615524141535
831993,0.004619791892872158
831994,0.9999432138398396
831995,0.24975173445680626
831996,0.9999767836825983
831997,0.7455875891229513
831998,0.9996512201349239
831999,0.9986527696123757
832000,0.998751600403275
832001,0.2024839289501335
832002,0.9755885718495425
832003,0.24201717658263008
832004,0.9998648197739265
832005,0.3387336703349068
832006,0.0837993765585111
832007,0.23526452765184594
832008,0.9967265932861691
832009,0.7930888336806095
832010,0.837587364544865
832011,0.9778105225164289
832012,0.44160040210028045
832013,0.9972966540218202
832014,0.7680281689099466
832015,0.9833831790416246
832016,0.3577235125931956
832017,0.08265452072943853
832018,0.7165870246523438
832019,0.4418394052416512
832020,0.9896103275482189
832021,0.02148724201832098
832022,0.9980651938734738
832023,0.7693097905106709
832024,0.4576346814220703
832025,0.5698567992631806
832026,0.6995196161174186
832027,0.9999197063488081
832028,0.9583069240042308
832029,0.18070421192827427
832030,0.9540054472765741
832031,0.9487158816303409
832032,0.9993463480972247
832033,0.031399448913481745
832034,0.07912116908480331
832035,0.9831105439401991
832036,0.9985245847452521
832037,0.9999480336417131
832038,0.0814587588005545
832039,0.998995504492909
832040,0.9995990931284018
832041,0.9988559720325795
832042,0.9996735582061379
832043,0.560895804458603
832044,0.9973153823653039
832045,0.026269874023312472
832046,0.48375410829547144
832047,0.029209368680859157
832048,0.9880675301300452
832049,0.047260226778831654
832050,0.0186278507393921
832051,0.34536871567782246
832052,0.9998264021707213
832053,0.9968868231945156
832054,0.02573499200604207
832055,0.08387984154172795
832056,0.3855914000376619
832057,0.9899092187398706
832058,0.9981714736811833
832059,0.9992437035096854
832060,0.5605692149678683
832061,0.5272945345246806
832062,0.9811412803064259
832063,0.9756906433019945
832064,0.17064694675327136
832065,0.9829788711054042
832066,0.14849520421537218
832067,0.0185340071111035
832068,0.8761246919451245
832069,0.9993442502507897
832070,0.46337124863474416
832071,0.09422439926244677
832072,0.9996998411307296
832073,0.7391986400686287
832074,0.18937011355988687
832075,0.99965699248429
832076,0.9737510319591243
832077,0.9956509352890323
832078,0.7063768698621415
832079,0.016992404672259577
832080,0.06884569481504058
832081,0.7601374658294494
832082,0.9994479841432922
832083,0.21439705273601495
832084,0.07459819572302957
832085,0.9500109891070322
832086,0.9909036217541605
832087,0.47093206502577434
832088,0.9424506846583253
832089,0.9225032191687985
832090,0.9909355764824948
832091,0.30710056359282534
832092,0.33450161413072177
832093,0.18019245888468513
832094,0.8381158315429063
832095,0.8449763729837897
832096,0.024762990013266154
832097,0.5901652875666474
832098,0.5339009607623
832099,0.9999565514374107
832100,0.08175598236374942
832101,0.6852862638560472
832102,0.025000415788674825
832103,0.023323209858957937
832104,0.04091144393673461
832105,0.9994943153886988
832106,0.7082174039152256
832107,0.9391038967618418
832108,0.0577319751995933
832109,0.0383686944642002
832110,0.03897214383611949
832111,0.10655741213163601
832112,0.2632646018248441
832113,0.9998610141704878
832114,0.06464766864973742
832115,0.05378413199604325
832116,0.9998854659049209
832117,0.9954835340782704
832118,0.973979236161518
832119,0.9999033696419717
832120,0.19382778584622537
832121,0.9997184232287912
832122,0.997223093680232
832123,0.998049798159937
832124,0.25723606640562774
832125,0.9994935357102255
832126,0.3887958702131337
832127,0.8395800779980944
832128,0.29836252835637395
832129,0.9780505816575187
832130,0.6363470385138268
832131,0.4238632311799325
832132,0.9989594856828342
832133,0.9897430779514833
832134,0.6941387629750999
832135,0.02083970237092997
832136,0.9982741474177952
832137,0.9982319359824312
832138,0.9986930681509059
832139,0.6508169440727851
832140,0.07292070852799287
832141,0.9480413997810899
832142,0.010579986220081588
832143,0.9986868519598731
832144,0.18843021537506194
832145,0.9967548781721371
832146,0.9979440963049095
832147,0.9730487215953736
832148,0.9996735882916008
832149,0.999907746686282
832150,0.42745732461418506
832151,0.06618999753347951
832152,0.9995915137610817
832153,0.569310984518866
832154,0.9741661998678445
832155,0.9999917458698153
832156,0.1982013739224159
832157,0.9998878402896912
832158,0.012357931818864904
832159,0.6321593714073467
832160,0.999842211183637
832161,0.9987930239069331
832162,0.9990348579149075
832163,0.48032817027169283
832164,0.978742492739994
832165,0.9998871065758599
832166,0.9988952449501408
832167,0.5489768043347779
832168,0.9830568128862757
832169,0.9998630286207193
832170,0.984256775359806
832171,0.14154842959139538
832172,0.9998929382166883
832173,0.999537524613271
832174,0.9972988203256152
832175,0.9861965776560476
832176,0.880204458886658
832177,0.020809623839309635
832178,0.9943211182778592
832179,0.2440614326302388
832180,0.9975349819653498
832181,0.4313231180999996
832182,0.9995916136909726
832183,0.9999096437736217
832184,0.9578786349824411
832185,0.5253149249436543
832186,0.9798547842683943
832187,0.9993902433399291
832188,0.8012404032935379
832189,0.8968496493705883
832190,0.015683955043542953
832191,0.8884856296349943
832192,0.9897302398969505
832193,0.738326885322586
832194,0.9914403744727665
832195,0.516085122221862
832196,0.05133592281479302
832197,0.12703486721725918
832198,0.9990033742066095
832199,0.9999547854470188
832200,0.932248761633478
832201,0.7231068659162065
832202,0.9999522652460592
832203,0.7947847949320728
832204,0.009421354492997544
832205,0.9945359709023759
832206,0.9571299983064808
832207,0.1238399826122035
832208,0.9999478171702512
832209,0.08652347618339032
832210,0.8173766562036695
832211,0.2821511787874592
832212,0.9584789230169664
832213,0.9971379358561333
832214,0.6444073526404552
832215,0.3976089809181145
832216,0.9778539407160698
832217,0.5539643690030851
832218,0.9999411841461106
832219,0.946000853690343
832220,0.9863254323278765
832221,0.05221971808094744
832222,0.7909943901579057
832223,0.673429019935913
832224,0.12010423228698229
832225,0.9999047823621914
832226,0.9108913116053674
832227,0.11390392080140085
832228,0.07063943062241014
832229,0.37021289346818803
832230,0.999888748038916
832231,0.9995367913762415
832232,0.978272053871194
832233,0.5499488614372787
832234,0.8441698518639846
832235,0.700972963347948
832236,0.9938204818051173
832237,0.9824254718805978
832238,0.9996289842910682
832239,0.9977631106740739
832240,0.7896337081308852
832241,0.9100946682198933
832242,0.9997386576540191
832243,0.9917557863418993
832244,0.6272755439540113
832245,0.988697460509618
832246,0.9768873363352755
832247,0.7139286475928885
832248,0.9994316303237734
832249,0.990458050817442
832250,0.9319424721962735
832251,0.9074026187284069
832252,0.6618923992073298
832253,0.45334293377654866
832254,0.9957563907346135
832255,0.3308791298616294
832256,0.9312553703363442
832257,0.9997492316454855
832258,0.329430299923418
832259,0.7380157433968131
832260,0.9991080371860114
832261,0.9990179963476848
832262,0.9546447137585135
832263,0.986156405507615
832264,0.9991683385513409
832265,0.9792699254710118
832266,0.27892877038030434
832267,0.9999730759507583
832268,0.9996459883995413
832269,0.44842734498180714
832270,0.97235965092876
832271,0.02135321102025514
832272,0.537354938550237
832273,0.980338301009566
832274,0.9994189143437173
832275,0.9997035443171601
832276,0.50034159378118
832277,0.9993670016094207
832278,0.026986930142043918
832279,0.6954538641533928
832280,0.9896262980261883
832281,0.022488065303637478
832282,0.15046027105259202
832283,0.9810847532300342
832284,0.999720758200712
832285,0.03289428136545517
832286,0.988419057307825
832287,0.9999575026642292
832288,0.6228098544904065
832289,0.0396578693467487
832290,0.999155157020744
832291,0.41421132051991094
832292,0.9917427096218865
832293,0.9952566054007129
832294,0.9936436191665476
832295,0.8485971944844033
832296,0.9996735800558602
832297,0.3361709846457498
832298,0.9962645745268921
832299,0.43010456615190074
832300,0.8534581935918628
832301,0.9984995346594667
832302,0.9973209232472064
832303,0.05580569518810735
832304,0.3462523873606121
832305,0.9999470829354471
832306,0.09461674083015392
832307,0.22975746378797465
832308,0.9275986445004507
832309,0.9998614791267053
832310,0.9994458152191236
832311,0.9986133830279451
832312,0.1447932365979284
832313,0.9999946190533298
832314,0.6773035070780261
832315,0.99959080409045
832316,0.845893825741703
832317,0.6756006274678759
832318,0.41970326833838184
832319,0.0242037093204515
832320,0.8213596517974637
832321,0.731076100982957
832322,0.9999837089627732
832323,0.9985687810424829
832324,0.46758198300293796
832325,0.8124526954974742
832326,0.9997564562004827
832327,0.5853254851906007
832328,0.998746275090871
832329,0.9648800718343532
832330,0.9999199482953343
832331,0.9943563947215834
832332,0.008766079070204044
832333,0.9999101120181749
832334,0.9051051090774473
832335,0.005707636051221887
832336,0.8473225746468107
832337,0.04328726587665281
832338,0.3803213285696845
832339,0.9987373112392489
832340,0.8906833886253287
832341,0.01856644326674445
832342,0.9999796259056841
832343,0.9893908375929269
832344,0.022498640260209007
832345,0.9996407207337326
832346,0.9993628524984823
832347,0.9772573852236671
832348,0.9979464436623098
832349,0.5423866247593169
832350,0.8937736844515718
832351,0.9868125102149075
832352,0.9970943526153603
832353,0.9999271011541394
832354,0.9995204254517285
832355,0.6681788571329488
832356,0.9751513358343291
832357,0.9994266487206918
832358,0.9960150334191616
832359,0.9998365134144542
832360,0.8874002649056132
832361,0.12077597104011398
832362,0.0700172439717249
832363,0.016437768789000502
832364,0.00622347328071398
832365,0.7751759290654429
832366,0.9981640731595176
832367,0.3697642515625646
832368,0.5943134104266385
832369,0.9985554084264959
832370,0.9998422608564994
832371,0.01702505063830135
832372,0.20563446093734788
832373,0.9517484751747384
832374,0.29156629304344084
832375,0.8049779482839861
832376,0.9800372012801186
832377,0.8007798781992881
832378,0.022691331980250026
832379,0.290293888085565
832380,0.002254331399777065
832381,0.9086806925538214
832382,0.9966121590315759
832383,0.19485101670989946
832384,0.2702096276017379
832385,0.999543535872411
832386,0.5655141167033528
832387,0.9977991983965578
832388,0.5871376723413843
832389,0.1239028724370071
832390,0.9740148903430672
832391,0.9608114776508032
832392,0.18864542951008278
832393,0.03531312804069613
832394,0.5833818908293507
832395,0.4758174052445498
832396,0.999985230651161
832397,0.9489118237452776
832398,0.6358830897086327
832399,0.9481159359315254
832400,0.9911331601043312
832401,0.9983624213479665
832402,0.018172463898318298
832403,0.9999266096444129
832404,0.31088871282216696
832405,0.9998128454409454
832406,0.9973999193475912
832407,0.9964880723568341
832408,0.8241167254448718
832409,0.9999057355207945
832410,0.302405829922775
832411,0.7101987618699401
832412,0.9994498482536791
832413,0.8218832112568357
832414,0.06098473689856198
832415,0.9643001097324906
832416,0.9426286154192487
832417,0.9984399738008862
832418,0.9909287110048404
832419,0.8209668113553464
832420,0.23680893956881074
832421,0.7873353482195768
832422,0.9760373886921954
832423,0.8259941954569187
832424,0.9906147987600225
832425,0.9995448133762762
832426,0.9654164214945594
832427,0.6560650464169318
832428,0.721577056023144
832429,0.9877744594205249
832430,0.9971409302141074
832431,0.33748438318603446
832432,0.9411706553535355
832433,0.534714276255271
832434,0.41198161897486874
832435,0.8158797838465155
832436,0.9791794999617238
832437,0.1254969653587726
832438,0.9993120636516994
832439,0.9960505486126394
832440,0.17238419281615078
832441,0.9999395637818504
832442,0.9069735691438792
832443,0.7046408005467961
832444,0.9968612541306425
832445,0.8538605477866734
832446,0.9998372057395825
832447,0.8861078487534616
832448,0.9995054107847741
832449,0.994714407370243
832450,0.6054578392711695
832451,0.9961126028222463
832452,0.12862985823686282
832453,0.037647342047496264
832454,0.9995463279233181
832455,0.818785983010093
832456,0.9998754216550148
832457,0.2697807264852246
832458,0.9992879091988601
832459,0.7553551619273694
832460,0.14740243328044506
832461,0.9885014800626949
832462,0.9987463869807647
832463,0.9979059358485881
832464,0.18167105681251935
832465,0.9921541068707214
832466,0.997210214417747
832467,0.45955053753943875
832468,0.9736372335115504
832469,0.7944071358749045
832470,0.9997703046523257
832471,0.36862517947004797
832472,0.9998568649199205
832473,0.9983197013332312
832474,0.04062498558931925
832475,0.6421929613276955
832476,0.5081340168516782
832477,0.9752051902708103
832478,0.9998581429450806
832479,0.6204667568309863
832480,0.9328451519432375
832481,0.9722239477147152
832482,0.9999893047050691
832483,0.9998496216938739
832484,0.41393143073681327
832485,0.9999193908356558
832486,0.9990583120767489
832487,0.999978037387222
832488,0.45658551187369545
832489,0.23495915737292083
832490,0.999694533528581
832491,0.10408300047308139
832492,0.999793490004711
832493,0.9999917155217314
832494,0.06666964966150192
832495,0.9935458523303136
832496,0.9817274490089927
832497,0.9600517375454618
832498,0.9960491458732257
832499,0.9965304723607079
832500,0.999952241375848
832501,0.4429673552037845
832502,0.1093089641862037
832503,0.994598813258024
832504,0.8457777649369542
832505,0.9962445329728267
832506,0.9994727554022855
832507,0.790218183093187
832508,0.9999086817534706
832509,0.9992959088970179
832510,0.020069538856697496
832511,0.9985873740450966
832512,0.16760741278305585
832513,0.11472683689805517
832514,0.8906921872696608
832515,0.9974317751501862
832516,0.12043997769380996
832517,0.6409213998117242
832518,0.9999796826647295
832519,0.44659957585042676
832520,0.9972166304156962
832521,0.879651367906449
832522,0.018002776152344295
832523,0.362983694301816
832524,0.999557803037625
832525,0.1943717996838641
832526,0.9996425777012403
832527,0.16260136944683728
832528,0.728379184743309
832529,0.9999042272056096
832530,0.9990756633804396
832531,0.6208625417979721
832532,0.009381242999653764
832533,0.3238125159889813
832534,0.9997971220540973
832535,0.8597123444959321
832536,0.996184915473513
832537,0.9748915134691569
832538,0.003927548245789233
832539,0.9968420522111148
832540,0.9482143609825526
832541,0.9999448157239907
832542,0.99975470004961
832543,0.9942488352216818
832544,0.9999513836430917
832545,0.7210499009039724
832546,0.9615712601734528
832547,0.9391013751661772
832548,0.6255831410821096
832549,0.8593625771533344
832550,0.9097816898414686
832551,0.2987827543253969
832552,0.39531447208776066
832553,0.903178117977242
832554,0.5708109773966941
832555,0.9991554097898715
832556,0.8360961601819065
832557,0.04800947769369767
832558,0.9999470720773878
832559,0.9417411236930884
832560,0.6770666780770267
832561,0.644456704935044
832562,0.9814010819806598
832563,0.27849420610685843
832564,0.7477411713419166
832565,0.9651888342152496
832566,0.974340850927363
832567,0.8581527181586823
832568,0.9980540238048782
832569,0.04491364991275515
832570,0.8069730088071653
832571,0.6648526137172202
832572,0.07059803998316411
832573,0.017728793876445895
832574,0.5198635997763531
832575,0.9980183602643337
832576,0.9964865976187633
832577,0.3252398419540466
832578,0.07920834719186626
832579,0.8501611540580902
832580,0.9985097642420624
832581,0.4886297442293084
832582,0.544390036009583
832583,0.08683274312519383
832584,0.9998557179926136
832585,0.6690926934307468
832586,0.9999963443313493
832587,0.39313480356487235
832588,0.9727250389994216
832589,0.5273176490417468
832590,0.2978677463517786
832591,0.048338531243422474
832592,0.6491506414211288
832593,0.9932571793656936
832594,0.7406934489556182
832595,0.6967461923435991
832596,0.8594936928816244
832597,0.7732952759039463
832598,0.9796290632920133
832599,0.8560324488687938
832600,0.6806536376988157
832601,0.997337136143269
832602,0.9999508582618288
832603,0.999830309132091
832604,0.9999913688966309
832605,0.018711330665997564
832606,0.956129218181657
832607,0.6301012215301478
832608,0.34736303085895526
832609,0.6030325391685548
832610,0.7435031394557448
832611,0.9958909142773527
832612,0.4101202590005198
832613,0.9989743846888568
832614,0.36799752631900234
832615,0.776016293600426
832616,0.9109690744671154
832617,0.1482957380535458
832618,0.8001093931846087
832619,0.9998034133965572
832620,0.058261832043737784
832621,0.3478880189727902
832622,0.9998860185835712
832623,0.9876507471245655
832624,0.9999215394649974
832625,0.9996687973420071
832626,0.8534258744909806
832627,0.5542976782686332
832628,0.7992863419663099
832629,0.1427967032815223
832630,0.07292792928300185
832631,0.6067460792022733
832632,0.820340459493718
832633,0.9997100078942878
832634,0.8698488853883539
832635,0.9952116896618093
832636,0.9996326910075115
832637,0.9968439187952639
832638,0.3681167484893334
832639,0.8825523200463055
832640,0.9997517267832507
832641,0.4050621536391277
832642,0.24732515457008009
832643,0.9885709564255141
832644,0.5147190639061082
832645,0.5364589961478834
832646,0.4193448733609595
832647,0.7743338145766947
832648,0.03215020293289424
832649,0.9696793804638686
832650,0.9971240272532457
832651,0.06449899820669812
832652,0.4062447291563801
832653,0.9998315992631401
832654,0.9996775097818875
832655,0.9999805279951341
832656,0.999788574361492
832657,0.4650143237568244
832658,0.9991894625057046
832659,0.9998059832197705
832660,0.9998435194809873
832661,0.9992386144295431
832662,0.9988212364470659
832663,0.013669376404416457
832664,0.4202686594354228
832665,0.008312247712421564
832666,0.9099682592682588
832667,0.021003300853228123
832668,0.0266491804063018
832669,0.9999238948855197
832670,0.19746919057667506
832671,0.9982695824828071
832672,0.015877349987742748
832673,0.6332634480520074
832674,0.8946338240741512
832675,0.6111971526306249
832676,0.9996024606047673
832677,0.23696745498954436
832678,0.016244480906272195
832679,0.9421458927378719
832680,0.016907838700432172
832681,0.9999888389151725
832682,0.9821040524344785
832683,0.9997911188685347
832684,0.9982062784351139
832685,0.9883523760460826
832686,0.9999754026288001
832687,0.9997675488852831
832688,0.3940093560542909
832689,0.9815910591624447
832690,0.008234840072340315
832691,0.9471507897593424
832692,0.2671901707264805
832693,0.46943331573527003
832694,0.5399347036345987
832695,0.9866960493709394
832696,0.9233738847276601
832697,0.13113460734470647
832698,0.9934309590409236
832699,0.014052524395658399
832700,0.5007904208647803
832701,0.7573743630722352
832702,0.614898029355615
832703,0.09905562363078815
832704,0.9996418061158385
832705,0.112389714139067
832706,0.028299533766985203
832707,0.9997393460975972
832708,0.9997035781009818
832709,0.999985317026416
832710,0.5376710885388317
832711,0.9672106734721326
832712,0.2665479852600877
832713,0.999597542410467
832714,0.8562761916643236
832715,0.33707140523258444
832716,0.9886644833743252
832717,0.9928807736415055
832718,0.999258558782498
832719,0.13958963249106854
832720,0.5974763147191643
832721,0.25821195750170767
832722,0.9977233476018451
832723,0.1396941252691658
832724,0.6790582622715415
832725,0.9999921214086194
832726,0.781432227677201
832727,0.3203802354231564
832728,0.9999392329886994
832729,0.0042198598169500496
832730,0.404225109612865
832731,0.9552835437086478
832732,0.5575501530497076
832733,0.9969297930128826
832734,0.982162064630131
832735,0.8427497429459543
832736,0.9548730295416898
832737,0.9996265949749911
832738,0.9999196720738894
832739,0.00694241668155453
832740,0.9991423355504991
832741,0.9999491728634124
832742,0.7102201399702786
832743,0.012866760530155666
832744,0.9731283689008574
832745,0.041634426168386474
832746,0.7281019997038304
832747,0.4690679179327846
832748,0.9934133408673851
832749,0.028554197400372176
832750,0.9997760264424973
832751,0.011174589693834627
832752,0.8787928781231337
832753,0.9952288052546401
832754,0.9999222517067212
832755,0.24603573147915514
832756,0.286120581791183
832757,0.9998792230505174
832758,0.9952850754448923
832759,0.00820451558065654
832760,0.4018251592967633
832761,0.9805003344866574
832762,0.9998034903757449
832763,0.0755814496979112
832764,0.9686594902424971
832765,0.9920563116934409
832766,0.9960287308693917
832767,0.8965299466318819
832768,0.17511864580669226
832769,0.9998595350317703
832770,0.9800910846025714
832771,0.9592465248093528
832772,0.9667709755530576
832773,0.9575364009478857
832774,0.07307025209108838
832775,0.06777890730875463
832776,0.05406641359584133
832777,0.5131600647699894
832778,0.9980133256773986
832779,0.9951957083945124
832780,0.742037618101802
832781,0.013906684239407368
832782,0.999476234301719
832783,0.10020095934522126
832784,0.8457917707795649
832785,0.893368747831021
832786,0.9942519208188576
832787,0.6918580231483973
832788,0.8938538488678605
832789,0.9984319028427922
832790,0.9610639405824244
832791,0.9044245734394505
832792,0.9999321465452238
832793,0.9968261177765061
832794,0.9996477518832265
832795,0.9998492721674568
832796,0.9997647876806453
832797,0.767313938872834
832798,0.9496100849502204
832799,0.018359098285705994
832800,0.9136617840341201
832801,0.9998781663220725
832802,0.6984189659109876
832803,0.9759105954504501
832804,0.9997659907353815
832805,0.4194311634999939
832806,0.9194252380500026
832807,0.34899074338318004
832808,0.9954364655356616
832809,0.9984809056735587
832810,0.7317317343392489
832811,0.9981008576524146
832812,0.9049961053344412
832813,0.999353003315309
832814,0.5394570480954115
832815,0.012695103096546622
832816,0.5705402989177087
832817,0.713937370806073
832818,0.5427325473200693
832819,0.993234254183893
832820,0.46730284254139826
832821,0.9965497530003964
832822,0.8501590628867105
832823,0.9988788961308721
832824,0.9808416251946996
832825,0.44883338492043423
832826,0.99579834294368
832827,0.3317590194949469
832828,0.8539372023820334
832829,0.9975821360353843
832830,0.3084072198885393
832831,0.9998950180231037
832832,0.9999706859215243
832833,0.9975928313458833
832834,0.8792369946013961
832835,0.858594820051195
832836,0.9989669490270181
832837,0.9421092337383239
832838,0.9918440420175774
832839,0.35969352235321667
832840,0.8540735348030442
832841,0.9973105093737613
832842,0.9618994242759673
832843,0.9998220457329723
832844,0.99946810702466
832845,0.736103092333656
832846,0.9989792326360174
832847,0.6422292251370653
832848,0.8547183749339144
832849,0.9222541678667557
832850,0.9622155909306288
832851,0.651456961791548
832852,0.14450115151151738
832853,0.9961627364123451
832854,0.999367798922539
832855,0.9999828717868563
832856,0.9933585674602443
832857,0.9916911549205834
832858,0.9991704404666353
832859,0.04185379164120074
832860,0.8064768916980061
832861,0.022386916410261866
832862,0.7372252528454479
832863,0.7218316631246806
832864,0.2346122305505148
832865,0.376789397651119
832866,0.9994761358152484
832867,0.038790272817011646
832868,0.9990599808153089
832869,0.9999829370503681
832870,0.9907478124127188
832871,0.22204372098780217
832872,0.9128195818946483
832873,0.28275346722015127
832874,0.8872363501843312
832875,0.9998364115553982
832876,0.9435391347715452
832877,0.39378809810220383
832878,0.9437804252492135
832879,0.9997480086434862
832880,0.9999225108947107
832881,0.9963021845281664
832882,0.9999766170652715
832883,0.9991567147466244
832884,0.999288167461731
832885,0.5513085177564512
832886,0.4750499479350011
832887,0.9997405860502081
832888,0.5125832382546123
832889,0.3770780961471524
832890,0.7017875352689384
832891,0.9993852801413624
832892,0.9023799162305298
832893,0.38075060420534323
832894,0.43645511606330584
832895,0.9978273756523363
832896,0.19899414849206645
832897,0.9999852811495523
832898,0.9917845101496028
832899,0.99979338825584
832900,0.32522802400204365
832901,0.9996461051917
832902,0.9999706119989039
832903,0.9771936589723976
832904,0.9583126005011673
832905,0.2908053791233797
832906,0.6445781354120261
832907,0.9976061260560336
832908,0.026312206015665755
832909,0.187744367419847
832910,0.9096143088632476
832911,0.6688094587239855
832912,0.9856058110576055
832913,0.8144655526218165
832914,0.9999023917556318
832915,0.9285456453180632
832916,0.9981864662782782
832917,0.5206456735065192
832918,0.9989921388084771
832919,0.9931745635987452
832920,0.21508491898572885
832921,0.9995944948881844
832922,0.19436757882061287
832923,0.9985342044614682
832924,0.694390200031836
832925,0.058465797200136796
832926,0.9999314698011775
832927,0.3367019412297294
832928,0.9990586395175634
832929,0.9933472354709049
832930,0.0942107017352164
832931,0.11088612343554019
832932,0.9998983445650298
832933,0.9998874986385009
832934,0.963854570040809
832935,0.058108892836997425
832936,0.6079806427430522
832937,0.9934516091251288
832938,0.9409652048673138
832939,0.9961568689355443
832940,0.9980402537853359
832941,0.9088154613694859
832942,0.04444378098523873
832943,0.3221025644487493
832944,0.9916142806822529
832945,0.982168021765992
832946,0.8788805458085492
832947,0.8941489126223798
832948,0.9825623764882742
832949,0.5712869294071566
832950,0.020846743349065812
832951,0.849933597933739
832952,0.966361269211236
832953,0.9787528535360808
832954,0.3367576252315353
832955,0.9977737631151742
832956,0.9937614181870031
832957,0.7811915523228359
832958,0.998321780881159
832959,0.9999652641313379
832960,0.7222998627358256
832961,0.13558157070664828
832962,0.5116639505779803
832963,0.8761036929684034
832964,0.016697070181027673
832965,0.9999776851686764
832966,0.9970547716427819
832967,0.6609168635540978
832968,0.9999641352950125
832969,0.19806501776756072
832970,0.8034345294566095
832971,0.8262298118078911
832972,0.9998302292717102
832973,0.2759806955538884
832974,0.9999615541036236
832975,0.9996343236037895
832976,0.9986373565576091
832977,0.9109738942533929
832978,0.813126308623098
832979,0.999823973164608
832980,0.9959771585908573
832981,0.9997932638867004
832982,0.999720759860656
832983,0.8896498447822568
832984,0.9998007115327598
832985,0.9993917863515644
832986,0.9997709694657289
832987,0.9999060797259107
832988,0.11559642412220691
832989,0.9987950772925525
832990,0.024839764297333894
832991,0.07942553716862363
832992,0.997144404994821
832993,0.45434765741092814
832994,0.05905045218795444
832995,0.9999781541853792
832996,0.9999052514149831
832997,0.006710482373929918
832998,0.9999643139619561
832999,0.8914442293473717
833000,0.9789053395341225
833001,0.9995772936096322
833002,0.9192566868816261
833003,0.12783791022728794
833004,0.5676734544164452
833005,0.7144709269245768
833006,0.01782529783034093
833007,0.9993648073281923
833008,0.9998012118494414
833009,0.765072270630869
833010,0.18381759616006021
833011,0.9994329779088269
833012,0.8315582752493671
833013,0.5006978049634923
833014,0.9998964224738944
833015,0.9761608318823405
833016,0.9998593988511735
833017,0.5436969217465836
833018,0.2879735566832137
833019,0.7906915530277416
833020,0.9796851276158194
833021,0.9991247183049974
833022,0.9999149839779183
833023,0.498898480330197
833024,0.017508965567079777
833025,0.9999802207828179
833026,0.07734934675955163
833027,0.7617417341664494
833028,0.9994286839731774
833029,0.809626642137671
833030,0.99867215975892
833031,0.10482892139656907
833032,0.9145654549137529
833033,0.24770134177276598
833034,0.9999772220503598
833035,0.1815966611262277
833036,0.7768827302236702
833037,0.422680667149972
833038,0.007281953067905767
833039,0.7418814233254305
833040,0.9994976906527333
833041,0.8826850872097071
833042,0.9381600174150906
833043,0.9996887394988387
833044,0.783158101782554
833045,0.9965828680568035
833046,0.06096753059639845
833047,0.9995710398145303
833048,0.9998930432349553
833049,0.9998306117326974
833050,0.7623498770224217
833051,0.8266367785172732
833052,0.35668009697217923
833053,0.7285910691534806
833054,0.9956444427936613
833055,0.48417581582758284
833056,0.997255072562271
833057,0.8144589089331712
833058,0.9998344057834796
833059,0.9999599574164397
833060,0.20357248222527125
833061,0.9997190623466405
833062,0.014719400336636903
833063,0.979819115537659
833064,0.83674441244923
833065,0.9999349361708798
833066,0.8126036179580564
833067,0.18778191575344855
833068,0.17400020704299535
833069,0.9986220792432503
833070,0.6742699319077187
833071,0.4393620998484114
833072,0.018633795026908827
833073,0.005943197983297908
833074,0.9999768623180945
833075,0.9763788188342035
833076,0.99315872846094
833077,0.1611283308681548
833078,0.0012742053547231227
833079,0.9995267231721268
833080,0.9986176524890962
833081,0.9945755425167758
833082,0.7606442153252083
833083,0.3161469720936779
833084,0.44121147671414757
833085,0.9230713464412533
833086,0.9031364021187739
833087,0.8856043949871597
833088,0.13328427462992268
833089,0.9227083128424713
833090,0.09834006445900285
833091,0.37612596539074516
833092,0.02885728969482376
833093,0.17341408366423397
833094,0.01862891382340801
833095,0.9999149724965094
833096,0.9998621699038774
833097,0.9935113177699142
833098,0.329152984522413
833099,0.8314888039229493
833100,0.9623004386484164
833101,0.9377438120469656
833102,0.41427475608225517
833103,0.37163028454841385
833104,0.20188271839797697
833105,0.9983908034470628
833106,0.9998646951229406
833107,0.9997548264860276
833108,0.9993459745851433
833109,0.48046937521314637
833110,0.004998783504567722
833111,0.999400871801861
833112,0.9996391253001067
833113,0.9997150692501784
833114,0.49219302677099513
833115,0.9128841863222079
833116,0.9979322091034504
833117,0.9994722756676994
833118,0.7421198524082763
833119,0.718905507491675
833120,0.7755893893215746
833121,0.8227617989061827
833122,0.9999880185938228
833123,0.4284346552672463
833124,0.9999679073700144
833125,0.9994835033476623
833126,0.2681909535981674
833127,0.061142639647832564
833128,0.046392212490219166
833129,0.9265307310153903
833130,0.03310884726716943
833131,0.9994874267467857
833132,0.5898855025721625
833133,0.9986423255247338
833134,0.9847811673893028
833135,0.9999582458600436
833136,0.951729933985296
833137,0.1404964777399204
833138,0.6795931787328789
833139,0.9934200073345167
833140,0.3424802596038138
833141,0.9939983769956222
833142,0.9991629770440347
833143,0.19023480822592564
833144,0.9911267724510475
833145,0.9990920233377958
833146,0.16178141493214665
833147,0.9871024818129945
833148,0.9930156886064635
833149,0.9399696143587082
833150,0.9702312546156187
833151,0.9973545090958336
833152,0.9811610408489602
833153,0.9979935273861585
833154,0.9998059450189066
833155,0.9958186054100066
833156,0.07288045903862456
833157,0.999848374024463
833158,0.9997284844938749
833159,0.9999142092736237
833160,0.8653943672692832
833161,0.22090231776469715
833162,0.9914887985324585
833163,0.9831468456817141
833164,0.9761294787673064
833165,0.7911024344963351
833166,0.54188190711586
833167,0.9999655315928493
833168,0.871063039591276
833169,0.9997531455223844
833170,0.9971875972121591
833171,0.9999717018721119
833172,0.1100732237113177
833173,0.961911743095752
833174,0.9335053253116581
833175,0.9127464546226804
833176,0.9995853355576962
833177,0.9888425251199691
833178,0.9994344897398718
833179,0.05649019291243846
833180,0.8844126413413742
833181,0.9997099828939005
833182,0.9998982965316363
833183,0.9954552409236219
833184,0.9999687230974903
833185,0.049472392732283696
833186,0.5684029918233159
833187,0.9998778680006644
833188,0.036346407104981805
833189,0.990898500006014
833190,0.9995161799798296
833191,0.9996000924492192
833192,0.9978159138819058
833193,0.6434290790447411
833194,0.9692897369714664
833195,0.9997229500399039
833196,0.9995677692912643
833197,0.9980038211020714
833198,0.5733568502438777
833199,0.556090529014347
833200,0.999387046725482
833201,0.1681563450394116
833202,0.9999514527245149
833203,0.04362115578541557
833204,0.9553596999758176
833205,0.9886086532859777
833206,0.8075974561216428
833207,0.9999244891382828
833208,0.0578786466817624
833209,0.5306768230210485
833210,0.5288535140910904
833211,0.7074911466219616
833212,0.5585175229094882
833213,0.9988733400182248
833214,0.46598457533969945
833215,0.35856776071612617
833216,0.9994036049973092
833217,0.8851373955692783
833218,0.9958356514010088
833219,0.904453849241228
833220,0.08748231422376627
833221,0.9999472932241578
833222,0.9124114864824872
833223,0.04202813390474982
833224,0.5911199404693136
833225,0.08803949303545967
833226,0.9998639778923939
833227,0.9999227147868
833228,0.9999262285811807
833229,0.02790159507366715
833230,0.23475189890653442
833231,0.8945885231176103
833232,0.029606128143124084
833233,0.3380958355524446
833234,0.603568512527855
833235,0.9988877071222662
833236,0.04483652044587645
833237,0.39644503961125477
833238,0.9993037962319966
833239,0.018455736432029076
833240,0.38728481391701386
833241,0.04594119082110504
833242,0.03008985450203564
833243,0.9830292489197621
833244,0.9490042813961029
833245,0.04526118676443765
833246,0.28053638607403103
833247,0.4070942917773157
833248,0.999461215625034
833249,0.05070669181315911
833250,0.33750386168713115
833251,0.9993610411774255
833252,0.3404224247297035
833253,0.027976310337499262
833254,0.9997088313642859
833255,0.7028432076846018
833256,0.2084010035065412
833257,0.9960547075777262
833258,0.9998858985760175
833259,0.9120262431467234
833260,0.9301744122014192
833261,0.05028979646981507
833262,0.35861973518803975
833263,0.02607532217691417
833264,0.9824525569381815
833265,0.9999506323212841
833266,0.03345680790275183
833267,0.9994415844985651
833268,0.3234286790505231
833269,0.24318904105458558
833270,0.3400734057460111
833271,0.5458894389804796
833272,0.9696488668263922
833273,0.1405552669042766
833274,0.9999720632764908
833275,0.9993138368866442
833276,0.9999457364215321
833277,0.9092303292140937
833278,0.9983768893515985
833279,0.9995216909826474
833280,0.8578945162836169
833281,0.08000082030237865
833282,0.9917182692177725
833283,0.9956178100974311
833284,0.7481553123797247
833285,0.6054456949087141
833286,0.999646426854994
833287,0.9999739151859401
833288,0.6077292162551952
833289,0.9951948513337034
833290,0.748452179183408
833291,0.0197533283922949
833292,0.9418886216981144
833293,0.23504385532850808
833294,0.5271395200147118
833295,0.9999481062041546
833296,0.9999207782020263
833297,0.45609534404778795
833298,0.21003386701608928
833299,0.9911748081074506
833300,0.9998697152417503
833301,0.9989137296999129
833302,0.9889736458531081
833303,0.9998291653343845
833304,0.8496092043695116
833305,0.9961101628238005
833306,0.3259180479301324
833307,0.5528120856962444
833308,0.998862686630422
833309,0.9998567676478425
833310,0.14498618723894532
833311,0.29101903583656363
833312,0.9996864329317485
833313,0.9998152152703481
833314,0.9951144722352013
833315,0.08433148923632992
833316,0.9314957495786158
833317,0.6322137306300353
833318,0.6887967384660071
833319,0.9483967135025424
833320,0.3703164419029329
833321,0.10416625508923635
833322,0.9894956129967236
833323,0.9773334189362206
833324,0.9977674834474148
833325,0.018459993150789406
833326,0.9955896376792768
833327,0.999875807237401
833328,0.999987422627386
833329,0.9719388259564996
833330,0.9993271995891456
833331,0.8915351654360721
833332,0.19495789447406575
833333,0.908818631914266
833334,0.6448288437072838
833335,0.9984177329179003
833336,0.9997455874535044
833337,0.1961902252362375
833338,0.21255199437973907
833339,0.9999860237232885
833340,0.6466362349470782
833341,0.7452919482598181
833342,0.9961520358412553
833343,0.9999722378364742
833344,0.06537174539761667
833345,0.9999899157641576
833346,0.32128449820096405
833347,0.8913895786918917
833348,0.9997029765391274
833349,0.7654749560441976
833350,0.9995999420679526
833351,0.03627397646579488
833352,0.9991219778973284
833353,0.9979542740293006
833354,0.42824870390848996
833355,0.7665116070217821
833356,0.8373606187547564
833357,0.9508859198527074
833358,0.999859056013567
833359,0.9986287546477559
833360,0.9882442646444384
833361,0.9999896943786818
833362,0.9999751108763021
833363,0.1591668563704349
833364,0.999852324009126
833365,0.999510948883954
833366,0.9999074422022742
833367,0.9930938009889663
833368,0.992655848030229
833369,0.8844813112275168
833370,0.41164403890074974
833371,0.21484001051093937
833372,0.9985779517151857
833373,0.9864417013880964
833374,0.9998004237804798
833375,0.9999427370600611
833376,0.9992979531069552
833377,0.9999734216242878
833378,0.02128381477055358
833379,0.9936338083436753
833380,0.9879447974051049
833381,0.12424234829362445
833382,0.7118025461293549
833383,0.9993073789475655
833384,0.999948862133474
833385,0.9996270496973301
833386,0.999674357665526
833387,0.5383279109904342
833388,0.9980073437842154
833389,0.9990096275013914
833390,0.9995451007488256
833391,0.9574071868612861
833392,0.344278680296937
833393,0.006933436870426373
833394,0.18633500429815864
833395,0.9995542913940844
833396,0.12561253854509322
833397,0.9062968929344086
833398,0.9997490944127985
833399,0.9999186039803224
833400,0.43466216998378604
833401,0.9989722503070163
833402,0.9840417148463357
833403,0.9973345929517005
833404,0.99987646575907
833405,0.8557597492262627
833406,0.8816758774958777
833407,0.9974622315495051
833408,0.8991553520814883
833409,0.9492907839563175
833410,0.02548149859796716
833411,0.9776726991865452
833412,0.9997303675145026
833413,0.9999358766872091
833414,0.12171809292911812
833415,0.9984966964742632
833416,0.04177565130444367
833417,0.9971748684999936
833418,0.11979126829033897
833419,0.9999746962929854
833420,0.9985073189009119
833421,0.9976621172407978
833422,0.14384242157174543
833423,0.44964108585992946
833424,0.9999130169757176
833425,0.2878861472034637
833426,0.9999521754553204
833427,0.9999559090442375
833428,0.7152977033383392
833429,0.18799219799364317
833430,0.2457984569625098
833431,0.7316526182064395
833432,0.9958009250770807
833433,0.9684667102470329
833434,0.9999305125765082
833435,0.5569225404956113
833436,0.9999439608625733
833437,0.17769718835498946
833438,0.5546628791544155
833439,0.9913992802184513
833440,0.46986992636680597
833441,0.9964072696431553
833442,0.9934467079758985
833443,0.9999592932967164
833444,0.9630422376431129
833445,0.9994590171326817
833446,0.9999206135177421
833447,0.21268247245576472
833448,0.6686014220909104
833449,0.560720148961542
833450,0.054394189683451985
833451,0.7412627863866097
833452,0.9992130261227334
833453,0.4657708994799973
833454,0.9760697013182105
833455,0.14828947243639537
833456,0.9927706625726939
833457,0.20659200987894727
833458,0.2865945334299791
833459,0.9997985070989545
833460,0.9780026405103273
833461,0.6500530055779103
833462,0.01829625409423016
833463,0.427369511986196
833464,0.9998190560153202
833465,0.9997439053528843
833466,0.999833054511736
833467,0.9977473504435661
833468,0.6027347890582997
833469,0.5411862196684109
833470,0.9974056968760383
833471,0.9997382321269043
833472,0.9976184648610964
833473,0.42243716710632795
833474,0.9589378805313218
833475,0.999960290606107
833476,0.4564473590674756
833477,0.0780077533809171
833478,0.33047304759698604
833479,0.16613822978626436
833480,0.02968563102674502
833481,0.999365196654298
833482,0.9999572900956576
833483,0.07063508877815614
833484,0.03500273367483895
833485,0.6983948624692802
833486,0.3016196425541348
833487,0.02168798662815869
833488,0.5773791507967021
833489,0.947081629672869
833490,0.9231021655454754
833491,0.7885737883136389
833492,0.6010214821948756
833493,0.999298162365301
833494,0.10130978055572029
833495,0.49674191454878747
833496,0.9490027596536573
833497,0.9996816171366298
833498,0.5076827706524143
833499,0.9999702360837232
833500,0.6536396459411773
833501,0.4146200515838264
833502,0.0841618810948565
833503,0.9631595309517113
833504,0.9983189671311825
833505,0.4370833120533665
833506,0.9394206112035471
833507,0.9998698301668202
833508,0.9986424272871504
833509,0.9996494557996709
833510,0.998234214580596
833511,0.20280083344332728
833512,0.9983144257747902
833513,0.9998574518643544
833514,0.6612803066058427
833515,0.9999609915007573
833516,0.9632074900031287
833517,0.9999359223525508
833518,0.9836576045034626
833519,0.006395228609386057
833520,0.9998523032940617
833521,0.9998344632769682
833522,0.9280310948579968
833523,0.15805350438346946
833524,0.5321142100074937
833525,0.9966152079657302
833526,0.16877816513168803
833527,0.9999501572222851
833528,0.9899958886613971
833529,0.8149480273157774
833530,0.9999225489478973
833531,0.9999133779692813
833532,0.7508974863524028
833533,0.9030759783022421
833534,0.9180050828695152
833535,0.9999888555043743
833536,0.9994449082120429
833537,0.1123177388075561
833538,0.5387207037421025
833539,0.7030737589029648
833540,0.9976377771608724
833541,0.9994049006752366
833542,0.9999677416569693
833543,0.9844193018149536
833544,0.9958312448735547
833545,0.041991265757530996
833546,0.07449303048094083
833547,0.9962984272108513
833548,0.9026719270645205
833549,0.9996114232847083
833550,0.6424232400774709
833551,0.9999719479457105
833552,0.16435854483412451
833553,0.9980058694824478
833554,0.9878818127753508
833555,0.967433195216802
833556,0.07883027740598055
833557,0.11367500031726042
833558,0.5442978844925387
833559,0.8652106577635328
833560,0.9998656065750549
833561,0.4117811994896308
833562,0.7840402242534827
833563,0.057728538950648965
833564,0.6291582828548596
833565,0.9578067208445046
833566,0.715923865445883
833567,0.983429752490509
833568,0.35648817250650794
833569,0.3469647956981513
833570,0.7588256523695776
833571,0.9948755957831255
833572,0.9990522971366427
833573,0.9997436353327189
833574,0.7745541034314556
833575,0.41372066988975853
833576,0.14365567005539667
833577,0.8208712057000961
833578,0.9997641379130595
833579,0.03832668266042425
833580,0.9904944252108632
833581,0.47745271563522984
833582,0.985902351769162
833583,0.6175533493689215
833584,0.9996760615143676
833585,0.4692944238209309
833586,0.984467319799855
833587,0.8990542128858471
833588,0.9983529062010418
833589,0.07462161660455488
833590,0.8825590079987518
833591,0.9948985779232001
833592,0.9778479146424324
833593,0.3010896668670357
833594,0.9999723992355521
833595,0.19922803929125546
833596,0.9825121943709382
833597,0.012172403203799238
833598,0.3718190612062492
833599,0.9946654054825682
833600,0.9997083944679569
833601,0.9999172943040668
833602,0.8397573369253108
833603,0.2796078833938783
833604,0.19039739447059306
833605,0.999827529919734
833606,0.7250968487385581
833607,0.02177887435591577
833608,0.9993455628759583
833609,0.6805725582906783
833610,0.9992497887544032
833611,0.10198126367342436
833612,0.9977484293198028
833613,0.9999765591988141
833614,0.9999615694352166
833615,0.9982449951734227
833616,0.9995672316743891
833617,0.9997064759191183
833618,0.06892350292920993
833619,0.7931833604866014
833620,0.877001082079525
833621,0.9999172369031725
833622,0.9995640404365178
833623,0.9912804387226656
833624,0.7184406614273369
833625,0.8578172774446662
833626,0.9987910468972251
833627,0.3609623614241657
833628,0.9993918223341944
833629,0.04711200424251149
833630,0.030926971157101267
833631,0.999420694978902
833632,0.3050756927767798
833633,0.9451129543696981
833634,0.48416851203383326
833635,0.9997690607112218
833636,0.6665349029756735
833637,0.7409618668929732
833638,0.6835610065008391
833639,0.7418282648961589
833640,0.8294832887119695
833641,0.8849458662227179
833642,0.9999643929095768
833643,0.8757174238140992
833644,0.9998949468576657
833645,0.23767016430118265
833646,0.9988033088623988
833647,0.5473825036878333
833648,0.5834338577157421
833649,0.9909991034615429
833650,0.9208017646491552
833651,0.587100454267876
833652,0.056480499115429114
833653,0.056243215733429365
833654,0.07433838293696046
833655,0.4021620629002528
833656,0.999090595079655
833657,0.8802553718146415
833658,0.26910228470921893
833659,0.9706274609800603
833660,0.99960435581896
833661,0.9996812061566454
833662,0.28488374359165247
833663,0.9997229236958076
833664,0.012718473761113513
833665,0.9745953924665948
833666,0.7927332383434089
833667,0.06315302061970308
833668,0.9990262777831628
833669,0.07439319905906454
833670,0.683316509408566
833671,0.9997539373123103
833672,0.9985233619161507
833673,0.9997718462821483
833674,0.9736250487082547
833675,0.11483388909947369
833676,0.9980252570046872
833677,0.006447344814491855
833678,0.46242886836484737
833679,0.9985548355234263
833680,0.9800750764753903
833681,0.9520009395983686
833682,0.979956197460313
833683,0.9305455054687919
833684,0.9997778662047858
833685,0.0412690794297317
833686,0.6154935290291811
833687,0.9998388913732774
833688,0.9797304418756729
833689,0.9989099924324834
833690,0.7631562759340955
833691,0.999583961194642
833692,0.25742836503061567
833693,0.06748604454938745
833694,0.9994187467601964
833695,0.03923836223065855
833696,0.6095860502873748
833697,0.7952735805717722
833698,0.9993432205456491
833699,0.9999810676240942
833700,0.5716150531716703
833701,0.4853239685189229
833702,0.05033563482955847
833703,0.5185466261209601
833704,0.08692047727865782
833705,0.11948597483721575
833706,0.9992838294693462
833707,0.9999601587264968
833708,0.9998471513915634
833709,0.5839543654516424
833710,0.8622490020655196
833711,0.9967123573826551
833712,0.9996967676082271
833713,0.9873641097523636
833714,0.7031072579621012
833715,0.999908416646414
833716,0.08304911426836077
833717,0.7794620083092385
833718,0.5768642830046932
833719,0.9998780809927534
833720,0.5487627813153828
833721,0.942048088013118
833722,0.01681747230045917
833723,0.2607128510942229
833724,0.9988080719426948
833725,0.017273029857392774
833726,0.8642726093755204
833727,0.9967678505836299
833728,0.9925923018103247
833729,0.3819397625966874
833730,0.9324532745302533
833731,0.3028200164278893
833732,0.8432161345439511
833733,0.9747622784585748
833734,0.7945209416778757
833735,0.7415134526530247
833736,0.9999751230234505
833737,0.1645490914849419
833738,0.9998994745113111
833739,0.9505100504630519
833740,0.9996686654364781
833741,0.6485993495030541
833742,0.7999062893769313
833743,0.7682242446524594
833744,0.45808234247052326
833745,0.9812776537253518
833746,0.026228300065118823
833747,0.8584347792737117
833748,0.9993703179583973
833749,0.553431954567071
833750,0.007212292616661227
833751,0.13449597167650768
833752,0.9999319097334037
833753,0.7968853364123883
833754,0.9385819074895552
833755,0.4774920207657206
833756,0.31602865859780843
833757,0.7555604736611945
833758,0.8566035233024809
833759,0.9995527509281625
833760,0.996368544092533
833761,0.7991366934205377
833762,0.899272245120539
833763,0.44686444261992986
833764,0.9999632051535476
833765,0.999948559040159
833766,0.9989215421962618
833767,0.9971489723749827
833768,0.9640150298771357
833769,0.09087667827345842
833770,0.010370869002210605
833771,0.9703940770471966
833772,0.9816212557745794
833773,0.22620614846741427
833774,0.9993565850924094
833775,0.9452530007189683
833776,0.9986910646857938
833777,0.30641332680783834
833778,0.8788053233816122
833779,0.9957396778903556
833780,0.9176008221856845
833781,0.6838241601880866
833782,0.99998702433093
833783,0.9977061945846573
833784,0.9921869052798903
833785,0.9994604016800392
833786,0.8521275972590263
833787,0.9862631975581045
833788,0.980187805716126
833789,0.9436373817157605
833790,0.9999804056358461
833791,0.9938614178570668
833792,0.05589291008112911
833793,0.18026485397277037
833794,0.0030778560722209847
833795,0.9998628280507301
833796,0.9976699891254812
833797,0.3417808143309219
833798,0.7538572517543649
833799,0.5513276632992942
833800,0.9998335029604415
833801,0.9543833794621319
833802,0.9999977906739239
833803,0.94110576695048
833804,0.26011106438403075
833805,0.9996076061797994
833806,0.0876694202889649
833807,0.6320328311457242
833808,0.9993137138040258
833809,0.09263792582321802
833810,0.9919581000008155
833811,0.9984254502171965
833812,0.021438348672202713
833813,0.0038426929287781594
833814,0.02958285837677075
833815,0.9994480948072502
833816,0.9967880256112333
833817,0.9998229148018574
833818,0.2970001630031293
833819,0.4559450230956193
833820,0.06861278193729484
833821,0.47613236478961907
833822,0.9976916191354996
833823,0.9888034821809623
833824,0.3322176835057631
833825,0.9820007699931738
833826,0.45573702825281115
833827,0.9354007115382961
833828,0.9855921380378768
833829,0.9796115458800125
833830,0.9860816107646642
833831,0.6174616974509297
833832,0.996249848066249
833833,0.0859730912809567
833834,0.8738374367404138
833835,0.7324513896678511
833836,0.48502096680855017
833837,0.9998872832958816
833838,0.9998581369567965
833839,0.9329554588725704
833840,0.043753594560768466
833841,0.9998608965126019
833842,0.634296813879849
833843,0.9980646166968268
833844,0.5965815643699336
833845,0.48961796713250527
833846,0.6277461768555472
833847,0.9975900118855867
833848,0.11571394833760543
833849,0.022420763802882056
833850,0.028247739502917642
833851,0.9999340213051181
833852,0.3696224372622415
833853,0.04219071582752644
833854,0.5497203778713287
833855,0.9731114071597333
833856,0.6235335641212001
833857,0.9320646368761816
833858,0.9685335351709802
833859,0.024033197760708426
833860,0.9854582764499097
833861,0.014045134400458154
833862,0.34864172061622706
833863,0.999783752900275
833864,0.9983802352606982
833865,0.5997923530888295
833866,0.9863827862109019
833867,0.9772900800737845
833868,0.9886087177656209
833869,0.9997972062158289
833870,0.003318596992575007
833871,0.9934191749039063
833872,0.00315585630792731
833873,0.7609712411781226
833874,0.9953461632953958
833875,0.9998067291178832
833876,0.489631642278808
833877,0.9002566390943334
833878,0.9998816644591759
833879,0.9990725788943411
833880,0.9996221112425119
833881,0.9988262390088771
833882,0.8182803268283787
833883,0.34744987869893534
833884,0.9994093977419447
833885,0.9896271736441067
833886,0.9792184848924446
833887,0.9998595085926707
833888,0.9999242361658841
833889,0.9267799767909033
833890,0.9998572665188898
833891,0.9981747949314785
833892,0.9999397624409487
833893,0.8058201188430847
833894,0.9777954234856016
833895,0.5360025854546173
833896,0.9950514750173428
833897,0.9932940428638244
833898,0.027818387309629468
833899,0.6407472665184255
833900,0.9999094677751037
833901,0.9963529514209786
833902,0.396444955921182
833903,0.9617639107673113
833904,0.008061045409035683
833905,0.05920521546699816
833906,0.4880073654986402
833907,0.9993836338704168
833908,0.07992054504376592
833909,0.38731165358095554
833910,0.09102380395174942
833911,0.8742351479805468
833912,0.9980577523701231
833913,0.39270929811275446
833914,0.9997833543901896
833915,0.9999749306473464
833916,0.023914648045810196
833917,0.9996930843424292
833918,0.9998801875472164
833919,0.5776460518372094
833920,0.9969645047924669
833921,0.8602846235714854
833922,0.998883392532484
833923,0.9993162104749841
833924,0.9998428208153828
833925,0.9220518819058009
833926,0.9997165162114726
833927,0.8796752133781344
833928,0.9411521264223071
833929,0.9999355714733555
833930,0.9999155111598594
833931,0.012756208340392674
833932,0.8517762056050246
833933,0.17108787410735116
833934,0.9999758041065219
833935,0.9844915927642195
833936,0.9996274550534412
833937,0.04103882981581143
833938,0.9993695440488611
833939,0.05151445794243102
833940,0.16245911588833978
833941,0.030505189363252753
833942,0.15411989821895272
833943,0.9875190099127074
833944,0.8891943916858256
833945,0.9748134612605961
833946,0.10211952372869235
833947,0.15483884762425154
833948,0.9916761942478401
833949,0.9999119668690655
833950,0.12636706876233722
833951,0.9996887511901105
833952,0.8222384783791672
833953,0.9996269563916956
833954,0.9196264768851582
833955,0.999631518493012
833956,0.003319037750892335
833957,0.07176589487607174
833958,0.754746712676777
833959,0.7508383892174527
833960,0.44505807124349916
833961,0.9974026085140401
833962,0.9781228829176705
833963,0.9998538341125311
833964,0.8554583569350493
833965,0.9902842648083852
833966,0.7864017954008263
833967,0.5433604992619208
833968,0.00607089991485761
833969,0.9979529463246424
833970,0.951845310953465
833971,0.999698207994524
833972,0.9999890983175282
833973,0.999281337058572
833974,0.9997072082345264
833975,0.9999061331186112
833976,0.9899515151540497
833977,0.45597692571011617
833978,0.999711658167139
833979,0.9982869299973742
833980,0.982177266003825
833981,0.9919929760566405
833982,0.4916315375548842
833983,0.6144287956856496
833984,0.38701552554099383
833985,0.9156257652549138
833986,0.9990905017253312
833987,0.13206651982820092
833988,0.9846916503356101
833989,0.9236413937359687
833990,0.9986445927255153
833991,0.9996338092811468
833992,0.1515969467143555
833993,0.5091956513930631
833994,0.999137025891937
833995,0.2151267147624897
833996,0.9752631500053944
833997,0.02294248044697839
833998,0.9881886556364823
833999,0.8328694267473709
834000,0.9997646291540232
834001,0.8997818429280622
834002,0.9981434683346384
834003,0.9995445607201056
834004,0.9201691291063366
834005,0.9937989709424276
834006,0.9998425674029657
834007,0.9997033097164398
834008,0.22556460795827746
834009,0.715144600366209
834010,0.12870149626087168
834011,0.17803575445966974
834012,0.9997003623542455
834013,0.18099723706144438
834014,0.7263536447595487
834015,0.8356041065267011
834016,0.06806406825405684
834017,0.9365149451830417
834018,0.42718961698167424
834019,0.9953619564265426
834020,0.9441552452117533
834021,0.04996044749332783
834022,0.9960894806755556
834023,0.6435382453563498
834024,0.9373196444487834
834025,0.03422246352695391
834026,0.14493664023699146
834027,0.9266958562623158
834028,0.8953791668087684
834029,0.9999224084225818
834030,0.7557004979362435
834031,0.9999277703655145
834032,0.8610244438415235
834033,0.9975793568602391
834034,0.40376497171945525
834035,0.9991756310970058
834036,0.7083760840136406
834037,0.5768139596975402
834038,0.03208482046869601
834039,0.09343357488343432
834040,0.007036433095088395
834041,0.127718476115205
834042,0.9993843664143567
834043,0.023103766010649677
834044,0.9993620293997779
834045,0.9823847104174224
834046,0.9988267310138026
834047,0.4006297233263185
834048,0.8206248890770711
834049,0.5397958440653478
834050,0.1347289578726066
834051,0.9954376953441226
834052,0.9988306384094914
834053,0.4884581205684721
834054,0.7302485697355383
834055,0.6168243542775679
834056,0.6878857475501527
834057,0.9076822763660084
834058,0.9998097841003992
834059,0.9996140957638666
834060,0.9818603136389026
834061,0.9998485600638295
834062,0.9653557074280378
834063,0.8517144140147503
834064,0.9907359247839302
834065,0.9998054643937815
834066,0.9026024138665696
834067,0.020554440362336487
834068,0.19765225752565252
834069,0.9999343535385589
834070,0.018948436965495384
834071,0.1485765331949277
834072,0.9645463604761321
834073,0.9996743815942679
834074,0.7131077178331453
834075,0.9620874257116216
834076,0.8329335548452409
834077,0.8835469032434573
834078,0.9937698967142452
834079,0.9101108696892382
834080,0.9997069127539088
834081,0.9671823520049236
834082,0.9984675036457196
834083,0.9998883031962752
834084,0.9950358096586547
834085,0.05710061359518767
834086,0.7794921101608218
834087,0.99978068319779
834088,0.9875136385583133
834089,0.9997309354403816
834090,0.033302774424223296
834091,0.9945937372935962
834092,0.9875239896847963
834093,0.6337617197732363
834094,0.9994627664585423
834095,0.9822503876433408
834096,0.5431465978170793
834097,0.6211909352770789
834098,0.8462692824763139
834099,0.9906018015263354
834100,0.999955446562721
834101,0.9999793763770832
834102,0.8611864395636195
834103,0.9913486745154553
834104,0.5837396838526728
834105,0.9998962427115763
834106,0.07243049439834834
834107,0.9776705040045869
834108,0.9999445201721895
834109,0.4833453706008382
834110,0.9862178637478778
834111,0.12265379113454422
834112,0.37192453763239003
834113,0.9487999710032153
834114,0.9999868867840465
834115,0.9990201671885497
834116,0.7367863165643478
834117,0.9991991070406
834118,0.9551521872004575
834119,0.7271801431060833
834120,0.9999247143658034
834121,0.7904486187689127
834122,0.9954731390993125
834123,0.3173169627023605
834124,0.991751673700592
834125,0.2453624395209093
834126,0.9996155444794077
834127,0.6009208854399151
834128,0.3112730482078692
834129,0.16441985063417763
834130,0.5802944271237842
834131,0.9595759907909142
834132,0.9965986460838591
834133,0.055401291538096545
834134,0.8345277274616714
834135,0.761473867641922
834136,0.04821887137873758
834137,0.9339528879879724
834138,0.34217182446425365
834139,0.9999610828828684
834140,0.18455395493682406
834141,0.9999502318436435
834142,0.5256271242334143
834143,0.03217305780914358
834144,0.9952851065489903
834145,0.4237975116583082
834146,0.43018656197632327
834147,0.9997190639514588
834148,0.7204474712702502
834149,0.9952888936588639
834150,0.9993897829479197
834151,0.23928273162684155
834152,0.5672382347363941
834153,0.817250793503628
834154,0.9435981680486873
834155,0.7045344208619713
834156,0.8981120285189801
834157,0.9996871288940137
834158,0.8434727895396951
834159,0.025951006476172656
834160,0.7674199722382288
834161,0.0533517613155574
834162,0.22288978607344098
834163,0.9992996104686838
834164,0.9999674896920767
834165,0.2075181164469151
834166,0.9953553905772499
834167,0.9207803287876428
834168,0.7221564317461117
834169,0.9999721982483343
834170,0.26041927464153664
834171,0.9998948540125063
834172,0.9999034025939172
834173,0.9961660363419448
834174,0.9997894600805031
834175,0.9952567690177062
834176,0.45006101909428753
834177,0.6262963795219159
834178,0.9986898841323111
834179,0.7254662260490085
834180,0.9996801889268873
834181,0.016934583636188813
834182,0.8554989376028962
834183,0.12502605596161848
834184,0.9568376611169318
834185,0.9995071713483181
834186,0.9991166191319493
834187,0.9978908205157491
834188,0.9972554771460309
834189,0.3405869826283465
834190,0.9984105788306457
834191,0.9997680897648122
834192,0.9990396111368773
834193,0.5171082832136791
834194,0.9999662529626479
834195,0.9592548650959472
834196,0.24321749170078627
834197,0.8398221782507966
834198,0.9998881594699154
834199,0.7971127229637294
834200,0.837825309853669
834201,0.26466272561202525
834202,0.8138869110013112
834203,0.4337732382210782
834204,0.16969496079359758
834205,0.42266507150469956
834206,0.8077816873119704
834207,0.9998681666382828
834208,0.545631225345244
834209,0.9996244243772334
834210,0.992863435257821
834211,0.6809459389075003
834212,0.9266537060214852
834213,0.201299834032463
834214,0.958393959444038
834215,0.22441512844099326
834216,0.6247819674291177
834217,0.9028382547897666
834218,0.997716729946593
834219,0.9995356151543806
834220,0.40822517217669124
834221,0.005877784035195895
834222,0.3965424401881945
834223,0.37222560910201935
834224,0.014934424085358848
834225,0.6304814059914523
834226,0.8047576787703925
834227,0.8842869204329717
834228,0.9494002707742715
834229,0.5850106226462889
834230,0.7948290387770082
834231,0.9959482772166821
834232,0.6864656920413155
834233,0.9978478525603749
834234,0.9994762818544884
834235,0.02694935983240178
834236,0.03937529944310485
834237,0.9995734098367461
834238,0.9263202339297367
834239,0.9992181103061076
834240,0.9997804435552994
834241,0.9994842393229951
834242,0.942675907149089
834243,0.9986490784119979
834244,0.9995393284530004
834245,0.998557031349361
834246,0.4080785394128619
834247,0.7372459674284833
834248,0.9949915004840171
834249,0.8716865867750974
834250,0.5184727928503123
834251,0.24595434053570417
834252,0.8075195167445393
834253,0.9996506855457582
834254,0.8585337302619267
834255,0.3076266548591414
834256,0.018079235459007057
834257,0.7774192564200737
834258,0.6305683614566296
834259,0.6635559881858325
834260,0.4292538981936658
834261,0.9905816112560795
834262,0.9956130479304759
834263,0.9995553325102525
834264,0.997775113825639
834265,0.9999117987965753
834266,0.9996398068337097
834267,0.9601802915524319
834268,0.9680904548231082
834269,0.9997664838579936
834270,0.9999086960088095
834271,0.9998913297277527
834272,0.9870985358948308
834273,0.3944888233636543
834274,0.9998901606212722
834275,0.03811800329628175
834276,0.9912234844172537
834277,0.04322395419118023
834278,0.9998014014842975
834279,0.9997094522615084
834280,0.9998381856282994
834281,0.9999145572040757
834282,0.9572506950691394
834283,0.983587350623659
834284,0.9660889641730936
834285,0.9925387318735969
834286,0.9997824450437722
834287,0.5956071626717352
834288,0.013986664147745114
834289,0.010202551444395889
834290,0.9999904269866009
834291,0.7719285230299492
834292,0.11744915877972889
834293,0.9995331603649078
834294,0.9997948473383421
834295,0.9986548168580038
834296,0.8045740849148149
834297,0.945109819125912
834298,0.7990068757624201
834299,0.1448012573211479
834300,0.025596256486183504
834301,0.5227082305123648
834302,0.9991400501526744
834303,0.9995249280205176
834304,0.9783346292405006
834305,0.9983208049172758
834306,0.999920849426976
834307,0.9992207330998184
834308,0.6402554288991193
834309,0.9488606751494113
834310,0.3700406967169814
834311,0.9934446762896714
834312,0.9937208880944912
834313,0.48722147393658477
834314,0.7318232721810455
834315,0.8600784608470037
834316,0.9990594934388115
834317,0.9994873861221282
834318,0.9999702653824158
834319,0.6555158038795272
834320,0.9999520447926795
834321,0.07042346567570787
834322,0.9979890096636888
834323,0.29610946468944405
834324,0.6941400730983713
834325,0.27187133794924145
834326,0.6995399749347258
834327,0.9999464906890388
834328,0.9995308774467897
834329,0.9996677206348419
834330,0.9990779969746666
834331,0.9999441223546308
834332,0.9853159103928182
834333,0.9906402215339817
834334,0.436791721182586
834335,0.81104210600438
834336,0.984778238201816
834337,0.9978587285796258
834338,0.999981133605365
834339,0.999520444000876
834340,0.9986543034012322
834341,0.9999703446354165
834342,0.9941616486077889
834343,0.9932265098828057
834344,0.9998444065525023
834345,0.9962242620680425
834346,0.9992119752570814
834347,0.9994912083371889
834348,0.9853675857957038
834349,0.5495869352599128
834350,0.9325539164752326
834351,0.909484911469806
834352,0.9998883643649005
834353,0.6452065646570433
834354,0.999881425487776
834355,0.9920779793206438
834356,0.16721034677389002
834357,0.9304913491329276
834358,0.0026323267836239044
834359,0.0715934595258725
834360,0.9999795916062157
834361,0.8367521743700066
834362,0.9970328584537557
834363,0.999985557519725
834364,0.8195572756544122
834365,0.9983439523744124
834366,0.0018294462723563382
834367,0.9953383404137257
834368,0.992291137446164
834369,0.13221790597511193
834370,0.9998503907995792
834371,0.9977915083375437
834372,0.8192146895613527
834373,0.005196306397592051
834374,0.9887822529114371
834375,0.9954046405371118
834376,0.07719370031084512
834377,0.8667262374226229
834378,0.9995098534484381
834379,0.011112372303632198
834380,0.9636519681641711
834381,0.9995041961596669
834382,0.482812180639984
834383,0.9088557863226139
834384,0.07671562065574289
834385,0.10902946230238603
834386,0.9999790496036666
834387,0.9172449006463155
834388,0.7259429577961822
834389,0.9985646610417915
834390,0.38862977344294364
834391,0.9993655742873759
834392,0.9859752424237984
834393,0.9993632552747713
834394,0.16499487919748662
834395,0.7954105575443184
834396,0.931571575674606
834397,0.7770524607834468
834398,0.5726970332678305
834399,0.5436370311638485
834400,0.13758796531591688
834401,0.9957932954932625
834402,0.9849184784429208
834403,0.012443844309573177
834404,0.9987300045185183
834405,0.5194888685852852
834406,0.978070428984124
834407,0.25683202291302953
834408,0.9978148726060136
834409,0.5675142680602918
834410,0.2858852270848247
834411,0.891902814591692
834412,0.21241473073957934
834413,0.998658908086425
834414,0.010999644894170482
834415,0.9137296724174658
834416,0.9999071160531965
834417,0.9857005075254848
834418,0.3982186602590941
834419,0.2834093594605353
834420,0.9999730702387521
834421,0.9934509360766872
834422,0.9768550448046598
834423,0.9958376420049115
834424,0.9999162514108663
834425,0.7190976324483953
834426,0.9995802775929383
834427,0.6099747522030581
834428,0.9999206297317853
834429,0.9998970996417016
834430,0.9981248271727735
834431,0.6723515394702301
834432,0.9944423892784328
834433,0.4220639792903074
834434,0.9660929678489858
834435,0.9997531805760267
834436,0.9994748603323905
834437,0.8883926503147674
834438,0.9776587420989609
834439,0.0050752376298504685
834440,0.9997271040579501
834441,0.8046788800969984
834442,0.9891769087640462
834443,0.7004183844034642
834444,0.02184861283136825
834445,0.9988317975271642
834446,0.9924960780054992
834447,0.9966053752508188
834448,0.5585575977309123
834449,0.7165032008466123
834450,0.9940369530531163
834451,0.14101725730181813
834452,0.9997000511511125
834453,0.8605944850323366
834454,0.7689799376122791
834455,0.9958609764657054
834456,0.9998017828907219
834457,0.9689314157952249
834458,0.9967783711672582
834459,0.022829498051540043
834460,0.9994985099897064
834461,0.30550465840045826
834462,0.9978201013960715
834463,0.9076874753623605
834464,0.9976388019371634
834465,0.9997137444117078
834466,0.8477590505341066
834467,0.9147264071146891
834468,0.3648390822314266
834469,0.9235910157281598
834470,0.1541884171739949
834471,0.1829166003528871
834472,0.7970681263547845
834473,0.7774830518944367
834474,0.9940530347682446
834475,0.9937384386068528
834476,0.3838961056157093
834477,0.0920851398067062
834478,0.025521498273169137
834479,0.07228550635930339
834480,0.10904102882537403
834481,0.9685554038326916
834482,0.9992467851682909
834483,0.9992174956684337
834484,0.9996128759318161
834485,0.3324991098886032
834486,0.9998651128280192
834487,0.2384121508330665
834488,0.2669439120651239
834489,0.9936624838493813
834490,0.014829623107874848
834491,0.5811687750839901
834492,0.9916250241503982
834493,0.9999281583831054
834494,0.4176628320664159
834495,0.8312072184510166
834496,0.9989458454629402
834497,0.9999745837706664
834498,0.9994174343966985
834499,0.2355920939546593
834500,0.5714073933666066
834501,0.9998520487694567
834502,0.4066910405336151
834503,0.6175379368130198
834504,0.5180090848512466
834505,0.9983554938837056
834506,0.9989785389178516
834507,0.9968170078882796
834508,0.7409086740153168
834509,0.9427145278711837
834510,0.9979501373716706
834511,0.022448356746660125
834512,0.9997537300287679
834513,0.999357694243636
834514,0.060815919129145406
834515,0.16367869153989745
834516,0.9994106566286913
834517,0.008380804739006008
834518,0.3314695288696289
834519,0.9930908304189228
834520,0.010853119935691113
834521,0.9998311769613908
834522,0.8780359051978055
834523,0.9970737869175552
834524,0.9403880766214688
834525,0.31290112579480295
834526,0.02931803919689895
834527,0.999388210989218
834528,0.4228144040388173
834529,0.8994823215414868
834530,0.9998321348879188
834531,0.5959093905050563
834532,0.9680371602544908
834533,0.9996745346941059
834534,0.9489768899339314
834535,0.9216988571527172
834536,0.9777682869931784
834537,0.8366860254664887
834538,0.9926908644212625
834539,0.04210340769734935
834540,0.6953260955031935
834541,0.9000209526812588
834542,0.6358328550199985
834543,0.9961360600708888
834544,0.6511679679282921
834545,0.5627088853234761
834546,0.9207802448546719
834547,0.998778770485306
834548,0.999291003901971
834549,0.9999073636884679
834550,0.9988544687585329
834551,0.4691402121106438
834552,0.7441921932609112
834553,0.9997878990642348
834554,0.998970785681091
834555,0.07187009822001601
834556,0.9891016036977833
834557,0.9989879370759008
834558,0.963766007253436
834559,0.7655899140175421
834560,0.9986598878034258
834561,0.35645061950256207
834562,0.9946495467729408
834563,0.5570612274868912
834564,0.7562406863854603
834565,0.9185181993789135
834566,0.8818820953800964
834567,0.9926392505055562
834568,0.6355916188884483
834569,0.08882919025102029
834570,0.018970085044712186
834571,0.9959441712256267
834572,0.4140992152323163
834573,0.9995325143079652
834574,0.8074766552748338
834575,0.806679582945815
834576,0.2211288327943799
834577,0.9283444373116307
834578,0.9999728977991478
834579,0.6883966915892851
834580,0.99762461064222
834581,0.9997794729083715
834582,0.962481592429997
834583,0.9945032227993468
834584,0.999920810994841
834585,0.7439916462465863
834586,0.31602511057840743
834587,0.9742498802594933
834588,0.9286529512845054
834589,0.6627325537344652
834590,0.9843617272128956
834591,0.008522928645182948
834592,0.8859755170151365
834593,0.9938778366073507
834594,0.9961224139918602
834595,0.014277150630333194
834596,0.824288777728204
834597,0.9544164930103969
834598,0.06629566125075766
834599,0.9974632896117368
834600,0.9997054714641191
834601,0.9997232043226281
834602,0.9210423857781567
834603,0.9904033795709459
834604,0.04164482272618972
834605,0.9773454571793176
834606,0.10224556932766381
834607,0.99909676014837
834608,0.834724407350435
834609,0.999901525536579
834610,0.9489617794340166
834611,0.8736220384862768
834612,0.999857708870938
834613,0.9775776136789931
834614,0.9999597984983322
834615,0.923668522322785
834616,0.4358983015053548
834617,0.9977844314008865
834618,0.9949274504086685
834619,0.9996866843552911
834620,0.9972321768227985
834621,0.20131189350545398
834622,0.36495054531299553
834623,0.9648832089056131
834624,0.031866866337506114
834625,0.3221824440859534
834626,0.9847593187018746
834627,0.99298802462126
834628,0.7434264093734576
834629,0.06415522026537378
834630,0.11787987146119533
834631,0.9672065922403319
834632,0.9999204220383979
834633,0.9995626662439452
834634,0.9970447509070695
834635,0.9999755744099156
834636,0.9759787318534152
834637,0.8192864977179352
834638,0.34860773055460936
834639,0.9968872130151218
834640,0.8640981408924626
834641,0.1424776970834086
834642,0.007027369344536842
834643,0.8398922253527075
834644,0.5845635581376273
834645,0.07709801360661475
834646,0.963832622357913
834647,0.5749254108290716
834648,0.057655610237341115
834649,0.9999794370445166
834650,0.999307498250709
834651,0.9659904243126505
834652,0.9986373181346931
834653,0.16397467064178026
834654,0.6255144610209122
834655,0.2749390605549315
834656,0.1270659520212213
834657,0.8937711568411002
834658,0.19920671257069072
834659,0.8985155734645448
834660,0.9998616543126644
834661,0.999837797150249
834662,0.9997756328569359
834663,0.7712742793759424
834664,0.9242108972576055
834665,0.35404880892418766
834666,0.5830150633481488
834667,0.01956863417672319
834668,0.3196142949917031
834669,0.42086606030574686
834670,0.5120833585406068
834671,0.9943244680506786
834672,0.16800008941663044
834673,0.4711742758976982
834674,0.8898379859947756
834675,0.4347659442849004
834676,0.9993679015784047
834677,0.017610797487390462
834678,0.9999077363735795
834679,0.9999333956281794
834680,0.21891734703280086
834681,0.9999544962652197
834682,0.995927852624251
834683,0.937524964072386
834684,0.7010005774897448
834685,0.9971641699032238
834686,0.9984051175502565
834687,0.9377002501198453
834688,0.008508656031722708
834689,0.9990061500125945
834690,0.9998880800262901
834691,0.30633276043726215
834692,0.13316094998848632
834693,0.4176587112536861
834694,0.05715389236040514
834695,0.9991025258248116
834696,0.6061144524767083
834697,0.01223691138326222
834698,0.9527109460515217
834699,0.9992991284775912
834700,0.3123227924620968
834701,0.9999798838393408
834702,0.9995673943840455
834703,0.30853201913472267
834704,0.9998964358732689
834705,0.9046329239523618
834706,0.7091250044159016
834707,0.9990611145835104
834708,0.013294434739991026
834709,0.07894692049356328
834710,0.9915083569994887
834711,0.24794871367320712
834712,0.9876842993885901
834713,0.5433877622429741
834714,0.0014572710095170284
834715,0.9997424693757753
834716,0.9999759093954008
834717,0.9576651457975137
834718,0.4835209709684337
834719,0.999171940806838
834720,0.23718248611617707
834721,0.5499075078859671
834722,0.45447641323165555
834723,0.870803578070876
834724,0.6865723453496878
834725,0.6451278671277257
834726,0.9833131391582713
834727,0.920115527249187
834728,0.6568321868514104
834729,0.8691355320537817
834730,0.8164103637669458
834731,0.9994388063898374
834732,0.9207687744623074
834733,0.994083406383473
834734,0.9889942234666909
834735,0.9148474593637841
834736,0.9514476177494862
834737,0.010822181159379234
834738,0.4489239369965605
834739,0.6603022636418411
834740,0.9989481217181937
834741,0.9938552418933764
834742,0.9985169793627111
834743,0.9997787597131995
834744,0.9999351382224243
834745,0.9995962071226583
834746,0.9469281770715978
834747,0.999916433283253
834748,0.9674681254225198
834749,0.9054163000665968
834750,0.3901881820554711
834751,0.9998547183256797
834752,0.999953599307435
834753,0.015942230841295785
834754,0.9999628148509733
834755,0.9988835835395072
834756,0.7808925241721156
834757,0.9980414050317691
834758,0.5370002134247974
834759,0.99950594756536
834760,0.9912239051537752
834761,0.013915425893734623
834762,0.6916097911352668
834763,0.880368675139457
834764,0.9998011329437817
834765,0.43584888779012876
834766,0.9994922944728074
834767,0.9996336384258919
834768,0.9719849902389276
834769,0.9999702059211559
834770,0.9920093488579844
834771,0.33078722920063186
834772,0.9961212670279851
834773,0.9874230082251096
834774,0.991953338221649
834775,0.008433714827729989
834776,0.9975660403121283
834777,0.997997186958727
834778,0.9883083266703949
834779,0.8075108997331438
834780,0.8004289694104432
834781,0.9979601517622788
834782,0.9999933411011881
834783,0.9983400074808482
834784,0.016768140537001805
834785,0.26419499271993147
834786,0.9862348836486936
834787,0.998935794231004
834788,0.014576356102211457
834789,0.8976084911528515
834790,0.40430399425222563
834791,0.6124499441491102
834792,0.9998004600008411
834793,0.6811965481138287
834794,0.4880346278012867
834795,0.8513221264543904
834796,0.997599293496268
834797,0.7538509592926865
834798,0.9980880060783427
834799,0.31094045175721685
834800,0.9996801394995742
834801,0.9920318797426776
834802,0.9998201552612436
834803,0.9460873105911856
834804,0.9889419620574948
834805,0.6018486797498674
834806,0.4550149850139294
834807,0.9997851486525173
834808,0.7847114621582685
834809,0.5783323653058189
834810,0.03169911327036939
834811,0.023443056243367306
834812,0.9616291699107877
834813,0.999453008130466
834814,0.01937741052096638
834815,0.9879350221407286
834816,0.9995488574499852
834817,0.9997146616102941
834818,0.9989850194956207
834819,0.991113683584453
834820,0.3536357776996876
834821,0.9980891362890335
834822,0.3522689562466865
834823,0.06411780444422083
834824,0.9994217527697011
834825,0.9949284338519461
834826,0.9999749125143786
834827,0.9992071360473125
834828,0.22172279832202196
834829,0.1218602216010602
834830,0.9929454412837023
834831,0.8041237486643271
834832,0.9999709550247504
834833,0.023617167679494983
834834,0.5635009387888996
834835,0.2444059094878851
834836,0.9978018729849478
834837,0.025318535446941143
834838,0.9243192876993286
834839,0.9794505008456507
834840,0.023483347784408956
834841,0.9995752518727333
834842,0.999553393789526
834843,0.9904550839349805
834844,0.13441705221256606
834845,0.16598498862376226
834846,0.9757399401719062
834847,0.5344474068381171
834848,0.979270856073621
834849,0.999975343628432
834850,0.04957694121992145
834851,0.999845606428539
834852,0.7010229590238011
834853,0.9930943687156271
834854,0.9993122416110992
834855,0.047993860154091184
834856,0.9346831357870444
834857,0.9998875403154144
834858,0.9996978412479188
834859,0.6857048001940712
834860,0.9997138019081377
834861,0.02811463436915394
834862,0.5514379598224497
834863,0.7660349494236843
834864,0.6994253609159392
834865,0.036568254151989846
834866,0.17057020797371863
834867,0.06990633623481513
834868,0.06683756103047915
834869,0.9650270508696823
834870,0.9991014045775086
834871,0.9995575064278072
834872,0.9885508678655704
834873,0.9274415713484055
834874,0.9999573921912194
834875,0.999987639786029
834876,0.1721869836176926
834877,0.9994847337337105
834878,0.021973798956301225
834879,0.9899073141283012
834880,0.9957029032561752
834881,0.00741315198935583
834882,0.9995990096691485
834883,0.9887061739089174
834884,0.9966174398334666
834885,0.9990787963643772
834886,0.6763690591111068
834887,0.005610234351575141
834888,0.40734977429745434
834889,0.9997097684946072
834890,0.03276525397619668
834891,0.12562825908632264
834892,0.060842573941831804
834893,0.9990126197778066
834894,0.9874344017803527
834895,0.8128636919045507
834896,0.9880277347501853
834897,0.9998762533165313
834898,0.9666821030926984
834899,0.9913073415103235
834900,0.9877705004472277
834901,0.6606740317036126
834902,0.757190891822549
834903,0.9994214644333461
834904,0.9999480421935255
834905,0.9979255328576895
834906,0.9984928888711362
834907,0.9909078877969115
834908,0.9628465471303066
834909,0.07941773162867907
834910,0.9999661508229605
834911,0.9999243875257975
834912,0.9989298512991261
834913,0.9990326340149718
834914,0.976989134072735
834915,0.010193290838372386
834916,0.11400926408048823
834917,0.04843229228706316
834918,0.23061926122484866
834919,0.9999074333611411
834920,0.9995485086221079
834921,0.9979906601425976
834922,0.9931270490698383
834923,0.9952731937114132
834924,0.9919988285636597
834925,0.10405758090797676
834926,0.9999004892725656
834927,0.8689935911966931
834928,0.9999572673171039
834929,0.07610853516898727
834930,0.9996285650430248
834931,0.9905663313352764
834932,0.9999174251948941
834933,0.9949416142977812
834934,0.45819201738281934
834935,0.005207568447411907
834936,0.42988664060905557
834937,0.9213427554756048
834938,0.9738263210256508
834939,0.7150791487254461
834940,0.9987139894706603
834941,0.9654769504565217
834942,0.006737841554104519
834943,0.9999948710601567
834944,0.9997958082127943
834945,0.9993554494572303
834946,0.9882018458147881
834947,0.9998877092849816
834948,0.9992550534438782
834949,0.9996890831425704
834950,0.10233778758575293
834951,0.2064554502573104
834952,0.41825525299988897
834953,0.21561154502267998
834954,0.7036850327242197
834955,0.04310408425764323
834956,0.9993835091827332
834957,0.9986060392829132
834958,0.9565868449276755
834959,0.05655190707653966
834960,0.008259944489451004
834961,0.999428689357968
834962,0.04519570468515941
834963,0.5488282432732372
834964,0.999907365625054
834965,0.9852317825077297
834966,0.18823858736559265
834967,0.016554599147327334
834968,0.704701997427856
834969,0.9976903098595313
834970,0.9988261167930401
834971,0.9988824763777633
834972,0.05580955991564783
834973,0.17568333384606605
834974,0.9999334047714293
834975,0.9994222376201272
834976,0.1778077314349864
834977,0.669765430300832
834978,0.997355370428624
834979,0.011211531808248697
834980,0.3510859469214282
834981,0.6910540886641084
834982,0.6229626069786514
834983,0.8968387679172797
834984,0.7527119291936994
834985,0.999495859185086
834986,0.9999228026177973
834987,0.9995848290565588
834988,0.3858299491720152
834989,0.029121987527309788
834990,0.998831727768844
834991,0.18043158208903465
834992,0.9996010617056263
834993,0.7076676226214957
834994,0.7052483756160394
834995,0.36748077156105885
834996,0.9117350594688667
834997,0.998786984847592
834998,0.9975060997958151
834999,0.9997149618736749
835000,0.9623985234607377
835001,0.9993851407968032
835002,0.25897983095445054
835003,0.914104510942439
835004,0.45208797483548524
835005,0.6259869317323271
835006,0.9993534700291542
835007,0.3233000474208445
835008,0.9996466412120975
835009,0.10346078684944872
835010,0.949568203009229
835011,0.999975136675394
835012,0.9967265523633762
835013,0.2809553648495242
835014,0.12653874680991803
835015,0.9999082366405552
835016,0.7038380056327531
835017,0.9999124619748524
835018,0.9995692685324081
835019,0.02440705202643967
835020,0.8302001305502793
835021,0.6004425989498885
835022,0.9989440432635872
835023,0.24026507514461054
835024,0.9998103797010409
835025,0.8195614389662741
835026,0.42216232765411926
835027,0.49946619408308274
835028,0.04688306642662764
835029,0.9998926362920009
835030,0.9981692436055196
835031,0.11937135002954333
835032,0.011599702058218204
835033,0.9978750283449067
835034,0.9999776043893001
835035,0.19078751329323912
835036,0.9995437766565609
835037,0.9970253808599974
835038,0.9992652367596975
835039,0.25972818214138216
835040,0.9828207338192252
835041,0.9999741798580692
835042,0.3735513892014561
835043,0.02353764893073545
835044,0.16727176777824848
835045,0.49753993691969567
835046,0.27921985969767865
835047,0.9860341426423163
835048,0.9999008726814248
835049,0.6728646020691058
835050,0.5283411009617346
835051,0.9964279198676602
835052,0.2564077696190856
835053,0.887994548530775
835054,0.9998743306843341
835055,0.9999687176340536
835056,0.6106356520099177
835057,0.0318971633303234
835058,0.060413371822368785
835059,0.99957691086715
835060,0.9967162554171576
835061,0.9970663472482905
835062,0.7847251961737493
835063,0.9977422143818047
835064,0.9993056613666883
835065,0.9999648906992329
835066,0.9999832732143559
835067,0.4234371060177686
835068,0.8497190028038011
835069,0.7762112864457318
835070,0.2693296559449302
835071,0.9922806179051229
835072,0.999304476949634
835073,0.9844310174961847
835074,0.9995638122496988
835075,0.9967267391980049
835076,0.9990885107996043
835077,0.12215267530208085
835078,0.9139697835368701
835079,0.9999236831389171
835080,0.3942879433870883
835081,0.9951222920247377
835082,0.9995187438878623
835083,0.23030840377712797
835084,0.9983781650615842
835085,0.9997886885966216
835086,0.9999457796792992
835087,0.9990255519600131
835088,0.3711421012048355
835089,0.6351265754883652
835090,0.3914916881266688
835091,0.9987843999878887
835092,0.20749233573683984
835093,0.016387574924929992
835094,0.9976959365663157
835095,0.9996233055075526
835096,0.9973760301839534
835097,0.5480102457307849
835098,0.021685977181573696
835099,0.9167773641320061
835100,0.020997146206857376
835101,0.5576285130121728
835102,0.9996908996367986
835103,0.049881552990587
835104,0.937907645273556
835105,0.022008680258026513
835106,0.3273227773734219
835107,0.8322919486256319
835108,0.999930828479845
835109,0.6854444080311954
835110,0.25984273780164246
835111,0.8521709999165432
835112,0.6546584064135671
835113,0.9942372952174232
835114,0.9565927922053271
835115,0.7872017477261737
835116,0.9997127683873104
835117,0.5788016329200435
835118,0.9998013408993096
835119,0.9937139851638827
835120,0.13054006693514256
835121,0.21661797004958475
835122,0.9999718913440434
835123,0.9926269459040096
835124,0.43377828731409934
835125,0.06006721643140063
835126,0.31314188435274415
835127,0.9995237840857429
835128,0.9998206809762042
835129,0.9997885377866517
835130,0.9995073071148459
835131,0.21617274872542408
835132,0.9998576265308309
835133,0.034318453861289594
835134,0.9998054741602467
835135,0.761023706137488
835136,0.9997125384222683
835137,0.6525183617389507
835138,0.9993242888196808
835139,0.6857864191895527
835140,0.7756486923264203
835141,0.9996787975354902
835142,0.18522591497902513
835143,0.9933852274644058
835144,0.9964508357340099
835145,0.9800229876068758
835146,0.0733387834544997
835147,0.9983938193989588
835148,0.9956666114662043
835149,0.9996940718112348
835150,0.9924542206913646
835151,0.6054296603598283
835152,0.9042560844081237
835153,0.5568221356741454
835154,0.9999709185899519
835155,0.9991403204508779
835156,0.9999011372404821
835157,0.009444676379060886
835158,0.9935862649019089
835159,0.999973020216081
835160,0.802904880694354
835161,0.0726289677746889
835162,0.06646221007850375
835163,0.9997666933569525
835164,0.9573494170364736
835165,0.9998873435236336
835166,0.9995822462882591
835167,0.38602772216595505
835168,0.9998302560795739
835169,0.06604843384244802
835170,0.04126472935399619
835171,0.9999391883061642
835172,0.1464479861148685
835173,0.6107885182674554
835174,0.01289310568231206
835175,0.6523117919857901
835176,0.39168366243889047
835177,0.45572662462529445
835178,0.7035494366165812
835179,0.9991408462466295
835180,0.9743689196418028
835181,0.985889516803305
835182,0.04003589885891194
835183,0.9996767582376742
835184,0.7544002088101329
835185,0.022915615086492636
835186,0.3128382879449849
835187,0.23173807097460702
835188,0.9965496264361176
835189,0.9816719815804233
835190,0.8751870578525199
835191,0.19372597329544794
835192,0.9910965097879737
835193,0.9996901481242123
835194,0.31861111233608663
835195,0.6552713164687844
835196,0.9997024902202789
835197,0.9974020016609563
835198,0.9840159321088777
835199,0.9998281053598819
835200,0.018981180114158745
835201,0.9881786831383068
835202,0.7522465956023667
835203,0.9965813419483787
835204,0.009472267173451048
835205,0.9997702046979713
835206,0.5200546414982208
835207,0.7845388931549853
835208,0.5691426679517033
835209,0.9831493848592775
835210,0.056594748318295876
835211,0.9968793676227647
835212,0.9998026660665488
835213,0.1050346713586302
835214,0.2527186521689424
835215,0.06252717608151938
835216,0.5263115525182495
835217,0.06577189909369148
835218,0.9913348990785235
835219,0.2551703776114789
835220,0.8303620093859861
835221,0.07394552956226287
835222,0.5809975831197003
835223,0.1775447194786483
835224,0.9999825972020321
835225,0.5178814121687528
835226,0.8665063205271348
835227,0.9997898955554608
835228,0.9280940198292601
835229,0.9997936572937363
835230,0.42591600103176463
835231,0.22522962779420577
835232,0.6169241710603481
835233,0.13854565311324993
835234,0.9999112588199366
835235,0.9988907269783454
835236,0.9999616612047308
835237,0.9825793970778172
835238,0.0607511468622179
835239,0.8445174476637138
835240,0.9986626243054835
835241,0.48785518820769036
835242,0.10426558423194732
835243,0.8162547067125981
835244,0.9998799736814645
835245,0.8478391334716433
835246,0.03063873028786864
835247,0.9664935804316768
835248,0.27414745434080656
835249,0.9891251661379732
835250,0.9987683935579907
835251,0.9968465608504414
835252,0.9996934461792784
835253,0.9986698702230836
835254,0.9998355806665798
835255,0.9986175671467903
835256,0.15419564453481743
835257,0.43985038362637385
835258,0.5982472561129779
835259,0.9742236844791604
835260,0.48120350282804303
835261,0.4527847151089146
835262,0.05252509525947508
835263,0.9997366884985515
835264,0.9992963917976481
835265,0.855857171013487
835266,0.9995504256499966
835267,0.9040684814521955
835268,0.01923865042012189
835269,0.21131884932308231
835270,0.9995695828430982
835271,0.9962887365465123
835272,0.9996938528035233
835273,0.0104439564017388
835274,0.9628001997668116
835275,0.07162427422995307
835276,0.4819300495152371
835277,0.3614367239682785
835278,0.6115756606617992
835279,0.9693735320462964
835280,0.9992277347991629
835281,0.9979801404053279
835282,0.9998160944787753
835283,0.9997736341846252
835284,0.9052380542164367
835285,0.9994283337727459
835286,0.8822593934253237
835287,0.9978703157475077
835288,0.8788508746789702
835289,0.9950082038849957
835290,0.8036226108577763
835291,0.2774710509725791
835292,0.04879301403823595
835293,0.9999710203206964
835294,0.9823524580408209
835295,0.99978928367141
835296,0.691052230545893
835297,0.9999968780813131
835298,0.9931372410737294
835299,0.9997550030794258
835300,0.9992422111191428
835301,0.8564789814710958
835302,0.16015895307107422
835303,0.9998774350213757
835304,0.049398639532960226
835305,0.9995045672081979
835306,0.9997437381089834
835307,0.7456037890158949
835308,0.9342716081172922
835309,0.017596422070353113
835310,0.9997125247284306
835311,0.7975054576018707
835312,0.9234001076057028
835313,0.9998939350459821
835314,0.9519004051167259
835315,0.7856095084045829
835316,0.13171547927621702
835317,0.9773400425213179
835318,0.3307511987155497
835319,0.9603603513375856
835320,0.7415063372388908
835321,0.9997900153889927
835322,0.06597675747210484
835323,0.4355915168888553
835324,0.999955983723446
835325,0.20741847593899795
835326,0.999797298112809
835327,0.9997129817147539
835328,0.11798366858669015
835329,0.9999413152953769
835330,0.8692156359140771
835331,0.9940582493894825
835332,0.9569950430555862
835333,0.9998490694268861
835334,0.578623062446707
835335,0.5900165321312477
835336,0.998695131039654
835337,0.999610388715567
835338,0.9999843902166161
835339,0.9672554998386442
835340,0.99952822834331
835341,0.9660513083825817
835342,0.9985482681719391
835343,0.21310474305139954
835344,0.9999136630019878
835345,0.4828770717197802
835346,0.9998562874255742
835347,0.6896742759941741
835348,0.6848586776209244
835349,0.34667298278480635
835350,0.5752886251289078
835351,0.10369029733108197
835352,0.9086518127129946
835353,0.45316913892300226
835354,0.977792464565765
835355,0.9770782619903227
835356,0.9990534865368945
835357,0.01821173961490214
835358,0.7957947325976541
835359,0.8994043889908724
835360,0.5135836150804061
835361,0.7821739383391231
835362,0.93176621642526
835363,0.9926386806003971
835364,0.054646047346152735
835365,0.9997746182813105
835366,0.9986350418666827
835367,0.9988876917071694
835368,0.4422931526651768
835369,0.9924120721495628
835370,0.999650397568462
835371,0.2486826275060639
835372,0.9918720809923287
835373,0.03367380234295059
835374,0.06712598386130628
835375,0.9931971700015574
835376,0.5485183228776325
835377,0.9998650847957855
835378,0.9166641398725055
835379,0.578132389018486
835380,0.8131297004249659
835381,0.7503772788542452
835382,0.1849594363242677
835383,0.992771256277804
835384,0.4697297096168511
835385,0.7003340313781634
835386,0.972407826445848
835387,0.009857669256108054
835388,0.24024958807330493
835389,0.99290488748909
835390,0.07309300086796146
835391,0.9438170004053619
835392,0.988143349354092
835393,0.2097773043707306
835394,0.8914032321125955
835395,0.14377165135027287
835396,0.3762366434253447
835397,0.9997100758116624
835398,0.9992671100522188
835399,0.9998542153064013
835400,0.9856943826675757
835401,0.9743927960862488
835402,0.9459686256373454
835403,0.5294717878976699
835404,0.8372051605666401
835405,0.9999794474242081
835406,0.7502656729107575
835407,0.9997386871811615
835408,0.9230318703656774
835409,0.9738048590805506
835410,0.30909753861176936
835411,0.9996246416530256
835412,0.054153566253310484
835413,0.9998901525077353
835414,0.9998162113676272
835415,0.24115397625471766
835416,0.9642787520505752
835417,0.9153193977828806
835418,0.9999704798868131
835419,0.9994273797625507
835420,0.4800279804911093
835421,0.9980736963565382
835422,0.03699581164873756
835423,0.07653222482640744
835424,0.9991187231392376
835425,0.2800868726136591
835426,0.9981175445380394
835427,0.9992874451808078
835428,0.6956457061616482
835429,0.33172373060369664
835430,0.08545232244982556
835431,0.9999576547423137
835432,0.9991829268770206
835433,0.73104845433274
835434,0.17867406517153284
835435,0.5366003417163242
835436,0.037636218569015924
835437,0.9966656681940337
835438,0.9993872939777428
835439,0.9746339201341611
835440,0.9993552254110143
835441,0.9938289476162823
835442,0.12824432203185376
835443,0.9992686679912309
835444,0.9780294454151366
835445,0.08355971101087468
835446,0.9999574251872221
835447,0.9907126692480651
835448,0.999885070948526
835449,0.9995659081656297
835450,0.37809660662575795
835451,0.44843028493268877
835452,0.9997758700910423
835453,0.9996664673360917
835454,0.6973062326044738
835455,0.0496120257574789
835456,0.8510805384078247
835457,0.1660047491802021
835458,0.006052833915445449
835459,0.9990818996969624
835460,0.9019375263905414
835461,0.9995731303800679
835462,0.027246937416228415
835463,0.8102096525124549
835464,0.9998731324956313
835465,0.6373464852521448
835466,0.9949511263686466
835467,0.3708923516624722
835468,0.34273350123333535
835469,0.008912349969207572
835470,0.9996504069586716
835471,0.9058100578630289
835472,0.5303537576108528
835473,0.9982809965264078
835474,0.9731567395208509
835475,0.9991561029256557
835476,0.010461050452957976
835477,0.999252515027065
835478,0.9997681685522815
835479,0.1244885312594856
835480,0.8067462804213293
835481,0.013386958724617513
835482,0.13946049732771612
835483,0.1981564505054194
835484,0.19977114461833123
835485,0.9892170914154684
835486,0.7537880246678119
835487,0.9999878864203224
835488,0.9678389852653564
835489,0.9999730029546265
835490,0.054082035090575395
835491,0.8301110424876077
835492,0.9938621033409569
835493,0.9989988991011323
835494,0.2364294602826058
835495,0.6834029976083498
835496,0.9997070811504237
835497,0.6318412920304888
835498,0.23059927580400907
835499,0.9998197533691375
835500,0.8605137032574937
835501,0.9884237655217902
835502,0.9964998846691
835503,0.9927396499953516
835504,0.9998392336675092
835505,0.2543656303329265
835506,0.020402434165619442
835507,0.9911581293430604
835508,0.9999197470160823
835509,0.9995251654238887
835510,0.9998869194139295
835511,0.3727636024250791
835512,0.9997025001681368
835513,0.13606210695899104
835514,0.416128271621802
835515,0.8112117769736272
835516,0.9989305942342483
835517,0.6522986253774312
835518,0.9998435197419503
835519,0.976080384645118
835520,0.49925643899474326
835521,0.16901669365355526
835522,0.9980847828733888
835523,0.9913154800715418
835524,0.99772223568961
835525,0.187224233975475
835526,0.9750075973747451
835527,0.05978303050281527
835528,0.9978013249221782
835529,0.9999542263554496
835530,0.9879597380827065
835531,0.4069704830826798
835532,0.10953364885899584
835533,0.9998900413408196
835534,0.9992138058187304
835535,0.9915134226433452
835536,0.8609410682059259
835537,0.2004865449175091
835538,0.38117781927512784
835539,0.9118429211775039
835540,0.9571973802069558
835541,0.15378985490779612
835542,0.9997821423329818
835543,0.9993828924992576
835544,0.9991684644923324
835545,0.9993476991091399
835546,0.6174044311826555
835547,0.99978163766366
835548,0.9998301981207373
835549,0.9998856641999515
835550,0.5597852121866281
835551,0.5076964246552167
835552,0.0043383822101183125
835553,0.9965716060164267
835554,0.8292724820895635
835555,0.9995547481631111
835556,0.016247553458815355
835557,0.9988962353341457
835558,0.9997665682202805
835559,0.5502286610555123
835560,0.9987801987124982
835561,0.04673506082159328
835562,0.09718767788686253
835563,0.7249735422666248
835564,0.9999645561355666
835565,0.7962639621012662
835566,0.9985584766750344
835567,0.9942821288150245
835568,0.5492178056164223
835569,0.913510709753974
835570,0.8348336964105458
835571,0.06047976262423572
835572,0.9988752812762043
835573,0.9224621676954128
835574,0.997756031524885
835575,0.6162240478448179
835576,0.9985102934808265
835577,0.9999533298609506
835578,0.9942691431510114
835579,0.9867958380712047
835580,0.9993795781633127
835581,0.9945703140036796
835582,0.9782752517698206
835583,0.49127712573032123
835584,0.5308255262475322
835585,0.9996426440003472
835586,0.9997438237656088
835587,0.8949952307945843
835588,0.4703184733850433
835589,0.9986824412199695
835590,0.30309623220061793
835591,0.281898939925247
835592,0.5091121700440144
835593,0.9998964619256042
835594,0.02533695791014675
835595,0.9978775635839838
835596,0.9797312732149126
835597,0.9437589453408535
835598,0.5117505656946417
835599,0.045289892034275255
835600,0.9997400093204476
835601,0.9993669102063782
835602,0.7941450851658305
835603,0.9977512311982564
835604,0.4126531271006736
835605,0.574943157936181
835606,0.8991524727000809
835607,0.6305716518884419
835608,0.9994567759367299
835609,0.7128540001713229
835610,0.02091640138013684
835611,0.6137534406083787
835612,0.9998111173983519
835613,0.9975998015416798
835614,0.9944667062625262
835615,0.8627403024047567
835616,0.9851392109276913
835617,0.8959898457581168
835618,0.06754003646502453
835619,0.0347872807843313
835620,0.24020426425065428
835621,0.3997886581367228
835622,0.9998717834377742
835623,0.2121344462553177
835624,0.9762430211491823
835625,0.022579865613186312
835626,0.254626087052908
835627,0.9999847737686104
835628,0.7720689730739717
835629,0.35955945523871563
835630,0.9996242250260626
835631,0.05618515033656048
835632,0.9993135949473365
835633,0.9999467673426085
835634,0.9999304610612834
835635,0.8144473909192373
835636,0.7911136975938391
835637,0.996546318888357
835638,0.20100150439962328
835639,0.9714025236627056
835640,0.9996790293432004
835641,0.5820662454726622
835642,0.7203260534241547
835643,0.9995154973161275
835644,0.9999088314087666
835645,0.975846556096144
835646,0.9997300928612406
835647,0.024595231072330675
835648,0.9937439374435307
835649,0.9947801442221695
835650,0.9999874883566023
835651,0.5322292138697584
835652,0.6659115959063941
835653,0.07300147773946564
835654,0.5756600540530196
835655,0.058699719948046014
835656,0.009013619384322467
835657,0.9999386400236328
835658,0.3808197811914458
835659,0.024271862730532175
835660,0.9945940530972199
835661,0.9999823146037933
835662,0.13794135430077362
835663,0.9999852900265873
835664,0.12357925039847915
835665,0.9997468345442756
835666,0.8073351779468159
835667,0.8916588196560176
835668,0.02100651225683716
835669,0.609972088428496
835670,0.942724923469888
835671,0.9999877939995001
835672,0.7233428770368635
835673,0.9997886815853873
835674,0.9999306739659541
835675,0.9919132522134646
835676,0.7002891843485546
835677,0.9763085121797838
835678,0.5058633956723609
835679,0.9508315983772935
835680,0.4728323161372837
835681,0.9899063428689884
835682,0.46201508651543033
835683,0.3330412167236305
835684,0.9821091482743698
835685,0.6282918411317076
835686,0.9952567073069162
835687,0.9999650474844946
835688,0.805398916245073
835689,0.015372007937167705
835690,0.974342251313683
835691,0.9982397224474142
835692,0.9054721642184358
835693,0.015571338026876932
835694,0.09676456867680006
835695,0.999479842760387
835696,0.9048123322780395
835697,0.8033154628159059
835698,0.999674474939459
835699,0.01860662982657425
835700,0.9998273866998642
835701,0.14867670658033036
835702,0.08365141513491095
835703,0.9999829404423727
835704,0.9712302176007033
835705,0.12465231370846325
835706,0.9987209221203747
835707,0.36092110525442067
835708,0.9731434039561243
835709,0.5031273741748286
835710,0.9998348862527047
835711,0.5875241373141553
835712,0.5588716790909861
835713,0.6789911477015247
835714,0.6103759815966774
835715,0.43682659003490876
835716,0.006311505506726095
835717,0.9998366103885505
835718,0.3106837005937054
835719,0.9991341166991473
835720,0.47561436929870593
835721,0.9999787484839531
835722,0.4819934385781406
835723,0.9998561971129138
835724,0.8274780299542361
835725,0.4508546500935703
835726,0.9965306154142226
835727,0.9999807312688234
835728,0.9997708112542958
835729,0.979292374946999
835730,0.4870535581750803
835731,0.005854975474453308
835732,0.9995488572511968
835733,0.9970549288064889
835734,0.9587343386905192
835735,0.9995014302145993
835736,0.9933588707586304
835737,0.9999501696495153
835738,0.16163647442565862
835739,0.9936148245540601
835740,0.9963746423770888
835741,0.9932119628528164
835742,0.24132609264075885
835743,0.9925358114757239
835744,0.9996730336505176
835745,0.9993758262659082
835746,0.014221516343612288
835747,0.9498923617741799
835748,0.9901890314249979
835749,0.5820994170952494
835750,0.02282957142446413
835751,0.9928491195534703
835752,0.8283216623925506
835753,0.7714562094305516
835754,0.9981340261756455
835755,0.7209201924801604
835756,0.9999773629460356
835757,0.8781693622305448
835758,0.9986787496681896
835759,0.22776499503872522
835760,0.9947137567661685
835761,0.9506214404837058
835762,0.9991585598282144
835763,0.9998279727397595
835764,0.9508440837477647
835765,0.9998611019016669
835766,0.29564186211033383
835767,0.1940798785744638
835768,0.9997330195119412
835769,0.9998170106397999
835770,0.9637703256821291
835771,0.5604764164208257
835772,0.8455603101129188
835773,0.8590214871938863
835774,0.8786794753818139
835775,0.9997805160598832
835776,0.09362027044540389
835777,0.9614820200880105
835778,0.9995176019496085
835779,0.16586945533170833
835780,0.5809950642230924
835781,0.918635404640175
835782,0.9893545419043546
835783,0.9970269219354773
835784,0.9989544234578731
835785,0.8892035556816162
835786,0.5737990723069972
835787,0.25172091145724457
835788,0.9976573349493714
835789,0.9821916254296691
835790,0.9998871437373787
835791,0.7871880959775444
835792,0.9988790488027265
835793,0.41001127009881205
835794,0.9993202543692351
835795,0.9894292712570343
835796,0.5888467997842327
835797,0.7490925503963581
835798,0.999971415780476
835799,0.999309025631486
835800,0.9992735687892386
835801,0.9962693752984064
835802,0.8863128911579191
835803,0.028813446708998817
835804,0.7351591864740996
835805,0.8009240014985095
835806,0.9997976479527725
835807,0.9691402101798781
835808,0.9940129318175455
835809,0.9998475385338615
835810,0.9920847137043742
835811,0.9999885201992471
835812,0.7452227958006534
835813,0.8699995360384664
835814,0.9999060719155327
835815,0.9904521399422311
835816,0.9996536776279232
835817,0.9427863510021965
835818,0.9994933752070116
835819,0.047744700470533696
835820,0.4103885711943947
835821,0.9996242597034279
835822,0.9998908708003258
835823,0.9994117818995502
835824,0.7605526420420032
835825,0.9824911519331224
835826,0.999863909555764
835827,0.3324287261259852
835828,0.5475126443312957
835829,0.0231379082944541
835830,0.689323939760604
835831,0.9995552575580016
835832,0.9996846365020269
835833,0.9996839446873632
835834,0.9797027619141221
835835,0.9997798706050041
835836,0.9717640947324845
835837,0.24263113933022548
835838,0.9997375703949958
835839,0.998853115280807
835840,0.9969770958155733
835841,0.09910267696513261
835842,0.9999230672440582
835843,0.9975168962898203
835844,0.9999121953085115
835845,0.9987838752551162
835846,0.07378680660317219
835847,0.998804007116953
835848,0.979143354449633
835849,0.8856567117435437
835850,0.9993611729091542
835851,0.2223061048254538
835852,0.07343769096678568
835853,0.9228726440913205
835854,0.9999511406634881
835855,0.9990846044173369
835856,0.9992246129198809
835857,0.9999741162976781
835858,0.5688680929071585
835859,0.44335428844226044
835860,0.6753316476494344
835861,0.09015752817343398
835862,0.9998531265048427
835863,0.860510218489918
835864,0.9994738968873615
835865,0.9997531110685398
835866,0.8915976457468622
835867,0.9953974222923746
835868,0.9376105994789657
835869,0.9999487340528934
835870,0.9985451780564876
835871,0.9998798514069498
835872,0.07132310519829106
835873,0.9334904226416543
835874,0.7237498717221105
835875,0.4705258732740806
835876,0.09476269597576062
835877,0.9999846981969451
835878,0.7177521666310637
835879,0.5118145625365875
835880,0.9927097412175651
835881,0.06852995236294104
835882,0.9660765615393623
835883,0.018621806067416664
835884,0.9925437395513081
835885,0.998932823119753
835886,0.016820029148674642
835887,0.9999540094744432
835888,0.1560705111118734
835889,0.02767060598194298
835890,0.6279477161725506
835891,0.9897240061320102
835892,0.4297950372927539
835893,0.9971769956307575
835894,0.9928882933043391
835895,0.9072437625124521
835896,0.9998282234397651
835897,0.32369967713770853
835898,0.9880018121686117
835899,0.9844167501674252
835900,0.24499782625063568
835901,0.9987162562896721
835902,0.9996564581081762
835903,0.9997922314603831
835904,0.9967325395061779
835905,0.9882515486709522
835906,0.9999222500630117
835907,0.9791137090913571
835908,0.7856626783749439
835909,0.0340277110356573
835910,0.855402203580069
835911,0.6784958419811798
835912,0.18463736690670074
835913,0.9306623096134026
835914,0.9988228370823942
835915,0.9878608523322894
835916,0.9990175904884273
835917,0.9945865267773314
835918,0.6056992839833371
835919,0.9996069585591372
835920,0.8523275372075111
835921,0.7459307728345115
835922,0.9218081563348515
835923,0.383178834766007
835924,0.9999311764254344
835925,0.9973444006896508
835926,0.9893588887835457
835927,0.764004126130853
835928,0.1582111429818991
835929,0.03392010170282502
835930,0.9578538655472041
835931,0.9975603155719213
835932,0.7997740903164561
835933,0.5564925710614157
835934,0.5599872044699051
835935,0.8392476299894562
835936,0.9903743437489139
835937,0.8256569430827081
835938,0.9904765484199282
835939,0.9993073541605103
835940,0.3840203554180878
835941,0.9653708323428263
835942,0.9985209776042008
835943,0.9999760909202932
835944,0.6938116759370389
835945,0.9988675627481507
835946,0.9998254212872386
835947,0.7020471278144481
835948,0.5249962987764385
835949,0.9998669324047267
835950,0.7648424629934965
835951,0.16383267988081057
835952,0.5849096924483821
835953,0.06228801071574949
835954,0.9996441432937626
835955,0.9996024979060412
835956,0.028551673899673696
835957,0.9965302863611392
835958,0.9992173326383813
835959,0.9901540270649978
835960,0.3199135444532951
835961,0.9901347244512786
835962,0.9766059152825772
835963,0.3260780580511315
835964,0.9998071087785798
835965,0.9982928903640896
835966,0.9791819344420281
835967,0.0713275311083782
835968,0.03456245879822332
835969,0.9976948791086813
835970,0.9994307212556042
835971,0.9996702891816789
835972,0.9999499518590107
835973,0.8814091962215571
835974,0.9999280000422011
835975,0.9259052390203619
835976,0.9999274078762453
835977,0.997912724657973
835978,0.16659047264293605
835979,0.9549938916714711
835980,0.5881749937892088
835981,0.726946947670342
835982,0.9998374456644817
835983,0.8108083704569311
835984,0.01917281530195226
835985,0.9904614434605259
835986,0.9990816392976579
835987,0.999857400838349
835988,0.9942873826122886
835989,0.9999592736238665
835990,0.9989281430183753
835991,0.9971846186206542
835992,0.9117660726663762
835993,0.6543785004161928
835994,0.6024021650512162
835995,0.9997662050538882
835996,0.999555525825609
835997,0.3794226366874817
835998,0.9997920526964115
835999,0.9422443014552583
836000,0.9916532066372592
836001,0.0030354762838159777
836002,0.028997471924991625
836003,0.9997290951838527
836004,0.9998790077324833
836005,0.00321241069551032
836006,0.048341363456917495
836007,0.027701271389111142
836008,0.9997869858973054
836009,0.9875583593831294
836010,0.9995432179191877
836011,0.9697198533029937
836012,0.06264462985661394
836013,0.2920309934500463
836014,0.9996683691050141
836015,0.39336738630276147
836016,0.9994178695811178
836017,0.8429254308862908
836018,0.9999887751225778
836019,0.5652660100789036
836020,0.2516385467291158
836021,0.9998982545898829
836022,0.17741799566505215
836023,0.35303301987838276
836024,0.9605234732402723
836025,0.9618077030156322
836026,0.9977911132103727
836027,0.999979520880367
836028,0.2870085174287565
836029,0.9997457133490586
836030,0.99104492379906
836031,0.9998742772821416
836032,0.9997537022878202
836033,0.9999727713829709
836034,0.8651405172200218
836035,0.002286370091763387
836036,0.9403533609087416
836037,0.9976231950023865
836038,0.9995449418102919
836039,0.33768007127784305
836040,0.990499968101787
836041,0.9986345993756383
836042,0.9997130122598066
836043,0.8463487909755314
836044,0.35804579429298367
836045,0.999960253111854
836046,0.9936283215328942
836047,0.9994381390885755
836048,0.754308159333238
836049,0.9996707160992184
836050,0.19636128111865875
836051,0.1483622603342171
836052,0.9986708212679485
836053,0.1076149433886067
836054,0.9998615794528392
836055,0.9897077824423592
836056,0.9638187309627095
836057,0.9999635930017856
836058,0.9992570676501555
836059,0.6617237827171598
836060,0.9967321612908212
836061,0.06214555323780899
836062,0.9967154189772494
836063,0.2568583751611395
836064,0.9953928636920568
836065,0.008665846268090232
836066,0.9947548144852401
836067,0.9997860349180059
836068,0.3529982716576965
836069,0.32763000342308657
836070,0.9997705692403387
836071,0.9843146063987501
836072,0.08747113260897185
836073,0.9996880941996926
836074,0.9999811398315885
836075,0.372290169501313
836076,0.8245212212573817
836077,0.012443324175838318
836078,0.9992487644682077
836079,0.006256571083033885
836080,0.9918641242930393
836081,0.9698853630381691
836082,0.6196065806442475
836083,0.11740250380002941
836084,0.004720833525842321
836085,0.8586752647392528
836086,0.3173343125456218
836087,0.25788460737961144
836088,0.9340876253986765
836089,0.509832970795605
836090,0.996467792066503
836091,0.9982204377574948
836092,0.4304757953523737
836093,0.9948737250314854
836094,0.9893101905583193
836095,0.13262775183451495
836096,0.9950812819149062
836097,0.41126925946800774
836098,0.4148199247622628
836099,0.4351942730391367
836100,0.9520629380053549
836101,0.9997628041281688
836102,0.9906534810862022
836103,0.9999064247171664
836104,0.5503815909388043
836105,0.8071616360561173
836106,0.11011383355577306
836107,0.9999587382513258
836108,0.803544389608478
836109,0.86919331721419
836110,0.9999829230583291
836111,0.98840233846136
836112,0.9982900814440876
836113,0.6647221139744276
836114,0.2766134852883124
836115,0.05410126832582418
836116,0.9934414685920729
836117,0.8500849720127448
836118,0.9999504129747305
836119,0.7420574730000938
836120,0.998141414774716
836121,0.1710583858301839
836122,0.9990064942424955
836123,0.997056512961703
836124,0.9708968156014732
836125,0.30168572728780874
836126,0.0578953664053304
836127,0.05417797859199815
836128,0.903657330336914
836129,0.4089546302980127
836130,0.99946192863579
836131,0.4717729804020693
836132,0.13132076708211796
836133,0.9983255737629004
836134,0.6716768068257796
836135,0.06268080592953269
836136,0.999525996365771
836137,0.009315873204009865
836138,0.7848352592172986
836139,0.9999555099152175
836140,0.24829904192499014
836141,0.1680767407931822
836142,0.2951753026418999
836143,0.9995035867119461
836144,0.9999718811535184
836145,0.09648249125192934
836146,0.07366433676278106
836147,0.0452677866424919
836148,0.5365444035544208
836149,0.9946991338220836
836150,0.01745968350519551
836151,0.9991716014465226
836152,0.028208426012608475
836153,0.6392058910940186
836154,0.9968344235796545
836155,0.9226782556770703
836156,0.4185408528126482
836157,0.7321810198777908
836158,0.9909389815989194
836159,0.9996737447514796
836160,0.019381126893725814
836161,0.9995295795949909
836162,0.9438075649985427
836163,0.9783352056398227
836164,0.755529081819081
836165,0.9953910141058324
836166,0.008240822630080094
836167,0.9922847953390663
836168,0.9999752537810436
836169,0.9954326669878932
836170,0.9952782023465041
836171,0.36264497751388924
836172,0.9564492495010096
836173,0.9316799164288792
836174,0.9999205838921799
836175,0.05039921744568607
836176,0.9933772116517006
836177,0.9996718906854126
836178,0.9996195582130909
836179,0.021388541083408867
836180,0.40553837809971577
836181,0.9091808960624017
836182,0.9942493593609981
836183,0.9402277786352353
836184,0.2151374952757522
836185,0.9993771322103735
836186,0.8917110479459605
836187,0.9826838759494569
836188,0.999809213857717
836189,0.9932402673083569
836190,0.8772902871788593
836191,0.8803263262365495
836192,0.8364070893267859
836193,0.6900074258674425
836194,0.9018191007548269
836195,0.999803162769714
836196,0.10506063918828798
836197,0.25987685969361307
836198,0.857995350105797
836199,0.9999134420242175
836200,0.5053990230074202
836201,0.9820663985137028
836202,0.9997442741478271
836203,0.9951450343480909
836204,0.11162656707669946
836205,0.31809667198451164
836206,0.6896415660286226
836207,0.9998829783641267
836208,0.026390096201537486
836209,0.9999755857757946
836210,0.47937180531675183
836211,0.24857879330320498
836212,0.678667529786872
836213,0.13571920437499949
836214,0.9999773285970754
836215,0.41310591824217713
836216,0.9438556659820829
836217,0.5534196322430975
836218,0.6094835990144267
836219,0.004945360341170385
836220,0.9953165713655991
836221,0.9020388061734712
836222,0.3687513367468837
836223,0.9999857420337295
836224,0.18182200024110098
836225,0.9949047843279414
836226,0.9981909612504857
836227,0.9980462562287582
836228,0.99996883851345
836229,0.9999632239173101
836230,0.9999027189580585
836231,0.9010185506806164
836232,0.8050097959180503
836233,0.05127466781137317
836234,0.9989448643242117
836235,0.9998157626944285
836236,0.2089323847630804
836237,0.8189738388021093
836238,0.9992159442752471
836239,0.94127766767237
836240,0.6661232850006358
836241,0.026823346432249894
836242,0.34813402621837086
836243,0.006781549927028116
836244,0.7388223107999854
836245,0.48492602348764624
836246,0.9994804493319336
836247,0.026515005737439486
836248,0.6875068532593964
836249,0.6515020563252361
836250,0.9999922489178568
836251,0.9527840853749951
836252,0.014923147928703199
836253,0.9981577983096526
836254,0.02127547541336592
836255,0.5440429109178481
836256,0.9987194364990981
836257,0.9997393118097311
836258,0.09452365466051688
836259,0.7473230199907989
836260,0.9980401512823267
836261,0.007583236806367647
836262,0.10096163475690861
836263,0.9732117290900342
836264,0.999761024126343
836265,0.506097074332264
836266,0.9998701536062804
836267,0.6067380477697921
836268,0.9973696315348194
836269,0.4447715321706456
836270,0.2504498480871645
836271,0.9991916892117159
836272,0.23281762262757716
836273,0.004365567369367259
836274,0.019697355681018946
836275,0.9995523886395362
836276,0.6051668376959666
836277,0.7023148000238674
836278,0.9998935486670661
836279,0.9980821419994652
836280,0.9987282355287403
836281,0.9545950439097
836282,0.9983829222438054
836283,0.6630497715586294
836284,0.9996337063075509
836285,0.7832086445339386
836286,0.4318148418208053
836287,0.025196240114645514
836288,0.5899157484216877
836289,0.8031394181764813
836290,0.999734198289449
836291,0.40169796166408017
836292,0.6637674797233228
836293,0.9428281755764787
836294,0.9998661962880431
836295,0.9968595613812146
836296,0.9887325359484149
836297,0.9357603013303719
836298,0.9999650359952827
836299,0.9972196031958572
836300,0.34614392927043236
836301,0.9965073267401403
836302,0.3331240461764103
836303,0.11687477406212993
836304,0.9995931166056411
836305,0.04004550035464224
836306,0.011590357730824672
836307,0.9905850800483271
836308,0.8298938184271988
836309,0.9999828533704989
836310,0.01686775118357271
836311,0.988174231896835
836312,0.999939551619919
836313,0.9999536161254658
836314,0.9997190525325206
836315,0.9995936404305514
836316,0.17937944981386553
836317,0.2846358838496155
836318,0.999954790121734
836319,0.3312405419816055
836320,0.9999645539569132
836321,0.9998144380018124
836322,0.9600357653995172
836323,0.9996104637921911
836324,0.9969127199142007
836325,0.9995464927726561
836326,0.999421200655028
836327,0.6178348469215749
836328,0.9965602258822799
836329,0.7798906239076127
836330,0.6628352618318372
836331,0.5518302866436935
836332,0.06414287079972142
836333,0.994068233070345
836334,0.9968785547919254
836335,0.1634732779806453
836336,0.5313161815563887
836337,0.8215512930792823
836338,0.7637488982610974
836339,0.13806805423312463
836340,0.9965429707163105
836341,0.014861290008113003
836342,0.9991439176289447
836343,0.9991327589151757
836344,0.025194018486532528
836345,0.9999769224353774
836346,0.1160081845870016
836347,0.5036187131080773
836348,0.43032092213483714
836349,0.3736460117134923
836350,0.024183482556471965
836351,0.8323908425756934
836352,0.9992607457177769
836353,0.5247990875793462
836354,0.9997753298802053
836355,0.9996286042139156
836356,0.026353228193653683
836357,0.657729338318682
836358,0.9011064191926597
836359,0.9861923547078099
836360,0.9983131817600055
836361,0.9978087709939264
836362,0.7517443196387947
836363,0.8346665536748163
836364,0.7336108001146138
836365,0.9999074921257847
836366,0.9087371967244551
836367,0.9999613684275432
836368,0.06877305570269734
836369,0.9999113800612633
836370,0.7123746294070816
836371,0.9989440241286636
836372,0.0990274666924078
836373,0.9950195334729754
836374,0.8920298806004976
836375,0.1163557561042401
836376,0.9994151241583812
836377,0.003235279658858949
836378,0.9989630523530766
836379,0.9997717015447981
836380,0.9997586536302985
836381,0.34258201957789375
836382,0.9997975154607839
836383,0.9990600771827417
836384,0.9989876128369086
836385,0.9969300267100693
836386,0.9992076936656252
836387,0.9230127895281762
836388,0.01508777297912119
836389,0.9996723678943318
836390,0.9989656546928016
836391,0.1254006658262493
836392,0.4648974987529989
836393,0.7517098708524498
836394,0.8930607517052319
836395,0.9987920067051859
836396,0.981745622674955
836397,0.1082251944133521
836398,0.9978172665239887
836399,0.2625124334389075
836400,0.5044508062689418
836401,0.16509544276662996
836402,0.9418267392670869
836403,0.9452880535839258
836404,0.6777511123448197
836405,0.6451505648864004
836406,0.9950389419254139
836407,0.9811629925095258
836408,0.27604070354937904
836409,0.9998042287847191
836410,0.2989519242007262
836411,0.7636321996842029
836412,0.26419115319025044
836413,0.005829766338556806
836414,0.0014848024863043587
836415,0.9843083356666201
836416,0.7598194557024538
836417,0.9978396629593873
836418,0.5228468450459419
836419,0.9999103875399352
836420,0.9999771449291354
836421,0.8857328970861487
836422,0.8354131659687298
836423,0.3317421478840668
836424,0.39874346318842385
836425,0.9999752738574331
836426,0.9894777629594722
836427,0.03682880363830622
836428,0.9978107401584808
836429,0.9967327567730419
836430,0.9921831089314239
836431,0.9999576441660223
836432,0.9996490574575572
836433,0.8506110017652413
836434,0.18412831637477783
836435,0.32490216041878256
836436,0.9992270702725579
836437,0.7339276382721523
836438,0.999746110041174
836439,0.4528324380696207
836440,0.12221875430320958
836441,0.9998876379766523
836442,0.3842284773976643
836443,0.824553519563163
836444,0.3436496798075794
836445,0.0036751889903650255
836446,0.007501985434673465
836447,0.9850564697623232
836448,0.9854867608586511
836449,0.8252466589196585
836450,0.008076188274174657
836451,0.9992395283059679
836452,0.27976990512064415
836453,0.45082544559191057
836454,0.9978319252803818
836455,0.8718694024382643
836456,0.08173739036282288
836457,0.9490357447183667
836458,0.9406981907819247
836459,0.9999584964904712
836460,0.9266411512702015
836461,0.07829094743634693
836462,0.999969831680149
836463,0.9908979762191017
836464,0.018358765644053913
836465,0.809676313840435
836466,0.9964833327632059
836467,0.9996827830076471
836468,0.24784745661291546
836469,0.9321363657159835
836470,0.9991478533111942
836471,0.2977293432835154
836472,0.8803167909575131
836473,0.012579137736211509
836474,0.8462194430290111
836475,0.9052847288001753
836476,0.7640532418296969
836477,0.9696184822754756
836478,0.9996364797365795
836479,0.539085576335238
836480,0.999960236011584
836481,0.9996689692052805
836482,0.9950685041065678
836483,0.9998545371591414
836484,0.9998477444798125
836485,0.9934774143832531
836486,0.801620311884286
836487,0.5588016675158624
836488,0.16906008179216142
836489,0.027274386995829635
836490,0.9963850609484084
836491,0.9976312589719303
836492,0.6989135418197605
836493,0.5813378147342244
836494,0.7700832394286218
836495,0.2276090391688691
836496,0.027878884406532453
836497,0.9666635130975401
836498,0.9956700134976353
836499,0.9994550011246823
836500,0.99066372936728
836501,0.999823798126185
836502,0.8516498918632409
836503,0.9992270743205174
836504,0.9997451997606309
836505,0.9997030843223638
836506,0.6937853004966563
836507,0.9972181958605828
836508,0.9997703915427896
836509,0.11486825243731622
836510,0.9997591872055427
836511,0.785515924105364
836512,0.9992102470349837
836513,0.9995189033722673
836514,0.8899392319370845
836515,0.9988467639026131
836516,0.8876324325832833
836517,0.9998486040146584
836518,0.6329584325758142
836519,0.8653111947285375
836520,0.999838292171358
836521,0.9657937021944356
836522,0.08794192753362234
836523,0.999923535384406
836524,0.5599133821950695
836525,0.657653191300583
836526,0.09478829850115719
836527,0.32369096624603944
836528,0.3650457052807653
836529,0.07000463953219802
836530,0.09889709483434825
836531,0.18721726987386078
836532,0.02293596409039219
836533,0.7008883687848564
836534,0.9984128688755542
836535,0.5857152492133487
836536,0.0041020210824821894
836537,0.9999817236508035
836538,0.07347799941242988
836539,0.7827235490189111
836540,0.996040261026342
836541,0.9999473798243759
836542,0.9995562090142746
836543,0.8134697634461905
836544,0.9954320482315253
836545,0.8623084079977356
836546,0.9930056550097078
836547,0.8966351545704163
836548,0.6761962763564817
836549,0.04706492783272219
836550,0.999562478124735
836551,0.830104021656021
836552,0.9964737703903096
836553,0.9969186757813222
836554,0.8316066738745675
836555,0.9985907164399336
836556,0.9998787384202839
836557,0.9880868339163997
836558,0.9994155384649845
836559,0.9997678853094293
836560,0.24338495357754275
836561,0.024334645847493903
836562,0.9137705762610728
836563,0.8020603439652049
836564,0.9973892691626334
836565,0.5084768317056927
836566,0.9027721877572338
836567,0.9866582141255116
836568,0.9995290912459308
836569,0.19664903883994034
836570,0.9499562763324163
836571,0.9737389267828944
836572,0.4750400567177424
836573,0.9851405460581097
836574,0.9999324525279267
836575,0.4153526132626736
836576,0.9879322143129908
836577,0.9705620183631627
836578,0.9994095504228071
836579,0.005534650183715498
836580,0.9998291379318914
836581,0.11509563256328761
836582,0.9920823849955205
836583,0.6065498117339464
836584,0.783693578743143
836585,0.746476237038897
836586,0.9922291669592304
836587,0.4485160185424555
836588,0.996131517520052
836589,0.23830278104299243
836590,0.28410379011105846
836591,0.9997952320088678
836592,0.9652438675695824
836593,0.38951445369102167
836594,0.9638690829663044
836595,0.9998747729769092
836596,0.1623811468075997
836597,0.12854023627341957
836598,0.9971788736657632
836599,0.9941378193135588
836600,0.9995432261403454
836601,0.935179491111392
836602,0.637105564028492
836603,0.999818757821089
836604,0.999982887111557
836605,0.9998830046173783
836606,0.8745081561328001
836607,0.9845071837993826
836608,0.5021692388735441
836609,0.9996931643138334
836610,0.9718608401051871
836611,0.9963182330168624
836612,0.009563751550188132
836613,0.3467487030643486
836614,0.6957472930519719
836615,0.9992014264835394
836616,0.9978366793223834
836617,0.9998759085019592
836618,0.9999300310598664
836619,0.9998603243817348
836620,0.948620861863313
836621,0.9997690122773701
836622,0.9999712681212121
836623,0.0687885712883629
836624,0.9996925832049957
836625,0.0638340565409747
836626,0.02434418310634763
836627,0.9998631696737028
836628,0.9999570631963857
836629,0.5257190815250851
836630,0.711435721113995
836631,0.12072402118923198
836632,0.9977696296465113
836633,0.9997951168809897
836634,0.8768081195017906
836635,0.996470894742647
836636,0.7758170684439762
836637,0.999854109979447
836638,0.6208782547211572
836639,0.8804389820771987
836640,0.9998343895867432
836641,0.08621953981236127
836642,0.9864211534453329
836643,0.018321500630845228
836644,0.9996158592713729
836645,0.9998340241539528
836646,0.681380659002917
836647,0.6120063798984516
836648,0.9990418697834124
836649,0.9461011345712628
836650,0.012720530022071769
836651,0.8965164991601176
836652,0.9998282595567636
836653,0.9999035120457094
836654,0.04366584715708406
836655,0.9992313406015568
836656,0.9996916876840474
836657,0.9996812849181006
836658,0.40449980829489185
836659,0.8381470163177684
836660,0.9999586761753012
836661,0.9908770467596589
836662,0.8648505128089898
836663,0.9928471034856312
836664,0.9595900452944652
836665,0.9512781260557522
836666,0.9835759638581351
836667,0.9331232066344978
836668,0.9994079279459616
836669,0.2279341336903673
836670,0.9994535024323521
836671,0.9974432095423346
836672,0.9371541874617819
836673,0.9998526958530771
836674,0.999593924279361
836675,0.9969055315649811
836676,0.9932168747342744
836677,0.01427491725168312
836678,0.7154988937498656
836679,0.9995728905353294
836680,0.5879596538373649
836681,0.3541186387319769
836682,0.9998470135961923
836683,0.9995760979303504
836684,0.9467537568855696
836685,0.2754158370064564
836686,0.8255522762358696
836687,0.042547525591142915
836688,0.9980155151381926
836689,0.9999388465139751
836690,0.9997215655273115
836691,0.9999558720883728
836692,0.9994207669196726
836693,0.9990041887088066
836694,0.9977866208631403
836695,0.9434833659780197
836696,0.07769718094017922
836697,0.9999717430557069
836698,0.9969439416094695
836699,0.6579773009108849
836700,0.021121923480680635
836701,0.6059713067753375
836702,0.31618972021555103
836703,0.995379514774376
836704,0.41169325562625336
836705,0.8508875278170059
836706,0.5486444332498309
836707,0.05732763493560797
836708,0.0868770750286977
836709,0.9999662365733925
836710,0.8483425880493376
836711,0.6858076794764687
836712,0.9999880202850365
836713,0.7694631222180531
836714,0.18873752717166542
836715,0.03159880031664664
836716,0.9971599009962369
836717,0.9995957495012889
836718,0.9961592626001505
836719,0.7678939563168197
836720,0.9982366400498759
836721,0.4015820801885084
836722,0.6010409495176333
836723,0.9230981617187806
836724,0.9945691589762111
836725,0.8626337361926961
836726,0.031057654547418836
836727,0.9976723091435588
836728,0.9960702293538466
836729,0.1370700023544687
836730,0.9566599717664146
836731,0.9651535769983879
836732,0.9817278052346705
836733,0.6500604921853508
836734,0.9545785980426522
836735,0.9935466394084913
836736,0.9934638468910519
836737,0.9991686137260263
836738,0.9998964859575796
836739,0.9999220408052849
836740,0.1063737018596276
836741,0.9994413561786205
836742,0.6108882375910661
836743,0.9585298743233541
836744,0.9928972795691637
836745,0.9997578838231286
836746,0.0528988281245137
836747,0.9999463803250352
836748,0.9980343394537361
836749,0.005822739143526044
836750,0.4409254544629736
836751,0.9548691406898869
836752,0.4854478758423913
836753,0.9885477322886255
836754,0.9998792131797825
836755,0.9583391593568924
836756,0.1568847380560061
836757,0.9829981364406868
836758,0.9998624146045483
836759,0.9959327010620181
836760,0.02232781616411849
836761,0.03993025053593097
836762,0.800424598875844
836763,0.9919627437870233
836764,0.014264469524144896
836765,0.18749580706417351
836766,0.06256954156788463
836767,0.28738195630297403
836768,0.6896097665767014
836769,0.9999666198371661
836770,0.02335970701173629
836771,0.9990744245716667
836772,0.9996775288096672
836773,0.354973542846313
836774,0.8522443625054279
836775,0.9995490525721732
836776,0.9998613742478039
836777,0.4941768301784242
836778,0.15944098312137966
836779,0.6804354122431452
836780,0.503035928574201
836781,0.6666189770027905
836782,0.7594137679335258
836783,0.23410335663424836
836784,0.8463404860019246
836785,0.4280946285481937
836786,0.635208314939622
836787,0.9999550683176271
836788,0.9543904407426429
836789,0.9999423401611209
836790,0.9011046525686881
836791,0.8625320086922528
836792,0.9999552435348287
836793,0.780101011307108
836794,0.0729959589420268
836795,0.838646139153022
836796,0.9235220069126141
836797,0.9999491246823675
836798,0.9997809313400097
836799,0.9925624703478291
836800,0.994199573254053
836801,0.45349896049419525
836802,0.06731797358171918
836803,0.9955844585387746
836804,0.9999686518756002
836805,0.9899765073629758
836806,0.17419482568485473
836807,0.818151592303668
836808,0.9999833080585117
836809,0.9994811917370453
836810,0.9964011910792014
836811,0.3444001273679234
836812,0.09208304573299697
836813,0.9999035309460031
836814,0.8105198931369749
836815,0.08076900493800103
836816,0.963130880965529
836817,0.25952064292097965
836818,0.9499405125265349
836819,0.42877315450790565
836820,0.9387691862412362
836821,0.9998319592791867
836822,0.997752388307285
836823,0.9996817061212363
836824,0.015164820188731805
836825,0.9977987882315597
836826,0.1192632562612922
836827,0.2740147801672248
836828,0.1994591351841406
836829,0.9999472966739005
836830,0.9995205857741868
836831,0.9945679945704988
836832,0.7770795460187753
836833,0.9996909758087822
836834,0.8454607722891322
836835,0.999583138909498
836836,0.037785955738782254
836837,0.9993731087920047
836838,0.9997274671586411
836839,0.9992901534736383
836840,0.7633652231821904
836841,0.6618836557906334
836842,0.02317984910717335
836843,0.03988128152229412
836844,0.9996434591123162
836845,0.9995157282545573
836846,0.31494895232497727
836847,0.2108793719955283
836848,0.35668412425714097
836849,0.019735556802061145
836850,0.01966741432654269
836851,0.9671261110237234
836852,0.9607306908638705
836853,0.15378703199014962
836854,0.9992142452769452
836855,0.9036012762475607
836856,0.5346393926823118
836857,0.03261207071596513
836858,0.9687442360311196
836859,0.9998510011124326
836860,0.9994866608955063
836861,0.23670924570431312
836862,0.9998762873926624
836863,0.8538271795604038
836864,0.9974009202940601
836865,0.21391056997114538
836866,0.9180464002205636
836867,0.9998995294956967
836868,0.9935743834290292
836869,0.9988914047756153
836870,0.9992635516690054
836871,0.9976596431184211
836872,0.9995313299638477
836873,0.9728382832809959
836874,0.0063931518100618975
836875,0.9983935245297829
836876,0.9830149958113242
836877,0.9999684380490301
836878,0.028994231974908784
836879,0.9906797338349826
836880,0.9975303686386244
836881,0.9985693865640991
836882,0.019494220139922774
836883,0.37438197925271394
836884,0.9999335750516319
836885,0.9996969466848364
836886,0.9096583029197406
836887,0.9999814823755736
836888,0.7778483030625198
836889,0.9999856913162514
836890,0.9999752156402459
836891,0.3044198379882823
836892,0.9999398550093446
836893,0.45591333875054996
836894,0.8897531204795984
836895,0.9672581168060713
836896,0.9998494654086372
836897,0.9694268685227223
836898,0.19219420722508246
836899,0.9991265857927704
836900,0.9999225649243415
836901,0.6480635668924979
836902,0.003794250015808383
836903,0.9997669555700983
836904,0.5623244085970778
836905,0.31531787810623646
836906,0.9997618975856083
836907,0.9294095695255544
836908,0.9998742332448254
836909,0.7267467469058824
836910,0.9997221110340186
836911,0.9998197000650813
836912,0.017699610091463036
836913,0.9994604999733485
836914,0.9924993856926051
836915,0.026234982843586493
836916,0.9998464356743031
836917,0.9993917839978257
836918,0.4701738257055341
836919,0.9896392545149375
836920,0.942920027732427
836921,0.036387818010120816
836922,0.4012204190173939
836923,0.6978657886083646
836924,0.9994585964087428
836925,0.9988655686816814
836926,0.9724076180836323
836927,0.9997800929331089
836928,0.9701199358280954
836929,0.9990520851345085
836930,0.3989136833848561
836931,0.9995357836165913
836932,0.3518015258419829
836933,0.4017963853652644
836934,0.9999186736507388
836935,0.9994502427829945
836936,0.3997526692379098
836937,0.9918762311645245
836938,0.5638174924649042
836939,0.8131674626942214
836940,0.7611143166896019
836941,0.5036898549505081
836942,0.984859222146269
836943,0.9853135363974801
836944,0.9998139480770087
836945,0.09826019287147118
836946,0.7448848287511902
836947,0.9479266168634647
836948,0.9431768005435639
836949,0.9994409262212741
836950,0.9116721143811283
836951,0.6701714862254208
836952,0.5431971869092459
836953,0.9061926276891842
836954,0.663983323848046
836955,0.9923892672901751
836956,0.3856706929528896
836957,0.9998263301295327
836958,0.01053719274981376
836959,0.9928115416474246
836960,0.948777269533871
836961,0.9651731450033127
836962,0.06559978120562394
836963,0.41407089855759094
836964,0.9992188701161845
836965,0.9997653288926885
836966,0.8238353960172968
836967,0.9271174540791656
836968,0.49229943593034475
836969,0.9998590056847843
836970,0.7387912951693374
836971,0.22636283754452116
836972,0.6943445830584513
836973,0.9985014889525105
836974,0.9997088957249626
836975,0.7915541621564186
836976,0.3708214882769907
836977,0.9236244132200109
836978,0.989803429954414
836979,0.9999193278453746
836980,0.3824838473329547
836981,0.104056277538042
836982,0.4541484231654482
836983,0.9903061630715793
836984,0.998134664190309
836985,0.03514295249619559
836986,0.21059258418702884
836987,0.007580508269926045
836988,0.9999500101737482
836989,0.9993413297463707
836990,0.29962918030445956
836991,0.05356328090926762
836992,0.8848527324665082
836993,0.9146867783508856
836994,0.9999857612465868
836995,0.8594739007422363
836996,0.9960918245103425
836997,0.9997392265799582
836998,0.20227944253494146
836999,0.6175456133066247
837000,0.9987231088318458
837001,0.9984259266350506
837002,0.9995587725259643
837003,0.925217671223793
837004,0.8501833036560607
837005,0.4583813529084103
837006,0.2248887308702264
837007,0.997087934345615
837008,0.2049281648407091
837009,0.629878710463319
837010,0.26238756515708667
837011,0.9916689528888281
837012,0.011134256738071125
837013,0.9999670507457032
837014,0.25922271668299085
837015,0.21712731557860782
837016,0.9998248603968298
837017,0.07340195018666498
837018,0.9241460447587388
837019,0.546420631112755
837020,0.9998006653192322
837021,0.9097249101630009
837022,0.08789280830767787
837023,0.20621684745328042
837024,0.9310293594392567
837025,0.1391491819175634
837026,0.9585823815562382
837027,0.8808795404983978
837028,0.999517342925052
837029,0.9997666806328136
837030,0.9653125158968718
837031,0.610579660212542
837032,0.46218446991645024
837033,0.9999681539314226
837034,0.9987245363849995
837035,0.9846298321181706
837036,0.82313541028961
837037,0.2457198415947922
837038,0.03472350882170178
837039,0.13515373511565923
837040,0.1122458910369952
837041,0.958127257121611
837042,0.7912859121817534
837043,0.7932701372215326
837044,0.917598503324451
837045,0.9989528399105703
837046,0.13627496918700926
837047,0.9973934422835693
837048,0.5594236120335602
837049,0.2776761241510566
837050,0.4815468088464197
837051,0.89970150753069
837052,0.9553691262709122
837053,0.9921042319399417
837054,0.4266246373871359
837055,0.9998165912558519
837056,0.3907472745524808
837057,0.5256557376855487
837058,0.9904360858429205
837059,0.8455029894954824
837060,0.9999628192624134
837061,0.9999751000850863
837062,0.7631907844995406
837063,0.2732492550294354
837064,0.20117650583560454
837065,0.027682892971306095
837066,0.9998439513028409
837067,0.2694254869174954
837068,0.94821765968513
837069,0.9986578288483771
837070,0.5343937257460296
837071,0.9889084856720254
837072,0.05304567091532343
837073,0.9669960352352633
837074,0.9942151876225156
837075,0.999762900517818
837076,0.17064423638377646
837077,0.09393373596897074
837078,0.9981421379495061
837079,0.3810615096067598
837080,0.9816177012203132
837081,0.06386419763959743
837082,0.4491206925473078
837083,0.7472199826714607
837084,0.9930542270273353
837085,0.9999737261991954
837086,0.8123866333767582
837087,0.058616788517199744
837088,0.9692445600202526
837089,0.9937462400994228
837090,0.0334912476393696
837091,0.11034046948856518
837092,0.5670763412718587
837093,0.9905669323589739
837094,0.3989272221186147
837095,0.9840199091274069
837096,0.2997121561821961
837097,0.9997784723374316
837098,0.07454950723606245
837099,0.7821071227061076
837100,0.8631026177721025
837101,0.8768622429713415
837102,0.9277137028435855
837103,0.7505788366434135
837104,0.49872460151648457
837105,0.869051411292747
837106,0.9981182391955509
837107,0.6354966341733576
837108,0.9998392205684458
837109,0.03088362267457002
837110,0.9996055173541493
837111,0.7432688315148214
837112,0.4007658906814915
837113,0.011379455083137298
837114,0.7097012374903501
837115,0.9999490734748782
837116,0.9999048159187542
837117,0.9998650697389044
837118,0.8721882971841424
837119,0.9412424914354993
837120,0.42416895334089044
837121,0.9992106881040146
837122,0.9684456541224455
837123,0.9964682853843183
837124,0.9995736836719018
837125,0.620315474511662
837126,0.8066559579454455
837127,0.02856151365849308
837128,0.9962316807392364
837129,0.9985664521013997
837130,0.06273404551204331
837131,0.9828117168918108
837132,0.998489894244792
837133,0.9991281525318115
837134,0.998429614194956
837135,0.9982111045852766
837136,0.9998558294127059
837137,0.05616633856636833
837138,0.47669428277295
837139,0.9998906087990571
837140,0.9977560489870401
837141,0.3564664101500957
837142,0.9998529496963056
837143,0.904222828261757
837144,0.9008549031372515
837145,0.9996171260832585
837146,0.19170021599903828
837147,0.9520637142846602
837148,0.9253555203192159
837149,0.9960513746488101
837150,0.7115397743904254
837151,0.9669785043227813
837152,0.9343738906765524
837153,0.9940460562729857
837154,0.8388757965364881
837155,0.02870388997735914
837156,0.24406109931281186
837157,0.9933494518391284
837158,0.06020058818325241
837159,0.005800007870886548
837160,0.35578822644710983
837161,0.4739656295670546
837162,0.99948228634957
837163,0.8624598280510274
837164,0.673031358756264
837165,0.8683815656959917
837166,0.4781169381879431
837167,0.6357876742961015
837168,0.14385996851340002
837169,0.999733396337703
837170,0.6827684276330327
837171,0.6844288400427363
837172,0.1270894274381226
837173,0.05072036204873181
837174,0.901445210506284
837175,0.9997695966046105
837176,0.9994278895382496
837177,0.48905423265651504
837178,0.46647821035634074
837179,0.8457133365306158
837180,0.40675546177339783
837181,0.7830811967026575
837182,0.006744120073495339
837183,0.9867552527706553
837184,0.0967281225005863
837185,0.9995433341967168
837186,0.9923575990039324
837187,0.03776369484239941
837188,0.9989653975281692
837189,0.9908942138156016
837190,0.9976464929331779
837191,0.3450571615746194
837192,0.7126091077283754
837193,0.48976662105478486
837194,0.9868203662150329
837195,0.9812787304942551
837196,0.7868582849794908
837197,0.3258463153235673
837198,0.9220434983895031
837199,0.9977915739484329
837200,0.9992853969671358
837201,0.005655966409121574
837202,0.7325621497912698
837203,0.4071137239639937
837204,0.9726771809752206
837205,0.9991379444711286
837206,0.9996063205951118
837207,0.027455644020104013
837208,0.9996566720831708
837209,0.7186253341966791
837210,0.9979651893784165
837211,0.029983119714984845
837212,0.832301376337711
837213,0.8895148670019288
837214,0.9476580568085679
837215,0.3148197934503481
837216,0.009545448604711166
837217,0.8437446487256364
837218,0.3389779173826145
837219,0.4360172754277496
837220,0.9998383265621738
837221,0.9996706172268865
837222,0.9996003965071082
837223,0.998596155416862
837224,0.20842905429383496
837225,0.9271640310526874
837226,0.996648072998907
837227,0.9605384373222889
837228,0.9988642221363963
837229,0.6632095097113351
837230,0.9999413196186655
837231,0.999655934524371
837232,0.00558797338619028
837233,0.9995475852689875
837234,0.9810034446073993
837235,0.9863763526601788
837236,0.9998718270637509
837237,0.8612028772351966
837238,0.901322295835008
837239,0.9999885030072424
837240,0.041965410001771966
837241,0.04183725492334652
837242,0.7385341593486454
837243,0.6992105257605123
837244,0.9999573685118758
837245,0.9991175779049588
837246,0.5821482209275428
837247,0.9999359089601975
837248,0.4909147697857488
837249,0.36365668580124255
837250,0.04164632042033478
837251,0.8271214551534105
837252,0.9978764072440205
837253,0.9998539014072905
837254,0.9998591951729412
837255,0.01758643451759548
837256,0.5986764207940106
837257,0.9999511800698448
837258,0.999883714722724
837259,0.9314429554551278
837260,0.6094076570910247
837261,0.9996303713866668
837262,0.9998909914407274
837263,0.7923272017911457
837264,0.025202615764161107
837265,0.6955182822141719
837266,0.9998380342553683
837267,0.04317236683083171
837268,0.1784084533877609
837269,0.9632832851374115
837270,0.4180535665920136
837271,0.7537253817466035
837272,0.03472766168047658
837273,0.6818650865528965
837274,0.24115937325053743
837275,0.3537532365018456
837276,0.6838600456131507
837277,0.41249772318240213
837278,0.6199312590064274
837279,0.9984595952346739
837280,0.9731307270213219
837281,0.1235599925540761
837282,0.2816224490451254
837283,0.990942626162983
837284,0.9991018123151926
837285,0.8273624345228922
837286,0.21679920260434773
837287,0.9997904603708135
837288,0.9996747138832909
837289,0.14233988694483546
837290,0.9995247651037431
837291,0.999465915119785
837292,0.9365387817164287
837293,0.16145466730259772
837294,0.9991779614909693
837295,0.9040164825466281
837296,0.9047436678543876
837297,0.9756639459053553
837298,0.8765337686378043
837299,0.9385030798200081
837300,0.25515763180001666
837301,0.30622582012393557
837302,0.9970973650151946
837303,0.9955902396885749
837304,0.9427615928887778
837305,0.9963517951118105
837306,0.896053997813236
837307,0.9547330932134928
837308,0.040217116043060386
837309,0.9999374250076732
837310,0.798867559453435
837311,0.5988767996114801
837312,0.29820186246043917
837313,0.8522910375943187
837314,0.41632900146865726
837315,0.3978219231641775
837316,0.9695588370738859
837317,0.31207911221258655
837318,0.4883399706737632
837319,0.9998770736714739
837320,0.05312319218424831
837321,0.9997775721835155
837322,0.9999548270899177
837323,0.9987929181458775
837324,0.9997133954137326
837325,0.9924350065872383
837326,0.022603592573659546
837327,0.6915782697442183
837328,0.12751865012758648
837329,0.9008281670310452
837330,0.9992669190458177
837331,0.9076786552363943
837332,0.3366799173571623
837333,0.14082059788017065
837334,0.6204593514816689
837335,0.8260346015287865
837336,0.9999146327422599
837337,0.5846087242407075
837338,0.9915853607862325
837339,0.5679998285283993
837340,0.9269845954896082
837341,0.9999130563826099
837342,0.24232054369700262
837343,0.927278813328998
837344,0.9213517286363028
837345,0.038385935157270575
837346,0.999946229837847
837347,0.8882531695276286
837348,0.9933264637665771
837349,0.9414752299771595
837350,0.23090108158983474
837351,0.9964155133811189
837352,0.9999202068799034
837353,0.6350375618147261
837354,0.9827958007012318
837355,0.9751313146242575
837356,0.9963292831731798
837357,0.9996919329453227
837358,0.9861344776581693
837359,0.9998094250826606
837360,0.9996746086924614
837361,0.8447046987778688
837362,0.6974235948420168
837363,0.5637768827163686
837364,0.1631873307715147
837365,0.9963363788977597
837366,0.8142851877419218
837367,0.9888599816976735
837368,0.9407185519128856
837369,0.35432477335229784
837370,0.9724071620621315
837371,0.681335817624908
837372,0.999722698971024
837373,0.14833294424203025
837374,0.9891892664443211
837375,0.9048651365676474
837376,0.008249855824363902
837377,0.9493324876054478
837378,0.9935607986017674
837379,0.9999241609899036
837380,0.679666345722805
837381,0.9973535952997701
837382,0.5116716290177079
837383,0.8283567337469431
837384,0.16985114977593768
837385,0.29772529518250085
837386,0.25561423860832433
837387,0.9249822490165707
837388,0.7579258720630349
837389,0.7262330731990042
837390,0.9988029459262796
837391,0.7282399329018934
837392,0.6866290199948882
837393,0.9971704056367953
837394,0.9996575266664712
837395,0.9649429548913938
837396,0.7931952043686525
837397,0.9966317713222097
837398,0.9380151393900094
837399,0.9180177460433667
837400,0.01970496159127409
837401,0.1893694729826101
837402,0.17652582722559576
837403,0.8147723342655433
837404,0.9997291372469592
837405,0.8879526563827369
837406,0.9566898479444423
837407,0.8257842584100672
837408,0.9921529858470901
837409,0.4642182123353441
837410,0.9990033529040295
837411,0.9012949705168727
837412,0.3033975456631789
837413,0.7348216840020293
837414,0.996014635062864
837415,0.9877186151690127
837416,0.999132147872271
837417,0.9189471518722294
837418,0.9958427489315598
837419,0.02292287818575342
837420,0.9843971100685298
837421,0.0434155349519145
837422,0.9998500950332387
837423,0.9448664325455018
837424,0.999887732849136
837425,0.9998135926196348
837426,0.9991718227231848
837427,0.9998484285105032
837428,0.1437247195434421
837429,0.9939680711212946
837430,0.6823044496040347
837431,0.9851108988371269
837432,0.9260923307872301
837433,0.5732800862569848
837434,0.7468088026516895
837435,0.017011439331817035
837436,0.9864273955377312
837437,0.9991776561369996
837438,0.9997467794184672
837439,0.999964878242709
837440,0.9639203580100548
837441,0.17194440424377094
837442,0.7421863306840562
837443,0.9998077386553118
837444,0.37593641917010223
837445,0.04635514042751971
837446,0.19485568736267445
837447,0.016896963797620446
837448,0.11964305417854564
837449,0.45092696587295394
837450,0.9999226674669413
837451,0.9995971869253414
837452,0.683978378890388
837453,0.9632637710797849
837454,0.1798054573393219
837455,0.009619731390646261
837456,0.9999039425506491
837457,0.29393060528973325
837458,0.7205912919470447
837459,0.9986931693612963
837460,0.0399576270281624
837461,0.3005756464178054
837462,0.9999585239638507
837463,0.9965835919198535
837464,0.885798652281287
837465,0.921327137196115
837466,0.9960490883217503
837467,0.9832122617401811
837468,0.962793650843869
837469,0.6519864700326846
837470,0.02354643304137338
837471,0.9998090288930317
837472,0.8718565676889551
837473,0.9989799024816476
837474,0.5165604823694685
837475,0.02707157955520606
837476,0.9972779672375044
837477,0.9998663518470208
837478,0.4434951034648452
837479,0.6871779099679902
837480,0.9993510956417972
837481,0.9999277030533794
837482,0.7340692989792663
837483,0.9845525213405025
837484,0.9992063368028734
837485,0.9974575196859641
837486,0.7092459125024844
837487,0.3301443458823061
837488,0.9547455395301725
837489,0.9996317657996767
837490,0.9998740382722553
837491,0.06327989612469695
837492,0.9996536540029392
837493,0.6636965070313537
837494,0.9923150397907408
837495,0.014250708242275728
837496,0.9940863665914769
837497,0.5479960742161882
837498,0.9998782460184141
837499,0.999405389507344
837500,0.9995947786577435
837501,0.532827145209694
837502,0.9887636088850102
837503,0.9935991851964483
837504,0.9912275907564205
837505,0.5834667441705533
837506,0.11736908269377566
837507,0.9977293982100593
837508,0.2626528487335079
837509,0.744827811792369
837510,0.4969038610125803
837511,0.16902063871861078
837512,0.9917882607463873
837513,0.9999375322640607
837514,0.999973180948801
837515,0.5042367664133985
837516,0.8446074024797439
837517,0.9411306987555363
837518,0.993837398779448
837519,0.5987818297404314
837520,0.2963986650925223
837521,0.9953128933783753
837522,0.9985402210688994
837523,0.9975649487749124
837524,0.7338785872455866
837525,0.9954335930905933
837526,0.7594299358172115
837527,0.11152627475826207
837528,0.9999108024826491
837529,0.9956916651535918
837530,0.9817603636721992
837531,0.05588596213400268
837532,0.8867513601103055
837533,0.9929580116791907
837534,0.7243331479647996
837535,0.6113814432031719
837536,0.5792478223445152
837537,0.9965454967980045
837538,0.092178039777748
837539,0.9574425884215589
837540,0.9997711668188284
837541,0.8225198513435843
837542,0.999917954823853
837543,0.765870645372412
837544,0.999763080869203
837545,0.7451913138900034
837546,0.9896806069456027
837547,0.9997755904837148
837548,0.998533924531435
837549,0.9989955764756198
837550,0.9999077521805706
837551,0.22196965444060676
837552,0.9993312929439292
837553,0.4578941475627978
837554,0.9980484504293909
837555,0.07480184723158154
837556,0.10428165507973636
837557,0.9981097374998822
837558,0.9998226415714413
837559,0.9992979552004635
837560,0.9843303254158079
837561,0.9369223520963721
837562,0.03072511880295022
837563,0.11908107886210255
837564,0.9999834762808195
837565,0.592880154087388
837566,0.14047124651551113
837567,0.4110723882711703
837568,0.9716861319388506
837569,0.08193725683844803
837570,0.7552841219902057
837571,0.5569695104208048
837572,0.01723602201745461
837573,0.525687622665523
837574,0.9998207576946747
837575,0.9736819897125505
837576,0.9959760832008706
837577,0.7764400733863038
837578,0.6872002776851907
837579,0.9999383057910595
837580,0.9979654972676264
837581,0.8082292994351966
837582,0.9999930339832441
837583,0.5628346571845537
837584,0.29538299673932394
837585,0.7471879742808162
837586,0.9972685924621243
837587,0.9288249583989538
837588,0.6143477043120682
837589,0.6716484488777505
837590,0.7161212257140832
837591,0.9466958530399485
837592,0.0791194291556261
837593,0.05088158714244442
837594,0.9154528580598627
837595,0.9998115839102992
837596,0.9697056280546263
837597,0.8394244825596568
837598,0.29018069979749944
837599,0.5398451158048736
837600,0.8878287976603227
837601,0.6055094396772527
837602,0.9830150534516293
837603,0.9377509855788271
837604,0.621998021917223
837605,0.43931591108776546
837606,0.035175669869365864
837607,0.7972059998880614
837608,0.9804930611171034
837609,0.9902093690078109
837610,0.9949619996533996
837611,0.11179026487662186
837612,0.9979957544200133
837613,0.9967016760488729
837614,0.6925615279641515
837615,0.3289050470501559
837616,0.6528939273998973
837617,0.5504881965623122
837618,0.7470360999766921
837619,0.9130768914237228
837620,0.5135248836316441
837621,0.9265324831830526
837622,0.17286775485121572
837623,0.567772095609774
837624,0.9846352809955781
837625,0.3978815109586762
837626,0.02873901533495713
837627,0.9999495384590338
837628,0.028720043615203028
837629,0.4013650632070275
837630,0.37371130004846714
837631,0.9999040000191459
837632,0.2821934538404036
837633,0.999856672932615
837634,0.9992154888133866
837635,0.9649484210930667
837636,0.030282014796756622
837637,0.5168328144256665
837638,0.5014266384195589
837639,0.9999054975589716
837640,0.9752934650564975
837641,0.9745383793316571
837642,0.9992484325339699
837643,0.9973703302184873
837644,0.004475190538807813
837645,0.9979170974100499
837646,0.0019816125090975486
837647,0.9969023695699175
837648,0.060166368297766865
837649,0.42632887019127297
837650,0.9509695363673465
837651,0.9889335100374146
837652,0.9988115151722112
837653,0.14848783526051879
837654,0.24581988449721995
837655,0.18172608308771385
837656,0.9995958536794254
837657,0.05897815475515867
837658,0.9917265893985029
837659,0.7877134465701461
837660,0.9989963144585047
837661,0.2653946378673807
837662,0.9485888202871213
837663,0.963324759508384
837664,0.599643272975457
837665,0.9837970373670807
837666,0.9994025719697286
837667,0.9984639147463629
837668,0.31701290363970236
837669,0.9996124668707678
837670,0.9999787153458177
837671,0.9993842295361653
837672,0.9967789180155247
837673,0.9681721162979188
837674,0.04534666281280111
837675,0.9431926401313173
837676,0.9446837972330181
837677,0.9754698372842121
837678,0.9564882554370152
837679,0.0575104994194081
837680,0.9995526337172108
837681,0.9964941759375594
837682,0.023570768086314878
837683,0.960827978406618
837684,0.9961759298791476
837685,0.0014621023748770503
837686,0.8669829226654643
837687,0.8528592961290749
837688,0.9998752960597177
837689,0.018811054157637078
837690,0.9161136479890645
837691,0.9545232889994187
837692,0.12572945681822725
837693,0.327578635369961
837694,0.9993627952585663
837695,0.9629590699297612
837696,0.9938095988508449
837697,0.07847817642457083
837698,0.860582476368432
837699,0.9365769815016278
837700,0.9605512732665056
837701,0.013193334802308103
837702,0.9932430389616509
837703,0.7243118730365702
837704,0.9999912014164225
837705,0.9964508309015787
837706,0.8484644674665198
837707,0.9964210809465408
837708,0.9999737274463821
837709,0.2388040219824815
837710,0.9999859864436713
837711,0.999701245559653
837712,0.9999390352792072
837713,0.9995903156569605
837714,0.9980625802096175
837715,0.9203040470992233
837716,0.6946672923356971
837717,0.9947262362050988
837718,0.009096828191626768
837719,0.5121179523669652
837720,0.9935130620874761
837721,0.03975866543929966
837722,0.9948868218952891
837723,0.013587383811476159
837724,0.7896589880101621
837725,0.06341353833450496
837726,0.05304944775184828
837727,0.027113860056666016
837728,0.9750723063906035
837729,0.9874929584044024
837730,0.999159454192476
837731,0.15950449107611755
837732,0.9952386999975376
837733,0.924526911456526
837734,0.551172689105703
837735,0.9933137615989716
837736,0.9916469534897172
837737,0.9454506444445904
837738,0.893608425204104
837739,0.7154953141956719
837740,0.010088541286223026
837741,0.016934229319796892
837742,0.03720393390377957
837743,0.03422209329046344
837744,0.8171282240120501
837745,0.9789959726231896
837746,0.9998152767050432
837747,0.9130766002168489
837748,0.014038652648504818
837749,0.9708968002515606
837750,0.009593089279171413
837751,0.9341915487094856
837752,0.0197907354536576
837753,0.9997362846878668
837754,0.9998882869041132
837755,0.9983761743053983
837756,0.3170433449271142
837757,0.7337119005279027
837758,0.7864238251795216
837759,0.9993738064485985
837760,0.9217325354351662
837761,0.8567390526083124
837762,0.8369655541127099
837763,0.9796913194408097
837764,0.9327625003488829
837765,0.9993802711515639
837766,0.9647556301813109
837767,0.3017830172568903
837768,0.9881792403127434
837769,0.6107135897054016
837770,0.4501086211481536
837771,0.999502556007088
837772,0.7082875475867705
837773,0.9997647815833697
837774,0.9994599683426232
837775,0.9775408158953212
837776,0.21963056435637346
837777,0.2322068089892239
837778,0.17953321181677245
837779,0.9931118993529995
837780,0.9999673351885827
837781,0.9605176219463181
837782,0.999716651424698
837783,0.9256645210422977
837784,0.623764940552162
837785,0.013922237897408166
837786,0.6696057644848474
837787,0.9993428902302162
837788,0.8860955030947104
837789,0.9999853861749946
837790,0.3996728074149972
837791,0.5893536952621901
837792,0.6429297081507509
837793,0.6714619770701182
837794,0.999802119238477
837795,0.48508921247655706
837796,0.1000138254333316
837797,0.9482070431902131
837798,0.027773984892628393
837799,0.03942145815495857
837800,0.9996557217319462
837801,0.9927343428136706
837802,0.9975968730811184
837803,0.12811473545507318
837804,0.04853675413929588
837805,0.08505409418248855
837806,0.7897671169112818
837807,0.7932315304062733
837808,0.18870746165896535
837809,0.8824289117877766
837810,0.9967919168166175
837811,0.014755592263923163
837812,0.2500453335116072
837813,0.8910329330742943
837814,0.9889770729507725
837815,0.993059198968616
837816,0.7427897233849708
837817,0.8973685310592914
837818,0.979937578544347
837819,0.02370127229041655
837820,0.05678882203520917
837821,0.9246395465487116
837822,0.12366382113094539
837823,0.06546931286541559
837824,0.9999952165356022
837825,0.9997343927273861
837826,0.14161229944999915
837827,0.8380027572711772
837828,0.9995480783398847
837829,0.9983206672752236
837830,0.9996284978271794
837831,0.9351545781736812
837832,0.8909624262204806
837833,0.9953717740590609
837834,0.7583538562469461
837835,0.9785944749065442
837836,0.9401988446584548
837837,0.9999323942009939
837838,0.9817461620339021
837839,0.9995547197480943
837840,0.875323016331889
837841,0.10174623299531518
837842,0.5768476728884249
837843,0.9504673260933421
837844,0.9984195094205157
837845,0.9995201185759406
837846,0.7531686147878345
837847,0.6947639681299651
837848,0.9178591754255834
837849,0.26023608463384873
837850,0.8941964182156474
837851,0.4077778079401202
837852,0.8339031449733549
837853,0.9983599200410699
837854,0.012357786598623775
837855,0.9992860299959241
837856,0.9982797821708635
837857,0.9463418034336403
837858,0.43502129341940143
837859,0.9957314869627162
837860,0.9996256956186351
837861,0.9756618424741116
837862,0.9997007483227887
837863,0.9872411122543074
837864,0.8688121437520693
837865,0.8821493443484975
837866,0.9998178213765117
837867,0.6471090704979114
837868,0.023095536634954464
837869,0.9965010868653237
837870,0.22164253947230925
837871,0.7072568629156814
837872,0.8577194414659
837873,0.21137063201930933
837874,0.9988029708056716
837875,0.4048995841356155
837876,0.10607062636709942
837877,0.016504542022334274
837878,0.9999213802250693
837879,0.9853446425972161
837880,0.9996976907789055
837881,0.9921765752220881
837882,0.9998806826712319
837883,0.5528036816306647
837884,0.5582630140927753
837885,0.8136924284989575
837886,0.019098098809673378
837887,0.8979652092548402
837888,0.9992539212753496
837889,0.9998528009738428
837890,0.7711698314636986
837891,0.058878966007545365
837892,0.05993198120428222
837893,0.9962183450265303
837894,0.998120022534358
837895,0.9060446857298252
837896,0.999814074815333
837897,0.9999397278059208
837898,0.9998177197328381
837899,0.7126429059145191
837900,0.8979684721941606
837901,0.9958411002536471
837902,0.8639997985534418
837903,0.9737557104154411
837904,0.06391595358409191
837905,0.5945098899280009
837906,0.6847824663977258
837907,0.007270481409598906
837908,0.7007092643413969
837909,0.6051433415730654
837910,0.9996542933882174
837911,0.9996238206657634
837912,0.9299224233001331
837913,0.9997320640113305
837914,0.44618962165737425
837915,0.016058825589057392
837916,0.9935932517323866
837917,0.9998050389703397
837918,0.7071348363390896
837919,0.9991395619285187
837920,0.9998660306377074
837921,0.9972727187561983
837922,0.02305317894041009
837923,0.9646488205783139
837924,0.5669272855272527
837925,0.24452121165559115
837926,0.09579496491837532
837927,0.48916895695524776
837928,0.9977835948483958
837929,0.08179185590349583
837930,0.19312411717958153
837931,0.9038937692079386
837932,0.7596164702851786
837933,0.9947267340953256
837934,0.7445570694801704
837935,0.036628288417406944
837936,0.5927747875527368
837937,0.9999242954580903
837938,0.8579635101450921
837939,0.439969256369502
837940,0.9962067499452874
837941,0.9231881394600605
837942,0.6053256859706602
837943,0.9982338140159494
837944,0.9900212174321927
837945,0.6392627188831832
837946,0.9973926438378693
837947,0.9998396228808202
837948,0.411548570517186
837949,0.03909423274784223
837950,0.4383275705129964
837951,0.9998656284958001
837952,0.923476386609615
837953,0.26847920668710235
837954,0.2758905158708692
837955,0.9070154868240607
837956,0.9982562178079037
837957,0.9999054274073407
837958,0.024423992242904646
837959,0.9883587107633988
837960,0.514360417392999
837961,0.9983414978761083
837962,0.99418361930703
837963,0.49375613224607295
837964,0.16468841238944962
837965,0.9997301820127842
837966,0.44779809828593176
837967,0.9838184972586242
837968,0.8994307724462435
837969,0.40563142876198055
837970,0.9998940449449252
837971,0.11130721815937912
837972,0.9956274487546474
837973,0.11090202116453268
837974,0.6877299476726083
837975,0.9792094619872558
837976,0.8198190139691754
837977,0.999969208020043
837978,0.9039532051190402
837979,0.9976623460303105
837980,0.9960978986406857
837981,0.19526586317658015
837982,0.007227345714312729
837983,0.999284655709862
837984,0.8010263682247907
837985,0.3097379157420159
837986,0.5656908610076194
837987,0.9825094900312218
837988,0.5933222372448816
837989,0.7971386175840818
837990,0.9881197858883157
837991,0.8693605155222228
837992,0.1091703320761894
837993,0.3564927466401896
837994,0.9999177632203347
837995,0.9998975322079321
837996,0.9897633020890302
837997,0.7092037190047893
837998,0.9865122748390069
837999,0.018363924842238116
838000,0.01477779725868146
838001,0.9998387016426991
838002,0.996687752094152
838003,0.6888837248788371
838004,0.999957840654512
838005,0.9854684937636565
838006,0.9999644481496914
838007,0.427023588066401
838008,0.6634711359702452
838009,0.5980085622844947
838010,0.8840875783619353
838011,0.28316976464627747
838012,0.9988999841975199
838013,0.9961571752015799
838014,0.9997637542200322
838015,0.8748528272473278
838016,0.08265986962054589
838017,0.9989938451905465
838018,0.6955011453243212
838019,0.9998767149915022
838020,0.462076622730473
838021,0.9538259857389699
838022,0.9916493653492295
838023,0.7813054976096612
838024,0.7088546389719528
838025,0.9886200851632696
838026,0.9985921741032028
838027,0.999968037424283
838028,0.9990622181296337
838029,0.7792628072543388
838030,0.9926797035544858
838031,0.0846317611589112
838032,0.9996892479614996
838033,0.6030045288730228
838034,0.3149018442544905
838035,0.08718836427926457
838036,0.9993135727379687
838037,0.999087221082569
838038,0.9741822058096723
838039,0.9966952547169516
838040,0.9999739774818587
838041,0.8256961411510111
838042,0.6662793036253544
838043,0.9588013757010108
838044,0.6473774168674034
838045,0.38881362392631147
838046,0.03588747688638468
838047,0.9998334572437966
838048,0.9939228341132962
838049,0.9931433142687202
838050,0.9835155999914621
838051,0.49299302548610513
838052,0.9916999017342437
838053,0.9998305104073525
838054,0.3711499953292434
838055,0.9943681118001619
838056,0.9993485606296945
838057,0.4417448140791963
838058,0.012029933939901965
838059,0.9999239288135403
838060,0.9943428194198014
838061,0.9987999364854292
838062,0.06835781098778407
838063,0.3322432973987851
838064,0.10149772384164696
838065,0.3852326724345315
838066,0.9979353592399637
838067,0.9401195511679619
838068,0.9999376822005135
838069,0.023027779942557114
838070,0.8267159228437659
838071,0.4841460288117432
838072,0.8997335991724679
838073,0.9832553363479006
838074,0.9999599361188813
838075,0.9366358466935873
838076,0.9935899124717347
838077,0.45658048060376377
838078,0.95168924398325
838079,0.9976762894058665
838080,0.9999660213112074
838081,0.9864407400734425
838082,0.9998618826805079
838083,0.9994656605320897
838084,0.9803858245350704
838085,0.8952928834340403
838086,0.9036218345564944
838087,0.9994918901608699
838088,0.3290003016777333
838089,0.998443157729432
838090,0.9996630525080541
838091,0.04711533443551556
838092,0.9998134751489418
838093,0.9826181494222218
838094,0.96088863591347
838095,0.396475652294516
838096,0.9799184339324029
838097,0.13202034283443567
838098,0.8769611851924388
838099,0.9997301766568727
838100,0.990229871160927
838101,0.2559290506929757
838102,0.9756589025276139
838103,0.9999778596952531
838104,0.9989982041561398
838105,0.8919617674187036
838106,0.9866305597268021
838107,0.9995753654313715
838108,0.10300050599372756
838109,0.21470912838457099
838110,0.43936832910854307
838111,0.9992365735226518
838112,0.5172060574965911
838113,0.05830597914486003
838114,0.9276271319606205
838115,0.34128524214462264
838116,0.9998011533259797
838117,0.7318710441053904
838118,0.9999151073475818
838119,0.6879692069243893
838120,0.9150664212778556
838121,0.999736234906188
838122,0.9997444237741974
838123,0.9999793152328096
838124,0.7468356437918646
838125,0.68820933589261
838126,0.9999808176232372
838127,0.9909363928560028
838128,0.9993104137875839
838129,0.6521685069663472
838130,0.7886242522761855
838131,0.9927269943638719
838132,0.9947413663062552
838133,0.10021813149230818
838134,0.9996310330234088
838135,0.9997880761156326
838136,0.9824095495187855
838137,0.9745643089244724
838138,0.9990588434952957
838139,0.9999208165553226
838140,0.9852662990122613
838141,0.9999851249921761
838142,0.6656458450049944
838143,0.8864859264033131
838144,0.10959796921545528
838145,0.9987343685564049
838146,0.12282072457200513
838147,0.2127534245801962
838148,0.997278326001789
838149,0.24275384739304406
838150,0.7508209181421708
838151,0.038221448530285924
838152,0.7421276111985142
838153,0.37000997726725815
838154,0.11768238505046641
838155,0.9992541427887234
838156,0.9991775568823686
838157,0.9998638254691881
838158,0.6791568506415383
838159,0.8930353856433835
838160,0.009320972283685692
838161,0.6079046012601321
838162,0.5243446805134038
838163,0.17279205736788528
838164,0.6992579356211523
838165,0.999606920154129
838166,0.3135679694906102
838167,0.9992766113936318
838168,0.6949533988612311
838169,0.9269346854681284
838170,0.9998148521574315
838171,0.2285520349623898
838172,0.9917470222030711
838173,0.14788598051287521
838174,0.9999791998575545
838175,0.9821460127475692
838176,0.6592498661165653
838177,0.9768245075088242
838178,0.9999311940698437
838179,0.9976414169323691
838180,0.9983307654754212
838181,0.1688320000478928
838182,0.9993758260460031
838183,0.6451046938261784
838184,0.999727091795466
838185,0.46193538977109017
838186,0.9998434575882659
838187,0.2773465854581997
838188,0.9999769529306038
838189,0.9674403886083263
838190,0.9350101737442283
838191,0.7655425067770395
838192,0.8987469021028384
838193,0.290864161816765
838194,0.9671749280641637
838195,0.8808970193666346
838196,0.8912799259030076
838197,0.9997246883130284
838198,0.997192265200523
838199,0.4128027599728494
838200,0.9956345824177432
838201,0.2338090757450453
838202,0.9928530359449526
838203,0.9910658496562247
838204,0.999684779352408
838205,0.00911671162985627
838206,0.985271157729905
838207,0.9999804370277333
838208,0.9965243734737701
838209,0.9708836579105438
838210,0.997741350836064
838211,0.9032255793860168
838212,0.07883774767365506
838213,0.9999228437693967
838214,0.7180999166309099
838215,0.9962303519667046
838216,0.05542195073499501
838217,0.5636817796771018
838218,0.9999647183659098
838219,0.9958451825128635
838220,0.0924689228672366
838221,0.9778033072701553
838222,0.9999316774492726
838223,0.9999065844160457
838224,0.9249702029015834
838225,0.9894414204594647
838226,0.06627628344649694
838227,0.03085818096674027
838228,0.9991855224420444
838229,0.4487620179113698
838230,0.9717760997073965
838231,0.5457337362941033
838232,0.9989017561510056
838233,0.039118816595958894
838234,0.9889246711008473
838235,0.9842423209795246
838236,0.9990872714225938
838237,0.9998056418002947
838238,0.9889399122136987
838239,0.8859051046377358
838240,0.6952218433741391
838241,0.21551423002455228
838242,0.9987143501030886
838243,0.8892369046246636
838244,0.5859756321341466
838245,0.133690838607389
838246,0.16169944595693106
838247,0.9976944539299258
838248,0.5147581581870534
838249,0.19468058437173452
838250,0.9930064635740106
838251,0.9958771778722848
838252,0.9594690509145629
838253,0.34122958510101703
838254,0.5861047260702437
838255,0.7586126085180351
838256,0.03706436815824227
838257,0.2105288079730918
838258,0.9957179909324363
838259,0.9801556113161563
838260,0.2442771650880122
838261,0.9980151541234104
838262,0.9999404958966236
838263,0.9996172943603054
838264,0.9365227566253733
838265,0.997041194069556
838266,0.810597970753079
838267,0.9960738838714528
838268,0.9792179263870364
838269,0.4072024185940055
838270,0.9953341055692744
838271,0.273692813062578
838272,0.9997359624745128
838273,0.9995624735691115
838274,0.8069571074779176
838275,0.1673634565338759
838276,0.9192426787047623
838277,0.9969695673176482
838278,0.04768118741247152
838279,0.19768339545539315
838280,0.9990886432542413
838281,0.8900226711818588
838282,0.9958282561211078
838283,0.968889303737698
838284,0.12567901238450369
838285,0.08587813647271982
838286,0.9997587188172785
838287,0.592910550504895
838288,0.9040150513846679
838289,0.40542045763255574
838290,0.07507961185754247
838291,0.28667382739492053
838292,0.45378319043657517
838293,0.13965726793179753
838294,0.6007879404261167
838295,0.3072506154760717
838296,0.8783059543016112
838297,0.011182864677402538
838298,0.9643295074943959
838299,0.12433393606942078
838300,0.6090770839797889
838301,0.9933605978756217
838302,0.9984604735628795
838303,0.7885703722336188
838304,0.6456852272708473
838305,0.4914856990582052
838306,0.9965641976923711
838307,0.734834319998607
838308,0.9999341243646038
838309,0.9998507066311922
838310,0.7073730791256676
838311,0.9995304241031566
838312,0.9832799179206007
838313,0.9999737812514096
838314,0.5113633048157733
838315,0.9998584305884614
838316,0.09605195832607753
838317,0.9986757992666855
838318,0.07223913290150953
838319,0.9999425153218848
838320,0.9805331807289295
838321,0.9721356149977776
838322,0.999979255820305
838323,0.9798333828560454
838324,0.10020462159267511
838325,0.9561514053551174
838326,0.9999768284176478
838327,0.9997644440453972
838328,0.9986088083437961
838329,0.8306649553475114
838330,0.9997649758795766
838331,0.01979263987226941
838332,0.9774066390935168
838333,0.9947001551701196
838334,0.9998640025721657
838335,0.994236964101455
838336,0.04683720889947921
838337,0.024675864610243844
838338,0.7707298580432357
838339,0.9999048912843557
838340,0.981330841067997
838341,0.07680131449168319
838342,0.9947101041211015
838343,0.9847700777145008
838344,0.9828399674135545
838345,0.017445891525516365
838346,0.9998442032394926
838347,0.8758977694064782
838348,0.6872427922413035
838349,0.9980814023771516
838350,0.06836466228880217
838351,0.10857578330232079
838352,0.040194295635958714
838353,0.9315273215950248
838354,0.4777385406055375
838355,0.6319368520110324
838356,0.9990766139109624
838357,0.16460839652980117
838358,0.04065836811552667
838359,0.009328140830627251
838360,0.9998623912389824
838361,0.9997990067695386
838362,0.9927066014576563
838363,0.9995776722914529
838364,0.5863048036565884
838365,0.4687241782505005
838366,0.9747789106125726
838367,0.9916413114457576
838368,0.9998401182558891
838369,0.4471325227243909
838370,0.2328815402918653
838371,0.6564677308166341
838372,0.9992759924692225
838373,0.8314434827099039
838374,0.982609107623673
838375,0.49548036480668123
838376,0.4081251128251038
838377,0.9997379150809783
838378,0.9992940999327757
838379,0.9561687871467413
838380,0.42586784719491366
838381,0.007225138187848297
838382,0.877868849956386
838383,0.8512400872245909
838384,0.6619644942138871
838385,0.9998460425502089
838386,0.9541691448202412
838387,0.9987050601478962
838388,0.9954754057628539
838389,0.9909145317958372
838390,0.9980110382700833
838391,0.9999459426214614
838392,0.4723119833327528
838393,0.032982652156248134
838394,0.999202477336874
838395,0.8674374282779383
838396,0.9106664970170931
838397,0.9999357390530381
838398,0.8483752296677138
838399,0.555225571437806
838400,0.03258336943451877
838401,0.9987369128875332
838402,0.9991413253957793
838403,0.9980149899029154
838404,0.9782889515007795
838405,0.9927521868806075
838406,0.9649340606030201
838407,0.5183783043620416
838408,0.29081557504808525
838409,0.45925876442856406
838410,0.8033836387120414
838411,0.9986332438315404
838412,0.9997135059899145
838413,0.6227018318671858
838414,0.9986254463501744
838415,0.25489553660747194
838416,0.9167362931193324
838417,0.023868425089395715
838418,0.9989769950315641
838419,0.8141753177399449
838420,0.6193982075746735
838421,0.6690545940807942
838422,0.7737986898039266
838423,0.17908434543893367
838424,0.7936001340883694
838425,0.8747470870517171
838426,0.35860448126040445
838427,0.9996771713433845
838428,0.9999119368836826
838429,0.030516277683173713
838430,0.9155956112860252
838431,0.21926759509887297
838432,0.927499322927521
838433,0.94164009174459
838434,0.9934075921511463
838435,0.7573294799037871
838436,0.9988983025023868
838437,0.918192858911584
838438,0.008941092316971648
838439,0.9997363038117466
838440,0.5201126555691018
838441,0.049377939582290586
838442,0.9693550327059437
838443,0.979215170889261
838444,0.9998530276737756
838445,0.032605493133758275
838446,0.9999813239924794
838447,0.9562552706990621
838448,0.6425605180557802
838449,0.9990340689297627
838450,0.7539272612671266
838451,0.999059291946425
838452,0.015224098737133516
838453,0.9766351937440447
838454,0.39919133102203197
838455,0.8276826982838109
838456,0.9916712036458484
838457,0.1312671379416022
838458,0.9846727213867298
838459,0.8173853000731834
838460,0.9989371135158738
838461,0.07010455038918623
838462,0.9997679211076702
838463,0.0031771922088273796
838464,0.5299772921435737
838465,0.31210083721984083
838466,0.9995369936064096
838467,0.9936114842072865
838468,0.10376646325365022
838469,0.9988136617525984
838470,0.3076588830665149
838471,0.8816057876335626
838472,0.9981290530892069
838473,0.8846928223670005
838474,0.999766742269845
838475,0.9134221050778268
838476,0.6625708659848152
838477,0.13417238866981415
838478,0.9975161009294828
838479,0.8971084108837777
838480,0.9980880670778253
838481,0.013069256056850283
838482,0.9999605017338982
838483,0.7606949429550118
838484,0.8908993549864369
838485,0.9867024799090364
838486,0.9964936695594389
838487,0.5983104461302107
838488,0.9991339868878777
838489,0.030823966799184102
838490,0.6724733682322646
838491,0.03508559047243734
838492,0.6840150682353419
838493,0.6494079921548868
838494,0.3495438418173258
838495,0.39165556050990247
838496,0.9942923457898347
838497,0.9998410607344032
838498,0.9935673648204578
838499,0.7136976394971555
838500,0.6422224729575227
838501,0.8995229284804448
838502,0.6358825674987981
838503,0.993446370502323
838504,0.9998126433412537
838505,0.9999738017089429
838506,0.9989030675809647
838507,0.20227505833498705
838508,0.9994453738707003
838509,0.9998371303564155
838510,0.6498141932893133
838511,0.9992099865289638
838512,0.07397409305830183
838513,0.455823897102694
838514,0.12238968245506153
838515,0.09124618772171617
838516,0.2519299080281978
838517,0.648319592573546
838518,0.9999790158065336
838519,0.9914372018990731
838520,0.9997990033897561
838521,0.9918044609307755
838522,0.498441395724284
838523,0.962309450909274
838524,0.9996961650539806
838525,0.8221277964479766
838526,0.8379363771171917
838527,0.700242368759824
838528,0.020348717109083914
838529,0.030566772432579083
838530,0.9996493007603138
838531,0.005229591756178225
838532,0.8558288980948141
838533,0.04010720879400582
838534,0.9999846554628481
838535,0.9999603218143056
838536,0.15893261999419864
838537,0.9882353352338934
838538,0.1404009367763621
838539,0.9995144544848684
838540,0.9998653659184996
838541,0.9999254160430564
838542,0.8561421277788157
838543,0.9838229268785621
838544,0.9227919723605369
838545,0.8402554113112892
838546,0.9728937895898211
838547,0.8905029493870247
838548,0.9936736438127389
838549,0.9998672628875338
838550,0.17805078092782098
838551,0.052085931484922035
838552,0.9998251688471238
838553,0.974504575832064
838554,0.9985898774004645
838555,0.005569326219999097
838556,0.2993467181056638
838557,0.18447364563214363
838558,0.8895362061474963
838559,0.9989529482621057
838560,0.984329313390467
838561,0.053403602733400404
838562,0.9999931915624998
838563,0.9008166789530058
838564,0.9338964533969241
838565,0.20043915095140566
838566,0.9996372191186951
838567,0.5796838810346437
838568,0.2820497695794689
838569,0.9956766799229964
838570,0.9944724121917241
838571,0.76485173083913
838572,0.9995828373786518
838573,0.9998497443346503
838574,0.9927011592953108
838575,0.24610608951338733
838576,0.7271412963037454
838577,0.9996025614985942
838578,0.7364930302231669
838579,0.8637171361655325
838580,0.14926815860596784
838581,0.9946896006775982
838582,0.010185748348416172
838583,0.10584289192389898
838584,0.5171332414390173
838585,0.7154592502495646
838586,0.9999178461388462
838587,0.668810526503713
838588,0.418112159105678
838589,0.9996623523465674
838590,0.9999639550236289
838591,0.9118113253944959
838592,0.16741039586672096
838593,0.11647240223110139
838594,0.15354322218384708
838595,0.9760984217075075
838596,0.9998562195985943
838597,0.934821823271971
838598,0.7783245201850468
838599,0.9988761155427102
838600,0.9998892961510033
838601,0.9704865448900943
838602,0.6743210303728335
838603,0.9999794629103858
838604,0.9890395832988653
838605,0.038088156970411124
838606,0.7388802760961023
838607,0.02136666370715002
838608,0.9940142328834456
838609,0.9995961681919383
838610,0.017000812113026925
838611,0.9998250749404043
838612,0.427904549756265
838613,0.1816915356449555
838614,0.012401767315742319
838615,0.7849106095801812
838616,0.9969581136978306
838617,0.9999509620624665
838618,0.9999882384791459
838619,0.2002450424534118
838620,0.9998569020653774
838621,0.9998542293853061
838622,0.842369894048846
838623,0.15769134437766608
838624,0.675195719857726
838625,0.9820481588766219
838626,0.999646904990693
838627,0.9996605765294211
838628,0.8598028152422537
838629,0.7628769160343225
838630,0.43569437605930206
838631,0.9994013464944016
838632,0.035043294963223476
838633,0.009061263418855676
838634,0.9785247939178523
838635,0.8513294835622596
838636,0.9959594683008886
838637,0.9980694466951588
838638,0.9710613665162126
838639,0.3661371681285225
838640,0.14116684319929712
838641,0.9999232472757177
838642,0.9831313856919673
838643,0.9966570310920893
838644,0.9853340706026938
838645,0.04596908902491034
838646,0.8725606728421252
838647,0.13979700779518328
838648,0.22456200741258753
838649,0.9999061383535213
838650,0.9730105281737605
838651,0.022967137711165386
838652,0.9999257150948384
838653,0.9745780571480724
838654,0.9973999284351491
838655,0.9999467942446946
838656,0.9999519415011172
838657,0.9854399225829695
838658,0.9211607436308737
838659,0.9558233381757991
838660,0.9944488071004834
838661,0.08113773820539535
838662,0.9913930395556116
838663,0.044322612991409355
838664,0.9962367617778181
838665,0.8046202197394634
838666,0.7351387620966812
838667,0.9780736553876928
838668,0.9883445789166005
838669,0.2998083220298978
838670,0.9998890487447112
838671,0.149944709082045
838672,0.5422208022966131
838673,0.32949417263690983
838674,0.9999807185622084
838675,0.5207055808108105
838676,0.9825517134441948
838677,0.997342672244532
838678,0.9999371444688298
838679,0.9997345203895563
838680,0.8663648234845551
838681,0.38265171705452483
838682,0.9940669821466079
838683,0.9738376106239159
838684,0.5913656438014824
838685,0.963873324707193
838686,0.8034201724742767
838687,0.9999680364398965
838688,0.020199154062877006
838689,0.9998964968681666
838690,0.20094361033942876
838691,0.9994869421317539
838692,0.9880428223274783
838693,0.9962590971275853
838694,0.6320060921023087
838695,0.999902323022971
838696,0.6936863365636482
838697,0.9840393763314526
838698,0.9936996162168055
838699,0.998094167576977
838700,0.9999893332814352
838701,0.9993687162976329
838702,0.1687832299986542
838703,0.9992600854182903
838704,0.999637103292504
838705,0.9862943532201986
838706,0.09857115595350299
838707,0.3087144192063346
838708,0.6500037974172905
838709,0.5569085117179777
838710,0.9997447980432872
838711,0.8462789345707952
838712,0.9999108070386036
838713,0.9986508502993083
838714,0.9192261561974711
838715,0.9772593562209078
838716,0.9729341727976863
838717,0.9746236854986373
838718,0.999890297589039
838719,0.9998593659314456
838720,0.9898884938440043
838721,0.4393653935066415
838722,0.99232972408112
838723,0.06036221856414334
838724,0.9287386596511538
838725,0.25345883987768114
838726,0.99999103290584
838727,0.9997631181578139
838728,0.4408014739909897
838729,0.015419916085628753
838730,0.9115508489678553
838731,0.07742736916305536
838732,0.9997955246603599
838733,0.03522738026713404
838734,0.9999239302872169
838735,0.9807367245437524
838736,0.9930746951173703
838737,0.3979842810159431
838738,0.9990351700632885
838739,0.9975871331570105
838740,0.7157408919849649
838741,0.6092831510559185
838742,0.015997893971687337
838743,0.04364432219089357
838744,0.8721683084465861
838745,0.974914969236143
838746,0.9926872976760566
838747,0.3113131740044263
838748,0.18109721163496123
838749,0.05987206779241746
838750,0.8932101295767173
838751,0.9845372209843983
838752,0.04246356961285102
838753,0.9997872791710021
838754,0.9995578788602828
838755,0.2892572462450993
838756,0.9806352619523073
838757,0.999665834175807
838758,0.9999718244911135
838759,0.09535155480827776
838760,0.9998863894795136
838761,0.9998451395398185
838762,0.9995140275914283
838763,0.461542239179131
838764,0.45330186017977075
838765,0.9288421964832632
838766,0.9966777818521911
838767,0.9964671048804308
838768,0.5724647248599795
838769,0.9919853825911191
838770,0.23030844406267265
838771,0.9960073215752576
838772,0.9994071585223236
838773,0.9985630528500744
838774,0.733493510706664
838775,0.10609202945810839
838776,0.9983107399950286
838777,0.9996009872906708
838778,0.04215824730704511
838779,0.9985773214499412
838780,0.3904487166279945
838781,0.177645406103453
838782,0.9997238111413167
838783,0.9720478812912507
838784,0.9985258848884736
838785,0.9981423593753445
838786,0.9891182599497744
838787,0.917803125401158
838788,0.9999760265472746
838789,0.9998748296521913
838790,0.40922828703108705
838791,0.9993628826502416
838792,0.996510418947568
838793,0.9998660385681246
838794,0.9829156692605443
838795,0.9821193297104995
838796,0.9780764537519491
838797,0.9997175314230918
838798,0.9997841456471745
838799,0.20919258681011332
838800,0.999566425900008
838801,0.9989070646142709
838802,0.09003737345177232
838803,0.9997009794911444
838804,0.5818506836030302
838805,0.09081323251380236
838806,0.9976603019115338
838807,0.6407180962677836
838808,0.9997444616940063
838809,0.41022580371015677
838810,0.008806992561435217
838811,0.9925936780550885
838812,0.38122861308802086
838813,0.16349209792731384
838814,0.8649615948249096
838815,0.9997219607567693
838816,0.80670905921573
838817,0.9975802525488837
838818,0.07825848105757297
838819,0.4397597137522527
838820,0.2148684667257539
838821,0.9231881009193807
838822,0.47974670220145477
838823,0.9996085051513306
838824,0.9999817647365168
838825,0.984492937475407
838826,0.9978318549258215
838827,0.5785788519744657
838828,0.9998722691116231
838829,0.9964909445558885
838830,0.05688468205990238
838831,0.9896618755654454
838832,0.35765503631104456
838833,0.9989958019322456
838834,0.5752125002004956
838835,0.34234694058158543
838836,0.9998973499221
838837,0.9909529574817263
838838,0.9997699880941355
838839,0.9999927595865337
838840,0.9990712340223531
838841,0.912755405465066
838842,0.7449403885526118
838843,0.24004427164732123
838844,0.9660772440506429
838845,0.9935169368802608
838846,0.6164120319103978
838847,0.9881139963851066
838848,0.06457758257294312
838849,0.8023027989466527
838850,0.9326225100197052
838851,0.3035534059993571
838852,0.9982741060014131
838853,0.4330731195044067
838854,0.510082775874175
838855,0.9959468665596193
838856,0.9986192110987355
838857,0.9999112798478011
838858,0.4052895635630757
838859,0.7081009279354445
838860,0.9993525195186086
838861,0.6378896144606933
838862,0.032549183099001296
838863,0.9801993803068291
838864,0.006902624617741846
838865,0.6408679873873343
838866,0.1731117667549247
838867,0.9996643651189898
838868,0.37590028299500094
838869,0.9998809803391777
838870,0.9996845527782326
838871,0.9999024567616205
838872,0.03196853048196215
838873,0.9901650272407729
838874,0.8395545606518238
838875,0.8648100390646114
838876,0.9999806237170619
838877,0.9997802958190372
838878,0.905058428646208
838879,0.046313528748480395
838880,0.9999450692882316
838881,0.9958791811583181
838882,0.9281999125693493
838883,0.6336189822812024
838884,0.9983784380535636
838885,0.9055157231676975
838886,0.8912490524440172
838887,0.9996493340521415
838888,0.9998065511992931
838889,0.16345554601089235
838890,0.17591335804918956
838891,0.2604505351489831
838892,0.1718662813792614
838893,0.4594609426517017
838894,0.2071986082429367
838895,0.420081920086594
838896,0.8788150617106825
838897,0.36512609799867746
838898,0.9999768980943384
838899,0.044387328831427715
838900,0.9923215881532725
838901,0.7200473965895622
838902,0.9997981935995184
838903,0.40115101719308066
838904,0.9990207614608942
838905,0.9972756027674796
838906,0.10690049805725625
838907,0.9993135033536009
838908,0.03313576571582129
838909,0.7757749797489277
838910,0.9736711806351331
838911,0.13282210041012601
838912,0.9398925890673764
838913,0.9968524113542143
838914,0.9986926209820133
838915,0.940357371897067
838916,0.9998590334173918
838917,0.9593686787540967
838918,0.999644696651969
838919,0.9940674326475026
838920,0.999840258887964
838921,0.9994765652741104
838922,0.9992003044625319
838923,0.9999100647108394
838924,0.6551130926890892
838925,0.9996509557569195
838926,0.688878147628959
838927,0.08334459936785353
838928,0.999740004595743
838929,0.9845908938099889
838930,0.9999491118432752
838931,0.3567220873033904
838932,0.041483369660415846
838933,0.017456885977099178
838934,0.020009565603571856
838935,0.998013106815192
838936,0.9745788794361651
838937,0.06851387134213437
838938,0.7101157667264858
838939,0.7308180411952171
838940,0.9998187378568353
838941,0.8844401570160847
838942,0.04729363470320968
838943,0.10435711844473981
838944,0.6034042775483438
838945,0.14241847498247345
838946,0.944349332088912
838947,0.6381131194073765
838948,0.7518768267021028
838949,0.9998631314326432
838950,0.01964961186601246
838951,0.9926423819990997
838952,0.9993657061414485
838953,0.9984172633626608
838954,0.8731678393881823
838955,0.9877064053874354
838956,0.9957687315077584
838957,0.003559043639096888
838958,0.5188923437850503
838959,0.9706496442261523
838960,0.9938076275747189
838961,0.9445343896856825
838962,0.7427256330263593
838963,0.9987158743163727
838964,0.27677212664394113
838965,0.8324741056283255
838966,0.9911552994256912
838967,0.9999214355547869
838968,0.8922547912675284
838969,0.9203023032561113
838970,0.9915865515273831
838971,0.20497656655409086
838972,0.9983258457335382
838973,0.5973137769941902
838974,0.997693095848913
838975,0.9926575637756488
838976,0.8648726549948702
838977,0.9884256731528049
838978,0.3646265027178399
838979,0.9999565925053882
838980,0.9995058323653471
838981,0.4245847001890767
838982,0.9987575788761578
838983,0.9479901961673418
838984,0.9869865383316714
838985,0.7198331450747804
838986,0.17143625812546662
838987,0.33750933034654396
838988,0.9488245353999166
838989,0.9537523747381725
838990,0.9998772020493301
838991,0.04033963329455386
838992,0.0021994710245079423
838993,0.11120044267845344
838994,0.9996683484842964
838995,0.8930411011004409
838996,0.9788885233429381
838997,0.9992850753968183
838998,0.4639026898822741
838999,0.8919564944519061
839000,0.07884070736988952
839001,0.9695400259614064
839002,0.03854797109056744
839003,0.03208562505843526
839004,0.9981272288829122
839005,0.0995565144265885
839006,0.3137648544259102
839007,0.9965434836005327
839008,0.06424199222500884
839009,0.7657071767864796
839010,0.11377337701797097
839011,0.1473493983934145
839012,0.9991094782308712
839013,0.9928904178473559
839014,0.9572976546803326
839015,0.9852582293269246
839016,0.01946669595733871
839017,0.999673275302523
839018,0.9412903030786888
839019,0.9883516610175623
839020,0.9671278323954302
839021,0.9741002487529089
839022,0.9994373027421031
839023,0.3377456937388509
839024,0.999345096096709
839025,0.9999067779403354
839026,0.9998429318249956
839027,0.09566707005433556
839028,0.7421867903122839
839029,0.6001428588606104
839030,0.11373440826695551
839031,0.8105125178976664
839032,0.9999679934538463
839033,0.9997720224844505
839034,0.9893490666586566
839035,0.03555124855033953
839036,0.9999570243755953
839037,0.1900608203312948
839038,0.013971566830127072
839039,0.9994966111337165
839040,0.989148358794112
839041,0.3939526232945616
839042,0.9302723216135886
839043,0.6022247214398915
839044,0.9967506283483438
839045,0.8354619421451
839046,0.8636022777791823
839047,0.9927752827568623
839048,0.21884034340384367
839049,0.9921924061644133
839050,0.9999540445445098
839051,0.14472310873132282
839052,0.08151880498072518
839053,0.9576011589577689
839054,0.021974346818741067
839055,0.09985964839259681
839056,0.05813451249907647
839057,0.9736118631428797
839058,0.9955123176343208
839059,0.9997880332321099
839060,0.9990301164218842
839061,0.9982735702397155
839062,0.5276881064491664
839063,0.5084330705497405
839064,0.9997104400939003
839065,0.9973586899128146
839066,0.7790810549364617
839067,0.999187814606141
839068,0.8250452332363146
839069,0.9995395073225272
839070,0.9871423284859298
839071,0.2940130062657259
839072,0.9990944714025085
839073,0.412150961039236
839074,0.9174525827310747
839075,0.09104131010014467
839076,0.34145610225807965
839077,0.04685520138073575
839078,0.9128843519511192
839079,0.6179484721651394
839080,0.4601042827360373
839081,0.8937526784375649
839082,0.9997764887078651
839083,0.741393175976206
839084,0.05579274415523129
839085,0.8513769340183039
839086,0.9966384034806997
839087,0.7957366221836218
839088,0.8731564931564874
839089,0.4335587335484088
839090,0.5878863790440434
839091,0.9992822773358556
839092,0.6152793613200951
839093,0.9998613434495965
839094,0.9791873179105951
839095,0.9999231784402614
839096,0.9881889966820443
839097,0.9709821034227863
839098,0.8614459436275844
839099,0.6075368360262604
839100,0.6834038164348617
839101,0.7485556993845343
839102,0.9624277554301559
839103,0.047155998581846534
839104,0.9850817395741097
839105,0.9999099266941787
839106,0.45653698854973856
839107,0.9997671402041324
839108,0.7633909050891244
839109,0.8931229955198113
839110,0.7824147643018493
839111,0.08986251294958397
839112,0.9318140683709782
839113,0.999649101893266
839114,0.0037362586380851456
839115,0.3606780614418575
839116,0.1974493532891325
839117,0.9999091373132384
839118,0.6188781503736376
839119,0.10778472365829729
839120,0.917356680041245
839121,0.9337198251258109
839122,0.25638243640459435
839123,0.9334238628967158
839124,0.9984790371570116
839125,0.14769516010944048
839126,0.007300154556292135
839127,0.5431967619412577
839128,0.9995529309482103
839129,0.9938835906925179
839130,0.6299049221991088
839131,0.9999805033187507
839132,0.025820195999371465
839133,0.9993864497438217
839134,0.04560605162320869
839135,0.9450925755028551
839136,0.6642579399819777
839137,0.03645249429402826
839138,0.012598101948669449
839139,0.9803357700246133
839140,0.999092299956325
839141,0.03213244536793028
839142,0.018973467278134017
839143,0.14717977245209973
839144,0.9949331113677933
839145,0.999757270270842
839146,0.9998145747328102
839147,0.9998589297784259
839148,0.995731702319358
839149,0.24925718183441387
839150,0.9999239399208348
839151,0.2672742717339991
839152,0.9989640352380633
839153,0.9583835762154229
839154,0.0550587311696623
839155,0.4257992665542033
839156,0.9989812256477923
839157,0.6133457774299887
839158,0.9670447980380739
839159,0.5097802853508743
839160,0.048510372736545286
839161,0.9731035308122489
839162,0.22802734344790085
839163,0.9879191085854307
839164,0.9991818711394465
839165,0.9238690736821928
839166,0.999933154032434
839167,0.34584294435379415
839168,0.8965954317199749
839169,0.4791312282627729
839170,0.012179667325737309
839171,0.9446848935866379
839172,0.9996251730090113
839173,0.6728224346798596
839174,0.9998972894001084
839175,0.9990644783204972
839176,0.2672633064669834
839177,0.6617836749542549
839178,0.9997584877528249
839179,0.9556141760625769
839180,0.1904456072938021
839181,0.8885941317598092
839182,0.9995920010575272
839183,0.9989024756119406
839184,0.9999465371076858
839185,0.038674038193613446
839186,0.9959470990691908
839187,0.748286303172182
839188,0.3338765661165411
839189,0.04283757754946185
839190,0.9984042049524473
839191,0.9937578711940919
839192,0.9974014063993482
839193,0.14099999171515856
839194,0.9968983863118271
839195,0.9946294592653117
839196,0.9976124715590895
839197,0.9999554660030656
839198,0.48727206986513316
839199,0.997743996932726
839200,0.4125554233760094
839201,0.9999684489720653
839202,0.9902952700318005
839203,0.05497792240677957
839204,0.2525544893345409
839205,0.7841240213457674
839206,0.893689731980291
839207,0.999287640256512
839208,0.9958562675862774
839209,0.18237316373451334
839210,0.675980460582699
839211,0.30422647372005635
839212,0.8778403184041101
839213,0.9998227506403088
839214,0.9999556914216944
839215,0.9988884207921618
839216,0.9955194798594212
839217,0.9996728981708215
839218,0.999967187736048
839219,0.983231172625354
839220,0.9998654309563373
839221,0.951015795222758
839222,0.994072996371923
839223,0.059893577333681995
839224,0.005221584777772295
839225,0.9500046527260564
839226,0.43093484498685886
839227,0.32044484835343845
839228,0.7569482912781025
839229,0.31907438547151573
839230,0.9990012414745695
839231,0.9894468478656824
839232,0.21941138118527215
839233,0.933947764299947
839234,0.982549590537136
839235,0.9990726531340899
839236,0.14211050608533243
839237,0.9992741648892234
839238,0.8483342522845203
839239,0.6447151321568715
839240,0.8039438921313918
839241,0.24737209460892529
839242,0.9968403843619573
839243,0.5951792776168588
839244,0.8426230433533779
839245,0.17725800927006785
839246,0.9344683758307974
839247,0.9995684494311667
839248,0.8990409983498985
839249,0.9261341716470832
839250,0.8958492306000561
839251,0.7603626479510983
839252,0.5536364977317174
839253,0.999907458830887
839254,0.06839693423091536
839255,0.9970289908815357
839256,0.029097754997693168
839257,0.9827904053357958
839258,0.9953708014661033
839259,0.9987531628670923
839260,0.07235250443483307
839261,0.37663352671651307
839262,0.994560596003325
839263,0.767461660231215
839264,0.9868863692782179
839265,0.9527713425258209
839266,0.8085040746565277
839267,0.9995194469338253
839268,0.002958949142709079
839269,0.017285881533211648
839270,0.29210651452178615
839271,0.6680349540713763
839272,0.9997005337504624
839273,0.9994783332326145
839274,0.0067879515795118755
839275,0.9999074614273542
839276,0.9983500147117716
839277,0.4962401669224601
839278,0.4226705296172075
839279,0.997530246538622
839280,0.9206955754398312
839281,0.03400127115313548
839282,0.999967410396851
839283,0.7979413384520025
839284,0.9992746165012567
839285,0.04052707270794732
839286,0.18411407946130373
839287,0.056764585999218346
839288,0.990402332952199
839289,0.29899668244602673
839290,0.4558375931315194
839291,0.9999455344253749
839292,0.9970515937754811
839293,0.9684367348960832
839294,0.44683415589941017
839295,0.6535453402919871
839296,0.9008941118442542
839297,0.9983397698732348
839298,0.9362545104066458
839299,0.6753548900995395
839300,0.9942252703620957
839301,0.6544723147308187
839302,0.7539870538415049
839303,0.9928517923579012
839304,0.9998086522263139
839305,0.13137656901179284
839306,0.29793012260774654
839307,0.6472013215318917
839308,0.9992121552949859
839309,0.09174566633969447
839310,0.8168952355970702
839311,0.6589927351699729
839312,0.8118240017083073
839313,0.7747164717868308
839314,0.7299976041471155
839315,0.06521593813606757
839316,0.9999833191575579
839317,0.996516534045147
839318,0.9995172733562665
839319,0.9997707757380423
839320,0.6584089510673308
839321,0.999870626651726
839322,0.3215108029696596
839323,0.6594362260218537
839324,0.9996627184243589
839325,0.4780506396819536
839326,0.961169851623676
839327,0.716553380077998
839328,0.8256343853989692
839329,0.5086398876560172
839330,0.025568153438880158
839331,0.9910568325858093
839332,0.06893105832877686
839333,0.43469966558633233
839334,0.9186897721552105
839335,0.9976956733740782
839336,0.9986233335189834
839337,0.5671032324310454
839338,0.9996760465704279
839339,0.16300359749465515
839340,0.9996498098651249
839341,0.054524555982977244
839342,0.8164159067359965
839343,0.9999325393633012
839344,0.7033896167509547
839345,0.9994013793511379
839346,0.2363353856625477
839347,0.001970395317625953
839348,0.27807870421664865
839349,0.9998065795644149
839350,0.3613746579239325
839351,0.7912865143067053
839352,0.01037856221579135
839353,0.8813487444673598
839354,0.9956575490161212
839355,0.9998016938998862
839356,0.9992719009309289
839357,0.9982899860911504
839358,0.9993811492827609
839359,0.9821483110994177
839360,0.9704236321778541
839361,0.9908800958983512
839362,0.9942557269352033
839363,0.9999437398045059
839364,0.882600311297174
839365,0.21207835519907492
839366,0.5311159760190053
839367,0.9992141512451218
839368,0.9349719653537051
839369,0.039190606558661044
839370,0.2738254169675579
839371,0.4490557655148316
839372,0.6425232877380882
839373,0.9995575756019257
839374,0.9894565765208476
839375,0.9997285292193008
839376,0.09940874004096134
839377,0.6974524112261258
839378,0.6760361266159172
839379,0.9986263270634538
839380,0.9893319213307565
839381,0.42220226654230864
839382,0.5451366874470165
839383,0.9997989692577063
839384,0.9994531218071461
839385,0.040445142910414456
839386,0.945644847446008
839387,0.9973991911483271
839388,0.993606904023303
839389,0.9998312882377244
839390,0.0026173925302259045
839391,0.9998012321317381
839392,0.26018264146262443
839393,0.4500945270065166
839394,0.9992350649322987
839395,0.8449916581468835
839396,0.9715824914801798
839397,0.19940625912320473
839398,0.9999683585415358
839399,0.8654112953698805
839400,0.9205516671876612
839401,0.4589535037186507
839402,0.621924293770123
839403,0.9996139701051723
839404,0.7948050563024343
839405,0.8998358174211858
839406,0.9449452759345452
839407,0.995826503229487
839408,0.9429538181806248
839409,0.7649053791922859
839410,0.9591633663229979
839411,0.9996362070887838
839412,0.9528059783119323
839413,0.2134555222339265
839414,0.931620481350925
839415,0.9926366395909272
839416,0.9995103647052668
839417,0.8832956639949454
839418,0.040298028171565525
839419,0.1458076383150777
839420,0.999610418067201
839421,0.9973509245563319
839422,0.22968084297291036
839423,0.9913361636786853
839424,0.0502022494837106
839425,0.9993998155386397
839426,0.9424855027594945
839427,0.9452424393099805
839428,0.002465280788912966
839429,0.24611613188791615
839430,0.7892957761235502
839431,0.8159070524622405
839432,0.06125677216107034
839433,0.005521352580648174
839434,0.045994903128019876
839435,0.6191634754188823
839436,0.07251356226003056
839437,0.688967835616582
839438,0.9993096431440665
839439,0.3817265277484073
839440,0.9999899744505734
839441,0.8158635320551024
839442,0.25832912229836913
839443,0.9980885873711849
839444,0.028034879556089472
839445,0.9976884503622094
839446,0.6634649376711801
839447,0.8918443678451873
839448,0.5523304370274663
839449,0.0729253669218072
839450,0.9993076343985099
839451,0.9995402724302263
839452,0.9989950941736622
839453,0.9970395240847155
839454,0.6200341260211707
839455,0.24333267102216777
839456,0.9999551953441184
839457,0.9653860898143918
839458,0.055609461825348
839459,0.23386137487423553
839460,0.9987956939860579
839461,0.9900333857549553
839462,0.9993721191966879
839463,0.3486389348134897
839464,0.9397830684049132
839465,0.98334971317641
839466,0.9116962181824647
839467,0.9970375338889237
839468,0.9996726797948985
839469,0.9926301292369129
839470,0.9980704553695774
839471,0.8966161392749863
839472,0.7510110277260171
839473,0.03452543691232382
839474,0.3475092557899228
839475,0.9940820659864816
839476,0.997761998345873
839477,0.9940527622988848
839478,0.22389208670208988
839479,0.997617486760543
839480,0.993152073105791
839481,0.26132138630516794
839482,0.003780735083193474
839483,0.04757570168748541
839484,0.9978615094985979
839485,0.9977931314815468
839486,0.6101567270690521
839487,0.9999661150599229
839488,0.9997757745752631
839489,0.9814299368329402
839490,0.631938097334472
839491,0.9994964287784553
839492,0.03685460551753651
839493,0.997450578868533
839494,0.004879328485190303
839495,0.6827742417622924
839496,0.9998634599296647
839497,0.9945833002456388
839498,0.9994615218206062
839499,0.9430243558817577
839500,0.06404563517335927
839501,0.9952820583557953
839502,0.9997518697041206
839503,0.9412228119406502
839504,0.5413549901278779
839505,0.7182745265005369
839506,0.5821444503824871
839507,0.8105063701123171
839508,0.013274297770691253
839509,0.16486986941064946
839510,0.998013009090079
839511,0.01703550008341035
839512,0.7792881707072102
839513,0.04132112609749443
839514,0.061642646138724555
839515,0.620846856190568
839516,0.9082845753217048
839517,0.9987214433165468
839518,0.26897766390585526
839519,0.999788454836539
839520,0.8745810287646528
839521,0.9988124781397387
839522,0.9518656034497825
839523,0.07203548930515451
839524,0.9945858099639551
839525,0.28123671847364684
839526,0.8096688773649678
839527,0.07408368750110883
839528,0.8540189656793886
839529,0.9999124674035307
839530,0.9999044614735466
839531,0.16057615923455248
839532,0.35235688148156047
839533,0.8050274423803749
839534,0.6443046394673176
839535,0.9988314989486152
839536,0.9650877177087205
839537,0.9905276946140632
839538,0.9443343561930916
839539,0.01696086676957424
839540,0.6813689055037813
839541,0.9450421302876972
839542,0.99998435978026
839543,0.5205162407455017
839544,0.7036187103367494
839545,0.061483024979267234
839546,0.9999695019780466
839547,0.9604963902304695
839548,0.02763443935541103
839549,0.9488876441571792
839550,0.5473778698422922
839551,0.0699952278104249
839552,0.09868903468694133
839553,0.07197142099444905
839554,0.9452633795333765
839555,0.9245134163475455
839556,0.7609305920082305
839557,0.2398980497864202
839558,0.9971163195458483
839559,0.8052469228996197
839560,0.41865023443059063
839561,0.9996780914517273
839562,0.9998374609569378
839563,0.9998390177981846
839564,0.9990497296884564
839565,0.9999615974237119
839566,0.9385252004152969
839567,0.9932133740119856
839568,0.932039460613622
839569,0.9994205804075316
839570,0.9624023301167244
839571,0.8905026170902539
839572,0.39883984839164205
839573,0.9957510123983877
839574,0.986021316957352
839575,0.9993997743926308
839576,0.9123307949843031
839577,0.6991788588571122
839578,0.8184253817550526
839579,0.9989564020315309
839580,0.9996917633139677
839581,0.5041765921022178
839582,0.7228929955501383
839583,0.867178286337722
839584,0.8775354559074033
839585,0.9958824844103035
839586,0.9998027525779167
839587,0.8252218341665639
839588,0.047953937982022035
839589,0.24815162670756977
839590,0.9998289864826708
839591,0.026826848557116634
839592,0.9926698940630816
839593,0.9997325901604918
839594,0.26921348604664036
839595,0.9986990528611606
839596,0.5056406477194776
839597,0.971612136939898
839598,0.9374373233495107
839599,0.9560761164841998
839600,0.9863380171086018
839601,0.9845457457547837
839602,0.41131051426776566
839603,0.9999585442971588
839604,0.9987666988814026
839605,0.8512351052785029
839606,0.91670362340265
839607,0.997214721004251
839608,0.9999042830299185
839609,0.14384170409450717
839610,0.807708336127412
839611,0.30083441626003593
839612,0.4719085186674102
839613,0.08442880333754291
839614,0.7411687332993812
839615,0.37229348570912524
839616,0.002614226937172835
839617,0.9763958657454082
839618,0.03548664792313469
839619,0.7913716632943002
839620,0.9999134487682251
839621,0.9883966184568138
839622,0.28641962983571334
839623,0.9998635201875385
839624,0.9934117348806724
839625,0.4081590098797958
839626,0.9999020764801999
839627,0.9661346393132157
839628,0.8069619046914848
839629,0.6994528252688498
839630,0.9928731746495623
839631,0.9735035992654568
839632,0.5383600620322322
839633,0.9404232995682588
839634,0.9998914496349129
839635,0.0780906648626634
839636,0.8541042058830424
839637,0.7091980038587825
839638,0.9999161339808033
839639,0.9866382474294202
839640,0.028593777892805088
839641,0.966340709080566
839642,0.004298689029518191
839643,0.999590369780161
839644,0.008398302150793752
839645,0.5731306357300076
839646,0.9998635100425735
839647,0.9867479768497002
839648,0.9575775632466488
839649,0.7096766487354816
839650,0.014200870143582251
839651,0.9882204544030753
839652,0.9993995189134381
839653,0.3673552494333835
839654,0.9984231125642254
839655,0.9998707191822352
839656,0.9999266816408481
839657,0.9986300929932065
839658,0.03125000665566389
839659,0.5900423138847732
839660,0.2979451851176504
839661,0.16396050132154688
839662,0.9968085478911752
839663,0.6188141901300287
839664,0.9997964353910973
839665,0.9998907995662119
839666,0.06167869879858852
839667,0.9999408899278301
839668,0.5470194603031672
839669,0.37273861810923603
839670,0.9998819184178934
839671,0.9853950260336923
839672,0.9998502707190908
839673,0.7690091399743496
839674,0.5876762230353682
839675,0.9997327622312411
839676,0.026235595835356573
839677,0.9999665127778947
839678,0.9995025710322992
839679,0.9934527229077121
839680,0.9995927713006992
839681,0.9999762598085583
839682,0.9552667231004428
839683,0.37746324308154294
839684,0.9982380296154404
839685,0.2960273503359269
839686,0.999975554838807
839687,0.09876086560396619
839688,0.2223574074428679
839689,0.9822975277971009
839690,0.7114532614565489
839691,0.6651355517889135
839692,0.8465648551495984
839693,0.9926656406309702
839694,0.9991211542040634
839695,0.9998723742831859
839696,0.9968299904953946
839697,0.9966429438670712
839698,0.14853239471503782
839699,0.8315771687371337
839700,0.045227831421215954
839701,0.9973173371822391
839702,0.9992664885711118
839703,0.9998951187897409
839704,0.7589015430854662
839705,0.9997966582033494
839706,0.06952821548419459
839707,0.2308453624356394
839708,0.8946982035393014
839709,0.9961059050902208
839710,0.9999776495215535
839711,0.14647150850005747
839712,0.9999635649097504
839713,0.7146910347439108
839714,0.999968644237033
839715,0.993150779970682
839716,0.27539388887603156
839717,0.8609844965099097
839718,0.007177238666259175
839719,0.8118008209053545
839720,0.9914846396105974
839721,0.759884775289711
839722,0.9973767131928223
839723,0.3539173267818663
839724,0.8817679334164714
839725,0.486074645550952
839726,0.9464069050183773
839727,0.1727093661502921
839728,0.32419040443079333
839729,0.9228620357796408
839730,0.9837517938213549
839731,0.9854683907462718
839732,0.9974658982834419
839733,0.9997956051419048
839734,0.9975681629585216
839735,0.9995878103361732
839736,0.9996054438531776
839737,0.5199012720792124
839738,0.034181362149216334
839739,0.6558926396332143
839740,0.9992955579650888
839741,0.5283304905837798
839742,0.6955140120732419
839743,0.8740636234028586
839744,0.009982080289758428
839745,0.9995276599767032
839746,0.6984206751633065
839747,0.08066645508889606
839748,0.8545467655370513
839749,0.9898787598936996
839750,0.06470416637684193
839751,0.975088439397152
839752,0.9220144572164762
839753,0.8934275055872689
839754,0.03917334579051841
839755,0.9150026719242109
839756,0.7299284347589292
839757,0.7902884558631048
839758,0.9999628802014099
839759,0.998537798023794
839760,0.10087753195727397
839761,0.044084055625366214
839762,0.9948183068782814
839763,0.040693860068743155
839764,0.9998675742362797
839765,0.9999712817402227
839766,0.9245753656373843
839767,0.9998359195086053
839768,0.9960482711618401
839769,0.9957237975207922
839770,0.9965879997741574
839771,0.9999950955509664
839772,0.9881744412109736
839773,0.05284255210616128
839774,0.9999583104077281
839775,0.03258652938569622
839776,0.9999677522233739
839777,0.7582564297508927
839778,0.9986881461564419
839779,0.7748649397833693
839780,0.5624345410667538
839781,0.28506663315752917
839782,0.9522913482783715
839783,0.9933785061254379
839784,0.9968996699825812
839785,0.3201926842876084
839786,0.9213545887099168
839787,0.9999104109712726
839788,0.9793244290329525
839789,0.9034153073000064
839790,0.4365878687475463
839791,0.5448163352673837
839792,0.9991446529180716
839793,0.9998625010859292
839794,0.03537911071760971
839795,0.9999809463537894
839796,0.08772975903245356
839797,0.999068835342347
839798,0.9964563733040025
839799,0.999005237309266
839800,0.900296891174964
839801,0.5199150358860246
839802,0.9998372671400703
839803,0.9998442016580265
839804,0.9999375729696502
839805,0.8051506119747083
839806,0.006219107476429531
839807,0.48389483987047416
839808,0.9994163171069953
839809,0.768864814652471
839810,0.5524713423299842
839811,0.9163054765747626
839812,0.6733159915829253
839813,0.25902833779458534
839814,0.5257118309725203
839815,0.9954263547498969
839816,0.2787279896012147
839817,0.9682560632033425
839818,0.9961437117239105
839819,0.0813744213236416
839820,0.997664777292582
839821,0.9963639344389095
839822,0.999914251507515
839823,0.9999120585894739
839824,0.6276087016119094
839825,0.9927980879525078
839826,0.9998750613605929
839827,0.9999773821906005
839828,0.46124471509143616
839829,0.575733214493454
839830,0.32615912775258926
839831,0.004542858302953154
839832,0.05509713744175754
839833,0.4228603811963795
839834,0.9068725639174704
839835,0.22231451387624654
839836,0.009448687850536775
839837,0.9999258712369049
839838,0.9999370533578336
839839,0.7764682937562521
839840,0.9997795038414328
839841,0.9998030714296234
839842,0.9928408785683005
839843,0.9747532362786763
839844,0.9996861807778405
839845,0.4736520660766963
839846,0.9998947772944435
839847,0.9762442423766975
839848,0.9999941360221374
839849,0.9990383193587071
839850,0.7850341709724359
839851,0.87931147977256
839852,0.9416963232263638
839853,0.969245104557939
839854,0.22568572455495783
839855,0.9946939862559291
839856,0.9997895479375307
839857,0.9980943718021964
839858,0.19980367863400655
839859,0.030611454867681253
839860,0.7568615027471145
839861,0.0720629719214449
839862,0.809767761716284
839863,0.012552888368652863
839864,0.9892461958524162
839865,0.7994455984144843
839866,0.09347004538309708
839867,0.8296945881556685
839868,0.9961636264358954
839869,0.9998758475218148
839870,0.6559116542883408
839871,0.5741662039881991
839872,0.9994932958253715
839873,0.3070369989391835
839874,0.9926416315943865
839875,0.00199051816693661
839876,0.9908969988575456
839877,0.8306675859540376
839878,0.9996693404946279
839879,0.9127617135313677
839880,0.9962520753774495
839881,0.9993923226622552
839882,0.7845083749582275
839883,0.997618932010793
839884,0.9903653369971063
839885,0.9730298278818174
839886,0.9993426981116976
839887,0.28587589706289157
839888,0.255126752850113
839889,0.13458769478684365
839890,0.49028141885058024
839891,0.8990567309370516
839892,0.9978816399890311
839893,0.5350254473046575
839894,0.9975713454052553
839895,0.8974052350470887
839896,0.9994557823022048
839897,0.9986890710609639
839898,0.2095686766384012
839899,0.5742654380124755
839900,0.9938081381971524
839901,0.962059156839035
839902,0.4023754592173796
839903,0.20303612700221035
839904,0.09524535049343692
839905,0.8796772362658057
839906,0.9996818936046488
839907,0.9995429274182195
839908,0.8242464943780476
839909,0.9999751703510436
839910,0.5093374250304405
839911,0.9815337214383482
839912,0.9750335833992587
839913,0.9989141791947851
839914,0.7127507249613413
839915,0.9881316875646706
839916,0.96842252917216
839917,0.9989793306334813
839918,0.835010915263894
839919,0.2757825046603258
839920,0.9933707418428614
839921,0.4975135105476607
839922,0.9999741526393979
839923,0.3493813203950234
839924,0.9991525562628106
839925,0.11809119290271773
839926,0.757293930505177
839927,0.9998529731743121
839928,0.6896357063881084
839929,0.8306386166497752
839930,0.9276148123991724
839931,0.9985945813362591
839932,0.5053179203227975
839933,0.6305677686262389
839934,0.9996891095138367
839935,0.9920872504402121
839936,0.9998653145709702
839937,0.6154982963936437
839938,0.9216108368187343
839939,0.7867081357955218
839940,0.9993325383088565
839941,0.9998907668109138
839942,0.15814522815319937
839943,0.9960269208627753
839944,0.03447597649917282
839945,0.7226420568303813
839946,0.9784482686465934
839947,0.3632695305924112
839948,0.5087726485465118
839949,0.9821479578899466
839950,0.6283799751429091
839951,0.9996009877078985
839952,0.9961497734086735
839953,0.9998734972328396
839954,0.8591346033567999
839955,0.9999380921964798
839956,0.07788533511007122
839957,0.8975536818204144
839958,0.004862063156167627
839959,0.9998306932725892
839960,0.8473913079432225
839961,0.77857972905671
839962,0.9825502548745306
839963,0.9998287120194757
839964,0.1521192770169115
839965,0.9991882732934794
839966,0.553777689816432
839967,0.9828817991580316
839968,0.0051366714213324435
839969,0.9998647463955459
839970,0.9696413463563129
839971,0.9992637571751392
839972,0.39287272566142317
839973,0.9754196065156528
839974,0.990538672377384
839975,0.9992784916365088
839976,0.07356497855886922
839977,0.9095423329623293
839978,0.9998598695342692
839979,0.9991630454174267
839980,0.9943625725567216
839981,0.022504856457671158
839982,0.9998580287114758
839983,0.9999383654027556
839984,0.9979884449941729
839985,0.9800650598239572
839986,0.522724058243911
839987,0.26673475050607653
839988,0.9999100811219669
839989,0.182087242130684
839990,0.998836681767338
839991,0.20257508228891663
839992,0.9900708149967543
839993,0.44664501301974857
839994,0.9962971539106319
839995,0.9999907214465495
839996,0.9989189288828136
839997,0.47377232355482035
839998,0.9994566063156972
839999,0.9998145322251425
840000,0.9784592211306322
840001,0.8071674695666085
840002,0.004009230090202355
840003,0.5232270541398388
840004,0.004904418911251832
840005,0.2842305249085508
840006,0.9996423305905994
840007,0.99971509138829
840008,0.849095063962616
840009,0.7768181501905236
840010,0.945160724405924
840011,0.9970809965804566
840012,0.706300220453888
840013,0.5262548697800422
840014,0.6037762066676927
840015,0.8231590280574036
840016,0.8950133246763456
840017,0.961424578459616
840018,0.9977733306701627
840019,0.06133834462047675
840020,0.9999580667812422
840021,0.8864741363872463
840022,0.9564089897680068
840023,0.9966079479866576
840024,0.8355814811784285
840025,0.4176669793420448
840026,0.9959519890078742
840027,0.9993916876252955
840028,0.9990192848410193
840029,0.9999029214889168
840030,0.7626713282204836
840031,0.99935447338248
840032,0.02579626204179412
840033,0.020225594238796676
840034,0.9994381579840073
840035,0.9959976884847046
840036,0.060765979280010235
840037,0.9803711256398718
840038,0.9330032388188576
840039,0.9997041815942787
840040,0.9998060649407516
840041,0.9564984520083382
840042,0.9996473700885257
840043,0.5760983173519434
840044,0.9750211702003935
840045,0.9838708143503054
840046,0.7202166164710184
840047,0.999982930450805
840048,0.9999919033106284
840049,0.9971508592683981
840050,0.49451501489707883
840051,0.8264933349005744
840052,0.31587355962081765
840053,0.9997632632087381
840054,0.9998467451476133
840055,0.9943916396684906
840056,0.9945682178934786
840057,0.993563065526939
840058,0.9997462867135738
840059,0.9983787609117565
840060,0.9973692981218227
840061,0.9628925342743087
840062,0.8111319201973167
840063,0.9997780146924441
840064,0.9999800364346145
840065,0.9999012198906216
840066,0.029718168952076365
840067,0.6597158920186967
840068,0.9472292160959666
840069,0.9787819777993911
840070,0.9996779441601644
840071,0.967802713261392
840072,0.9999486606415234
840073,0.9986165706937249
840074,0.872685519932526
840075,0.103231513550847
840076,0.02269216199955302
840077,0.9996427675417465
840078,0.9999903611421623
840079,0.9999844007326946
840080,0.3190494042587922
840081,0.10466434192922576
840082,0.9995738422133993
840083,0.4878337179756562
840084,0.9163705212651698
840085,0.3714534364870065
840086,0.9993404641906345
840087,0.998314689126363
840088,0.02490307714979352
840089,0.9983105262725314
840090,0.9921560525044579
840091,0.8940719247695961
840092,0.9747388679288962
840093,0.9997413581144745
840094,0.9992057547101417
840095,0.9999637343982188
840096,0.9792205914922425
840097,0.8277073309399343
840098,0.9998628013381177
840099,0.9991460383999251
840100,0.13514120316727424
840101,0.9987746083211275
840102,0.9331923157679707
840103,0.9853902853495189
840104,0.3600930201583378
840105,0.9996959061077804
840106,0.03614331532523871
840107,0.6334320640017865
840108,0.9999445664499856
840109,0.25661910481604566
840110,0.9743685684577766
840111,0.9997228355754115
840112,0.5518892250160572
840113,0.7892077141223233
840114,0.7825450640418112
840115,0.9890050145019633
840116,0.9893090852738164
840117,0.8921015749364163
840118,0.999947519674205
840119,0.10371004634935603
840120,0.9997149367005722
840121,0.6481604083931709
840122,0.8458181803370941
840123,0.993006028748368
840124,0.9990954339924665
840125,0.0041952231428555595
840126,0.9925883908725827
840127,0.9999724804830525
840128,0.9742519287981612
840129,0.9997310681876844
840130,0.6840855892619673
840131,0.992254268018876
840132,0.041717426906494805
840133,0.9978367060197366
840134,0.16631765279288901
840135,0.03791183855239828
840136,0.6285932523615401
840137,0.007917275508751296
840138,0.9977114293877991
840139,0.31955333887442483
840140,0.4134329184337979
840141,0.038772035054934186
840142,0.9356944187480696
840143,0.9984843217732717
840144,0.9070818371329622
840145,0.9998598492198889
840146,0.8887448570895731
840147,0.04108098575809495
840148,0.7727402368879555
840149,0.008366553457228084
840150,0.9943627755393116
840151,0.910714062170624
840152,0.9998953651606199
840153,0.9996869391010661
840154,0.9996052982367152
840155,0.08349789471073521
840156,0.9992215287358244
840157,0.9256553681900884
840158,0.9996117257999793
840159,0.998989289830349
840160,0.9999304267314715
840161,0.9998452283306001
840162,0.005691676282022998
840163,0.39699668368558827
840164,0.9991783211491723
840165,0.999915620218373
840166,0.9997748127349192
840167,0.9809427798661043
840168,0.9997056273423567
840169,0.9202012356236692
840170,0.6866534556054109
840171,0.9663984267619974
840172,0.5207134336129917
840173,0.19077114886293914
840174,0.015940758422279384
840175,0.027422028122317574
840176,0.6708652103914959
840177,0.9570350384899036
840178,0.9993501973872309
840179,0.08547982419652414
840180,0.7785484621971921
840181,0.9786435630149106
840182,0.3531368105473427
840183,0.9999472166165562
840184,0.20953312538242796
840185,0.9997706127301071
840186,0.9993976763731873
840187,0.9769547903350444
840188,0.41631432384896727
840189,0.1371126983305197
840190,0.9996308993023123
840191,0.8504101489189264
840192,0.7944412111765331
840193,0.27556918673586905
840194,0.999585634398014
840195,0.9151488635962814
840196,0.9858333199141733
840197,0.7302386083050718
840198,0.17760339855421003
840199,0.05069327533064445
840200,0.9997955606862732
840201,0.9999539185243844
840202,0.11181650866362952
840203,0.9995875851912557
840204,0.5513563290691681
840205,0.19712823419284065
840206,0.9739672142076823
840207,0.943912487044584
840208,0.0182465191021123
840209,0.3784883548814395
840210,0.9853862399578566
840211,0.563504604811969
840212,0.5836276212512479
840213,0.055088645152969594
840214,0.9999057579871065
840215,0.91343765410811
840216,0.17650768380449827
840217,0.9991137863921581
840218,0.08434658772604178
840219,0.9216351104092395
840220,0.9997729682266769
840221,0.997183869063335
840222,0.8969936605098625
840223,0.14703898886099798
840224,0.9996198816139297
840225,0.968114158594416
840226,0.9985114635170114
840227,0.9893881103995745
840228,0.14101531089612648
840229,0.9978361418189391
840230,0.9998598883093703
840231,0.9912973417556885
840232,0.2669455448269059
840233,0.7312701001703836
840234,0.9999870561031651
840235,0.5080125654962037
840236,0.4287840250785204
840237,0.9983395914822775
840238,0.996364585440896
840239,0.9988844099434955
840240,0.7671708102899067
840241,0.03408164289731894
840242,0.6201497164295109
840243,0.023690613526438937
840244,0.39378194166302116
840245,0.9996290928845372
840246,0.7697489855168681
840247,0.998974565822156
840248,0.9969417186549083
840249,0.3912285379014627
840250,0.45902171432132355
840251,0.3437872140451548
840252,0.9998479707768462
840253,0.9998864098911993
840254,0.8543304603878765
840255,0.9928154142720617
840256,0.017242209760930938
840257,0.44021932949370424
840258,0.9945585666139827
840259,0.834018096853691
840260,0.541286776117256
840261,0.4810299600257797
840262,0.9999796625334799
840263,0.020687577016886942
840264,0.9509872454717179
840265,0.9998436088022096
840266,0.3470120967282998
840267,0.9990845254835097
840268,0.6318459211953477
840269,0.9998723511869243
840270,0.8425295919928959
840271,0.9977202974011921
840272,0.6298041787820275
840273,0.8909060048706358
840274,0.2218384362763005
840275,0.5651331459592002
840276,0.6099149605854064
840277,0.4660314630373735
840278,0.8355181830459422
840279,0.9996180799449315
840280,0.7336088845877604
840281,0.999939311575488
840282,0.752465573403251
840283,0.9956106270471348
840284,0.12644831874356444
840285,0.26375396242744564
840286,0.6691876084399663
840287,0.6412637221150994
840288,0.9998414351096658
840289,0.9962309640183935
840290,0.9059927296018215
840291,0.31711230328889695
840292,0.999893512270984
840293,0.9776709047816028
840294,0.9999558234673589
840295,0.7873415329907076
840296,0.9996184198964551
840297,0.4141219439001523
840298,0.9369767502170612
840299,0.9994493771330046
840300,0.999965533848171
840301,0.9889232953564849
840302,0.7127231123118731
840303,0.9999754337601574
840304,0.981298137214109
840305,0.17474306368221387
840306,0.9982292625279949
840307,0.9999889881632961
840308,0.9994945548091483
840309,0.9871655717107668
840310,0.8240984622506904
840311,0.8894808591058022
840312,0.9923650739538743
840313,0.9208074802764148
840314,0.9990900038653222
840315,0.999758815097732
840316,0.9998837827669462
840317,0.9960902669392415
840318,0.8160195945928723
840319,0.9994750502110521
840320,0.9810476831981562
840321,0.9915843575959415
840322,0.8739938319287154
840323,0.21210996669810547
840324,0.9241480377298773
840325,0.040871805797956386
840326,0.9977535052164461
840327,0.9845822156770343
840328,0.44510344901854165
840329,0.9932112519320898
840330,0.9922370956255268
840331,0.6567529058079805
840332,0.9997177685770064
840333,0.9022199525389833
840334,0.08765900791984461
840335,0.06305298628281042
840336,0.14113097337805583
840337,0.7064588823776237
840338,0.9095896228881986
840339,0.9902411455699398
840340,0.9988715816571245
840341,0.9892756572925756
840342,0.07144505123431308
840343,0.9998029288339673
840344,0.9123457585829419
840345,0.8836509692126636
840346,0.9998362567553973
840347,0.9988743505111345
840348,0.6066163438069325
840349,0.9992851667373174
840350,0.31745492942875414
840351,0.9993337064162653
840352,0.9999176627843074
840353,0.9801253160418817
840354,0.9999165093301177
840355,0.882919245463576
840356,0.015481089634348483
840357,0.9994869421937504
840358,0.7063607330370756
840359,0.1851310675862698
840360,0.9999927093003406
840361,0.06292919128459525
840362,0.3336931593444638
840363,0.06669494003186728
840364,0.9957894308392818
840365,0.9380863569874931
840366,0.999666463426753
840367,0.9955893977719179
840368,0.9894019914736341
840369,0.9998198420223254
840370,0.9984240282013491
840371,0.5548112149450145
840372,0.999964589064753
840373,0.997324624608694
840374,0.6947475075490179
840375,0.9982949675494098
840376,0.11513750986668148
840377,0.623216942157647
840378,0.999926626515973
840379,0.9998554644286772
840380,0.9999493874974525
840381,0.18242677992169004
840382,0.9921294203908504
840383,0.9998882074871263
840384,0.9963188641044176
840385,0.9973040708370671
840386,0.9995938328846672
840387,0.33771649552412963
840388,0.9998361304312847
840389,0.41218872613197194
840390,0.9960035105547809
840391,0.6405359611576128
840392,0.9307534583496786
840393,0.9845871277354068
840394,0.9800924432375531
840395,0.10895468846792301
840396,0.9059101307775153
840397,0.009545776990692282
840398,0.9515215094949708
840399,0.7438033831457862
840400,0.8520910159226456
840401,0.044640230430772934
840402,0.9995560036076188
840403,0.9991745156665555
840404,0.9998435590205705
840405,0.9997539277520612
840406,0.9999052790011076
840407,0.5361886480698205
840408,0.9802220151157152
840409,0.9557151431683297
840410,0.24249629523094718
840411,0.9858826771044107
840412,0.6570628145578579
840413,0.9600863080158589
840414,0.999652887477578
840415,0.9959185305470997
840416,0.9344229816287191
840417,0.22693580380320938
840418,0.9455314599320893
840419,0.9998148759772902
840420,0.8856518328370223
840421,0.9974084789212815
840422,0.9999953987526798
840423,0.9790289360264262
840424,0.9998669885646022
840425,0.9083202195175273
840426,0.6581519514257059
840427,0.9936536829070731
840428,0.7183877227338151
840429,0.9950381972235177
840430,0.5612437281447921
840431,0.0648655267750877
840432,0.006831376943509064
840433,0.4134384199323098
840434,0.34004184031785417
840435,0.6540630329513766
840436,0.0214293377595655
840437,0.5824859559278325
840438,0.9996747049116275
840439,0.9996511617004522
840440,0.646321801413746
840441,0.9573103497168203
840442,0.9841480458531836
840443,0.8075553255928848
840444,0.6895497421295331
840445,0.763179809191886
840446,0.9996086573016429
840447,0.029400551913638717
840448,0.9993705992164938
840449,0.6524248578634072
840450,0.9966615175097764
840451,0.9877334910600066
840452,0.1970841420160113
840453,0.9989910784306684
840454,0.049216753247289774
840455,0.5202729891861395
840456,0.682511504103845
840457,0.9999567894797623
840458,0.39922832927079793
840459,0.9999822579926919
840460,0.9875850210221959
840461,0.9996426413910396
840462,0.07968257782658128
840463,0.9997860129643972
840464,0.14385928356923766
840465,0.9996701388038656
840466,0.9974022314296734
840467,0.7375729881458777
840468,0.9999506274263745
840469,0.5572217149730706
840470,0.9996926319449853
840471,0.9928464847974448
840472,0.9997279484262683
840473,0.750004509816608
840474,0.9777966949158869
840475,0.9988022349874952
840476,0.2136499647320245
840477,0.8915759715727657
840478,0.9992283068488406
840479,0.5282468246718162
840480,0.9983598440365664
840481,0.9498212486088975
840482,0.540712481418343
840483,0.989518660355055
840484,0.700600081875127
840485,0.9959990255279472
840486,0.9834593496682964
840487,0.9838672845120648
840488,0.6188420162447056
840489,0.9981667289431838
840490,0.3911928124394326
840491,0.9631239050662659
840492,0.9996162919394044
840493,0.022644702013942728
840494,0.9995930233335035
840495,0.9999338292368274
840496,0.9803096239110111
840497,0.9862910133167992
840498,0.9705529170068965
840499,0.9504618075114859
840500,0.9981142561142451
840501,0.9918036173859499
840502,0.8640199595923679
840503,0.9918945704429393
840504,0.11577200004491785
840505,0.9999506018542923
840506,0.9461863856120983
840507,0.6073435411047129
840508,0.8076190161867898
840509,0.9999577313307272
840510,0.9768731758902741
840511,0.9618144696610191
840512,0.08799482394721389
840513,0.9982050110812613
840514,0.39670048491988436
840515,0.21131030862581118
840516,0.7043964358344263
840517,0.21810164357441758
840518,0.5483286315689195
840519,0.9643100960568238
840520,0.796483256945625
840521,0.8635869535646981
840522,0.46394278660965604
840523,0.04409830492832045
840524,0.9993305268302666
840525,0.9434112854928676
840526,0.42264604903022873
840527,0.9999361118649617
840528,0.9971708090339625
840529,0.9965316402474469
840530,0.9982793613611183
840531,0.04728078353613997
840532,0.9992554287716219
840533,0.9967683968921587
840534,0.9343707700397198
840535,0.9998207231470684
840536,0.5212421561369088
840537,0.13464400427665776
840538,0.4926339282330269
840539,0.32647141008326885
840540,0.9999674390833704
840541,0.9199609452497668
840542,0.9990421315184206
840543,0.9989210084082089
840544,0.7578344829554626
840545,0.3165391271057225
840546,0.9999260971672997
840547,0.96815344257289
840548,0.11504931797468168
840549,0.9998690972100996
840550,0.9930598474305503
840551,0.6943142760182239
840552,0.904493194341033
840553,0.8500028149600604
840554,0.9133401318398455
840555,0.8150845644918729
840556,0.008528278646192197
840557,0.17746295089668335
840558,0.9846828845536264
840559,0.4836558173587915
840560,0.9632684787999917
840561,0.9509338561258522
840562,0.0014381475472235805
840563,0.2623107322022159
840564,0.999459854295707
840565,0.05215906046031383
840566,0.6596031601762933
840567,0.994388762524741
840568,0.9949638776613545
840569,0.7977207601546128
840570,0.3093585530445526
840571,0.5050749280873151
840572,0.6229457218775969
840573,0.7381210298864007
840574,0.9931109088891262
840575,0.9969021551205021
840576,0.5946453333678663
840577,0.9981922431282255
840578,0.2731205187505126
840579,0.9918603226906657
840580,0.08121995614459554
840581,0.6262113624722817
840582,0.7944179676764574
840583,0.044077077887596086
840584,0.9982002369879354
840585,0.9829694436863111
840586,0.9998591958476464
840587,0.8054831907008626
840588,0.9999851701404725
840589,0.9976994103991018
840590,0.1345531681610559
840591,0.9360327972401262
840592,0.9907488496051979
840593,0.9997412555387932
840594,0.8434510492772888
840595,0.08148639902840345
840596,0.9999274009590072
840597,0.5177823241391065
840598,0.9996813285107441
840599,0.921830041985388
840600,0.02224772103051184
840601,0.999763211571268
840602,0.9547377098523397
840603,0.054135936901894215
840604,0.8095010678642642
840605,0.023605703661677285
840606,0.33754853680699476
840607,0.9894116256166829
840608,0.10592942828085178
840609,0.18119675815477504
840610,0.784234114619447
840611,0.9974309786081095
840612,0.9274730914774328
840613,0.8894905665931465
840614,0.9971191649621446
840615,0.6463629503565709
840616,0.9998897570870982
840617,0.5256613815468477
840618,0.5827587170054185
840619,0.06923783331002063
840620,0.9997407683784438
840621,0.9832429034642696
840622,0.9417289126382723
840623,0.9990684750429983
840624,0.8916803170370187
840625,0.04521341681895934
840626,0.6840637042113924
840627,0.027784214945310685
840628,0.8291036678059516
840629,0.8501440655912217
840630,0.9983151958027499
840631,0.7221624295655616
840632,0.9970653332071022
840633,0.005969965086547518
840634,0.4135519554877959
840635,0.9999888615614598
840636,0.9999841944298073
840637,0.72578917185294
840638,0.32789187766629485
840639,0.04669833104350255
840640,0.9995793908999369
840641,0.9934563073594516
840642,0.988852544257605
840643,0.8138351490482075
840644,0.06637535310556446
840645,0.9992462297444966
840646,0.408781263947203
840647,0.6497880477980261
840648,0.9999366423428993
840649,0.8964065835280677
840650,0.18851174632887222
840651,0.9999753596226182
840652,0.9977867675404358
840653,0.9996096634270347
840654,0.033421937467528806
840655,0.9482687195208748
840656,0.06375128823316391
840657,0.7447696669090539
840658,0.6843250113829653
840659,0.596319068245489
840660,0.3645397945095022
840661,0.990150220821788
840662,0.9993595768144977
840663,0.06982123368462197
840664,0.986836003694723
840665,0.999893900246159
840666,0.005691303039645891
840667,0.9999229828955656
840668,0.9608466459505578
840669,0.4322276934759538
840670,0.026585299244332502
840671,0.9963103151748851
840672,0.0658940591974343
840673,0.8676000521922702
840674,0.9760746572927292
840675,0.05792374090604083
840676,0.9886487281327632
840677,0.6212849673038651
840678,0.012575644835345264
840679,0.08124253552138258
840680,0.9986122054463722
840681,0.9999728158238739
840682,0.795099802157271
840683,0.14207616442510068
840684,0.7592256696552313
840685,0.03737610790518929
840686,0.6735287512988534
840687,0.9997439722166276
840688,0.9999619676605436
840689,0.7012476919031303
840690,0.9999519305611595
840691,0.9589025994984626
840692,0.9967883989274413
840693,0.14923108545526106
840694,0.9962218897967012
840695,0.9998174019145056
840696,0.11169009766578616
840697,0.8424918500780543
840698,0.9868612257143532
840699,0.9999248148874049
840700,0.9945158982077507
840701,0.30535110966877876
840702,0.9992577342095188
840703,0.13534704428144556
840704,0.583575989894975
840705,0.9307256923392072
840706,0.999447320599849
840707,0.9997561138033135
840708,0.38496177986252067
840709,0.7468345983939111
840710,0.9999365343180118
840711,0.14432061567519605
840712,0.6534203972296851
840713,0.9999305339361084
840714,0.018893050943714296
840715,0.9995380071342016
840716,0.996900298379729
840717,0.9999265075066278
840718,0.9916577300563858
840719,0.9836135707078305
840720,0.9923202412243763
840721,0.5191346673563862
840722,0.9998994716955597
840723,0.9913085284908737
840724,0.9715611070775279
840725,0.22532321196450297
840726,0.8918892487149964
840727,0.9997707330467034
840728,0.9964651494543744
840729,0.5096015353125717
840730,0.9444217914308061
840731,0.8047898081144804
840732,0.07930268904922157
840733,0.7471734429292503
840734,0.6156491568416936
840735,0.9900640511815557
840736,0.4306018263731879
840737,0.8656919637416494
840738,0.02560425658166482
840739,0.9998506487119283
840740,0.6658764748204968
840741,0.9999590722551561
840742,0.8018287024974348
840743,0.9993296505283404
840744,0.9999684773507402
840745,0.9736529467391041
840746,0.9998773796910596
840747,0.9996743076687804
840748,0.8055130466611627
840749,0.018384729295301563
840750,0.9998218201511421
840751,0.37834546074828573
840752,0.9999651693727744
840753,0.22155474134688574
840754,0.9610191041265039
840755,0.9864459070218331
840756,0.9503220745571195
840757,0.9754217267662104
840758,0.04108705784566466
840759,0.577334823124402
840760,0.9574032200417912
840761,0.9993644818276166
840762,0.5765055425708135
840763,0.997656877081576
840764,0.9991009368292186
840765,0.5364551934543809
840766,0.9991683684232392
840767,0.4689661372185942
840768,0.9992393558024875
840769,0.8187318116416886
840770,0.3255297780462352
840771,0.9475321599222408
840772,0.05345173234496495
840773,0.9977802406547841
840774,0.8929552743222777
840775,0.801302856491665
840776,0.9888303183061279
840777,0.41304591333914986
840778,0.11079655217808093
840779,0.8440247854952393
840780,0.9259902713798682
840781,0.01460904579312485
840782,0.1801843648134454
840783,0.9999036799936484
840784,0.25211119720762826
840785,0.8739847592984875
840786,0.8372010322540566
840787,0.9168561912452867
840788,0.3452045647930907
840789,0.6097690791744055
840790,0.8249718220591744
840791,0.5129770561619668
840792,0.022875029663446365
840793,0.605077951836333
840794,0.999866194425876
840795,0.9474629267606853
840796,0.02708548315435539
840797,0.2336948294445929
840798,0.999860688665002
840799,0.06868794530443174
840800,0.14434594971098247
840801,0.9980736245071558
840802,0.9603050833917011
840803,0.7291405506531093
840804,0.9048358906565475
840805,0.5913123003985598
840806,0.9914389465610101
840807,0.9452618967160231
840808,0.5846986735286321
840809,0.35329574374198996
840810,0.14278409398897102
840811,0.44856698640751724
840812,0.9028557106020656
840813,0.9282866496216713
840814,0.5450775479641738
840815,0.028818286342751118
840816,0.24905878735817003
840817,0.9997892701117254
840818,0.9999786706923114
840819,0.0033039902444278574
840820,0.9999855775578395
840821,0.052321992082782584
840822,0.2644835064038169
840823,0.9996148368471218
840824,0.08635474788271903
840825,0.3278886925977708
840826,0.7652990246674349
840827,0.990439773120521
840828,0.7787007892877416
840829,0.9786703505798908
840830,0.3524969412977591
840831,0.9141767709522319
840832,0.5796184896798654
840833,0.9996188196496618
840834,0.05551372574718727
840835,0.9998440949377182
840836,0.9899726148947534
840837,0.9987780858984148
840838,0.09566849132906419
840839,0.7299337139155863
840840,0.9995057682508546
840841,0.3117917916034853
840842,0.10365546282888974
840843,0.02267224350305517
840844,0.0574141952843107
840845,0.023271919678320672
840846,0.9995914582321784
840847,0.8020148299790546
840848,0.9887905174905802
840849,0.035910754499520685
840850,0.9689448763848632
840851,0.999875394574895
840852,0.9999605113821588
840853,0.9971685257483895
840854,0.9994298171445184
840855,0.5071900610172101
840856,0.9998105000827706
840857,0.13847418747286525
840858,0.22965932617980037
840859,0.4764836513481191
840860,0.9284857274349537
840861,0.49008231283634357
840862,0.40097632623433777
840863,0.9968877128017373
840864,0.764330104356959
840865,0.999971859419925
840866,0.8871525763531458
840867,0.9978070077196334
840868,0.04656407977384111
840869,0.9982188977120122
840870,0.9999850344741305
840871,0.9979152216664341
840872,0.9999405404643587
840873,0.6120527075723795
840874,0.8571512307915721
840875,0.5922707182985094
840876,0.9600591113303731
840877,0.9440761422835364
840878,0.22441751358828366
840879,0.4208746866641772
840880,0.9885586943962268
840881,0.9331326992881807
840882,0.5916065173443203
840883,0.14961172114031496
840884,0.9634683576519161
840885,0.9998990015490934
840886,0.9295082308336753
840887,0.9997552324867529
840888,0.023089621450792602
840889,0.9999095202983287
840890,0.9990922622968115
840891,0.0012036859896922014
840892,0.028756278594747053
840893,0.9967094086149189
840894,0.9975468957663435
840895,0.9999595059579403
840896,0.9918612643670826
840897,0.1347119419758406
840898,0.8526574556712809
840899,0.9873497663901036
840900,0.4625920343061136
840901,0.281008854143579
840902,0.9996331579263907
840903,0.10489323904971162
840904,0.999300253843113
840905,0.9112675688897065
840906,0.9999620576603031
840907,0.9953602343235679
840908,0.27503370134465743
840909,0.9150564352526585
840910,0.9976032363248504
840911,0.9999061466584811
840912,0.9999178870237085
840913,0.9999083314900588
840914,0.9953314760123332
840915,0.8097558964940461
840916,0.6742393029359999
840917,0.22120974836612703
840918,0.9885645905079244
840919,0.9908447381747617
840920,0.6268488430241692
840921,0.9227253661400152
840922,0.19869974863573542
840923,0.23286449903279924
840924,0.9995609179814554
840925,0.08078101152855809
840926,0.9922348959269653
840927,0.9975989779504201
840928,0.9938472846119306
840929,0.499019432453937
840930,0.9979997272001512
840931,0.9963829240701069
840932,0.33204090485329574
840933,0.9740311998541099
840934,0.7867183268938549
840935,0.9501801997008161
840936,0.7241583302487145
840937,0.844221582529789
840938,0.56849753145314
840939,0.9191262615131088
840940,0.9993088096805245
840941,0.6589991909459232
840942,0.9915978627353428
840943,0.998583567020414
840944,0.9896689339648171
840945,0.6437905191340134
840946,0.052322539604712746
840947,0.9998048339840186
840948,0.9997865772441958
840949,0.014802424181534646
840950,0.008577557015354542
840951,0.9996935406553502
840952,0.9987562932740816
840953,0.021898541030958694
840954,0.7873375940534154
840955,0.9992188664519941
840956,0.032192838942998264
840957,0.3634276133940786
840958,0.8422823515045342
840959,0.9989123805618134
840960,0.5357626312056387
840961,0.5707143189032862
840962,0.48436183097797136
840963,0.9788919292930984
840964,0.9841794069782033
840965,0.9997670811974467
840966,0.9996660413313251
840967,0.9996677099017233
840968,0.4482385920425394
840969,0.4400972856735571
840970,0.288590478361746
840971,0.999880781256997
840972,0.9732613024694253
840973,0.9996923677062868
840974,0.12323364421302724
840975,0.06367312806252143
840976,0.9998974964450938
840977,0.9983954148811285
840978,0.12535760040666233
840979,0.02903815976507891
840980,0.9997989752576667
840981,0.5367613019437639
840982,0.9874078968674945
840983,0.999898347623581
840984,0.9912819182326769
840985,0.9611947181928135
840986,0.02981063418783886
840987,0.9989281235399008
840988,0.05917358940603365
840989,0.9998569743822823
840990,0.3937873816043945
840991,0.996127930667609
840992,0.9998570362902366
840993,0.02216595263045447
840994,0.9997232026252668
840995,0.9187263473567193
840996,0.299142158145158
840997,0.9999890501117235
840998,0.9987880006251584
840999,0.3149352792233343
841000,0.3331448649872324
841001,0.006296491629814794
841002,0.24282981493301425
841003,0.9972564723356634
841004,0.055996237859002776
841005,0.4799343790950864
841006,0.04233823328184568
841007,0.006246965834433326
841008,0.9999680261100771
841009,0.012243130498986524
841010,0.9993528085357481
841011,0.091800014685647
841012,0.9999587385265918
841013,0.9662241432369401
841014,0.3514173679880608
841015,0.7110697854870685
841016,0.031102905351833746
841017,0.9998018131938782
841018,0.9248568694207651
841019,0.16777520650374636
841020,0.22850077282610526
841021,0.9999532638058036
841022,0.9994357038020405
841023,0.9999013255640394
841024,0.983232459531573
841025,0.9998164569369998
841026,0.39213061659998527
841027,0.03740622005104429
841028,0.14423047736319777
841029,0.014013732769905292
841030,0.9567262647027831
841031,0.9979708693953426
841032,0.937841252863051
841033,0.07774533379382412
841034,0.09452571306167037
841035,0.9900456254397377
841036,0.9993963795972794
841037,0.0774110318971035
841038,0.04534213270731989
841039,0.9999342991537048
841040,0.7207598816280034
841041,0.9981045373837232
841042,0.9989921026565379
841043,0.9998290329079684
841044,0.48360102361238627
841045,0.9550657775922211
841046,0.14780084427891244
841047,0.3153746250260262
841048,0.01862768848623309
841049,0.6534278894723548
841050,0.9976221899114706
841051,0.9722022820371636
841052,0.9730668614742619
841053,0.9883635313746391
841054,0.9956149017983211
841055,0.9999676468751445
841056,0.9851189101918776
841057,0.015185167205667215
841058,0.3982991840135283
841059,0.9999572075998313
841060,0.9643031676423012
841061,0.9395352828111992
841062,0.9999788389404398
841063,0.28604441005450015
841064,0.2640057723745085
841065,0.5428947980516189
841066,0.9342250363092092
841067,0.11277846477488329
841068,0.9984449751090384
841069,0.8554751026463419
841070,0.8649480975534394
841071,0.18286748017461404
841072,0.7899380687844677
841073,0.9999166902199434
841074,0.9984862510758292
841075,0.967706314941645
841076,0.9950256081754645
841077,0.986475713998954
841078,0.9999610568005752
841079,0.13158085234923586
841080,0.979382605853254
841081,0.9946586405438529
841082,0.999091004306979
841083,0.14829796317346378
841084,0.9969038263365799
841085,0.942732576943723
841086,0.7173263560833039
841087,0.40467562545039115
841088,0.9970235762322286
841089,0.997648636419529
841090,0.9993191165830583
841091,0.8176874467053157
841092,0.4171575006448272
841093,0.113133225917248
841094,0.9509656543930507
841095,0.6853145167606074
841096,0.9697705131065721
841097,0.1377622882432524
841098,0.2311592806725112
841099,0.999614572624808
841100,0.9997567241781099
841101,0.9994563962727967
841102,0.2365054645959342
841103,0.866973215477485
841104,0.9908226129188074
841105,0.4966410024796143
841106,0.9989108866550913
841107,0.9921831013742475
841108,0.40386986486133214
841109,0.04089440521438611
841110,0.49970487232167016
841111,0.9999028300946117
841112,0.9936890598775509
841113,0.7543529705476442
841114,0.9581592135886646
841115,0.9996255224173367
841116,0.9644283840439006
841117,0.9990978369163974
841118,0.7166579445438516
841119,0.9976314314966013
841120,0.9996747521199413
841121,0.893841567213718
841122,0.6825819236516794
841123,0.9973288206711798
841124,0.05273254709315506
841125,0.01065987616669084
841126,0.9097273858899343
841127,0.9762182515014965
841128,0.012768185585999726
841129,0.02875520198549344
841130,0.9904907449199724
841131,0.844350689742738
841132,0.9988820481877677
841133,0.35147209469291857
841134,0.9835705022418215
841135,0.9957790589594724
841136,0.9999508507284485
841137,0.5441196276191259
841138,0.9949065860932512
841139,0.9993423856888308
841140,0.7299157420871099
841141,0.6684966729693348
841142,0.7362457736669409
841143,0.9992198625982298
841144,0.7827741144976554
841145,0.999878723109781
841146,0.9017767506901868
841147,0.041038545637746025
841148,0.9242735481595314
841149,0.9999840706449946
841150,0.18854073398723648
841151,0.9921951057334204
841152,0.9999418670037472
841153,0.4601359581207856
841154,0.9991644016331602
841155,0.06877340524573371
841156,0.9995478806675108
841157,0.6476190755478932
841158,0.9999117487880957
841159,0.9912236564702768
841160,0.9765573686037152
841161,0.7577811841344488
841162,0.9791279172782934
841163,0.6995827972305118
841164,0.5299379831391315
841165,0.9965136910428263
841166,0.9677359792815062
841167,0.877871870429854
841168,0.970308632886759
841169,0.016952141063510798
841170,0.9998057266936253
841171,0.003788064357618964
841172,0.9997197013291872
841173,0.7855331866677282
841174,0.999963448781347
841175,0.17830195726570097
841176,0.18277325098770192
841177,0.9638600648136207
841178,0.9999424104371508
841179,0.44279058231350676
841180,0.1432868389844686
841181,0.8540330400495517
841182,0.016678979176226738
841183,0.21077845750007101
841184,0.9979771766812131
841185,0.9565854498166517
841186,0.9423744197677079
841187,0.6832712582646263
841188,0.9998991551710249
841189,0.4591035815792841
841190,0.994564997765049
841191,0.10823502050909424
841192,0.05921547906700308
841193,0.383828963131857
841194,0.2711420718258419
841195,0.9301901427218124
841196,0.9962133243262359
841197,0.9992512846906327
841198,0.9998387005272895
841199,0.3362809269116045
841200,0.3290864524702594
841201,0.8623986937820183
841202,0.16680841631528817
841203,0.9995650262194717
841204,0.9211492716396066
841205,0.017465284034862257
841206,0.9779282833188317
841207,0.9893198380721329
841208,0.11529728614180329
841209,0.9445927426615934
841210,0.008369102908110073
841211,0.99682128298444
841212,0.9999406119250329
841213,0.9931301930817702
841214,0.999978443592356
841215,0.9283627640368429
841216,0.9964253589940194
841217,0.33670150954388167
841218,0.9563176578256628
841219,0.9993277660543658
841220,0.9965198850640391
841221,0.5846513896377277
841222,0.9888647996275779
841223,0.958037662083677
841224,0.9999658473392524
841225,0.9980184572735671
841226,0.2851353994386601
841227,0.9953543703348263
841228,0.6228065666181036
841229,0.9987178957937709
841230,0.06865369145620276
841231,0.9866664169620536
841232,0.9994022400763787
841233,0.19112213049471907
841234,0.21160222161392755
841235,0.7838118597216923
841236,0.9997832625219654
841237,0.9545723496308807
841238,0.8651392715862507
841239,0.9999712078543316
841240,0.9989224704496711
841241,0.6842406915651376
841242,0.20486380858000822
841243,0.9978036599571555
841244,0.09311125070433528
841245,0.9997570895341181
841246,0.9995515908069303
841247,0.9972610630792527
841248,0.9832280620039346
841249,0.9966549297143849
841250,0.99997973108677
841251,0.8719650897769909
841252,0.020324919877734493
841253,0.9997477038497004
841254,0.9998895086925296
841255,0.06707088372135943
841256,0.9367580804913034
841257,0.9851329928653432
841258,0.9848213970419926
841259,0.9907711536859126
841260,0.998141934907911
841261,0.6556663443395641
841262,0.9999757304476635
841263,0.5759186927859911
841264,0.9989590935038581
841265,0.9818985163492673
841266,0.06940848630710347
841267,0.6983121539142593
841268,0.07917206265639615
841269,0.9998686065936355
841270,0.02574680360543697
841271,0.8385857487738776
841272,0.9781278354509533
841273,0.7499488905138656
841274,0.9998243178065713
841275,0.7727048950077593
841276,0.49449631066275673
841277,0.9987563803167302
841278,0.2744640407636172
841279,0.9972738525098064
841280,0.30052618303449674
841281,0.9201952839383839
841282,0.012960084769311927
841283,0.9890524472941673
841284,0.5226520577293496
841285,0.9994849096837902
841286,0.999941894502296
841287,0.9998384100306581
841288,0.9956230619943081
841289,0.9994730895188186
841290,0.9962874738587133
841291,0.9996268488677391
841292,0.04645493728832809
841293,0.9971729483713495
841294,0.998725962382866
841295,0.4591935390409681
841296,0.9999344549745166
841297,0.9986962966623436
841298,0.9939742010390806
841299,0.9862202370841611
841300,0.860569278139174
841301,0.9449612700060295
841302,0.9995097918998948
841303,0.8492115549681227
841304,0.9745869914058731
841305,0.9702299059152262
841306,0.9991738315218763
841307,0.8336934123225528
841308,0.9999606389491247
841309,0.7924605489518171
841310,0.9203435851403922
841311,0.9985954970508604
841312,0.9996613885405754
841313,0.016213830479036153
841314,0.9993185969751088
841315,0.999502676550844
841316,0.9766683192342286
841317,0.9952140742280222
841318,0.9293814396362238
841319,0.12150398893144529
841320,0.999118348577882
841321,0.298647698927602
841322,0.763434697845923
841323,0.06226212008525929
841324,0.9896973359901402
841325,0.9999002186263768
841326,0.9441603826566307
841327,0.9990937012999769
841328,0.9813792505663644
841329,0.09042909127830874
841330,0.9984155601086175
841331,0.9980696291682591
841332,0.999910891377856
841333,0.8990436873534597
841334,0.9983293302808076
841335,0.6918717765561826
841336,0.532645778459899
841337,0.46816935994784714
841338,0.9994353408029093
841339,0.9800006155063141
841340,0.7350439911412281
841341,0.9926577882965449
841342,0.6989447817020299
841343,0.999910493075951
841344,0.9995270465021762
841345,0.5909557176281323
841346,0.9997813921800289
841347,0.999978150244172
841348,0.3613681924758433
841349,0.9942825615761461
841350,0.9943181858606434
841351,0.9984498384131211
841352,0.04039227107598636
841353,0.9955638676483178
841354,0.9997734890787182
841355,0.03969558010631735
841356,0.14299717420406588
841357,0.9979718452521269
841358,0.23824084718141786
841359,0.9923989205021149
841360,0.4616550432646046
841361,0.9857502475515743
841362,0.03340008774530597
841363,0.7099908856149426
841364,0.9997178196762657
841365,0.9252493559560241
841366,0.9991264021300112
841367,0.9964838283218665
841368,0.5752592357652868
841369,0.0380967346383772
841370,0.9583894723408537
841371,0.48507208594105294
841372,0.22352595587347118
841373,0.3763753063702675
841374,0.9993625810693649
841375,0.9999750817290575
841376,0.902919849535813
841377,0.6023062595636662
841378,0.007819406117285313
841379,0.9992293105364092
841380,0.9997513484765315
841381,0.5805319619002594
841382,0.9959612861832594
841383,0.16435887666970628
841384,0.999533990975723
841385,0.987626081052535
841386,0.05211622529887929
841387,0.9370206064647006
841388,0.6589132646377458
841389,0.9997137678091677
841390,0.9993243494589341
841391,0.9999290352344115
841392,0.9981929953635806
841393,0.9985412738938351
841394,0.9677918605931546
841395,0.7518342345124802
841396,0.9997604495762706
841397,0.8189137287089687
841398,0.9551962616333399
841399,0.9442349113960808
841400,0.34074713573188176
841401,0.35755726333230275
841402,0.9987643490016889
841403,0.7414498325256234
841404,0.8528650782243159
841405,0.028026134583160143
841406,0.9999952983366616
841407,0.04155200200654544
841408,0.9869635702201304
841409,0.9990186302355293
841410,0.3638804186017613
841411,0.05363172773500048
841412,0.9997158719436204
841413,0.9923704863281781
841414,0.029007145727054373
841415,0.40623640474093836
841416,0.9138775198867762
841417,0.12485219732975278
841418,0.9985999072614359
841419,0.478457304342813
841420,0.9046949190528232
841421,0.9975199386389779
841422,0.9974493373308893
841423,0.9576699338914476
841424,0.9111062164936741
841425,0.3136032579947279
841426,0.37227520824279514
841427,0.02423671744138413
841428,0.8510725232288646
841429,0.48554854955013016
841430,0.994235440446354
841431,0.9915409832921502
841432,0.0882436595005634
841433,0.9999834637107716
841434,0.9136782188804278
841435,0.9986950117339239
841436,0.9839585257857233
841437,0.943698237294011
841438,0.9999584692974675
841439,0.8885093466093021
841440,0.9617171470686768
841441,0.9998665670584317
841442,0.9993451952230902
841443,0.9004930639616238
841444,0.999175381543821
841445,0.2650970602603552
841446,0.09680995628399955
841447,0.9999703785823315
841448,0.8282265441703841
841449,0.9255828051553332
841450,0.33523537671283427
841451,0.997184200221553
841452,0.9999685461993968
841453,0.9990450599704024
841454,0.9913370175336591
841455,0.5678488449457049
841456,0.7696018742929773
841457,0.5765905804296814
841458,0.9999490790668852
841459,0.05358273309772341
841460,0.9864217602419646
841461,0.9986821894610098
841462,0.9358751767001581
841463,0.9993821644205738
841464,0.9979982201765392
841465,0.003059251451908007
841466,0.9997859911983146
841467,0.9838211876975522
841468,0.5738875385077988
841469,0.9390556595698177
841470,0.9713126095717106
841471,0.7630584278122134
841472,0.9170100300187389
841473,0.9833843581991809
841474,0.999936958069546
841475,0.9992902013012338
841476,0.45089932753743883
841477,0.14243612785104354
841478,0.9997623413734235
841479,0.9990255244562147
841480,0.9999712641486955
841481,0.936869232592189
841482,0.38867748457618095
841483,0.1302431744757246
841484,0.03229609881233019
841485,0.9995627960440433
841486,0.4709201380068772
841487,0.9926835373686165
841488,0.9999785864518571
841489,0.3280986921669161
841490,0.9997491596007297
841491,0.004443200264479124
841492,0.9997764511618185
841493,0.3630698915293687
841494,0.1202994149614437
841495,0.9998440953060377
841496,0.997893489816051
841497,0.8998594148532404
841498,0.943473247199087
841499,0.9999076157546412
841500,0.9999505163396603
841501,0.07786677415672393
841502,0.9194959091150703
841503,0.9778029604930767
841504,0.931586934284904
841505,0.9989950811674514
841506,0.0325732886795752
841507,0.9799127192161712
841508,0.5705125457388376
841509,0.9977357129017386
841510,0.06241372322400847
841511,0.01499830053593669
841512,0.011100896949847927
841513,0.9993553776311791
841514,0.8525401878628658
841515,0.9993880529288486
841516,0.9830729362006028
841517,0.30044842075444217
841518,0.2446861244096067
841519,0.999953640115508
841520,0.9996771536572415
841521,0.8087948906135466
841522,0.9488978663020022
841523,0.9994972902996588
841524,0.998247894460051
841525,0.037870442057856286
841526,0.3829913674104729
841527,0.9999807401322465
841528,0.9827337222572214
841529,0.9906858377277847
841530,0.9999362630539865
841531,0.8393009069709035
841532,0.8513861033815047
841533,0.9658351859044468
841534,0.9970670674409902
841535,0.9999089510447285
841536,0.9896473917043421
841537,0.9759387487308175
841538,0.9976454534809476
841539,0.012481917264945228
841540,0.9949377681561167
841541,0.09556309032323576
841542,0.8049234211111489
841543,0.3312079911114301
841544,0.7142111104591162
841545,0.999923488675698
841546,0.2259635932894066
841547,0.8751821453782394
841548,0.05947083982420928
841549,0.9996863192019831
841550,0.9838199482476946
841551,0.9958022474067774
841552,0.1826571231903727
841553,0.9995714748496316
841554,0.9536631487527282
841555,0.9995674176022042
841556,0.9901390733013486
841557,0.9998107669295799
841558,0.06342488881374439
841559,0.007182936989325615
841560,0.906859161557568
841561,0.025458362637121167
841562,0.9804306202283387
841563,0.8511575748865979
841564,0.6300794747376851
841565,0.9997963799970754
841566,0.02850792823536874
841567,0.9998388980536894
841568,0.6711641908055922
841569,0.45316244958136054
841570,0.9989246159386638
841571,0.9998719306048637
841572,0.7220386197692453
841573,0.1904804884164614
841574,0.5098589018064401
841575,0.9997729617798322
841576,0.9346734626384143
841577,0.9996224949875407
841578,0.9986508746403282
841579,0.988832194726354
841580,0.9542015896221324
841581,0.9975492241653849
841582,0.9458017597197298
841583,0.9999254485278681
841584,0.006798479255719994
841585,0.9963146948244481
841586,0.8179097839446938
841587,0.9909415259039058
841588,0.6210240425242952
841589,0.9882084390488922
841590,0.999604211094634
841591,0.11533369734395715
841592,0.9987796646156477
841593,0.3440163448200079
841594,0.8896335393248946
841595,0.5608402140303589
841596,0.9997638723746048
841597,0.5526125736651822
841598,0.3591063384371184
841599,0.9807300111704215
841600,0.9986665291924486
841601,0.973322222010528
841602,0.9983238084982038
841603,0.9544200954645592
841604,0.8202860317658431
841605,0.9922780214067943
841606,0.9998390041344256
841607,0.9972729563859075
841608,0.9989661899447643
841609,0.32920182473537724
841610,0.44381759380187513
841611,0.9999887887887695
841612,0.9985665041016922
841613,0.9458181069441876
841614,0.9953981829570722
841615,0.9949040308871253
841616,0.8847738078821415
841617,0.9513936780233814
841618,0.5782880513470288
841619,0.003305046589424365
841620,0.7374272657132532
841621,0.3463829707361957
841622,0.9997677261566771
841623,0.9990745792011849
841624,0.19515622284901524
841625,0.9827474209796371
841626,0.9997522172099936
841627,0.778088223325456
841628,0.012712796808130998
841629,0.6262571950883478
841630,0.9998727323552095
841631,0.8466619743556592
841632,0.016516850248989
841633,0.0826897313673334
841634,0.998848741674643
841635,0.9348411143860227
841636,0.9511453924282441
841637,0.2046657404774973
841638,0.9579428041608119
841639,0.29690399696678826
841640,0.6924411125432419
841641,0.592159306685776
841642,0.6347639275038927
841643,0.6067581369394507
841644,0.25915182227296696
841645,0.05669610683142928
841646,0.9946494214436902
841647,0.9827030580715672
841648,0.20299327815811352
841649,0.48247284454560846
841650,0.9946754722394096
841651,0.9988776722893812
841652,0.21714760689875925
841653,0.9999102893748146
841654,0.8729417241623112
841655,0.5954533507287543
841656,0.2241139487208878
841657,0.9136098433270509
841658,0.9927935502288869
841659,0.9996178072262152
841660,0.4486867351666921
841661,0.998690535553332
841662,0.966893203682373
841663,0.7457085941516814
841664,0.9903036243314612
841665,0.9991729658751439
841666,0.626294229906768
841667,0.9982079285189258
841668,0.0672382690060321
841669,0.4986994394804316
841670,0.9999484598737106
841671,0.999883491968658
841672,0.9995295337420577
841673,0.8197966571881592
841674,0.04666155506414123
841675,0.7584398175722036
841676,0.22910777439921373
841677,0.9643457810717695
841678,0.784907178517841
841679,0.9996059578270091
841680,0.7935932981697771
841681,0.9306289838804918
841682,0.37502735830388184
841683,0.9963303508851052
841684,0.746406358748823
841685,0.8040075535630568
841686,0.3382640660498599
841687,0.9989747415624761
841688,0.9994755722475992
841689,0.7940682267009762
841690,0.8017329975255272
841691,0.9999256864186905
841692,0.10321545283999597
841693,0.9914983133803673
841694,0.9959223935026768
841695,0.9997201291428939
841696,0.8017488492401303
841697,0.9998361966117065
841698,0.9998195583809735
841699,0.7767505100790172
841700,0.9998413820643463
841701,0.8050589000934485
841702,0.9987285933980027
841703,0.987237326373452
841704,0.46949329815769963
841705,0.018161054211214642
841706,0.9456092213669983
841707,0.9995675800942445
841708,0.7519630089713795
841709,0.78193961523715
841710,0.998617065937148
841711,0.9997935476815593
841712,0.3624338239274971
841713,0.02517132456209368
841714,0.005923370389662758
841715,0.997028595459212
841716,0.49593484854461783
841717,0.9999462418855545
841718,0.018872904289194175
841719,0.30727861771727094
841720,0.2504577189403242
841721,0.31669652896613026
841722,0.01817806953227676
841723,0.3544716722848708
841724,0.9999830796497055
841725,0.9724683881485883
841726,0.9999752956380807
841727,0.015298833467380065
841728,0.28361847747378505
841729,0.894629047602411
841730,0.9998583019873841
841731,0.9012588926175698
841732,0.9256628925435353
841733,0.9992729004323742
841734,0.6421254869351993
841735,0.9998544898908731
841736,0.999934312748995
841737,0.5625043314946299
841738,0.24556926264996
841739,0.970799667687399
841740,0.9991867361486065
841741,0.9999560452426841
841742,0.9283592202883653
841743,0.6369067950552536
841744,0.9759532218120723
841745,0.0287924691153782
841746,0.047544938641869636
841747,0.07505648598535047
841748,0.9996262829694201
841749,0.8948468509902974
841750,0.1695166346133095
841751,0.20407371186381917
841752,0.6826338817623232
841753,0.5478367655329305
841754,0.943296067180302
841755,0.9163769606634402
841756,0.026943084955864047
841757,0.8343430564781622
841758,0.95971342955871
841759,0.4020124653530267
841760,0.9997523862601082
841761,0.9998131334969169
841762,0.9995772909297898
841763,0.10529054473410515
841764,0.8111725102025835
841765,0.9999367486656541
841766,0.9998257007731141
841767,0.673017003648896
841768,0.9373014501606366
841769,0.7180110144180818
841770,0.6088207952166255
841771,0.9959712590943499
841772,0.997594024870698
841773,0.45016313035925526
841774,0.881753925135605
841775,0.7387834693584379
841776,0.9995253603938157
841777,0.45401686701233096
841778,0.04186034498640247
841779,0.8667049735072775
841780,0.4711975705209148
841781,0.9990350260280321
841782,0.9993384879036098
841783,0.9449693273461397
841784,0.9997087820004864
841785,0.8978565743194462
841786,0.0025676560131254883
841787,0.9138589612304906
841788,0.419944785849891
841789,0.5733973774479211
841790,0.9623463285646369
841791,0.9983169345140829
841792,0.8220601694637953
841793,0.9658440495070778
841794,0.22404433004166377
841795,0.7508284536660761
841796,0.999809572388321
841797,0.5644716919728334
841798,0.2188951311747586
841799,0.42427036026210385
841800,0.9998939901051546
841801,0.34339311478521667
841802,0.9992444284162494
841803,0.9320553467918038
841804,0.43335044536441947
841805,0.9727900472598017
841806,0.9999126355232779
841807,0.026939045513785738
841808,0.07486118188713657
841809,0.755751368927983
841810,0.9997957517373213
841811,0.9985144920689311
841812,0.9289218241330169
841813,0.7228384455704991
841814,0.9989978962245738
841815,0.9149512715701049
841816,0.9995197169446028
841817,0.9995637989994506
841818,0.9861031928955352
841819,0.9996682000866117
841820,0.08470689753603833
841821,0.9035047767329125
841822,0.9303888902823119
841823,0.9999843496847167
841824,0.9999298529767333
841825,0.03983796357018867
841826,0.999594058352044
841827,0.9997274471234915
841828,0.9982335819151039
841829,0.6377035671561053
841830,0.6267226980148466
841831,0.8968990066109574
841832,0.8825808916237815
841833,0.9972644676840235
841834,0.9996378922361981
841835,0.3022363234824554
841836,0.1750842405165728
841837,0.9999820472406418
841838,0.9991863707225659
841839,0.9998390344144072
841840,0.9965774514967013
841841,0.8795731324679656
841842,0.9977861083340616
841843,0.9679171711628591
841844,0.9904563680543454
841845,0.9998413931118473
841846,0.08987291945050845
841847,0.9997989308088298
841848,0.057035066318699715
841849,0.5228111142671568
841850,0.6381131155500731
841851,0.47096824228890266
841852,0.9999618373447344
841853,0.9817261819964105
841854,0.9999451973677921
841855,0.4241184580481413
841856,0.020160030343662247
841857,0.9958142581993913
841858,0.15557711330125917
841859,0.8051217816340541
841860,0.990568903849324
841861,0.5292626155562742
841862,0.7892306748621705
841863,0.999816307043795
841864,0.9999032940147135
841865,0.9970536878411164
841866,0.715592654243125
841867,0.939595530166264
841868,0.9981310339919449
841869,0.0030975886944628207
841870,0.9909741847061553
841871,0.9995021338970205
841872,0.9996374009162732
841873,0.9987134169948132
841874,0.9999879509830547
841875,0.9987100393648776
841876,0.9999614244113539
841877,0.9986307116242332
841878,0.9273906503634473
841879,0.9984687101829008
841880,0.9977484984174587
841881,0.771118465918515
841882,0.9564258273500315
841883,0.9988012932635826
841884,0.045733047061119435
841885,0.9815952464033798
841886,0.9988957866118806
841887,0.9996441189722729
841888,0.9996165429623316
841889,0.9996650431190459
841890,0.9180928185720296
841891,0.7033599770637715
841892,0.9998989630401887
841893,0.24201029394214946
841894,0.9999256644573152
841895,0.450039687481114
841896,0.9998989623467351
841897,0.9995918821216276
841898,0.3791543043962161
841899,0.6509155253194966
841900,0.9999824929084249
841901,0.09717784754784373
841902,0.9965348673124794
841903,0.9998855037697225
841904,0.5900825757530477
841905,0.23261436140339875
841906,0.9128021917584452
841907,0.9991145100195109
841908,0.9999859871445778
841909,0.9655149072762776
841910,0.9972591700256849
841911,0.9998019971786666
841912,0.9902085696225483
841913,0.099814707212594
841914,0.9278595975108568
841915,0.9737401956162013
841916,0.9964157129215774
841917,0.22856578845021286
841918,0.9932781612394219
841919,0.9994464657753197
841920,0.02957623175444833
841921,0.999975287139691
841922,0.9927583704496936
841923,0.9869197644803178
841924,0.6678776147036576
841925,0.3467591105341289
841926,0.8929135459961999
841927,0.12881352248507902
841928,0.0865609287658557
841929,0.9999179728189401
841930,0.10236023448194875
841931,0.9946297640246549
841932,0.9997473732667017
841933,0.455367305058873
841934,0.9996061957658434
841935,0.9999886742235575
841936,0.9995110792128669
841937,0.9993713460547522
841938,0.9978256294851162
841939,0.9997818435859722
841940,0.9996087320435906
841941,0.7360944739779319
841942,0.9997495870642833
841943,0.9989684212405134
841944,0.7352267847581387
841945,0.9989199811544478
841946,0.9825015339259084
841947,0.6018239856574745
841948,0.9994177324421618
841949,0.33223635036487814
841950,0.9477707799317489
841951,0.12868473594581253
841952,0.9990367905329449
841953,0.9990559712224396
841954,0.9828879917000255
841955,0.9613678447223928
841956,0.9991961389515548
841957,0.60491153259412
841958,0.9241998752052554
841959,0.9998395188161842
841960,0.9980726664339453
841961,0.9992820057462857
841962,0.9997353300516938
841963,0.5208774191563998
841964,0.029415404257410124
841965,0.8248880438335111
841966,0.019868142598746155
841967,0.21357766102375247
841968,0.9998520671111573
841969,0.5458057734615412
841970,0.9803968113104065
841971,0.9998512806362102
841972,0.9985319504011502
841973,0.9844173226323846
841974,0.2996036322659698
841975,0.9955513202709984
841976,0.9999172521435922
841977,0.9999435342315524
841978,0.24245555449343936
841979,0.3519281327161294
841980,0.30312782732509636
841981,0.9998051042796395
841982,0.0871671604370545
841983,0.9993675872951144
841984,0.9999891764070026
841985,0.44320993468471975
841986,0.7954895349645142
841987,0.051845510467467
841988,0.7648781385739769
841989,0.06884316097745344
841990,0.0250104560171004
841991,0.6859203083121587
841992,0.7876486288549105
841993,0.9813461525942926
841994,0.6800249484383241
841995,0.9999199268697824
841996,0.8883588415024386
841997,0.9709377430360282
841998,0.030741129030420908
841999,0.999552482025455
842000,0.990399014817939
842001,0.9997294935581831
842002,0.9998299475731453
842003,0.002697949610043756
842004,0.49857799844038325
842005,0.266433960003029
842006,0.4678099986773494
842007,0.018620078720610462
842008,0.3152156202016894
842009,0.007149885779382139
842010,0.9993024994910685
842011,0.9926309580604884
842012,0.6306555466386289
842013,0.9585809842561748
842014,0.9674105561952415
842015,0.8397308526856153
842016,0.042111950471679385
842017,0.9998875976847905
842018,0.9757546994803277
842019,0.9984732930981686
842020,0.5252760441162546
842021,0.9984938011734581
842022,0.7423371523677715
842023,0.49137500813143975
842024,0.469270901239461
842025,0.8562698136179383
842026,0.5716152426780304
842027,0.23356453524371978
842028,0.9921529487133005
842029,0.9953725234679308
842030,0.03360139554349758
842031,0.987240573797865
842032,0.8062322122286043
842033,0.8851923283783725
842034,0.5505441364024004
842035,0.9999065301226904
842036,0.017246111514064848
842037,0.062324205963059306
842038,0.057749231318788403
842039,0.957557384011096
842040,0.9997982159484922
842041,0.07839347165033778
842042,0.06253152076581506
842043,0.33566260084324834
842044,0.9838863743457618
842045,0.010770231801260107
842046,0.46832093023580024
842047,0.5154615599101722
842048,0.0056235628972001765
842049,0.5606189204172305
842050,0.0067679059134123426
842051,0.9998743333574303
842052,0.9926699802770897
842053,0.28208761330048737
842054,0.9982538643330361
842055,0.9963341972105548
842056,0.9993069022298283
842057,0.03866663448462524
842058,0.9992178868168138
842059,0.25802271870473853
842060,0.9999910093812363
842061,0.999870486520017
842062,0.37103139603723073
842063,0.9885644603954283
842064,0.9999481408367147
842065,0.9998340317179816
842066,0.9051322786251144
842067,0.5525731750077012
842068,0.9998473920744764
842069,0.28500059071799855
842070,0.9843006316866237
842071,0.16031266731682503
842072,0.31862222274855406
842073,0.984555441350975
842074,0.7933681898969449
842075,0.01858695949947627
842076,0.9998720694242531
842077,0.9997881678108189
842078,0.10523713823015882
842079,0.9999074140540802
842080,0.9067357948877739
842081,0.9992404231811218
842082,0.05115770779828624
842083,0.9997915995434278
842084,0.04502578115094215
842085,0.9984046166676629
842086,0.3967573946116112
842087,0.9984212360067776
842088,0.7463120872860958
842089,0.9994191362050672
842090,0.022973338350147192
842091,0.015424660861280729
842092,0.5405969485304765
842093,0.008069951770529386
842094,0.18092614927975978
842095,0.8059779583333644
842096,0.24226482669637678
842097,0.031076900408970938
842098,0.975129206611193
842099,0.9999371228645986
842100,0.025850207044845044
842101,0.584953422616256
842102,0.999898284186904
842103,0.3839737173355396
842104,0.6060541706097526
842105,0.9999158190615749
842106,0.290603963539004
842107,0.9998477709475386
842108,0.9997295435396354
842109,0.9559033714438661
842110,0.4469509369694935
842111,0.10054707072451577
842112,0.190250414742078
842113,0.01723160583944019
842114,0.9990790718046147
842115,0.6414545957276493
842116,0.8668035736261287
842117,0.05761139676086781
842118,0.9988953362784616
842119,0.02776502724044121
842120,0.9996693470674315
842121,0.9993923632473832
842122,0.838776123718652
842123,0.9991557999165126
842124,0.9999677625449352
842125,0.18152062436381894
842126,0.9998129430184796
842127,0.0024560504475362867
842128,0.012600495568872567
842129,0.9999361549698014
842130,0.8791817489252757
842131,0.9706684079302383
842132,0.9928294298652758
842133,0.22243739095553883
842134,0.9685698317404241
842135,0.999707358218376
842136,0.4761911014816531
842137,0.9678201240077364
842138,0.9952804822957322
842139,0.5090905982920055
842140,0.1819259474875551
842141,0.939048197839133
842142,0.6997406985511638
842143,0.9769210164552878
842144,0.9999017210671777
842145,0.999564384863596
842146,0.9980237014807336
842147,0.23409945578726704
842148,0.9991740265356793
842149,0.2766136896435698
842150,0.9983942557400911
842151,0.9996659396076184
842152,0.8396571033074507
842153,0.042625517597266335
842154,0.998018294976043
842155,0.9974571011811982
842156,0.9999499778418321
842157,0.9939901217756698
842158,0.9700378927801772
842159,0.9996457359889571
842160,0.6024313985177383
842161,0.9995636814758857
842162,0.6431324330150857
842163,0.9972020308220171
842164,0.46523576819733686
842165,0.48551851733968593
842166,0.8146280794762927
842167,0.984462722193403
842168,0.9562899441392396
842169,0.9994715016926344
842170,0.41656844149101424
842171,0.9961125176288128
842172,0.6899174909380548
842173,0.9799183429968046
842174,0.6007083821281717
842175,0.999178361637141
842176,0.9992172240489741
842177,0.9000456434434179
842178,0.06678750170061744
842179,0.11741890120439222
842180,0.897628791012818
842181,0.9997999630938176
842182,0.9997458034984262
842183,0.09143559266278421
842184,0.5135037104771016
842185,0.5727680095739649
842186,0.6800598359152064
842187,0.9236553916334524
842188,0.9935756959424014
842189,0.9991858783938834
842190,0.1550974116715541
842191,0.6292115611126079
842192,0.9905696047521622
842193,0.9989805604450219
842194,0.9998438862160824
842195,0.9759709558889587
842196,0.8371358261298096
842197,0.22424284420152324
842198,0.9993850404617699
842199,0.4117202372389346
842200,0.9937590792723918
842201,0.7804044209068507
842202,0.8997982342869391
842203,0.04654704899178096
842204,0.8106127393156582
842205,0.7024014005521114
842206,0.9987354122343131
842207,0.9990686295962952
842208,0.12097656642950676
842209,0.9973033021172836
842210,0.9998476057439017
842211,0.4738589742135034
842212,0.3746927500776905
842213,0.996614920616187
842214,0.9961114394126838
842215,0.9905836386520811
842216,0.5679691922337057
842217,0.9940289562183531
842218,0.744477781783754
842219,0.9591035631912703
842220,0.9443051006199834
842221,0.999319116117827
842222,0.9700342484870991
842223,0.9917265292116423
842224,0.8794476434288314
842225,0.8164898992653533
842226,0.21521294887422385
842227,0.9699479191344209
842228,0.9999810675467986
842229,0.9998272225864369
842230,0.09998728063762533
842231,0.45344227890741773
842232,0.9904888154351564
842233,0.9937703464054208
842234,0.9983223154232276
842235,0.1048199464566873
842236,0.16057288257935434
842237,0.658935771103821
842238,0.999932713554013
842239,0.971919595528286
842240,0.9058934222631859
842241,0.9980248743469766
842242,0.9998985046567339
842243,0.978095049388703
842244,0.4306240125074237
842245,0.6537842196263041
842246,0.9974886196875206
842247,0.26535905360214607
842248,0.9997083225438392
842249,0.9750949227879858
842250,0.9999559038243157
842251,0.652784694162639
842252,0.9685459683385806
842253,0.5512761377653259
842254,0.7347017104611018
842255,0.5773928379243846
842256,0.9497669148663475
842257,0.21717891918488605
842258,0.9858740686329105
842259,0.9999962544699939
842260,0.8690442156372649
842261,0.008629610905450004
842262,0.8663302341293031
842263,0.9949415740659895
842264,0.9999750700817825
842265,0.6354143922223897
842266,0.6581580765631707
842267,0.8755073292977589
842268,0.5071221721671219
842269,0.0972571157822766
842270,0.9986738990768689
842271,0.6549522480337168
842272,0.9997434846333063
842273,0.004961234732696484
842274,0.9982934068724112
842275,0.9993316048434355
842276,0.9956136618460603
842277,0.9974069963214898
842278,0.9992592298790562
842279,0.998181506159339
842280,0.1724651961481023
842281,0.9836181611373573
842282,0.40663490832454885
842283,0.9985839065655879
842284,0.2713539903713721
842285,0.8467140234110357
842286,0.8563449304863713
842287,0.9974261925463948
842288,0.19438062191178007
842289,0.9993962885856817
842290,0.9576860232225902
842291,0.27369651906323955
842292,0.9991165549721885
842293,0.2543635024870828
842294,0.9985230582747779
842295,0.011913064044571944
842296,0.9994362329633197
842297,0.999904202304454
842298,0.9710734132377328
842299,0.012458147721535289
842300,0.7676229141571153
842301,0.864149383155366
842302,0.6564237293730399
842303,0.9997796080671814
842304,0.7285143898357627
842305,0.5533222353196149
842306,0.02858605968322179
842307,0.8451627456320231
842308,0.9044132186419057
842309,0.9949514128900757
842310,0.9996841873830271
842311,0.6542492491771909
842312,0.8711018254066532
842313,0.09195386484765589
842314,0.4116082838652948
842315,0.6028153657461521
842316,0.9873476511036177
842317,0.9926817801506237
842318,0.027387334284628823
842319,0.14966628854887182
842320,0.33548490834878386
842321,0.31939767536905384
842322,0.9952998407072874
842323,0.9323261164507678
842324,0.7544313557093854
842325,0.03396041141177975
842326,0.6261664584109543
842327,0.9600827717832867
842328,0.9281446218215179
842329,0.035082211333742896
842330,0.9609118955564422
842331,0.9081774744473112
842332,0.8444078656089209
842333,0.24987906654221925
842334,0.4194151603640574
842335,0.014001224245039221
842336,0.3751606011420172
842337,0.67533436482451
842338,0.2929589633837519
842339,0.9998267655226242
842340,0.9578738341013672
842341,0.9151959541671473
842342,0.5670248025673318
842343,0.9868932662504093
842344,0.3045204383666152
842345,0.5757317915996
842346,0.5864217583736492
842347,0.9657714520869467
842348,0.0011701377616129412
842349,0.7796748399038667
842350,0.14706845571512747
842351,0.06075132105658508
842352,0.800154707698671
842353,0.9968363892413533
842354,0.39751511785321625
842355,0.35253017635295536
842356,0.30422526843573783
842357,0.9940047350930314
842358,0.5525995013089259
842359,0.9871292864950632
842360,0.9976112580930946
842361,0.9995704695041818
842362,0.9774572634582369
842363,0.881749199167192
842364,0.9938479372457774
842365,0.9972830048113719
842366,0.9986934740797242
842367,0.9947895200951078
842368,0.8609352832911016
842369,0.9957345339072117
842370,0.9500745703054496
842371,0.4819425332334194
842372,0.812988773828623
842373,0.2544658525684459
842374,0.5835838368945939
842375,0.5683299827285803
842376,0.9243120951936279
842377,0.45538846465424077
842378,0.9987373971489146
842379,0.996702754001752
842380,0.9998109432068674
842381,0.8938532855678643
842382,0.9908509414094855
842383,0.9964465918283787
842384,0.9999135329660676
842385,0.9941385895536257
842386,0.9179100664888444
842387,0.9043511473017565
842388,0.9722829727532135
842389,0.3839538272141122
842390,0.9978027265309283
842391,0.9994514923393524
842392,0.9991922434568292
842393,0.9966647556923898
842394,0.40429910686331383
842395,0.9997991936800884
842396,0.6041370883204176
842397,0.9978460439881833
842398,0.024674564795799114
842399,0.9998581776368152
842400,0.983159763872368
842401,0.9926548932039072
842402,0.6965714241884794
842403,0.9990658081100658
842404,0.8634127651454678
842405,0.9998325767719722
842406,0.8868859917965723
842407,0.034484244420864625
842408,0.9996677444468206
842409,0.9999773913122076
842410,0.08258363368369509
842411,0.9772919177911026
842412,0.9996028437014001
842413,0.08425844983164131
842414,0.26721540210908507
842415,0.004385762006511184
842416,0.742689639001593
842417,0.34843988863093167
842418,0.9891505677922197
842419,0.9999028333490373
842420,0.9110278818526225
842421,0.9999749149342873
842422,0.5520911961714658
842423,0.7886358734904166
842424,0.999680624741314
842425,0.9895975521847007
842426,0.8284501977114782
842427,0.15171571385238697
842428,0.07686135995626103
842429,0.5549293991168722
842430,0.12212980062524764
842431,0.9997826305813724
842432,0.4145280608621221
842433,0.9964323973647722
842434,0.9954868886333499
842435,0.9976682422155805
842436,0.06716471296526565
842437,0.9765133445332177
842438,0.5035486890889469
842439,0.011586966492744814
842440,0.009796194955445304
842441,0.9985826195927522
842442,0.912878483067719
842443,0.9997735028545194
842444,0.11686904805531757
842445,0.9996886126418381
842446,0.09712224945013526
842447,0.9471980367588209
842448,0.9157635134700028
842449,0.8912141109687757
842450,0.6466446146330407
842451,0.9995082810901016
842452,0.5020900088696545
842453,0.999961767812615
842454,0.7937498454439335
842455,0.9999660256700625
842456,0.9996215104575085
842457,0.9905669826392177
842458,0.9986947056070341
842459,0.8818321846522562
842460,0.9779953561598588
842461,0.9999970410129417
842462,0.749682405030391
842463,0.13862228083581934
842464,0.9270240047090909
842465,0.9998992731918885
842466,0.5383074099932175
842467,0.09262196149848934
842468,0.4306246171024485
842469,0.9999601497940569
842470,0.1920343611516206
842471,0.5084402845854772
842472,0.9998380505750928
842473,0.9999619122404643
842474,0.1265411082085083
842475,0.9966848183464746
842476,0.18163873674338746
842477,0.41859060087742167
842478,0.9999928118041466
842479,0.9999709857748755
842480,0.9520065409968574
842481,0.9862603613029319
842482,0.14775645992384243
842483,0.9964396623248466
842484,0.9858095252309889
842485,0.9985991037596578
842486,0.9987822159960493
842487,0.9994329805236675
842488,0.9997394258018625
842489,0.9995487769060927
842490,0.9999823007876699
842491,0.3100684330966976
842492,0.7379564072741858
842493,0.6428168850532887
842494,0.9942183578203612
842495,0.9981528998181128
842496,0.9825864845716104
842497,0.19698230199049627
842498,0.9999113377780222
842499,0.873915444792851
842500,0.07846925926391159
842501,0.668402809661969
842502,0.9819050334201603
842503,0.9379854745770884
842504,0.999823044998518
842505,0.45242268793588375
842506,0.08342027334226762
842507,0.2485629113367728
842508,0.9987051789682924
842509,0.9999552907533794
842510,0.9865652650368288
842511,0.9997213401934462
842512,0.998264766686975
842513,0.9991738353292361
842514,0.996166512178484
842515,0.45330629344281137
842516,0.7476516210719106
842517,0.43790016176456037
842518,0.15154675958326516
842519,0.4551676879518689
842520,0.6953177475095357
842521,0.7818488180548302
842522,0.04159664153151396
842523,0.9043738432181633
842524,0.7401514986430043
842525,0.9999920755182206
842526,0.9995415376932423
842527,0.4946044919770777
842528,0.997632168480283
842529,0.9837855809643152
842530,0.0165450031116596
842531,0.01282196623412753
842532,0.5958272329084853
842533,0.9998435958553293
842534,0.954851152734457
842535,0.9995877477029007
842536,0.9999265093912688
842537,0.23548971216972503
842538,0.9062318735444168
842539,0.9999401180708016
842540,0.08081686880380536
842541,0.8825004674320849
842542,0.7674870364273243
842543,0.043930505924937094
842544,0.358560060055478
842545,0.40218309132510344
842546,0.07612449726112964
842547,0.6726779106155718
842548,0.4695495149896296
842549,0.8067748772491494
842550,0.7034881910318098
842551,0.9417561391917981
842552,0.6824845532371682
842553,0.9995459979457181
842554,0.8968770093616765
842555,0.31699067134373765
842556,0.025381919927295566
842557,0.9986763178749447
842558,0.010053802251486114
842559,0.9967446434106317
842560,0.9704339457058457
842561,0.9768352482769622
842562,0.09722157383897402
842563,0.9780761639968658
842564,0.16791907009204302
842565,0.39432323745545717
842566,0.9904818276571653
842567,0.7378319679777148
842568,0.4328289340885446
842569,0.75345094265495
842570,0.9999525308215355
842571,0.9911803388240121
842572,0.3550853191308031
842573,0.27539977632510987
842574,0.6040571851008574
842575,0.9999206569216934
842576,0.35376060296254747
842577,0.33881546622326125
842578,0.05917796555818326
842579,0.9363840810170335
842580,0.8801627447168878
842581,0.2570333419416627
842582,0.9984565455753227
842583,0.2733366191536932
842584,0.013756304308081495
842585,0.9999562052101725
842586,0.9975278763903992
842587,0.7736931645081566
842588,0.8124895490995622
842589,0.003989806178635236
842590,0.9998450252790259
842591,0.9962295168744302
842592,0.6774216742951353
842593,0.28855150381059214
842594,0.9999727892176846
842595,0.7669167122146591
842596,0.9923262562668393
842597,0.9846993888702258
842598,0.11463076048822712
842599,0.9405959311156553
842600,0.3248379168692557
842601,0.9778084027561662
842602,0.9121819504978043
842603,0.4677774185194142
842604,0.9760517338868163
842605,0.23704895181757038
842606,0.9965895045756206
842607,0.9974628110625452
842608,0.6899253341673726
842609,0.31368765712880764
842610,0.8637836589553143
842611,0.34249066825254604
842612,0.06718735104417041
842613,0.9997451799527409
842614,0.013094946445420403
842615,0.9990981576197652
842616,0.9974165654688444
842617,0.7039575808053056
842618,0.06305491351497317
842619,0.9876921252705443
842620,0.374211476665889
842621,0.8716983437032517
842622,0.9999277152801569
842623,0.9999955039365036
842624,0.9690840550714959
842625,0.8522367594620284
842626,0.9998361612638423
842627,0.9997983457758166
842628,0.9999738482200791
842629,0.9964983524432605
842630,0.9031204245297693
842631,0.10384758340325596
842632,0.9999520042736454
842633,0.9997773229243134
842634,0.47776005631636687
842635,0.70295628313533
842636,0.8418120969462104
842637,0.562063465066084
842638,0.06673846467074607
842639,0.9924294983464714
842640,0.9992193353589646
842641,0.9999747674243826
842642,0.7157629716610312
842643,0.8902300318200368
842644,0.9999954942888871
842645,0.9993752717701931
842646,0.07981406932228931
842647,0.3882857199521598
842648,0.9907494641910788
842649,0.0034244743897929152
842650,0.7280800649841996
842651,0.1925545321825834
842652,0.9992694522211816
842653,0.6638617776237451
842654,0.21377913639417234
842655,0.35004187766368733
842656,0.7698068388993935
842657,0.08311640254028821
842658,0.9998853657913871
842659,0.9666710221649898
842660,0.039407167446028145
842661,0.9999271083844865
842662,0.9999129718356066
842663,0.9956674513184287
842664,0.3628156154211811
842665,0.09232688923126384
842666,0.990480158303405
842667,0.6964275780824332
842668,0.694426366166685
842669,0.9956995353468381
842670,0.05068287376029733
842671,0.9571791629246298
842672,0.5274152476457039
842673,0.9997120536710095
842674,0.8520128011249116
842675,0.9990665023201035
842676,0.8766280450018381
842677,0.26807306221657323
842678,0.9998198327514469
842679,0.5818250763595406
842680,0.5582751118876079
842681,0.9638711347510946
842682,0.999525898706817
842683,0.30500279960902216
842684,0.05229972989034439
842685,0.999489264751256
842686,0.9827986418263752
842687,0.9999509130913149
842688,0.024996616352534785
842689,0.9985499152460751
842690,0.987226430966778
842691,0.9999227613720904
842692,0.9997464178792219
842693,0.9191316562325655
842694,0.9990864145201126
842695,0.9137742319230362
842696,0.1422235756517806
842697,0.9412488118801674
842698,0.9775034225344503
842699,0.754359945928702
842700,0.34845465556190575
842701,0.7831306296896702
842702,0.005049952541432583
842703,0.9983969206485033
842704,0.7695817532764008
842705,0.4261034183439022
842706,0.019811553696127207
842707,0.0984092563321268
842708,0.7464159181394711
842709,0.033454812963027984
842710,0.1896074051434373
842711,0.8058673718349727
842712,0.9993229653113429
842713,0.052960355156260026
842714,0.9963251661949344
842715,0.9897873153643455
842716,0.13116155149051403
842717,0.7052769044020057
842718,0.038142740007662206
842719,0.4772083045039831
842720,0.8909457675489865
842721,0.6508041780843097
842722,0.9943049110443303
842723,0.9999558026230551
842724,0.902248329790557
842725,0.5530844499721508
842726,0.41472860184403304
842727,0.1769614301881352
842728,0.9972520465986399
842729,0.9963745312141927
842730,0.9990911517678495
842731,0.4974196318983588
842732,0.9999928981644225
842733,0.4582941736247008
842734,0.12844687566864563
842735,0.9994960848279202
842736,0.9884063134010255
842737,0.9998913203958486
842738,0.10934412151712812
842739,0.9881942777611241
842740,0.9998612110424894
842741,0.5164252224160049
842742,0.1862057134010114
842743,0.006886012796276611
842744,0.9193414454704402
842745,0.09227044030008205
842746,0.6220643229510845
842747,0.9999025244300515
842748,0.6772851490922887
842749,0.36203778829174776
842750,0.9999172060705205
842751,0.9981061709218169
842752,0.9857161925256396
842753,0.9971236088834182
842754,0.2563022689164959
842755,0.9997612905367177
842756,0.9980007584136048
842757,0.41095873989655096
842758,0.7277447170235992
842759,0.9997394298336201
842760,0.28843000947409037
842761,0.9949541268423667
842762,0.9988647893370094
842763,0.9895669911866201
842764,0.9893738150172227
842765,0.12631956860813193
842766,0.032664889550865564
842767,0.2597628984519713
842768,0.9307975320592502
842769,0.8992693915827623
842770,0.1570930577216662
842771,0.9393861763715008
842772,0.38892572218017485
842773,0.999075871414033
842774,0.7336400704944467
842775,0.525181242305246
842776,0.18721291808688262
842777,0.9976609507744926
842778,0.9805938854736551
842779,0.9992730374932568
842780,0.9997027062993222
842781,0.006730572260551983
842782,0.9906199056873355
842783,0.24354991718856062
842784,0.9211733206267254
842785,0.1971712487898029
842786,0.07950004409874994
842787,0.9999036717272896
842788,0.3659907592985432
842789,0.4517669526049943
842790,0.3167453883303053
842791,0.5178586686056322
842792,0.010187235600867397
842793,0.060950014465523436
842794,0.8496534469300777
842795,0.9988654931358935
842796,0.017392066176294498
842797,0.021000202101338964
842798,0.06377438939138878
842799,0.9817256313208494
842800,0.9936920824590106
842801,0.9994803679588158
842802,0.9995340192113156
842803,0.9893338673161922
842804,0.37247866539242
842805,0.8149403126740699
842806,0.02811957959311121
842807,0.9414288225646423
842808,0.06329197267630103
842809,0.9999833656778243
842810,0.13528881599458212
842811,0.14566276828553823
842812,0.8605748885011175
842813,0.5067912241404982
842814,0.034108246765788254
842815,0.9997204505166291
842816,0.9999333162987476
842817,0.2897340489656086
842818,0.1748296458590659
842819,0.9912064745234443
842820,0.7898357851467097
842821,0.8446710126175772
842822,0.9935594854141816
842823,0.05389919521934983
842824,0.9782416155757636
842825,0.9871637809907838
842826,0.014363332895166867
842827,0.9999224099539008
842828,0.9980552821281097
842829,0.01862558363733797
842830,0.9994651665461215
842831,0.04738457484095766
842832,0.8254264207937945
842833,0.9998311789986749
842834,0.205081322129745
842835,0.8918615828228657
842836,0.4221726416012893
842837,0.6311880348484068
842838,0.999989086357506
842839,0.9979244546616963
842840,0.9996405812285498
842841,0.9834397738763994
842842,0.08309532676180834
842843,0.9383029336640596
842844,0.9998936477844673
842845,0.10616674803859841
842846,0.9999796743059075
842847,0.9999322221478244
842848,0.2644549495130023
842849,0.4066932686513656
842850,0.9994595354520599
842851,0.36138230912790714
842852,0.9401498750752552
842853,0.988876811075365
842854,0.6657733295551386
842855,0.9999553016733347
842856,0.9997592149121763
842857,0.9998530476623317
842858,0.9790542438695561
842859,0.5579053441331855
842860,0.9991933616572136
842861,0.9985160584261612
842862,0.999323520617668
842863,0.8234674299600367
842864,0.4879100423874249
842865,0.9993647693695389
842866,0.9997962907037099
842867,0.25184469413758576
842868,0.45720489570255396
842869,0.9943278587418801
842870,0.9696443154585882
842871,0.5529904209498406
842872,0.25837243489373385
842873,0.9222392303381555
842874,0.7526188371713276
842875,0.7361391920420157
842876,0.3845998133624737
842877,0.7601190215689153
842878,0.018644342649604642
842879,0.9995865418509771
842880,0.35140025481344617
842881,0.9999424992610861
842882,0.986471171393252
842883,0.9998251548017091
842884,0.8883221524655482
842885,0.9985989190434243
842886,0.9997936753315606
842887,0.9996114812241088
842888,0.9996585605655446
842889,0.8109327559521631
842890,0.7096895983089366
842891,0.9683177917956117
842892,0.8966544512855694
842893,0.0962410454737565
842894,0.9576682862960691
842895,0.4606232760454416
842896,0.050847335524098175
842897,0.7508980308161861
842898,0.9634089787242799
842899,0.998024547041641
842900,0.990033780687515
842901,0.9842089860023351
842902,0.9805360852118259
842903,0.5190276542028206
842904,0.9958189720531236
842905,0.8254544236307584
842906,0.9700546013004621
842907,0.01883492670549478
842908,0.7848016061265428
842909,0.996508351301876
842910,0.32863251950268013
842911,0.9952743106370352
842912,0.16348640528219963
842913,0.36613599336808095
842914,0.9997099736627905
842915,0.9991978681637824
842916,0.9995191937059387
842917,0.8644463935671146
842918,0.8628662010208857
842919,0.11033892490479685
842920,0.9994765254983273
842921,0.7262905107866251
842922,0.973397046039183
842923,0.5404076124028372
842924,0.9284046902875404
842925,0.8582047655224361
842926,0.9986902224942347
842927,0.7214041296988312
842928,0.7912788639343281
842929,0.9912130689822265
842930,0.9948147792485064
842931,0.9998070250760893
842932,0.9995848816398905
842933,0.9740785780308938
842934,0.9992809138177547
842935,0.9480443972636188
842936,0.005027178846448495
842937,0.918448739105845
842938,0.1459537376460498
842939,0.675245134868775
842940,0.06912067595336072
842941,0.9476249070750491
842942,0.9977902057546894
842943,0.2722185260439141
842944,0.011495170625864685
842945,0.999008254393249
842946,0.7996126894239063
842947,0.263371415619283
842948,0.2517770262551919
842949,0.999613003588185
842950,0.99959461595024
842951,0.02636645875124522
842952,0.995699084804705
842953,0.020240750649641336
842954,0.9322660381690377
842955,0.014326058157691649
842956,0.15257033149474444
842957,0.9999883838740442
842958,0.99990176009299
842959,0.9994066525883973
842960,0.6855909713511346
842961,0.1830304427449
842962,0.9948717370426298
842963,0.040120452103399123
842964,0.9997241688120588
842965,0.06395101911574501
842966,0.08799540844327453
842967,0.9996267144225222
842968,0.5965079355919382
842969,0.7022806701107149
842970,0.9272870675949866
842971,0.9513510131871925
842972,0.9979198105108604
842973,0.14781435587781092
842974,0.0435852606800446
842975,0.7151849992688285
842976,0.43424430153332805
842977,0.9938680053912811
842978,0.16006927709616564
842979,0.9940506444622357
842980,0.35439072241520186
842981,0.5261118395728673
842982,0.0022752683682129905
842983,0.9978873441663465
842984,0.8130504736372979
842985,0.9916311379475851
842986,0.09855525564155934
842987,0.3684960877032791
842988,0.9098474147425755
842989,0.6746253081939027
842990,0.9875466553027761
842991,0.9999849345067278
842992,0.9931037407011375
842993,0.9999040849807223
842994,0.46532973474429484
842995,0.6443580339533247
842996,0.9659531694391211
842997,0.046078932835779934
842998,0.9997737538139577
842999,0.013226629914258683
843000,0.9980155214363122
843001,0.015561087905081837
843002,0.7379228945410761
843003,0.014664861546644379
843004,0.8694645981930236
843005,0.14280042022636427
843006,0.01821411168229946
843007,0.9966345199773798
843008,0.011028360332008713
843009,0.022600499802481896
843010,0.9992070726313037
843011,0.9997466577768688
843012,0.9998093803677726
843013,0.9998158541105797
843014,0.9999465623091974
843015,0.9720328391730066
843016,0.9998693951185961
843017,0.9996746804556766
843018,0.04248373978687324
843019,0.18148218154247317
843020,0.7392025140517571
843021,0.995540995317713
843022,0.9932012077676229
843023,0.8450232415862611
843024,0.9365721082818064
843025,0.9993999246187584
843026,0.8020764759690726
843027,0.7252848299655881
843028,0.6859089021505291
843029,0.9833474898054498
843030,0.9398352045145513
843031,0.08250209718512547
843032,0.9918409712613816
843033,0.6630499389566111
843034,0.9984399414475313
843035,0.29131723058572656
843036,0.9996596008620602
843037,0.9872115840931849
843038,0.9991910841958487
843039,0.8375860989714814
843040,0.4108691480105438
843041,0.9998433665216869
843042,0.20137842230563086
843043,0.9993125126783293
843044,0.38542553011824954
843045,0.9981789553802701
843046,0.9946217269677881
843047,0.8451268336912265
843048,0.8356054501789429
843049,0.9874445552973099
843050,0.9995157659531424
843051,0.07323816190280746
843052,0.999023259928576
843053,0.9670020780135343
843054,0.9862008238644231
843055,0.7387079663006813
843056,0.7360060724510415
843057,0.9881231843312964
843058,0.6546621519486042
843059,0.0926743153734213
843060,0.9543446459894028
843061,0.9767359426998796
843062,0.4305651585620622
843063,0.5586237355126497
843064,0.999731900214184
843065,0.983693624893528
843066,0.9969049711113316
843067,0.9981881773262096
843068,0.9964302978976152
843069,0.043044782046061936
843070,0.019867154251029473
843071,0.5127657334583072
843072,0.9998991483783468
843073,0.24360181447197254
843074,0.253605256275643
843075,0.8777136354313324
843076,0.9998597706103596
843077,0.9973743790276484
843078,0.9997018010881908
843079,0.07323873607035011
843080,0.6965167610908904
843081,0.0024283805808913827
843082,0.8473435668942129
843083,0.45642983690931593
843084,0.9996834495235598
843085,0.09780717586717524
843086,0.9979771903705932
843087,0.1919417850270551
843088,0.9744914123266205
843089,0.123455832138621
843090,0.9998489639682187
843091,0.0626682653583158
843092,0.8316159039241835
843093,0.7882332990957293
843094,0.5257683210360059
843095,0.9995670610183034
843096,0.9996538942393407
843097,0.9968523052278864
843098,0.9443782384740833
843099,0.29471493010545613
843100,0.7419746276403247
843101,0.9762084564321512
843102,0.592421437871827
843103,0.9995853317487546
843104,0.32310290779968903
843105,0.37044642940365036
843106,0.9999459435591571
843107,0.8969241654013986
843108,0.9854890754156729
843109,0.9997104241172756
843110,0.6180743318220118
843111,0.1628641571506883
843112,0.9949914328516268
843113,0.43961465989993004
843114,0.7418464709266933
843115,0.7331225498471889
843116,0.9613590477419249
843117,0.45871625686802175
843118,0.9994848496275258
843119,0.9980678045644598
843120,0.8453304057847312
843121,0.9999080242030922
843122,0.9334150076232158
843123,0.9985375219702652
843124,0.155602041097594
843125,0.9922409015832365
843126,0.7703355881128985
843127,0.9991289013034796
843128,0.9993763804254183
843129,0.2584770072855408
843130,0.99656411848063
843131,0.6410960364382419
843132,0.9975400993292929
843133,0.41128479523817274
843134,0.9916744933794763
843135,0.9995855363769488
843136,0.01067731770471514
843137,0.1204045707440121
843138,0.9998702481300653
843139,0.011649985843473645
843140,0.9988575466275167
843141,0.6690566262741005
843142,0.27549832493269666
843143,0.22385644340241995
843144,0.10243636321985997
843145,0.9782927928737422
843146,0.69674394948594
843147,0.9723201236058092
843148,0.9864922167167338
843149,0.8956165484528269
843150,0.778920918964804
843151,0.9991589449714102
843152,0.9996234120950616
843153,0.5187680691423079
843154,0.0426746530551706
843155,0.8487030237209049
843156,0.04357264427273217
843157,0.010757450534553417
843158,0.8995295464404105
843159,0.8231854658202298
843160,0.012082572296835061
843161,0.9996547047917321
843162,0.5173319652704755
843163,0.37098591112705015
843164,0.9996018483571587
843165,0.017908639206923455
843166,0.9785019258385157
843167,0.05402564305108552
843168,0.4269468210999746
843169,0.9923680371375075
843170,0.25299694168746123
843171,0.9972121096347422
843172,0.9999728871492717
843173,0.9799893055791075
843174,0.3499852065784713
843175,0.9998971947040511
843176,0.9999860865749431
843177,0.9999168537894272
843178,0.9971285983689087
843179,0.026492358964101213
843180,0.9989094940236883
843181,0.04669165141543444
843182,0.3643313217151555
843183,0.9973902901946772
843184,0.9918057390837061
843185,0.9936681995109818
843186,0.9997416463813553
843187,0.9929950756175752
843188,0.9922443768078073
843189,0.9996622623221025
843190,0.9994012368094248
843191,0.9770948123350891
843192,0.1586662665860836
843193,0.10907180444492816
843194,0.99313484953507
843195,0.9827447027244003
843196,0.999031643979527
843197,0.9999826168977766
843198,0.9991897940535241
843199,0.932114013592356
843200,0.058050751145015816
843201,0.7954141135577207
843202,0.7773104713321156
843203,0.5060825137505027
843204,0.010229369506870858
843205,0.2993565363721546
843206,0.999898306111715
843207,0.14855170283034488
843208,0.7304991411848245
843209,0.31434141483103956
843210,0.9936673772177125
843211,0.3964528613264025
843212,0.9823609920369443
843213,0.9999134379616714
843214,0.861718541839264
843215,0.8620653363704872
843216,0.9987224022349713
843217,0.031425450191664796
843218,0.7549324947716046
843219,0.4688671002476218
843220,0.9999345676053791
843221,0.8878811262985151
843222,0.049689150321572326
843223,0.2810692609643597
843224,0.48961378719845117
843225,0.9999699251899621
843226,0.9997043243796941
843227,0.5592059184295958
843228,0.6781248435163917
843229,0.008554368899892872
843230,0.9967327468479633
843231,0.8039216421466461
843232,0.9100141448027436
843233,0.9996906366645383
843234,0.9991320942288437
843235,0.14785103190247642
843236,0.9997106674629468
843237,0.8795918950764885
843238,0.9818757140502741
843239,0.19409541811116304
843240,0.9999376117350365
843241,0.21493530954710013
843242,0.012907090883766924
843243,0.28589406125910183
843244,0.9963432697656287
843245,0.33411022138134927
843246,0.9870099020563051
843247,0.9900394120461166
843248,0.9624274885472132
843249,0.5760688720019111
843250,0.4359251773236641
843251,0.8387691904771273
843252,0.758449461129119
843253,0.18044926832808558
843254,0.9992551944518866
843255,0.007379419562727245
843256,0.34734957009614775
843257,0.9996271755262703
843258,0.9995669320782029
843259,0.965824612423469
843260,0.32427435595917514
843261,0.07854742195026553
843262,0.9573219774849204
843263,0.9998819408853293
843264,0.9968457820207316
843265,0.9951936254521363
843266,0.009005903411043854
843267,0.9996999673058098
843268,0.9651343022052739
843269,0.9644174355494497
843270,0.9845254139440609
843271,0.9961166550360883
843272,0.4091733989653863
843273,0.9999270470755166
843274,0.9949999081358261
843275,0.9997092652176622
843276,0.9934961718971231
843277,0.08342499551360187
843278,0.010089949441614907
843279,0.9994967186752419
843280,0.993686825863151
843281,0.03496756472006015
843282,0.04116064991257795
843283,0.0032420967145952062
843284,0.9998382082968957
843285,0.8734172005816105
843286,0.9999554005310862
843287,0.9926527971039131
843288,0.9970504443489279
843289,0.792825071820136
843290,0.9453533119259441
843291,0.44713867247920414
843292,0.9960900515492793
843293,0.12195769660056552
843294,0.8179655594234478
843295,0.27316757423981897
843296,0.9731164616336794
843297,0.11712234371906419
843298,0.9997691118039684
843299,0.7379389122474854
843300,0.9946902241620789
843301,0.0024144789670382046
843302,0.34107154613551205
843303,0.059781706551577454
843304,0.9982460226212407
843305,0.047809021311517895
843306,0.2664791183755505
843307,0.272286018499602
843308,0.05536905246199795
843309,0.9506371953448918
843310,0.999974538725168
843311,0.9998042052771441
843312,0.9413941542239469
843313,0.9995700187189234
843314,0.9994295477900011
843315,0.01757478598307283
843316,0.9991734064256639
843317,0.407865310570435
843318,0.9977414108423939
843319,0.7859350362459896
843320,0.5526120791179325
843321,0.42041844321982835
843322,0.8409470260846883
843323,0.7498770425189416
843324,0.999829867482568
843325,0.6213430196133661
843326,0.6679500864345294
843327,0.9974017569541821
843328,0.210199695825886
843329,0.520185507886745
843330,0.997627887437796
843331,0.5821700165300472
843332,0.999982994001597
843333,0.9999063066305767
843334,0.9999445640284035
843335,0.20492087255309338
843336,0.9995505024456269
843337,0.2802952332361292
843338,0.7167237637645023
843339,0.9999693889142311
843340,0.4969568573777449
843341,0.19310131004210757
843342,0.9988105338572921
843343,0.6312022885491517
843344,0.251126788334302
843345,0.9653111182049317
843346,0.23583711442441135
843347,0.9990639795214182
843348,0.9999636930565141
843349,0.9996447916200887
843350,0.49760730677340187
843351,0.9996362622788486
843352,0.9996888498731119
843353,0.9989506792700822
843354,0.9996877458430342
843355,0.48278807572639154
843356,0.9541646906605313
843357,0.7515908370131756
843358,0.4156055475940421
843359,0.9996188194746152
843360,0.12069143115231476
843361,0.9999411308839061
843362,0.9997079433544884
843363,0.7962838123561632
843364,0.9321030605210934
843365,0.9953632752815385
843366,0.990311901367097
843367,0.6663406910167111
843368,0.014529267322203578
843369,0.8325977258604446
843370,0.06378872458403344
843371,0.6400789568911157
843372,0.9996763916868111
843373,0.7392390993686488
843374,0.27875804164858564
843375,0.9225936863206092
843376,0.9992062935549011
843377,0.9969505230283408
843378,0.19695600816717124
843379,0.16685739585198084
843380,0.9999556642735743
843381,0.9935476447862153
843382,0.27916724900349943
843383,0.9829054932681308
843384,0.9947523181328607
843385,0.990583276765348
843386,0.41662778903859365
843387,0.008244331142634636
843388,0.9704332755282273
843389,0.38759528543319066
843390,0.6033499805802027
843391,0.6764797213090605
843392,0.9999818809562523
843393,0.4144200253965127
843394,0.01848475690767459
843395,0.9950038979913671
843396,0.9987022613230456
843397,0.9990946862508694
843398,0.08224296498434043
843399,0.8709394986647406
843400,0.870205693852713
843401,0.9996241433824203
843402,0.9980964464574398
843403,0.9998517378420138
843404,0.2624892127023719
843405,0.9734376399260862
843406,0.5780293422104869
843407,0.999743169871195
843408,0.998796900025266
843409,0.9486578320062271
843410,0.9265775418289319
843411,0.9237540295566218
843412,0.24002129355152696
843413,0.9990036617692792
843414,0.6510356021422302
843415,0.4587981693814025
843416,0.7826379651191223
843417,0.9958319451889468
843418,0.9468035927982694
843419,0.9999882753877493
843420,0.9785466164695475
843421,0.25350045230607726
843422,0.6527030804607672
843423,0.9999442709034398
843424,0.8415690813306258
843425,0.9399947435199211
843426,0.027287007110921933
843427,0.9990433657084463
843428,0.2529879789368569
843429,0.999846587472295
843430,0.09011540812536346
843431,0.9922805018645786
843432,0.5593407482395458
843433,0.6177343853443188
843434,0.9893302422300609
843435,0.62118667949911
843436,0.9995715923699461
843437,0.49258615159772956
843438,0.2746194896235181
843439,0.6924129270934882
843440,0.4511023477676393
843441,0.9971693158815003
843442,0.47562724685737245
843443,0.9202727767566702
843444,0.9987176095337547
843445,0.9903711050685865
843446,0.9999336373461136
843447,0.8256153651278286
843448,0.9994810864018921
843449,0.09835482535373305
843450,0.9997028872535254
843451,0.9985437539911348
843452,0.999513233274169
843453,0.04659255799111045
843454,0.746986288441515
843455,0.9999239127053778
843456,0.9974956059189715
843457,0.05942051710576806
843458,0.12483440881242532
843459,0.9695481536863442
843460,0.1477491528571496
843461,0.5569157299511145
843462,0.9997004077678333
843463,0.9976963671622643
843464,0.5458077709613623
843465,0.0780323565086909
843466,0.9986336411991816
843467,0.9962855134890892
843468,0.06010304205305087
843469,0.9997882915225788
843470,0.06102813289126016
843471,0.9906548768024301
843472,0.9999245373337623
843473,0.7657774117687356
843474,0.3456302948521802
843475,0.9849583327008621
843476,0.9549486033162304
843477,0.836458398923172
843478,0.9997596202581998
843479,0.0909049095390034
843480,0.9477091816796721
843481,0.9843395461691342
843482,0.9998742199393709
843483,0.9996213742759172
843484,0.9961611954663435
843485,0.9193541354487021
843486,0.9997424268612899
843487,0.9972221991437915
843488,0.5532884408465182
843489,0.9997054680678332
843490,0.996004785238757
843491,0.5168719043937045
843492,0.9755904234275901
843493,0.8853550080680314
843494,0.006933647433706277
843495,0.09029688654560536
843496,0.9985048717589659
843497,0.9999314461524987
843498,0.9996568317821364
843499,0.24563930155190644
843500,0.9985200607094651
843501,0.9991504431011669
843502,0.9997839585062697
843503,0.21440197768714586
843504,0.5781961223445902
843505,0.9115480388773152
843506,0.808304880532451
843507,0.9550741854104556
843508,0.599066573623062
843509,0.9996868584220049
843510,0.7141262203802685
843511,0.8832885834015546
843512,0.9533072356801277
843513,0.9993929766629698
843514,0.9994829305856635
843515,0.9819630282954068
843516,0.9940763615885843
843517,0.984171293424885
843518,0.9283813358459848
843519,0.3690304493258947
843520,0.9999186787264965
843521,0.9998684780843808
843522,0.714290829732228
843523,0.9307195093974245
843524,0.47450216811008095
843525,0.999866270603109
843526,0.9944590464272471
843527,0.020402759812880977
843528,0.31879714868392983
843529,0.8078163852510947
843530,0.8216286231484843
843531,0.9919473906719336
843532,0.8659947055974129
843533,0.03740575375689411
843534,0.5033363811246406
843535,0.9998805106301427
843536,0.9995426702735156
843537,0.03334089078984177
843538,0.8082482872911065
843539,0.5140753840378333
843540,0.9960097849180498
843541,0.9958541915881105
843542,0.9977773037891313
843543,0.19192878706669303
843544,0.9997743176697553
843545,0.6922422281000945
843546,0.998365344030711
843547,0.9986137064511615
843548,0.33675394187413543
843549,0.9952108297196571
843550,0.9972671460112686
843551,0.9331183589574779
843552,0.9981751322371442
843553,0.8511291700039436
843554,0.7372585027444987
843555,0.7636226093726604
843556,0.45060634840028285
843557,0.7773040758122491
843558,0.633544694790331
843559,0.9981853533614136
843560,0.9196659512712081
843561,0.9999175753464389
843562,0.7300645914463857
843563,0.9750712505260906
843564,0.26181726532351096
843565,0.019557483879203863
843566,0.8487857234666604
843567,0.010709385953007295
843568,0.9994338938544287
843569,0.9994614161365674
843570,0.5032927581922417
843571,0.24583328319196351
843572,0.5865420948972638
843573,0.9965002701068368
843574,0.06262233661950242
843575,0.998222069228334
843576,0.89277689887439
843577,0.9955397941103297
843578,0.41660316209394244
843579,0.9966265536949868
843580,0.640942712264108
843581,0.9901490367567055
843582,0.9879032136984667
843583,0.47986414115591347
843584,0.325785860105675
843585,0.9990752452944436
843586,0.9999125752120954
843587,0.9508448550573487
843588,0.6151649875248048
843589,0.9002490723981615
843590,0.9993506961601799
843591,0.6893674227930872
843592,0.9999318423686718
843593,0.9761446147082726
843594,0.9457957808598938
843595,0.9528040396982325
843596,0.9993778589534121
843597,0.982975579932718
843598,0.012338403866951052
843599,0.5420793631096441
843600,0.2476240002035784
843601,0.9998570815695191
843602,0.9820143321520356
843603,0.6940081670025624
843604,0.3689416508968168
843605,0.2504881745997209
843606,0.11568717120708999
843607,0.9512428454703729
843608,0.9413451790700814
843609,0.36731292053852416
843610,0.9996607388546654
843611,0.7857232156316097
843612,0.7877366489270305
843613,0.9996243433478658
843614,0.21823256416324782
843615,0.9990197536397654
843616,0.10454825914127781
843617,0.8580661088274569
843618,0.5332700907490138
843619,0.9990826706573382
843620,0.11403515562418454
843621,0.8482139553730974
843622,0.9991869660258881
843623,0.9925381239674573
843624,0.8765833926127533
843625,0.11772106502677218
843626,0.49700225652571234
843627,0.9469416461985832
843628,0.9565661772554592
843629,0.9936752388582288
843630,0.270910574709516
843631,0.99518936565486
843632,0.9992813390729682
843633,0.23084683773936868
843634,0.9999582121216357
843635,0.9964840464275408
843636,0.9999584545570714
843637,0.834160337151796
843638,0.9999796607839129
843639,0.9931720299041067
843640,0.9998900906307759
843641,0.9997538782189545
843642,0.9925231249349451
843643,0.8641250982252863
843644,0.9895836841561736
843645,0.9995800593438661
843646,0.011579529175048873
843647,0.45436585845368005
843648,0.2519250043089111
843649,0.9997977018399866
843650,0.9996754446816762
843651,0.2778007316547095
843652,0.9999636349618786
843653,0.9272228733858847
843654,0.9989323013027793
843655,0.8636480868545224
843656,0.9998802167708121
843657,0.9998016831150065
843658,0.9999455805797889
843659,0.9983917450269395
843660,0.4624277530628712
843661,0.9998147931846975
843662,0.03699069921052307
843663,0.9822487805824798
843664,0.11819975133391011
843665,0.998924995541242
843666,0.9765449543481856
843667,0.9926135635186107
843668,0.9987099666110415
843669,0.9913811077328998
843670,0.011716410280821665
843671,0.9972820294709778
843672,0.9846653523375895
843673,0.9979569176003098
843674,0.7710963082204334
843675,0.6295818652037897
843676,0.4135740241006193
843677,0.5388424509206744
843678,0.05059839633210436
843679,0.40334256068945085
843680,0.8144839524294181
843681,0.9670564058612766
843682,0.013652235618907826
843683,0.9991985445920539
843684,0.9965943133801929
843685,0.9998639830248169
843686,0.9779757494580114
843687,0.9929245744527058
843688,0.27732198163220134
843689,0.9998470963106563
843690,0.9595364579854331
843691,0.999971853900306
843692,0.19395284635290289
843693,0.9999126869840715
843694,0.9991149444520406
843695,0.9911407021359425
843696,0.9966629714545219
843697,0.031588964321198135
843698,0.9839504529160101
843699,0.3181183931034465
843700,0.6439824807303844
843701,0.9996066258749433
843702,0.9993178186275351
843703,0.032692956467141356
843704,0.9234071724113522
843705,0.9982206836474043
843706,0.9955127712111722
843707,0.7215181035867728
843708,0.02931612487384444
843709,0.3036128933887825
843710,0.9010036863152855
843711,0.1369777933002167
843712,0.9999662261118475
843713,0.13413192418215636
843714,0.9761249018701845
843715,0.0627996411656887
843716,0.9979553027341792
843717,0.9971686781801976
843718,0.9369711398235543
843719,0.057029278708671804
843720,0.5256202735573133
843721,0.8560025103945336
843722,0.05543382441476431
843723,0.9984219170380755
843724,0.9953082303663662
843725,0.999331261101023
843726,0.12735681686784117
843727,0.06759686456767258
843728,0.8756318175864828
843729,0.03162321581829511
843730,0.048588773977631186
843731,0.9777966359824816
843732,0.8003433991541556
843733,0.9887843242168559
843734,0.9390325969592397
843735,0.773813712447606
843736,0.99961695480969
843737,0.9981593176637178
843738,0.5119785411348465
843739,0.631564415712385
843740,0.9995672249333789
843741,0.3737429774099418
843742,0.9755922835393405
843743,0.9991268466983589
843744,0.9734495628458831
843745,0.9978265824963986
843746,0.9999006070610272
843747,0.005360753424962566
843748,0.9997756928997483
843749,0.19324793148883213
843750,0.9977557219993761
843751,0.928369556673829
843752,0.6513758779051586
843753,0.7651486817395002
843754,0.6911917254170536
843755,0.9942704139474062
843756,0.9973993497552014
843757,0.9728420880586757
843758,0.9999864604745226
843759,0.03980742049265297
843760,0.7659434267326446
843761,0.9137754471733358
843762,0.6420054807159514
843763,0.9705844346766241
843764,0.9999407331761353
843765,0.013903147995335258
843766,0.2590393379689551
843767,0.633502288196787
843768,0.9181366992489929
843769,0.0906707253813874
843770,0.9171902502381825
843771,0.9999290466212964
843772,0.9920100270170111
843773,0.982232174790614
843774,0.032266877515927564
843775,0.9995146774262517
843776,0.09207472265307555
843777,0.9969290195648053
843778,0.9534949018564376
843779,0.9999559533024858
843780,0.03308006722081752
843781,0.9998449486963825
843782,0.999979812777466
843783,0.9379339044628348
843784,0.5768817543346076
843785,0.07715826641783753
843786,0.8419259028949484
843787,0.8008276205434046
843788,0.025113295002587493
843789,0.2622217688932719
843790,0.9984426009619793
843791,0.9990660919855137
843792,0.9550154692957332
843793,0.014609964527060433
843794,0.32135021068860786
843795,0.9027599151371561
843796,0.29575434507208964
843797,0.9999713264587125
843798,0.7560912565483439
843799,0.9479295551747937
843800,0.9540957821815579
843801,0.6947635867582691
843802,0.9774573590159416
843803,0.9874892737807623
843804,0.9998970123795873
843805,0.9540793741108677
843806,0.9997350007055198
843807,0.9998391668091898
843808,0.9999608881098114
843809,0.11467555842489274
843810,0.9613382810980862
843811,0.9992045911207181
843812,0.8494501859357566
843813,0.45040294708180495
843814,0.9894373122228775
843815,0.9997628668591002
843816,0.4062676917899384
843817,0.2694870545830269
843818,0.17606654161990704
843819,0.9089175143365582
843820,0.552090000042817
843821,0.9952587490884401
843822,0.9996786831348055
843823,0.689470049832633
843824,0.026500708155579242
843825,0.3573427391773707
843826,0.9999845101553124
843827,0.9988546606140695
843828,0.9229181151693445
843829,0.9991344480580386
843830,0.6331522051517126
843831,0.3266124722405236
843832,0.9998848599521692
843833,0.715113452734266
843834,0.013538742550350407
843835,0.6226179195841572
843836,0.9997284407141775
843837,0.9986637739907105
843838,0.615413671436229
843839,0.4062274049873311
843840,0.9829846543771719
843841,0.21126852606040547
843842,0.9995309141243434
843843,0.9999101980560885
843844,0.9999549243124668
843845,0.4782914051575027
843846,0.9967407804381812
843847,0.9886854405972663
843848,0.9998818932415128
843849,0.7666607546810027
843850,0.9996726619389056
843851,0.9955814934423115
843852,0.9661697225425068
843853,0.4799627936539289
843854,0.04496019449866491
843855,0.03231257086611629
843856,0.6453817405158077
843857,0.5425903573799263
843858,0.0141411452321327
843859,0.23822767228088249
843860,0.9992589377087904
843861,0.9999882915219065
843862,0.9980351806377452
843863,0.07867003789315011
843864,0.9966034205328478
843865,0.9999136426805167
843866,0.8662464840633681
843867,0.9532963906726264
843868,0.9953707928715025
843869,0.9862721008207516
843870,0.99990510763258
843871,0.9998535082403662
843872,0.9854671953175627
843873,0.17372195716036193
843874,0.032026278528054015
843875,0.44278716893580417
843876,0.7636906014963497
843877,0.9999838328702193
843878,0.9963598469004074
843879,0.9996062060119011
843880,0.999980952680421
843881,0.9985968139066446
843882,0.9994625757853846
843883,0.30389157148605767
843884,0.8757814875843888
843885,0.9102816639132152
843886,0.9497559761128773
843887,0.05397854076876543
843888,0.9626166867158878
843889,0.9989590998072069
843890,0.01024774618717324
843891,0.9620369160866232
843892,0.16667230602786176
843893,0.6602135166051806
843894,0.9867559339282468
843895,0.009850416547761521
843896,0.07738456526541695
843897,0.9856231250743845
843898,0.9915053129156759
843899,0.9993559854025444
843900,0.9833107743857545
843901,0.7289959986284568
843902,0.9996215320650809
843903,0.99991563509814
843904,0.9743694386191863
843905,0.2803235233231231
843906,0.6781385170683912
843907,0.6321468370149598
843908,0.0023954409113549594
843909,0.9564991389281283
843910,0.9422179473923118
843911,0.9950390670159233
843912,0.6620013988783567
843913,0.9999708674468903
843914,0.9954979767263525
843915,0.9999893654109722
843916,0.3333188524052588
843917,0.8442260895747642
843918,0.025060849961124433
843919,0.9997163619199751
843920,0.9082768070314993
843921,0.9989629556918735
843922,0.8355687441027712
843923,0.386381472855639
843924,0.9995114641052537
843925,0.21444450602955517
843926,0.9998711365497901
843927,0.9970487721985699
843928,0.9964838397279853
843929,0.9996491879317402
843930,0.2842604648761576
843931,0.9978015865290542
843932,0.9978107739929576
843933,0.999569220123769
843934,0.9996564386190293
843935,0.744574335825489
843936,0.9958997211307345
843937,0.9993429668480818
843938,0.9951667507035972
843939,0.7193134555445144
843940,0.9997409181592786
843941,0.8414589720009471
843942,0.9998208145549092
843943,0.7542658779189447
843944,0.9278028254208273
843945,0.9902867964085299
843946,0.8603913807662967
843947,0.9994533399320091
843948,0.6279223351924846
843949,0.7326179216664199
843950,0.6198626137174352
843951,0.021395918572993375
843952,0.9978562176363635
843953,0.20251692702071117
843954,0.08973982813008896
843955,0.9976025995890063
843956,0.9729793640711221
843957,0.014058645533736223
843958,0.9997002544402791
843959,0.9667580509457644
843960,0.9999735924795254
843961,0.007325979658672438
843962,0.6391111108817054
843963,0.9999172151659206
843964,0.6263200519392434
843965,0.7705562465796236
843966,0.06784800304800122
843967,0.9990913280513098
843968,0.999749628100862
843969,0.024806837018185604
843970,0.9999332995468857
843971,0.8605507619222141
843972,0.41056088389952994
843973,0.7187749193485269
843974,0.03533768121439239
843975,0.4094673545233699
843976,0.19452088745678225
843977,0.9995852941653252
843978,0.9990761045866687
843979,0.957875388307412
843980,0.03240074388973166
843981,0.37019909694404063
843982,0.6511425036355966
843983,0.9986356468761663
843984,0.9993649783420364
843985,0.6983111887487345
843986,0.7700847797951645
843987,0.5229949828587274
843988,0.04970130783249894
843989,0.043332501696844064
843990,0.7194781342318908
843991,0.046616754078120146
843992,0.892268612102739
843993,0.9922309576912498
843994,0.9808476871803723
843995,0.8864447842947919
843996,0.5774139244457007
843997,0.9999850401991128
843998,0.9999224290863544
843999,0.44923131657538984
844000,0.9053920674176277
844001,0.7739794735936435
844002,0.9998586342447254
844003,0.9503633459778655
844004,0.9999887754380489
844005,0.4864936161385733
844006,0.9605904762462419
844007,0.9999649765250108
844008,0.9271995655269087
844009,0.2943220500814987
844010,0.25417626303779184
844011,0.992207171851789
844012,0.9999672752257275
844013,0.6986603077523532
844014,0.6907561745760624
844015,0.7633974279253843
844016,0.999903498456239
844017,0.05432562363586637
844018,0.9992482585921261
844019,0.19583037980245954
844020,0.6085141574573932
844021,0.7085908265078495
844022,0.8624109416189696
844023,0.9999678499227838
844024,0.06010314887950295
844025,0.7301085706996964
844026,0.9997440059757623
844027,0.999925146910563
844028,0.1519290625196484
844029,0.2174468710305814
844030,0.10234199744862954
844031,0.5815884483571773
844032,0.9896451860180198
844033,0.9980920392751857
844034,0.0417821626826021
844035,0.03482997625090046
844036,0.9053424516083277
844037,0.9983952608085658
844038,0.01786256510120656
844039,0.9757718505168957
844040,0.32480665587588353
844041,0.8176269642443368
844042,0.9997950927748482
844043,0.038352579802718806
844044,0.9942182184694779
844045,0.8506985699756262
844046,0.9993634274624588
844047,0.9997451782071354
844048,0.9032493162902797
844049,0.9747190613104231
844050,0.9991568782718809
844051,0.9705748705769712
844052,0.9746372053727883
844053,0.986706902681914
844054,0.7385252332444059
844055,0.8772514340490071
844056,0.9999848330120071
844057,0.9950901344113358
844058,0.9999110532286284
844059,0.24139206146529552
844060,0.9998704349267193
844061,0.0912764148667322
844062,0.07301910480549852
844063,0.10874559954036064
844064,0.3640059151976286
844065,0.9993996286215898
844066,0.39505076465191324
844067,0.9301600784259904
844068,0.9998840926383975
844069,0.6108838323372385
844070,0.3701880161725404
844071,0.964694068244486
844072,0.9862427295178242
844073,0.8897601783212268
844074,0.9994240301239949
844075,0.5383108109993364
844076,0.10140224413530863
844077,0.7708423856911772
844078,0.9997152038604518
844079,0.7376242236195133
844080,0.9925317907712428
844081,0.9994925331636433
844082,0.9998077031079562
844083,0.9997679795403464
844084,0.2893579874769686
844085,0.2312595805996011
844086,0.8414474688209015
844087,0.49472817845895967
844088,0.9995087699164326
844089,0.9997851667268544
844090,0.05455317758934255
844091,0.14981850092895277
844092,0.04964936570180406
844093,0.7523973122802474
844094,0.5295938915174733
844095,0.9303845598965882
844096,0.635894377330952
844097,0.5313810675463742
844098,0.9993087430838201
844099,0.99931084263906
844100,0.9951608193661265
844101,0.7520050313096468
844102,0.11865648950898189
844103,0.4829666749552009
844104,0.9995926839990917
844105,0.8503393631688106
844106,0.5787842024772416
844107,0.9972149143902278
844108,0.9997643224527629
844109,0.9997235775153352
844110,0.8439749048046528
844111,0.0023475605645734443
844112,0.9998936810556012
844113,0.9994507525180145
844114,0.912955337189044
844115,0.6892380169668726
844116,0.7095513455290585
844117,0.01008929530859875
844118,0.9990029084588249
844119,0.014869665750653408
844120,0.007774216958153916
844121,0.657731948223476
844122,0.9736070464918352
844123,0.011554976290454145
844124,0.9999930422036386
844125,0.999960173693528
844126,0.09841863252655017
844127,0.9991353207614735
844128,0.9992445150074585
844129,0.9391455561618597
844130,0.7837431220348392
844131,0.9947429003845791
844132,0.8769562313493482
844133,0.8105740253138738
844134,0.9906436940492729
844135,0.9999798130523577
844136,0.12472174626449584
844137,0.9474211335945543
844138,0.9323860823421665
844139,0.0757764144231617
844140,0.9793005059506599
844141,0.9966297300550002
844142,0.5668420079814688
844143,0.9997641903506584
844144,0.9829740938966376
844145,0.8148701685190636
844146,0.7864256990655922
844147,0.9992908918442807
844148,0.3175849488004435
844149,0.9995658997555061
844150,0.9965939155677711
844151,0.999527574768785
844152,0.9321318628171946
844153,0.9965181942025797
844154,0.6327028654994697
844155,0.1953059898327463
844156,0.9920964467771284
844157,0.9970047090269308
844158,0.3482942920146027
844159,0.9433416326044781
844160,0.4130918693581942
844161,0.999944742160026
844162,0.9998254734367056
844163,0.9981644695785077
844164,0.999318486919799
844165,0.04384186607544694
844166,0.9259253883055204
844167,0.8633701324911678
844168,0.5955549906231377
844169,0.9748855984063012
844170,0.9999824726560494
844171,0.6782462930412757
844172,0.21110826418363404
844173,0.4214259432881542
844174,0.2626500769728595
844175,0.538222395143418
844176,0.35528673421420226
844177,0.5251246367065352
844178,0.4353119310526652
844179,0.007495796166151588
844180,0.17005774952764935
844181,0.9994825686932123
844182,0.9952654971497195
844183,0.9942497258715297
844184,0.9973264102271575
844185,0.6937418927586677
844186,0.9994288071310835
844187,0.9999678468356346
844188,0.6334117234239772
844189,0.999914989382906
844190,0.9997459467262015
844191,0.5729199401157345
844192,0.5272099152452591
844193,0.11337045125741098
844194,0.9375016184073507
844195,0.26681575657046624
844196,0.5236107563489352
844197,0.9986095706092364
844198,0.10533901998578898
844199,0.500950375810164
844200,0.9996006087698733
844201,0.0033043610420819738
844202,0.9996163428171607
844203,0.9168708375854375
844204,0.9996318296036
844205,0.9977686791175873
844206,0.9286518747159951
844207,0.9983951388909178
844208,0.9486347256567346
844209,0.999935727033177
844210,0.9998368813826837
844211,0.6625337193078049
844212,0.9997733712836221
844213,0.43914769175764495
844214,0.9994712955197681
844215,0.9965017837399376
844216,0.9993777842179411
844217,0.03819654220197281
844218,0.0949226885733625
844219,0.8372658070524439
844220,0.9996802286455052
844221,0.8155577443409855
844222,0.9292231745636883
844223,0.999953680106928
844224,0.6303024575842399
844225,0.5994520510200834
844226,0.7434583464176326
844227,0.0768257070296651
844228,0.4998445190373815
844229,0.9405836957851785
844230,0.004241678848754994
844231,0.9831914818898422
844232,0.997177713371088
844233,0.28589955281225066
844234,0.28942992356544556
844235,0.7394262961443192
844236,0.9999341766233786
844237,0.9994551124908616
844238,0.8367251349919049
844239,0.931815342795475
844240,0.030780655025743113
844241,0.9198223442922164
844242,0.9996461116178369
844243,0.15661100629639677
844244,0.9993797971598164
844245,0.9996440420191132
844246,0.3834525393459659
844247,0.6028798812801984
844248,0.9822205639152235
844249,0.9992667083631407
844250,0.9833675899560157
844251,0.8269398674791393
844252,0.5676652497701348
844253,0.9997569292707548
844254,0.8822870852915987
844255,0.999847995563458
844256,0.1812622190325029
844257,0.025287134343160888
844258,0.39375811654795656
844259,0.7212742922256856
844260,0.9036857089268204
844261,0.2485129126546746
844262,0.998323043976356
844263,0.9471566429598627
844264,0.4555973701616991
844265,0.9973445390064344
844266,0.9998314513206051
844267,0.9999766102048854
844268,0.4484005650391111
844269,0.06753166207634727
844270,0.9942508845047789
844271,0.614748787138061
844272,0.16639689051423875
844273,0.42729989431396564
844274,0.9789775859929644
844275,0.6281873767846342
844276,0.9995652794877095
844277,0.9973175142870757
844278,0.9740483208533003
844279,0.6656015650362963
844280,0.012853453431515883
844281,0.9967147280698352
844282,0.9907033208413086
844283,0.4653408670418383
844284,0.9973770721463878
844285,0.8809099945607364
844286,0.9999868941822077
844287,0.994819504092725
844288,0.8018726607262394
844289,0.9986754555256991
844290,0.9973761141831889
844291,0.9983518001179379
844292,0.9924725098285463
844293,0.9998356282134003
844294,0.9747519114329953
844295,0.20299483974394078
844296,0.9976449090225499
844297,0.28525404894942746
844298,0.8756740235570024
844299,0.9992638258708697
844300,0.9995237321372459
844301,0.8978218127150799
844302,0.9983763013441478
844303,0.9970133455438912
844304,0.9791050651201856
844305,0.9903378883311965
844306,0.010451802484541643
844307,0.9991044702330544
844308,0.6562682006939773
844309,0.9746003877922969
844310,0.4383629888207815
844311,0.25959750573392787
844312,0.9586731009734377
844313,0.07446140390395478
844314,0.9996731600636141
844315,0.36803455950764463
844316,0.9995510541439396
844317,0.9996725643770477
844318,0.072169454395233
844319,0.3206817194174213
844320,0.9999258309897258
844321,0.12579702259355896
844322,0.14298919013871475
844323,0.9753409173632248
844324,0.9993565200350195
844325,0.9999710204258608
844326,0.9642481299614505
844327,0.10355789570597812
844328,0.9987336482433637
844329,0.7980519732006133
844330,0.22755482290003548
844331,0.990344462077915
844332,0.4907950634574744
844333,0.04858001091424105
844334,0.20997445154606711
844335,0.4319634700115435
844336,0.041988107068235296
844337,0.7475054940291691
844338,0.9998713877918604
844339,0.010206201295022591
844340,0.999883407216284
844341,0.49192334474268495
844342,0.9997201965992809
844343,0.4070869072835626
844344,0.708823018595504
844345,0.9374934348826673
844346,0.12620778881243866
844347,0.010625550147186408
844348,0.9995905151883784
844349,0.9805500194040022
844350,0.9898007756039315
844351,0.7761490206381025
844352,0.6732760686859178
844353,0.7769722530678875
844354,0.7168378782282814
844355,0.9978265811365178
844356,0.9950442542276641
844357,0.004134086718011039
844358,0.8295280467732052
844359,0.9999234242486714
844360,0.999421099590134
844361,0.9998980566814185
844362,0.9076508280160839
844363,0.006016854864269049
844364,0.01832552217283893
844365,0.09933576499457308
844366,0.03239723148908913
844367,0.9387491120477771
844368,0.016994985714039977
844369,0.1365305385813933
844370,0.8926936325607595
844371,0.9942395343569561
844372,0.039288706109480036
844373,0.6246896169998317
844374,0.8359256432850781
844375,0.9998288401874063
844376,0.9999886148042905
844377,0.2687021834210084
844378,0.9995477278671441
844379,0.9881641642787674
844380,0.9990239329326782
844381,0.9986372713932936
844382,0.9995552825037708
844383,0.9899770719898967
844384,0.8756326259787239
844385,0.9999826153774861
844386,0.969680574168502
844387,0.481051729578273
844388,0.9998529003779242
844389,0.6983014396325484
844390,0.9932860137957017
844391,0.9790245545347002
844392,0.9998346351071705
844393,0.009990686217280378
844394,0.9999162273819205
844395,0.03502007340436565
844396,0.9015125590308305
844397,0.8161791784756345
844398,0.1992015218683349
844399,0.9933305083108419
844400,0.9997063957887249
844401,0.46913743921833806
844402,0.9313625315522818
844403,0.477833732563012
844404,0.05395556925039592
844405,0.9964730387072605
844406,0.4433889854195774
844407,0.08040899631500045
844408,0.2835540080667453
844409,0.20539107893832903
844410,0.698593871016131
844411,0.9882219305577236
844412,0.9533803125063486
844413,0.9998090297618467
844414,0.7121212616961236
844415,0.9999793122067125
844416,0.9750417450341454
844417,0.9996249088139013
844418,0.9966246031800232
844419,0.9879319843485574
844420,0.9996817926036132
844421,0.35574097221090284
844422,0.9979462543740942
844423,0.9999647027119026
844424,0.999848203608455
844425,0.050928199487407566
844426,0.9999263126758409
844427,0.9922933721216215
844428,0.9992681524519809
844429,0.9987884213991505
844430,0.7591059270749223
844431,0.062037256323751885
844432,0.8804628724878095
844433,0.7070945001077503
844434,0.9995053852448048
844435,0.9524311452263304
844436,0.9951446937662068
844437,0.9938024881708539
844438,0.0318458214938494
844439,0.004300098001869536
844440,0.9178805672839944
844441,0.9995875962636374
844442,0.4307265970366494
844443,0.0770493242284484
844444,0.955331305060868
844445,0.9994668393979229
844446,0.9971591904383487
844447,0.9904772240372897
844448,0.030269416752965114
844449,0.9988493897113347
844450,0.026224113406679038
844451,0.1924739860673595
844452,0.42848063263742725
844453,0.9990293706060497
844454,0.07117087224537963
844455,0.06755170949759202
844456,0.9996717232663159
844457,0.1314756630785836
844458,0.999821624241438
844459,0.9996256183243135
844460,0.99241119823848
844461,0.999644178202534
844462,0.1187544347077124
844463,0.9990688001072812
844464,0.9998892255166921
844465,0.999968448415356
844466,0.996932214699386
844467,0.9998384959429533
844468,0.7873354601502187
844469,0.9302228652041615
844470,0.9997775678522668
844471,0.9997889525281847
844472,0.936845277917655
844473,0.029087660112893265
844474,0.3272232397287478
844475,0.539738318324199
844476,0.9999649641104211
844477,0.22774452255183586
844478,0.999962102845013
844479,0.05485481388776707
844480,0.9820302768806117
844481,0.9996524465443117
844482,0.8654036869242562
844483,0.9998992925776063
844484,0.21235188608922875
844485,0.6510186586854849
844486,0.9998579083257398
844487,0.3705486335266551
844488,0.9995941424003918
844489,0.08014274169150364
844490,0.9845553011745674
844491,0.9713559047805803
844492,0.7337681175071324
844493,0.015437070203411628
844494,0.03654632371533481
844495,0.15661318239651206
844496,0.6616293477308054
844497,0.9920017281131468
844498,0.9539425574496151
844499,0.0123738962051059
844500,0.8876536792931198
844501,0.9923464798124028
844502,0.36612249833276334
844503,0.999108207183766
844504,0.46516275691379894
844505,0.9289403273570949
844506,0.9729720283528519
844507,0.3932275710832294
844508,0.9986267528992611
844509,0.9998499743460794
844510,0.16469844376779819
844511,0.9778030935826774
844512,0.9993721732104522
844513,0.9952172517002746
844514,0.9999312752613302
844515,0.9175215618037631
844516,0.9996831414377735
844517,0.9961285695640689
844518,0.9943618195261553
844519,0.80816801024207
844520,0.971733243316939
844521,0.7852750419387804
844522,0.04497247833562128
844523,0.9999918618625332
844524,0.8586805370894408
844525,0.015267226646459494
844526,0.9995713215456358
844527,0.9999892604066802
844528,0.6634633942288742
844529,0.9775222000640662
844530,0.8010040392270628
844531,0.9985739937550944
844532,0.9999129077061879
844533,0.9960014090659923
844534,0.9925795468329559
844535,0.999731816280035
844536,0.9931239083463057
844537,0.6109014193630347
844538,0.5120760294034694
844539,0.3062709177354366
844540,0.9996272007175246
844541,0.9889546149143694
844542,0.4266321608109459
844543,0.6105585950256958
844544,0.057868286912216904
844545,0.9996948938664316
844546,0.3856685950550656
844547,0.9576111139549833
844548,0.9961536197375691
844549,0.9724670508760715
844550,0.9999788810665713
844551,0.02335462957370409
844552,0.7525903744732652
844553,0.8770137225514238
844554,0.436566365671207
844555,0.12051034378160347
844556,0.6454139867441537
844557,0.9747171679823554
844558,0.9993233056697393
844559,0.3971190321782774
844560,0.10868423549071324
844561,0.7510495340166298
844562,0.8952960885944089
844563,0.9992429129824956
844564,0.9993996350391243
844565,0.02123404150269252
844566,0.9994855972199408
844567,0.2694257204125483
844568,0.3036780044756655
844569,0.9991405411005284
844570,0.4758914231920389
844571,0.09995851223697194
844572,0.5827191026846192
844573,0.9968481230375088
844574,0.999088172931855
844575,0.9997241460522758
844576,0.19944688578567837
844577,0.9989224235487083
844578,0.8580380370408835
844579,0.4254459823999893
844580,0.9894736004076973
844581,0.991724446634096
844582,0.9948975653634615
844583,0.587755752653855
844584,0.8446690788728389
844585,0.9999326886863896
844586,0.9989697349967819
844587,0.9992078528829647
844588,0.6427471978306657
844589,0.39832879511044367
844590,0.8750541119208067
844591,0.24710538044604174
844592,0.9953732472381672
844593,0.9385408202006216
844594,0.4452577477181505
844595,0.9995576314270351
844596,0.9360882909298425
844597,0.9999881394868617
844598,0.013204809437522166
844599,0.4375051361640174
844600,0.7109427363626432
844601,0.7633210658081877
844602,0.9996715242479679
844603,0.6787576009053269
844604,0.7228535521102133
844605,0.9998201274622225
844606,0.9638037268776669
844607,0.9711675100109961
844608,0.9999402085111095
844609,0.9998161861318312
844610,0.0771373480346857
844611,0.9998805794722001
844612,0.46510651147255944
844613,0.023798968306329982
844614,0.10445676885842106
844615,0.9979774330815909
844616,0.015957699604941495
844617,0.05311769172263818
844618,0.8617652904934741
844619,0.072571773237239
844620,0.999797249388358
844621,0.9992828197532977
844622,0.9990342533033889
844623,0.05272437175895747
844624,0.9051662567948111
844625,0.09185218673435336
844626,0.7140456898532167
844627,0.2802047257267876
844628,0.23914322280974296
844629,0.05446690488461177
844630,0.702060139950734
844631,0.9985371575180559
844632,0.999592117578981
844633,0.9738952453358166
844634,0.6469357480165325
844635,0.9977460681130704
844636,0.7099302343982875
844637,0.9633512240782809
844638,0.8494607768904374
844639,0.9964917654521421
844640,0.46211121845119074
844641,0.9999494367696354
844642,0.9998840611600549
844643,0.999150209439913
844644,0.029059007892619847
844645,0.9149893947593915
844646,0.8344514552553353
844647,0.7553570816505686
844648,0.6007229830166314
844649,0.9998508481038952
844650,0.9991917816987304
844651,0.08053736517003865
844652,0.20775546362291125
844653,0.995026821069218
844654,0.21135652136681843
844655,0.191552801116991
844656,0.9990705005252926
844657,0.37780174178154735
844658,0.5783597665848782
844659,0.9920058723829543
844660,0.9990526977393304
844661,0.0022800538928539997
844662,0.9737889222447689
844663,0.9998511526201619
844664,0.10135897768366733
844665,0.06548388204496158
844666,0.9789703171666642
844667,0.6403280395060492
844668,0.3533989817493386
844669,0.00638015007822764
844670,0.03855208007998314
844671,0.9304732261613908
844672,0.9668936884582214
844673,0.9995591906645725
844674,0.9997841540838813
844675,0.995353774207147
844676,0.02101078573450926
844677,0.9998525910178386
844678,0.9309479063895214
844679,0.5719922236417126
844680,0.7683975324714825
844681,0.999183604006338
844682,0.46586938037577963
844683,0.9819423532965801
844684,0.9867722319902981
844685,0.9998928325016753
844686,0.5653212730481223
844687,0.7093334042843331
844688,0.3767550230886149
844689,0.12311738613251216
844690,0.8267417116562876
844691,0.9968504258487798
844692,0.9997377787642827
844693,0.999028406490438
844694,0.006876196979910843
844695,0.9982550474043098
844696,0.9964406342642966
844697,0.999275489302858
844698,0.29674504081015707
844699,0.7153478268687514
844700,0.9921693192410779
844701,0.9218609531856061
844702,0.9993513320470471
844703,0.998272920421317
844704,0.9989563448016261
844705,0.9968540956804695
844706,0.009343174460512811
844707,0.8319652459319058
844708,0.9998077972338418
844709,0.3170191569072917
844710,0.9996039320787673
844711,0.9913130912946209
844712,0.23502704641353028
844713,0.010562735014174327
844714,0.9702197039813865
844715,0.04433605921246331
844716,0.8778799315788806
844717,0.9997731253288079
844718,0.29381268319066056
844719,0.9997574511117271
844720,0.404253167614247
844721,0.999989434070784
844722,0.9988522728317373
844723,0.7409194231945558
844724,0.06964032182310828
844725,0.9998376759167137
844726,0.4704882468252633
844727,0.4091886176505689
844728,0.27287205759279637
844729,0.9994639825219735
844730,0.8579236264884549
844731,0.32724770796979424
844732,0.014566750721486402
844733,0.4749263742342349
844734,0.9993819761175855
844735,0.9985378677472625
844736,0.8397111599543042
844737,0.9988365227680376
844738,0.5903064944673513
844739,0.17535132288670313
844740,0.31177127175570823
844741,0.9802202988074525
844742,0.9643486283179481
844743,0.15946055808076015
844744,0.6926898950136836
844745,0.11625659997551602
844746,0.518054973270182
844747,0.9982766218963678
844748,0.5758201521072398
844749,0.9954842183597965
844750,0.8802341677312605
844751,0.9998449913662496
844752,0.9997751496685625
844753,0.9999330304167894
844754,0.5250791318414103
844755,0.6887854537515088
844756,0.5798331574301865
844757,0.005634098140246472
844758,0.0555891549165579
844759,0.9992370988972366
844760,0.005818637585257828
844761,0.057656484374525405
844762,0.28761652420929396
844763,0.9033989736523047
844764,0.99765754202447
844765,0.37288791462445825
844766,0.7890369052344699
844767,0.9947673817800864
844768,0.9473444393880174
844769,0.895358095084071
844770,0.9985000298960722
844771,0.34564063872265394
844772,0.4093568516270089
844773,0.9782898560216229
844774,0.9999176971691897
844775,0.9983225372476343
844776,0.826034505327536
844777,0.004041330536219503
844778,0.8012130377589513
844779,0.19534709324277605
844780,0.6466656375429486
844781,0.23056811687485784
844782,0.9545483123205791
844783,0.3329114507397588
844784,0.9998240267166412
844785,0.6134947703302196
844786,0.001211730454994655
844787,0.4262882190021432
844788,0.9996081147808596
844789,0.9905094273401884
844790,0.999928500690406
844791,0.190431782033533
844792,0.999886080363215
844793,0.7314904544945098
844794,0.036190802047285274
844795,0.1696070388722865
844796,0.999661809516682
844797,0.9871486060589192
844798,0.22983202340378694
844799,0.005158779046664325
844800,0.9682558229002729
844801,0.01521524681888777
844802,0.28629760461927845
844803,0.9990142527072016
844804,0.5055930472296117
844805,0.12020962204635195
844806,0.9997089984583618
844807,0.9709822341293262
844808,0.8997085673433527
844809,0.03709407195967565
844810,0.9982469043886513
844811,0.9488027837382154
844812,0.5196647756574811
844813,0.012234027547630881
844814,0.5637036195396627
844815,0.9998625858296901
844816,0.02272153494363896
844817,0.5090569312770195
844818,0.5382888501545176
844819,0.1368300749229325
844820,0.010520924944374208
844821,0.8536954059881272
844822,0.9418613867726198
844823,0.9795086799595965
844824,0.9678895171550246
844825,0.9998955182509457
844826,0.9995370913976143
844827,0.9996246685228959
844828,0.42297273331812996
844829,0.9999502199917879
844830,0.9950434698727665
844831,0.9946185578664752
844832,0.80488380008222
844833,0.38918604450142946
844834,0.9627741969644918
844835,0.9997888766633523
844836,0.043541004699521144
844837,0.9370166738433754
844838,0.9784190594752198
844839,0.8239071856981905
844840,0.03209245570713889
844841,0.9998451736779148
844842,0.9987766897859554
844843,0.92222145663383
844844,0.5937286660073638
844845,0.5125518060960929
844846,0.999555544080494
844847,0.9761747799465454
844848,0.9995937448369715
844849,0.9934020400253685
844850,0.9853015175355203
844851,0.999941960954673
844852,0.0052019703991082284
844853,0.9990750427029883
844854,0.9971357471220874
844855,0.999812362877477
844856,0.999431654397309
844857,0.38443198494401454
844858,0.051843172437176344
844859,0.9964263013349783
844860,0.6219864513865101
844861,0.9999786286141199
844862,0.9966126597862898
844863,0.4433000981814372
844864,0.15678868184316408
844865,0.562178879273934
844866,0.9536716122606872
844867,0.9338516049663033
844868,0.17321044695718082
844869,0.018956245369509475
844870,0.5426406222664126
844871,0.99947158029111
844872,0.9794698972491567
844873,0.2877958102559087
844874,0.9637150190584585
844875,0.37211095467750366
844876,0.7740568080904241
844877,0.05398700521438549
844878,0.9976226933551686
844879,0.006651482822543568
844880,0.9999512155216438
844881,0.9989081029311635
844882,0.39511794228414787
844883,0.9980878261674668
844884,0.9999228394023927
844885,0.998975814940799
844886,0.15181162894160943
844887,0.9921527449818133
844888,0.8371150906010847
844889,0.9867119592683635
844890,0.9971226801235182
844891,0.014975451367012636
844892,0.9791949285258625
844893,0.9239845290326576
844894,0.887659729571932
844895,0.607957011163474
844896,0.9404586753228831
844897,0.9905955787823811
844898,0.48323899873656456
844899,0.1286247164832363
844900,0.9997260550880616
844901,0.06015468235835572
844902,0.12866154344109354
844903,0.7917807159245926
844904,0.03216036693800706
844905,0.9997292395833081
844906,0.6916748757288219
844907,0.4236093694095151
844908,0.46867737013789057
844909,0.9996118660643363
844910,0.4848646312037944
844911,0.999267911789341
844912,0.38645950966048637
844913,0.9890434888478445
844914,0.9876229388611025
844915,0.9849091573123865
844916,0.9989235360589857
844917,0.22999669453838245
844918,0.7031599739725989
844919,0.0863278145526194
844920,0.9211551670706515
844921,0.38692940150813715
844922,0.9865519726619505
844923,0.9999193674671929
844924,0.9995780980375383
844925,0.9905923539534154
844926,0.25264637730126405
844927,0.43848817988041033
844928,0.992176353106696
844929,0.0646100076848871
844930,0.013381326802602764
844931,0.9924066971065117
844932,0.7876301748839203
844933,0.4705914433705375
844934,0.9912959233963894
844935,0.9997762142414544
844936,0.9992694110033389
844937,0.6662559169074084
844938,0.29856473411131595
844939,0.212812483228576
844940,0.9996836981229643
844941,0.9958090322942024
844942,0.0728233451024961
844943,0.8382287227835974
844944,0.9998160022505881
844945,0.37283803608209876
844946,0.15245235850143024
844947,0.7935378904010354
844948,0.999776073770241
844949,0.0881171326521482
844950,0.5937480728857667
844951,0.9633064973939813
844952,0.17487493048220595
844953,0.9998492809497899
844954,0.010074002599840962
844955,0.6727212878525239
844956,0.9921892476628671
844957,0.9996693863697077
844958,0.1928614425106155
844959,0.4412179204761437
844960,0.993899726666065
844961,0.9996343260243997
844962,0.02543803185867479
844963,0.07438721061364252
844964,0.9778521504808234
844965,0.980782228368217
844966,0.9998747219925725
844967,0.9924289837359058
844968,0.9601577933296637
844969,0.9999256260740799
844970,0.7001222671426892
844971,0.9989071128140891
844972,0.9998375307388606
844973,0.9999625026056976
844974,0.6259186139657903
844975,0.9982461352654359
844976,0.9898823463115497
844977,0.9998241390641049
844978,0.5573203603931809
844979,0.9840155664634611
844980,0.504280304453327
844981,0.879742477580255
844982,0.7904343405432286
844983,0.956209386358662
844984,0.14757112674836942
844985,0.0199883285627585
844986,0.9594393218861412
844987,0.997560463523105
844988,0.5052551547611102
844989,0.999930495114518
844990,0.9860172726394023
844991,0.99644735435476
844992,0.01753522494678903
844993,0.9953031929566872
844994,0.017580843749286545
844995,0.9849773903874361
844996,0.9644013452134143
844997,0.8917341297966936
844998,0.9996324545615982
844999,0.9999695473430279
845000,0.4872878926771241
845001,0.9550710893450389
845002,0.5973243358121493
845003,0.912343396541544
845004,0.9977823706006964
845005,0.9860103642639879
845006,0.9763385992977951
845007,0.3927439276805793
845008,0.07103170464926502
845009,0.05452645604143262
845010,0.9958524751526456
845011,0.9997846315381675
845012,0.013996257555346545
845013,0.9442984982804221
845014,0.9984195502225861
845015,0.24013817980732222
845016,0.40590514813700107
845017,0.42464048435373586
845018,0.9568844604562936
845019,0.9993873747897257
845020,0.9941876833410606
845021,0.9500743466871702
845022,0.9998909544424048
845023,0.30674967362644356
845024,0.999979187240793
845025,0.04754217724325926
845026,0.732358626474475
845027,0.8168165057931459
845028,0.7200443258624314
845029,0.7940358106041017
845030,0.6606858562186264
845031,0.9318485718614287
845032,0.8504077507200447
845033,0.6123640382384957
845034,0.9648502560849954
845035,0.9997792520982525
845036,0.985277800091583
845037,0.998599763362676
845038,0.6488128664765145
845039,0.9879232571197168
845040,0.99980490180234
845041,0.9968525668515664
845042,0.9998889694213509
845043,0.5594697583217992
845044,0.9995180415700597
845045,0.8817230630780082
845046,0.16321396753783593
845047,0.9057960541121819
845048,0.992324029114448
845049,0.9996762183562887
845050,0.02259245369927733
845051,0.574021754926594
845052,0.587035005644138
845053,0.9969956283438175
845054,0.9982988602591113
845055,0.9999146996904159
845056,0.9876549724613709
845057,0.9025813990393619
845058,0.16716217228169894
845059,0.7299667532403017
845060,0.5841249615342443
845061,0.2320878859636198
845062,0.10271664358718742
845063,0.12265952119787522
845064,0.7491640843537887
845065,0.9997160252664141
845066,0.5188878284291227
845067,0.9993989052672976
845068,0.23689230869872474
845069,0.14559923990812348
845070,0.9999326409249222
845071,0.0352152906426889
845072,0.8762037292106777
845073,0.9401954708279529
845074,0.9830781096225492
845075,0.984130492851996
845076,0.6201698299793985
845077,0.9933606340289355
845078,0.9945477096961135
845079,0.9998034328314533
845080,0.9841211854751595
845081,0.9999420289578608
845082,0.9965418265352647
845083,0.9284196750583422
845084,0.8253501115587656
845085,0.6712101142694333
845086,0.9760296133394175
845087,0.6382381631469222
845088,0.4134959538516749
845089,0.3325294819667039
845090,0.9994530162792824
845091,0.4979279468589937
845092,0.998899200626638
845093,0.058343064034901
845094,0.8333065072424763
845095,0.014514679287313658
845096,0.9973864060305706
845097,0.9818669109766791
845098,0.9814948482398785
845099,0.4577087078449895
845100,0.999807771795641
845101,0.9983527981556601
845102,0.9986371942184854
845103,0.9992868994029745
845104,0.08159908395222677
845105,0.9952702836830752
845106,0.9976087478547019
845107,0.9994095487105816
845108,0.9140831444669247
845109,0.023778914999308173
845110,0.9990114975804881
845111,0.6968572042465968
845112,0.9869682976119261
845113,0.9988334869940858
845114,0.529502617215286
845115,0.9813649258906445
845116,0.6181521448547074
845117,0.24002595971212032
845118,0.04557712883576788
845119,0.18455551704337889
845120,0.4391841664619788
845121,0.7683149902623627
845122,0.19075388344048477
845123,0.03324498053419396
845124,0.5661162830670601
845125,0.48805481942712814
845126,0.9991601786107066
845127,0.9992679136446807
845128,0.9979841274573964
845129,0.816130698232037
845130,0.9997948146833354
845131,0.9717971613723009
845132,0.9998735791159343
845133,0.9933119555501688
845134,0.8099182562331109
845135,0.9991418432425017
845136,0.37285001567621556
845137,0.9998400811069658
845138,0.6879642382111424
845139,0.9285098411075164
845140,0.8864998220617915
845141,0.9908969733643713
845142,0.9993540179150039
845143,0.999601069557345
845144,0.9887816579166538
845145,0.9826603927833576
845146,0.11308521318596827
845147,0.44189342893186645
845148,0.9820182072415193
845149,0.9995364025327576
845150,0.02786031999781178
845151,0.14664781475030506
845152,0.6079831166046679
845153,0.929304489065877
845154,0.43822225378088386
845155,0.012847010113405982
845156,0.18591600047640908
845157,0.9356664764726652
845158,0.9998052663357475
845159,0.999981898464085
845160,0.9666231626167336
845161,0.9977537968397769
845162,0.45783853193770946
845163,0.16348562228306954
845164,0.9962368513184232
845165,0.9832233964497414
845166,0.02667971462250507
845167,0.9948589108829804
845168,0.905487541212351
845169,0.397771181692108
845170,0.9998820894540671
845171,0.998321989922352
845172,0.9985131792428203
845173,0.9920785081903176
845174,0.8773789597417547
845175,0.999908920644421
845176,0.5312056357027902
845177,0.9968079717746581
845178,0.981737935032945
845179,0.0894246556200354
845180,0.9984538327030352
845181,0.9998398932268167
845182,0.8189145934267678
845183,0.990040663285454
845184,0.9476569036999293
845185,0.9999790672540168
845186,0.5277437230761904
845187,0.866622423070549
845188,0.9765406486263535
845189,0.9964937873157347
845190,0.28745768252418313
845191,0.9998393123913776
845192,0.9995165937034163
845193,0.6761311558859372
845194,0.9995368179831172
845195,0.5242980921298271
845196,0.5671576745943019
845197,0.23878290698219573
845198,0.27495993122944923
845199,0.0038864604629566114
845200,0.19014527875279888
845201,0.9992309216443689
845202,0.9968913321514347
845203,0.8250973995202007
845204,0.10103184731726547
845205,0.9999783420840584
845206,0.6797994589880575
845207,0.9018679376405683
845208,0.9986001434683556
845209,0.07803815261817867
845210,0.9939455658067384
845211,0.29348207815613964
845212,0.8948974277638215
845213,0.8118972218909957
845214,0.631457720979248
845215,0.08942000759882866
845216,0.3490407751731649
845217,0.004890898361384658
845218,0.999971890447226
845219,0.9999695919010096
845220,0.03479733016898441
845221,0.8502074079264283
845222,0.9998351950463663
845223,0.9299661431795835
845224,0.7853061061296436
845225,0.9999699436113154
845226,0.9785962292926587
845227,0.6682349098626956
845228,0.9958167453958923
845229,0.9996934900740463
845230,0.7325435047732369
845231,0.9662482888268182
845232,0.389160852677103
845233,0.981215342441919
845234,0.5597234159138347
845235,0.9280111223552796
845236,0.9990249207792701
845237,0.7711971906934794
845238,0.06493088726397793
845239,0.960969700513454
845240,0.9283190122810663
845241,0.9994302039746702
845242,0.9955987617541836
845243,0.17466434019086013
845244,0.6594999564459385
845245,0.9597904857633239
845246,0.9988866862845107
845247,0.9999850951558962
845248,0.9997620986025184
845249,0.7342910507509655
845250,0.8620629943848339
845251,0.7664348827950946
845252,0.9998356833907628
845253,0.9995893389582333
845254,0.06087034296166311
845255,0.9907991978300504
845256,0.28238954273112243
845257,0.8151595310981359
845258,0.9996031488481603
845259,0.9999136037893954
845260,0.9975567119483094
845261,0.991002494434953
845262,0.9998033993329065
845263,0.5648904121345433
845264,0.9994548600607639
845265,0.7900834617813179
845266,0.010371725741947127
845267,0.9994971785337976
845268,0.1937802638439154
845269,0.02558026438668705
845270,0.6209094404610206
845271,0.8022542687621937
845272,0.8732818754687314
845273,0.9303532654985476
845274,0.02272227777987423
845275,0.8204961454692248
845276,0.6152221389363877
845277,0.7099014062736602
845278,0.26919320698473054
845279,0.027286612179811043
845280,0.9999846387950133
845281,0.988956564256514
845282,0.3111972731080442
845283,0.986068693154637
845284,0.9996163035862367
845285,0.99963710517967
845286,0.9956308575672176
845287,0.9196398440166302
845288,0.1570638408194422
845289,0.9851718902245759
845290,0.03588106661283117
845291,0.08049449936163236
845292,0.6255013879944449
845293,0.39244433749489194
845294,0.9997991142723146
845295,0.03666975580736944
845296,0.8827473911928666
845297,0.6582917329138298
845298,0.9412983415201251
845299,0.558134095652833
845300,0.9999055963965404
845301,0.7867699649772066
845302,0.5671319912858982
845303,0.9999103801490228
845304,0.608969821850063
845305,0.9957454574886915
845306,0.9999900000234889
845307,0.9230033025845017
845308,0.04065145318392066
845309,0.5827863191646417
845310,0.9985482693373202
845311,0.9987007062490084
845312,0.9995154437062542
845313,0.1294030815138564
845314,0.17861506504033625
845315,0.9998067615044511
845316,0.9796605448627513
845317,0.6557801638205838
845318,0.775010042455192
845319,0.9985124171669978
845320,0.7551236066744563
845321,0.3557214351799905
845322,0.0458400929186777
845323,0.24507716440425442
845324,0.9847174569560742
845325,0.4284157299654867
845326,0.055329701402131226
845327,0.9972699980597227
845328,0.9824410365176588
845329,0.4891946149056432
845330,0.9999576678001362
845331,0.9999688835501965
845332,0.4885146061154321
845333,0.9991166499646413
845334,0.9953428342759285
845335,0.8652177622701269
845336,0.23324730472901484
845337,0.715194763894081
845338,0.9898571576726165
845339,0.9799668121461024
845340,0.7030254749025855
845341,0.21048323141150319
845342,0.8770009458986303
845343,0.6108884257695786
845344,0.9981763299230173
845345,0.9999171756288674
845346,0.9993173650271363
845347,0.982288266256653
845348,0.9960339722844432
845349,0.9237614562847675
845350,0.9877387768537407
845351,0.926142498767401
845352,0.043739263665173465
845353,0.3921258219195115
845354,0.9530492354838773
845355,0.9963253269060448
845356,0.9999760142106981
845357,0.7668273274753936
845358,0.026447681240032744
845359,0.994420302678036
845360,0.9999212644382612
845361,0.9997970200794695
845362,0.9998311093260419
845363,0.9770801744020725
845364,0.4253421595377806
845365,0.09848612829812675
845366,0.874770093369443
845367,0.06495674114595186
845368,0.03704078105140546
845369,0.9513265290816393
845370,0.24947157007645082
845371,0.6120735218265762
845372,0.9964563078098099
845373,0.9989059213090778
845374,0.041115031816921624
845375,0.44247055117545697
845376,0.9242330618293864
845377,0.2273950523359593
845378,0.9932662813174977
845379,0.24575419934688442
845380,0.995166179899081
845381,0.9996742525680935
845382,0.09451618378620855
845383,0.8673100714646267
845384,0.9996984976382106
845385,0.23234571013828276
845386,0.22388506029531424
845387,0.9996900760586349
845388,0.7634450985729715
845389,0.9444248085929026
845390,0.999503980185461
845391,0.39962710102671106
845392,0.9989989083342228
845393,0.3366541642840425
845394,0.6392310109327026
845395,0.9857266756046525
845396,0.88156672022798
845397,0.9984605047712741
845398,0.99097356518228
845399,0.8835702613905093
845400,0.4026384983965582
845401,0.5644054653024148
845402,0.9995240201724802
845403,0.9766607952564861
845404,0.9312157752362684
845405,0.06493901960860764
845406,0.007619370732294731
845407,0.27388130945424244
845408,0.9082655743230061
845409,0.5707034702511927
845410,0.6277853340349093
845411,0.009084280423814121
845412,0.9999846782466071
845413,0.5482337747953644
845414,0.20820467226828376
845415,0.02554160809510083
845416,0.9988472013583815
845417,0.9999179734298516
845418,0.9855395770866328
845419,0.10397512392644659
845420,0.8783269824230113
845421,0.92075917204075
845422,0.5629984204649796
845423,0.4030530075968249
845424,0.9998670039685201
845425,0.9957774138184999
845426,0.5216040090842146
845427,0.3219333768923189
845428,0.8889648617248925
845429,0.152312234981746
845430,0.04260761280444106
845431,0.17251769832088182
845432,0.7998359927148766
845433,0.2617642510864022
845434,0.8943057816753095
845435,0.9716150578463227
845436,0.9291348543430037
845437,0.9977451092231879
845438,0.3298325733149908
845439,0.9839866258797385
845440,0.06942113586648992
845441,0.9999495660704056
845442,0.8198408815453266
845443,0.7144256004623833
845444,0.9999533872972457
845445,0.999876580373414
845446,0.5444918736425256
845447,0.9654385468561854
845448,0.8489467645761096
845449,0.9997081339183509
845450,0.997130566074709
845451,0.9574000133199629
845452,0.9975052842032844
845453,0.08918550268464548
845454,0.6252932309584652
845455,0.9996912237578417
845456,0.16175450376874234
845457,0.9947229046547039
845458,0.2874110228015333
845459,0.6024245942191728
845460,0.038869207745348175
845461,0.9992454210455755
845462,0.9997306806258508
845463,0.9889723031917552
845464,0.649851352956508
845465,0.9989148521439031
845466,0.41609204310413733
845467,0.6065965778601625
845468,0.2750766250018761
845469,0.8477405845656645
845470,0.9970669738025673
845471,0.9906191878245041
845472,0.9996785696226638
845473,0.3413075127574158
845474,0.9999821027025824
845475,0.9998943038122021
845476,0.016732235859431434
845477,0.9999320788403747
845478,0.9620977076507021
845479,0.5617550825682902
845480,0.992470670604804
845481,0.6368257844140772
845482,0.5977897112199149
845483,0.15521705254065415
845484,0.9996768901620647
845485,0.0071413974183524315
845486,0.9633486901296505
845487,0.9975534033337006
845488,0.9996601102414047
845489,0.9995144759976873
845490,0.9999066324950759
845491,0.9992941729490354
845492,0.5900849346923865
845493,0.7486434775022976
845494,0.9987554200237865
845495,0.024403327884034536
845496,0.9485468482971318
845497,0.6325747521147997
845498,0.12020483042000815
845499,0.9998128123740816
845500,0.9031075069116126
845501,0.7635444795421251
845502,0.9935380896945246
845503,0.7834305858996995
845504,0.8109882768459176
845505,0.007817304104418844
845506,0.9998244787811137
845507,0.9997507098363023
845508,0.9949027795725146
845509,0.10638009567976267
845510,0.9991280197447259
845511,0.5204221430740651
845512,0.9916068580960982
845513,0.9999921064259365
845514,0.5006301125277471
845515,0.9998907987887796
845516,0.9998266343016099
845517,0.9999714665190156
845518,0.9993569970958104
845519,0.9975995718285608
845520,0.9935965024253952
845521,0.9920704511279866
845522,0.9999707653549181
845523,0.373757758924926
845524,0.007891139292634547
845525,0.17116069802926326
845526,0.17044282403641636
845527,0.9924836235725566
845528,0.18244711971139238
845529,0.9999382052530306
845530,0.9983775977475884
845531,0.9961384183726577
845532,0.9999195894112951
845533,0.24989346575815444
845534,0.031027830166552178
845535,0.9999843885801367
845536,0.9958184448444445
845537,0.9999951350975781
845538,0.171274019190903
845539,0.8328071924015952
845540,0.9994024695787237
845541,0.9395254527055907
845542,0.8677284217984753
845543,0.12043071773820005
845544,0.29019828327232927
845545,0.11517809753358035
845546,0.6877791278680341
845547,0.6774823841858157
845548,0.5041929072303428
845549,0.039268955493769894
845550,0.9935848307730484
845551,0.9999914536634216
845552,0.48003335708551587
845553,0.9998844867105368
845554,0.976959062854859
845555,0.9998966994533145
845556,0.8479832775603777
845557,0.9864758016933164
845558,0.06653089328829467
845559,0.958549600713758
845560,0.21191346188729357
845561,0.9994217186152387
845562,0.4253408131398577
845563,0.9999032784620443
845564,0.9463449049455128
845565,0.49227108284640014
845566,0.4286757441587942
845567,0.9964363290223066
845568,0.9994268562943012
845569,0.7212757376595393
845570,0.8740707666080432
845571,0.45656112809916327
845572,0.9937700929965032
845573,0.9996704862078456
845574,0.9030691666320403
845575,0.8298834421186925
845576,0.9308268492554679
845577,0.895195095227993
845578,0.32416786282628995
845579,0.8507907123847545
845580,0.9985292107906694
845581,0.382387804415753
845582,0.9438909925464208
845583,0.9998774285373662
845584,0.9997183592850541
845585,0.999379501360303
845586,0.9998535424266176
845587,0.9830416499929822
845588,0.45335346341588945
845589,0.9978989148004233
845590,0.8530345810356978
845591,0.0436696701404935
845592,0.9992435068485186
845593,0.9842799395931985
845594,0.999183575491063
845595,0.9998212918473406
845596,0.04057825919936072
845597,0.9275330765196648
845598,0.24616098980487083
845599,0.046747475281468706
845600,0.941791846624265
845601,0.322765856747966
845602,0.9931892348637998
845603,0.9942620341965105
845604,0.9730403292532366
845605,0.04384425592161775
845606,0.41326868606577405
845607,0.9997692332897623
845608,0.999763945043136
845609,0.034662686119944726
845610,0.4192315345922045
845611,0.9089720212005574
845612,0.9995279314098187
845613,0.9988709110758025
845614,0.3506606858956837
845615,0.3686997203155662
845616,0.9995827725799592
845617,0.9996529141886602
845618,0.9591638938293735
845619,0.1914762736779731
845620,0.7508489143335628
845621,0.8873046943174563
845622,0.023311143526011116
845623,0.7123790150666878
845624,0.8914154939668213
845625,0.9987490638008234
845626,0.05822438657412919
845627,0.006264843569367153
845628,0.9985980967009773
845629,0.9303541049736401
845630,0.016166142890701538
845631,0.9283894689230114
845632,0.9974544705462794
845633,0.011092880002646213
845634,0.9948328531683235
845635,0.898179114407913
845636,0.8280355568621645
845637,0.9761252429682612
845638,0.9996963014740154
845639,0.9042174536511932
845640,0.7653115799966683
845641,0.7383897517826665
845642,0.8080907743738878
845643,0.9998253330722636
845644,0.46032639617611126
845645,0.9981719282478847
845646,0.9999901399450577
845647,0.7679145079964751
845648,0.16106519989035692
845649,0.9892037939713179
845650,0.5101764849974105
845651,0.0067904796089942685
845652,0.008989857161557462
845653,0.993233243435846
845654,0.16001388145981438
845655,0.018037570141450413
845656,0.9999692311515738
845657,0.6337720060493264
845658,0.9956681479816083
845659,0.9960079943401716
845660,0.9710978394429642
845661,0.9972172439781123
845662,0.9940981892729484
845663,0.9261973295037125
845664,0.7629348954042021
845665,0.05894481995325829
845666,0.999482353546773
845667,0.9963250127917027
845668,0.9847030583298613
845669,0.3868088664294426
845670,0.28435016240223077
845671,0.5026337227051335
845672,0.7394006684744079
845673,0.9998196578426113
845674,0.999880125555618
845675,0.9999646343382199
845676,0.9998333204478721
845677,0.4506303227595358
845678,0.9622042771015138
845679,0.9996616465509093
845680,0.17003927949519512
845681,0.576041690663659
845682,0.8137228883233627
845683,0.48310253448688556
845684,0.9894444760241757
845685,0.9592529747901433
845686,0.4871531704403528
845687,0.8240082143672322
845688,0.004839800776191355
845689,0.9649184161477566
845690,0.9829823335882248
845691,0.9788662760237065
845692,0.99973718728616
845693,0.25582607371738314
845694,0.9680277584090639
845695,0.9903034214854656
845696,0.08113736559313346
845697,0.8312866466437927
845698,0.9997099723569357
845699,0.03087789137894014
845700,0.6036635011650412
845701,0.9232275861202904
845702,0.9813389188069259
845703,0.9995205376959974
845704,0.859133676576016
845705,0.9999859783454557
845706,0.9997980194361996
845707,0.8633866305401298
845708,0.8304606215317223
845709,0.99634801347976
845710,0.9880919156962504
845711,0.7577889019027753
845712,0.03290702176632628
845713,0.007669014621213799
845714,0.9900676540437001
845715,0.022427130876581613
845716,0.9969339358425794
845717,0.5585131698894953
845718,0.965533923228687
845719,0.9992861023214556
845720,0.9999289010894433
845721,0.9997996563150344
845722,0.933799052040387
845723,0.8228803823871752
845724,0.005718230599534892
845725,0.9984267626402442
845726,0.9275631586193894
845727,0.9998502871613745
845728,0.01219738945094963
845729,0.9899719431042954
845730,0.3306043091896802
845731,0.9974413935641594
845732,0.19833054240929154
845733,0.46785613178086793
845734,0.8276162042220259
845735,0.5172810169919894
845736,0.9925273529123962
845737,0.9999714398607084
845738,0.021774957105667063
845739,0.998994551037496
845740,0.9991344400127449
845741,0.9999872652298382
845742,0.9485650653560072
845743,0.05562183525961226
845744,0.018811083395787485
845745,0.9974752391842066
845746,0.9009242459552279
845747,0.9995969085679528
845748,0.992966805348145
845749,0.21152149589839092
845750,0.9999571991489435
845751,0.06591315554759214
845752,0.9675117603158465
845753,0.5234326922802764
845754,0.9202317747241817
845755,0.9676321874268417
845756,0.44398916422872076
845757,0.9985482187772701
845758,0.24533036121223914
845759,0.9228880880590511
845760,0.9913071395551458
845761,0.9927028335625436
845762,0.9999209390018514
845763,0.23750797865705645
845764,0.9423237898028533
845765,0.999830933392146
845766,0.10671838506496507
845767,0.17403645359518144
845768,0.9999022452039422
845769,0.9999460183802296
845770,0.9952204988381986
845771,0.9996556131581746
845772,0.9981064554661314
845773,0.9982043297301487
845774,0.45090933756792667
845775,0.9787131070991585
845776,0.9918662853213641
845777,0.06436247842683139
845778,0.9986982747984893
845779,0.14067199860587193
845780,0.1929642019863141
845781,0.9951049970217709
845782,0.9963952190893961
845783,0.45253544448129734
845784,0.8603661802351543
845785,0.8018397098107088
845786,0.8715687525842714
845787,0.9996123975154296
845788,0.9994694733291103
845789,0.05774506792645641
845790,0.004234039589497816
845791,0.5598032263397198
845792,0.9961624214607102
845793,0.9830929606035377
845794,0.980205126125362
845795,0.9955360475492816
845796,0.9993893581288463
845797,0.9797267703457273
845798,0.010038379336308505
845799,0.4689058253128776
845800,0.5561022878761405
845801,0.998951150632768
845802,0.9804536927447094
845803,0.792047747959764
845804,0.9899018175001892
845805,0.9984248486345122
845806,0.1702499364582586
845807,0.9708420019299396
845808,0.9978522390182278
845809,0.9676353553220802
845810,0.06263201842959518
845811,0.7181948544943688
845812,0.9999236995593704
845813,0.5442340830449739
845814,0.999366486131575
845815,0.5849469978372555
845816,0.23007362375106294
845817,0.9575511887793693
845818,0.9271282516679917
845819,0.07339814557999146
845820,0.99996829937455
845821,0.05827261607868492
845822,0.9743501099176489
845823,0.9690889271286703
845824,0.2938984325668599
845825,0.999910451216951
845826,0.9992727200534508
845827,0.11596098826565349
845828,0.9860951766915677
845829,0.025149536978999857
845830,0.9996187072213037
845831,0.9999853616082024
845832,0.6809519427298123
845833,0.30236358332883967
845834,0.9996417907557191
845835,0.019698023300215042
845836,0.003069898091602284
845837,0.8894946070935816
845838,0.6767561116594506
845839,0.0023753774274635105
845840,0.30244749311210645
845841,0.9961893466391041
845842,0.9803475765298268
845843,0.9966475817873878
845844,0.18765446447935363
845845,0.999909406295626
845846,0.9904948920035881
845847,0.9584503764595527
845848,0.9997446512668127
845849,0.5312597817850326
845850,0.9987063622846277
845851,0.06291655565587047
845852,0.9839304316770479
845853,0.39955756239822193
845854,0.902964454830643
845855,0.6997627037295713
845856,0.999924170451692
845857,0.17815451029041296
845858,0.9977007544889256
845859,0.6628038057214356
845860,0.0123625669852218
845861,0.24303431542085024
845862,0.9999488155060239
845863,0.9988878392674241
845864,0.9429075110315748
845865,0.9966310911901257
845866,0.9997296394068195
845867,0.9220908103127945
845868,0.9999702704185628
845869,0.08736228084586475
845870,0.9999635633214565
845871,0.9093956433527939
845872,0.9947663228826222
845873,0.9997964138190707
845874,0.5405118133063982
845875,0.020880711353901422
845876,0.20803112534153695
845877,0.9951766227776468
845878,0.9994229577408404
845879,0.6409352498908565
845880,0.9978591161509145
845881,0.9999270028513768
845882,0.4862623649029338
845883,0.06470680119662856
845884,0.5353792049684528
845885,0.8782088206912333
845886,0.011411579439880928
845887,0.006280901579512133
845888,0.9998846011813103
845889,0.49601045019396406
845890,0.9971676062198747
845891,0.9965702623732323
845892,0.7858090266120643
845893,0.27411238261277127
845894,0.9538316634209187
845895,0.10105519338976596
845896,0.9975188940676716
845897,0.8547123163678494
845898,0.7051853484354913
845899,0.9997458464538407
845900,0.7287228678774667
845901,0.01832884989877476
845902,0.9994610542950646
845903,0.9020100871908114
845904,0.9992814168228883
845905,0.9878810828463216
845906,0.6566113374127291
845907,0.9999298324369068
845908,0.6622174041814184
845909,0.10101739791504956
845910,0.9990763568062653
845911,0.7032918735869451
845912,0.9999597290234108
845913,0.9999242066073055
845914,0.991014685415854
845915,0.9865970610008106
845916,0.9937627115425319
845917,0.9999706031347066
845918,0.7183324973679687
845919,0.9999534162890789
845920,0.8979107463270941
845921,0.7830896021116933
845922,0.7287889933704212
845923,0.9995828892499394
845924,0.9811403663918153
845925,0.9993965123190763
845926,0.8210297887107569
845927,0.28344676896564197
845928,0.9730397964615658
845929,0.9529044415986221
845930,0.9982028347099787
845931,0.6180318809284414
845932,0.07518418637885971
845933,0.9999874379433586
845934,0.9999763051814066
845935,0.9985571017460435
845936,0.9999337318164823
845937,0.4132781261100005
845938,0.9996575296272516
845939,0.060746605423205834
845940,0.9984937580411165
845941,0.895089969829756
845942,0.8871446329444412
845943,0.1222994608531712
845944,0.9059561711193177
845945,0.7962280689262409
845946,0.9999746382867963
845947,0.0030990928381694188
845948,0.3802370702798179
845949,0.8726476998517667
845950,0.8868395325668184
845951,0.9660123280610224
845952,0.7068396234409946
845953,0.9990420563739105
845954,0.9983773227855433
845955,0.9929310488948647
845956,0.7416163187813932
845957,0.07649262795424969
845958,0.21479389828602632
845959,0.999990955114646
845960,0.020318195076243717
845961,0.18359798368762287
845962,0.9993857413704006
845963,0.2646221365349712
845964,0.9999317143227056
845965,0.6090374084888986
845966,0.04413872323050069
845967,0.029661347883978437
845968,0.9992278445514065
845969,0.04169927103096249
845970,0.9999315668328012
845971,0.2439566205543856
845972,0.9946363398171851
845973,0.9953568491684055
845974,0.27318631013907774
845975,0.9997265291708709
845976,0.5026219584967668
845977,0.8911203713330897
845978,0.9752971972544943
845979,0.014264589166914067
845980,0.8981514471023173
845981,0.643275870426795
845982,0.9450075788118317
845983,0.9488491501864497
845984,0.6564480497223801
845985,0.7737212076590418
845986,0.8551913407202814
845987,0.969254788906806
845988,0.1332557658572042
845989,0.4915886882726385
845990,0.5376109606767873
845991,0.9999860685003303
845992,0.9403736565533222
845993,0.25473858275916067
845994,0.923543235205782
845995,0.03198195047403487
845996,0.9999289410309339
845997,0.02924325754947945
845998,0.9987239607340014
845999,0.627670227214663
846000,0.9853375031887115
846001,0.9999287052643067
846002,0.2688669507529299
846003,0.4830275996023794
846004,0.8531163592429495
846005,0.9987759095280413
846006,0.33276915954315667
846007,0.06721568676817796
846008,0.02307927801216473
846009,0.9998801295611272
846010,0.6738187694137001
846011,0.9991861836845511
846012,0.986149270047887
846013,0.9936148090490702
846014,0.3380794628033691
846015,0.5735367503400233
846016,0.9980262936266506
846017,0.6688210765467948
846018,0.5408340561173555
846019,0.7683848928550995
846020,0.9998674635234398
846021,0.9205295982917641
846022,0.9113009862436503
846023,0.99957860137308
846024,0.9594886889236097
846025,0.9786150390868009
846026,0.9967907915971116
846027,0.005938556035631833
846028,0.022878042708983932
846029,0.9818949463789435
846030,0.8249210935674702
846031,0.7502002951283975
846032,0.25634247705583785
846033,0.9885888423877733
846034,0.9089563038880961
846035,0.9999153561946779
846036,0.17630509078734485
846037,0.34167214277707164
846038,0.19139628420047755
846039,0.8046576604272548
846040,0.8356391430911088
846041,0.7716164673354612
846042,0.999817737997607
846043,0.9999429981036606
846044,0.9995856328852313
846045,0.2540570999552125
846046,0.9999126104399703
846047,0.12554660253657396
846048,0.9992838871694009
846049,0.4482103839349249
846050,0.9875440981637225
846051,0.9818503959302423
846052,0.6603031838746646
846053,0.999406041284933
846054,0.9326260648097299
846055,0.8228630543014157
846056,0.7323516729983374
846057,0.9991551650385118
846058,0.4114878095506854
846059,0.9149366258211298
846060,0.9235563734992014
846061,0.9996869193550513
846062,0.9973482442526824
846063,0.9999814597112524
846064,0.9816887338594764
846065,0.03273577413593669
846066,0.9999844928269916
846067,0.9080697964870066
846068,0.999541588254522
846069,0.654706529342542
846070,0.7538766937003053
846071,0.6670197410347327
846072,0.5555694060478598
846073,0.8245141519885617
846074,0.9995264942770077
846075,0.9913516488126827
846076,0.9931232246144004
846077,0.6377310700515669
846078,0.8721873028917893
846079,0.9531090362551962
846080,0.9963104818676622
846081,0.9988316832318677
846082,0.18888595095633648
846083,0.7398977024222642
846084,0.8966884021909961
846085,0.15439367959406172
846086,0.9999145485357709
846087,0.9987263324517424
846088,0.9810684143336212
846089,0.9999211080694373
846090,0.9784823262905733
846091,0.9961286697751002
846092,0.971593658068386
846093,0.0365916713983447
846094,0.9999411069728323
846095,0.976518768838064
846096,0.999848585338011
846097,0.32358908204323533
846098,0.9086911276219427
846099,0.9999294384659079
846100,0.9996261664527475
846101,0.99374909983869
846102,0.9995505483080807
846103,0.058155561340857254
846104,0.9942515411490029
846105,0.6866819672894511
846106,0.9959062813878753
846107,0.40696631566854413
846108,0.9994772015830939
846109,0.943501969940834
846110,0.946691824302478
846111,0.9997679664395976
846112,0.9997453012496852
846113,0.9917724424752634
846114,0.9962098780757176
846115,0.024672421224832854
846116,0.9974749965955787
846117,0.9999594090886653
846118,0.21059418583017891
846119,0.9982303036365852
846120,0.8724217184605962
846121,0.8786191299173591
846122,0.7124301285550392
846123,0.8826810970434363
846124,0.18097889273639062
846125,0.9291050050895407
846126,0.7089337314672546
846127,0.9997321587911807
846128,0.010191224234934447
846129,0.07222369762201276
846130,0.9990573211915488
846131,0.8700322791548377
846132,0.36265147589411684
846133,0.9995296273560346
846134,0.44708353250638155
846135,0.9993473228034627
846136,0.9996973850550002
846137,0.8504769119681943
846138,0.8316561690669984
846139,0.40737878594604954
846140,0.999975222201211
846141,0.9999933461373833
846142,0.9870244959584411
846143,0.45709031588448046
846144,0.3992119352841404
846145,0.8354023037080935
846146,0.9999669384224958
846147,0.998777339355072
846148,0.9463720320097944
846149,0.022262393358524174
846150,0.802415147243158
846151,0.9985940223594459
846152,0.999802558740878
846153,0.9927202821715022
846154,0.9958037059833629
846155,0.28559732775763313
846156,0.3230415877489108
846157,0.9849856087631329
846158,0.8102090549385347
846159,0.9998813448092299
846160,0.9150041682968741
846161,0.09045768919404151
846162,0.9925974363946413
846163,0.9897261345785427
846164,0.018737828292362063
846165,0.999835280886657
846166,0.9989642041219577
846167,0.8598115954207266
846168,0.9998548543127755
846169,0.23822636943866032
846170,0.8247254288291876
846171,0.8622315531432936
846172,0.22812953337618694
846173,0.16631752866049848
846174,0.9968266152857366
846175,0.9995340708274021
846176,0.9997806140379716
846177,0.0698771156867826
846178,0.05878796915382705
846179,0.9991072715800533
846180,0.9997942353877483
846181,0.9955328190121191
846182,0.780167414232566
846183,0.3047827357871773
846184,0.8614040150625463
846185,0.998467976283467
846186,0.12668518803802864
846187,0.9988295734885335
846188,0.8054394386409369
846189,0.1111369508146656
846190,0.9988732230613566
846191,0.9967442602351172
846192,0.0859259001829681
846193,0.09869544055275366
846194,0.9329262207567868
846195,0.9995344136129665
846196,0.9937036762620239
846197,0.9996084225389862
846198,0.14586916659150778
846199,0.9998462976735915
846200,0.21631200958181424
846201,0.9984218417197613
846202,0.7268846518386738
846203,0.7988358503691998
846204,0.8513862564080423
846205,0.9999309842621018
846206,0.9800353111423912
846207,0.49538656104403705
846208,0.9745393996087666
846209,0.7731163982168908
846210,0.9937433880846438
846211,0.9999316788039951
846212,0.7523848774468793
846213,0.23783295271367225
846214,0.005537966350954295
846215,0.7620408861884358
846216,0.18110854350834493
846217,0.9824125566606883
846218,0.6282702708825809
846219,0.4026968053589009
846220,0.9948908760625373
846221,0.9393348792296695
846222,0.5060056616335122
846223,0.9998253737778555
846224,0.6248370950049389
846225,0.8847670520342504
846226,0.9999370323095794
846227,0.8597356114429309
846228,0.37180203641888915
846229,0.8411130677120707
846230,0.8158956163384479
846231,0.005168339687733673
846232,0.5834792348916482
846233,0.9993395802750366
846234,0.90272011786084
846235,0.844910385152913
846236,0.999833738809524
846237,0.9999556332127142
846238,0.9997860479903997
846239,0.9975800796413474
846240,0.998567355010743
846241,0.8409725735943328
846242,0.9016126449192519
846243,0.028919531222784036
846244,0.8050064448140981
846245,0.9572555258239782
846246,0.99987952385942
846247,0.9881531902050136
846248,0.9998509960018575
846249,0.01176400083130656
846250,0.9938911013769209
846251,0.9958218692166176
846252,0.9883043900060318
846253,0.9999633280017466
846254,0.9998636490869253
846255,0.9795439975429492
846256,0.873745978587579
846257,0.9994231292946296
846258,0.2749523103313334
846259,0.9588844345077441
846260,0.05735695686696492
846261,0.15141506834692914
846262,0.9822223488846343
846263,0.9998623435862237
846264,0.8541178737483931
846265,0.9479432709088889
846266,0.9955707392591449
846267,0.5213339383702504
846268,0.5808411883832901
846269,0.5795325339926813
846270,0.07709381222588375
846271,0.31381333403582035
846272,0.5473554227391623
846273,0.9989478193066486
846274,0.9981846410724525
846275,0.9981903021012279
846276,0.9860414677849192
846277,0.23519742708548633
846278,0.9996642995823567
846279,0.45025574549604047
846280,0.9986260400969895
846281,0.1366634695245583
846282,0.9996192774647001
846283,0.05235608117694314
846284,0.9973799892747767
846285,0.22858462541008578
846286,0.9961258464867209
846287,0.4620789564076317
846288,0.7154342386097641
846289,0.998534217490513
846290,0.999970753935955
846291,0.9290553973601932
846292,0.6560091767340007
846293,0.9997373592270782
846294,0.9998613194839345
846295,0.9998514349344585
846296,0.9779549005319781
846297,0.9844525485698427
846298,0.9866667126900546
846299,0.9982258604108731
846300,0.3758486816748935
846301,0.010964159330489345
846302,0.06605601717861316
846303,0.015419020474730923
846304,0.9244203579222443
846305,0.9999199132976175
846306,0.9997578634048376
846307,0.844622857484367
846308,0.9999512957745005
846309,0.9948592034094319
846310,0.9996661817190018
846311,0.9995075880949975
846312,0.37077893402221296
846313,0.857712539494394
846314,0.9998436256129672
846315,0.2746857655868663
846316,0.001725516644778052
846317,0.7995117489740846
846318,0.999851560774446
846319,0.3137155397826362
846320,0.9967601883329349
846321,0.9165252745861554
846322,0.992757547491949
846323,0.8061524119081405
846324,0.9743359836479825
846325,0.9996803141407172
846326,0.69621912807454
846327,0.9984123072158181
846328,0.01255917741169829
846329,0.4720272699435908
846330,0.8976667802470601
846331,0.43412457053420417
846332,0.9996494168103112
846333,0.6575894335474736
846334,0.9999795983155252
846335,0.6342712038883845
846336,0.9919950948610632
846337,0.01945672370906844
846338,0.9971432681061498
846339,0.9999190465407004
846340,0.07757528409039105
846341,0.6072268111578972
846342,0.999812837693409
846343,0.9842674754660321
846344,0.9999574456339844
846345,0.6523301699037362
846346,0.031388570319628654
846347,0.005145971696305196
846348,0.12355369223174487
846349,0.9051268188233855
846350,0.9997162610751018
846351,0.9088090820070068
846352,0.4157947742644743
846353,0.829575621229651
846354,0.8637347906084716
846355,0.9998475155408187
846356,0.7236305702726844
846357,0.12037795730372848
846358,0.9137671712672122
846359,0.9595412956782545
846360,0.9214423730534166
846361,0.9967575255823387
846362,0.995004426308985
846363,0.9693158348619768
846364,0.9978059292873016
846365,0.9998964879347854
846366,0.8760623325079806
846367,0.9843647586349304
846368,0.9994922922773863
846369,0.04243193895625814
846370,0.1276496840249982
846371,0.9476202657544796
846372,0.5839540071633438
846373,0.9895439050262572
846374,0.10982480183418603
846375,0.37260682796920996
846376,0.9769827656344597
846377,0.09001393797256088
846378,0.8139441447721252
846379,0.9076824359476414
846380,0.25874435690857667
846381,0.999154711545302
846382,0.9998310558927322
846383,0.9999823921314335
846384,0.4932003292304321
846385,0.5924409147854913
846386,0.9758357599843378
846387,0.9919567599721621
846388,0.006092117206679801
846389,0.9985493782933598
846390,0.9977454426020753
846391,0.18986280743434147
846392,0.9630657745350436
846393,0.02181696777208949
846394,0.9998673553942339
846395,0.9988004639997741
846396,0.07490873483544458
846397,0.2809071258370448
846398,0.22212686612537147
846399,0.9996052454755209
846400,0.4965810579458789
846401,0.380749200140746
846402,0.004855103546663208
846403,0.9998640126018807
846404,0.2466914577000361
846405,0.9998589166251257
846406,0.9999812484541362
846407,0.024409401601501332
846408,0.9219023106295169
846409,0.05243864658037213
846410,0.054668822207667896
846411,0.9791160721779503
846412,0.7842430981048047
846413,0.7549135696602756
846414,0.9982456273318352
846415,0.7894939202601932
846416,0.062494717893651824
846417,0.6054078575934899
846418,0.9995451506101252
846419,0.616301323979736
846420,0.02034593860350515
846421,0.9719333328007975
846422,0.9999860309215879
846423,0.9997718552765048
846424,0.8758056050760488
846425,0.9930698411283576
846426,0.999929541260054
846427,0.09334537732835971
846428,0.8912043758473067
846429,0.9998292414773347
846430,0.9999444017353493
846431,0.6965841949886542
846432,0.9999821410593044
846433,0.9998023454963707
846434,0.0074866993421023
846435,0.9547568902178547
846436,0.9993806386381028
846437,0.7820058684016378
846438,0.8632023743282551
846439,0.9233948802716553
846440,0.9998169895014455
846441,0.9688128880758595
846442,0.7897689192078533
846443,0.9999581842446326
846444,0.20013960532309327
846445,0.9978765021495823
846446,0.9999587478054566
846447,0.9236190599226096
846448,0.9979613926211994
846449,0.9968582049602511
846450,0.9573516547667085
846451,0.8634681557441459
846452,0.9969300403006263
846453,0.9917412744025821
846454,0.9999242019893138
846455,0.3001371612580435
846456,0.9201500973814365
846457,0.9956501519911997
846458,0.9947981909877031
846459,0.8928875955824707
846460,0.8789160291819167
846461,0.6432716988903955
846462,0.05391752499316904
846463,0.9978818930433044
846464,0.9984128929060471
846465,0.9231944690507399
846466,0.9975379150391546
846467,0.22722861499159447
846468,0.686626159987564
846469,0.8694590434334356
846470,0.9971403817282033
846471,0.9920594769926918
846472,0.9995316421962857
846473,0.03730668428694655
846474,0.9999781273508737
846475,0.9986494200114346
846476,0.9999905327365622
846477,0.3710038093932352
846478,0.07327693004461222
846479,0.9939216942014633
846480,0.9974452327924258
846481,0.999961259564256
846482,0.9953781596236966
846483,0.9980502219284165
846484,0.9886655418054712
846485,0.03354904851377852
846486,0.9992304075351269
846487,0.9995171075573699
846488,0.3109145008626152
846489,0.0494170613602463
846490,0.9999881253431899
846491,0.9990111728149471
846492,0.999970964152364
846493,0.9992319699893734
846494,0.9498736748220072
846495,0.9668261323873836
846496,0.4394574961601788
846497,0.9996225214333126
846498,0.36880393184766147
846499,0.6957239770862973
846500,0.7553160835114984
846501,0.19269731879623608
846502,0.99688144181288
846503,0.4460897370596739
846504,0.9028181138855611
846505,0.9278887324034182
846506,0.9901533229450193
846507,0.8698617866967087
846508,0.9997828362248394
846509,0.9300663205249787
846510,0.9965274923307128
846511,0.4512347990175731
846512,0.9965756843679026
846513,0.9982897631998349
846514,0.06281523874001102
846515,0.9916908880961304
846516,0.727930108134042
846517,0.17180400574106264
846518,0.9999710834735316
846519,0.9989586243323325
846520,0.9998987575797513
846521,0.9999568139831071
846522,0.5657690942820138
846523,0.9944229950808439
846524,0.9999540170323473
846525,0.2004518433586716
846526,0.5054101322768939
846527,0.9999625704895215
846528,0.9902783846064698
846529,0.999964400683275
846530,0.0011094174301133149
846531,0.06124584469413795
846532,0.9803909364547472
846533,0.05952189576884774
846534,0.9994068795983657
846535,0.9994553001747464
846536,0.8791753422852009
846537,0.11476626137606205
846538,0.9999444151659763
846539,0.6585224858993542
846540,0.16345943792943882
846541,0.9996159152109795
846542,0.9992051769588957
846543,0.9985582128335782
846544,0.3191989113545358
846545,0.5884765217867634
846546,0.9882870052921437
846547,0.8391005454951157
846548,0.23885547541250698
846549,0.9869135703023005
846550,0.995268069295173
846551,0.7377223205334382
846552,0.9995423870608707
846553,0.9951418933273659
846554,0.5760280746796653
846555,0.36733429910061915
846556,0.9635669883877215
846557,0.04198355346109057
846558,0.00224940561213471
846559,0.8170352799824727
846560,0.9995185278473976
846561,0.9980499873005778
846562,0.9981942160260098
846563,0.44258106643429984
846564,0.4467676759511833
846565,0.35153166899513677
846566,0.9781183010404624
846567,0.911825159694279
846568,0.9982493900740336
846569,0.9999495510474655
846570,0.6880617550334699
846571,0.008855441271804331
846572,0.9554654337105594
846573,0.31964416734918955
846574,0.9999351965218328
846575,0.9996788804424085
846576,0.999986464433462
846577,0.9400106334285754
846578,0.9853961042408843
846579,0.44090214445721754
846580,0.9895579722600243
846581,0.5610577190556527
846582,0.9360210126558829
846583,0.1414267372042388
846584,0.9999332222636441
846585,0.013167813230031813
846586,0.9921335457286393
846587,0.9144079460382596
846588,0.3426378064752125
846589,0.2821897539316765
846590,0.83772239758958
846591,0.9994853239630848
846592,0.9995647131119114
846593,0.012476935586714099
846594,0.9989185213064975
846595,0.9692510894315933
846596,0.32302084527066066
846597,0.9993015052483963
846598,0.9573627996970937
846599,0.01436403507216688
846600,0.8785356596612601
846601,0.9998519414338871
846602,0.9999805265150163
846603,0.9997771869432683
846604,0.9777171248211525
846605,0.5204687717102608
846606,0.8817683724882381
846607,0.7164429112576278
846608,0.9922987517632694
846609,0.6430818918221536
846610,0.9868320944413018
846611,0.030137441262031217
846612,0.8474880572881869
846613,0.9330879816558955
846614,0.944777657086092
846615,0.9987458257036506
846616,0.999634730696181
846617,0.8753361246535778
846618,0.9975290712909886
846619,0.02105555733217717
846620,0.961007514454495
846621,0.9973243840556691
846622,0.7056900156968244
846623,0.9364221216989166
846624,0.9999189613828379
846625,0.20627492205831885
846626,0.2976911532278459
846627,0.999977316191625
846628,0.9987649137447838
846629,0.443241120690552
846630,0.6829612498295028
846631,0.6831305961618527
846632,0.23244885200332216
846633,0.9567701032754701
846634,0.8209513229507747
846635,0.9953425008180921
846636,0.9984889387001081
846637,0.9998175258990084
846638,0.7657076504587512
846639,0.8571072834347064
846640,0.996167001733782
846641,0.5389182269053321
846642,0.14483074202993848
846643,0.9999054919645781
846644,0.1260704638360734
846645,0.7473864495898714
846646,0.9998438870367907
846647,0.9893476127583587
846648,0.6963939268292355
846649,0.9312637344141389
846650,0.9986660350053114
846651,0.9184771100974409
846652,0.9995585048125006
846653,0.999905507463678
846654,0.5577854882368156
846655,0.9997918494575277
846656,0.9977760273515812
846657,0.9936808775366366
846658,0.9916632735057247
846659,0.9835193609383615
846660,0.9489088121033169
846661,0.9921717888227368
846662,0.3692825230279666
846663,0.856544940052328
846664,0.6177291264017487
846665,0.9766005402453934
846666,0.5491679516544277
846667,0.9942589316904624
846668,0.9933600897866588
846669,0.23560062153445013
846670,0.994344349649917
846671,0.6018964387158122
846672,0.6414748402914514
846673,0.5584373668464744
846674,0.41627640520246245
846675,0.01506701177545312
846676,0.9968504783920281
846677,0.5840439511511855
846678,0.08114738318150398
846679,0.9934712228770056
846680,0.7387500184072433
846681,0.3161390707857971
846682,0.00762613129245343
846683,0.9457475766253322
846684,0.9910369675057704
846685,0.8863890828315035
846686,0.9989794247872983
846687,0.31082599635690566
846688,0.26266297863330546
846689,0.871195215461011
846690,0.9001815040558633
846691,0.9942231098649279
846692,0.9941822346604343
846693,0.9991822645931534
846694,0.014269621841531428
846695,0.012385786862599633
846696,0.4543116898333383
846697,0.9999385608197938
846698,0.07062700198397148
846699,0.7148333613140075
846700,0.510705929533287
846701,0.5600472003852717
846702,0.9966519500627178
846703,0.9422827934610097
846704,0.48352021550109714
846705,0.3483586434686333
846706,0.9999727783019737
846707,0.0050229552378851135
846708,0.9990642993652512
846709,0.8607166775054367
846710,0.8283851827437485
846711,0.9998886274766494
846712,0.7256916804790026
846713,0.9996203441963409
846714,0.9998617517565034
846715,0.9192092590868721
846716,0.18800753282471322
846717,0.0423571652314755
846718,0.9659015776712295
846719,0.999988278462438
846720,0.10934059556572895
846721,0.06922851276937408
846722,0.10251525481607832
846723,0.003445026585677317
846724,0.9999750029097836
846725,0.9998509323848759
846726,0.3155479718857882
846727,0.9998128653402527
846728,0.441118751316416
846729,0.287841926269208
846730,0.9997352627345288
846731,0.9992505738772393
846732,0.9998306985529387
846733,0.999783155074766
846734,0.9646781730353564
846735,0.9991017855490971
846736,0.9726418112399502
846737,0.9999729059205305
846738,0.03927536328252502
846739,0.35585865823126817
846740,0.036823149948789914
846741,0.7119130638454481
846742,0.9995421437228562
846743,0.9998838822109208
846744,0.8665789460514192
846745,0.13431418543499407
846746,0.013158595558133493
846747,0.6498149659862793
846748,0.9946472094872906
846749,0.9917290811303094
846750,0.9921414361927593
846751,0.053831611573537164
846752,0.5364036461057056
846753,0.7812766395686813
846754,0.4369288565651206
846755,0.7772471432676374
846756,0.5583961471736971
846757,0.9999902299075346
846758,0.9999638531772623
846759,0.18500085415856032
846760,0.02774828439684026
846761,0.3695192524595048
846762,0.9999631002987179
846763,0.9787077664929718
846764,0.9760753253512363
846765,0.520963198568248
846766,0.99969082611182
846767,0.9997710586798477
846768,0.3309181571829821
846769,0.6664134528381305
846770,0.999359923939833
846771,0.5072171603925467
846772,0.7599487704219052
846773,0.9788035634479249
846774,0.04738972138713417
846775,0.4224302419379178
846776,0.6603819547196265
846777,0.028850286025865732
846778,0.9921251591398002
846779,0.19295009538614372
846780,0.1837805330494745
846781,0.5648142227852526
846782,0.8537834849982914
846783,0.09443756242399025
846784,0.9950022080120687
846785,0.5993496428364239
846786,0.9977185561025668
846787,0.25898724610229146
846788,0.5738285990816622
846789,0.8994975233190359
846790,0.05535981565302897
846791,0.9990632060674589
846792,0.42398902720978326
846793,0.7534239905410455
846794,0.7890460740979444
846795,0.6563277263680538
846796,0.9998008577838714
846797,0.21528159460906904
846798,0.9984762228779773
846799,0.9698781354954509
846800,0.9997659677427553
846801,0.9999567525383197
846802,0.8743576643567441
846803,0.9971031984325174
846804,0.9998952928230405
846805,0.9383779312540514
846806,0.5623552763005055
846807,0.9991907416494006
846808,0.060624320648087905
846809,0.03106966047986401
846810,0.996856666601995
846811,0.44453656219275867
846812,0.9998432264570942
846813,0.009034071685107881
846814,0.34337617662631736
846815,0.3041599724578852
846816,0.9912376480459176
846817,0.27380703968631503
846818,0.9443327560385948
846819,0.013632270404296185
846820,0.2324116732257112
846821,0.9493375637625783
846822,0.9999729088392864
846823,0.999738922495529
846824,0.999516245450482
846825,0.9960446348456692
846826,0.3058510987097077
846827,0.02589584224180938
846828,0.02264532930277854
846829,0.1285263322687366
846830,0.6347251890277997
846831,0.9996820156360056
846832,0.001802963678378177
846833,0.03222188278467866
846834,0.21920739023334862
846835,0.9997332721131498
846836,0.023021733848349504
846837,0.9998950710961434
846838,0.4710261662524688
846839,0.9999543721279993
846840,0.9994863791682822
846841,0.9904878152459925
846842,0.006827032413166557
846843,0.09126272934264575
846844,0.3916106484935082
846845,0.9696205663478095
846846,0.12147502660425251
846847,0.9997932698660517
846848,0.792334977550139
846849,0.9992262400107847
846850,0.8446809800513007
846851,0.3029523342794691
846852,0.9998310183197716
846853,0.018950285909516758
846854,0.9981084521760157
846855,0.9887989928421268
846856,0.5689645603602576
846857,0.9871830750037213
846858,0.999857214136703
846859,0.999572966669851
846860,0.13791376093722968
846861,0.9187920635677476
846862,0.014303957579751716
846863,0.20051541089774516
846864,0.9999710546618292
846865,0.23682362878579793
846866,0.2773997224733293
846867,0.9999303098489518
846868,0.9155802701996407
846869,0.9949403254661722
846870,0.7323429242984296
846871,0.011578750274435596
846872,0.2369886298184612
846873,0.9132712338152013
846874,0.9999898657905653
846875,0.22600558688365127
846876,0.7742153525826615
846877,0.9996446740053335
846878,0.0931738701688335
846879,0.9347442279220033
846880,0.9986804960959348
846881,0.5979292278993005
846882,0.2665725295307989
846883,0.0699234621741527
846884,0.024562870250587947
846885,0.23348970027591187
846886,0.005730356086403224
846887,0.40312459590579314
846888,0.5280541440619971
846889,0.992744160129421
846890,0.1282835830352586
846891,0.9879290664397379
846892,0.999986580008524
846893,0.9998920257193664
846894,0.9451494885543775
846895,0.036162319842234614
846896,0.995203609073257
846897,0.41088171375506155
846898,0.03829712592391636
846899,0.14199918356210253
846900,0.1559475145263974
846901,0.3449208947357429
846902,0.09977630363480777
846903,0.9990322068144947
846904,0.9976989182334604
846905,0.21263570860106507
846906,0.19718612687286532
846907,0.9978175378637586
846908,0.9977392041823445
846909,0.9953684744756481
846910,0.9998477272434793
846911,0.999685321475094
846912,0.9999882553168644
846913,0.6025093204046049
846914,0.9600247961292603
846915,0.9984026863430688
846916,0.8161837796863992
846917,0.5036261129407945
846918,0.24004674017731586
846919,0.03084127617301779
846920,0.31122851214557357
846921,0.999225304279862
846922,0.5267014038726024
846923,0.9996152894220304
846924,0.016173485540084048
846925,0.2921872808742669
846926,0.5300572650405486
846927,0.370652536743344
846928,0.2196026955883105
846929,0.9916038984798723
846930,0.3698266277541965
846931,0.05640445690868826
846932,0.7658264748112082
846933,0.3898809317419079
846934,0.9998304390853312
846935,0.9924215316377072
846936,0.9939381167493908
846937,0.999891694023204
846938,0.9075752372955472
846939,0.41626103139821896
846940,0.03478438944363797
846941,0.9924067151332494
846942,0.9402777571130082
846943,0.014538020092360052
846944,0.9906827181373713
846945,0.5763758312544013
846946,0.9997458630004717
846947,0.9909609380024089
846948,0.6908744720694853
846949,0.9955274562950478
846950,0.9991330712721818
846951,0.9614172135724351
846952,0.8922111529138169
846953,0.9981089234393097
846954,0.19675539492821106
846955,0.9997687687448721
846956,0.15904662892927196
846957,0.889819725434931
846958,0.9989417693599125
846959,0.4793218470466044
846960,0.9999378661553684
846961,0.9997363726825963
846962,0.7741822565378884
846963,0.9635063406984602
846964,0.8007816943301693
846965,0.028168712710379247
846966,0.9984033707129061
846967,0.46479028939996514
846968,0.7029953881605624
846969,0.9930253396078059
846970,0.9997522396607161
846971,0.9999426111153966
846972,0.06345708928415301
846973,0.9998561418691911
846974,0.024947094101685104
846975,0.5967575879305191
846976,0.6334225572928512
846977,0.9999237932025601
846978,0.9998667732310896
846979,0.999538830250918
846980,0.9945267801617468
846981,0.9989006790545294
846982,0.9992337917515333
846983,0.8943200721114996
846984,0.20568675694401406
846985,0.9383560689724074
846986,0.9154975390808167
846987,0.7875128372265761
846988,0.094040559222222
846989,0.8687592164164756
846990,0.983092746142744
846991,0.8435082701294705
846992,0.49860427924270484
846993,0.9905977464887427
846994,0.9994992319831207
846995,0.9122172755828887
846996,0.756861025972622
846997,0.9994723618785297
846998,0.43824399809933645
846999,0.9999886028012528
847000,0.47584562607441727
847001,0.9997961949623426
847002,0.3695373852361632
847003,0.9425798297806839
847004,0.9887067092153664
847005,0.011776320779184566
847006,0.9999031577380898
847007,0.840814741698557
847008,0.9995909346379035
847009,0.1506571047122031
847010,0.8303491253688668
847011,0.31833668225864276
847012,0.1989413262215337
847013,0.9949577617883147
847014,0.03641392062812473
847015,0.8666904705160994
847016,0.9999583041700949
847017,0.6221777879653319
847018,0.999921002301111
847019,0.9991293542412627
847020,0.9685135112699463
847021,0.9999911507771742
847022,0.017121685786196404
847023,0.9999094623189657
847024,0.015060586749206028
847025,0.998990999110454
847026,0.5089798938095906
847027,0.07289208619982357
847028,0.9991312207187406
847029,0.9998240205071055
847030,0.8984531999934015
847031,0.9854474809953175
847032,0.9999829161377078
847033,0.9160375513297501
847034,0.9999871610041715
847035,0.3685168123621529
847036,0.5747463702072814
847037,0.9961102432071708
847038,0.29370025226710034
847039,0.9465889976042025
847040,0.9989663117111083
847041,0.9997887159820368
847042,0.6615430565982281
847043,0.9997039322781552
847044,0.8544871804882666
847045,0.9103737184740961
847046,0.9968536508158632
847047,0.08159960026295204
847048,0.08080955844649518
847049,0.9246406876305793
847050,0.8726879177728155
847051,0.030591673459957062
847052,0.2919253715072084
847053,0.998376361319685
847054,0.09478705589140364
847055,0.9995938657679597
847056,0.9906597197430527
847057,0.9999756123526184
847058,0.048324080973686234
847059,0.9635665021795172
847060,0.9981843412110076
847061,0.9416030264290232
847062,0.5772195526108903
847063,0.9962741682756054
847064,0.3616760537263613
847065,0.9956056480271407
847066,0.9998889991861684
847067,0.004422268610875034
847068,0.9999483147805927
847069,0.3733179332844463
847070,0.6259742223580308
847071,0.042171191668783484
847072,0.8495824933835635
847073,0.9702514511586613
847074,0.27110488445589864
847075,0.8514663667881084
847076,0.9864574260623109
847077,0.9986926277285922
847078,0.9480155355467984
847079,0.9833881689934248
847080,0.9867774736370596
847081,0.44219529933109286
847082,0.9998045671189326
847083,0.8645023651385421
847084,0.29795595155337745
847085,0.18894515264627149
847086,0.2307227451153141
847087,0.8313668100246208
847088,0.9973521337578708
847089,0.312298127908533
847090,0.9997598550174095
847091,0.9921632867811557
847092,0.9957989737118893
847093,0.9988704937130183
847094,0.9855959073923953
847095,0.9981410755336904
847096,0.05144229507600978
847097,0.9991613346472402
847098,0.009473085456307371
847099,0.5243742514126289
847100,0.4794917996366147
847101,0.9742608376736275
847102,0.53558007452019
847103,0.10685639073488319
847104,0.9995835489383995
847105,0.06270878983949144
847106,0.7925649997398336
847107,0.9997955212451819
847108,0.9656391733714216
847109,0.7849793318271885
847110,0.38669712028385206
847111,0.952906684416605
847112,0.8942826915139319
847113,0.7163115095547099
847114,0.997129767176505
847115,0.871297307857154
847116,0.907050101734674
847117,0.999666463957616
847118,0.9955752858561293
847119,0.02821431711922727
847120,0.5084548184570096
847121,0.11616672773561906
847122,0.2548414319697372
847123,0.9999014218157267
847124,0.9457979133908485
847125,0.09591365547894466
847126,0.06802281115093299
847127,0.5258301895144876
847128,0.1760717429128506
847129,0.46478756843686064
847130,0.5068431509049476
847131,0.9994927079707868
847132,0.9998183821623949
847133,0.05961030250162851
847134,0.982366002801162
847135,0.050558154454357206
847136,0.683068737490529
847137,0.998371651125435
847138,0.45785265315266255
847139,0.9999327773938824
847140,0.9999219965390931
847141,0.031334549587781084
847142,0.03259174821927622
847143,0.9973601314838584
847144,0.7711189484629142
847145,0.9650540302071451
847146,0.3064997133959439
847147,0.05284738738075599
847148,0.845267875512886
847149,0.9997521052703207
847150,0.9999484903933151
847151,0.9986916668437191
847152,0.5487509330506519
847153,0.5714636966870899
847154,0.1288538613890839
847155,0.9995797546080307
847156,0.7479123028242944
847157,0.9765523681390653
847158,0.9996290518403868
847159,0.9997110541139199
847160,0.9928288137413226
847161,0.9999516760783296
847162,0.306485428551023
847163,0.9572223485352318
847164,0.7973486443185722
847165,0.9983314684632625
847166,0.5368836953532958
847167,0.9994461804228493
847168,0.7838390196190841
847169,0.11513614355919413
847170,0.884175244158595
847171,0.9989182739969089
847172,0.9984334805141476
847173,0.9371335870009343
847174,0.8767729533256221
847175,0.6820326505003894
847176,0.15290115060414544
847177,0.3636557557005769
847178,0.9999469894408526
847179,0.8402361500309011
847180,0.7615927966898589
847181,0.9334452635700934
847182,0.14988932783999906
847183,0.695937403824875
847184,0.8166428456255022
847185,0.07450506085639888
847186,0.010570146466487133
847187,0.9083852087074065
847188,0.4270983683528585
847189,0.9896722936526631
847190,0.7275533976762949
847191,0.1777391678972876
847192,0.9990110034642727
847193,0.23475928254271697
847194,0.8171165657595039
847195,0.9999802231767958
847196,0.15329766053117272
847197,0.9686044809922478
847198,0.9863064782468904
847199,0.2846204505294111
847200,0.31183921148008326
847201,0.9997469490019091
847202,0.005087459978009109
847203,0.2329955579478295
847204,0.9997384386708509
847205,0.7530505260566575
847206,0.52487343761898
847207,0.061340665822123885
847208,0.7559864339246533
847209,0.9998568518080542
847210,0.9388646182528531
847211,0.9772754876572721
847212,0.9983469230961448
847213,0.01887258697781384
847214,0.9770348346246144
847215,0.8386579986879652
847216,0.999733294643846
847217,0.9998693186107762
847218,0.958504900642339
847219,0.9632686352452369
847220,0.8842486889981674
847221,0.5340403961090848
847222,0.9524240135476274
847223,0.9974599096237271
847224,0.99697999827969
847225,0.708974699064747
847226,0.01335064941525878
847227,0.9980150910665893
847228,0.08598228724842034
847229,0.7393943976219115
847230,0.9589854019682998
847231,0.05346913033684529
847232,0.10643662654614573
847233,0.0038350309698325638
847234,0.9994759182994677
847235,0.19819286400072025
847236,0.9981657557958309
847237,0.9860765457009739
847238,0.8803613718458531
847239,0.9668257700159609
847240,0.27135802000332043
847241,0.40892981745533874
847242,0.9970570016812397
847243,0.9671116667616726
847244,0.9996870133046591
847245,0.9951817556030913
847246,0.21103441687524038
847247,0.7731173563272541
847248,0.9998134294564138
847249,0.9826544080817372
847250,0.1902051099524923
847251,0.2674465008065924
847252,0.9993644788163738
847253,0.9943889436367539
847254,0.9996350807420358
847255,0.7348470225187191
847256,0.9977594998231285
847257,0.7509284395385335
847258,0.99775971025896
847259,0.9985059011369672
847260,0.6934788149664013
847261,0.3323877471966454
847262,0.8328064125714536
847263,0.11996853724450769
847264,0.7964462304858982
847265,0.5925091633391889
847266,0.3207302810301965
847267,0.038769449932714806
847268,0.03803306189737968
847269,0.8772040247112134
847270,0.9919117089539164
847271,0.9987014465766897
847272,0.9316268205186896
847273,0.9998917388599153
847274,0.06001212888757029
847275,0.04987367109312575
847276,0.9991695868376531
847277,0.9997458147858147
847278,0.1359592847328525
847279,0.4292400044412955
847280,0.5774098065044927
847281,0.9996404384651377
847282,0.04603108177991069
847283,0.9230845552128096
847284,0.6979444757096571
847285,0.3876059137036052
847286,0.02759263309184429
847287,0.3896258639647068
847288,0.9976555743680896
847289,0.8114000667454462
847290,0.8169614517020126
847291,0.926076878608805
847292,0.9996819375045924
847293,0.9996436790668246
847294,0.9835145136580649
847295,0.9957160031023754
847296,0.9884382826474752
847297,0.3967375354289159
847298,0.9994584531427299
847299,0.24452174422728964
847300,0.9997768842350325
847301,0.0927917183408095
847302,0.9995124311143484
847303,0.9905924770838775
847304,0.5435240664945721
847305,0.07063177824597927
847306,0.9998828850525376
847307,0.7845978591130257
847308,0.9997106495218508
847309,0.9987949414886358
847310,0.009938599549985109
847311,0.9996372686676598
847312,0.38145975145310906
847313,0.9967497929610396
847314,0.9998945206773007
847315,0.7496798297416405
847316,0.04964097209192282
847317,0.9702669740251757
847318,0.9848189523721365
847319,0.9263595197883525
847320,0.6570134848681441
847321,0.04781283068831876
847322,0.9986888572409858
847323,0.9605815593448768
847324,0.8260485806546
847325,0.17625909942475526
847326,0.9458306588738733
847327,0.08108848632646462
847328,0.06708139953944108
847329,0.977653090563787
847330,0.7562709482177767
847331,0.9997499461647958
847332,0.947477532877919
847333,0.28403699305559504
847334,0.9987695611413272
847335,0.13023274123702727
847336,0.8630942151336393
847337,0.9962235170108595
847338,0.1848041284184736
847339,0.5655695748607057
847340,0.16818657801160364
847341,0.9992880033367231
847342,0.027674050840649837
847343,0.997131902937351
847344,0.9996111975707405
847345,0.36677738356547906
847346,0.596452338531661
847347,0.06259779381599688
847348,0.9269742490480749
847349,0.7724943631537011
847350,0.9998976537896113
847351,0.9952739129762512
847352,0.9835481187711249
847353,0.007351941403079681
847354,0.5947834757614641
847355,0.9999892783503852
847356,0.010497872641541874
847357,0.7874064917744699
847358,0.9997969610875183
847359,0.4875937908848059
847360,0.999984227405231
847361,0.9992949231321584
847362,0.5227215217992216
847363,0.0391413877636388
847364,0.734251214796956
847365,0.7511799686994665
847366,0.5213418653408103
847367,0.8850199415605509
847368,0.9908007255811403
847369,0.5580150245000286
847370,0.9545161051889759
847371,0.2009607846101421
847372,0.7777041411615337
847373,0.9968517455642452
847374,0.3795392570380378
847375,0.8576798695816266
847376,0.9999342584287207
847377,0.8152735482110713
847378,0.7404857360762058
847379,0.46622097696630216
847380,0.8204125005436287
847381,0.8652146235727634
847382,0.9162625744478374
847383,0.6903267490449367
847384,0.9999721899412183
847385,0.013481555320531947
847386,0.9885829907105264
847387,0.040949981748106073
847388,0.9972885426985256
847389,0.9583204391016427
847390,0.2489941980665985
847391,0.06076522407108546
847392,0.9926157396978839
847393,0.9999535103791761
847394,0.9992911633758662
847395,0.9757290909554794
847396,0.9850742627229783
847397,0.051803341780855806
847398,0.1620798961710354
847399,0.026836260278469234
847400,0.6764907529044849
847401,0.9998175481673469
847402,0.7546348674333185
847403,0.9984100096843889
847404,0.96867869715066
847405,0.8025024030461072
847406,0.8928944535425865
847407,0.9969235126508141
847408,0.9643653351015524
847409,0.9268594012553601
847410,0.10897883786927873
847411,0.9957781809148454
847412,0.9997545853556384
847413,0.6478890617392725
847414,0.43259659666108635
847415,0.9646025688479691
847416,0.9990858131467552
847417,0.06526697940167486
847418,0.4277342143720884
847419,0.9949591348905686
847420,0.9988941304194592
847421,0.9999070496659392
847422,0.8684942281579568
847423,0.03365124235671375
847424,0.9997535140843954
847425,0.9933941269681303
847426,0.9872627200502448
847427,0.9993065483088426
847428,0.8533716711915151
847429,0.9838442116504569
847430,0.9161085305068876
847431,0.9847060369302372
847432,0.9999475261971482
847433,0.9989743445744916
847434,0.9971920456436216
847435,0.581859232589463
847436,0.9996861097571013
847437,0.9881648049283748
847438,0.8402624737463921
847439,0.9996375682301416
847440,0.9191087714291933
847441,0.992700774436965
847442,0.8400877584113511
847443,0.033757406637415464
847444,0.9988637611219631
847445,0.9348939327358212
847446,0.998588460469354
847447,0.4160015912098232
847448,0.999197066331132
847449,0.8582593759429445
847450,0.9994924030767162
847451,0.9999803902873128
847452,0.7137620785292942
847453,0.9700755479573262
847454,0.9999057523983663
847455,0.9999814157137541
847456,0.999448524849356
847457,0.8596786909252573
847458,0.9999311006275018
847459,0.9991318824989601
847460,0.8621070015456639
847461,0.4783947318091606
847462,0.9999258441616962
847463,0.9113576627191569
847464,0.5226285197196023
847465,0.980998134111834
847466,0.024618950655962413
847467,0.9911234209386042
847468,0.003351843224938641
847469,0.9997463922910756
847470,0.8364113852291488
847471,0.6860818217405178
847472,0.45623338152445225
847473,0.41986137353362174
847474,0.9977574402848327
847475,0.14824744738914455
847476,0.9835481692313434
847477,0.9355321082545095
847478,0.38850532578227637
847479,0.9999069241210374
847480,0.9998950492754503
847481,0.06728334867396545
847482,0.3961441426531135
847483,0.9734558917983465
847484,0.8915579661458767
847485,0.2245278557403725
847486,0.9989477325930016
847487,0.9996166198674103
847488,0.08017525905453211
847489,0.18137589463673262
847490,0.9087227581885458
847491,0.9097292493800428
847492,0.9890172229650778
847493,0.0063158879252760165
847494,0.6719863446911472
847495,0.9808172038790453
847496,0.9940488338264293
847497,0.015357134329564181
847498,0.5819635508398081
847499,0.8153561828153659
847500,0.030190479640576143
847501,0.43315349705850614
847502,0.9588852363833997
847503,0.03601768591272765
847504,0.7464446977762154
847505,0.07222198955865
847506,0.007456657118918948
847507,0.9575002430139149
847508,0.9998929442781265
847509,0.9959240528818883
847510,0.23493791986644047
847511,0.9998812397810743
847512,0.9999831698180506
847513,0.9998187502527469
847514,0.9997935023301756
847515,0.9992235616930335
847516,0.0668169139039897
847517,0.08717470377419809
847518,0.9998053896728862
847519,0.018262108814708484
847520,0.37914688438764654
847521,0.9992762351765745
847522,0.3449847495170397
847523,0.5862125778860124
847524,0.99983686807041
847525,0.9570636470168855
847526,0.9911202409011786
847527,0.8646485640423702
847528,0.9783629735352806
847529,0.12175832394623154
847530,0.18683619227628026
847531,0.8398521363715841
847532,0.9849518178300196
847533,0.9901834401175791
847534,0.8810049413645662
847535,0.14923752258577536
847536,0.968484930789489
847537,0.994989109695861
847538,0.9992638660008473
847539,0.670194081626868
847540,0.7595064777455895
847541,0.821916710240929
847542,0.9717242671877233
847543,0.16229017040382393
847544,0.9997460981108025
847545,0.44743946945104324
847546,0.9999824707528852
847547,0.9996145985541274
847548,0.9940199770818046
847549,0.9997143220622517
847550,0.9897933048117107
847551,0.9998325116568496
847552,0.9970067926223045
847553,0.9777582042080655
847554,0.46420160650332404
847555,0.7006605579971442
847556,0.044040135850586
847557,0.9986834853661845
847558,0.9997753926171213
847559,0.43611810751122876
847560,0.9982871570085774
847561,0.7198484168604193
847562,0.9953698127616666
847563,0.9996867744437101
847564,0.0738844026239574
847565,0.0841221191301773
847566,0.9964623001238635
847567,0.4755237369068091
847568,0.9774113857788254
847569,0.9998070289159513
847570,0.7494474201558767
847571,0.9996190446850168
847572,0.9995497351263094
847573,0.8816003428971314
847574,0.9936108012748065
847575,0.1923620085851832
847576,0.9999972093850361
847577,0.21143622032422632
847578,0.1725843788507947
847579,0.5758305235141316
847580,0.7981192554072212
847581,0.0475437298776908
847582,0.19183123795490734
847583,0.9999780779225742
847584,0.9998860576605948
847585,0.41726881644942265
847586,0.6095560596290268
847587,0.06269371228794515
847588,0.8142119845934239
847589,0.9920576523579863
847590,0.9823345779734789
847591,0.9996751573372611
847592,0.9995200933358289
847593,0.023921385870283585
847594,0.7558575957084799
847595,0.9999759670984509
847596,0.8670031731513659
847597,0.9995925487083196
847598,0.045339506118072054
847599,0.020412289980849967
847600,0.9331660998208917
847601,0.9997053882915289
847602,0.9948992875228724
847603,0.9991948493377237
847604,0.9996035339343765
847605,0.9344043829236645
847606,0.983110842372654
847607,0.9996391714641547
847608,0.01435268002842146
847609,0.9861804723137284
847610,0.7596424240469826
847611,0.9999129892469767
847612,0.9957917413077346
847613,0.14216068545365415
847614,0.005255579628808189
847615,0.7364330621720212
847616,0.2061714101744738
847617,0.7986465627803392
847618,0.9878715439718764
847619,0.20942749591401305
847620,0.04979497626426091
847621,0.7609136478570984
847622,0.7087525574603109
847623,0.9971872292423025
847624,0.3397874198156745
847625,0.999723719073695
847626,0.9323903953640438
847627,0.0640694982054371
847628,0.5961921353675731
847629,0.9975734690400141
847630,0.696859039808911
847631,0.969536948169837
847632,0.9994056830357114
847633,0.9993391136347529
847634,0.6790556969187629
847635,0.9998812024568913
847636,0.9999460720829605
847637,0.9966845514812199
847638,0.8691975010117877
847639,0.010722705495329807
847640,0.9999158323212689
847641,0.9705950009050565
847642,0.9975355224658013
847643,0.4417602511719064
847644,0.6214745122171126
847645,0.2965755185540334
847646,0.6273395883748567
847647,0.9993407911992671
847648,0.6418017531289172
847649,0.9601171218612117
847650,0.505870423705174
847651,0.9973582352551837
847652,0.9999609175973597
847653,0.9999925813243944
847654,0.9996859081505767
847655,0.9908516160033134
847656,0.6639933593199088
847657,0.03990777680829799
847658,0.019493943572359895
847659,0.9893725039359853
847660,0.4040162187838035
847661,0.018250324093830688
847662,0.9996996434429136
847663,0.015717999816113985
847664,0.83839208041107
847665,0.9752962023128986
847666,0.9994967139348442
847667,0.5184176708340411
847668,0.9963030680262179
847669,0.23246815050718844
847670,0.6252192491011624
847671,0.9928687025311234
847672,0.994434979117963
847673,0.8553851612142634
847674,0.35087543282492806
847675,0.7757444962621842
847676,0.9999567421281143
847677,0.21661719956000022
847678,0.09487509991358307
847679,0.9996234663362553
847680,0.997900676867771
847681,0.9984713209891267
847682,0.7958218133679686
847683,0.9857978927429499
847684,0.017404474399208128
847685,0.018021489029104727
847686,0.35404605709682596
847687,0.9650406277710177
847688,0.9937175643448729
847689,0.9979972031077765
847690,0.9998849751990311
847691,0.9998622838688636
847692,0.9635547454407631
847693,0.9997274305867166
847694,0.9380524097668452
847695,0.7747224254889726
847696,0.9551305224170287
847697,0.9952280478109472
847698,0.5236762186593498
847699,0.9364887615469616
847700,0.9952104187589814
847701,0.9988328172984797
847702,0.999631261529524
847703,0.989726854308941
847704,0.9890972795590517
847705,0.9998466209920938
847706,0.5421521975488609
847707,0.02073383833261521
847708,0.691453192880642
847709,0.9983769042998252
847710,0.9547064254152751
847711,0.5029042368861086
847712,0.9999843764788225
847713,0.9679938794764309
847714,0.14940004010798644
847715,0.9655815239673615
847716,0.2707169131748558
847717,0.9873923782918239
847718,0.9560031105655177
847719,0.04581594326650356
847720,0.9982119416519742
847721,0.4791612764518908
847722,0.3468859341018935
847723,0.1477810762934209
847724,0.41514748888129216
847725,0.996119917247805
847726,0.42318430485038716
847727,0.9999322590583424
847728,0.9999848445792142
847729,0.9918098846683618
847730,0.4270694744969652
847731,0.6371943637348928
847732,0.9999640725033008
847733,0.9841271316763834
847734,0.9999683935535432
847735,0.9984983053454606
847736,0.999520597773933
847737,0.7356332299784099
847738,0.00490206458736093
847739,0.9872996260571125
847740,0.9843455516023105
847741,0.9999748654569361
847742,0.6929958650229961
847743,0.9996505395638814
847744,0.9493916139935785
847745,0.9851252150426046
847746,0.5801260075384687
847747,0.5144972628687463
847748,0.3131366326885478
847749,0.1341016637908801
847750,0.9772804278043691
847751,0.4890287423693264
847752,0.998162413811749
847753,0.9947235028854606
847754,0.49020842591699776
847755,0.9801722836096638
847756,0.0356574746737582
847757,0.9657093246744064
847758,0.9998925350530261
847759,0.055124792944913986
847760,0.9986089903006801
847761,0.9858760855807949
847762,0.0305284275591787
847763,0.9996989292614515
847764,0.181507327424913
847765,0.9995372017642077
847766,0.03161359570932066
847767,0.06771397205740956
847768,0.07329041260729117
847769,0.9441943826413677
847770,0.9994386497890411
847771,0.01990935956441566
847772,0.2661232546372935
847773,0.35939346177760606
847774,0.9590002106185872
847775,0.9999605582426986
847776,0.019182614231951545
847777,0.4694078992167294
847778,0.9995425288943068
847779,0.9865863323364588
847780,0.9993055874743301
847781,0.9999596406933811
847782,0.9547653085260771
847783,0.9999628889699068
847784,0.4574172511532519
847785,0.8805789810477728
847786,0.9989468873830591
847787,0.9937735053777506
847788,0.9999543226265816
847789,0.9991371290041031
847790,0.994529550027737
847791,0.36890271402324815
847792,0.5156973811539353
847793,0.6397423418318215
847794,0.9912853884859667
847795,0.9987969836012123
847796,0.169675539457921
847797,0.9968718383477819
847798,0.9998246165925162
847799,0.9865642019678774
847800,0.9982642137569879
847801,0.9998689264902358
847802,0.9118752659065296
847803,0.9952867771679397
847804,0.9955723682360771
847805,0.4304617097070931
847806,0.9896081970471919
847807,0.999950292819268
847808,0.7851748046431193
847809,0.9635935936624724
847810,0.997253478210462
847811,0.9616743759992933
847812,0.9989419262644728
847813,0.993123306949089
847814,0.43909317538690784
847815,0.4858974272841911
847816,0.9999578750338625
847817,0.2836638330681055
847818,0.9973455179419204
847819,0.992033435370179
847820,0.8982555192505859
847821,0.28309567953023923
847822,0.999991564617343
847823,0.9876747336512403
847824,0.17402439498011002
847825,0.9879956441043045
847826,0.3702257744621105
847827,0.9989149232332973
847828,0.7827609703528716
847829,0.9998338000978229
847830,0.9938402280898792
847831,0.4705728917322133
847832,0.8206340534043057
847833,0.057846357510648316
847834,0.9997380906637243
847835,0.4795607125349801
847836,0.9913410593978225
847837,0.9999172965815688
847838,0.9997840685946027
847839,0.334845793606482
847840,0.6969468802271783
847841,0.9817475278747106
847842,0.7447662258727203
847843,0.09882125940541231
847844,0.4978889345344591
847845,0.9439034693347136
847846,0.9999722775516433
847847,0.779877466051484
847848,0.5671539129118899
847849,0.915681973730611
847850,0.9611134436631881
847851,0.043073628207986145
847852,0.1006890507948208
847853,0.9990304416074047
847854,0.9999839625632739
847855,0.27243178949287183
847856,0.01900162611666605
847857,0.439179413447202
847858,0.9872380442600441
847859,0.26332081311330074
847860,0.23504637384338734
847861,0.9997663440095143
847862,0.9998232294145096
847863,0.9998753591864777
847864,0.02076485947908693
847865,0.5345150616701914
847866,0.91492331383568
847867,0.9922566698396862
847868,0.8764491259394451
847869,0.02227807255609842
847870,0.9232153252906348
847871,0.9982904944216096
847872,0.816274296164075
847873,0.7585895873284867
847874,0.026084638340490532
847875,0.9910792331843595
847876,0.9994220116498294
847877,0.7705126324388116
847878,0.9899458417354863
847879,0.10017961196280448
847880,0.9946182161497319
847881,0.40364838952555293
847882,0.9998390528620344
847883,0.31321510969914074
847884,0.536726606063652
847885,0.8831229447154656
847886,0.3980141638150877
847887,0.9876921749776633
847888,0.971371459056152
847889,0.8300202394029434
847890,0.12354402336519664
847891,0.043178050778850556
847892,0.6088935709228804
847893,0.21914892263738636
847894,0.990629317432827
847895,0.9743396226834932
847896,0.778690796361502
847897,0.9170791271250583
847898,0.19053738093141637
847899,0.9999714703732717
847900,0.9937825140568315
847901,0.9863715790141828
847902,0.9893496612404253
847903,0.5276301634758604
847904,0.9993907477348065
847905,0.16275754711348678
847906,0.036340454340559915
847907,0.9999793764432788
847908,0.9951332013759252
847909,0.997451519141539
847910,0.9938085845716567
847911,0.8227336472269045
847912,0.03503990613800387
847913,0.2548007829113809
847914,0.8103050682931856
847915,0.9976926275904474
847916,0.9934046214546245
847917,0.32400737265940605
847918,0.8837656027381391
847919,0.9991120501321876
847920,0.7169583566319343
847921,0.29781710530142635
847922,0.9159050937720732
847923,0.45091176907992275
847924,0.9767405560070099
847925,0.9969622696179508
847926,0.9615426517493281
847927,0.9959177034419271
847928,0.867399876650151
847929,0.29013511637117295
847930,0.04618748277132021
847931,0.9981823317994265
847932,0.9999508394535179
847933,0.6238431673785781
847934,0.9991372164462123
847935,0.07684741006512509
847936,0.6121981325510059
847937,0.4734431798307427
847938,0.9940480223839699
847939,0.9999694060702318
847940,0.6721679127134765
847941,0.9999402875172783
847942,0.9970217686573015
847943,0.98095436797451
847944,0.9998338104802713
847945,0.8215739350250344
847946,0.4089625974232877
847947,0.8214366606493426
847948,0.999413708881926
847949,0.9975396581710951
847950,0.8919012067269056
847951,0.9993914862995459
847952,0.006424190202350627
847953,0.9995724345558938
847954,0.9996750613701308
847955,0.12008985554480087
847956,0.4974992951052014
847957,0.9255088603156769
847958,0.9947885488854893
847959,0.6360124661261478
847960,0.9999641383423239
847961,0.925955190492733
847962,0.9433436775660379
847963,0.8618362149032444
847964,0.9999692326304297
847965,0.9956173194150102
847966,0.9113704915429122
847967,0.006292476366120006
847968,0.9999080886327312
847969,0.41856809939481177
847970,0.10984917048812112
847971,0.11319231052545828
847972,0.9825243478153532
847973,0.9228723599336218
847974,0.8890915172490824
847975,0.9997023003703888
847976,0.4345081716537856
847977,0.9956845219960502
847978,0.9947088821369747
847979,0.9702770506359788
847980,0.016882946208579056
847981,0.5463294043389645
847982,0.9998526978629818
847983,0.1578355121018759
847984,0.5270084367753012
847985,0.9987157185739156
847986,0.2800779365524534
847987,0.057774389255023983
847988,0.9649116315248746
847989,0.37283456903474255
847990,0.7567850080603686
847991,0.917162850819141
847992,0.9309400633258428
847993,0.988861545456711
847994,0.9876833145814393
847995,0.21995153652124938
847996,0.9988778815129944
847997,0.997945476167974
847998,0.9998925275205328
847999,0.9325870620578129
848000,0.999679020279298
848001,0.9998205399646408
848002,0.167849767829026
848003,0.9999835929234221
848004,0.999859916996173
848005,0.9999114717109368
848006,0.8759954474743783
848007,0.975673707229167
848008,0.6091685526783592
848009,0.47042610874573265
848010,0.9859115607382554
848011,0.9992118882315413
848012,0.237628686306237
848013,0.9998867636976038
848014,0.10742197519761679
848015,0.31425911701976045
848016,0.9982426829102061
848017,0.9930679703062882
848018,0.07064495993147561
848019,0.04769111835766289
848020,0.986862640197784
848021,0.920476653759419
848022,0.028463814178206426
848023,0.7226712647927492
848024,0.8973946247700342
848025,0.9982220527726664
848026,0.9996380397457545
848027,0.8588060461096679
848028,0.9999415224877928
848029,0.8602350294873831
848030,0.039746357775675874
848031,0.7624299473329718
848032,0.9975800770468691
848033,0.1333740328583666
848034,0.9870352524177979
848035,0.3442667074767018
848036,0.99943820527048
848037,0.09824038348503841
848038,0.9994848558730591
848039,0.09342663656066592
848040,0.013245819782033087
848041,0.9995919069010257
848042,0.8929812298629656
848043,0.030642673101041407
848044,0.035903216413965246
848045,0.8435078924236931
848046,0.9062426537716728
848047,0.994852937760534
848048,0.9981816738270513
848049,0.9108344285751412
848050,0.8987569660510681
848051,0.015528210316833106
848052,0.9964436042182658
848053,0.7351165966558869
848054,0.9999008732712485
848055,0.9986661435709812
848056,0.997714558998497
848057,0.058976394332734855
848058,0.46020558580467674
848059,0.8536642057155547
848060,0.9998653442420982
848061,0.9999680628688188
848062,0.9995435386760567
848063,0.9999069444146802
848064,0.9071808525453935
848065,0.9393305698170055
848066,0.9991608898329051
848067,0.006248428315505981
848068,0.09283726116712061
848069,0.9995533030011985
848070,0.5773654090670725
848071,0.14254456185221145
848072,0.9998588106058115
848073,0.8246168245705104
848074,0.9997606590265404
848075,0.9998317592256512
848076,0.06328677773586451
848077,0.9412313924691889
848078,0.9809576361277278
848079,0.691308014119636
848080,0.6888228176221374
848081,0.5982385080836669
848082,0.9204024404281481
848083,0.998416302138512
848084,0.9323850459732647
848085,0.9997399667696276
848086,0.033251745807832016
848087,0.9942429241003615
848088,0.03314242491574072
848089,0.007686137884521009
848090,0.43468693421186905
848091,0.9308384007132089
848092,0.006550881955960413
848093,0.5404362198305618
848094,0.9999919579213019
848095,0.999824371638929
848096,0.04667549073129491
848097,0.9195724795471973
848098,0.14608613172594814
848099,0.995675653495572
848100,0.9457084223296768
848101,0.9286548960100531
848102,0.9956012885917328
848103,0.9503152976369985
848104,0.9909714695116268
848105,0.13060673138389864
848106,0.9999790879201064
848107,0.999678012225913
848108,0.0319816557483389
848109,0.11230953340352035
848110,0.22714467179869016
848111,0.6234212768293595
848112,0.9972934953949923
848113,0.9984439617455818
848114,0.9899465821747668
848115,0.9995241494786213
848116,0.9999713229927758
848117,0.8214963907558741
848118,0.8958911349894061
848119,0.015355356156509656
848120,0.2240569122046875
848121,0.34445452289698103
848122,0.9944458421293401
848123,0.43057099988876835
848124,0.9987019673475999
848125,0.9999527504409327
848126,0.033976303677627454
848127,0.9998616940213682
848128,0.9974963028927711
848129,0.09186047610977796
848130,0.9940830716695184
848131,0.37610228264847373
848132,0.4744795354975048
848133,0.9916729448367436
848134,0.9972457999198455
848135,0.909085871533807
848136,0.9999487620228789
848137,0.22285352556076554
848138,0.9998503950212295
848139,0.9745305305835447
848140,0.053538355814753004
848141,0.6089466756554771
848142,0.9988344130179378
848143,0.7533628479182312
848144,0.9999551646464313
848145,0.3692184972438003
848146,0.9996004662776571
848147,0.9999741383964018
848148,0.0069978524263311585
848149,0.9939968789892957
848150,0.998980640695698
848151,0.15091254808475843
848152,0.012292377777298535
848153,0.4905121033675607
848154,0.07982635080022184
848155,0.9999866105834907
848156,0.1605368709889043
848157,0.7953513151847387
848158,0.42980082990582424
848159,0.5247884606069911
848160,0.9776483361600371
848161,0.6160341684100168
848162,0.9988361652615134
848163,0.816147991153783
848164,0.9999070103955111
848165,0.6498729236727283
848166,0.4157762484724108
848167,0.7375290202615463
848168,0.6974295427362065
848169,0.13210592085082679
848170,0.9998442611671685
848171,0.9170377553540364
848172,0.993865832211058
848173,0.2403952712131356
848174,0.9915476362779726
848175,0.08859305422910513
848176,0.05579731106653174
848177,0.9986954315949876
848178,0.9695507217774382
848179,0.9999515919177816
848180,0.9051568990707977
848181,0.9999295933205715
848182,0.99356942403155
848183,0.5870697835945091
848184,0.5226693376058738
848185,0.996042489968288
848186,0.6794545584843181
848187,0.004307521277334197
848188,0.9980910973047556
848189,0.018709935014343895
848190,0.9334942994441049
848191,0.8662329332011531
848192,0.03329911937118357
848193,0.8998305841353729
848194,0.9999860124919777
848195,0.9993013608884762
848196,0.999388091238472
848197,0.5289013063030985
848198,0.9531298981678257
848199,0.01100513462281832
848200,0.21276297420473889
848201,0.2554649240216961
848202,0.4905928715341293
848203,0.9995705069365678
848204,0.7211021986776616
848205,0.03758885679576783
848206,0.18689871692984555
848207,0.7347942892052346
848208,0.7281519954308138
848209,0.9872162280251441
848210,0.2884822017306397
848211,0.9926963177423154
848212,0.9964248691852255
848213,0.999958534555694
848214,0.9997798572639693
848215,0.9578033549223784
848216,0.4885596427206371
848217,0.002433244719835415
848218,0.8421614546493181
848219,0.9630649345763788
848220,0.7333534037729121
848221,0.5242959913313097
848222,0.981479054243865
848223,0.9908745659836918
848224,0.9982443830981577
848225,0.9949961895944576
848226,0.9860906869287295
848227,0.13319794136322238
848228,0.9941266578851079
848229,0.999917874952009
848230,0.47600540615356113
848231,0.9743096902744443
848232,0.820947682332327
848233,0.9488229550117313
848234,0.9996068252304278
848235,0.02172954305540279
848236,0.9914739709807069
848237,0.11705129403474138
848238,0.9998483919079989
848239,0.36597613437858
848240,0.9996844504502183
848241,0.4335653234951512
848242,0.9992643705610411
848243,0.34464783118687486
848244,0.9947034069433612
848245,0.06561468758369088
848246,0.864786924258913
848247,0.9981408320050691
848248,0.9999519479393049
848249,0.9431435132789854
848250,0.09825996186214939
848251,0.8302193911193597
848252,0.16100546000179017
848253,0.9879418708293215
848254,0.09369866660296072
848255,0.9999290873035687
848256,0.5656590460628246
848257,0.8952999522095219
848258,0.5854143208073902
848259,0.9999825358483811
848260,0.004475014270010543
848261,0.46981283856511546
848262,0.9861586486069178
848263,0.08003671669235156
848264,0.9743290023550037
848265,0.12566095389879614
848266,0.7228064410319788
848267,0.9826254737794318
848268,0.4243414694084141
848269,0.03140773817775114
848270,0.998820331762504
848271,0.932236589702205
848272,0.9198660854092551
848273,0.4950943462315625
848274,0.9990307851841665
848275,0.04004136394237347
848276,0.9990431039928876
848277,0.9747431628084837
848278,0.999934939898302
848279,0.47009235639713653
848280,0.9727305762656134
848281,0.7151072784725356
848282,0.12261066715190144
848283,0.9811514810223181
848284,0.025435931118085883
848285,0.20201394973107167
848286,0.9998542089885911
848287,0.22930841541833658
848288,0.9968605756700574
848289,0.3504342904279233
848290,0.8967126554624542
848291,0.8265945280225726
848292,0.9984618442219184
848293,0.9997018745787101
848294,0.9938112422368424
848295,0.785142504698031
848296,0.1566621139232524
848297,0.12485200466988958
848298,0.17223226584582113
848299,0.9970345803953758
848300,0.649317121941233
848301,0.9998983407304174
848302,0.024705770167183387
848303,0.04771991907391665
848304,0.9988541495792909
848305,0.9869461042087002
848306,0.8950569264199232
848307,0.824240226371997
848308,0.9995225609207553
848309,0.9988905403776838
848310,0.6024135205916369
848311,0.9991913237650774
848312,0.9221573737434261
848313,0.9997799729301058
848314,0.9908137833973122
848315,0.8084175117828717
848316,0.7652393935020346
848317,0.9994768006168484
848318,0.995874757515655
848319,0.9121651027627922
848320,0.2394139032890471
848321,0.1286066026039506
848322,0.7360684539374562
848323,0.7199952321255043
848324,0.10749648556671337
848325,0.9999870289215853
848326,0.9997721352453819
848327,0.9999128213701238
848328,0.9472564138936793
848329,0.0759834583989552
848330,0.9999201322511385
848331,0.99669636280033
848332,0.9997034435075731
848333,0.0017069967073492448
848334,0.6428717435448279
848335,0.9999505987559205
848336,0.5062607609176283
848337,0.9822487613837756
848338,0.934666682707368
848339,0.012111316858254506
848340,0.004765876705417874
848341,0.0285403695200553
848342,0.9834395768094223
848343,0.5055619919173828
848344,0.9841467983855599
848345,0.9718566099108569
848346,0.24637073376935462
848347,0.7921708621538894
848348,0.9997792992396602
848349,0.4112164964545185
848350,0.13125645764115224
848351,0.5122589012317202
848352,0.9826660206660787
848353,0.02646545063864706
848354,0.9988717551832396
848355,0.9998262163970829
848356,0.02897130185883263
848357,0.9927181503750371
848358,0.9999136654700302
848359,0.2356728004543766
848360,0.5365424363867788
848361,0.08828164171140054
848362,0.8156800557443293
848363,0.9863141877943628
848364,0.5968175675876529
848365,0.011508079183988362
848366,0.9845279305250105
848367,0.006074578243955188
848368,0.9992481335214461
848369,0.7944795851334183
848370,0.9603321813480385
848371,0.9999525820522894
848372,0.0470582980672757
848373,0.5268851987520102
848374,0.5327066806545794
848375,0.6974285487996927
848376,0.999784552714222
848377,0.050377757595474484
848378,0.9982324312998642
848379,0.9996088602553003
848380,0.9994427286357113
848381,0.9993211683192943
848382,0.7503574801382518
848383,0.015463520126557561
848384,0.8239291998344598
848385,0.95120433073111
848386,0.18191601281259842
848387,0.12159218563219305
848388,0.686754733087148
848389,0.00505386852840346
848390,0.9934709635508
848391,0.9952943233264417
848392,0.9960997690330673
848393,0.02944462955596601
848394,0.9003645880595025
848395,0.9998977298518833
848396,0.9955505430206526
848397,0.9997569324623978
848398,0.9999739096416747
848399,0.4379120621503212
848400,0.1296099251235287
848401,0.9795926378291251
848402,0.7587777717604233
848403,0.14562650224735593
848404,0.9992765207008469
848405,0.5865775955108281
848406,0.7145503808313114
848407,0.025836613646380464
848408,0.9980228388127091
848409,0.9998735117119747
848410,0.9996160991507409
848411,0.9955153984546049
848412,0.8118338869585728
848413,0.27925622334092587
848414,0.35346540827652617
848415,0.9998694872669978
848416,0.9977839701952476
848417,0.9990294130136806
848418,0.9990014321830638
848419,0.7864771519059106
848420,0.046233272106269215
848421,0.988186932868638
848422,0.5414544788785167
848423,0.7317103620610468
848424,0.6483996314556016
848425,0.6764967523952403
848426,0.9994395366177591
848427,0.9991866297960919
848428,0.5573594356891698
848429,0.9998045304742026
848430,0.8464014486240943
848431,0.9991992487830997
848432,0.596555199163909
848433,0.37660000154739626
848434,0.9967576394033837
848435,0.9945632084719209
848436,0.42285606718268587
848437,0.6916062391342512
848438,0.9989237096082931
848439,0.11968511727768644
848440,0.6627295219653939
848441,0.9318534354346131
848442,0.9872598687569731
848443,0.9990247684213411
848444,0.024258141211585506
848445,0.9281914846330723
848446,0.9975290910429863
848447,0.03132199243685328
848448,0.9999911540435695
848449,0.5363478586691031
848450,0.4275396847216326
848451,0.06122078018262488
848452,0.008376520603693169
848453,0.9985960456818342
848454,0.23735870771543133
848455,0.9997257624659175
848456,0.310680366914851
848457,0.9999673397740734
848458,0.7604750460706857
848459,0.9858882607548127
848460,0.9617617644475588
848461,0.7462601385226159
848462,0.8207451311053596
848463,0.7685274753936987
848464,0.40514630125363993
848465,0.08533303805139239
848466,0.3741250842182991
848467,0.7817343848761249
848468,0.9996339612043874
848469,0.9989348664703568
848470,0.699471662688922
848471,0.9021554337129118
848472,0.9956610524369194
848473,0.8550665574077831
848474,0.9961565127475958
848475,0.9914841239910763
848476,0.9997742746504945
848477,0.998601144813393
848478,0.9748755690153766
848479,0.029634297230837874
848480,0.9814052613111266
848481,0.9999228325317329
848482,0.00570816080057779
848483,0.9999467497922996
848484,0.934946767197558
848485,0.8697776804650831
848486,0.9826133291170422
848487,0.9998287432499748
848488,0.6056086966006724
848489,0.9581635348320134
848490,0.9999723693913889
848491,0.9693082490290997
848492,0.018733350209375728
848493,0.1866360895462154
848494,0.9999495385208904
848495,0.996766155923691
848496,0.9994646841136521
848497,0.9997123698974903
848498,0.022917496312851907
848499,0.9908464649302453
848500,0.010597417539331152
848501,0.9976190225990639
848502,0.9994808411129636
848503,0.823774282336926
848504,0.9790228766633462
848505,0.9995934249098375
848506,0.9181877347203002
848507,0.9999870365311446
848508,0.06170331331566018
848509,0.5258961531696088
848510,0.7533139001248456
848511,0.9969897863639943
848512,0.9999055521403837
848513,0.9992968355500128
848514,0.9994879476645883
848515,0.008343456128838751
848516,0.9991132788716224
848517,0.9985526192941365
848518,0.011036462987299536
848519,0.9999673439408397
848520,0.15148247903723153
848521,0.07220497359312829
848522,0.997256266063953
848523,0.9773992481679548
848524,0.9999791096439938
848525,0.5092669456734672
848526,0.9449599597669351
848527,0.9774881056939212
848528,0.9987120273806136
848529,0.9915489191489676
848530,0.15030339543502363
848531,0.2953709942137899
848532,0.994504216549525
848533,0.9981428151983478
848534,0.9892944335451096
848535,0.8453354333752334
848536,0.9995360502545108
848537,0.9747229125621425
848538,0.997213345522547
848539,0.8780304346947923
848540,0.012302538335854266
848541,0.9984352232622344
848542,0.1384834534731877
848543,0.9997505252143538
848544,0.04526838583572449
848545,0.9989222982401026
848546,0.9966544069908103
848547,0.023370429139569215
848548,0.8521838831602706
848549,0.08411446311354209
848550,0.5437749184762779
848551,0.7282203334239681
848552,0.9817929200131186
848553,0.9985867599602587
848554,0.9999038836341021
848555,0.9991754961851362
848556,0.995509821683439
848557,0.057305217227504895
848558,0.995506287008479
848559,0.999894394127349
848560,0.08969587900092252
848561,0.9980325766417524
848562,0.9997864123086471
848563,0.9999715788586911
848564,0.973984538831882
848565,0.9997303880867019
848566,0.02616815144409771
848567,0.1464493753481676
848568,0.969180573386517
848569,0.18925369998399363
848570,0.6368631523206009
848571,0.15154214929905663
848572,0.7799444660996199
848573,0.9998279137788081
848574,0.864046171652783
848575,0.04201001441762564
848576,0.05736701036033599
848577,0.025914784069996637
848578,0.08255625923232643
848579,0.9952624340678373
848580,0.05268029279846906
848581,0.9956806637637374
848582,0.8536669024469734
848583,0.4264348526935452
848584,0.9829746347614785
848585,0.6423983124257734
848586,0.9999502486041014
848587,0.728575090360255
848588,0.9985603006639272
848589,0.99687354095145
848590,0.015895676354409798
848591,0.9977989776813168
848592,0.34256474390937064
848593,0.9881579107763181
848594,0.6614458557510865
848595,0.24308643470817926
848596,0.9994172719450084
848597,0.9998885668705828
848598,0.9895557329036081
848599,0.6262486495124967
848600,0.6906028833022408
848601,0.9918525563499065
848602,0.6332848430692642
848603,0.9997396642013969
848604,0.9998227886607206
848605,0.9716944563560017
848606,0.0031684681053518312
848607,0.3423931779050432
848608,0.8793651873102603
848609,0.2807415157576494
848610,0.6533495765251169
848611,0.999491418157932
848612,0.9993505787430393
848613,0.9760725065102026
848614,0.9788355077912139
848615,0.47528673451509823
848616,0.9997364650039582
848617,0.8652635567107367
848618,0.9951071652749828
848619,0.5714294479240816
848620,0.9945636685626594
848621,0.9998850129385668
848622,0.63456686813333
848623,0.14797811360029797
848624,0.2405996603223678
848625,0.60527210213316
848626,0.9922000562098139
848627,0.9999014196069014
848628,0.9850065162115692
848629,0.8344586171227516
848630,0.01653386609417223
848631,0.8083247098513859
848632,0.27673668587570727
848633,0.9996810071271935
848634,0.32379752980165555
848635,0.9374118509659064
848636,0.9998949390879497
848637,0.6051595645329051
848638,0.3442684678540471
848639,0.9998488340430349
848640,0.9995138723375057
848641,0.998473905124968
848642,0.9678249669555078
848643,0.9997214801550707
848644,0.8641672328391563
848645,0.03616239072507113
848646,0.01752082742191375
848647,0.007829391349755771
848648,0.945540879791594
848649,0.5814525642721837
848650,0.9878821877825035
848651,0.9999671804907948
848652,0.9754284225660665
848653,0.999043866070244
848654,0.1896610845457774
848655,0.9570501944497934
848656,0.5701876323350449
848657,0.9977936468637101
848658,0.5429965333028802
848659,0.006126548817248171
848660,0.999819151864022
848661,0.5534028952384025
848662,0.9990759009996899
848663,0.9805729007756914
848664,0.989222078706215
848665,0.9844188952093562
848666,0.9998157061141718
848667,0.9996135753329374
848668,0.24664529130493304
848669,0.9997856684859279
848670,0.8343340096383833
848671,0.999894811961137
848672,0.9754409265783156
848673,0.999990745246597
848674,0.9953684064738205
848675,0.9817902406846601
848676,0.5754011987994638
848677,0.07941876779350258
848678,0.9949631317013781
848679,0.9891871596666484
848680,0.1299913507267644
848681,0.1856826646326646
848682,0.11004519999325661
848683,0.04277894972857226
848684,0.9964881231241683
848685,0.453088432644171
848686,0.9694930126485739
848687,0.037449933441110785
848688,0.35774152839809037
848689,0.7871020762087999
848690,0.3059071092665869
848691,0.6949708477433871
848692,0.9998816986246251
848693,0.980282236285529
848694,0.9996993650226067
848695,0.19773116106976243
848696,0.9996101076006043
848697,0.9553516079734901
848698,0.09523218531251124
848699,0.9998471348229596
848700,0.9240798385606936
848701,0.9056985302558966
848702,0.9351347376948371
848703,0.9690976136448644
848704,0.9853472372470669
848705,0.4769216233369338
848706,0.9996007400002596
848707,0.2640487237046288
848708,0.9998685184570812
848709,0.9926022111035726
848710,0.6686279178841669
848711,0.9997881976684239
848712,0.99839955569648
848713,0.8674398693803245
848714,0.9999651332345475
848715,0.9999901371546738
848716,0.9981002688727214
848717,0.9991202267733934
848718,0.8879481321889069
848719,0.9974451390893484
848720,0.9996668488703039
848721,0.9993469833231288
848722,0.9619396334091457
848723,0.7090459963986351
848724,0.4513259409299821
848725,0.0647735132712105
848726,0.07303035344838969
848727,0.9885886416997778
848728,0.8875613907259137
848729,0.041427770506616675
848730,0.9739336373376022
848731,0.5091174121859384
848732,0.058468805954398934
848733,0.9499067845604936
848734,0.9999419035847227
848735,0.9932601746698179
848736,0.9951083497617484
848737,0.9760893206979036
848738,0.0835656478574497
848739,0.9990849795702575
848740,0.34877552282523033
848741,0.9355894727726958
848742,0.5787500055765339
848743,0.956224462526414
848744,0.41133122035438574
848745,0.999810561732601
848746,0.8486293136043457
848747,0.7574831556558195
848748,0.31376286306132184
848749,0.47766902784238857
848750,0.45890997517996673
848751,0.23992277120226024
848752,0.489675099918233
848753,0.9042764402035093
848754,0.9970812200105605
848755,0.4842094534500307
848756,0.7765824740284346
848757,0.9999099612134854
848758,0.9979263844436456
848759,0.9999489544538117
848760,0.995949004391381
848761,0.9981561995219653
848762,0.3541227236879689
848763,0.9999827117233832
848764,0.998771596667426
848765,0.9999111301603432
848766,0.9615148448447702
848767,0.9941180153417224
848768,0.9484263336976645
848769,0.9993092427446504
848770,0.7712666036860044
848771,0.9499213347309574
848772,0.9993377390916378
848773,0.008092962024099768
848774,0.9287552018743755
848775,0.9985179443246595
848776,0.38522465428597064
848777,0.7165149003739291
848778,0.999717569268123
848779,0.9998399742722619
848780,0.5055401629020148
848781,0.7539976370343289
848782,0.9994943486239888
848783,0.035734951756435845
848784,0.9212652181845375
848785,0.807658069190111
848786,0.014729967320161083
848787,0.8915361385535596
848788,0.9986570498016757
848789,0.9870510432671282
848790,0.03337288215750116
848791,0.9997740000103674
848792,0.9476923546459165
848793,0.37478569535578865
848794,0.9998621331908553
848795,0.45102850957394625
848796,0.9864389905075179
848797,0.999280147078453
848798,0.9992852023961827
848799,0.7385089364686601
848800,0.9998196143259757
848801,0.9998683319381841
848802,0.9998384628219052
848803,0.41866174446022275
848804,0.4697529850830853
848805,0.6437138926192647
848806,0.4344162570581537
848807,0.9870397637748928
848808,0.7894708636708814
848809,0.9998648591425483
848810,0.9865899859208153
848811,0.96502984633752
848812,0.985205236959882
848813,0.9998577552220614
848814,0.5881683753600213
848815,0.039330802799811826
848816,0.9917891789668205
848817,0.9945598934807653
848818,0.9968453540912634
848819,0.23937322103938763
848820,0.932720909400472
848821,0.5470296981150254
848822,0.14049080981084214
848823,0.4093963460414594
848824,0.8984233961149635
848825,0.9989380007803828
848826,0.010126915522843456
848827,0.9305333547697456
848828,0.5317136074292239
848829,0.3798730672527596
848830,0.11960747582796946
848831,0.16110221930706814
848832,0.8135327599851547
848833,0.5329944295266932
848834,0.5328924605571871
848835,0.014542865202978459
848836,0.576008149434011
848837,0.24463583206045636
848838,0.9973295496441388
848839,0.08617906599328193
848840,0.002917556681716298
848841,0.9986264316593789
848842,0.9969803765588758
848843,0.07961356322892142
848844,0.5539111130888246
848845,0.4107836958182548
848846,0.9937486479618249
848847,0.9943122434049676
848848,0.9957528571327832
848849,0.9997257385603323
848850,0.008759834511356975
848851,0.019397505026700287
848852,0.022730138185245184
848853,0.03567280607435897
848854,0.16540485477002048
848855,0.9998728036987446
848856,0.875418807167448
848857,0.999475560805467
848858,0.08439394889529203
848859,0.9645891033522209
848860,0.999957639233725
848861,0.09368024087740473
848862,0.4920792710544452
848863,0.3054259952235561
848864,0.6607094222640042
848865,0.9972671863660584
848866,0.17599858792238
848867,0.9974286192679718
848868,0.7952331779203801
848869,0.8370252863124922
848870,0.9994045766646529
848871,0.5043425105123602
848872,0.1717704003148686
848873,0.027161471153088656
848874,0.9995800727234856
848875,0.9997458905783743
848876,0.020757980168388736
848877,0.9991188792954403
848878,0.7557891857469895
848879,0.12546486392507705
848880,0.04654401222388159
848881,0.24482466388265098
848882,0.3157225490636656
848883,0.03650625457454269
848884,0.9997759030310327
848885,0.7397740325732927
848886,0.6605016723581653
848887,0.9969292329849011
848888,0.08780840933640446
848889,0.2822783473517665
848890,0.9929030516549197
848891,0.9996452853373572
848892,0.6986113741597808
848893,0.4692327204090541
848894,0.9994501655573533
848895,0.6027111655206228
848896,0.03904061426020212
848897,0.9991609642321038
848898,0.7882040691803632
848899,0.6571829576059068
848900,0.7388680586821593
848901,0.9990793198747039
848902,0.6053922225375351
848903,0.8784552310390212
848904,0.999950413998723
848905,0.9950645346155913
848906,0.9991823688084092
848907,0.9990512827105233
848908,0.07061905232105817
848909,0.8707595295570388
848910,0.9975332490933051
848911,0.032012088873088235
848912,0.9963559056536935
848913,0.7754758299055485
848914,0.003397547002791628
848915,0.9208195129118139
848916,0.18970536277368505
848917,0.9969753970458995
848918,0.987618820182397
848919,0.6925953237844038
848920,0.26032516184275095
848921,0.9922443609011944
848922,0.8834739719094763
848923,0.4841242302001512
848924,0.9998740028315107
848925,0.788586227161163
848926,0.9695250348842879
848927,0.9577953646017885
848928,0.7608113917004944
848929,0.9992723335611347
848930,0.5002360084869323
848931,0.9973581248231314
848932,0.6572662365843861
848933,0.9943956384553712
848934,0.18402637741803754
848935,0.05096381587763062
848936,0.9834582212969002
848937,0.11330224738071801
848938,0.9458027594160363
848939,0.999478677102933
848940,0.906810892567546
848941,0.0461093435816714
848942,0.4913644123954513
848943,0.9977695142463184
848944,0.2834126721827272
848945,0.1626576941065099
848946,0.9999414049602671
848947,0.9998181893834359
848948,0.9999631842491556
848949,0.9931516686671615
848950,0.7696520979466801
848951,0.9982876482506027
848952,0.9999367796792986
848953,0.9992424345193612
848954,0.9967466199905306
848955,0.9999743286606462
848956,0.9998251235570954
848957,0.08884391965865898
848958,0.8619300788456178
848959,0.916952501720653
848960,0.08539602312280835
848961,0.7660324367831635
848962,0.9992725349299788
848963,0.9975897534082657
848964,0.9981453899567017
848965,0.9996858794775083
848966,0.9991322435139519
848967,0.5532033007183773
848968,0.9998389272446875
848969,0.9999543801888441
848970,0.9547263676084587
848971,0.29075495273100394
848972,0.5643724258171868
848973,0.9999748398789778
848974,0.9824661553537217
848975,0.9998163032655077
848976,0.9998811233979982
848977,0.9997711843667692
848978,0.47435010765878033
848979,0.03192742848849266
848980,0.9959000382650075
848981,0.9685453269737031
848982,0.2628978184127981
848983,0.9806558554715226
848984,0.20027184377227614
848985,0.9998746411070235
848986,0.9999942465242884
848987,0.9998816093797076
848988,0.9988963478444396
848989,0.04520441611908982
848990,0.7468709148798998
848991,0.7816568218257436
848992,0.9993704516426567
848993,0.3547485065977014
848994,0.609031972797125
848995,0.8804482627949428
848996,0.15561624874926935
848997,0.9917425211484086
848998,0.9982661577896819
848999,0.9977678999131758
849000,0.9985662182637066
849001,0.9954268783531586
849002,0.9987492145268313
849003,0.9990554686948325
849004,0.8587770571561875
849005,0.27875229826012177
849006,0.3375733487770564
849007,0.9998990182681033
849008,0.9603519275882887
849009,0.9999434509289814
849010,0.240354996808406
849011,0.9442069996246156
849012,0.9997760835585379
849013,0.07819709199825758
849014,0.07887642747218143
849015,0.21578106262242475
849016,0.9946662787912026
849017,0.5039375851853162
849018,0.8478222002879922
849019,0.9999251613365037
849020,0.08916638773266303
849021,0.9994169524527394
849022,0.7243036597220569
849023,0.030279063790127084
849024,0.09233592874646701
849025,0.9998236095866578
849026,0.5023242164959402
849027,0.3149256259972692
849028,0.9948480306734627
849029,0.09003453551586997
849030,0.9895001886159123
849031,0.816813225364649
849032,0.6186948020924488
849033,0.9119686991009497
849034,0.03251944794718513
849035,0.8929923530689027
849036,0.017225608810603685
849037,0.03818842236274979
849038,0.027329537961332584
849039,0.601461089952421
849040,0.6843349415388441
849041,0.999451646051308
849042,0.348448875371654
849043,0.9898509412177958
849044,0.7452233128114647
849045,0.5372827683506562
849046,0.7218824310440701
849047,0.13402833412188087
849048,0.9998455905513742
849049,0.9968970092301849
849050,0.8326226349262598
849051,0.9998263752256928
849052,0.8351663481083785
849053,0.02363874084915949
849054,0.964002281842557
849055,0.5727498490032443
849056,0.9826138625038983
849057,0.48993757411248184
849058,0.014226703129614904
849059,0.998284654868868
849060,0.5598425283514163
849061,0.997919615737611
849062,0.9945357145950018
849063,0.9961032769386162
849064,0.4595222992952157
849065,0.953650545697819
849066,0.9972426596207056
849067,0.9867519178639116
849068,0.9998627755443279
849069,0.9992184956150674
849070,0.01871395479542716
849071,0.9993773886145311
849072,0.98296266927248
849073,0.9884731562695661
849074,0.30395261090405856
849075,0.999923595451521
849076,0.9129109078775276
849077,0.6989067726943508
849078,0.944376062042993
849079,0.0792024536603305
849080,0.9979814842489871
849081,0.950274549114646
849082,0.9292360206217911
849083,0.9387284224334953
849084,0.9998891340814892
849085,0.7751495805964774
849086,0.7382596787610751
849087,0.02136580004331195
849088,0.999570941427241
849089,0.998758771185349
849090,0.6414252518978415
849091,0.9994524381902381
849092,0.22228341962618664
849093,0.03456976917827301
849094,0.49152664116382744
849095,0.48914051295064226
849096,0.9996071100516262
849097,0.2894160436662277
849098,0.5029126235785806
849099,0.3838265601626154
849100,0.9994260958351565
849101,0.531723366128636
849102,0.3322841500672349
849103,0.5731861416662628
849104,0.3491306567238192
849105,0.9949842002074272
849106,0.9977129299336718
849107,0.7669606010585118
849108,0.9486263604206271
849109,0.993354631908983
849110,0.854189499789074
849111,0.9989132372626908
849112,0.6609026785212138
849113,0.3310534807389075
849114,0.57022858608094
849115,0.196180121305086
849116,0.999962606992402
849117,0.06795723978034043
849118,0.9999616252074339
849119,0.7878889107544598
849120,0.9954195788597794
849121,0.9997360317735255
849122,0.6627258244203084
849123,0.7181444797107015
849124,0.01892062857625211
849125,0.9937742382516928
849126,0.9070333772184094
849127,0.9999027338429617
849128,0.0016125287827912264
849129,0.9601079480092354
849130,0.9999660576082561
849131,0.9850093838532438
849132,0.3123614250890403
849133,0.08038842957122125
849134,0.9994071427056663
849135,0.01414878828783803
849136,0.9998568810156295
849137,0.8341073903878369
849138,0.265380995552857
849139,0.9146583634890584
849140,0.9323911227497863
849141,0.8316904329821218
849142,0.09683290864628018
849143,0.7887844300417284
849144,0.9999714688773885
849145,0.9999290099191497
849146,0.061461898534002184
849147,0.9999105902861337
849148,0.9993745031030327
849149,0.25582490917693307
849150,0.9996260047230187
849151,0.6324129750839579
849152,0.6877598115890544
849153,0.29677051506337887
849154,0.985058806891229
849155,0.7911253031621839
849156,0.9947605081662962
849157,0.6367813267450342
849158,0.6782146426186058
849159,0.27679854723521735
849160,0.9973895781103301
849161,0.1422349761279739
849162,0.9991954825655855
849163,0.9973082131714248
849164,0.044223774411964095
849165,0.19416021831619462
849166,0.16858168216461406
849167,0.8641211134613522
849168,0.4978101650241796
849169,0.1759308233727666
849170,0.8924358335460345
849171,0.3659268085038426
849172,0.2316364171838408
849173,0.04180824735906053
849174,0.3661071219104112
849175,0.09102873496605086
849176,0.9998785263580992
849177,0.7296252317881882
849178,0.16404252949583567
849179,0.9975190697616797
849180,0.9979703131215343
849181,0.8812276951326528
849182,0.9998503347177861
849183,0.8066364657917776
849184,0.6100924427031442
849185,0.9999719517118721
849186,0.016581576550251425
849187,0.5053327389653132
849188,0.018068384023478143
849189,0.9940896035556784
849190,0.9995539839469334
849191,0.9782520966928995
849192,0.7336660844628942
849193,0.8352015819216132
849194,0.9315049468666072
849195,0.6859369224013627
849196,0.10786678733407987
849197,0.9409102553360695
849198,0.9925030080823933
849199,0.9997585861078545
849200,0.9711727802982517
849201,0.5721021628318879
849202,0.9999407102432107
849203,0.5728332027715853
849204,0.999921348810967
849205,0.4495586801811531
849206,0.9999545509395389
849207,0.9997905836692131
849208,0.9978231621403718
849209,0.6491292608226972
849210,0.4704045070099443
849211,0.11454249290342564
849212,0.9997827732961807
849213,0.9994925344855734
849214,0.09528086600817025
849215,0.9712940775692329
849216,0.5235344270099591
849217,0.7877545471456517
849218,0.8928115664755241
849219,0.04484872850192522
849220,0.12656594320075298
849221,0.9999113164761002
849222,0.0061151980655143184
849223,0.66665930075895
849224,0.7892255034964181
849225,0.9505976994024417
849226,0.9996944866749384
849227,0.9974414089220736
849228,0.04075038815642712
849229,0.9998961107381195
849230,0.9999489680749483
849231,0.1879317292398418
849232,0.05225179663542592
849233,0.999978356119066
849234,0.9791884648096522
849235,0.9999358405739218
849236,0.01156950479032008
849237,0.17408277021151794
849238,0.9993072677238899
849239,0.9998697879314394
849240,0.22819154617281825
849241,0.9976084078594329
849242,0.9993232792632295
849243,0.5466040173058001
849244,0.9999962132131
849245,0.03129283611343861
849246,0.9997369263887145
849247,0.029844952900307774
849248,0.9999793163816627
849249,0.7837145478885178
849250,0.9801771980262951
849251,0.9974565866327514
849252,0.5328226167054332
849253,0.9999617053563827
849254,0.7249495512349393
849255,0.9999272272635924
849256,0.9998838769848679
849257,0.04133724152382223
849258,0.1396686626065416
849259,0.9994369189641172
849260,0.9995766134593832
849261,0.05155404647943932
849262,0.166615617922391
849263,0.029689274409173554
849264,0.993109231350904
849265,0.13454237984006245
849266,0.34234721200092794
849267,0.04777455310709232
849268,0.1800710662522435
849269,0.5883683421809357
849270,0.047112527028166644
849271,0.14781537964353467
849272,0.5521785285049166
849273,0.07479711519231197
849274,0.8835309461166738
849275,0.23004326732920935
849276,0.9584209864814106
849277,0.6371351903318402
849278,0.027892758236767005
849279,0.9772281368833152
849280,0.941124622746867
849281,0.9996949768529086
849282,0.10976612088688448
849283,0.19815721799153435
849284,0.6374351842784589
849285,0.974662095850687
849286,0.9996733955663489
849287,0.9933479425797799
849288,0.26399809552739906
849289,0.08557986504612632
849290,0.8941713173933656
849291,0.9999500583400358
849292,0.6271523590216243
849293,0.9640458721587092
849294,0.9995944726322709
849295,0.9271165568217663
849296,0.17727630109355444
849297,0.9999533417457527
849298,0.9992137142840392
849299,0.9999937826971377
849300,0.9854617040931188
849301,0.6482136979270272
849302,0.9997607882306244
849303,0.9461450403953489
849304,0.9997765618562462
849305,0.13050621054907427
849306,0.7688582495135747
849307,0.9974782920916503
849308,0.12936471665339594
849309,0.9996727855959109
849310,0.8644400026001611
849311,0.29988895024572837
849312,0.9332378281748593
849313,0.9995969023260385
849314,0.9986212798538863
849315,0.934459829091087
849316,0.9949186891845185
849317,0.7982033728320715
849318,0.16183520841775667
849319,0.0313085696168217
849320,0.9668811017731378
849321,0.9999746868400428
849322,0.9987275429903454
849323,0.95434894447395
849324,0.9839341409760987
849325,0.9995781216893299
849326,0.9974198263614098
849327,0.9999493289842674
849328,0.4799772759856239
849329,0.1324367432897026
849330,0.9999207650336012
849331,0.99986632153807
849332,0.8930168388385002
849333,0.36336871484921235
849334,0.473793687837347
849335,0.9822789632851838
849336,0.3893260135976674
849337,0.9998595476561591
849338,0.9629053540468494
849339,0.76876423006414
849340,0.9654956596037583
849341,0.03158575865948255
849342,0.11894016114688963
849343,0.9952409037671327
849344,0.5092708945731793
849345,0.9807889890741456
849346,0.9998874648384315
849347,0.9908061119289906
849348,0.7766151771428822
849349,0.14095782913525842
849350,0.41829499304892986
849351,0.9676811281875395
849352,0.3000629768882551
849353,0.9998819869309372
849354,0.9878847146121594
849355,0.012203282057319145
849356,0.07720332491085212
849357,0.7833891140767888
849358,0.06078994212119086
849359,0.9649704761365467
849360,0.3510603088104221
849361,0.8526782073488333
849362,0.9999719772624742
849363,0.7638156240848887
849364,0.5729674725288896
849365,0.8916290855766306
849366,0.37078749463538796
849367,0.9996356297144818
849368,0.21345711822203906
849369,0.9862104843419814
849370,0.9998669466292462
849371,0.9982132469297512
849372,0.2043392994243524
849373,0.4755065867591386
849374,0.07059603197585676
849375,0.9808233023651398
849376,0.9742500061107782
849377,0.9642457793503791
849378,0.16806239798453387
849379,0.9970328943219413
849380,0.9728584973758483
849381,0.12638194902990935
849382,0.9994656810043377
849383,0.9998673749436062
849384,0.04577858269734057
849385,0.41374033459399606
849386,0.9981679725913393
849387,0.999935076656061
849388,0.4744542420009099
849389,0.46324529534634484
849390,0.31110246840525774
849391,0.027540351857192065
849392,0.9947844032504115
849393,0.9962115383082475
849394,0.7329493806504848
849395,0.961221695511262
849396,0.4798665109508398
849397,0.9999829148688304
849398,0.9993825995400031
849399,0.6855138657611538
849400,0.972960928978337
849401,0.9831443267682748
849402,0.9989672661034217
849403,0.9915361344987101
849404,0.5877599372275328
849405,0.9795053370653877
849406,0.7394107608219135
849407,0.872692115268697
849408,0.33695248983177095
849409,0.5642160945229192
849410,0.9996096019444265
849411,0.5908042645854229
849412,0.5685065842758702
849413,0.007383738864456094
849414,0.9935232417426593
849415,0.3138164089259557
849416,0.9019363765422229
849417,0.810669079982502
849418,0.9849073305905425
849419,0.9722588862369197
849420,0.8250754221990917
849421,0.7101996529672813
849422,0.7731215091323687
849423,0.6481945386543669
849424,0.03904274763735432
849425,0.04919709044457657
849426,0.9807473063936782
849427,0.07173220113115415
849428,0.025177795800466706
849429,0.6176930632440458
849430,0.059481908903410846
849431,0.9581453351671088
849432,0.07487081943714144
849433,0.9992967312533789
849434,0.9999602819187007
849435,0.5756852277070669
849436,0.7419308486918135
849437,0.9997686535228463
849438,0.9993927670720992
849439,0.9985911145565691
849440,0.009928356856292142
849441,0.8119397119546434
849442,0.48863759825279296
849443,0.9856331132750946
849444,0.5632764468757163
849445,0.9941418496454408
849446,0.9999912118410744
849447,0.8373117440229688
849448,0.9998524223115425
849449,0.9502961039891344
849450,0.04025236301169753
849451,0.9977975677697118
849452,0.8009923542175617
849453,0.9374219779130124
849454,0.1006951683220967
849455,0.14747306250268402
849456,0.029085482821975484
849457,0.1604373711720427
849458,0.9915935826259064
849459,0.6312579739261523
849460,0.999784988906969
849461,0.9982757367454913
849462,0.3622214899126286
849463,0.06234913668290466
849464,0.9932925964425163
849465,0.9999093293124058
849466,0.19489340978289316
849467,0.9632031365346033
849468,0.007790435095284662
849469,0.9987879648740029
849470,0.6597294538447865
849471,0.19266067866712575
849472,0.9996726350098029
849473,0.6655181967071646
849474,0.9900743677926319
849475,0.06518810329391543
849476,0.9998176323476762
849477,0.9999247240571922
849478,0.9985402382956108
849479,0.029267713649544704
849480,0.4426706468290726
849481,0.9221820873363586
849482,0.9998287446064934
849483,0.026738079013373956
849484,0.6205651016930872
849485,0.9998908512939861
849486,0.9921699084938269
849487,0.8715903452985562
849488,0.8711558467551882
849489,0.2698480215374944
849490,0.6868078914425336
849491,0.9567891513482625
849492,0.9893671451940129
849493,0.9988720959871411
849494,0.9947369559795987
849495,0.9980712837875724
849496,0.9995246312044619
849497,0.9999223061861384
849498,0.504255728766939
849499,0.9992497560514018
849500,0.12270336246633944
849501,0.9982150644778703
849502,0.9993431305844384
849503,0.9996579654130535
849504,0.8470027317407989
849505,0.9655849650143078
849506,0.6616386492619383
849507,0.10456031232327119
849508,0.9995515722218531
849509,0.9773309373840422
849510,0.30617610506002324
849511,0.542838915574826
849512,0.9946904342300998
849513,0.03468047727440637
849514,0.9181087224784519
849515,0.999943828618272
849516,0.791090646701171
849517,0.946940992658666
849518,0.24273802707186717
849519,0.9986325461529589
849520,0.9877137832202898
849521,0.9881475107852609
849522,0.28545058031664056
849523,0.9894772546572317
849524,0.9963467077341972
849525,0.31751629890387467
849526,0.9360529119596716
849527,0.9994149198341171
849528,0.677129933300771
849529,0.18671349011791005
849530,0.9998987767602863
849531,0.5459352815024819
849532,0.07837091208153446
849533,0.9638006721709003
849534,0.45289238236665613
849535,0.6618453413722669
849536,0.9819845520206634
849537,0.9827865334382526
849538,0.018844137753354695
849539,0.9998470322513054
849540,0.817076206812253
849541,0.9843118226697598
849542,0.9958827385299585
849543,0.16702508347017017
849544,0.9999769479483003
849545,0.9998360429102973
849546,0.06956578374341536
849547,0.9998430311804811
849548,0.9931088956390484
849549,0.6780995686023491
849550,0.9998438539156137
849551,0.004504141135880901
849552,0.9189998213053566
849553,0.6095307617717559
849554,0.999834876051185
849555,0.9999016150281397
849556,0.9990995472191794
849557,0.8991745096332213
849558,0.9995069079322527
849559,0.9600546202300538
849560,0.9976995101534624
849561,0.15898681101749615
849562,0.033401893861402784
849563,0.7627343564988663
849564,0.2671692872278035
849565,0.9991966934493202
849566,0.9325282974663998
849567,0.9685374133770261
849568,0.28959556380351836
849569,0.9884976820569918
849570,0.9963607876841656
849571,0.9998865951874867
849572,0.9822669073588854
849573,0.8335668336365848
849574,0.9972288073507063
849575,0.9999434751431546
849576,0.9998261025421538
849577,0.993729238993948
849578,0.9842357763321309
849579,0.995719190252786
849580,0.6666044563414951
849581,0.9999341332389201
849582,0.301817256152858
849583,0.9995100467330724
849584,0.21976826332071797
849585,0.826419960536272
849586,0.9524496551714563
849587,0.003040864694252691
849588,0.03427133485969064
849589,0.9999102473288017
849590,0.07343395507520753
849591,0.9606404577053019
849592,0.7032722047539854
849593,0.9996556559442668
849594,0.3876631599586545
849595,0.6508715145654825
849596,0.6992888245053887
849597,0.996394811858217
849598,0.9997851092006138
849599,0.9994019338697754
849600,0.6199443658049961
849601,0.9979376967307996
849602,0.3024199268649008
849603,0.09308227232031958
849604,0.8371460493165559
849605,0.9875317227375462
849606,0.9674091617738565
849607,0.9951501025515213
849608,0.8941359062470587
849609,0.5509805957374677
849610,0.2290289346151968
849611,0.9888651008253011
849612,0.7774855377940574
849613,0.9941720040937126
849614,0.9704911275925445
849615,0.8250107960451502
849616,0.8973687332509718
849617,0.9958913661521616
849618,0.9869733433312801
849619,0.9998750946469093
849620,0.9999709965274147
849621,0.796290769880253
849622,0.6374822540393309
849623,0.7557871597090808
849624,0.9999672749617994
849625,0.6539494756505774
849626,0.39327220632211596
849627,0.011555881560531845
849628,0.9519642149996488
849629,0.10159523412405821
849630,0.8631015478249571
849631,0.9971264949488555
849632,0.8775945270746968
849633,0.9998723886021392
849634,0.9987497132766476
849635,0.046523122036363176
849636,0.9714473408784176
849637,0.018518555883864002
849638,0.9997964003608193
849639,0.9447085683534303
849640,0.9993205472013973
849641,0.9897236836033592
849642,0.9688544463842829
849643,0.9975728436845761
849644,0.9887783335780214
849645,0.6411803128855538
849646,0.9998689557119949
849647,0.8767278907425339
849648,0.33623364507316456
849649,0.1835653659294482
849650,0.9841581003526707
849651,0.9707070742673308
849652,0.9550225614124803
849653,0.45520816753128823
849654,0.7371214096817016
849655,0.35229475781447905
849656,0.91614818073482
849657,0.04938521753284856
849658,0.6786876532201684
849659,0.27212484969232503
849660,0.5884421911331418
849661,0.6336690682186401
849662,0.09020647936954257
849663,0.9997111125289512
849664,0.9999918763716051
849665,0.044960715496281375
849666,0.01999686186214229
849667,0.9957908185232978
849668,0.08371386672633499
849669,0.42677087753140264
849670,0.2547484700543123
849671,0.9980592482258501
849672,0.9998440330913599
849673,0.9998191745017748
849674,0.9999742471527051
849675,0.999617263693649
849676,0.9989366565018558
849677,0.3031054183576362
849678,0.40075825125334075
849679,0.6321575350340154
849680,0.02184651157386841
849681,0.9952050216452322
849682,0.9452669275358367
849683,0.9939318531454822
849684,0.8332934547818561
849685,0.03265779557067469
849686,0.9818104331700419
849687,0.5384982334582589
849688,0.5129329138633413
849689,0.5011023479230711
849690,0.9998342817693221
849691,0.9996903502045107
849692,0.9999985996878051
849693,0.9366993925109548
849694,0.37596576561482464
849695,0.9961228334996437
849696,0.9988488605744713
849697,0.9996096395137755
849698,0.9982916496035581
849699,0.9218935954242331
849700,0.8064673051784749
849701,0.9997021138789127
849702,0.6687519749874045
849703,0.9998533609865837
849704,0.6712784575943705
849705,0.9997597533296966
849706,0.7305958503206446
849707,0.48595766093849446
849708,0.9999625284727838
849709,0.9993809379458064
849710,0.06428355942851079
849711,0.9972775637852793
849712,0.48873289279823123
849713,0.9997341890896452
849714,0.992326235940155
849715,0.9943235790576375
849716,0.997166282459653
849717,0.8344487559913442
849718,0.14100666157838063
849719,0.9987430841709345
849720,0.9999283902175813
849721,0.016051069522026944
849722,0.8991898735002903
849723,0.48546153034678785
849724,0.9977908373975768
849725,0.9951265546103936
849726,0.9895365241820889
849727,0.14942119621585115
849728,0.03700470727079441
849729,0.8489893344196078
849730,0.8668408506376438
849731,0.9995253077313657
849732,0.9992599641817994
849733,0.9770614782892528
849734,0.1678480973208623
849735,0.9997080527969289
849736,0.9998651484222205
849737,0.9310822319395671
849738,0.007174501438583137
849739,0.003982963044978013
849740,0.41411818615662566
849741,0.9852020422584141
849742,0.3293254216043885
849743,0.9937000127482295
849744,0.9992582937072914
849745,0.5228422569011211
849746,0.6911038328899011
849747,0.9995078248045235
849748,0.2568579172256361
849749,0.9893670671719427
849750,0.8184132061632476
849751,0.9226065191697259
849752,0.11047894180320805
849753,0.9893344198470164
849754,0.47096232084484435
849755,0.9980548982630146
849756,0.18290450483351472
849757,0.014263637186665876
849758,0.9998618815646255
849759,0.9981187159804676
849760,0.9822110060614593
849761,0.9997245619055775
849762,0.03323001571610284
849763,0.9640698666685671
849764,0.5600747868088034
849765,0.5470131686008316
849766,0.006708248905045024
849767,0.9991413497530162
849768,0.9913627246471775
849769,0.4119026451881146
849770,0.9996644100683211
849771,0.9957502411140278
849772,0.9975200079286535
849773,0.65941369999424
849774,0.9992289716048133
849775,0.8776567120295594
849776,0.8426578572042596
849777,0.8262136595539598
849778,0.9963560852529798
849779,0.506993045420254
849780,0.9993788725898981
849781,0.5927044742998808
849782,0.9994436530594537
849783,0.00960339736098325
849784,0.9368423779365367
849785,0.5280323586150849
849786,0.004873736310552617
849787,0.6168140540596354
849788,0.9499822649059915
849789,0.44235764734846866
849790,0.8330711130531584
849791,0.12781569836620707
849792,0.888246370654159
849793,0.4939466280885583
849794,0.9997599471246048
849795,0.06035380942857447
849796,0.5471969316070585
849797,0.9911521828071205
849798,0.5947058377901571
849799,0.11694902759284911
849800,0.7993664821061506
849801,0.19375178786148126
849802,0.796154242968073
849803,0.9896701819251841
849804,0.613912178588611
849805,0.999408183629343
849806,0.0158623248344211
849807,0.9697741976628979
849808,0.998889497116362
849809,0.9988763801617508
849810,0.027963120510206118
849811,0.9993843449770214
849812,0.3070310465610567
849813,0.9108847803651021
849814,0.31541773810639223
849815,0.11092374122731279
849816,0.05426101316637985
849817,0.6936434837267342
849818,0.07785870611015754
849819,0.9992802127304764
849820,0.9999670721904346
849821,0.15191536808471218
849822,0.6489102961517386
849823,0.9865858170249631
849824,0.9903675273009962
849825,0.0165144684513334
849826,0.04241383744081997
849827,0.29198192769146114
849828,0.6746926423842419
849829,0.9998721593641943
849830,0.6044817154858284
849831,0.9944528213646455
849832,0.9999642932415518
849833,0.9897876912071033
849834,0.10218967565833814
849835,0.9655650993222702
849836,0.9996596360349509
849837,0.020971626439948446
849838,0.8894497043054714
849839,0.914798041057833
849840,0.9991053881449277
849841,0.956343482913679
849842,0.6258674261631455
849843,0.09371873018883081
849844,0.09542114551720858
849845,0.9999875946254005
849846,0.8062698040296301
849847,0.997514033711155
849848,0.9999121123153707
849849,0.8537312526712229
849850,0.9999167449147206
849851,0.9987228180326545
849852,0.014075070029244331
849853,0.8504993503950862
849854,0.9424757801168948
849855,0.9996348699190896
849856,0.22975185747441154
849857,0.8988032451290584
849858,0.9999944053794133
849859,0.5937844618861857
849860,0.634630278011725
849861,0.058658250765716444
849862,0.9558684758688392
849863,0.09898386508521392
849864,0.9998622649000064
849865,0.9338507487281817
849866,0.9687583115007738
849867,0.9322156028857516
849868,0.037522267335375385
849869,0.9971030828355922
849870,0.983418148658473
849871,0.016700878497028553
849872,0.1243299486052906
849873,0.9999285004576606
849874,0.6174772127161408
849875,0.996466641177945
849876,0.9998543629674415
849877,0.30465977216591267
849878,0.9998543705587783
849879,0.6150537174458365
849880,0.22428977001901607
849881,0.656238571074367
849882,0.49317309071782045
849883,0.6844963955259422
849884,0.07050495661810433
849885,0.11632921089400862
849886,0.07702241688797201
849887,0.5285611909179739
849888,0.9998365532805453
849889,0.5180180909660118
849890,0.9901860414923951
849891,0.999688839300542
849892,0.5860684242748433
849893,0.9822764349388967
849894,0.7559908865608558
849895,0.999963941773923
849896,0.9999802532569542
849897,0.9407778567806012
849898,0.9988381157342835
849899,0.5431685728669902
849900,0.331762090506938
849901,0.9984221630831727
849902,0.8695086098042943
849903,0.8021270451273013
849904,0.9681581222106903
849905,0.49637914320711984
849906,0.10156034787300822
849907,0.99656901347077
849908,0.9696834197365825
849909,0.7001754916640144
849910,0.02134338845691636
849911,0.9999066697500221
849912,0.9805124667148504
849913,0.9995316857789037
849914,0.9966965224703148
849915,0.5393005990179889
849916,0.9990103863995597
849917,0.720603902151512
849918,0.6893267907383687
849919,0.9998552620437584
849920,0.9990084428358783
849921,0.9992833812658661
849922,0.05658716921945845
849923,0.10035051257068618
849924,0.996031192507981
849925,0.31221460131529644
849926,0.8661185537542302
849927,0.9982035262283221
849928,0.026103671121024317
849929,0.9681806264367955
849930,0.5337499604454037
849931,0.9942949462099866
849932,0.9136660277925492
849933,0.9982089774351202
849934,0.4009073213830715
849935,0.723516677132341
849936,0.2917366590502613
849937,0.7660633748621826
849938,0.9997604521779936
849939,0.9916370563778928
849940,0.019088558453077595
849941,0.9999363722817824
849942,0.46412861412942147
849943,0.16377259833715196
849944,0.9997999059898396
849945,0.9991868736100349
849946,0.9999494938176566
849947,0.9960920271310842
849948,0.7007270381137708
849949,0.9664223780918058
849950,0.9998443007341064
849951,0.9996843893137566
849952,0.9997802167178471
849953,0.9983100464967878
849954,0.9978893217084526
849955,0.2680316387273686
849956,0.999794622213715
849957,0.9961783183007931
849958,0.31108199795471153
849959,0.671196467365515
849960,0.9966027013920472
849961,0.9840872924068368
849962,0.7510781599151248
849963,0.9992722729934512
849964,0.38541384276864665
849965,0.6494722220310336
849966,0.3255733240261933
849967,0.005844034552594775
849968,0.9959608059849518
849969,0.999978259049608
849970,0.9996346347119833
849971,0.021518629651558516
849972,0.38227995677848975
849973,0.3932852828162974
849974,0.9273259396639083
849975,0.8850657766342839
849976,0.3059431890291835
849977,0.9977958167014405
849978,0.13249226483581122
849979,0.9985595317310543
849980,0.5543525499463126
849981,0.9926659393263115
849982,0.4314972084261665
849983,0.8341971210922472
849984,0.9394706000750661
849985,0.9291117515224889
849986,0.9991942135266292
849987,0.04192327308001986
849988,0.4720482494897229
849989,0.9931938195622971
849990,0.3280252596797351
849991,0.30624634604990614
849992,0.46063351072001646
849993,0.532814776690238
849994,0.9992097668610013
849995,0.997819636405415
849996,0.9999256590349799
849997,0.3074646558192169
849998,0.9999007053271056
849999,0.9990845032443632
850000,0.9835780336944823
850001,0.9999204594600384
850002,0.9996307335187384
850003,0.06361354802884815
850004,0.21246583076513523
850005,0.999907578968461
850006,0.8853271816812583
850007,0.9979213751834698
850008,0.9997071204764658
850009,0.0734240151839668
850010,0.9656009429086012
850011,0.9990949576557269
850012,0.9468623154737382
850013,0.9999940317819593
850014,0.08777030630395836
850015,0.9194460125798463
850016,0.9994762710997058
850017,0.9076494660386828
850018,0.9999744956369812
850019,0.6095094730193522
850020,0.9289606165591775
850021,0.999849925206959
850022,0.9240385645042702
850023,0.6072323653433565
850024,0.005721083967793786
850025,0.9960532497875674
850026,0.9991399803458341
850027,0.9242260961372736
850028,0.8155414848042785
850029,0.5838987922248589
850030,0.014741777995368667
850031,0.6349051544851456
850032,0.9214817502736761
850033,0.9996364645000457
850034,0.3553623859554745
850035,0.9999634168192372
850036,0.18468308932235977
850037,0.10209844982803239
850038,0.7842688564800823
850039,0.9811072663355671
850040,0.16426287777671097
850041,0.2113498792444844
850042,0.03305591982526761
850043,0.8205172065051438
850044,0.5149134673336122
850045,0.9869342888118262
850046,0.7777923433601163
850047,0.6210004852828319
850048,0.30336056791291777
850049,0.7608208028386148
850050,0.9903975395065735
850051,0.6430233184044463
850052,0.832258382735688
850053,0.6348211508403719
850054,0.29453808863068315
850055,0.6934466877796552
850056,0.5501281176008326
850057,0.9228268545803227
850058,0.8572626687159344
850059,0.9979815823579967
850060,0.9999667745480866
850061,0.8002265696608144
850062,0.9997360917946969
850063,0.9968869275297207
850064,0.9973333749137363
850065,0.9998996483039767
850066,0.9996773870172118
850067,0.5237240161065589
850068,0.7918176731524535
850069,0.5179292156403642
850070,0.14337075814325026
850071,0.3935986184101491
850072,0.6612742256998948
850073,0.24226961132028776
850074,0.8413311323618051
850075,0.07839830144312007
850076,0.10788239360709018
850077,0.9931911201312761
850078,0.7962454925612761
850079,0.019605716418304466
850080,0.9977098144673475
850081,0.9729841334903362
850082,0.997489742344211
850083,0.18983180076757045
850084,0.6853518483790634
850085,0.24918960049958747
850086,0.7242937380057111
850087,0.9232684703680256
850088,0.6365284314787489
850089,0.9926544391410234
850090,0.6485525856497768
850091,0.7866046887470258
850092,0.011889453473593166
850093,0.9999406586798026
850094,0.9988455290517453
850095,0.9881772606696987
850096,0.7813030327922919
850097,0.8754263678771169
850098,0.999983610974946
850099,0.10658751696057515
850100,0.6642979679482676
850101,0.8794914023042396
850102,0.6824035632028026
850103,0.9961199123677634
850104,0.9995538787873737
850105,0.17137365755659323
850106,0.062446095990296435
850107,0.8278521363874531
850108,0.8561751722564572
850109,0.2775124856395547
850110,0.7684507525546347
850111,0.974972266410892
850112,0.3250138984478453
850113,0.821898826354945
850114,0.9902733120462045
850115,0.8277945886463265
850116,0.9995050693427925
850117,0.6894670447027162
850118,0.0417028117106361
850119,0.016977179949694957
850120,0.3508000446197009
850121,0.999942742307418
850122,0.9472792696750907
850123,0.5517019441856169
850124,0.11519205740670457
850125,0.9999759171854992
850126,0.005179281682407732
850127,0.9756142188674899
850128,0.9989568839622818
850129,0.49571600563103085
850130,0.964657770005209
850131,0.9965848197531023
850132,0.9996006951674795
850133,0.6997372644153262
850134,0.9395254896584591
850135,0.569313815088083
850136,0.9999079936257937
850137,0.1596009048815776
850138,0.4515693676686999
850139,0.9283259162846504
850140,0.9934468978385143
850141,0.995255725781867
850142,0.02063403316679213
850143,0.7270958655237372
850144,0.8977762718544691
850145,0.9989683291227843
850146,0.879004916527194
850147,0.5020921719824205
850148,0.9989619422353433
850149,0.9864273838272327
850150,0.5471750575335955
850151,0.9999863903081372
850152,0.394907812971629
850153,0.022657967769103674
850154,0.9785992648821987
850155,0.9982699796975689
850156,0.9998798736683595
850157,0.20630750584235275
850158,0.6253227383764612
850159,0.9990821094172448
850160,0.9986100284096331
850161,0.03968302899312511
850162,0.9088272678861316
850163,0.42428194490898075
850164,0.04009316337921944
850165,0.9966592337919531
850166,0.9867547968093362
850167,0.9915430109562049
850168,0.7806736560867829
850169,0.5215680907747082
850170,0.9409023247753817
850171,0.9972497384430408
850172,0.30907544292431555
850173,0.4577213986501192
850174,0.9997703103386656
850175,0.8202243251823553
850176,0.17644537164919902
850177,0.9996172751407584
850178,0.5048511950866342
850179,0.1637432864961992
850180,0.7973110756641726
850181,0.7649315348733159
850182,0.9988392410021159
850183,0.9562959401200042
850184,0.9984720788171627
850185,0.08521090902543711
850186,0.9994105339249328
850187,0.9999259309737865
850188,0.06926503020598355
850189,0.9956355710175078
850190,0.657019406554498
850191,0.30170209776288737
850192,0.1376587473487404
850193,0.9890624948501338
850194,0.8977876154691062
850195,0.9620569223616722
850196,0.40450830760723755
850197,0.606210141570512
850198,0.9414110027083935
850199,0.9996456383755989
850200,0.15668575941709348
850201,0.9998761231546047
850202,0.15231800085336847
850203,0.17622677609070148
850204,0.9800335328888579
850205,0.8976666595043468
850206,0.9420617177492587
850207,0.1552936554078868
850208,0.06903652175121654
850209,0.8604347717729162
850210,0.7208823666980586
850211,0.8579497369406098
850212,0.7681971078302771
850213,0.9982304626671021
850214,0.6430258830278497
850215,0.8841015301424264
850216,0.01527600286586308
850217,0.28000968589035047
850218,0.295481490270648
850219,0.9645130136234522
850220,0.9469981147935613
850221,0.10812786824888249
850222,0.9999054505979096
850223,0.05300634875553248
850224,0.8421296525800243
850225,0.24178879607355974
850226,0.009413281030249692
850227,0.9667678127217929
850228,0.310882933222947
850229,0.984944424111607
850230,0.015307792040101638
850231,0.6926249099577786
850232,0.07784355008867114
850233,0.9952615109628762
850234,0.9726838527130666
850235,0.9979176850607885
850236,0.8377595486680718
850237,0.05727651385881912
850238,0.9927203538645213
850239,0.009849441754693827
850240,0.05263926784672667
850241,0.9936736373990867
850242,0.9191853785009285
850243,0.9940527919888728
850244,0.5840739794901412
850245,0.635451895119816
850246,0.8698326815903994
850247,0.9916026332111609
850248,0.9999155293980193
850249,0.7167434477397282
850250,0.933299318376074
850251,0.8996290363187887
850252,0.5243928678526194
850253,0.6167706557886043
850254,0.09040819540904721
850255,0.993284752189701
850256,0.7398141080841114
850257,0.10250427439283237
850258,0.9983174884805344
850259,0.25772029705718014
850260,0.004184426361287664
850261,0.9994551027544234
850262,0.9998848392896138
850263,0.316756884305371
850264,0.9999591105928562
850265,0.9440556081127084
850266,0.998984671964408
850267,0.0053331776821266795
850268,0.8785425498170285
850269,0.14099716577728497
850270,0.9998501386752638
850271,0.9990556771917896
850272,0.7519619954889171
850273,0.011073386476109313
850274,0.13317292864425448
850275,0.2571896341161372
850276,0.9932928024160317
850277,0.8514485127297868
850278,0.9997721683100496
850279,0.6371644375550067
850280,0.9224375202565074
850281,0.9904897699782601
850282,0.9796856354987344
850283,0.999158262641168
850284,0.9616474612541193
850285,0.9960083295722466
850286,0.7155224181004383
850287,0.9976715964375895
850288,0.978372933600169
850289,0.8191556020584622
850290,0.9920490895802798
850291,0.9999308170778032
850292,0.9931804360773957
850293,0.9998564798115497
850294,0.8740558120541221
850295,0.9998775617651923
850296,0.9983427753696649
850297,0.9998869327082205
850298,0.21628462934340992
850299,0.9991102833892775
850300,0.999517706141985
850301,0.9964977988815564
850302,0.8972992968076734
850303,0.5564805928983757
850304,0.7905910361820377
850305,0.8670455503802361
850306,0.9671344398948741
850307,0.9730119156372562
850308,0.21964349631379892
850309,0.005916269201652779
850310,0.9967150276181173
850311,0.9999268692755541
850312,0.8268735988352043
850313,0.24843735861978586
850314,0.7052167816823997
850315,0.9639990582454651
850316,0.7617269744595201
850317,0.9948239248816981
850318,0.7123970882886284
850319,0.9993811059779527
850320,0.8503063009496509
850321,0.11724999957769022
850322,0.3521541704697954
850323,0.8741740844300632
850324,0.9969224176801674
850325,0.8341314264632994
850326,0.9969820856469312
850327,0.6093428713812227
850328,0.989936264999068
850329,0.8869308847500552
850330,0.32107665241994726
850331,0.9990480720999388
850332,0.6797693485782103
850333,0.9312389849241623
850334,0.9996368233789039
850335,0.2648302035946851
850336,0.9998051938120833
850337,0.9860247858090652
850338,0.5560297284226117
850339,0.9936520208394315
850340,0.9591417504134889
850341,0.985953502727226
850342,0.9903759329885813
850343,0.1386253387384738
850344,0.9952561309709731
850345,0.46176263277268303
850346,0.0319278986353439
850347,0.9136519507311263
850348,0.0666234254018417
850349,0.9909031469594336
850350,0.9500140320734888
850351,0.2587418907578038
850352,0.9953785371329973
850353,0.9972196560571238
850354,0.9996371886795301
850355,0.5312577566373092
850356,0.15989993550694848
850357,0.5659693925465473
850358,0.9999427024729983
850359,0.5804879873249995
850360,0.9999087379361635
850361,0.7866532517244765
850362,0.9991264770866692
850363,0.349310417422521
850364,0.9980155108603619
850365,0.7809607300844932
850366,0.02461622191000992
850367,0.9949015481874828
850368,0.998328009696778
850369,0.9950417120863705
850370,0.9963269903776304
850371,0.9800074812146551
850372,0.9721054216133953
850373,0.11801249698485784
850374,0.0993655595704512
850375,0.05033678407102564
850376,0.9998038974737009
850377,0.7137576088706876
850378,0.9939646011665958
850379,0.9982908089968086
850380,0.10282582921176134
850381,0.9883349227727236
850382,0.8415955677858572
850383,0.9999942146983154
850384,0.9637796784335028
850385,0.9922215646655886
850386,0.5065246170973636
850387,0.8792927010143992
850388,0.14340454575731526
850389,0.9943061018201217
850390,0.997663669257942
850391,0.05145359345156769
850392,0.03229019496582489
850393,0.19298653826700757
850394,0.7285763215475198
850395,0.9869596141155166
850396,0.9999703188227875
850397,0.9926535403820572
850398,0.9997760481797798
850399,0.9999764291072671
850400,0.5326837712735435
850401,0.9758684263556481
850402,0.9985773970444511
850403,0.999819832651869
850404,0.7139066362149832
850405,0.9917098328535651
850406,0.5712924148803005
850407,0.9998111814974225
850408,0.18530683284790864
850409,0.9937006782947688
850410,0.25457841001717274
850411,0.9998834740264142
850412,0.30053572112686944
850413,0.041659996616762
850414,0.9317957229568683
850415,0.38651500625536533
850416,0.6865032120515004
850417,0.8856673096321177
850418,0.9745899444647074
850419,0.8455606351724966
850420,0.9522554865981243
850421,0.6884316691855137
850422,0.9078351877153763
850423,0.8858597067725544
850424,0.05861291678971785
850425,0.9995548313936996
850426,0.9998282794660929
850427,0.3255277903944171
850428,0.9983595065981745
850429,0.9950430957014684
850430,0.35383136442110485
850431,0.462633800991422
850432,0.22173195583115018
850433,0.7128668840717975
850434,0.06642755321689796
850435,0.9739624459377818
850436,0.8096300542702821
850437,0.8386925433444407
850438,0.022408251917971998
850439,0.9239302995952048
850440,0.9634592520420033
850441,0.1719423793632588
850442,0.9959882872654826
850443,0.9943938907079224
850444,0.9999720452749925
850445,0.9991862429452995
850446,0.04560483265557179
850447,0.9978505490025629
850448,0.0676736068668191
850449,0.8585378792986914
850450,0.8997558448897678
850451,0.9586135951501833
850452,0.46897220981849175
850453,0.032245965663595416
850454,0.9999732464615386
850455,0.4237225815389158
850456,0.9736534504952963
850457,0.16188137991977944
850458,0.6470806334983761
850459,0.9832336340726988
850460,0.9997963410310285
850461,0.9123173349461607
850462,0.9979352924402982
850463,0.6249172723162374
850464,0.9995022094720254
850465,0.9663815695321437
850466,0.9997296660049568
850467,0.3445885294500887
850468,0.9997421602478874
850469,0.9997668795218053
850470,0.9703971754032432
850471,0.6605813807060614
850472,0.6854466658162819
850473,0.9681261965783349
850474,0.851419945599222
850475,0.5400717947433578
850476,0.9997060271840459
850477,0.9096389677552488
850478,0.9996308353063577
850479,0.9996314602606982
850480,0.905292010912266
850481,0.38298617003181024
850482,0.9986311409008815
850483,0.9962653498451616
850484,0.9999218322042842
850485,0.8944419001750463
850486,0.9999665708765794
850487,0.9518231902388652
850488,0.999986009193836
850489,0.9979282140446477
850490,0.6801454997666934
850491,0.9914191441188116
850492,0.9997351125744844
850493,0.1984053727639073
850494,0.014211659731868645
850495,0.0998913662424806
850496,0.9999792806303645
850497,0.9999021730676712
850498,0.9974763437850502
850499,0.9989633013377442
850500,0.9817860751116987
850501,0.9671337959220372
850502,0.7069171695430914
850503,0.9543314783920291
850504,0.917175869856607
850505,0.05102923748555241
850506,0.9999341956474432
850507,0.25531695497232093
850508,0.5948811161548453
850509,0.9958479871211372
850510,0.9999061698254558
850511,0.7483937693772251
850512,0.8441437448104868
850513,0.9996346010166688
850514,0.9980534010496942
850515,0.3016560395361895
850516,0.43208808386042874
850517,0.9996384923498438
850518,0.998588674497032
850519,0.9931664847951236
850520,0.9071166611550547
850521,0.9634893992780863
850522,0.9998757377701972
850523,0.9979585704561513
850524,0.5319031835552963
850525,0.15700406577986709
850526,0.9974734115055068
850527,0.8690922136213506
850528,0.9323996869165669
850529,0.7943645783323532
850530,0.5455445779503401
850531,0.9999517654187731
850532,0.887912096373308
850533,0.9996380590191972
850534,0.9967879577869797
850535,0.005944295527193668
850536,0.9999938768173939
850537,0.9340448058875985
850538,0.9944860312538495
850539,0.01237743603631993
850540,0.6768708008082011
850541,0.9446271780976284
850542,0.9659782764121884
850543,0.5046047211405252
850544,0.943296463079063
850545,0.7103039710296466
850546,0.9993409065203511
850547,0.9880163697806179
850548,0.9999611251143822
850549,0.6229747598532005
850550,0.016597032062846538
850551,0.5242797421392699
850552,0.8869690647483615
850553,0.9996643375213443
850554,0.256277120193323
850555,0.9983952572789856
850556,0.9237104673431235
850557,0.9829255522830439
850558,0.9655313764655732
850559,0.09342906143741941
850560,0.9819154437941128
850561,0.14682501645396534
850562,0.0017299086021110085
850563,0.2518421703594565
850564,0.999780597147276
850565,0.7845220236299935
850566,0.9997848174462183
850567,0.9988681245705165
850568,0.1031869556541729
850569,0.9999642659862312
850570,0.9998977512675368
850571,0.8336186595896856
850572,0.9998957369989017
850573,0.9778059001067974
850574,0.7466678017295075
850575,0.28205465253418216
850576,0.6672945290870187
850577,0.24293560554675225
850578,0.06361746071550535
850579,0.16729010949408268
850580,0.9135049254025318
850581,0.9999231320224515
850582,0.02851375782799156
850583,0.9994419246402124
850584,0.9804273395999371
850585,0.06073297545573822
850586,0.8941015134329127
850587,0.9950669340929391
850588,0.9817451620090187
850589,0.7684528831336561
850590,0.9518706434409445
850591,0.7167552390235643
850592,0.9999339704583613
850593,0.9999237980184874
850594,0.8430999290979533
850595,0.9999642774202899
850596,0.9949139941115684
850597,0.9977556267949864
850598,0.4374408885139863
850599,0.36296452569217996
850600,0.9999941968910359
850601,0.9982004320094262
850602,0.9510139154889123
850603,0.2715149391412894
850604,0.9448304339319268
850605,0.08059255125471627
850606,0.974105128754875
850607,0.9057473482518539
850608,0.5322978602329016
850609,0.9063924253787953
850610,0.9996186631764803
850611,0.9999359133215183
850612,0.04564669614008847
850613,0.6272422218560665
850614,0.9996888136047211
850615,0.9992742561883186
850616,0.9988139840158379
850617,0.2704647294103621
850618,0.9346651972758693
850619,0.9999398541795784
850620,0.9836903119262015
850621,0.5306144013544142
850622,0.020508627448025896
850623,0.014932027956803545
850624,0.9999800420469428
850625,0.9277278682488701
850626,0.9994422544034243
850627,0.26340658921426247
850628,0.9993207633184165
850629,0.9990020525964814
850630,0.9980660303625831
850631,0.9995468341185128
850632,0.9997345306384314
850633,0.9996726991545362
850634,0.9990646626766513
850635,0.4194980866207484
850636,0.7726710327452604
850637,0.360103131144277
850638,0.03142996737556186
850639,0.4673566361500314
850640,0.9963490208864575
850641,0.10871500105432373
850642,0.36248028468355087
850643,0.7147172239493695
850644,0.8615020907802406
850645,0.9999332511637389
850646,0.3607872294280735
850647,0.9996683600968503
850648,0.9732745423609388
850649,0.9998964530247827
850650,0.12088978182327959
850651,0.9357317212750226
850652,0.7555319266198928
850653,0.9999820803600791
850654,0.9986658148380951
850655,0.5377418406991179
850656,0.13056393389749266
850657,0.7187555448299703
850658,0.7097875877029036
850659,0.9210283881481163
850660,0.3406144109257354
850661,0.12621031671128602
850662,0.9872525855813996
850663,0.6036377757515564
850664,0.9994225279212756
850665,0.9998536369424255
850666,0.49496122142012566
850667,0.1580747055204042
850668,0.994943207067529
850669,0.6308826640085687
850670,0.03594157370864837
850671,0.9384908982131732
850672,0.9964134096697714
850673,0.7464969498784154
850674,0.5421966167153711
850675,0.9649964569515204
850676,0.5776329169477643
850677,0.8705359624076814
850678,0.7833488540106501
850679,0.9865584361979625
850680,0.9973755226031487
850681,0.9814578169089062
850682,0.9962206578858493
850683,0.9999892151837981
850684,0.035842060325794414
850685,0.47809827991312803
850686,0.9815852647159125
850687,0.8607579183365704
850688,0.9882627629331975
850689,0.9999882159365528
850690,0.8114172834012827
850691,0.017888080985847158
850692,0.9992912385958186
850693,0.9809386163608937
850694,0.4303908730844983
850695,0.4760618816838732
850696,0.9813510812494527
850697,0.03281045991015251
850698,0.9925944088529243
850699,0.8807856631053343
850700,0.012918136859137428
850701,0.46216764435977364
850702,0.01069009176275305
850703,0.9435148508298935
850704,0.9989973820521589
850705,0.7185900763660511
850706,0.530049394701349
850707,0.9899038209010931
850708,0.03660636648637893
850709,0.49749360170802726
850710,0.9374791641941167
850711,0.8687489865482049
850712,0.05748415689863795
850713,0.9991407226516336
850714,0.9976142311307901
850715,0.6975993102117453
850716,0.7587938762439075
850717,0.9973560232907436
850718,0.7484694116149211
850719,0.7110253834937186
850720,0.7579199653072185
850721,0.029699147883121856
850722,0.6036140338915154
850723,0.9994527703841649
850724,0.9990920496319214
850725,0.9997575587438894
850726,0.6286767940514973
850727,0.9991548072492181
850728,0.9991674194423046
850729,0.863610845233157
850730,0.9994745992783334
850731,0.9999715522137189
850732,0.44207290936631066
850733,0.9949844251723496
850734,0.9941450478230169
850735,0.9917821525700622
850736,0.514443033701437
850737,0.9397312925791022
850738,0.8684404794277307
850739,0.9306939040129949
850740,0.11438159365599783
850741,0.24994966193265128
850742,0.9974612761334247
850743,0.023987855202509838
850744,0.4355858296930265
850745,0.9978080489722077
850746,0.07975133788688683
850747,0.11648735534610978
850748,0.9997276039852048
850749,0.060515553811195305
850750,0.6269906643459758
850751,0.010815575683481123
850752,0.21717117777781378
850753,0.8825857114885589
850754,0.35072362237725774
850755,0.9995677409565449
850756,0.9995444396361566
850757,0.999330575896993
850758,0.7249742629981195
850759,0.848857146459951
850760,0.9999478459139965
850761,0.9957260131138612
850762,0.9791346683865412
850763,0.8217770853990363
850764,0.9999307708700811
850765,0.9998546800787537
850766,0.07249901479136639
850767,0.8269071783822386
850768,0.9995210388173958
850769,0.9999672010610008
850770,0.9958312795473374
850771,0.999895749390302
850772,0.885186202717325
850773,0.9991171733398597
850774,0.9973632232777403
850775,0.9934889755005182
850776,0.9689089536689379
850777,0.9993285423856172
850778,0.2389886006984102
850779,0.9983967798631336
850780,0.9921768440568057
850781,0.9846642288412241
850782,0.9253777299929931
850783,0.7243112529278313
850784,0.9900287514029209
850785,0.999734092360336
850786,0.9991821172062304
850787,0.20496890793996864
850788,0.999960786938697
850789,0.9999484428676366
850790,0.01837897927988691
850791,0.6124435225291397
850792,0.9987820282223776
850793,0.9831419431239703
850794,0.7237794356668823
850795,0.8229352525582592
850796,0.014387314691561171
850797,0.4092713018218953
850798,0.9993041857271852
850799,0.9970181519177224
850800,0.7518934694101973
850801,0.8385770283142849
850802,0.9995366502754698
850803,0.7497749719478161
850804,0.9999114914649955
850805,0.5199409539496993
850806,0.9406097677828074
850807,0.9973111542503487
850808,0.16141701175197756
850809,0.9546939865960757
850810,0.9788930316826923
850811,0.9998559012212549
850812,0.22430202196100832
850813,0.9999885447195263
850814,0.13662433009063135
850815,0.9999097322293666
850816,0.9077781884478469
850817,0.9983200992292682
850818,0.6758850626933232
850819,0.7940463166288295
850820,0.024688918875576123
850821,0.9998855398543199
850822,0.9615214841406234
850823,0.9997388321453856
850824,0.10166924778236242
850825,0.9904969821709162
850826,0.999631597381275
850827,0.9527469682348659
850828,0.010624546599632474
850829,0.9868722453336776
850830,0.9994755536355344
850831,0.999433809616
850832,0.9958046294929922
850833,0.9921695567684481
850834,0.99944038396326
850835,0.9328861254093891
850836,0.9822002531552625
850837,0.999662492887101
850838,0.9999577124146104
850839,0.9619169885706038
850840,0.5837434209247307
850841,0.9987902469741913
850842,0.3689167164334003
850843,0.11658269026383722
850844,0.740262523900012
850845,0.9985503258353431
850846,0.9971635838922235
850847,0.9990404110758213
850848,0.9994497654634795
850849,0.28771228309142016
850850,0.9999738363146817
850851,0.10497731261158881
850852,0.9683147483585194
850853,0.9998019712429251
850854,0.9996469736738469
850855,0.999980960414855
850856,0.8763038900987918
850857,0.9995964178478551
850858,0.12875836279089836
850859,0.8923463911968026
850860,0.3053711017095756
850861,0.9701998168421402
850862,0.17721628422555846
850863,0.9994071670996769
850864,0.9991763941448029
850865,0.7872457705244278
850866,0.9578208677388581
850867,0.9992802165187957
850868,0.9997472360217303
850869,0.9677585879933687
850870,0.3843092558282998
850871,0.8324978289326596
850872,0.9975446346898671
850873,0.6312371423264216
850874,0.9776288921522267
850875,0.9991901556867446
850876,0.6540257547236571
850877,0.06522073646261757
850878,0.9999455122701657
850879,0.9997693722610204
850880,0.5121406792456418
850881,0.984904523043918
850882,0.939272710016351
850883,0.9946004495953218
850884,0.9999347826356381
850885,0.9997698117919032
850886,0.1493455219482127
850887,0.9999842464865658
850888,0.9595474243778305
850889,0.551957980149979
850890,0.9949826317376118
850891,0.4946734487615907
850892,0.9311242178799028
850893,0.7994913241925051
850894,0.5084769215240073
850895,0.021797205873779785
850896,0.7617528325840341
850897,0.06273792683800274
850898,0.9553333397233172
850899,0.9999738630198293
850900,0.8823751753819278
850901,0.6821073713174275
850902,0.9994113683886301
850903,0.9998065334761108
850904,0.8947942672165277
850905,0.9999629363077281
850906,0.9914002397932475
850907,0.9997326427780788
850908,0.08736216374137833
850909,0.9999436566662377
850910,0.07299086609887932
850911,0.9912353554241324
850912,0.9996262358012961
850913,0.9994583813925721
850914,0.9999195011062681
850915,0.9919462393590444
850916,0.8615123615907975
850917,0.07337445698082656
850918,0.6299886643590271
850919,0.1593677781059288
850920,0.9753890325591377
850921,0.34125753156239325
850922,0.9249596065508199
850923,0.1118779993749844
850924,0.6571289310278804
850925,0.9465675595620303
850926,0.018104093754920652
850927,0.11997505521238955
850928,0.4423275596426783
850929,0.9988740611206705
850930,0.09606809322523946
850931,0.4296023252112675
850932,0.9440797734441789
850933,0.9997237008218758
850934,0.9994625690550742
850935,0.9993928444814523
850936,0.2550162516683298
850937,0.9999054521780941
850938,0.6874266697917079
850939,0.5708115603912456
850940,0.9352107484289454
850941,0.726657235699316
850942,0.9844409373283091
850943,0.7211566515503983
850944,0.9998961087058214
850945,0.9182089346679712
850946,0.9999894685072254
850947,0.9999895371382072
850948,0.09951311928170692
850949,0.9970572920200164
850950,0.9982483460176184
850951,0.05155030138668782
850952,0.9998744226975446
850953,0.9819246653337914
850954,0.42799951188698915
850955,0.4378919276269713
850956,0.12767533945894616
850957,0.27664564070971126
850958,0.6659630756905579
850959,0.9975635760451452
850960,0.9960460557909568
850961,0.530202096576379
850962,0.3436578460272924
850963,0.9997418588940523
850964,0.831326992774136
850965,0.9995888190035125
850966,0.2816214800107784
850967,0.7579450741113767
850968,0.9876788767306237
850969,0.1637298551652518
850970,0.9998515165019326
850971,0.9635812518705609
850972,0.8349320785021465
850973,0.01538056294381953
850974,0.9984352767983791
850975,0.6209284807754211
850976,0.8924909560138105
850977,0.44650133607232384
850978,0.999146593391768
850979,0.02720437022675721
850980,0.9559111198679036
850981,0.9888585645470209
850982,0.18277487732087674
850983,0.6058064510459348
850984,0.9999405482504409
850985,0.9998009736850668
850986,0.99993894938993
850987,0.98967683492031
850988,0.4048634593138099
850989,0.2219198479108278
850990,0.9804315966633057
850991,0.9424119943258961
850992,0.9945705148055517
850993,0.9961305705222191
850994,0.9978426398838229
850995,0.2030763256075973
850996,0.9996096838783849
850997,0.9999943132356826
850998,0.6899180001614049
850999,0.08994838215942484
851000,0.9857151347723039
851001,0.39220243686068795
851002,0.996306941219828
851003,0.8555389884628035
851004,0.8575491348548119
851005,0.5215769620593506
851006,0.9807938216541864
851007,0.999968344566261
851008,0.5983492925190412
851009,0.8951086928428501
851010,0.999895102654559
851011,0.9853815756549911
851012,0.9906231860895773
851013,0.9998103938643211
851014,0.2299461682011404
851015,0.9686598154263576
851016,0.9907947863729787
851017,0.10241228059374213
851018,0.9996792067605035
851019,0.46947975269239534
851020,0.9992547304601651
851021,0.9997293944515773
851022,0.5137835215610298
851023,0.9993529554061482
851024,0.11071508818585513
851025,0.9997765419771393
851026,0.11911365860360285
851027,0.9999726004932928
851028,0.34957960057379
851029,0.9998374025375105
851030,0.9999459173232065
851031,0.996888856756903
851032,0.9971354795176854
851033,0.15834233000263007
851034,0.5779888152574787
851035,0.8206477038587078
851036,0.5154168098262777
851037,0.9964544590069027
851038,0.836175670391609
851039,0.9988068529400134
851040,0.46489682918383196
851041,0.9983847313538801
851042,0.13694475271215006
851043,0.8155062953073972
851044,0.7510664633121287
851045,0.8338239346888962
851046,0.3886029527655662
851047,0.9998282084201927
851048,0.9996455623347122
851049,0.993717731601647
851050,0.9541084802100113
851051,0.9826030789422447
851052,0.9697462128043741
851053,0.7641598130589585
851054,0.5679800725781986
851055,0.058197066563669776
851056,0.9998255260650046
851057,0.9882087433667477
851058,0.6298517756691785
851059,0.9918879979673726
851060,0.999225607310978
851061,0.99065029852338
851062,0.9867366448201167
851063,0.9371533962585228
851064,0.9998671556467954
851065,0.9920922825655614
851066,0.9993313600883953
851067,0.030689160236367887
851068,0.9722405454451128
851069,0.7612447483773811
851070,0.9994106848993229
851071,0.9990941513815782
851072,0.7821472525203701
851073,0.9997320237886659
851074,0.02036537939589443
851075,0.2881069241358042
851076,0.6623752872722919
851077,0.9991501403991941
851078,0.9999681187617372
851079,0.9046677618551675
851080,0.14065719554215722
851081,0.9586210774177837
851082,0.8105873659565928
851083,0.6780182678223677
851084,0.998311134575038
851085,0.9999710437194139
851086,0.9979123925830061
851087,0.99996016266756
851088,0.9999164159308975
851089,0.038858988995759416
851090,0.9995290236641794
851091,0.9843794593797657
851092,0.5799618517764412
851093,0.9980045785245956
851094,0.9940163449130166
851095,0.8573740458322836
851096,0.9932227551625961
851097,0.9998044665409846
851098,0.996653716609392
851099,0.9998948044402611
851100,0.7780953008422133
851101,0.9995871842378077
851102,0.9276605556292752
851103,0.4156745831104866
851104,0.9995408572000407
851105,0.9997682072297973
851106,0.9760785917811738
851107,0.9964035836319722
851108,0.384298227127839
851109,0.062297022701516505
851110,0.99993319374272
851111,0.9999658096303083
851112,0.9995633480026326
851113,0.8719193685642649
851114,0.5479202096071968
851115,0.19533547866590928
851116,0.7983919944138858
851117,0.9975369378150923
851118,0.9685568071125294
851119,0.3779148819298054
851120,0.990914592670082
851121,0.006956211341185847
851122,0.3380415403493949
851123,0.9997198195179775
851124,0.008615535223966596
851125,0.08736630820876118
851126,0.9462460794494354
851127,0.7558709835413292
851128,0.0019021205653718578
851129,0.971188586235151
851130,0.6530501844513998
851131,0.9893028493806127
851132,0.9980053121401048
851133,0.5600772849690987
851134,0.43951564954565936
851135,0.9999817909405849
851136,0.9998438022314431
851137,0.9997141686186602
851138,0.864613831668174
851139,0.9998329363232445
851140,0.9927039031068595
851141,0.5785087732282524
851142,0.9935243771573394
851143,0.0976863493383824
851144,0.9999265183660299
851145,0.10177703931484061
851146,0.9943745161680146
851147,0.10055296382643368
851148,0.8605641686586121
851149,0.9974244319598164
851150,0.09361397936096737
851151,0.9981911805097855
851152,0.0074292824733508955
851153,0.9999697387409694
851154,0.9175845072430908
851155,0.9997136451323301
851156,0.9998165277706054
851157,0.11194667550133203
851158,0.8584291101963792
851159,0.3069353747515122
851160,0.1306473006888694
851161,0.9999624455840339
851162,0.03620524595894736
851163,0.13145304946029082
851164,0.9999338149407067
851165,0.27217376180991076
851166,0.9275245952448409
851167,0.5730830147579444
851168,0.980456229418948
851169,0.052291990121826185
851170,0.999577660174406
851171,0.3934653012950079
851172,0.18665407627413474
851173,0.8891944507885674
851174,0.6616375037061867
851175,0.19343177442314813
851176,0.8156161484989501
851177,0.9928535969974271
851178,0.4159756854628214
851179,0.263749837004391
851180,0.9063808694805865
851181,0.9993999914069612
851182,0.993932087082435
851183,0.9866341194589691
851184,0.999593698012526
851185,0.9951224789322337
851186,0.6179044683533397
851187,0.9901746682759088
851188,0.8988317915050418
851189,0.9787167286094629
851190,0.9977411426313763
851191,0.953799124878361
851192,0.47710113654446623
851193,0.5163574078232593
851194,0.7028571394396621
851195,0.9998979608103947
851196,0.994418422133353
851197,0.9987608092211546
851198,0.9925865084265642
851199,0.07210694387841227
851200,0.9986552005178111
851201,0.3040251595983828
851202,0.9997589189112012
851203,0.12739143818418086
851204,0.2536944714472158
851205,0.9999507623007925
851206,0.9974501443155284
851207,0.030645417577778167
851208,0.9984667257476503
851209,0.23014161158707583
851210,0.9998155781459123
851211,0.9999911940979191
851212,0.029681255001822025
851213,0.8889885911667926
851214,0.9999495416040287
851215,0.28103404793595194
851216,0.9999821009632556
851217,0.9652435067207497
851218,0.9996891882962458
851219,0.9888504319422989
851220,0.005892277288503438
851221,0.0023743134666377418
851222,0.3603694860874471
851223,0.9468988618208041
851224,0.7785394066787694
851225,0.9991772221044963
851226,0.131616102044182
851227,0.9993640334278846
851228,0.9998929491754973
851229,0.35950977833500886
851230,0.993220937843427
851231,0.8873140311268117
851232,0.4831682893738353
851233,0.9999275181308396
851234,0.6863929925015575
851235,0.8386176136485517
851236,0.22899023337431826
851237,0.9535167527139379
851238,0.9819832653666387
851239,0.5130736855371338
851240,0.0037986948809716884
851241,0.7748944456796889
851242,0.9953491740179334
851243,0.22531711749920366
851244,0.9999841633350517
851245,0.32391333597687805
851246,0.996590666376147
851247,0.4521904034885925
851248,0.9980659882532819
851249,0.10828195706066392
851250,0.2082981780665968
851251,0.9928313716683215
851252,0.9888630143627488
851253,0.021225137009196482
851254,0.24696433267903856
851255,0.9421462701217491
851256,0.005198050371152714
851257,0.8122175610153236
851258,0.9256490091043728
851259,0.284286108508147
851260,0.6943012290908156
851261,0.9696087281251955
851262,0.02872775613359508
851263,0.9142560411659362
851264,0.9291259436717927
851265,0.38182500757668547
851266,0.9986823336671362
851267,0.5464745874568764
851268,0.31232559707721985
851269,0.21861182147710867
851270,0.8342374182806315
851271,0.7647053367594479
851272,0.859907566121787
851273,0.6187914987046651
851274,0.9193558892381877
851275,0.02824614386568037
851276,0.3053924644889838
851277,0.7311407034971307
851278,0.5999161938925928
851279,0.7276850553875811
851280,0.9998300852597298
851281,0.5641282325969716
851282,0.9962776779545186
851283,0.012278705273924575
851284,0.1193706749104096
851285,0.677516421365809
851286,0.8676060090277004
851287,0.7245695367929603
851288,0.9307269411477437
851289,0.9999396493778323
851290,0.9905972933868241
851291,0.9994746481884937
851292,0.9997772855674177
851293,0.999419901180069
851294,0.8407445580062151
851295,0.994846475162543
851296,0.9129249846828977
851297,0.9998231454639123
851298,0.9999825419053142
851299,0.9514816960731993
851300,0.18332540195045144
851301,0.047648153906741764
851302,0.3698028811332916
851303,0.8754073890148267
851304,0.6839309841781105
851305,0.999833231466692
851306,0.9973825506012931
851307,0.7651128865272923
851308,0.014918832123657211
851309,0.5179479132519176
851310,0.9083980294997365
851311,0.9978288217958291
851312,0.9274995720557337
851313,0.9940512414923017
851314,0.9999239369911588
851315,0.25954801537667427
851316,0.9149222959995276
851317,0.1956991787978911
851318,0.9924566151796168
851319,0.9999788147031458
851320,0.9239504635889771
851321,0.9997289618200844
851322,0.9994825846122564
851323,0.5970339054586248
851324,0.3034340142106291
851325,0.014577887714949962
851326,0.9961644544287558
851327,0.8035913888389503
851328,0.9999118315490159
851329,0.9674151458803671
851330,0.0017988454067018591
851331,0.9999730572502423
851332,0.9998688036315073
851333,0.999906943987787
851334,0.21262965749579882
851335,0.9999568602758674
851336,0.45950696783833145
851337,0.7056377203954725
851338,0.999350738111618
851339,0.39839148355211096
851340,0.5200832240784689
851341,0.5515519189166835
851342,0.9912466280407943
851343,0.9551223535738548
851344,0.0045353354781822045
851345,0.9903187934179803
851346,0.9999728660042813
851347,0.9991870946179039
851348,0.891680595249863
851349,0.9999856485754393
851350,0.9904452939097089
851351,0.03708239637580211
851352,0.9996926594136868
851353,0.9976079701836905
851354,0.9999117539309461
851355,0.046867941333731705
851356,0.9578747093499549
851357,0.9998125923356624
851358,0.999810959663016
851359,0.7858801985136964
851360,0.021533860258764404
851361,0.9941702046507584
851362,0.05252472825425473
851363,0.7138813850684833
851364,0.9983075028862815
851365,0.9997747004167965
851366,0.9675243864722939
851367,0.005789044031350513
851368,0.9508123796640984
851369,0.38838255335608873
851370,0.025693433069829255
851371,0.9998587579423401
851372,0.02964117074067043
851373,0.9974497998562911
851374,0.14067999222792665
851375,0.20334562027083594
851376,0.8598245286132422
851377,0.9898604132435658
851378,0.9967497053053679
851379,0.9894988626390865
851380,0.9991309913080844
851381,0.9999726116225423
851382,0.4651718804720358
851383,0.999361298080948
851384,0.05146182042155414
851385,0.023004622419720587
851386,0.9899660916854498
851387,0.010836142505064313
851388,0.4778572310000683
851389,0.9603162164510055
851390,0.7382209579828586
851391,0.9689106467553463
851392,0.8271194141294682
851393,0.5770220681213091
851394,0.05867378617482735
851395,0.99998523927513
851396,0.9999574318767904
851397,0.4606500590875321
851398,0.4510131475344274
851399,0.9745478936994731
851400,0.7722276953169582
851401,0.9001476938139937
851402,0.08098735023152522
851403,0.9999534366599776
851404,0.9947063766926861
851405,0.9997482138548974
851406,0.9994722980084296
851407,0.9699568846103936
851408,0.4199298788157664
851409,0.9596461161391368
851410,0.14270551784517008
851411,0.9229685182099272
851412,0.9999825214766016
851413,0.9786127400169702
851414,0.7690460172761711
851415,0.44115360029826384
851416,0.9995902244397579
851417,0.8330058069406596
851418,0.9999705374882981
851419,0.9996966763652908
851420,0.396654995601018
851421,0.6738435460929248
851422,0.8928418501974165
851423,0.14115817235770572
851424,0.9998578148186439
851425,0.9350725694788817
851426,0.51446768881081
851427,0.9999467955149876
851428,0.5951847020506508
851429,0.009519270415468739
851430,0.9977487958225242
851431,0.9999798250354179
851432,0.9997281086877164
851433,0.37649589612858303
851434,0.9989401807833131
851435,0.4962044361015373
851436,0.019266201844996982
851437,0.02781982856165259
851438,0.2837886737317098
851439,0.9849271827129844
851440,0.6038637729932496
851441,0.9970642089575126
851442,0.9997915196612827
851443,0.8382031962155425
851444,0.8371283750398353
851445,0.9994553057062776
851446,0.8042664304112764
851447,0.9983783352133277
851448,0.7353125679372371
851449,0.9864863761612062
851450,0.8189496744553082
851451,0.999934463675813
851452,0.9345055792574377
851453,0.995363591896951
851454,0.993280568625909
851455,0.9998153173541331
851456,0.35646034682647565
851457,0.7408285738605408
851458,0.06233125581602485
851459,0.3381261609186544
851460,0.8968056844141954
851461,0.04593381461414964
851462,0.9987230356284152
851463,0.9845951335040743
851464,0.162228620812702
851465,0.9997935946302344
851466,0.9870057071280718
851467,0.12694598408315597
851468,0.5854501643530939
851469,0.716435032271537
851470,0.6421484460369686
851471,0.9983369191551081
851472,0.9997612476068043
851473,0.10398251407140158
851474,0.9998727753758546
851475,0.9718747129413998
851476,0.9999246682330897
851477,0.052195998250395975
851478,0.9979792511415305
851479,0.997940238406794
851480,0.9997743388116607
851481,0.02475296926056627
851482,0.33392547321717203
851483,0.9303770178774963
851484,0.0057507187223603436
851485,0.9981894449265196
851486,0.9999215696506922
851487,0.9671623935358745
851488,0.9994433208609728
851489,0.8152646701510213
851490,0.5164295375939597
851491,0.26797304878028977
851492,0.5582496952378917
851493,0.9942995021637794
851494,0.9999203592154602
851495,0.9997616562811152
851496,0.9996647984840736
851497,0.980522726148063
851498,0.5554582690712809
851499,0.8396680033109762
851500,0.9991074383953003
851501,0.6039808009666203
851502,0.004189221155075936
851503,0.9991415587841528
851504,0.9999411544625114
851505,0.999135287955822
851506,0.9591100611448099
851507,0.4257675437469598
851508,0.5268089528635889
851509,0.9997620210792459
851510,0.3824521382660985
851511,0.6711414735961064
851512,0.9826137265580753
851513,0.9994859939014569
851514,0.9990868811616151
851515,0.553188949775544
851516,0.04157189094761947
851517,0.9998460883095602
851518,0.9070475768523177
851519,0.9999771303743326
851520,0.11420146649929999
851521,0.9996576954709572
851522,0.9992655383320621
851523,0.5333805014883842
851524,0.1736334902419439
851525,0.9993493059163369
851526,0.9991478307298922
851527,0.9019775779702041
851528,0.9999681733362975
851529,0.9994649286188267
851530,0.985171452832998
851531,0.1577617099205918
851532,0.5452865792528689
851533,0.9838722083095055
851534,0.003113670456518339
851535,0.48961664840783614
851536,0.2247800117224859
851537,0.9966520010076334
851538,0.0362789961480725
851539,0.5468257111017865
851540,0.3414473900516114
851541,0.8468462730587691
851542,0.9772631544179745
851543,0.6446929456376701
851544,0.999623450496796
851545,0.9998923846697318
851546,0.8701190728404549
851547,0.8860967875405078
851548,0.32038168336789646
851549,0.9963412177067688
851550,0.20779963321357564
851551,0.026817453163465243
851552,0.9624185372187077
851553,0.9826581305826912
851554,0.4113985980256587
851555,0.9999679604818927
851556,0.9977743627437923
851557,0.9206621512055286
851558,0.03511458460820211
851559,0.9515524390492304
851560,0.0960637454994559
851561,0.8790606855326302
851562,0.525146279171415
851563,0.9122429923801704
851564,0.9991917358562366
851565,0.9996745381676575
851566,0.284858386745258
851567,0.441050196301011
851568,0.812686894353999
851569,0.9982967498082718
851570,0.9987279980326538
851571,0.9407302577007798
851572,0.9468923064289192
851573,0.3026486158602909
851574,0.3947417519609579
851575,0.7541938694479849
851576,0.9957662435489061
851577,0.999832479932495
851578,0.9996791673137545
851579,0.045995124963216116
851580,0.9976153547324409
851581,0.3563294505595143
851582,0.48321176083164985
851583,0.8643222273187818
851584,0.9998023846000309
851585,0.018542274779362884
851586,0.9999844652654882
851587,0.9805292003125337
851588,0.9980403952780472
851589,0.9996331148952671
851590,0.9430331165849304
851591,0.19033157997715888
851592,0.9996494090285406
851593,0.9709363171516021
851594,0.9922440426536896
851595,0.3253350420188426
851596,0.7503194323970184
851597,0.22141615276133275
851598,0.9998637518324724
851599,0.9996712270753636
851600,0.9991154397817371
851601,0.9975323112624943
851602,0.9875390852910891
851603,0.9564975264184151
851604,0.867758433464504
851605,0.9995345123755508
851606,0.976768253655451
851607,0.9979760242755683
851608,0.7841421910308808
851609,0.9932149403061034
851610,0.2574861578527353
851611,0.6789764411450137
851612,0.9483884752204692
851613,0.9819699449780983
851614,0.9995881696532257
851615,0.9999847292572741
851616,0.999674273995091
851617,0.0009639764096156809
851618,0.9348089933155047
851619,0.9995249899549805
851620,0.9316274460487957
851621,0.13303881621085112
851622,0.9331756022103804
851623,0.9926738926849616
851624,0.9301514528979886
851625,0.9780646108539438
851626,0.020073320296943087
851627,0.9994575458072912
851628,0.927572735431917
851629,0.6940772796402219
851630,0.9998095697051052
851631,0.7291041823100535
851632,0.45964556269527246
851633,0.5327962400369776
851634,0.25460196147666664
851635,0.5296268760117399
851636,0.6508726963368209
851637,0.2396689411235049
851638,0.5809184488170978
851639,0.9211172469599218
851640,0.945135252827001
851641,0.9875800999525667
851642,0.9989212821791182
851643,0.99996202385833
851644,0.9992958718490014
851645,0.9988901836631642
851646,0.3400045007766903
851647,0.12396662666843486
851648,0.9978370688908988
851649,0.7262773657875363
851650,0.8652149489459655
851651,0.4020667958489789
851652,0.4698174959630711
851653,0.8747370547705355
851654,0.012404890715602582
851655,0.04584152144848817
851656,0.10637170615678915
851657,0.9929744638176244
851658,0.9949482192383224
851659,0.6624428945042167
851660,0.9613082027434339
851661,0.9755911445765433
851662,0.9999071048857427
851663,0.05124937134777742
851664,0.3768312126683507
851665,0.997158212664937
851666,0.9643024284889972
851667,0.04887752063620775
851668,0.5478186997925605
851669,0.20696400912005597
851670,0.9898638845728678
851671,0.960662509439468
851672,0.977210363533921
851673,0.0014198869267145063
851674,0.9750319034486099
851675,0.07952095158765923
851676,0.9997982595719627
851677,0.9997676377272533
851678,0.9291971967579936
851679,0.9983579552162468
851680,0.9727175373543764
851681,0.9999853193619674
851682,0.9974629033931547
851683,0.9994102713825093
851684,0.999264101157763
851685,0.17215456099537835
851686,0.9988368466973296
851687,0.9998723466891263
851688,0.9989699348724279
851689,0.9996689825655679
851690,0.9999588239249048
851691,0.4813761506485479
851692,0.08898703397013355
851693,0.9953609590192143
851694,0.14227812588056546
851695,0.45652717838888957
851696,0.9119049839796906
851697,0.9612360945463612
851698,0.9972534583199164
851699,0.9709056155313869
851700,0.5455076107222904
851701,0.8073741185166307
851702,0.9990437751561947
851703,0.9311898154195968
851704,0.9993530132427334
851705,0.9333109169799995
851706,0.9995959984285618
851707,0.3726792841235853
851708,0.48662117359194684
851709,0.9991608444799033
851710,0.9916087637780494
851711,0.03131284632504916
851712,0.9967586575647202
851713,0.9934956288300184
851714,0.9825442501952526
851715,0.5882775059510195
851716,0.9609519023717942
851717,0.999219569480948
851718,0.8988970020164982
851719,0.7642501177587495
851720,0.9858553794152387
851721,0.016787702774738147
851722,0.9019298806483877
851723,0.373043204891607
851724,0.9992951659173877
851725,0.008153370882635704
851726,0.13548241204365938
851727,0.998621419711195
851728,0.9999050544254606
851729,0.9982886537791833
851730,0.012909690210178487
851731,0.9932852167001014
851732,0.6490004104859163
851733,0.92733913008163
851734,0.5324199370487284
851735,0.9974615532614541
851736,0.048244150952968086
851737,0.3126533099196562
851738,0.9994714819150258
851739,0.9996234086069605
851740,0.8696492823581414
851741,0.19777492330417862
851742,0.04203748265705125
851743,0.3982746826868359
851744,0.9999252818533703
851745,0.9660511521317942
851746,0.9967332153120112
851747,0.9996629233346475
851748,0.951733515930566
851749,0.16846825470356364
851750,0.2172504273801587
851751,0.7040549818533323
851752,0.9960942830780369
851753,0.05748290090774151
851754,0.9916568894015552
851755,0.49611882888091846
851756,0.9999252343807679
851757,0.9992798824298439
851758,0.9993354821854603
851759,0.9982117270548412
851760,0.9884276176663347
851761,0.978814878829752
851762,0.9969355489604053
851763,0.9967568760580897
851764,0.9993895437646934
851765,0.5944171412690904
851766,0.9993397770351593
851767,0.818868057847862
851768,0.10191840179830115
851769,0.16787349099387386
851770,0.9999142417925906
851771,0.13225430477720146
851772,0.0625872681739126
851773,0.6522390341996608
851774,0.8880373817218425
851775,0.9476346759506497
851776,0.9457759619891962
851777,0.6348249735982221
851778,0.3701520262545835
851779,0.020274508371324575
851780,0.9998308800335196
851781,0.46044322158629514
851782,0.9997976345139594
851783,0.9983634911620131
851784,0.9859124927817973
851785,0.8328448439435816
851786,0.9996614148528069
851787,0.7989726706516095
851788,0.9910973191190495
851789,0.7480439720819492
851790,0.9998851215625824
851791,0.999863926640942
851792,0.03209483860748797
851793,0.3760347596154263
851794,0.999779499150869
851795,0.9618295073317962
851796,0.8843973941095764
851797,0.7637756083014489
851798,0.9186167846838256
851799,0.845781699050175
851800,0.9547543684936526
851801,0.9522094661415306
851802,0.9999082142369264
851803,0.9997996286550397
851804,0.9934623476007199
851805,0.9998442034781809
851806,0.961927806476846
851807,0.10659199279033425
851808,0.934836561643793
851809,0.9997241188946947
851810,0.999876268556684
851811,0.6616633379079553
851812,0.0802395519983401
851813,0.9999019298825889
851814,0.9464831952153052
851815,0.8810845115824552
851816,0.9140567532026859
851817,0.9965637360196415
851818,0.13467516360352708
851819,0.31576345285548707
851820,0.9995362520818097
851821,0.9057034724547968
851822,0.9962996664892271
851823,0.9979976346931476
851824,0.9998864249852105
851825,0.9992771544098404
851826,0.9983650701166364
851827,0.204550221755171
851828,0.5814213130972542
851829,0.9998611263802832
851830,0.5410402342437514
851831,0.9006983406638835
851832,0.055533016136901384
851833,0.04435234859184569
851834,0.9999346030749179
851835,0.844848416297818
851836,0.5289220428486072
851837,0.9772461988600919
851838,0.9879059716249932
851839,0.7753397381465983
851840,0.6152909202379073
851841,0.5739240692474576
851842,0.6910922850874017
851843,0.9999635140296892
851844,0.7674647892091804
851845,0.9997370440445341
851846,0.9973201171780468
851847,0.9990777578435817
851848,0.9078736636885005
851849,0.7118224247039779
851850,0.2916999488158726
851851,0.9998766079858024
851852,0.9053709087224462
851853,0.17904078720577596
851854,0.9992184072203354
851855,0.04894528326018917
851856,0.009987000249168774
851857,0.9898072832640816
851858,0.8451796028059749
851859,0.35298986457646286
851860,0.9982564750545302
851861,0.9930896116102943
851862,0.2464419958967659
851863,0.9533815594390527
851864,0.2279297792322928
851865,0.03466577471183808
851866,0.021492962310042305
851867,0.8097679528419921
851868,0.9975432237288478
851869,0.9493802464169904
851870,0.9789567055996702
851871,0.7796417847873287
851872,0.4934630614215578
851873,0.7698339447869398
851874,0.08526394765996578
851875,0.9918332124622317
851876,0.822005964584601
851877,0.9999682238798325
851878,0.7824913053824508
851879,0.9938296162524807
851880,0.6862671039322797
851881,0.9997292144700696
851882,0.9999438588366787
851883,0.34660590952871373
851884,0.9936084057285407
851885,0.99998382618438
851886,0.31561883723632594
851887,0.8364421481872046
851888,0.9962918507604207
851889,0.018502064710279622
851890,0.9951112107136881
851891,0.9800404361973102
851892,0.746862424861311
851893,0.01674285542137437
851894,0.8670785877869479
851895,0.999001202964351
851896,0.6116861116897142
851897,0.19144920103463794
851898,0.9999811055423377
851899,0.9999835378063792
851900,0.8806335894387997
851901,0.20572747395058943
851902,0.08287285556635937
851903,0.5627436983969337
851904,0.915448683976654
851905,0.027512612651700512
851906,0.14086393642385195
851907,0.934712441634734
851908,0.6868229668704827
851909,0.9992537850865539
851910,0.9941034462724645
851911,0.7233477373054331
851912,0.6522607683993096
851913,0.9999427650991062
851914,0.7382663900328188
851915,0.49351832406419793
851916,0.08187617670936098
851917,0.9273745169872297
851918,0.9999613566301715
851919,0.4841961284196445
851920,0.11997983010934514
851921,0.03800060088124099
851922,0.22922465602072495
851923,0.9999834044052902
851924,0.19170746907783884
851925,0.999844505297111
851926,0.9796911287315081
851927,0.08474117102906437
851928,0.9986000617918238
851929,0.9986588423900079
851930,0.9972502923838649
851931,0.9934518909717545
851932,0.015966649891715468
851933,0.9999147510139985
851934,0.9998663767361736
851935,0.8256084598793154
851936,0.270456691503341
851937,0.9997556090870847
851938,0.4560234858064752
851939,0.024930735289868187
851940,0.801780093199459
851941,0.9825023353211157
851942,0.9924612110644824
851943,0.39810021796245376
851944,0.9997750753872876
851945,0.3608712045271193
851946,0.12157888550489604
851947,0.9837399528753206
851948,0.9998165036574368
851949,0.9996027973619684
851950,0.9975660758170697
851951,0.9966683563318396
851952,0.9997183014840022
851953,0.9999379078299229
851954,0.020072254969701296
851955,0.25622910151768424
851956,0.08590071608184507
851957,0.9299638027952464
851958,0.9999537850635001
851959,0.28688501107780384
851960,0.0540068817600803
851961,0.9784441633548469
851962,0.999462924148697
851963,0.8692960176516322
851964,0.4547520272701066
851965,0.9989292337125695
851966,0.41319100226213173
851967,0.999948166254546
851968,0.998658375562649
851969,0.9991469936478072
851970,0.9315080798887674
851971,0.20414254110253877
851972,0.8627227406155086
851973,0.20216189980536414
851974,0.03261364755216388
851975,0.3831142620585323
851976,0.9999780608099952
851977,0.9998138991657577
851978,0.9986841192709309
851979,0.9978062495292286
851980,0.02534628294325102
851981,0.05402968646808118
851982,0.19295677547722062
851983,0.997073344210951
851984,0.15283014866282385
851985,0.45338376663584506
851986,0.9996686124866853
851987,0.9999881767532302
851988,0.8109808001339686
851989,0.6238399050763604
851990,0.3630821107558102
851991,0.7744369017006211
851992,0.9985108826450021
851993,0.07005079767546933
851994,0.869685002019075
851995,0.21262439224356328
851996,0.9713706832385569
851997,0.9999323384088306
851998,0.14295956441109345
851999,0.9956504802276949
852000,0.9941810314520008
852001,0.4330872594012707
852002,0.9507530265910613
852003,0.9313078453739867
852004,0.9955019304609349
852005,0.9992392504604755
852006,0.9993666001869861
852007,0.8981401895638819
852008,0.9834252447892278
852009,0.9763276611843276
852010,0.9978297145917
852011,0.999915578343384
852012,0.9867335255539923
852013,0.9986867676930509
852014,0.9996269371884554
852015,0.9970156696520202
852016,0.9995483527757082
852017,0.5833984035553053
852018,0.9995949304838241
852019,0.9735454042463734
852020,0.9999871968023222
852021,0.9322554925094176
852022,0.6375556309037941
852023,0.985487848243277
852024,0.9475138554028514
852025,0.31940106038009797
852026,0.9999101624265336
852027,0.7025926027617327
852028,0.3483086594394247
852029,0.9932481247433913
852030,0.3167896835204053
852031,0.9931457931968974
852032,0.011963219943488004
852033,0.08457193551904808
852034,0.9941027047676869
852035,0.6428371276472296
852036,0.9996427533263956
852037,0.8444065238911878
852038,0.7802597885327072
852039,0.8511268266312522
852040,0.999864080029832
852041,0.7442790733096464
852042,0.9942717963144667
852043,0.942004650835751
852044,0.9998385347853169
852045,0.9999353571915592
852046,0.597675523859358
852047,0.9999397716709567
852048,0.9997432232442968
852049,0.5041108447333146
852050,0.9961044504866994
852051,0.7700250629032483
852052,0.9997611619023586
852053,0.9590657388386825
852054,0.6043601075320973
852055,0.6101684535669363
852056,0.9999404985942174
852057,0.9994509565644917
852058,0.5489714321744192
852059,0.9882993183770216
852060,0.6985971891887585
852061,0.8229351740924757
852062,0.9930122986829539
852063,0.99710750646258
852064,0.6668368470090374
852065,0.4065018186109286
852066,0.7057973142892409
852067,0.9985800768449336
852068,0.9946648868552193
852069,0.029066526823875054
852070,0.9980604621238403
852071,0.006744935736091527
852072,0.9962428144249214
852073,0.3850836999678207
852074,0.0708327915050225
852075,0.8028671267029958
852076,0.9358892853857634
852077,0.995716112343122
852078,0.2582579005607118
852079,0.8792593497000136
852080,0.9996817968869751
852081,0.7706044435167512
852082,0.9996639488495885
852083,0.9986592070222127
852084,0.1646833217526409
852085,0.99841700569625
852086,0.29630715373395566
852087,0.014826686633505254
852088,0.9999872250081556
852089,0.03175428806847242
852090,0.8082874276881844
852091,0.11559187559400047
852092,0.9995478128167161
852093,0.5971886266899266
852094,0.5087563495976736
852095,0.9992712626808081
852096,0.9998871834545686
852097,0.9998693868457655
852098,0.9995642114009242
852099,0.1750519437525972
852100,0.9451271362240439
852101,0.859849398605756
852102,0.9999188120795254
852103,0.9998892127378047
852104,0.16780208802175053
852105,0.5743927223111156
852106,0.9938938445399177
852107,0.9824516608424013
852108,0.15545517078305687
852109,0.9828807397667088
852110,0.999784403149092
852111,0.23346632182663818
852112,0.23507559700096098
852113,0.9991577738134649
852114,0.9965339060805438
852115,0.9996438592646573
852116,0.13219600525602299
852117,0.9304682194497816
852118,0.7298852546216178
852119,0.9970887759990477
852120,0.8126074918712428
852121,0.9991330192949781
852122,0.005544477114274856
852123,0.9975824308798285
852124,0.983068655818243
852125,0.9987352818647571
852126,0.9991472259199621
852127,0.9638725428441981
852128,0.5806857544307779
852129,0.957396543417507
852130,0.09945611071971996
852131,0.7890410315045173
852132,0.34365093627419285
852133,0.00793435117952308
852134,0.011332137721791858
852135,0.9993498841549188
852136,0.9999744131833052
852137,0.012353288587939448
852138,0.9999151905781483
852139,0.9540465311275862
852140,0.9752372538371958
852141,0.9999828683324827
852142,0.892023293384917
852143,0.6951074092953216
852144,0.9319625540062975
852145,0.9736560808484557
852146,0.9977640560744764
852147,0.6285753308513399
852148,0.11914946318271791
852149,0.9998741972909083
852150,0.9998616116345402
852151,0.999749624933238
852152,0.9994006900586981
852153,0.9594674157927554
852154,0.3810934462850636
852155,0.6967929963106496
852156,0.7198261793096852
852157,0.6965864238754989
852158,0.9980718783444473
852159,0.9723812570146578
852160,0.9992246850010472
852161,0.9992446323534601
852162,0.36783088664024943
852163,0.12131226711596835
852164,0.06376731215424358
852165,0.999901163101746
852166,0.0936193387575571
852167,0.9994580816985335
852168,0.976738149403255
852169,0.9972142810056692
852170,0.11182579928903662
852171,0.12975519024159216
852172,0.6847637393397371
852173,0.951105725971028
852174,0.9997015094079464
852175,0.12905686051170073
852176,0.9999325205773184
852177,0.9999451696912605
852178,0.47842737466983737
852179,0.9998640407728941
852180,0.13704439339210137
852181,0.9987703500250923
852182,0.8364602963849594
852183,0.9990851721359755
852184,0.5235336295205992
852185,0.9999920328847558
852186,0.9998369316264126
852187,0.8077677070469149
852188,0.9995654811945816
852189,0.1478559409228832
852190,0.25084716770321197
852191,0.49501837610343813
852192,0.9999573427331905
852193,0.9135154104143253
852194,0.11091570569909903
852195,0.8685658111416663
852196,0.03550808900627057
852197,0.9889316529747331
852198,0.2231160248796594
852199,0.04447087726008994
852200,0.0957757833563645
852201,0.021418001509797745
852202,0.9986982864158931
852203,0.9975261075544325
852204,0.5130440086969856
852205,0.08050607898220413
852206,0.4249850733654176
852207,0.9641043810872754
852208,0.05150311857438002
852209,0.29424002388159287
852210,0.9993144720284971
852211,0.9968299931764881
852212,0.016835027463670434
852213,0.02036824186341467
852214,0.24738379048671294
852215,0.9965904901609703
852216,0.9998542597751937
852217,0.9996483802046688
852218,0.2657896760307053
852219,0.8867986974414461
852220,0.9996417131047546
852221,0.07323752646733481
852222,0.995665814547769
852223,0.18538591179660024
852224,0.8057138516687832
852225,0.9978141371847611
852226,0.999876276495359
852227,0.71815475455801
852228,0.9951226076765642
852229,0.9993859158688787
852230,0.9201257089715431
852231,0.999903304645446
852232,0.43102356167227207
852233,0.9921463792038534
852234,0.567165518981828
852235,0.5391150559833977
852236,0.03673823050933084
852237,0.8102674447632333
852238,0.37700253134957606
852239,0.13875366177401827
852240,0.6408363564904472
852241,0.3445998915129122
852242,0.9973172272424022
852243,0.012912489951345613
852244,0.9523039048174124
852245,0.9998353262231278
852246,0.9801995351284645
852247,0.02850717714876648
852248,0.9916907962622625
852249,0.9997856371927862
852250,0.9997316934640155
852251,0.9635972771526224
852252,0.23514811077977832
852253,0.9853738499388234
852254,0.6793943648124809
852255,0.8403044839168606
852256,0.9997969290825766
852257,0.9997547634673618
852258,0.8494960691227488
852259,0.9082939924567863
852260,0.9982135663715139
852261,0.9412399839410968
852262,0.857050633790166
852263,0.9997776243972312
852264,0.9999251150177821
852265,0.9632252089799751
852266,0.7862303076484232
852267,0.9724318371915781
852268,0.9975355557064824
852269,0.5238769388882155
852270,0.9274144608623747
852271,0.9815640121576921
852272,0.9900209397876671
852273,0.989652887079326
852274,0.9911810435161988
852275,0.9981552871503849
852276,0.9998486083658824
852277,0.3961300385744818
852278,0.9986841620893263
852279,0.4794014589240874
852280,0.9727893552799456
852281,0.4558370887038071
852282,0.9987893952518867
852283,0.9997629948393973
852284,0.3699593425180683
852285,0.6946367477993366
852286,0.2619966000406099
852287,0.9965295242187311
852288,0.6439113552884504
852289,0.9991162443814292
852290,0.9992705703601048
852291,0.999697709700456
852292,0.7048596811299173
852293,0.01447905915856991
852294,0.34787484333425445
852295,0.36596657856691617
852296,0.9875308367785112
852297,0.9990244390563581
852298,0.7225809155434291
852299,0.27005277105284764
852300,0.904158381930846
852301,0.3188584105176857
852302,0.9979302859059761
852303,0.5001684945773193
852304,0.4502896709114922
852305,0.6626056363493604
852306,0.7516954655770589
852307,0.4553753276983406
852308,0.9911797163948461
852309,0.6805963725102453
852310,0.22483578054823095
852311,0.9997917393146902
852312,0.3331805484312525
852313,0.3615145255556406
852314,0.9999311387120643
852315,0.39780142835109866
852316,0.9863572273312247
852317,0.9950166771665881
852318,0.8053352962759306
852319,0.47364909351274476
852320,0.014067335807048668
852321,0.034779633037370035
852322,0.9999292602296832
852323,0.9758024682314649
852324,0.9995836709486583
852325,0.8582311984922149
852326,0.9900360024478227
852327,0.9920729376011147
852328,0.8406809779589088
852329,0.9280269123093277
852330,0.02172779151346108
852331,0.1986679871909628
852332,0.010887945713769241
852333,0.9998840345381095
852334,0.9988756755565107
852335,0.3016705662406901
852336,0.6396451403436552
852337,0.3470747830966353
852338,0.10080627961441507
852339,0.2002051334194685
852340,0.74400961821584
852341,0.9858613096624798
852342,0.9993614255653255
852343,0.6173529376107877
852344,0.6005079245552303
852345,0.11442069861780724
852346,0.11858947077820015
852347,0.9959334841900801
852348,0.8024114530807412
852349,0.46226095051823046
852350,0.6979631490103158
852351,0.9978079321892149
852352,0.009395201527710397
852353,0.3203310467968488
852354,0.9999837700453852
852355,0.9926872160700084
852356,0.9993178582895308
852357,0.9961116145738539
852358,0.9995602201508289
852359,0.9587613143275737
852360,0.791741273120466
852361,0.2790742447903613
852362,0.056861843397368626
852363,0.9779646215687234
852364,0.4635891849797843
852365,0.9915064929184287
852366,0.7453356199673303
852367,0.95457060559984
852368,0.9993376740441271
852369,0.23935372245921196
852370,0.038993942520129644
852371,0.070141755430637
852372,0.2478172348570238
852373,0.03675010949750337
852374,0.993790187980784
852375,0.9141357137330681
852376,0.9966414925462782
852377,0.33900577674498933
852378,0.8160755770969786
852379,0.05707607845949933
852380,0.981216460396282
852381,0.09356570256010548
852382,0.8840596851413016
852383,0.8586540354274735
852384,0.04445741965355578
852385,0.13691911697129938
852386,0.5095618248616856
852387,0.9921252641449696
852388,0.9940226028319663
852389,0.9990562467258568
852390,0.9685910475614492
852391,0.12809976003386178
852392,0.9999779603907503
852393,0.9989875440695093
852394,0.9924499570422493
852395,0.9996281342018464
852396,0.9802202977822718
852397,0.7513662406647925
852398,0.9963805258090532
852399,0.9997484172248012
852400,0.48525759624302284
852401,0.3251133054904149
852402,0.43863543869303134
852403,0.9994718525104833
852404,0.9992761051651927
852405,0.5741127562894993
852406,0.9996768609752191
852407,0.9988743592613761
852408,0.09940339842556503
852409,0.6777448797154907
852410,0.9914944526144296
852411,0.6992852147406488
852412,0.9998592134997596
852413,0.9994540329112662
852414,0.9861338909408945
852415,0.733944551540867
852416,0.02138375467583102
852417,0.6896900799007789
852418,0.6488967880319608
852419,0.8770373725714244
852420,0.4021239187963364
852421,0.9442268936290521
852422,0.9770033535804306
852423,0.369989094076164
852424,0.09960709443205801
852425,0.23917834514667127
852426,0.15645139223434745
852427,0.033871677228696245
852428,0.9999343545982307
852429,0.9846585125370142
852430,0.9998377670990327
852431,0.5160706122615373
852432,0.9999331222462811
852433,0.999852040350719
852434,0.9995845038663275
852435,0.135490297789314
852436,0.8425352632307693
852437,0.008610012957983509
852438,0.999993552950623
852439,0.013466234294639823
852440,0.005105741500089369
852441,0.9960865242537102
852442,0.9999848224858829
852443,0.9895559910157253
852444,0.9185418196881394
852445,0.9113717011777676
852446,0.3571488532195748
852447,0.0100267949062267
852448,0.8329474120340536
852449,0.9553536119383532
852450,0.9985738727354736
852451,0.25495901886143035
852452,0.9976971396185161
852453,0.948259035840486
852454,0.5064178028211137
852455,0.960936805326781
852456,0.9755742194743922
852457,0.99992875637456
852458,0.9528087376573863
852459,0.986552681906835
852460,0.8731853569286833
852461,0.598787102793394
852462,0.16842265722427782
852463,0.9996692074358061
852464,0.9910061152877641
852465,0.9998282688882967
852466,0.9986628240058052
852467,0.2772220927184708
852468,0.46573435933120466
852469,0.9201138619574942
852470,0.009592770945780114
852471,0.9994320021141101
852472,0.227223538461586
852473,0.9998956040262652
852474,0.21098756756100903
852475,0.9654915477791157
852476,0.2280112295249201
852477,0.3771684163836493
852478,0.9999632382331949
852479,0.9499272141356812
852480,0.3316407440617677
852481,0.8888014942888753
852482,0.15448151063432994
852483,0.08993876985473255
852484,0.16019090140829975
852485,0.9997747402726633
852486,0.5957200160092968
852487,0.05462602706371426
852488,0.9815075445859934
852489,0.9985628918165917
852490,0.9980536883472401
852491,0.9189594169344997
852492,0.9997427179881722
852493,0.17653635437361082
852494,0.05482407039841609
852495,0.9959451746489407
852496,0.9997269903038377
852497,0.12614341597237566
852498,0.9996974477608807
852499,0.9944499321690248
852500,0.47607283214001633
852501,0.005032572061380671
852502,0.9999258265418461
852503,0.9999587935676253
852504,0.9935903261514186
852505,0.9987132063122459
852506,0.9014896176293427
852507,0.9973504655267735
852508,0.8648954071947155
852509,0.9962747494992288
852510,0.9868766818946837
852511,0.09196289738893901
852512,0.6410851858915533
852513,0.9997273062147798
852514,0.028327990693415482
852515,0.923895197227194
852516,0.999912763854051
852517,0.5181853577806966
852518,0.011778300423869093
852519,0.973709709538318
852520,0.9985658811352842
852521,0.1872341677353295
852522,0.999368178668752
852523,0.7570974675219126
852524,0.9999749066202328
852525,0.0551603058704867
852526,0.9999646956576764
852527,0.9994440148667293
852528,0.7056557118509468
852529,0.8440926821994599
852530,0.018463293757111653
852531,0.6550045601842055
852532,0.999841749309016
852533,0.24699639463692763
852534,0.8812140087928015
852535,0.9242628742520381
852536,0.999360812963662
852537,0.4437158564883482
852538,0.13609989500409722
852539,0.9437839604540761
852540,0.44031858822828174
852541,0.9994918006835678
852542,0.13697198095749827
852543,0.9996773185713651
852544,0.9510131439077815
852545,0.8469697171618386
852546,0.9998327593397754
852547,0.9989976912548728
852548,0.9998146553353966
852549,0.7910970517320493
852550,0.8234330223568489
852551,0.6678745701582769
852552,0.038524784156095476
852553,0.5721469698884716
852554,0.9908451498591053
852555,0.13784883909130016
852556,0.1499997896704619
852557,0.9684792624554197
852558,0.8116690771387773
852559,0.9972009901192995
852560,0.9999946233571744
852561,0.983760427568483
852562,0.9097453086507171
852563,0.967539547386969
852564,0.9956964572358231
852565,0.9999817654140766
852566,0.9999747977710396
852567,0.9672276629918417
852568,0.9995625667045155
852569,0.023184802598781203
852570,0.7429321693968789
852571,0.9993181048461828
852572,0.9996939027206277
852573,0.9570210267527324
852574,0.053710544168551214
852575,0.9999915807670039
852576,0.7627794049638892
852577,0.9527970142590625
852578,0.9571059854363033
852579,0.865616916454139
852580,0.9888015661810587
852581,0.9973301014548966
852582,0.014035100405971314
852583,0.9868474423113286
852584,0.3647425280630713
852585,0.8310436463513982
852586,0.9198674414607658
852587,0.8820359004191958
852588,0.027500880096692815
852589,0.9767378177315497
852590,0.9998063212432794
852591,0.9998604068690125
852592,0.28410112636516377
852593,0.6415773810501658
852594,0.14749058789775232
852595,0.9943312200626512
852596,0.9944694291065523
852597,0.99792472545426
852598,0.331117936614877
852599,0.9362844479450846
852600,0.9811059109200986
852601,0.07838453857344328
852602,0.005122222756354045
852603,0.9973130758232742
852604,0.5562322151578637
852605,0.998981833771761
852606,0.9996881999392908
852607,0.08454028370805478
852608,0.4086671322551885
852609,0.9998776237334233
852610,0.12119057016288706
852611,0.9542281841480271
852612,0.9991977796559338
852613,0.3459986613931478
852614,0.993708569556639
852615,0.043032518012086164
852616,0.9996755870031533
852617,0.3479593377863398
852618,0.0831650514391407
852619,0.3376257003365361
852620,0.9999497250646114
852621,0.9873159504302937
852622,0.9943291493054236
852623,0.15345528540930153
852624,0.9975364431610533
852625,0.9919137316762341
852626,0.787578498731212
852627,0.9994113453431384
852628,0.8595686846629118
852629,0.9996171043378639
852630,0.8566725709595309
852631,0.9996745592490233
852632,0.2164298698334814
852633,0.6389956093925023
852634,0.8080656221844067
852635,0.3492690103421401
852636,0.9095416293295526
852637,0.9996872080103556
852638,0.9936423609300306
852639,0.785943723924595
852640,0.9112363489386825
852641,0.9889364939728764
852642,0.9976190475617657
852643,0.9953282883346217
852644,0.7293378207773176
852645,0.6580752169017297
852646,0.16487960927370474
852647,0.45554622195768313
852648,0.9994862089510952
852649,0.9996640785982658
852650,0.8211791328747966
852651,0.3290654497784526
852652,0.4119318853305107
852653,0.013874433300030777
852654,0.01650100381850202
852655,0.9997487537865679
852656,0.5772039094986554
852657,0.999964052537917
852658,0.14498966065791058
852659,0.8281520471875556
852660,0.5169642323701678
852661,0.9999939999294303
852662,0.6304759240954252
852663,0.6900471059879598
852664,0.9996089031681816
852665,0.9999584987822575
852666,0.999196480965355
852667,0.8722213851153835
852668,0.8511631654322236
852669,0.9719456159517679
852670,0.9971405510030606
852671,0.9978933947303978
852672,0.021042926630259036
852673,0.9855316989229246
852674,0.9311975151694517
852675,0.15141360338128543
852676,0.999301426221973
852677,0.9982952479978814
852678,0.7977514668426479
852679,0.9905700082913256
852680,0.8762495134483228
852681,0.9966513304926514
852682,0.9999521043852346
852683,0.9694390459369915
852684,0.9434335542893024
852685,0.5486832035569607
852686,0.5775690286936647
852687,0.998644441748372
852688,0.8852256042449055
852689,0.9990212716823765
852690,0.9996013293378814
852691,0.9926000302786863
852692,0.2416096924765166
852693,0.37313534692639994
852694,0.9221051068686702
852695,0.9972320586267823
852696,0.6851812516472736
852697,0.8324379066338772
852698,0.03326785487790788
852699,0.9967704594609661
852700,0.03151645889545066
852701,0.888503831231001
852702,0.6100141513119943
852703,0.8256240424408954
852704,0.7295734693301776
852705,0.9874973932337452
852706,0.8373698364668234
852707,0.9993072084589419
852708,0.9977587618659762
852709,0.014774624298091487
852710,0.9993520261587747
852711,0.8531677424667641
852712,0.9998159032813867
852713,0.18570260283250808
852714,0.9104350700743911
852715,0.9329589282435972
852716,0.999983617821776
852717,0.9929075249364928
852718,0.7561665102904276
852719,0.010751087071099322
852720,0.9404079424574758
852721,0.43984752428278334
852722,0.9565843248359968
852723,0.9927325501345459
852724,0.9734709190021653
852725,0.1420546710099806
852726,0.15021368933638932
852727,0.9919700536231232
852728,0.9999204723927375
852729,0.01506063093656047
852730,0.9483454648542959
852731,0.9995585599675648
852732,0.7549183381537888
852733,0.8423908508413328
852734,0.9999692039414301
852735,0.9974675204725408
852736,0.40547014030916906
852737,0.9925473428554773
852738,0.9998654461269969
852739,0.011228982065970521
852740,0.9996610085365656
852741,0.9020443255318902
852742,0.9992738649288753
852743,0.4540253131653339
852744,0.9983598088706713
852745,0.9995241893395908
852746,0.9992495948037099
852747,0.00314344442638647
852748,0.9915013952354823
852749,0.007265305401025105
852750,0.9998521749735859
852751,0.9818675291593081
852752,0.9944950839471428
852753,0.5975451812094196
852754,0.27791179546918815
852755,0.9996777435123478
852756,0.369756723832116
852757,0.9964168936867865
852758,0.9473811871981179
852759,0.02167341639926577
852760,0.999911291468667
852761,0.017019939362461475
852762,0.9580296362468647
852763,0.5414889860193806
852764,0.997940569944076
852765,0.06827892510620008
852766,0.9976287430882571
852767,0.3749221254186251
852768,0.9900216586194204
852769,0.9999373178151896
852770,0.9888504911239384
852771,0.9972202605616598
852772,0.8938798337724193
852773,0.9716236511402683
852774,0.6742574152566975
852775,0.1986230673338386
852776,0.9904948133498304
852777,0.011895875605670826
852778,0.9899460173385751
852779,0.9994717679709557
852780,0.9860125077186037
852781,0.08682054410924064
852782,0.19138715405804624
852783,0.07456355388475769
852784,0.9995872892251804
852785,0.2631077345883231
852786,0.31589289926650477
852787,0.9999658011271884
852788,0.9738008642147029
852789,0.6940311513963802
852790,0.9988576887278879
852791,0.98544850183248
852792,0.8520080379178406
852793,0.9974702302140641
852794,0.9963573234769089
852795,0.29455212078593657
852796,0.136654883106128
852797,0.37853183357973436
852798,0.9933141465452583
852799,0.9674600279322985
852800,0.30796512009029153
852801,0.9951684408502899
852802,0.9621653485836223
852803,0.8361870833094932
852804,0.5313769247170478
852805,0.3522775597694199
852806,0.9998419502897367
852807,0.8641370400867537
852808,0.9997010920646041
852809,0.31377409471268247
852810,0.8408055283494167
852811,0.9981994148233486
852812,0.8661537219525116
852813,0.9413777678368127
852814,0.026015497797857227
852815,0.9998372311234472
852816,0.9999340425639367
852817,0.045760751021688445
852818,0.9973262506005777
852819,0.44466193606148985
852820,0.999924906433987
852821,0.9825886663584606
852822,0.8886043178273334
852823,0.9649460994863384
852824,0.22170826691157142
852825,0.6382355278899169
852826,0.9373071170272241
852827,0.9998279595089967
852828,0.010406694147884426
852829,0.9983853280187406
852830,0.20103137845831537
852831,0.3629555939642718
852832,0.015909161799845025
852833,0.6393601363455576
852834,0.999334143797725
852835,0.9940270490607942
852836,0.836333313604115
852837,0.12111027434190516
852838,0.9970943420324553
852839,0.9999330129434861
852840,0.9973980224446888
852841,0.017770956475430557
852842,0.03790052436625716
852843,0.9976917773152609
852844,0.7118332696644604
852845,0.037103968417104796
852846,0.049225838584481874
852847,0.9998588689747028
852848,0.3672502607272592
852849,0.18179869136441873
852850,0.9819897197800829
852851,0.5389608271925439
852852,0.9072724998420814
852853,0.9974994286833416
852854,0.5908678165703413
852855,0.9905884176554252
852856,0.995200930089725
852857,0.9996017188660768
852858,0.9313391881890808
852859,0.4033717056872189
852860,0.42471361595032975
852861,0.9999666801703337
852862,0.009681603912112325
852863,0.9839367606476106
852864,0.9999931818546236
852865,0.7671479475136601
852866,0.999940417331817
852867,0.15449046162574145
852868,0.17108100817191768
852869,0.9999676984549872
852870,0.9999810179837263
852871,0.03413095419705541
852872,0.992550272197938
852873,0.9997986789846718
852874,0.42740171015303496
852875,0.9999289644748678
852876,0.9998888073330652
852877,0.9999526598433626
852878,0.524400002555649
852879,0.32460752214109273
852880,0.996711490571639
852881,0.8353206563252403
852882,0.633054300842466
852883,0.9999469225087023
852884,0.988460692509352
852885,0.9995792003888944
852886,0.004361804409224566
852887,0.0197285616522946
852888,0.999873935482667
852889,0.6349467222314849
852890,0.9998306916657371
852891,0.7112297913295327
852892,0.9997138080548882
852893,0.9374434639016781
852894,0.9891858398361806
852895,0.9999182040247543
852896,0.9981889926013178
852897,0.6633303809753375
852898,0.9979090965599218
852899,0.6606320150571383
852900,0.22388437738855707
852901,0.8215039746999075
852902,0.7649570573756574
852903,0.991508919713487
852904,0.12364583734991422
852905,0.6209029978710726
852906,0.9991693905551396
852907,0.9979286130024165
852908,0.9980929511893298
852909,0.41069626846015767
852910,0.9998691348731497
852911,0.6436491107268525
852912,0.9998707167626288
852913,0.985473399581789
852914,0.9991671039079655
852915,0.6003645850753998
852916,0.8858786327632828
852917,0.9966349800330847
852918,0.9989344618905999
852919,0.9998668085032347
852920,0.6881771029155063
852921,0.9997563691742293
852922,0.998927072286047
852923,0.5691204888990169
852924,0.9602731645647429
852925,0.022626470150150645
852926,0.9994146552285172
852927,0.8957404045856159
852928,0.7687774467347784
852929,0.8064321753580991
852930,0.10297885903082843
852931,0.9951630614231202
852932,0.9983902715551233
852933,0.999910093453656
852934,0.9966872648640713
852935,0.9971437719480243
852936,0.9988158355165615
852937,0.8923248355027787
852938,0.9996894534289245
852939,0.8689301379658356
852940,0.48687875110825607
852941,0.8829711042316933
852942,0.651832531195703
852943,0.9024904588162789
852944,0.999734817504051
852945,0.9675056248073801
852946,0.9999840919707669
852947,0.9821847640406698
852948,0.34863097138094734
852949,0.3420349426558175
852950,0.9994123374703701
852951,0.5054249101731837
852952,0.9587674745126307
852953,0.8620672921322095
852954,0.021117673255328442
852955,0.9999441829113467
852956,0.3490021166088608
852957,0.8991602539235463
852958,0.30962867377555586
852959,0.954682150526864
852960,0.007531806071222591
852961,0.12941862069778567
852962,0.9998544864949362
852963,0.04884604890457234
852964,0.9998815094631788
852965,0.8525112002337343
852966,0.9999896040680463
852967,0.03954417266146314
852968,0.7872962843045915
852969,0.4529487862725303
852970,0.9994272367408931
852971,0.22261358977873455
852972,0.959010232162761
852973,0.999906283911425
852974,0.30758164593651083
852975,0.962071176803128
852976,0.9624504077289637
852977,0.018813089457967724
852978,0.9999198349745899
852979,0.06781522857734416
852980,0.8859542736612702
852981,0.7906539011582218
852982,0.9184181569136364
852983,0.175068851919355
852984,0.9994699097386525
852985,0.9980951158691125
852986,0.3996170638251761
852987,0.9859760596430948
852988,0.5594515119590674
852989,0.6717026023998249
852990,0.011110243480745591
852991,0.9970356217568965
852992,0.03509361984253117
852993,0.8202865099099148
852994,0.45972071251081714
852995,0.7768653000800552
852996,0.886046138140322
852997,0.6651785500937795
852998,0.8217234012468979
852999,0.26826017932885604
853000,0.5134142775202314
853001,0.015487408683307587
853002,0.9996292038104526
853003,0.6733388662529086
853004,0.019322404509330073
853005,0.709371516818135
853006,0.9997161830275324
853007,0.8973781713301517
853008,0.9691270067829612
853009,0.22012761249979132
853010,0.9995909169448439
853011,0.34575841708537314
853012,0.9036816781920898
853013,0.8313785309552189
853014,0.9996979616994588
853015,0.9943175812927709
853016,0.007427619266602759
853017,0.9240893380696644
853018,0.5049258868309001
853019,0.3697318107946722
853020,0.9999770164676585
853021,0.7110531155388091
853022,0.9571134216098509
853023,0.970841866743242
853024,0.9999337793466276
853025,0.9998015787284769
853026,0.831053902253484
853027,0.099449170814603
853028,0.9998908145578336
853029,0.007872531596390332
853030,0.5644310492331147
853031,0.9998260925510702
853032,0.9993153192073521
853033,0.9998486918144608
853034,0.9199167597339034
853035,0.010743083655466282
853036,0.46621208786005375
853037,0.6208048568192414
853038,0.9982999041805845
853039,0.9888716541593792
853040,0.8646914989336252
853041,0.9988686520948827
853042,0.0035382618414469547
853043,0.9997259407515042
853044,0.19875846070898012
853045,0.22275312259255736
853046,0.9995582480615943
853047,0.9998737897762878
853048,0.00241310733189001
853049,0.5144975121248636
853050,0.9938523823733854
853051,0.9553596327180185
853052,0.9982818579326251
853053,0.9974897223984989
853054,0.9999711448687846
853055,0.523329064923244
853056,0.2451507822734967
853057,0.016527526948601823
853058,0.9999251382314198
853059,0.06209474231284109
853060,0.048003313089512445
853061,0.01093104457093089
853062,0.04924913953420185
853063,0.8514953090491495
853064,0.9391250719230444
853065,0.7635012540505614
853066,0.9959622510261574
853067,0.32152906516140917
853068,0.9997676642031927
853069,0.9974273427841223
853070,0.9997850330534697
853071,0.9854069357949906
853072,0.48701189723589633
853073,0.5324805943623991
853074,0.2625277815279895
853075,0.9851797415379031
853076,0.8319659463461349
853077,0.05503563598258622
853078,0.999838569046084
853079,0.11443201060256168
853080,0.995573598250997
853081,0.8781737737747319
853082,0.9998913130347378
853083,0.4375525650090853
853084,0.9912782803996756
853085,0.9999840079699966
853086,0.9997447718626289
853087,0.9998499456796934
853088,0.7289534176435928
853089,0.9832244484828883
853090,0.9990567122185097
853091,0.9314942387574714
853092,0.9775310253403993
853093,0.9999968463849831
853094,0.999801037538371
853095,0.9914567606832039
853096,0.9890519292002715
853097,0.9906815789197889
853098,0.9994282201458424
853099,0.9998102950103406
853100,0.060621028834439594
853101,0.9272700268362826
853102,0.9792562064789843
853103,0.9256280330889116
853104,0.01223464114997249
853105,0.22610305357849492
853106,0.7094262213120885
853107,0.9924282856205482
853108,0.39816073367476396
853109,0.567597747161411
853110,0.3490715572553614
853111,0.825422316633027
853112,0.9553575374323163
853113,0.14955297824897124
853114,0.6491550708374878
853115,0.2620896427483971
853116,0.9992257422220252
853117,0.6500184276475158
853118,0.023165800168400474
853119,0.2761489618220825
853120,0.9988366697608526
853121,0.9996665356306887
853122,0.9998780670555528
853123,0.47985379257549565
853124,0.9990010384488728
853125,0.1828847715662576
853126,0.9999723624055283
853127,0.9948389755338491
853128,0.04441833332207052
853129,0.5728622772063987
853130,0.7114240256711056
853131,0.013938334110226398
853132,0.9999013504429096
853133,0.992244294122622
853134,0.9976538013068894
853135,0.6048554930109434
853136,0.9429129232031239
853137,0.9030596903132855
853138,0.9995483652001527
853139,0.9060242304946466
853140,0.9998172177176258
853141,0.5213955141240524
853142,0.9989827926860009
853143,0.9976304905777108
853144,0.9858854381693221
853145,0.7532150411734799
853146,0.9999017356733798
853147,0.98275361554982
853148,0.9678944264702553
853149,0.9958761351618087
853150,0.982916551632357
853151,0.10575035586954327
853152,0.9978431305073107
853153,0.15091709414481183
853154,0.072146850517179
853155,0.9997752589672324
853156,0.985873757358554
853157,0.7085175228591518
853158,0.7960529700691922
853159,0.9573474776388515
853160,0.5918076870859904
853161,0.9998833558424343
853162,0.11180375606626056
853163,0.9986198416189492
853164,0.9891382069832653
853165,0.350255018505752
853166,0.8016555545570364
853167,0.8427740220055469
853168,0.06951795713417613
853169,0.9639417564489757
853170,0.23208808312352666
853171,0.9999866148190124
853172,0.9980373522272027
853173,0.9951476429730107
853174,0.06832575958531349
853175,0.5768620897805296
853176,0.6381952582613681
853177,0.26248828580775685
853178,0.9989573487711931
853179,0.9994609460852018
853180,0.6591692376651869
853181,0.81685457799202
853182,0.9770656615030928
853183,0.2750444721469212
853184,0.9037991009761912
853185,0.9987940252772225
853186,0.49667180846274267
853187,0.9998863830672184
853188,0.9998081121353031
853189,0.002101556391060833
853190,0.7649626907088033
853191,0.009359157830950359
853192,0.9999435198150414
853193,0.9998690606836422
853194,0.9715134764119691
853195,0.9996874659366074
853196,0.440492543354271
853197,0.9110472280740405
853198,0.07719097354375994
853199,0.05790095054906981
853200,0.7063383263620184
853201,0.9998014633137402
853202,0.973786633906781
853203,0.44540808312780833
853204,0.6441135594264927
853205,0.9812855425065107
853206,0.9999928918961364
853207,0.9999368226772407
853208,0.9469702491288434
853209,0.07025341831917457
853210,0.24797128807596486
853211,0.9991049239236229
853212,0.040634316620670845
853213,0.9990381907647777
853214,0.8236877668922136
853215,0.9997753650233847
853216,0.999752413673544
853217,0.9319282672088587
853218,0.010896498938260958
853219,0.9997364270998564
853220,0.7985865793742424
853221,0.6289673051015419
853222,0.30638432959290013
853223,0.10530224567002962
853224,0.15363858423873367
853225,0.4241834953406741
853226,0.9998555750454804
853227,0.9573466806773103
853228,0.4636740826347663
853229,0.8165831234398515
853230,0.8176515055748853
853231,0.9996447687914719
853232,0.22988590513506543
853233,0.9990038937034194
853234,0.2386380226137674
853235,0.9996336481483366
853236,0.9977475336636314
853237,0.9999005150006485
853238,0.09827116976994227
853239,0.9997083294992574
853240,0.7195294990400627
853241,0.9999526909402107
853242,0.1372665159226805
853243,0.9881677719665952
853244,0.9996008077160321
853245,0.31721391176549774
853246,0.9999602789926874
853247,0.9996259371810917
853248,0.011134692222894116
853249,0.7743935722898763
853250,0.22415161197742894
853251,0.3392933578331061
853252,0.8597806123513805
853253,0.9930337703898883
853254,0.2125051268805182
853255,0.9925778163509711
853256,0.9976334081321552
853257,0.9989754189330479
853258,0.9993866722978693
853259,0.18337379843632196
853260,0.9779812230290241
853261,0.9965476453346434
853262,0.9999643202116106
853263,0.9999014505263968
853264,0.8441364845396806
853265,0.13449419728998277
853266,0.9852654168119321
853267,0.7652772314902041
853268,0.9999789861131909
853269,0.6763011234283313
853270,0.9997984613962168
853271,0.5138828602562378
853272,0.9996930395303077
853273,0.8540499263674259
853274,0.8395168037829042
853275,0.2599482084057212
853276,0.9981312852980947
853277,0.9998215167174664
853278,0.5854993892494985
853279,0.11112407207477681
853280,0.11823268904276149
853281,0.9955510053711001
853282,0.10229838141910655
853283,0.9977947013084779
853284,0.6843516017642681
853285,0.5133177987460247
853286,0.9999862068644276
853287,0.7964755058061962
853288,0.9995333741271827
853289,0.9998910208045997
853290,0.9981958743619949
853291,0.02416316578315006
853292,0.1125017074735395
853293,0.5522996345800989
853294,0.9978749836841068
853295,0.013977421692780751
853296,0.368865423500362
853297,0.9986682237959214
853298,0.10588211110024215
853299,0.8906405223238008
853300,0.9983582009504555
853301,0.9998329693184191
853302,0.2721413156925624
853303,0.9995732514556791
853304,0.8657649147938089
853305,0.4597239517439556
853306,0.9246843958320609
853307,0.9998934141214088
853308,0.9996577172918965
853309,0.999563492722892
853310,0.7483459399386323
853311,0.05809079414991754
853312,0.9851165077650206
853313,0.8827049385083001
853314,0.04873955054935089
853315,0.9772624575678425
853316,0.1898505070164092
853317,0.7610670719883019
853318,0.984572897615935
853319,0.9568375835601974
853320,0.9997028114523613
853321,0.9999273296983802
853322,0.07258729246649692
853323,0.9978433372901874
853324,0.7038094792628915
853325,0.9968227603103879
853326,0.024692033837763208
853327,0.041355625347308154
853328,0.9831995920911072
853329,0.9994307052152258
853330,0.799649752690784
853331,0.6410813683348346
853332,0.9995717357256578
853333,0.8278691596767749
853334,0.14046605444576044
853335,0.6458984878706328
853336,0.9856984597342906
853337,0.9998582171639138
853338,0.9899147762236047
853339,0.999921774883852
853340,0.9941736057969122
853341,0.9999351406025404
853342,0.999593957936509
853343,0.9042258860703349
853344,0.9731845808940487
853345,0.9930540683936737
853346,0.9999414906833182
853347,0.9970601084697222
853348,0.1555873921861431
853349,0.9993192563971395
853350,0.5027776030250535
853351,0.9219968050245784
853352,0.0208297516383735
853353,0.9996910060108899
853354,0.9202434955352162
853355,0.999923916368169
853356,0.9910248104549557
853357,0.9945434031129905
853358,0.9637321361968761
853359,0.9999738022948768
853360,0.9693888508938483
853361,0.24531481232058616
853362,0.627661329722089
853363,0.9256395323861019
853364,0.9998592128217317
853365,0.9997257436257976
853366,0.35795567740804457
853367,0.36733014664633673
853368,0.9613885026727781
853369,0.3262575765207315
853370,0.999805790704474
853371,0.5645906605825003
853372,0.5469213138473231
853373,0.9956024413072668
853374,0.9998650427163783
853375,0.9596223573153386
853376,0.5284259031454932
853377,0.02431704990339069
853378,0.9979863586211195
853379,0.9317948495622477
853380,0.35580768145268676
853381,0.9760129843210172
853382,0.8397675175948358
853383,0.9998712233836305
853384,0.03331889225333639
853385,0.5933735201454093
853386,0.9999429462279126
853387,0.5038233231243613
853388,0.3277162769122938
853389,0.9685182615982526
853390,0.33310177550503883
853391,0.4223509321208512
853392,0.011801947001613609
853393,0.5542099825383977
853394,0.35473986346959385
853395,0.9999979550412399
853396,0.9999422870063454
853397,0.9984671449595256
853398,0.9518654000164259
853399,0.9992300121461163
853400,0.08251640821121886
853401,0.6504072181048672
853402,0.993716016549427
853403,0.6890167536511196
853404,0.3997043779960137
853405,0.9945618133472252
853406,0.998295784775959
853407,0.4864335774062648
853408,0.999756796117929
853409,0.4457415587714042
853410,0.1309565268364114
853411,0.986770372117199
853412,0.8596420595954068
853413,0.9987445503602519
853414,0.9858938262884228
853415,0.23882400353611988
853416,0.5709374337213318
853417,0.012605689890924318
853418,0.9363144430551691
853419,0.9734000297840726
853420,0.2890198926906539
853421,0.9997421092452157
853422,0.9983895095820122
853423,0.9999451681507994
853424,0.07793370203982124
853425,0.2444533538220096
853426,0.9977841783949114
853427,0.9995322467334453
853428,0.10329200202540574
853429,0.9996877224977476
853430,0.7551417537652706
853431,0.999971154518851
853432,0.9979424900920333
853433,0.9984187416860324
853434,0.8382585307404975
853435,0.257326196893584
853436,0.999964200905421
853437,0.7303023810781482
853438,0.5932555718488988
853439,0.08482034024284452
853440,0.9906534368426113
853441,0.9999839124429072
853442,0.8018423223877771
853443,0.5003440589553785
853444,0.4094898043962496
853445,0.9987137771986677
853446,0.8344554364070196
853447,0.9926916963064851
853448,0.9964982720475599
853449,0.8308326023226601
853450,0.13793378678984172
853451,0.14649137547305796
853452,0.7380436368187934
853453,0.9743496037208486
853454,0.7432280457675569
853455,0.017680880481446976
853456,0.9996695591467256
853457,0.9987373312521848
853458,0.8245910459320451
853459,0.9999509355824233
853460,0.9995530509384273
853461,0.9997937558438077
853462,0.5884823437805684
853463,0.8809641652603686
853464,0.9330196879578361
853465,0.9997980187747447
853466,0.9993251413950572
853467,0.9593655421074638
853468,0.999360200491029
853469,0.9983784447523081
853470,0.9994384959240681
853471,0.3460228710262243
853472,0.16510376228466525
853473,0.6686312880695835
853474,0.9855658548662097
853475,0.9999620145797248
853476,0.9719710717659583
853477,0.09774317256410345
853478,0.972785389348096
853479,0.5047707973057717
853480,0.9520033356098625
853481,0.031556246125055185
853482,0.9989923505594763
853483,0.9583516059216708
853484,0.998742334808713
853485,0.9935390267539391
853486,0.9683237843718844
853487,0.44205028460559764
853488,0.954038158374453
853489,0.9950113485129075
853490,0.4213980115599434
853491,0.9999596846953113
853492,0.01580951357927062
853493,0.3837392609517213
853494,0.48310511186953586
853495,0.4993355384701159
853496,0.5743718766090646
853497,0.0025109515729643496
853498,0.7338618069361504
853499,0.7806349535972738
853500,0.5914270507620323
853501,0.999987699364911
853502,0.982826622923801
853503,0.9779537736942632
853504,0.9999013421938316
853505,0.99088562338789
853506,0.875907568286188
853507,0.020226604218591578
853508,0.9771935939003185
853509,0.9999096561398143
853510,0.9998760989212974
853511,0.9977746529786586
853512,0.9990201780433311
853513,0.9997580668561792
853514,0.00432721191353961
853515,0.9919243611019476
853516,0.08559515494825787
853517,0.8744019114890516
853518,0.9992266994473429
853519,0.9982949128907458
853520,0.9946405597365939
853521,0.5005094130558194
853522,0.28217176370069097
853523,0.9972329695891413
853524,0.9986315253692204
853525,0.050996744605377314
853526,0.9966981113155875
853527,0.9994660435682607
853528,0.6156090572653202
853529,0.007905979936267613
853530,0.9016438200851706
853531,0.966438021880945
853532,0.570812476402812
853533,0.9999774179760477
853534,0.012933635285446098
853535,0.9996678930958438
853536,0.7893418408213022
853537,0.6037210773470956
853538,0.9270693924466273
853539,0.9803869477509277
853540,0.31548119846048656
853541,0.9965760709230971
853542,0.9706971190916016
853543,0.9997935331875083
853544,0.9999391829747984
853545,0.8897028521518595
853546,0.9951391443818798
853547,0.8021080794366533
853548,0.5987604471897228
853549,0.9999157504258169
853550,0.6097309059490497
853551,0.08067747571516008
853552,0.9997546563370587
853553,0.18238534705319379
853554,0.9997908280133913
853555,0.03509599708275004
853556,0.03727810835577118
853557,0.39643464168769255
853558,0.7900140397251594
853559,0.9258444352007236
853560,0.6746293921937355
853561,0.9640768608228099
853562,0.999979564639232
853563,0.9778273249705305
853564,0.9989515908005897
853565,0.984004760392295
853566,0.019352186287163314
853567,0.9996119576979884
853568,0.998415810531853
853569,0.27829017596755545
853570,0.9995616390647681
853571,0.9698430683140165
853572,0.99192670648821
853573,0.9938580584532228
853574,0.9767136490463738
853575,0.3367644923523711
853576,0.7565483637302765
853577,0.9644073929613247
853578,0.9621258530381316
853579,0.9981939804375515
853580,0.990212927032891
853581,0.0342762895494136
853582,0.05255788094386065
853583,0.8217220807061104
853584,0.667143963495304
853585,0.5280932442231612
853586,0.4995458750407682
853587,0.037504248773821004
853588,0.9987429004561422
853589,0.9987128222389515
853590,0.03511208872297533
853591,0.025016523392787995
853592,0.9806661310534737
853593,0.9604355155284798
853594,0.9358331439472406
853595,0.016728070236331584
853596,0.16226437378328878
853597,0.8306064947703629
853598,0.9946814234968973
853599,0.9908741411995428
853600,0.014766835853365613
853601,0.9358115759734189
853602,0.9221271851734515
853603,0.5969448312513157
853604,0.8622774801236355
853605,0.9997178821159448
853606,0.020397211648554184
853607,0.05452010826526622
853608,0.9998047085465454
853609,0.999891327841148
853610,0.37560908052816
853611,0.9997567679583143
853612,0.9996364406988042
853613,0.9999435346658276
853614,0.5699142284181158
853615,0.9980900328887962
853616,0.9462549948522521
853617,0.9991573057004104
853618,0.7740066370897108
853619,0.44628354733767844
853620,0.052919140593614536
853621,0.9995195361462114
853622,0.9995303393422541
853623,0.5724752931957047
853624,0.9982762565126478
853625,0.9960779411603694
853626,0.9949975571986801
853627,0.5816034487167435
853628,0.6910252379071293
853629,0.1968447549073702
853630,0.9919307168717835
853631,0.9999713713074685
853632,0.9916312204537799
853633,0.991397388541565
853634,0.05980247111847474
853635,0.9990270801934528
853636,0.8251648927815576
853637,0.9887458106397016
853638,0.4743935872251863
853639,0.675241867543047
853640,0.9933688712406477
853641,0.9975979653239714
853642,0.046056393889166665
853643,0.9995576698156884
853644,0.9998705616682233
853645,0.1628577438148673
853646,0.6906693201380425
853647,0.93777853901797
853648,0.9999909411286817
853649,0.042243487669535805
853650,0.9999899047378327
853651,0.00591389828053324
853652,0.5560353479903356
853653,0.9831009652635156
853654,0.9946242402922052
853655,0.857898349449244
853656,0.5875637372332789
853657,0.9998285084944023
853658,0.9916261144602811
853659,0.9998768555860367
853660,0.40393096263570183
853661,0.5516534874925063
853662,0.8188185670502826
853663,0.9930997591280271
853664,0.6799410087369449
853665,0.046939617568879655
853666,0.9995259712659269
853667,0.998287525442993
853668,0.9992710249523281
853669,0.32741822962828937
853670,0.6123112480995526
853671,0.14977973499912864
853672,0.9964884961401818
853673,0.9998556079893253
853674,0.2637687413673259
853675,0.04536650030718391
853676,0.6784694525028945
853677,0.9997953272886162
853678,0.9779589102637707
853679,0.9932170361317426
853680,0.9998910538543229
853681,0.9982864885967742
853682,0.9998621422025677
853683,0.9987586220580412
853684,0.537969896601033
853685,0.9999395877629342
853686,0.9878247357744411
853687,0.030911332523744988
853688,0.7383802579564196
853689,0.3442085185292648
853690,0.849986850356801
853691,0.7338098059753518
853692,0.029300125193924366
853693,0.991176111786674
853694,0.9931319161073355
853695,0.7593555538735826
853696,0.5449871476417252
853697,0.7862593631288892
853698,0.9914059332417314
853699,0.999758685981795
853700,0.9976624234800886
853701,0.9999284193779796
853702,0.9808851551026454
853703,0.9998020089510294
853704,0.0931214676528875
853705,0.9999234689482267
853706,0.13037374882985742
853707,0.9993584573410534
853708,0.9958988369868098
853709,0.9999368816407178
853710,0.8791250825874068
853711,0.034645252477372296
853712,0.03223896699516015
853713,0.9933999047432467
853714,0.9760577197478635
853715,0.9409409958613864
853716,0.9943954342526654
853717,0.9991891727620508
853718,0.046590955603189155
853719,0.1075903633752535
853720,0.1917324233350314
853721,0.6620162500850357
853722,0.6948452782442653
853723,0.8173450011323191
853724,0.9725041401809902
853725,0.2817735417180416
853726,0.5815830186011971
853727,0.9997210945273488
853728,0.9998833468537559
853729,0.9995513078643578
853730,0.99896226017928
853731,0.8855841995418751
853732,0.9910518501016535
853733,0.999958463071241
853734,0.010952222524668872
853735,0.867547180062517
853736,0.9956411521153345
853737,0.9863804684584145
853738,0.9115693089749126
853739,0.8076801779867724
853740,0.9999859947035658
853741,0.9997377253987825
853742,0.2143898586647648
853743,0.42057018662547707
853744,0.9793481104147838
853745,0.08122186485786356
853746,0.09164329200826242
853747,0.7297333666039044
853748,0.9049774555196756
853749,0.63546737888946
853750,0.46618533509469295
853751,0.033652624382026354
853752,0.9998296561279001
853753,0.8400859188202536
853754,0.7234098576404127
853755,0.9988904488724096
853756,0.9995810280779311
853757,0.17026327241402567
853758,0.009327688758830364
853759,0.8900482278603946
853760,0.9998944029026793
853761,0.8423377241622785
853762,0.7949965098409004
853763,0.17530806425155787
853764,0.9970266767244188
853765,0.9092900330503345
853766,0.19090770400966392
853767,0.785795903196644
853768,0.9999733263082551
853769,0.9833675486852871
853770,0.9988280820496455
853771,0.06608341293338355
853772,0.7362411584832906
853773,0.7955876007793499
853774,0.4874198676534611
853775,0.9450256111808779
853776,0.9999797676592285
853777,0.999028738351472
853778,0.9929627167779393
853779,0.9995567832318323
853780,0.9704917714239887
853781,0.9913008722882934
853782,0.9997176823548799
853783,0.0496991358520809
853784,0.1589296563537581
853785,0.6905060144499569
853786,0.9947485411820309
853787,0.9996539004463251
853788,0.018773771944958224
853789,0.10700204212994333
853790,0.9953587197914746
853791,0.9994635088760992
853792,0.5609179922164105
853793,0.9957674615580641
853794,0.3962248157582281
853795,0.020367538660563057
853796,0.9997465364590723
853797,0.8372736017761767
853798,0.0016366623648065835
853799,0.7746268417039908
853800,0.9991839945857186
853801,0.9980947904247517
853802,0.46617476189016027
853803,0.9999976019771415
853804,0.05490346188291532
853805,0.9766432952352432
853806,0.41081616013272115
853807,0.8897787253137216
853808,0.9998325633580715
853809,0.027680476497974657
853810,0.9994349762816561
853811,0.1651080079463067
853812,0.43486861711367375
853813,0.9993366085185131
853814,0.9946566405902402
853815,0.07773887508422775
853816,0.9998779730060181
853817,0.9844240839810778
853818,0.5915030933009217
853819,0.21116053289657788
853820,0.04846312047468718
853821,0.8375787908498459
853822,0.9115160512899889
853823,0.9720354196761116
853824,0.9978801672291017
853825,0.43890898984601223
853826,0.9955801623464589
853827,0.7142624745141324
853828,0.9479080059653657
853829,0.995498555596211
853830,0.8879712913476107
853831,0.9262131337070102
853832,0.9999852377688285
853833,0.32520795111169976
853834,0.030078224089119997
853835,0.13791907428283207
853836,0.7493515772209242
853837,0.9999160131714027
853838,0.999856063120981
853839,0.9919283164908577
853840,0.7170118220545165
853841,0.9063251603255762
853842,0.8980287509294221
853843,0.993221041186224
853844,0.4943771269444872
853845,0.999894342096496
853846,0.9996536531062576
853847,0.9561306157777418
853848,0.9834818918174815
853849,0.9697998072098536
853850,0.9643584076284437
853851,0.9999839562322789
853852,0.9995453055495366
853853,0.00796796926617465
853854,0.9998352937965321
853855,0.19383280222166704
853856,0.7690187098808516
853857,0.9999751408486711
853858,0.9980073135940981
853859,0.969503732108705
853860,0.9999389694384642
853861,0.14905756944713475
853862,0.46692782604221433
853863,0.006782449066396218
853864,0.9788644938974307
853865,0.9996527667737712
853866,0.9964962588044004
853867,0.6309821106316216
853868,0.6113646078945267
853869,0.4676275280748855
853870,0.6139574315056581
853871,0.9983837893658482
853872,0.9997395003563577
853873,0.9989071109803045
853874,0.9986303766875733
853875,0.9982239692321456
853876,0.9990009171137092
853877,0.9985401721489597
853878,0.3381537943431448
853879,0.6253294687554154
853880,0.0469664944807765
853881,0.09767904373822435
853882,0.49470356800317317
853883,0.777450378675962
853884,0.8947307182048032
853885,0.9988972621072713
853886,0.4711024668486679
853887,0.7648800524616972
853888,0.9952390333549395
853889,0.6582259445150822
853890,0.9975487304545224
853891,0.9429718738980128
853892,0.2313462427398965
853893,0.9957626418793203
853894,0.9451054435028112
853895,0.9307217572414109
853896,0.8339569853812876
853897,0.9999800337902172
853898,0.0851918721455254
853899,0.9970840477910244
853900,0.8577274859096476
853901,0.46766910413418183
853902,0.9997534202584815
853903,0.9712119499532368
853904,0.9999167797287891
853905,0.9520666364121599
853906,0.9999088974950218
853907,0.13607986800412916
853908,0.999792251761469
853909,0.9835101364469863
853910,0.9997716005317143
853911,0.2818106855522213
853912,0.661778019181207
853913,0.19936565191602834
853914,0.46773516727728326
853915,0.5307084292922345
853916,0.9999752204509305
853917,0.42614080902977125
853918,0.44447521749592855
853919,0.9842255547867735
853920,0.5802195982266635
853921,0.20250828251696487
853922,0.9762339941931111
853923,0.9998245493045829
853924,0.053494232014397666
853925,0.2751510833099535
853926,0.9708958968424832
853927,0.9997119986629135
853928,0.9994471064616812
853929,0.9935038817677063
853930,0.9999370199743673
853931,0.47682921500739517
853932,0.8506467544958751
853933,0.14356134220784567
853934,0.9998565492883813
853935,0.9618106836780628
853936,0.9999462780385828
853937,0.9970553231769498
853938,0.10275986542444553
853939,0.9562681343076964
853940,0.9987227016659737
853941,0.9834521657129717
853942,0.2605391135955795
853943,0.8310032345195667
853944,0.9994280552067245
853945,0.00802316656472646
853946,0.9999687808152466
853947,0.8056069546866109
853948,0.2374299540814254
853949,0.4750821629304731
853950,0.10011942915747837
853951,0.03999544209941773
853952,0.9839384661760315
853953,0.9998856071755873
853954,0.13729027375451514
853955,0.6189939557424777
853956,0.9995754687509157
853957,0.932792334371002
853958,0.011184987660345966
853959,0.19012915771353506
853960,0.17599350236660444
853961,0.9999145607548128
853962,0.4448418076561381
853963,0.9868871113184136
853964,0.23462740569544258
853965,0.06131605914862111
853966,0.9198276924863266
853967,0.9989441781813285
853968,0.007613510520163442
853969,0.9982254609615815
853970,0.9998689240147252
853971,0.99601382493916
853972,0.9177192415426216
853973,0.01707334304517633
853974,0.38238928180123705
853975,0.9870643115552404
853976,0.35075107918453835
853977,0.9999562507207178
853978,0.02037273341521042
853979,0.0029497141081971144
853980,0.7233437249240406
853981,0.9998340847404581
853982,0.27034343619684226
853983,0.21233216257736712
853984,0.9999580645941571
853985,0.8880564835529704
853986,0.999454551455612
853987,0.9985014395475422
853988,0.999681844447387
853989,0.9987057006071869
853990,0.9997847535344189
853991,0.9998506197801269
853992,0.28128416624308616
853993,0.5197224141811123
853994,0.9998393917677
853995,0.14753079116660373
853996,0.4327497209001644
853997,0.9951830043800212
853998,0.9874374011172011
853999,0.9607905893401454
854000,0.9851583826534449
854001,0.7751586501084364
854002,0.045042124221125
854003,0.8289766518586079
854004,0.999958408157093
854005,0.3628003636292793
854006,0.9995350981361115
854007,0.9877937729132764
854008,0.9503848364685377
854009,0.8908132135639768
854010,0.987591077576446
854011,0.9693251474355182
854012,0.9175677790779827
854013,0.9994857712455674
854014,0.9995600769099123
854015,0.06912258965736344
854016,0.9952616412954354
854017,0.9566211709693958
854018,0.0456289938452482
854019,0.9105425821180584
854020,0.3717319473964403
854021,0.9997552466748446
854022,0.8104404980559479
854023,0.30557844729300726
854024,0.899779351247662
854025,0.11515837542608977
854026,0.6349902841791032
854027,0.9701536596753167
854028,0.823264502412938
854029,0.9993875869342079
854030,0.013578661766151284
854031,0.9993478196616129
854032,0.999727852613219
854033,0.8539798609575668
854034,0.9840897007757448
854035,0.08058770561534975
854036,0.6821729348858023
854037,0.5704797053010677
854038,0.9995749160269831
854039,0.8593577551144393
854040,0.9999761352083838
854041,0.08147919442290799
854042,0.33173417934992727
854043,0.07597346481336499
854044,0.9984162525826333
854045,0.08599354864371725
854046,0.999532270937709
854047,0.20574211635442352
854048,0.17564672499026085
854049,0.9818056942986666
854050,0.9971579281321669
854051,0.9994875557248254
854052,0.00834229206513143
854053,0.36542501228841795
854054,0.926265578471446
854055,0.999662348731513
854056,0.7501993360321013
854057,0.9980765022722417
854058,0.10161616213976674
854059,0.9336223785472444
854060,0.9993941589853637
854061,0.9998670550191133
854062,0.9944939015227319
854063,0.9932325678659905
854064,0.03753899203407933
854065,0.9999819089375925
854066,0.40505119214675006
854067,0.9966093861842259
854068,0.9999594042921629
854069,0.004674931719691584
854070,0.9998114727065186
854071,0.9719037727306818
854072,0.992128551432422
854073,0.09426378759466099
854074,0.999640927131737
854075,0.2194273206805572
854076,0.9847023087833618
854077,0.7071090777230564
854078,0.862690399096723
854079,0.08745175623064597
854080,0.9998813853075013
854081,0.9301577165432725
854082,0.9933961336558683
854083,0.48329878313739794
854084,0.947574329959649
854085,0.9947084257291251
854086,0.9997246343064752
854087,0.7758075579088796
854088,0.7856674250461289
854089,0.6507519019181615
854090,0.026135658386105796
854091,0.9989799930278747
854092,0.6019571680694544
854093,0.7797206859700568
854094,0.9130361177453878
854095,0.03238897076544594
854096,0.9998375956076526
854097,0.9996796405814641
854098,0.03174436010766508
854099,0.791886967099382
854100,0.9727988330496994
854101,0.7962384283368864
854102,0.9959548973360812
854103,0.6716279550769906
854104,0.047833522656520466
854105,0.9999237506671392
854106,0.3461388081061509
854107,0.5961451252071932
854108,0.9993733751587466
854109,0.7624486905617508
854110,0.999705152247588
854111,0.999877545782541
854112,0.9996610177909786
854113,0.999752953452966
854114,0.9999633266445357
854115,0.793618131289289
854116,0.9999556779861019
854117,0.9949019200932041
854118,0.9997960071177328
854119,0.17676628440071834
854120,0.9992609121920297
854121,0.9824201292276609
854122,0.7941458661317953
854123,0.9998572322762584
854124,0.699602146097914
854125,0.09581814376590958
854126,0.08715735994537609
854127,0.9379809642746905
854128,0.9999529059145034
854129,0.6680924488264488
854130,0.9997235418579885
854131,0.9997996162948222
854132,0.03151971053563035
854133,0.9782295270463015
854134,0.9999358957610835
854135,0.6595113057150988
854136,0.10175716289524697
854137,0.9977001767132844
854138,0.9964257191681517
854139,0.6191415381609969
854140,0.9999724022100647
854141,0.4657321108278316
854142,0.9994341670715903
854143,0.062153655674106335
854144,0.32499644314086923
854145,0.9998266039661682
854146,0.9992093835583149
854147,0.9038201505388959
854148,0.6950725867136329
854149,0.9727793244221178
854150,0.9983703311704619
854151,0.9945870920311963
854152,0.3561346595239821
854153,0.11413660171201481
854154,0.9999632942661677
854155,0.9998437195091199
854156,0.40692456817190537
854157,0.25058136780837625
854158,0.0061526151461913075
854159,0.10413877368095492
854160,0.2055450509789714
854161,0.9995849064114617
854162,0.9985442924590338
854163,0.9999270419271646
854164,0.9476902375803099
854165,0.01834823906962884
854166,0.5959243966407022
854167,0.9999653804150356
854168,0.10643529377299399
854169,0.9885380447857487
854170,0.999973901398261
854171,0.8909429668706961
854172,0.9998652940430889
854173,0.9999309353252139
854174,0.5613193830749872
854175,0.1550777369904564
854176,0.9963694358362828
854177,0.7147983384264466
854178,0.8883056829617417
854179,0.0031202095981995174
854180,0.9995503453602341
854181,0.9998873901747521
854182,0.9987550001189445
854183,0.9999457936758103
854184,0.9863979896374742
854185,0.9998687530734373
854186,0.32756784210798146
854187,0.07021589091001834
854188,0.33815575374258755
854189,0.9975650011543453
854190,0.08203393790397334
854191,0.9986438814338348
854192,0.030540337464691945
854193,0.5435491853243607
854194,0.9999442760218223
854195,0.9994849343063466
854196,0.64943225174626
854197,0.024978594902374862
854198,0.059790760213220044
854199,0.015345150063052607
854200,0.14471799722802936
854201,0.09311564828397058
854202,0.9948528999528514
854203,0.1426956679507153
854204,0.9994702878548412
854205,0.732419278412682
854206,0.9797801607532607
854207,0.9997890056623862
854208,0.937995631710503
854209,0.10663739831262936
854210,0.9957579738398776
854211,0.35315986517456166
854212,0.9971288247382277
854213,0.9756186841390709
854214,0.015781713846618528
854215,0.717708914688817
854216,0.06547586353210981
854217,0.9017746712160508
854218,0.07737276661132034
854219,0.999689855340165
854220,0.549438853109759
854221,0.056029787744959814
854222,0.8172259293274208
854223,0.9787331696548391
854224,0.5907100737715407
854225,0.029205609896057375
854226,0.3673667513192792
854227,0.9047726462657393
854228,0.9999789130666361
854229,0.8413348512496261
854230,0.9906094414833477
854231,0.9999199373589391
854232,0.9501277996277031
854233,0.9989936670966169
854234,0.991923915858669
854235,0.9950039932534307
854236,0.9996635004511578
854237,0.9988311242899033
854238,0.9885842969962091
854239,0.10374920065578255
854240,0.49937640522709853
854241,0.9999522132309846
854242,0.9780072402644686
854243,0.09750587063662182
854244,0.01121312821959091
854245,0.9862359638890703
854246,0.999982473386058
854247,0.8703426708642517
854248,0.9998052783181355
854249,0.17297003604672218
854250,0.9993594203215025
854251,0.6267291318167036
854252,0.10426746960927616
854253,0.9999878334147868
854254,0.9998693216747041
854255,0.9995453258023853
854256,0.33403959653482085
854257,0.994322883342996
854258,0.8685350640419445
854259,0.993172697468213
854260,0.1206073365323603
854261,0.9178469828376192
854262,0.9657063818065781
854263,0.9999804141935087
854264,0.9964211987443555
854265,0.9999745932322169
854266,0.999266899519735
854267,0.08682882395715341
854268,0.17218395577609785
854269,0.9999667646284145
854270,0.9995575071869117
854271,0.9979152342442523
854272,0.7503131319862364
854273,0.05833433545409033
854274,0.12254273287639482
854275,0.7925436055166393
854276,0.9814525790634989
854277,0.3594575656532871
854278,0.5655347001011444
854279,0.9997962671087272
854280,0.6918528286548215
854281,0.9997299924581465
854282,0.8264940149205086
854283,0.4157710411040186
854284,0.9973643429309238
854285,0.9964136115282394
854286,0.9994993120644671
854287,0.9183375658122096
854288,0.12624043577385563
854289,0.8517460987060472
854290,0.9923737866531894
854291,0.9962859067823437
854292,0.01576345106480854
854293,0.9993782039484038
854294,0.7226125264268022
854295,0.9964225008624106
854296,0.999986970831301
854297,0.9995022858237279
854298,0.9998832004884377
854299,0.8827810961216995
854300,0.8410925261268574
854301,0.9392231073711146
854302,0.9999849405510908
854303,0.46717871210087136
854304,0.7783108630225517
854305,0.9394370871346214
854306,0.9999012599354347
854307,0.9930461008503416
854308,0.141297954787493
854309,0.344610767626459
854310,0.42593871450923076
854311,0.6344120589660182
854312,0.9980356214511481
854313,0.678042303485318
854314,0.9997027928645646
854315,0.9939291282474025
854316,0.9974783992585561
854317,0.998017217520002
854318,0.9814929151266825
854319,0.9971589648113126
854320,0.08288426576538123
854321,0.008550562492280304
854322,0.03110828195470893
854323,0.070638487167266
854324,0.9996419739855136
854325,0.9999080546108716
854326,0.9998593039225194
854327,0.991943123303598
854328,0.9778421705762229
854329,0.9994294169754444
854330,0.5404627784989371
854331,0.9698363515789299
854332,0.15534033364704197
854333,0.999955792441458
854334,0.9424713316591858
854335,0.9903251801812369
854336,0.12130732459290589
854337,0.9998122448350619
854338,0.999869791846741
854339,0.9999515229409824
854340,0.02917998287688211
854341,0.8126124038059737
854342,0.11538571833037059
854343,0.4617691937424441
854344,0.14617235981479423
854345,0.9995421371971467
854346,0.9441862905917893
854347,0.9994109081462741
854348,0.1044870212363753
854349,0.9853031984433775
854350,0.999789322626857
854351,0.9996316084672853
854352,0.9210666839449104
854353,0.4486526420709518
854354,0.19405269731244776
854355,0.3210897588348217
854356,0.5503646857794546
854357,0.8994657192643739
854358,0.9003762103274495
854359,0.9999877059245188
854360,0.9997467057884355
854361,0.6003392490930543
854362,0.17107146815580074
854363,0.1717714731386577
854364,0.5795535521422075
854365,0.9813382460440112
854366,0.9810928780043171
854367,0.8366609017175892
854368,0.9994049024503651
854369,0.002753764441729342
854370,0.013513695281591721
854371,0.9998974430974119
854372,0.5252005231256849
854373,0.9932615354790912
854374,0.9966205037986665
854375,0.9999127875441657
854376,0.11577143583565724
854377,0.8942280233084108
854378,0.9980289344056552
854379,0.8308279580827457
854380,0.9949401048622194
854381,0.9990370399599231
854382,0.37802653131695785
854383,0.7993079667188107
854384,0.9974960983829454
854385,0.9999305191160216
854386,0.44894472335633345
854387,0.23279381380856168
854388,0.024163425837239943
854389,0.7063022811433326
854390,0.9999634266832926
854391,0.9999567548719097
854392,0.9183118983806111
854393,0.99957267686492
854394,0.24214427570380406
854395,0.9999218676926066
854396,0.9434213589093307
854397,0.35698677130805867
854398,0.046791974013354526
854399,0.015532725770291467
854400,0.9853869144250997
854401,0.7537754660528948
854402,0.7012183260903445
854403,0.9508938062368563
854404,0.9604892246547079
854405,0.6498996085295605
854406,0.4985244975105394
854407,0.10691397540141778
854408,0.8869913100178264
854409,0.1960355707882046
854410,0.9997857243408503
854411,0.07331709731368094
854412,0.6238191770907984
854413,0.01218102403762082
854414,0.8980033489418815
854415,0.9948799945819613
854416,0.9860450783335251
854417,0.0929879615809385
854418,0.9939570636352879
854419,0.9997892699901338
854420,0.9972804951302343
854421,0.10306690438164848
854422,0.9998216029117859
854423,0.7751841036907274
854424,0.9889521600693101
854425,0.12473104070853358
854426,0.9980732919671531
854427,0.3132507384712293
854428,0.7262036969104004
854429,0.9992505746328741
854430,0.1993473968047683
854431,0.9922971422779034
854432,0.9609773129466812
854433,0.9955201972054382
854434,0.9999561682057287
854435,0.9944702110881185
854436,0.9989411009579686
854437,0.74548683933208
854438,0.9996508152118613
854439,0.9980169762431843
854440,0.759767539155691
854441,0.00319113101125625
854442,0.05419971361643497
854443,0.9593341706468798
854444,0.9999502845864614
854445,0.08781834606174993
854446,0.9998853492252482
854447,0.998575254409458
854448,0.6042882527755427
854449,0.7770278509253168
854450,0.13012865211716285
854451,0.01978644041797247
854452,0.9991276312484199
854453,0.9998436909820962
854454,0.9124735434506409
854455,0.497812392927297
854456,0.7353811635776031
854457,0.22028903047625098
854458,0.14537660692322824
854459,0.9988344654623811
854460,0.999953186364172
854461,0.9998147077512748
854462,0.006320697624753623
854463,0.988039383404057
854464,0.9997434397155593
854465,0.07626436071172134
854466,0.9991778119181582
854467,0.9986071722275606
854468,0.9814029466889099
854469,0.999762435612489
854470,0.9966190901001808
854471,0.9939025558957331
854472,0.9962986638497062
854473,0.9972109907057667
854474,0.9987423530132606
854475,0.9990981486797579
854476,0.048545718283283704
854477,0.9764873661902729
854478,0.9994089236858558
854479,0.337360877503143
854480,0.2125326886221033
854481,0.15767632235812262
854482,0.7634873805322893
854483,0.5248179638874961
854484,0.9485307826376091
854485,0.8324660687685248
854486,0.7811757067094853
854487,0.6708437602757634
854488,0.963472488190788
854489,0.995722750461755
854490,0.6365816328557156
854491,0.28666540863631484
854492,0.9850476190554388
854493,0.2248134941646943
854494,0.9937660493097016
854495,0.04858041980474173
854496,0.9806745958799881
854497,0.999910158472836
854498,0.93879747654911
854499,0.9956124370136773
854500,0.9994764399580233
854501,0.9978893311277672
854502,0.7321298546120223
854503,0.41206329565212657
854504,0.4338530662031157
854505,0.05440672862877134
854506,0.9542456135008122
854507,0.9944574040527472
854508,0.6262525236725431
854509,0.9999715687936094
854510,0.8509264078642245
854511,0.9706837191483377
854512,0.9477426448145185
854513,0.0030790350240365687
854514,0.9999678872284405
854515,0.06912868515508437
854516,0.24718293317747458
854517,0.6729044748422939
854518,0.9998469933965379
854519,0.006634451819818689
854520,0.3418393625437657
854521,0.999552539241171
854522,0.998523432809394
854523,0.9999069225355832
854524,0.999429294309357
854525,0.9874994102474037
854526,0.008694348236317975
854527,0.9999629332355138
854528,0.9989007831982885
854529,0.9995200832649349
854530,0.9738151099267074
854531,0.9998879219674298
854532,0.7017990991190559
854533,0.9941994762049489
854534,0.9999209904278163
854535,0.9846202667686901
854536,0.9816011256524277
854537,0.9994574396090433
854538,0.6446366241865631
854539,0.31304820855022397
854540,0.9998487595447056
854541,0.05242953096449092
854542,0.407323307364857
854543,0.9173730475702518
854544,0.10328280892809456
854545,0.4649857044509917
854546,0.3499325070517639
854547,0.959596100827323
854548,0.8225007995369402
854549,0.9999683154085437
854550,0.999949633889296
854551,0.012166206558268852
854552,0.9999167272527648
854553,0.9965503230450534
854554,0.16067960424766906
854555,0.9983564165931955
854556,0.6031436799309263
854557,0.8500390913502471
854558,0.6687193895551764
854559,0.8041653899252273
854560,0.9577549661951232
854561,0.8907885568535295
854562,0.9020603997538355
854563,0.27158922311532213
854564,0.557188565499334
854565,0.9999434972357153
854566,0.029370023413532807
854567,0.6690749832774332
854568,0.9992188263125297
854569,0.44152613200118307
854570,0.9890468877276141
854571,0.9994284574066865
854572,0.9999155371024382
854573,0.4409379050667428
854574,0.9997600233303727
854575,0.7245226894796043
854576,0.6269538837857964
854577,0.5180121986958439
854578,0.9852520933825046
854579,0.009042113938873064
854580,0.9371993519084312
854581,0.01342946385874786
854582,0.09576853629161798
854583,0.9985541767467623
854584,0.9998765278562953
854585,0.7770719295895155
854586,0.9994108226990013
854587,0.25059723826236874
854588,0.45621970713616133
854589,0.901970412452835
854590,0.9738164455648247
854591,0.9999778310836602
854592,0.9986406747233469
854593,0.5615744689212712
854594,0.0021397928065774205
854595,0.9921783219300799
854596,0.5246613966970457
854597,0.4491856067474612
854598,0.047032600099810785
854599,0.9967761424163204
854600,0.027706683963696677
854601,0.8903035731178014
854602,0.018659232394628883
854603,0.9998417923896676
854604,0.9660471863050383
854605,0.5119969844898904
854606,0.9992806455790186
854607,0.18461250021753517
854608,0.9549469493010592
854609,0.7946992368638737
854610,0.6817226384693598
854611,0.9408923712098776
854612,0.999374895993308
854613,0.9838186998870475
854614,0.9989941814884553
854615,0.9458570420692831
854616,0.806569911153283
854617,0.7507450028618401
854618,0.7257039956101543
854619,0.04812972876559738
854620,0.27878371052714274
854621,0.9995449204171145
854622,0.8920979170232993
854623,0.9982407509823414
854624,0.9992887882073704
854625,0.16753993662059732
854626,0.8748709921589883
854627,0.99740597958609
854628,0.8879101799669777
854629,0.9767521963355716
854630,0.7022358498342836
854631,0.5075191409504437
854632,0.5428099432742332
854633,0.4632646448537521
854634,0.9999394161235323
854635,0.9955644792464655
854636,0.9791917191052772
854637,0.022106518299840987
854638,0.9999320952201936
854639,0.37280530396730543
854640,0.5784383306135176
854641,0.07202641458914955
854642,0.9999275265425334
854643,0.2994372192648819
854644,0.9999811833021113
854645,0.9997953101664541
854646,0.9996986402423333
854647,0.9906791301125923
854648,0.8466265219018666
854649,0.8445415554751998
854650,0.9999459857417555
854651,0.9981195908967562
854652,0.6671814407408128
854653,0.9998493809493029
854654,0.9999363509973462
854655,0.7817128927957073
854656,0.9976802642977085
854657,0.43039862723737593
854658,0.06848842640197032
854659,0.44401653962037846
854660,0.399182912744797
854661,0.9640731814618355
854662,0.012773790323532982
854663,0.4402951776973512
854664,0.7243739440577794
854665,0.9998133233977988
854666,0.9999449953616136
854667,0.5767397774309364
854668,0.354026645727166
854669,0.46127904629006666
854670,0.30597227367365487
854671,0.9999211429896726
854672,0.811251865588185
854673,0.9994006205714209
854674,0.6235149529373764
854675,0.12088159050832631
854676,0.9998930114107953
854677,0.3699386902799609
854678,0.998773646364856
854679,0.9993333066626895
854680,0.6598298486314936
854681,0.9387256700018414
854682,0.9996752551494433
854683,0.9057920379239185
854684,0.9998846656764013
854685,0.12186673490594287
854686,0.9999405266031084
854687,0.9961310350947072
854688,0.44040571975056353
854689,0.4762190957486716
854690,0.5925404625090063
854691,0.03113017919187682
854692,0.9998167408334655
854693,0.19843309738696946
854694,0.39666074159628645
854695,0.5308607478955896
854696,0.9871554044791941
854697,0.2765006014263834
854698,0.43900153839357525
854699,0.07919634605105025
854700,0.5433420481494194
854701,0.9996165136017087
854702,0.9897014305262457
854703,0.8257343524367242
854704,0.04768843678353865
854705,0.9999613411671132
854706,0.038475329940339066
854707,0.018794189281766918
854708,0.7314801322778028
854709,0.08489773072220397
854710,0.9995367434008031
854711,0.12424341648824705
854712,0.8575239204427563
854713,0.9992379757710115
854714,0.9996935390989479
854715,0.06418824500811116
854716,0.8093156571112965
854717,0.25755341073506327
854718,0.8096168468190076
854719,0.9174154841382
854720,0.9967957930477722
854721,0.6761341881017363
854722,0.02927906512934183
854723,0.9999549187651988
854724,0.8668622971503993
854725,0.9219011936450312
854726,0.9999384004770688
854727,0.9999743831202882
854728,0.5709431853537474
854729,0.9854591623324823
854730,0.032919966813773065
854731,0.9999810898069619
854732,0.999504496151829
854733,0.9999712544620871
854734,0.9994205007427879
854735,0.999926886948798
854736,0.9929201303337916
854737,0.8564932413483333
854738,0.592285957136335
854739,0.9992299784406697
854740,0.005137606530599677
854741,0.4700831611585213
854742,0.9289316270309177
854743,0.026115123744166163
854744,0.5404780500517755
854745,0.9452083675898472
854746,0.5138755303705458
854747,0.9922158177134421
854748,0.8862783428114541
854749,0.9878749692814173
854750,0.971631487636804
854751,0.9674115071940599
854752,0.9843312547426524
854753,0.985995674991309
854754,0.9895276387455434
854755,0.9998850711520578
854756,0.3689474295531773
854757,0.999848480806372
854758,0.930701060473222
854759,0.997041534398514
854760,0.9957741937051883
854761,0.9976312424514386
854762,0.8030533216589866
854763,0.17360638868841657
854764,0.9987744549173161
854765,0.7947757114896874
854766,0.7705575181198273
854767,0.007792914031054416
854768,0.9993029755101654
854769,0.9998986836143978
854770,0.744834573006914
854771,0.9999119558108714
854772,0.998629677790499
854773,0.7061289657273002
854774,0.9998321854065363
854775,0.999466043985028
854776,0.1820174090936746
854777,0.6004950820427348
854778,0.16879803721643521
854779,0.9119153790837318
854780,0.9993852626106456
854781,0.9925727326493106
854782,0.9999192096809448
854783,0.9996608342760044
854784,0.9947162322016879
854785,0.33772062715937445
854786,0.9593273263406256
854787,0.9659510090280764
854788,0.70643713193396
854789,0.9028494785191676
854790,0.4589609460474113
854791,0.9966858103530076
854792,0.004305475583235365
854793,0.9959583683515567
854794,0.09488126860506985
854795,0.6929155356585974
854796,0.14808801409003092
854797,0.9954810439059842
854798,0.9998379345515112
854799,0.7416553270696534
854800,0.005414044889709987
854801,0.9575935468203676
854802,0.9962607800742911
854803,0.999312964693981
854804,0.28531462222485093
854805,0.9991748134935757
854806,0.9888266092685138
854807,0.9999503494174009
854808,0.9998898870426967
854809,0.364001494145965
854810,0.9962397617659255
854811,0.9998263225253903
854812,0.04830792169150562
854813,0.9709840807273281
854814,0.9997148660413232
854815,0.9999591291320411
854816,0.026473834865116484
854817,0.006595043096078355
854818,0.7167472171923424
854819,0.40890605128762525
854820,0.5994574656302164
854821,0.6321941675893361
854822,0.6541532784446937
854823,0.1836988933128582
854824,0.8214156083954225
854825,0.9999395421064596
854826,0.9519533451037452
854827,0.999889625977813
854828,0.9991852445207559
854829,0.06110756721221112
854830,0.42238372197594554
854831,0.445420024385262
854832,0.29266136666988585
854833,0.9361936970572236
854834,0.9982005102873774
854835,0.9998298521996023
854836,0.9998678349276122
854837,0.6548685686437217
854838,0.9998278302065533
854839,0.9999514582049329
854840,0.02084483500229128
854841,0.9529343023056246
854842,0.9999015220947267
854843,0.9996930921575996
854844,0.9997105852413829
854845,0.05033402324954374
854846,0.9107108506882755
854847,0.22757824028040613
854848,0.9456918332846125
854849,0.625573098524397
854850,0.9998837596748736
854851,0.9570290046502092
854852,0.9994925304649596
854853,0.9949341010200974
854854,0.09506471494179965
854855,0.18694008683619012
854856,0.9990679555607693
854857,0.0410136322780369
854858,0.9991727826935
854859,0.7499498377380489
854860,0.9999322282742797
854861,0.9996675058099471
854862,0.18904133928788358
854863,0.9997425745889699
854864,0.5196701772882825
854865,0.9996198164739628
854866,0.405568775627441
854867,0.9996925662316523
854868,0.9996343614683434
854869,0.999718907950223
854870,0.9961165936223677
854871,0.922266840811403
854872,0.9999060855132771
854873,0.39857794657623996
854874,0.3061691432589302
854875,0.058837226933113454
854876,0.7931482733728675
854877,0.9649314788049022
854878,0.2830893714969184
854879,0.7833993771874346
854880,0.9874078923665307
854881,0.12123839828341233
854882,0.03303614254933981
854883,0.2150406195894597
854884,0.9214920355291689
854885,0.7016914606189326
854886,0.9599589107798372
854887,0.9504428529765436
854888,0.627383547403664
854889,0.2824440128342388
854890,0.9997749035112689
854891,0.03556884363424829
854892,0.7640049952760066
854893,0.9429558964400939
854894,0.6755962823630566
854895,0.9975575487929107
854896,0.9117832332657301
854897,0.9990862021245932
854898,0.9970505551127102
854899,0.9988958610870506
854900,0.45090191824543935
854901,0.09881226347847866
854902,0.7707378183280008
854903,0.9936559083508948
854904,0.5475946614074079
854905,0.025574049466798626
854906,0.30528771688616796
854907,0.9874366046367636
854908,0.9998248598794239
854909,0.31442165775216774
854910,0.9974689892823378
854911,0.22299735478815444
854912,0.9987321695147775
854913,0.05224671118905077
854914,0.9998386798165739
854915,0.7952626235393012
854916,0.015863075751404034
854917,0.16627245047040645
854918,0.9985058554929641
854919,0.1456119165609764
854920,0.9994166273160145
854921,0.9985380757407059
854922,0.9998302523196239
854923,0.8216487791852982
854924,0.14260516079908633
854925,0.9954505682902808
854926,0.8791573781614632
854927,0.9809033876965014
854928,0.02833571573130577
854929,0.5123765601377136
854930,0.9915554026584016
854931,0.10099658069797929
854932,0.754883732978175
854933,0.999990757096985
854934,0.323546676068505
854935,0.842494104892041
854936,0.9835632938717941
854937,0.9948691581127003
854938,0.9691386858816785
854939,0.9994255546343718
854940,0.0071668419227878585
854941,0.9999734173448893
854942,0.9998835097542703
854943,0.5026859833785872
854944,0.30682088356010406
854945,0.043252223962690434
854946,0.40621314488121085
854947,0.8777209078377026
854948,0.004268159005744131
854949,0.25823102036311973
854950,0.8905042090951414
854951,0.8378108474883902
854952,0.4849043091522971
854953,0.7846927284941131
854954,0.9562167198756814
854955,0.9977154456657003
854956,0.49716488755208
854957,0.9800008988655367
854958,0.9998752097164051
854959,0.18600926811551882
854960,0.5009081578636781
854961,0.013246803842691456
854962,0.7451939839408495
854963,0.2642971562875824
854964,0.8388142545781418
854965,0.4534662193160527
854966,0.9999769134077576
854967,0.07012709526959406
854968,0.00873398315426435
854969,0.8907702204145517
854970,0.8793864978313726
854971,0.948034235440405
854972,0.9931587079199969
854973,0.7471444129622542
854974,0.6319541893080793
854975,0.6574909122946793
854976,0.2827580756966207
854977,0.9759413870161672
854978,0.9977609830311149
854979,0.9999548658092565
854980,0.14747404909162115
854981,0.9984409828920797
854982,0.9994872625080247
854983,0.9005958732042388
854984,0.9996548389405105
854985,0.03676323052787531
854986,0.9683035604819299
854987,0.11518406087782895
854988,0.3019350498444037
854989,0.3735784173203808
854990,0.9994127153759012
854991,0.9999481367678628
854992,0.9999627421464563
854993,0.6337280391675851
854994,0.9989302085797297
854995,0.953577270985415
854996,0.9654217289431577
854997,0.9963037624498272
854998,0.3633240521760879
854999,0.9999211352237769
855000,0.9204337099060786
855001,0.8812809314285206
855002,0.9996578165375152
855003,0.9962114130439753
855004,0.9994147968389244
855005,0.9296822975957649
855006,0.9999103156507313
855007,0.9987460919911959
855008,0.13031737131401774
855009,0.06990186806424162
855010,0.9560704361626505
855011,0.9999610923880234
855012,0.2031097599932126
855013,0.9948055428921974
855014,0.9982084679604891
855015,0.5853775645625621
855016,0.8362557568413722
855017,0.9993304431097593
855018,0.9948251590892053
855019,0.15756387478573805
855020,0.9836284812921011
855021,0.8394798286477421
855022,0.9889096714378158
855023,0.9971155461386972
855024,0.938130289878052
855025,0.6394523912522591
855026,0.9860356155424342
855027,0.9996115749374133
855028,0.5283371777479257
855029,0.16201611406730862
855030,0.45332630245176325
855031,0.060287134797973194
855032,0.9749341479248115
855033,0.8132230963253616
855034,0.25851981436361005
855035,0.9998380255939215
855036,0.30494032472348986
855037,0.17418255030223678
855038,0.10350939149536736
855039,0.998442636750362
855040,0.9999593727209297
855041,0.4463986508115634
855042,0.6115048162825878
855043,0.4153961394493453
855044,0.12271881462420647
855045,0.5703436408364895
855046,0.9983306813156647
855047,0.46005709178081233
855048,0.9997894840414558
855049,0.22048787289599875
855050,0.5429636245228342
855051,0.9998790692881845
855052,0.9998861067511642
855053,0.5644423884750718
855054,0.015260601061387002
855055,0.9989680561067924
855056,0.9997807366457325
855057,0.9995429093728623
855058,0.19070196422602473
855059,0.8400047303362586
855060,0.013528710244640467
855061,0.9951913191016456
855062,0.9709973762223431
855063,0.950992678668442
855064,0.06375697298589124
855065,0.9954587667145574
855066,0.2652931886097848
855067,0.692984997757147
855068,0.999461246887377
855069,0.982831076948512
855070,0.9986789173834343
855071,0.6959482307596954
855072,0.9994684450256368
855073,0.31205343570576655
855074,0.9195672454805336
855075,0.19448374505379962
855076,0.9998242374443842
855077,0.06742218979176501
855078,0.9434677253053809
855079,0.89477718969561
855080,0.01191296618777158
855081,0.9998003128443717
855082,0.4504747930950125
855083,0.9995101271664529
855084,0.9586166705055621
855085,0.07248019124730884
855086,0.8852549910764913
855087,0.44942058350049613
855088,0.9996319400644371
855089,0.8206726367437109
855090,0.019690566936253085
855091,0.9923587491512805
855092,0.5855210868323646
855093,0.4010704273458403
855094,0.9527947049032361
855095,0.9988030889326623
855096,0.11626411950507676
855097,0.2269140351239344
855098,0.9941495563930788
855099,0.0680538826001182
855100,0.5017073219188651
855101,0.14495698357162315
855102,0.9917803329381207
855103,0.7081251999015847
855104,0.9976466548100572
855105,0.9976847733713057
855106,0.9824421969179403
855107,0.1047619826358589
855108,0.18715900689291992
855109,0.999731714099981
855110,0.9995727090508111
855111,0.9997336109114653
855112,0.8951121356313423
855113,0.856978938177756
855114,0.9102226711974154
855115,0.01586346001717744
855116,0.6524643833489321
855117,0.17171475781316853
855118,0.9994532231397114
855119,0.5311921733121714
855120,0.99989963617954
855121,0.5475398571656457
855122,0.7540675756397837
855123,0.9250904691342143
855124,0.05311398084958531
855125,0.29489080288479913
855126,0.8098734327079493
855127,0.8829593129479333
855128,0.9997658318686782
855129,0.32055531981784735
855130,0.7225385772420233
855131,0.9999616373896052
855132,0.9448970884444252
855133,0.9489625771922618
855134,0.057174049875951594
855135,0.9430336179970968
855136,0.31379678420959867
855137,0.0909579879480008
855138,0.9997841623110268
855139,0.04174038053785932
855140,0.29823967068759877
855141,0.9129883708810855
855142,0.8418988366318639
855143,0.0694523323196919
855144,0.9995809731984651
855145,0.9999554180087667
855146,0.9501522368069578
855147,0.7598739218295141
855148,0.08093235473173609
855149,0.03665777267679543
855150,0.782654555118796
855151,0.442363860482064
855152,0.3397788766197001
855153,0.9986964033170239
855154,0.9923643156551656
855155,0.9998234095092836
855156,0.7464869529878242
855157,0.9982932729476786
855158,0.5561421171067628
855159,0.38067327416577135
855160,0.9938130107863099
855161,0.9987916173517147
855162,0.999794634947357
855163,0.841107779216256
855164,0.7714866533487139
855165,0.9875854656946697
855166,0.9997656206734147
855167,0.9351280234779087
855168,0.9847483641896773
855169,0.01208443603769144
855170,0.1452409303249057
855171,0.18170478100099252
855172,0.47785062239147685
855173,0.5243361338210593
855174,0.9999224258852628
855175,0.9999197292268611
855176,0.09236833904854774
855177,0.9655591717142005
855178,0.999992986526677
855179,0.02869039937149609
855180,0.7272121146304285
855181,0.9502656853675049
855182,0.9774830963793716
855183,0.3242296303058888
855184,0.9773418241946015
855185,0.9999373117070796
855186,0.03410951224821746
855187,0.9990777703923226
855188,0.9955042840394881
855189,0.6991386691841355
855190,0.8013602655025993
855191,0.20725867742166657
855192,0.07826849862854214
855193,0.711923993301367
855194,0.27295321543532813
855195,0.0973712772432484
855196,0.3655887622742221
855197,0.9886301522752826
855198,0.9874794799252853
855199,0.7742070070624917
855200,0.8053148398926431
855201,0.6262644230603518
855202,0.2016609769821477
855203,0.8642675850666075
855204,0.9484233934017063
855205,0.9997577207641678
855206,0.007585601913775077
855207,0.9996725524141744
855208,0.9379002303800006
855209,0.942318968100164
855210,0.8675609185692745
855211,0.9105000510609362
855212,0.9996017438123697
855213,0.7052147713747123
855214,0.027613013009730507
855215,0.01054352313784247
855216,0.9955267532571307
855217,0.037185869899439984
855218,0.9995123992515451
855219,0.9998927436526635
855220,0.9915091360298813
855221,0.700215319960573
855222,0.9924232250828676
855223,0.20785871122791574
855224,0.9999488290767782
855225,0.9926104489237189
855226,0.7102033491892408
855227,0.09879411426965985
855228,0.9963327043032352
855229,0.9799745788120322
855230,0.9954216881876632
855231,0.566716817653452
855232,0.9449697884127037
855233,0.9830430840086393
855234,0.5781917677422077
855235,0.9419324933689749
855236,0.9188491524908472
855237,0.9918709414705139
855238,0.32764161949457066
855239,0.8687155078745471
855240,0.5038576772967926
855241,0.7069343189323019
855242,0.12844574933581995
855243,0.021928309045674978
855244,0.9978490281154541
855245,0.9841360987531442
855246,0.19584870843624175
855247,0.9998531639890197
855248,0.006624628397760042
855249,0.9865195536416843
855250,0.9968663136791487
855251,0.8453699813939404
855252,0.4071568581651381
855253,0.9956352314359346
855254,0.9999321228518612
855255,0.9999686549964751
855256,0.9995282643355288
855257,0.050293869950898754
855258,0.9943024381002232
855259,0.9405779305778563
855260,0.964754971010475
855261,0.9997524258232537
855262,0.7360372488628474
855263,0.9915684509357766
855264,0.9996833052801056
855265,0.9999402895602776
855266,0.5513962008084167
855267,0.9876794430232946
855268,0.4770678536098935
855269,0.8243609389843809
855270,0.9998769742018284
855271,0.7832956230891458
855272,0.9996343524908524
855273,0.999982604132643
855274,0.9967337413321711
855275,0.6448154668749145
855276,0.9997887366752449
855277,0.02438620784685407
855278,0.9969515679379386
855279,0.9975408458731297
855280,0.9579588287612639
855281,0.11980457066205491
855282,0.2239244668823071
855283,0.9207083459174839
855284,0.28637797267523796
855285,0.9992071669679897
855286,0.07850667822425006
855287,0.5531062779740203
855288,0.9999627420957257
855289,0.9588270101760814
855290,0.9790080859800809
855291,0.9996143628761066
855292,0.6377444481538338
855293,0.575809325619178
855294,0.9487684225705187
855295,0.8881716557468617
855296,0.08770813947066386
855297,0.25462542876125543
855298,0.17050499339497294
855299,0.96081128992157
855300,0.7115693445649902
855301,0.9244786456045331
855302,0.9994497705863301
855303,0.5065955975270413
855304,0.9998591603762172
855305,0.43541508735161244
855306,0.25094784069897724
855307,0.18530927626127902
855308,0.9995116748393458
855309,0.9630762605361238
855310,0.9862836922321048
855311,0.9990768055869991
855312,0.9977190869461513
855313,0.9999721213014967
855314,0.991046265706647
855315,0.9993164783387876
855316,0.9999666766470485
855317,0.3821123731994962
855318,0.9933788874095258
855319,0.7903968161664335
855320,0.7010933268435471
855321,0.7633140593703085
855322,0.14865781747495282
855323,0.5185976332357647
855324,0.23800122199515542
855325,0.8439175745946277
855326,0.8729030689662622
855327,0.10860180239188046
855328,0.9993209957400201
855329,0.9852874881403659
855330,0.6572404586452054
855331,0.4019087246381451
855332,0.9581639908269934
855333,0.8138454521809262
855334,0.9044789191305724
855335,0.5703089699301092
855336,0.990816977408201
855337,0.5665130531528605
855338,0.9992203160283171
855339,0.9756584960604741
855340,0.9996757958701716
855341,0.9657998500763627
855342,0.9745398686030522
855343,0.9997675234225415
855344,0.7565581817191501
855345,0.9995410292325945
855346,0.9712469586576433
855347,0.3764682298908818
855348,0.6686046389906941
855349,0.9996309016820277
855350,0.3389991372376931
855351,0.012603730810954991
855352,0.909866221162795
855353,0.40447985844761464
855354,0.12513903615746944
855355,0.07618948010308621
855356,0.7028491228676882
855357,0.99869884876485
855358,0.5143477917658751
855359,0.9614449259479312
855360,0.9999300801541553
855361,0.8293063895459108
855362,0.9999560075626495
855363,0.9605612863043178
855364,0.2084221801760959
855365,0.9688746755982292
855366,0.9995113745729645
855367,0.46414549090363433
855368,0.6119519905654162
855369,0.9995063791501355
855370,0.9987572184307913
855371,0.8195177375462803
855372,0.9457930374358858
855373,0.4597742518559836
855374,0.9997713495936352
855375,0.44493849641560296
855376,0.8931695897816571
855377,0.968777988630563
855378,0.4788146770306091
855379,0.9708727596916604
855380,0.6808647896729977
855381,0.9336676784033895
855382,0.7129448755775265
855383,0.9222638628377835
855384,0.9997428110890308
855385,0.04177470877193592
855386,0.15049531676540417
855387,0.11398630299339439
855388,0.5812388496783465
855389,0.9926402190572928
855390,0.9996184633372318
855391,0.9998048847586388
855392,0.9962993570022632
855393,0.085431656935307
855394,0.12802205575573103
855395,0.853867606123255
855396,0.04154731286090589
855397,0.9997134190604192
855398,0.9888481501340326
855399,0.9996828874611641
855400,0.9849257037408342
855401,0.9885784797872463
855402,0.9953841383831546
855403,0.9998369769757374
855404,0.21570903366203034
855405,0.9997653513618494
855406,0.9998766582706626
855407,0.9974207378500788
855408,0.9961448007988611
855409,0.04756520071189094
855410,0.010237462868830167
855411,0.9997328317533851
855412,0.9958179240364253
855413,0.07945681865327914
855414,0.9315734899125225
855415,0.8681916614402354
855416,0.18621488994535312
855417,0.08760069031961976
855418,0.09760662974570972
855419,0.9900271758500069
855420,0.8995703658041003
855421,0.9986704389773563
855422,0.6739531746383645
855423,0.7276131003720232
855424,0.9972452412391085
855425,0.10554105216742196
855426,0.9348213847979681
855427,0.8183686191828436
855428,0.9999491323102973
855429,0.9999879042245807
855430,0.35246536125088634
855431,0.19114206699377245
855432,0.514750463480723
855433,0.5521276313509254
855434,0.9994831146908356
855435,0.07204492659428409
855436,0.9998542696305768
855437,0.9963124257209389
855438,0.5733162624205967
855439,0.99176717243336
855440,0.10668715507841767
855441,0.9025144172558974
855442,0.7900911147952474
855443,0.9996192391492709
855444,0.9791733151971262
855445,0.9727339177872291
855446,0.9960750675985918
855447,0.34746981054675075
855448,0.9999856839583744
855449,0.47747765609802917
855450,0.9999149953389763
855451,0.148062216243801
855452,0.8933893930161236
855453,0.037842201088136324
855454,0.9999158049653034
855455,0.15025730874512
855456,0.08307239636884295
855457,0.367897034855297
855458,0.999667703955174
855459,0.3778942967564959
855460,0.02737507321587307
855461,0.07412769677838356
855462,0.7511086087701735
855463,0.9932387991310361
855464,0.9998834994112173
855465,0.9999740849765151
855466,0.9821232387043817
855467,0.8417192885256621
855468,0.9999871654145549
855469,0.6548952742012613
855470,0.02652278795234809
855471,0.6655690164571464
855472,0.5950778251953949
855473,0.9712644887169999
855474,0.9537386241633219
855475,0.9703237819074503
855476,0.21997440848659938
855477,0.3267070458161168
855478,0.5260811529760205
855479,0.030888091391971406
855480,0.794966306350652
855481,0.5096104172594221
855482,0.09783395541583786
855483,0.009459171067197498
855484,0.9994186834965935
855485,0.467616437875512
855486,0.7296577368456245
855487,0.9982720863429597
855488,0.023987210179823984
855489,0.9998985873166617
855490,0.9994390763500931
855491,0.9999127705983444
855492,0.8126494783048379
855493,0.7960567751814973
855494,0.999501156826061
855495,0.5411816296250656
855496,0.9999429711334433
855497,0.10468313896849682
855498,0.15100104158904087
855499,0.025196183044775226
855500,0.7859430149976137
855501,0.03809371235501123
855502,0.909472357240318
855503,0.9955593993735412
855504,0.9732114260100296
855505,0.9999822610223552
855506,0.13991699798316337
855507,0.9999879417293882
855508,0.9850871630772086
855509,0.6897627793789477
855510,0.6179663155282712
855511,0.9999177021676404
855512,0.45476576408705816
855513,0.975160947376062
855514,0.9964476000731419
855515,0.9369105091198067
855516,0.3896002205089422
855517,0.8715438198360868
855518,0.9968374309506924
855519,0.9990929316296285
855520,0.9999487189100003
855521,0.9995956308637161
855522,0.5893357415774522
855523,0.9506838036649471
855524,0.9343858469767174
855525,0.9997322307008185
855526,0.8899899046626918
855527,0.3965906497051718
855528,0.5321996389394447
855529,0.999978898268357
855530,0.41300433846542955
855531,0.039005836116251774
855532,0.9369811595242588
855533,0.1855069496053744
855534,0.9996234308264735
855535,0.9952556145005682
855536,0.14196211899802652
855537,0.19330284479865933
855538,0.9998054543057051
855539,0.03742512825296186
855540,0.4088682218301103
855541,0.9909795031055892
855542,0.7230078737393489
855543,0.040863068678916564
855544,0.993539376173218
855545,0.9998311514845346
855546,0.913460691833173
855547,0.9996951864408344
855548,0.9966219699210812
855549,0.917951351895711
855550,0.714208091851306
855551,0.9950386335052653
855552,0.999153510624629
855553,0.9994962806900691
855554,0.844061776640301
855555,0.4965735681166246
855556,0.9998828476094426
855557,0.9997341510379713
855558,0.1256099021104597
855559,0.9695384593338442
855560,0.9828743987052917
855561,0.5287358711370406
855562,0.9240280752537464
855563,0.08580288986554258
855564,0.9957154414683522
855565,0.051673087241945886
855566,0.6496933446737612
855567,0.6338306137047562
855568,0.9997446229193963
855569,0.9514562531650277
855570,0.976075152391754
855571,0.9999839219002722
855572,0.13925006981509105
855573,0.7212942231499861
855574,0.6722392487238421
855575,0.04747632143121855
855576,0.6985956099581342
855577,0.9986778811226128
855578,0.07586409529863286
855579,0.9750805072262341
855580,0.9979739925570474
855581,0.9998181323573627
855582,0.017196856014575528
855583,0.8829340256639191
855584,0.20868495068448278
855585,0.09813164190678011
855586,0.9897063894097936
855587,0.9921432009015843
855588,0.9998791270588354
855589,0.9984217575586136
855590,0.9723575445647651
855591,0.34070321764569217
855592,0.8920146779799079
855593,0.8643211176764038
855594,0.969192218196435
855595,0.8534940191028133
855596,0.9638117503911376
855597,0.6498991624431383
855598,0.9993876421867594
855599,0.6837828681671747
855600,0.7343920969815181
855601,0.1314809693996782
855602,0.22953542234572438
855603,0.9964671395209881
855604,0.9998292944925364
855605,0.01630719872694948
855606,0.9762387737430327
855607,0.9999033912654094
855608,0.5092048118452234
855609,0.8754178617558287
855610,0.9161027757177092
855611,0.3950085932992784
855612,0.8576227241109712
855613,0.009475663833538983
855614,0.9867505092688793
855615,0.9452673261370536
855616,0.7956866904340023
855617,0.9998570764633721
855618,0.9849472051005304
855619,0.6202422460324531
855620,0.9541090979232196
855621,0.4680695602042275
855622,0.9933794339151256
855623,0.9057507507257214
855624,0.9768925927170578
855625,0.810292182296892
855626,0.8988725885441637
855627,0.9844467782189731
855628,0.7478057473203596
855629,0.792100978952053
855630,0.9996807950029638
855631,0.9708347880576038
855632,0.9989989183346972
855633,0.012649506138888537
855634,0.9999424237147767
855635,0.33681209484893015
855636,0.6540662059916781
855637,0.9994952950173659
855638,0.8295762618264728
855639,0.3721478074650679
855640,0.018341012062817106
855641,0.8671720183337389
855642,0.20358530562279353
855643,0.9997574112947964
855644,0.9999675263029004
855645,0.8411517280471728
855646,0.9991914754962523
855647,0.9717725683353067
855648,0.997773010049636
855649,0.99994221418483
855650,0.2041018118840338
855651,0.997895083714488
855652,0.9999492387190326
855653,0.9981215665150479
855654,0.03619218313017164
855655,0.2952032510475036
855656,0.4139259361928333
855657,0.025993247449742095
855658,0.9985979137445871
855659,0.9992836683412261
855660,0.9997047044804632
855661,0.9994970791142622
855662,0.9999136514090616
855663,0.15234165733694596
855664,0.7297730402413902
855665,0.9479301273385007
855666,0.84806154879535
855667,0.028917307172929233
855668,0.8735567607460636
855669,0.38448447039413536
855670,0.9931208803797549
855671,0.7597170893169614
855672,0.9998502564291009
855673,0.041645737748949176
855674,0.9925881088372759
855675,0.9998363450864088
855676,0.8717166029678115
855677,0.9996354634237512
855678,0.911293168833913
855679,0.11943161224862778
855680,0.6110144645321107
855681,0.9999790715291108
855682,0.9997465854543022
855683,0.7765862457215382
855684,0.015498508555104457
855685,0.3528333542937807
855686,0.9994631611963778
855687,0.3191359845007728
855688,0.9982646962383646
855689,0.4787954969297014
855690,0.5321433264669654
855691,0.9918310609292956
855692,0.103032950134702
855693,0.9997584872452511
855694,0.8919066129366031
855695,0.9984964577452523
855696,0.551462346841371
855697,0.38649160239176705
855698,0.19237267960365095
855699,0.9997309574630318
855700,0.3684379432010682
855701,0.06580698294341199
855702,0.9919180622315431
855703,0.7454971388092577
855704,0.9998813484938964
855705,0.9989609071470344
855706,0.6356098365335221
855707,0.999971909204912
855708,0.26569230840306846
855709,0.999907167611187
855710,0.06562214845478986
855711,0.01970161963065161
855712,0.9998025678111723
855713,0.9997984892824066
855714,0.037802927662868475
855715,0.8449614172085378
855716,0.07213304437961154
855717,0.6867990735551663
855718,0.7356163416445651
855719,0.9994033020610462
855720,0.6646755859876513
855721,0.2507179528423248
855722,0.8560057816520282
855723,0.9688432677416088
855724,0.9999890929720923
855725,0.5504653015010356
855726,0.9994478832760745
855727,0.008915242254167626
855728,0.5340397865390436
855729,0.9985568017309444
855730,0.9995675730856343
855731,0.9979233318266074
855732,0.9765926752980834
855733,0.9994216082605172
855734,0.9992155791424736
855735,0.20115241603714978
855736,0.6833260966701786
855737,0.9960688022066111
855738,0.9933595207163125
855739,0.9998306112207476
855740,0.6118000625299461
855741,0.09353600373846765
855742,0.0172329477071796
855743,0.9997364171276766
855744,0.6412670541246133
855745,0.9999946416644923
855746,0.9927062682619547
855747,0.9976836498911714
855748,0.3562867102380776
855749,0.9993534039468127
855750,0.9969891565637812
855751,0.8787640912362987
855752,0.00826497704489264
855753,0.999922280215226
855754,0.9991353142535289
855755,0.5684615729147254
855756,0.9898165283082675
855757,0.12175965724200716
855758,0.040710233508551824
855759,0.07439445641783833
855760,0.999958384918077
855761,0.010976834358827616
855762,0.9999459971482907
855763,0.17506148719992318
855764,0.9841889367602008
855765,0.8335049446317482
855766,0.6487273475449471
855767,0.14983782603521847
855768,0.944382209575557
855769,0.05854809840579904
855770,0.014179177247721577
855771,0.9638295970193502
855772,0.43420902060053845
855773,0.012100529929739217
855774,0.006313084924535761
855775,0.9997390283330503
855776,0.9998567659717357
855777,0.005051229446113618
855778,0.998319749078177
855779,0.9993148191365309
855780,0.5640683626270904
855781,0.27371556332360586
855782,0.9999940983065246
855783,0.9997756461807075
855784,0.43268640023503835
855785,0.9938022069640814
855786,0.9994845478159082
855787,0.8504520649423246
855788,0.19275817011305998
855789,0.32386837689354553
855790,0.5777146851432875
855791,0.9905732403207117
855792,0.9773480162028533
855793,0.101531908591074
855794,0.007838925356079898
855795,0.8916143096755118
855796,0.379067215485533
855797,0.9999832671092239
855798,0.9978247238989238
855799,0.9915631045009285
855800,0.33772927597501556
855801,0.999871186930225
855802,0.9999843611780704
855803,0.9988146027909595
855804,0.187331241725879
855805,0.2046400529386565
855806,0.0628608719159733
855807,0.996649343509689
855808,0.9906250748747447
855809,0.9536954375254564
855810,0.507326217532255
855811,0.9999091662102026
855812,0.999759328459824
855813,0.9928601735082754
855814,0.9997996466205267
855815,0.002793173925688031
855816,0.9923688955352497
855817,0.7336378136280708
855818,0.8897582557904247
855819,0.9997847391107615
855820,0.1477030237572008
855821,0.4822045038209599
855822,0.7717589075862707
855823,0.9914196571639748
855824,0.048591756543489115
855825,0.9999906279676558
855826,0.8685422351717462
855827,0.9999778320030033
855828,0.9962150713090544
855829,0.9955535528606224
855830,0.020432363560479127
855831,0.9990961331803002
855832,0.04139751486806982
855833,0.9641645303039466
855834,0.9963009778753578
855835,0.9964696282711968
855836,0.6935743379504744
855837,0.9998226262721083
855838,0.11120705193448552
855839,0.9998010216022368
855840,0.9996354432165873
855841,0.9999891711115414
855842,0.9599320713104169
855843,0.9967616633746184
855844,0.999755769783272
855845,0.9997928750307351
855846,0.8298393975300886
855847,0.9895706339229253
855848,0.999716094961902
855849,0.952319055727912
855850,0.12609096824817886
855851,0.9998542899836234
855852,0.9878427973627547
855853,0.029092911585166314
855854,0.6938272126034506
855855,0.9995233493236148
855856,0.00992586364724083
855857,0.9999832987737006
855858,0.9984632202719312
855859,0.9698959832772971
855860,0.2905789532019017
855861,0.9942217365893604
855862,0.05149364280271602
855863,0.9980412533464874
855864,0.3965037136113566
855865,0.7090991554414587
855866,0.9998372233904498
855867,0.9997095459735001
855868,0.953050374878021
855869,0.23568449516216017
855870,0.42773389848287163
855871,0.9010086665363737
855872,0.04244980327951207
855873,0.9182628646825762
855874,0.09442048604389153
855875,0.9948073549342307
855876,0.9994849415032367
855877,0.9468316494561504
855878,0.9972666683483951
855879,0.5969714543744851
855880,0.48446805357920597
855881,0.9498331489759154
855882,0.8092084139064513
855883,0.8807231396070164
855884,0.9999492094295035
855885,0.9999701541323096
855886,0.9496761383183838
855887,0.18228150001572305
855888,0.9998475194875268
855889,0.09404251433462031
855890,0.6607845292867327
855891,0.5282824260330654
855892,0.8759586479718445
855893,0.9437408512469341
855894,0.01587382973692939
855895,0.23189344732414924
855896,0.2483563526307394
855897,0.2282689886794182
855898,0.8345839047713447
855899,0.9988783933508063
855900,0.6934483606939256
855901,0.03222753089246967
855902,0.9997222674662277
855903,0.7685898087315484
855904,0.9837936389243201
855905,0.7934303382342872
855906,0.7777997604383018
855907,0.9194457531842067
855908,0.7449753949939687
855909,0.9998091142757131
855910,0.9993054653678968
855911,0.9965084064012766
855912,0.2270305169819664
855913,0.6525743195987703
855914,0.9044941600710772
855915,0.9993906696157668
855916,0.9994253659025086
855917,0.9967784755166786
855918,0.9358907848446656
855919,0.999829193539363
855920,0.020864322510063107
855921,0.9969225980290005
855922,0.9991955695707939
855923,0.18962703886948468
855924,0.9993140150273676
855925,0.9951990042150649
855926,0.9412887504730802
855927,0.9999120106747268
855928,0.9998228233482187
855929,0.999935578039805
855930,0.9565232565491621
855931,0.0167241137563875
855932,0.7761876550973638
855933,0.9998720131508056
855934,0.9897248498281103
855935,0.9994969965355396
855936,0.9995261285167526
855937,0.9966376848689664
855938,0.6412636826041359
855939,0.7606926370602827
855940,0.7919003638021589
855941,0.9998697155258955
855942,0.1277561643952854
855943,0.05425916922789055
855944,0.9990779360124025
855945,0.9998080959691908
855946,0.9903103715722963
855947,0.9725336278574568
855948,0.012692419616984635
855949,0.7381351159741472
855950,0.9999859602366437
855951,0.9902249527228137
855952,0.03743094796117239
855953,0.9992141430161575
855954,0.594470177415088
855955,0.5699272262324375
855956,0.9930089821878063
855957,0.6504207547136378
855958,0.1032707617641275
855959,0.19356038323209585
855960,0.9985874001199856
855961,0.5015726190090487
855962,0.9679780158468427
855963,0.7993459342994422
855964,0.004401727154751671
855965,0.9995299259322546
855966,0.999814922230647
855967,0.9962180703567703
855968,0.6451151663619198
855969,0.729853126941125
855970,0.9998531004099798
855971,0.9048539742153516
855972,0.9996967202674154
855973,0.18239699425088024
855974,0.9978306877073659
855975,0.08043997460087797
855976,0.8603311075505395
855977,0.759844121757128
855978,0.999787776250993
855979,0.007327780394683452
855980,0.9999308774678414
855981,0.012203842177915114
855982,0.997606607138019
855983,0.9955200736763401
855984,0.9779862241157501
855985,0.7202878451386212
855986,0.9308882244892165
855987,0.42653745120726855
855988,0.9931506827230605
855989,0.6661636010665355
855990,0.9999394105084338
855991,0.8514309723275224
855992,0.8081186133608165
855993,0.9999154977910661
855994,0.014140594255274908
855995,0.014703206253675185
855996,0.8966831889133179
855997,0.6051347499739246
855998,0.999817259870015
855999,0.9988948782294446
856000,0.9997197682235164
856001,0.997679661015589
856002,0.1643718210499006
856003,0.024743230125239504
856004,0.01153909878035345
856005,0.9994581161952087
856006,0.0615835908435296
856007,0.056996079594559865
856008,0.9854127094899976
856009,0.11311688120777359
856010,0.6577056499661121
856011,0.9753472711602715
856012,0.707281648913451
856013,0.023317947829655124
856014,0.9952871009090517
856015,0.21656933200353576
856016,0.9995206390502465
856017,0.4213907366713251
856018,0.7473717950256188
856019,0.9926193126170274
856020,0.9993168778282904
856021,0.999635194523728
856022,0.008812531968907076
856023,0.9955936515843649
856024,0.9942680287836796
856025,0.7488397912235212
856026,0.9771292330845978
856027,0.10343029284421504
856028,0.9428818772975294
856029,0.008111106689254449
856030,0.9994036076811048
856031,0.9903706297880033
856032,0.9870613122405847
856033,0.8667937482401138
856034,0.9998179189324486
856035,0.11063126166314413
856036,0.5243435802812086
856037,0.9989161284757131
856038,0.34642681509072687
856039,0.9965203351281616
856040,0.9124818634706535
856041,0.9998404214294961
856042,0.999880413457351
856043,0.9951258383589546
856044,0.12804261598255912
856045,0.9796196573818806
856046,0.8334730448174454
856047,0.9809817673621317
856048,0.9977038779792652
856049,0.7095734699465425
856050,0.5181425369796888
856051,0.9999705014112559
856052,0.9493630981516084
856053,0.662528910372258
856054,0.9999270839465407
856055,0.9998875342968309
856056,0.9982250573019661
856057,0.034135248204499216
856058,0.9991613799343069
856059,0.9999406520908225
856060,0.5442552998248493
856061,0.23330334728368007
856062,0.9997342480303512
856063,0.9968949790900865
856064,0.9995190990928264
856065,0.9986049138886071
856066,0.9986641929047367
856067,0.7324038438106728
856068,0.07187414688421798
856069,0.04091409023369328
856070,0.9554159702597904
856071,0.957276135438269
856072,0.8524736125581339
856073,0.21860436983930903
856074,0.9805821873574128
856075,0.8709258389991136
856076,0.9973035133351598
856077,0.5323553902143611
856078,0.996532387482193
856079,0.5876545542906494
856080,0.014906775128924646
856081,0.8841522472958337
856082,0.09390699362115726
856083,0.7327607678134391
856084,0.645294758557352
856085,0.9998364973680536
856086,0.8792549881108235
856087,0.9708872611171788
856088,0.5354558896190661
856089,0.9855627121155139
856090,0.9926481568727646
856091,0.999982024908666
856092,0.9997685018492932
856093,0.9996980415346889
856094,0.9999067684060878
856095,0.9905097298657022
856096,0.8724592153937053
856097,0.8016523328795921
856098,0.21322155881529548
856099,0.028725411836437946
856100,0.9969670907605669
856101,0.042811587416327804
856102,0.9915192499708727
856103,0.029514368294493852
856104,0.9959055497184904
856105,0.9995701623368969
856106,0.9998399269003158
856107,0.6225455353688638
856108,0.9767324182589936
856109,0.9924790885510326
856110,0.14932891583083097
856111,0.7463361364494057
856112,0.9621471672265351
856113,0.05277133786773794
856114,0.9477586889752845
856115,0.9998636455728382
856116,0.9929762634243784
856117,0.9960511778832256
856118,0.9994220049707009
856119,0.2310724549908355
856120,0.75922068889523
856121,0.9988677214066204
856122,0.9857226898319715
856123,0.9999542191688073
856124,0.7863190805885306
856125,0.9989614794520884
856126,0.998812451468883
856127,0.9916233530494212
856128,0.7691516935774235
856129,0.9998198595177757
856130,0.4352187085782474
856131,0.4490504844815203
856132,0.018191008778398812
856133,0.5512505506634536
856134,0.946358829224625
856135,0.07176998864345692
856136,0.8035928628496032
856137,0.8718920274589441
856138,0.09910334340265181
856139,0.81103301812096
856140,0.749875138613153
856141,0.9841436810469262
856142,0.6318811460960192
856143,0.9999784438966354
856144,0.9946059614708996
856145,0.7413143164549791
856146,0.9998654357706515
856147,0.9998251627147998
856148,0.5410216775760249
856149,0.5130898713982844
856150,0.04487885178069775
856151,0.9987194170728321
856152,0.9950015629267064
856153,0.9669623605455413
856154,0.6492222856194086
856155,0.09194315584051259
856156,0.9162119261452188
856157,0.9794571327002324
856158,0.8578685078633861
856159,0.9978231632485701
856160,0.8338162888501094
856161,0.08097666333953689
856162,0.08905387415889272
856163,0.8905211782645809
856164,0.1930447771570315
856165,0.05357743794326071
856166,0.9988068777224465
856167,0.999963912084382
856168,0.47400347104393964
856169,0.9991793773261191
856170,0.3313729697070852
856171,0.9998066834654284
856172,0.9959798707477503
856173,0.9866365810459813
856174,0.014693206703314591
856175,0.026032154524683715
856176,0.9952436238201242
856177,0.05967680674430362
856178,0.9998364691649801
856179,0.8414044235312617
856180,0.9708709082053042
856181,0.07489925079366315
856182,0.8409714368304002
856183,0.982469843180396
856184,0.013690291807871544
856185,0.9882388218231019
856186,0.6497804140419339
856187,0.9981665064223401
856188,0.8323401423977163
856189,0.007775993445800356
856190,0.455388975528059
856191,0.011941016445001156
856192,0.9894382861833931
856193,0.027071331755753325
856194,0.7934667735812421
856195,0.0055359500212156
856196,0.9993388680875808
856197,0.9978166586301894
856198,0.8968549956361386
856199,0.99734857770808
856200,0.9997208036557123
856201,0.9995780338550652
856202,0.9617100781160419
856203,0.9999803840640049
856204,0.9991154604682215
856205,0.8516474839615064
856206,0.9633023593467585
856207,0.40820283489596954
856208,0.016155037833819667
856209,0.4685843323305585
856210,0.028751001742956438
856211,0.9535697560424607
856212,0.7268253666386679
856213,0.9700541964882642
856214,0.5503841012457089
856215,0.617585293132964
856216,0.9998755548632697
856217,0.9988943957048217
856218,0.5368592176090993
856219,0.32109362185050205
856220,0.023571377419558698
856221,0.03163827762644314
856222,0.8944899226513836
856223,0.7950875311185497
856224,0.17352341678168012
856225,0.19661831687052828
856226,0.18015003446294323
856227,0.02751755908708739
856228,0.03710400284002537
856229,0.9997896155873188
856230,0.9996201154720125
856231,0.9984539604384872
856232,0.08261872508943591
856233,0.9828742411065621
856234,0.9993949123074108
856235,0.6203181382706182
856236,0.8699913815710396
856237,0.9998107823434887
856238,0.9984891185751246
856239,0.9998433234115306
856240,0.9998643025385652
856241,0.8497819112909163
856242,0.9998934926775267
856243,0.09014813820847055
856244,0.7728705018898387
856245,0.7309907627953655
856246,0.4184559202481917
856247,0.7641039973001402
856248,0.9999835374079289
856249,0.9887447095688474
856250,0.4968167036176734
856251,0.8886737782130516
856252,0.9017521475328577
856253,0.6449769680092304
856254,0.8314905424205654
856255,0.7634980953639181
856256,0.965779864130421
856257,0.9307304353113999
856258,0.13845191619794467
856259,0.8498894569077087
856260,0.954669144285643
856261,0.09030841478167392
856262,0.6960643371256277
856263,0.9999636405628576
856264,0.9995516682707368
856265,0.9648360599429288
856266,0.9998702298619937
856267,0.9068817521968687
856268,0.9463158356772179
856269,0.024071396091159016
856270,0.8189713635155395
856271,0.029565849329164937
856272,0.9975570916663293
856273,0.9779950129014587
856274,0.6612864994751113
856275,0.395286071950961
856276,0.1013517301719348
856277,0.999942817905881
856278,0.9999515277165347
856279,0.98713237192871
856280,0.2018247739561995
856281,0.9982924401738962
856282,0.342064898984341
856283,0.9379507282309805
856284,0.5143068059587611
856285,0.9980898511415462
856286,0.17071289398627287
856287,0.15590958067216595
856288,0.2356068234572593
856289,0.02384661631834146
856290,0.9941832977419028
856291,0.9972081266365808
856292,0.9995495670020837
856293,0.9676331427154524
856294,0.06148829418988319
856295,0.9997635628378589
856296,0.9916621546520709
856297,0.9998878608086191
856298,0.5371302963569493
856299,0.9431081233046754
856300,0.9996684980970402
856301,0.9988612044661384
856302,0.9993901187534091
856303,0.9999269793174335
856304,0.8642626913834168
856305,0.016955349778018654
856306,0.12861662517761022
856307,0.6181607529558782
856308,0.998489386361371
856309,0.9999839487333397
856310,0.25297024404700874
856311,0.9995306601476569
856312,0.789015948581516
856313,0.9492696573323768
856314,0.10694611153794786
856315,0.19446899257324582
856316,0.2243696467332708
856317,0.38320808688059715
856318,0.9892703389733515
856319,0.9281728443801059
856320,0.9901510817951295
856321,0.9908923800075127
856322,0.9996663521467101
856323,0.10524478381330771
856324,0.991942642596699
856325,0.025684931722477218
856326,0.18672279386674004
856327,0.9869636173588859
856328,0.2924488987233835
856329,0.9763364225791955
856330,0.9977139306042145
856331,0.7077211082519506
856332,0.9998998138328377
856333,0.993674077308672
856334,0.04771096026468359
856335,0.04093799956734648
856336,0.9460575914748144
856337,0.06952623146147077
856338,0.8728282849374489
856339,0.0547091392763043
856340,0.773761592803173
856341,0.8880242120033476
856342,0.9987387169615947
856343,0.004040751621174
856344,0.8586962924441106
856345,0.11765796410296267
856346,0.7307832180962344
856347,0.011810681907333583
856348,0.9999511840471785
856349,0.8367698013485675
856350,0.9996537514594775
856351,0.36229729048440573
856352,0.8032576441976409
856353,0.9999353617585913
856354,0.6157190035726723
856355,0.9974089145807605
856356,0.9998725804348267
856357,0.03371403815523463
856358,0.1515933646786795
856359,0.010997007784666269
856360,0.7748987349175893
856361,0.9979641799096461
856362,0.9998751960424499
856363,0.06291176515502324
856364,0.46765649090533545
856365,0.9648363286737045
856366,0.19640591431848847
856367,0.9974924369239806
856368,0.9665731247580227
856369,0.9996544569141033
856370,0.8800205278649403
856371,0.7608286613919115
856372,0.4752232686413794
856373,0.6691512209449823
856374,0.999803596538142
856375,0.9964137797495378
856376,0.15535751283354926
856377,0.9948816120093172
856378,0.7634494923714412
856379,0.9821797552028773
856380,0.7572529505408696
856381,0.0036237474035240805
856382,0.029168373594013898
856383,0.09772236604180537
856384,0.9981837596706948
856385,0.34980976068582104
856386,0.999981729936485
856387,0.9997703921152854
856388,0.9998646346264919
856389,0.9953527361535573
856390,0.9995665573480671
856391,0.38816053212051166
856392,0.9143878207348672
856393,0.9986483157036237
856394,0.024178498592769583
856395,0.9965363166099694
856396,0.5530466260701342
856397,0.15758462682279084
856398,0.893109031477619
856399,0.6715082045073673
856400,0.5843095114284487
856401,0.4515264537098388
856402,0.9997701166080828
856403,0.11598087846991778
856404,0.004813569199075778
856405,0.9999736631689083
856406,0.9998781628685667
856407,0.9702474175272533
856408,0.9997066064624958
856409,0.9304184224207799
856410,0.9995277090983854
856411,0.999975846023925
856412,0.9957592069986139
856413,0.08625302897608733
856414,0.80967899818139
856415,0.3737328548182885
856416,0.9985535352695061
856417,0.3062049518510961
856418,0.10893135436818122
856419,0.8228205422173087
856420,0.9775437909610674
856421,0.9936098729922545
856422,0.5461791406749477
856423,0.7605841020668249
856424,0.9994924600654822
856425,0.4549909457074333
856426,0.46756693471263244
856427,0.9997720938301244
856428,0.9947169411428489
856429,0.8242804438194784
856430,0.03966361434425301
856431,0.9984910585282203
856432,0.9979810718257975
856433,0.9150061555457618
856434,0.05011909968691844
856435,0.37995405942119637
856436,0.0710418176523772
856437,0.24335886529496314
856438,0.17612489100121578
856439,0.42272914269805395
856440,0.35511183010967007
856441,0.866573420703526
856442,0.935773713516507
856443,0.9982319668502719
856444,0.999718219013777
856445,0.9998022171581427
856446,0.3985904460485832
856447,0.9998822772323868
856448,0.03241696154690758
856449,0.02567266750198326
856450,0.01665754990152266
856451,0.9461435955102839
856452,0.9997235563570196
856453,0.9990426557571785
856454,0.12020476065870592
856455,0.07507538972098517
856456,0.999324827348181
856457,0.9998680269113698
856458,0.0804636492346925
856459,0.9973698034905423
856460,0.9969850298322331
856461,0.5401472762359701
856462,0.8330618575383457
856463,0.6560942995816532
856464,0.31230988540484356
856465,0.9978736718030663
856466,0.9991313685666585
856467,0.9923164092652798
856468,0.9998026560586772
856469,0.9306743966539506
856470,0.9998925202367177
856471,0.9999909077489477
856472,0.3627659094178981
856473,0.6869948641110953
856474,0.9999134968607803
856475,0.03253602602162188
856476,0.9986391960406664
856477,0.0308848412741983
856478,0.999985211015537
856479,0.9614035408744482
856480,0.2599190676120791
856481,0.9960085801856665
856482,0.5310142150257202
856483,0.9332108106365729
856484,0.9735824910480455
856485,0.9011156187788322
856486,0.9877253947259377
856487,0.7474029886096583
856488,0.999943410028293
856489,0.9887850884870474
856490,0.9998421384900802
856491,0.9995865178621602
856492,0.5532358603089159
856493,0.7132087103800422
856494,0.9997454459489994
856495,0.7309428125489754
856496,0.8156641346860802
856497,0.08006525175788243
856498,0.9946701020348125
856499,0.9998464941948283
856500,0.9904029904939055
856501,0.7299000715297286
856502,0.6867482171561674
856503,0.21921755117484604
856504,0.988156988726965
856505,0.8692543364070268
856506,0.06838671490291998
856507,0.0670811104150056
856508,0.9999930363132277
856509,0.9999047126355286
856510,0.9969054249440754
856511,0.13946928329572114
856512,0.29892553935360594
856513,0.8978561439881985
856514,0.9995856135875143
856515,0.04775049640584325
856516,0.8826121201207304
856517,0.9991180160224729
856518,0.12199158273566327
856519,0.9999317360047943
856520,0.39732970270387646
856521,0.9998484155717586
856522,0.9860217784323708
856523,0.9921814163992049
856524,0.999896607859533
856525,0.5011425426093756
856526,0.9944900569167394
856527,0.9999488572856667
856528,0.5296021674544289
856529,0.050735966764679966
856530,0.9998381733711629
856531,0.045075320892502484
856532,0.2963931876594814
856533,0.2545096840575319
856534,0.996171687634866
856535,0.9997028134748402
856536,0.8566124524931843
856537,0.868730164653049
856538,0.1409809610888763
856539,0.10006207325147451
856540,0.04142194622962181
856541,0.017472055090245207
856542,0.9912869648710372
856543,0.9999689508756822
856544,0.6871372444231623
856545,0.23540670480327894
856546,0.9999296559689546
856547,0.7073083415666958
856548,0.9957847427818503
856549,0.9547902882110717
856550,0.0779937653092925
856551,0.7454769105687852
856552,0.9991993487789195
856553,0.03698753533518516
856554,0.0805174389207982
856555,0.8775904299816071
856556,0.9462825461976199
856557,0.5401058830331871
856558,0.9998855499745678
856559,0.9953057516020452
856560,0.23754326890694805
856561,0.9849267929815759
856562,0.26407782195584656
856563,0.8939059874956408
856564,0.7024138029764679
856565,0.9829818404424546
856566,0.5286544527207692
856567,0.730212087832163
856568,0.9999701601367178
856569,0.163165745037861
856570,0.8854626221229676
856571,0.9978780758925647
856572,0.02205662622793873
856573,0.999182300672802
856574,0.42786381022602116
856575,0.9721587993915903
856576,0.27871871260984155
856577,0.9999629769179947
856578,0.679636663706555
856579,0.999991247185252
856580,0.14741764203933058
856581,0.9999556148939069
856582,0.5156536359185648
856583,0.9995009042485394
856584,0.9962800415689514
856585,0.9968657583367182
856586,0.9981974804078749
856587,0.4938098509291972
856588,0.9754476914916814
856589,0.9886322768548579
856590,0.9986169808028298
856591,0.0017794239853810886
856592,0.7337914188780079
856593,0.4234631244446454
856594,0.9324917527969414
856595,0.9655713649260371
856596,0.7035135637204204
856597,0.30882474561154305
856598,0.9977658546089433
856599,0.9994637632197041
856600,0.02064177565825695
856601,0.7764137563435657
856602,0.9996133764516947
856603,0.9983223127358198
856604,0.9901380304874523
856605,0.9760613525022559
856606,0.97338329094507
856607,0.9964059003806793
856608,0.9930186862808565
856609,0.999354268368233
856610,0.9805565666043029
856611,0.8781453370098149
856612,0.6120029095466197
856613,0.9999437884752183
856614,0.9999262050185517
856615,0.030608431671212126
856616,0.3205645796003921
856617,0.9990539376856451
856618,0.9995177301187004
856619,0.772482919333479
856620,0.194043829921542
856621,0.034870940232797874
856622,0.9797475896101732
856623,0.6928645519060845
856624,0.8150462149737107
856625,0.45014779689768486
856626,0.19710266130205042
856627,0.9755623383106431
856628,0.9991982032900992
856629,0.023282930085355407
856630,0.34931777499544225
856631,0.9998112660166283
856632,0.24806348113815757
856633,0.9997142314181762
856634,0.005252502170265142
856635,0.9985653083607815
856636,0.9932535833448713
856637,0.4518929784109935
856638,0.14217551780812476
856639,0.13063119067758994
856640,0.9999472198197139
856641,0.9984901587410109
856642,0.9697376315501833
856643,0.2632305888241932
856644,0.0651507089207861
856645,0.06651132691149889
856646,0.9992164498271998
856647,0.9997451413854495
856648,0.007936680480592014
856649,0.5348213641681238
856650,0.5079781460819836
856651,0.99990341611693
856652,0.020425048928409312
856653,0.9999951695088987
856654,0.9996752404294843
856655,0.6595610096754708
856656,0.9998002324994285
856657,0.3442818094516842
856658,0.600419601507487
856659,0.9829060083393958
856660,0.9945518365792665
856661,0.9941830068290405
856662,0.38676426564326594
856663,0.735391414146657
856664,0.9586002373235605
856665,0.7611669902558051
856666,0.9633119916443902
856667,0.9996032464823315
856668,0.26979234505449656
856669,0.3274852832576399
856670,0.9997045669558862
856671,0.9883058250804442
856672,0.963784669791971
856673,0.9910677104140226
856674,0.3055220341166997
856675,0.3619344772210909
856676,0.9980151805357087
856677,0.718658996167749
856678,0.9995096211107984
856679,0.9979486327001073
856680,0.1953749464955158
856681,0.9689842123289597
856682,0.07915923223083023
856683,0.06860958097821063
856684,0.9980867862981049
856685,0.9968691856734233
856686,0.9585973017676814
856687,0.4485710139065231
856688,0.7133221220564607
856689,0.5287269542521862
856690,0.9913433375465412
856691,0.999851985132732
856692,0.9963858143205366
856693,0.9602531768988518
856694,0.9947385091302916
856695,0.005600834259654766
856696,0.1590030257839954
856697,0.030219349922457454
856698,0.9665583106738714
856699,0.9461846971858756
856700,0.9993484510962571
856701,0.9697402864958953
856702,0.9985411753608366
856703,0.7403991719524294
856704,0.0119479892381486
856705,0.9997308593032492
856706,0.5075570377124051
856707,0.9612937087651156
856708,0.9999249094798508
856709,0.5561740196859607
856710,0.9999836252779633
856711,0.9981735572250005
856712,0.9875651185507028
856713,0.025207201863199986
856714,0.9997592625398611
856715,0.9828087985805086
856716,0.9992404587191952
856717,0.980224401212025
856718,0.9997194835904483
856719,0.01718416963856636
856720,0.9972332345770331
856721,0.0784174944573679
856722,0.04399036466610225
856723,0.33477062234842936
856724,0.9994610212464065
856725,0.5216776012988568
856726,0.9996457943411559
856727,0.8586535031770118
856728,0.999804775618557
856729,0.6846520112576967
856730,0.10735802532765154
856731,0.19168011851288486
856732,0.9021629176929828
856733,0.6549435317817695
856734,0.04534958452399436
856735,0.8735281102328276
856736,0.01779968055097892
856737,0.7974134458889214
856738,0.9382783224059188
856739,0.8505139369786338
856740,0.5320669518307217
856741,0.8568050157005561
856742,0.07110133722702307
856743,0.9245055618566677
856744,0.9826433066113934
856745,0.004686758179997332
856746,0.9346973917109269
856747,0.999857183782247
856748,0.5507142456746463
856749,0.09615916426028208
856750,0.7475130062870093
856751,0.4510771979094939
856752,0.6918340048401973
856753,0.2064489703343986
856754,0.025508161474900162
856755,0.9722180503994567
856756,0.9717973266903207
856757,0.9997846543013118
856758,0.9970737908054621
856759,0.30083581583221525
856760,0.9996394875006483
856761,0.9912219150225622
856762,0.10248246264766696
856763,0.9297075550981032
856764,0.02084334971551964
856765,0.9998135332146566
856766,0.0879468474214146
856767,0.9989028109049627
856768,0.9985252823481781
856769,0.8090453126089828
856770,0.9998832990650216
856771,0.962360285724833
856772,0.07026038019738218
856773,0.6550065304170279
856774,0.33976554506837
856775,0.9399850383997015
856776,0.9147795850793634
856777,0.48821936364990354
856778,0.9998808851635635
856779,0.9998063027669657
856780,0.9941815951090127
856781,0.9951167505572085
856782,0.11139686746373335
856783,0.9993535638423668
856784,0.9998245365284191
856785,0.573176234317241
856786,0.9998200132196863
856787,0.9883868261760856
856788,0.9995693114226686
856789,0.9982869247857331
856790,0.009271681687701889
856791,0.9998836681989193
856792,0.05374953674225834
856793,0.9999481993686777
856794,0.9994315266992471
856795,0.9998786362154144
856796,0.9948284507227299
856797,0.8697601303937801
856798,0.9996325771843635
856799,0.9998914287896741
856800,0.8028084394303485
856801,0.9996516174355444
856802,0.7387458955624872
856803,0.999913082586701
856804,0.5593126037337321
856805,0.043089595668954234
856806,0.40099236990091536
856807,0.9951926833010786
856808,0.9999888961547416
856809,0.08534851505334845
856810,0.11229952266613069
856811,0.6269727041843616
856812,0.9303971937982933
856813,0.7830653428399672
856814,0.09012775546263364
856815,0.051172313642644726
856816,0.9998311193561313
856817,0.6659379105303312
856818,0.934847933245267
856819,0.6944829319635877
856820,0.9903902877405435
856821,0.7593035149698376
856822,0.8083676077748718
856823,0.62174423386304
856824,0.9995942246643246
856825,0.9927878305253225
856826,0.12993235505816886
856827,0.9105489256210685
856828,0.008256965016850807
856829,0.5753550111680986
856830,0.017675481900400716
856831,0.060423380411886884
856832,0.15610338787014488
856833,0.999625216420927
856834,0.9474836117216334
856835,0.26130931614742153
856836,0.9249224623765497
856837,0.9998485351359324
856838,0.021808400153402657
856839,0.3356770659384908
856840,0.6620236134914915
856841,0.999489206223477
856842,0.09616861116299044
856843,0.019863291168436503
856844,0.9940138436455062
856845,0.9989652957976073
856846,0.9998017178097227
856847,0.336997940246802
856848,0.6115371570799248
856849,0.9997107904950279
856850,0.9998757456201193
856851,0.051721304045822106
856852,0.2719659030612548
856853,0.9998110431691044
856854,0.06025201329941334
856855,0.8167935566511288
856856,0.9996025305972067
856857,0.9997466071297396
856858,0.011061112901425803
856859,0.14188421147571992
856860,0.7393394050937742
856861,0.4787640775664521
856862,0.7468023401705469
856863,0.8113373133323194
856864,0.08105106468951724
856865,0.021319079844647076
856866,0.9904935753917785
856867,0.019954391364610472
856868,0.7867428564328275
856869,0.9989772745251624
856870,0.9997520493920006
856871,0.39110935643077505
856872,0.43573797822518945
856873,0.7216174105941066
856874,0.996553395477862
856875,0.9989004449147993
856876,0.7821535406289581
856877,0.9992564525322957
856878,0.999231867120489
856879,0.9991137049129415
856880,0.9348542232919327
856881,0.9996700036324493
856882,0.9991452212645466
856883,0.006770909893671165
856884,0.9993194286855775
856885,0.999475586451777
856886,0.1264116597320849
856887,0.9993574684471604
856888,0.9506981485610502
856889,0.14714531944791714
856890,0.9988289818262409
856891,0.32732517574912606
856892,0.9748959488821631
856893,0.9991491831985946
856894,0.9988702270962615
856895,0.9979685990087661
856896,0.953348792315738
856897,0.6400196899424553
856898,0.49751592033352143
856899,0.29576420067643316
856900,0.9646112085410796
856901,0.9415592428665218
856902,0.9994315530386567
856903,0.9970178554931967
856904,0.518090656514209
856905,0.8125035741000772
856906,0.9993941500983237
856907,0.3170363149099395
856908,0.9975781653044185
856909,0.588815775414785
856910,0.5263425161313474
856911,0.8022222441767441
856912,0.8310310912480434
856913,0.7282477432443022
856914,0.9996978787566566
856915,0.8637848565153925
856916,0.2803820677938281
856917,0.5301455455228576
856918,0.8072970373920612
856919,0.6948711301967753
856920,0.7831753270387671
856921,0.07861972588271178
856922,0.9994946462116047
856923,0.9202283196225453
856924,0.28657617933086854
856925,0.9997721664795385
856926,0.7808723056577651
856927,0.22328181157353563
856928,0.9975088893098524
856929,0.6694699790585206
856930,0.9959645352665878
856931,0.044069435812966476
856932,0.9996910581233119
856933,0.9999179966298462
856934,0.9999837805543313
856935,0.007739501199545038
856936,0.8512094523506847
856937,0.9999216515418797
856938,0.008729957845690346
856939,0.03055916414636053
856940,0.8031299562791028
856941,0.9951792364373229
856942,0.5711729425226869
856943,0.9999778901804448
856944,0.9998288366736843
856945,0.9993975987489533
856946,0.025809642324741738
856947,0.9924883847673374
856948,0.08541305324776544
856949,0.7652446770662277
856950,0.7541141814354508
856951,0.008830245538340999
856952,0.9999244972407724
856953,0.9993271957520711
856954,0.628688546573106
856955,0.27595783100456395
856956,0.44610891408971987
856957,0.6708612089725816
856958,0.9995952908613761
856959,0.7128645865346088
856960,0.8977186387046479
856961,0.9998824584768697
856962,0.9972616955610075
856963,0.8856730292694679
856964,0.9585322122925948
856965,0.4762395167273314
856966,0.9895096856740007
856967,0.9501113909009081
856968,0.5677860889239024
856969,0.772182421609497
856970,0.3508068569417422
856971,0.6926043584968156
856972,0.5524634801594356
856973,0.9962411834379106
856974,0.10175062874852997
856975,0.4392583956356916
856976,0.9994122229523598
856977,0.9880003432022875
856978,0.01029151537752529
856979,0.9867446345882027
856980,0.9998402068057332
856981,0.9994596137285181
856982,0.730980803128284
856983,0.9970577909135269
856984,0.979396564545046
856985,0.018372721466841997
856986,0.9998947327069299
856987,0.9921843451899764
856988,0.9709360579844286
856989,0.5922763263079229
856990,0.9932679975103229
856991,0.9957429899486946
856992,0.6398094819196268
856993,0.1390854940109598
856994,0.026768489667558147
856995,0.9872446550401228
856996,0.9998852189546841
856997,0.9986286687045763
856998,0.6066608096666346
856999,0.9988215059319514
857000,0.8681237259590174
857001,0.267930711658176
857002,0.9997854637017485
857003,0.9999634113106785
857004,0.9367363410440076
857005,0.6747117073741866
857006,0.011384501969485188
857007,0.9997204144438575
857008,0.9983418090872208
857009,0.834980439509184
857010,0.00918970759442005
857011,0.9725989606401995
857012,0.9998440519265264
857013,0.6809216242372835
857014,0.895648902848716
857015,0.00771800961238152
857016,0.9999665218478242
857017,0.10930717145731075
857018,0.9888258989958714
857019,0.9602105287815467
857020,0.1034437391036544
857021,0.12992594652465297
857022,0.5452330717984539
857023,0.12519035785889382
857024,0.11787494206915877
857025,0.11064785721905522
857026,0.23467033972967852
857027,0.8388449932180286
857028,0.9942566520685575
857029,0.9974039011358915
857030,0.2737080219928467
857031,0.9929786366082045
857032,0.9982803974946366
857033,0.9485806712434698
857034,0.16060457057555003
857035,0.17339502170915738
857036,0.02448430189155725
857037,0.9999698370117804
857038,0.8264502479920799
857039,0.9821663748682967
857040,0.9999018934188609
857041,0.8566748312279724
857042,0.7807114972251068
857043,0.9998635215159715
857044,0.19386929162644345
857045,0.5273442258424164
857046,0.839908458383152
857047,0.7447707720906557
857048,0.008439562710770355
857049,0.9890718920579122
857050,0.994941889028218
857051,0.993193369950297
857052,0.757024183540726
857053,0.11417289603214618
857054,0.9926870739742923
857055,0.9994643457175587
857056,0.8587255226089379
857057,0.3944922740896598
857058,0.21473654895924835
857059,0.9961452836378715
857060,0.9999319841469488
857061,0.865962918550208
857062,0.3827254027233145
857063,0.7921470205219149
857064,0.9994739140803396
857065,0.3467294424399813
857066,0.9996919178193324
857067,0.8414394091265862
857068,0.12248034919172841
857069,0.9973752384907855
857070,0.9967932370591932
857071,0.123964944249529
857072,0.995662020609618
857073,0.9981222367110386
857074,0.9444867146021099
857075,0.39347633634629575
857076,0.7768171436870164
857077,0.9959360865748885
857078,0.9962246618695239
857079,0.9989211227637858
857080,0.9627005570098637
857081,0.9655116206806469
857082,0.41081687499500463
857083,0.9990107428334795
857084,0.5478736917287312
857085,0.986940709917663
857086,0.3400329250643137
857087,0.06075450625856118
857088,0.9996374055237163
857089,0.7983018976487746
857090,0.999869690611262
857091,0.03418775477426895
857092,0.9984996814552367
857093,0.9954782292344937
857094,0.9735666606210285
857095,0.12042829048691657
857096,0.997177932717338
857097,0.5791757013092981
857098,0.9999211877515108
857099,0.6328125671770779
857100,0.9981433710559369
857101,0.8442487305707755
857102,0.9998878399006421
857103,0.9999965122693654
857104,0.9998448140680118
857105,0.15975598424906529
857106,0.9990483572486029
857107,0.9969123747263463
857108,0.0578301082193826
857109,0.9309343424338178
857110,0.5183408909050143
857111,0.49176496043537354
857112,0.044379403677094934
857113,0.9998663346571722
857114,0.9993071540388947
857115,0.9978046530613078
857116,0.9999625391873015
857117,0.12149779536107441
857118,0.9120288745802583
857119,0.9999284959121664
857120,0.9999839251318214
857121,0.999776673939481
857122,0.9997492246852863
857123,0.998609822472873
857124,0.9996527235792922
857125,0.9617081810814285
857126,0.9931034224708966
857127,0.27759889672251714
857128,0.6125431908774622
857129,0.4735338997817896
857130,0.3614683076520362
857131,0.9795127143083329
857132,0.9999807942889146
857133,0.5146804037518694
857134,0.5224155409601751
857135,0.007725508579564597
857136,0.9998069526028962
857137,0.17975410985254098
857138,0.9997905908044067
857139,0.9999926040147316
857140,0.019218957992096837
857141,0.15868688087747887
857142,0.9999684240248996
857143,0.8116648299513401
857144,0.2384568521059967
857145,0.9996385407591208
857146,0.7858677702033473
857147,0.10982389931570677
857148,0.9999582500045802
857149,0.47567782328713104
857150,0.9974764658380988
857151,0.9804157508434075
857152,0.9774306789345517
857153,0.8928290353120757
857154,0.7440239652156244
857155,0.972540071198838
857156,0.9978211363587367
857157,0.8504780003294832
857158,0.09912097172139206
857159,0.9996189438942791
857160,0.44876703617161334
857161,0.9998693333315407
857162,0.9948011495894071
857163,0.33325164170210586
857164,0.99971886309455
857165,0.9538530198086739
857166,0.9972915919649605
857167,0.9588899926591554
857168,0.8595155375701342
857169,0.851011530199546
857170,0.12198092160529432
857171,0.3492241398094928
857172,0.5436310349252301
857173,0.9997682197720505
857174,0.12517596134918466
857175,0.9999355395259761
857176,0.9999155402919709
857177,0.9985733540965198
857178,0.7843711890121541
857179,0.9995735843060505
857180,0.9997979918358797
857181,0.9949952295986727
857182,0.9048129026502543
857183,0.9997694751976047
857184,0.9086687461265847
857185,0.999286604064229
857186,0.9282330024053931
857187,0.15929342368198973
857188,0.8165465213104846
857189,0.9999950250007369
857190,0.004444368009073661
857191,0.8777132234987268
857192,0.9999205992589217
857193,0.20732780283783478
857194,0.006634926789381551
857195,0.3696109298790791
857196,0.5883893815358696
857197,0.9899289084372299
857198,0.9968755346027633
857199,0.7152746783135523
857200,0.08566715045280315
857201,0.9990680500767197
857202,0.6731192952476486
857203,0.0436425446588483
857204,0.999927254413602
857205,0.9822324053826508
857206,0.9984692191872646
857207,0.9882339431273357
857208,0.8218611765643258
857209,0.872816808691822
857210,0.9379569597653241
857211,0.9999001950672659
857212,0.9952457332141017
857213,0.9810370817167571
857214,0.8539100282220085
857215,0.9943759408867205
857216,0.9131310745303913
857217,0.1545343063866419
857218,0.9998288398385227
857219,0.14075843054032422
857220,0.35802414959521445
857221,0.9999221948333661
857222,0.9997697778681627
857223,0.9998545652174979
857224,0.9492359832398269
857225,0.7720750764337448
857226,0.3423644694181539
857227,0.9710794444293448
857228,0.4300787207353246
857229,0.9998337320525745
857230,0.9961317645181487
857231,0.9999864900430442
857232,0.9298992533100019
857233,0.9609623970209975
857234,0.48743227901198993
857235,0.9952296809827158
857236,0.7477960268019084
857237,0.20385774935275028
857238,0.8986963567503444
857239,0.9980954574908449
857240,0.9958457599635155
857241,0.9994730981162571
857242,0.1796777103091872
857243,0.8970025158221201
857244,0.9995380907024569
857245,0.9995411480325805
857246,0.9997143443286263
857247,0.020856942578657573
857248,0.2929613595099789
857249,0.9987577475227463
857250,0.9998869108893432
857251,0.9051846977294237
857252,0.662109593018897
857253,0.2977162908324935
857254,0.5217739750920767
857255,0.884319029334277
857256,0.9994868099730865
857257,0.9987862520045818
857258,0.009979264676121008
857259,0.9997894514596797
857260,0.9984711582644058
857261,0.9995336474464563
857262,0.5126906942665796
857263,0.005803046269780619
857264,0.47469570789610094
857265,0.9998680705866212
857266,0.8990958101024535
857267,0.9977037335509461
857268,0.49058536943917874
857269,0.09522205276861692
857270,0.9998420189106503
857271,0.9381714501507701
857272,0.9825018745803159
857273,0.15318978898306781
857274,0.6867241488802105
857275,0.9999903516966208
857276,0.9976980377289899
857277,0.004434376444704425
857278,0.017278439896708176
857279,0.11639677449648983
857280,0.9998077697638494
857281,0.16571042568850064
857282,0.17006361794780295
857283,0.9529631439236705
857284,0.9997234062473807
857285,0.11108294361062723
857286,0.7187159137605614
857287,0.2566745945731279
857288,0.03777056268937523
857289,0.9989634831836391
857290,0.8199565792758788
857291,0.999852794114874
857292,0.9996094471146709
857293,0.10467906536832353
857294,0.9871911987679532
857295,0.9968534248992059
857296,0.9236200430463549
857297,0.03618707960127767
857298,0.6754383717993089
857299,0.9992845493378762
857300,0.959399062654755
857301,0.12781370532435116
857302,0.9998174767082506
857303,0.9668905504155869
857304,0.999977440835029
857305,0.9973624733486361
857306,0.8243752673650298
857307,0.9888169274177541
857308,0.9999484246414455
857309,0.9869835808457595
857310,0.24326338774133704
857311,0.9947592320994756
857312,0.9998602814170312
857313,0.0473788722544668
857314,0.9994228682145677
857315,0.9832716916620563
857316,0.48909177970065
857317,0.9999831787918244
857318,0.9916382541039546
857319,0.996882918582145
857320,0.23725519370246773
857321,0.8987146024949975
857322,0.9418605953822548
857323,0.11257129310148982
857324,0.9950013088481608
857325,0.3920828846472866
857326,0.19311204942868226
857327,0.9999594948792505
857328,0.06907140782846238
857329,0.9997251491977723
857330,0.6833396024486647
857331,0.8091009068626199
857332,0.7131820012106348
857333,0.37170692121620896
857334,0.03992531219413489
857335,0.3010335424965187
857336,0.9884602280129502
857337,0.9093304505805854
857338,0.9850632017022074
857339,0.9981253565724669
857340,0.02358976689998503
857341,0.14204337893436486
857342,0.9986206276722926
857343,0.13719858037811444
857344,0.9599909741863959
857345,0.9270806139559173
857346,0.9986038609303268
857347,0.8021610270490932
857348,0.750383738359601
857349,0.9849798612818742
857350,0.9999049045926129
857351,0.9913107772648357
857352,0.6252137410694772
857353,0.007002407119917987
857354,0.9775998793624824
857355,0.08320215999901477
857356,0.9999596543060079
857357,0.997881971938139
857358,0.6114752238236617
857359,0.9991466587899798
857360,0.9664047302246038
857361,0.9774326780758371
857362,0.19941187707657565
857363,0.9970537504581884
857364,0.6752062804330045
857365,0.9998854802678403
857366,0.8405540824112941
857367,0.9995413157940485
857368,0.9746866491775907
857369,0.5141627830609911
857370,0.9999391978732749
857371,0.9929622862518999
857372,0.18736856990138773
857373,0.16613616903534112
857374,0.9198539551935678
857375,0.9999153897210608
857376,0.9999774507609158
857377,0.03309067110240042
857378,0.9999277946819527
857379,0.9997372979012572
857380,0.9974365990608578
857381,0.9997287694506403
857382,0.984627206347058
857383,0.48540202524188203
857384,0.993347434714371
857385,0.10376968112310031
857386,0.09088374673542021
857387,0.9995938133616671
857388,0.9186699292081834
857389,0.2603695591844767
857390,0.3118217953321145
857391,0.27061518339938856
857392,0.6987365727792423
857393,0.9948165619549123
857394,0.9988346571886715
857395,0.9979198436295331
857396,0.9998278497346229
857397,0.24521673086680718
857398,0.9707801300066758
857399,0.3615045446069021
857400,0.9999716105246567
857401,0.9988138865624498
857402,0.9997501189253684
857403,0.9829305253008906
857404,0.9965612973698682
857405,0.2781835375299005
857406,0.47903863793338697
857407,0.9999796233809524
857408,0.999884585592503
857409,0.7665798349104759
857410,0.98705058063008
857411,0.031900814432396396
857412,0.9997688342868802
857413,0.996500687404029
857414,0.45511978952938636
857415,0.810699834546388
857416,0.684768642685594
857417,0.16779217530512103
857418,0.9878693661537343
857419,0.9999546221005239
857420,0.04843386023298844
857421,0.00551049714460813
857422,0.735309341435317
857423,0.17985244074416484
857424,0.8439298607611059
857425,0.9989790982263731
857426,0.9115132256940631
857427,0.25403871450964244
857428,0.9966331554422778
857429,0.8864756611423872
857430,0.9958882980568212
857431,0.9995464411077513
857432,0.23824396146874527
857433,0.13257314729580227
857434,0.614080633943334
857435,0.4523610543859813
857436,0.9730097122168961
857437,0.9984674306278774
857438,0.9997905282153404
857439,0.9999148239054483
857440,0.2522270717622735
857441,0.9588598608224299
857442,0.2378051366748728
857443,0.9780142769347586
857444,0.7245041047113447
857445,0.9688914688046558
857446,0.3335421877686573
857447,0.48727653024711226
857448,0.385522497476653
857449,0.9997174953166306
857450,0.008800117203130382
857451,0.9841189532239951
857452,0.39931527727752053
857453,0.41020806102600643
857454,0.9865177071342903
857455,0.9357588012805835
857456,0.9931843456968237
857457,0.2656617527555853
857458,0.9998814974127642
857459,0.1718374430683532
857460,0.8588302259784273
857461,0.944711683382672
857462,0.7504611511330789
857463,0.9945783559738648
857464,0.9999806259271389
857465,0.2392619838470651
857466,0.5497367881513999
857467,0.06203020525206437
857468,0.9972572962052658
857469,0.2917068521645017
857470,0.9996262379645339
857471,0.02586748859353685
857472,0.9987284341707217
857473,0.8589021390723868
857474,0.9998634164851963
857475,0.9900937638551495
857476,0.9999283404845489
857477,0.8845458075977516
857478,0.9999258852347896
857479,0.18140059834565686
857480,0.9891792037017219
857481,0.9331697965759149
857482,0.992375407293099
857483,0.7622952560486267
857484,0.9994868691093253
857485,0.9999707558861624
857486,0.9999841691050311
857487,0.012994239385588573
857488,0.8552967627608277
857489,0.9852668512736804
857490,0.3580830592405033
857491,0.8092147505816963
857492,0.9654448180357507
857493,0.10668375424944611
857494,0.9509893643091368
857495,0.07103162128879653
857496,0.9998161936210925
857497,0.9001163980237237
857498,0.9383510530013983
857499,0.6368206058098316
857500,0.05612322159362425
857501,0.8965939886235816
857502,0.927191949450866
857503,0.99064347694043
857504,0.9998145755141348
857505,0.5089029781170509
857506,0.9999304852989581
857507,0.999598091205805
857508,0.04093649644745744
857509,0.7175394829639813
857510,0.8077750289538377
857511,0.9999787881795287
857512,0.9996037327909936
857513,0.9998521818684459
857514,0.267846835513602
857515,0.999959743911915
857516,0.26527433533082506
857517,0.9995516439964005
857518,0.9999401898546358
857519,0.9784025283864203
857520,0.9999936341259544
857521,0.9655533081625858
857522,0.36749335919630627
857523,0.8963474756515728
857524,0.9896484938020742
857525,0.9998032258766181
857526,0.9181889073785627
857527,0.9420348986697424
857528,0.9981606919364431
857529,0.8884120950784176
857530,0.2221758559404035
857531,0.1353497529403999
857532,0.3416227291900065
857533,0.9120172455960512
857534,0.9889929087508824
857535,0.666903626767004
857536,0.9994371774402403
857537,0.9993825920204821
857538,0.04059373751341047
857539,0.9995451744180741
857540,0.0047173950820081625
857541,0.9999276071639824
857542,0.1062988933721783
857543,0.9669596766923289
857544,0.5705890075917192
857545,0.8841341275640449
857546,0.9196189632283742
857547,0.9787720549759431
857548,0.01272174724285954
857549,0.006845361050331248
857550,0.7219908738983621
857551,0.6242774225999115
857552,0.9857872293590428
857553,0.9931932735572045
857554,0.8329534589380094
857555,0.16233575732777106
857556,0.47864038345076365
857557,0.999964271479655
857558,0.9992949480709661
857559,0.06494178754704935
857560,0.9999102954808116
857561,0.2851553696479059
857562,0.9997113640255068
857563,0.9951821691364628
857564,0.07352017141070052
857565,0.9996669636389899
857566,0.9996114361640949
857567,0.9998755232742765
857568,0.8669155319748615
857569,0.07908566059704646
857570,0.633496301541812
857571,0.9971004219374502
857572,0.7485284455698086
857573,0.5501643732797558
857574,0.9905827583243334
857575,0.995723485580021
857576,0.9996009714314551
857577,0.05000796205489333
857578,0.9999859673633344
857579,0.35991874383677297
857580,0.24769623135722474
857581,0.9997536034645252
857582,0.9985430672546579
857583,0.9998980369047659
857584,0.9516876203021394
857585,0.7455835971846673
857586,0.9942744042064333
857587,0.9993687199187237
857588,0.568069460103459
857589,0.21772876761649718
857590,0.9969630776697826
857591,0.989879855125334
857592,0.16157808799723983
857593,0.9994293147407133
857594,0.7830720884733962
857595,0.7764815774418359
857596,0.9356010141085751
857597,0.928978966817608
857598,0.9999079419707693
857599,0.07323535100293486
857600,0.2312663792470972
857601,0.8750756356434167
857602,0.36842947109970375
857603,0.9997951784707011
857604,0.9999636571491575
857605,0.9466827724203034
857606,0.9996699696380544
857607,0.2420448606783809
857608,0.999987620595255
857609,0.8663934769334984
857610,0.26070411188700654
857611,0.00783292029459866
857612,0.200925291515287
857613,0.20513828357882805
857614,0.9665392840810156
857615,0.8832047036413418
857616,0.0013212940017800435
857617,0.5657397437935308
857618,0.4505676221290277
857619,0.793793069285787
857620,0.994536293386423
857621,0.3556169511596668
857622,0.9994404520668133
857623,0.9207492052029229
857624,0.8958865167311261
857625,0.0029654902969435694
857626,0.005812979534478933
857627,0.09072578172282202
857628,0.18618010813501504
857629,0.9998511413582063
857630,0.9986278345570929
857631,0.9997060086114199
857632,0.9133188874930767
857633,0.9738382941727263
857634,0.9623263409204044
857635,0.999952594904215
857636,0.6394404203815304
857637,0.9999174917300432
857638,0.9998917885916638
857639,0.4620779352795859
857640,0.02610772960275937
857641,0.9891643384361148
857642,0.49603043497338295
857643,0.9998231629970626
857644,0.9857992650243053
857645,0.8343600261076218
857646,0.7019451559496174
857647,0.08210437188161468
857648,0.599625657939901
857649,0.3289079636054865
857650,0.8803048708443648
857651,0.8860009622500936
857652,0.8872959243460607
857653,0.9998437318939218
857654,0.5967126914423667
857655,0.812636878597341
857656,0.9995760513353587
857657,0.9999710514611759
857658,0.5244090728577326
857659,0.9914152851968452
857660,0.9987945677281829
857661,0.04574236093562109
857662,0.999980080522445
857663,0.9281030203887602
857664,0.18785070451704086
857665,0.9991396296164698
857666,0.2823940491837662
857667,0.5392954072129064
857668,0.9182159902518263
857669,0.10893682304069421
857670,0.8995058920316302
857671,0.004247963003237343
857672,0.8447331228884587
857673,0.9779616897542823
857674,0.9951580225563394
857675,0.9956081366337028
857676,0.998253826882643
857677,0.9379300430906198
857678,0.5679205166238279
857679,0.9787679890476072
857680,0.9957856217485853
857681,0.7704277943170268
857682,0.7508596383916921
857683,0.944323183340435
857684,0.9999023158523397
857685,0.7253053172368984
857686,0.9999207826122843
857687,0.9999267336682586
857688,0.7813210724618465
857689,0.9999396976034858
857690,0.9999879826179343
857691,0.9936246860635773
857692,0.25558024789938183
857693,0.7929144974896104
857694,0.2725706484193755
857695,0.9994224830428896
857696,0.08847187049226582
857697,0.7861339868959578
857698,0.8840516879293756
857699,0.997446767573136
857700,0.02768702590423472
857701,0.9983849133301699
857702,0.05656811316963571
857703,0.9996765903513676
857704,0.026618315270345468
857705,0.12403462893017929
857706,0.08121520464946161
857707,0.9992758182440187
857708,0.035117764148804784
857709,0.060981845893824965
857710,0.82665772263026
857711,0.1868094436178204
857712,0.24301205198108722
857713,0.9399491069658619
857714,0.558497946219884
857715,0.9634553823665464
857716,0.9997519483303325
857717,0.9957555830559868
857718,0.8299010038379364
857719,0.982693550897224
857720,0.9915576911303743
857721,0.1784402586828941
857722,0.999892031160845
857723,0.9968695467392785
857724,0.9776601500413915
857725,0.9214125389257859
857726,0.7819169225537457
857727,0.9987133207905181
857728,0.026635201111493104
857729,0.5522085814819424
857730,0.9998120609575971
857731,0.041654857300183236
857732,0.871520146727899
857733,0.9996619802336805
857734,0.8112098925047012
857735,0.9306813946841956
857736,0.11080631421557707
857737,0.9987774068429791
857738,0.594764977232789
857739,0.9993834262389003
857740,0.26354804558856276
857741,0.9964955770301632
857742,0.9910084182728525
857743,0.9998506594161802
857744,0.15379274025499182
857745,0.9738773212214533
857746,0.9341938156647439
857747,0.9988594206108607
857748,0.998849152686189
857749,0.9310866118045278
857750,0.18043856282068005
857751,0.32920265305512475
857752,0.9927752762921883
857753,0.7877187758869582
857754,0.9996180534780208
857755,0.3838076250572067
857756,0.9870538410879082
857757,0.9116005330358239
857758,0.41160279875005823
857759,0.17720923569452351
857760,0.9842179635271369
857761,0.9959631337558007
857762,0.9909249211766877
857763,0.19321337730793664
857764,0.9997738571618084
857765,0.021319258684561047
857766,0.9622080396112023
857767,0.8814425722851511
857768,0.002202835164329087
857769,0.09596014469114884
857770,0.6938028510887138
857771,0.6655358434210938
857772,0.07414578351697626
857773,0.681983724705528
857774,0.9474269037106711
857775,0.9587671745456747
857776,0.24176688355031586
857777,0.8193127641588523
857778,0.9999325933428537
857779,0.9964010540682244
857780,0.1107306989565277
857781,0.1295154845501964
857782,0.9993700296661343
857783,0.9972924883408696
857784,0.2542140657878951
857785,0.9999498326585528
857786,0.10856532956322654
857787,0.35402986193183433
857788,0.999894176803825
857789,0.9021549617599587
857790,0.9998208630255813
857791,0.9999368571218603
857792,0.03048109156772456
857793,0.9996976429020343
857794,0.9952517665332683
857795,0.667652975011141
857796,0.8114181309087568
857797,0.1795690909539857
857798,0.9551455963931065
857799,0.09911336804084442
857800,0.9992606738698476
857801,0.9998850884585226
857802,0.9995113463476668
857803,0.9955874214400919
857804,0.9998514958801592
857805,0.026054637492641145
857806,0.9999231689146267
857807,0.605035262732061
857808,0.9999635552061936
857809,0.9995844479776567
857810,0.1477599106926518
857811,0.9991764180292362
857812,0.9531849498474004
857813,0.999979086354792
857814,0.656188250877771
857815,0.7368985496749769
857816,0.8039765697200707
857817,0.9998090793998791
857818,0.16842913361885176
857819,0.002757199920127489
857820,0.9927690298199813
857821,0.9091925654956624
857822,0.9011527881445716
857823,0.22827128898538082
857824,0.973316803093
857825,0.097007842553884
857826,0.08360108993883186
857827,0.9354995999896232
857828,0.9987649414499589
857829,0.003709112613149596
857830,0.997325632621778
857831,0.9998067673780265
857832,0.9990266148052201
857833,0.9998011422141176
857834,0.9632545797704956
857835,0.7109293858746328
857836,0.4790173821833471
857837,0.9135221330395301
857838,0.9958021473351328
857839,0.9871088584773843
857840,0.5150392849613872
857841,0.999042417203139
857842,0.9999648168247538
857843,0.06379846860268189
857844,0.3439056881366612
857845,0.6021495115030714
857846,0.9999756550049006
857847,0.9999931299020863
857848,0.995091402062038
857849,0.2734980098842447
857850,0.27513555184897
857851,0.3238178313320094
857852,0.7875308136156385
857853,0.6100814709565927
857854,0.986167397034921
857855,0.006304810737669107
857856,0.9830793037271959
857857,0.9984767437788038
857858,0.9959887685153499
857859,0.47165435234057085
857860,0.9840094438680433
857861,0.999904557796828
857862,0.9468094390122299
857863,0.549955130919919
857864,0.996037389773883
857865,0.9995841731866598
857866,0.9989933049928919
857867,0.054652660703948606
857868,0.9997050420844893
857869,0.9525687194950307
857870,0.9462864802101212
857871,0.3117908290505235
857872,0.32514913546020185
857873,0.9937459864159706
857874,0.9972954821926608
857875,0.41889648597000845
857876,0.3229414285879611
857877,0.9960471178571995
857878,0.6720162032420471
857879,0.9997907236508351
857880,0.8673222457897771
857881,0.9988417459761728
857882,0.9999191300619743
857883,0.19585235307678456
857884,0.9991041543574695
857885,0.9998308797280082
857886,0.01349046198473622
857887,0.7817099078441416
857888,0.3909918398965007
857889,0.5413917036574787
857890,0.9873501978382369
857891,0.9995281495901874
857892,0.9494654803975083
857893,0.9972997225027205
857894,0.4994440675445644
857895,0.9999151536743209
857896,0.9886812778517491
857897,0.9828299716185842
857898,0.5756637805112139
857899,0.840316558130956
857900,0.9999365643671865
857901,0.7100960736631474
857902,0.8675497796594969
857903,0.9994347743454601
857904,0.09207388018773058
857905,0.9966887682700813
857906,0.999968455605975
857907,0.973377657358409
857908,0.13985928877835457
857909,0.99994304690058
857910,0.5492290367188385
857911,0.5080106572457632
857912,0.9997058291603615
857913,0.9997257266933745
857914,0.9569817342464901
857915,0.999849561441337
857916,0.9957243387760142
857917,0.9621093035635264
857918,0.10317272899067341
857919,0.9951165694557684
857920,0.9998236761831802
857921,0.9998442078833436
857922,0.24045064780885328
857923,0.2326284736083684
857924,0.44310992545415656
857925,0.46604486933283346
857926,0.9959382271835182
857927,0.999956177534965
857928,0.46359092888099745
857929,0.9937581001943973
857930,0.4436401323606497
857931,0.9376517206037183
857932,0.8055824649970962
857933,0.3136130009134679
857934,0.8285811115182253
857935,0.7800988814811248
857936,0.6651626091113709
857937,0.9385828750967757
857938,0.9999915993280141
857939,0.027310308889405874
857940,0.6831670997271663
857941,0.8639084516048439
857942,0.9982000112242674
857943,0.9999270104785983
857944,0.014949930164100227
857945,0.9376800413326043
857946,0.9750822212963488
857947,0.9763784015684782
857948,0.9976606999124272
857949,0.9998626457857227
857950,0.9998022456146317
857951,0.9996175022069484
857952,0.999781334537859
857953,0.9996782935433153
857954,0.9998351252439999
857955,0.9917890669785753
857956,0.7845056426240246
857957,0.9984086250294718
857958,0.9953640565151576
857959,0.5110833450697757
857960,0.014006258310171613
857961,0.633517763866176
857962,0.999806279044143
857963,0.9850834005633814
857964,0.6466677946924823
857965,0.033155011786154175
857966,0.9985778066865413
857967,0.9998736150476675
857968,0.25068213345060647
857969,0.8908385476393748
857970,0.6509871325315821
857971,0.0227234057894697
857972,0.938841269516385
857973,0.9994218320308212
857974,0.9992207970970295
857975,0.1310470172517905
857976,0.5525917354610856
857977,0.010088101798518288
857978,0.7646415798193518
857979,0.2515837008813565
857980,0.9979324445930721
857981,0.38780528060969516
857982,0.9991956269436764
857983,0.28979420737833783
857984,0.15834371867580435
857985,0.9949632463969003
857986,0.3021023813240649
857987,0.03167501217495834
857988,0.04434663987499034
857989,0.9994384528734851
857990,0.9999907582824514
857991,0.016292131056070556
857992,0.9745179394682215
857993,0.9370114034165237
857994,0.9999114614921369
857995,0.9979082544287018
857996,0.9998828910472426
857997,0.9996137869256103
857998,0.9992418959777352
857999,0.3177654762187221
858000,0.9998906896428157
858001,0.9973196264194553
858002,0.9932259099737517
858003,0.10837420535650737
858004,0.7373542190771831
858005,0.8339974703104658
858006,0.13775048599657252
858007,0.9950125870438374
858008,0.37510452140987394
858009,0.9921435570724156
858010,0.9993943832448953
858011,0.9923985767387313
858012,0.9997922520926199
858013,0.9936750247549752
858014,0.994753767886766
858015,0.4189681476873442
858016,0.9816390287585782
858017,0.402350347760859
858018,0.9999903662495402
858019,0.996389211021004
858020,0.9986445254129047
858021,0.08845740749637943
858022,0.8250656303182639
858023,0.013173646306385508
858024,0.9999887241755495
858025,0.9903220846525908
858026,0.9996299441844538
858027,0.9982021998452049
858028,0.4737667939145766
858029,0.41737824584025374
858030,0.43128607884186876
858031,0.915955036460864
858032,0.04429588382219351
858033,0.9570132719026946
858034,0.9779346020638741
858035,0.97020965107035
858036,0.9926639583785635
858037,0.9799970347613527
858038,0.43122850388849765
858039,0.9939657956561398
858040,0.999807794053617
858041,0.9974046867887892
858042,0.9991531676978694
858043,0.7916631520103442
858044,0.8029522540087248
858045,0.0014317527962076216
858046,0.9408766753215729
858047,0.999918692241423
858048,0.5352750040816914
858049,0.9991573991133329
858050,0.9997164576879032
858051,0.9380416896368317
858052,0.9984585294583788
858053,0.9998276754865216
858054,0.609556684114712
858055,0.9996852082115519
858056,0.9017761197002424
858057,0.5642779858608573
858058,0.9605884359862631
858059,0.7326007042545949
858060,0.9959101329503752
858061,0.8862447537808357
858062,0.9923268781830026
858063,0.9997294157236453
858064,0.9999132483671781
858065,0.01927375478159957
858066,0.05064690658791436
858067,0.971293947221665
858068,0.9995730217731693
858069,0.9976952308671201
858070,0.9415022336985179
858071,0.9988629293176663
858072,0.05359993920093705
858073,0.030382290905379652
858074,0.2950505146335587
858075,0.9181216152578304
858076,0.9868512683972817
858077,0.285675977542644
858078,0.0402821587455979
858079,0.9998623857536028
858080,0.5178673709589657
858081,0.8255168070949626
858082,0.9997691409842544
858083,0.3472562435960246
858084,0.7540170534507271
858085,0.21341772574248286
858086,0.9979858112555665
858087,0.9994662962886185
858088,0.9972545519802416
858089,0.9501022404415687
858090,0.9891799122450874
858091,0.07004723411769796
858092,0.061785382103226275
858093,0.9934540025763146
858094,0.8026066206064699
858095,0.7141868816277284
858096,0.9997775019437152
858097,0.9984785076676377
858098,0.10016851697539017
858099,0.9197823647329606
858100,0.729112257744931
858101,0.009036295693767219
858102,0.8138620333120373
858103,0.5846815997429939
858104,0.9995196804672909
858105,0.7093491831799481
858106,0.5880484359353002
858107,0.1258529896465143
858108,0.33967703011682393
858109,0.4379206778681337
858110,0.9857197507913515
858111,0.9999853171663885
858112,0.9997263265861389
858113,0.8197425703817425
858114,0.915501763037448
858115,0.9939489675451691
858116,0.9614625292051349
858117,0.9994188153880892
858118,0.01959107785978218
858119,0.989062595086718
858120,0.023953457624225266
858121,0.9994482514010176
858122,0.5817344247726534
858123,0.7404284565220953
858124,0.9800983535382646
858125,0.8918782261447773
858126,0.9780961946191327
858127,0.9975423256743752
858128,0.8848212748998251
858129,0.9999217860671594
858130,0.33846369864664605
858131,0.7091453329837514
858132,0.9537270650970909
858133,0.9989837462969786
858134,0.015039227973835983
858135,0.9994760085847034
858136,0.9947450040305011
858137,0.999670386877189
858138,0.9996391472576539
858139,0.7412210344900062
858140,0.9946545706145048
858141,0.994187139960177
858142,0.550611383383627
858143,0.999395926376035
858144,0.1519697472651795
858145,0.7652028094231521
858146,0.9997672125633673
858147,0.020120148695375654
858148,0.9989490480550096
858149,0.9998209680306056
858150,0.9934144896946464
858151,0.5379876794560831
858152,0.9744806868181228
858153,0.3788265372413212
858154,0.9992386097917458
858155,0.16305888505571453
858156,0.9999586513508735
858157,0.9412548337714475
858158,0.9661316158829769
858159,0.32663374547735735
858160,0.4309677130529622
858161,0.79092708584704
858162,0.7555031067636351
858163,0.9969892325108975
858164,0.5461423748044396
858165,0.9975143047028433
858166,0.09842665098600238
858167,0.9999050991727887
858168,0.998717145504223
858169,0.0730472816434223
858170,0.4935468348486749
858171,0.9998940660060378
858172,0.9998483884093611
858173,0.04294173273968955
858174,0.9998321771817918
858175,0.9974372024461593
858176,0.9827673963312684
858177,0.9832345120972563
858178,0.9989777861273805
858179,0.9295127553142148
858180,0.5852418464044676
858181,0.9999385831882883
858182,0.7337092710616869
858183,0.21835554528348108
858184,0.13056381324467548
858185,0.7859345160742021
858186,0.8486716195686133
858187,0.1635939044536439
858188,0.307852976694725
858189,0.9997332619049026
858190,0.9999436325585611
858191,0.9995830695420256
858192,0.7360040101483385
858193,0.9997527102110177
858194,0.9999649103693024
858195,0.9986960903343793
858196,0.9986348553423661
858197,0.006658841482898669
858198,0.8738544993343946
858199,0.9930792681765319
858200,0.8740296493567838
858201,0.08251354720150136
858202,0.0640793377550358
858203,0.9997715113716747
858204,0.3513712958246751
858205,0.37818817372656943
858206,0.45493903531986835
858207,0.5005899448147536
858208,0.5648698766908071
858209,0.9411505957584255
858210,0.8892299895983867
858211,0.9992842667510802
858212,0.37199216006014446
858213,0.9986171803595464
858214,0.9984755063936714
858215,0.870417793567354
858216,0.3550460732321069
858217,0.9982225013589843
858218,0.22678906865676512
858219,0.9316855030546839
858220,0.04775404232129632
858221,0.05284283501891242
858222,0.9997913395779174
858223,0.9996410437964389
858224,0.31501839178091173
858225,0.013808327881825615
858226,0.9999886154403346
858227,0.7157305496151845
858228,0.06187468189024933
858229,0.9568847839573795
858230,0.9742240241557298
858231,0.24749379027808716
858232,0.999469863905079
858233,0.9987567610986062
858234,0.6508181575750277
858235,0.08554391259922997
858236,0.9999473212450884
858237,0.15499845341415516
858238,0.8652616706057181
858239,0.159067457200411
858240,0.996769143308325
858241,0.9993692866498409
858242,0.46115526180122285
858243,0.9997386299214119
858244,0.43986233527952967
858245,0.5355275555144464
858246,0.9997906619036763
858247,0.9779257690979224
858248,0.999715217550952
858249,0.9428025162753273
858250,0.9985026025823569
858251,0.39088401847028215
858252,0.6435580605593079
858253,0.312056299840687
858254,0.9980769428838798
858255,0.9999202243515057
858256,0.8964784193135498
858257,0.999991644754839
858258,0.9999935615499562
858259,0.9974013614678346
858260,0.428698976298292
858261,0.9997471293491487
858262,0.4037259645892727
858263,0.9998998073082531
858264,0.9997720369701517
858265,0.7899370550280278
858266,0.9970262852174105
858267,0.00919489614706325
858268,0.7465123525086734
858269,0.999933956013203
858270,0.5438866639074043
858271,0.09003290310860222
858272,0.8139456970548828
858273,0.7690181811212662
858274,0.4122306504373487
858275,0.9886865081193319
858276,0.03129400442357395
858277,0.9995801605623953
858278,0.22564182576688357
858279,0.5151589547135541
858280,0.9874481082740818
858281,0.6152571810241325
858282,0.997687595067701
858283,0.999966828002107
858284,0.9902275954466583
858285,0.9998560738344177
858286,0.09419242043843021
858287,0.9997971270947583
858288,0.9971509731123769
858289,0.9999822676327322
858290,0.07862748633311226
858291,0.9999314721213868
858292,0.9999236877014618
858293,0.5351044994148079
858294,0.012115606196065687
858295,0.9886536934550407
858296,0.9998286010765134
858297,0.9994588919241525
858298,0.9998313374711238
858299,0.22253609720261092
858300,0.960523336508547
858301,0.9990523450882987
858302,0.995628374786091
858303,0.9951892535176412
858304,0.3918357349155837
858305,0.6211482854953954
858306,0.018405308659553105
858307,0.9463574261373464
858308,0.8384646600402237
858309,0.521669064914977
858310,0.3433955150653342
858311,0.6994615739131813
858312,0.6546349183653449
858313,0.30019458746473326
858314,0.7795566889684776
858315,0.9833990651199045
858316,0.2994889543943367
858317,0.9999731765623096
858318,0.58563198895223
858319,0.4310025414319346
858320,0.9438584716320594
858321,0.9401662047407908
858322,0.21757044811931153
858323,0.9997987557332562
858324,0.9825966578479702
858325,0.04155765477651133
858326,0.9989389020964424
858327,0.8460823923464809
858328,0.9997516814737715
858329,0.9994608971057664
858330,0.9983048622465717
858331,0.24422423088237638
858332,0.23719483598603558
858333,0.9925889080622673
858334,0.8862713825441245
858335,0.3326076556020182
858336,0.9998499009069113
858337,0.25569606160289693
858338,0.7698380381387413
858339,0.06064064181503812
858340,0.1155599430421173
858341,0.5049127749292185
858342,0.9967396419896648
858343,0.8334126441307272
858344,0.884713773939673
858345,0.9998178291550377
858346,0.4481050106202243
858347,0.8779322772828473
858348,0.9429963921818432
858349,0.999322116990073
858350,0.77009447564988
858351,0.901055570565712
858352,0.025973918942202565
858353,0.028284052713935862
858354,0.973825409437012
858355,0.2905709732681419
858356,0.9849538589338545
858357,0.06143745099299477
858358,0.9999264944829378
858359,0.9234795531654902
858360,0.07382323304677697
858361,0.9999217232322138
858362,0.8977407836871537
858363,0.998824241139578
858364,0.9550315250792757
858365,0.3392321618228614
858366,0.07120811337749514
858367,0.8586237861815467
858368,0.5182215898372633
858369,0.008310943987807864
858370,0.9982382088352185
858371,0.6878600976563627
858372,0.006770739695009366
858373,0.9991480990717817
858374,0.9995124039997771
858375,0.9128261027407945
858376,0.661407072292526
858377,0.9726863207249542
858378,0.521666270834564
858379,0.5463743922990942
858380,0.008007791011783614
858381,0.9994942903837915
858382,0.9855842171708753
858383,0.29529194978385837
858384,0.9998735559307241
858385,0.483140173617275
858386,0.04318161261548016
858387,0.42894999538463735
858388,0.07056683658966023
858389,0.9995756286910147
858390,0.999149801549121
858391,0.9991800668961759
858392,0.008121082134002634
858393,0.9949475535757004
858394,0.9844975923107976
858395,0.5846605569159499
858396,0.9742466678558823
858397,0.7058064958174932
858398,0.5836940057992774
858399,0.9999375162069297
858400,0.7352079800617555
858401,0.04912451342323896
858402,0.18625991088986893
858403,0.6326478304403014
858404,0.7291115072315667
858405,0.9983790891362058
858406,0.9992801128832749
858407,0.3600946784087047
858408,0.5317010332385489
858409,0.9944443070287122
858410,0.9995460999092591
858411,0.2365092695740607
858412,0.15677101274357153
858413,0.13782820223156067
858414,0.993022530199071
858415,0.9991930222399281
858416,0.988998029735668
858417,0.9986823061804628
858418,0.9221694881021267
858419,0.999450692917091
858420,0.8223592389475838
858421,0.23703932372176423
858422,0.9999418068672213
858423,0.9942159203521881
858424,0.9997577416279788
858425,0.9994850946071344
858426,0.9999890123615767
858427,0.9999266146573624
858428,0.9622478192680939
858429,0.9329193665120991
858430,0.999623710189462
858431,0.04637109874126276
858432,0.9536641117055713
858433,0.9989039341492918
858434,0.9999370240544507
858435,0.3675284405382064
858436,0.5698007976635693
858437,0.9993249528229674
858438,0.9998402517492685
858439,0.2942472208234363
858440,0.7824223541140742
858441,0.9085329685805116
858442,0.5901549024132036
858443,0.7856685389293345
858444,0.8115864995807918
858445,0.9997765459452743
858446,0.9897383492076833
858447,0.9711623747037081
858448,0.9643568029000731
858449,0.9794532118073953
858450,0.12106100059845987
858451,0.9996278508107994
858452,0.9132132852050728
858453,0.6616545445689734
858454,0.17984388844606813
858455,0.03463936624021972
858456,0.0927588920457332
858457,0.9983711992118885
858458,0.32816831807026514
858459,0.9997448496357348
858460,0.19591785891485425
858461,0.46584110727810085
858462,0.895828041014356
858463,0.07930909804872036
858464,0.028460741079825855
858465,0.011193599811869744
858466,0.5536282613850557
858467,0.999721494933124
858468,0.1606502429405652
858469,0.70322824944998
858470,0.9998725520848306
858471,0.27377685495840703
858472,0.9995870501435857
858473,0.9333338224531879
858474,0.9034517894446223
858475,0.8339763198425394
858476,0.9001695890387004
858477,0.0902089658446588
858478,0.3056741592867775
858479,0.03916649683156968
858480,0.8513550385431526
858481,0.9994808578923416
858482,0.8272725300296939
858483,0.9998545973031612
858484,0.13078763315206465
858485,0.39737436282812255
858486,0.9769941153540573
858487,0.6350143945082367
858488,0.9982546022029007
858489,0.08589233929588366
858490,0.1579363700909202
858491,0.2837793369736502
858492,0.9999216245885909
858493,0.9711959616540853
858494,0.5782491620706466
858495,0.9401769314155595
858496,0.7893622593968709
858497,0.8649231870024952
858498,0.9877320847626334
858499,0.9925317090552379
858500,0.9951819326117375
858501,0.6701274881975363
858502,0.3067048916502221
858503,0.8723028268550843
858504,0.03883471438472004
858505,0.9985624433909437
858506,0.9997462560299977
858507,0.999222574519065
858508,0.971248188356283
858509,0.3744545762388791
858510,0.005137390896433157
858511,0.9979945331072706
858512,0.9998445614193359
858513,0.8737809095464666
858514,0.1751095198076407
858515,0.7147648272753885
858516,0.24929797856165756
858517,0.020999221916108486
858518,0.9245240174569906
858519,0.9984112238830152
858520,0.8943988519576184
858521,0.9853459884103928
858522,0.7481058772007192
858523,0.9442287550146238
858524,0.99977734045982
858525,0.9999466327628561
858526,0.9296275534737215
858527,0.9997923143535579
858528,0.9678499191926696
858529,0.5570493739568199
858530,0.5852035414341314
858531,0.9995154658034301
858532,0.9896720550878475
858533,0.944017691564013
858534,0.8939535533326729
858535,0.307418334998107
858536,0.9999363768768776
858537,0.9996387537341784
858538,0.0207962591213078
858539,0.014231671405598563
858540,0.999945486459098
858541,0.9980384202161995
858542,0.9961736633891723
858543,0.9908003142565206
858544,0.2787844623048223
858545,0.9839470712446299
858546,0.8175571096401255
858547,0.6595327228624766
858548,0.3307379954867622
858549,0.999740733132483
858550,0.9996237416780489
858551,0.045759624023392634
858552,0.9977081725013565
858553,0.9594668663889243
858554,0.04291461847832336
858555,0.0391062247414686
858556,0.513155377889248
858557,0.5730503076664568
858558,0.8937829774963845
858559,0.9909621283242357
858560,0.9992580047419382
858561,0.6854809808598875
858562,0.999464383780253
858563,0.997388264333253
858564,0.9991909066497909
858565,0.3919824751981539
858566,0.9890049979217083
858567,0.7302369927501244
858568,0.9999921566003416
858569,0.16410726073653342
858570,0.7300386581456184
858571,0.9947792599943933
858572,0.9992842874098806
858573,0.9764804378047057
858574,0.9509047368599384
858575,0.9832020955148942
858576,0.6996076026255325
858577,0.31930519046688877
858578,0.24898999398050708
858579,0.057037436518275766
858580,0.7991382540694694
858581,0.9976789135910598
858582,0.9991296879616194
858583,0.9831163327081368
858584,0.18053893743532862
858585,0.9963934800418742
858586,0.25783413507000996
858587,0.9985203419256159
858588,0.9997863531397178
858589,0.9794396321673796
858590,0.6261406221626391
858591,0.9935619755121929
858592,0.6712675657190283
858593,0.29140761204134125
858594,0.5433693119736033
858595,0.9999436540837999
858596,0.8728585960189355
858597,0.9473349760487539
858598,0.9997290884994319
858599,0.9999182666251256
858600,0.21669026749767661
858601,0.9999825978997681
858602,0.9938872525546751
858603,0.9971789912946121
858604,0.9997580761457555
858605,0.030841417365487102
858606,0.05103370360143229
858607,0.7181318824035593
858608,0.9998758457135044
858609,0.034166088350485305
858610,0.10195649712692174
858611,0.9857438045379409
858612,0.9956645259343397
858613,0.07628042546538458
858614,0.9977426666121981
858615,0.29503379246967987
858616,0.9892416928348133
858617,0.6029576145378384
858618,0.7635971170935509
858619,0.9974212454983349
858620,0.9520480672175077
858621,0.7341264847365532
858622,0.7713587300611442
858623,0.016063162229021957
858624,0.9999890244781564
858625,0.3897731753872504
858626,0.9999576190336854
858627,0.9999797112580506
858628,0.016561434306158286
858629,0.9915312974579189
858630,0.8780097395765213
858631,0.9787950818247051
858632,0.982028451655286
858633,0.614659784556222
858634,0.9997454165182562
858635,0.9999898558091185
858636,0.9926846718737481
858637,0.031518486979997026
858638,0.9950560829495384
858639,0.9275341205916731
858640,0.4657251307382412
858641,0.3503548034383316
858642,0.9413794456902254
858643,0.4868022343239606
858644,0.19444363622803515
858645,0.9997101748083994
858646,0.999942747146237
858647,0.5258593027228168
858648,0.9999193858844362
858649,0.9056460872985187
858650,0.9998333190589874
858651,0.9526754322842794
858652,0.9992451364511834
858653,0.1571328795694633
858654,0.9134237010047668
858655,0.6575438747780152
858656,0.5487798797879299
858657,0.9999671371619006
858658,0.9925823550293318
858659,0.11423043975272934
858660,0.9940906644240225
858661,0.9998243780803018
858662,0.022671969453185795
858663,0.9999380412957128
858664,0.9936780402633392
858665,0.5255310062681878
858666,0.999159482660875
858667,0.9956550400908464
858668,0.8069347721039664
858669,0.9794644692941432
858670,0.6614089953098317
858671,0.39926109517823627
858672,0.20380475462431866
858673,0.8460303153926518
858674,0.967890640344125
858675,0.04327980628851728
858676,0.9999009466211883
858677,0.9939979256945966
858678,0.895317702899165
858679,0.47431973204538114
858680,0.9960364643361335
858681,0.9525320706943566
858682,0.9978648803353105
858683,0.9999854606983677
858684,0.9999735496781024
858685,0.41242832100612153
858686,0.7134724079359083
858687,0.8261304510538512
858688,0.9909061849982801
858689,0.9979437406663525
858690,0.9996189047845293
858691,0.9915726001614648
858692,0.010196977880748432
858693,0.9621537124527002
858694,0.9888131597565191
858695,0.9819933186604981
858696,0.9919858243989275
858697,0.9962039423777401
858698,0.9998799958728644
858699,0.6184661781020468
858700,0.9985633408903836
858701,0.9999364949517193
858702,0.074004028010259
858703,0.9985700154264374
858704,0.7625956513924945
858705,0.9219684592791331
858706,0.9998959297136312
858707,0.9995183434144492
858708,0.9983420504912934
858709,0.7322681847926292
858710,0.9664442814572136
858711,0.24697563475145945
858712,0.996077563628442
858713,0.38367063951898395
858714,0.9906275025493225
858715,0.8122401273167591
858716,0.19367387998011196
858717,0.22857420557126942
858718,0.9999124576547717
858719,0.999804927962479
858720,0.9999551663279402
858721,0.19572386896796423
858722,0.9080730708339367
858723,0.8948135175481363
858724,0.3596393360382235
858725,0.9998990903935527
858726,0.013521514823660454
858727,0.6728087458936693
858728,0.825397876756976
858729,0.930963925859036
858730,0.9973111500934007
858731,0.024232818643005964
858732,0.7236623650284969
858733,0.9956948320947078
858734,0.03401321657337598
858735,0.9998734552669822
858736,0.9983622759287621
858737,0.40595648078503244
858738,0.8785046744782399
858739,0.006317570122296206
858740,0.3952253974818051
858741,0.9999506866866898
858742,0.41112846278660975
858743,0.9995018688479218
858744,0.9923815967634547
858745,0.07186585282203133
858746,0.9679223659122715
858747,0.997042644084064
858748,0.03750045649333361
858749,0.9629464106011966
858750,0.9999946721822872
858751,0.04846778995026085
858752,0.1895504434665587
858753,0.9437503627495203
858754,0.7338322600793676
858755,0.03175273597647637
858756,0.42591447039335795
858757,0.7842310768075361
858758,0.37606567857934114
858759,0.3579030590416038
858760,0.999983907406981
858761,0.849893140643996
858762,0.1823844539918738
858763,0.18382293162060556
858764,0.987100739894519
858765,0.8966829527799793
858766,0.024874102241919313
858767,0.9238651543401357
858768,0.26529598480816535
858769,0.9970443787151472
858770,0.9182770975767153
858771,0.1827866191846798
858772,0.9947395289869074
858773,0.9997734619067795
858774,0.9904424956578177
858775,0.9821759082514079
858776,0.912753713201423
858777,0.3657137082211349
858778,0.9995237331341733
858779,0.9985179761652653
858780,0.6281984432436379
858781,0.9982728811658773
858782,0.23694918636864365
858783,0.9977784998714316
858784,0.02115059167446358
858785,0.4209354641118772
858786,0.9976651638799652
858787,0.7457778070158273
858788,0.9991922781381826
858789,0.2428076735719594
858790,0.3690268209576024
858791,0.2823481822288072
858792,0.9998779456905195
858793,0.9988963172643628
858794,0.7501840247641995
858795,0.0564240413651812
858796,0.03906532603405732
858797,0.9372551727451401
858798,0.9947201692278516
858799,0.6278942286240643
858800,0.9998056267736806
858801,0.6652476621154987
858802,0.46152941680451787
858803,0.039957651245280064
858804,0.08141021728731024
858805,0.13883104812827848
858806,0.5844321549633615
858807,0.40396730526023905
858808,0.28678100525832473
858809,0.565632551742731
858810,0.9999446034796686
858811,0.5818346783631956
858812,0.9999450258722373
858813,0.08651550504898063
858814,0.939294800755218
858815,0.09464103203050786
858816,0.9005042631449256
858817,0.39902873095992575
858818,0.9999580303163411
858819,0.9999045343531824
858820,0.9914788638711264
858821,0.957912339090705
858822,0.9139052499169111
858823,0.9853980698947873
858824,0.039646838754514815
858825,0.9999720747216201
858826,0.8312750068090735
858827,0.6427762801889682
858828,0.9997213061040586
858829,0.9414486579565479
858830,0.9998285662003291
858831,0.9286897364780371
858832,0.9969267808745289
858833,0.024208171653319736
858834,0.3895476454771925
858835,0.9995093760293161
858836,0.9943600102838733
858837,0.702474048358986
858838,0.8220358239119124
858839,0.12584980780121618
858840,0.9920958019770607
858841,0.03210890581302581
858842,0.7787215357097412
858843,0.9904680762675049
858844,0.9984893922234309
858845,0.9996417439854792
858846,0.9992055144595
858847,0.999899815490715
858848,0.9996908737368755
858849,0.31513963027886943
858850,0.16261452554841416
858851,0.7627882735983488
858852,0.49339710216550886
858853,0.026673221348814436
858854,0.9947778410905647
858855,0.9921272327175479
858856,0.9960244711378363
858857,0.9820840727643108
858858,0.9989012735558573
858859,0.9904470552728872
858860,0.9992846682628594
858861,0.06398774278704067
858862,0.04885468417884374
858863,0.08103310465782806
858864,0.583395121903373
858865,0.729003124737091
858866,0.9999762954165982
858867,0.817539118776132
858868,0.9994147297312936
858869,0.9998529294477297
858870,0.9988602921357851
858871,0.6319562896508927
858872,0.8648398238909063
858873,0.9863167435830813
858874,0.056799546673575854
858875,0.999923803088965
858876,0.9896203926484013
858877,0.9996752235626039
858878,0.9996748640564409
858879,0.9974571843348076
858880,0.7124980235276834
858881,0.4033240422767652
858882,0.9998601341630764
858883,0.9944588230868786
858884,0.9997164341673008
858885,0.019392106519168874
858886,0.782050607202069
858887,0.1123214528466853
858888,0.7428125119165816
858889,0.6307979907914907
858890,0.6889147132605782
858891,0.9552985263102395
858892,0.5780489101694519
858893,0.04020436500235684
858894,0.11033567521895038
858895,0.8688384714416345
858896,0.9561597486020902
858897,0.7506570632884945
858898,0.9996799135306499
858899,0.49319540061366973
858900,0.9999433609310558
858901,0.3372307980661648
858902,0.5116889862840579
858903,0.7656172769482805
858904,0.0973623361032409
858905,0.2656609963790212
858906,0.9997527916618318
858907,0.9999116854881249
858908,0.8389589134353276
858909,0.2014801090382626
858910,0.9997888108692241
858911,0.9360338675968392
858912,0.967920775602752
858913,0.9974995365942937
858914,0.9922406788618506
858915,0.9998241103036448
858916,0.9972045670596142
858917,0.9870730092856872
858918,0.0794642375972897
858919,0.9999914678307683
858920,0.9261572922049675
858921,0.8059694198555853
858922,0.744796084774971
858923,0.9999656496297346
858924,0.489259488809237
858925,0.8185160981859847
858926,0.9766871120084211
858927,0.9998721242579349
858928,0.9754673467548878
858929,0.9998766748830921
858930,0.9976065367322813
858931,0.6053100845952739
858932,0.8843679202972794
858933,0.11076392482300355
858934,0.9999616366510571
858935,0.9989626103781937
858936,0.999769169153498
858937,0.6941276495274838
858938,0.9848300551612987
858939,0.3901828838710542
858940,0.9989652275237944
858941,0.02819405815891128
858942,0.9888049150788607
858943,0.33981895885121866
858944,0.9688448334499884
858945,0.7326169388568455
858946,0.9463859874922164
858947,0.9972409621981233
858948,0.9963385840157432
858949,0.99947089056675
858950,0.9920208527749323
858951,0.9991506353830708
858952,0.9931682775558299
858953,0.3460088294681284
858954,0.08933316335533106
858955,0.9484565273397371
858956,0.9956780617846197
858957,0.0014444971607949966
858958,0.3965949364306841
858959,0.999832657463151
858960,0.09438452104778387
858961,0.10723944096165314
858962,0.9983778153710785
858963,0.9869500220011574
858964,0.9993659467864136
858965,0.998421549557371
858966,0.17003751103177905
858967,0.29471785820636054
858968,0.9998353120540746
858969,0.9193972072716045
858970,0.9140978385751014
858971,0.9988051895272565
858972,0.9499836462396172
858973,0.995810375964745
858974,0.6189260798281568
858975,0.9997616688495942
858976,0.9998418421749713
858977,0.9999928254520586
858978,0.9989658111285438
858979,0.9998234735668547
858980,0.9793748695086855
858981,0.022379720899063024
858982,0.48336386901903505
858983,0.7243748398378195
858984,0.9995270972126435
858985,0.9235664954866246
858986,0.12179064734153151
858987,0.712986439673263
858988,0.215932201249029
858989,0.9999357459465112
858990,0.9987713786334877
858991,0.8057423904780501
858992,0.9596906035032217
858993,0.9998499874626956
858994,0.016448090294558862
858995,0.9382145169180545
858996,0.2483182960369067
858997,0.013951765099137514
858998,0.39493900713870267
858999,0.30596804676292233
859000,0.999747080534712
859001,0.8203073493784491
859002,0.9980988242837836
859003,0.98455996973171
859004,0.9997570082278391
859005,0.9992549184256165
859006,0.9988508577030992
859007,0.9935315160173169
859008,0.6654286748505022
859009,0.9498061769966522
859010,0.6199700285400753
859011,0.9861360951305417
859012,0.05653007413380483
859013,0.9997926457484632
859014,0.9950040589420118
859015,0.2998498451351184
859016,0.9353517929853064
859017,0.9971104250747204
859018,0.988503904150482
859019,0.9483072499748595
859020,0.3431787550671218
859021,0.9686450579707658
859022,0.9985344108749339
859023,0.9999249099995287
859024,0.9705440841242188
859025,0.5381693041910018
859026,0.6490670305593488
859027,0.5320537693585508
859028,0.999304535773444
859029,0.9989180507603478
859030,0.07684995068778254
859031,0.8385266732163805
859032,0.10063694119870761
859033,0.999074294590197
859034,0.09533670099720024
859035,0.0472774843910921
859036,0.11413776965243458
859037,0.9999861006576883
859038,0.9991667540560414
859039,0.9907123747143515
859040,0.6114195955044892
859041,0.03481127574752605
859042,0.14487534498470148
859043,0.9593566326534257
859044,0.9997222377674653
859045,0.04206024546359409
859046,0.036536412825534645
859047,0.999699817908863
859048,0.9692839272989885
859049,0.9875278600213869
859050,0.6700095931473145
859051,0.6886692770828468
859052,0.9408849964606534
859053,0.3661396264777425
859054,0.34459683640906624
859055,0.9984274269773932
859056,0.9998966990012537
859057,0.9041806791095356
859058,0.97675612060957
859059,0.025695173920801815
859060,0.8411951582607182
859061,0.025031290640935004
859062,0.8569680007593945
859063,0.056533110297546776
859064,0.02257647516077995
859065,0.011752343010115018
859066,0.9886826240013927
859067,0.9997736331086446
859068,0.9926409930389342
859069,0.8447474335623308
859070,0.9994971153882324
859071,0.9738049741615653
859072,0.9922988627410758
859073,0.8402428768744513
859074,0.9999028862911916
859075,0.9762808829331449
859076,0.3612905872264428
859077,0.9999912245115663
859078,0.42868484600372747
859079,0.9998094624709852
859080,0.3752166074487317
859081,0.14735080343297535
859082,0.9540752086533617
859083,0.442234727170696
859084,0.9689156903569153
859085,0.1381635072693404
859086,0.4108741290784074
859087,0.9980413862484203
859088,0.6408041212162792
859089,0.8328820383153552
859090,0.8696429267859428
859091,0.9941981904769359
859092,0.9878379621892692
859093,0.18265571816354556
859094,0.7943376979972201
859095,0.9997337917063669
859096,0.9999572016286491
859097,0.11717208097044857
859098,0.9973307173007131
859099,0.9976181998870889
859100,0.9976265171083801
859101,0.9993890366443994
859102,0.9996396832113685
859103,0.572074832344736
859104,0.8266932639738322
859105,0.6398662598198654
859106,0.16400620863731447
859107,0.47176100723200926
859108,0.9734025271333364
859109,0.9998719425769056
859110,0.9949434933886424
859111,0.16620838223534967
859112,0.9982600347975004
859113,0.8239433593038761
859114,0.9993752787462973
859115,0.991926653026809
859116,0.06394799790213046
859117,0.9980338212250536
859118,0.9984532379327024
859119,0.8343383663459019
859120,0.7866819093343079
859121,0.19566760062535837
859122,0.9999574450353662
859123,0.8039774416067906
859124,0.19152799848763544
859125,0.8923196131328444
859126,0.2784398942139481
859127,0.9962975226480476
859128,0.6759289881703725
859129,0.34425975789964175
859130,0.9977197760529009
859131,0.9988933315906945
859132,0.9996453202881921
859133,0.03939233430819533
859134,0.780172949248034
859135,0.9901088049401221
859136,0.7882792615859627
859137,0.6806347926884007
859138,0.9999092878315029
859139,0.9986133333520338
859140,0.9999773340351522
859141,0.9990470841061919
859142,0.9998669356355612
859143,0.8603683193199139
859144,0.9947940825381183
859145,0.39836724855233746
859146,0.9999375080625303
859147,0.9998521276973055
859148,0.8578571938712432
859149,0.7103951636442516
859150,0.9927657151921803
859151,0.9999163189131004
859152,0.955784839131511
859153,0.9644885826775593
859154,0.9999384406820562
859155,0.011405860137843971
859156,0.9948813863872221
859157,0.3680948871450279
859158,0.9991734327431885
859159,0.9999746800641003
859160,0.9866541320388317
859161,0.9948393979867682
859162,0.5994470042840873
859163,0.9707042116997102
859164,0.9974337540654129
859165,0.37599840702177634
859166,0.1738617186715512
859167,0.9999417750319622
859168,0.8931096109033095
859169,0.027989885597517635
859170,0.3024083958876513
859171,0.2285226937007135
859172,0.9970464078607301
859173,0.9718975540310728
859174,0.7389693094802132
859175,0.9990911313073063
859176,0.02889490399525947
859177,0.4754366922198827
859178,0.30760049811845125
859179,0.9990827215941833
859180,0.9998743762704257
859181,0.7493870761111713
859182,0.16310162011106757
859183,0.9998463717010824
859184,0.9178478416999714
859185,0.9999635586245879
859186,0.6553676302145225
859187,0.09878590754462269
859188,0.07671215367962408
859189,0.9977896363434562
859190,0.9998138651672432
859191,0.4847120592886309
859192,0.017152033008942878
859193,0.9679634897606582
859194,0.17991737732160074
859195,0.7072309703020089
859196,0.3764708776895308
859197,0.9996625454694248
859198,0.8851581974236444
859199,0.18390978653295412
859200,0.9912963157577892
859201,0.002908087927980036
859202,0.9552762016990475
859203,0.9637868911350692
859204,0.595614989812725
859205,0.3500581955628034
859206,0.9993699732010142
859207,0.9998487959220725
859208,0.9586507132651583
859209,0.24499190632422463
859210,0.9999342575134509
859211,0.9365133145779817
859212,0.6475005641961735
859213,0.04703198543174137
859214,0.7742929437487329
859215,0.999839168724121
859216,0.3978192626041576
859217,0.9993714270659311
859218,0.9523057916704789
859219,0.1112192355755139
859220,0.8311593704433795
859221,0.9256960344280898
859222,0.622073463976425
859223,0.10500018940122258
859224,0.8446714105646799
859225,0.6530010003067652
859226,0.9996484579054343
859227,0.021734794185457977
859228,0.17574657006428862
859229,0.9999698552356489
859230,0.691718965304012
859231,0.14336984088775492
859232,0.4861068962978003
859233,0.997171775677773
859234,0.24129824528610555
859235,0.8759481480867577
859236,0.9991686280770101
859237,0.6188513180534571
859238,0.9974554331280951
859239,0.708602116111591
859240,0.9995590652335871
859241,0.6058004750248069
859242,0.007013016091718007
859243,0.19116685820828802
859244,0.9999702222703913
859245,0.09371631159859951
859246,0.9999672430692308
859247,0.21838269653391126
859248,0.013204953833508703
859249,0.5352307148846123
859250,0.9022985760134752
859251,0.996524375666409
859252,0.998461111137956
859253,0.9999868717962411
859254,0.9946685969926855
859255,0.1208805284591091
859256,0.9172296263613999
859257,0.6845994353213016
859258,0.4797069551954245
859259,0.9953448898848937
859260,0.35983801130215387
859261,0.9983687965733844
859262,0.9984840522241849
859263,0.9823517778343904
859264,0.9778741935091108
859265,0.2816943059971631
859266,0.9996576160773745
859267,0.9461845005892743
859268,0.9999045691898489
859269,0.7302486653397074
859270,0.042701125367612995
859271,0.9992519957935733
859272,0.9819164289895288
859273,0.9991676585348646
859274,0.9966574105350244
859275,0.9952760917710302
859276,0.6691806779087719
859277,0.9955508475267143
859278,0.45696771446193507
859279,0.9927717332237285
859280,0.9998619887272373
859281,0.998910481828292
859282,0.44930545193025706
859283,0.24596591075566374
859284,0.34391931238118717
859285,0.719984459496698
859286,0.9985972660106321
859287,0.9997599997201219
859288,0.9882848348179661
859289,0.9994206749944585
859290,0.999959259073958
859291,0.9866275162487141
859292,0.6646285842689444
859293,0.9984721218349912
859294,0.974537996285531
859295,0.8474830867625018
859296,0.2056933524952984
859297,0.21043885444728316
859298,0.9999001494400929
859299,0.2958781041493268
859300,0.9993642191177767
859301,0.9997394823416192
859302,0.9996419723625831
859303,0.9768088295758757
859304,0.21464113730977935
859305,0.9829278036946474
859306,0.9968590152318928
859307,0.5873057023198958
859308,0.5714476580229084
859309,0.08801232418291524
859310,0.9998983058260964
859311,0.7538964166971795
859312,0.9960313881848888
859313,0.20486410643320757
859314,0.9785113224696453
859315,0.03651076861855568
859316,0.9977737426313745
859317,0.9946610544365577
859318,0.07593318763468972
859319,0.8878482242226087
859320,0.999769778221786
859321,0.006002213186486817
859322,0.9325588786660216
859323,0.9977092205272475
859324,0.5232235350795983
859325,0.9987358598350742
859326,0.9963080897820157
859327,0.7397816420825573
859328,0.9990307120218893
859329,0.17988380175155677
859330,0.28268271285096025
859331,0.012786120627299861
859332,0.9891457908711999
859333,0.8451193773179482
859334,0.006437287209476349
859335,0.9998030971009908
859336,0.9988875997735942
859337,0.3485388148009483
859338,0.14886438706228786
859339,0.03425244417226721
859340,0.003603820092758333
859341,0.09072934874708162
859342,0.9975245601060017
859343,0.9549039765431355
859344,0.9994984726101854
859345,0.9723698604945381
859346,0.8666333847332796
859347,0.9997550832459317
859348,0.9819047893030752
859349,0.9897558149192216
859350,0.09567276761334106
859351,0.9148044524887913
859352,0.9876487876564606
859353,0.05456335664348405
859354,0.993736297056901
859355,0.09299809851684834
859356,0.7879103706415626
859357,0.907927116069464
859358,0.9997048581395444
859359,0.999579872337321
859360,0.9998431020712671
859361,0.9998251748048337
859362,0.9746051309247882
859363,0.9970480749944781
859364,0.9998796410285389
859365,0.9739308958179892
859366,0.9998533548003465
859367,0.7801432301033083
859368,0.12191402284542152
859369,0.219363303565559
859370,0.9543404401902165
859371,0.9992066731041984
859372,0.9492076518860707
859373,0.9844664783109685
859374,0.09627443831793964
859375,0.9993621406663112
859376,0.9811995034288981
859377,0.022574509093316035
859378,0.4676443013302064
859379,0.999388890794195
859380,0.9996679521653549
859381,0.9743223742640161
859382,0.9409363908602387
859383,0.9922756737699487
859384,0.9994718806990814
859385,0.8161075126363182
859386,0.9399825875677885
859387,0.5628737712717874
859388,0.9994071463354628
859389,0.9334118442551823
859390,0.999547797599676
859391,0.8329654742970283
859392,0.4525699375777488
859393,0.03275922941067501
859394,0.9998113526363273
859395,0.886863807430878
859396,0.9996313745105354
859397,0.6890459555732691
859398,0.9934217340116295
859399,0.10350714391386348
859400,0.9948393351228271
859401,0.232615117738448
859402,0.9995347018371182
859403,0.9935395629356587
859404,0.9993595302097795
859405,0.16331157939566854
859406,0.9948371062158988
859407,0.9998557461432288
859408,0.9919042369063076
859409,0.8821665497328969
859410,0.3735310255362311
859411,0.6386328299185172
859412,0.9810861522070913
859413,0.5053297461832085
859414,0.99975428720473
859415,0.0748865420574853
859416,0.9990465130149421
859417,0.6008379376664987
859418,0.9815463637311448
859419,0.7519378463512225
859420,0.999843507668926
859421,0.9983266352623344
859422,0.9057478826836943
859423,0.5256665317025802
859424,0.09899968640193378
859425,0.07067277343618215
859426,0.9992193694114816
859427,0.9836472144979209
859428,0.13905946335641303
859429,0.9913369376092132
859430,0.9999049839764969
859431,0.05141770354233156
859432,0.9995520845631135
859433,0.9389479404993732
859434,0.11660623713536594
859435,0.6327607183738556
859436,0.9950566474950366
859437,0.07737772826818418
859438,0.16786796024565773
859439,0.9987030640699468
859440,0.9559933541419627
859441,0.9997181559672172
859442,0.999222931610739
859443,0.9987568015038979
859444,0.7263431413636374
859445,0.789325526305552
859446,0.9435786942104119
859447,0.999916457893552
859448,0.1686231074831959
859449,0.04215283501355531
859450,0.056170291174754756
859451,0.7865952762941424
859452,0.5104829624706092
859453,0.017597019955566555
859454,0.9999863074455386
859455,0.018101853043796353
859456,0.913874926235031
859457,0.48787384471465883
859458,0.9363274934757256
859459,0.9998163545240055
859460,0.9993795246627876
859461,0.9981482159218513
859462,0.9981116011382516
859463,0.9997138938822666
859464,0.6403712733954052
859465,0.864874365062299
859466,0.6826830152268071
859467,0.008266175358650166
859468,0.9983020426822509
859469,0.9981254357446494
859470,0.9461412990724706
859471,0.9976953097117098
859472,0.9996507931873466
859473,0.9776901447640186
859474,0.9999423835557991
859475,0.5912048823307113
859476,0.0056284052252959
859477,0.020768601522586395
859478,0.9998951038817544
859479,0.3800628545888577
859480,0.9981153164369629
859481,0.9998367065088005
859482,0.7472768107345117
859483,0.9999108647256265
859484,0.6583556291954443
859485,0.14834427476540754
859486,0.9669887154434158
859487,0.9872728355010824
859488,0.9994355568910864
859489,0.033433557544855115
859490,0.9965614541679524
859491,0.7032516761936798
859492,0.999918625014727
859493,0.9988385546157359
859494,0.9990256195899563
859495,0.9785760195998887
859496,0.04535556364974559
859497,0.18672098726876618
859498,0.9994065104287775
859499,0.9999136813354652
859500,0.9027632345318921
859501,0.9998165737082788
859502,0.8167678807027019
859503,0.24583112663599396
859504,0.2375329946086029
859505,0.9968530790086974
859506,0.9996249781878208
859507,0.02067051624195625
859508,0.039541221552559576
859509,0.9999837174000231
859510,0.9948159856625629
859511,0.9471774368924186
859512,0.0050532149276913225
859513,0.45131800308839376
859514,0.9827842759949366
859515,0.9524142092554051
859516,0.7520313072881212
859517,0.9263381416212286
859518,0.9965872669392903
859519,0.006942868857689287
859520,0.42880848620537587
859521,0.7405411382092117
859522,0.9999796984121456
859523,0.9997642339995967
859524,0.052198727508045564
859525,0.13366933671498518
859526,0.9786072806152792
859527,0.22691822918957047
859528,0.9746074747568942
859529,0.9985627781039826
859530,0.9998792464443159
859531,0.5200012793342766
859532,0.9976223813120068
859533,0.9999157483848091
859534,0.8873377357916847
859535,0.904842171765469
859536,0.7436374074454689
859537,0.9967630721957232
859538,0.9546631838614306
859539,0.9987331555967502
859540,0.9998332597468186
859541,0.8110501664287137
859542,0.9943842775112617
859543,0.36273569622223467
859544,0.556398475699305
859545,0.10489324478499037
859546,0.9985332265159373
859547,0.9997954723222525
859548,0.9711410353116439
859549,0.9952675736804928
859550,0.17195053016536346
859551,0.9996150439541337
859552,0.30636859273658335
859553,0.9929399802117196
859554,0.6031233241321066
859555,0.9999947178559255
859556,0.7904998619892745
859557,0.9973477571647142
859558,0.4709926713083891
859559,0.9195454518124607
859560,0.042100892073243426
859561,0.9996770806406853
859562,0.9783579817264587
859563,0.6422557070008218
859564,0.9667322906839715
859565,0.08023463516365666
859566,0.3285782040787215
859567,0.999303370284758
859568,0.9972964797004842
859569,0.9988402147955537
859570,0.6556310909336601
859571,0.18773627017569228
859572,0.8830458363667139
859573,0.9961834616738489
859574,0.9907976293202918
859575,0.9923297419278183
859576,0.9998217765079327
859577,0.9999444373803053
859578,0.9988472199885277
859579,0.8551197053429589
859580,0.21437699813636657
859581,0.9991956160041425
859582,0.9995925065692431
859583,0.39561220222485277
859584,0.5769610346911247
859585,0.9431401307504517
859586,0.9949186292102398
859587,0.3164366511748399
859588,0.9999462625898126
859589,0.04640278898787285
859590,0.9997347906689985
859591,0.9397285809428275
859592,0.013475755089433793
859593,0.0892695636336114
859594,0.5761810206740865
859595,0.7256181765756895
859596,0.7526972290193235
859597,0.998429208360438
859598,0.9966328427210717
859599,0.9999866731702653
859600,0.9979398694168409
859601,0.9052457779248155
859602,0.20210617373259876
859603,0.02588945941463104
859604,0.9999303967954172
859605,0.8228826799931614
859606,0.9526644339244493
859607,0.9996299281270504
859608,0.6277054432062672
859609,0.9975832445852986
859610,0.9994165155084417
859611,0.19034995356018605
859612,0.7074632654072049
859613,0.9999227075604785
859614,0.9345804929882406
859615,0.005923806198257546
859616,0.9997243652825142
859617,0.9918818126323026
859618,0.34567767326541676
859619,0.8668196496176273
859620,0.9993927993719112
859621,0.8601723633156975
859622,0.5206055557139759
859623,0.9991850092881482
859624,0.9962808848658835
859625,0.9998805488980042
859626,0.9968877526815041
859627,0.08113417172441345
859628,0.9866859900281272
859629,0.5116859292402277
859630,0.4063768340547364
859631,0.9999718699014976
859632,0.9699690070933029
859633,0.06483758472911481
859634,0.9258888728545805
859635,0.2846690845853706
859636,0.047678007409526144
859637,0.9572025615950522
859638,0.7977531113817549
859639,0.9996238825854931
859640,0.999895250447171
859641,0.7685462192112922
859642,0.9997770479228942
859643,0.690331735677541
859644,0.05401901071775257
859645,0.970552334951656
859646,0.4969630414223118
859647,0.5470550148912272
859648,0.9974905672777767
859649,0.995957578805411
859650,0.9988623554920852
859651,0.7036683509149939
859652,0.17790500209351032
859653,0.1205716533134025
859654,0.9669107361382097
859655,0.9983980262222455
859656,0.013008315314512835
859657,0.9999819423271163
859658,0.5690559861261729
859659,0.7827340424568667
859660,0.9585275426409497
859661,0.9533049513214218
859662,0.6534251330484964
859663,0.9442128112810342
859664,0.9991303966754781
859665,0.9148003064677844
859666,0.02952854441260218
859667,0.0021291725248046706
859668,0.9646372953496044
859669,0.9996407419218714
859670,0.9988786522952628
859671,0.9994450117000138
859672,0.990589963105329
859673,0.3280627445138716
859674,0.13782368499183373
859675,0.0074451044298107245
859676,0.03939371966131531
859677,0.9998415426277016
859678,0.9998857450391864
859679,0.999800578110245
859680,0.976740138916028
859681,0.05160805561145791
859682,0.9452219642370325
859683,0.3840159814770043
859684,0.009529355069529889
859685,0.6106892976468277
859686,0.9997292414635044
859687,0.9991745767450328
859688,0.08888715141209255
859689,0.30570430214511307
859690,0.9835202009041287
859691,0.10642320636154506
859692,0.24266284851590242
859693,0.6657477639675461
859694,0.9974673458323171
859695,0.1718617441966153
859696,0.04800667860976987
859697,0.999847184574225
859698,0.041782962872552884
859699,0.9973726018894886
859700,0.9996491240697352
859701,0.023072041739643882
859702,0.9998298606752674
859703,0.032202045546290144
859704,0.4489109216616842
859705,0.9998870937346449
859706,0.9698032694371412
859707,0.9956807376459624
859708,0.02291806634478289
859709,0.8568445847634715
859710,0.9582414035204474
859711,0.3803236287065293
859712,0.9997361109196857
859713,0.010520414766832764
859714,0.9990998882219506
859715,0.5758561583307039
859716,0.24865515371943406
859717,0.060414519112138826
859718,0.7308703752593737
859719,0.6256327699922071
859720,0.1786752881916297
859721,0.9559344654317341
859722,0.20422972533141184
859723,0.9989750340389502
859724,0.9996345798153901
859725,0.6794241225509305
859726,0.9993625920003902
859727,0.4057453727821706
859728,0.9909936833037427
859729,0.9049840322645085
859730,0.9525630876318865
859731,0.9989656531748117
859732,0.9718888306848005
859733,0.9998035164201245
859734,0.9965657788105255
859735,0.5393037146260631
859736,0.9924141462865947
859737,0.9998787430516299
859738,0.99888482541956
859739,0.9128968425254931
859740,0.9960235162256943
859741,0.9997873506349189
859742,0.09496604869538977
859743,0.9999309824192004
859744,0.2697603032350785
859745,0.9999094635322971
859746,0.9339014912905894
859747,0.7627301847354774
859748,0.1799384597832893
859749,0.025899990377383955
859750,0.4003488474058179
859751,0.8380737659443931
859752,0.9984678989428198
859753,0.9971758400340005
859754,0.45517759065285956
859755,0.1545895846937398
859756,0.44659250412915497
859757,0.9988135623217947
859758,0.7907499876516273
859759,0.9993827174994324
859760,0.9918170798267161
859761,0.9999557990361447
859762,0.307633201713694
859763,0.9999705388252219
859764,0.9544709535552466
859765,0.8923866726425702
859766,0.999905146892723
859767,0.036164621154426146
859768,0.9923648962071185
859769,0.9975970840226782
859770,0.9997165603567223
859771,0.18836868920284733
859772,0.9615374018972656
859773,0.9867580328170278
859774,0.5800142603394549
859775,0.9997827275221213
859776,0.6212606760777508
859777,0.6033716056292654
859778,0.8122661275735541
859779,0.9190883146536203
859780,0.9999223083734192
859781,0.9999802206494857
859782,0.9857005044915969
859783,0.41992013314433224
859784,0.9979657835936011
859785,0.9998796846649403
859786,0.03673504617188871
859787,0.03249212402263721
859788,0.9997942244908786
859789,0.7808244008363344
859790,0.10255366433040031
859791,0.08143673478727254
859792,0.26428759422067505
859793,0.14562968375531077
859794,0.9337550717691545
859795,0.9996453417973086
859796,0.9988890223270577
859797,0.9963730785027118
859798,0.9999855106568996
859799,0.9999673175341195
859800,0.1921651439513798
859801,0.9999894159560999
859802,0.9999389505464436
859803,0.8084587018220152
859804,0.765332691012272
859805,0.9999391362835917
859806,0.06677549964633586
859807,0.999656339420604
859808,0.9998724099836971
859809,0.9994286034751766
859810,0.9866428446946092
859811,0.1865562210444708
859812,0.8413792511975917
859813,0.9470689001239424
859814,0.0776779699364766
859815,0.010714698004142112
859816,0.9657425932555197
859817,0.8819764937975293
859818,0.05043956234902695
859819,0.7794362597745528
859820,0.1288941839326737
859821,0.903006235330863
859822,0.7539594283743933
859823,0.9705143373242946
859824,0.1490482491212257
859825,0.11449402283807117
859826,0.9999782467702888
859827,0.9999716338779998
859828,0.9989459523660293
859829,0.9999070290174764
859830,0.9998931326250602
859831,0.9894967713687675
859832,0.9999535261144237
859833,0.18156888189274328
859834,0.037779257043293366
859835,0.05035675883948685
859836,0.9992603154783587
859837,0.9990080177255332
859838,0.9861240886087598
859839,0.9301675454887139
859840,0.9999733172098689
859841,0.9789071526452366
859842,0.10593806596073152
859843,0.02287508377381711
859844,0.09017812051562442
859845,0.022832752781127515
859846,0.9765594712993182
859847,0.45089554933276
859848,0.5772151615763762
859849,0.9485078579664232
859850,0.46878668404764307
859851,0.9968911771299538
859852,0.9773673001489184
859853,0.9957728674916153
859854,0.9998602615314522
859855,0.018536584911427553
859856,0.9994779105405849
859857,0.9999841793121469
859858,0.999698701910045
859859,0.07765296766941263
859860,0.9987452748638812
859861,0.6482469454384512
859862,0.9991278244405801
859863,0.9630716069731358
859864,0.6773892552678676
859865,0.9996995274287376
859866,0.9136985538835422
859867,0.8940463106796822
859868,0.9113372940083158
859869,0.8045045487032523
859870,0.8669334070003565
859871,0.9953719834131973
859872,0.9980523650793752
859873,0.9831439638208956
859874,0.9999132868424616
859875,0.9796966423146416
859876,0.9948147290698834
859877,0.9724309877359553
859878,0.5800557693972722
859879,0.9991035469725722
859880,0.21943256956266494
859881,0.7795836440001799
859882,0.5823906037048612
859883,0.9998768979265789
859884,0.9994719003851876
859885,0.7420774620471857
859886,0.1450730544072026
859887,0.4820120344650731
859888,0.9999773045081012
859889,0.9997973781306309
859890,0.8372217924096855
859891,0.995727972009772
859892,0.5254412017666964
859893,0.9993379519050589
859894,0.31512937700551946
859895,0.6299092532926217
859896,0.6002108113475924
859897,0.5799264547261751
859898,0.5491337755753102
859899,0.06604237393543534
859900,0.7816188249608182
859901,0.013109427403394713
859902,0.5650513883203437
859903,0.9981516281021358
859904,0.9999655041333578
859905,0.584925650870284
859906,0.992431451751328
859907,0.09591993721495706
859908,0.9990154650790598
859909,0.4137012776218293
859910,0.4354309339562869
859911,0.9999204626586085
859912,0.9927761596786666
859913,0.04844786918431745
859914,0.6776054691232457
859915,0.7731741090947675
859916,0.1504375766252357
859917,0.9997808084583701
859918,0.5508075218920501
859919,0.9721695630514202
859920,0.9997517731675178
859921,0.6296932403075619
859922,0.3199481216478639
859923,0.9992817579871375
859924,0.3467790786984106
859925,0.7860338557345261
859926,0.9998609974556749
859927,0.48206287264137504
859928,0.9993864956573948
859929,0.989503110325797
859930,0.9701720338452595
859931,0.9976799975780134
859932,0.9986390193438983
859933,0.8827422313791954
859934,0.9935492284578388
859935,0.9993773269654732
859936,0.8490018304056095
859937,0.5718610286147519
859938,0.9053701157842557
859939,0.049048183034057766
859940,0.9999858138591309
859941,0.9945815328865873
859942,0.45157705758767225
859943,0.9982378074470661
859944,0.6191866350134332
859945,0.9967173927771115
859946,0.1538716573974803
859947,0.9453261975326362
859948,0.9998496085111901
859949,0.7684777667208023
859950,0.4995086372576753
859951,0.05730653762442334
859952,0.5457314151008588
859953,0.22408672626091933
859954,0.7654715922172226
859955,0.025048425606234794
859956,0.5860559893217661
859957,0.4372238039512808
859958,0.5618861864333411
859959,0.9829962401078949
859960,0.5138487619466797
859961,0.19858455542309333
859962,0.1431724193341427
859963,0.008832117218301346
859964,0.9956165495987561
859965,0.025304703026514542
859966,0.711360866622599
859967,0.9995329255571205
859968,0.9725779370726805
859969,0.678816636876664
859970,0.9998389728810586
859971,0.053994726127574
859972,0.9978361068627559
859973,0.44781398156204677
859974,0.08895065430661106
859975,0.4051477178145931
859976,0.9999976247170359
859977,0.020827429107824497
859978,0.5690117077651707
859979,0.9999296462561986
859980,0.9998162695915511
859981,0.9971112898304515
859982,0.9529542569355178
859983,0.07671128042309258
859984,0.033486150123086984
859985,0.39044484554195136
859986,0.9997720726232312
859987,0.4015055865282783
859988,0.8758136486382626
859989,0.9998982749857672
859990,0.9999476955254616
859991,0.9998904136557487
859992,0.4668478638912471
859993,0.6131432881816303
859994,0.7121270045156517
859995,0.013851706237232109
859996,0.9993303006090223
859997,0.7760566422308218
859998,0.014286870598818458
859999,0.9941231741340868
860000,0.996185870404549
860001,0.9984829372426485
860002,0.09720480140039989
860003,0.999339900914751
860004,0.999336399199088
860005,0.7427125147671891
860006,0.9927134709361239
860007,0.9630896030200384
860008,0.9737344745254513
860009,0.103190288713112
860010,0.021355630369763665
860011,0.8832413820903966
860012,0.7096360672257205
860013,0.9306262087483806
860014,0.6263991891340015
860015,0.0684412092656785
860016,0.99498370137771
860017,0.7073612433702428
860018,0.1543859794514985
860019,0.9175622614693758
860020,0.9999858028093476
860021,0.9995521940741295
860022,0.9976473836075793
860023,0.9783607761085009
860024,0.47919884977390376
860025,0.972731377481888
860026,0.9999821081276679
860027,0.7352734804726295
860028,0.9990539936039854
860029,0.060961566888784784
860030,0.05063128388284354
860031,0.999927344577488
860032,0.9997985715605884
860033,0.47421673383979607
860034,0.5775234104954644
860035,0.15436088279134072
860036,0.016791166665920114
860037,0.9725080961575254
860038,0.9968060793287041
860039,0.9999214477657705
860040,0.9259915972720327
860041,0.9999779647004702
860042,0.9997991256358565
860043,0.45715856736929195
860044,0.5112402775181561
860045,0.9821857453923435
860046,0.9716264848098132
860047,0.9998724898396831
860048,0.1741783856002617
860049,0.9979690820245012
860050,0.997514318885542
860051,0.6247969549782915
860052,0.04610410809861254
860053,0.6826369140991682
860054,0.25754778470393735
860055,0.9932734579636668
860056,0.999485012547368
860057,0.9080499706031517
860058,0.05081834682265459
860059,0.9987578041418989
860060,0.9995717018725212
860061,0.9092965583321717
860062,0.5982342051183263
860063,0.012837655787062361
860064,0.9999701082650634
860065,0.9956955624484588
860066,0.9999761108528284
860067,0.9990072075490704
860068,0.9662101586115759
860069,0.9989502658909872
860070,0.5738058349617849
860071,0.6814377263128156
860072,0.9999020994432236
860073,0.9999338805818055
860074,0.06295241987703533
860075,0.9983239631883887
860076,0.14299646612065894
860077,0.9572254506997371
860078,0.3474014657301655
860079,0.18986255858039855
860080,0.09507474723954197
860081,0.9999643033519552
860082,0.9997109572235168
860083,0.59821510456786
860084,0.0864128247522705
860085,0.9996823982160211
860086,0.9999919175379257
860087,0.9507606671726468
860088,0.034446374915848926
860089,0.9994928091292712
860090,0.8090979664177532
860091,0.9413936734799342
860092,0.9999493493024276
860093,0.4090056436179002
860094,0.626652418662528
860095,0.8210820521234692
860096,0.2697932985176692
860097,0.8112027911384834
860098,0.9986048144614743
860099,0.37362248612094245
860100,0.9815355333798916
860101,0.8221502108544596
860102,0.9997194695503684
860103,0.69554547867487
860104,0.9966453790170102
860105,0.9365905389295313
860106,0.21193805256502501
860107,0.9990986180703747
860108,0.9997962060242722
860109,0.33006440220983213
860110,0.9998615507069852
860111,0.8350303887051496
860112,0.9999090450950814
860113,0.9995629197227742
860114,0.9990242524436332
860115,0.9959921935237995
860116,0.9999703848156776
860117,0.9864247719239142
860118,0.7914184765588141
860119,0.8175651732126341
860120,0.28394336713813545
860121,0.9998482133282472
860122,0.06956686841789042
860123,0.998847101152738
860124,0.9994751272582741
860125,0.9161687878708766
860126,0.3106771366799768
860127,0.9844181269335592
860128,0.10018259190419962
860129,0.9999274086116272
860130,0.9999074529598078
860131,0.9996236751566289
860132,0.08717307631374833
860133,0.8077852417063931
860134,0.9901200042794078
860135,0.828386429711654
860136,0.9911423656600133
860137,0.2150891969514237
860138,0.9999591749443648
860139,0.2676401519984254
860140,0.06121291089636685
860141,0.8603044079644537
860142,0.9437454285017199
860143,0.9493955024655891
860144,0.9019018384552362
860145,0.9999458615079378
860146,0.9998105773698824
860147,0.08679125756760035
860148,0.986346585862875
860149,0.9101838737614041
860150,0.2215716892901659
860151,0.9038224318504866
860152,0.08176583142995615
860153,0.9352687312060225
860154,0.9104990756992178
860155,0.7200187843295935
860156,0.2891353390134176
860157,0.9993163884656956
860158,0.9678225787230269
860159,0.027720275757532314
860160,0.07669117721007741
860161,0.010288848692428954
860162,0.30533874897114344
860163,0.7667413713200479
860164,0.9982797500015077
860165,0.497648156828723
860166,0.9995351967642869
860167,0.9981111159410969
860168,0.9625523541040519
860169,0.4739122698517651
860170,0.9608556856349646
860171,0.3080397631504516
860172,0.9970007834487928
860173,0.9999470015443548
860174,0.9935715523764541
860175,0.9997537956200935
860176,0.9974362470494028
860177,0.9999622087218445
860178,0.9998913421283022
860179,0.44100094851904964
860180,0.1313639186998898
860181,0.999829731434064
860182,0.09694134735298726
860183,0.9998113479549631
860184,0.9994111729175201
860185,0.7945186989270436
860186,0.9651548990621849
860187,0.9999827897626503
860188,0.017268423622932176
860189,0.8152080274337276
860190,0.9268191312146163
860191,0.9678280904080756
860192,0.8146394749010446
860193,0.9968494734151424
860194,0.9708022666679186
860195,0.057499838360710834
860196,0.2973491345133826
860197,0.8053878017927814
860198,0.23098220028543978
860199,0.26047492088556135
860200,0.9923258075368678
860201,0.9960000494821831
860202,0.12963830018860867
860203,0.9993395983524794
860204,0.7222523941546546
860205,0.8960185293123992
860206,0.997586270802149
860207,0.24813746557468047
860208,0.9996690339783814
860209,0.5499046926073565
860210,0.9964574137475127
860211,0.08109247159197373
860212,0.8966120675634661
860213,0.940276664071684
860214,0.9996686011519944
860215,0.9576037006962647
860216,0.9544121271914057
860217,0.7835352224939895
860218,0.9946212349354706
860219,0.2769313663987863
860220,0.3047836689684975
860221,0.9270054974503406
860222,0.4274078894963682
860223,0.9997137517282872
860224,0.5783555946492305
860225,0.5011651634702583
860226,0.9689925595383643
860227,0.9998778395339047
860228,0.13580195146918686
860229,0.9986990160491507
860230,0.9542237334417334
860231,0.995207504622886
860232,0.6792178743291126
860233,0.6655215314790985
860234,0.4712918788325986
860235,0.9999781430555356
860236,0.9983029080931037
860237,0.9694064904219546
860238,0.9993405974690186
860239,0.9999823200075955
860240,0.8594369847589437
860241,0.7746029249711996
860242,0.973816901155242
860243,0.9998885809184136
860244,0.6815279391162368
860245,0.9998250725676536
860246,0.8402942986843491
860247,0.9638437475550677
860248,0.9967039724349971
860249,0.2348773602566952
860250,0.9998678046400084
860251,0.9990640743518335
860252,0.9997535920540735
860253,0.38481092093867597
860254,0.5189385286228364
860255,0.9969837064486963
860256,0.9863996755757491
860257,0.9330043964374873
860258,0.01870328334132232
860259,0.992473979805487
860260,0.9461782480419105
860261,0.8746202716239078
860262,0.9990133473143111
860263,0.9990526141278828
860264,0.18186163363236751
860265,0.19423620359753152
860266,0.7158880380995244
860267,0.9997719645435177
860268,0.6675119154250958
860269,0.9600672891827786
860270,0.9815431329558928
860271,0.22879182812332546
860272,0.18867309713657082
860273,0.9827010743811425
860274,0.9957472084283271
860275,0.9997400137691765
860276,0.999852302994456
860277,0.4209833157810874
860278,0.9987341409481427
860279,0.3914849084769046
860280,0.9999100618493633
860281,0.22882946947416616
860282,0.5930818744342881
860283,0.9094359562104767
860284,0.999979778191386
860285,0.12992045931406745
860286,0.9745361547540923
860287,0.05866863264304432
860288,0.9955389448471743
860289,0.9999114729523741
860290,0.9999007398925049
860291,0.46898546314679623
860292,0.9969169563727074
860293,0.011757549567566326
860294,0.3631210776444936
860295,0.12028498624575461
860296,0.4650038407740468
860297,0.6621679088034511
860298,0.6488510875869125
860299,0.9967246670458227
860300,0.9988726736872771
860301,0.26189264592752604
860302,0.9545433577609063
860303,0.9998575962893614
860304,0.9993063731593733
860305,0.9993000955182572
860306,0.9967878993778736
860307,0.5659108085305864
860308,0.7851815560554514
860309,0.4106474117113874
860310,0.9988310886589123
860311,0.7824060747499046
860312,0.9989385174500347
860313,0.9995776786546361
860314,0.9984731559939416
860315,0.9998622327915073
860316,0.9963269019701162
860317,0.8291906041003021
860318,0.9979734030331107
860319,0.5105772068413387
860320,0.22644521287384484
860321,0.48737273911677886
860322,0.3065393859796834
860323,0.0964445634051336
860324,0.9995228096714932
860325,0.9156968411616401
860326,0.5023366581093281
860327,0.9920576910686301
860328,0.960445704024927
860329,0.28014604880840144
860330,0.7256595291889852
860331,0.9988705028287267
860332,0.9432969237507702
860333,0.32788582794722443
860334,0.999685611787476
860335,0.9981208390527643
860336,0.9988003184817036
860337,0.996719756690433
860338,0.38873122020105955
860339,0.8312068342785388
860340,0.9999424402253845
860341,0.9912367795058545
860342,0.3882402167108909
860343,0.9902441191630782
860344,0.601312158644865
860345,0.9998853680418702
860346,0.030715346366666285
860347,0.9906659379405138
860348,0.777325256797241
860349,0.9996790687787008
860350,0.999883529559994
860351,0.9875281026155991
860352,0.016026944881356517
860353,0.4794680196465576
860354,0.9096245108175245
860355,0.9562085254410265
860356,0.7517698534465155
860357,0.9841595979067205
860358,0.0369269141478159
860359,0.16741906758638234
860360,0.999505201516909
860361,0.9993044734213654
860362,0.05527658650553441
860363,0.9977124917682105
860364,0.9973023968456053
860365,0.9986737430118623
860366,0.20101495854747775
860367,0.9996993951486663
860368,0.9530080348624491
860369,0.7315050899986184
860370,0.9942497586649661
860371,0.9999241149830298
860372,0.9996477862697326
860373,0.7530677042025289
860374,0.013148308002811748
860375,0.7818053199271697
860376,0.006630598336208789
860377,0.596758075547013
860378,0.18706107820798368
860379,0.8335443459000587
860380,0.9998021424245023
860381,0.7199955628854618
860382,0.999889425498652
860383,0.8418603979678136
860384,0.9995918177580536
860385,0.9891214790317164
860386,0.029581521322347773
860387,0.9984998672117105
860388,0.4145742108088376
860389,0.9616547455487524
860390,0.999927799471776
860391,0.8844151201169366
860392,0.2447425180167365
860393,0.19061567632026108
860394,0.9993553365358472
860395,0.07907551610123739
860396,0.9999389783976218
860397,0.9997801878848651
860398,0.0415033561616998
860399,0.17894845284014688
860400,0.001426899507099281
860401,0.9998428427863977
860402,0.5814426167964222
860403,0.7202388001705401
860404,0.9830560491387408
860405,0.6204451182501695
860406,0.9997528702377385
860407,0.9997667409502521
860408,0.20766792099644682
860409,0.8837469006186784
860410,0.9999916011680106
860411,0.9878090600799014
860412,0.3687587485959596
860413,0.023912853766885518
860414,0.9725746118560696
860415,0.9591739248128641
860416,0.9975275988440936
860417,0.0018288553375066952
860418,0.8734561671377965
860419,0.06767195157537431
860420,0.27958597006289176
860421,0.9966375037043432
860422,0.2159793892640293
860423,0.9999612119875548
860424,0.5394581298428757
860425,0.0022190823410345923
860426,0.9720785364825428
860427,0.013631333806553816
860428,0.9292277185630545
860429,0.25127432939123584
860430,0.9994907232438857
860431,0.9849330167818926
860432,0.9283915230447696
860433,0.9991178577010298
860434,0.4050162002275538
860435,0.9772028967003646
860436,0.9999854134086568
860437,0.16825164406710413
860438,0.9987108931499041
860439,0.9976318687649327
860440,0.9995621262509831
860441,0.9948985955776609
860442,0.138559276287486
860443,0.10073489016262252
860444,0.9751555684972677
860445,0.9999635446921933
860446,0.20701211085435808
860447,0.16553870075080776
860448,0.7877889655093655
860449,0.32181007881158974
860450,0.13998220865007394
860451,0.9410520984533617
860452,0.981328664643373
860453,0.08297301118751718
860454,0.9997093467190947
860455,0.9999561285616195
860456,0.9990133092866154
860457,0.5412169604451726
860458,0.9994174682736796
860459,0.9994335901116166
860460,0.999510000200047
860461,0.0756781791704354
860462,0.9236128385519511
860463,0.9778371584895635
860464,0.9983193264186027
860465,0.9999162497410715
860466,0.9121317399995175
860467,0.999348207182476
860468,0.911265748478916
860469,0.9996930707848235
860470,0.1414152849149864
860471,0.11517496291040812
860472,0.9984468927030741
860473,0.9949166303766426
860474,0.9955594582291811
860475,0.9984454978631845
860476,0.3916250841852149
860477,0.4040000904934208
860478,0.5518994602569139
860479,0.9966995027224601
860480,0.9998619628086866
860481,0.9959842349836452
860482,0.37653933626964164
860483,0.9998099750545173
860484,0.39649816130774596
860485,0.39763675519244823
860486,0.01123689755283955
860487,0.9979663094178066
860488,0.32216340891011014
860489,0.9877560169732853
860490,0.9995391193261335
860491,0.018137981187488238
860492,0.9999440399548583
860493,0.9898201515789622
860494,0.15419591378996453
860495,0.7721317572002353
860496,0.15944540845298547
860497,0.9989665741150406
860498,0.9985252522860606
860499,0.9999461216063888
860500,0.04240581222650546
860501,0.3282050471512209
860502,0.011167655515434069
860503,0.1881144590670464
860504,0.9738095710626172
860505,0.054137486197598575
860506,0.039562627559951775
860507,0.9975840378705736
860508,0.9940651476358086
860509,0.9997200832932551
860510,0.6447002317433833
860511,0.041972986982922615
860512,0.32075579158468526
860513,0.9980872221045282
860514,0.9527700299341627
860515,0.2780640287637797
860516,0.9995786308203307
860517,0.11813065485953311
860518,0.9368104299850881
860519,0.94217031448989
860520,0.9994084574886952
860521,0.9769806503777005
860522,0.23964008276897006
860523,0.9999740342481256
860524,0.2722635680331353
860525,0.9999819876520538
860526,0.9332401202238079
860527,0.9909375951652848
860528,0.1254016976960178
860529,0.9998623402611795
860530,0.9491592715001531
860531,0.4183247517341453
860532,0.8928459993811741
860533,0.9931573689368
860534,0.00036046708804675365
860535,0.7956443449567794
860536,0.9993672185201524
860537,0.9995341335647956
860538,0.9855321591763804
860539,0.2700558310271889
860540,0.5855283350828684
860541,0.5092241484661018
860542,0.9998711149759304
860543,0.30631072281790456
860544,0.7343039354170751
860545,0.9959484724114853
860546,0.6698764423657892
860547,0.9998425873289482
860548,0.16761858555869963
860549,0.8513737957820675
860550,0.996883166223978
860551,0.6147878437981062
860552,0.99996798584595
860553,0.6183382706914302
860554,0.9999499709133648
860555,0.6293166675162778
860556,0.9927794286577616
860557,0.9001493064304221
860558,0.9999286776817586
860559,0.99948523290372
860560,0.9999327444677343
860561,0.6671896189496643
860562,0.7413735266298376
860563,0.9996034754963987
860564,0.5155648882720261
860565,0.7813450611602684
860566,0.14903250310492774
860567,0.9998358337426951
860568,0.11807447537011977
860569,0.40231642508366955
860570,0.8670207899727455
860571,0.15344798704176896
860572,0.9881616007966982
860573,0.998860907976862
860574,0.999923341142994
860575,0.9980489946679675
860576,0.9982477551051837
860577,0.9299081547503856
860578,0.5771273997539413
860579,0.8764154590088498
860580,0.9996415781213628
860581,0.9780899723969925
860582,0.9999102784981693
860583,0.9999756878094945
860584,0.5625503578928489
860585,0.9844763376066594
860586,0.9400988372890287
860587,0.3118206688311729
860588,0.8540055094020326
860589,0.019430655947404646
860590,0.9996756981670825
860591,0.9998974064823556
860592,0.9999798076054021
860593,0.9999649287654644
860594,0.9999980276992353
860595,0.8677317953578254
860596,0.8250032951443718
860597,0.9407104955590714
860598,0.9997155205048616
860599,0.9963866278770769
860600,0.9828039198051786
860601,0.9998744176266273
860602,0.9831633066049986
860603,0.9999640803140571
860604,0.7450310583693475
860605,0.9998430921391742
860606,0.9995321993729664
860607,0.9839073089130856
860608,0.999811766508228
860609,0.1999824968851296
860610,0.17190638665647898
860611,0.791885006806834
860612,0.9825134927638617
860613,0.999869406316223
860614,0.9994890680521034
860615,0.012288909075100425
860616,0.046174205480990535
860617,0.9999124216105166
860618,0.014098381345303813
860619,0.999862535159923
860620,0.2506790866198835
860621,0.050387227042064386
860622,0.9879759264490936
860623,0.9961755195649116
860624,0.9372986175455909
860625,0.16837564691852752
860626,0.9997608017338282
860627,0.9986529199076217
860628,0.6126820217239979
860629,0.9913936187749688
860630,0.11709262178744752
860631,0.9347762393942576
860632,0.06017499558947723
860633,0.7404748133028708
860634,0.8288858422204453
860635,0.8236091738857725
860636,0.997444660481696
860637,0.9992905923486691
860638,0.9999331753285172
860639,0.9981607552990712
860640,0.9526806935600464
860641,0.019871092621287688
860642,0.999618514985153
860643,0.9992323122915642
860644,0.574561350043348
860645,0.8822329597495258
860646,0.9993243529026898
860647,0.11340026428778872
860648,0.9996889393181198
860649,0.9903319375483526
860650,0.9065014497656135
860651,0.9997083376968723
860652,0.15202169180137887
860653,0.9781598236366595
860654,0.14865433215850116
860655,0.5983851929326297
860656,0.9995419857343413
860657,0.27492728425157326
860658,0.6327676517250854
860659,0.5438782128777093
860660,0.9995512532628263
860661,0.08660577291798016
860662,0.37912383576795683
860663,0.9985575679274735
860664,0.018733815341214266
860665,0.9991567289359093
860666,0.3810356599721767
860667,0.7052427782928108
860668,0.9755852217532401
860669,0.9937405341744635
860670,0.9963161789731243
860671,0.1208544268383843
860672,0.9982225287170944
860673,0.9930057432231805
860674,0.9633381771037115
860675,0.9960409374798191
860676,0.23965574533088962
860677,0.9975905077368445
860678,0.9689392984158177
860679,0.9999117666244433
860680,0.4657818814900829
860681,0.5130406357277144
860682,0.9998510190829643
860683,0.9171184573433808
860684,0.09239291082575089
860685,0.570024013923501
860686,0.9071799583963712
860687,0.999799879712781
860688,0.14141953183554273
860689,0.9955499527843366
860690,0.009060818632178468
860691,0.9193416551835509
860692,0.6014259589636679
860693,0.9916392247796425
860694,0.9738592403196986
860695,0.4798548176697227
860696,0.9962661414896429
860697,0.9995108349825692
860698,0.9885527349276685
860699,0.02823071053503301
860700,0.36542356093807704
860701,0.06012345564269822
860702,0.9999634494729299
860703,0.8498464595383921
860704,0.9923939890950181
860705,0.9998346995457862
860706,0.3042659153946918
860707,0.7511444768780652
860708,0.012594416039617275
860709,0.899524503439273
860710,0.7286987910457665
860711,0.7671230649508631
860712,0.4889660125271651
860713,0.9952248465356165
860714,0.9827803984890773
860715,0.9999889183002293
860716,0.04838981851021697
860717,0.9998190684137613
860718,0.04020616711921152
860719,0.9837947559649639
860720,0.9999739279902989
860721,0.9999402445686983
860722,0.3679107837394631
860723,0.9245810495315039
860724,0.8027257974280201
860725,0.9117626066973958
860726,0.994437687874575
860727,0.9937264061624642
860728,0.9999670478728152
860729,0.8362291309110483
860730,0.9998524663366857
860731,0.8241493532167573
860732,0.8761349882821741
860733,0.8803306535235706
860734,0.9999334804969915
860735,0.9997809119519983
860736,0.41893535210914423
860737,0.7391416417222607
860738,0.9980300712418724
860739,0.7535688330437181
860740,0.016243465445698477
860741,0.9997350374369502
860742,0.8181274786763373
860743,0.9662399179590266
860744,0.9999564872479353
860745,0.998733503934366
860746,0.9790113864898962
860747,0.012027607440413642
860748,0.03008973820563723
860749,0.015477816551265811
860750,0.9995336606677756
860751,0.07603635277598966
860752,0.6468774625743697
860753,0.7233727514748345
860754,0.9998367907962245
860755,0.9994081311217806
860756,0.09682084850858555
860757,0.9887081290142126
860758,0.8557882945885642
860759,0.04748869387078823
860760,0.6174052383062228
860761,0.998951584953998
860762,0.9996561495320082
860763,0.9765650109937275
860764,0.9794730721939082
860765,0.45847403934501435
860766,0.9989270848415306
860767,0.9999863518875751
860768,0.6661231340657455
860769,0.9392178079094726
860770,0.9998981446019406
860771,0.14259053586240478
860772,0.9909047884517904
860773,0.9998895612937936
860774,0.9533914040218109
860775,0.9986164239034152
860776,0.9320606884571478
860777,0.9985623107581622
860778,0.9998814346339348
860779,0.04659880658973757
860780,0.9853090398673108
860781,0.006803856789437918
860782,0.4095119049610434
860783,0.5314782639695056
860784,0.6258776149699901
860785,0.711922948784605
860786,0.663903309675917
860787,0.9998009532482994
860788,0.023710001795778077
860789,0.9973465134681108
860790,0.5806526436207008
860791,0.9997387608402994
860792,0.9990079252664135
860793,0.04342391687735182
860794,0.35241792537085437
860795,0.9969165474303977
860796,0.9887577447473315
860797,0.9977853466184989
860798,0.3034049164564639
860799,0.01658095654352076
860800,0.999960123233234
860801,0.12807787771497073
860802,0.9990030212349537
860803,0.12899419361079806
860804,0.5584983458875541
860805,0.9939740987537742
860806,0.8676092955414418
860807,0.6975814305666598
860808,0.9982293020344332
860809,0.26466764502535345
860810,0.9444676635510918
860811,0.8689405445324442
860812,0.19644565340223355
860813,0.9978271967146741
860814,0.1877194675246981
860815,0.17815754308948623
860816,0.9996126053649845
860817,0.7797571313864423
860818,0.4550219216580285
860819,0.8610256253628317
860820,0.06083527000962102
860821,0.9992912424169922
860822,0.011968913400644682
860823,0.15258851870104986
860824,0.9991583581230803
860825,0.9979503336848291
860826,0.9990021800609823
860827,0.9999104046206085
860828,0.030469779531319185
860829,0.994376322171127
860830,0.3550311573638701
860831,0.4254952379641589
860832,0.9976273854559026
860833,0.9995831100795968
860834,0.9988297503651113
860835,0.9985291484383816
860836,0.5752757561455788
860837,0.9741401975851938
860838,0.010487999644700655
860839,0.61017076295379
860840,0.30982146821782913
860841,0.3789337873668591
860842,0.9999658863422427
860843,0.8832698442633327
860844,0.8934656578286228
860845,0.05485725986628287
860846,0.998257880236443
860847,0.9978374852743039
860848,0.5974420204235003
860849,0.1361055683877488
860850,0.4598401580515689
860851,0.9999158774231454
860852,0.14107806619319552
860853,0.8644090153304249
860854,0.785129836994179
860855,0.013689855342956482
860856,0.9990282657081118
860857,0.9999627618859439
860858,0.8666860401686147
860859,0.712601464598249
860860,0.9999772793743487
860861,0.1411144926261785
860862,0.040370334754053605
860863,0.842118178188563
860864,0.9925042491722122
860865,0.9985152853224206
860866,0.9944353105658341
860867,0.9916413238630305
860868,0.9993237932349599
860869,0.3553898368503998
860870,0.9022043088505873
860871,0.08294992393994147
860872,0.9974831622032079
860873,0.5984308237589715
860874,0.9998903094733088
860875,0.15998487201070083
860876,0.9033247383882971
860877,0.3741819122011023
860878,0.9997777790760645
860879,0.9912124418647043
860880,0.9938858681107268
860881,0.8271049096232239
860882,0.06137588417160635
860883,0.9385436251871049
860884,0.9985902018817443
860885,0.7865879688315784
860886,0.034815228737574117
860887,0.999519885216915
860888,0.9774035825645843
860889,0.9995732660607414
860890,0.04928034134595319
860891,0.8955092558149165
860892,0.013656602570036282
860893,0.22208628407684372
860894,0.9954986052873405
860895,0.999811614899494
860896,0.9997007267214268
860897,0.02375436686445817
860898,0.6080520528716099
860899,0.5441857862728293
860900,0.028139557906146077
860901,0.0707726184847508
860902,0.9998741301296131
860903,0.4229445647420886
860904,0.9338453794459203
860905,0.9986676861266126
860906,0.537996966085444
860907,0.5344990808533416
860908,0.009471422937797023
860909,0.9997579334558249
860910,0.8752340377770054
860911,0.5481295837792556
860912,0.9997637703486852
860913,0.9999134137521081
860914,0.4643062751364949
860915,0.9998953713881771
860916,0.4612842206046092
860917,0.9998433155656394
860918,0.9721144871848553
860919,0.9999630173189362
860920,0.9933889808092345
860921,0.9989645772503272
860922,0.5022973645492913
860923,0.46613242570670915
860924,0.34081802488182156
860925,0.1483470116639376
860926,0.9999043680730124
860927,0.5979648531492883
860928,0.9257508674688049
860929,0.9972532627392755
860930,0.04908698600398305
860931,0.050782950932398194
860932,0.42834127320065174
860933,0.9594129739126782
860934,0.13774621245205337
860935,0.5224878153820676
860936,0.3502223140483015
860937,0.9701351020759201
860938,0.9993457808606192
860939,0.9966787679037903
860940,0.99960853239628
860941,0.016795256777766828
860942,0.9962196294566963
860943,0.9994354140396395
860944,0.9998430247540415
860945,0.9883648281232668
860946,0.9994831142231391
860947,0.602457462730655
860948,0.5193080008013945
860949,0.9997675470517722
860950,0.9884141768368625
860951,0.4265607199442572
860952,0.0036138893014586197
860953,0.7926129865105107
860954,0.3587425064284633
860955,0.024147391808151657
860956,0.3182893145461317
860957,0.0055563279946466695
860958,0.9978134850620822
860959,0.719017310804515
860960,0.09821454433888495
860961,0.29101328560853046
860962,0.9357561591047058
860963,0.0414028561718359
860964,0.061365594214609395
860965,0.21548858329819787
860966,0.9997335367568434
860967,0.9940647537171963
860968,0.7353394255930501
860969,0.00989392857828205
860970,0.8299044789651703
860971,0.999945154238092
860972,0.1831643683374829
860973,0.9990357890793379
860974,0.9999630613842497
860975,0.99993046181854
860976,0.029502472373299032
860977,0.056796601788702966
860978,0.991140741536368
860979,0.9996173430314792
860980,0.9331105390175916
860981,0.04756364420718669
860982,0.987154637921134
860983,0.9999101377860391
860984,0.0038256638603857123
860985,0.9998547729090683
860986,0.9512232413536748
860987,0.3050899766223477
860988,0.9960911436011051
860989,0.9677392224260053
860990,0.9999154065778075
860991,0.9999762087367763
860992,0.9966123229966419
860993,0.998218241946463
860994,0.3418613091345595
860995,0.9369255165827943
860996,0.05786486428743606
860997,0.9999889106440749
860998,0.14085357924531683
860999,0.04807494285120891
861000,0.16928649992818548
861001,0.9958279519415574
861002,0.9999911833887418
861003,0.9957086664934065
861004,0.1985536365057688
861005,0.975633386046117
861006,0.815163251454869
861007,0.5241695385187535
861008,0.2569982322917534
861009,0.9992405972785384
861010,0.05066318304621546
861011,0.9991788456597233
861012,0.9995486602601646
861013,0.04476745591624897
861014,0.9994774296108819
861015,0.4946604928887442
861016,0.24695992999169375
861017,0.4036144487262838
861018,0.999552510672284
861019,0.06953518032976852
861020,0.9998704041861359
861021,0.7470116576083032
861022,0.9999335533451642
861023,0.9994636060523461
861024,0.6192336864036889
861025,0.8233372005293738
861026,0.8342493339229711
861027,0.997048753410041
861028,0.2582825377383742
861029,0.9999460964805875
861030,0.013820210476922803
861031,0.14085712729583189
861032,0.9163477378080505
861033,0.9136513248682219
861034,0.9974378979704972
861035,0.9980548894438068
861036,0.9903494685256014
861037,0.9990624739673171
861038,0.147539707834573
861039,0.9983629114973063
861040,0.9999887483346805
861041,0.9999241278431317
861042,0.16550919858778854
861043,0.9198717986162201
861044,0.15612848520219352
861045,0.8588626103224142
861046,0.9997969082204713
861047,0.8520095420284199
861048,0.9543905451701287
861049,0.09499047537755693
861050,0.9997268352712518
861051,0.23695214270475046
861052,0.8974695478926893
861053,0.9531429099065362
861054,0.1993016342611744
861055,0.9958143484795263
861056,0.6785650082543366
861057,0.9988597461674511
861058,0.03645460183283284
861059,0.8234305749844547
861060,0.9996271121676241
861061,0.9554061269670602
861062,0.9771971575118403
861063,0.24142661229831866
861064,0.017694987246545116
861065,0.07435337468243905
861066,0.984131394801427
861067,0.022780211647391517
861068,0.9601004746032723
861069,0.2901462364776306
861070,0.24985151565663177
861071,0.9094721242609274
861072,0.9996648448143277
861073,0.99964234033828
861074,0.9997992391895871
861075,0.9998769046209356
861076,0.9848433838886761
861077,0.9928025107656466
861078,0.9221800269181799
861079,0.9998278027405936
861080,0.9975052210562684
861081,0.983928912028067
861082,0.9959867753994447
861083,0.9939976748892339
861084,0.9991348420205347
861085,0.21800302482861184
861086,0.026994976865345716
861087,0.9994139592035757
861088,0.8542192849621081
861089,0.9965976031785331
861090,0.9084739231194983
861091,0.0931142217870558
861092,0.9997014560453313
861093,0.027081917830068608
861094,0.9996790633387871
861095,0.13956138211141472
861096,0.819453616429167
861097,0.6215951498083685
861098,0.9402537375325174
861099,0.45921059708102274
861100,0.9996006725878267
861101,0.9999844566715248
861102,0.9989439075506725
861103,0.231937091014643
861104,0.7533052030367227
861105,0.9766861941398278
861106,0.06210786435046231
861107,0.8521534063401492
861108,0.9994212046982858
861109,0.9998125436733407
861110,0.9998722168288279
861111,0.008273224285530824
861112,0.9905849420164373
861113,0.15961873778290486
861114,0.7771917479854082
861115,0.9485033870333557
861116,0.95703228782404
861117,0.5649573976677644
861118,0.172029529797105
861119,0.9965677167732652
861120,0.0624410421702728
861121,0.9723924785970413
861122,0.9996970389001487
861123,0.9964531783707478
861124,0.9955420461333209
861125,0.9994091055729004
861126,0.9993920131935131
861127,0.9868369956745935
861128,0.9976355181864367
861129,0.9997829899895364
861130,0.997365796040323
861131,0.9996534339944165
861132,0.8725751041195456
861133,0.7696499819238818
861134,0.007214374516521407
861135,0.2550559090806173
861136,0.1038406002767503
861137,0.05475081647235136
861138,0.9927483641921641
861139,0.18223247884073535
861140,0.0057161789723699655
861141,0.11283494742222723
861142,0.08639272785641157
861143,0.9977057004035239
861144,0.0035502110232697266
861145,0.11606302811383773
861146,0.5232003172266496
861147,0.6179090062150222
861148,0.9994816641306792
861149,0.9978025117596425
861150,0.9225256245202955
861151,0.998531485372395
861152,0.9998862047902504
861153,0.6417318681885582
861154,0.933568909482978
861155,0.9971377999749865
861156,0.07764858770494892
861157,0.9991940818604443
861158,0.979003175114983
861159,0.00914463582287936
861160,0.9999507648138635
861161,0.6948483248856324
861162,0.038149976206130205
861163,0.9580480237374805
861164,0.9427596881365211
861165,0.9554023802680671
861166,0.999590724030283
861167,0.6033078756777582
861168,0.9186115446849907
861169,0.9999436935337122
861170,0.5141443361695706
861171,0.5980356064169955
861172,0.9999250657313564
861173,0.9999710777080015
861174,0.4385411738690543
861175,0.9791191386300147
861176,0.9227198522358345
861177,0.46430406440302163
861178,0.9589629409074263
861179,0.999942659953606
861180,0.6218203214262071
861181,0.9982070448405018
861182,0.9999660691020414
861183,0.9997877151417418
861184,0.6896595559226746
861185,0.9998628465427327
861186,0.9916140197378411
861187,0.808059024954418
861188,0.9999683861942653
861189,0.9999863709434804
861190,0.9997931781461235
861191,0.9999941302769104
861192,0.040035223508292125
861193,0.9999750966557233
861194,0.999733611819551
861195,0.9421967258182176
861196,0.9973276297230977
861197,0.9953254873868808
861198,0.9974398102895925
861199,0.9995078778194902
861200,0.9995964276967566
861201,0.09254585735234495
861202,0.584478901710417
861203,0.9989908689726376
861204,0.9999786617014802
861205,0.04318036870086532
861206,0.7613719687434697
861207,0.9997113823507868
861208,0.9990830307142753
861209,0.9868458710301937
861210,0.29449945080913215
861211,0.8793066406864785
861212,0.9972560356550186
861213,0.997064587964141
861214,0.8483570506721635
861215,0.039804088875282036
861216,0.07617627796042882
861217,0.9928609947714199
861218,0.009713721221366144
861219,0.8120378670939681
861220,0.6332513512815507
861221,0.9999623490406606
861222,0.9976966426708813
861223,0.9987198088109774
861224,0.277120684252143
861225,0.3372426442333384
861226,0.5851634696273668
861227,0.9999726780328616
861228,0.6917099845780608
861229,0.995098121600231
861230,0.9992470333704409
861231,0.6496013237967017
861232,0.9998308306247267
861233,0.9626200874613481
861234,0.9993830771032977
861235,0.37569722278389045
861236,0.33338079987665437
861237,0.9995816051043616
861238,0.999341012502728
861239,0.903916152939904
861240,0.35031881018393274
861241,0.9959927112728766
861242,0.7234557598466623
861243,0.998050515524419
861244,0.7339630849084141
861245,0.9999903937562844
861246,0.8039064850603024
861247,0.9644827910139464
861248,0.9793678098309203
861249,0.0018040780355550374
861250,0.023992457116355954
861251,0.9407387190550334
861252,0.4474661773642477
861253,0.0801959967339408
861254,0.9982331632221891
861255,0.9991225880044495
861256,0.06909876678273091
861257,0.5861356364161966
861258,0.021020820741410148
861259,0.9128990470268028
861260,0.22713405512661405
861261,0.03274157316046676
861262,0.12640015726059742
861263,0.9742068124083243
861264,0.9782868078594902
861265,0.053985941036188576
861266,0.8027179495436695
861267,0.9786707971313893
861268,0.015026643547994751
861269,0.1475218216215058
861270,0.9996859750552686
861271,0.5306759544913617
861272,0.9845080775411001
861273,0.16697126432755982
861274,0.004327262485490504
861275,0.9998512877538643
861276,0.9989319183788734
861277,0.9999601094942459
861278,0.9948875961360109
861279,0.998081975051046
861280,0.13357467802959588
861281,0.9979663263336842
861282,0.6039436204513777
861283,0.07794513782188926
861284,0.9996616298404231
861285,0.8632533559483775
861286,0.7941687541898994
861287,0.9963949314776495
861288,0.5146375332883022
861289,0.9999871571288319
861290,0.9967980301974404
861291,0.9989694247966066
861292,0.9993468926420432
861293,0.015679724101043353
861294,0.9935162112174878
861295,0.9999919962182147
861296,0.9617517509859914
861297,0.025422390761463656
861298,0.9775959397683991
861299,0.4289555932208092
861300,0.88614896862328
861301,0.9872207527307719
861302,0.30473680035065137
861303,0.996497299166585
861304,0.5769541685644574
861305,0.9964303673317161
861306,0.9996076583164122
861307,0.16670751828086156
861308,0.8745399091386575
861309,0.08280717053653475
861310,0.9999395533611357
861311,0.9993455029643593
861312,0.5399419947900479
861313,0.3604610968457195
861314,0.760958733601597
861315,0.9995289162374381
861316,0.9951647245818391
861317,0.40445552310404714
861318,0.9998978369911639
861319,0.9992972110490054
861320,0.9998017154893359
861321,0.5620597728108983
861322,0.40520388403929375
861323,0.16894937592326176
861324,0.01350132313487018
861325,0.9996381260520731
861326,0.9990836784058752
861327,0.9955759775583906
861328,0.3407993431973999
861329,0.7854674716577907
861330,0.4444515462288367
861331,0.9783323370511674
861332,0.07009060688426376
861333,0.010141176160729664
861334,0.014825937990230489
861335,0.999620039935879
861336,0.9992714884486634
861337,0.9836641667823537
861338,0.9999003168165935
861339,0.9145217509699822
861340,0.9745264799632957
861341,0.6461553803377715
861342,0.999805761274944
861343,0.9983412889301637
861344,0.39498710395404474
861345,0.2809655347434204
861346,0.8457202650540984
861347,0.963959316468893
861348,0.16683222403883122
861349,0.9999758480177623
861350,0.9994991753307443
861351,0.46260515042469796
861352,0.9989299265325525
861353,0.7689512047045858
861354,0.48035954213538734
861355,0.999958842281705
861356,0.9994826422556676
861357,0.009804559027372905
861358,0.9873176149937748
861359,0.655769414752557
861360,0.9875771240246316
861361,0.9998899466668878
861362,0.03883269124425476
861363,0.9997997075954653
861364,0.866458971008575
861365,0.9635454391630824
861366,0.2670972269516968
861367,0.9802121243847264
861368,0.13502088395656262
861369,0.13850035011904455
861370,0.0076390578751783685
861371,0.3188948365275887
861372,0.7736691209087023
861373,0.1385395025817808
861374,0.004843800259065518
861375,0.09055499217827961
861376,0.8342751905170893
861377,0.999987835739719
861378,0.9990086706018454
861379,0.999661225465694
861380,0.004668922309654895
861381,0.980190609481797
861382,0.9784689528135165
861383,0.9979482310957418
861384,0.17513810301742067
861385,0.9916556066413613
861386,0.9605171363020601
861387,0.9656414163050502
861388,0.5417823293550152
861389,0.7979508078204289
861390,0.7354686865501525
861391,0.9997273201894886
861392,0.3508453510557893
861393,0.9997304718992656
861394,0.38718863041892476
861395,0.9999421912453307
861396,0.9664928492251808
861397,0.9991370136500632
861398,0.8609224981002943
861399,0.7012088913891371
861400,0.9716964540448159
861401,0.9361197689047056
861402,0.9995712589901598
861403,0.29858282204448866
861404,0.6956253067860289
861405,0.2118657480044998
861406,0.9986057104463454
861407,0.9985806837711624
861408,0.8624906500355896
861409,0.9774394953087975
861410,0.8461087365751314
861411,0.9986729215305952
861412,0.46100015548658235
861413,0.12061604905228807
861414,0.7278684515130034
861415,0.17246622106179027
861416,0.9993194208871259
861417,0.9997207411343215
861418,0.00810776789099066
861419,0.9979487193554347
861420,0.9935047043659792
861421,0.4563853761878062
861422,0.9800203313205758
861423,0.9940496763159374
861424,0.9985723077214388
861425,0.692459127624095
861426,0.9708088496610192
861427,0.9844735753641943
861428,0.9978276253988226
861429,0.999568147118291
861430,0.9997145450583664
861431,0.016749511465787046
861432,0.9995436593903386
861433,0.9915080891946907
861434,0.9999481896238608
861435,0.7770222217189517
861436,0.8105437437376078
861437,0.9969014735389585
861438,0.9998224085261895
861439,0.9533002380643767
861440,0.9970375179288302
861441,0.8976866942237834
861442,0.9030218285538057
861443,0.9998175402331708
861444,0.9998781670861566
861445,0.013653726390903752
861446,0.9997894330756558
861447,0.4652536431195928
861448,0.011521529606222948
861449,0.9998415761001771
861450,0.5765374010984784
861451,0.9999064345658423
861452,0.6676109758531463
861453,0.2596081754596093
861454,0.9893673004360672
861455,0.9995850842853867
861456,0.15379313718596344
861457,0.49128146658711325
861458,0.45881896618329154
861459,0.9699555161169295
861460,0.9316994681467894
861461,0.07961493911585954
861462,0.33120673136492995
861463,0.9425073273866327
861464,0.1329088536758739
861465,0.9999714476210237
861466,0.17028045512199208
861467,0.9773674538715224
861468,0.9990858506665807
861469,0.5610548699142272
861470,0.1655418982938876
861471,0.06446931949266652
861472,0.821266765999616
861473,0.9997721214549393
861474,0.4537568851349327
861475,0.9963448728374251
861476,0.8353168518437495
861477,0.7497452892126353
861478,0.9990378795628752
861479,0.7092903269764392
861480,0.9964965984742349
861481,0.08136554084411225
861482,0.40547606418341
861483,0.044479779757507255
861484,0.9940373158925859
861485,0.5383068697534046
861486,0.06675675974975778
861487,0.3737320762847153
861488,0.8916371961280123
861489,0.29602711403826426
861490,0.9999867198932152
861491,0.04531671700696273
861492,0.9999349770507802
861493,0.018468295001130425
861494,0.5875306455290871
861495,0.9920709645935541
861496,0.35366840642232367
861497,0.5139081806170317
861498,0.8223582156340437
861499,0.7410035256982006
861500,0.9997937096806109
861501,0.7841131853591741
861502,0.33597474429285135
861503,0.5920117974198027
861504,0.9999152267726851
861505,0.9916371708544882
861506,0.04655368789726816
861507,0.9998390036736831
861508,0.9983535971183015
861509,0.9999737215928344
861510,0.9650162724292104
861511,0.14934004020584105
861512,0.9998633673539736
861513,0.016017668461744204
861514,0.9960872840367286
861515,0.9739323031804594
861516,0.9930008300770675
861517,0.999680566322199
861518,0.8904936767493532
861519,0.9998414641555742
861520,0.1507521696275305
861521,0.9521607298545244
861522,0.011668834646031643
861523,0.003654049502322946
861524,0.984571397079363
861525,0.9949288067748526
861526,0.8913172285802904
861527,0.05473532438797686
861528,0.9282937819183512
861529,0.7244208468646984
861530,0.4884804149787034
861531,0.9995569354917803
861532,0.4969707374418723
861533,0.30023109323524494
861534,0.9995229179355346
861535,0.9958160482403373
861536,0.9972464953791268
861537,0.21355233088727127
861538,0.9182803581662412
861539,0.04705691033774187
861540,0.9999428865562848
861541,0.28862865464543425
861542,0.9388061279335954
861543,0.9997014164403786
861544,0.6918932845606421
861545,0.10284462122234272
861546,0.9959959483474567
861547,0.3816921302138315
861548,0.999914317444252
861549,0.8341210840383733
861550,0.0011430707412596317
861551,0.5019077018424928
861552,0.9798040892375592
861553,0.9953845901957386
861554,0.9996399941580147
861555,0.9601004531671782
861556,0.7893043051029918
861557,0.9847408837444083
861558,0.999883587472365
861559,0.1996127365012606
861560,0.9925967986822376
861561,0.020837073891881528
861562,0.999914256031331
861563,0.9969837632863164
861564,0.5311197366849473
861565,0.9250053289052396
861566,0.14401310394776498
861567,0.9976018037756527
861568,0.9852986966953433
861569,0.19165167850271664
861570,0.9999922319051721
861571,0.9580491846492082
861572,0.6126946293271184
861573,0.2969819165953965
861574,0.9993284970184155
861575,0.06345006337865361
861576,0.9875760485576845
861577,0.1561064079825435
861578,0.9900870513298045
861579,0.9972952655966599
861580,0.004229436178973691
861581,0.9997390647707004
861582,0.9932560893096916
861583,0.9968303053173309
861584,0.9999830164504343
861585,0.1428817052030204
861586,0.12313678082844468
861587,0.9985588276314776
861588,0.9015929039886393
861589,0.14757222137759832
861590,0.9995262118520185
861591,0.3169609272666546
861592,0.7445112885903002
861593,0.9998672831405463
861594,0.21952119823209865
861595,0.010123863880042671
861596,0.843680683649004
861597,0.9146878319239099
861598,0.03724117013209513
861599,0.983242489846307
861600,0.01684686348789115
861601,0.10745381914095414
861602,0.2525148212186639
861603,0.9964293260802619
861604,0.16079988840833048
861605,0.7313170789467688
861606,0.43365924858338384
861607,0.9884950877595683
861608,0.9999488402514236
861609,0.0038548777091280046
861610,0.14789215494434438
861611,0.44672260932018043
861612,0.9986520104890358
861613,0.5507247303079521
861614,0.9997500894881162
861615,0.8953149528420719
861616,0.9633896453989051
861617,0.5149684632117635
861618,0.785563903962965
861619,0.04165177907374802
861620,0.45195610699299077
861621,0.9999776112450787
861622,0.999922224142301
861623,0.9999155368129091
861624,0.3815796319130119
861625,0.9992682266263828
861626,0.03621551220906603
861627,0.4581626015773416
861628,0.9585014742194141
861629,0.9998809253384846
861630,0.8761055124295937
861631,0.9691015060619006
861632,0.9997765167231435
861633,0.8443288016847885
861634,0.9735769694620717
861635,0.9998427952447881
861636,0.9287677148881781
861637,0.7748137163936206
861638,0.9992098472098444
861639,0.9999651190951511
861640,0.919037194223775
861641,0.5510557987422868
861642,0.039760527495560104
861643,0.8782032215559469
861644,0.757231921053581
861645,0.9994348804315955
861646,0.3336769753557092
861647,0.9999674024107594
861648,0.7649606610638486
861649,0.3877811679166473
861650,0.9736373473082776
861651,0.013995309884911485
861652,0.944782207241172
861653,0.8662941021029832
861654,0.9965426406485155
861655,0.9199213018172073
861656,0.651978764823486
861657,0.8284664065648898
861658,0.9922330473043555
861659,0.9898908141000746
861660,0.998002277668784
861661,0.7207472508086147
861662,0.23336427090673928
861663,0.8706538002881932
861664,0.4851324091778934
861665,0.9889628761049187
861666,0.995296367469962
861667,0.031092432792144797
861668,0.14732017826482408
861669,0.9669866225354755
861670,0.827076776815151
861671,0.9819121220459761
861672,0.33542715189154315
861673,0.1619346738648394
861674,0.9989281157674226
861675,0.0533072877640498
861676,0.2719403079187563
861677,0.9992203505116264
861678,0.6865044456313691
861679,0.999457216656136
861680,0.7785636685126305
861681,0.9546244422432293
861682,0.786278687153912
861683,0.27929502839271303
861684,0.09795204475338937
861685,0.9663639719827137
861686,0.9996199645452618
861687,0.6484198988731718
861688,0.9978691284500909
861689,0.9998319861486669
861690,0.999796292899139
861691,0.9999155942619732
861692,0.06692475505832912
861693,0.025048640938870922
861694,0.020748402132402262
861695,0.7036916332974205
861696,0.9995988451205737
861697,0.3571518832841462
861698,0.03452173549390696
861699,0.4090500113479617
861700,0.9830496142248507
861701,0.9997621195992472
861702,0.9946686099784152
861703,0.9999660909055935
861704,0.9999882861485934
861705,0.163304088697056
861706,0.05732369789102211
861707,0.09746968222395402
861708,0.999700275329718
861709,0.9969140845575334
861710,0.965304782684467
861711,0.01850753228690578
861712,0.9720445000895883
861713,0.9992653201335708
861714,0.9945892409796933
861715,0.0771292019420613
861716,0.6958975484976538
861717,0.4696610853760882
861718,0.05859758892453628
861719,0.6698664602287034
861720,0.9989690497070628
861721,0.9945482488389114
861722,0.32666819951387155
861723,0.9896657396528802
861724,0.011890044401813474
861725,0.03430476522976055
861726,0.5772929275503615
861727,0.6020249292045068
861728,0.1598508337183492
861729,0.9902164573580747
861730,0.09588997345374033
861731,0.29823312454729073
861732,0.999772663903543
861733,0.9996414300226226
861734,0.9999325117305109
861735,0.8925390631764797
861736,0.9996057695148247
861737,0.33335128398668756
861738,0.9999344055215462
861739,0.006262932172025355
861740,0.9295077239915066
861741,0.850170608043365
861742,0.18346360857631286
861743,0.20843296931917898
861744,0.9965858961926206
861745,0.999031401766314
861746,0.1830355863043928
861747,0.9857884602161899
861748,0.4574555044723203
861749,0.9583419443074537
861750,0.9176729698930538
861751,0.08536829332031946
861752,0.9999700415149888
861753,0.9996988088723109
861754,0.9620638968996672
861755,0.9993612766971889
861756,0.999935778656613
861757,0.9992607201545949
861758,0.7050610864324967
861759,0.9995451713344083
861760,0.20442931946316353
861761,0.21726302724511204
861762,0.9406184007424314
861763,0.08030535138603545
861764,0.08358185598836412
861765,0.9905735009918596
861766,0.9999156402804085
861767,0.9994466773257423
861768,0.999101622812169
861769,0.9445458466517699
861770,0.9951102439637017
861771,0.543852106147372
861772,0.8000153921194475
861773,0.26814093399612593
861774,0.9997162961107624
861775,0.6899128571038876
861776,0.7723925781192187
861777,0.8476793732145542
861778,0.9883937058068349
861779,0.3844803794143584
861780,0.7844850541424331
861781,0.9790853452491655
861782,0.9932906404253616
861783,0.864960881099724
861784,0.9996610119415241
861785,0.985911816883347
861786,0.9908323025289261
861787,0.9704692798752289
861788,0.9764377279490377
861789,0.9794061779238128
861790,0.6568152630580485
861791,0.9966857178041462
861792,0.13954642410699655
861793,0.012852383959880547
861794,0.9950606718939339
861795,0.982636802713262
861796,0.013991611579330345
861797,0.9985456693363652
861798,0.9998927273817091
861799,0.9860512186412878
861800,0.7824861185742458
861801,0.248304758816898
861802,0.13193390316707065
861803,0.9494178651719827
861804,0.9994645393498865
861805,0.958212302534204
861806,0.999741122843652
861807,0.016127410753406315
861808,0.21812034241860082
861809,0.99990898496164
861810,0.5037443669348804
861811,0.26075130278004843
861812,0.9937205734775211
861813,0.4880825377414324
861814,0.963429656883801
861815,0.1350128089740348
861816,0.6335153868346997
861817,0.9998597267358438
861818,0.999680360552943
861819,0.12529282267030298
861820,0.4864447023797144
861821,0.9846683076067813
861822,0.5314773155567458
861823,0.6333756515173562
861824,0.9459833034434363
861825,0.007548900918136602
861826,0.9867913257316769
861827,0.6676882567050353
861828,0.9618247023225553
861829,0.9994993416908663
861830,0.7407375784116892
861831,0.7328205965881942
861832,0.9983440516155531
861833,0.9630259541080193
861834,0.9979223995609132
861835,0.9992919873596714
861836,0.008077952190426537
861837,0.9998014573866318
861838,0.9997355474562194
861839,0.999551841859136
861840,0.7076041102575663
861841,0.9991402566317659
861842,0.8393468160326678
861843,0.9893095829511412
861844,0.9998240164597099
861845,0.22884676990766456
861846,0.5538100344780833
861847,0.9953986924462143
861848,0.02423246018654525
861849,0.5832801423836883
861850,0.9441482569685897
861851,0.9874067263607822
861852,0.859542400123328
861853,0.07384829662422802
861854,0.9927368391041778
861855,0.9998675850952219
861856,0.5396379358321202
861857,0.9747343505463913
861858,0.915092928953769
861859,0.9993218755266219
861860,0.2496306321097298
861861,0.48518752364721984
861862,0.9949043244364786
861863,0.3533785950043973
861864,0.5873180944737899
861865,0.9999279117186923
861866,0.010529782655325861
861867,0.021447177145146788
861868,0.9943291409773093
861869,0.8810351177846398
861870,0.9766874627479059
861871,0.012044574297234715
861872,0.9935555269826966
861873,0.9999159038637278
861874,0.4822618107532103
861875,0.05724990594668013
861876,0.45366328093776476
861877,0.9992447752332205
861878,0.021021159645891227
861879,0.35569775936310005
861880,0.999453134149251
861881,0.998392481936599
861882,0.026630585458069005
861883,0.9985343260882314
861884,0.9999911445222887
861885,0.9700702269115812
861886,0.0941071220679335
861887,0.9825941403691508
861888,0.8009187913402156
861889,0.5864664970775055
861890,0.9879093989267775
861891,0.9940263957292741
861892,0.9907754681606168
861893,0.9831730307094362
861894,0.9998621892660057
861895,0.9955071867126777
861896,0.9950047775220134
861897,0.8610844866455003
861898,0.9890505797390001
861899,0.9992380645681685
861900,0.9446578858136017
861901,0.004677935287526502
861902,0.7492780298172372
861903,0.9482860302909881
861904,0.03293766618704565
861905,0.9770220587480541
861906,0.9998172044276079
861907,0.011052154998479136
861908,0.9994453670451764
861909,0.9998600546008667
861910,0.9530133460490525
861911,0.5955931689838225
861912,0.5473767144690621
861913,0.3178061182569195
861914,0.37263486382767375
861915,0.9945421218241237
861916,0.9995808647268729
861917,0.5481264953192946
861918,0.9999538807847737
861919,0.021261612107901767
861920,0.999635661924716
861921,0.22069394452251087
861922,0.8492911030414932
861923,0.594238580436443
861924,0.9999806067683388
861925,0.9661276157570111
861926,0.6054240508611567
861927,0.6370329335601307
861928,0.34655160589804046
861929,0.18391675096461632
861930,0.8945440185120546
861931,0.17896381535640932
861932,0.9989035242355049
861933,0.8468235281465841
861934,0.9887375099700977
861935,0.9990865986364054
861936,0.0724495397742889
861937,0.08949485684055028
861938,0.9852753163925607
861939,0.05854063158040124
861940,0.8715154121831352
861941,0.9996915012153158
861942,0.7411954770186783
861943,0.8588336113649855
861944,0.6559606178208484
861945,0.264480057274436
861946,0.8164905367659028
861947,0.16437360639566456
861948,0.9975545521181941
861949,0.48253095564966786
861950,0.0317607631752468
861951,0.9989613676563956
861952,0.23762141537854092
861953,0.43928116860658195
861954,0.77356158428378
861955,0.0207944875600674
861956,0.9613173654017523
861957,0.9155313081566333
861958,0.9999636914524896
861959,0.28766145460953996
861960,0.7581596256033636
861961,0.042966021422958064
861962,0.5275879368934699
861963,0.4513003176283819
861964,0.08191755934430621
861965,0.9999557840649425
861966,0.9993235380816213
861967,0.18680932584120444
861968,0.2278118813481062
861969,0.9993369762699699
861970,0.10081840969448938
861971,0.9297322019567279
861972,0.1734466492695903
861973,0.9998137693250534
861974,0.30284921483698624
861975,0.0912355690612003
861976,0.9958404241945653
861977,0.7123999360564987
861978,0.9939127283543979
861979,0.9956775681232425
861980,0.9976931535452415
861981,0.007026453971900963
861982,0.999473982833402
861983,0.8695393372533062
861984,0.2573204589538833
861985,0.15652775999834498
861986,0.999485915021231
861987,0.14969993988997451
861988,0.999702629259892
861989,0.9948284658804749
861990,0.9998322086075295
861991,0.12209002022997742
861992,0.9998841934610774
861993,0.995120821076662
861994,0.9996802814745978
861995,0.9273845518962236
861996,0.3904785498620291
861997,0.8470956321726562
861998,0.5920720669282961
861999,0.9999306815158775
862000,0.9982554614395229
862001,0.4240153549462242
862002,0.9491997558278144
862003,0.390019411293812
862004,0.01372102750027758
862005,0.22450629570843653
862006,0.9996566207565247
862007,0.9995743281172218
862008,0.13493188996287334
862009,0.9998367644422865
862010,0.32878915712751544
862011,0.9769310326447392
862012,0.9646937958276462
862013,0.9997344012156033
862014,0.9816513002862863
862015,0.8413995819600258
862016,0.9994082451690998
862017,0.9999800029591301
862018,0.3798191716620486
862019,0.5960300548512653
862020,0.9947347055946337
862021,0.9995198458927326
862022,0.9999306832939268
862023,0.9674035883428951
862024,0.071209399754387
862025,0.7241927374047633
862026,0.9996360763344936
862027,0.07487517379047448
862028,0.995637492837255
862029,0.6079770816779777
862030,0.1964217112152419
862031,0.295506726941066
862032,0.04168037232200284
862033,0.9999303887330451
862034,0.18616058261624582
862035,0.8440088035107196
862036,0.16063043403832028
862037,0.2653445802538627
862038,0.9995629892517126
862039,0.5714734259533687
862040,0.9979772055816147
862041,0.10880513737967556
862042,0.7754648142771846
862043,0.018852348418840786
862044,0.7591897177651721
862045,0.05191300896008605
862046,0.9992854205528148
862047,0.9844730786516618
862048,0.8556186648063816
862049,0.9999788943314505
862050,0.9998376365281143
862051,0.18837245263883656
862052,0.5528750759591963
862053,0.7067049709455464
862054,0.9152632113726421
862055,0.06009339306274457
862056,0.9981432068436337
862057,0.8835144369135943
862058,0.7838534159000397
862059,0.21142620820597158
862060,0.6565470013028594
862061,0.9995335048391254
862062,0.9861160068763115
862063,0.9915287480241682
862064,0.9987504147900234
862065,0.6720413337025599
862066,0.8774164827599551
862067,0.9999220180590032
862068,0.42934592977681163
862069,0.9700284076057248
862070,0.7703465779060898
862071,0.9910975852099762
862072,0.9999723599596491
862073,0.9999835336341507
862074,0.9787105185156058
862075,0.9997029714237042
862076,0.9961212243022988
862077,0.9999710176264481
862078,0.7303503572709371
862079,0.09582581000123978
862080,0.9793488124070078
862081,0.7442824001770803
862082,0.9832743823536562
862083,0.9994716863218165
862084,0.9885926155491178
862085,0.9999809993733331
862086,0.9754092727475745
862087,0.4428454356098289
862088,0.9996664854559583
862089,0.219522538807108
862090,0.9997492565991046
862091,0.9997312866082605
862092,0.7676952319556715
862093,0.9996902110572041
862094,0.42462963787812946
862095,0.6719711316714172
862096,0.439469532384683
862097,0.981584554521273
862098,0.4584787253798984
862099,0.9919276006576662
862100,0.9991162846733765
862101,0.9998500607557158
862102,0.9799698272726756
862103,0.9451838121952361
862104,0.999900977104932
862105,0.9554703038916702
862106,0.4799657744645766
862107,0.06781024510355502
862108,0.9892932189879178
862109,0.9889057286193027
862110,0.5669613992433294
862111,0.6622012028966218
862112,0.8786337248677019
862113,0.6623171520659465
862114,0.9999810386276011
862115,0.03570057534634767
862116,0.6858244507902451
862117,0.9953148093501387
862118,0.9994029766291567
862119,0.9591403636323079
862120,0.057876693047988634
862121,0.9993767046642258
862122,0.3608698683928456
862123,0.01846332703001581
862124,0.0556910771649543
862125,0.9999503687747142
862126,0.46703222133382305
862127,0.31821504215776675
862128,0.9994492616049719
862129,0.9988252299800013
862130,0.9975388912345833
862131,0.7846180395290809
862132,0.6340957073349774
862133,0.5270359337995886
862134,0.6352014181014572
862135,0.9985561051049983
862136,0.9675742549576192
862137,0.09295558666150541
862138,0.7821621487596767
862139,0.45872135490000726
862140,0.2177750722088283
862141,0.9998804342185951
862142,0.29374856615758016
862143,0.058963075417488506
862144,0.6210274609575506
862145,0.9330216161196769
862146,0.9879903537272167
862147,0.9947831516316341
862148,0.9993929873794918
862149,0.9998830204123776
862150,0.06479655243966348
862151,0.7498634732889401
862152,0.9033853505528777
862153,0.5747827818086272
862154,0.9259078843913678
862155,0.7634757342808209
862156,0.5888044659264627
862157,0.5079287679941991
862158,0.9995573903975769
862159,0.27998044752060636
862160,0.9999178322893558
862161,0.7784354433345925
862162,0.12976607438205937
862163,0.6820558104023735
862164,0.9982339473940247
862165,0.08421950316422852
862166,0.998893156483693
862167,0.9976680685844914
862168,0.996081684045437
862169,0.4626164577124172
862170,0.9995577311242058
862171,0.05360661087326477
862172,0.1906106167616053
862173,0.44709432766343166
862174,0.16336673890587977
862175,0.570567535538248
862176,0.9995405095114527
862177,0.07099431175034585
862178,0.8367863873772174
862179,0.9968396100883801
862180,0.1292737261616443
862181,0.9976252474166486
862182,0.9536425780612627
862183,0.9991645079934183
862184,0.882454833935659
862185,0.055272870790380096
862186,0.9958740385155979
862187,0.9998230124421573
862188,0.9997811465667483
862189,0.9971971283939152
862190,0.8302448738045228
862191,0.9996603525943156
862192,0.9984187697148859
862193,0.2969920644354779
862194,0.14595980483795082
862195,0.05883669366489753
862196,0.9999764043870998
862197,0.9992321142651628
862198,0.03949433581178918
862199,0.8717547028620649
862200,0.9993481718000108
862201,0.9978346163841336
862202,0.3394387321881409
862203,0.922279752939934
862204,0.1396946643146559
862205,0.2078531587567234
862206,0.8227501582178807
862207,0.9997611145448253
862208,0.33045233756882236
862209,0.4818751929730358
862210,0.9678021937743784
862211,0.9573202438754133
862212,0.985960424952284
862213,0.9999589012751071
862214,0.09018571723117179
862215,0.9926516809654029
862216,0.09946083537205282
862217,0.9943558504934832
862218,0.9417895592437147
862219,0.9912370860597957
862220,0.9996956101634364
862221,0.5717526678334937
862222,0.9999867459948955
862223,0.02846056833106865
862224,0.9996660407615522
862225,0.8211110841394225
862226,0.6204961495134305
862227,0.6526346680992423
862228,0.9999175785198666
862229,0.9972648608490868
862230,0.9912842014830447
862231,0.9795102467583545
862232,0.7752343131194974
862233,0.9110048506036436
862234,0.9764323819492038
862235,0.9954463309586193
862236,0.022545129847855387
862237,0.9133489828293105
862238,0.9927687179962033
862239,0.0037401120302828147
862240,0.9992177210716131
862241,0.5166448276910255
862242,0.9999333631120924
862243,0.8808417251508867
862244,0.9997424137165803
862245,0.9833161469064607
862246,0.4437018664483286
862247,0.3725124090731705
862248,0.9993241511548853
862249,0.5089537601890861
862250,0.029432275957230476
862251,0.9993111445836299
862252,0.8170084082318146
862253,0.9999342610935955
862254,0.9970351059282518
862255,0.47889943620533104
862256,0.1322695125072413
862257,0.8256624972322854
862258,0.15239773433165088
862259,0.9858114079853967
862260,0.8636008361630421
862261,0.7574548273534607
862262,0.6641446060271685
862263,0.1047101365348071
862264,0.99923362514324
862265,0.8255421170423913
862266,0.48848696318085116
862267,0.8342188489801462
862268,0.9998504416546097
862269,0.2223670044029965
862270,0.9773118410799853
862271,0.9730710467040856
862272,0.9988214112588454
862273,0.9999063870269231
862274,0.3006129890738772
862275,0.9987330265993487
862276,0.45452740818878745
862277,0.9864445817027097
862278,0.017881231749967776
862279,0.4219841974631099
862280,0.9994727034740524
862281,0.9985935362938643
862282,0.6380799333548626
862283,0.8577423739323786
862284,0.999664070430125
862285,0.9953611530318718
862286,0.705024063288832
862287,0.9741797624296461
862288,0.0051432414933314345
862289,0.4457846403308061
862290,0.9828929316994043
862291,0.9884214117896384
862292,0.9899897086716845
862293,0.7697997118115288
862294,0.9004739373746096
862295,0.6801735052746766
862296,0.7540915549915475
862297,0.6916801201645991
862298,0.7735084938494086
862299,0.9995892740492031
862300,0.5247166078428962
862301,0.9998809577801646
862302,0.9970457440502833
862303,0.9949587042595326
862304,0.02685805031760715
862305,0.999971567886816
862306,0.9920476500843427
862307,0.6580589062365839
862308,0.9998707796022985
862309,0.9982301127148807
862310,0.7012135050975885
862311,0.9997274574086339
862312,0.998892133094324
862313,0.9999505552624596
862314,0.6207285064101404
862315,0.9694926974983031
862316,0.9993798837921846
862317,0.008105161941372941
862318,0.9991877212716095
862319,0.9059139642722478
862320,0.8261614561556001
862321,0.43605893060734013
862322,0.3145524174562727
862323,0.9998335792866215
862324,0.06627765064848087
862325,0.7053323431087055
862326,0.8926853177893836
862327,0.9895573296982709
862328,0.9999648939743995
862329,0.9995108674249009
862330,0.009774571035087377
862331,0.2440399746969667
862332,0.5726075616940521
862333,0.6962663564161536
862334,0.02981787515029064
862335,0.05299021070647136
862336,0.9982257714983993
862337,0.6304040829288744
862338,0.9999237639356635
862339,0.591314135667482
862340,0.47120762836678365
862341,0.04718674143492465
862342,0.9956468954250339
862343,0.6546835716935606
862344,0.22427026105432635
862345,0.10430458471311764
862346,0.9997383923352321
862347,0.21963822993693247
862348,0.999855583301833
862349,0.670747003981419
862350,0.9717925780547696
862351,0.6500962614687891
862352,0.44360483776211196
862353,0.023719243127727573
862354,0.62711857883014
862355,0.2207670960979367
862356,0.9850614869096929
862357,0.9992660492423295
862358,0.9999495837406482
862359,0.4424801023297338
862360,0.22194120090002478
862361,0.17242548019073828
862362,0.9797363217645219
862363,0.9836242773806279
862364,0.881379570626845
862365,0.009224149757806721
862366,0.9851216380970321
862367,0.23634408935772014
862368,0.6783903268545032
862369,0.8445370748449763
862370,0.5447943658424531
862371,0.9965565962336191
862372,0.9534754876030105
862373,0.8581011597991003
862374,0.999545969300238
862375,0.9997996088353818
862376,0.9796857771546683
862377,0.9992291709661318
862378,0.9560179740141789
862379,0.9995334974218278
862380,0.985611312125816
862381,0.9996268159929654
862382,0.985246661333369
862383,0.9999044395400956
862384,0.3227726382232359
862385,0.3182031223220105
862386,0.9842900467966895
862387,0.6080413888041796
862388,0.9375862967696361
862389,0.28831518079062046
862390,0.48865090810946166
862391,0.885220117652207
862392,0.9999473713376952
862393,0.9993730200440611
862394,0.999445632919383
862395,0.9988307567086394
862396,0.9998234384435114
862397,0.5556731689565979
862398,0.9995702868938485
862399,0.9568398948420109
862400,0.880175829669074
862401,0.04208279736832775
862402,0.9999197904506532
862403,0.47140158035226787
862404,0.9999778448401666
862405,0.2365473338333707
862406,0.03736758390440205
862407,0.5016748175653996
862408,0.8208275903616716
862409,0.995386398906382
862410,0.4937813391337114
862411,0.017398643254704894
862412,0.9963523694253383
862413,0.6627921382303174
862414,0.9996772085559605
862415,0.9992070622174778
862416,0.9493151290854295
862417,0.40246183891615994
862418,0.05237237378017824
862419,0.4255120262665701
862420,0.41922431988551784
862421,0.9999343594467893
862422,0.03978987662505327
862423,0.25962327895705944
862424,0.4291710914522353
862425,0.20350002680103554
862426,0.8919494942306551
862427,0.9979567896726732
862428,0.00883478705127312
862429,0.21977979874573284
862430,0.0019119037343325372
862431,0.632762444274681
862432,0.9991330714525986
862433,0.9998712873801279
862434,0.9995191429951515
862435,0.10322863319140381
862436,0.9999804017281806
862437,0.1094526329321018
862438,0.8712034494745542
862439,0.971092755787106
862440,0.999791137089725
862441,0.8710730600763795
862442,0.9996447572082432
862443,0.11085085651543658
862444,0.9975807595410684
862445,0.9963066622101987
862446,0.04006962110561546
862447,0.9995003099420462
862448,0.4704460834443832
862449,0.24222533142688452
862450,0.11007171293314179
862451,0.9389897692893591
862452,0.99732208193902
862453,0.037400438354799885
862454,0.39265840937198987
862455,0.06716574574278264
862456,0.8519337742514673
862457,0.9942247064684181
862458,0.9999291340357411
862459,0.9999116319266763
862460,0.4367528358049212
862461,0.9962381836423428
862462,0.9995753998366184
862463,0.6147646094699906
862464,0.9994214009901936
862465,0.7154158532011985
862466,0.9093094598702973
862467,0.9856944676118952
862468,0.9999680461953937
862469,0.9997887977385139
862470,0.9997385926267971
862471,0.9997808667174666
862472,0.9993571766857952
862473,0.9522245728216829
862474,0.36586999380167606
862475,0.9999153192272723
862476,0.6073425245881718
862477,0.5515664342257738
862478,0.8429873733834896
862479,0.6991453033123509
862480,0.9996933677492763
862481,0.7687495208405822
862482,0.9540580367269534
862483,0.9990603304561163
862484,0.9803198041444645
862485,0.9996832822058177
862486,0.09386244502569582
862487,0.9996806178294866
862488,0.1021867056884086
862489,0.9991161840053564
862490,0.1737084449171755
862491,0.9996570709254937
862492,0.9998927550264536
862493,0.5640117584547968
862494,0.028710651034403872
862495,0.3274710322953437
862496,0.9670870017871918
862497,0.9982736177454544
862498,0.44803787567676867
862499,0.08447714927247021
862500,0.38978293581867623
862501,0.9737582746022895
862502,0.9988391317863311
862503,0.4845693652719478
862504,0.9505085761855887
862505,0.9923037425791763
862506,0.4303892875275345
862507,0.9994591437407794
862508,0.9980465746218258
862509,0.9998796943886598
862510,0.9076183578357468
862511,0.43707495684982045
862512,0.8776525888170454
862513,0.9996620866524208
862514,0.0572028060274956
862515,0.9985512098186493
862516,0.4773546868897651
862517,0.04540031100917807
862518,0.9996445420557751
862519,0.4422389194628308
862520,0.9501638193090232
862521,0.9960389941811594
862522,0.4461372300924667
862523,0.8290852758683971
862524,0.0878211332342641
862525,0.9990067826828992
862526,0.9992657773834254
862527,0.9990670867493606
862528,0.1389265557073461
862529,0.39777553448736425
862530,0.027284734880512834
862531,0.011115976363962792
862532,0.9995460869830057
862533,0.9719516513668287
862534,0.2155501089271478
862535,0.37165166759258456
862536,0.9820488237073471
862537,0.988465331876209
862538,0.7218784349375691
862539,0.9855179623242923
862540,0.12486627007299855
862541,0.95754263073455
862542,0.982154988497711
862543,0.1915145095172574
862544,0.5637095872888964
862545,0.007093417507644513
862546,0.9077784461541344
862547,0.8506428103058105
862548,0.9721783163524462
862549,0.999309895835492
862550,0.03166887870338578
862551,0.8536866738521154
862552,0.9999044400827228
862553,0.9475831754951096
862554,0.7576542278199947
862555,0.9976919002300964
862556,0.7282249280332531
862557,0.999049483298073
862558,0.8292859986069095
862559,0.47317839523066174
862560,0.6979138555738786
862561,0.996549823802006
862562,0.9760657239877033
862563,0.9144883767942986
862564,0.6243983202233221
862565,0.9995598646322171
862566,0.05339520781292668
862567,0.9999425745081896
862568,0.005026223784338944
862569,0.9995575202564346
862570,0.9868343263037201
862571,0.9999695273289325
862572,0.9995420175609842
862573,0.9954752799268525
862574,0.03463893655851102
862575,0.9921842971955485
862576,0.6623800802954318
862577,0.4578387512883264
862578,0.7534315325181686
862579,0.186207668568368
862580,0.9999778679759037
862581,0.93194670908107
862582,0.4658464574553193
862583,0.8971631640625843
862584,0.04214153652551903
862585,0.9991272093529652
862586,0.990727047757904
862587,0.9999648793522724
862588,0.05399638596763643
862589,0.8364398582182297
862590,0.002129277822992012
862591,0.5524221107619371
862592,0.9955492954625962
862593,0.9943426902577528
862594,0.001674118476062852
862595,0.03505711108539582
862596,0.9427695514916238
862597,0.9983711060344833
862598,0.9999742555341679
862599,0.9999677195549201
862600,0.9999822081527923
862601,0.9511810013129594
862602,0.9741245640838565
862603,0.8844934103346769
862604,0.996678790356733
862605,0.9995143928509349
862606,0.8505711610950693
862607,0.9999515498927425
862608,0.04027325359551713
862609,0.838121801609485
862610,0.9135754963784717
862611,0.9987481787755431
862612,0.8258547775671907
862613,0.1351970517247767
862614,0.9989145128340955
862615,0.4933583396131645
862616,0.5660699290449187
862617,0.9832177499139868
862618,0.9239894357530949
862619,0.9994302351768983
862620,0.14836538286256357
862621,0.929952753388122
862622,0.999845810244343
862623,0.025989226184586444
862624,0.9996339909358487
862625,0.9999398928817314
862626,0.9999515364260264
862627,0.4816064167957403
862628,0.9989374309338646
862629,0.004056470117562407
862630,0.8979139811748471
862631,0.624322964747713
862632,0.42399557978878
862633,0.9954142502571515
862634,0.22131647496464665
862635,0.5311619149128838
862636,0.6073938524993232
862637,0.9931432838336441
862638,0.5543839232627035
862639,0.9998796700231161
862640,0.9995759845512837
862641,0.9878592255321772
862642,0.23493300143143436
862643,0.9997907449563566
862644,0.9980148949539287
862645,0.9948241261469516
862646,0.36234924575739663
862647,0.999906468711548
862648,0.12722111769992367
862649,0.22865798428655892
862650,0.32289211052346384
862651,0.6767389182468624
862652,0.9999317161032217
862653,0.9993595242291241
862654,0.017256838106962793
862655,0.9993263597143376
862656,0.3814847437524734
862657,0.15862614393773733
862658,0.9409781660343486
862659,0.9959200140963667
862660,0.9999889778441939
862661,0.378943839859424
862662,0.6219702508560104
862663,0.09148435431348592
862664,0.3577582545046526
862665,0.014949536170795384
862666,0.9970409010885831
862667,0.9999169319934523
862668,0.9926379925673878
862669,0.2709215853291623
862670,0.23655812726124986
862671,0.9999811422082487
862672,0.3315199421843509
862673,0.9902725203100056
862674,0.8145747934033103
862675,0.01209068915657794
862676,0.8970414441729802
862677,0.7804821612893443
862678,0.99970427450838
862679,0.9820016037889885
862680,0.03597983656118149
862681,0.312839962084807
862682,0.9996364403116909
862683,0.4227636856961603
862684,0.9986723564483221
862685,0.12032054671108926
862686,0.8749206109883811
862687,0.12595165909488887
862688,0.05276130293657726
862689,0.999894615920123
862690,0.99455314507065
862691,0.0811498178399462
862692,0.9998788338159702
862693,0.005384246274898049
862694,0.028443439430573352
862695,0.9514442272257169
862696,0.9995222753701485
862697,0.9845487026006171
862698,0.9998559425119364
862699,0.9995362613618405
862700,0.13430379501080525
862701,0.043564491376626796
862702,0.723493806282107
862703,0.9989795548554761
862704,0.8745818290913798
862705,0.9995326999414378
862706,0.9926328458340052
862707,0.5660245501037195
862708,0.9992862992796254
862709,0.6944333695674005
862710,0.8041343341439441
862711,0.8080735666044283
862712,0.9999110191516352
862713,0.687811127465628
862714,0.9432106071404107
862715,0.9829214478917949
862716,0.5079576997788726
862717,0.18780988058949008
862718,0.7618577322462122
862719,0.5304973291908011
862720,0.10017267625746062
862721,0.9996424543982916
862722,0.9995485062698664
862723,0.9997781421733809
862724,0.032499901866792184
862725,0.38465455651606384
862726,0.9999666024987045
862727,0.9550427615870369
862728,0.8092243295385708
862729,0.9993345389943853
862730,0.8548378631863949
862731,0.1308015092114819
862732,0.7854673170004688
862733,0.9939568841304203
862734,0.9999657156200307
862735,0.44901396654789594
862736,0.9984168850767177
862737,0.9984152832123279
862738,0.9999491369111635
862739,0.8667792510809742
862740,0.7656752387256692
862741,0.9794501905970001
862742,0.9614385517370825
862743,0.08044832784269293
862744,0.09538309783241633
862745,0.06932751174603073
862746,0.9446715057067981
862747,0.8815814645961686
862748,0.9950097076925247
862749,0.9585763831569707
862750,0.877505730651646
862751,0.6400070226219521
862752,0.9935214244395487
862753,0.9994083808834877
862754,0.9935085425828688
862755,0.9993933995200541
862756,0.3884300184854178
862757,0.9999086485368779
862758,0.9996540231591536
862759,0.9991372197007382
862760,0.9995996805671589
862761,0.9909902879026635
862762,0.5405915982508356
862763,0.9425072081391399
862764,0.9999505658854526
862765,0.30603523739675365
862766,0.010826965566705527
862767,0.007393803134419981
862768,0.8484545067007765
862769,0.9153608497929684
862770,0.9972900814929979
862771,0.9808896421061541
862772,0.9996823025172749
862773,0.9995144522259592
862774,0.9990308110447349
862775,0.9950709892849188
862776,0.9984208508972975
862777,0.38627544674927583
862778,0.9999960615460184
862779,0.5292731118061977
862780,0.9976143402732776
862781,0.4095205211177767
862782,0.9843200146680064
862783,0.9508853769685077
862784,0.034858375885877486
862785,0.9764774777253685
862786,0.008446237455061527
862787,0.3631377285989892
862788,0.7919236388653454
862789,0.004043193847925111
862790,0.5627215428041235
862791,0.375637059969808
862792,0.7412143703809991
862793,0.7819709282119662
862794,0.8702361107319904
862795,0.18131229464242182
862796,0.80304633441187
862797,0.8617177799273698
862798,0.14088827652795674
862799,0.23552120497926235
862800,0.42277791202244464
862801,0.03228243442467855
862802,0.6358048735893668
862803,0.05057947882678713
862804,0.16342815474978561
862805,0.9945688083354176
862806,0.2125561258150362
862807,0.05637254698414677
862808,0.8545915714780182
862809,0.9756742038902193
862810,0.9996839597758544
862811,0.4303561069197094
862812,0.5405741147881472
862813,0.9974012551304091
862814,0.0983547436795732
862815,0.9657044101710374
862816,0.9552115013925595
862817,0.9979817866912091
862818,0.6695898327859658
862819,0.9978493130798942
862820,0.6585225891456098
862821,0.9969784776660151
862822,0.9993318527824044
862823,0.8715260543991343
862824,0.34741002241525837
862825,0.9994906066044847
862826,0.9968328627569741
862827,0.9887348486951695
862828,0.01997264992512288
862829,0.9909272456534823
862830,0.9999705776894448
862831,0.9997249233536967
862832,0.1237829778113204
862833,0.01988201225734393
862834,0.9598274859933444
862835,0.5280882791268303
862836,0.9972427580242788
862837,0.9988039678628247
862838,0.9984044932540022
862839,0.9748785561470619
862840,0.8895967454308623
862841,0.9938786304256508
862842,0.9598508696023021
862843,0.8855909182721544
862844,0.9124756415110641
862845,0.5760712736891654
862846,0.9868829747680271
862847,0.9994428121709324
862848,0.9999540878015409
862849,0.99091540360829
862850,0.99998854048112
862851,0.9768899682961335
862852,0.9893511700883197
862853,0.8871908471939665
862854,0.9973895024882111
862855,0.2875570196241742
862856,0.9989729798319773
862857,0.9993608651484067
862858,0.5333726457305974
862859,0.11048115569090625
862860,0.16655995413065666
862861,0.9999715976121555
862862,0.7078326072689889
862863,0.1733230313992962
862864,0.3192880029091859
862865,0.8412220959672283
862866,0.9941746999156398
862867,0.9979584905064605
862868,0.9521248676067815
862869,0.9997568307201536
862870,0.9993616912720972
862871,0.6521296974812698
862872,0.867453479838062
862873,0.9979111916704002
862874,0.06039913046641472
862875,0.9997522493665789
862876,0.9985836744714548
862877,0.9998544551556527
862878,0.9695209675578629
862879,0.047456528609229255
862880,0.9997369935079281
862881,0.16234936962755736
862882,0.8201942373181645
862883,0.9999710758257342
862884,0.009253232723881798
862885,0.010820786266630019
862886,0.9957637233226995
862887,0.08054000744697595
862888,0.844485992645936
862889,0.9912601157315568
862890,0.8737308904842931
862891,0.998764094428664
862892,0.9235340767059003
862893,0.14690444911472805
862894,0.6581284835981047
862895,0.29893135670857823
862896,0.96120602585492
862897,0.41823489585281637
862898,0.9969864418956653
862899,0.998352321017181
862900,0.9186139864847345
862901,0.1515554535369685
862902,0.40502225589480856
862903,0.998995294964427
862904,0.6347380019410912
862905,0.016893005972968878
862906,0.7810404310518513
862907,0.13004564434654067
862908,0.7722808722416098
862909,0.9996162331475935
862910,0.15869286703197588
862911,0.9965656983744082
862912,0.7580879061910251
862913,0.9976639246190339
862914,0.8517954341543883
862915,0.9062682544281453
862916,0.9998900642848471
862917,0.7399882487963878
862918,0.08243444803714939
862919,0.5328320887760398
862920,0.9997706680232104
862921,0.5888712295798753
862922,0.03634827757514264
862923,0.8351958298729459
862924,0.9998790181009867
862925,0.5246155431531134
862926,0.9659538406871457
862927,0.5841532411849929
862928,0.9995809251683585
862929,0.5782482655182165
862930,0.3055974226059285
862931,0.9262503121321674
862932,0.975654760121066
862933,0.00738244393519782
862934,0.7912245659037557
862935,0.9851863448792219
862936,0.999743432954402
862937,0.06567097541676381
862938,0.9832965121562639
862939,0.7057025239614925
862940,0.9998024211767773
862941,0.9999441002857178
862942,0.01221660315595835
862943,0.6242309091498619
862944,0.04575185318799278
862945,0.6528850378800943
862946,0.9995367780997958
862947,0.7777627161228843
862948,0.9998395419942114
862949,0.029138578274252765
862950,0.5807678068592695
862951,0.5356398278982133
862952,0.9964454694079099
862953,0.9976504749009417
862954,0.657291382807303
862955,0.9967173366584078
862956,0.9998759005549672
862957,0.9097537969270517
862958,0.4033748794006807
862959,0.6007219895982553
862960,0.999927035139132
862961,0.6095277813218716
862962,0.9969617014576251
862963,0.34448145316623136
862964,0.5718325389260595
862965,0.46006063562531285
862966,0.9999310248249768
862967,0.8187261087803588
862968,0.867481182700534
862969,0.015330276692045681
862970,0.9254864972888394
862971,0.012121797763443118
862972,0.017874878892989728
862973,0.00975879057976118
862974,0.9937374263612767
862975,0.12652215888353743
862976,0.9997901974570522
862977,0.9943585563872612
862978,0.4767135229664908
862979,0.9999084583584208
862980,0.7159710763615927
862981,0.9999720363165088
862982,0.9041643948370521
862983,0.31408300252131377
862984,0.06129113829512044
862985,0.9992837305736268
862986,0.9996067890532652
862987,0.9710778974415126
862988,0.9996078987490701
862989,0.16781075292236888
862990,0.9044690960548818
862991,0.15127973085108573
862992,0.999719929153255
862993,0.9987761142785101
862994,0.7591639741325222
862995,0.1637334944578302
862996,0.9999104667745708
862997,0.9610661925974406
862998,0.9999093319563035
862999,0.9997811672876409
863000,0.9915912188113154
863001,0.5687492472920549
863002,0.5557018698602249
863003,0.993005082822783
863004,0.9996403071868127
863005,0.9886113678120229
863006,0.39587109289129513
863007,0.9985748299056714
863008,0.9669055525766245
863009,0.06839399374527892
863010,0.0166961503052109
863011,0.908131165574814
863012,0.8881405689503676
863013,0.999957221219068
863014,0.9018074461990802
863015,0.5881362039968542
863016,0.9997606573341186
863017,0.19569241426446743
863018,0.141323179194472
863019,0.9959956276809021
863020,0.9775726073444695
863021,0.999096783353988
863022,0.9645781573432521
863023,0.5867362162808831
863024,0.12870068499594564
863025,0.9345906693611015
863026,0.16318915353084879
863027,0.10528445700552834
863028,0.9972950447479754
863029,0.03621199041136557
863030,0.9885928441608903
863031,0.7353572771327185
863032,0.990377259341576
863033,0.8096936049445036
863034,0.02337124789930388
863035,0.9994865730839911
863036,0.9998389769674971
863037,0.011021674604639556
863038,0.16220822633975496
863039,0.98330271969632
863040,0.6712899812848976
863041,0.12678596373799883
863042,0.9986934493166858
863043,0.2240762432338146
863044,0.9993265006190738
863045,0.999971148254618
863046,0.3329589600363244
863047,0.39034649963075635
863048,0.9995641458861046
863049,0.9996870980658734
863050,0.9985249291778553
863051,0.009482847147225356
863052,0.4479968958680037
863053,0.9998114629006618
863054,0.007737582809806319
863055,0.9999857001058368
863056,0.9271779529069892
863057,0.9938573103740813
863058,0.9865297457850053
863059,0.9997608338139752
863060,0.9994645509612101
863061,0.9998362458852463
863062,0.9999123651027604
863063,0.3820273580796406
863064,0.8224326939758684
863065,0.2565176730086138
863066,0.9996415469585631
863067,0.9838170086640046
863068,0.9633102632199793
863069,0.9995089469669607
863070,0.9984903730920595
863071,0.020363928864809547
863072,0.9920806551690482
863073,0.7822081694246226
863074,0.9998684802098035
863075,0.029757560733928254
863076,0.9596360948072841
863077,0.9969784354587705
863078,0.3039833601447029
863079,0.9774031450216462
863080,0.9999716452017243
863081,0.9963802902380257
863082,0.053441423251758685
863083,0.9996467326886601
863084,0.9884770647896997
863085,0.9996516817932748
863086,0.999885219170477
863087,0.892349970103044
863088,0.9936525660378117
863089,0.9942314406139481
863090,0.9993750477232959
863091,0.3685604449576174
863092,0.9107727328081477
863093,0.9999471830430569
863094,0.18744361303240598
863095,0.9984955997612182
863096,0.06779377550461979
863097,0.9984347235673051
863098,0.9768457989714934
863099,0.21184715897017953
863100,0.957493411686085
863101,0.9992758601891858
863102,0.5850850820874227
863103,0.9998340850414912
863104,0.999719244535806
863105,0.12272334677745948
863106,0.6640039749381929
863107,0.9994807457460759
863108,0.9989084328361028
863109,0.9979111414695938
863110,0.9993544466040535
863111,0.8816730279126384
863112,0.9997272835622695
863113,0.8543852831590828
863114,0.9998488696128468
863115,0.46386237244364414
863116,0.19609105100064578
863117,0.01757382027673077
863118,0.008683458076405156
863119,0.9999911353838988
863120,0.9804456673406803
863121,0.9532719234604259
863122,0.9419433693136339
863123,0.05175040844246409
863124,0.9999347385821308
863125,0.969043909260844
863126,0.9978511730884512
863127,0.995362634228512
863128,0.9971043914349389
863129,0.8166105151951464
863130,0.6334216774463519
863131,0.9995289209890746
863132,0.9999038833380302
863133,0.9978756234551922
863134,0.9998881131905819
863135,0.9981994159433047
863136,0.9992950547831954
863137,0.9997765106920481
863138,0.052681006093275334
863139,0.9978554323239246
863140,0.9982749559844164
863141,0.007150964728282522
863142,0.9996967836547348
863143,0.9995253680857588
863144,0.18981745897926783
863145,0.8900614437099668
863146,0.9998378240163482
863147,0.9999281627026857
863148,0.9933475237230084
863149,0.9695435198076866
863150,0.9994083885397943
863151,0.9982880125301392
863152,0.9421822905946677
863153,0.996550128713273
863154,0.8457759900219659
863155,0.047072945714962115
863156,0.42615982571638783
863157,0.9999436304071271
863158,0.9997972537588528
863159,0.4698163831273932
863160,0.39361430716360757
863161,0.38518566683260547
863162,0.25925101461554256
863163,0.6239999445071032
863164,0.9999637094577217
863165,0.26722796824350437
863166,0.3439998411138702
863167,0.9992558562540481
863168,0.038615698217392275
863169,0.01925111582355589
863170,0.9969852821064742
863171,0.9850258917441024
863172,0.9978433469490986
863173,0.9999822007073749
863174,0.2744104928297477
863175,0.9809439683824239
863176,0.9092381718067364
863177,0.5316828901141877
863178,0.9934782336997949
863179,0.6401998682247667
863180,0.9818998958998294
863181,0.9999453450545639
863182,0.12175196206924488
863183,0.033986949482791386
863184,0.12233400207389325
863185,0.902324566449269
863186,0.6329778293828807
863187,0.07593761126132806
863188,0.9189865141099312
863189,0.729447540943668
863190,0.1931511738081514
863191,0.3834247877604816
863192,0.9992425528367417
863193,0.019931782475073156
863194,0.7674085778353439
863195,0.9816147873821812
863196,0.03312616623837176
863197,0.7531525778743089
863198,0.5629125373165242
863199,0.9948654543754144
863200,0.9987078721903445
863201,0.9933038795905188
863202,0.9787905032292988
863203,0.43326471586247645
863204,0.5233319417434773
863205,0.04288178572155513
863206,0.9998963720561134
863207,0.48773104348726903
863208,0.9999843989759243
863209,0.4009227954437027
863210,0.05362333987712648
863211,0.06536844829081337
863212,0.9902899152251011
863213,0.9999725736713236
863214,0.558928885925764
863215,0.9978582955437505
863216,0.11577351774600501
863217,0.8831875175480206
863218,0.02780271114555189
863219,0.3254942914187782
863220,0.2703455643453994
863221,0.9921636251694776
863222,0.9961401758913156
863223,0.5831987763009039
863224,0.9998069407515313
863225,0.9995412712259908
863226,0.5978639945794527
863227,0.9997720730177901
863228,0.9999439988358199
863229,0.9912468862971677
863230,0.9985479842700875
863231,0.9981780305650398
863232,0.9531928142404054
863233,0.9963435974268436
863234,0.9965333743822242
863235,0.6386677200231123
863236,0.5078405689515089
863237,0.975610283930227
863238,0.9633139919791757
863239,0.8869390611405484
863240,0.9796627852149026
863241,0.9848549401242322
863242,0.9844468935790844
863243,0.5484743554256861
863244,0.8622054076840422
863245,0.9997160525163242
863246,0.12110598658142234
863247,0.020279901184195048
863248,0.9997426661522475
863249,0.9342175159819976
863250,0.6225831607032325
863251,0.79722648975175
863252,0.9999291486118751
863253,0.9990183269287954
863254,0.9998481876534121
863255,0.09424264088649055
863256,0.9734929579742577
863257,0.004096369271299475
863258,0.4656765262574308
863259,0.9988968545501353
863260,0.9987963757405731
863261,0.9996917101685181
863262,0.7387794455792928
863263,0.10330154151634457
863264,0.9997651213707361
863265,0.9991774779822025
863266,0.9358936866429834
863267,0.914781325685661
863268,0.9139730899585035
863269,0.9998205163908904
863270,0.4783595893154252
863271,0.07311000463911331
863272,0.9845881619248649
863273,0.02067410388234011
863274,0.9887556958157186
863275,0.04425659239061444
863276,0.9969472376781696
863277,0.01771173903538542
863278,0.525671734541286
863279,0.5814278130651894
863280,0.21525623098325689
863281,0.538861733858961
863282,0.07481800318898447
863283,0.004382511310641121
863284,0.2726297539226266
863285,0.9999671475640579
863286,0.9998948949256715
863287,0.9994149438083622
863288,0.5326080936330203
863289,0.027608933298904438
863290,0.6629139823371732
863291,0.9414297929112927
863292,0.1285457953864823
863293,0.9988346330407367
863294,0.7849893722393686
863295,0.9806599010775026
863296,0.9998616627976846
863297,0.47032687967945563
863298,0.5406661319800576
863299,0.9996394090083958
863300,0.843923166510253
863301,0.9627751777652475
863302,0.18637972503736272
863303,0.7135829284327833
863304,0.9966751540582051
863305,0.9034733188515487
863306,0.9968623168651524
863307,0.2981350680418762
863308,0.07329566969650994
863309,0.500948836821048
863310,0.8595132572431754
863311,0.9997771476125261
863312,0.9998432297721928
863313,0.5882757367982502
863314,0.9793834991344135
863315,0.7789101915790726
863316,0.9146105522698762
863317,0.9963469283519624
863318,0.9904998821366373
863319,0.8682496499398051
863320,0.0014012616099878905
863321,0.9941793208089091
863322,0.1282188615964062
863323,0.4134551908704106
863324,0.9995936751387215
863325,0.7348454085940678
863326,0.06137758656113021
863327,0.9483782349880434
863328,0.9974805819375256
863329,0.9716391460547034
863330,0.9999169642667596
863331,0.9976962078456585
863332,0.054212536676996485
863333,0.9875153528309586
863334,0.8923578510108912
863335,0.8860389414034353
863336,0.07248801005795494
863337,0.8537542512559317
863338,0.5873808898253206
863339,0.08560679763259652
863340,0.9943895020024749
863341,0.5988850243735029
863342,0.9996953723548998
863343,0.984757268381672
863344,0.8938926143580825
863345,0.9990572428621308
863346,0.0609526902140502
863347,0.6107298372863309
863348,0.9997177848948681
863349,0.9479868536706084
863350,0.07033415232061063
863351,0.9942124156280132
863352,0.9345690485129818
863353,0.9999519315457339
863354,0.9998753813502124
863355,0.09174188559352443
863356,0.6477340644655276
863357,0.9841435052332216
863358,0.5723845481831019
863359,0.9999021020923811
863360,0.4658154584666595
863361,0.46461488334409734
863362,0.9997646870562633
863363,0.9555013133244431
863364,0.6132198086415392
863365,0.927797131243965
863366,0.9985384441200883
863367,0.9995860540175507
863368,0.9999556918484216
863369,0.012424162300174292
863370,0.5995658472103299
863371,0.9102981271770876
863372,0.5927869046167242
863373,0.01842716675263925
863374,0.2881094138342397
863375,0.9991972531440465
863376,0.44335675953865433
863377,0.9871097328494978
863378,0.14911485205435876
863379,0.9995575854784381
863380,0.9969474662404947
863381,0.9996595248575765
863382,0.6494620109065375
863383,0.6957735151237596
863384,0.9893965195764128
863385,0.9996417628132768
863386,0.9996054088974099
863387,0.18711615946329418
863388,0.10822819299779798
863389,0.08678177776762652
863390,0.821077702354259
863391,0.46107211102550394
863392,0.9998272756549837
863393,0.3565585220894524
863394,0.980212956657541
863395,0.998345906167884
863396,0.9941082027557853
863397,0.5020346352310052
863398,0.9945379896263173
863399,0.9999782751867798
863400,0.020425381625426228
863401,0.9847724800965525
863402,0.5022729761747832
863403,0.45350266635797853
863404,0.9740970253981703
863405,0.003825706236898088
863406,0.9994873303213216
863407,0.11669087719154336
863408,0.8590570800923392
863409,0.999381525865408
863410,0.9991047473176671
863411,0.9935224760537339
863412,0.668624509361705
863413,0.02898467533976999
863414,0.9358087282219341
863415,0.9965739314929535
863416,0.8085697810288878
863417,0.9983077458981988
863418,0.9564127922745864
863419,0.2276780548024979
863420,0.9750209146947257
863421,0.994918813153838
863422,0.9987419503588466
863423,0.7427187175931378
863424,0.23163101714602663
863425,0.23741639137448975
863426,0.9823688240889916
863427,0.46279655188908386
863428,0.9990626388363486
863429,0.9998443334668841
863430,0.7437170576500535
863431,0.9998694463593598
863432,0.6916062129969437
863433,0.9831956123161035
863434,0.9999899717897752
863435,0.2311539747819912
863436,0.9996613793584783
863437,0.6729380982794341
863438,0.9982901997800032
863439,0.05303408990566488
863440,0.9969820439143979
863441,0.005549056610296131
863442,0.4614437059347193
863443,0.013460602596064523
863444,0.9993391040655837
863445,0.14787663472432605
863446,0.8206769142327173
863447,0.95927685005297
863448,0.20563456782444345
863449,0.01665300219608451
863450,0.9993363225685952
863451,0.6486532144387176
863452,0.9924298760977348
863453,0.0363956806171183
863454,0.19742845112663737
863455,0.9996896771685846
863456,0.833054409569641
863457,0.6092959990421355
863458,0.9999135860537156
863459,0.1393085030713904
863460,0.9999613658459345
863461,0.9993291805366824
863462,0.9998156735478932
863463,0.33068566347749095
863464,0.6867276240892295
863465,0.8602208364087283
863466,0.9999706154560314
863467,0.0709975486490715
863468,0.19087846198425898
863469,0.9904311700802544
863470,0.7520713067734237
863471,0.9802847115638206
863472,0.9883984591024535
863473,0.4624354959747461
863474,0.5793694074054196
863475,0.9991848485019983
863476,0.9999414098784207
863477,0.8317500157387665
863478,0.9959314563328777
863479,0.9424644913235227
863480,0.7434722009180483
863481,0.9997826438029169
863482,0.5359354882424313
863483,0.8953275382511774
863484,0.8202611191961418
863485,0.7590406802334282
863486,0.5757948752812366
863487,0.9996645333292713
863488,0.36543584285311714
863489,0.997588027769253
863490,0.07139536184570468
863491,0.9998325313360577
863492,0.9936441590368339
863493,0.9997683504532551
863494,0.26900632697932164
863495,0.9999350539914345
863496,0.9998673587884057
863497,0.9606267130386874
863498,0.4877401844326022
863499,0.014987727304382428
863500,0.6262287676528693
863501,0.1080353841578379
863502,0.9765403460251526
863503,0.7584745096438197
863504,0.9781562747306531
863505,0.9991667399343559
863506,0.9998615070113159
863507,0.5390694731009812
863508,0.7124685314938125
863509,0.5711832540008139
863510,0.9980782777405107
863511,0.8437873892478323
863512,0.9997670156425377
863513,0.24759415184419917
863514,0.9981531302166355
863515,0.9965039468695621
863516,0.5754882769606163
863517,0.7715175599420498
863518,0.9288263996179262
863519,0.05231047712840595
863520,0.998674178041059
863521,0.14704872473792252
863522,0.8668290202702016
863523,0.9993943395029917
863524,0.8754617303962122
863525,0.11539013967375875
863526,0.9997989674251329
863527,0.08416657364580415
863528,0.997701255211065
863529,0.9992488578096852
863530,0.9415304503299302
863531,0.8220320125777305
863532,0.9995594405120737
863533,0.9999803730145453
863534,0.9559379474002644
863535,0.9993361084330605
863536,0.9933061684554724
863537,0.497785610747361
863538,0.9999760776929767
863539,0.7400344469389282
863540,0.27828115646691765
863541,0.9999818244027516
863542,0.7920075494521084
863543,0.9971953270268398
863544,0.9594717003576545
863545,0.9990750595027558
863546,0.675220153229563
863547,0.705354182942224
863548,0.0043439816741286386
863549,0.9996792595521118
863550,0.9964788103068649
863551,0.0643676938344745
863552,0.14968166639633754
863553,0.3845329053908436
863554,0.9147241719336984
863555,0.38263501969018854
863556,0.7892801789484799
863557,0.9997996663656836
863558,0.9927356500270356
863559,0.9212821537183369
863560,0.9994602071786387
863561,0.9972962843773424
863562,0.9998456677296078
863563,0.9587592652332748
863564,0.9996060993575929
863565,0.9698785701560418
863566,0.9942274924059575
863567,0.9755165335467646
863568,0.3972157005623512
863569,0.9092045319545898
863570,0.1737422029751395
863571,0.04120111719618924
863572,0.995314974882854
863573,0.11015781605832804
863574,0.9999071793276124
863575,0.05294920335027968
863576,0.8912457287159027
863577,0.9998039638885553
863578,0.9023155946994912
863579,0.9958043629678307
863580,0.9252787864286909
863581,0.4463460334924467
863582,0.9936317235199998
863583,0.9898559685056821
863584,0.9994401953661374
863585,0.9987450746364264
863586,0.9980043612773939
863587,0.5734693694919916
863588,0.999903017559079
863589,0.056913495318552325
863590,0.9334538983147125
863591,0.9734151713111472
863592,0.992519446733674
863593,0.7990360352622082
863594,0.9159490128697695
863595,0.1885559540205044
863596,0.01838346503080178
863597,0.9987643662726176
863598,0.6407541094292548
863599,0.9982575261778742
863600,0.9989957170022901
863601,0.2372871600822633
863602,0.956509555576252
863603,0.952950977803434
863604,0.9578332777809272
863605,0.9389656572199552
863606,0.999290870647903
863607,0.998438340498842
863608,0.8799084865965389
863609,0.9999101323063064
863610,0.16123994909912764
863611,0.9778857916733241
863612,0.9995799400326562
863613,0.7217931048555668
863614,0.9134770856110519
863615,0.957786085405103
863616,0.8396739365661298
863617,0.9996618968117581
863618,0.9992642257122974
863619,0.8970616658863304
863620,0.9979869507083519
863621,0.8745896449320812
863622,0.9990406560416065
863623,0.07477244236647271
863624,0.984862599244908
863625,0.037610270759246306
863626,0.9996070929146237
863627,0.7681753017634892
863628,0.9999233640650997
863629,0.2849283231649075
863630,0.999763219470799
863631,0.99585176091651
863632,0.03872140130050693
863633,0.3735222766559254
863634,0.9999860748099743
863635,0.5435125355598901
863636,0.9709512290918456
863637,0.9999756105716202
863638,0.8111007686471357
863639,0.9998776771958817
863640,0.9998257686474212
863641,0.042113445207683245
863642,0.9303181942845974
863643,0.6739610889451975
863644,0.05222939392707336
863645,0.6138271521421448
863646,0.9998812556955794
863647,0.9997782152146399
863648,0.9927415556002082
863649,0.966016885754716
863650,0.4016354212557268
863651,0.9998740119213066
863652,0.9999086868777258
863653,0.9998129252626629
863654,0.9314698867905625
863655,0.9999546571461093
863656,0.5997457921953154
863657,0.9990102578565909
863658,0.9994735698336127
863659,0.8440897420452855
863660,0.9981283393467391
863661,0.9994201436118735
863662,0.9996223197991843
863663,0.40637213505831754
863664,0.6976758280855314
863665,0.2053280336836102
863666,0.9997698669619971
863667,0.17428982269854085
863668,0.5622888944747545
863669,0.9996362150318774
863670,0.4761169377840092
863671,0.999078601483118
863672,0.9996929124113858
863673,0.9997235679745163
863674,0.014076212247321192
863675,0.0026143204872527154
863676,0.03612249087341422
863677,0.07313991287349672
863678,0.466694722868375
863679,0.9999569665528713
863680,0.9999888045511451
863681,0.9991748255366559
863682,0.9428898556675412
863683,0.37511366689459075
863684,0.9146708519261763
863685,0.999890235148932
863686,0.2334622773567273
863687,0.999835194183781
863688,0.12740231121650633
863689,0.8790063295383713
863690,0.6428663479472887
863691,0.8640970667445356
863692,0.9952873120356056
863693,0.42488324218363527
863694,0.10505442820441085
863695,0.993913871831755
863696,0.5993301008108641
863697,0.9938895920114952
863698,0.3347249446796275
863699,0.995948691776107
863700,0.9997739745193523
863701,0.9922667667894307
863702,0.9988266101238896
863703,0.9998697009080619
863704,0.8840772629522156
863705,0.9873617257026359
863706,0.48281668035716296
863707,0.13232464224420126
863708,0.013283237342004262
863709,0.8085563546534948
863710,0.999858142577063
863711,0.9839578455097473
863712,0.6897285911390298
863713,0.998865978629453
863714,0.652579541746227
863715,0.02039543949002559
863716,0.7649682007807106
863717,0.03233513899907131
863718,0.9999439726653536
863719,0.03179026104123941
863720,0.3790929601034553
863721,0.999337515189452
863722,0.9955414349964329
863723,0.6914490738787609
863724,0.693607942981457
863725,0.03194710035894125
863726,0.10319346688863054
863727,0.6966000359968993
863728,0.9894025036505427
863729,0.9807755157080238
863730,0.9953242435587291
863731,0.9992865497282405
863732,0.734033804330172
863733,0.9998969990480013
863734,0.9800201017703585
863735,0.008820533049271792
863736,0.8502242552143745
863737,0.924082928930023
863738,0.10703921944435732
863739,0.039287787276341475
863740,0.6809324543277189
863741,0.999688782105251
863742,0.49483432565230245
863743,0.9983071458630447
863744,0.2960297585367543
863745,0.9993099753763357
863746,0.9939736561120056
863747,0.002007784817791667
863748,0.8370057049080943
863749,0.8665208100979822
863750,0.9962388125273443
863751,0.9865799492566272
863752,0.9999472800693592
863753,0.15453479486420754
863754,0.980752288105962
863755,0.9995604280436596
863756,0.709109536108856
863757,0.9517074428434283
863758,0.9631829690523883
863759,0.026352239968915107
863760,0.444043271077324
863761,0.03580131552428102
863762,0.9902697151029127
863763,0.9985727532187822
863764,0.7502446013065958
863765,0.12680594352474966
863766,0.038684745532950655
863767,0.048199760058160145
863768,0.9996865420777341
863769,0.9961550950793725
863770,0.12704876988199185
863771,0.3735010351528095
863772,0.9998547888459434
863773,0.8352591241825417
863774,0.9158333788577511
863775,0.988830908627613
863776,0.17341034292021196
863777,0.9999682507552934
863778,0.9185135097319542
863779,0.0063118958733094695
863780,0.46785733360355697
863781,0.9983782847129534
863782,0.9981951370244846
863783,0.2045829909737118
863784,0.4327062882100807
863785,0.9931529267032094
863786,0.971053236373586
863787,0.9616288779462778
863788,0.9291046521507648
863789,0.0040671385061449425
863790,0.9980222810519684
863791,0.9047710719829377
863792,0.999713148452227
863793,0.06167549281784518
863794,0.9870197213606093
863795,0.9997272262796697
863796,0.9268214605405969
863797,0.023839422850978852
863798,0.6743641877600827
863799,0.2062421462073857
863800,0.8741329273835047
863801,0.9851736930702462
863802,0.9999185230437913
863803,0.9583693334723522
863804,0.8193582789729799
863805,0.8692748728669253
863806,0.8810636135145288
863807,0.9994512193309348
863808,0.9996241203535131
863809,0.12008314725338583
863810,0.08967531458912611
863811,0.01755881777246257
863812,0.9984167739993681
863813,0.4662954630163736
863814,0.9998419564512866
863815,0.14829469798259384
863816,0.8314239743712515
863817,0.9890538244046179
863818,0.050431270040699167
863819,0.9997941967928876
863820,0.9976213828737743
863821,0.11517186410901359
863822,0.31878545903608324
863823,0.9907033662970297
863824,0.9998013674896238
863825,0.988617042623473
863826,0.1206996669697664
863827,0.3706243255144255
863828,0.5674148939600533
863829,0.9994416398599544
863830,0.449322314523576
863831,0.9912337473139607
863832,0.9354292693879661
863833,0.0278370710923151
863834,0.08240604989865993
863835,0.4432081692116022
863836,0.999270124966334
863837,0.9997809941413173
863838,0.9999911412517979
863839,0.9588856971364751
863840,0.021447793156079444
863841,0.9970733394893309
863842,0.4677964291986875
863843,0.6592883709114429
863844,0.4050510664234448
863845,0.9439846714995545
863846,0.2522113645632157
863847,0.9998332015472081
863848,0.9978879453035602
863849,0.9994792694232093
863850,0.9817873556490843
863851,0.624761353576408
863852,0.11313070502654012
863853,0.5196565245618983
863854,0.576924685024143
863855,0.9996657854935855
863856,0.05784780408184291
863857,0.9980643722158522
863858,0.7819515174823264
863859,0.34121876224236225
863860,0.051442102127619974
863861,0.7720494658217275
863862,0.9881589131997894
863863,0.19157989120683522
863864,0.9972742266647472
863865,0.9970719039084521
863866,0.9935568027630779
863867,0.6344170275773847
863868,0.0703689723066686
863869,0.31224155447993907
863870,0.1787859957126106
863871,0.9977058073528493
863872,0.9999780834383705
863873,0.999409683282029
863874,0.3578426746051204
863875,0.9705774966248629
863876,0.999882562024891
863877,0.9997158870793322
863878,0.6808569923074738
863879,0.9962407497429258
863880,0.12409373989384881
863881,0.4219999646767518
863882,0.9993627231160245
863883,0.9979984063408305
863884,0.09451028521799086
863885,0.19990690958307206
863886,0.03405258509810081
863887,0.9806827128465438
863888,0.1078511086467163
863889,0.9646930513720793
863890,0.9101295024157285
863891,0.7856255945515065
863892,0.993680768461221
863893,0.908771506227146
863894,0.969159237717069
863895,0.9507748408509088
863896,0.9768136561898435
863897,0.33559122808030634
863898,0.27956523196165445
863899,0.9310302676074964
863900,0.999937669292202
863901,0.22105020853213225
863902,0.5681078378899165
863903,0.9803308195194882
863904,0.0842016935573977
863905,0.23827433801805542
863906,0.7860673831039992
863907,0.999919228782187
863908,0.9893717405548397
863909,0.9998279657774396
863910,0.041926561621300894
863911,0.9920676779875942
863912,0.8063907134204692
863913,0.9736843018617072
863914,0.4527124194157941
863915,0.7030485628501275
863916,0.2367638746391837
863917,0.9727595400868192
863918,0.9999775447928788
863919,0.9998868380116852
863920,0.785169014864733
863921,0.34476914390912783
863922,0.8108308162827309
863923,0.9761261461367764
863924,0.06300729409974218
863925,0.35693465804100954
863926,0.984112405952439
863927,0.8989573910986389
863928,0.035192123101718084
863929,0.9996832827364781
863930,0.9996472838112721
863931,0.9963671238083451
863932,0.9988114513983344
863933,0.7146596511102496
863934,0.8174125245023824
863935,0.16842019612291204
863936,0.9988594310729296
863937,0.9999059427188797
863938,0.03303506672456049
863939,0.9369570819985457
863940,0.886578772464347
863941,0.03814655920934512
863942,0.33571374448915914
863943,0.9993188503080127
863944,0.9988818479973434
863945,0.8236184392059274
863946,0.9852824320229059
863947,0.9994197524990092
863948,0.9972717733770373
863949,0.9938050248414815
863950,0.7170151579645148
863951,0.9102453093622993
863952,0.9954280522922334
863953,0.5621022854186308
863954,0.9302070200628647
863955,0.9376019926260208
863956,0.7742511749603813
863957,0.41112060776152276
863958,0.9768539646058367
863959,0.12846051915950482
863960,0.9999592679719156
863961,0.7228870646092823
863962,0.9524356505427601
863963,0.3674428258885324
863964,0.9082810480762111
863965,0.999918220529
863966,0.07922820274233944
863967,0.888085452277372
863968,0.43693224528276653
863969,0.9997980344632238
863970,0.018318412934906284
863971,0.992983982455105
863972,0.9971296351533041
863973,0.2947664372680169
863974,0.17615235823406128
863975,0.7262720485803627
863976,0.060125813694332605
863977,0.9968237540152165
863978,0.9997691496418892
863979,0.9985317891358001
863980,0.6466039923249893
863981,0.9994855416532791
863982,0.7099370607370523
863983,0.9142240646707189
863984,0.9997038864922632
863985,0.831107747339437
863986,0.9744054475475264
863987,0.9164445276656863
863988,0.0034344619512100424
863989,0.07105674103080165
863990,0.957079458338993
863991,0.7668681791983316
863992,0.9902809181488038
863993,0.9945667417267838
863994,0.22357766786827543
863995,0.9999923209442922
863996,0.9615410414570131
863997,0.9614514395484346
863998,0.5411570957043073
863999,0.9984417718918313
864000,0.9999409589823027
864001,0.9999392089461598
864002,0.007388800311005509
864003,0.9994220042335515
864004,0.9370778627189673
864005,0.5296376800657492
864006,0.984167127480494
864007,0.7272345200153284
864008,0.05289560959860076
864009,0.9910260223720934
864010,0.8907112846175025
864011,0.1272174257067931
864012,0.9994745566270045
864013,0.896540785775953
864014,0.884574396177397
864015,0.9997747334002612
864016,0.01675660148094684
864017,0.4458963148525975
864018,0.06422363669211041
864019,0.9987589943487399
864020,0.6232503458224803
864021,0.9780748988268487
864022,0.5272636500276354
864023,0.9969037426910647
864024,0.9974488970970248
864025,0.00971077340649215
864026,0.9854144729134727
864027,0.007261340467412045
864028,0.9962981897359855
864029,0.04886329161472413
864030,0.9669148160000445
864031,0.01450287122359998
864032,0.9998271316384397
864033,0.8164529745036748
864034,0.9857856952654067
864035,0.9998202836969721
864036,0.3753196334865359
864037,0.9997760884427137
864038,0.041041757563871906
864039,0.9999784536098817
864040,0.9755155927091013
864041,0.7145505015149209
864042,0.8913306421893596
864043,0.9600375708082889
864044,0.18889936199630952
864045,0.9699330994845552
864046,0.03985452600620292
864047,0.8841518490035898
864048,0.9951045032216913
864049,0.9123218548739793
864050,0.5795110241076604
864051,0.13062942978689213
864052,0.45553689404414655
864053,0.9992744224550237
864054,0.9957040879008805
864055,0.8656158167004012
864056,0.4461342507940088
864057,0.9999767945415095
864058,0.8619021613354404
864059,0.48055795271339785
864060,0.10321671422312181
864061,0.05253146338912948
864062,0.997020128590149
864063,0.008976594016423088
864064,0.9994642359634807
864065,0.845556305513157
864066,0.9999807701976926
864067,0.23213363581002244
864068,0.9999728022683246
864069,0.9965392265551483
864070,0.30361525303709347
864071,0.9991887185943027
864072,0.9015254288503471
864073,0.37901182210148915
864074,0.9999587915993567
864075,0.9257207214912415
864076,0.9983103202487282
864077,0.9636934479934675
864078,0.999353699953354
864079,0.6711741182365412
864080,0.5036544527440041
864081,0.9996738795968256
864082,0.9726060274749112
864083,0.9998988018067645
864084,0.9997332549756771
864085,0.9345117999894188
864086,0.18176911651613564
864087,0.9951063145555509
864088,0.4057554469480058
864089,0.9999322008634481
864090,0.9998713901898303
864091,0.3906858763358991
864092,0.0009970095748542472
864093,0.9636380053047591
864094,0.090048497347548
864095,0.9985539486119577
864096,0.29192328009815105
864097,0.6079250384569999
864098,0.8631560759780712
864099,0.9994113896302238
864100,0.9933403663644065
864101,0.018064459378126542
864102,0.39195430598510306
864103,0.9090913977250059
864104,0.987351989162596
864105,0.9582160722212882
864106,0.9992352443675891
864107,0.9972260439159617
864108,0.6232539583349215
864109,0.03842692105316691
864110,0.9987853137978528
864111,0.9262395283494589
864112,0.9074351554399018
864113,0.9988219323217362
864114,0.3010905749787522
864115,0.9983210071081992
864116,0.20431389481661216
864117,0.9999381843198236
864118,0.99928062287008
864119,0.9989212587711667
864120,0.08511485938262778
864121,0.1243706307926602
864122,0.04835901823588908
864123,0.3699983144684233
864124,0.8579154592254044
864125,0.7951093855473217
864126,0.9999818204503781
864127,0.9980980804481508
864128,0.19412978948551726
864129,0.04456328976584399
864130,0.9971427749666248
864131,0.7187960173560702
864132,0.9999786043391082
864133,0.9988659442515218
864134,0.4975113224491524
864135,0.07093460654064122
864136,0.999508470379669
864137,0.9996668044598925
864138,0.8415609206113444
864139,0.9950930757471909
864140,0.938072314445565
864141,0.5055636343495372
864142,0.09575033648833296
864143,0.8255811312136301
864144,0.0703136681651299
864145,0.9951208952663853
864146,0.9998719706832514
864147,0.9567442721517325
864148,0.6593764787212775
864149,0.14394274177609803
864150,0.3013185737136633
864151,0.8421170294025263
864152,0.8945657588614946
864153,0.9999066291456149
864154,0.2958946776781629
864155,0.8539472340003267
864156,0.1692243538759363
864157,0.9993519674813696
864158,0.9994366968486892
864159,0.19059991297103712
864160,0.819680083906202
864161,0.5869713340708426
864162,0.9994881326417258
864163,0.4192704463878839
864164,0.06241955514826816
864165,0.4287454215395776
864166,0.3729053225647817
864167,0.9995505198909296
864168,0.3437891069204497
864169,0.9569543127293342
864170,0.9998899649023045
864171,0.8546339916917695
864172,0.7495226197213956
864173,0.035662510156961626
864174,0.9369318187592194
864175,0.9997179219828445
864176,0.3466612053861733
864177,0.954081709410046
864178,0.6638171264563586
864179,0.9475992258998633
864180,0.9995765904101817
864181,0.26765817110145557
864182,0.9998494811210041
864183,0.07820655868347927
864184,0.9999482082034888
864185,0.9990647603430437
864186,0.04371326308129998
864187,0.2686640398321139
864188,0.9996489792299291
864189,0.9991261337851387
864190,0.9042776615932131
864191,0.274279980996964
864192,0.999980285831757
864193,0.9748102182139946
864194,0.9971937463120513
864195,0.9993179824601416
864196,0.9997373239708015
864197,0.9992964681024263
864198,0.9999730281475275
864199,0.7634830553106376
864200,0.17502147932936046
864201,0.21880869349391963
864202,0.9898541974567923
864203,0.998954430131163
864204,0.6903297928631088
864205,0.49749827305980143
864206,0.2982305375903565
864207,0.19925388067319774
864208,0.8645303244510367
864209,0.9999826485105427
864210,0.8648684360466767
864211,0.8933170222583595
864212,0.533316610240282
864213,0.5993597237448152
864214,0.003456379157869642
864215,0.8893831412869388
864216,0.057272535543939976
864217,0.09837860327640197
864218,0.9547559960571873
864219,0.07114744399773654
864220,0.8639967868251064
864221,0.9998726873929278
864222,0.029749400773310557
864223,0.7396718239573239
864224,0.9995341942476561
864225,0.28729364847913225
864226,0.9680099871663348
864227,0.9778112520574777
864228,0.9995846926795311
864229,0.999822345697597
864230,0.3319399952175881
864231,0.9651397697978172
864232,0.9988453657406318
864233,0.9993550888182221
864234,0.9987567049729952
864235,0.1805538658711868
864236,0.21800940451451362
864237,0.7079618128600955
864238,0.9963186060300673
864239,0.29709115676008907
864240,0.6414971075277978
864241,0.9820219002648187
864242,0.9859409927960674
864243,0.9998418879349473
864244,0.8432788036508192
864245,0.9952827151097722
864246,0.19731346441787728
864247,0.9999138605641301
864248,0.8625564388727031
864249,0.9985559740917689
864250,0.08657792942448454
864251,0.9996720631404514
864252,0.0017767058443551248
864253,0.005069998715395693
864254,0.994255537487557
864255,0.9997721073235337
864256,0.9975950798145505
864257,0.8674651890505858
864258,0.24496973451943937
864259,0.9718321394012853
864260,0.007892690983050408
864261,0.9997449026409696
864262,0.9999696252800097
864263,0.999844893855619
864264,0.9984027354392432
864265,0.9998528914352637
864266,0.9965236965110684
864267,0.029277150921256663
864268,0.9323526281074691
864269,0.9070221335534632
864270,0.9998111661288152
864271,0.9677836009113757
864272,0.9997950582462636
864273,0.9732185164780489
864274,0.999967680479736
864275,0.9263642425469426
864276,0.007583043618479954
864277,0.9883500054467308
864278,0.07048132009314997
864279,0.9994133769566464
864280,0.16434923724649825
864281,0.9992222404578295
864282,0.9997344588844224
864283,0.999676857003607
864284,0.5147355697319768
864285,0.9987005822664807
864286,0.9995703939480156
864287,0.0743897274658413
864288,0.14955148588111108
864289,0.9979921369951168
864290,0.9997019311674809
864291,0.9018322292014309
864292,0.993059459333312
864293,0.9940228595995251
864294,0.999978666867116
864295,0.3264075843512929
864296,0.9360834265317514
864297,0.05080902289765224
864298,0.997128269254816
864299,0.9992404597311624
864300,0.6203030257169839
864301,0.9431736604123665
864302,0.9997344454179796
864303,0.023292520925663203
864304,0.027672339823972894
864305,0.9999584739558043
864306,0.9988895038498983
864307,0.061813795442382566
864308,0.8323192322029573
864309,0.9890862455915627
864310,0.999414425133086
864311,0.4397537654244219
864312,0.998690434099033
864313,0.9546098534793219
864314,0.9998249265291056
864315,0.6023412082650932
864316,0.9855782707418024
864317,0.1071451506734302
864318,0.945920034964791
864319,0.9996619643000841
864320,0.012289864657085842
864321,0.8525619851322084
864322,0.9368707360752354
864323,0.9927987995780597
864324,0.40716316265557756
864325,0.6348304614036601
864326,0.9999726874037067
864327,0.8839965563435803
864328,0.9996937521448094
864329,0.9978580974989509
864330,0.9994043255929737
864331,0.9307835827535951
864332,0.9845168597112512
864333,0.9840971535960412
864334,0.9996473088615108
864335,0.8840663103406281
864336,0.9999412097883889
864337,0.9998312158598714
864338,0.8999368791159763
864339,0.9998750303420603
864340,0.9855104223468553
864341,0.4816076358310082
864342,0.9250975398533954
864343,0.7220548345622468
864344,0.7625311339012055
864345,0.9911711739725844
864346,0.30101103951032215
864347,0.9894334191207
864348,0.0740991377737277
864349,0.4902666060927547
864350,0.9996370470792064
864351,0.9999445405015888
864352,0.06075217133957755
864353,0.9694096880732723
864354,0.6266621494813669
864355,0.979781625517748
864356,0.677754954851046
864357,0.7827879490363138
864358,0.9999132272830284
864359,0.9909848985989385
864360,0.4432488689055928
864361,0.7780293403249557
864362,0.2926548635269504
864363,0.8437323872869184
864364,0.8999311160341898
864365,0.042962858577621124
864366,0.3232149038297084
864367,0.6894692605372207
864368,0.877954692581997
864369,0.7173649656812442
864370,0.9983142408899709
864371,0.6044034466203843
864372,0.016820221144690617
864373,0.9996745439711858
864374,0.998341056634811
864375,0.00649243354277671
864376,0.9974061076230707
864377,0.9985509899693548
864378,0.9953412149649261
864379,0.8148452815048273
864380,0.9999765863458607
864381,0.9996861658958203
864382,0.588895649836588
864383,0.20832489861907236
864384,0.013969002440749058
864385,0.9889153194266618
864386,0.008045411022675787
864387,0.3183095503739303
864388,0.6224986007108363
864389,0.2668822728567251
864390,0.709661839376281
864391,0.8673812516806797
864392,0.3283285406211939
864393,0.688860038540776
864394,0.9598507223873244
864395,0.9996697537095172
864396,0.9997698078711115
864397,0.5168777033694445
864398,0.5490352909307439
864399,0.16318048052317635
864400,0.17114525427251107
864401,0.999948251653657
864402,0.998980599301649
864403,0.6239503640014182
864404,0.010265531849041823
864405,0.9996491507657712
864406,0.44284805422350293
864407,0.6500678130536924
864408,0.8298619089496269
864409,0.9768963195343499
864410,0.9998999387941861
864411,0.49193114399126636
864412,0.4685634032904565
864413,0.35984226455224755
864414,0.007884603303181963
864415,0.9997976204219992
864416,0.2580917459143034
864417,0.9227736031157735
864418,0.9979753157610386
864419,0.29106654217897376
864420,0.7563788699146305
864421,0.8679638201620176
864422,0.9996086343041823
864423,0.013537976401809341
864424,0.07901237739802863
864425,0.667292117560455
864426,0.06052717236734392
864427,0.9896523627146263
864428,0.44379027007115096
864429,0.9998522993090401
864430,0.056494580301484354
864431,0.9961510457915768
864432,0.9955227601286374
864433,0.1403904009496736
864434,0.9987067593117973
864435,0.9999093279825584
864436,0.03897332130407201
864437,0.9998305681200135
864438,0.05720525926045996
864439,0.999849403082139
864440,0.12565682156683985
864441,0.7869903529380318
864442,0.6043640014062233
864443,0.9998930754612654
864444,0.4677647870571359
864445,0.9953941663505134
864446,0.999394560551803
864447,0.986024802422374
864448,0.9995224003867996
864449,0.3275391469349715
864450,0.9995306268443553
864451,0.9998580795051242
864452,0.652752632059874
864453,0.979520234255656
864454,0.9990297504387742
864455,0.999548318039839
864456,0.9998589838233498
864457,0.9999743386134132
864458,0.009472847725816188
864459,0.9824947001305055
864460,0.8092398008193468
864461,0.9829236415594966
864462,0.2506261454953703
864463,0.9475745271188644
864464,0.011373865353449992
864465,0.9626573272177704
864466,0.9973622156608792
864467,0.9468957967636249
864468,0.999893924698893
864469,0.9155943705004425
864470,0.9998488303925843
864471,0.9948403587319106
864472,0.9965454715450418
864473,0.49495432250540855
864474,0.9926453896013473
864475,0.6719838017448754
864476,0.9996671617641164
864477,0.9971886049902264
864478,0.03567466436737541
864479,0.5656538628755244
864480,0.46440671569554876
864481,0.2642922331700266
864482,0.9986877541295304
864483,0.9999360501370903
864484,0.9955850327618585
864485,0.9919031355703098
864486,0.22000656596764293
864487,0.05628862524744973
864488,0.8317997268939472
864489,0.5611929057889449
864490,0.4401587728233833
864491,0.3113907318329756
864492,0.8996605170486334
864493,0.9930390936477109
864494,0.9988874012180537
864495,0.9999095054111744
864496,0.08533118518640789
864497,0.9992129304137156
864498,0.9163476917263889
864499,0.999978774914735
864500,0.9885876917883323
864501,0.9999416641609747
864502,0.7448043233985031
864503,0.9815086470893393
864504,0.009712915158888336
864505,0.015567064165416228
864506,0.9999915259829779
864507,0.02484768088720013
864508,0.9998758620802377
864509,0.0310636837096996
864510,0.9894783624669584
864511,0.9403297515607449
864512,0.9994505155031843
864513,0.9957255137229226
864514,0.9973093389464487
864515,0.9999781575899428
864516,0.4949930875023155
864517,0.9997430732515105
864518,0.9948575657777265
864519,0.9956519372236168
864520,0.9991526533773412
864521,0.9286190357631114
864522,0.9996277672973336
864523,0.9906648721442755
864524,0.17242338917686106
864525,0.9999089909707948
864526,0.5137047086274468
864527,0.9998837341260153
864528,0.42852484716147843
864529,0.9276580247520704
864530,0.04820840039801062
864531,0.3795488227527815
864532,0.8993228061948736
864533,0.9996748087978294
864534,0.7725179773960457
864535,0.4654892961865274
864536,0.9969040636006059
864537,0.9997516422734525
864538,0.033888214842926985
864539,0.8790322510062081
864540,0.9999323825104014
864541,0.9332328785659372
864542,0.4173101158615521
864543,0.04468023856665139
864544,0.47741965253943286
864545,0.9989307193391932
864546,0.9998996332893394
864547,0.9735643883369701
864548,0.8262453294826492
864549,0.1630254521523922
864550,0.9998051764742409
864551,0.9998289138958365
864552,0.3741247762922651
864553,0.9865770948115615
864554,0.9988180188462996
864555,0.9997920629301469
864556,0.9242340571831694
864557,0.9930383918120202
864558,0.9996524258117393
864559,0.9994767902095185
864560,0.6891807177631895
864561,0.5942387025119977
864562,0.9233726045230374
864563,0.997616717229905
864564,0.9997010107107992
864565,0.47054142771908714
864566,0.9505673206007645
864567,0.99448239941841
864568,0.9973288422908555
864569,0.9989541635726267
864570,0.8304477919191924
864571,0.2988144110228732
864572,0.9992343557996095
864573,0.47681977476525617
864574,0.006828360955003873
864575,0.9996707000067118
864576,0.7463238344187361
864577,0.9995081813221044
864578,0.9999412736475607
864579,0.9920378035273647
864580,0.49197879480162304
864581,0.9780685365136456
864582,0.43747413039047334
864583,0.9999457976501793
864584,0.7709565292783905
864585,0.056542492920415834
864586,0.043648021185611424
864587,0.9980806233978395
864588,0.9999417719049797
864589,0.9999589981050971
864590,0.9572425803797877
864591,0.7208843162080489
864592,0.9817501567144782
864593,0.9770673288838084
864594,0.9432636363698425
864595,0.9999666216803149
864596,0.9995407991494774
864597,0.1594857607627412
864598,0.9984714806707014
864599,0.05050783160520436
864600,0.391738150817211
864601,0.08980991536701492
864602,0.9998187015375359
864603,0.5610617906176887
864604,0.9831989112366384
864605,0.9122412383718572
864606,0.4295849745228136
864607,0.004136020141680305
864608,0.9677221491323681
864609,0.9996443189716049
864610,0.997822007898113
864611,0.9954413434232169
864612,0.9687809544167905
864613,0.5491160614818074
864614,0.9999576739349323
864615,0.9754496534285018
864616,0.999244416418047
864617,0.9506029763519213
864618,0.28476142419180916
864619,0.9999000204254974
864620,0.08954731412982772
864621,0.16136051844854282
864622,0.7946379893298576
864623,0.9969555793724091
864624,0.5365020104107321
864625,0.004706211055020737
864626,0.9974153594213937
864627,0.9237950730882114
864628,0.9902834350848608
864629,0.9999532313922977
864630,0.0038515035498754516
864631,0.9993827922033292
864632,0.981390390151644
864633,0.9910325841309763
864634,0.9877004883968485
864635,0.9965245142985981
864636,0.06034070159627713
864637,0.9952681981888943
864638,0.9406377431883541
864639,0.9273996524588751
864640,0.9080942936456985
864641,0.0015223440688419548
864642,0.03590875327071813
864643,0.9998499217806041
864644,0.9992755188596316
864645,0.9951651779739594
864646,0.9989827854796579
864647,0.8250545399554585
864648,0.42431717812362235
864649,0.04163916498086026
864650,0.9993542700594925
864651,0.9989126862116495
864652,0.9995073049710628
864653,0.12834029094434016
864654,0.9950641842024233
864655,0.1505399581982215
864656,0.6659021512161873
864657,0.11049255598136698
864658,0.9998660647162046
864659,0.738024531376674
864660,0.025750984207288594
864661,0.9988636781967805
864662,0.999608759967301
864663,0.04704666927639237
864664,0.9382189924610153
864665,0.07313474013779482
864666,0.159349296304027
864667,0.1204040354391777
864668,0.4615474697955199
864669,0.24977414206269904
864670,0.07558735958047809
864671,0.9193219678321887
864672,0.9997779925643175
864673,0.7233924009874976
864674,0.9992602059252372
864675,0.9997218035510174
864676,0.7907393900847486
864677,0.15703910568345567
864678,0.040111514733810805
864679,0.5720892381143973
864680,0.16988558853782118
864681,0.9972556521618549
864682,0.9997586647777092
864683,0.9365092719692023
864684,0.9996510205030302
864685,0.9989087740758045
864686,0.9998209627379034
864687,0.9991530692476627
864688,0.9998749657839845
864689,0.007519952917393618
864690,0.9630858118234327
864691,0.9963568339195688
864692,0.9973492223499298
864693,0.9996786097438697
864694,0.9998244800209362
864695,0.9994817995438787
864696,0.9071774591042054
864697,0.8372667983237905
864698,0.9379544855833652
864699,0.6836991966778763
864700,0.47342060157969723
864701,0.6625554185807074
864702,0.8722999881535387
864703,0.9999347380051224
864704,0.4249846858922279
864705,0.986246955638703
864706,0.9910090720094562
864707,0.49737753241761673
864708,0.5494784033717331
864709,0.9999035946803584
864710,0.7734713546858188
864711,0.7287108758944245
864712,0.9998810732134427
864713,0.9499562731083677
864714,0.890026595908159
864715,0.5607810687522223
864716,0.9829351308210715
864717,0.04312633343956843
864718,0.9925484759656499
864719,0.7755123139138547
864720,0.5453268212796938
864721,0.7746907520659966
864722,0.10024807239937161
864723,0.4766611779338118
864724,0.5474570460750753
864725,0.6619611086603043
864726,0.2311881162374091
864727,0.7524010900783276
864728,0.9447293930826155
864729,0.8329958353365452
864730,0.9663376179020702
864731,0.4795889841614404
864732,0.061205129761894045
864733,0.9925498906976578
864734,0.9972698130972382
864735,0.9986186293677328
864736,0.016747816697121935
864737,0.34420175017038546
864738,0.9903455684053907
864739,0.9998798833102325
864740,0.9764836241017242
864741,0.9010334395051287
864742,0.19977395546278498
864743,0.9954579356366187
864744,0.7444066909524436
864745,0.9999532649680813
864746,0.6041312518920334
864747,0.9999343182571291
864748,0.7209481511281317
864749,0.3404745856841695
864750,0.2598232018561635
864751,0.9995238717032626
864752,0.9960773387152524
864753,0.2681918196851223
864754,0.9922791966141126
864755,0.07375631215853795
864756,0.009136543073152469
864757,0.8435427760923006
864758,0.9983167726082282
864759,0.9968197722401876
864760,0.9981837449748194
864761,0.9999650234503462
864762,0.9954416612434889
864763,0.9506389030613135
864764,0.9998007327062437
864765,0.9989860049982338
864766,0.9950620906215523
864767,0.9996506396308648
864768,0.8837646971201235
864769,0.9999418973178648
864770,0.03412213757591319
864771,0.9098111690675128
864772,0.9818636604783066
864773,0.998982329325402
864774,0.05161888874189366
864775,0.9547158558730717
864776,0.9998953986795942
864777,0.24380073919852835
864778,0.6696936132205205
864779,0.3462848348155302
864780,0.9996255794931248
864781,0.436088403722798
864782,0.8341662846323435
864783,0.1483185087585688
864784,0.9992275505564867
864785,0.9996123475692757
864786,0.9872724141367086
864787,0.6969684052762255
864788,0.22517992853406632
864789,0.6141797414619548
864790,0.34379461459176025
864791,0.604102391310452
864792,0.9790913524524166
864793,0.8352926612535494
864794,0.994492483202655
864795,0.21665807499388162
864796,0.9588940883688213
864797,0.08838835153450883
864798,0.5785239678196141
864799,0.757853449280372
864800,0.6036497841344235
864801,0.19418514306706847
864802,0.5810136604141691
864803,0.9999682933269272
864804,0.9794519134388759
864805,0.8639931926551241
864806,0.9914103890963457
864807,0.9954540333492108
864808,0.8793991644796834
864809,0.08977293467676395
864810,0.9445073751843329
864811,0.9906034357231635
864812,0.13618867129037712
864813,0.9995109392196182
864814,0.9016218628655326
864815,0.2995003840265039
864816,0.3808034371597938
864817,0.9813868820041547
864818,0.9794580275220699
864819,0.0979490868636981
864820,0.9041579855387801
864821,0.9977345291598081
864822,0.9999703971912242
864823,0.4429734587769354
864824,0.016626812881553297
864825,0.9403702893033118
864826,0.04199223795988488
864827,0.8716098164653554
864828,0.004882965879109323
864829,0.9578536323260574
864830,0.7240578105385931
864831,0.015699457819483894
864832,0.6742912269877558
864833,0.9614055544099507
864834,0.0711156736713384
864835,0.9419990950963882
864836,0.9994632603062005
864837,0.814396192310644
864838,0.9996420864545565
864839,0.9940525160284256
864840,0.9796762184189499
864841,0.0016353331233567845
864842,0.4753715268555404
864843,0.7897544424087465
864844,0.9050930422593773
864845,0.99991872359574
864846,0.9960846113265028
864847,0.18447065688663986
864848,0.952684823320266
864849,0.07865571743007031
864850,0.9998580764932774
864851,0.8452229074005473
864852,0.905850160161799
864853,0.771162320922948
864854,0.0579884991997682
864855,0.01589689060692515
864856,0.7526789520029484
864857,0.4731826130113926
864858,0.9930445821027565
864859,0.9999905510622622
864860,0.9717679221894011
864861,0.6191388068697001
864862,0.9999501410479412
864863,0.08218134020154386
864864,0.9996560268867761
864865,0.9993499029570939
864866,0.3741218486162952
864867,0.9997160921335285
864868,0.7384301739570899
864869,0.3730670064731437
864870,0.32681411416043016
864871,0.9982429706723956
864872,0.9996938981553808
864873,0.999939867356725
864874,0.9998914975712705
864875,0.9875268351574606
864876,0.9974810753390299
864877,0.9997349904609026
864878,0.053409297723570316
864879,0.9999558351538615
864880,0.9976276791005121
864881,0.821452986638867
864882,0.999960657221445
864883,0.07044999135636162
864884,0.45898903438076766
864885,0.27109046848212703
864886,0.9994701777778251
864887,0.999851798499844
864888,0.9697653947396083
864889,0.9998379208156194
864890,0.2506918404095396
864891,0.9629171302572672
864892,0.9997778201082996
864893,0.9906222181859204
864894,0.9999326927978526
864895,0.9999763892094349
864896,0.9980007975040985
864897,0.9996629996027404
864898,0.9988101378056051
864899,0.9998731713103868
864900,0.9142204854164255
864901,0.9981367920099485
864902,0.8575871074083854
864903,0.5073259474216266
864904,0.23530541615148517
864905,0.9927114993232329
864906,0.9999750049127475
864907,0.9909452161723784
864908,0.6659823811129244
864909,0.9998078157824185
864910,0.023358611705206457
864911,0.9889954179889193
864912,0.9883982089979197
864913,0.6904371615143459
864914,0.01729899744309127
864915,0.9115312040728574
864916,0.6885026214574099
864917,0.005733797076149122
864918,0.9771270751538579
864919,0.09199683065638802
864920,0.9988906939076516
864921,0.4374652015030911
864922,0.49095163387237567
864923,0.998725642216378
864924,0.47350961098464706
864925,0.7546441736640997
864926,0.6976587946143791
864927,0.9870301908415788
864928,0.9920387402534568
864929,0.9982141706436995
864930,0.9999316254406012
864931,0.08814519775273952
864932,0.978836075090277
864933,0.9792770154363846
864934,0.018780406136530182
864935,0.9996641807782979
864936,0.9416075113923258
864937,0.9338227689164182
864938,0.1983378085541721
864939,0.9993270297483252
864940,0.998772097703457
864941,0.9990570980578171
864942,0.9910817788103128
864943,0.9244761409827211
864944,0.9999307007802214
864945,0.9985908823297103
864946,0.9954720043205074
864947,0.027134555646345516
864948,0.08289404081280217
864949,0.9993238972736748
864950,0.859292297365399
864951,0.13425714397066202
864952,0.3499968077684298
864953,0.06989327568368692
864954,0.15309502624050478
864955,0.8129966343084143
864956,0.9965477896133996
864957,0.9981671811120927
864958,0.21410507171622123
864959,0.9873442170707256
864960,0.9765077105196385
864961,0.9979404885955869
864962,0.898697567147438
864963,0.5928081851745609
864964,0.9997556514642829
864965,0.9999436905072843
864966,0.9970564184666876
864967,0.9998343053220755
864968,0.1923659083094644
864969,0.7381833691721028
864970,0.9997423668120389
864971,0.9997854527343037
864972,0.36507070432480465
864973,0.9976317180224921
864974,0.022525837404462505
864975,0.9992266311269926
864976,0.9997454030431503
864977,0.908329209373405
864978,0.742308967379336
864979,0.9997124430384586
864980,0.09101791678756677
864981,0.6716078852687832
864982,0.9993827564199629
864983,0.47383527594699626
864984,0.9998248023120364
864985,0.9220768219794769
864986,0.916069423194565
864987,0.11359212745775207
864988,0.9988220775376524
864989,0.056924321877277265
864990,0.06330620202235913
864991,0.8443218548557528
864992,0.05295332087383711
864993,0.9993151738239758
864994,0.9977897545377136
864995,0.9999006017795099
864996,0.9992245893089127
864997,0.9998519388607081
864998,0.9999750565526125
864999,0.14096731502395116
865000,0.01319956767523791
865001,0.9999102391083505
865002,0.4977653431153554
865003,0.33446073592923864
865004,0.37367994390019793
865005,0.6873077731086057
865006,0.9991021985990636
865007,0.9983452589828339
865008,0.9970156050935521
865009,0.908787447085577
865010,0.8721732299497622
865011,0.9998199385965768
865012,0.9999865654743995
865013,0.9965749121825171
865014,0.9977731904538986
865015,0.9998328245398357
865016,0.9904949445285371
865017,0.9938778611566466
865018,0.2861100153087894
865019,0.9282588711455984
865020,0.9999662843810861
865021,0.9999387609750314
865022,0.9996110897616897
865023,0.9836931820948436
865024,0.9822856752913278
865025,0.9887134750987556
865026,0.5350377570797803
865027,0.10490795357027516
865028,0.5474400250705711
865029,0.956836800547364
865030,0.5822429052330329
865031,0.9764816830992512
865032,0.999899112289636
865033,0.9406853144185238
865034,0.048538037107378605
865035,0.4080898403432255
865036,0.9931627146160289
865037,0.7658287655726055
865038,0.48929769594920713
865039,0.9985116951019777
865040,0.09103901365475114
865041,0.8929856128646324
865042,0.33032353724022645
865043,0.9997244353934756
865044,0.9999007790489853
865045,0.9313481186904333
865046,0.9483426447273051
865047,0.999714413484902
865048,0.993093837545411
865049,0.9996832045398798
865050,0.8950935508732523
865051,0.8177167461538697
865052,0.9996908975156958
865053,0.9999047013361646
865054,0.9995322131938568
865055,0.9995226674707658
865056,0.9999917795322508
865057,0.9995148983378173
865058,0.028412549631555463
865059,0.9869835318726942
865060,0.9989805886150598
865061,0.9964774462243093
865062,0.6044370023618604
865063,0.9988695831521355
865064,0.9498224036817187
865065,0.633145969101522
865066,0.850775906988024
865067,0.17943903038786857
865068,0.9986394722060081
865069,0.9999617713546719
865070,0.9999547968801041
865071,0.4731701136953057
865072,0.9421129745394695
865073,0.9935013959689106
865074,0.9331718048247247
865075,0.7507853084812013
865076,0.9996889442842775
865077,0.45351760808196273
865078,0.9959346842688542
865079,0.9998292186624096
865080,0.993298763399777
865081,0.5707428037116096
865082,0.9999618276641449
865083,0.7247096455056562
865084,0.9964917031782431
865085,0.9959084509299874
865086,0.1995792088865992
865087,0.9999964229446858
865088,0.9989280200508996
865089,0.9948158539140542
865090,0.8480883919218254
865091,0.9949925167452947
865092,0.9999752980504462
865093,0.8640762378653157
865094,0.9786213192024541
865095,0.9305743773359552
865096,0.9997235283510493
865097,0.33811264857197587
865098,0.9360509453125321
865099,0.9998443449021472
865100,0.909575817656526
865101,0.9984285808025433
865102,0.9999159906911236
865103,0.016138504431821268
865104,0.6385897110405245
865105,0.9990795937134405
865106,0.02752611460812389
865107,0.99614057144577
865108,0.9998546414122857
865109,0.9998282037166063
865110,0.6225847915255731
865111,0.9970393407580702
865112,0.9965121366241566
865113,0.9998781042067203
865114,0.999398534673436
865115,0.7216263445150644
865116,0.10297410467341037
865117,0.020764803681673105
865118,0.6872532778386298
865119,0.9998191910837313
865120,0.9987352446270933
865121,0.14012775358715235
865122,0.5992083126065706
865123,0.5807476984941526
865124,0.6435799530758838
865125,0.998359171947473
865126,0.008516443044606477
865127,0.9066099449595582
865128,0.9871417888477172
865129,0.2791922298909214
865130,0.9588064501513975
865131,0.8455178434520336
865132,0.3215474910096358
865133,0.9961509378188064
865134,0.9997373711514523
865135,0.9106468107800779
865136,0.8360334635653477
865137,0.9998723510553338
865138,0.9909966658420317
865139,0.9996621739114439
865140,0.9935953737667705
865141,0.7288850978838963
865142,0.9995469731629283
865143,0.9998911418875408
865144,0.9916420831337258
865145,0.9891537553895589
865146,0.9913372606881485
865147,0.999295866690057
865148,0.9490308996572767
865149,0.9992267639648513
865150,0.808448677772927
865151,0.9839322662085763
865152,0.8598364312848761
865153,0.9997641810776284
865154,0.14300668533848357
865155,0.9983074324535083
865156,0.9953585727921701
865157,0.5085831544904775
865158,0.9962981501809474
865159,0.9995492820112548
865160,0.9069739710938598
865161,0.10491406706279156
865162,0.9234306181475276
865163,0.9065735759616192
865164,0.9452629876708746
865165,0.7229347482983017
865166,0.9999899565796828
865167,0.6742649475071536
865168,0.5049896479578473
865169,0.9925534523629367
865170,0.9988786028067349
865171,0.6807657013466234
865172,0.8781217302023205
865173,0.6003715320097548
865174,0.9564066656537139
865175,0.06419520951900036
865176,0.2958975786835513
865177,0.41824240347405883
865178,0.0570439965663803
865179,0.9941245279213583
865180,0.2583291088198369
865181,0.9876832480033615
865182,0.7735621841785043
865183,0.2652816867314019
865184,0.9999563449574781
865185,0.005474285790673982
865186,0.9819060764706911
865187,0.747885713756502
865188,0.9996431168507902
865189,0.9984317282977138
865190,0.976601464037147
865191,0.8113995755878088
865192,0.44744134996585716
865193,0.9399482220400679
865194,0.9638828905671745
865195,0.5032288183808002
865196,0.9655552320006058
865197,0.05886985733099169
865198,0.9687966999395298
865199,0.8738469252912509
865200,0.4729775465463874
865201,0.022364750983437265
865202,0.8637387754661797
865203,0.9300702231839223
865204,0.18536854517576612
865205,0.9994823956397125
865206,0.9999456780342502
865207,0.5799966802670115
865208,0.9994503928794141
865209,0.059620554366872906
865210,0.3179885220116125
865211,0.5497880442218225
865212,0.5736050735235063
865213,0.9986056177788015
865214,0.990505800255973
865215,0.9957772775910514
865216,0.9991266970443369
865217,0.9979030490810057
865218,0.9999791722884471
865219,0.9999330994406177
865220,0.5726224822418162
865221,0.9797378077607046
865222,0.8964947280939483
865223,0.14885937149841688
865224,0.34496370745832106
865225,0.999906967598299
865226,0.9910898657459807
865227,0.30155178792901066
865228,0.2083569489437887
865229,0.727880074818579
865230,0.31444913118805495
865231,0.07001944582358356
865232,0.9990109383812953
865233,0.958115348831106
865234,0.9998298211744574
865235,0.9998265538018345
865236,0.8854642625344293
865237,0.027217824070472463
865238,0.9981087287494842
865239,0.9998243423213202
865240,0.9998945765926581
865241,0.9983324722256146
865242,0.669033942327045
865243,0.5855329154756519
865244,0.012047743340564257
865245,0.7190040596948416
865246,0.9980489408003688
865247,0.999736374769971
865248,0.9997873727605421
865249,0.27262528437249794
865250,0.9999834392048522
865251,0.9873894060229019
865252,0.9987112174906738
865253,0.2878774041078634
865254,0.5536295985042929
865255,0.0503407671506359
865256,0.4459483669747718
865257,0.9823074924175325
865258,0.9751020442512892
865259,0.15808542634993197
865260,0.521072711606303
865261,0.7054906798569265
865262,0.5886182556937369
865263,0.9997444656494755
865264,0.8658718442471006
865265,0.9564348746610081
865266,0.9221294911438696
865267,0.08993478741461325
865268,0.9993110117540629
865269,0.9957653720383992
865270,0.9639997404927529
865271,0.5437754316927895
865272,0.9786964869546422
865273,0.8100040919663365
865274,0.9649088499531064
865275,0.622518616724724
865276,0.3074845634144554
865277,0.9987645220945218
865278,0.9934357125973614
865279,0.997447110821133
865280,0.4223212709661422
865281,0.9552664237071454
865282,0.025052288536882565
865283,0.9997999509752908
865284,0.989176405607697
865285,0.9853283771843361
865286,0.6353038921769926
865287,0.9999600530533524
865288,0.9998029829758992
865289,0.9999126081685397
865290,0.5379440353311655
865291,0.9986911101197604
865292,0.5008494617676836
865293,0.07850435829832794
865294,0.9999402973683348
865295,0.007676093984526357
865296,0.08461339602152189
865297,0.9943726957758183
865298,0.9999844894877563
865299,0.7330784456829373
865300,0.5829450265287258
865301,0.32612448446914605
865302,0.3062598792668701
865303,0.8593619357403803
865304,0.9999044817474563
865305,0.3553205301739715
865306,0.4220417149504784
865307,0.3312670898813237
865308,0.946655279538989
865309,0.4013782126170936
865310,0.9984583088756787
865311,0.6419149837102622
865312,0.9941174660440397
865313,0.9995371312706742
865314,0.7164707815673135
865315,0.9967487471784506
865316,0.16262877097615314
865317,0.999954572268615
865318,0.9991380782260009
865319,0.15418925985317172
865320,0.765974015532602
865321,0.8423604441507342
865322,0.9993804555951994
865323,0.49912208417546877
865324,0.9982730710103902
865325,0.46531386785803464
865326,0.006152393519931028
865327,0.9999126656187011
865328,0.9896221528145303
865329,0.9995985895312907
865330,0.7085127306812609
865331,0.9998996418574295
865332,0.04347635354248661
865333,0.7000087309641129
865334,0.2383051619586205
865335,0.9997307393293593
865336,0.8383840317706965
865337,0.01273108418560586
865338,0.9979442371123106
865339,0.5923252157802958
865340,0.9969643163805927
865341,0.9824085018051748
865342,0.9895583838933641
865343,0.07105097986194345
865344,0.04957172061723548
865345,0.8574068347281194
865346,0.9999830473471236
865347,0.9998940555439465
865348,0.1520277033347717
865349,0.5085172461958084
865350,0.9999646994587458
865351,0.9985125661591329
865352,0.9971014855776557
865353,0.9980870101392878
865354,0.07165244731639965
865355,0.18903731725523187
865356,0.9968997120103071
865357,0.992326977667732
865358,0.9866542272140046
865359,0.773437632593087
865360,0.9923079035451581
865361,0.05308729046205602
865362,0.9999588496714352
865363,0.9676592257033061
865364,0.9997618674021014
865365,0.9948177763834601
865366,0.9999572459989454
865367,0.1212976863116914
865368,0.9865953893446633
865369,0.7288480647945643
865370,0.9999056852681454
865371,0.4982408253904306
865372,0.0249586753794018
865373,0.9999657450653081
865374,0.9949260198134451
865375,0.9992083647381729
865376,0.4082383719192374
865377,0.9985921143310217
865378,0.9999939404236191
865379,0.9995050361549084
865380,0.9160050187362307
865381,0.987776090831109
865382,0.83318858437583
865383,0.5622121940809752
865384,0.7894571576444704
865385,0.4005344497853161
865386,0.9997272317463617
865387,0.36392313986610425
865388,0.9907180097790746
865389,0.9985806889799813
865390,0.8010853060728088
865391,0.8342139436608812
865392,0.6004035096892945
865393,0.8534287856551233
865394,0.9975875901560447
865395,0.05326389631059662
865396,0.9120052076059476
865397,0.9997415360588571
865398,0.6214895771537167
865399,0.9996963899716753
865400,0.9980872543906563
865401,0.04758330209687911
865402,0.3461845112113758
865403,0.11300829895708579
865404,0.9999688280038113
865405,0.9489334574042303
865406,0.9996229949878448
865407,0.9996660971211979
865408,0.9990342336844449
865409,0.9825449055783304
865410,0.107351791683932
865411,0.9011360740267159
865412,0.9960969506564102
865413,0.9984885790792429
865414,0.3994348661590844
865415,0.9999934700303665
865416,0.4359793605130057
865417,0.016712935295014986
865418,0.9457888051028402
865419,0.0781278602355938
865420,0.9997049078494438
865421,0.6705974874411533
865422,0.8489391853376742
865423,0.031120454926212515
865424,0.5653955529509911
865425,0.10707187575151073
865426,0.998930157024784
865427,0.99998410401571
865428,0.9414804100524699
865429,0.9981277259835128
865430,0.9998657468123882
865431,0.7823088732695203
865432,0.999682583491248
865433,0.9874674881098582
865434,0.020571638700579223
865435,0.9998096520738622
865436,0.0332730655314958
865437,0.9979994882735389
865438,0.9935920512606988
865439,0.9996344713167077
865440,0.038016854677332
865441,0.9891369465642963
865442,0.3684922790657157
865443,0.8273814573269912
865444,0.8258319351379948
865445,0.99843453028518
865446,0.842424010870795
865447,0.9125060857823318
865448,0.9205869704004763
865449,0.08274013820523798
865450,0.9997542324282324
865451,0.9944050628750172
865452,0.9737655937838259
865453,0.9753174232075834
865454,0.44605404700662044
865455,0.9711297737865836
865456,0.9967056360944606
865457,0.9998918012370678
865458,0.35016359481092996
865459,0.22258831129098838
865460,0.9332884904661908
865461,0.9998264781112105
865462,0.9998106796400206
865463,0.9998322568345991
865464,0.9999404651287926
865465,0.17184742681948162
865466,0.9331827377737093
865467,0.8197051578149084
865468,0.9908945684025219
865469,0.21801288277646094
865470,0.9996940563055694
865471,0.995873957910217
865472,0.940124579441622
865473,0.9999850137421658
865474,0.9998903781314565
865475,0.9981674394889077
865476,0.9988220741615519
865477,0.9997429721643422
865478,0.0042747012906995145
865479,0.9964902022285373
865480,0.07874716148541049
865481,0.9944220039387439
865482,0.9421199825525637
865483,0.9932840809892419
865484,0.9598697253258304
865485,0.14411829043846427
865486,0.5924568991086993
865487,0.6088105676317804
865488,0.9985921473082081
865489,0.9933666332568798
865490,0.9997336588987862
865491,0.47275829688953713
865492,0.4011404164538378
865493,0.96559188675435
865494,0.9993726014880435
865495,0.991945272641763
865496,0.9985543606489473
865497,0.9892423767628147
865498,0.8999052400259278
865499,0.9983007823305897
865500,0.9986117335998894
865501,0.9998921461764969
865502,0.0028205205736302375
865503,0.8564895664572674
865504,0.19948988435079706
865505,0.029899307677581952
865506,0.951411640492327
865507,0.9962279703022966
865508,0.8938239243077883
865509,0.9978608486504813
865510,0.9996317374924084
865511,0.1238692625227786
865512,0.847071608853767
865513,0.8264921371069849
865514,0.9594920847633936
865515,0.9996773842356824
865516,0.9990472702177082
865517,0.9935960873264611
865518,0.9753655811178976
865519,0.9998698630516536
865520,0.7199171098856979
865521,0.1636099892819718
865522,0.028583062385210165
865523,0.8460711487235235
865524,0.8717482840762465
865525,0.9991537455905715
865526,0.8093396363946928
865527,0.9713660791782488
865528,0.9956757122681588
865529,0.4324761121627929
865530,0.6071657373902587
865531,0.9994779008108007
865532,0.010394561340298923
865533,0.9996538654352634
865534,0.03250513695898177
865535,0.6638458631059952
865536,0.08796645252320634
865537,0.3744466547772599
865538,0.10055322270210733
865539,0.5854804430262168
865540,0.8703670959635313
865541,0.999012928290576
865542,0.9984256581418439
865543,0.8420978707776761
865544,0.7777010587957994
865545,0.9668639964811738
865546,0.9653719194097354
865547,0.9994835272539768
865548,0.5411180099102657
865549,0.855767309889965
865550,0.7730316978106436
865551,0.9999934577283807
865552,0.44514323141154366
865553,0.8339490661581022
865554,0.18544869798135855
865555,0.999496602459065
865556,0.9733284663913008
865557,0.5218180502297661
865558,0.47375532666869746
865559,0.9985046043137649
865560,0.999818052018116
865561,0.9939679939718116
865562,0.6245659425132756
865563,0.9997818139531126
865564,0.9735959713363065
865565,0.9999294156625683
865566,0.7600869200556046
865567,0.9841764485178315
865568,0.398886936204768
865569,0.9979691873228658
865570,0.46443111293456396
865571,0.11482821724878223
865572,0.944513897774136
865573,0.7162131983224058
865574,0.9999502571272667
865575,0.9997599305067453
865576,0.9546115119648058
865577,0.9764018371463705
865578,0.20711319253401506
865579,0.9798530255771007
865580,0.9979122461646724
865581,0.005562375607760438
865582,0.16795911093153776
865583,0.929318610182043
865584,0.14955992218071396
865585,0.9998164992455644
865586,0.4165365434007471
865587,0.9995514970342054
865588,0.9999144924955211
865589,0.99990789730865
865590,0.6912945583298686
865591,0.9996672019962825
865592,0.9954737061150606
865593,0.9992400603937779
865594,0.9510606329051914
865595,0.5746341813275538
865596,0.6223864774832659
865597,0.9428005474351178
865598,0.12667755552183363
865599,0.7793893535097175
865600,0.5114083448843991
865601,0.9856529251867432
865602,0.8771907796858698
865603,0.9970128556299311
865604,0.999945393370594
865605,0.9956232840984296
865606,0.15300705925960192
865607,0.999856987430517
865608,0.9896479750992357
865609,0.9967000463864891
865610,0.9999129523445105
865611,0.9911479488102692
865612,0.5551604445867032
865613,0.34256120481393915
865614,0.8902708566777638
865615,0.9910764019998257
865616,0.5717809542665192
865617,0.9994031622088781
865618,0.31893950778018393
865619,0.6825488057137618
865620,0.9119314397305696
865621,0.9944208562699526
865622,0.9939124587185051
865623,0.9998382627712865
865624,0.048810424590504414
865625,0.998434442975221
865626,0.9998894102354776
865627,0.9998712451341853
865628,0.9992474418365977
865629,0.7275996588482859
865630,0.9536960889945486
865631,0.062156375952817686
865632,0.999852990098173
865633,0.052503657324446895
865634,0.2943772747950073
865635,0.6432031321865471
865636,0.037399577386818234
865637,0.9793286497469107
865638,0.1398287019465967
865639,0.999529957195321
865640,0.5537481335508717
865641,0.26232998037933725
865642,0.9998417478117951
865643,0.9998382391406908
865644,0.9978222670079249
865645,0.9943591898691903
865646,0.9893671666294473
865647,0.9588309511434028
865648,0.7042345839392081
865649,0.9997478916180293
865650,0.8580659685203896
865651,0.06230817558932926
865652,0.11546732840891878
865653,0.006114399513645305
865654,0.9858641133812669
865655,0.711011140510936
865656,0.9996645628024886
865657,0.9997598352836304
865658,0.036293288967561683
865659,0.9594721325289652
865660,0.9975021461911308
865661,0.24873082398427615
865662,0.997447529125076
865663,0.2855102023989154
865664,0.9997334404447198
865665,0.9999384232855835
865666,0.9526519619174674
865667,0.9940960481338283
865668,0.9984740862007925
865669,0.21404462334094604
865670,0.5985732619484384
865671,0.11149706738123108
865672,0.9992461555803993
865673,0.8577179953081042
865674,0.9999473179211924
865675,0.9998224342203118
865676,0.9997428814673526
865677,0.24314950428555487
865678,0.5414628629792589
865679,0.2613254456539264
865680,0.6014787621475979
865681,0.9997323397634379
865682,0.999861865089738
865683,0.9993050031527062
865684,0.46592576990005596
865685,0.014678806244393452
865686,0.7016850802189897
865687,0.3520164172099299
865688,0.5533963137708936
865689,0.9999758342022307
865690,0.7292598080174661
865691,0.9992790986890179
865692,0.9986882782576179
865693,0.9999445965131334
865694,0.7509611730520804
865695,0.6592660019487463
865696,0.5146840946391649
865697,0.9961194606997615
865698,0.9970989583474982
865699,0.8531360031902584
865700,0.9991508341469796
865701,0.999587787510539
865702,0.6861041655542387
865703,0.9999296393786709
865704,0.9999071898116327
865705,0.14132521429451333
865706,0.39401355524123355
865707,0.9886882152395965
865708,0.9996998543879816
865709,0.9997674734499764
865710,0.9175894505101645
865711,0.98130323807781
865712,0.2333785007133989
865713,0.003474505513456755
865714,0.9992250590387657
865715,0.10954527304156318
865716,0.9999152799476752
865717,0.028736682391024677
865718,0.4929066243563451
865719,0.4510175512081543
865720,0.0317255709101857
865721,0.9981452945737632
865722,0.9993196953615324
865723,0.521511061200666
865724,0.9474761790095123
865725,0.15168167007011413
865726,0.998654945617695
865727,0.9997149535067378
865728,0.9999581964947178
865729,0.03353195789340529
865730,0.9376557847180174
865731,0.9996037503452613
865732,0.9945339194800646
865733,0.908091207367429
865734,0.9868185202309148
865735,0.9930679088896395
865736,0.6754370287181465
865737,0.9989263485684247
865738,0.9994985166549999
865739,0.9943531746457162
865740,0.9951038184013675
865741,0.9332686870537154
865742,0.9519101374664528
865743,0.4734304088983228
865744,0.7905125467827996
865745,0.9982179791050105
865746,0.9999792360167725
865747,0.04774031132559674
865748,0.999971397107447
865749,0.9970725409277643
865750,0.10333447869249085
865751,0.9999436535090651
865752,0.45902645270417974
865753,0.9991193347364156
865754,0.9998034994246554
865755,0.02066124073692381
865756,0.9996178252251118
865757,0.02047838415904065
865758,0.9999121390939397
865759,0.7811630179605055
865760,0.9986342592485351
865761,0.6646170103441714
865762,0.9962824045735781
865763,0.8120589779864956
865764,0.9999391384286882
865765,0.9246624138961335
865766,0.9997225101325218
865767,0.057394910949860344
865768,0.33926038648754014
865769,0.9984390793217173
865770,0.12530953244441484
865771,0.9896774844560463
865772,0.9779972706493505
865773,0.9785364189466601
865774,0.9994540439030934
865775,0.9051249128174857
865776,0.01080509058980281
865777,0.08817672860712081
865778,0.29985045408550615
865779,0.9986795538689917
865780,0.31991936875950544
865781,0.2554077382500425
865782,0.1580111336817683
865783,0.8003782692470324
865784,0.5314231336489323
865785,0.999914502168576
865786,0.9881059659900332
865787,0.9141803980464154
865788,0.4666068199847488
865789,0.0779566379011025
865790,0.9875912927802902
865791,0.9823212230927976
865792,0.9999223297518354
865793,0.9949233637310544
865794,0.9994616382872414
865795,0.9971688853407579
865796,0.8759942027030434
865797,0.5721682071526193
865798,0.026474777344003317
865799,0.9999156118401986
865800,0.9928513970609492
865801,0.9714064097681029
865802,0.7574611289604145
865803,0.9662680281673693
865804,0.5113325092148023
865805,0.9360482584629155
865806,0.002700329615726159
865807,0.6542683186489274
865808,0.6375042092189234
865809,0.4515309527932345
865810,0.46632075842849097
865811,0.3633630342413039
865812,0.9999840629069425
865813,0.8918578232634244
865814,0.4555474274736341
865815,0.315055774467922
865816,0.1278042838547862
865817,0.9993136838917146
865818,0.9977670899666551
865819,0.05185088912076102
865820,0.6164401969974143
865821,0.5471921888788147
865822,0.9998775107105612
865823,0.999796751414086
865824,0.8267973074861797
865825,0.9903138737119921
865826,0.8673332200337396
865827,0.9994133075731705
865828,0.07962063544200307
865829,0.7492086285781875
865830,0.9999664412540843
865831,0.999906242697703
865832,0.9998009985290353
865833,0.018191213208395177
865834,0.43058640966810974
865835,0.19014361193155874
865836,0.995989991983921
865837,0.3119502669024733
865838,0.01586768519916001
865839,0.9995011379364616
865840,0.9754565744885136
865841,0.9976457746180363
865842,0.9995321350509149
865843,0.2522037056282503
865844,0.7249949240045483
865845,0.0038193320334000387
865846,0.034711052710800536
865847,0.031164120568527985
865848,0.7161101868671136
865849,0.5625726678353816
865850,0.35644211793141617
865851,0.3654169157475159
865852,0.5057865887004898
865853,0.999594175883679
865854,0.3813655332191353
865855,0.6850353819272741
865856,0.09702827256001716
865857,0.8958352134992491
865858,0.9977566159560185
865859,0.6802018195850552
865860,0.9901462457223454
865861,0.04364721362611619
865862,0.13224367864111164
865863,0.9943332907344029
865864,0.9999526123242604
865865,0.9371326930657256
865866,0.9999713176169001
865867,0.1854937413322108
865868,0.6610515375138766
865869,0.8828855484193233
865870,0.6617470182635434
865871,0.9434779693001523
865872,0.8390400720192188
865873,0.9999325510735364
865874,0.9999851994893165
865875,0.019105030895349432
865876,0.9976700184324955
865877,0.9999503393733454
865878,0.020760567990381985
865879,0.9897633478550076
865880,0.18068993454799334
865881,0.9975992017071673
865882,0.9962450425310545
865883,0.10584924457680232
865884,0.9998819070382718
865885,0.995491223571216
865886,0.9585259017430727
865887,0.019672961536506918
865888,0.9974406750231657
865889,0.9798769182412015
865890,0.8918007454898988
865891,0.9960597883954627
865892,0.9996669766899677
865893,0.8912979678336128
865894,0.999956549911268
865895,0.9999670148061262
865896,0.9975036063724879
865897,0.27823069546747103
865898,0.5312997803294846
865899,0.5142382047926123
865900,0.016766546619566804
865901,0.8387934405092867
865902,0.2996416714522097
865903,0.03871882159862777
865904,0.9869370417566684
865905,0.9975583351206083
865906,0.7462010917555544
865907,0.9998984870476786
865908,0.9989108403755194
865909,0.9994996320090566
865910,0.12590418157579028
865911,0.9785291688886213
865912,0.9959722097087751
865913,0.8462280077638429
865914,0.2700924798777955
865915,0.9998078710754719
865916,0.13980392049167434
865917,0.7778527278210252
865918,0.9994576305015244
865919,0.9993216930260634
865920,0.7108260742169754
865921,0.12488188917897614
865922,0.6053695021106018
865923,0.9987688139252898
865924,0.9993825533010957
865925,0.9669739309987035
865926,0.9630641902777578
865927,0.032344233632586324
865928,0.2949043453763171
865929,0.9947486824210944
865930,0.7274598783280991
865931,0.33690596561650815
865932,0.00813210973657935
865933,0.9999772801732639
865934,0.9990770679480757
865935,0.007094041207113991
865936,0.7883544395830405
865937,0.11321731424962836
865938,0.760957960894079
865939,0.8765049147465154
865940,0.0506968670013426
865941,0.5885167645272353
865942,0.999320483416158
865943,0.9418836254522969
865944,0.5119521690817307
865945,0.05641062879382472
865946,0.9628576257524757
865947,0.9996055373993255
865948,0.7868655239315525
865949,0.9993385036651142
865950,0.9956170633687003
865951,0.8281429488369012
865952,0.8973055738980011
865953,0.9998878278907155
865954,0.9994067650201074
865955,0.9356682291813219
865956,0.02255766895694778
865957,0.9982268282112736
865958,0.8360515220137116
865959,0.8892025477274947
865960,0.7318208187212514
865961,0.9999286414456502
865962,0.6792557838742594
865963,0.9988469918650896
865964,0.011706688941898847
865965,0.9871169449580527
865966,0.16122150564616627
865967,0.0038485132048414143
865968,0.9999405107607156
865969,0.9993499218713474
865970,0.9922110203716537
865971,0.3171314703779222
865972,0.4085581819998223
865973,0.999790437923963
865974,0.5940737933132472
865975,0.9996556618457206
865976,0.9999768679280727
865977,0.99971400056888
865978,0.9965245988391884
865979,0.2898254526539626
865980,0.47625506651520655
865981,0.9334130979156241
865982,0.4332176630675737
865983,0.9284353662954591
865984,0.998422517236736
865985,0.38384314454322005
865986,0.021432814574269397
865987,0.9241478579541343
865988,0.9880676799136201
865989,0.9905057741800614
865990,0.9996035173050556
865991,0.6176384033530874
865992,0.8580056813908881
865993,0.11125609950735772
865994,0.9589796443843551
865995,0.9998923079986517
865996,0.9419087013685177
865997,0.9993663511782955
865998,0.9537445923769834
865999,0.044550808104039545
866000,0.8915478244785693
866001,0.8214688942596313
866002,0.9937430365976669
866003,0.16847397654775076
866004,0.4304236366574571
866005,0.46990938543488
866006,0.998462462315229
866007,0.9209092550044463
866008,0.31773372040988596
866009,0.05970981388535533
866010,0.9997739889407458
866011,0.9403624755658656
866012,0.9998384967090054
866013,0.01193610361932795
866014,0.07984731704963499
866015,0.4611471664205177
866016,0.08348387417559672
866017,0.9994427857421682
866018,0.960421331965128
866019,0.3228065405954254
866020,0.9978202793178451
866021,0.9918907989343793
866022,0.8516322072764619
866023,0.9834309842849374
866024,0.9998497918684065
866025,0.9925768938781157
866026,0.9996704349774463
866027,0.9966059356882062
866028,0.9890577520050221
866029,0.9994275212676453
866030,0.6706990225295133
866031,0.9982461724844452
866032,0.6318934154645821
866033,0.5667299581581919
866034,0.9999669320955329
866035,0.9954360137806443
866036,0.5229345070392549
866037,0.9561685225618939
866038,0.999875312777052
866039,0.19556327254766243
866040,0.6434187578898438
866041,0.09767294256666728
866042,0.9942523618247339
866043,0.8322881099082005
866044,0.9994192976623981
866045,0.9990151077073111
866046,0.9903910550079749
866047,0.8813175083902727
866048,0.9999778414274823
866049,0.8628990712907286
866050,0.4399517181509505
866051,0.982087803669897
866052,0.953988482749452
866053,0.9997934577959627
866054,0.9944918138621772
866055,0.9955833485362844
866056,0.9998784680032584
866057,0.9996331660977142
866058,0.9686173755536023
866059,0.9995728741759833
866060,0.43502482601215964
866061,0.9472377531047895
866062,0.9991300948805381
866063,0.014833612122319945
866064,0.030242412498696285
866065,0.07900572686703458
866066,0.9995714918135991
866067,0.9731829070833475
866068,0.9960028890522848
866069,0.9967759398678364
866070,0.9999395599151073
866071,0.7054029403625117
866072,0.9979961463212823
866073,0.299443583440478
866074,0.999332047372251
866075,0.9999275811560983
866076,0.6638512335310777
866077,0.7881540171393595
866078,0.9996906197517548
866079,0.08372077824039773
866080,0.9998708278114813
866081,0.3175459254705857
866082,0.9998676696277664
866083,0.9803269522222073
866084,0.9789671991572144
866085,0.032365201541223985
866086,0.6291000280956147
866087,0.7648669230453822
866088,0.9837790570609924
866089,0.44531035446579814
866090,0.20367828680890468
866091,0.570461318055605
866092,0.9999231900355723
866093,0.7652808116250034
866094,0.9969976073552764
866095,0.6374542047579831
866096,0.8750185738176439
866097,0.9999148137983106
866098,0.9425143600381111
866099,0.005028039290097971
866100,0.4648207504112242
866101,0.848465397485092
866102,0.020749432144013084
866103,0.06937668002934369
866104,0.3319582055844094
866105,0.00872528736325148
866106,0.01443287257608959
866107,0.9988600697526155
866108,0.9997926830905165
866109,0.971604055745361
866110,0.7235419499566766
866111,0.8379060118026876
866112,0.9988725249786702
866113,0.998816795971706
866114,0.06557241131215524
866115,0.27046387336421324
866116,0.9999853019977789
866117,0.034551930997935895
866118,0.6135626576003441
866119,0.9999844995205268
866120,0.7213476634507368
866121,0.9128255579205196
866122,0.9947593384492935
866123,0.9917570204336317
866124,0.9747884005405362
866125,0.969223433423086
866126,0.995834480851614
866127,0.9367982544979822
866128,0.9832150671524295
866129,0.9999762558333618
866130,0.9998226139510982
866131,0.1112954374857326
866132,0.01727613209658781
866133,0.9018388073426297
866134,0.7194685070154961
866135,0.9978733684860172
866136,0.9996460077847213
866137,0.5628245268388123
866138,0.1865635598407831
866139,0.41470676883504365
866140,0.8529461054207544
866141,0.002499012407576297
866142,0.9969872955160926
866143,0.018789911065484832
866144,0.999773154879698
866145,0.7686353318730481
866146,0.9983777085742991
866147,0.9980814862255949
866148,0.5784253834177251
866149,0.9999579285362561
866150,0.9986840677412052
866151,0.4954968876025158
866152,0.9999452419740056
866153,0.025829298490687443
866154,0.4018642406123919
866155,0.9929846728248466
866156,0.02630284125460565
866157,0.23042482656429816
866158,0.024097355961460315
866159,0.8607575724172746
866160,0.026468772683915717
866161,0.9999886641161988
866162,0.9996887992866953
866163,0.10491320895135006
866164,0.011482272229362692
866165,0.8819848511277895
866166,0.7897439724758384
866167,0.9966301638816322
866168,0.9998509991591361
866169,0.9996100604874771
866170,0.9808023411596407
866171,0.9999629038122066
866172,0.7612810815056194
866173,0.8289128770275398
866174,0.9924858392579521
866175,0.9962132001120712
866176,0.48252052831937353
866177,0.9869925624009765
866178,0.9754409163858019
866179,0.956559081472926
866180,0.6383025228635184
866181,0.9984646813370823
866182,0.6357258242475188
866183,0.9952586031452286
866184,0.04155248804513515
866185,0.9996851971486027
866186,0.9757828070806929
866187,0.9998298308757765
866188,0.9999284798818027
866189,0.9462828851470715
866190,0.8825541998771226
866191,0.41486188929088985
866192,0.8267730082204514
866193,0.9987731624187963
866194,0.9934118509308953
866195,0.9999611731611675
866196,0.9965278121693879
866197,0.9995128423605348
866198,0.9972704277109679
866199,0.9498957207706186
866200,0.292558207467574
866201,0.8732121287528538
866202,0.7299653316110692
866203,0.9795454494528134
866204,0.9710810291366244
866205,0.9996071261718151
866206,0.9997273319020408
866207,0.9901905455955041
866208,0.016889793780369727
866209,0.36116559815388327
866210,0.45420360729825815
866211,0.9996499277952963
866212,0.9999010399944652
866213,0.33513440804419153
866214,0.9528197194878849
866215,0.9988418985057712
866216,0.9994841537276415
866217,0.6103203630938442
866218,0.29125736877310376
866219,0.9346403618801781
866220,0.4079251064702753
866221,0.923008375687386
866222,0.1994778364633932
866223,0.6946913418743406
866224,0.9997004793985329
866225,0.9995911309854677
866226,0.26309385300329946
866227,0.6308273093033068
866228,0.9983203579233846
866229,0.6716124623755872
866230,0.4104675863689709
866231,0.9610306374397042
866232,0.7485000694408273
866233,0.9999799873076636
866234,0.5018792053008004
866235,0.020753229222664638
866236,0.9596220876110981
866237,0.317174448421775
866238,0.6589278217973497
866239,0.9649347870027687
866240,0.9302649558648043
866241,0.9600201735905326
866242,0.08861593099411183
866243,0.950390003087817
866244,0.9929894140285755
866245,0.693513988358665
866246,0.9998299322693152
866247,0.0640860691698049
866248,0.854359440200009
866249,0.9997010644882258
866250,0.36794216421194037
866251,0.01671670313552646
866252,0.9998434344555415
866253,0.0015154157702231442
866254,0.876796864810583
866255,0.544256511002772
866256,0.9169199291624949
866257,0.9409203357953495
866258,0.9988407601141436
866259,0.993248876245264
866260,0.22452580553798962
866261,0.9995629977601431
866262,0.9996467068818946
866263,0.1813452882624128
866264,0.008756984327865902
866265,0.9979195260241092
866266,0.07851212753253912
866267,0.891663232337092
866268,0.07106168462322562
866269,0.9998394557067898
866270,0.8320013580422055
866271,0.9994898951678624
866272,0.7014342739814121
866273,0.7378543290775814
866274,0.127472169087016
866275,0.1944886549083175
866276,0.5003109557428127
866277,0.16894067466277193
866278,0.9999567984407125
866279,0.9999057436368899
866280,0.993960630263314
866281,0.9970707095423038
866282,0.04239132433323896
866283,0.8858093324111563
866284,0.7397771129588833
866285,0.06446683359682125
866286,0.9974145031473551
866287,0.20673021505759093
866288,0.9997918933061167
866289,0.8587639279544896
866290,0.999487549379145
866291,0.4440485372719697
866292,0.9608347674610547
866293,0.9439355662696713
866294,0.6093443849688936
866295,0.9973646706513417
866296,0.25919726141197497
866297,0.9999841000015262
866298,0.302764357721679
866299,0.9981744977667226
866300,0.9956932916701835
866301,0.9997214634664229
866302,0.2207897096650077
866303,0.9999721606281503
866304,0.9999949364901211
866305,0.01879858489340138
866306,0.9999566578138059
866307,0.988224354683545
866308,0.983752641924939
866309,0.40900102328184784
866310,0.9992397319473603
866311,0.15575630166226903
866312,0.9895496394274012
866313,0.015968571634779317
866314,0.1220271514332042
866315,0.25568777545839916
866316,0.8815225084688567
866317,0.678837669230816
866318,0.1946395462396403
866319,0.9992220017671187
866320,0.8710388030353049
866321,0.9271980109626888
866322,0.5768102421571808
866323,0.999976804730232
866324,0.9869858263018498
866325,0.9998568832480257
866326,0.8929238813852076
866327,0.5530398935963771
866328,0.9985638845404042
866329,0.6240853407506699
866330,0.002538484572177031
866331,0.9745737863814649
866332,0.9897843716650101
866333,0.8886676849002821
866334,0.06636511965075094
866335,0.23947672234808273
866336,0.9914596491842423
866337,0.004431748805607329
866338,0.09130396597667574
866339,0.9967495698538957
866340,0.9989371885504764
866341,0.06500789690442427
866342,0.9273600165683027
866343,0.038887012343443314
866344,0.9988609624946352
866345,0.5875541017922893
866346,0.384543270060712
866347,0.9997767217959999
866348,0.9928859529025518
866349,0.2001895250953395
866350,0.9995953460134168
866351,0.9996609870022455
866352,0.7540803866761876
866353,0.9999792652033642
866354,0.9557071994311199
866355,0.42614917726768775
866356,0.9991183480800118
866357,0.9947110398187049
866358,0.7165591399378803
866359,0.9961397243460495
866360,0.7135653540361602
866361,0.9993606029055115
866362,0.9950736001424173
866363,0.9998811629264353
866364,0.9998346332121254
866365,0.9579933414764229
866366,0.27784199532916
866367,0.9668101971532719
866368,0.08054438149053697
866369,0.9971558430203457
866370,0.049638545781587086
866371,0.999537696963087
866372,0.7390890012445158
866373,0.9982506983149755
866374,0.10679353877774561
866375,0.8454410953370632
866376,0.19237640157627173
866377,0.9963174477763008
866378,0.9992344245175405
866379,0.2315333820194659
866380,0.96799407598842
866381,0.42604072473140736
866382,0.9967589212793044
866383,0.04055357826274395
866384,0.9419513525776786
866385,0.9992486178690748
866386,0.765691940765911
866387,0.13066067509471102
866388,0.911138715184972
866389,0.9998108044795195
866390,0.9999222552659696
866391,0.9998979758504805
866392,0.6982888609685428
866393,0.2735917776189523
866394,0.9397283954947235
866395,0.7554214182357302
866396,0.6666051042746526
866397,0.24672983982786098
866398,0.7058472451059794
866399,0.27652533793314304
866400,0.9982546794268239
866401,0.9992533507937346
866402,0.9682077919809209
866403,0.9999848580923549
866404,0.9335568351484979
866405,0.21736286072533698
866406,0.9946650101382568
866407,0.999945305439937
866408,0.9993501475358608
866409,0.06164265276871422
866410,0.41802120280409816
866411,0.3305709240535274
866412,0.9973310645039111
866413,0.998326401397236
866414,0.9994040598690932
866415,0.9754684211303517
866416,0.7449882137092361
866417,0.2523050228774441
866418,0.9665145637385919
866419,0.9997899439184179
866420,0.9984393024153376
866421,0.999895093918263
866422,0.9999848673831659
866423,0.1755698803862218
866424,0.9998202666371659
866425,0.9136215944253547
866426,0.9961710672431903
866427,0.20569777403599387
866428,0.749775563285816
866429,0.9933389376895626
866430,0.9997984241483595
866431,0.999878948379795
866432,0.12076606865159034
866433,0.6894301483141532
866434,0.9998432687584321
866435,0.999282726222712
866436,0.9996930117491342
866437,0.9999464681159159
866438,0.7452863197414512
866439,0.42430416768147045
866440,0.9823341576236337
866441,0.10011093062046833
866442,0.07397057956989608
866443,0.9966864795122345
866444,0.9990419857887138
866445,0.7154547080561654
866446,0.8615255126058949
866447,0.10111258211181498
866448,0.8865857423518801
866449,0.9847461938626494
866450,0.6807503972013438
866451,0.9994696333355477
866452,0.9997899506843932
866453,0.7194984172829033
866454,0.9787998119715793
866455,0.9991961678922661
866456,0.9641612836405276
866457,0.9681228794748379
866458,0.37412416799807513
866459,0.8053424080407336
866460,0.9952987076358559
866461,0.7969940602377898
866462,0.9998117666146884
866463,0.7580805758217206
866464,0.6588181953883024
866465,0.9978146434393954
866466,0.9785108387242885
866467,0.32765149350955747
866468,0.7659467410382984
866469,0.9058464800328414
866470,0.44437146288566653
866471,0.141845194123294
866472,0.9989957055524534
866473,0.9239770078270966
866474,0.999377584383113
866475,0.20054939745106584
866476,0.9994641169146763
866477,0.9998933883290071
866478,0.9079808622157428
866479,0.6252044744819325
866480,0.9956744064045508
866481,0.4428369842990852
866482,0.9976778692040638
866483,0.042370333971211635
866484,0.44350198775144833
866485,0.31950176129706986
866486,0.06991119082491858
866487,0.4373672747554249
866488,0.9997466225169926
866489,0.9999692688196562
866490,0.9999414997435019
866491,0.3269334352107468
866492,0.7747270152138868
866493,0.03949139188640473
866494,0.9964484819720223
866495,0.29048320292105445
866496,0.3202085745561434
866497,0.9475184789577912
866498,0.9999830944777934
866499,0.9994450038604206
866500,0.9930376479521985
866501,0.035225725348397796
866502,0.9996132152257291
866503,0.5027124863834569
866504,0.5352642092859712
866505,0.9856198466360315
866506,0.9998595409200697
866507,0.8824241082618071
866508,0.7409413893043904
866509,0.5712094305430522
866510,0.09879812782886918
866511,0.02484763081579148
866512,0.10027495326255395
866513,0.9869351488795606
866514,0.33376092525451917
866515,0.9145533629277398
866516,0.9992947779082593
866517,0.6121036816401572
866518,0.9996095182947027
866519,0.9970418029383983
866520,0.7944966034802032
866521,0.7712076448313834
866522,0.7679358522637886
866523,0.7202195069942714
866524,0.006761568487318875
866525,0.6702635495514793
866526,0.9853671073506467
866527,0.999582739635726
866528,0.9996256371096728
866529,0.45818018411349226
866530,0.20382635306254346
866531,0.8295677312232942
866532,0.9999197895795529
866533,0.9997692033377901
866534,0.9862804929950069
866535,0.010133666167698585
866536,0.9840998094246868
866537,0.9997240853898381
866538,0.6741454828768534
866539,0.018342455495266235
866540,0.02676044332027265
866541,0.2559134301703781
866542,0.9999346666855095
866543,0.9917916052136877
866544,0.9992789277553422
866545,0.9999088088845679
866546,0.9998169224884667
866547,0.12483581276362854
866548,0.16639117913903134
866549,0.9868024935295104
866550,0.8653614410943775
866551,0.9391532354356844
866552,0.9976911233227674
866553,0.08070843698538263
866554,0.9999249173194203
866555,0.9009874569211864
866556,0.9973991852713197
866557,0.9570466548022794
866558,0.9999408430301852
866559,0.9991759362973086
866560,0.9999592922837219
866561,0.6935127894771076
866562,0.8977087636561033
866563,0.9991968247628623
866564,0.9523238717139701
866565,0.9998072108593302
866566,0.07809940750095298
866567,0.9959065653073099
866568,0.9596689036159176
866569,0.06952205082713245
866570,0.9907046627928735
866571,0.15476907679233037
866572,0.9959395543906913
866573,0.9765273646143386
866574,0.5213670081301313
866575,0.9768797042232878
866576,0.27524978104472037
866577,0.2945203215606845
866578,0.9711771893776959
866579,0.37850226935595604
866580,0.8333286464326948
866581,0.9153586540011823
866582,0.5049715835379683
866583,0.3038799518146361
866584,0.02434968634204052
866585,0.5770989999118545
866586,0.5999388444986632
866587,0.4028152906739082
866588,0.9411824166505041
866589,0.8090226669395097
866590,0.9993918440782839
866591,0.8043783651105316
866592,0.17577049740143114
866593,0.9949654756331902
866594,0.10201644994781991
866595,0.384775561673025
866596,0.06219848395539232
866597,0.17741007586225183
866598,0.9941889111672717
866599,0.9997561877847395
866600,0.9825369855748529
866601,0.7130194204528784
866602,0.9796470059980347
866603,0.9999887796909944
866604,0.45480559413923294
866605,0.0315483098431253
866606,0.4741457058848622
866607,0.4972837410335651
866608,0.6854344511820014
866609,0.9996854424672008
866610,0.5621975088021625
866611,0.7390619178945735
866612,0.6938790087365956
866613,0.9986159563751427
866614,0.888235915798321
866615,0.9997729229808133
866616,0.6263199248715434
866617,0.9938126984703036
866618,0.9999834602228559
866619,0.6710110450235985
866620,0.8795250601147915
866621,0.3466530964367096
866622,0.7886198118174566
866623,0.9999845173678648
866624,0.33848955550385695
866625,0.0156492071329149
866626,0.9988276585425807
866627,0.0597915163004428
866628,0.2381000306108567
866629,0.7764950739836795
866630,0.9996390012364466
866631,0.6040508576183687
866632,0.8595835255219153
866633,0.013897944623538244
866634,0.8243706225228995
866635,0.9990020646877851
866636,0.9996331051937343
866637,0.9297182516511793
866638,0.018171621447700025
866639,0.4799296287303749
866640,0.9978441589346121
866641,0.9997077437262434
866642,0.9998018618369413
866643,0.8054872088648264
866644,0.9963761499153875
866645,0.5297924689003451
866646,0.9991123903921068
866647,0.3247045367670858
866648,0.5921206801558426
866649,0.9997152759634855
866650,0.9026558265808582
866651,0.0076836183112865275
866652,0.4009541101608852
866653,0.9999820608911191
866654,0.6753720973164228
866655,0.5425757665060872
866656,0.9940833905305959
866657,0.41616482904857166
866658,0.9995791731185825
866659,0.9992275303746356
866660,0.985129627252508
866661,0.9202678681588019
866662,0.9382107040997595
866663,0.14240128907685035
866664,0.08076733664325875
866665,0.794129471596771
866666,0.7362244060243598
866667,0.7791402547580901
866668,0.9977514936209257
866669,0.004738138358077356
866670,0.4051210741672533
866671,0.14145147708834246
866672,0.9948567449167345
866673,0.027405300440608273
866674,0.011251587355322086
866675,0.9976501379362839
866676,0.09264375761073954
866677,0.27219417580011335
866678,0.16326871655688371
866679,0.9995026023786677
866680,0.02599645469160205
866681,0.9995755539574467
866682,0.6958065061287608
866683,0.5783701876362973
866684,0.8538143379746345
866685,0.949946161626595
866686,0.5840887441373543
866687,0.46546035864876845
866688,0.999884557403921
866689,0.9996396860379404
866690,0.31504930163711864
866691,0.5173622702865011
866692,0.9991885734794719
866693,0.6752228071080966
866694,0.9931438706163003
866695,0.9704587585812394
866696,0.7729238776164402
866697,0.9902131469214333
866698,0.9999630473457299
866699,0.9998267850459119
866700,0.591875453691539
866701,0.053049342649954374
866702,0.9991173853467674
866703,0.1293861736779843
866704,0.0035735254993773196
866705,0.9998405499150713
866706,0.6722421258944881
866707,0.9936480689064863
866708,0.9994143121951211
866709,0.999781285307064
866710,0.9977234101921306
866711,0.9997797209466903
866712,0.057476281477991026
866713,0.02742368125568942
866714,0.8806365029924974
866715,0.9998924358136742
866716,0.07072540476116194
866717,0.9852673900302139
866718,0.9923750251083809
866719,0.17078318942188123
866720,0.9996603888782299
866721,0.9990249830465999
866722,0.9997112110615644
866723,0.018527052576650188
866724,0.8919264613634988
866725,0.9105467989717068
866726,0.4938134720073679
866727,0.9568341020561234
866728,0.9999290036572613
866729,0.029266238207137543
866730,0.9999918328598179
866731,0.9971498993325876
866732,0.718976296424917
866733,0.9999594739770334
866734,0.9239556354392445
866735,0.5645833904213765
866736,0.8996739501957352
866737,0.9452327395831914
866738,0.9788048929145792
866739,0.5133148857419239
866740,0.4984687136197644
866741,0.9923521544347589
866742,0.7402397207164435
866743,0.9961461607172843
866744,0.4431553495313787
866745,0.3540532386270917
866746,0.9974562819670575
866747,0.9995776355609213
866748,0.07829106858348907
866749,0.386628077392488
866750,0.683533113624577
866751,0.5631403881618545
866752,0.9995497445645374
866753,0.9123427066232059
866754,0.9877532861119913
866755,0.8525335612287623
866756,0.9998829855376588
866757,0.7009778069511918
866758,0.5551346442948237
866759,0.8473525985589694
866760,0.9999273396710937
866761,0.5271357371407538
866762,0.24183149329200632
866763,0.002553387078385502
866764,0.99968876649924
866765,0.9999838207860593
866766,0.6170571092324398
866767,0.9971542318622975
866768,0.5215014321953519
866769,0.9959770768697043
866770,0.09420344964649112
866771,0.9995796446181104
866772,0.04770919582723883
866773,0.709690840679189
866774,0.9998269519584114
866775,0.047764473731314275
866776,0.03517449906852115
866777,0.9999906353619771
866778,0.9233372465341447
866779,0.9930724720915465
866780,0.011511793923729838
866781,0.9980656891465827
866782,0.9982707993907851
866783,0.9964785172862575
866784,0.9996194290818761
866785,0.8137013474051226
866786,0.017861716670000652
866787,0.30270530306671917
866788,0.9984465205002855
866789,0.865301508258669
866790,0.3069250407117088
866791,0.31228022323028193
866792,0.05913369977414545
866793,0.9743776944105912
866794,0.044239810552598624
866795,0.11979186616606063
866796,0.8692428997420291
866797,0.13768683678990726
866798,0.4955038832622186
866799,0.9998876848076507
866800,0.9900763515670968
866801,0.6998102236716257
866802,0.01457868706091683
866803,0.1552961062308955
866804,0.1801188046074539
866805,0.9570601615462714
866806,0.9998542050319285
866807,0.9999172750661816
866808,0.9989741374119732
866809,0.05362291298203155
866810,0.1519058521788419
866811,0.6562360537824405
866812,0.9269141043674086
866813,0.9955152700691665
866814,0.04800074079015604
866815,0.8902286121224449
866816,0.9994728097556591
866817,0.793078090302475
866818,0.9997359617784791
866819,0.8181053449168675
866820,0.9996675571541953
866821,0.9859525409180456
866822,0.017505667659767216
866823,0.23518936546508945
866824,0.987743829393403
866825,0.23824973121236145
866826,0.5366380674051865
866827,0.8560345634998439
866828,0.02172643553827495
866829,0.9999228771679067
866830,0.00796433045876359
866831,0.9987213944712463
866832,0.25421738229289387
866833,0.9841861445255847
866834,0.2251655680610642
866835,0.011958522042030302
866836,0.6938198055987697
866837,0.7934366543570541
866838,0.7241472052819697
866839,0.9991358316024592
866840,0.7890447038981085
866841,0.9854242174346766
866842,0.06681629652821659
866843,0.9996128546024354
866844,0.38271125029024394
866845,0.7703834874271711
866846,0.9994712786330732
866847,0.7749436492075672
866848,0.9999915949307192
866849,0.6997545186863503
866850,0.38193002282679916
866851,0.9960246517140825
866852,0.014377153905425427
866853,0.0651831144028113
866854,0.03517555810710918
866855,0.9618449466500025
866856,0.0821163696988475
866857,0.6823008094630121
866858,0.7956552983058977
866859,0.8712213597646004
866860,0.019978265793030046
866861,0.998034508453874
866862,0.7680886765511611
866863,0.011431811775962895
866864,0.9998932044295707
866865,0.7689763217634206
866866,0.9998695326147293
866867,0.9993475735070647
866868,0.8316124250387149
866869,0.14109573027552008
866870,0.207005521733207
866871,0.9998810451487965
866872,0.991048155929703
866873,0.9999585522222402
866874,0.04850629911731534
866875,0.15059695366525555
866876,0.8232932269756678
866877,0.8663091180508422
866878,0.8988339498709113
866879,0.9996912763946675
866880,0.7752494359438242
866881,0.4500204452282941
866882,0.9999664663075047
866883,0.7633626590345389
866884,0.07781624202943559
866885,0.9998903101416995
866886,0.8469776971623536
866887,0.9465640801557422
866888,0.9216197633426427
866889,0.31131839770176006
866890,0.5539692524996099
866891,0.0011200460008520413
866892,0.7150257676939041
866893,0.07648130681506615
866894,0.9996119003653838
866895,0.9993364591218481
866896,0.9911636339119099
866897,0.9995531374819397
866898,0.9997447929116626
866899,0.9999791403655053
866900,0.00412802949485005
866901,0.47074376966109505
866902,0.8944533553914028
866903,0.3621164828569643
866904,0.7189783118323608
866905,0.9988185375702411
866906,0.17492597795905518
866907,0.003505895256337054
866908,0.9975914798069023
866909,0.7473175399457002
866910,0.9999979895921215
866911,0.03320414154804121
866912,0.9141007571899926
866913,0.9840984281998371
866914,0.8605083106018173
866915,0.8688795571119885
866916,0.7079477745092141
866917,0.33241840793945476
866918,0.9994118125504954
866919,0.8638543339426543
866920,0.9598189989399589
866921,0.9956305287429077
866922,0.6562922553673154
866923,0.9927340548422194
866924,0.9973353726556902
866925,0.1256957529254163
866926,0.08143657730470008
866927,0.08637062564796201
866928,0.9995745964830128
866929,0.9999810519751938
866930,0.4495048478057928
866931,0.9957159660261081
866932,0.9999822761107674
866933,0.99976202405688
866934,0.07552311215316046
866935,0.8073398568946701
866936,0.1366694846624178
866937,0.037843606486161176
866938,0.6852028305556093
866939,0.45650078842556596
866940,0.9976566187027315
866941,0.9995493357807468
866942,0.940382119089443
866943,0.9991276329657455
866944,0.9999238178355925
866945,0.6457330398859278
866946,0.9897819913953266
866947,0.6945304617530628
866948,0.18561664334613792
866949,0.03317484965960678
866950,0.21773568934090726
866951,0.9915530249525326
866952,0.9978237245541952
866953,0.9252897739633898
866954,0.9994754966911097
866955,0.9987857015489005
866956,0.9998826346768296
866957,0.05850336193380107
866958,0.9028239361471984
866959,0.01191399329001865
866960,0.060229212722271705
866961,0.04625491905358981
866962,0.1372770896176714
866963,0.9995667818201714
866964,0.9801496499223223
866965,0.9713473959894783
866966,0.8913762876795409
866967,0.6391984694463265
866968,0.5926630164015805
866969,0.9975701689426075
866970,0.9965389543326153
866971,0.9999820660024767
866972,0.9999896979130791
866973,0.9914738772368039
866974,0.4370503762346531
866975,0.5621297470194123
866976,0.02579446011075142
866977,0.7162124109146293
866978,0.9972640457678673
866979,0.9956576517524847
866980,0.02226101477786
866981,0.6786830663927261
866982,0.07156491927400005
866983,0.8494101245469678
866984,0.994475768078464
866985,0.9934213241669947
866986,0.5937456683107531
866987,0.9999479021128488
866988,0.9998759826671677
866989,0.9881119593744428
866990,0.9968073178612828
866991,0.9999200769787371
866992,0.9964594717545702
866993,0.9997083138817049
866994,0.9855188157092585
866995,0.03554792619677561
866996,0.999542206236465
866997,0.5140255417927921
866998,0.9995135841766801
866999,0.9737413743754357
867000,0.03229784069343775
867001,0.9996167812997022
867002,0.9479242496992621
867003,0.999114718539369
867004,0.9997514550515032
867005,0.13407394334836625
867006,0.9589979488370728
867007,0.6847566848040747
867008,0.6694558553417203
867009,0.17749704255854712
867010,0.030027694128706765
867011,0.06920744154557291
867012,0.9999227927189107
867013,0.00901187364410172
867014,0.9997710022470605
867015,0.914993907755035
867016,0.8627221219057645
867017,0.9110948283559862
867018,0.9927427388322231
867019,0.9960699162606398
867020,0.013291080977676433
867021,0.7110194597245267
867022,0.8828405516562103
867023,0.9992024420759973
867024,0.9998310041543834
867025,0.029479689396829385
867026,0.009995305193563663
867027,0.9998782770978238
867028,0.9998619924907641
867029,0.9998300545343468
867030,0.9999000363177469
867031,0.9475679026243491
867032,0.9998484848707365
867033,0.52956349372632
867034,0.9648676402720249
867035,0.05555138245006425
867036,0.9988625305113324
867037,0.91251499132394
867038,0.9972296423125775
867039,0.9986592071385633
867040,0.0735920714297156
867041,0.14784428029919372
867042,0.9943757068676733
867043,0.8009447132720905
867044,0.9981200454912871
867045,0.9276740400983466
867046,0.9845494652099658
867047,0.4205019325586483
867048,0.9998578817910704
867049,0.7929948647088063
867050,0.999647458663824
867051,0.999969838965695
867052,0.1360733963543217
867053,0.97875854850286
867054,0.414407655114288
867055,0.9995575152533897
867056,0.9184131279458849
867057,0.08823523830404989
867058,0.9999045726003963
867059,0.9595614736551861
867060,0.9999448381325122
867061,0.06758552202622942
867062,0.49821036738024516
867063,0.9994966633579642
867064,0.013281220851653657
867065,0.99977962388531
867066,0.5738717325104197
867067,0.9855369278526244
867068,0.9966732331288609
867069,0.9968725932494882
867070,0.6356294588758327
867071,0.33041819881243517
867072,0.9977155430393247
867073,0.9999914714177219
867074,0.9999274927581624
867075,0.9412681092867987
867076,0.9999388590112446
867077,0.9999929946316194
867078,0.7274756422023958
867079,0.11615356395950117
867080,0.9962943470294815
867081,0.07832505012183807
867082,0.7061475454275183
867083,0.965028476571345
867084,0.9992350462094202
867085,0.9956331891290289
867086,0.7725922428971215
867087,0.6190091352775933
867088,0.9966430942887409
867089,0.9428118751983725
867090,0.7356068309312139
867091,0.5850718555868503
867092,0.999979222681689
867093,0.9946350876386267
867094,0.40008279662600604
867095,0.7939877067660094
867096,0.9998492685909036
867097,0.974438011983109
867098,0.999590219295451
867099,0.29299563680966606
867100,0.1624907175329538
867101,0.02553455732358216
867102,0.9993942812508705
867103,0.004398476841655462
867104,0.23142708525979008
867105,0.9995394829762769
867106,0.9964999405292163
867107,0.07448666802766796
867108,0.7655956736584202
867109,0.9998225592936231
867110,0.9915956886448867
867111,0.9999145449762743
867112,0.6967356756628091
867113,0.9998153202725615
867114,0.4591696133879416
867115,0.995578995213265
867116,0.9999161160832198
867117,0.999597827956449
867118,0.9991725464235199
867119,0.8870572356698758
867120,0.868668543045128
867121,0.19630923961198588
867122,0.9029748130629498
867123,0.9992881393028645
867124,0.5519852540699105
867125,0.9994002418251027
867126,0.161243312647811
867127,0.9796213912733098
867128,0.9987236146082529
867129,0.9989335514924541
867130,0.9513459552078414
867131,0.9998460380871861
867132,0.6802234379949966
867133,0.9986219954449091
867134,0.3600633116183433
867135,0.5950939317462828
867136,0.8249761516886034
867137,0.12444242278091006
867138,0.995234422416112
867139,0.9976339256465147
867140,0.9983692576799876
867141,0.694945341884204
867142,0.8466018192256133
867143,0.9998085894985124
867144,0.011739989686451319
867145,0.999728535929062
867146,0.4452337966619909
867147,0.9862705211595353
867148,0.9989416131704457
867149,0.6593699009218974
867150,0.7469495495136251
867151,0.9999719487403921
867152,0.9999706121848787
867153,0.9999698820845151
867154,0.9980624481292185
867155,0.9997026103723592
867156,0.5956200629293481
867157,0.9998876526703047
867158,0.9963481385213677
867159,0.9919261060492433
867160,0.9951374537257278
867161,0.734212798811133
867162,0.4821310964104511
867163,0.2997921124697813
867164,0.39683541647211446
867165,0.999605540267043
867166,0.8230843555716387
867167,0.016901833843340347
867168,0.9770394445549723
867169,0.6205003004227652
867170,0.8979238328071049
867171,0.9709825200563462
867172,0.09712196307427198
867173,0.024393519053555645
867174,0.9971241864557928
867175,0.9088816339774453
867176,0.5387626783618525
867177,0.3472924886443073
867178,0.9999363390197225
867179,0.996579565485159
867180,0.5367368278061985
867181,0.996753134667
867182,0.024212680247081442
867183,0.007262765660928518
867184,0.9992572943134805
867185,0.9995055700262488
867186,0.5917626820333765
867187,0.9996973305514045
867188,0.3241673154891071
867189,0.9759636545037009
867190,0.6593505009405289
867191,0.21461549771068122
867192,0.9999757911737399
867193,0.23281572348159488
867194,0.6012525900738397
867195,0.999688508059195
867196,0.9842063157430623
867197,0.9934900135895176
867198,0.07676768851542803
867199,0.01024537672273823
867200,0.8164667936315015
867201,0.9999685607240818
867202,0.9666781104309303
867203,0.32126891125831414
867204,0.9277904728334656
867205,0.9994554428960594
867206,0.004078861275579559
867207,0.9995885649696259
867208,0.9282992029588298
867209,0.7317101342676656
867210,0.999880688637431
867211,0.9946922482927124
867212,0.9989703452926884
867213,0.41357739305782787
867214,0.999963931205298
867215,0.06608713247146195
867216,0.010243694650886282
867217,0.047170000977914094
867218,0.9988807592971738
867219,0.9977154671243502
867220,0.9968231456515609
867221,0.7023911253279582
867222,0.6369729721827526
867223,0.998212192714663
867224,0.9985125681014941
867225,0.9999327015488659
867226,0.9997819539593161
867227,0.6781714625855602
867228,0.944284460169923
867229,0.9990060019616813
867230,0.9972061883821375
867231,0.04077793726927387
867232,0.975253581265868
867233,0.999640914762234
867234,0.9997418343045589
867235,0.9993283029375837
867236,0.7202490681943318
867237,0.7630083481053175
867238,0.7201600679687936
867239,0.9986416513548787
867240,0.18130182416337687
867241,0.9998442064507893
867242,0.5451166513391383
867243,0.9996400976327477
867244,0.9707661808707613
867245,0.999619799199211
867246,0.9971652552425889
867247,0.011668964491953315
867248,0.9935192404659831
867249,0.8263941805820925
867250,0.9999140937737878
867251,0.9909014167381166
867252,0.7478311027261209
867253,0.04516125935523943
867254,0.999078895017136
867255,0.44653469608185103
867256,0.016345711939622518
867257,0.5547773935317203
867258,0.9999441383165699
867259,0.9824432351232342
867260,0.9077465784721934
867261,0.4517973657151554
867262,0.47876472536718473
867263,0.23602207321492444
867264,0.9994991188468609
867265,0.8791363206461194
867266,0.18774036591419246
867267,0.9990700862784182
867268,0.9323155095719189
867269,0.9281129688247625
867270,0.5315735894035063
867271,0.031630520223348106
867272,0.5576060943108236
867273,0.03744449176764678
867274,0.4102044490101595
867275,0.5679536971300747
867276,0.9998410779996394
867277,0.9999810073675133
867278,0.9999868946309718
867279,0.13562422784545516
867280,0.9095516585538741
867281,0.7628283172727448
867282,0.679738129834973
867283,0.99996460101795
867284,0.12662976881774682
867285,0.9996595915254318
867286,0.2567801040785056
867287,0.20895837156257774
867288,0.4690647490360682
867289,0.030047253346238548
867290,0.9844893338283893
867291,0.9997388611985555
867292,0.6012863738246604
867293,0.02642518281360235
867294,0.011845106983511725
867295,0.8904204218559459
867296,0.9998618703791708
867297,0.8073174506461671
867298,0.9730483187989742
867299,0.10553230751691076
867300,0.14332604603884092
867301,0.4681893550324022
867302,0.8123651414755497
867303,0.9096997074274319
867304,0.5841270401431408
867305,0.047675324742763835
867306,0.24596082510054457
867307,0.9859376886707427
867308,0.10215782914223476
867309,0.9351965051355633
867310,0.9946418808484762
867311,0.9265592909010889
867312,0.9980580936596963
867313,0.9421242602648299
867314,0.30476397619095097
867315,0.023620975627510768
867316,0.9998272434429589
867317,0.9996289398848744
867318,0.9552633081428614
867319,0.9994034400257018
867320,0.17316380555581248
867321,0.8860515855630255
867322,0.9995364201409895
867323,0.21290505245991245
867324,0.9646542267264581
867325,0.05715284678610044
867326,0.9991298936194648
867327,0.9980709298707442
867328,0.9723039513154892
867329,0.4271830504076936
867330,0.5367935663388392
867331,0.9997864668004934
867332,0.056323453789943204
867333,0.8309026634102632
867334,0.7477426015306666
867335,0.999927433455106
867336,0.9992060895131379
867337,0.1917348266474071
867338,0.999829957580297
867339,0.3089950828639667
867340,0.9996287427873894
867341,0.9979326055503182
867342,0.9200645307084128
867343,0.9956171930822209
867344,0.10387350268008891
867345,0.6103220472675135
867346,0.9429410791525277
867347,0.9641181468890601
867348,0.6970100287492861
867349,0.12614519552963205
867350,0.4942035963297091
867351,0.5278110484409169
867352,0.999852593486927
867353,0.9648459960023124
867354,0.8738793829153463
867355,0.9994606181525216
867356,0.05912125344643261
867357,0.9812946951919826
867358,0.9946407001720586
867359,0.9979514024594871
867360,0.9983844681342776
867361,0.9999768991850477
867362,0.947019833637404
867363,0.9990757572981208
867364,0.9969351137200753
867365,0.012933299209428763
867366,0.21467491752937862
867367,0.017120052187009963
867368,0.9567053883697247
867369,0.9946770786574708
867370,0.9974379044275603
867371,0.535702072163928
867372,0.998247189883702
867373,0.9998170268223718
867374,0.994933903392708
867375,0.3325646243613679
867376,0.9997035116283832
867377,0.5417511057107045
867378,0.9986524947914187
867379,0.9905587361573501
867380,0.012209627821423211
867381,0.6910599842419269
867382,0.9976015833272445
867383,0.9995486911449175
867384,0.47746551098575996
867385,0.9874090720330846
867386,0.9981710219466919
867387,0.7697394515032007
867388,0.9989166571898126
867389,0.17245197377928426
867390,0.6022133080336747
867391,0.9081129939765107
867392,0.9999752342520598
867393,0.13400171868618047
867394,0.44880548876313753
867395,0.6291577239308516
867396,0.032977176649026434
867397,0.08501926705864334
867398,0.9999839080717724
867399,0.9998765841737507
867400,0.8814438296106539
867401,0.682190508495804
867402,0.9970626244236551
867403,0.9975239718549266
867404,0.0048512076458464585
867405,0.9981356669460406
867406,0.8466951144708711
867407,0.9439164130388382
867408,0.20608914696501932
867409,0.9772646004299954
867410,0.27510695780083466
867411,0.9956676542097895
867412,0.33635980770467255
867413,0.9999810553590325
867414,0.18755577139976465
867415,0.9964008127121664
867416,0.20978555825978182
867417,0.9967377155964343
867418,0.41347010170194803
867419,0.3618858492814547
867420,0.8319135897547981
867421,0.9350818896331599
867422,0.9995141962965691
867423,0.03148347988112572
867424,0.5334122630554966
867425,0.9310211589689165
867426,0.9996638067941529
867427,0.9975941587276234
867428,0.9594330231166509
867429,0.9999801751269485
867430,0.9208580338036738
867431,0.10499021145240564
867432,0.9642770152008837
867433,0.02753355846562215
867434,0.1107347390779787
867435,0.9923103911683809
867436,0.5292972975070719
867437,0.9934643934209961
867438,0.9996339776446088
867439,0.9999547892590401
867440,0.037022653183315476
867441,0.023358179971944764
867442,0.4124941384597083
867443,0.9955864806206663
867444,0.11998588827738707
867445,0.9971711235829812
867446,0.9990028794001595
867447,0.022880011632005405
867448,0.9993253937550572
867449,0.1363471734857633
867450,0.9819374826818501
867451,0.13973940576166427
867452,0.9997229617893276
867453,0.9827758103200044
867454,0.9985595396793804
867455,0.5488878380651332
867456,0.925722153799738
867457,0.9999820870920779
867458,0.9874697307476699
867459,0.999874639768032
867460,0.9996985963968399
867461,0.5446374342906917
867462,0.9993616761431006
867463,0.9994754577876404
867464,0.3390573069973546
867465,0.9735635738661027
867466,0.9969428320604261
867467,0.9104089693264346
867468,0.8289545123546609
867469,0.997629838605693
867470,0.9998895565346625
867471,0.5992106489497425
867472,0.999654912463886
867473,0.9859231232031969
867474,0.9988949678757828
867475,0.009335616968961895
867476,0.9999561523973541
867477,0.9300597783635952
867478,0.35967184841666533
867479,0.9984589832803047
867480,0.9997338733450527
867481,0.9987465119789631
867482,0.8031091283430938
867483,0.043709460883741176
867484,0.9935108995809384
867485,0.9629912937995924
867486,0.3554965395533577
867487,0.9998248652349183
867488,0.9994673632701947
867489,0.8251439808629433
867490,0.9773838189188504
867491,0.4426657557575112
867492,0.9997907863139918
867493,0.5683948733734705
867494,0.9932055834737438
867495,0.9886175915397966
867496,0.9606951968496599
867497,0.7797484929272357
867498,0.01836472151027156
867499,0.9784008448094342
867500,0.15550185162308264
867501,0.4504195015470987
867502,0.9942558883415205
867503,0.25009728083909916
867504,0.11697312852737975
867505,0.999476865718102
867506,0.9885023421340642
867507,0.998114064648643
867508,0.9998112478716625
867509,0.8819860259121344
867510,0.9986786241042891
867511,0.9999366946569508
867512,0.7026201354326285
867513,0.9993389493412536
867514,0.4863589965442051
867515,0.9352943208835756
867516,0.19954147766316815
867517,0.9425200081201958
867518,0.02196781175432613
867519,0.020185914601964575
867520,0.530208142438527
867521,0.9963572974173434
867522,0.20395325428600655
867523,0.07012928193670655
867524,0.9999245141632571
867525,0.5130195247743454
867526,0.9689848936006862
867527,0.9209648548918087
867528,0.9362071741501723
867529,0.12389711897793255
867530,0.9498160482567995
867531,0.013365024919906513
867532,0.9002870854488637
867533,0.9932845680620314
867534,0.98597471337543
867535,0.9998881119124908
867536,0.13968813967973226
867537,0.9612726184866539
867538,0.9255719221191815
867539,0.9983277675434594
867540,0.9032585562857393
867541,0.03281264417574697
867542,0.5674588514889691
867543,0.9994599178216906
867544,0.10876053147164645
867545,0.9996124129741528
867546,0.6550753005019554
867547,0.9999406152699786
867548,0.07741797117940713
867549,0.9533659684557935
867550,0.159039954368235
867551,0.017813288281469993
867552,0.913268246607293
867553,0.9993125738309985
867554,0.21366073944001357
867555,0.19715779197481292
867556,0.8151796855621014
867557,0.9916181130044508
867558,0.7120958915757836
867559,0.9998726733444092
867560,0.992556132266477
867561,0.7478156164361949
867562,0.9677699591628972
867563,0.022334212187705402
867564,0.9987314722348022
867565,0.22841759893860647
867566,0.031015455467067212
867567,0.24826033732239944
867568,0.018717044369675036
867569,0.9999808674277293
867570,0.9964259212833435
867571,0.9940475433371966
867572,0.02491583335845171
867573,0.9981873193706811
867574,0.9999353047186565
867575,0.9988960770252375
867576,0.7749697209686996
867577,0.9983905433850923
867578,0.0057674075164794725
867579,0.999553544204973
867580,0.9922234553080808
867581,0.1403795911163653
867582,0.631008921016781
867583,0.9948233585939008
867584,0.9989084587511468
867585,0.9998514347690228
867586,0.527346687085047
867587,0.9998299916172657
867588,0.94279469830673
867589,0.9999501664257382
867590,0.9999408083407884
867591,0.9283938848769903
867592,0.9603681019996478
867593,0.04228479391215255
867594,0.10437616254674972
867595,0.9259009348509315
867596,0.9437478031886936
867597,0.9999525565114625
867598,0.9999121213995464
867599,0.8714524647353765
867600,0.9995089002214324
867601,0.3772487470830746
867602,0.26581613449488656
867603,0.9999229399382252
867604,0.9998519549149956
867605,0.5239676563356922
867606,0.49039170213373784
867607,0.9949303628819585
867608,0.9594059572473765
867609,0.9819682504140674
867610,0.9999320733657218
867611,0.7403659934116832
867612,0.8374915059805288
867613,0.9973484592285051
867614,0.5910764753647157
867615,0.14546174058322944
867616,0.984045608022047
867617,0.025540557517445883
867618,0.018516294394352553
867619,0.999769376410618
867620,0.9991305424274319
867621,0.022736732690666013
867622,0.9972052834188899
867623,0.9980837397037539
867624,0.9997900653288169
867625,0.004738244836188767
867626,0.5870798365637085
867627,0.9995946041095968
867628,0.012159979923285786
867629,0.934211999984297
867630,0.910997660913949
867631,0.05936751004630384
867632,0.19763664557562044
867633,0.9927220462809918
867634,0.8254170828750844
867635,0.7406861143724632
867636,0.2623167818872626
867637,0.018690273251638568
867638,0.9502389317760225
867639,0.08833654902929115
867640,0.013721965613422878
867641,0.9947401089921404
867642,0.7344369181533457
867643,0.44283725581416533
867644,0.7522327244194688
867645,0.9983166053818158
867646,0.9998198664145452
867647,0.9400583100014839
867648,0.6772480206979884
867649,0.9990154817826715
867650,0.3387557644853938
867651,0.9996248462753786
867652,0.0392181889305741
867653,0.9755353109208802
867654,0.7738120663311773
867655,0.9998591328653091
867656,0.024624846566246784
867657,0.9995706076612259
867658,0.9899309010995541
867659,0.03239455909747814
867660,0.5302783182503377
867661,0.9978820498344352
867662,0.93473629919452
867663,0.7069684378724767
867664,0.5746847214742822
867665,0.983129275535324
867666,0.5273516005888892
867667,0.9418169549712321
867668,0.9406444676382045
867669,0.9970774986222347
867670,0.1181077728573803
867671,0.9930246747112033
867672,0.9998847944294453
867673,0.2596783142262254
867674,0.9979983299555428
867675,0.9939592025546037
867676,0.532129483352462
867677,0.9998519668810484
867678,0.9003375326643681
867679,0.99223393026261
867680,0.9610887262638824
867681,0.4208380313328056
867682,0.04762457013172846
867683,0.35166742741289936
867684,0.9999347616034812
867685,0.9990301456993789
867686,0.011258174047608233
867687,0.606747804614278
867688,0.9667431493871677
867689,0.7629629501125104
867690,0.5068221050132663
867691,0.9939618845684126
867692,0.29756150024834477
867693,0.9999076889737281
867694,0.16656303810894135
867695,0.9981396810494574
867696,0.9999882337209006
867697,0.05979397711980093
867698,0.9975388959531719
867699,0.9996106094825931
867700,0.910818827493003
867701,0.9998266956567881
867702,0.02030924722166335
867703,0.9999342675226045
867704,0.041703814152295265
867705,0.9821460795995332
867706,0.9870407668249532
867707,0.8261274737855508
867708,0.07464724698519386
867709,0.9375735661724369
867710,0.9796088917411714
867711,0.9998208037545278
867712,0.5941911436747791
867713,0.13633089290647737
867714,0.42850197915168386
867715,0.9999425495485397
867716,0.9961036117589708
867717,0.6075265181554919
867718,0.9911019374357624
867719,0.996704952207684
867720,0.5226445874603067
867721,0.9999683999193945
867722,0.3422888641655126
867723,0.5983154209115027
867724,0.9819475137563753
867725,0.0056685857004528375
867726,0.9999145854497486
867727,0.9044847706502295
867728,0.2125910669624978
867729,0.9996339135643868
867730,0.9982456790929753
867731,0.03052693082901978
867732,0.9973755129425567
867733,0.5192939868848838
867734,0.9977133628366911
867735,0.4938384349740617
867736,0.9990584837875353
867737,0.9750656095470973
867738,0.9556697207799049
867739,0.8554671242506794
867740,0.3088722575468616
867741,0.2550241764386592
867742,0.9998569696206119
867743,0.34075400588438726
867744,0.7777202438185629
867745,0.9913548797797402
867746,0.9798922127808373
867747,0.2617340522664216
867748,0.9914719027621779
867749,0.028470002082077565
867750,0.9630781360082863
867751,0.6492641865686448
867752,0.041731074817889936
867753,0.9988126943915611
867754,0.5198542056839522
867755,0.9999368864491931
867756,0.6453716071088762
867757,0.16827236966179504
867758,0.9315862177151369
867759,0.9972481061647318
867760,0.99979707442503
867761,0.9965753689656616
867762,0.9996580563453614
867763,0.9408933597232876
867764,0.7929278161397191
867765,0.7172402386031351
867766,0.9321686121648287
867767,0.999853736919745
867768,0.9997260384490301
867769,0.46620097411056993
867770,0.9995044768848783
867771,0.9999221142868717
867772,0.29309918709065086
867773,0.9996876162594613
867774,0.01968734527971363
867775,0.9996528727934288
867776,0.993620358547361
867777,0.998315009834382
867778,0.8763567544691022
867779,0.9642919786047381
867780,0.9997665859223704
867781,0.8354583143783647
867782,0.9994728999009024
867783,0.9991587076700988
867784,0.928875973147872
867785,0.9995507575377004
867786,0.9937589094905441
867787,0.8324218086162667
867788,0.9999671115739578
867789,0.630609510585469
867790,0.9989426498806144
867791,0.9999814360061706
867792,0.6436644822535695
867793,0.03240812690599534
867794,0.9288088804707073
867795,0.9998033330082838
867796,0.997301078622024
867797,0.7690033919279796
867798,0.823139894436048
867799,0.13879919125260967
867800,0.9984328205136683
867801,0.9813034261835251
867802,0.9999190766566892
867803,0.3499207262074588
867804,0.999994765643018
867805,0.13403704980571485
867806,0.9405429254041782
867807,0.7817191419529761
867808,0.9959077524474418
867809,0.9708943877772542
867810,0.9626712016542337
867811,0.03580330674251835
867812,0.08237573598201642
867813,0.15812640477105316
867814,0.9982984714027674
867815,0.9853241651444763
867816,0.9992677141091799
867817,0.9753841650454746
867818,0.3611553017235041
867819,0.844279040352897
867820,0.28870531191838084
867821,0.05531609112912722
867822,0.7772191606919233
867823,0.04486996888803203
867824,0.6789873854543989
867825,0.1260453526956655
867826,0.8723079530703848
867827,0.9870161548850038
867828,0.06629254486266269
867829,0.5410581750932473
867830,0.9117287928594098
867831,0.05909005854618236
867832,0.999890658676895
867833,0.9084137869208928
867834,0.8393324800039057
867835,0.9947871744178363
867836,0.5751426249544169
867837,0.9857958674389689
867838,0.999902518635252
867839,0.8256528401101689
867840,0.9840402350086228
867841,0.47080052384969234
867842,0.9994000927068079
867843,0.9641325588415977
867844,0.4693431054634526
867845,0.9862795361378385
867846,0.152105611211748
867847,0.9996508437756066
867848,0.08636403106443305
867849,0.23369052035034163
867850,0.9969919749274609
867851,0.9946751576774804
867852,0.01885362002836282
867853,0.9999095581438978
867854,0.05947826635673801
867855,0.008732488169945674
867856,0.9999813793538928
867857,0.9965589966544112
867858,0.03201454231597132
867859,0.19999261951437802
867860,0.6414877699278856
867861,0.99774418834057
867862,0.24147806028975813
867863,0.9999250334319714
867864,0.9941997163972096
867865,0.9995037982396389
867866,0.9959639425107405
867867,0.9156643387122362
867868,0.029147268194549013
867869,0.11715602707860168
867870,0.9997124184262791
867871,0.566656244479608
867872,0.010774536457839979
867873,0.008934350250145093
867874,0.9913385494425573
867875,0.999950599229243
867876,0.7166626706769745
867877,0.9935828691727886
867878,0.00423134035660456
867879,0.9398256306239762
867880,0.9991409222002949
867881,0.9999437111524195
867882,0.9995259075861467
867883,0.6817270202111225
867884,0.9904799434037705
867885,0.9990873797384907
867886,0.02571980213939048
867887,0.9736231905739939
867888,0.9044032297471382
867889,0.9767441197527785
867890,0.9998345761946179
867891,0.9962338212957317
867892,0.9973228091266265
867893,0.9984829368847719
867894,0.07379218616384507
867895,0.9998067425075083
867896,0.9983780824035192
867897,0.5143859206725364
867898,0.6154560046639687
867899,0.9999028952519121
867900,0.9999167205309194
867901,0.03744721325872334
867902,0.6750750720622387
867903,0.7640430709771475
867904,0.4417410125224582
867905,0.17052543359827493
867906,0.8998552615432478
867907,0.43993519260745517
867908,0.6959399879045851
867909,0.8180129199118082
867910,0.03881495868127108
867911,0.4264745265663852
867912,0.9942656176268847
867913,0.10158738724292593
867914,0.9994601078921375
867915,0.9970133350365288
867916,0.9877773288725171
867917,0.08698139946864249
867918,0.9999221978795511
867919,0.9684717239664817
867920,0.9991767175800381
867921,0.9999274679080965
867922,0.6791048588603634
867923,0.996567467321557
867924,0.9983378357019836
867925,0.9864874023460248
867926,0.9977578989039992
867927,0.825272604284851
867928,0.9996632228496121
867929,0.8661361904459857
867930,0.9999071902398212
867931,0.01547009038646726
867932,0.9693378332796294
867933,0.04883700406704285
867934,0.9731098533704734
867935,0.9990177818323456
867936,0.13074214806401238
867937,0.09549680954905465
867938,0.9998594492857232
867939,0.6977149507407556
867940,0.8544980034370804
867941,0.957020833979712
867942,0.005468753736917234
867943,0.3271011876949598
867944,0.9996262420433673
867945,0.9895632784592038
867946,0.8725287192265796
867947,0.9403623054759869
867948,0.9915325360564602
867949,0.9968023424654198
867950,0.9997818786737328
867951,0.026644620236218552
867952,0.7867018148127092
867953,0.9998292945639012
867954,0.9979229029319033
867955,0.6314234824894791
867956,0.9993377395655711
867957,0.999943729344309
867958,0.08106599126197148
867959,0.8555290804792375
867960,0.9997811796864362
867961,0.8273760273876964
867962,0.995836660379688
867963,0.9984146391599102
867964,0.9990331912831273
867965,0.8455814599570582
867966,0.12202747963828064
867967,0.9990810429439378
867968,0.9995466221398962
867969,0.977115504522663
867970,0.9999792808451331
867971,0.8797854401457472
867972,0.6603985437711224
867973,0.9995090295653102
867974,0.18361951610602462
867975,0.9543366671483924
867976,0.8154917138943275
867977,0.6184645643061297
867978,0.036920806321798394
867979,0.23256739022833284
867980,0.03560680875312716
867981,0.9933192768573599
867982,0.6317575468676357
867983,0.9062208843169401
867984,0.9762416490816976
867985,0.4913910577658477
867986,0.7921502643347123
867987,0.78465185973399
867988,0.1423359376507275
867989,0.012810061589909952
867990,0.9648823470797612
867991,0.9986236178080286
867992,0.9289133975084521
867993,0.7984464388044326
867994,0.1116768822692155
867995,0.9836074006933279
867996,0.6622681463995559
867997,0.5301527719844538
867998,0.0026838590465826755
867999,0.999716472412897
868000,0.9998992242668413
868001,0.9981399128017321
868002,0.9999466540192183
868003,0.9996135858977668
868004,0.06102984247921436
868005,0.04145781547798
868006,0.9103882654990993
868007,0.955397280076555
868008,0.9999517862560773
868009,0.9922898668913274
868010,0.5372603307635412
868011,0.9999016946708931
868012,0.9999598527882241
868013,0.9973063116693118
868014,0.9999869244994816
868015,0.9914597985757037
868016,0.16801749967143254
868017,0.9999348860567345
868018,0.7599176935381377
868019,0.043972322814773854
868020,0.8779869906272344
868021,0.08872677060400627
868022,0.9998613984015976
868023,0.9999551918152048
868024,0.7535748698927328
868025,0.9999153352881236
868026,0.16710236693911967
868027,0.9535196394718981
868028,0.20318494977830565
868029,0.9998272339737713
868030,0.9993157592646449
868031,0.9998060486993505
868032,0.9972607689325883
868033,0.9999444434919436
868034,0.997015167441965
868035,0.9982023787375718
868036,0.9999840805198824
868037,0.9999691545748848
868038,0.9952283246236018
868039,0.9999297360299118
868040,0.7834961601265689
868041,0.7837299199635688
868042,0.9998838581157283
868043,0.9969819276691738
868044,0.9944076883996913
868045,0.9993165902416377
868046,0.20356716749963394
868047,0.00889406450119647
868048,0.9997928894294763
868049,0.938357341817763
868050,0.9975448379967911
868051,0.11783019830643648
868052,0.9979443055954432
868053,0.9241500840278956
868054,0.9957180085903927
868055,0.008798576134779398
868056,0.37912348810070495
868057,0.4243009356663604
868058,0.9999717856051615
868059,0.9994752645533407
868060,0.9988115723883018
868061,0.9965385619222211
868062,0.06445937668150425
868063,0.9673616141747788
868064,0.025284432133640598
868065,0.9645215672851337
868066,0.9211982621907191
868067,0.994575775605991
868068,0.9994068221862791
868069,0.999920332750728
868070,0.9966299560719534
868071,0.3642329407037143
868072,0.06289700393275874
868073,0.9611829766508886
868074,0.4922897452660365
868075,0.8139713544048544
868076,0.9834481348763993
868077,0.7137529115647055
868078,0.1253834351807449
868079,0.0953973431877113
868080,0.9864506476620291
868081,0.5933229375414578
868082,0.9890509491158332
868083,0.8370749711204305
868084,0.7382140263625322
868085,0.9954581314232317
868086,0.9990729131652909
868087,0.9983991871767265
868088,0.4939637374287276
868089,0.9998125432553808
868090,0.01118896033336672
868091,0.9999102315625061
868092,0.8025925705064445
868093,0.5129510546665833
868094,0.45572834683821056
868095,0.926365702640811
868096,0.9961314650448763
868097,0.9599220744824055
868098,0.08854962194744803
868099,0.14960032508959087
868100,0.9998160762671503
868101,0.2505866621956448
868102,0.3680172902481202
868103,0.9944679260555128
868104,0.7096220970823226
868105,0.9865212355681853
868106,0.8454004840793841
868107,0.21852801219355006
868108,0.4253747653591571
868109,0.84399979252525
868110,0.9999290196749885
868111,0.999722188875608
868112,0.9768647795737879
868113,0.15751944091100525
868114,0.9779992878029706
868115,0.9985086050955029
868116,0.9744703307066933
868117,0.9994536508486095
868118,0.9999085816656581
868119,0.9999532391754997
868120,0.9851973728982277
868121,0.9981342676686031
868122,0.40498740177624026
868123,0.9981028857182097
868124,0.35151117180850294
868125,0.6762198437338277
868126,0.0547584357461887
868127,0.8904248017838097
868128,0.9997252237993175
868129,0.4308486294793657
868130,0.9712787255516342
868131,0.6882136873151959
868132,0.9971807872927487
868133,0.9973878890600512
868134,0.022341929626977487
868135,0.07119214189347854
868136,0.8020770866029521
868137,0.08854083781884853
868138,0.9993720428781918
868139,0.8027412396198547
868140,0.8360444212205485
868141,0.9998673470368988
868142,0.9949836126601579
868143,0.7217984831882659
868144,0.9325806159013559
868145,0.7896513687509924
868146,0.8120375134166711
868147,0.35965700866117206
868148,0.0867703870296249
868149,0.6115009847032622
868150,0.9953952273048896
868151,0.8546947620626224
868152,0.9999632797175915
868153,0.9908863246002237
868154,0.006919381668691514
868155,0.42387080930337007
868156,0.34138735322181846
868157,0.9998820959816899
868158,0.013609357863887797
868159,0.17444707215886207
868160,0.004937347638134477
868161,0.9945772318049513
868162,0.015567811279809074
868163,0.9761107440564745
868164,0.9986308560187792
868165,0.9986260981956225
868166,0.9164984492513514
868167,0.9588661843323534
868168,0.9994555981734381
868169,0.0017966780537784022
868170,0.09607827792720483
868171,0.9997633588314707
868172,0.8559651850128527
868173,0.9976243153233331
868174,0.7580136998378926
868175,0.9933552284249512
868176,0.9916336588427739
868177,0.4268520417674344
868178,0.6174404828917732
868179,0.9996738123836797
868180,0.8667720506552994
868181,0.9105681871187459
868182,0.9999475495087238
868183,0.996376591184867
868184,0.29799459917402343
868185,0.9998637656469962
868186,0.9997345353467577
868187,0.012039994842545773
868188,0.06004503785077142
868189,0.9961176363484046
868190,0.9999488959475662
868191,0.3984305106150594
868192,0.9808135974659196
868193,0.07892859466193278
868194,0.14211453746809455
868195,0.9587512663931731
868196,0.9999517330639967
868197,0.9999257319124367
868198,0.9957873683281164
868199,0.8612947658451833
868200,0.9955940601997078
868201,0.7335862400420181
868202,0.02820137318154732
868203,0.7394611557332134
868204,0.7060128303022425
868205,0.9985559806877777
868206,0.992018599226085
868207,0.9986345873208298
868208,0.9967172408682825
868209,0.32907279478153184
868210,0.9952880500426797
868211,0.9993595490039011
868212,0.03317156087347701
868213,0.6187406650081755
868214,0.9999691845875438
868215,0.99660309283513
868216,0.998556123277168
868217,0.9181026503039953
868218,0.9971231920285077
868219,0.9999405571170543
868220,0.999554441183006
868221,0.9983185554466991
868222,0.9999813489362637
868223,0.9954810677434784
868224,0.049741677848706936
868225,0.9983928576706219
868226,0.1756120673582906
868227,0.13009454639392637
868228,0.9583016165169602
868229,0.9996038005712651
868230,0.9941722509321624
868231,0.9875304272984073
868232,0.8576049953846564
868233,0.9926020169264622
868234,0.8878611292533916
868235,0.9620226362864502
868236,0.12003711435367787
868237,0.1306188989465053
868238,0.9524602702712117
868239,0.8549752155485919
868240,0.20400094812044983
868241,0.9782273996138979
868242,0.8792883963569078
868243,0.680791587603963
868244,0.99823018811353
868245,0.45865783302278984
868246,0.597849045290486
868247,0.9988568516024874
868248,0.9997522611177754
868249,0.01843793303016417
868250,0.4560122022424668
868251,0.026416809181059125
868252,0.6033568444049385
868253,0.9930854086250069
868254,0.9999837067799922
868255,0.9990297603768117
868256,0.9999549968720626
868257,0.9998838722477897
868258,0.9998534024024293
868259,0.9994275799566802
868260,0.9927285579408893
868261,0.9987194479530674
868262,0.10676671479081161
868263,0.7634713952739692
868264,0.004235257403476732
868265,0.22707086123005238
868266,0.10596347553412204
868267,0.9998763575148945
868268,0.9975993368552768
868269,0.9748652521501955
868270,0.6489357577761933
868271,0.9992379292602561
868272,0.7500961445982843
868273,0.10846214877799606
868274,0.9998199523370903
868275,0.996802948322919
868276,0.7331688354544288
868277,0.9999604519364724
868278,0.4098103844773457
868279,0.9981164552192155
868280,0.999713836335608
868281,0.9989421617953085
868282,0.824986210468777
868283,0.3862408427980956
868284,0.6267090621454335
868285,0.9999488772878267
868286,0.9951059600155706
868287,0.03073965550564847
868288,0.1333726518206033
868289,0.7092022612911324
868290,0.30662541642339236
868291,0.9884164613398858
868292,0.5945203677072503
868293,0.9971211549544305
868294,0.9997406067491683
868295,0.9973508254756911
868296,0.8039477206084964
868297,0.9740308280410162
868298,0.9998938574840293
868299,0.8652515823794531
868300,0.7421279467030963
868301,0.8394176559113911
868302,0.363547506183963
868303,0.05906398320912663
868304,0.15818802491688055
868305,0.06864827068065245
868306,0.9997752807490454
868307,0.0377594756456595
868308,0.9999806469995941
868309,0.9565411960852719
868310,0.9925799816853474
868311,0.9992495902643908
868312,0.9989963854229433
868313,0.08869074000141829
868314,0.999348441657202
868315,0.9999714472099762
868316,0.07123086652791948
868317,0.038934692015334706
868318,0.024210656947502858
868319,0.9985434637610698
868320,0.999980905788934
868321,0.006181840175004509
868322,0.03794173293263527
868323,0.22712462443518622
868324,0.9996279581102057
868325,0.9963727767481887
868326,0.981101981399314
868327,0.022559557133965204
868328,0.7123368950608557
868329,0.999730182714291
868330,0.003073761174702178
868331,0.9994328155873357
868332,0.31410163066701324
868333,0.07397637783422012
868334,0.9996861294743113
868335,0.8547923803112241
868336,0.9814105239637532
868337,0.9865221741334651
868338,0.8430162385456708
868339,0.8856333252698639
868340,0.8437407493536837
868341,0.02500076982575237
868342,0.06338215801893426
868343,0.3453367776314419
868344,0.05478712067552692
868345,0.014205403113254102
868346,0.9688474528569134
868347,0.9994303461612276
868348,0.9912332832051598
868349,0.9766786253839217
868350,0.9999795761081414
868351,0.9987804506324536
868352,0.9998357618190317
868353,0.3885017593006064
868354,0.9999273406396922
868355,0.48406285564871554
868356,0.05545557308429776
868357,0.9998901438072401
868358,0.0021228242221163203
868359,0.730315370339437
868360,0.9945927125383067
868361,0.8052906079950085
868362,0.9892345358221039
868363,0.999935875860616
868364,0.999700983466615
868365,0.999562755759719
868366,0.9999886260071185
868367,0.9996955183645775
868368,0.9999012520554047
868369,0.999979997316332
868370,0.8351972897890934
868371,0.9999204523438411
868372,0.9980740002346629
868373,0.18198018596493798
868374,0.646152593850723
868375,0.9858401910174197
868376,0.48869578507413286
868377,0.9999824563566031
868378,0.9850954112027684
868379,0.5482583656762563
868380,0.6187771119835708
868381,0.22003286438648917
868382,0.999485010066381
868383,0.5594007107780455
868384,0.9998479649573804
868385,0.4228827140853298
868386,0.07818081652955136
868387,0.9608085616989641
868388,0.3582308801333012
868389,0.7867305469015817
868390,0.9927825353778126
868391,0.014923751615944586
868392,0.9865533108728199
868393,0.9997850712863707
868394,0.2800025266907021
868395,0.19095024057294246
868396,0.9147261405257237
868397,0.9930553072083262
868398,0.9999600691339968
868399,0.03012020851551064
868400,0.36010791738404463
868401,0.774577768261985
868402,0.9284624571033232
868403,0.8025947821945167
868404,0.08806775391803962
868405,0.07052396957457141
868406,0.9294036558480446
868407,0.39314947712916065
868408,0.23135075440175587
868409,0.005520411292765125
868410,0.6011142310356528
868411,0.7978385044396723
868412,0.9958055344233907
868413,0.9993833489779349
868414,0.9999659735376294
868415,0.7272262067575648
868416,0.999054717573505
868417,0.9999021394169537
868418,0.9878567472762281
868419,0.033583899467419
868420,0.2582824445767333
868421,0.004961151560043309
868422,0.08879134982093378
868423,0.9460049401986794
868424,0.9427554065949493
868425,0.9947220535594471
868426,0.20414030786306456
868427,0.016147540105288915
868428,0.7760287679825179
868429,0.024709137915207104
868430,0.9977652877947469
868431,0.47478191491808636
868432,0.9998988609771204
868433,0.9996600008789404
868434,0.9997605944633442
868435,0.9999877211541381
868436,0.5171727338255838
868437,0.7930490204260174
868438,0.9748918098842086
868439,0.796317783773626
868440,0.9963062813395724
868441,0.9998811960276771
868442,0.96879729266821
868443,0.9536216150157372
868444,0.8839149158857341
868445,0.9836675690185227
868446,0.9661399417252882
868447,0.9982388301421692
868448,0.8453756730031764
868449,0.9998971906673202
868450,0.4746148701816021
868451,0.8691946392733159
868452,0.3861400022777881
868453,0.5167505495186088
868454,0.4703603914088951
868455,0.9973549582679633
868456,0.9970317984281031
868457,0.4842508944126693
868458,0.00714382384953317
868459,0.4744447130598449
868460,0.423792150082371
868461,0.11285834587321647
868462,0.9974995897442992
868463,0.04650708693153488
868464,0.013957894686582898
868465,0.9994553796822762
868466,0.3778797934906518
868467,0.30348604071674
868468,0.14057024654874575
868469,0.9047635050037266
868470,0.2059250539784554
868471,0.3517339779945776
868472,0.9523165091714758
868473,0.9926599975441501
868474,0.9989772243592682
868475,0.670600620866749
868476,0.32641033967221245
868477,0.08553183816390378
868478,0.7846362143684045
868479,0.13063365138475777
868480,0.9966872465437493
868481,0.46120904015586
868482,0.9996742103171777
868483,0.09805188891911895
868484,0.9035350711735612
868485,0.7592583984622845
868486,0.9997762309032803
868487,0.9999748505051729
868488,0.9978925497999557
868489,0.6338108298434811
868490,0.9975328418270875
868491,0.9996612353599901
868492,0.604065504288992
868493,0.9996273141895569
868494,0.997787775890713
868495,0.9347585266605473
868496,0.9999905132709436
868497,0.9999322482645376
868498,0.0568340841865985
868499,0.7838077058666278
868500,0.9998372495128015
868501,0.6416230435276984
868502,0.9970209678724034
868503,0.9998753419403424
868504,0.9878681080917108
868505,0.7263848690247465
868506,0.9998816376248927
868507,0.9184422732142752
868508,0.9996426852425717
868509,0.7515244424025771
868510,0.21900389735039055
868511,0.9956666494730932
868512,0.638353251457951
868513,0.9996635492032782
868514,0.999814037162888
868515,0.27451457059774986
868516,0.4395837042323323
868517,0.992253278336154
868518,0.9996734508320835
868519,0.9993176675970838
868520,0.999197312636496
868521,0.9996403733790026
868522,0.9929587672207183
868523,0.9009708570996833
868524,0.9854625302300138
868525,0.9999031509720008
868526,0.9013327578423427
868527,0.7958474443144137
868528,0.03390605162960134
868529,0.027328697273819078
868530,0.9995324193123695
868531,0.05664375758416318
868532,0.20175461525252406
868533,0.11508452331654354
868534,0.9855370939132777
868535,0.9990575361196965
868536,0.842098513546388
868537,0.9999754319851877
868538,0.016032936550390994
868539,0.9979163445532754
868540,0.26413034907633903
868541,0.999930872945312
868542,0.1574448980302249
868543,0.9998425216859841
868544,0.8635639725306596
868545,0.9974503229978973
868546,0.9985914778615828
868547,0.11604002730713917
868548,0.8242212692891724
868549,0.970027253540959
868550,0.9999669344299782
868551,0.22597419715658112
868552,0.14448681565266633
868553,0.016174378263483554
868554,0.5197360564186225
868555,0.9997278279724439
868556,0.9999794604846202
868557,0.5818910238284818
868558,0.013669656251264631
868559,0.04512574621202695
868560,0.999420610547431
868561,0.9998098931159431
868562,0.8419804737676153
868563,0.03350405024909533
868564,0.9999189487356812
868565,0.9993772340845879
868566,0.6659847191664703
868567,0.24879737492689713
868568,0.9429735764322806
868569,0.9955478050223477
868570,0.9992724823278447
868571,0.2551858562848597
868572,0.9999927304396674
868573,0.6955384735759345
868574,0.8948715524052636
868575,0.8595459330319906
868576,0.15886885110433593
868577,0.6533472887079397
868578,0.05429519154666351
868579,0.9971850879839355
868580,0.9412555598383664
868581,0.9898135896529189
868582,0.8802519864462348
868583,0.8315515220698619
868584,0.013067131110026275
868585,0.2009697249387909
868586,0.3163787138261059
868587,0.31803149814088855
868588,0.9999734375155844
868589,0.9961798931795944
868590,0.5466704784379288
868591,0.5590151022725909
868592,0.8816415866098223
868593,0.990616634270157
868594,0.9981002664064037
868595,0.6630315527575745
868596,0.9572617030392438
868597,0.8468992874232124
868598,0.8642879769154166
868599,0.9409169333756504
868600,0.9487699323218497
868601,0.9177837518628965
868602,0.9873969641148055
868603,0.993319353039257
868604,0.01930971550798431
868605,0.9631626403509759
868606,0.05431266845504201
868607,0.1981180363191709
868608,0.9998566549183929
868609,0.9843258670269992
868610,0.9789563423117332
868611,0.999957704491073
868612,0.9869276385482537
868613,0.9981121333662102
868614,0.09342225818458133
868615,0.4322093493087429
868616,0.9978164049504004
868617,0.9999854860630006
868618,0.9951339818927956
868619,0.3692699702657293
868620,0.7475228454417376
868621,0.05289969989603677
868622,0.6267126032110776
868623,0.10285732824690352
868624,0.996163634625924
868625,0.8412931986446572
868626,0.9997642491549
868627,0.7665589470000453
868628,0.6192777498380282
868629,0.9998053006295321
868630,0.4826591738549837
868631,0.9963045494165488
868632,0.07220969072686004
868633,0.7913912152735909
868634,0.8695841940386229
868635,0.9993942608768132
868636,0.991576575645353
868637,0.9383482583688065
868638,0.9996951385095529
868639,0.9948218655536074
868640,0.5333635412328305
868641,0.9884475932662369
868642,0.16295245544642337
868643,0.7927384814574554
868644,0.9232951870787275
868645,0.9980223273017867
868646,0.9999358406338767
868647,0.9990538862733974
868648,0.9996488511423804
868649,0.9008963863193249
868650,0.5062537240135478
868651,0.6249784461931657
868652,0.012831655706666861
868653,0.9758696635368582
868654,0.7881647573988574
868655,0.9612527697380259
868656,0.9501256073965793
868657,0.9834626634246699
868658,0.5142624419362639
868659,0.9990665793475213
868660,0.5303139868292417
868661,0.9910666836955508
868662,0.9730440131144831
868663,0.9954767076058103
868664,0.0038086638767702635
868665,0.9596565027766435
868666,0.9992498965125083
868667,0.9246287831285833
868668,0.9928919400487652
868669,0.9985060059812174
868670,0.9996119166578574
868671,0.1061992310515851
868672,0.9914810489010806
868673,0.0727041960370857
868674,0.9990065687541433
868675,0.5130154438870678
868676,0.9653579860751463
868677,0.9519333045004866
868678,0.995696613325016
868679,0.9880441240374748
868680,0.05737894120695467
868681,0.42170205068646327
868682,0.9993683316091841
868683,0.9987006188243653
868684,0.9999422349865174
868685,0.9975375384200474
868686,0.04311689508674171
868687,0.11872325407941955
868688,0.9980536800569668
868689,0.29895882485089253
868690,0.017937876106851887
868691,0.9582567470716343
868692,0.7899410900431676
868693,0.9998713251556091
868694,0.9500436285423586
868695,0.7921406178261171
868696,0.8182008850229021
868697,0.9998947611851784
868698,0.01454460233584087
868699,0.9972672265731481
868700,0.022605232438018076
868701,0.0049336197020174045
868702,0.15056759869858288
868703,0.9930285121911705
868704,0.07590682353448433
868705,0.8530473263471496
868706,0.9966650041020999
868707,0.5985439247718158
868708,0.9986809065819928
868709,0.2617144062350122
868710,0.06765060124242453
868711,0.999961168763918
868712,0.08021487027701336
868713,0.832987046567057
868714,0.9996964155920924
868715,0.8559650127357037
868716,0.40356398491413836
868717,0.026667960652736456
868718,0.33523536328366965
868719,0.27374626774837746
868720,0.9998101641379129
868721,0.057487803129269655
868722,0.8554507609796791
868723,0.37573126109111055
868724,0.8398632650361595
868725,0.7568417113741126
868726,0.8722669723460752
868727,0.6717849096171643
868728,0.7387579103175235
868729,0.45769816937612073
868730,0.028812954238899364
868731,0.994318639230696
868732,0.9992509530169373
868733,0.981177542678046
868734,0.9971979615212683
868735,0.7245104421920121
868736,0.8337549479293209
868737,0.8994972144063567
868738,0.9989416374297695
868739,0.9998777902042649
868740,0.05029871933123381
868741,0.4422351892985513
868742,0.5068840866191586
868743,0.5751906010439513
868744,0.8820389748921956
868745,0.9998006679148033
868746,0.9978890396319193
868747,0.9977426486655652
868748,0.07752790601880966
868749,0.9871015553550528
868750,0.3415261890217519
868751,0.8902531740382449
868752,0.9768797179175039
868753,0.9870514661881095
868754,0.9998028240256815
868755,0.9599625656190013
868756,0.9990927780480032
868757,0.9993957068305698
868758,0.603474330437699
868759,0.9753272317631364
868760,0.9998663981501013
868761,0.9983048684414434
868762,0.975387292178052
868763,0.9877817514052762
868764,0.7071304893585937
868765,0.7641140466244181
868766,0.606503431366377
868767,0.9999739708531945
868768,0.992826543637993
868769,0.9919729181826324
868770,0.9991004230439977
868771,0.9992112128624498
868772,0.9993828135816802
868773,0.23780637612481176
868774,0.9678723823660125
868775,0.35774464341204004
868776,0.08414534603429065
868777,0.1650442626995327
868778,0.355091037277
868779,0.9949877138677592
868780,0.6372988839577691
868781,0.9023275531815791
868782,0.008604103285111332
868783,0.998306774807749
868784,0.9999910089434769
868785,0.9993225756741615
868786,0.9999936445475333
868787,0.9997173345777091
868788,0.9994022204104624
868789,0.9040467014940011
868790,0.020816294148794275
868791,0.8274817460434785
868792,0.7298498105046076
868793,0.7086229956177423
868794,0.9792855039009389
868795,0.8828487453005023
868796,0.5852975778001319
868797,0.027175795871553176
868798,0.9997402383458978
868799,0.6466553354427537
868800,0.17120731108996248
868801,0.9284330627152364
868802,0.9970184651468894
868803,0.7282644839169699
868804,0.9362699870493185
868805,0.636553138397218
868806,0.9999852952367756
868807,0.1356713696568133
868808,0.9959558580069963
868809,0.864698556477772
868810,0.9954842398991517
868811,0.03554746847454285
868812,0.5095183682262399
868813,0.03856959302772886
868814,0.9999660864206446
868815,0.9985165407974963
868816,0.9995423706296309
868817,0.9996698447697869
868818,0.999982182863315
868819,0.9996912396233296
868820,0.8881544759672303
868821,0.25075702672042566
868822,0.9997959168078847
868823,0.9835751258828952
868824,0.10381214078882056
868825,0.005099934214437382
868826,0.3817521394066143
868827,0.3904012200580124
868828,0.9998660812244655
868829,0.6362232878331289
868830,0.921764549943312
868831,0.8392418335170705
868832,0.9817576735347611
868833,0.020244428653576764
868834,0.9696267550929044
868835,0.14987023988496123
868836,0.9952320259072278
868837,0.674147570403322
868838,0.9939880275939188
868839,0.513705040157382
868840,0.9999724384446991
868841,0.5969095458888295
868842,0.8476721050907501
868843,0.9631163668133244
868844,0.9999648283833273
868845,0.9995079050348441
868846,0.07045804006786831
868847,0.5165490207122475
868848,0.05023494958671798
868849,0.6705590244778415
868850,0.9832299900813407
868851,0.9993609141675626
868852,0.015823592716926342
868853,0.13686980373969515
868854,0.9979309404526537
868855,0.9998717950189804
868856,0.999890175985368
868857,0.9992550596933457
868858,0.9997374812119015
868859,0.9626908074777168
868860,0.9987485281247823
868861,0.8739639926993151
868862,0.9981545327580976
868863,0.9905435849649182
868864,0.9993506180028457
868865,0.8684180051155505
868866,0.9889179331117592
868867,0.5172806306305477
868868,0.5277140007912239
868869,0.9997274115441972
868870,0.997813077300591
868871,0.38992055649569624
868872,0.9996273891261904
868873,0.2376119882495144
868874,0.8395740876005958
868875,0.6236572651860779
868876,0.8660996273228243
868877,0.9747122850911183
868878,0.34097072034735354
868879,0.9939000513337524
868880,0.9988361095243382
868881,0.9981172035751513
868882,0.9970447362820928
868883,0.9819579189772166
868884,0.9925227761080971
868885,0.6604113670235551
868886,0.030988204401727074
868887,0.29976422411201076
868888,0.9413890002240809
868889,0.999326050762638
868890,0.9996270372696368
868891,0.9694435403254993
868892,0.999961844247526
868893,0.048655850626835244
868894,0.7788880419442612
868895,0.48549531870518126
868896,0.955802914450683
868897,0.9985739862036549
868898,0.9883692390568396
868899,0.9998115989962992
868900,0.846759902933351
868901,0.9079833383966988
868902,0.4868606672469553
868903,0.9998396916746011
868904,0.21030183960365478
868905,0.6016923981039969
868906,0.944448807904935
868907,0.5564320324354907
868908,0.9999524502142685
868909,0.9989331728815414
868910,0.9352350667223623
868911,0.6747815205275107
868912,0.3848490560182067
868913,0.9999344084370233
868914,0.9991471901376715
868915,0.9879562599099907
868916,0.984218001521048
868917,0.9997891490501933
868918,0.9995379927380792
868919,0.9982103371294108
868920,0.9921621233663722
868921,0.9983976464801553
868922,0.5660425268336298
868923,0.29813342185539393
868924,0.9969227689582202
868925,0.9997778422015776
868926,0.004792823424983578
868927,0.6883049060047437
868928,0.9995005847317171
868929,0.9806880596566983
868930,0.9995721528107478
868931,0.9999363688888723
868932,0.9999457275068016
868933,0.7279313946215491
868934,0.9997029704365081
868935,0.9998169187701702
868936,0.9995584215240828
868937,0.9981285306497043
868938,0.9996326404779164
868939,0.19843519021679915
868940,0.15250011395385152
868941,0.995216774632415
868942,0.05343379967561625
868943,0.5827194287022531
868944,0.9399471911084527
868945,0.9850613246119245
868946,0.9710603140077414
868947,0.9967061925472578
868948,0.9997915912593212
868949,0.9961897999159719
868950,0.12316421608908187
868951,0.9857015804867004
868952,0.5919401502970374
868953,0.13441568944083834
868954,0.9767193224451567
868955,0.999888787192859
868956,0.9993437265503157
868957,0.9999863346272506
868958,0.9999595091916108
868959,0.9012862075408274
868960,0.9684964993187375
868961,0.2119284394324974
868962,0.14776901797407754
868963,0.9999887763398596
868964,0.9971331549457051
868965,0.9995541358423798
868966,0.40327504435457484
868967,0.21227255299845582
868968,0.9874366373222689
868969,0.9995080431958836
868970,0.9996743672094666
868971,0.5066310537584053
868972,0.37686025612675
868973,0.02090014586895578
868974,0.9994781970055108
868975,0.008337347715615128
868976,0.9404802414913103
868977,0.953042134500862
868978,0.09741817888655188
868979,0.3673810318976069
868980,0.9967869646169059
868981,0.9991926354650285
868982,0.9246957237840069
868983,0.6029052391387362
868984,0.999713951298709
868985,0.7070482190614827
868986,0.980580669967299
868987,0.81638763645135
868988,0.9912626119815153
868989,0.8900676797922358
868990,0.442470105706475
868991,0.9844539407682267
868992,0.7939810932557503
868993,0.7005759367585151
868994,0.999398097217832
868995,0.7969872840800225
868996,0.8886433838344865
868997,0.7959325090644018
868998,0.7495398745365245
868999,0.488281589002187
869000,0.07775044279745096
869001,0.4877781461192796
869002,0.19983375400640954
869003,0.9960879063044143
869004,0.9994344624790027
869005,0.9999806892425365
869006,0.6177036843698689
869007,0.9997232196477079
869008,0.9997580055362616
869009,0.0016841041498378334
869010,0.9999120604210301
869011,0.11195635060623862
869012,0.514906655357543
869013,0.9998522998836621
869014,0.999615692052854
869015,0.37006693396311063
869016,0.666206410438139
869017,0.9963673569549223
869018,0.99998256286922
869019,0.8902365790662081
869020,0.96063006095458
869021,0.9999572665957901
869022,0.04639851062336216
869023,0.9995091829406666
869024,0.9645030638395039
869025,0.9072819107719508
869026,0.007356125373281788
869027,0.99994038471383
869028,0.9999775704074437
869029,0.004329723980527324
869030,0.8262517849901863
869031,0.999664903711853
869032,0.9917211193640234
869033,0.07930600456332941
869034,0.28133188298248174
869035,0.05756617769500554
869036,0.41688775805293354
869037,0.8125143316424335
869038,0.16686771052096488
869039,0.3710152474141264
869040,0.9998414564587548
869041,0.9819078814268044
869042,0.9995775662658998
869043,0.9999878128402198
869044,0.2684684953119467
869045,0.9996060348194065
869046,0.9988117914822301
869047,0.999897558925007
869048,0.9902486537021036
869049,0.9996636608687237
869050,0.6829899926047464
869051,0.24677922933296365
869052,0.6382634835398611
869053,0.9999709982080422
869054,0.9950432887155186
869055,0.9553288844860985
869056,0.9157902046173141
869057,0.9997034135923659
869058,0.25636374258232053
869059,0.9925351436710342
869060,0.9986905959744657
869061,0.9998281659275277
869062,0.9173614104506349
869063,0.3510753553340503
869064,0.6090205045505122
869065,0.9958796672165493
869066,0.9989378312915365
869067,0.9997724570981708
869068,0.3804319189399046
869069,0.6151007069206343
869070,0.6379753310445971
869071,0.6458717308160705
869072,0.9606386888484348
869073,0.9997730583374067
869074,0.17094050487378804
869075,0.9736006258386594
869076,0.18991944253468043
869077,0.9934756592955212
869078,0.6714054019428453
869079,0.7916230514665921
869080,0.9999420423866214
869081,0.9776750650810625
869082,0.9995697628602378
869083,0.046503798946810254
869084,0.9997043242715096
869085,0.9998299618765929
869086,0.45741044520879914
869087,0.30826927786858566
869088,0.8400173988070159
869089,0.0019419595450555975
869090,0.04108898376335437
869091,0.7352293783374828
869092,0.9283796391897512
869093,0.004321830786486878
869094,0.9999685591371223
869095,0.15316350482816715
869096,0.9900306348487913
869097,0.9989243664405066
869098,0.9974548920656993
869099,0.9906719981301109
869100,0.879842124003015
869101,0.07181452866969751
869102,0.9999292174008542
869103,0.19215956124360165
869104,0.9898732995010343
869105,0.997274874057161
869106,0.9862044222143639
869107,0.6282974263778556
869108,0.6385811917293431
869109,0.9923138946004341
869110,0.9985023887285172
869111,0.9394773271436098
869112,0.3894696434813212
869113,0.08850744765816834
869114,0.5662316400853351
869115,0.9871093470452922
869116,0.999866130777799
869117,0.9996789575055225
869118,0.03065933478699464
869119,0.1937369174596416
869120,0.4915374202487939
869121,0.9999462442314386
869122,0.7734440186142356
869123,0.14446285584942903
869124,0.999566942922615
869125,0.9998555763309565
869126,0.5026117604004854
869127,0.9996723532763493
869128,0.7328220349068253
869129,0.7973653400440577
869130,0.8755766154254723
869131,0.44071764959036824
869132,0.9951575842029844
869133,0.8629294117749751
869134,0.9313084291862079
869135,0.029683887150467048
869136,0.9998477632622905
869137,0.9999731167756225
869138,0.999155586033115
869139,0.994745862680961
869140,0.9982541824664912
869141,0.20255129389822402
869142,0.563059061803433
869143,0.9998166577442751
869144,0.9986749783766458
869145,0.9997224102943605
869146,0.6358381537255504
869147,0.9991374093696369
869148,0.37989462050455713
869149,0.9962526977320378
869150,0.9999682951894674
869151,0.9998706098769624
869152,0.11371499760112536
869153,0.27691849559869297
869154,0.5436226250811416
869155,0.9628976850269544
869156,0.9995599869348506
869157,0.70266760064596
869158,0.9964386338653711
869159,0.890210651148015
869160,0.711389570911664
869161,0.9427791473314187
869162,0.9120222906876227
869163,0.04898774042375412
869164,0.9999531130629251
869165,0.014408398685698008
869166,0.9997376593037197
869167,0.07719422248766114
869168,0.9999732228920961
869169,0.46374331511942335
869170,0.9998377389632357
869171,0.5239037146470104
869172,0.9999895715570388
869173,0.3535540145681069
869174,0.6728880135210623
869175,0.9958007071469276
869176,0.9972713562996689
869177,0.9359730118169532
869178,0.41884920645896573
869179,0.9787125165059061
869180,0.9500067009320816
869181,0.9999168235829805
869182,0.9872060339305788
869183,0.48412961556211
869184,0.9121309711116719
869185,0.998264092001812
869186,0.781691723811139
869187,0.8305052389574801
869188,0.9986145549659581
869189,0.14189905038594905
869190,0.11094597332881323
869191,0.8299055146581344
869192,0.4928008383057092
869193,0.986969760647665
869194,0.03606132213942918
869195,0.46684053267727166
869196,0.8334574722167235
869197,0.38771347549890195
869198,0.9999769711550281
869199,0.7523515841063351
869200,0.9998698830648838
869201,0.9987991469678936
869202,0.8275326562555885
869203,0.3702263324742611
869204,0.9999325015383463
869205,0.10204046385877923
869206,0.9445741019194287
869207,0.9242878074643007
869208,0.18518438820709837
869209,0.05593385355543172
869210,0.9996711981123352
869211,0.03000624757883706
869212,0.713784743241443
869213,0.4761314070576273
869214,0.9731861959262886
869215,0.9830338680970598
869216,0.6978986149292816
869217,0.5349332921183657
869218,0.9997532804636337
869219,0.7119576075740508
869220,0.9999529973725687
869221,0.999748561135451
869222,0.11909400676597019
869223,0.9009839354031337
869224,0.003934931696588662
869225,0.6457070392198037
869226,0.6954469000054653
869227,0.9489029751643834
869228,0.9997150770387702
869229,0.9992385433859816
869230,0.6281466063591673
869231,0.9999447498342583
869232,0.9969150201838686
869233,0.999900161053439
869234,0.6103302398988182
869235,0.7986309668987162
869236,0.9813311440224914
869237,0.0006063044854115757
869238,0.9862467040910465
869239,0.9544498527001088
869240,0.6626503234668185
869241,0.9995777747082931
869242,0.9999248399072603
869243,0.9658811959196925
869244,0.9999837734147347
869245,0.8689821254155922
869246,0.17272463211353353
869247,0.9999099116161704
869248,0.9999272301418733
869249,0.999627353277703
869250,0.22340930649781476
869251,0.21126346583888136
869252,0.5458713030914079
869253,0.6175456485795056
869254,0.9998367049976746
869255,0.10137533212493197
869256,0.016428643211702978
869257,0.9999716994311352
869258,0.04273210860206225
869259,0.43023958643667465
869260,0.581373781698198
869261,0.9998681692370006
869262,0.8721936556740961
869263,0.6364846528449772
869264,0.9999424897692517
869265,0.9999378879655476
869266,0.5084926498332013
869267,0.997734451880365
869268,0.27863731649811113
869269,0.03165844281844732
869270,0.9999820854855203
869271,0.9999901134558862
869272,0.6798654944285611
869273,0.9992963564650046
869274,0.04095666203038431
869275,0.9992741187782548
869276,0.8959487679797618
869277,0.9926827985836546
869278,0.5884874827833908
869279,0.7607449541330547
869280,0.9999701678367596
869281,0.8337376015447715
869282,0.7205674824694586
869283,0.9996525363201665
869284,0.4378416419120881
869285,0.999962727153412
869286,0.29011089844670535
869287,0.999982449112786
869288,0.5100839069965938
869289,0.9998730057130395
869290,0.8960170752362397
869291,0.2276629277680715
869292,0.9976278036232206
869293,0.7530798109180625
869294,0.7739657015692105
869295,0.9721911651698015
869296,0.99927953753151
869297,0.8836123644059994
869298,0.8357617159643993
869299,0.39125381796932335
869300,0.8955831911585681
869301,0.9698187674393901
869302,0.9987052244714371
869303,0.9171390715313287
869304,0.047054149367326596
869305,0.9875030485280856
869306,0.4631729861638398
869307,0.8901538821593974
869308,0.4935803281093557
869309,0.9835516297223041
869310,0.9701335728812637
869311,0.32694348189018285
869312,0.984874189669893
869313,0.03647803141607511
869314,0.9999574996173857
869315,0.8478384464540992
869316,0.9858412867803468
869317,0.17408275105061252
869318,0.991922331946387
869319,0.8025342691684598
869320,0.23101032532849958
869321,0.1500612464740376
869322,0.1426824234249259
869323,0.9995216151696822
869324,0.09993600756833511
869325,0.9371194426074116
869326,0.08202234672013117
869327,0.8871890812739514
869328,0.960489312220024
869329,0.9996811892927364
869330,0.9645078616586488
869331,0.6886869574346195
869332,0.3149873639967278
869333,0.7519449979031452
869334,0.997520386342788
869335,0.5589275705276366
869336,0.6114397339261668
869337,0.1815943378694073
869338,0.9998333693824109
869339,0.9345633437240424
869340,0.009432736260676096
869341,0.1466011411989913
869342,0.9992094665677944
869343,0.9751598503789488
869344,0.9933221415942768
869345,0.3899967881708414
869346,0.3321694563911117
869347,0.9981932048293598
869348,0.9269318167156329
869349,0.9993218617745956
869350,0.9998517192376908
869351,0.9998950474848161
869352,0.7689137598774846
869353,0.9999640569848418
869354,0.9956259356821432
869355,0.38158699077093977
869356,0.9998851572743035
869357,0.9999700048078106
869358,0.9999326448460137
869359,0.172645860482469
869360,0.9996947010692369
869361,0.9847926066392988
869362,0.9999214791627924
869363,0.19119187398275495
869364,0.9999410354085128
869365,0.16357164603080887
869366,0.999671842275063
869367,0.9999009633215199
869368,0.9998055731921303
869369,0.7406165107616467
869370,0.1377843662887989
869371,0.5677632773826251
869372,0.9969000312523283
869373,0.9977020120806606
869374,0.9995488890921375
869375,0.9999904686061667
869376,0.9992153301567255
869377,0.7987929840524004
869378,0.0024949506843932987
869379,0.9798772719045279
869380,0.9984919307071303
869381,0.9621019656610056
869382,0.44570748905503405
869383,0.9858211091730713
869384,0.999194296301189
869385,0.6599907248824427
869386,0.9820071409887696
869387,0.013479004509834573
869388,0.9087463177644296
869389,0.9839462731630717
869390,0.0020688630401431247
869391,0.9780060517812188
869392,0.9871643065724296
869393,0.9952210708254345
869394,0.41180643685696655
869395,0.9997300829313573
869396,0.03491431086985127
869397,0.9997419557031079
869398,0.9958677494110654
869399,0.9243242912205891
869400,0.9488896537143967
869401,0.9087492811627057
869402,0.46315639584889
869403,0.9682231649625112
869404,0.9999205473074666
869405,0.0846421625689065
869406,0.910862312205412
869407,0.9993500195991114
869408,0.9997914111192707
869409,0.14471339990767315
869410,0.10150409333523695
869411,0.856427290915345
869412,0.010697491742793106
869413,0.9997287880338692
869414,0.997298087985254
869415,0.0030468625531431645
869416,0.9989070681518302
869417,0.05192150705749106
869418,0.6877345307849374
869419,0.931725565905019
869420,0.9959002251663949
869421,0.06422540173012646
869422,0.41355213940186286
869423,0.9999344559240476
869424,0.999863022787512
869425,0.4049631930585976
869426,0.9996186939167775
869427,0.9995877113418148
869428,0.9998949386111962
869429,0.8322797937812964
869430,0.048971908228041934
869431,0.4494549324005559
869432,0.8096289965852486
869433,0.9766594899434926
869434,0.9999004943934751
869435,0.7317144851932965
869436,0.05253888093192131
869437,0.986585499551639
869438,0.999929403230104
869439,0.9997228736624504
869440,0.9564227444498359
869441,0.99873469505165
869442,0.579827488093289
869443,0.9979599099989181
869444,0.75959866604924
869445,0.9998944744076866
869446,0.9732013060002692
869447,0.9994538502850719
869448,0.8613831374499195
869449,0.7666390396004688
869450,0.982414890534967
869451,0.9995734663800049
869452,0.04643963711699691
869453,0.9995699081977898
869454,0.9999624500298923
869455,0.5127847393993723
869456,0.9693318616689894
869457,0.9999448500069408
869458,0.9997503048247827
869459,0.6989915700632789
869460,0.999731179491979
869461,0.6643536934657179
869462,0.9745307977173082
869463,0.9990731057385525
869464,0.4456530188346141
869465,0.9778851546923741
869466,0.9984550050719033
869467,0.19519809661683435
869468,0.9701910356650427
869469,0.9744765552481977
869470,0.1146152647428926
869471,0.15071251563084168
869472,0.9994447761283326
869473,0.9996292542486962
869474,0.999858773963417
869475,0.023315160123177373
869476,0.9975400584245471
869477,0.9826930388972293
869478,0.8984377429315918
869479,0.6890146703527649
869480,0.9905673901008896
869481,0.9981911517575117
869482,0.06780191134333408
869483,0.01637465823644787
869484,0.5180560225230856
869485,0.9374057396413205
869486,0.3094935316336392
869487,0.9096228754812119
869488,0.3915484827067932
869489,0.9419704544633727
869490,0.16373846473359624
869491,0.3096260495352505
869492,0.6112511613145057
869493,0.9478354215749216
869494,0.23756312055500894
869495,0.9747098359727417
869496,0.1736452008696372
869497,0.9932155293071989
869498,0.972547037861987
869499,0.6939096224228682
869500,0.9996311924083502
869501,0.9984328119882357
869502,0.32752497606198383
869503,0.9809724319789443
869504,0.9995704681417488
869505,0.6844989323475612
869506,0.9986066183605428
869507,0.029010627808803223
869508,0.99982126628442
869509,0.7167430227323179
869510,0.9999689406420453
869511,0.39327454672266793
869512,0.9998726246568622
869513,0.06717659370941628
869514,0.5937515805213174
869515,0.012419567550048582
869516,0.8411132865773088
869517,0.5545586048928025
869518,0.3701075417724999
869519,0.9993409646036711
869520,0.995269777582478
869521,0.999770538461594
869522,0.9997135659828953
869523,0.16433877984788678
869524,0.9999895938318949
869525,0.9880297031254444
869526,0.9796016242066905
869527,0.8867492174680557
869528,0.9948435583668351
869529,0.09121368328394472
869530,0.748066191039339
869531,0.7428039450486754
869532,0.09288439446156485
869533,0.9791504453769825
869534,0.17328314300028225
869535,0.999865179804655
869536,0.848644082197829
869537,0.9999587864828795
869538,0.09972287842687737
869539,0.9666649889389289
869540,0.6155901203204546
869541,0.9043616297098273
869542,0.9811302739178813
869543,0.9999301870589687
869544,0.02379984155072993
869545,0.9108233418141449
869546,0.9999690317028462
869547,0.9909947804743646
869548,0.20647271763115943
869549,0.6195586794977493
869550,0.8990977789280912
869551,0.005873464925286605
869552,0.2985949598923883
869553,0.9955756349467311
869554,0.8808163161927408
869555,0.7238932073031464
869556,0.9979820021860655
869557,0.0164941013094551
869558,0.6166995734763617
869559,0.9994204359918382
869560,0.9996287615011135
869561,0.6198875847791973
869562,0.034756726627976166
869563,0.07959589861195454
869564,0.10786461414721354
869565,0.8176314810482643
869566,0.9980035363160308
869567,0.9998597329724636
869568,0.6348578286829932
869569,0.9998560751668115
869570,0.19392656227782296
869571,0.8416316963723521
869572,0.9943963525453032
869573,0.9852158039051604
869574,0.9998546286157659
869575,0.9517358622492836
869576,0.6529582403780394
869577,0.9998753139041501
869578,0.8776599427227358
869579,0.26499562765601803
869580,0.6958852811593079
869581,0.9979044922421364
869582,0.11912048042938947
869583,0.9997201209781721
869584,0.9994274899411928
869585,0.9965458979029147
869586,0.8602721595671687
869587,0.8404602592103751
869588,0.009107329012896799
869589,0.4194023352856869
869590,0.9402957965644629
869591,0.995571338352939
869592,0.3616600659648788
869593,0.8834731644970546
869594,0.9995184145353839
869595,0.9950009565980813
869596,0.31701260280690163
869597,0.11848036264301054
869598,0.9982967704147134
869599,0.9963718366965106
869600,0.9983133068566012
869601,0.9862563849228239
869602,0.8494639788629699
869603,0.6476907129405806
869604,0.9999830391286619
869605,0.01976393510497609
869606,0.9943553632864118
869607,0.5139351550296926
869608,0.9998482747388926
869609,0.06792911066131642
869610,0.9933863043310738
869611,0.9985439624717619
869612,0.35386168641553006
869613,0.03164893440885193
869614,0.9963722211636227
869615,0.007365205747611794
869616,0.9997259514298482
869617,0.9199241637886423
869618,0.5875634167754767
869619,0.9994718479319438
869620,0.8005026036046714
869621,0.9999334708947499
869622,0.9950133807530018
869623,0.5835041224646945
869624,0.9722783726773135
869625,0.3329236747330211
869626,0.6275472218725981
869627,0.9071613173621448
869628,0.7248677919514303
869629,0.993006334533413
869630,0.9987094565036563
869631,0.08012359113971422
869632,0.9215915683443492
869633,0.9999719984428022
869634,0.15007148916138124
869635,0.9806919216831897
869636,0.6351697754777036
869637,0.7698238981798349
869638,0.8434269691084559
869639,0.9999551470456907
869640,0.08418745685078913
869641,0.9987341020059333
869642,0.9662035199910323
869643,0.7751942075405182
869644,0.05363476386553033
869645,0.9997356895399061
869646,0.7694053254092068
869647,0.08533980523988964
869648,0.5721837682761379
869649,0.999925766661349
869650,0.9985665709451819
869651,0.5073018683602395
869652,0.6063982785736117
869653,0.012347182954819902
869654,0.9918229844009334
869655,0.9998021755928014
869656,0.8871436815259943
869657,0.7570702096200881
869658,0.2932470233947544
869659,0.9997214378432884
869660,0.47665581715484656
869661,0.17421337284778363
869662,0.9999555097498519
869663,0.3848055961519369
869664,0.0342533851663455
869665,0.9582795198258893
869666,0.998391363786937
869667,0.9998470564329043
869668,0.9998710150680841
869669,0.9344276644587117
869670,0.036266506204528925
869671,0.027974373881117155
869672,0.9711839342887629
869673,0.9952168112448916
869674,0.9998429863414184
869675,0.8703167049568046
869676,0.9302135542920766
869677,0.9637089112475955
869678,0.9877631896951311
869679,0.9998397972037809
869680,0.13134803023477165
869681,0.9998458068045256
869682,0.9999456885818638
869683,0.4801703291144492
869684,0.1234035643285292
869685,0.9520047148145002
869686,0.7177166495319184
869687,0.9672878221665846
869688,0.9999734749146336
869689,0.7806050742741235
869690,0.9702129487320883
869691,0.9991926743554145
869692,0.9854412852528528
869693,0.9384945900239958
869694,0.9960749119717862
869695,0.996903491787398
869696,0.7251713729457657
869697,0.14418760692924124
869698,0.9999519749603734
869699,0.13879276021529433
869700,0.07862300086744642
869701,0.9998606954551401
869702,0.10194591277321394
869703,0.7084391894105226
869704,0.8400433997908601
869705,0.5101684246809607
869706,0.45801362243019117
869707,0.9998375922982624
869708,0.999719192964228
869709,0.11188516719643583
869710,0.9999549085898203
869711,0.22057356370772432
869712,0.9997621266394008
869713,0.9468337142996595
869714,0.9999287088735
869715,0.9982742502213107
869716,0.49291681600622245
869717,0.1774309200622778
869718,0.996793787081893
869719,0.9999611270365036
869720,0.9914020494884868
869721,0.4529116906778703
869722,0.999463221652757
869723,0.9989532061799117
869724,0.03243181206361022
869725,0.03346175953868818
869726,0.8727538411250879
869727,0.13125324372138777
869728,0.9881561546231283
869729,0.05501012424486655
869730,0.07094847649791408
869731,0.9982215116252551
869732,0.015222579894763716
869733,0.888611610152573
869734,0.9990383985073206
869735,0.07259805461907422
869736,0.651144511072511
869737,0.9972776663480609
869738,0.9891756271219758
869739,0.9973902763351432
869740,0.5175949711083712
869741,0.9994498068567443
869742,0.5525314668061009
869743,0.9996485333452438
869744,0.9992661568860083
869745,0.9163663469489908
869746,0.1419091617052944
869747,0.4632913132508095
869748,0.42874516032750254
869749,0.9994993457228881
869750,0.3695656910423768
869751,0.6378329190035731
869752,0.9809246837006392
869753,0.9954930265445072
869754,0.22857707371132957
869755,0.027335161183139466
869756,0.7334549132252883
869757,0.27550413726154493
869758,0.999922575841613
869759,0.5482697921219396
869760,0.015501156432489744
869761,0.02531804737706021
869762,0.8040711930584167
869763,0.734242535812277
869764,0.8244785037282196
869765,0.4104153268837363
869766,0.07178867239239023
869767,0.999919401270237
869768,0.391501825308778
869769,0.9852131263053668
869770,0.6011560457834388
869771,0.9998628172515314
869772,0.9632692061289638
869773,0.8197763186383231
869774,0.9994670439756745
869775,0.9999004210352969
869776,0.44811644459368194
869777,0.33576603396344573
869778,0.9999731175306769
869779,0.9974187243513497
869780,0.9996039410060198
869781,0.8451857835456438
869782,0.9998345250347155
869783,0.6796575203270327
869784,0.9996633609172669
869785,0.9991578768039019
869786,0.13081106429376033
869787,0.9997741158214929
869788,0.9985955303393669
869789,0.14018386662392096
869790,0.9992919686000188
869791,0.9996076159093271
869792,0.7850712486938627
869793,0.019856095324859976
869794,0.9997168812922773
869795,0.9283323976967199
869796,0.9997485320871703
869797,0.40665834726242456
869798,0.9999888443112768
869799,0.840406806153519
869800,0.9988033786994736
869801,0.9124979357726886
869802,0.2579485797518969
869803,0.13146490073306644
869804,0.49550424764864326
869805,0.5758667886371944
869806,0.09878011622486221
869807,0.8858556936292826
869808,0.9983188850060112
869809,0.8664296926903784
869810,0.9992126259746253
869811,0.9965460682830964
869812,0.9991155699179126
869813,0.9998351068371683
869814,0.9996700792883471
869815,0.9999075253476115
869816,0.8530205056294289
869817,0.020678391511788335
869818,0.9999924007802279
869819,0.9931978951497809
869820,0.4362591046793981
869821,0.9986854117108785
869822,0.06034042780323897
869823,0.9996808159123527
869824,0.04043326699880408
869825,0.7709539075844596
869826,0.0632390548264141
869827,0.9979365752012405
869828,0.978245489365144
869829,0.9934383405625835
869830,0.8869593636414734
869831,0.9998078235447243
869832,0.003760268178785689
869833,0.9996634747225632
869834,0.024292797949653312
869835,0.999979680631551
869836,0.7303635909414208
869837,0.9957868868496443
869838,0.9999697601875824
869839,0.9999627800867601
869840,0.9980932571487307
869841,0.9989085146737158
869842,0.07415861768766355
869843,0.6636533816105505
869844,0.7429857850483502
869845,0.15238447775709313
869846,0.9999790240566242
869847,0.9998926204044313
869848,0.9988027720607386
869849,0.06297596539264919
869850,0.91048021553892
869851,0.19230946468836752
869852,0.8266380238737752
869853,0.9899192199448514
869854,0.9957038409502497
869855,0.11168862823676515
869856,0.23871903990128202
869857,0.993418440001171
869858,0.9996165436248377
869859,0.9999114589834477
869860,0.6041596171918475
869861,0.9999514599724766
869862,0.998993257364285
869863,0.9961673241289308
869864,0.9178405496587199
869865,0.9992115913651908
869866,0.9998889189841018
869867,0.9958985180429842
869868,0.9998509945432983
869869,0.861162874405365
869870,0.5993627838569368
869871,0.15150119548156452
869872,0.9929767956615304
869873,0.8707897880050717
869874,0.6955979197435215
869875,0.999697147665169
869876,0.8579351781172072
869877,0.6683435021395369
869878,0.7448595894455186
869879,0.999662556838748
869880,0.6965609755286133
869881,0.9989478089494707
869882,0.9504112219621277
869883,0.2844618579132414
869884,0.9895944080784596
869885,0.8846825402452322
869886,0.9754994973138369
869887,0.05695614916214881
869888,0.5097279390800901
869889,0.9997793407425053
869890,0.9764501187169313
869891,0.9986282072634161
869892,0.010762996190730007
869893,0.9944743927120523
869894,0.960370825809993
869895,0.07225410058095888
869896,0.7004698919686916
869897,0.9999448480470594
869898,0.38619300887109065
869899,0.9997419399278225
869900,0.9905739523463726
869901,0.15230135478196583
869902,0.9999304327507066
869903,0.4737881802392494
869904,0.22921062794503239
869905,0.16953255036624204
869906,0.925742912756033
869907,0.9709186288729921
869908,0.9999564191745659
869909,0.46873103426269475
869910,0.9925646685843129
869911,0.18283302166838208
869912,0.9799607922731817
869913,0.03600688037059202
869914,0.16765980332173502
869915,0.6943353535668113
869916,0.8086737049408725
869917,0.5604526446775848
869918,0.05039206496179385
869919,0.5748673586908625
869920,0.47213755368466936
869921,0.9986508618920171
869922,0.7287820382259649
869923,0.9893829752352168
869924,0.961077490827226
869925,0.07706708823982798
869926,0.5350404992225222
869927,0.16505817401279826
869928,0.9998970939449109
869929,0.9393807991489218
869930,0.6163551962332556
869931,0.9997335203306696
869932,0.023806992544493588
869933,0.5619065195228594
869934,0.8448334478317515
869935,0.053087376703941806
869936,0.9851584191409322
869937,0.587365531030201
869938,0.5064346864643932
869939,0.22103118204071692
869940,0.01917907745098446
869941,0.999818111357679
869942,0.057168112079427735
869943,0.9522531746812366
869944,0.9996414713507502
869945,0.9946503959642468
869946,0.8653792635279955
869947,0.9999090360201346
869948,0.013093904043872772
869949,0.05955025636565307
869950,0.020226446121336106
869951,0.9898545608544524
869952,0.229917259817661
869953,0.9982887934163464
869954,0.7290224754465062
869955,0.9991679427563813
869956,0.99998255332826
869957,0.861781330621173
869958,0.009642230802747476
869959,0.9536268098457136
869960,0.16761183528876222
869961,0.9999536714186686
869962,0.9973733391230298
869963,0.8655959347764501
869964,0.9884914867103918
869965,0.04669280322823492
869966,0.9999061298370031
869967,0.2516411712268486
869968,0.1046189248691562
869969,0.9996192248240455
869970,0.8703691303370693
869971,0.9975673041444985
869972,0.08796630959063503
869973,0.049962942224400786
869974,0.9999643289252829
869975,0.21510324841031708
869976,0.9999587059778401
869977,0.9973968663164887
869978,0.9419134298745637
869979,0.9989119815708984
869980,0.9028259829185177
869981,0.9053041103690449
869982,0.11620395091075224
869983,0.31020399800113496
869984,0.06199224283134498
869985,0.7557196264836252
869986,0.9304964256880623
869987,0.46107008691600426
869988,0.6127872167106918
869989,0.9998818183665559
869990,0.8073617006730212
869991,0.9783639400426551
869992,0.015657881014647792
869993,0.996923346551811
869994,0.997774368652987
869995,0.08535147643069402
869996,0.9992678258837286
869997,0.6450119383435753
869998,0.9906782651169266
869999,0.999751804835761
870000,0.013724889595728455
870001,0.9999072934688323
870002,0.9948665038455509
870003,0.4213183330726652
870004,0.999957639602455
870005,0.9932219685465614
870006,0.21483974719669935
870007,0.9294873615403461
870008,0.5045797566918219
870009,0.35267749765548445
870010,0.9996177757947938
870011,0.7893994422878011
870012,0.7892113366521771
870013,0.5388262365287828
870014,0.9997429264449389
870015,0.41902475917621296
870016,0.16290362500664998
870017,0.9540232445467653
870018,0.8624443312883763
870019,0.9546574797398658
870020,0.9996613485900523
870021,0.9995213763445716
870022,0.9930864292822894
870023,0.8136773891799592
870024,0.9999685617644258
870025,0.9999011312667452
870026,0.9999175721096072
870027,0.2671841820047753
870028,0.9999622560571843
870029,0.004716101244452177
870030,0.9337842051904045
870031,0.9979167470260422
870032,0.9346860751804414
870033,0.19146822393402582
870034,0.9584611538503398
870035,0.9999552233590427
870036,0.10076324828646088
870037,0.9212830959179437
870038,0.9310534539163553
870039,0.9996656979294847
870040,0.39733761355583996
870041,0.9999295367248785
870042,0.9971270336060362
870043,0.9961928624058658
870044,0.16209679365594537
870045,0.5071655460353379
870046,0.7633106125865297
870047,0.8701398945170269
870048,0.15784367255104945
870049,0.39121595464700004
870050,0.060241619772142596
870051,0.9715973771597752
870052,0.2626874339829653
870053,0.27765346597915985
870054,0.9509922804772784
870055,0.9139938553498055
870056,0.4054615974070201
870057,0.9857018727016308
870058,0.6929913822909948
870059,0.9990526943112945
870060,0.998339407360926
870061,0.7387746264245203
870062,0.9980071677233935
870063,0.9996548824707457
870064,0.9842294133034335
870065,0.9993924560377125
870066,0.8204544286154992
870067,0.05401238903746281
870068,0.6745774892198911
870069,0.9887049071572184
870070,0.9999499097821526
870071,0.9999760979044149
870072,0.9974865284646472
870073,0.9527711546610678
870074,0.9991577130479274
870075,0.30984186953468235
870076,0.9337905264973905
870077,0.9051579616167262
870078,0.8498534348796438
870079,0.9987360402805889
870080,0.7370506680347886
870081,0.09567571183876407
870082,0.20091704766829038
870083,0.8372625254170547
870084,0.49356914454317774
870085,0.5476158327782071
870086,0.999035065434326
870087,0.9975895573385264
870088,0.9296758344633043
870089,0.9953034867561937
870090,0.009788712737224852
870091,0.9995294173565136
870092,0.999964956896203
870093,0.45360561273992195
870094,0.47350969549360794
870095,0.9997077228164323
870096,0.9990528690476117
870097,0.7610125778947485
870098,0.9497513607418651
870099,0.889063636210145
870100,0.011788254199142544
870101,0.960689238626392
870102,0.8094280150493675
870103,0.8605034444894977
870104,0.03461791874233978
870105,0.7081003510879028
870106,0.6008822852949964
870107,0.7185791991189978
870108,0.4829864069317896
870109,0.6210490772045678
870110,0.34146952203928194
870111,0.12195239535120017
870112,0.3170704991781229
870113,0.902101831746363
870114,0.8048646094022667
870115,0.9153750364266948
870116,0.5234964854478834
870117,0.9966642397658225
870118,0.13765417028302315
870119,0.5720808914523628
870120,0.9797477905959167
870121,0.49556791659612326
870122,0.7740604935910242
870123,0.9994457111694547
870124,0.01520521857218976
870125,0.9996420497361933
870126,0.9995658256096787
870127,0.044958837962234946
870128,0.9727453139927729
870129,0.9783594482864377
870130,0.9846605809097932
870131,0.024789566290576534
870132,0.7437933025878456
870133,0.99989191260196
870134,0.8344212101486441
870135,0.9633462432380262
870136,0.1568442049640941
870137,0.9997459134533783
870138,0.012890361243241763
870139,0.9955192306487533
870140,0.9999412676025603
870141,0.9844670197123762
870142,0.9874862390126486
870143,0.9996631102323772
870144,0.8252098196479893
870145,0.9999780226076949
870146,0.6817009928493339
870147,0.11607313747440817
870148,0.6015818287031941
870149,0.8111216609601813
870150,0.9999024559847427
870151,0.2505286408619284
870152,0.9986082313945726
870153,0.9998110563435323
870154,0.9999368263569036
870155,0.2812484448454314
870156,0.999687079382337
870157,0.31745253424416864
870158,0.9998803567552608
870159,0.9971992658561604
870160,0.9991092844409865
870161,0.9905826177842953
870162,0.9995181390583002
870163,0.9791551236552465
870164,0.99680463548787
870165,0.9999405474432941
870166,0.9999704057281155
870167,0.2185015009813333
870168,0.9996952228344758
870169,0.993509220559647
870170,0.12639050786121261
870171,0.007617175221889032
870172,0.384700845852024
870173,0.9995995571652958
870174,0.6425279698384201
870175,0.734849003574714
870176,0.9993730774270608
870177,0.88393733034382
870178,0.9996599996152151
870179,0.7260863048137726
870180,0.9671707921733682
870181,0.9924060849178192
870182,0.9995936180440543
870183,0.01800823946812747
870184,0.8715541067977193
870185,0.9993843184530402
870186,0.9998478412293761
870187,0.9868318534710375
870188,0.052917248625750896
870189,0.9987380089148605
870190,0.9624782507218663
870191,0.1031320960871973
870192,0.21399408851353363
870193,0.84170184882623
870194,0.9863707480914962
870195,0.3718416835759046
870196,0.6143554735688556
870197,0.9977874332397814
870198,0.9772735159072605
870199,0.05475662688112553
870200,0.9997652327676765
870201,0.38375033430083033
870202,0.007660288710901687
870203,0.9979384936567606
870204,0.9996006244804376
870205,0.6188109485549587
870206,0.999707574703834
870207,0.3781799276654081
870208,0.8028090451854786
870209,0.9867228046311698
870210,0.9995545746659196
870211,0.08188040221275837
870212,0.6740416316674149
870213,0.05238007888778719
870214,0.9998191298172878
870215,0.9998395538096231
870216,0.7783128388574139
870217,0.1547818539684881
870218,0.9234116626432358
870219,0.03617801162394123
870220,0.7252822821769577
870221,0.9918763120320381
870222,0.09692264302523308
870223,0.2638958318600533
870224,0.45310539043823933
870225,0.2538694802928898
870226,0.06657864497862867
870227,0.045639737179282235
870228,0.4428294113195558
870229,0.9104325417015097
870230,0.9803485026285422
870231,0.9999750428993225
870232,0.9347738872189196
870233,0.2552392485922759
870234,0.2712723755813223
870235,0.20746958812321814
870236,0.8620972353483296
870237,0.9830862475819111
870238,0.9999487069311972
870239,0.8838296360317576
870240,0.9961732598569504
870241,0.5124290650246556
870242,0.999427403776839
870243,0.7349473994162038
870244,0.9953553151876419
870245,0.7984745364570087
870246,0.8534600976710317
870247,0.47523839491263487
870248,0.9662831888226258
870249,0.04817378659327104
870250,0.9364099325475205
870251,0.7742695687856277
870252,0.9997659265489933
870253,0.8134652592764011
870254,0.5257616940946791
870255,0.9322598676958075
870256,0.9909202063251304
870257,0.9135598207537932
870258,0.7812292483473953
870259,0.9991297480821983
870260,0.7794176520513632
870261,0.41247425153256834
870262,0.9996495872842501
870263,0.9931737842285268
870264,0.9966620921817291
870265,0.09019783906837256
870266,0.12603456887874098
870267,0.22600600627950657
870268,0.1932336626676966
870269,0.9926866417593873
870270,0.9342220297728654
870271,0.16781726042518275
870272,0.9299417929648403
870273,0.9971554749554052
870274,0.3067808572934785
870275,0.6334914905349958
870276,0.2006820483736524
870277,0.9951585308391246
870278,0.7849914816564569
870279,0.995763820955972
870280,0.9644530092941515
870281,0.08941045240804868
870282,0.9997118480725256
870283,0.9804759456671469
870284,0.59122037777537
870285,0.32182302270707375
870286,0.9994054829344555
870287,0.03991230934012893
870288,0.9983101360159763
870289,0.9999568126330741
870290,0.00826215561633115
870291,0.6943251248095206
870292,0.9123484948086202
870293,0.030801665361899284
870294,0.9997072375075052
870295,0.9147089995432548
870296,0.14501155752875403
870297,0.7920373868269343
870298,0.9795045593224477
870299,0.9999652681572282
870300,0.019569461442047124
870301,0.9989732675311512
870302,0.5362959763400202
870303,0.9414417118661942
870304,0.9999864032657035
870305,0.23714832174771439
870306,0.12272356612411336
870307,0.016030432452199036
870308,0.9026161437875213
870309,0.9999485904377003
870310,0.9644529509031521
870311,0.9999097254735277
870312,0.6346256325561818
870313,0.97500222407419
870314,0.435250500132535
870315,0.5558273746549112
870316,0.9214727777530348
870317,0.653782502514908
870318,0.9972183708339302
870319,0.7728639322119825
870320,0.907013474054359
870321,0.5018337374284157
870322,0.9490128469477754
870323,0.7843315088304568
870324,0.9706959396568668
870325,0.9995667265363753
870326,0.03134534639779119
870327,0.004458596348609075
870328,0.8931040715816079
870329,0.08204343186174365
870330,0.7566897166241024
870331,0.1522382548260089
870332,0.9987632546265578
870333,0.013620081363640847
870334,0.9983470761682907
870335,0.515957341555075
870336,0.8527093300689341
870337,0.20556914484837396
870338,0.997800730091895
870339,0.9640022084506837
870340,0.3506730413101981
870341,0.5828612580811204
870342,0.7504552171817336
870343,0.9924314385384649
870344,0.9999010997124168
870345,0.9995861504767307
870346,0.9999655947724191
870347,0.9981363144485954
870348,0.9962317457394582
870349,0.9963201523518367
870350,0.9934246761327096
870351,0.9997234651264794
870352,0.9843304702775266
870353,0.1169291793892165
870354,0.9997573859681446
870355,0.6182788822139594
870356,0.9916552111981026
870357,0.9998170898084147
870358,0.9864532762011725
870359,0.08249901653820572
870360,0.9997673184078729
870361,0.9308556697489473
870362,0.9095482459009923
870363,0.5721227838729368
870364,0.9990229020582663
870365,0.9995700712637412
870366,0.19789847492639528
870367,0.14453129648332141
870368,0.9898142023028885
870369,0.9983409707638374
870370,0.9999454670051917
870371,0.0590227859809653
870372,0.8930745258364035
870373,0.8501662007156894
870374,0.9999280072014893
870375,0.0031062353174007083
870376,0.9842043872174091
870377,0.3299211592356158
870378,0.43882667448703516
870379,0.13280755479538556
870380,0.9974970798446453
870381,0.9695642507641876
870382,0.0875040662675523
870383,0.9999415172749979
870384,0.24957770763570125
870385,0.19876805781884807
870386,0.8676394133017767
870387,0.40090749929359404
870388,0.16855941087936052
870389,0.9098915626288505
870390,0.9975419756093128
870391,0.15554984462702345
870392,0.005974686873563807
870393,0.7813544937913737
870394,0.039806674881285864
870395,0.1915273771982031
870396,0.1672177109515332
870397,0.9807481389162471
870398,0.9998422195427666
870399,0.9994955329644076
870400,0.9985254994964432
870401,0.7643938926397882
870402,0.999839393472225
870403,0.5510742708528831
870404,0.22718266703800452
870405,0.5542315196969722
870406,0.7871603126700359
870407,0.9999383604077658
870408,0.7826674591523117
870409,0.9028323514696459
870410,0.9994753078418535
870411,0.9095929022096916
870412,0.2705970522003636
870413,0.01828008313053466
870414,0.7819437819739041
870415,0.9999259333410533
870416,0.9998733449285383
870417,0.9911443459335028
870418,0.04758296972638491
870419,0.7464370733463259
870420,0.7657539428861537
870421,0.5588470038303035
870422,0.99526409374391
870423,0.05012124945836137
870424,0.016698809594662193
870425,0.5353120408264329
870426,0.9990738692580331
870427,0.9999467785343835
870428,0.7509396221145497
870429,0.9320266221231368
870430,0.9964149587632948
870431,0.7318001849080891
870432,0.9677651346448045
870433,0.9388087531488224
870434,0.903859183701877
870435,0.23712630048703792
870436,0.9779724724134256
870437,0.9957152618924303
870438,0.7831894933653931
870439,0.9944862858065249
870440,0.024586828828925142
870441,0.909149992781413
870442,0.9994390923557168
870443,0.2792280703169995
870444,0.9943389275097312
870445,0.15736434627179233
870446,0.4202442966987976
870447,0.5909994290806405
870448,0.9986265322280717
870449,0.9999050984338496
870450,0.9517317957256838
870451,0.04015013097910345
870452,0.7138539635966069
870453,0.2387154746524889
870454,0.9999388569032168
870455,0.8780087491247257
870456,0.9999098656201587
870457,0.5243874322509143
870458,0.6919678757017717
870459,0.9353011739709138
870460,0.9863385987046898
870461,0.999650589811871
870462,0.99987218069187
870463,0.9868374813913767
870464,0.9889900808899866
870465,0.9993641380247781
870466,0.9983157879295781
870467,0.9998973400810898
870468,0.9973718392710023
870469,0.10245340174856145
870470,0.6459700736614334
870471,0.059206870078781434
870472,0.16976147992628948
870473,0.18464713602924637
870474,0.8647026634485627
870475,0.7947902960871323
870476,0.9979798811224436
870477,0.9998067939367102
870478,0.2084783422158059
870479,0.9997354730746301
870480,0.9982526073673335
870481,0.998394649048088
870482,0.6616538982095375
870483,0.4555277494682382
870484,0.9957868007256612
870485,0.9996286475057886
870486,0.9974341892470364
870487,0.9639449601527588
870488,0.8444783531531941
870489,0.8244716428492664
870490,0.9997266254164056
870491,0.9783429802390247
870492,0.04177266782598343
870493,0.014766412251898113
870494,0.8936977170232474
870495,0.04569899316893397
870496,0.9972823421319535
870497,0.27178719219203573
870498,0.15311133695623777
870499,0.07318303815333377
870500,0.9626621568330751
870501,0.2765037113388802
870502,0.9956257939708645
870503,0.9998936584319098
870504,0.06359806301235346
870505,0.9999313499078502
870506,0.38423793727839106
870507,0.9956939819286581
870508,0.9997470638627406
870509,0.9996691931779764
870510,0.9994377089187768
870511,0.7244831051434594
870512,0.9143827470504273
870513,0.4094265629504583
870514,0.9965803308882507
870515,0.558508713855874
870516,0.9996579092203252
870517,0.9965221559339228
870518,0.5086305367843468
870519,0.6150588915828125
870520,0.9596556643264466
870521,0.9999405414325149
870522,0.17274213402270455
870523,0.09809741083709471
870524,0.8311810563533572
870525,0.9992484468337545
870526,0.9806702265170977
870527,0.9999269896562775
870528,0.9992065533892983
870529,0.9824536527833951
870530,0.9999865907572575
870531,0.9991856103277997
870532,0.08389977610132274
870533,0.9991744722313869
870534,0.29470897326164547
870535,0.9998662669693716
870536,0.9991997217490457
870537,0.4230987031494945
870538,0.9903770821279856
870539,0.9998950761249307
870540,0.8942535003569965
870541,0.7340011278294972
870542,0.7240912796884498
870543,0.994423263135458
870544,0.9369214802281167
870545,0.03376830592355633
870546,0.9987268656030932
870547,0.7546822776226336
870548,0.9848967842889419
870549,0.7879349505988859
870550,0.9679139864045373
870551,0.012268818927495257
870552,0.9956875575309144
870553,0.018909473138493095
870554,0.5045281583087973
870555,0.028981585954935645
870556,0.345769142236681
870557,0.9977834982433651
870558,0.7732396078396173
870559,0.9944922325821584
870560,0.10880617224387407
870561,0.890672882537503
870562,0.9999486933881641
870563,0.9999775960297076
870564,0.22026921343649652
870565,0.6474079088828895
870566,0.5786234167012145
870567,0.9997548773898344
870568,0.9960795931208238
870569,0.9985502884429931
870570,0.5688209688649534
870571,0.9998977917110963
870572,0.9974417962610606
870573,0.9965722765415075
870574,0.9998019945444349
870575,0.1389571583120393
870576,0.9685359570930269
870577,0.9963192451002376
870578,0.999701989685946
870579,0.9230439214265228
870580,0.3057129720068059
870581,0.5105027956041264
870582,0.9995706251529397
870583,0.9973640157710386
870584,0.9998933344887432
870585,0.9998460315793747
870586,0.8102160822161606
870587,0.009265805870788145
870588,0.9415543218283378
870589,0.3326065897253704
870590,0.47844905484302813
870591,0.7508440465817943
870592,0.7769557436757958
870593,0.16879336697231515
870594,0.798289202427251
870595,0.9143425384714373
870596,0.9997850616937057
870597,0.9098694182288103
870598,0.09510040589234642
870599,0.73815455979045
870600,0.1653763269519425
870601,0.046471717819760415
870602,0.9996317833070376
870603,0.9997187121391313
870604,0.9997956017323597
870605,0.9997286517998833
870606,0.9998309313522813
870607,0.9996614662645424
870608,0.804813955841976
870609,0.45138513198459324
870610,0.11667942248059976
870611,0.052741025686151806
870612,0.8699865799699994
870613,0.9999664596635253
870614,0.9999134154720781
870615,0.02432899271071836
870616,0.9852451083988508
870617,0.9956996388637664
870618,0.8947040116462202
870619,0.9048015394607902
870620,0.8984734443733122
870621,0.9996372190105126
870622,0.9990639431262535
870623,0.0847818647088858
870624,0.999814207087917
870625,0.06077764827141969
870626,0.9989196040316184
870627,0.5233441120563395
870628,0.01795155261818811
870629,0.9998943439393949
870630,0.9999611063324992
870631,0.9002923028959922
870632,0.9897231028473035
870633,0.9998663434775754
870634,0.7325435865386437
870635,0.9323441334743173
870636,0.7006741300631292
870637,0.9137984194779695
870638,0.9957431683244897
870639,0.09111438074099878
870640,0.9987802481446975
870641,0.9986784903993094
870642,0.9994467147418797
870643,0.9978175188397382
870644,0.9954814759491614
870645,0.8587826412526147
870646,0.9828634208119098
870647,0.5977714518575185
870648,0.9146890089621411
870649,0.36354595541759027
870650,0.9958724648601598
870651,0.9978155893300691
870652,0.2668517990786778
870653,0.5565481414435978
870654,0.360857841114234
870655,0.9998187497153379
870656,0.8856219288425624
870657,0.985167833530339
870658,0.9999173168429221
870659,0.9983977855210243
870660,0.9984977694777208
870661,0.9875666821248688
870662,0.6104750537717785
870663,0.012390010727196208
870664,0.912339598584782
870665,0.8151997367912046
870666,0.002842762918158174
870667,0.9998706321147315
870668,0.8501658578681563
870669,0.6371404577450085
870670,0.5464973044084688
870671,0.6496958779975781
870672,0.9956283148980869
870673,0.9883776126578768
870674,0.9999350913788103
870675,0.6742861768651036
870676,0.954844522439672
870677,0.9996758388154665
870678,0.4359143164201514
870679,0.021905262224545044
870680,0.30855993651730895
870681,0.9370274596300774
870682,0.14505853989421025
870683,0.4200415678144807
870684,0.01292919495540832
870685,0.9983147231420142
870686,0.9960059603442932
870687,0.9994138643345293
870688,0.4298951529553055
870689,0.998356328365841
870690,0.13886863648686132
870691,0.9985780693859222
870692,0.04302464775675202
870693,0.4631927029126331
870694,0.9991800467126234
870695,0.35427621356856864
870696,0.8555229879372447
870697,0.741566634929659
870698,0.9985217797307371
870699,0.9998987146022578
870700,0.4451445559879563
870701,0.9909819679393866
870702,0.9999557553484473
870703,0.995459586340553
870704,0.9992492909714833
870705,0.7038386593040804
870706,0.40340137262643744
870707,0.8243055459691051
870708,0.9992853248360268
870709,0.9993724700840638
870710,0.32334824701553744
870711,0.987403279727268
870712,0.9943053152394307
870713,0.9622040417462878
870714,0.10209871637333312
870715,0.9999702287279109
870716,0.46303890803456227
870717,0.9957337805486259
870718,0.9972420203125075
870719,0.2592363587992722
870720,0.8427091593994278
870721,0.12282006646795066
870722,0.9905038268791952
870723,0.9247204566286154
870724,0.04464207287285952
870725,0.9544037853482616
870726,0.6024882600962183
870727,0.8537074144046037
870728,0.44565415665592534
870729,0.993637102474843
870730,0.9834967245340107
870731,0.9980738354144183
870732,0.9997681169355833
870733,0.9999186568439168
870734,0.9894801704456146
870735,0.9969171270747804
870736,0.8625340761586662
870737,0.9997098122455094
870738,0.38086593540146846
870739,0.9217977997116554
870740,0.5415046900695931
870741,0.9959480123279802
870742,0.9998096601720217
870743,0.027627937917009234
870744,0.9771697329998605
870745,0.4746786486900187
870746,0.8266408942140057
870747,0.9997638163835949
870748,0.9989930027882024
870749,0.952392630854174
870750,0.8098375916175655
870751,0.9822168419235555
870752,0.4647595943807442
870753,0.9432689974712123
870754,0.9910886361235176
870755,0.9999276719454263
870756,0.9742421533484625
870757,0.7729816408680823
870758,0.09805585346839452
870759,0.014346817501946553
870760,0.9998629827969707
870761,0.9054260174875889
870762,0.24287872072381783
870763,0.9999857519518496
870764,0.26078956217249205
870765,0.5009251482846637
870766,0.5095196762941644
870767,0.9999839039596693
870768,0.6243217257503306
870769,0.9750181703448544
870770,0.8203016304729811
870771,0.999786369810724
870772,0.9998988086642957
870773,0.9997895623953572
870774,0.9781131389422713
870775,0.9913721110979303
870776,0.9998733598043399
870777,0.43545809170359806
870778,0.7035174760456693
870779,0.9922804002088264
870780,0.9964138481681951
870781,0.999971205800219
870782,0.7415499647504666
870783,0.1055940376490622
870784,0.8524855780220806
870785,0.9932183970470307
870786,0.06097540830292818
870787,0.8990474752389344
870788,0.7486224482063333
870789,0.997827455271695
870790,0.043680378210101845
870791,0.9803590147940549
870792,0.03849152330830237
870793,0.9495912304134533
870794,0.9995621808621435
870795,0.9961458588228558
870796,0.02248509704737697
870797,0.9999197539637528
870798,0.9984120622429685
870799,0.05330688496183433
870800,0.5838825892728519
870801,0.982530370169588
870802,0.006979048542642903
870803,0.017782297224079906
870804,0.14814185063913002
870805,0.1621772183953134
870806,0.9861777809341772
870807,0.9965849463385802
870808,0.3925339356509492
870809,0.06331101270815367
870810,0.9480219944217537
870811,0.6684653079064269
870812,0.9998012622076792
870813,0.9995468641758969
870814,0.9972591883825157
870815,0.2517284632609764
870816,0.9584835606736694
870817,0.34903190796453637
870818,0.9980208262701505
870819,0.43099503554168034
870820,0.9292126794684831
870821,0.998238688067229
870822,0.5949482361617077
870823,0.19024211799919677
870824,0.996601469036399
870825,0.7004544121368053
870826,0.9944445694897169
870827,0.9982010689506441
870828,0.46465397426282484
870829,0.9595807863388539
870830,0.9998698120841834
870831,0.09148645611940409
870832,0.9995385681078277
870833,0.9999434464713264
870834,0.9985995592570903
870835,0.7092847671850406
870836,0.9976402023153021
870837,0.6948771070621746
870838,0.9411152148094435
870839,0.9999389816459273
870840,0.3084691512075972
870841,0.9970032632473982
870842,0.9998266744080333
870843,0.921855826848009
870844,0.9969111448368353
870845,0.9987452173910858
870846,0.6806193561161591
870847,0.9239933856268213
870848,0.18175039803441037
870849,0.9983862040376876
870850,0.09831387161924014
870851,0.22195583014718906
870852,0.9671126465111419
870853,0.6694797251606235
870854,0.9980450386080135
870855,0.8997066497635906
870856,0.5651481315835105
870857,0.03178016992052913
870858,0.11689647327499006
870859,0.16576383088143476
870860,0.9816403801595697
870861,0.7665275253824502
870862,0.9997849225645045
870863,0.8955652151694181
870864,0.8453563164480128
870865,0.9996721600732621
870866,0.32318600359905225
870867,0.995326319578687
870868,0.9806869740126316
870869,0.03512130934151875
870870,0.5034872561731435
870871,0.986108905409646
870872,0.9652069699489265
870873,0.9964826463556422
870874,0.8167211351675514
870875,0.9998190426325022
870876,0.47245146126500775
870877,0.408708631088295
870878,0.007999670982389642
870879,0.0032493328430515263
870880,0.4202165782119882
870881,0.019537631069422166
870882,0.9977819637503869
870883,0.18946719503689924
870884,0.99735685227276
870885,0.264311364880731
870886,0.9962308790157951
870887,0.9799014886239459
870888,0.690138538325312
870889,0.06884891249520192
870890,0.2839648790667385
870891,0.9657029696455237
870892,0.755652995616049
870893,0.999533896520164
870894,0.9814432151836807
870895,0.9996516865407096
870896,0.14872015242843709
870897,0.14663161030879104
870898,0.8464384502137715
870899,0.01693839431311446
870900,0.9999356922391944
870901,0.45764399127852595
870902,0.9998843951157368
870903,0.06939303807785487
870904,0.6829826635818224
870905,0.9343153584922819
870906,0.9886196823672753
870907,0.9797315028028021
870908,0.038178307080706436
870909,0.9991712810433975
870910,0.7023951791628396
870911,0.9948623480452418
870912,0.11824156194068233
870913,0.0030973130856602146
870914,0.15873844964678652
870915,0.9542397116785846
870916,0.9196584793094519
870917,0.00595153089497283
870918,0.928674330605995
870919,0.9968138424665894
870920,0.8321247237803183
870921,0.009632302137007918
870922,0.9915124764474915
870923,0.3396706646692277
870924,0.9648386579897487
870925,0.9995775338142916
870926,0.9994587046550394
870927,0.11918443119956156
870928,0.48937870867119737
870929,0.991281294638738
870930,0.9730012317080643
870931,0.9764472231215333
870932,0.07928121612166825
870933,0.003751003152269835
870934,0.48815541100714954
870935,0.16993020626862293
870936,0.9804651151930571
870937,0.8027639988220984
870938,0.9999098990058808
870939,0.24986525034534884
870940,0.9839957960851269
870941,0.9276017269726891
870942,0.9894976226560412
870943,0.9999141062949755
870944,0.9994460253577404
870945,0.9911258928835378
870946,0.04706333389173928
870947,0.8292047477689526
870948,0.9997511401715448
870949,0.9747749084273085
870950,0.6220736901173108
870951,0.7657978019929963
870952,0.6432988472829864
870953,0.8737239489494831
870954,0.10149098302266092
870955,0.8746509649128364
870956,0.999746134782673
870957,0.9521165429463359
870958,0.999928555377851
870959,0.09721954122414611
870960,0.5011715126254825
870961,0.007543774489454198
870962,0.9997200846799856
870963,0.8974073689670619
870964,0.9426119694493081
870965,0.9588690888051778
870966,0.9937523358282543
870967,0.18607717694801323
870968,0.7277575385444215
870969,0.5433359762830933
870970,0.9250351810405627
870971,0.4935420243832396
870972,0.45584551210340096
870973,0.9996576718591332
870974,0.9999672901423038
870975,0.9969885627861875
870976,0.9987233733484633
870977,0.9995945417705926
870978,0.8355665651973233
870979,0.9132492846171587
870980,0.2974339426114094
870981,0.9988749592868862
870982,0.9989432875671277
870983,0.9999645676776812
870984,0.23790541857448125
870985,0.9946848316518377
870986,0.8538238447720291
870987,0.08898771485219707
870988,0.6264374250935031
870989,0.9573204466551319
870990,0.034717382155705585
870991,0.45947322506004945
870992,0.9796613530847178
870993,0.5208007531963471
870994,0.9998900930553303
870995,0.9960379759197178
870996,0.9992159408093568
870997,0.9989698441628332
870998,0.9995195653854702
870999,0.9987643130541939
871000,0.9999907035898379
871001,0.48974128888149426
871002,0.9986700276109255
871003,0.989516742631138
871004,0.9990711712638929
871005,0.9210585686534722
871006,0.11190228623370416
871007,0.24087191560896756
871008,0.6769402806838991
871009,0.9924657176291537
871010,0.9995673806631252
871011,0.465575210546714
871012,0.022331761527600982
871013,0.033037164386772115
871014,0.894554875829837
871015,0.9999455270585276
871016,0.47008935893261994
871017,0.9934250884658462
871018,0.055057039036731203
871019,0.5552376224655463
871020,0.9996840077599283
871021,0.016043276707678456
871022,0.9998166626327296
871023,0.9976025806137901
871024,0.9993941395227139
871025,0.9963484393369426
871026,0.24851187371959016
871027,0.9083929850972585
871028,0.9605329249911616
871029,0.3034060495759925
871030,0.47378924666892575
871031,0.19179755393307063
871032,0.9994932992672303
871033,0.9987622469694339
871034,0.024214829194845067
871035,0.9995922403728739
871036,0.9798355744346782
871037,0.6494717944527826
871038,0.30602405815811984
871039,0.9683429609341381
871040,0.022970928350654743
871041,0.9999420625853924
871042,0.5023135133604871
871043,0.9453114895045761
871044,0.8626862020332238
871045,0.9972984613136826
871046,0.99963729167535
871047,0.9592808258965253
871048,0.9960420952742564
871049,0.9975164627463331
871050,0.9850190065017999
871051,0.6574153018366746
871052,0.9677947806254635
871053,0.04038165488537331
871054,0.9635050319758518
871055,0.6901169476895721
871056,0.13844009904221258
871057,0.03742141756610347
871058,0.9996621723515412
871059,0.09295431505231629
871060,0.18420834220716337
871061,0.05548131470608122
871062,0.13398158829083223
871063,0.9991697026392712
871064,0.08888471458808578
871065,0.9053002518320532
871066,0.7835931811552649
871067,0.9777323441517166
871068,0.997284196669117
871069,0.9430380751157601
871070,0.03083018346622586
871071,0.9997285842392154
871072,0.6819388128205748
871073,0.5366827076654147
871074,0.9950721223125265
871075,0.9943254233565733
871076,0.9976669387860363
871077,0.9998556228082606
871078,0.46978120956151315
871079,0.9999341538998843
871080,0.6813352444961553
871081,0.07227804972785347
871082,0.42974254945404533
871083,0.99998386092931
871084,0.9750505344222163
871085,0.4668595659255798
871086,0.10305137935160531
871087,0.5110412125251557
871088,0.41590930709716717
871089,0.2783060365491723
871090,0.0344171496631796
871091,0.12198664986976096
871092,0.564153551818866
871093,0.6975585887647058
871094,0.9313642004990388
871095,0.9999292069892105
871096,0.9996663360487389
871097,0.915687265167482
871098,0.11839249825715743
871099,0.9787719286617852
871100,0.04866261509052453
871101,0.1384692750713758
871102,0.08681171901307336
871103,0.9585601333318305
871104,0.44565098183699126
871105,0.9994714108587371
871106,0.029900645257354298
871107,0.1368717399709874
871108,0.8487371275338055
871109,0.07956487163769095
871110,0.999785536390599
871111,0.5684173198774506
871112,0.9982892716709476
871113,0.8960892721009215
871114,0.16462607843791643
871115,0.009004607081592
871116,0.07454732875777555
871117,0.9975155003759644
871118,0.9367408997121516
871119,0.9903363517628694
871120,0.018483585837884307
871121,0.9741486701296559
871122,0.9402591668985942
871123,0.9522422482193992
871124,0.005758514650845268
871125,0.9963136506213077
871126,0.9998208413051659
871127,0.9190696550542872
871128,0.151763282170382
871129,0.9998511689128066
871130,0.9993936832948003
871131,0.03616128367784727
871132,0.7419122439580427
871133,0.9927199111210511
871134,0.14142045802593156
871135,0.6671958337822069
871136,0.9925987193738908
871137,0.0036434552304211863
871138,0.35889151327504476
871139,0.976309062307088
871140,0.011416598411639348
871141,0.9074618204207393
871142,0.43521566930009414
871143,0.9993173953877252
871144,0.9999672716018769
871145,0.9959942521356269
871146,0.9655054776584855
871147,0.9969484350739978
871148,0.9999778538548216
871149,0.03880188237192551
871150,0.44705759135955137
871151,0.20761337244112898
871152,0.6990788871692415
871153,0.9996805352837606
871154,0.4098264291922296
871155,0.01751602700892819
871156,0.9999603117309926
871157,0.029149620554844023
871158,0.2511063495950647
871159,0.8163672235355273
871160,0.9996062666490471
871161,0.4640589145812535
871162,0.9970182135333273
871163,0.29365307468504326
871164,0.6526782115289529
871165,0.7687789120558537
871166,0.9984601976540612
871167,0.05084461689719314
871168,0.5608485994065325
871169,0.7739623164014721
871170,0.6201793595090594
871171,0.9948689338424477
871172,0.5797663764406529
871173,0.9999264596860535
871174,0.7990687734282014
871175,0.9998979472158203
871176,0.6369498307268056
871177,0.9975148343553839
871178,0.9992287640999746
871179,0.9999850229584106
871180,0.4616534394917692
871181,0.010937469285188298
871182,0.48814771822842284
871183,0.8266107171982029
871184,0.9957426767381633
871185,0.9767421140743162
871186,0.9997748197528888
871187,0.9994643908351932
871188,0.9972304372249209
871189,0.953598289545921
871190,0.9999639458242854
871191,0.009420280725152465
871192,0.9772249639568986
871193,0.9999513115755777
871194,0.7807381989607798
871195,0.9999271455890508
871196,0.9999473294887582
871197,0.08141801694822391
871198,0.04794563582389984
871199,0.024041598904076044
871200,0.995314462978539
871201,0.6388400023843432
871202,0.48180899651936215
871203,0.9286533514529208
871204,0.04425539792896377
871205,0.8509421936760013
871206,0.7708606454967353
871207,0.999913685393341
871208,0.9971333113845982
871209,0.147141927498909
871210,0.642240035816422
871211,0.998354738365584
871212,0.999447318232114
871213,0.2696822210344951
871214,0.5350331435690251
871215,0.9831986673105793
871216,0.9994968338248318
871217,0.9808728828116731
871218,0.1373791252450293
871219,0.999945651286094
871220,0.9998434120757428
871221,0.9998553795552404
871222,0.9996916780667169
871223,0.9991609618043944
871224,0.9998460507646043
871225,0.2826004991716107
871226,0.8028361328905856
871227,0.590880742749624
871228,0.8016861701154535
871229,0.9945119043925432
871230,0.705955126636584
871231,0.9999751628657129
871232,0.9965302559188015
871233,0.8445766248632423
871234,0.9973421564022251
871235,0.900743514801915
871236,0.9991615863863752
871237,0.999897426164212
871238,0.999181126640803
871239,0.9996043728308481
871240,0.021967033060236348
871241,0.004878465050386416
871242,0.29068406648123557
871243,0.75495333141818
871244,0.005293261632700226
871245,0.31293083588096876
871246,0.0046705381407183815
871247,0.5164137944787419
871248,0.03302296002370435
871249,0.9999494372068654
871250,0.6437656499538562
871251,0.5709248388420647
871252,0.02190024011646534
871253,0.638052712739413
871254,0.8663491852138183
871255,0.8668724470539891
871256,0.9989584782186737
871257,0.06782948389563014
871258,0.9997885317024937
871259,0.37431202693111215
871260,0.9989824959637584
871261,0.991260226036092
871262,0.009362170902204967
871263,0.8534752007738129
871264,0.9987863339051949
871265,0.4292112621242638
871266,0.9999278171569524
871267,0.32285774902559955
871268,0.7635940000291448
871269,0.09342453505214679
871270,0.9162355982640706
871271,0.9999541263407936
871272,0.991645486477765
871273,0.5832909900621692
871274,0.06051433385225681
871275,0.9993895097069649
871276,0.9991375425885645
871277,0.5264894447044569
871278,0.18520982384977117
871279,0.5895634591638723
871280,0.9972541297102997
871281,0.9998979949344762
871282,0.9305657182599888
871283,0.26356529162335307
871284,0.4344502799300959
871285,0.8085014067291486
871286,0.01654928005946971
871287,0.8204077969787562
871288,0.9899036221000965
871289,0.9980040215126517
871290,0.9992959231049405
871291,0.639206446794557
871292,0.1360685295543399
871293,0.956328898333667
871294,0.008304048232413291
871295,0.7988869155078704
871296,0.9971166040894883
871297,0.9999811947437169
871298,0.9707750753158148
871299,0.9757431650941284
871300,0.9999716103429535
871301,0.9943033380626941
871302,0.6747446619931231
871303,0.6742687015300823
871304,0.4648315007655556
871305,0.6454453193897653
871306,0.7860627146147585
871307,0.996411630431608
871308,0.24533292911451107
871309,0.999807054937268
871310,0.9195721668802823
871311,0.14282963139013632
871312,0.7890256921205352
871313,0.9996587368208786
871314,0.9997774567666031
871315,0.9930712132040752
871316,0.9995405882669544
871317,0.5399352265888979
871318,0.9993228960893465
871319,0.9997758006620531
871320,0.42131889292669744
871321,0.9988290348150879
871322,0.999560702453757
871323,0.9999531383305207
871324,0.10241219683666775
871325,0.6534707195156669
871326,0.6826719661055243
871327,0.02578794295920348
871328,0.1652413855708001
871329,0.9997845514252511
871330,0.568106389440319
871331,0.7424543812501001
871332,0.9873026878564547
871333,0.8653846965537204
871334,0.6816774035218789
871335,0.8337366940510258
871336,0.004623045493549268
871337,0.999981834353783
871338,0.9997875052900405
871339,0.9999085740260585
871340,0.42542696539140384
871341,0.4810624334321382
871342,0.9998368056204486
871343,0.8879619773567391
871344,0.5175401336415616
871345,0.008011656217538516
871346,0.9997963005950958
871347,0.9995747188228589
871348,0.8764496131913282
871349,0.23341579886228567
871350,0.9197710456561183
871351,0.4807041825727425
871352,0.9998833794812043
871353,0.9213754153910341
871354,0.9999817684073566
871355,0.47965741427332537
871356,0.9909529620269057
871357,0.9972629387616551
871358,0.2474229817421899
871359,0.9147940292404575
871360,0.22232371593892322
871361,0.29857768865595763
871362,0.6807520356662693
871363,0.9723665378148354
871364,0.9999578953430822
871365,0.9938538829493875
871366,0.23661453659343726
871367,0.02765920458032957
871368,0.9999090268548521
871369,0.9996599252166065
871370,0.7929034240230255
871371,0.9817137460498166
871372,0.22988943379762716
871373,0.6348031384404904
871374,0.9699204338991624
871375,0.9999574961954557
871376,0.7257875631370578
871377,0.6377394421588352
871378,0.823521056981068
871379,0.9934601931351301
871380,0.9866034469959604
871381,0.6253809457048284
871382,0.9999708795913712
871383,0.04326431373354721
871384,0.9970565933481038
871385,0.9235884417266994
871386,0.985109552118324
871387,0.9996789732325945
871388,0.014754458361021884
871389,0.9997946818794263
871390,0.9977634306273774
871391,0.02530673555284324
871392,0.7333329176730372
871393,0.949248307645755
871394,0.9934889052942384
871395,0.9993970978963544
871396,0.9620284995370079
871397,0.010568521253422707
871398,0.03143384128664976
871399,0.9971578948770745
871400,0.8220123099934549
871401,0.40703421022990915
871402,0.9997934438311942
871403,0.47790479049404444
871404,0.14720177503528853
871405,0.9730175238719274
871406,0.9588623514772243
871407,0.999562905056206
871408,0.9946359788525089
871409,0.9983280001388992
871410,0.8824480300191442
871411,0.21178030096794967
871412,0.9999732638370389
871413,0.9995999444008423
871414,0.02225759129292842
871415,0.17502708097006844
871416,0.6609201402442197
871417,0.9986923963251912
871418,0.8280073985393059
871419,0.7578994691870549
871420,0.0500967516652413
871421,0.017877551016724624
871422,0.16161451255036985
871423,0.8432765119573193
871424,0.9581712972165028
871425,0.45681337326679494
871426,0.13480698722613862
871427,0.4387497773277331
871428,0.7316389966440476
871429,0.9608197565831122
871430,0.9012124926873096
871431,0.7559420668894723
871432,0.6043085950605152
871433,0.9694692024547635
871434,0.011543499743181218
871435,0.9979939250338659
871436,0.9572089704322199
871437,0.8433154110776194
871438,0.9587903246521594
871439,0.45391511718701083
871440,0.9987067608366208
871441,0.9999690846569629
871442,0.9102031771110464
871443,0.9763117066476096
871444,0.1043827832953747
871445,0.9296842515213978
871446,0.971746065386744
871447,0.9999834652829683
871448,0.9994754864381291
871449,0.5549519469125489
871450,0.9910004170321753
871451,0.9798800367353591
871452,0.7963108171103581
871453,0.8731432758712208
871454,0.49601331861278647
871455,0.9401249543223263
871456,0.9961956110917367
871457,0.4053570633767358
871458,0.9975086451937347
871459,0.13768360634483853
871460,0.9998805429753924
871461,0.9694091099310067
871462,0.7379283505391632
871463,0.9919032124842444
871464,0.6761667318687126
871465,0.011852736864067738
871466,0.994154737686768
871467,0.995801117004582
871468,0.9965365060194813
871469,0.9983815363918955
871470,0.029866447670227496
871471,0.9995955404513295
871472,0.6316237164640071
871473,0.15338589232812216
871474,0.43950393389842085
871475,0.9998801511211179
871476,0.983806992914126
871477,0.26269344580082027
871478,0.14007283754242014
871479,0.9197436721574569
871480,0.9950005893986523
871481,0.9998288720333249
871482,0.49704813302458845
871483,0.08111128261522453
871484,0.10442579809743957
871485,0.9999724376292649
871486,0.9905709017288903
871487,0.9996823802436231
871488,0.997816574761255
871489,0.9273450736991544
871490,0.9894225501850594
871491,0.8815114891260688
871492,0.9913185733524428
871493,0.999755458044885
871494,0.012789819163452516
871495,0.9992895525462931
871496,0.16394587803025445
871497,0.4205038088508488
871498,0.983920523585775
871499,0.9996985434256661
871500,0.9999451831363799
871501,0.9999269655289558
871502,0.7755490385463648
871503,0.8154148327793617
871504,0.0432309260512936
871505,0.9997466061052993
871506,0.9603314131758609
871507,0.9998472414777341
871508,0.9396899633399796
871509,0.24514766864907636
871510,0.6812073877419642
871511,0.991982104538168
871512,0.9992588582806115
871513,0.9994041701806751
871514,0.935587986290584
871515,0.08352578472085286
871516,0.9994224319640195
871517,0.9269401115912907
871518,0.2557386404717185
871519,0.9980474146282227
871520,0.8873622753279574
871521,0.9963865933381695
871522,0.9956762557350916
871523,0.9844004496927566
871524,0.9516216528592322
871525,0.2979748818180638
871526,0.9999283351348871
871527,0.9077369870918297
871528,0.9964743478197177
871529,0.9536032996458075
871530,0.5060343881371936
871531,0.6664351323387699
871532,0.9335642813612282
871533,0.8845032835528257
871534,0.7518729882592451
871535,0.9471518327839141
871536,0.9965235125185004
871537,0.5168992925155016
871538,0.9054589381370091
871539,0.5935886015948394
871540,0.6924871043019615
871541,0.997898689131528
871542,0.9943433479013947
871543,0.21965453804280163
871544,0.952568359127486
871545,0.9234389378089357
871546,0.19496893205857319
871547,0.550909437114801
871548,0.02010607241631332
871549,0.9999605560555871
871550,0.9971728504026046
871551,0.19792406129871648
871552,0.9999183131957184
871553,0.3946758985345933
871554,0.8702500111957936
871555,0.5324203976350553
871556,0.010934233817326857
871557,0.8413870566183096
871558,0.7374491289417906
871559,0.9866965200045441
871560,0.44575087707194494
871561,0.9999787064831805
871562,0.9996943043984623
871563,0.9787636396624719
871564,0.11306162668923499
871565,0.9188915895794103
871566,0.027130917058498762
871567,0.9827890109702213
871568,0.9804711543174185
871569,0.9928952528014557
871570,0.9999239584874722
871571,0.7565752760291746
871572,0.9987790873339157
871573,0.5976255153598067
871574,0.8466264292815044
871575,0.99918683036713
871576,0.9999260980523007
871577,0.9294205985904115
871578,0.9996654111306433
871579,0.9998642076805004
871580,0.9993495094655518
871581,0.5603707628575075
871582,0.9973232197201691
871583,0.013731320020753746
871584,0.9999401508947255
871585,0.8726925155429757
871586,0.9874792868055742
871587,0.6726080179608431
871588,0.7731288563953153
871589,0.6356507495691976
871590,0.2629035445251911
871591,0.9999588510428334
871592,0.9994555979174178
871593,0.9988780052083408
871594,0.8854743159006869
871595,0.2976444669673662
871596,0.9999527226228124
871597,0.9868148461645134
871598,0.9794405319586383
871599,0.19092087298839774
871600,0.5623260554654546
871601,0.9977113972489371
871602,0.8371993105667759
871603,0.9764227594961408
871604,0.5268541258528384
871605,0.49967844174601966
871606,0.7876604574440085
871607,0.3392999707198363
871608,0.025614421940448048
871609,0.9876363100850438
871610,0.9971284460018687
871611,0.404767288541543
871612,0.5183292601704241
871613,0.8384159330306395
871614,0.9972799024240611
871615,0.7405877900697639
871616,0.0972694779147469
871617,0.9968681060711702
871618,0.9364463136699654
871619,0.8666402397590289
871620,0.9979106275711634
871621,0.026569469432795173
871622,0.9996117574425847
871623,0.9865831664391984
871624,0.999587169237637
871625,0.8143503456933952
871626,0.31176817412499597
871627,0.9976231188236617
871628,0.9937788644603309
871629,0.4145368098168846
871630,0.9999471617959839
871631,0.9956062386558735
871632,0.8109505632011814
871633,0.7603068423065867
871634,0.8242364661616923
871635,0.9841474897993533
871636,0.9986196097664507
871637,0.0162120421211422
871638,0.9526895568554992
871639,0.9517844333179504
871640,0.7670271493462091
871641,0.18204832060902237
871642,0.9998076143323245
871643,0.7608010103617772
871644,0.9137739767043718
871645,0.806533680901706
871646,0.9999862592852169
871647,0.999797358648377
871648,0.8414756873346885
871649,0.9916828204096402
871650,0.3222074719155799
871651,0.7228907366783558
871652,0.035827103240496316
871653,0.9063137845307381
871654,0.9996273922317613
871655,0.7854442635751837
871656,0.9405378630083763
871657,0.19209468539736085
871658,0.9999400420635186
871659,0.23700857000535341
871660,0.01693851797401219
871661,0.9999327493030754
871662,0.9997757635468314
871663,0.5774041447365725
871664,0.8972045888463129
871665,0.03411129276015647
871666,0.9998168497553378
871667,0.998696632537367
871668,0.3944497467003443
871669,0.9908237033096283
871670,0.9812160860068111
871671,0.9228249586341317
871672,0.9951184199353389
871673,0.017543984244332338
871674,0.9998600165735044
871675,0.9999132123860284
871676,0.010733058345212062
871677,0.5718999553505576
871678,0.9998695716146855
871679,0.9923959813174277
871680,0.9073428816511198
871681,0.9980631227461025
871682,0.9998819569859914
871683,0.9960472853295804
871684,0.9969677261308919
871685,0.5186430158264052
871686,0.6137097616054876
871687,0.8206261555485369
871688,0.9428571253310842
871689,0.016544708067004275
871690,0.5227700927481687
871691,0.9432058912134613
871692,0.999607969674733
871693,0.7502842627831829
871694,0.13733989136230682
871695,0.24738170943065846
871696,0.72009364279756
871697,0.8715618678754161
871698,0.2002509870651082
871699,0.9730654128621271
871700,0.9115138242843881
871701,0.12400908155568972
871702,0.39084827624962154
871703,0.9987304677949731
871704,0.9997734894695813
871705,0.9350165959402903
871706,0.1116207683872992
871707,0.47180246868478315
871708,0.9999656140765918
871709,0.9886769073740596
871710,0.06129494291109697
871711,0.9995915496128179
871712,0.9970309668042266
871713,0.941355944836197
871714,0.02049890494628465
871715,0.9995919902005973
871716,0.05401554828772308
871717,0.6828096983257874
871718,0.9923635308640371
871719,0.5018095345980313
871720,0.7140617802070215
871721,0.9927187740891494
871722,0.005791959763710585
871723,0.9994469196914939
871724,0.9931947538402481
871725,0.031114174154610562
871726,0.2218244908747769
871727,0.9970297858404945
871728,0.7109256754555879
871729,0.9986927537777889
871730,0.9990845034790137
871731,0.9941498458020084
871732,0.9999651481359424
871733,0.9420107744654416
871734,0.041686702340926335
871735,0.4166975431714669
871736,0.8856531361030258
871737,0.6351801365305024
871738,0.003614052801452068
871739,0.9999755750209764
871740,0.9987692664767833
871741,0.865422873259613
871742,0.32092205728862705
871743,0.9063236796824257
871744,0.9817119759962579
871745,0.9933794832827171
871746,0.9978017466329989
871747,0.9993342257599205
871748,0.9223426814824625
871749,0.9654753859880503
871750,0.17380891329067405
871751,0.8352187851902628
871752,0.05998226894268158
871753,0.9964549721533036
871754,0.9999286588099454
871755,0.0770891389667288
871756,0.848706295732401
871757,0.3322937588961437
871758,0.5539924056367774
871759,0.8015310276906196
871760,0.9996596896687616
871761,0.6600513349010351
871762,0.005712933753276578
871763,0.9999375113477446
871764,0.8546274984652091
871765,0.06858209156129336
871766,0.9998305432305004
871767,0.6083214149730205
871768,0.2224468877742946
871769,0.8502897630650479
871770,0.9909457049076313
871771,0.8540463313548008
871772,0.9976328651247868
871773,0.9983302051830888
871774,0.14380459038637744
871775,0.8371865227609767
871776,0.9988020565123215
871777,0.9674826968826442
871778,0.9991619670891487
871779,0.9853102851514703
871780,0.9998726076335266
871781,0.9994520691560025
871782,0.9875155020768827
871783,0.9873451994791996
871784,0.9280476601602451
871785,0.9999667980193203
871786,0.9853819057908042
871787,0.995182595561396
871788,0.8918893479742712
871789,0.018621817842748436
871790,0.8594277990467658
871791,0.9548344436008858
871792,0.16020911207203165
871793,0.9829057188234464
871794,0.811074725878333
871795,0.2777460581473406
871796,0.9999330983983087
871797,0.9381425448678784
871798,0.9975956978707936
871799,0.999225149008019
871800,0.9936137430581433
871801,0.999371916263733
871802,0.9982257734030802
871803,0.0017305704887686187
871804,0.6687743767100957
871805,0.20795940519572037
871806,0.0017020397951923272
871807,0.02244356148603293
871808,0.29947453700709775
871809,0.9698801397556951
871810,0.025735601522268548
871811,0.9893127779879768
871812,0.9999388116103709
871813,0.22499482986145744
871814,0.4478259136359921
871815,0.05626427144013471
871816,0.8302364576948102
871817,0.22331787430732455
871818,0.9959983819739179
871819,0.2896929307833406
871820,0.7731113940593481
871821,0.03168509194464222
871822,0.8930257209500831
871823,0.9960553196611848
871824,0.03755669627160198
871825,0.9908762460824918
871826,0.5986747490435088
871827,0.9903036137631243
871828,0.9994787286371019
871829,0.9969200404738863
871830,0.40150915588761493
871831,0.3192894562271973
871832,0.12438403746640442
871833,0.9583453565133127
871834,0.9933816210538828
871835,0.9994156091428354
871836,0.9928726707042972
871837,0.9238968137470158
871838,0.3836405773017366
871839,0.032989980201181074
871840,0.9998981054590179
871841,0.7684698524879372
871842,0.047298933639435055
871843,0.9159808565981652
871844,0.903495208091901
871845,0.9071863841524195
871846,0.9994214336609389
871847,0.9087149563677198
871848,0.9996424575156009
871849,0.9990914332361294
871850,0.11083448514181278
871851,0.7771748726289267
871852,0.48344364408192414
871853,0.8395182239306498
871854,0.9819786426809843
871855,0.9915050931555531
871856,0.9516852952076047
871857,0.04717146238807449
871858,0.7464629441036255
871859,0.321217510159414
871860,0.9904214864366803
871861,0.999984824071602
871862,0.5476392964849666
871863,0.29943700807827917
871864,0.9914847773999538
871865,0.9938719699356109
871866,0.03961039102271686
871867,0.9958855865924813
871868,0.025337308721585402
871869,0.9891670962194087
871870,0.31218446508611075
871871,0.9996187469641196
871872,0.33529560244142687
871873,0.9271806033628207
871874,0.01908941251829987
871875,0.9998014247452237
871876,0.9596558814974978
871877,0.939047325889236
871878,0.9995330464348525
871879,0.9999468290864574
871880,0.8172989329966777
871881,0.8418164853127175
871882,0.29522093963706425
871883,0.9997965711582522
871884,0.013499825698366504
871885,0.6905269398853748
871886,0.9973355299789982
871887,0.44119988638680674
871888,0.20012588853993354
871889,0.5757751737438908
871890,0.018894790090114168
871891,0.3138534896149639
871892,0.9992352912965616
871893,0.9999451423284871
871894,0.5717863860558425
871895,0.5570358134213165
871896,0.19836790913507385
871897,0.9987371424324885
871898,0.12065839969938533
871899,0.9138917673917344
871900,0.9997251937310996
871901,0.26424360528897906
871902,0.9740143382600283
871903,0.37656146244303235
871904,0.620397920145445
871905,0.9455004084964669
871906,0.9996660567373568
871907,0.7603627713486666
871908,0.5132208647342302
871909,0.9999919932489132
871910,0.5969532653833767
871911,0.9775168547881798
871912,0.9967530667171007
871913,0.8570467695533186
871914,0.9973848644306991
871915,0.8077005462652336
871916,0.1856879702864653
871917,0.9165371316692931
871918,0.9988219828378679
871919,0.7548848075464862
871920,0.9421873840425602
871921,0.9533259826111511
871922,0.17418867004873534
871923,0.9741608339881309
871924,0.5116255723057584
871925,0.888416659215296
871926,0.9996693179330878
871927,0.02510886723529637
871928,0.999693040012681
871929,0.9999551164174358
871930,0.8663050507752224
871931,0.9991334215651027
871932,0.9946221647528533
871933,0.9993179894237804
871934,0.9997317337577957
871935,0.25827304727264616
871936,0.025994136559737632
871937,0.932392307848178
871938,0.9058490797404533
871939,0.007061681656098086
871940,0.9998604721294835
871941,0.9478090358603923
871942,0.884247713963745
871943,0.04121259571906885
871944,0.35585419433796694
871945,0.9999797819878038
871946,0.3405181635320651
871947,0.9997023103110918
871948,0.901308533516861
871949,0.9980336589363386
871950,0.9999888676780562
871951,0.9998510960709295
871952,0.9988072231073697
871953,0.2812624532208685
871954,0.519607671537691
871955,0.9947614495702757
871956,0.9994236745791074
871957,0.9990222791367023
871958,0.8901234181386635
871959,0.05653367531350574
871960,0.999952772915505
871961,0.9811693841764046
871962,0.8336140593211496
871963,0.29804549037796746
871964,0.9851820235427476
871965,0.9235170275499998
871966,0.9999433073776691
871967,0.9989495550437035
871968,0.05940463227888773
871969,0.9555235459530275
871970,0.9848293806861473
871971,0.012320389948644964
871972,0.8566893533362439
871973,0.02229343312187191
871974,0.6210802541758136
871975,0.9333579631137257
871976,0.4530907205190583
871977,0.9998737946774943
871978,0.9995707396756071
871979,0.0992755256131264
871980,0.8944341345035126
871981,0.13611302602602537
871982,0.2590410916097723
871983,0.9971227653781707
871984,0.9996654024094261
871985,0.9993438266237543
871986,0.3963319404086467
871987,0.6066904287775641
871988,0.9999553423252331
871989,0.28554639193035397
871990,0.9999748998301374
871991,0.9999159479987091
871992,0.9981831522383432
871993,0.013388528366882268
871994,0.9739636299971719
871995,0.989422142410165
871996,0.1540399545120879
871997,0.6868444181904949
871998,0.9872660162481679
871999,0.9766313216534706
872000,0.9990787539589958
872001,0.9897152061931598
872002,0.9458048072320524
872003,0.43583579783538406
872004,0.9440371996051596
872005,0.028042500388694762
872006,0.10986246927476737
872007,0.6000010258278642
872008,0.9986643781013185
872009,0.9990196495004506
872010,0.9126037090052136
872011,0.022886564945933996
872012,0.9996439820767837
872013,0.9423480453534578
872014,0.9768736973053733
872015,0.9790343178432461
872016,0.7576643950475056
872017,0.1476801412717147
872018,0.20532008514037425
872019,0.6061064826152752
872020,0.9943753433432079
872021,0.43814097121027906
872022,0.293313387962269
872023,0.9997663487930923
872024,0.46067394218398755
872025,0.9999751141171633
872026,0.037486847630446844
872027,0.999671015540013
872028,0.9976983697962374
872029,0.9996919960033968
872030,0.9823094281634295
872031,0.9998779214602007
872032,0.09681047380018706
872033,0.9999667203407634
872034,0.8210819022985167
872035,0.9976443781403188
872036,0.9921101990912818
872037,0.9996290544409163
872038,0.3373657206851187
872039,0.08428574341468842
872040,0.40034341346102503
872041,0.15164162113502316
872042,0.150929815596071
872043,0.9707977241120522
872044,0.9374175236042269
872045,0.6966501030732967
872046,0.034784375435742615
872047,0.06274260540788261
872048,0.9915884997381926
872049,0.9996308417929369
872050,0.25671606994660257
872051,0.9987681953833925
872052,0.26573868269732726
872053,0.5747375175908451
872054,0.018214949944786465
872055,0.9718134182591692
872056,0.9996732998630801
872057,0.9997852835320669
872058,0.9995004939223316
872059,0.9996236020571205
872060,0.050240552067636134
872061,0.0030844404890717917
872062,0.9512285872145865
872063,0.012734765429886413
872064,0.9587002161545082
872065,0.8468234083143907
872066,0.9979087228325318
872067,0.16670594725660623
872068,0.9157916967205769
872069,0.0231687122236749
872070,0.8114994869695126
872071,0.06069821195755923
872072,0.9995053275271915
872073,0.9949574533960854
872074,0.9402180728514267
872075,0.9777539163325386
872076,0.9445460840404141
872077,0.49428030469965295
872078,0.25515049118496436
872079,0.8579669661999105
872080,0.9998224974228
872081,0.49191155746115645
872082,0.854899752746558
872083,0.9999649628975249
872084,0.5959833681546611
872085,0.8633013300619743
872086,0.9996728850920674
872087,0.752506606443929
872088,0.28868337569458213
872089,0.9875898932495657
872090,0.2667798378458185
872091,0.7772085630224892
872092,0.1798005735199335
872093,0.9620182882961541
872094,0.44506662203036457
872095,0.7593223391884064
872096,0.9890465568723836
872097,0.9999017910719766
872098,0.8879154741871014
872099,0.25493066439068524
872100,0.9948739923418166
872101,0.9997930532193784
872102,0.751184939757213
872103,0.9988099395845413
872104,0.9999342732300809
872105,0.9999090462950568
872106,0.9996679371286101
872107,0.07169683661853896
872108,0.14748137290604083
872109,0.9999033254054299
872110,0.6350845270551643
872111,0.651288575220565
872112,0.9999013452953719
872113,0.7894848640241003
872114,0.9969135889888123
872115,0.8218917686741902
872116,0.9997979719622201
872117,0.5050499656730063
872118,0.9287873220035949
872119,0.9967468156470455
872120,0.40251780767975476
872121,0.008875048522014867
872122,0.40769255539812177
872123,0.943913231982959
872124,0.6197115972314963
872125,0.5615749331673145
872126,0.9658744954632001
872127,0.7662044823842464
872128,0.9997940191971365
872129,0.9969922490939115
872130,0.9994559305791587
872131,0.9836521609228732
872132,0.7147158553483917
872133,0.9999338930546597
872134,0.9929806364274083
872135,0.006169034740636265
872136,0.11775312999797893
872137,0.9811645381337728
872138,0.999361671884399
872139,0.9998233656295037
872140,0.9997591407519165
872141,0.9999797560158243
872142,0.9316161751737455
872143,0.9949721245729057
872144,0.9488337280370429
872145,0.05572009784615709
872146,0.9994924992001157
872147,0.5272100888631993
872148,0.9993421332982524
872149,0.017365880634936628
872150,0.4790929475026959
872151,0.999960387416569
872152,0.9341929349957431
872153,0.999696495601716
872154,0.9994622338718245
872155,0.6863964543955603
872156,0.9999208702851189
872157,0.7619555753139697
872158,0.9432621905855829
872159,0.9711527771978566
872160,0.8374808888124314
872161,0.48071306782626627
872162,0.9752374903176777
872163,0.8833662991163013
872164,0.9278322288771722
872165,0.2833602942762502
872166,0.5508868994373829
872167,0.10038160792523132
872168,0.9169796847107994
872169,0.02681364883808233
872170,0.5849795860195856
872171,0.9972007627150551
872172,0.996965537855575
872173,0.9674735868599584
872174,0.9864741114110617
872175,0.9977618711041527
872176,0.6750549236103784
872177,0.9936031552208331
872178,0.9996197242338698
872179,0.9935648662361856
872180,0.9455966625169155
872181,0.8948595706995046
872182,0.053925991089868605
872183,0.9995054233560405
872184,0.4660319066302676
872185,0.999913956764775
872186,0.9999575607676834
872187,0.9999140015711517
872188,0.19544996649405566
872189,0.04139016689780386
872190,0.9766133534183106
872191,0.9992406562724113
872192,0.0768130923362918
872193,0.9992927146210515
872194,0.0010931953841678372
872195,0.9972988150187498
872196,0.8442244965032737
872197,0.9809875096670143
872198,0.9873592300612382
872199,0.9994456690794433
872200,0.999983616205729
872201,0.9963211512050494
872202,0.9258454878518714
872203,0.9748633295615838
872204,0.9999640394416278
872205,0.9877908025041723
872206,0.9872487219472268
872207,0.3958473521053347
872208,0.9041881739247701
872209,0.9997570054732177
872210,0.5311348395238948
872211,0.4330774419515935
872212,0.9842544190168495
872213,0.7996702366120036
872214,0.6055661103355288
872215,0.9228680278641437
872216,0.048414621492370524
872217,0.7873944150501814
872218,0.7593376269570122
872219,0.9991826780821373
872220,0.999919804870915
872221,0.99997280930693
872222,0.9600456378777893
872223,0.9986797908498803
872224,0.07108230509198399
872225,0.32704861474500824
872226,0.9341518558058065
872227,0.7563682938398719
872228,0.8829860768874314
872229,0.13726426697219132
872230,0.9995391971504028
872231,0.885390059560494
872232,0.11154483761712186
872233,0.9776294016870103
872234,0.010883068618473712
872235,0.3901282732051591
872236,0.995983854489406
872237,0.9997609799451017
872238,0.9999316371082697
872239,0.3704808922317179
872240,0.9963093126590656
872241,0.9826124200438219
872242,0.8556218244814482
872243,0.9828191859601707
872244,0.9993209004389221
872245,0.9965227486186881
872246,0.9995548608160372
872247,0.8150590423784352
872248,0.3813316332300823
872249,0.6966375222867306
872250,0.9999114118856346
872251,0.02516178676344605
872252,0.9996311615000505
872253,0.3312934242670833
872254,0.01980348365308828
872255,0.9844938302680478
872256,0.8059815539047932
872257,0.9080860345300392
872258,0.3333733391737035
872259,0.4914225378386449
872260,0.045062337849757654
872261,0.9981668651409754
872262,0.7402585843821198
872263,0.051645247434840266
872264,0.3447832606395006
872265,0.35779219423856634
872266,0.9989939210784629
872267,0.27268609154753054
872268,0.9999752172114638
872269,0.08542810501416341
872270,0.5151775629961903
872271,0.6265602279886877
872272,0.9951380993956329
872273,0.5705283159877612
872274,0.01390340130238376
872275,0.5831612614995965
872276,0.4112444517732555
872277,0.792590847937731
872278,0.9976594080088972
872279,0.7195591650489557
872280,0.4953246048474138
872281,0.9996959215543253
872282,0.036933701021193935
872283,0.8283290968106216
872284,0.9994162620022594
872285,0.9970071086604806
872286,0.6121805223188103
872287,0.8157623039656505
872288,0.3549540604846173
872289,0.9998400753244034
872290,0.7592537762739942
872291,0.9993128095803847
872292,0.17000490332093593
872293,0.9963183392062187
872294,0.9973636744329922
872295,0.9899551511440647
872296,0.6272952886657515
872297,0.9240830355684122
872298,0.7130880848138947
872299,0.9953061850666042
872300,0.9996002794707397
872301,0.779318531234469
872302,0.8666092299740276
872303,0.6993850858908484
872304,0.9887035732518106
872305,0.9998487523166895
872306,0.9343271183064678
872307,0.23660518644811523
872308,0.9909918661777732
872309,0.9950630826323863
872310,0.8162876323668508
872311,0.8871159104956914
872312,0.4841776763507124
872313,0.9999174253155492
872314,0.9928179647186491
872315,0.9996665855404174
872316,0.8520551590230881
872317,0.9670726986624034
872318,0.9880726388772918
872319,0.9995135469889282
872320,0.9029714647564016
872321,0.27383148937657514
872322,0.9934050540679027
872323,0.1038046596545224
872324,0.11272221263639592
872325,0.9899834265545464
872326,0.9916860658429282
872327,0.9999723845126686
872328,0.9998260272990671
872329,0.8178709955221244
872330,0.9996784866896421
872331,0.8665706334363712
872332,0.9997541905475155
872333,0.9716254768855821
872334,0.9146214255943967
872335,0.9999099456232623
872336,0.1918599504684806
872337,0.028633193860190004
872338,0.26287645459356057
872339,0.9997326456951741
872340,0.972542390370553
872341,0.04083903587084127
872342,0.0875182119964561
872343,0.010639796386535108
872344,0.7211702313042088
872345,0.8715449658409676
872346,0.9997699586503213
872347,0.8920278460498163
872348,0.9996307697039728
872349,0.9994167037573827
872350,0.4007605987603736
872351,0.14250669873726404
872352,0.9997805924007971
872353,0.5983313857655856
872354,0.9861716562849083
872355,0.2761788242140836
872356,0.9916495065930039
872357,0.17589931251554813
872358,0.999645592995511
872359,0.9998617181088817
872360,0.9996546795158124
872361,0.9984402071954509
872362,0.9972733871448938
872363,0.9991986573175051
872364,0.14606515703390144
872365,0.8778807793242024
872366,0.17601396542191175
872367,0.9987481368322317
872368,0.9959751071963533
872369,0.6502656709250237
872370,0.7931183380118589
872371,0.30306831890022823
872372,0.9872042685090008
872373,0.9995680929643516
872374,0.9862559804890615
872375,0.8594847509452761
872376,0.7665587499381024
872377,0.309254713357613
872378,0.9798818861448761
872379,0.5208334606787258
872380,0.7513260816978812
872381,0.04533550556073011
872382,0.9999293130537669
872383,0.9999345595462656
872384,0.9997079452342745
872385,0.9997152398780684
872386,0.964326815364922
872387,0.9998063834832678
872388,0.9943809924011878
872389,0.41678187420925195
872390,0.8183201687764861
872391,0.9933671059629893
872392,0.9994234168495305
872393,0.2471803833529152
872394,0.8629684502499819
872395,0.17775286771129267
872396,0.9895402797278012
872397,0.7497117236495484
872398,0.999564513097486
872399,0.8534391055444832
872400,0.9984360609797197
872401,0.9999653883079094
872402,0.6534522779832138
872403,0.9967257866855894
872404,0.6709650581362404
872405,0.022728327031599986
872406,0.46918735255696253
872407,0.974111345130956
872408,0.9997101068935674
872409,0.13176897994081815
872410,0.986332784237782
872411,0.20423952085380664
872412,0.06322204503310097
872413,0.9973063036361596
872414,0.42899333822832897
872415,0.7570287605881629
872416,0.7519367129835139
872417,0.996201485515971
872418,0.8167791132582686
872419,0.9999972289642809
872420,0.03102402347918578
872421,0.6086165938705301
872422,0.9999331146848941
872423,0.6505506318044729
872424,0.6763339571529924
872425,0.002548568765611002
872426,0.01579600005589613
872427,0.9102291427305116
872428,0.6388286633527072
872429,0.7889407058856444
872430,0.9885438450990829
872431,0.9878984696872577
872432,0.4693190043633796
872433,0.7669356513736223
872434,0.0015062770295354618
872435,0.982790080221406
872436,0.7232570036109816
872437,0.9994762992658596
872438,0.23013601486849655
872439,0.9999861657972313
872440,0.9998188393954968
872441,0.9985708901025984
872442,0.9999611806602587
872443,0.973825429171088
872444,0.350183876578848
872445,0.5167885942342961
872446,0.9742037812022841
872447,0.992192271655717
872448,0.39024555188251503
872449,0.050116343140876096
872450,0.8610345999195805
872451,0.9972333494359532
872452,0.9991142984896764
872453,0.9997669436865027
872454,0.9999064249443269
872455,0.9994596818365967
872456,0.9996572763374312
872457,0.9944606990523359
872458,0.5523404892219886
872459,0.1567295584586443
872460,0.9997806480593798
872461,0.9969724818559296
872462,0.15057517841896417
872463,0.9990510676595028
872464,0.99991329426073
872465,0.992992848967033
872466,0.9956572859691778
872467,0.9744176528685503
872468,0.9459488931391499
872469,0.999480104672004
872470,0.9801138739473146
872471,0.9677514363442221
872472,0.9996801746254486
872473,0.9984113438953266
872474,0.9999241400188735
872475,0.9998283735999068
872476,0.9998594619951167
872477,0.5892692095906176
872478,0.939521037738551
872479,0.021127923957555174
872480,0.8206542640042873
872481,0.02279537968025616
872482,0.23925284601308247
872483,0.46668006429366277
872484,0.9955740113055958
872485,0.35689841801749045
872486,0.5352727766361651
872487,0.9042447141802499
872488,0.31674443456281415
872489,0.9997416729470643
872490,0.4252309350442469
872491,0.190891990124758
872492,0.9936838106632917
872493,0.9953712949934025
872494,0.9997325113599052
872495,0.860993416749521
872496,0.9998666690273791
872497,0.9889256451006733
872498,0.9958004975538837
872499,0.9997441292096882
872500,0.8109944136153335
872501,0.6250431261342075
872502,0.9956063004564242
872503,0.6175482982769342
872504,0.9926672540962354
872505,0.9998400477216063
872506,0.11829371412269486
872507,0.9997401600638495
872508,0.02852668211219663
872509,0.7608292829069778
872510,0.9617002343222832
872511,0.9978569261850184
872512,0.9183414945065347
872513,0.5588604596520009
872514,0.9999543721480171
872515,0.1730629746975489
872516,0.12194502567360802
872517,0.9754670511330684
872518,0.9977523690849355
872519,0.8757737086692523
872520,0.5150238521197621
872521,0.970055846522603
872522,0.9987447351449223
872523,0.9990415003382893
872524,0.06697217909569901
872525,0.5977710263232566
872526,0.631930512475431
872527,0.32988906237744126
872528,0.9986347057038054
872529,0.9776195813666713
872530,0.7017845341508991
872531,0.10084143949193841
872532,0.21679864316406267
872533,0.9995510873393307
872534,0.9949253626854804
872535,0.9999926946780288
872536,0.9804850522062172
872537,0.7530615056490677
872538,0.9855316750950764
872539,0.9849348899827117
872540,0.9989352482415201
872541,0.9974018636463137
872542,0.9999853686440227
872543,0.9947796171782664
872544,0.9432063012401674
872545,0.9900791250852427
872546,0.9997501732169842
872547,0.9554406086533156
872548,0.24045793621974976
872549,0.2175871348544517
872550,0.24899552715795714
872551,0.999849625532048
872552,0.20132905994387512
872553,0.9990243605733857
872554,0.3701616462713876
872555,0.9718151568030388
872556,0.9988842501589608
872557,0.9973569167683006
872558,0.9693929464068081
872559,0.9719861393875668
872560,0.5713371882515341
872561,0.9887363450596279
872562,0.8710656680273133
872563,0.9998677518919268
872564,0.9642194093171461
872565,0.11871849905665763
872566,0.7127621586152362
872567,0.3067203353004181
872568,0.6632983596045887
872569,0.8858675433048389
872570,0.9999005801627706
872571,0.8660540780986636
872572,0.09348728666429046
872573,0.9999836067610468
872574,0.9967834853396195
872575,0.5060690405996155
872576,0.7067335242497024
872577,0.9992791790091324
872578,0.004919997475842581
872579,0.19224404923791932
872580,0.09472193665091265
872581,0.973529416386056
872582,0.999731366483386
872583,0.2175390068409278
872584,0.9998720089167965
872585,0.24757013186785823
872586,0.8158081361865187
872587,0.9980042781089855
872588,0.21338181062864653
872589,0.9978537333330555
872590,0.997840419656929
872591,0.9997243227025685
872592,0.03885827402142893
872593,0.21491554863488294
872594,0.9905796163577572
872595,0.8480677395290566
872596,0.9496849052028076
872597,0.033381680286726036
872598,0.8319216330489082
872599,0.7383121648064703
872600,0.9992345586916455
872601,0.4421281220325763
872602,0.03816638651593622
872603,0.9994964157831443
872604,0.9905022153139651
872605,0.9976366974965227
872606,0.9986961808154583
872607,0.9997908638060062
872608,0.936711569731008
872609,0.9999206995331553
872610,0.05636013363879169
872611,0.9593294113382402
872612,0.9706155207888036
872613,0.9996835138536919
872614,0.11119483812584716
872615,0.9997421036171086
872616,0.9997692980192245
872617,0.9999204607875061
872618,0.795858769445831
872619,0.9785129766585986
872620,0.9978993387172593
872621,0.7326319134244534
872622,0.9945731071958126
872623,0.07566609606388294
872624,0.6829736768739558
872625,0.72674914926355
872626,0.5872011511126956
872627,0.14452184316881456
872628,0.9998636118200069
872629,0.675321525429804
872630,0.7631873438695012
872631,0.997785073493823
872632,0.998923695207478
872633,0.9499252798436059
872634,0.020470476255006417
872635,0.06478650447427135
872636,0.9743773838001248
872637,0.9978904626043588
872638,0.42065805420550373
872639,0.18601017555996752
872640,0.9127722101862352
872641,0.6500868730472851
872642,0.999963765939947
872643,0.6542382651232358
872644,0.9999831180115595
872645,0.18048805532527096
872646,0.5839053576831642
872647,0.9581943647626077
872648,0.7529229116710285
872649,0.9894179301590607
872650,0.9927461030830422
872651,0.9572059430015509
872652,0.7886579591171958
872653,0.3283923550907346
872654,0.0845013644775004
872655,0.9547113958089369
872656,0.9828105645980008
872657,0.9960741975597329
872658,0.5002312131634875
872659,0.4087227175967788
872660,0.988221542397482
872661,0.9999122245971462
872662,0.9311826925361788
872663,0.827248094567486
872664,0.18610648691880327
872665,0.9982478417534058
872666,0.1223802852240119
872667,0.9740396309934668
872668,0.13776092039677817
872669,0.999841802904934
872670,0.9998464710254601
872671,0.7455572324227631
872672,0.9974640055251752
872673,0.9946453963525802
872674,0.9993806604661903
872675,0.9348515130617194
872676,0.40607211254435016
872677,0.9998824137446921
872678,0.9769127257500595
872679,0.8353922113997319
872680,0.9734775158933799
872681,0.9958569831517641
872682,0.9996514227601839
872683,0.6430581880718036
872684,0.25010353164072513
872685,0.9997074451437068
872686,0.9266522700974653
872687,0.40556709933452556
872688,0.06686910373399438
872689,0.48700748542948924
872690,0.006465195956360989
872691,0.41022826105113075
872692,0.9998869828147618
872693,0.020199949282341863
872694,0.39913271927590943
872695,0.8913755164074612
872696,0.9961080492100032
872697,0.8201548328249225
872698,0.9998750096328041
872699,0.9992499028064872
872700,0.9999354497170316
872701,0.999968578873121
872702,0.9998669058534362
872703,0.8037246425913838
872704,0.6879042976992439
872705,0.9985931566560415
872706,0.9995014655558905
872707,0.9959771095096187
872708,0.10132937036798367
872709,0.7887012825803102
872710,0.9904383276946676
872711,0.10266883805472854
872712,0.7142814851233177
872713,0.9998710696566425
872714,0.040947713830745545
872715,0.9999105510733659
872716,0.25909303337210365
872717,0.9683541525817896
872718,0.9980854980087743
872719,0.8724884663113024
872720,0.995533546356816
872721,0.9853923675689484
872722,0.9149948047787272
872723,0.6351163870590328
872724,0.5579896614146402
872725,0.6494598858894325
872726,0.9998531511583084
872727,0.992782179561671
872728,0.9875318161992227
872729,0.9958349099474655
872730,0.21575153053415108
872731,0.9995490451975744
872732,0.01313475415516782
872733,0.9938405130345771
872734,0.10610608850865584
872735,0.2461101652288939
872736,0.9761931929837278
872737,0.999954651157076
872738,0.9256903190255752
872739,0.1260769615141818
872740,0.9997690140623524
872741,0.8678961216147233
872742,0.758519534808124
872743,0.4391186636157295
872744,0.9943356912943804
872745,0.9999490606285237
872746,0.16707474793665544
872747,0.9964133042264136
872748,0.1359776337296812
872749,0.6475393391236677
872750,0.9997572531967535
872751,0.373880225695167
872752,0.6069568147951993
872753,0.9998542523415435
872754,0.9999760536957765
872755,0.25808577214047673
872756,0.478955677491125
872757,0.9972867737525173
872758,0.9785803567673887
872759,0.20367897398215223
872760,0.9999073237585618
872761,0.8918165778807341
872762,0.995441713781421
872763,0.29012310898120697
872764,0.9208598300600394
872765,0.9518795017782494
872766,0.9251598095339145
872767,0.9972164953946187
872768,0.014928002651393702
872769,0.9999793034856636
872770,0.7549229351000966
872771,0.7401486146517064
872772,0.11980319403692238
872773,0.5273377431116496
872774,0.9658236053667432
872775,0.39592918598480387
872776,0.9997843827253894
872777,0.8783858331870703
872778,0.9918027123603067
872779,0.4722521095359415
872780,0.10143351485959767
872781,0.9999823035708142
872782,0.3397801817418554
872783,0.9986132597014201
872784,0.9912802474316988
872785,0.9995062964213834
872786,0.9999911321446748
872787,0.9994237526184366
872788,0.9854736889582434
872789,0.31053424652354905
872790,0.9993193462782779
872791,0.012422426467602174
872792,0.9999182611686714
872793,0.9314643015178069
872794,0.9993902341214508
872795,0.3946408102315646
872796,0.9997249024014823
872797,0.9996382395052621
872798,0.8679409370236438
872799,0.33523039883632044
872800,0.09474417861501494
872801,0.9999748083156467
872802,0.9982806992140891
872803,0.9846645154158011
872804,0.8636190791975913
872805,0.9999633136144566
872806,0.4734011463142799
872807,0.06983798517654007
872808,0.9993572541983957
872809,0.9932066146949526
872810,0.05565101145957066
872811,0.9996576471369694
872812,0.9997494935909554
872813,0.005128628162881502
872814,0.984229477757193
872815,0.5779666354988043
872816,0.9999686566147091
872817,0.3229040028933904
872818,0.97400463327237
872819,0.9194533740980505
872820,0.9895450112114061
872821,0.9981238528286774
872822,0.9863578980980066
872823,0.9989502065184819
872824,0.9774782761363381
872825,0.9998720813294989
872826,0.7290848181131411
872827,0.07575456778586638
872828,0.6155991198639683
872829,0.9976486384806811
872830,0.9801106748932435
872831,0.9997452288049782
872832,0.9992525154421112
872833,0.9999875299034916
872834,0.8021272939073871
872835,0.9942027623734427
872836,0.780567148689988
872837,0.9874903439680462
872838,0.999589474619011
872839,0.9995551232121602
872840,0.021582684289171032
872841,0.9999186072729498
872842,0.9108433875656889
872843,0.19258700299913992
872844,0.9931898444438774
872845,0.9998326255474893
872846,0.23846852688977316
872847,0.6631239271681018
872848,0.9999723936812097
872849,0.9997507325434504
872850,0.0856363218454533
872851,0.4051076495138428
872852,0.3178717166555756
872853,0.7146465904382002
872854,0.8830187962643838
872855,0.6508600566742933
872856,0.845429878891168
872857,0.9761917416668224
872858,0.998730658792979
872859,0.027762524097769938
872860,0.06337680171242328
872861,0.0362707669353669
872862,0.7792388294340905
872863,0.9982637214940434
872864,0.5411184554615333
872865,0.9862650000686275
872866,0.9998938963173256
872867,0.9994128066552109
872868,0.834319145918866
872869,0.90649421639339
872870,0.9903484585283713
872871,0.9999015081528198
872872,0.9999423193432193
872873,0.11824684922190584
872874,0.6646751181615334
872875,0.007699684557356516
872876,0.9598144750934106
872877,0.989009515247567
872878,0.04747553790932016
872879,0.025517033040616054
872880,0.9785722011894062
872881,0.9998967576152022
872882,0.5970863844887849
872883,0.05192098711787825
872884,0.9982711988651496
872885,0.34737021046533323
872886,0.8965659104714614
872887,0.262324710344862
872888,0.1641554605611461
872889,0.9999610719036185
872890,0.9991604706204393
872891,0.9998648432506845
872892,0.9987442310284772
872893,0.9571089796894954
872894,0.592896787788726
872895,0.9973384136833572
872896,0.5568629820649247
872897,0.9999840049480343
872898,0.889929277282641
872899,0.9988430073889512
872900,0.9998316468434256
872901,0.38328347538557206
872902,0.022846702976343117
872903,0.8139802644933507
872904,0.9996151535921638
872905,0.999721543035585
872906,0.6656593731017615
872907,0.8529614128452851
872908,0.9797955501734946
872909,0.9998805741439
872910,0.9993819977299827
872911,0.9975599286870034
872912,0.9999017137727075
872913,0.5823649740629948
872914,0.017422489126749284
872915,0.9999582533024488
872916,0.9946931044441457
872917,0.9997370224211896
872918,0.06193048882553964
872919,0.0827021752941299
872920,0.38812524824897654
872921,0.983631309902081
872922,0.021398570133326956
872923,0.5363781610287407
872924,0.7465859311514449
872925,0.9082565035332983
872926,0.6647479991577556
872927,0.9989667358272736
872928,0.23503665832872933
872929,0.9991743058167497
872930,0.019580736833482038
872931,0.051943374308820664
872932,0.6960133004906063
872933,0.11347096461751807
872934,0.8574224273643446
872935,0.9959016090882111
872936,0.7588530916672923
872937,0.9687062568164253
872938,0.9567794319815686
872939,0.9999817238746718
872940,0.8928817528326434
872941,0.1224804406966171
872942,0.47962475139166805
872943,0.6504464333454962
872944,0.04949987933838008
872945,0.9994082587543542
872946,0.47903029855254564
872947,0.3592995280896857
872948,0.9996995341768199
872949,0.9997159690172043
872950,0.04609997799074502
872951,0.9996916835774476
872952,0.9777459937511808
872953,0.5981553471773251
872954,0.9329743157670611
872955,0.5659182359583976
872956,0.7153965530634456
872957,0.8331463840087108
872958,0.9999639864623842
872959,0.9887498417411129
872960,0.5468337923732279
872961,0.6828511648133608
872962,0.2088652633171697
872963,0.29169750656703364
872964,0.9999286198272788
872965,0.2924496302008728
872966,0.9998731955886748
872967,0.9981773687677857
872968,0.9999235171002432
872969,0.5131712882030257
872970,0.772247246239772
872971,0.9998506578823559
872972,0.9998517695664276
872973,0.9998618078165697
872974,0.9996964101112124
872975,0.9709921145715941
872976,0.3345370493163602
872977,0.9901952040547504
872978,0.40609742117231934
872979,0.9790624364033522
872980,0.06282529097644284
872981,0.840428807038193
872982,0.9998311817199587
872983,0.18423909357793256
872984,0.9913087485989889
872985,0.9331192052571291
872986,0.9999038739824042
872987,0.9931136970550394
872988,0.012240279921059026
872989,0.9998339628218967
872990,0.017602880921002918
872991,0.9940941668606829
872992,0.9994231330781709
872993,0.9999025314244111
872994,0.5339921349105119
872995,0.5121527445666529
872996,0.9606393625906537
872997,0.9922010237460018
872998,0.9997535767826831
872999,0.9937218119962369
873000,0.996273466153294
873001,0.929985725810959
873002,0.7617021801564775
873003,0.9999637554424519
873004,0.8230240030545496
873005,0.6949026836015357
873006,0.7841702831586421
873007,0.9979115457842141
873008,0.02536906138659108
873009,0.9655384303702939
873010,0.9989350366221037
873011,0.3144899897713406
873012,0.1615456868065029
873013,0.5987501890804672
873014,0.9801339283240112
873015,0.4562133908244904
873016,0.98728102729897
873017,0.7522516604051588
873018,0.9987887702468411
873019,0.9851685698793671
873020,0.9997521602611964
873021,0.9996805997770619
873022,0.009690029010197748
873023,0.12034418761481169
873024,0.9951484748073183
873025,0.9919360468668212
873026,0.6648415344492611
873027,0.9997837046173335
873028,0.9955532703958779
873029,0.9993820396044761
873030,0.38747699176555905
873031,0.9920351082945087
873032,0.2854546350000912
873033,0.5274129580771931
873034,0.5540678168419535
873035,0.9785561554614154
873036,0.2788185156564317
873037,0.48503219544993553
873038,0.9930304227258209
873039,0.2933479623704717
873040,0.7438788205555679
873041,0.9959082237330873
873042,0.9994759670594389
873043,0.0991728483150413
873044,0.1607169237954184
873045,0.14077866535522643
873046,0.9986907211289631
873047,0.9999586014970963
873048,0.9997055986130619
873049,0.8008477162888238
873050,0.9998641959999641
873051,0.9911773516929588
873052,0.97435555466671
873053,0.6689407489788176
873054,0.5931221937300417
873055,0.999944378866831
873056,0.9976239224079153
873057,0.9999905108134822
873058,0.23372936387686988
873059,0.5371257070674266
873060,0.9893431278338973
873061,0.9101842211408221
873062,0.7271974831304951
873063,0.010443476406832606
873064,0.9883484059761856
873065,0.9999514597230699
873066,0.1413420675395486
873067,0.01907551887173318
873068,0.9861535983070883
873069,0.6444272253380288
873070,0.7559269754288512
873071,0.9998859340989479
873072,0.5692773917141811
873073,0.9990341537223766
873074,0.9997202653193711
873075,0.5448501126485898
873076,0.40409670503171813
873077,0.8687247362145027
873078,0.9995108364720265
873079,0.9999612737776918
873080,0.04473084504211779
873081,0.9996468662125033
873082,0.82309106109252
873083,0.9998232396865447
873084,0.9351678855399272
873085,0.9993042479780154
873086,0.9999166006555545
873087,0.8205607834975658
873088,0.9927518699894609
873089,0.648612575562576
873090,0.19242165212987883
873091,0.8053923693206945
873092,0.46546095328455567
873093,0.8963182250718078
873094,0.42995577422932885
873095,0.9355112922487284
873096,0.34676780331073076
873097,0.984741170046085
873098,0.9989454923789011
873099,0.9998243807133523
873100,0.032923384485724856
873101,0.8470457733265593
873102,0.03241912601772822
873103,0.9990927469730718
873104,0.9659897906570285
873105,0.016794893518878008
873106,0.9950341567350568
873107,0.9970478148079392
873108,0.9843581382422084
873109,0.8796347750394257
873110,0.9974817056096065
873111,0.04747059439939743
873112,0.9645271587823864
873113,0.9981625604103994
873114,0.4071520691766124
873115,0.994796847223739
873116,0.9981072979890093
873117,0.9097676888649047
873118,0.9975487101273415
873119,0.8437071208557099
873120,0.4102488450332978
873121,0.999871661054303
873122,0.9993777086842905
873123,0.2659071240179852
873124,0.9396332711469013
873125,0.7106894525080318
873126,0.15258342545496617
873127,0.9992844694132819
873128,0.9984993633225274
873129,0.994271118693774
873130,0.2752732278877182
873131,0.9999494026210485
873132,0.9974191125779395
873133,0.9689439291046535
873134,0.9993852523834581
873135,0.8537879281988602
873136,0.9988198445689499
873137,0.25179564356485407
873138,0.999913317519445
873139,0.8140676434826009
873140,0.9998905402964668
873141,0.17523195602996205
873142,0.8183983009137048
873143,0.9742636823718106
873144,0.9870611159150046
873145,0.9976927713497217
873146,0.00495026113864596
873147,0.8364668283504539
873148,0.9997344409657183
873149,0.9893815716794254
873150,0.735403527463103
873151,0.999300070811866
873152,0.7195673062000529
873153,0.6313370503868975
873154,0.6805943580510218
873155,0.9921705511595704
873156,0.6563262068784258
873157,0.7482653587818626
873158,0.4940131809646695
873159,0.9997251058066644
873160,0.432054697828004
873161,0.9993555468263852
873162,0.7439339113923222
873163,0.8358879933467218
873164,0.7270865524599861
873165,0.9998267037589537
873166,0.43683898287763345
873167,0.9998962275236759
873168,0.9997889110405196
873169,0.9994446122087526
873170,0.8764303592134521
873171,0.010808985103412574
873172,0.017086474814492533
873173,0.049558500631673046
873174,0.9995888615433945
873175,0.9998447702476161
873176,0.9998394457496944
873177,0.3957021544272461
873178,0.9999139703583181
873179,0.9982116230559656
873180,0.99601536050545
873181,0.30150562547339277
873182,0.9350574053894959
873183,0.9983307580821914
873184,0.117080646692496
873185,0.03467787767384895
873186,0.38862266215215346
873187,0.9519455361944336
873188,0.9968029900094401
873189,0.98574499549626
873190,0.6527142656456382
873191,0.9988823937351965
873192,0.9986474305963943
873193,0.9985134390206194
873194,0.031567600802077156
873195,0.3114815617772767
873196,0.4318812863140281
873197,0.2863215802327628
873198,0.6095635903724835
873199,0.8752074767147547
873200,0.12742441747329053
873201,0.9992668014592454
873202,0.7750832912709422
873203,0.9946891864250818
873204,0.9964877584117295
873205,0.9998689532037184
873206,0.1919473524243302
873207,0.9365649649986924
873208,0.9698372972599205
873209,0.9885304431143908
873210,0.9997532342743292
873211,0.9819263456839471
873212,0.9999839096322334
873213,0.07729057887619212
873214,0.9358791089064398
873215,0.9999965712419249
873216,0.9997810302615449
873217,0.843960409312465
873218,0.2460359509581948
873219,0.14915100763876887
873220,0.11774839963443148
873221,0.3096113807447598
873222,0.01805606629257685
873223,0.9993535137966276
873224,0.9999908229424649
873225,0.989615674112592
873226,0.006467263816725929
873227,0.9999307713331453
873228,0.999952905714471
873229,0.10684557666967004
873230,0.09892101333489539
873231,0.970216762207142
873232,0.9992683683930803
873233,0.2827901853620513
873234,0.9996508696934094
873235,0.9999335576930769
873236,0.3104522155967572
873237,0.984797451048894
873238,0.9545286934045683
873239,0.15333938844635617
873240,0.9364495676265272
873241,0.9997868432360698
873242,0.8667685777562282
873243,0.9995535588390059
873244,0.900490299342571
873245,0.05224266917265531
873246,0.9141938078920682
873247,0.437549376792864
873248,0.994774487820088
873249,0.07379078552288176
873250,0.34157857659712587
873251,0.7783730156848938
873252,0.9418549728998991
873253,0.44788001550143347
873254,0.2269009261995681
873255,0.9580521750584351
873256,0.9996365605163289
873257,0.9995160469526313
873258,0.9992596878964128
873259,0.9998501440990922
873260,0.0713315551103544
873261,0.053794650927801085
873262,0.8071196614341142
873263,0.014853027969832735
873264,0.8251636156561186
873265,0.9303238667963429
873266,0.9995436233159234
873267,0.8946650689418008
873268,0.97688721510569
873269,0.9513422554254343
873270,0.5362770118949918
873271,0.960273994292988
873272,0.7974363213581431
873273,0.17817729389859416
873274,0.08980879955259821
873275,0.9994546116248404
873276,0.9995879051647831
873277,0.9983986997856565
873278,0.9384848649554128
873279,0.9977473486775048
873280,0.9999878864670286
873281,0.9200307554819855
873282,0.9353278924011625
873283,0.024948121325240456
873284,0.9997026048817019
873285,0.9999324304649203
873286,0.8307365748858124
873287,0.9991094025213002
873288,0.007352056107691577
873289,0.9996745081755751
873290,0.6954057547953645
873291,0.997858583345226
873292,0.9168528480726026
873293,0.6860546544861073
873294,0.916238408398719
873295,0.9856123437560662
873296,0.1734338288935326
873297,0.005121113284686682
873298,0.7581713147899951
873299,0.12923981190540146
873300,0.9463860501398067
873301,0.37213950123236955
873302,0.7779325082072632
873303,0.9999687181085692
873304,0.997101836793407
873305,0.0021800584629138482
873306,0.9999830583940582
873307,0.16316780765776695
873308,0.9879716752400356
873309,0.03926524079058125
873310,0.4256832509415521
873311,0.20376640623373599
873312,0.13028366393621635
873313,0.9665781179730148
873314,0.9821307748948005
873315,0.999526641985129
873316,0.04385969282355894
873317,0.9998462192202149
873318,0.99856507952551
873319,0.8147664892418626
873320,0.9758858093965641
873321,0.9287343934574235
873322,0.9999703320738548
873323,0.07069854022471786
873324,0.12065358752603458
873325,0.9891729305376278
873326,0.9095726231581791
873327,0.9986268010671606
873328,0.7397965426661633
873329,0.9440069373858107
873330,0.999640005178752
873331,0.05975664630285301
873332,0.06394249925272366
873333,0.4048772957089495
873334,0.9977392487345688
873335,0.9995994844175151
873336,0.9994987409160554
873337,0.9999513130796305
873338,0.9477679743339048
873339,0.9997735418315916
873340,0.503969948566586
873341,0.6072861921922077
873342,0.4144333658267471
873343,0.12211944312265882
873344,0.9982805415651981
873345,0.9994032919316087
873346,0.999635048929636
873347,0.9987864460377522
873348,0.0074032068499269525
873349,0.9558845945123813
873350,0.9139990296699895
873351,0.6371888209912828
873352,0.5679094525100252
873353,0.9912993154706813
873354,0.9643051393777712
873355,0.18791767727890896
873356,0.9965526781972487
873357,0.29856670892685166
873358,0.8045657299063196
873359,0.9997884442332687
873360,0.6755863918268875
873361,0.908565944727789
873362,0.6918037999389282
873363,0.9999816042021641
873364,0.9605103820174674
873365,0.9373434773366209
873366,0.3281240336562753
873367,0.88159166756279
873368,0.9989084866285455
873369,0.9972950379598108
873370,0.9905749476105601
873371,0.8426572430201028
873372,0.042798562036256864
873373,0.9997484521953222
873374,0.9991347654783799
873375,0.23488655110276005
873376,0.9341592546812183
873377,0.24426988568430097
873378,0.9893795022829357
873379,0.02932108848127568
873380,0.3199159324531968
873381,0.07421599863916684
873382,0.8309499536324516
873383,0.9999933869924047
873384,0.7022807680917001
873385,0.26742619070792556
873386,0.49917781325877364
873387,0.2933684913983024
873388,0.003764846887784625
873389,0.99958223576264
873390,0.8401789328057523
873391,0.9998371902346281
873392,0.10170615754096109
873393,0.3406946032219917
873394,0.9996702773915108
873395,0.9254611876667871
873396,0.5391824742941119
873397,0.7833820967935206
873398,0.9993524845844463
873399,0.010964789910287234
873400,0.007635495813012839
873401,0.6064523249358571
873402,0.9987706552267148
873403,0.0489542588858364
873404,0.999813615183087
873405,0.9899419602123196
873406,0.4740032537848141
873407,0.9999024610357552
873408,0.09209751633437291
873409,0.9999779754772882
873410,0.6751768301981981
873411,0.9992994500140207
873412,0.3567518316850675
873413,0.182954319700574
873414,0.9883744253351934
873415,0.04355010705530199
873416,0.43715545832433483
873417,0.9929011617308444
873418,0.9999925403804275
873419,0.9992419489726262
873420,0.9489379694615436
873421,0.9545964908781306
873422,0.015551216760788366
873423,0.4521357629165055
873424,0.9997644494224118
873425,0.7892197625878627
873426,0.5206822916248157
873427,0.10164902844266863
873428,0.3402357998054479
873429,0.8446585393060847
873430,0.9997475146877007
873431,0.7051376826551083
873432,0.723573389021894
873433,0.9716259057828593
873434,0.9964079428312245
873435,0.7315499075165783
873436,0.1578016046451548
873437,0.9985147986914884
873438,0.9997693674854313
873439,0.19295314788996518
873440,0.8065853782418959
873441,0.12020542194823275
873442,0.8057331463244403
873443,0.9852607153509584
873444,0.8939157094123649
873445,0.9248175079694048
873446,0.22330491042350853
873447,0.1734654232615703
873448,0.968603815671579
873449,0.9913236958603511
873450,0.7262283506801571
873451,0.9999423385510532
873452,0.08508211573201702
873453,0.43829303664828767
873454,0.6579111186529056
873455,0.997664184212028
873456,0.9870133946718118
873457,0.9917344223557152
873458,0.8535191292361206
873459,0.9985291183887244
873460,0.9896080224813646
873461,0.8346809129356513
873462,0.014696967516357273
873463,0.9998182510125825
873464,0.9990856426483472
873465,0.9636228117732466
873466,0.9999697282005167
873467,0.8316090940082168
873468,0.1220210276697329
873469,0.3449669178134174
873470,0.9959855665089504
873471,0.9743291238916116
873472,0.9665894611538287
873473,0.011905591273808502
873474,0.9841301710355884
873475,0.08691476440407905
873476,0.6647746348148783
873477,0.5705277500694673
873478,0.21735616191301957
873479,0.013085835488806484
873480,0.9999307812172957
873481,0.9355226722030249
873482,0.9994852831512326
873483,0.5391312379295146
873484,0.9585379227219599
873485,0.537611214420919
873486,0.9995766150697629
873487,0.9410878001673717
873488,0.32103598782429954
873489,0.9807014219567605
873490,0.9483680827175516
873491,0.9985717594367816
873492,0.24371327884465638
873493,0.29078161148704806
873494,0.09544688182345355
873495,0.9995848848045796
873496,0.8625448616492633
873497,0.9972294810888359
873498,0.03390116316115539
873499,0.9996515002952132
873500,0.9689387735500097
873501,0.9947138604669974
873502,0.036112795398477865
873503,0.9924661222954089
873504,0.9984716820986786
873505,0.11560712430398026
873506,0.7548341603149704
873507,0.9995318194967254
873508,0.9982801503789285
873509,0.030121221369818058
873510,0.9794088878119522
873511,0.5415768976363958
873512,0.9724998885340075
873513,0.9997338345994394
873514,0.9999351820359131
873515,0.9999823455423815
873516,0.8264595153112209
873517,0.4964089196251086
873518,0.03193131429992205
873519,0.9937521126713201
873520,0.9628605893622681
873521,0.9998718322902637
873522,0.8548823614233076
873523,0.017585508174938105
873524,0.1164102397239227
873525,0.11271415799880159
873526,0.08216132544256559
873527,0.48923644620812656
873528,0.9955922695014074
873529,0.9454411407462981
873530,0.7797174879408628
873531,0.7814212652834944
873532,0.9606639789833138
873533,0.9997241357915476
873534,0.9964143108535469
873535,0.9997009754406918
873536,0.11234261418218944
873537,0.3964256475519625
873538,0.9691051555984946
873539,0.9993581077086148
873540,0.875531970882216
873541,0.09785152158510499
873542,0.6319649007825379
873543,0.7061419160583293
873544,0.9959704466761001
873545,0.30885802608241963
873546,0.8954685834541238
873547,0.966709711901421
873548,0.9996935876731604
873549,0.9769412234238368
873550,0.7477430102080538
873551,0.9860126265707865
873552,0.9995200754046732
873553,0.9999117077231763
873554,0.9991823877003629
873555,0.9991707978479892
873556,0.6843350586311522
873557,0.5155168204107144
873558,0.8733090473192381
873559,0.47906338348637434
873560,0.9964551475914869
873561,0.9998256576341674
873562,0.9994209792852599
873563,0.7150414958631819
873564,0.05033155288451869
873565,0.4110717730457959
873566,0.9923878770311346
873567,0.9253917451379116
873568,0.9994046851011447
873569,0.026411861854665777
873570,0.9998927135426245
873571,0.6650277980911805
873572,0.9997896118814731
873573,0.2907455477317051
873574,0.9992396234778984
873575,0.08220898472379026
873576,0.5875894560053154
873577,0.999952156339703
873578,0.2520140666268598
873579,0.06616618328336209
873580,0.9997360111630718
873581,0.004197812800398665
873582,0.9995225671078696
873583,0.48047606456456826
873584,0.9831323987115075
873585,0.7413736543263367
873586,0.9671670640837202
873587,0.5850634950256185
873588,0.8851254891115059
873589,0.8127718697238975
873590,0.8816422389151282
873591,0.9999909624297174
873592,0.9949919733848034
873593,0.9999180654922412
873594,0.9828566944178653
873595,0.9550917461844655
873596,0.9964570332378462
873597,0.8086195561129802
873598,0.8475076524312478
873599,0.9034763544710928
873600,0.13717903242059862
873601,0.9972240163545769
873602,0.9999408769780052
873603,0.9091897118944418
873604,0.4540314838861262
873605,0.9999742301784929
873606,0.037857197555736966
873607,0.9983262268097426
873608,0.4276399073163788
873609,0.999955334110064
873610,0.9760354622145939
873611,0.33492614995496606
873612,0.2696559580393258
873613,0.9999135376664503
873614,0.9133061089080221
873615,0.5349381043759298
873616,0.9996638644666229
873617,0.6799872269219578
873618,0.6962277438662909
873619,0.9961560907797042
873620,0.9837944045582554
873621,0.9994023493883335
873622,0.35130945734888164
873623,0.9978444060668356
873624,0.708223033943944
873625,0.9493006096655427
873626,0.9898234105599009
873627,0.6674353614208444
873628,0.9986400287008119
873629,0.9995967487636739
873630,0.9995915935809724
873631,0.9999700786570086
873632,0.03263466026069554
873633,0.9900276326024646
873634,0.022774881386994187
873635,0.4184960695134956
873636,0.9971765002950881
873637,0.9979995383421989
873638,0.7093812648484263
873639,0.08068489889109601
873640,0.3497730925193099
873641,0.3186946305385816
873642,0.9997831208734336
873643,0.9963869975069545
873644,0.9996506108697012
873645,0.9964640018873533
873646,0.9758511427029988
873647,0.8215969548926598
873648,0.9999674485740254
873649,0.9999696738932767
873650,0.9999161617035399
873651,0.7449495924481413
873652,0.9999602516538046
873653,0.9995053813970184
873654,0.9997279228701456
873655,0.5255385526317204
873656,0.9993436735886883
873657,0.9999802716486048
873658,0.7843047976724162
873659,0.705099929095833
873660,0.9973016042225393
873661,0.8323303655196861
873662,0.8349770777461542
873663,0.036550855669163135
873664,0.4728186069721248
873665,0.6422077598389302
873666,0.9986528395385861
873667,0.9991097025807701
873668,0.9997347524196074
873669,0.634784162304523
873670,0.9991716225041789
873671,0.9986805902423441
873672,0.19962308596166528
873673,0.4745941745576995
873674,0.9973812181267838
873675,0.44576901037851024
873676,0.035979883131830516
873677,0.45165715296079484
873678,0.07882009065743023
873679,0.6414476031361901
873680,0.9999565568875405
873681,0.046277179013262296
873682,0.42005053087536903
873683,0.944666332198918
873684,0.9649617787623328
873685,0.9999863417148489
873686,0.9999889386430412
873687,0.18215420123384846
873688,0.9985748031050639
873689,0.2662362041265589
873690,0.038095126369076276
873691,0.9043028940677632
873692,0.9955922000831687
873693,0.3024024869875247
873694,0.4714967173782607
873695,0.9511296678928727
873696,0.5873432867569753
873697,0.44245639771980005
873698,0.9453193073822201
873699,0.2503770477362807
873700,0.9995005733500975
873701,0.7815212258560866
873702,0.4318454803970815
873703,0.9998830577757931
873704,0.5991226237119198
873705,0.999866294137246
873706,0.9065878816860647
873707,0.6630099064380426
873708,0.9342015962753016
873709,0.008537323245608474
873710,0.0028733006498171164
873711,0.999267038138177
873712,0.013136048285691607
873713,0.8326337360725785
873714,0.9994023132669618
873715,0.11716319422818856
873716,0.8203732668483066
873717,0.6683575534248828
873718,0.9980812687640195
873719,0.6878485557023899
873720,0.07750012314721456
873721,0.9939562477434815
873722,0.9848583475329469
873723,0.9003795460128091
873724,0.6529659777673636
873725,0.9490061323359862
873726,0.3593949833923332
873727,0.3665444407450855
873728,0.9997417352185964
873729,0.9997905314445716
873730,0.9337414376002712
873731,0.5821874848431613
873732,0.9884855455060989
873733,0.9060730984235489
873734,0.06447697150621216
873735,0.44006670764660805
873736,0.7552096469971771
873737,0.14772406492189824
873738,0.9838859238648471
873739,0.9958304663132721
873740,0.9997926250398117
873741,0.5403578415734925
873742,0.45354424909742874
873743,0.1553081385292097
873744,0.30600932716622636
873745,0.6785954386201707
873746,0.9770507272657453
873747,0.9996701541823716
873748,0.9878795283275881
873749,0.9999682715178759
873750,0.40046846989488294
873751,0.691746071785713
873752,0.9956384993339618
873753,0.050277125445988655
873754,0.9991916441613715
873755,0.0891841588381577
873756,0.9997698192610155
873757,0.9996693676986497
873758,0.5348896561488244
873759,0.37797909359604753
873760,0.002931600477093322
873761,0.13462120273006886
873762,0.04638481008329197
873763,0.9930187298600461
873764,0.997045157854741
873765,0.9999366323931924
873766,0.37429457140310896
873767,0.9983545235643698
873768,0.9935563640141611
873769,0.9999712699677024
873770,0.9999679304813611
873771,0.003917853709313299
873772,0.9952380427135891
873773,0.9997747205191985
873774,0.999238960048829
873775,0.03434183997718189
873776,0.9976107613243588
873777,0.8584967178182474
873778,0.8919183455488155
873779,0.930794872052174
873780,0.19835233897248217
873781,0.998650616790763
873782,0.9973631231827988
873783,0.823593134366332
873784,0.9998677183327009
873785,0.999943156487151
873786,0.9874334032708292
873787,0.20904657025365037
873788,0.9392555445142974
873789,0.5127116293616508
873790,0.9851762943638994
873791,0.46965028638598133
873792,0.019428019376121382
873793,0.9948178344069356
873794,0.9942492560068585
873795,0.09113775094809379
873796,0.16343929823272343
873797,0.9995870972015288
873798,0.9997733215199349
873799,0.9994355929436584
873800,0.9925373574881369
873801,0.8752931947765609
873802,0.7747032940651639
873803,0.9927168761483542
873804,0.1805911891569611
873805,0.7855945718336079
873806,0.9997575247170648
873807,0.009014017693436875
873808,0.9981869599901381
873809,0.9211875031887167
873810,0.7667922548739636
873811,0.5357545284010435
873812,0.6638594030857672
873813,0.3550711227918637
873814,0.5808582073684556
873815,0.49492034625558995
873816,0.9997595655425835
873817,0.9981906527484518
873818,0.9999610656516822
873819,0.050763262628023505
873820,0.07872495516202445
873821,0.9982409496189553
873822,0.9593148141716312
873823,0.9999961100228346
873824,0.999873992804807
873825,0.42280781642124754
873826,0.8346738681358989
873827,0.9996355632602487
873828,0.9314916128677727
873829,0.015679013074179883
873830,0.999863455210349
873831,0.9990238432088023
873832,0.9918827516363653
873833,0.9998226031141451
873834,0.9953397109872212
873835,0.1240206515567813
873836,0.1908149892801582
873837,0.22075085623312987
873838,0.29597954993136244
873839,0.9042023518607274
873840,0.21172813096832344
873841,0.700302440302571
873842,0.9968210735185921
873843,0.061299437745415825
873844,0.9998076483231535
873845,0.07684189848375632
873846,0.9979271346243743
873847,0.013389477484770911
873848,0.9955225301966231
873849,0.9623080510696265
873850,0.3776610878801879
873851,0.9999140545534788
873852,0.9963052512415935
873853,0.9993099515883216
873854,0.9999542289473979
873855,0.22118756127367878
873856,0.9998238568004412
873857,0.9770018889981115
873858,0.3437891991097479
873859,0.999494404880461
873860,0.05438804488954408
873861,0.9989639071211631
873862,0.9944481835147889
873863,0.9995161417081968
873864,0.9935275218652853
873865,0.9997702790617677
873866,0.9990198014850744
873867,0.35843257741117296
873868,0.25592976600848644
873869,0.007006585242614738
873870,0.9951011599256624
873871,0.9882912915004233
873872,0.04996675543710611
873873,0.5066193718992625
873874,0.9997377453170324
873875,0.6167987604413541
873876,0.4285009052566614
873877,0.02245731427447415
873878,0.9763641575263292
873879,0.5744849266453118
873880,0.9998334200679833
873881,0.9880896520800262
873882,0.9999502345287958
873883,0.9994153109426491
873884,0.9995616110069705
873885,0.7971677659878227
873886,0.9970910187712343
873887,0.9999604136737752
873888,0.959294454768296
873889,0.8636663787240078
873890,0.9985834467957766
873891,0.9902932949321357
873892,0.9999537043641812
873893,0.9923198217164926
873894,0.09287058133192007
873895,0.9999012587642881
873896,0.9999818044320983
873897,0.044164541350985465
873898,0.7758760636221996
873899,0.9995670862324918
873900,0.9999583434116349
873901,0.989182083572614
873902,0.23036853273304808
873903,0.9996558615929334
873904,0.9999073687518667
873905,0.6739642782039907
873906,0.3185324681451418
873907,0.9803387545221331
873908,0.9600965781743358
873909,0.9997225179380579
873910,0.9449597424801975
873911,0.9764228526157435
873912,0.4253203265286989
873913,0.40114473040573867
873914,0.9988910425657533
873915,0.735733888269054
873916,0.5668818808775309
873917,0.951359839148209
873918,0.8056662443072266
873919,0.9999796935763581
873920,0.7585474469899613
873921,0.9998683200005618
873922,0.6291635723098167
873923,0.9994648794772665
873924,0.6489894516982592
873925,0.7622764847641266
873926,0.9996291439691936
873927,0.7072549545594631
873928,0.9728095762485277
873929,0.9958031282959491
873930,0.44059341612417674
873931,0.9999658778347349
873932,0.15295033894666657
873933,0.03093299307566081
873934,0.9998821340758131
873935,0.2643265389155473
873936,0.361211968002167
873937,0.999035440696234
873938,0.6936548691283658
873939,0.9998246151714106
873940,0.9998226853088419
873941,0.9996367571852023
873942,0.7886791163077259
873943,0.999911078709325
873944,0.7957612504764044
873945,0.03456450467890178
873946,0.8479984444613338
873947,0.9341561482203868
873948,0.04919084348526525
873949,0.06164542589152274
873950,0.5676129989499107
873951,0.9999647238467109
873952,0.12411642726684011
873953,0.9969439735587
873954,0.5108445817323833
873955,0.9777446263006638
873956,0.010906480166228187
873957,0.021364373674189363
873958,0.9999580815952037
873959,0.9996706316868895
873960,0.999899097329691
873961,0.9981965813450655
873962,0.049174033795660425
873963,0.7170361733942316
873964,0.2276164877318413
873965,0.999836400220882
873966,0.5816022488655039
873967,0.32374173314362836
873968,0.7227773213415456
873969,0.9992585408047087
873970,0.9555958874929527
873971,0.17059867137649803
873972,0.9626885105243305
873973,0.2726599239596538
873974,0.02560488825340152
873975,0.9987915606685469
873976,0.025042385889268465
873977,0.758314052161466
873978,0.5489148868333896
873979,0.5872895796936793
873980,0.9998881989525539
873981,0.9987542523364541
873982,0.026139934922133665
873983,0.9432881773002987
873984,0.7640960192369424
873985,0.7223144763546218
873986,0.05770680962904459
873987,0.0346339872702796
873988,0.6295703574503605
873989,0.19888577474395303
873990,0.9535485721767227
873991,0.19802837390786193
873992,0.58635701477818
873993,0.9458121349525831
873994,0.9988946651949939
873995,0.19357601070403002
873996,0.6116154651602748
873997,0.04863029928098117
873998,0.2809419398069425
873999,0.9995265981269635
874000,0.9915495075726589
874001,0.9982437670483388
874002,0.9963688575038323
874003,0.9996840974083522
874004,0.7580359483883456
874005,0.8687818695823549
874006,0.9959120541730284
874007,0.18928009726896927
874008,0.8032387565582513
874009,0.9177117766480667
874010,0.4313048914840157
874011,0.555912035234598
874012,0.9854001891324168
874013,0.4822945779781376
874014,0.9993845258371705
874015,0.057408583072399724
874016,0.9883124613380947
874017,0.09648363504605709
874018,0.9989207074673598
874019,0.997771265585433
874020,0.9996724485135364
874021,0.9570068067429212
874022,0.9990629223134557
874023,0.5272073526517057
874024,0.9950931571490638
874025,0.9987845813010443
874026,0.9999805744058244
874027,0.9899691056162574
874028,0.9994724209340763
874029,0.06429141817087336
874030,0.008259125629980536
874031,0.9995187530853069
874032,0.859478090292581
874033,0.23426154843008143
874034,0.9993631501942603
874035,0.8096344958582709
874036,0.9974881226128902
874037,0.24645918100235492
874038,0.8853451731163873
874039,0.999045814711143
874040,0.9998320722656603
874041,0.9998673837369141
874042,0.5548288639442225
874043,0.9995784561809875
874044,0.3619945225258101
874045,0.004929308879962558
874046,0.9962732634771713
874047,0.8132479898578923
874048,0.015007474245451196
874049,0.9760587681858036
874050,0.9659665102837152
874051,0.9997705698747448
874052,0.9990537115892199
874053,0.9957518088790074
874054,0.9922944591529965
874055,0.9995824308402999
874056,0.8404709941582347
874057,0.18815336314708297
874058,0.9999372317524182
874059,0.7980474889477633
874060,0.9450212985983618
874061,0.4789568892068254
874062,0.9998670871155522
874063,0.9998127582341978
874064,0.6955924778884626
874065,0.9847956059703771
874066,0.999892740780929
874067,0.9999081216961236
874068,0.9985545838959948
874069,0.9999410986818815
874070,0.04767834501305497
874071,0.004219088963955455
874072,0.9986800653311758
874073,0.9991673198083519
874074,0.02763313801582485
874075,0.6004681000750758
874076,0.6433047802615444
874077,0.9940026388071939
874078,0.48874946626658256
874079,0.3687890323513221
874080,0.9954279439385045
874081,0.43986228169283226
874082,0.9999965676337952
874083,0.3400700491476772
874084,0.05549375199041413
874085,0.0036034839282894004
874086,0.9664347782381927
874087,0.9997383372724924
874088,0.9937704982999253
874089,0.9905191906086095
874090,0.9989822758794982
874091,0.9608705968781956
874092,0.9734793293156938
874093,0.9998499398633668
874094,0.9318804757954344
874095,0.7522576683181634
874096,0.1564416013478109
874097,0.9958192533990888
874098,0.06777889890127484
874099,0.9965661153121298
874100,0.036435144633417155
874101,0.9978599653314821
874102,0.7759556541563664
874103,0.9999332942771884
874104,0.9934710232401263
874105,0.9997571384968473
874106,0.07398553500948221
874107,0.9989058480756811
874108,0.9998672708329706
874109,0.999988179224592
874110,0.9998374090622227
874111,0.8731753116448467
874112,0.7129235529005804
874113,0.9985659118848189
874114,0.6747156127850834
874115,0.7240920092729267
874116,0.6165838691903089
874117,0.08672642587367461
874118,0.7915304315799618
874119,0.9399036114774559
874120,0.4321316395282647
874121,0.7441820956416433
874122,0.9204916214597822
874123,0.4746867229115994
874124,0.6819048381199326
874125,0.29180393683968747
874126,0.9950491815271738
874127,0.9998906791706124
874128,0.9975637377531169
874129,0.6001050830678287
874130,0.12663938540687664
874131,0.7178794558876911
874132,0.9999544563442684
874133,0.7817011063298461
874134,0.9897821900539583
874135,0.09625191355807639
874136,0.5063449490439054
874137,0.29648877632547255
874138,0.03683934646380259
874139,0.9994212304440677
874140,0.6488665291487575
874141,0.8994845207746232
874142,0.8906553895383762
874143,0.9999194578704127
874144,0.9973445569426864
874145,0.9855076941476313
874146,0.9996865519671817
874147,0.020596529047826172
874148,0.8269000678239075
874149,0.20775609081656093
874150,0.029775059491585786
874151,0.985924173916737
874152,0.043019158713027666
874153,0.9999893936888153
874154,0.9987178325006438
874155,0.9950275459497988
874156,0.9999845642768707
874157,0.9999804138058341
874158,0.6977155494977649
874159,0.9809981861409258
874160,0.7999273458379983
874161,0.9999208827879603
874162,0.16715488796347433
874163,0.7145659760944754
874164,0.9876074334427345
874165,0.9978635867027683
874166,0.4228037900608554
874167,0.9887169799859774
874168,0.9268826820562297
874169,0.9908315238854633
874170,0.995549598140087
874171,0.436296706732035
874172,0.5824986825912638
874173,0.9711961794819243
874174,0.8757972239568885
874175,0.1899160580938853
874176,0.9978472172792391
874177,0.8828400444253688
874178,0.9941732022109324
874179,0.13697100866351952
874180,0.0033977979057993896
874181,0.9996430392693736
874182,0.5983592533812137
874183,0.9999056772695232
874184,0.32270356788196247
874185,0.9999045066031462
874186,0.9979914314413589
874187,0.2586966844770783
874188,0.9852230470431216
874189,0.4385551085207074
874190,0.10195775059540982
874191,0.9999111764430405
874192,0.9990641028156273
874193,0.9998283323996775
874194,0.39008115181995184
874195,0.8554330173536481
874196,0.9939730072847683
874197,0.9675274876000063
874198,0.0544176969154194
874199,0.40317476525057466
874200,0.9988552092225049
874201,0.04366974169095825
874202,0.9954066800297643
874203,0.9997463160355768
874204,0.9235503657794664
874205,0.997288652540854
874206,0.3590618824471498
874207,0.9997005368090701
874208,0.9871249518217342
874209,0.5896626066187328
874210,0.33048305399307276
874211,0.9997228259088339
874212,0.9951452164343997
874213,0.9999536505736994
874214,0.9998492758968669
874215,0.9944423162277019
874216,0.6735761659487303
874217,0.11061734307680146
874218,0.9845207719735022
874219,0.999949906830489
874220,0.27620116766839126
874221,0.9994735278448914
874222,0.9550493036461545
874223,0.6387142821200531
874224,0.9952582526163815
874225,0.09641556625204603
874226,0.44940314903245604
874227,0.9970985764309416
874228,0.06790488263973173
874229,0.19598077386911256
874230,0.9998743882476863
874231,0.9994025895347193
874232,0.9939289098471908
874233,0.999395257302208
874234,0.6406354011342579
874235,0.999730113016584
874236,0.8994428268017507
874237,0.7222293656643337
874238,0.9981046440819272
874239,0.962361344360444
874240,0.705379436825914
874241,0.9999726661578658
874242,0.9713821129295651
874243,0.2284859918030941
874244,0.12994468548777688
874245,0.8924946611570909
874246,0.9999915728819305
874247,0.5521024766913603
874248,0.9995567101287565
874249,0.029108533817563644
874250,0.9868301994688887
874251,0.9994726710673203
874252,0.9998556576911084
874253,0.03229655229298385
874254,0.9989658444549122
874255,0.07602408040491503
874256,0.9992874812499577
874257,0.5985713381253233
874258,0.9967999850065669
874259,0.9884833302962397
874260,0.999880243786638
874261,0.9999467606208265
874262,0.9999734664428745
874263,0.8470528298115718
874264,0.4394718919426833
874265,0.00570529164220978
874266,0.2643059010984135
874267,0.9882745860232603
874268,0.3149554766701079
874269,0.9616118743261255
874270,0.6548410150197682
874271,0.7022677798652861
874272,0.4958254371504517
874273,0.9991701910526616
874274,0.9999901434959227
874275,0.5910792066626097
874276,0.999532208521535
874277,0.9990487890728698
874278,0.2477111304306188
874279,0.9772436940967715
874280,0.044413819545772164
874281,0.9760686159657044
874282,0.9999592084739953
874283,0.43061528739183424
874284,0.044501635250479614
874285,0.9996288103094774
874286,0.021971620079188812
874287,0.9302422801105557
874288,0.9999629952903121
874289,0.9954889692848994
874290,0.8161148682263206
874291,0.905045029002176
874292,0.5175008113514789
874293,0.01414483080265004
874294,0.6859300559756647
874295,0.9998230021353849
874296,0.43209911681633234
874297,0.9997344936346119
874298,0.5785662585334528
874299,0.3583737883275634
874300,0.7313639324267399
874301,0.9933343986740869
874302,0.34707779924578375
874303,0.04276762890657422
874304,0.9959693801898457
874305,0.41412518783191304
874306,0.7469519472007342
874307,0.6010415861471292
874308,0.9987939479040355
874309,0.7497994677967866
874310,0.9997574494419543
874311,0.8064627412606917
874312,0.5033572746079421
874313,0.9766457578349179
874314,0.006891213343141575
874315,0.2796233092840919
874316,0.5809923583869436
874317,0.9995525091809929
874318,0.9998636826841272
874319,0.013457211251474841
874320,0.7842757437005787
874321,0.9972288353640721
874322,0.9075970779769965
874323,0.9596471310615371
874324,0.7840353317897624
874325,0.9522341236518126
874326,0.9978345585616253
874327,0.29587785588225607
874328,0.8695501105813513
874329,0.9976306634150606
874330,0.40926470050498376
874331,0.5292245136398412
874332,0.9972817958896951
874333,0.9998792797153654
874334,0.020265922948428675
874335,0.9999188583177556
874336,0.9998702017326696
874337,0.20669713805455786
874338,0.0042934267118523335
874339,0.9988971862981453
874340,0.07200964317039306
874341,0.6559217082145563
874342,0.03665029728922879
874343,0.5262864156185821
874344,0.5093317894847994
874345,0.9998470562269479
874346,0.3468748713406967
874347,0.10100892315635246
874348,0.0792302831218847
874349,0.21469185729392
874350,0.9780603465958964
874351,0.9996351785120121
874352,0.3900363616706951
874353,0.6720790824670391
874354,0.9886146430953584
874355,0.0665847796537434
874356,0.9998886032244929
874357,0.9999830110560144
874358,0.9812443155165105
874359,0.9966921263962291
874360,0.08623532499796502
874361,0.7352220705641639
874362,0.9175515886412815
874363,0.09081419747407751
874364,0.1466731457756612
874365,0.014228703042179179
874366,0.9962248829912859
874367,0.2244952268590437
874368,0.9998283943474419
874369,0.9984625008809427
874370,0.9965358274004927
874371,0.22709163469117094
874372,0.9988182810738242
874373,0.9971426932724985
874374,0.9999149436876733
874375,0.9206635010079669
874376,0.9932036449942043
874377,0.9999657833240007
874378,0.9997388935021508
874379,0.9997880513229194
874380,0.9907834912047564
874381,0.9997979661464853
874382,0.9997971197493549
874383,0.9998178519210753
874384,0.003096377346893604
874385,0.36194249119240646
874386,0.6498395902864204
874387,0.9992557412918217
874388,0.9940458580687783
874389,0.9999446390895508
874390,0.9999554509066325
874391,0.9984952813357633
874392,0.9989752769983595
874393,0.2606248623719301
874394,0.9995984985646187
874395,0.9958535509702976
874396,0.9775766566353863
874397,0.5011493923879663
874398,0.2711331381761104
874399,0.9999822138129425
874400,0.04995054035349738
874401,0.003317119854257951
874402,0.7590248116037505
874403,0.8499425306881702
874404,0.04655313275366109
874405,0.9300811011027998
874406,0.9959015253536143
874407,0.010744763996391111
874408,0.9999504775659944
874409,0.7621802635056467
874410,0.9998979265584884
874411,0.9966438484120258
874412,0.2373383145585604
874413,0.9812801188608864
874414,0.9970686800114991
874415,0.9999790238319949
874416,0.9932362030809483
874417,0.676554874346968
874418,0.9955930010570566
874419,0.9998868418763701
874420,0.3693132889169198
874421,0.9895039840388612
874422,0.5705887319978956
874423,0.3116749315177706
874424,0.7020381676277561
874425,0.2264669529739771
874426,0.008570145162529127
874427,0.49903009609467597
874428,0.9733904194107693
874429,0.9120274223048281
874430,0.2144791654367902
874431,0.47654978959857863
874432,0.08904672401899184
874433,0.8713157064988819
874434,0.9990723472016108
874435,0.5809134331228228
874436,0.9453050992033847
874437,0.999482747376452
874438,0.996759615935867
874439,0.9265977618139902
874440,0.7570049400863297
874441,0.9763236561170059
874442,0.7395821189727056
874443,0.2850542580709489
874444,0.9988336806994262
874445,0.9943508124128946
874446,0.9901486215625803
874447,0.9966663976349952
874448,0.8232436353411889
874449,0.9999580999015922
874450,0.9899126732654614
874451,0.9531694222785292
874452,0.6797141163367322
874453,0.614307949593175
874454,0.9998503699649322
874455,0.02104675947503573
874456,0.9997052820456758
874457,0.029017849499219303
874458,0.9018130032714662
874459,0.7344170594552153
874460,0.9832765772365428
874461,0.999806021652921
874462,0.6015248010152888
874463,0.9978272154126817
874464,0.11019114289726445
874465,0.9981633314754913
874466,0.6600939148348585
874467,0.15338327045211625
874468,0.998931456369128
874469,0.9969756624863222
874470,0.022608620016608967
874471,0.894557687961293
874472,0.9999537390896376
874473,0.9933468757318408
874474,0.7403332335585096
874475,0.3147084395548221
874476,0.9141064272025416
874477,0.5930248968973769
874478,0.4175916609151335
874479,0.32912904304880547
874480,0.048238817776165024
874481,0.5703496529383448
874482,0.9993833546516775
874483,0.632881532603252
874484,0.4123777613725997
874485,0.2178709555654038
874486,0.9999147628901636
874487,0.9970639293643964
874488,0.9982982685657036
874489,0.9968751864933012
874490,0.9703165845913231
874491,0.0891328229577299
874492,0.9998729553368386
874493,0.9446722977028332
874494,0.042136605765042884
874495,0.8440724150044979
874496,0.999327511847228
874497,0.9996096368777319
874498,0.9968924068518545
874499,0.9965483670422306
874500,0.9915513049878174
874501,0.16173369089392542
874502,0.9999391415070715
874503,0.8177061510959138
874504,0.7485610264191432
874505,0.2668262958528417
874506,0.9959665539276085
874507,0.4024517915936771
874508,0.9999921119029214
874509,0.13329072897673783
874510,0.9999649457940953
874511,0.562116224990597
874512,0.9999258348081728
874513,0.9998442742910567
874514,0.9898220003707379
874515,0.9985295610742291
874516,0.8850176531124148
874517,0.45417089107477787
874518,0.5448551918564093
874519,0.9989358978624144
874520,0.008410378066464587
874521,0.8177112015422661
874522,0.08252468416547432
874523,0.872419419889091
874524,0.11388484596173652
874525,0.8770388551645427
874526,0.3930344120485335
874527,0.9668562426115764
874528,0.19796272007801657
874529,0.6749282548909898
874530,0.7122958351430446
874531,0.9930611743388332
874532,0.5085381078872758
874533,0.6642123067887055
874534,0.7929185750029096
874535,0.19226885580804468
874536,0.12293165016318586
874537,0.818155932853417
874538,0.04308178259017863
874539,0.9999782401861227
874540,0.3918329449239294
874541,0.9963630843226869
874542,0.10797975309642249
874543,0.998462355191154
874544,0.5295556409569702
874545,0.09514786409446185
874546,0.4003644210841571
874547,0.28801487740114223
874548,0.999907400806465
874549,0.005934841641011044
874550,0.09527445796201561
874551,0.8695594145821631
874552,0.9993841246212323
874553,0.5111355075097048
874554,0.9935074603494908
874555,0.6967661213561152
874556,0.9847772902453191
874557,0.15354453666387727
874558,0.9991310646601806
874559,0.5538578261489567
874560,0.9347675232895899
874561,0.1141163253572655
874562,0.017263698766367026
874563,0.9988591045886306
874564,0.9933053272838173
874565,0.043815135312790264
874566,0.9999152202637644
874567,0.39488964399921866
874568,0.7117938881313683
874569,0.04771513390925551
874570,0.998744131795447
874571,0.99613600383691
874572,0.08932707803746842
874573,0.9989120923238574
874574,0.9833493325543934
874575,0.7577758615703121
874576,0.9999880031812215
874577,0.9991105304524383
874578,0.9993461390837347
874579,0.9971160872741254
874580,0.38474298892421366
874581,0.850570035406035
874582,0.0036061449137762052
874583,0.9998393175904877
874584,0.029790558456182684
874585,0.9999006022574884
874586,0.9996744259822237
874587,0.9457908630187317
874588,0.7828307322349388
874589,0.9979711484158917
874590,0.6358578993521032
874591,0.27005945677078946
874592,0.09916747356722326
874593,0.9999397343922896
874594,0.7176702474277544
874595,0.6881402863192512
874596,0.9979527146635683
874597,0.9998206811482084
874598,0.9993791857142654
874599,0.9999926157603927
874600,0.1125078468107062
874601,0.9961578811497218
874602,0.998426725450912
874603,0.9990524552822109
874604,0.014511747129290521
874605,0.9995211320023185
874606,0.8030907030080681
874607,0.9997545014770983
874608,0.8435682281091035
874609,0.8050862943626131
874610,0.6839554786153546
874611,0.9995519384035252
874612,0.7026463146808783
874613,0.5279019401902438
874614,0.1275881977368756
874615,0.1844721850509552
874616,0.9710705166305451
874617,0.13292818486758531
874618,0.07375793457336205
874619,0.9985047433358616
874620,0.10360594292345969
874621,0.037709345578203546
874622,0.8981208607845612
874623,0.9998128793192667
874624,0.014846122614561433
874625,0.80134784452643
874626,0.9996642688312628
874627,0.9992611251741386
874628,0.9715445329642586
874629,0.773548417295888
874630,0.999400304592945
874631,0.9988547465857638
874632,0.9835604312944916
874633,0.13328796302130777
874634,0.5959245955433089
874635,0.9971221939540618
874636,0.0787985680462538
874637,0.5660844345530908
874638,0.8169536890635781
874639,0.4950014251806365
874640,0.8415408549298982
874641,0.9989400305454936
874642,0.9998748040577319
874643,0.9999971770539771
874644,0.965258693653424
874645,0.9996096670349219
874646,0.999947584095314
874647,0.9989587265750113
874648,0.4683975866093263
874649,0.5639111567204194
874650,0.5804113329280183
874651,0.9999662517569612
874652,0.9547711366020464
874653,0.96712115518699
874654,0.9879295655499738
874655,0.6822616394495628
874656,0.9995250233486679
874657,0.9982070810667855
874658,0.9361650737080796
874659,0.2419631340173561
874660,0.9999323039678103
874661,0.7581328864477694
874662,0.9070803814962913
874663,0.13441961378784806
874664,0.9897337233913485
874665,0.9667531670516213
874666,0.23059426648898845
874667,0.9031762351011243
874668,0.99943502641886
874669,0.9990946160359421
874670,0.05003941864301035
874671,0.03493329746444814
874672,0.975452807597722
874673,0.3295265358674137
874674,0.9999777429756388
874675,0.9998493941827167
874676,0.29903002890345093
874677,0.5094510964132833
874678,0.9863898652116256
874679,0.036812986342416795
874680,0.3807759339632182
874681,0.9994664067642299
874682,0.9768154625719163
874683,0.6341747343920716
874684,0.2613648082815796
874685,0.9633881549793404
874686,0.010883057002199522
874687,0.9953528721739275
874688,0.999829000432892
874689,0.9872756225532082
874690,0.9983483352580753
874691,0.7959186434105019
874692,0.9997014634591573
874693,0.9979425806750934
874694,0.9586229499946273
874695,0.9993823383639822
874696,0.9993682289287089
874697,0.9970720684266705
874698,0.9976510639200837
874699,0.9999192507760919
874700,0.3594419038537569
874701,0.9929818628932159
874702,0.992832838462474
874703,0.846858996787563
874704,0.9998781071657042
874705,0.059087184662502915
874706,0.5049339880987603
874707,0.9963693258559349
874708,0.0013790857897986613
874709,0.10254080845521871
874710,0.7901398660098569
874711,0.9986337691341257
874712,0.8155038720031391
874713,0.9834342767199151
874714,0.6288916858992137
874715,0.9933589165374033
874716,0.19544356057132822
874717,0.1794736785100216
874718,0.9998729619901416
874719,0.9990066838954874
874720,0.847805517468781
874721,0.9998799334610571
874722,0.7352291822758299
874723,0.4996971012430042
874724,0.9988523095987593
874725,0.9998534712768286
874726,0.999847028629137
874727,0.9998461383537222
874728,0.9999797578149037
874729,0.9939720541005317
874730,0.9623553006973001
874731,0.9999841812278383
874732,0.6141398933994116
874733,0.23922650560983133
874734,0.9843845643275412
874735,0.6149814586974487
874736,0.4863149311304608
874737,0.5302459416109334
874738,0.9846133446304762
874739,0.9974685805133834
874740,0.08986055564527082
874741,0.999982557909205
874742,0.9616467690480646
874743,0.9986173914173248
874744,0.009065597822149345
874745,0.697391397427575
874746,0.9939795554247739
874747,0.016077383965101166
874748,0.13854636797962147
874749,0.9999809602985319
874750,0.9967540209543445
874751,0.3451360122248909
874752,0.09637362228889915
874753,0.8005551508221016
874754,0.7982484950980497
874755,0.9482380042269977
874756,0.08772137908072858
874757,0.9670918377988099
874758,0.9989952642738088
874759,0.9832196231522476
874760,0.9998730903092341
874761,0.9991722533487926
874762,0.9999128025828654
874763,0.0764016037068929
874764,0.9481761047991337
874765,0.010831292479962963
874766,0.9790703897143234
874767,0.5681745068689168
874768,0.9990477583819994
874769,0.40615054435660236
874770,0.571778943157415
874771,0.9993412786435647
874772,0.9999514590443308
874773,0.06719979955936928
874774,0.8105149295995038
874775,0.13548225345604156
874776,0.9055881333214437
874777,0.0038179630421641924
874778,0.733124061539136
874779,0.4601078671030628
874780,0.7539401750822148
874781,0.9973454826014188
874782,0.9999915632931997
874783,0.833374798871739
874784,0.6699460973325777
874785,0.24515080770749242
874786,0.997004291783323
874787,0.9999634141459335
874788,0.3945822937099
874789,0.08075176285243178
874790,0.9867603944305167
874791,0.9992811229997002
874792,0.7419100254630271
874793,0.9994869080154479
874794,0.8317188966132161
874795,0.9999934852046019
874796,0.9794665261904179
874797,0.1493103556005365
874798,0.3695169156100063
874799,0.9995859752071521
874800,0.7186185770919347
874801,0.8468195709900956
874802,0.2812257669554167
874803,0.9911512660761959
874804,0.9992486277666185
874805,0.9999827723146939
874806,0.08684245751679187
874807,0.9178581312867558
874808,0.5881636443957184
874809,0.9999570151133973
874810,0.9997854012861183
874811,0.703184054805225
874812,0.9998645298071722
874813,0.9999706066049121
874814,0.999966793526843
874815,0.9998873399818775
874816,0.9512445679448606
874817,0.04509680997145403
874818,0.008148947074805396
874819,0.9884825146759743
874820,0.9987514334411829
874821,0.7069339717038852
874822,0.9728695152803755
874823,0.04952284840391995
874824,0.5917190397943495
874825,0.07801274814684753
874826,0.09360264216085472
874827,0.523043908452499
874828,0.9741165242487774
874829,0.8349305507266218
874830,0.9998894445036886
874831,0.15526731904037777
874832,0.9997298218334536
874833,0.8992516752052025
874834,0.9999943469308568
874835,0.9997062006036108
874836,0.999779648671993
874837,0.25109671902553554
874838,0.9992280034206956
874839,0.32369313957367785
874840,0.9928696010528946
874841,0.2510279079063112
874842,0.978306407533665
874843,0.4927831316277224
874844,0.9999701527551701
874845,0.999728094121884
874846,0.06453269086978183
874847,0.9993099667202059
874848,0.983906331491849
874849,0.9997565116908167
874850,0.011267821905339238
874851,0.884088312404983
874852,0.9948653377938923
874853,0.9466793226311662
874854,0.8572356432575017
874855,0.9201744465384032
874856,0.9941365576747981
874857,0.4786874851757647
874858,0.9997736310946815
874859,0.525274474683095
874860,0.7148584385658658
874861,0.9999630618189042
874862,0.9444518951248837
874863,0.0011497667046579715
874864,0.9767373098585319
874865,0.9999290425793479
874866,0.49855358498739377
874867,0.9899128801063379
874868,0.9999735525610329
874869,0.15545665913723497
874870,0.05521145516488253
874871,0.3251101565800085
874872,0.6861595940446297
874873,0.08705907216794503
874874,0.9998300153047476
874875,0.23456440306562915
874876,0.7690370744424948
874877,0.3516489552618812
874878,0.9991473613584899
874879,0.9541089059666172
874880,0.39906898271250385
874881,0.9949316997020503
874882,0.24465591291885963
874883,0.9981811750216825
874884,0.6906337864426202
874885,0.998070452690988
874886,0.14205032934992542
874887,0.9998369232015755
874888,0.9062851188762509
874889,0.9999865503879786
874890,0.9996849196223894
874891,0.0038501641901145783
874892,0.9405322735259223
874893,0.02362661471355068
874894,0.28300663736605086
874895,0.29281750623386155
874896,0.12544401000937785
874897,0.9595969915442384
874898,0.9505525967647386
874899,0.9993905124435857
874900,0.7794958551578712
874901,0.9904256459476632
874902,0.983847496584142
874903,0.9989796932741708
874904,0.9998890784407616
874905,0.998968243531109
874906,0.326427690260062
874907,0.49810671227193076
874908,0.9944799669586645
874909,0.19256634318458196
874910,0.040849465258187764
874911,0.2491544652772329
874912,0.0074126791167476135
874913,0.05336611864295916
874914,0.5829070162652317
874915,0.9937217292790104
874916,0.9994943996231329
874917,0.8692496747475158
874918,0.9999488362863134
874919,0.9988159688017075
874920,0.48852981845652943
874921,0.4852406502614163
874922,0.9716784189277754
874923,0.16700721722160197
874924,0.036710880875820674
874925,0.8736082198634879
874926,0.9981410526500711
874927,0.937948409380969
874928,0.9996867119460484
874929,0.3769930664412884
874930,0.61942722610784
874931,0.997547642095137
874932,0.5175456573776456
874933,0.2546921949881612
874934,0.9997359380409307
874935,0.998247781108859
874936,0.999963416834551
874937,0.8980332724251903
874938,0.9999503546558359
874939,0.9943449057883497
874940,0.9997119170578872
874941,0.7904350667877821
874942,0.9106795411271129
874943,0.8543554920792795
874944,0.964922222957582
874945,0.977371575339401
874946,0.016844137468694134
874947,0.19101668555335163
874948,0.006664308096425662
874949,0.8338504145886735
874950,0.9999297938972229
874951,0.9998198076108931
874952,0.9986398465508745
874953,0.9993360388990644
874954,0.05316776257429869
874955,0.3788088074031485
874956,0.21751790081879663
874957,0.9471891852598766
874958,0.9997215647008302
874959,0.9782404087209812
874960,0.9912425057648626
874961,0.9640073735764898
874962,0.9841367455962161
874963,0.9997148526896968
874964,0.108791827610131
874965,0.9180533533217812
874966,0.7630872141929309
874967,0.529185535085956
874968,0.9474772411840431
874969,0.9997349445505253
874970,0.9855852568535717
874971,0.46702571840691154
874972,0.7919836800480496
874973,0.005469181233478209
874974,0.25516420998339406
874975,0.9999636260308916
874976,0.9999489739816747
874977,0.99944657472514
874978,0.9999749833360367
874979,0.847742835435413
874980,0.9991637620595523
874981,0.9910451493003866
874982,0.01434784492550884
874983,0.9998978021330598
874984,0.5122794111815712
874985,0.9999934026355162
874986,0.9995411731014701
874987,0.9999877175853173
874988,0.7737614767684833
874989,0.9985670831091096
874990,0.9916396013403201
874991,0.8645947640945817
874992,0.9998122008945571
874993,0.05383280033239296
874994,0.9973710217342892
874995,0.17112845202249394
874996,0.9208083323444893
874997,0.6306237410270452
874998,0.8739735021471711
874999,0.2630695599201023
875000,0.12325422260849553
875001,0.14924936126007252
875002,0.1947696366419855
875003,0.9442592771087939
875004,0.9678137742179804
875005,0.7192449266431402
875006,0.8639759831034552
875007,0.9996088364225066
875008,0.19587576298613166
875009,0.9320530278134553
875010,0.9554652745367433
875011,0.6387464643621912
875012,0.9984360393621787
875013,0.9065536504824661
875014,0.4383889377605207
875015,0.860782855148578
875016,0.33354436028901707
875017,0.9998831703325537
875018,0.9966222261338363
875019,0.9938917841987822
875020,0.9997469019374995
875021,0.01403433629053383
875022,0.9979014503328884
875023,0.01597738747221413
875024,0.9997716153976774
875025,0.9992918507162014
875026,0.03644119225859742
875027,0.9692377873548838
875028,0.9998138017637443
875029,0.06538679060107085
875030,0.16171073094756624
875031,0.9875274731926198
875032,0.9755580202091964
875033,0.08832677822869454
875034,0.9999202764618771
875035,0.9891774835252154
875036,0.9997498290962796
875037,0.9999790564670414
875038,0.0072695388448195345
875039,0.9693337498075804
875040,0.046481137066306355
875041,0.9969703537890905
875042,0.9309947227526071
875043,0.23784687122288803
875044,0.08855234503517853
875045,0.4402520783246916
875046,0.9926656739537689
875047,0.9999764278794873
875048,0.9863563950976091
875049,0.9999812875837237
875050,0.97939167696446
875051,0.9633639521139459
875052,0.012241288477890175
875053,0.6450856586288571
875054,0.9613641646620099
875055,0.2241211591116922
875056,0.8211608492871865
875057,0.9944835420182669
875058,0.28990117317875247
875059,0.9869597205232017
875060,0.9994709147145193
875061,0.9997273629584337
875062,0.9993413935223159
875063,0.9201922165371023
875064,0.1452467428095921
875065,0.20673312773440589
875066,0.6908818170397215
875067,0.9995068610849345
875068,0.052199102847492476
875069,0.998242326874507
875070,0.9997904892617113
875071,0.027823714294418957
875072,0.9959530108048633
875073,0.9936232255336486
875074,0.8531513216091579
875075,0.16665100744201614
875076,0.04246305230770536
875077,0.9996684228379926
875078,0.9982317991170006
875079,0.2700045862752786
875080,0.7358408827398334
875081,0.9959336395753808
875082,0.9298198761640585
875083,0.7707062780198803
875084,0.9999845155335111
875085,0.98305951277638
875086,0.9995561669569251
875087,0.9997223560784017
875088,0.7027827468416323
875089,0.9826432503654952
875090,0.011396649945489017
875091,0.9436350252613306
875092,0.999230541805306
875093,0.0054193709351882426
875094,0.7873129942522133
875095,0.8875512432269744
875096,0.9992566361517661
875097,0.41596392426406537
875098,0.9999898981861535
875099,0.9713583020364884
875100,0.999609403569506
875101,0.09731465146350479
875102,0.9998756301910416
875103,0.034727752958230114
875104,0.6232595728319272
875105,0.9995548282275611
875106,0.9877707316079113
875107,0.9999584386815561
875108,0.999847732290791
875109,0.979981655580463
875110,0.9413140203408966
875111,0.9999340687713012
875112,0.9502698626528062
875113,0.22080938517783721
875114,0.9070608614409779
875115,0.014850723444911632
875116,0.9944269238498522
875117,0.3612801970530729
875118,0.30884347296936043
875119,0.9765140524854022
875120,0.133375431668464
875121,0.7937295043797572
875122,0.9963874461577424
875123,0.8554515779092537
875124,0.9998918852911389
875125,0.9999669571981484
875126,0.9217767178054633
875127,0.9961352190811033
875128,0.9999064359416132
875129,0.4008919770774456
875130,0.11345209366657452
875131,0.9858511474837038
875132,0.06703106653067285
875133,0.9989475418091407
875134,0.3108274282148714
875135,0.7684420594134136
875136,0.17007676994948376
875137,0.9951866614616554
875138,0.10135793921855005
875139,0.9997253820767593
875140,0.02068539132643208
875141,0.05382974456665838
875142,0.8708313905290325
875143,0.5945066000006527
875144,0.32224839096000774
875145,0.9776268396029115
875146,0.7305979433067118
875147,0.022700164985448558
875148,0.99994726958087
875149,0.13945368799480967
875150,0.9800908069529624
875151,0.6963586332901797
875152,0.6206288346534832
875153,0.634790105027848
875154,0.9990490884625365
875155,0.9980075519360723
875156,0.9998232851620248
875157,0.891250422841792
875158,0.32321917513898857
875159,0.8244807547707436
875160,0.9999102367391521
875161,0.7213492990755149
875162,0.9998551543402042
875163,0.999699039345039
875164,0.5649308039245529
875165,0.9985544782544709
875166,0.46638810919366264
875167,0.9938102449687111
875168,0.9978803366609263
875169,0.9998465469709754
875170,0.9706173365764686
875171,0.9999529449007932
875172,0.9998205548146617
875173,0.9977116333331596
875174,0.999847093368369
875175,0.1667743112324692
875176,0.05595944864147109
875177,0.9999809422520207
875178,0.9939463298297806
875179,0.9937277506605728
875180,0.41432870332855576
875181,0.1965397629193202
875182,0.9935100533915509
875183,0.991978551440905
875184,0.9999498391101872
875185,0.961037241146611
875186,0.7011829634905609
875187,0.5022643103959685
875188,0.9999033293368208
875189,0.4753929885492601
875190,0.999794013203398
875191,0.8097945207412962
875192,0.717308656065904
875193,0.9861893324572464
875194,0.9982423478731295
875195,0.9998794953678041
875196,0.9999075433627405
875197,0.898597917298543
875198,0.06494370403396595
875199,0.9990500774832762
875200,0.27587355900157606
875201,0.78567167412452
875202,0.9986393674633445
875203,0.4419444422198793
875204,0.0652416227082117
875205,0.9991943265225419
875206,0.9505157411548661
875207,0.9679971884818287
875208,0.9644689092944054
875209,0.9996080704782455
875210,0.18135737303476215
875211,0.26682046990425545
875212,0.9999632029491269
875213,0.047646719328380695
875214,0.9817971653306763
875215,0.9915310712458537
875216,0.7966421219354756
875217,0.9998366322133339
875218,0.7086055724154297
875219,0.02245799237096214
875220,0.9956068258755255
875221,0.11219681451397127
875222,0.5664508200588904
875223,0.5060972351219741
875224,0.9950340393168233
875225,0.7703677625796594
875226,0.9811309394966045
875227,0.9997237852009887
875228,0.46795249005072387
875229,0.954361113639584
875230,0.988418064274353
875231,0.9998471053528382
875232,0.9999629194619013
875233,0.013876316389107714
875234,0.9963477874402831
875235,0.968604385722243
875236,0.6508817084139127
875237,0.9854213514369884
875238,0.9993555877979845
875239,0.9999699654445386
875240,0.9505560769864124
875241,0.8119655323346755
875242,0.28683586576388187
875243,0.9964851846741867
875244,0.6849224974312602
875245,0.0174108852459922
875246,0.9984416882749783
875247,0.8971230758824154
875248,0.8052910056750985
875249,0.9879112251629689
875250,0.6663893608263473
875251,0.2624674498243704
875252,0.06443543858293936
875253,0.6799250917794539
875254,0.455736910097281
875255,0.5829722872196573
875256,0.9712345184540462
875257,0.9997600647783609
875258,0.3633467997228829
875259,0.35794302409256384
875260,0.9991587365385716
875261,0.8208495074269107
875262,0.9998562563504942
875263,0.029778489418089492
875264,0.7723516301497125
875265,0.9995367915520207
875266,0.9935565018677438
875267,0.9970551115555168
875268,0.7286483391001678
875269,0.9996045658808819
875270,0.7249332556016134
875271,0.8986012115024871
875272,0.583207967684666
875273,0.9485817216717652
875274,0.9162634440034058
875275,0.9901163928201773
875276,0.997829852586579
875277,0.2170883611605522
875278,0.9998571526977758
875279,0.9501124355225599
875280,0.9992753854437435
875281,0.9563710510676251
875282,0.6856607192647439
875283,0.9982972627393989
875284,0.7128515804735801
875285,0.9927955870630516
875286,0.9998844788807785
875287,0.804064465985662
875288,0.009274445927306764
875289,0.30712600276622787
875290,0.6660174247983541
875291,0.9999887356329238
875292,0.608611384300315
875293,0.9415085005729185
875294,0.23726079052362767
875295,0.9375229871335355
875296,0.4557068349644715
875297,0.9953829206127436
875298,0.9996416409657259
875299,0.9983747591379821
875300,0.9118666140029175
875301,0.35014253587541627
875302,0.9712915126551771
875303,0.4297293909473878
875304,0.17429831248506714
875305,0.39343893923794127
875306,0.9541922394534836
875307,0.4217036635142325
875308,0.9999204110733437
875309,0.9990834889523244
875310,0.9138578105907407
875311,0.16239012476413855
875312,0.5727061938558158
875313,0.2938438889428305
875314,0.9892986893629517
875315,0.8700090046907518
875316,0.8625012360491426
875317,0.9798244476252945
875318,0.011147881126935056
875319,0.33814717763864327
875320,0.7847879669425037
875321,0.6826749490658658
875322,0.9870031097929165
875323,0.3348377815933407
875324,0.9996994600346025
875325,0.9978465140040657
875326,0.9845992573515414
875327,0.999642304467723
875328,0.40643836726523663
875329,0.9936820045576464
875330,0.15692579609164356
875331,0.9994213842200806
875332,0.021998859905743094
875333,0.06342373214072587
875334,0.6017141951515723
875335,0.8931358202692465
875336,0.5311667013459768
875337,0.9715438433726536
875338,0.9980130958230699
875339,0.0268364598611342
875340,0.1591773343922372
875341,0.8783196351715389
875342,0.9968385981373686
875343,0.9985779652614908
875344,0.9990682902241805
875345,0.05071471979507232
875346,0.03798642266635113
875347,0.0533974992745581
875348,0.993391903236674
875349,0.9999560077851276
875350,0.9806018982173073
875351,0.674109225466859
875352,0.99497042462125
875353,0.9993229899714691
875354,0.9886621307342183
875355,0.1392038294064531
875356,0.9995891420755697
875357,0.9997766677071498
875358,0.9979613161770273
875359,0.1583411148655038
875360,0.8776560748132101
875361,0.9986727854660289
875362,0.0028917291943486158
875363,0.9857519542767177
875364,0.18342996400987055
875365,0.7749011564488523
875366,0.3042932726225472
875367,0.2507379888566741
875368,0.9989547243553892
875369,0.9667370363499755
875370,0.36303795790919235
875371,0.613704524690709
875372,0.980612151563616
875373,0.0027060796636999753
875374,0.5201085636594382
875375,0.991171683502085
875376,0.9982074449388663
875377,0.35911512460819506
875378,0.999762308169002
875379,0.060058589495622185
875380,0.9986433051198425
875381,0.3040038365463657
875382,0.0071796089462278796
875383,0.9984795681107443
875384,0.9414225283766118
875385,0.994827145168353
875386,0.9915377958936131
875387,0.745593401601634
875388,0.9998856652147353
875389,0.9999347868352637
875390,0.9929205049605481
875391,0.9999453923614358
875392,0.9997184977076079
875393,0.8457473190403919
875394,0.999960007237337
875395,0.6222802311518583
875396,0.998184355898867
875397,0.9354115972658971
875398,0.651617130985157
875399,0.37210851198015515
875400,0.9921051646305734
875401,0.5861365038502403
875402,0.9994446390000817
875403,0.9871739639967361
875404,0.9996778592054107
875405,0.3157680987315518
875406,0.9595501418568477
875407,0.9790931652216793
875408,0.999935372819799
875409,0.9992746767705163
875410,0.9999881008342975
875411,0.906880871953039
875412,0.9983486764489437
875413,0.9963372457609895
875414,0.9945449586880148
875415,0.9999892112230384
875416,0.06687557492654422
875417,0.8289754520151653
875418,0.7240827659032466
875419,0.9907653747242626
875420,0.4334346380655661
875421,0.6777186835284541
875422,0.7335735238243076
875423,0.9999600205414977
875424,0.9946624639706645
875425,0.994512114743989
875426,0.9902756626657833
875427,0.9999562346200581
875428,0.9868256498887236
875429,0.9971047213914489
875430,0.9992099924066107
875431,0.8818193925656198
875432,0.9137297096629013
875433,0.05178919693168796
875434,0.9920069244291106
875435,0.998354118866232
875436,0.2807631283885981
875437,0.9998815419462048
875438,0.98866747684572
875439,0.9724840492969793
875440,0.9997585801350015
875441,0.9999920522667081
875442,0.9855125802172943
875443,0.01010947294048358
875444,0.9457984036787257
875445,0.11884038998262117
875446,0.9826902739186346
875447,0.9998537527697617
875448,0.8218859722840618
875449,0.9987031327658361
875450,0.39362104999887565
875451,0.9998317008518022
875452,0.9999820563010152
875453,0.03491153113713166
875454,0.9232611925662216
875455,0.19767180474552093
875456,0.6869170264834259
875457,0.9780245810370906
875458,0.7316615690138208
875459,0.7271474438153371
875460,0.4666071750532627
875461,0.2533415063096921
875462,0.8233811651987283
875463,0.9997247303858615
875464,0.32162967942207044
875465,0.9976821563771123
875466,0.9999833433671875
875467,0.48524367081507214
875468,0.9986066169863969
875469,0.8608363085349406
875470,0.9045217581350795
875471,0.9083688083006506
875472,0.9988641034025083
875473,0.9820927841408633
875474,0.11288845872479536
875475,0.043446543211269846
875476,0.8931986782584413
875477,0.9999409766748196
875478,0.07405544894722196
875479,0.29825258557364454
875480,0.9999740084046281
875481,0.45401177869468606
875482,0.9947072007687245
875483,0.7282259250966742
875484,0.9554211108080622
875485,0.06289615540136946
875486,0.3869327293490955
875487,0.9999803524947007
875488,0.9940525188835557
875489,0.9931200618951834
875490,0.08622568915018619
875491,0.21453479017970428
875492,0.9997789107644227
875493,0.9988298456039381
875494,0.9999199647446113
875495,0.1048805078562967
875496,0.9971503438669337
875497,0.9996857511115252
875498,0.285062567612386
875499,0.03541419063405314
875500,0.47534558817160705
875501,0.08828461239669524
875502,0.9999087025995798
875503,0.5460254847059343
875504,0.9942990393395281
875505,0.995678968733335
875506,0.9379999476667895
875507,0.9639589247375007
875508,0.35647174575986296
875509,0.9996639102712408
875510,0.03127021820658083
875511,0.21274616936984497
875512,0.18556394862192477
875513,0.9254592596934276
875514,0.9967774231372473
875515,0.9901255590936531
875516,0.09165581987585666
875517,0.3075690748626782
875518,0.2312052168119733
875519,0.9900523550222053
875520,0.9955860268449787
875521,0.910998205513734
875522,0.9791901230904412
875523,0.999446688841085
875524,0.9880881991393613
875525,0.9997621322558286
875526,0.9997235691933506
875527,0.21416579206559094
875528,0.9998233198749831
875529,0.9989087445390323
875530,0.6263866714925982
875531,0.19948487597522507
875532,0.9173318420783944
875533,0.9996867134283263
875534,0.6408723788580588
875535,0.9979543291762066
875536,0.007160593747461266
875537,0.9973409712310113
875538,0.9815752755124222
875539,0.9896588225928669
875540,0.9143365567219778
875541,0.9675402440643819
875542,0.11821917626735615
875543,0.15776253440507398
875544,0.9995657402253701
875545,0.9997054182346345
875546,0.48161824358596417
875547,0.1907871590254412
875548,0.6290661618484988
875549,0.11459782013994155
875550,0.8385287835700176
875551,0.7466685870649342
875552,0.9747338265913214
875553,0.27417708965750587
875554,0.9992332788541098
875555,0.9973169391985215
875556,0.9963176951772279
875557,0.9999769579045059
875558,0.8992836840241578
875559,0.2693874540475114
875560,0.010284776940414636
875561,0.584313670853822
875562,0.4559688787784242
875563,0.06514468584312581
875564,0.9001732581937734
875565,0.5365450474228006
875566,0.8263041859902431
875567,0.5053681065887033
875568,0.9997580081611704
875569,0.8182739614736443
875570,0.9993917217495079
875571,0.030695664844090705
875572,0.36849426083612374
875573,0.8343715191858732
875574,0.9031300757197185
875575,0.9878640846137932
875576,0.9999223939252133
875577,0.6306082992318878
875578,0.8252831820846913
875579,0.20381943044017342
875580,0.9996969604875287
875581,0.14053138240286756
875582,0.9980299525929002
875583,0.6521221975907464
875584,0.9995252842259793
875585,0.0209680088538335
875586,0.020581581879981766
875587,0.8982124044732044
875588,0.9986289346391
875589,0.8128849953158999
875590,0.14778243165290206
875591,0.8379162403747065
875592,0.4796318080977851
875593,0.9994547412101411
875594,0.7063592788098159
875595,0.8426857940835487
875596,0.9919198984488955
875597,0.8572564486481582
875598,0.4489661094572077
875599,0.570466119518432
875600,0.679583868203075
875601,0.9161502604563194
875602,0.129325101755296
875603,0.9973423205907181
875604,0.7063124414103344
875605,0.6304082424944782
875606,0.07937899720829811
875607,0.9948097846491327
875608,0.007869231656691969
875609,0.9999931930579713
875610,0.4863733759122923
875611,0.5444670130164228
875612,0.6633153887215575
875613,0.9969752314933916
875614,0.7220493353604285
875615,0.34446421486667994
875616,0.01023490560946329
875617,0.3642881790520751
875618,0.9973381682141569
875619,0.33674269036200055
875620,0.9986869325492114
875621,0.06337638289398351
875622,0.9713113730884768
875623,0.8345993400739927
875624,0.712733883905465
875625,0.7770600055141098
875626,0.8452457323837577
875627,0.20486907897543666
875628,0.9866729534485391
875629,0.43364021121987273
875630,0.198853285387255
875631,0.9988633751264624
875632,0.9935475598358944
875633,0.999993319356322
875634,0.03592894136506507
875635,0.021912630100615064
875636,0.1271646353292887
875637,0.691209106675563
875638,0.99988540421858
875639,0.028151916295381697
875640,0.8787250904643127
875641,0.9981589695151496
875642,0.999379592621703
875643,0.3177501502383574
875644,0.9991785878701974
875645,0.002233783524122248
875646,0.10719691822864666
875647,0.9997487686202955
875648,0.8242219690008772
875649,0.979839333880481
875650,0.43057781856953026
875651,0.9991467712831792
875652,0.3092683960205308
875653,0.9997746092788393
875654,0.9995512010119949
875655,0.7793322808728437
875656,0.9994614390208703
875657,0.6257059315837201
875658,0.9961467529653271
875659,0.7688668869799887
875660,0.9990851854287872
875661,0.9979508017922013
875662,0.3209454259061437
875663,0.9999289663160201
875664,0.9991748465787158
875665,0.1270621627061848
875666,0.9998782849067764
875667,0.5524880641125929
875668,0.9934942551882929
875669,0.7909726858868253
875670,0.29229350756849565
875671,0.7417291286282095
875672,0.9977997470986473
875673,0.8920445123650617
875674,0.11166428720027845
875675,0.9020692847888792
875676,0.058980059273930595
875677,0.9967187685877517
875678,0.9991613634168013
875679,0.3335037353193889
875680,0.9936144564107043
875681,0.17749046981752276
875682,0.031381243890694674
875683,0.05107784819536372
875684,0.9896044102032217
875685,0.9999278573673116
875686,0.046188959821269915
875687,0.05487455425719048
875688,0.2772074688303452
875689,0.9996919198379485
875690,0.9969619082401527
875691,0.9674976116736278
875692,0.9855502082758834
875693,0.9843019525007555
875694,0.9737481831822633
875695,0.9997839201911458
875696,0.9118627211423552
875697,0.9962186794744603
875698,0.757374225846354
875699,0.9819429991345703
875700,0.9979211228562941
875701,0.9191618458235316
875702,0.9963285441225406
875703,0.999575918727182
875704,0.41030201427384866
875705,0.0606103486569782
875706,0.006213321238788141
875707,0.8346011010640155
875708,0.9944720547324211
875709,0.021067872770222318
875710,0.7822640406828884
875711,0.9994756138542138
875712,0.999958667686808
875713,0.9998311211467233
875714,0.9960638951091335
875715,0.9986355698541083
875716,0.43223219662963663
875717,0.7677647254839457
875718,0.9998115077725865
875719,0.9404399137540695
875720,0.9999279818030266
875721,0.5247033346155114
875722,0.21088569746138852
875723,0.9994022084788825
875724,0.6367619791858556
875725,0.9993013791073941
875726,0.024253005711471466
875727,0.6007275008748476
875728,0.9999671545026276
875729,0.7343399643051669
875730,0.9994666895569057
875731,0.7243340222815154
875732,0.8830675042125672
875733,0.03829376627580424
875734,0.8558604518175772
875735,0.9999478487193965
875736,0.5569453402976969
875737,0.9924368233577453
875738,0.9813519112170086
875739,0.40560655742765017
875740,0.7918481905558004
875741,0.9995464465822328
875742,0.9953800994144875
875743,0.9996621828978153
875744,0.9999654530138571
875745,0.034381943001113205
875746,0.9822605879719642
875747,0.49041293846328343
875748,0.003381173025873486
875749,0.14664708591485007
875750,0.056949304758464714
875751,0.029441233159617792
875752,0.011907644496073627
875753,0.9329122764360445
875754,0.9995513373815901
875755,0.07828650928904814
875756,0.8812548952585708
875757,0.7518338822231421
875758,0.7377105184268666
875759,0.9998421985521736
875760,0.009436088750825244
875761,0.9999884911942041
875762,0.9862200433911975
875763,0.01763616690038939
875764,0.6277035373574809
875765,0.918774011563861
875766,0.7640095979034351
875767,0.9994222230473657
875768,0.9760968046958154
875769,0.9998707163834569
875770,0.9960922323872741
875771,0.0664628191897034
875772,0.9992217560871326
875773,0.12990964469452637
875774,0.9997346688741444
875775,0.9198904838519973
875776,0.04130649806057542
875777,0.9983081509873445
875778,0.03847436383341658
875779,0.46638552070871286
875780,0.06834978690415688
875781,0.9513962571145307
875782,0.9958515612023048
875783,0.9990191498279457
875784,0.9998912210918416
875785,0.44572568462232987
875786,0.9965129882546262
875787,0.11361624981375808
875788,0.5698730244945688
875789,0.9392479307021114
875790,0.7142580116050904
875791,0.9938607631796148
875792,0.09037336961428936
875793,0.9148145821316549
875794,0.9005013785222438
875795,0.10288380062584926
875796,0.10674354272317807
875797,0.9676500310694934
875798,0.6463052706199459
875799,0.9998534870753311
875800,0.5552406787901395
875801,0.47226624321986105
875802,0.5106925137153135
875803,0.05763839500078527
875804,0.9981211487919011
875805,0.9812114831984371
875806,0.8070661310751679
875807,0.5871943950399715
875808,0.012571017310144546
875809,0.4303590457762058
875810,0.8466815070275118
875811,0.47176316818261815
875812,0.654068052074766
875813,0.006526817393892874
875814,0.05697200758339528
875815,0.9999293221214531
875816,0.025657464636514853
875817,0.21803414216084954
875818,0.8321687823575261
875819,0.9567818526973911
875820,0.927468629915547
875821,0.9999561512420785
875822,0.9987715225787878
875823,0.0597626438520496
875824,0.1625943588973049
875825,0.9959382625213682
875826,0.44201231994178053
875827,0.5619796587392905
875828,0.46877077895991504
875829,0.17235612934159997
875830,0.6858187341310975
875831,0.9946410078842635
875832,0.5259863395067339
875833,0.978051205045581
875834,0.4812802763235484
875835,0.9998301615158016
875836,0.9992896931954687
875837,0.999781310784283
875838,0.7462350612767013
875839,0.4849171474969972
875840,0.15830206388334295
875841,0.8943484027151009
875842,0.999054675857312
875843,0.9974399844290002
875844,0.7858052298284326
875845,0.9997784116260992
875846,0.9984515790574837
875847,0.9999666658513381
875848,0.9999855949288734
875849,0.7605485718380236
875850,0.005666996903455527
875851,0.6905940112933938
875852,0.051665755680560595
875853,0.4668132384253376
875854,0.9930993523242228
875855,0.2593642453226389
875856,0.23512933254668494
875857,0.9999073911640437
875858,0.9997212078194719
875859,0.4223649298696497
875860,0.9999096811564891
875861,0.9789014179526581
875862,0.6664966083557327
875863,0.8783653285326865
875864,0.49607084226125414
875865,0.9996126719493235
875866,0.978490552855943
875867,0.9981669597747027
875868,0.91622695934949
875869,0.9958721431458735
875870,0.6084553784881261
875871,0.8075345067976452
875872,0.9994735265867478
875873,0.9998823671753969
875874,0.9999638403344702
875875,0.05303645569076243
875876,0.267645882529046
875877,0.775973081052029
875878,0.9999673137556572
875879,0.9926210578975194
875880,0.0024685909476838373
875881,0.04263188401421389
875882,0.11639675726648094
875883,0.9024589246020087
875884,0.05039854387861077
875885,0.9999260238214454
875886,0.9993922988031869
875887,0.9029379018823499
875888,0.9971587486451083
875889,0.9864470740907082
875890,0.7802188352472355
875891,0.9575010040985359
875892,0.8965249687802066
875893,0.01698301990987403
875894,0.00851114607040311
875895,0.9501533304114881
875896,0.8101772025775402
875897,0.9999538094030538
875898,0.9980929346498202
875899,0.17629513140131176
875900,0.10154409520088192
875901,0.9016267538972673
875902,0.9998876738897888
875903,0.9994429127920466
875904,0.3663594349722671
875905,0.9996792346353064
875906,0.9996919561819015
875907,0.9032081501010912
875908,0.18403560526823304
875909,0.9847055795780318
875910,0.9999841703219909
875911,0.9928742932991674
875912,0.898172401876963
875913,0.8457863069337793
875914,0.9930306632495871
875915,0.4205006275533665
875916,0.9907312240652199
875917,0.27056076820869585
875918,0.7464955828049297
875919,0.9995841756620729
875920,0.021613215916707028
875921,0.9823172811812872
875922,0.6375670504220764
875923,0.9969336206809019
875924,0.7718148081785385
875925,0.9937038546999974
875926,0.8416372676052313
875927,0.3629410959439989
875928,0.9962206881792548
875929,0.9997419099068332
875930,0.8248323477136291
875931,0.9841680295129192
875932,0.9569437725639949
875933,0.9998035672406584
875934,0.019093216123728916
875935,0.9998653470783707
875936,0.9997132427653435
875937,0.7400642758983155
875938,0.9978854531611547
875939,0.9997725245924162
875940,0.013010786870555948
875941,0.9968467226114112
875942,0.9932024694440891
875943,0.9975729418163759
875944,0.9991410518607584
875945,0.9922491929567179
875946,0.9872247412216026
875947,0.9984057788033089
875948,0.7671964482365039
875949,0.998232050373952
875950,0.9997642622770683
875951,0.9995935872720809
875952,0.9962166608320366
875953,0.9603613441000043
875954,0.9998693440738409
875955,0.030043503552825333
875956,0.3657180308076292
875957,0.05388663263105302
875958,0.3093344262406089
875959,0.48166055708716093
875960,0.9885064353375026
875961,0.9960466541293744
875962,0.1681888629000644
875963,0.9998656730401108
875964,0.9999076929133592
875965,0.9988933406155018
875966,0.903927079740823
875967,0.9905960527554974
875968,0.6501288605467328
875969,0.9728428608415558
875970,0.15054050214835546
875971,0.9998123758528812
875972,0.013431374824155965
875973,0.7932884492998012
875974,0.014993497103534871
875975,0.9905419482952365
875976,0.999919602021643
875977,0.9992695136812513
875978,0.18936500973063372
875979,0.3543783235118672
875980,0.060577041722898434
875981,0.10274670206687717
875982,0.29222962541863073
875983,0.0862782140828749
875984,0.9999382266086325
875985,0.9989216927555403
875986,0.7750387553323208
875987,0.9992339634837639
875988,0.9979558490912526
875989,0.012115099774574074
875990,0.4002599793775069
875991,0.8625260788013789
875992,0.9992503377737695
875993,0.9992192789234693
875994,0.5664056643947306
875995,0.1961678912501016
875996,0.9972213037539668
875997,0.8132349777737958
875998,0.9841416858907668
875999,0.9998473554972687
876000,0.776248202725732
876001,0.7074649209858537
876002,0.7956111336847391
876003,0.9996701435094584
876004,0.7647723536775526
876005,0.144182451954459
876006,0.8176578302939135
876007,0.7190611387364205
876008,0.9998867487708485
876009,0.7060918587032721
876010,0.6601761579745569
876011,0.9990114962598677
876012,0.9903284384934161
876013,0.047951868900107164
876014,0.3524813352342994
876015,0.9998357276248105
876016,0.3002816885673373
876017,0.9984329839997731
876018,0.05251464963611499
876019,0.5234173765332403
876020,0.9999874628779541
876021,0.014401223251998024
876022,0.11649673975376892
876023,0.13280016718300092
876024,0.9994949344284764
876025,0.5485568070303447
876026,0.9771108898941206
876027,0.9836841009440134
876028,0.04356310999410806
876029,0.10647724972327643
876030,0.7968592627347609
876031,0.6482992717416323
876032,0.8103574585135469
876033,0.9990444560629737
876034,0.1282415720193402
876035,0.1191228643457374
876036,0.9986362589709703
876037,0.9998476175067688
876038,0.9945560232163353
876039,0.5937399580902507
876040,0.9998005133218405
876041,0.8611537796254525
876042,0.9995809523734791
876043,0.7075328421895284
876044,0.33458718677204635
876045,0.11636312315291425
876046,0.9998821374942469
876047,0.0938650553129184
876048,0.4138120603032077
876049,0.9461427327550213
876050,0.8586696266579843
876051,0.10983006426898131
876052,0.021182982282833322
876053,0.9998908923736469
876054,0.9998581604494787
876055,0.037766742788563304
876056,0.9997934864545612
876057,0.9999377416992455
876058,0.997638808074284
876059,0.2444187004449626
876060,0.9998953171250475
876061,0.6569719753040157
876062,0.00656785654621586
876063,0.03496127247170227
876064,0.6025236036960201
876065,0.2205484924393789
876066,0.6697039954732666
876067,0.963897218282131
876068,0.8726942295488532
876069,0.9998682892136623
876070,0.12246177106150355
876071,0.5687380841896358
876072,0.20994405049279108
876073,0.9999439702047075
876074,0.763436381922564
876075,0.4254928116287975
876076,0.07155291847340312
876077,0.800050700930867
876078,0.7856268886297864
876079,0.2489925515768603
876080,0.9988501893999522
876081,0.9999427182903189
876082,0.010090957569832613
876083,0.9348337868486352
876084,0.9977468966683525
876085,0.5117556623271738
876086,0.0016867166281719706
876087,0.9997241967187821
876088,0.9444971528048046
876089,0.38663376842723957
876090,0.9750452897199983
876091,0.9749378059015151
876092,0.9807673857745505
876093,0.9938738637989869
876094,0.9999531403593016
876095,0.9998418702503136
876096,0.9998642885541846
876097,0.34792588910649597
876098,0.999629830883646
876099,0.9998806571867014
876100,0.5588623024788802
876101,0.026281678148953238
876102,0.8314882577927507
876103,0.983861753402606
876104,0.7990202756523064
876105,0.9919767947831456
876106,0.2362826155482899
876107,0.9977865858433825
876108,0.7731150455149783
876109,0.04283626308569234
876110,0.9998167377744797
876111,0.9993623144428605
876112,0.02354791428077093
876113,0.9947975658428854
876114,0.9997251719732462
876115,0.9662418594527218
876116,0.999740370315391
876117,0.995502152437941
876118,0.9917100085866832
876119,0.7756035298024557
876120,0.9901657443563003
876121,0.9999682246289354
876122,0.9995805080215929
876123,0.3645822194807879
876124,0.7085848198376621
876125,0.9850584428832504
876126,0.972380346483016
876127,0.788626509547913
876128,0.9628140417203253
876129,0.7724037148472443
876130,0.9478391501204373
876131,0.23482116281761586
876132,0.2497033896172607
876133,0.0062280922537981745
876134,0.47335152415650206
876135,0.890359340125161
876136,0.8645323655008557
876137,0.42632435429270904
876138,0.9980577095790915
876139,0.9774222502151512
876140,0.01512920887080657
876141,0.2523479665708957
876142,0.9986542375807406
876143,0.6320279305602898
876144,0.9993080112666344
876145,0.9996684771371112
876146,0.8551262282515235
876147,0.914628431729247
876148,0.38933123274143555
876149,0.9996314463915618
876150,0.19868828751222573
876151,0.7601916601360292
876152,0.4013752793326815
876153,0.9986066689960716
876154,0.9327796230927141
876155,0.999920608484253
876156,0.36742177299141054
876157,0.59904790738471
876158,0.14892737285853902
876159,0.007891908666553309
876160,0.3813568510278269
876161,0.054535070753576255
876162,0.3435356320775852
876163,0.9996936915376666
876164,0.9988251790549814
876165,0.03947692110315554
876166,0.9999806983563055
876167,0.11519169470758421
876168,0.9999716924047457
876169,0.10598662859216466
876170,0.7944340173066424
876171,0.6976008695951871
876172,0.9954787050138517
876173,0.8637501173818627
876174,0.7393663528694856
876175,0.9994931298347319
876176,0.921245042555532
876177,0.9862165374375853
876178,0.19467083666748466
876179,0.0711539744542974
876180,0.9570379829883031
876181,0.34350232585014806
876182,0.25075639371861697
876183,0.9997695649025303
876184,0.9929898819103951
876185,0.1573887876973062
876186,0.20425318062526782
876187,0.9739804742764596
876188,0.9997886665446589
876189,0.999872185910007
876190,0.9992079829403588
876191,0.6239102603347184
876192,0.010149483073602522
876193,0.999565999128448
876194,0.9999695713396715
876195,0.9987876341900982
876196,0.7527262058152097
876197,0.999342637504556
876198,0.7105514355959153
876199,0.9999386806536412
876200,0.99165803406926
876201,0.5658126289401223
876202,0.4357492438672281
876203,0.4507186013339375
876204,0.6384313051949692
876205,0.9704099701590653
876206,0.016013622166110304
876207,0.9704678122683748
876208,0.9997702093648894
876209,0.9969209423007699
876210,0.8573408069990862
876211,0.6753139088730652
876212,0.9999619242339108
876213,0.8788006965132341
876214,0.9998840778131224
876215,0.11928111829406365
876216,0.9971322992961452
876217,0.06754312684296149
876218,0.9988291041164495
876219,0.24224082117548484
876220,0.6044963381013965
876221,0.5602552121035071
876222,0.9999110354102179
876223,0.9994244095172233
876224,0.9549512529161164
876225,0.10679392073207247
876226,0.999550302739521
876227,0.999048954173464
876228,0.9989951483684554
876229,0.6242687283016979
876230,0.9949477235465363
876231,0.9999691150709231
876232,0.5133958942754362
876233,0.7992351453277475
876234,0.02732319440639641
876235,0.9470521476735603
876236,0.6949515536383799
876237,0.8418287739224188
876238,0.99994396168871
876239,0.9878269031610273
876240,0.6366502651415533
876241,0.9729984550205264
876242,0.0328816862501306
876243,0.9999011687853732
876244,0.6580635621562818
876245,0.07364417287881792
876246,0.999973702916689
876247,0.9987357155631865
876248,0.9868247418321365
876249,0.9995258681481234
876250,0.02525853111942908
876251,0.2452995741266703
876252,0.467369179203303
876253,0.6052106184559956
876254,0.5401101606068002
876255,0.4939266698939109
876256,0.5397691572396957
876257,0.986231169055325
876258,0.9995617283239718
876259,0.07833767155240569
876260,0.7518011223865245
876261,0.8375443858036196
876262,0.2559895111011865
876263,0.016420097853885336
876264,0.5787049062972093
876265,0.690696582735555
876266,0.3970978377190651
876267,0.9962354903952337
876268,0.7935774828477438
876269,0.007056322581414191
876270,0.03009135819485257
876271,0.5463046659838684
876272,0.9999542006567201
876273,0.8527829615849676
876274,0.9547787263932037
876275,0.02040081019614232
876276,0.999301508886375
876277,0.9999873559986352
876278,0.8171438381918508
876279,0.039163136981359335
876280,0.9998724975679838
876281,0.5021505001178581
876282,0.5829677405849384
876283,0.997014157552014
876284,0.9999828659423821
876285,0.9547885636278979
876286,0.42562117693171164
876287,0.8622105353456222
876288,0.9990325785258176
876289,0.9993470402525996
876290,0.07620914990160542
876291,0.30407786019388355
876292,0.5498703473458447
876293,0.3467847174608942
876294,0.756085565181767
876295,0.9998969148312489
876296,0.9988384617447681
876297,0.9989475682246662
876298,0.3473986391218278
876299,0.9999123862198604
876300,0.9993640956133545
876301,0.9999350690668457
876302,0.034855761085414716
876303,0.9999781434345396
876304,0.9750560104266002
876305,0.9996578446790404
876306,0.9997515505540557
876307,0.23409834430963394
876308,0.9963211661852334
876309,0.979285948378484
876310,0.6408253917131506
876311,0.2129472249896456
876312,0.9993859153521131
876313,0.9999260533783042
876314,0.9997043864579888
876315,0.7734709769664052
876316,0.99260404668179
876317,0.9363304069710051
876318,0.9857183728186133
876319,0.10524266989925371
876320,0.9986251278462009
876321,0.7935216850498663
876322,0.9994209643704481
876323,0.24686678881028568
876324,0.9963380665473699
876325,0.9997726270650527
876326,0.3321148890570286
876327,0.0617702842927428
876328,0.9210911829211679
876329,0.07804696215139167
876330,0.9997350368630141
876331,0.9245798822813074
876332,0.2644625024920986
876333,0.9998307942898772
876334,0.5297333526287068
876335,0.977241977087203
876336,0.021040518466154356
876337,0.986820845779765
876338,0.9999593289105322
876339,0.03396823291736883
876340,0.9984940894358383
876341,0.05724195690814196
876342,0.9975850204755734
876343,0.9935284045683346
876344,0.7616271344763268
876345,0.9980222188887841
876346,0.9998028080218195
876347,0.18808774244876522
876348,0.9998718427246109
876349,0.12681506155788932
876350,0.8955671926236723
876351,0.6304548492888254
876352,0.006827123345905363
876353,0.5827340171617457
876354,0.9993247990776597
876355,0.3158030836148046
876356,0.99983677084998
876357,0.9542022510493786
876358,0.018021461721544268
876359,0.9954391429183087
876360,0.31249532676968467
876361,0.5760417287705683
876362,0.9998539455761226
876363,0.9834447879433902
876364,0.9995675726256159
876365,0.9751146715460397
876366,0.9988191938085573
876367,0.29495340362430433
876368,0.027442611169095583
876369,0.9979337233377721
876370,0.9996572846341776
876371,0.4282645127290105
876372,0.7204922934553633
876373,0.9995099489717373
876374,0.9999591955757805
876375,0.8030514370557025
876376,0.9032263041019513
876377,0.9747343369668626
876378,0.971491692588156
876379,0.05977512024127511
876380,0.9992983108091158
876381,0.03379438695179286
876382,0.8997531444962104
876383,0.8207062402484604
876384,0.9999202726107312
876385,0.9510642293758281
876386,0.9997981738456103
876387,0.06457171048224107
876388,0.9998425189151391
876389,0.34009512641951295
876390,0.023074630395460975
876391,0.9909047114032941
876392,0.4441659728514974
876393,0.9987553774715023
876394,0.05474754313824105
876395,0.9999295434690392
876396,0.8366707600181554
876397,0.014080203022902561
876398,0.962366349587921
876399,0.9997269620839311
876400,0.498748341474647
876401,0.6394191046703971
876402,0.38943414398368315
876403,0.7177687091466309
876404,0.07575896857970138
876405,0.6407249244808502
876406,0.9415213911409317
876407,0.9998513005883995
876408,0.999441506985931
876409,0.9995997287536673
876410,0.9413308437914019
876411,0.7238649974554093
876412,0.9994389794244826
876413,0.05141352018475718
876414,0.8125221085662071
876415,0.9963924795800793
876416,0.9948624891363509
876417,0.8182188180891626
876418,0.255810483764719
876419,0.9973729929965622
876420,0.9223214021996667
876421,0.9956209833937382
876422,0.05981629727367158
876423,0.9341001969940094
876424,0.4986327862728549
876425,0.9992899137879648
876426,0.9992815155167509
876427,0.9998128006972236
876428,0.9951275907904744
876429,0.5405143031090177
876430,0.2400887801367284
876431,0.9997565589349602
876432,0.8141718885496672
876433,0.9429891933193774
876434,0.24129160911698783
876435,0.128602461420793
876436,0.9959700841311276
876437,0.24310125020933435
876438,0.9544918970793204
876439,0.9173230655817697
876440,0.5378834674078943
876441,0.9997609629826592
876442,0.9654146249096831
876443,0.6894405074227208
876444,0.9999174538392347
876445,0.7090910439134518
876446,0.6084264091202538
876447,0.015061323475568808
876448,0.9996300700885148
876449,0.983230196795673
876450,0.11706020955633778
876451,0.032316237637756276
876452,0.9997784767405785
876453,0.4492001496073921
876454,0.9492879067238826
876455,0.7988943822518668
876456,0.9970705310688083
876457,0.30023945612676906
876458,0.9929791845223381
876459,0.9983111632668962
876460,0.952757729918091
876461,0.9994250717258464
876462,0.8615257000750278
876463,0.9998292736040879
876464,0.08329302195930878
876465,0.9957871188767071
876466,0.7537922556944321
876467,0.9987565609617887
876468,0.9999806221101131
876469,0.5064003205158243
876470,0.5760768846268702
876471,0.9983415420943543
876472,0.7909114952693181
876473,0.40101257519858124
876474,0.5123238832949754
876475,0.9965835949222845
876476,0.9963012793430828
876477,0.1841666452078406
876478,0.9260944019711665
876479,0.9991112190952383
876480,0.982022624973057
876481,0.9997914671722548
876482,0.8330477629664382
876483,0.9995276979841953
876484,0.6009988029722886
876485,0.9456704216444962
876486,0.1154511987535706
876487,0.2532060321577507
876488,0.39343956459433893
876489,0.29256570977182983
876490,0.9999917180174195
876491,0.6018830105183307
876492,0.40790505657961673
876493,0.9995650579974793
876494,0.9991488227647604
876495,0.9994106339255729
876496,0.996722198285275
876497,0.9711905586858043
876498,0.9926215607728015
876499,0.9957740255310428
876500,0.764442882017347
876501,0.993446355446288
876502,0.8296906449126589
876503,0.852837274667144
876504,0.9997747953951363
876505,0.9512556721615384
876506,0.9962825434251321
876507,0.23860906133843457
876508,0.989651486478661
876509,0.3295370378209285
876510,0.7011590566394545
876511,0.9804933222874621
876512,0.5920464426186739
876513,0.2333928743985479
876514,0.592488253262575
876515,0.22622152361265566
876516,0.2737659813506537
876517,0.9015441687386458
876518,0.1721640989839392
876519,0.9919062462327881
876520,0.9985915280756834
876521,0.029069237643254968
876522,0.9995185720294685
876523,0.5630493195666323
876524,0.05320908803358622
876525,0.9966830792456418
876526,0.14803006853683423
876527,0.6461850032343066
876528,0.9999950972060405
876529,0.2534123774734152
876530,0.00925808266950445
876531,0.9931974066413144
876532,0.8767652459650728
876533,0.9999733470889343
876534,0.8843935239684318
876535,0.9433806933470104
876536,0.999446329106112
876537,0.9999789897890348
876538,0.9982396545487008
876539,0.9967476839313709
876540,0.9996626988571834
876541,0.9997207096471978
876542,0.993625212909686
876543,0.8873400081447153
876544,0.8103047317745188
876545,0.9993489897166329
876546,0.9932951318150176
876547,0.09165111487180305
876548,0.9982635071867041
876549,0.7139847470081851
876550,0.9994577678755887
876551,0.45959697790727855
876552,0.7095115008213368
876553,0.8514706278919206
876554,0.05167357760688164
876555,0.8454974304582056
876556,0.7064879357686338
876557,0.996057941097378
876558,0.06471014535721893
876559,0.9976879890769004
876560,0.999944819465759
876561,0.33987929560995356
876562,0.3748997034036446
876563,0.02724434732972717
876564,0.4382669937998317
876565,0.6653126436959014
876566,0.9995318129469464
876567,0.9411569455953495
876568,0.9986081613534159
876569,0.08985630294508308
876570,0.9996684113166273
876571,0.806405282432836
876572,0.9979787367631585
876573,0.8716736789093218
876574,0.27074611543234905
876575,0.9276142764034649
876576,0.9998982585718225
876577,0.013081807665888064
876578,0.03118336354360384
876579,0.8899850393569013
876580,0.9999795900394423
876581,0.9046512022753908
876582,0.7288403805759951
876583,0.9910876581945418
876584,0.9997731194216456
876585,0.476088690487969
876586,0.9959550048197929
876587,0.963013658842255
876588,0.9999370817847655
876589,0.0036786164573183507
876590,0.93599050163208
876591,0.9961708795864576
876592,0.24198120415607793
876593,0.9974879831429342
876594,0.996330946778885
876595,0.9308379671707026
876596,0.9840540705740689
876597,0.8405704703115839
876598,0.27533247455614895
876599,0.9874242539998437
876600,0.324974024913429
876601,0.9992480411287545
876602,0.9063278524321654
876603,0.9716509483929824
876604,0.9984342269888058
876605,0.9998710386544059
876606,0.7171783118105373
876607,0.9999351834283718
876608,0.2972014225166841
876609,0.5594939400265624
876610,0.985305462858769
876611,0.9999045309822594
876612,0.24184702217222073
876613,0.38081110710611965
876614,0.40296811717864395
876615,0.11976467547386133
876616,0.5251085758041582
876617,0.6469353350026178
876618,0.9692362606814177
876619,0.9998931841292801
876620,0.9994509205541889
876621,0.9858557422992342
876622,0.5465442195068628
876623,0.28790137822458023
876624,0.3044327535786645
876625,0.9094064639735122
876626,0.026042361526034778
876627,0.6627115211532679
876628,0.9496027899767692
876629,0.2422351922362404
876630,0.9700683647332389
876631,0.8377277287896046
876632,0.9120584350852288
876633,0.9885093398249023
876634,0.002498792114758582
876635,0.9966946296858178
876636,0.9999597168606853
876637,0.01678284512138573
876638,0.9999753644635441
876639,0.7200392840940226
876640,0.8080192913821475
876641,0.3252044101143572
876642,0.01738436158482527
876643,0.9629978852228591
876644,0.0622192480176508
876645,0.999870378964888
876646,0.9990636727457121
876647,0.9977585079936543
876648,0.9939705671576455
876649,0.881811228453112
876650,0.9988729221829019
876651,0.8819723004409751
876652,0.5733801121245397
876653,0.9997501366087784
876654,0.9994254725488085
876655,0.9995811260568844
876656,0.017264988207387016
876657,0.9496115434451722
876658,0.9961098899589065
876659,0.7620039367782665
876660,0.14960663277304373
876661,0.9977052272937832
876662,0.7558622837474234
876663,0.9999174815255876
876664,0.10190085399676728
876665,0.793569375589718
876666,0.018991260084621722
876667,0.022659802010139847
876668,0.5707762777808242
876669,0.999922478059011
876670,0.9999296514259497
876671,0.9183177621058607
876672,0.9986808848960667
876673,0.9999459115741854
876674,0.9996936801528292
876675,0.023005554923751073
876676,0.9998180303969708
876677,0.9336134041258887
876678,0.9534144774064983
876679,0.9261486822434202
876680,0.9995537188211888
876681,0.15208500668859082
876682,0.9293421716061603
876683,0.9874263975382187
876684,0.7256042694065084
876685,0.9630460139749215
876686,0.5280897851586382
876687,0.9780635605823638
876688,0.0906727658158973
876689,0.03564172246001522
876690,0.010948307351408983
876691,0.9998724429955634
876692,0.9994123478751838
876693,0.142471500774606
876694,0.19671582936998067
876695,0.9411167751296203
876696,0.9999655923385257
876697,0.5812146176334445
876698,0.9616405299786479
876699,0.9604296681356611
876700,0.043750729753110014
876701,0.30005484273211375
876702,0.9999495823160034
876703,0.6690715278489882
876704,0.9953957947380943
876705,0.9998735973325508
876706,0.999663050085585
876707,0.9010265247411744
876708,0.9685175656426832
876709,0.9989685796372028
876710,0.6639767369837921
876711,0.37475573080887936
876712,0.9983742059204266
876713,0.9995724783882591
876714,0.008569151847694807
876715,0.9993828450915613
876716,0.4431445862380201
876717,0.5004430702843706
876718,0.9366436799697657
876719,0.9995094577784928
876720,0.8345734665053857
876721,0.6562033612056736
876722,0.9992713282577548
876723,0.9857175108232741
876724,0.9971471104417808
876725,0.9982477012563679
876726,0.9966444458463679
876727,0.44695449921756336
876728,0.7774860258229944
876729,0.09726522002579487
876730,0.9997416232204048
876731,0.8531560815186943
876732,0.6718943854332613
876733,0.06981791305398932
876734,0.3176645124186835
876735,0.8199782765615925
876736,0.9082412334514067
876737,0.9998346879575067
876738,0.9970406887291178
876739,0.5668859962262198
876740,0.06004127611427455
876741,0.903567279237826
876742,0.9516383781544364
876743,0.9696590997687365
876744,0.9995853399669428
876745,0.1662513483166645
876746,0.9977032599871906
876747,0.4390369449608719
876748,0.9317173898864155
876749,0.9986371368320669
876750,0.9938366794647285
876751,0.7555045134798429
876752,0.5913047814798456
876753,0.04876656189637561
876754,0.20993987971989014
876755,0.06854882508724133
876756,0.9357467019229044
876757,0.6547001415813688
876758,0.06764245788184087
876759,0.9525215556647375
876760,0.7970601924971781
876761,0.037943711603255006
876762,0.9436221298443448
876763,0.8996600535234665
876764,0.9998464935216523
876765,0.8699641731718084
876766,0.00266738521669517
876767,0.9969492873931995
876768,0.31754775641473887
876769,0.5035384285226816
876770,0.6990429496760602
876771,0.8316999531424889
876772,0.997985170922296
876773,0.04634984103697547
876774,0.9858618189563034
876775,0.8436632972465281
876776,0.9976603943188538
876777,0.5952942662538079
876778,0.9980233922404469
876779,0.993636942727259
876780,0.9998306588976165
876781,0.6788598659733416
876782,0.9996920091713319
876783,0.07624228716871279
876784,0.9999879490410429
876785,0.004734622542834344
876786,0.07064990665232167
876787,0.9901462747316963
876788,0.0560778278650769
876789,0.9871136462741352
876790,0.9956948148865181
876791,0.9909426525695448
876792,0.9952609392033318
876793,0.3022488511017496
876794,0.879540271782183
876795,0.09429532381827112
876796,0.998162514892864
876797,0.9979275165927222
876798,0.9163340486094536
876799,0.99974958484842
876800,0.9996202314663427
876801,0.9997684812457373
876802,0.22889016794131478
876803,0.898258668543725
876804,0.33404599807734425
876805,0.5739511496633376
876806,0.827597815665893
876807,0.9885833009087984
876808,0.27015950106524306
876809,0.5621276536072618
876810,0.9984033518877568
876811,0.9945104842308057
876812,0.9996660273060588
876813,0.9971597438150203
876814,0.9469368667434047
876815,0.870542458462322
876816,0.5198429502774792
876817,0.999988781547783
876818,0.722641274272831
876819,0.22232340594528507
876820,0.2793301553096985
876821,0.8694686352389402
876822,0.08170310536881295
876823,0.06599676287538736
876824,0.9950166380246479
876825,0.9543477530979547
876826,0.9859147293385492
876827,0.9883994360963533
876828,0.8057467548716069
876829,0.6437579487953479
876830,0.8840285068609885
876831,0.19725608357056953
876832,0.9971688887602328
876833,0.999779401911933
876834,0.8029361353403955
876835,0.9463586325845753
876836,0.8705200198552047
876837,0.9987609403498069
876838,0.025355733740644613
876839,0.7046315198414226
876840,0.7777394787805274
876841,0.9788872708769685
876842,0.7450222234108079
876843,0.9998656595362627
876844,0.9662613822140077
876845,0.9270895958917481
876846,0.9989813775436562
876847,0.9851082711008654
876848,0.41376515877085795
876849,0.9476245183666482
876850,0.9978611609084365
876851,0.8809600619621938
876852,0.863024056206015
876853,0.9987472518076975
876854,0.9992153729523237
876855,0.4622131342910946
876856,0.8074660184735307
876857,0.9927290992258899
876858,0.9978166965928337
876859,0.9364940045770294
876860,0.9906256112798614
876861,0.8626342356932218
876862,0.9904785814361892
876863,0.9999539702262954
876864,0.11631058616192291
876865,0.07535045438172341
876866,0.9996868983306889
876867,0.4767669851979438
876868,0.9999816117432919
876869,0.6933150520292479
876870,0.17565897917280837
876871,0.09959997540834498
876872,0.9973971621695827
876873,0.022580893813602315
876874,0.10545168375708601
876875,0.0792211917393202
876876,0.9998642596732585
876877,0.9991300907808316
876878,0.2848656101081102
876879,0.08600440629290557
876880,0.947318777409613
876881,0.9998282501647189
876882,0.9728942045968425
876883,0.9968426346746325
876884,0.9571695727634251
876885,0.2149239190858996
876886,0.9987952851398246
876887,0.9965515625474827
876888,0.9971295499165804
876889,0.03344305949167726
876890,0.999973907059215
876891,0.3279167068504584
876892,0.999768383127053
876893,0.8925618290027313
876894,0.13902931535080879
876895,0.9981280413316003
876896,0.026022666269554195
876897,0.9999491735669951
876898,0.9993910989678616
876899,0.7036706240624588
876900,0.8790143871333844
876901,0.9995207655470237
876902,0.48257179040977366
876903,0.9995066706613881
876904,0.9998076217077881
876905,0.9990098423774241
876906,0.9999580102913054
876907,0.9434255986878667
876908,0.8469425665304413
876909,0.9740717777861893
876910,0.055440181318784296
876911,0.008626511004163125
876912,0.999666377830005
876913,0.19030428613057493
876914,0.96132613344644
876915,0.9932983363090268
876916,0.9452791689171202
876917,0.9973039459882507
876918,0.9991152395333821
876919,0.9994852445699653
876920,0.8817362549641199
876921,0.9932486042727213
876922,0.03938091084138996
876923,0.9948431368834858
876924,0.7731177396103027
876925,0.9170328110658745
876926,0.9821561495766498
876927,0.999517773405659
876928,0.6323937904382961
876929,0.9999785077501893
876930,0.6050797531405996
876931,0.6315292134493105
876932,0.997569825327429
876933,0.9985108136534673
876934,0.871774310194841
876935,0.9968482199180579
876936,0.999821566580146
876937,0.9997137338047049
876938,0.9992394016843819
876939,0.3047351599455911
876940,0.999585613817056
876941,0.9756115534762824
876942,0.9821175897015859
876943,0.999967382584894
876944,0.5808092079355437
876945,0.9998524219882737
876946,0.6404501343473924
876947,0.9999836302998012
876948,0.2101231663849067
876949,0.19250349244880288
876950,0.5808923070157986
876951,0.9989517468073641
876952,0.6812856209472353
876953,0.9969806981847202
876954,0.12430640536136958
876955,0.9999762492710719
876956,0.5073549806036937
876957,0.9998491191910317
876958,0.9515721577860221
876959,0.7879271818733632
876960,0.14370604080667318
876961,0.9998335031856944
876962,0.9993650858630725
876963,0.9980902052894882
876964,0.9998888385244297
876965,0.14778247194942526
876966,0.9905475898901108
876967,0.017945016994192747
876968,0.6658607149195881
876969,0.9265553537547966
876970,0.08332670566347383
876971,0.9999827777377345
876972,0.2792785977883296
876973,0.9996904332624416
876974,0.9088493523559564
876975,0.6875204650473198
876976,0.8612068164894593
876977,0.7650607878646339
876978,0.898485092395314
876979,0.09610687999441433
876980,0.8101085704679598
876981,0.06713924055560212
876982,0.3017917391752747
876983,0.9949818882864649
876984,0.9999324631862148
876985,0.9991709404571689
876986,0.9158332774858853
876987,0.9919667792910561
876988,0.8144298902539476
876989,0.9993955287182439
876990,0.9796031796152481
876991,0.6389444102831194
876992,0.9998415172780908
876993,0.9923573755147793
876994,0.9431675263188022
876995,0.6954727478592536
876996,0.9991603821097428
876997,0.9883575306779724
876998,0.9999823328239827
876999,0.8195804449194284
877000,0.9995259977799893
877001,0.9998019261823141
877002,0.0016545250706028853
877003,0.8532544687380071
877004,0.7992518087816644
877005,0.9999251583153982
877006,0.5132487785946689
877007,0.30477145644854786
877008,0.9997214584605778
877009,0.9871739533718997
877010,0.9998174740780057
877011,0.3505757370637578
877012,0.9999780054042796
877013,0.9999143606075449
877014,0.9802053306841984
877015,0.9993680222707553
877016,0.9747800918328388
877017,0.0516621990617354
877018,0.9955308081032184
877019,0.9997581754135667
877020,0.16910174375330103
877021,0.5710391761369079
877022,0.5905390102992403
877023,0.999686898714048
877024,0.9999125681407872
877025,0.8106826809344106
877026,0.9902811388399183
877027,0.9904756863240407
877028,0.9990697103132504
877029,0.8878233924632573
877030,0.04724523148390611
877031,0.9989644904821247
877032,0.9992762079222982
877033,0.9999606504851261
877034,0.3162698179681823
877035,0.9999165792969569
877036,0.5069892163798565
877037,0.9996974068917264
877038,0.008670648979187137
877039,0.15255823913320868
877040,0.9977566263059148
877041,0.14790543357604327
877042,0.953059325819102
877043,0.9946741989647817
877044,0.999681111098549
877045,0.39800564138488814
877046,0.999974606609104
877047,0.9986645979426723
877048,0.9996272523336238
877049,0.05376153570546467
877050,0.22404563398858535
877051,0.9998231542072871
877052,0.9999921277740446
877053,0.997294723470675
877054,0.9851061649384771
877055,0.4685259593805631
877056,0.3184480237264058
877057,0.41282742886737706
877058,0.003029690400081593
877059,0.01603560496360455
877060,0.5693273599649176
877061,0.9912479064273283
877062,0.72126271163822
877063,0.7514158826119535
877064,0.7984818843277919
877065,0.9316645827241357
877066,0.7723897546142021
877067,0.8041853538752266
877068,0.9910208150586061
877069,0.924018010575284
877070,0.02792859387280019
877071,0.9939216575854972
877072,0.17565992032822783
877073,0.04660413238312879
877074,0.4879269297628025
877075,0.9994524935139331
877076,0.9989682660005581
877077,0.06753743412124401
877078,0.9998777779747318
877079,0.7035637225495928
877080,0.8415361630315374
877081,0.29873072064233214
877082,0.26733879533158583
877083,0.9998132661958861
877084,0.99686696384113
877085,0.9931948893023035
877086,0.9994505069788123
877087,0.7967534936878675
877088,0.028442927667597526
877089,0.6747981403095267
877090,0.7342723752688243
877091,0.600999295132551
877092,0.19076878115844298
877093,0.35190334314525024
877094,0.9924341329696202
877095,0.9922515852979928
877096,0.788576416812643
877097,0.04121261887319037
877098,0.4695992890814935
877099,0.20524469557916192
877100,0.6234030747780014
877101,0.3638072311529622
877102,0.9899801957904886
877103,0.013399760877925646
877104,0.7134178599622463
877105,0.47898474692180526
877106,0.17157545521401696
877107,0.9955087218602361
877108,0.9478902471115113
877109,0.4714077031937709
877110,0.9238441779688931
877111,0.9969368704968479
877112,0.5084411617778879
877113,0.8987665560357184
877114,0.7773643628366174
877115,0.8486431583689933
877116,0.998295354406725
877117,0.9991982318351822
877118,0.9997241417303235
877119,0.1900859195801102
877120,0.5955853277340306
877121,0.9783091407855811
877122,0.6196219444776767
877123,0.6671280987096722
877124,0.9964032119452686
877125,0.6084925106330801
877126,0.2936462434705262
877127,0.4314599725822293
877128,0.46876860872341286
877129,0.995080144920716
877130,0.9995968602672223
877131,0.9997604588032978
877132,0.45346157758636013
877133,0.99997835808048
877134,0.7380652040468894
877135,0.9943783428113568
877136,0.9986273444656049
877137,0.9403758467967778
877138,0.9994936828300109
877139,0.9895162393343144
877140,0.99893105191703
877141,0.3988263808228706
877142,0.21247468875035305
877143,0.8988929438345148
877144,0.9961198093046161
877145,0.6916215330498277
877146,0.9988976652036199
877147,0.9999837332008139
877148,0.9792269081445862
877149,0.8339707580835432
877150,0.005712242373537674
877151,0.9892611261002677
877152,0.3950507982214319
877153,0.9872942022116914
877154,0.9975074294466599
877155,0.9651519430777509
877156,0.8206338727521182
877157,0.05465947452019055
877158,0.34130820644884896
877159,0.11361868977318611
877160,0.9887613342398132
877161,0.9984350308116952
877162,0.39996177698718305
877163,0.9915097043837553
877164,0.16067453651972147
877165,0.9339702288264067
877166,0.07423746373969518
877167,0.9984617700605484
877168,0.7203812687700973
877169,0.1114286960323379
877170,0.6057421037943562
877171,0.968208668774617
877172,0.9997244658273702
877173,0.9999146988806085
877174,0.0511272253435202
877175,0.3953192027493061
877176,0.966500481594565
877177,0.9985110449769969
877178,0.9999691230832817
877179,0.997765744055565
877180,0.037066042766042764
877181,0.997447734563953
877182,0.9931735521793733
877183,0.9220106036223852
877184,0.3151691772786818
877185,0.12368439860702779
877186,0.970126349548669
877187,0.8386315490560984
877188,0.9999452101773681
877189,0.3648197770441213
877190,0.9977654817229402
877191,0.03321861753096532
877192,0.9785058848999346
877193,0.9813466409119502
877194,0.9998232006816168
877195,0.8980579037563978
877196,0.9065525571871549
877197,0.44503938772071144
877198,0.5345956706012787
877199,0.8326648674018405
877200,0.9997914624346168
877201,0.9900298799759741
877202,0.998617300243376
877203,0.7715723554208356
877204,0.9964170926284432
877205,0.050359925413477905
877206,0.9999923597620679
877207,0.07384931196202647
877208,0.9996409195817442
877209,0.8063948551526969
877210,0.4431856918939141
877211,0.9894027468617921
877212,0.9980734224433415
877213,0.9995997871340259
877214,0.9990118606129792
877215,0.9670800027277839
877216,0.9630215448835776
877217,0.8440852390235078
877218,0.9999899828312743
877219,0.8083266255042668
877220,0.9989393981978099
877221,0.7953980883730407
877222,0.8324641974271729
877223,0.9995266791382811
877224,0.9162608100829397
877225,0.7131715723583
877226,0.9895701402988796
877227,0.8157516699082753
877228,0.10527619745986011
877229,0.719092788781998
877230,0.5818804886494975
877231,0.9827054987414245
877232,0.9968610466952557
877233,0.36713937517081763
877234,0.9789603898000487
877235,0.9991962752702667
877236,0.7506460115150855
877237,0.7034755769438134
877238,0.9912089856952984
877239,0.2056410628501194
877240,0.02987555650231187
877241,0.9991196686358661
877242,0.9691013977749071
877243,0.7520187463570969
877244,0.9998223934427103
877245,0.9995415775497546
877246,0.9993143834621632
877247,0.40214498635903206
877248,0.13225864663960102
877249,0.13717678753197807
877250,0.9997644978877118
877251,0.9981548468464015
877252,0.01395067070306523
877253,0.40366800559471117
877254,0.999966941635883
877255,0.9421214883513129
877256,0.7745329283107689
877257,0.04966224484299539
877258,0.8804186295305697
877259,0.9997710994358161
877260,0.3076698264544738
877261,0.9878994437061599
877262,0.5531960314126708
877263,0.08536746437125096
877264,0.5899066663983701
877265,0.9999880569815991
877266,0.894467834665698
877267,0.9999551553744215
877268,0.07467817002926222
877269,0.9991992579848753
877270,0.9979333165066279
877271,0.9763344229690105
877272,0.9943293323693748
877273,0.040774237044458005
877274,0.2615401342861374
877275,0.028930602267735833
877276,0.9999330062870837
877277,0.6358180302278159
877278,0.5691296829932762
877279,0.97744120975166
877280,0.6751032317460821
877281,0.999997037737035
877282,0.9921134148002008
877283,0.9943322154566432
877284,0.5670549134503255
877285,0.02198607787379465
877286,0.5846623517815133
877287,0.05296732463855604
877288,0.7015926754595228
877289,0.3793859168554394
877290,0.9987292798546581
877291,0.9947674274979732
877292,0.7518342083829936
877293,0.9926019304274589
877294,0.12984730994503602
877295,0.009824159467019923
877296,0.99971790456914
877297,0.6399674745126619
877298,0.3503014385083921
877299,0.7643758009899804
877300,0.9246965133956493
877301,0.005197626914516466
877302,0.8824953221784015
877303,0.5333600741362912
877304,0.9995553525774752
877305,0.29246089827123095
877306,0.002275760215899566
877307,0.047034192192111565
877308,0.0019111468114049643
877309,0.06542690987412432
877310,0.8004352969104385
877311,0.027738143910604203
877312,0.09504364522077105
877313,0.3305066389821607
877314,0.9998529037757549
877315,0.923093798030329
877316,0.9996298762913529
877317,0.6448621741546325
877318,0.6991976393221834
877319,0.015074460846476111
877320,0.9862465163869683
877321,0.10396910982820787
877322,0.9573119017781645
877323,0.4388684914186931
877324,0.9991454264029195
877325,0.9580500648081552
877326,0.999844430565579
877327,0.711183346636122
877328,0.9938224671979645
877329,0.9999176634763635
877330,0.9563777400910733
877331,0.9999276574512634
877332,0.9999347973397965
877333,0.81301815609982
877334,0.02241077789920532
877335,0.9117412959435368
877336,0.9999889871645956
877337,0.3708665809010032
877338,0.9642706185542012
877339,0.5234253073637904
877340,0.11573025459327502
877341,0.592793334073574
877342,0.15547630857072703
877343,0.5720836275544546
877344,0.4539439984964286
877345,0.9752547796074081
877346,0.40815330583778453
877347,0.4398222318574371
877348,0.9997398438934859
877349,0.9966556418211201
877350,0.9771062044183095
877351,0.9996481275633649
877352,0.02080675332824944
877353,0.9826621705845355
877354,0.9962944707867746
877355,0.9996794656151715
877356,0.9990773259117588
877357,0.9559062588729674
877358,0.9883615232339699
877359,0.8973100189266656
877360,0.8286534218305378
877361,0.3630639116078162
877362,0.2780245827883256
877363,0.9998935688292974
877364,0.9999444161787552
877365,0.36494096822405264
877366,0.9996561838310205
877367,0.688235636703687
877368,0.9999513514102352
877369,0.032843585143261786
877370,0.12354249733897
877371,0.8799892580710018
877372,0.31907264623176346
877373,0.856292861457773
877374,0.19349741489309322
877375,0.9998786520524998
877376,0.9989789964113305
877377,0.9655219397172455
877378,0.4228996803111953
877379,0.9807879062690503
877380,0.9405499949543714
877381,0.7828448657044187
877382,0.9952386210801989
877383,0.8384445024984466
877384,0.5843763141333109
877385,0.9998250125427826
877386,0.9801632553512557
877387,0.9999794169392796
877388,0.7386529588893413
877389,0.7123483596157902
877390,0.9798574197055258
877391,0.41196685249346476
877392,0.9987200095316453
877393,0.9887062114240156
877394,0.9969915326268421
877395,0.3340210855090167
877396,0.9805707693226016
877397,0.0324375903171057
877398,0.3477857880258909
877399,0.9836127537142033
877400,0.1963971321561099
877401,0.026062853704823634
877402,0.999872019296111
877403,0.981517442454906
877404,0.8399595595152742
877405,0.9998312782688221
877406,0.39949860899911255
877407,0.6854256083234437
877408,0.9014815112297956
877409,0.41820315605377023
877410,0.29737486068366686
877411,0.9253443407084969
877412,0.8624178289269737
877413,0.9998747929122875
877414,0.21291827183907602
877415,0.9994217258554182
877416,0.9226292836345401
877417,0.49226950008170745
877418,0.8851449175237335
877419,0.05082273690276409
877420,0.9997317165370647
877421,0.7189593238278319
877422,0.5251989716163201
877423,0.8535433515038368
877424,0.9978091057881877
877425,0.8613360821977208
877426,0.749211127176024
877427,0.9964077784579425
877428,0.49882731408800607
877429,0.988120335144305
877430,0.9573486907519997
877431,0.9399273473832762
877432,0.9990976102421848
877433,0.9999898531926452
877434,0.9994173104646285
877435,0.6486579338530657
877436,0.9811287374607089
877437,0.9993868909927928
877438,0.9459709563743064
877439,0.5901625648990575
877440,0.9940621654534891
877441,0.9633924160808279
877442,0.048730378646177935
877443,0.9986584270426401
877444,0.7014503652494872
877445,0.9986476354749918
877446,0.9989361381048236
877447,0.962101814273153
877448,0.9926638283253195
877449,0.30830962180344196
877450,0.847923811985247
877451,0.8521763616273728
877452,0.6077654875430738
877453,0.893448168348506
877454,0.9748878196902001
877455,0.03487948699458562
877456,0.9099902155647008
877457,0.5221644933249074
877458,0.9999054488178247
877459,0.11272276088544438
877460,0.9953194051052757
877461,0.9998797212854652
877462,0.9997214573415284
877463,0.9996309481155463
877464,0.4266681282098135
877465,0.0076317791619496325
877466,0.9990194502934058
877467,0.6664974522885763
877468,0.9054337379265072
877469,0.9639850667231985
877470,0.9998781818249021
877471,0.999739148376232
877472,0.05447379543951771
877473,0.9993258411955482
877474,0.9998447560622125
877475,0.9777097538110704
877476,0.02027335126035032
877477,0.02242798436562853
877478,0.9976895545637483
877479,0.9969523486674645
877480,0.8440325485002709
877481,0.9826334174293527
877482,0.4506719327271089
877483,0.9734533101426059
877484,0.6828342205922692
877485,0.39843232449603916
877486,0.9194375534205715
877487,0.9998855772639631
877488,0.8939415075870009
877489,0.996170010559279
877490,0.9999209781225671
877491,0.8113262340201883
877492,0.005998555442154307
877493,0.8805187013484291
877494,0.9955643818608839
877495,0.9967416922117128
877496,0.9873951094334185
877497,0.33926277080983147
877498,0.9999486412638593
877499,0.9999459193237741
877500,0.908235353382751
877501,0.9934304173085906
877502,0.45722312583367164
877503,0.7097989151791981
877504,0.9919792286977126
877505,0.9994416191381853
877506,0.9513031534995088
877507,0.9988048507163966
877508,0.008230740646706853
877509,0.9997697837530729
877510,0.9889954402335219
877511,0.6442040491080308
877512,0.10452032302862795
877513,0.9654948981118366
877514,0.9877343436181067
877515,0.9993686060916571
877516,0.07269451948217114
877517,0.9378540316710493
877518,0.18787664445416802
877519,0.9997824800195579
877520,0.8994719949287928
877521,0.16532573099002346
877522,0.9990305760113051
877523,0.9882927165980737
877524,0.9982209272385091
877525,0.7355548365895206
877526,0.9968395793002567
877527,0.9674769246415962
877528,0.6445717482583945
877529,0.35345825175391843
877530,0.9214026683289316
877531,0.006139920323575739
877532,0.9151469861027994
877533,0.13335906975645942
877534,0.9996747652822913
877535,0.9997466080113208
877536,0.9992595197002301
877537,0.9998373950973081
877538,0.9995091051934786
877539,0.04210343290228938
877540,0.9016715790769991
877541,0.7886894040636491
877542,0.9978730640239345
877543,0.9521617059986233
877544,0.6437911241967516
877545,0.9920901608395591
877546,0.07768215313438956
877547,0.8424898479439005
877548,0.02447993448788622
877549,0.9409923182112503
877550,0.751728495995035
877551,0.9975346245620154
877552,0.09941154810397437
877553,0.9869588987466934
877554,0.9998979915552424
877555,0.5193592974992145
877556,0.8621875395634222
877557,0.8504118757473577
877558,0.386375961090179
877559,0.9290807346891651
877560,0.013522669446346284
877561,0.9998594136617773
877562,0.6803026324955508
877563,0.9822708461082115
877564,0.6655084669667174
877565,0.2204535786724318
877566,0.8820431037396164
877567,0.11137343521529824
877568,0.9968731035799543
877569,0.9997127737396734
877570,0.9863694361644446
877571,0.5074682461771246
877572,0.9835827416244605
877573,0.9952625604854848
877574,0.0034919486895061626
877575,0.9999847956763261
877576,0.9977938104395876
877577,0.17359608869273874
877578,0.6256233195714114
877579,0.9999029820098674
877580,0.8912737183190258
877581,0.9993668104800375
877582,0.9954297129730152
877583,0.14676497790556686
877584,0.8449022857778474
877585,0.06795270368261232
877586,0.9864557618999591
877587,0.9979981611682671
877588,0.9878933296856546
877589,0.8935954189984568
877590,0.7361384038262914
877591,0.07319999861686514
877592,0.9347831714168371
877593,0.9994874666193458
877594,0.9150933478267441
877595,0.9917292601477805
877596,0.4918681384455374
877597,0.9996632800186364
877598,0.949687265265833
877599,0.807364077474428
877600,0.999956911741369
877601,0.7720599451191014
877602,0.9979307340154937
877603,0.9624602158196519
877604,0.669010110729547
877605,0.9498339233504826
877606,0.8219760848309817
877607,0.9999200893233132
877608,0.8604036667525045
877609,0.06075916111288284
877610,0.24198755027790617
877611,0.9994027945209634
877612,0.930320874813224
877613,0.6128935131391474
877614,0.30864820618299404
877615,0.9971191679455922
877616,0.023371453195169624
877617,0.4216809935217921
877618,0.18670411671676224
877619,0.320716692901343
877620,0.11418062312123516
877621,0.9996484918332444
877622,0.7112305039146462
877623,0.9997387930177876
877624,0.9996879108372058
877625,0.9999647383400413
877626,0.9959050395670452
877627,0.9730341170880412
877628,0.20440507105945935
877629,0.02954906059008159
877630,0.0785375085131335
877631,0.9996244348830688
877632,0.9185599682300969
877633,0.999980352895558
877634,0.9997449025556999
877635,0.6792366218143352
877636,0.618115629753126
877637,0.018860694345286467
877638,0.003772791523833071
877639,0.9651028310422224
877640,0.9996595807011344
877641,0.7505239095555898
877642,0.9250358160072429
877643,0.18507340884223028
877644,0.1480791493546652
877645,0.35050405593909273
877646,0.8458149635758674
877647,0.9996838290274979
877648,0.9665339858383467
877649,0.9993728067867502
877650,0.9996449086486117
877651,0.9745178765564518
877652,0.9216356773436212
877653,0.14607442286517303
877654,0.9951236437093492
877655,0.9993784237197236
877656,0.11430177703393307
877657,0.9373445113826568
877658,0.7548626879738725
877659,0.2219047640316153
877660,0.041880275953017514
877661,0.06821282705601442
877662,0.9994445311854098
877663,0.9948148784668838
877664,0.9999579038263454
877665,0.9864020605627496
877666,0.9996243810676504
877667,0.9291136267300684
877668,0.9986409827907703
877669,0.108210703232569
877670,0.999131364174334
877671,0.9991008067179461
877672,0.7779918064559592
877673,0.0143426774567514
877674,0.6294322863384332
877675,0.9893730995754488
877676,0.023466829831042327
877677,0.9984745921357943
877678,0.9996194466500795
877679,0.6007572739640094
877680,0.9996733645124114
877681,0.9238651739508518
877682,0.09465906686100911
877683,0.9999420743971781
877684,0.7445786150096386
877685,0.9999092231511583
877686,0.8402197501864797
877687,0.8768953926454632
877688,0.9979929240260959
877689,0.5064691361314482
877690,0.8053237428308228
877691,0.03870300892191331
877692,0.596559567160365
877693,0.9997305856552756
877694,0.9977655741495436
877695,0.6213169320148936
877696,0.9995649393082708
877697,0.9997891120401873
877698,0.99812118093928
877699,0.4873118717915305
877700,0.16302484001214326
877701,0.7239500432275644
877702,0.9693209096758635
877703,0.9313835699600522
877704,0.8413805667763907
877705,0.9997471232857178
877706,0.9950980533004861
877707,0.9999619839441853
877708,0.4934567599263414
877709,0.2650464906839535
877710,0.9946469399880958
877711,0.999896760805171
877712,0.9987150526310185
877713,0.42054870240591125
877714,0.2822834634962725
877715,0.8396836070792727
877716,0.9994565001752457
877717,0.9999430000611127
877718,0.18361979730168987
877719,0.6470465563180372
877720,0.9801348079099208
877721,0.9999461748524101
877722,0.9994382071184968
877723,0.958555438075012
877724,0.584497667689283
877725,0.9967301895681832
877726,0.35710381649955525
877727,0.9998457878604
877728,0.33112498629161413
877729,0.9997669041980031
877730,0.5840905564996783
877731,0.988793301617012
877732,0.01599181699672764
877733,0.005450346293742053
877734,0.6691122648692328
877735,0.03304945994362478
877736,0.6782050291046161
877737,0.999988208852751
877738,0.9971910538441795
877739,0.999562147302637
877740,0.9958595920685162
877741,0.9836808820955787
877742,0.9998128854953616
877743,0.9995372822641477
877744,0.9995660935318635
877745,0.9997868169695171
877746,0.3476611752518463
877747,0.9834243078229724
877748,0.9980918047643631
877749,0.9113502965406619
877750,0.9995002975218331
877751,0.9997752629899266
877752,0.9158971317009644
877753,0.9999715368639299
877754,0.9980497491083511
877755,0.5822408194534867
877756,0.9824188683448176
877757,0.14942119779694718
877758,0.9998824969746647
877759,0.031052221581448828
877760,0.9997891580895316
877761,0.39281388495853187
877762,0.4301999828780304
877763,0.9861720893620944
877764,0.29815438743395317
877765,0.9999842501557874
877766,0.9989318568460801
877767,0.3687252833767918
877768,0.2605345812792868
877769,0.9996285928254633
877770,0.9998296604289403
877771,0.9921256677282249
877772,0.997364586901367
877773,0.9135598281902917
877774,0.9981357254664986
877775,0.08765289904010407
877776,0.8308352888542337
877777,0.8898367180619418
877778,0.9912853643016216
877779,0.9990437859326431
877780,0.3294707589405337
877781,0.9879365432858396
877782,0.035257101941715316
877783,0.9999513355326832
877784,0.012994090952085601
877785,0.11871930182299809
877786,0.9964274852919498
877787,0.9689456487132374
877788,0.7155218708818935
877789,0.964873880600577
877790,0.996286715344626
877791,0.7800231093971608
877792,0.3348132770985943
877793,0.9997208516648918
877794,0.8882839683535271
877795,0.9999139212822977
877796,0.7804508287637394
877797,0.09189104439686574
877798,0.8492548572805577
877799,0.3110796011717583
877800,0.9779792719038802
877801,0.9977133345130875
877802,0.9999295057330329
877803,0.9960826922420457
877804,0.03794574159649746
877805,0.9998065376680308
877806,0.31510860581517036
877807,0.016292620924438617
877808,0.5045818930408805
877809,0.9940956782725051
877810,0.9998312649325616
877811,0.9999622209147176
877812,0.945533844684997
877813,0.5412637753963433
877814,0.5255665316004959
877815,0.8322100642451056
877816,0.9930430573281943
877817,0.9997627863023715
877818,0.19522656685075512
877819,0.9990528878133369
877820,0.994269805099878
877821,0.07354920721869579
877822,0.9669479927856216
877823,0.9996475822270176
877824,0.9998780528645823
877825,0.9974499107178314
877826,0.6220936118630123
877827,0.9975727437621134
877828,0.9999588393355567
877829,0.8936045022416795
877830,0.9999829807822502
877831,0.7906233306979477
877832,0.8851380181887045
877833,0.49691628419248324
877834,0.031106598089292177
877835,0.9999608295571194
877836,0.020691494339768107
877837,0.10037328557436197
877838,0.9946186369527013
877839,0.691550117422467
877840,0.15996247273890257
877841,0.6319366094549347
877842,0.9988404449945609
877843,0.9766722130220521
877844,0.5746147647029567
877845,0.9989686456681365
877846,0.9992143424235497
877847,0.9569417396788105
877848,0.9605706288959486
877849,0.9985244276737782
877850,0.14272233469113682
877851,0.9908572296152234
877852,0.5715768151718752
877853,0.7646479050146449
877854,0.9996446578762095
877855,0.5467341718957508
877856,0.9981080613876803
877857,0.9994597811063741
877858,0.96035530008033
877859,0.22396311592568738
877860,0.6796967999586274
877861,0.9993670423303334
877862,0.05608379076549813
877863,0.9189928419580445
877864,0.9894289963099554
877865,0.9806029402263359
877866,0.976782015074321
877867,0.16533905232703927
877868,0.8110157260710495
877869,0.999941591946037
877870,0.9967049745394199
877871,0.7635793580800925
877872,0.02746768656002354
877873,0.9971611884803313
877874,0.984101772931639
877875,0.8685566395013111
877876,0.7843091711483546
877877,0.03657162588064716
877878,0.4649637634168659
877879,0.9986708168242853
877880,0.7382008272562666
877881,0.2481133472631392
877882,0.6017073094803236
877883,0.5949401150181387
877884,0.9985145075463377
877885,0.992703304375208
877886,0.9999815393578882
877887,0.999800269192016
877888,0.9984333695415372
877889,0.7315731325004123
877890,0.6066744325111341
877891,0.03196453779603209
877892,0.9907158130884657
877893,0.9998581960669986
877894,0.6314035513354386
877895,0.7249646302078965
877896,0.43640255470376577
877897,0.9998775195371259
877898,0.9997645504988533
877899,0.9911251443641
877900,0.9936240484003164
877901,0.9992767263779554
877902,0.9994901863075615
877903,0.0887116732656761
877904,0.06237625556168115
877905,0.9860141831943243
877906,0.8963476288718816
877907,0.22818351951410604
877908,0.7320544799778803
877909,0.9754925831351036
877910,0.9085581059467819
877911,0.9999926352794855
877912,0.9696601352648873
877913,0.810768906923895
877914,0.9897649002125231
877915,0.9163570951122864
877916,0.9924379098813618
877917,0.780326633411911
877918,0.013627435367010308
877919,0.9999726885404124
877920,0.9966194874255414
877921,0.12441882769427229
877922,0.9498774530665894
877923,0.9999187822250282
877924,0.9913425889663305
877925,0.9942342856391284
877926,0.9585898892572773
877927,0.06530615899614815
877928,0.9999172163388963
877929,0.9997618310246507
877930,0.5056329998516511
877931,0.9896406372141195
877932,0.9947842048035229
877933,0.9997158974417075
877934,0.9993709635497237
877935,0.9846169007554104
877936,0.9997713721671428
877937,0.9997732440940077
877938,0.9999856926831332
877939,0.9973586656732073
877940,0.9955646084194691
877941,0.9926885383021188
877942,0.9955738157675393
877943,0.36982942019293213
877944,0.958123724645409
877945,0.9886526126101893
877946,0.9991492705448202
877947,0.9999686368175253
877948,0.9996295881145429
877949,0.10921255622722997
877950,0.9144957015292252
877951,0.8210418520205205
877952,0.9995307326181433
877953,0.9977024718265868
877954,0.3727857880097152
877955,0.8188254836471317
877956,0.8992059584835862
877957,0.9998192272648554
877958,0.19753191446812282
877959,0.99576051074922
877960,0.9999747360053377
877961,0.9987568138745826
877962,0.8744048739603876
877963,0.015972593255165243
877964,0.017662649440260164
877965,0.9686426649804516
877966,0.19841241730353193
877967,0.6770950467030215
877968,0.9920804887439651
877969,0.9902742942710894
877970,0.9999786507422246
877971,0.9607919165696237
877972,0.9952975300923965
877973,0.09235954550866518
877974,0.9715134135879011
877975,0.999935469703293
877976,0.966688857309886
877977,0.9709379683857524
877978,0.9811237303876588
877979,0.9995494626465156
877980,0.6130237457277593
877981,0.9863863435361685
877982,0.8305642442417172
877983,0.3990444445195447
877984,0.9999693385927609
877985,0.010164954129218315
877986,0.9995603503304702
877987,0.017346968501267355
877988,0.9998461793273234
877989,0.9692237644281931
877990,0.9909637956653874
877991,0.6572815240333932
877992,0.1601875236764721
877993,0.9996173883256358
877994,0.01581044193265032
877995,0.029274031852237096
877996,0.9998166283002676
877997,0.9901598407946015
877998,0.9953987383724056
877999,0.3672583950022568
878000,0.9992390875358601
878001,0.8364472449139098
878002,0.9924407188652449
878003,0.12604554508945628
878004,0.9946320771219599
878005,0.04851560413111686
878006,0.6745335603035274
878007,0.9799108258810395
878008,0.9910746660062368
878009,0.9905776764028593
878010,0.3020486637682809
878011,0.8205677117395618
878012,0.21411936390845937
878013,0.8503688511864045
878014,0.9241349212602219
878015,0.15454330820251294
878016,0.4227809754858193
878017,0.2810790081473653
878018,0.18799381715077118
878019,0.9999755340378715
878020,0.018755261691055704
878021,0.9971142668502889
878022,0.9893084301917567
878023,0.9586418685583519
878024,0.9993778099204385
878025,0.020386227227554184
878026,0.9998995202138743
878027,0.5027576104908072
878028,0.9852396115407085
878029,0.9971656777634456
878030,0.9997538682205892
878031,0.9997838565298487
878032,0.9616728509616923
878033,0.8489651499590919
878034,0.9999174406065933
878035,0.9925663283347889
878036,0.6687140830568932
878037,0.9774676968095817
878038,0.9987474766687948
878039,0.8911738244842339
878040,0.03752265764727144
878041,0.3423332089899291
878042,0.9986118959636272
878043,0.9999380552831081
878044,0.9999517520824526
878045,0.9999097613673931
878046,0.999488173535753
878047,0.9979283226295206
878048,0.29240646851736407
878049,0.9875848625749284
878050,0.025566060295997606
878051,0.9998497332780962
878052,0.9998269915110743
878053,0.999880384121997
878054,0.4101259854194431
878055,0.8489650093818479
878056,0.4600875788007855
878057,0.9991996196173522
878058,0.2953483617753313
878059,0.557180502675073
878060,0.9858164176807306
878061,0.1268984017540961
878062,0.24032019599152743
878063,0.09833215557312178
878064,0.9999650759645884
878065,0.9993310077588717
878066,0.008498196242589
878067,0.9939448001807827
878068,0.03230998455564298
878069,0.9995303505254443
878070,0.5967996004806392
878071,0.999129328761693
878072,0.7492985736141886
878073,0.12331246560097223
878074,0.9993881438247225
878075,0.7959897421388723
878076,0.3615374450637274
878077,0.8961871461599868
878078,0.0301820043485811
878079,0.258474703563288
878080,0.9981753060240087
878081,0.016522672231339935
878082,0.025413859768931735
878083,0.9999070558172951
878084,0.08508648866438141
878085,0.7223621669428011
878086,0.17513613622918592
878087,0.9330299105989344
878088,0.9995949672226903
878089,0.8296854499427573
878090,0.015393826436582686
878091,0.16002203680863641
878092,0.9399733305649685
878093,0.1609126444488606
878094,0.13182342646459028
878095,0.7094029858283444
878096,0.9976528546055401
878097,0.99908593777422
878098,0.9948969465664472
878099,0.9996647500907402
878100,0.6139944711629511
878101,0.9414537195038254
878102,0.07620057837787277
878103,0.9999818436678578
878104,0.8757594077430134
878105,0.9998306649144251
878106,0.9998927527012865
878107,0.9932069475911307
878108,0.9289609622295496
878109,0.4210512965958416
878110,0.9761878826207575
878111,0.4910252387105283
878112,0.06977605764680657
878113,0.6763402894465418
878114,0.09078281990009754
878115,0.6298445522312737
878116,0.6958712927952977
878117,0.9994360902553454
878118,0.9999290973770152
878119,0.8173023949009404
878120,0.5412869573154935
878121,0.9624875112305102
878122,0.24283662537710096
878123,0.9997675471963023
878124,0.9999081485229406
878125,0.8586832047467375
878126,0.8982389806175122
878127,0.007566956197017993
878128,0.9999389786828413
878129,0.5788880094548416
878130,0.9920898417018109
878131,0.7373109930192575
878132,0.9972975167016092
878133,0.9963977607781731
878134,0.9998459196473322
878135,0.999839947593675
878136,0.999774408974432
878137,0.27810098346220163
878138,0.9773766266400855
878139,0.0039081155268587365
878140,0.6761686247535594
878141,0.31308183406753265
878142,0.6505762231502945
878143,0.9997102694685222
878144,0.893523018519883
878145,0.9995126504249492
878146,0.9880809989095866
878147,0.6023686553221427
878148,0.9695354883880924
878149,0.8797120354103555
878150,0.4767114776766583
878151,0.006569711078092363
878152,0.42175398615045734
878153,0.9887806447368547
878154,0.2615400207328482
878155,0.9647730675328622
878156,0.4824214471923727
878157,0.9776077867434675
878158,0.9998905798858522
878159,0.9716090586358146
878160,0.9398195470804525
878161,0.9948763374628316
878162,0.38048323268002615
878163,0.9998994931904935
878164,0.9998791756187957
878165,0.016949194430930813
878166,0.9932912537675295
878167,0.9543433958772816
878168,0.16331773136035277
878169,0.9944197165301998
878170,0.3539596005363831
878171,0.7731550085490311
878172,0.27243761691670393
878173,0.9958686921010265
878174,0.764384158302569
878175,0.998737402677315
878176,0.13668698491326478
878177,0.45728136851239864
878178,0.9999753074028169
878179,0.882470437523339
878180,0.999938930519433
878181,0.8330099335360798
878182,0.03614668734268696
878183,0.9977603024217356
878184,0.9995788856497864
878185,0.9998047149924915
878186,0.999918990966237
878187,0.9992663098268876
878188,0.988579285164188
878189,0.5038111660499545
878190,0.9983819828260052
878191,0.9997844007536294
878192,0.7433943538812275
878193,0.9440950576081848
878194,0.5959256642625766
878195,0.9989688604057826
878196,0.026990424546018285
878197,0.4125051791641016
878198,0.7536661633729894
878199,0.995485741167491
878200,0.3883129010154255
878201,0.5136792263096969
878202,0.9999774940789061
878203,0.9914302656343565
878204,0.9927223290614554
878205,0.5114282373850239
878206,0.9999222525966701
878207,0.9540741882554533
878208,0.2768339812413816
878209,0.9999484472924293
878210,0.3892593394700444
878211,0.5402014489891942
878212,0.8170535771678098
878213,0.9986355200001007
878214,0.9993625575990162
878215,0.7113721720329618
878216,0.9990867478722151
878217,0.028871145746002753
878218,0.4969769449838364
878219,0.912303934950996
878220,0.9915929427342471
878221,0.8271417791563798
878222,0.9972626303799691
878223,0.9986885583693104
878224,0.9967786469867929
878225,0.31478081532563723
878226,0.6685550307498136
878227,0.999649525078671
878228,0.9824100015585275
878229,0.9115932060850084
878230,0.9881055632349595
878231,0.8675132433615702
878232,0.7910604653743274
878233,0.9996833940459914
878234,0.9994070423864417
878235,0.999589941836747
878236,0.9998688087321767
878237,0.9939733589071605
878238,0.9882987389261392
878239,0.999668003823233
878240,0.15853107134751038
878241,0.46679938091837025
878242,0.8995004360841524
878243,0.9133513896983199
878244,0.9826161661555196
878245,0.9999914392332454
878246,0.5102311661088083
878247,0.9836420333850188
878248,0.9980151348251919
878249,0.9988299708836659
878250,0.9996012585709132
878251,0.9924957155059411
878252,0.9971304014317055
878253,0.07411357535801702
878254,0.889822599288774
878255,0.9997899952215853
878256,0.10344419193382756
878257,0.9998967262409629
878258,0.9987378327985983
878259,0.9997440651734886
878260,0.9997058420051947
878261,0.28742163250706154
878262,0.004068091691112148
878263,0.29984877057634785
878264,0.9925261696585033
878265,0.9828921748085697
878266,0.14340810883557545
878267,0.9120264413882244
878268,0.9910542864417986
878269,0.6608448723029486
878270,0.26318534574962954
878271,0.9999150176543226
878272,0.8483542604844336
878273,0.9937388374660991
878274,0.9999687036801075
878275,0.1521419099048458
878276,0.9996647719884597
878277,0.9316714819762517
878278,0.9999238689964323
878279,0.26557913063017
878280,0.9997217583268156
878281,0.27011658758493606
878282,0.9970098348818892
878283,0.9992243893328143
878284,0.5994838988719752
878285,0.9993110186624377
878286,0.9852974634488141
878287,0.2807694605111471
878288,0.948858959831093
878289,0.7693590643379635
878290,0.11694109678419
878291,0.018648289085976707
878292,0.9321632430701421
878293,0.5016630384531637
878294,0.026079163475244894
878295,0.9997188960483951
878296,0.883311435351964
878297,0.3693086238606214
878298,0.9999315499658464
878299,0.38189890582507324
878300,0.9658420817380473
878301,0.6295645284167931
878302,0.7962664444453738
878303,0.9993834520800865
878304,0.9970142206786834
878305,0.9996912977652617
878306,0.9986290888943905
878307,0.9996205897565793
878308,0.999915579447094
878309,0.5891209504412691
878310,0.9999151050139441
878311,0.11992287605583404
878312,0.5340779053791562
878313,0.07590763774804438
878314,0.08301359542676245
878315,0.9959235811325853
878316,0.9973202425552337
878317,0.5769478129386197
878318,0.9995100590259054
878319,0.999884219325261
878320,0.06302898121332572
878321,0.994158181008528
878322,0.9998450333640149
878323,0.5897325625310135
878324,0.9999887846269531
878325,0.9997394859433272
878326,0.9998738825942082
878327,0.99990382398018
878328,0.9988345976338906
878329,0.3715389955439999
878330,0.9998514403560916
878331,0.650154613397028
878332,0.7487935462796936
878333,0.9982937697225972
878334,0.9497050828231302
878335,0.9999600722466373
878336,0.9985222224967976
878337,0.9896183265528611
878338,0.7222484803398697
878339,0.9929908571350166
878340,0.9689260947121483
878341,0.9844122475357544
878342,0.9984100815912309
878343,0.7822085741151115
878344,0.3581029138904101
878345,0.8779260525638581
878346,0.7418623803789874
878347,0.8316753805025183
878348,0.7361523812345878
878349,0.9252540607349538
878350,0.9996028380939253
878351,0.9943359222384608
878352,0.9995940438838007
878353,0.7483819355994792
878354,0.5449961379606831
878355,0.7333560871826095
878356,0.9991437294437315
878357,0.13120692139508255
878358,0.5954791289833962
878359,0.9999894877631206
878360,0.9976362058854962
878361,0.9639925011470093
878362,0.999884265028163
878363,0.999589048505811
878364,0.6620002402027094
878365,0.9708829473560348
878366,0.9999612157508678
878367,0.631916173679368
878368,0.3587611511630186
878369,0.9999836984995429
878370,0.9774667130465453
878371,0.999716756823067
878372,0.6469919521041524
878373,0.189999251466732
878374,0.9999006573948913
878375,0.03056856054442019
878376,0.42067390575831237
878377,0.9992640021290572
878378,0.5766562130383134
878379,0.9518818981000958
878380,0.7242414022594948
878381,0.9998024249992149
878382,0.09731390233477326
878383,0.9999326723121127
878384,0.9946176260639673
878385,0.09801931698469374
878386,0.8647613738860439
878387,0.8839800807927933
878388,0.012043474929240466
878389,0.9991522003659177
878390,0.9996758361925944
878391,0.6054228944629955
878392,0.23008669215578678
878393,0.9906153960100033
878394,0.7317371732055064
878395,0.9974750955729711
878396,0.7003008428674276
878397,0.19531506601038678
878398,0.17314163862066498
878399,0.9467249083866813
878400,0.19410277709101426
878401,0.9975135809292187
878402,0.9990129864343836
878403,0.9992563594478526
878404,0.10317807194249513
878405,0.937851146383027
878406,0.970259811870481
878407,0.9060275977025187
878408,0.059972610381248445
878409,0.5251874740268817
878410,0.13986770984167238
878411,0.9997379511463091
878412,0.9993524247891268
878413,0.009885294603204416
878414,0.5559409384903604
878415,0.9207348022129778
878416,0.770553876942311
878417,0.998072761636742
878418,0.9886384233193346
878419,0.9973992969558055
878420,0.9917478534323083
878421,0.9994868441797782
878422,0.03807793021854399
878423,0.9291896744693164
878424,0.9862688072107049
878425,0.15912083746871283
878426,0.9148845242843039
878427,0.9993267284641231
878428,0.7814397510980764
878429,0.9999123215140384
878430,0.999975635820935
878431,0.855844462789371
878432,0.9531945502675632
878433,0.9999566470779055
878434,0.34693802415828856
878435,0.9964606945389451
878436,0.07300736613257373
878437,0.023828692939826347
878438,0.19882794257811495
878439,0.7263491394019896
878440,0.9982339409203305
878441,0.8004495618983126
878442,0.0752167498734739
878443,0.9998306139589487
878444,0.7020507470811187
878445,0.017889816651566855
878446,0.9552424412202747
878447,0.08038366946683212
878448,0.9998422094730673
878449,0.12720023604451117
878450,0.99978037415719
878451,0.9998695710159906
878452,0.896696201512406
878453,0.8619543145974742
878454,0.9976198184950451
878455,0.558994731630917
878456,0.999990572696795
878457,0.022326277855014322
878458,0.8125516374782729
878459,0.9354198800139804
878460,0.9989003675474886
878461,0.03035844349103297
878462,0.5655677132908553
878463,0.9985540586700643
878464,0.8442040204267955
878465,0.3395424727424148
878466,0.9949894357694464
878467,0.9870116414994656
878468,0.9911988551975545
878469,0.9993527131001378
878470,0.008889012075489073
878471,0.9981005073857859
878472,0.9995417883142333
878473,0.9986423047816303
878474,0.9999534323211227
878475,0.9955833669879002
878476,0.9998085668546143
878477,0.9874203299442044
878478,0.25489596411120424
878479,0.13277326710067983
878480,0.8848249568528487
878481,0.8658055850124226
878482,0.9999355706216866
878483,0.9998782073641406
878484,0.9998736839482846
878485,0.8650941023406598
878486,0.999731304726041
878487,0.9935644840675253
878488,0.9999807407520988
878489,0.9978795891843983
878490,0.9828096025677492
878491,0.9998541993262666
878492,0.9999100246428894
878493,0.3416069934910316
878494,0.7428337679320831
878495,0.9991866821578359
878496,0.18836807489234295
878497,0.9982663510022576
878498,0.19787226485127996
878499,0.1064313044672938
878500,0.6429963564786224
878501,0.9995734496223632
878502,0.014356179405687794
878503,0.9990783972700988
878504,0.17080303126006396
878505,0.9939238469637114
878506,0.9333209379933523
878507,0.9840306773934865
878508,0.046921296266317525
878509,0.005324815257303499
878510,0.958181039539618
878511,0.7827792624166087
878512,0.18832531179425474
878513,0.9674650553897917
878514,0.7623830382529053
878515,0.9997679502370962
878516,0.6618202676242266
878517,0.9998988500846683
878518,0.23367383731410807
878519,0.9998944070114243
878520,0.8641619378528819
878521,0.5397229488435826
878522,0.9460323296869564
878523,0.9998058907200649
878524,0.9991704420388647
878525,0.9993460690036194
878526,0.7967026538513005
878527,0.5943374184512643
878528,0.9966762380237986
878529,0.9912941924566673
878530,0.9033605515335128
878531,0.7511768689857227
878532,0.9952612393221714
878533,0.9966793712635077
878534,0.9983789731197026
878535,0.9448218670387218
878536,0.4223478296131422
878537,0.8352996958225565
878538,0.005878332277938143
878539,0.12547519640246932
878540,0.9471063253718005
878541,0.9999938555175136
878542,0.013759008490891516
878543,0.08516627825445003
878544,0.005305096684990936
878545,0.9994069046168914
878546,0.6128277665266688
878547,0.2930816622831441
878548,0.9962713814654379
878549,0.09553166108999003
878550,0.9835210539232009
878551,0.9993839270632762
878552,0.4046910032848845
878553,0.999585679990894
878554,0.9998087053337236
878555,0.18294114179309295
878556,0.10303176964522583
878557,0.6264642997902563
878558,0.2617619427189125
878559,0.5795452403458294
878560,0.9995946470187858
878561,0.9941076757688607
878562,0.38870212340901344
878563,0.9999636587807669
878564,0.6258968888990061
878565,0.8175248882074685
878566,0.5647184386440148
878567,0.5194959706982092
878568,0.9791646919489141
878569,0.8292261742461287
878570,0.8023911832436339
878571,0.9374178310955907
878572,0.9998941335300855
878573,0.999883547718889
878574,0.9904028828051262
878575,0.9975875356872892
878576,0.9999726882306308
878577,0.975662442641068
878578,0.9980381292285121
878579,0.9741761988636763
878580,0.9993511513054042
878581,0.7391079681717423
878582,0.2275284036544453
878583,0.9963238280670723
878584,0.9996827867862743
878585,0.9997770790713099
878586,0.9673483275120378
878587,0.2793156051225473
878588,0.0051330423918573625
878589,0.0911782873727103
878590,0.9479745953338601
878591,0.9999828082811579
878592,0.0324398897900578
878593,0.8455658516509683
878594,0.42857631090493004
878595,0.9999582840716843
878596,0.985784674348705
878597,0.18514650953460898
878598,0.19959924445273336
878599,0.9850266788240607
878600,0.809308224289498
878601,0.9900664973312576
878602,0.09407134846886563
878603,0.2970056634526087
878604,0.9999666429997252
878605,0.5321452375316597
878606,0.42476604950634633
878607,0.9982120625371977
878608,0.9838116723272516
878609,0.006648594335167161
878610,0.14856106548471568
878611,0.0609307344096288
878612,0.9505315011525725
878613,0.9089434866965957
878614,0.9997699086097978
878615,0.7382979641453509
878616,0.026845311732026055
878617,0.6640454781153694
878618,0.5790614270135175
878619,0.867465795400756
878620,0.9542695983879697
878621,0.999454361836632
878622,0.9997837210218735
878623,0.9987776243444583
878624,0.8691457443014351
878625,0.9417293332071502
878626,0.007771862645046106
878627,0.9026808696424543
878628,0.9998835457819647
878629,0.9436443146918826
878630,0.9907228407751785
878631,0.9419944564916709
878632,0.8757907684946623
878633,0.6174237322560604
878634,0.9995126901463005
878635,0.20267264776645805
878636,0.9999547899348799
878637,0.2368420258379147
878638,0.9994638790022425
878639,0.1456374922122373
878640,0.520181566852322
878641,0.9999542894815086
878642,0.9996252102933711
878643,0.0403735045264007
878644,0.10500243922339586
878645,0.9992920545024722
878646,0.2778099054791991
878647,0.9996036427062067
878648,0.9987584422018774
878649,0.9919724566281665
878650,0.9997395866995342
878651,0.9239246700510705
878652,0.9678295740619987
878653,0.9996999144130015
878654,0.9999033975388271
878655,0.880622898647953
878656,0.9734922673690315
878657,0.44457459790303344
878658,0.9998919547561353
878659,0.9999840687803072
878660,0.999985480352116
878661,0.9931866021800775
878662,0.27474772136782394
878663,0.9909909216875388
878664,0.9801447109150572
878665,0.9953736065206372
878666,0.9204961803189567
878667,0.9980584728200074
878668,0.9999753233702023
878669,0.9997004433310526
878670,0.7654480576096451
878671,0.7407503304172226
878672,0.29642634341303264
878673,0.9995082164591595
878674,0.9989875452850738
878675,0.8503628652345787
878676,0.9997185954075752
878677,0.999926091563015
878678,0.9887324681513564
878679,0.9928878843720623
878680,0.9998655693601799
878681,0.8155922809726479
878682,0.13691867740832916
878683,0.7907684405452959
878684,0.9151416897558655
878685,0.2920427671895992
878686,0.9997089668379002
878687,0.44271607104144584
878688,0.32367999310674755
878689,0.9021386189491974
878690,0.9215342499319166
878691,0.9999042133523758
878692,0.2126056910382627
878693,0.27158337643924224
878694,0.08185871120027038
878695,0.8428451787352202
878696,0.36996646041567244
878697,0.9881244726144774
878698,0.9999858018280853
878699,0.25824539073386044
878700,0.9953320347205344
878701,0.9999702861134208
878702,0.9980479266084441
878703,0.98192715923782
878704,0.032658706393907326
878705,0.9987385753832276
878706,0.45475464549271993
878707,0.571862531015551
878708,0.0342028640976922
878709,0.9997636493356815
878710,0.9999099816281323
878711,0.9999226452884948
878712,0.9999604672749363
878713,0.7092609272370806
878714,0.5375329647051625
878715,0.0762694963962571
878716,0.4018115660293735
878717,0.8606406247207816
878718,0.9921298448361017
878719,0.9999071444029877
878720,0.8550135267300649
878721,0.13869895577313535
878722,0.9998695544832985
878723,0.9884851840742599
878724,0.9656027074599718
878725,0.9996218273132687
878726,0.008164729102902476
878727,0.9998300500238144
878728,0.5954660725485029
878729,0.5585935037135412
878730,0.9995526543282931
878731,0.007538457994542101
878732,0.8654723249601606
878733,0.9999490665535644
878734,0.9968521832237288
878735,0.37030348123515067
878736,0.7495944103643575
878737,0.9780370333634324
878738,0.007982549505885957
878739,0.6523724971768706
878740,0.9998275251000954
878741,0.9982365944459188
878742,0.02566837081593007
878743,0.9352502616783256
878744,0.9987843629295705
878745,0.11407667258842294
878746,0.41847014898817514
878747,0.002286471095452342
878748,0.01531744379282359
878749,0.8753660702312791
878750,0.020394623074151484
878751,0.07509887378701373
878752,0.9919861127209069
878753,0.6748028065840295
878754,0.29765873563471024
878755,0.41824750796845656
878756,0.9472508446799959
878757,0.9970048508687777
878758,0.9994713161274666
878759,0.43116678155920884
878760,0.4693026459786465
878761,0.9838429681055689
878762,0.9938443071072489
878763,0.45842489816931775
878764,0.9084517808114708
878765,0.5759549627734859
878766,0.9997733710208625
878767,0.9956279493082598
878768,0.9993189870939916
878769,0.9955341388636985
878770,0.9347217912128882
878771,0.9960806728054425
878772,0.32713128419536464
878773,0.9994521415097986
878774,0.4258229771497717
878775,0.9998865879942551
878776,0.2312644505549752
878777,0.9998783272957484
878778,0.25564394189919015
878779,0.9997402982209989
878780,0.9999949979019329
878781,0.9999861439031583
878782,0.975887992092821
878783,0.992592039337414
878784,0.9958324659975868
878785,0.9992727752697365
878786,0.8629122204112811
878787,0.17681549309389283
878788,0.951967854055884
878789,0.9999733785590422
878790,0.19553045445807035
878791,0.0351814964209786
878792,0.9749089134087876
878793,0.9122008341085639
878794,0.9571088417072222
878795,0.45201752687066704
878796,0.2660160565621982
878797,0.9996255406047018
878798,0.999924949456187
878799,0.8350660263931007
878800,0.9999254880566276
878801,0.6391538019777948
878802,0.6800245526761213
878803,0.11005968643848685
878804,0.47429267546722487
878805,0.9998977412309178
878806,0.24087395446117557
878807,0.979321586400161
878808,0.955630938170402
878809,0.011620839527698205
878810,0.11549513428958733
878811,0.9775171266235646
878812,0.3924319751799103
878813,0.8889115873272975
878814,0.5531199441120236
878815,0.9999391403815803
878816,0.6748901411227416
878817,0.42916445560725247
878818,0.017139283443640553
878819,0.12761956282609568
878820,0.9860327168098914
878821,0.012139154199195486
878822,0.9595840147302552
878823,0.9095320678099
878824,0.57860265961611
878825,0.0159352963405311
878826,0.999452015236969
878827,0.2439888460960837
878828,0.9999625992601824
878829,0.9787254601436628
878830,0.4833196231113385
878831,0.9914188967513822
878832,0.9997432858187303
878833,0.9949248311540606
878834,0.9665129516588304
878835,0.9995098131691242
878836,0.9869796680461238
878837,0.9994594525081655
878838,0.03865831720008101
878839,0.9999190094387703
878840,0.012169657671506275
878841,0.988865361935467
878842,0.929632001805619
878843,0.7700537593154022
878844,0.9996248588997352
878845,0.12791401094692045
878846,0.9999110851910286
878847,0.027628683436452608
878848,0.9998968950216378
878849,0.9998161362753093
878850,0.6890409925422125
878851,0.04672042677809553
878852,0.9945318760650279
878853,0.1816895815111753
878854,0.9994716710583927
878855,0.9964124721074373
878856,0.999911662128742
878857,0.17866817043166083
878858,0.999923553133123
878859,0.9570925611156322
878860,0.9995876534950248
878861,0.9975641443802344
878862,0.153991846956643
878863,0.9991394611531209
878864,0.9997798631775721
878865,0.999773224663344
878866,0.9994368482507237
878867,0.6167583673148214
878868,0.9970765830873216
878869,0.8081664430192653
878870,0.9996576014154612
878871,0.9996152460732175
878872,0.9729604955658596
878873,0.9998658010195277
878874,0.8899136464145172
878875,0.04781775145648126
878876,0.7233595418498986
878877,0.8693826526661166
878878,0.8206791259894279
878879,0.9999835612031363
878880,0.995328144644253
878881,0.999977673745809
878882,0.9997201905377473
878883,0.9999269996291115
878884,0.051699957822162156
878885,0.7785698830120482
878886,0.05356281353908929
878887,0.7240645286932826
878888,0.38110069636377497
878889,0.4962373086796977
878890,0.9994786743872195
878891,0.9959759855718298
878892,0.9483739705128156
878893,0.0849419347700405
878894,0.9758345664010802
878895,0.9995354938361811
878896,0.7989839116837596
878897,0.8972630043005306
878898,0.020311105562380638
878899,0.12527815820370852
878900,0.9997736294108512
878901,0.9713250216653208
878902,0.1454741041859624
878903,0.2802300150184218
878904,0.07391657523893612
878905,0.018072230841649724
878906,0.03924385011164556
878907,0.9999013378325187
878908,0.12201806574184622
878909,0.5666426230002405
878910,0.2826323313340141
878911,0.9117735780749825
878912,0.9899809080469295
878913,0.2987718628894538
878914,0.27585504594632126
878915,0.06494096756860479
878916,0.9996191652794155
878917,0.9990830825497665
878918,0.9854079045684467
878919,0.9050943143713566
878920,0.9993342513434624
878921,0.036353982545081695
878922,0.9996602747599493
878923,0.5725520027240141
878924,0.9985842173845935
878925,0.8990795364401859
878926,0.1394454910445173
878927,0.9179046717549445
878928,0.21602951145366917
878929,0.03901926388448505
878930,0.15012632051272076
878931,0.9904762079308127
878932,0.3306588035894896
878933,0.6969345389839665
878934,0.9986890830910149
878935,0.571643644585197
878936,0.9951400856233054
878937,0.004933630339380758
878938,0.9750175031654476
878939,0.9957919826580767
878940,0.8406128584253414
878941,0.9998697210224353
878942,0.999896314791036
878943,0.3087102007357195
878944,0.05179626309356992
878945,0.40949139910502785
878946,0.9998209225220098
878947,0.9996294659290285
878948,0.9768003315823048
878949,0.9887494314046932
878950,0.22791428163020747
878951,0.9995132755747198
878952,0.9666672758832375
878953,0.9998338259777069
878954,0.991965722266253
878955,0.9994451607014786
878956,0.9823186418993024
878957,0.9968900005318356
878958,0.9992152804484626
878959,0.6430213369265371
878960,0.9692673163271688
878961,0.8908629721068855
878962,0.9999889849507843
878963,0.013935858211578288
878964,0.9999052102782129
878965,0.8249683462070008
878966,0.9998450824518114
878967,0.9992280763218373
878968,0.7428519939619597
878969,0.9776170250104484
878970,0.4913956597022195
878971,0.8902804986086059
878972,0.5277671445715887
878973,0.9983987194013743
878974,0.5744246778300414
878975,0.9997533707776529
878976,0.9576484315059488
878977,0.4458128991546411
878978,0.9874294277487914
878979,0.6601687171498392
878980,0.9939244289861867
878981,0.9991326387719247
878982,0.6215675343065605
878983,0.998685924193861
878984,0.988306112919749
878985,0.5444745207719645
878986,0.9997269701827091
878987,0.9963193401157384
878988,0.9995025304831523
878989,0.999926253616281
878990,0.9994149047139591
878991,0.9923897991580514
878992,0.24128851535622933
878993,0.8670432675051647
878994,0.9910398482848227
878995,0.13582240731317008
878996,0.9729313131326605
878997,0.9962035799505673
878998,0.4845729359690079
878999,0.9986708551639827
879000,0.987902444493856
879001,0.5480773339980832
879002,0.9206744842250134
879003,0.3948781189147282
879004,0.9739248713088111
879005,0.9992706854825033
879006,0.15930773177211494
879007,0.6505076973122254
879008,0.9584706284987192
879009,0.9771571513195436
879010,0.6560177415152872
879011,0.368784809753349
879012,0.9990142929784506
879013,0.8303180356997576
879014,0.5864188567275175
879015,0.7914710546507759
879016,0.029160738120324547
879017,0.9099423456434667
879018,0.9978286798064948
879019,0.9757802944772651
879020,0.5517813499976967
879021,0.9991460353846873
879022,0.17715816049535327
879023,0.9832461056772894
879024,0.5719891125665993
879025,0.9961089056137541
879026,0.9876578851970136
879027,0.9998472947899706
879028,0.9970424984475552
879029,0.9977878561362981
879030,0.46084704728348375
879031,0.9999833349581375
879032,0.9842272476760887
879033,0.7199346409065486
879034,0.9977391131031444
879035,0.9996720921286025
879036,0.9996783171459712
879037,0.9631645833489322
879038,0.19607740195684514
879039,0.999929407848748
879040,0.999531012595659
879041,0.9998006344199023
879042,0.9983132253105651
879043,0.015435412508525186
879044,0.00606352749854085
879045,0.5915977080153902
879046,0.9997152526988794
879047,0.9857412350264722
879048,0.9941432942016393
879049,0.9687213567607085
879050,0.48487202936414264
879051,0.5565767822929699
879052,0.8933393024268578
879053,0.9998853681138666
879054,0.408564021794083
879055,0.6947493084471714
879056,0.99941192403125
879057,0.9725774767349702
879058,0.5682621897425243
879059,0.9997197974739572
879060,0.9981768675484541
879061,0.9625886507777133
879062,0.6021053659420272
879063,0.2763564640363449
879064,0.07323399616455593
879065,0.9999135178802672
879066,0.7322836471460379
879067,0.999964659732839
879068,0.2716543676312867
879069,0.4827804790918065
879070,0.22871968301948914
879071,0.15369110000896113
879072,0.9999447921510258
879073,0.999882951606576
879074,0.7965142511156648
879075,0.8757048268624923
879076,0.9973457573074804
879077,0.6988746187613512
879078,0.6898581807803323
879079,0.9928728628228255
879080,0.8449908678025868
879081,0.6673503667963836
879082,0.8179732909044503
879083,0.9950936755953482
879084,0.4849473459457402
879085,0.9986675950222474
879086,0.45242520582702894
879087,0.996730010153173
879088,0.03694284326294293
879089,0.9351054729373496
879090,0.9125216246872581
879091,0.8927813812994208
879092,0.9998908374637177
879093,0.9996677074465293
879094,0.24447809108708007
879095,0.3444007357673321
879096,0.9989882112706789
879097,0.7720112511014954
879098,0.7924462034096588
879099,0.01146352748161312
879100,0.9998950709400722
879101,0.04356031355882643
879102,0.5123899299536169
879103,0.23036729721706278
879104,0.9987803956417379
879105,0.13132553026614097
879106,0.6280320168138407
879107,0.28457216817526004
879108,0.9988998912503586
879109,0.999991546444034
879110,0.8668824461366217
879111,0.8000509658280408
879112,0.49088288215830456
879113,0.9997355154891517
879114,0.6565852908508865
879115,0.9956366599524968
879116,0.999465173884617
879117,0.9478941507590746
879118,0.9994635284648343
879119,0.9998096906837561
879120,0.9988676640332321
879121,0.011400210828666952
879122,0.9638411328834167
879123,0.9995104754536515
879124,0.9429276238079074
879125,0.9997149335865629
879126,0.7447520356660602
879127,0.9921644965381764
879128,0.8334529746167896
879129,0.3703998768436896
879130,0.46662611885209865
879131,0.9993139235904601
879132,0.9714196483436656
879133,0.6280315463645032
879134,0.8541355900843601
879135,0.30545032128975746
879136,0.9815631790052327
879137,0.877193391019658
879138,0.015392656934024175
879139,0.9246519480063771
879140,0.125767058802515
879141,0.11322812252430926
879142,0.9999564729810058
879143,0.3594545583768891
879144,0.9997818745732211
879145,0.5901621390673586
879146,0.9098346105882535
879147,0.9998789836958992
879148,0.997944509560279
879149,0.850723763026418
879150,0.9995027258485101
879151,0.9818822751723711
879152,0.9992511094633416
879153,0.9570663212187693
879154,0.8410402702289493
879155,0.036019981700007676
879156,0.9914071703546292
879157,0.025083720176299083
879158,0.9999588628157199
879159,0.5496405063711248
879160,0.9998909793533535
879161,0.7669000659713995
879162,0.5537046454685768
879163,0.8299556648963291
879164,0.8451979011439001
879165,0.9477922843512592
879166,0.9999405420687187
879167,0.49558301570391305
879168,0.9753840522043891
879169,0.9999879908515676
879170,0.9956280218888078
879171,0.06747959625532858
879172,0.9999755434645914
879173,0.1638008712378997
879174,0.818214621257155
879175,0.9966769096087358
879176,0.469107292603128
879177,0.9998342720626241
879178,0.2507147074409804
879179,0.9994197657777507
879180,0.5423938064842028
879181,0.0775796041913307
879182,0.9855588269727054
879183,0.828127541715089
879184,0.9963385320108591
879185,0.020371137924870338
879186,0.0048854549016273344
879187,0.9980323715904168
879188,0.920823960595702
879189,0.9951567923637112
879190,0.083782659909758
879191,0.8170187186726632
879192,0.9966535431048729
879193,0.8272849709639817
879194,0.9996360883869801
879195,0.9549894325836135
879196,0.9979922995889408
879197,0.9988180566758607
879198,0.030409805241905237
879199,0.4781104310038915
879200,0.9959864756569753
879201,0.9519244876240212
879202,0.8404878895778455
879203,0.9985005584650285
879204,0.5885138004706378
879205,0.018407838060739323
879206,0.9978015732925449
879207,0.008166109241487115
879208,0.9982110871477118
879209,0.47152637057778835
879210,0.3381754614148326
879211,0.9957568116526381
879212,0.9984882060368333
879213,0.17824230660301252
879214,0.8544446362963513
879215,0.14785061805006378
879216,0.0633418624293721
879217,0.9999497332973617
879218,0.7935562946294397
879219,0.9913619694698659
879220,0.18344428178383893
879221,0.25740725256155966
879222,0.999890907736369
879223,0.9993614241593824
879224,0.7601527046145506
879225,0.782446774449922
879226,0.9982637602153015
879227,0.13252706721962945
879228,0.008008586796224513
879229,0.21599760277314012
879230,0.7564905660855897
879231,0.9998564887125256
879232,0.9985639583166952
879233,0.9957005884844354
879234,0.02836967160406186
879235,0.8402266010198316
879236,0.1975679711857532
879237,0.012433400509401484
879238,0.09518876911302096
879239,0.3111109269785946
879240,0.19149983738863374
879241,0.9999467095813173
879242,0.9991743444899569
879243,0.8608096940709532
879244,0.9999162369854467
879245,0.6361282112021256
879246,0.39069469404155865
879247,0.9439204296310624
879248,0.030190273852473214
879249,0.9998991024641846
879250,0.4959402374409714
879251,0.9994966263498326
879252,0.9955874366817593
879253,0.41383988919594
879254,0.6199705885230485
879255,0.9933278712116216
879256,0.9718387950384684
879257,0.9681709741617268
879258,0.999846752918486
879259,0.9993255699441086
879260,0.9969257910563516
879261,0.9998795395272493
879262,0.9937085295125837
879263,0.5841757853369585
879264,0.9928899539834763
879265,0.06462548915167375
879266,0.980544543635709
879267,0.9999378327539952
879268,0.9883209460650634
879269,0.9641801132454088
879270,0.30942924857682536
879271,0.9980161889721002
879272,0.2535022615458896
879273,0.9996352556555218
879274,0.998806366775155
879275,0.9956932929400377
879276,0.4506550683600222
879277,0.9998409448695802
879278,0.6514518687677662
879279,0.007479929116195645
879280,0.8696930852425921
879281,0.6942754491627002
879282,0.10498400823817573
879283,0.9998901379947415
879284,0.9855820987471615
879285,0.16294232600677472
879286,0.9884172044238584
879287,0.9999766297847561
879288,0.9682938423551483
879289,0.9998146999826103
879290,0.41685742256215047
879291,0.9824831646887127
879292,0.9134846281375408
879293,0.7986325987376391
879294,0.7915597654910854
879295,0.9989584638518461
879296,0.9969607246085102
879297,0.3607044379325326
879298,0.03944321782855265
879299,0.32362177423827065
879300,0.4322766363230801
879301,0.038987653343937376
879302,0.9980066380898411
879303,0.6504219403999533
879304,0.7597387408128504
879305,0.996288149068814
879306,0.8358007578234673
879307,0.8893260076963421
879308,0.9981324285821289
879309,0.23386468704957544
879310,0.21648561482849124
879311,0.0006041069000063802
879312,0.9853145303768638
879313,0.7167899903958773
879314,0.2722809795443395
879315,0.6631742243112295
879316,0.17131868660127292
879317,0.9963481622526215
879318,0.7910157358457925
879319,0.26953811638411046
879320,0.9967063714011584
879321,0.9996088416864196
879322,0.8435521581312724
879323,0.9052062679383857
879324,0.9988152347983873
879325,0.9996851120140595
879326,0.9208649138062799
879327,0.22871516917873116
879328,0.014950489905950305
879329,0.3238159115360888
879330,0.9711125874739275
879331,0.9523772860448129
879332,0.9945753628766906
879333,0.9444613353132945
879334,0.8982148769463338
879335,0.9990275764183006
879336,0.4116056986387646
879337,0.9547744025186116
879338,0.9893480430168239
879339,0.9979778173329914
879340,0.9997180156802734
879341,0.23803684968209768
879342,0.983620884280323
879343,0.08557003515027711
879344,0.9998560986757163
879345,0.14346677076659609
879346,0.320171941284281
879347,0.7293540551705959
879348,0.8904139168190028
879349,0.9998289807899143
879350,0.6689829000308651
879351,0.9998423708292932
879352,0.9988500591506975
879353,0.9828919488890501
879354,0.9999070553863638
879355,0.35350723996860606
879356,0.1235588860660889
879357,0.5061595771147513
879358,0.9614097682472995
879359,0.11899439388694073
879360,0.9917858823262743
879361,0.9998969336067844
879362,0.3883968833393963
879363,0.9987188228192851
879364,0.9558825596666056
879365,0.4653219781094235
879366,0.975143211397405
879367,0.9997694633067387
879368,0.3398406923926443
879369,0.6435408372963607
879370,0.999831766836937
879371,0.3864136924429219
879372,0.017318446784468547
879373,0.95669539408621
879374,0.291125706095583
879375,0.9651446416287268
879376,0.9999798808171934
879377,0.7294094086341065
879378,0.9998757200050491
879379,0.9921550776907403
879380,0.9982986651574214
879381,0.9886472994855715
879382,0.8786672073453794
879383,0.19846394947398788
879384,0.07862448509297752
879385,0.9995889989491449
879386,0.9887749004593616
879387,0.9324963108798576
879388,0.999761135137142
879389,0.7478643354593975
879390,0.005565457944733803
879391,0.8842179109575559
879392,0.9999742159676953
879393,0.035584286200389274
879394,0.9984197781968613
879395,0.8903024846779759
879396,0.9994312927063439
879397,0.7810648504136617
879398,0.998898155083773
879399,0.5103664179368709
879400,0.4061078088789134
879401,0.781126944158531
879402,0.5874481025105952
879403,0.9885964500621571
879404,0.2843101091235965
879405,0.6150224691654398
879406,0.8257661107952925
879407,0.9124426879487469
879408,0.9992927316662965
879409,0.8813174909359218
879410,0.9993084297733371
879411,0.9296661893762803
879412,0.9953269844327174
879413,0.5046794470620857
879414,0.8687684185363471
879415,0.9984713203951238
879416,0.998936758967042
879417,0.1908314166509944
879418,0.9993593389476733
879419,0.1894034617517649
879420,0.9963763082666021
879421,0.4516067994685229
879422,0.632363048205485
879423,0.9888299868592033
879424,0.9508673864375092
879425,0.9378247741477969
879426,0.9978073236646067
879427,0.9999041578495195
879428,0.4166315085242138
879429,0.7987378496416525
879430,0.005206858631394339
879431,0.9973104666299121
879432,0.9747493865192167
879433,0.9625622257157063
879434,0.9884467432767259
879435,0.9999712097717328
879436,0.8856911267325089
879437,0.8879041380313618
879438,0.9896077712897365
879439,0.9944486173251319
879440,0.029180408554412948
879441,0.5925379421854376
879442,0.999319566565723
879443,0.9998862955593115
879444,0.6228705651221427
879445,0.029662735507430222
879446,0.6110652282169933
879447,0.32669183195589463
879448,0.9972680799024962
879449,0.9991554313916992
879450,0.9998696859650034
879451,0.48047406498790807
879452,0.9997430456995482
879453,0.7561448363234605
879454,0.9982151350973385
879455,0.06684563284844004
879456,0.9899014855066846
879457,0.999656794910301
879458,0.004525908901489198
879459,0.8199131143802515
879460,0.5672812449946292
879461,0.13286887382786458
879462,0.8507287823977712
879463,0.9172971966558314
879464,0.9996910464268982
879465,0.4236173094102448
879466,0.8208709774940884
879467,0.054780306540220806
879468,0.29489118993340696
879469,0.999652273273471
879470,0.4567944904680782
879471,0.5161150651088875
879472,0.9999570674420003
879473,0.9897868479955756
879474,0.9490278030082948
879475,0.756625823795902
879476,0.11864586698962963
879477,0.19766022821863807
879478,0.5612365757131966
879479,0.9767063351285432
879480,0.9953650320494021
879481,0.999973073368695
879482,0.9896890704115524
879483,0.9984493175297863
879484,0.5148853218730651
879485,0.27514943357786825
879486,0.02803839194505351
879487,0.9627624945239632
879488,0.9508580580415565
879489,0.9993122073594871
879490,0.11579520490775094
879491,0.6514264255925449
879492,0.029555687878885448
879493,0.9742089599649518
879494,0.8476715502367439
879495,0.9951040926921483
879496,0.454015737781549
879497,0.9437397044222715
879498,0.10295888992734453
879499,0.9996347540185746
879500,0.1776338756987647
879501,0.9888516239243138
879502,0.26825788605834777
879503,0.9995774697051074
879504,0.4684298361761148
879505,0.4264341680444652
879506,0.9998287512561015
879507,0.762676018521822
879508,0.9990576185652562
879509,0.9990875733146698
879510,0.9883531160747754
879511,0.1826768465942974
879512,0.9999384211527893
879513,0.7143771042521482
879514,0.04118097080147351
879515,0.999915902927107
879516,0.9971702312068282
879517,0.9106008048821215
879518,0.02225259262901909
879519,0.9996792129105182
879520,0.7502316288261929
879521,0.999781525383977
879522,0.9999157751205414
879523,0.27616368293473914
879524,0.9999742807333445
879525,0.9999910490382253
879526,0.9998957073237351
879527,0.23326306676831843
879528,0.9958991745008374
879529,0.9997321356072382
879530,0.043618023126516484
879531,0.5287951937320559
879532,0.01245138888688744
879533,0.9967341218575324
879534,0.08306767695959383
879535,0.6338408467401342
879536,0.5949926710723006
879537,0.9959423408068397
879538,0.9985976968444896
879539,0.9997932385557442
879540,0.6807831359241467
879541,0.9999898398559353
879542,0.9997120015023295
879543,0.015135087671947201
879544,0.11512369073757633
879545,0.4607519323373125
879546,0.9995720773432712
879547,0.9826241741303275
879548,0.9999444319617932
879549,0.35619415303916935
879550,0.9986419941918401
879551,0.8017461068687104
879552,0.7973457069343732
879553,0.6053419061715317
879554,0.8331272572870612
879555,0.8312496582104624
879556,0.5853631699661359
879557,0.9999388589836316
879558,0.8191972980322229
879559,0.9860692640964897
879560,0.3942397617459936
879561,0.7248764802874504
879562,0.8572926940083083
879563,0.9999774786811109
879564,0.9999652897696263
879565,0.8133738979631051
879566,0.993882247441986
879567,0.9995994415967853
879568,0.9630005686495378
879569,0.9988046583614693
879570,0.3889877422601994
879571,0.6103853848563207
879572,0.9986689665907387
879573,0.5875429700573732
879574,0.9999278691098741
879575,0.10126399744730469
879576,0.5509795872131701
879577,0.9999599037884227
879578,0.057210085313928835
879579,0.7920623325140426
879580,0.6238214976275182
879581,0.6870059006937239
879582,0.9998488648831277
879583,0.9929580314462663
879584,0.6793850008286851
879585,0.8454295112813679
879586,0.2512148780389465
879587,0.9675036238932697
879588,0.29515246371756476
879589,0.9304512637852922
879590,0.48471971333963004
879591,0.8404255282928028
879592,0.561783953095228
879593,0.06803099224077205
879594,0.998091199700993
879595,0.6768868365176836
879596,0.5150999845592661
879597,0.48674477984804687
879598,0.9934997719661088
879599,0.9854178219575298
879600,0.06026312339605759
879601,0.9992289061589892
879602,0.9270960106973549
879603,0.9999902700735154
879604,0.7089830325134794
879605,0.8883614198361676
879606,0.1420337854791834
879607,0.9998591239723295
879608,0.979078482646999
879609,0.5307279011380143
879610,0.1885344870454557
879611,0.9785880768596695
879612,0.9967188890164612
879613,0.6206061038996001
879614,0.0331376685480194
879615,0.8165518967910432
879616,0.9995025379042917
879617,0.9950617733297189
879618,0.9920390356908035
879619,0.9999061272804346
879620,0.9982152497613344
879621,0.8698491341682322
879622,0.7097197226427404
879623,0.9931314789918496
879624,0.9938438550035789
879625,0.06500229128675308
879626,0.13992994338013146
879627,0.27924080247087907
879628,0.9991295951004092
879629,0.9998646932938993
879630,0.8592680338038832
879631,0.9990088159432643
879632,0.9999900240791036
879633,0.9996764562739151
879634,0.15207863247989978
879635,0.12159650488887422
879636,0.08110218959300075
879637,0.16046806454482854
879638,0.7624077528657003
879639,0.602670435206833
879640,0.9961061141603944
879641,0.999573552420063
879642,0.9999758028267968
879643,0.027057635956699404
879644,0.6655113060708254
879645,0.9779747772767236
879646,0.03871313387914856
879647,0.5303716667337062
879648,0.7546863637681849
879649,0.445464421142135
879650,0.6239792844066433
879651,0.9998510581461789
879652,0.7082510302180536
879653,0.9996717388987988
879654,0.995219113660779
879655,0.23962022154440205
879656,0.8863243179824857
879657,0.9925769774894753
879658,0.7026833645542828
879659,0.08898552488241449
879660,0.9969198829698815
879661,0.8908489643303785
879662,0.19824513129269092
879663,0.004631756777159243
879664,0.9978733295195424
879665,0.9999253127743857
879666,0.9997619724599492
879667,0.7524888887815971
879668,0.9875836693831848
879669,0.999443255870317
879670,0.9997297431316361
879671,0.9974691549244967
879672,0.30504349282258275
879673,0.6651664811439502
879674,0.949689100931888
879675,0.11176117960084728
879676,0.31989382923048126
879677,0.6632006569273812
879678,0.9320576472150685
879679,0.6210214059973919
879680,0.9999773516920529
879681,0.9980509075723952
879682,0.9997575095534414
879683,0.8366027503578457
879684,0.9993169843402561
879685,0.07615154280118927
879686,0.759319499611208
879687,0.4654684926651032
879688,0.9054516133026871
879689,0.9756005226000792
879690,0.5933171366344042
879691,0.9995991682656236
879692,0.7436156461954326
879693,0.035447528685716906
879694,0.5825272059654948
879695,0.999921000723395
879696,0.999499315986961
879697,0.7041263527981498
879698,0.8725383531777543
879699,0.9790776019171247
879700,0.9997307735056854
879701,0.9962686498819779
879702,0.9997101159558982
879703,0.9999908209302659
879704,0.47233422371044714
879705,0.9998856857875543
879706,0.7265586794885655
879707,0.13627207625668722
879708,0.9989232446733232
879709,0.9951822870016497
879710,0.5894637851305311
879711,0.9959899913476888
879712,0.5488447894245657
879713,0.9520664464166306
879714,0.9966223469676511
879715,0.9993383012401598
879716,0.87310961792283
879717,0.7063944677325142
879718,0.9999865952584281
879719,0.3544859231353621
879720,0.26582851256640627
879721,0.9999847161344542
879722,0.9761374806138806
879723,0.9965162993784968
879724,0.9106907928918613
879725,0.8117665907067313
879726,0.7481278602189492
879727,0.9975149439037714
879728,0.7256161677368143
879729,0.9997196994096427
879730,0.23988601766194512
879731,0.8981572115187096
879732,0.999609732733725
879733,0.18969600411874038
879734,0.9879208719373493
879735,0.9994279591135502
879736,0.5248629856324203
879737,0.44165212489667677
879738,0.27915645073044204
879739,0.9608250921406132
879740,0.6063778153795156
879741,0.9466408127533019
879742,0.8006330338096064
879743,0.9999124045441194
879744,0.9945973205640817
879745,0.6311586273778864
879746,0.5192749494774773
879747,0.8711020899424504
879748,0.035074508420764906
879749,0.01834647830752731
879750,0.603671147912807
879751,0.9542568104931711
879752,0.9998393162045291
879753,0.9796775765319354
879754,0.99227948542387
879755,0.9993795791054478
879756,0.8034535344812741
879757,0.05687559412936001
879758,0.9996801918667693
879759,0.3254633265690948
879760,0.15636181076499747
879761,0.9979266789001747
879762,0.017598069013279625
879763,0.9911010453007826
879764,0.9999214803445314
879765,0.4545829074767266
879766,0.787263549153529
879767,0.9975045439191408
879768,0.053735885643404584
879769,0.9737365693640918
879770,0.9888430707019226
879771,0.9970628919058383
879772,0.7810434038851137
879773,0.9936430280496505
879774,0.13513782985235825
879775,0.24640625231196905
879776,0.9996561045767969
879777,0.3532554914029934
879778,0.9995569419687262
879779,0.02540692783499329
879780,0.9935450681411386
879781,0.9996298757071589
879782,0.9998477950102247
879783,0.7866709768652838
879784,0.82524959835777
879785,0.9998918196923832
879786,0.9981577339646885
879787,0.99989136589631
879788,0.8974901773575573
879789,0.9998717069577157
879790,0.7567143569811122
879791,0.9997793266694578
879792,0.9960376752801534
879793,0.4172258340697745
879794,0.01185282667924083
879795,0.005670343671183849
879796,0.9718813224886337
879797,0.346947241802514
879798,0.9999922728960764
879799,0.19731595730668547
879800,0.40623177099418883
879801,0.955038309228844
879802,0.9990135316902781
879803,0.9203908663539426
879804,0.8755720833662313
879805,0.23602019326046803
879806,0.40038138675768564
879807,0.006687295122771081
879808,0.9948990414019445
879809,0.3692135638107656
879810,0.5817814358380097
879811,0.9998656590755095
879812,0.9990160649746775
879813,0.9988954903652936
879814,0.9999662701368777
879815,0.6943689179507972
879816,0.9794209946663757
879817,0.9982995053797168
879818,0.0025682388922179766
879819,0.999016630314661
879820,0.9995879753440263
879821,0.8261085485613701
879822,0.9663791167022857
879823,0.996876988004306
879824,0.9999768086811232
879825,0.9999513289439741
879826,0.8519359380140263
879827,0.8438413295227642
879828,0.9998441045356129
879829,0.8289865371935629
879830,0.9993154508551152
879831,0.20071917670346265
879832,0.02109725330029846
879833,0.19458603683436895
879834,0.023186524840830555
879835,0.9999404741405014
879836,0.9456416171137854
879837,0.5010564655398153
879838,0.7095506178326516
879839,0.5184617054455595
879840,0.9999880105168164
879841,0.5457145245781411
879842,0.05415836009747064
879843,0.6489430752130805
879844,0.9994084394013387
879845,0.9999758341253474
879846,0.9621677105949598
879847,0.9999548902751655
879848,0.15830353218988694
879849,0.9999622733803196
879850,0.987795717939617
879851,0.05004781131202489
879852,0.7147232440984982
879853,0.9971039679464061
879854,0.957735898695411
879855,0.9999190952783772
879856,0.9999446222999813
879857,0.09815378380991785
879858,0.7170340162156419
879859,0.5866341219816003
879860,0.5693268684155884
879861,0.9999778049731032
879862,0.9986081886372548
879863,0.9980767648976463
879864,0.9991411202387124
879865,0.01616041481577922
879866,0.4996978693547336
879867,0.8253380191654804
879868,0.9130781144197938
879869,0.12143261439874878
879870,0.3308548988257688
879871,0.3541014757646902
879872,0.23877007122367358
879873,0.6955364489070219
879874,0.03233098317513615
879875,0.7297798828471944
879876,0.8296945111857676
879877,0.624333627966611
879878,0.9998987150004193
879879,0.7253475912377654
879880,0.006561927905093162
879881,0.44238978877751584
879882,0.9992349488149108
879883,0.9868563933199384
879884,0.07045184860284577
879885,0.9983652182552165
879886,0.11168084625643189
879887,0.9970273392981674
879888,0.9999592246147112
879889,0.02320369751430456
879890,0.9885090525540228
879891,0.7641146129308802
879892,0.7053318475531923
879893,0.9997022270614428
879894,0.010061313139311072
879895,0.9999357299414924
879896,0.9973630591654142
879897,0.11890571140922856
879898,0.9950308545767088
879899,0.7923795085574309
879900,0.33538146400837754
879901,0.9996354989170742
879902,0.9998799094240505
879903,0.9989717775982191
879904,0.5379996098960217
879905,0.9791042819470194
879906,0.25314434613878595
879907,0.4274270583646307
879908,0.03862033020852406
879909,0.9998602226582157
879910,0.001615408904925507
879911,0.05153054722557436
879912,0.9242395948138085
879913,0.8571226679372442
879914,0.8573262451638209
879915,0.08519421273704218
879916,0.9583375635446378
879917,0.0327617679507865
879918,0.016027023211680425
879919,0.9550628741417164
879920,0.9961883822188831
879921,0.12573452183210354
879922,0.06999045519246766
879923,0.9999717881732735
879924,0.999784423260234
879925,0.12570567031138977
879926,0.06653015134515955
879927,0.9973275592299912
879928,0.9893065255796563
879929,0.9999912235529334
879930,0.9999761696485916
879931,0.9457286687236173
879932,0.9629311646279923
879933,0.9939614645504249
879934,0.22230830054212014
879935,0.80400713096512
879936,0.023724319345114347
879937,0.9975992905505555
879938,0.9989782938300487
879939,0.7857077432512789
879940,0.9970236955610778
879941,0.09742187479523978
879942,0.9782244921169165
879943,0.9999062418170879
879944,0.9756622597265041
879945,0.7011721119372061
879946,0.12203137859132929
879947,0.987240403324058
879948,0.09018616209714378
879949,0.9999833390246953
879950,0.9996524064254726
879951,0.09695302091487074
879952,0.9994384856715628
879953,0.9999674731216455
879954,0.9999408885519144
879955,0.9986472601747176
879956,0.9965822076012589
879957,0.8044468933747072
879958,0.9176749468022269
879959,0.9999666526091473
879960,0.9999225588619635
879961,0.9151789698883762
879962,0.1816487953217209
879963,0.9997543874961858
879964,0.9306744089441217
879965,0.9677519313291703
879966,0.9997545454276455
879967,0.06929663627243608
879968,0.9996711633156015
879969,0.051304341483563116
879970,0.8564937754336787
879971,0.9094218506458661
879972,0.9998091976881595
879973,0.9999494071130501
879974,0.018789941814738028
879975,0.9189464920174637
879976,0.4950948929886225
879977,0.543244806368254
879978,0.7639523824765951
879979,0.5375078359948253
879980,0.7640893996443794
879981,0.999784486491796
879982,0.9289855713804184
879983,0.9991050795135612
879984,0.1712818224501873
879985,0.9955850283274288
879986,0.8399291491507601
879987,0.9998184709045751
879988,0.9993470055283754
879989,0.7494982986728167
879990,0.4266827200389438
879991,0.155882073888665
879992,0.9599466204549382
879993,0.821247579312324
879994,0.9998906294156783
879995,0.9640145487569508
879996,0.9177218870434534
879997,0.4697118571366947
879998,0.005580358730122576
879999,0.020057421494173708
880000,0.995606836907995
880001,0.968561391347907
880002,0.9980046657253459
880003,0.9946050926193106
880004,0.997840440140649
880005,0.9997323487520331
880006,0.9951427435890652
880007,0.12734482222035223
880008,0.5041737469533838
880009,0.9981864114423291
880010,0.9944732493487438
880011,0.9991362426257585
880012,0.2347709310541365
880013,0.9999303607881616
880014,0.9973721930308568
880015,0.9434953705988884
880016,0.08713636208962575
880017,0.1778147449719613
880018,0.9999328258268285
880019,0.9859958082385347
880020,0.8937609027880222
880021,0.6146831011823705
880022,0.5362932861506647
880023,0.7831833211951191
880024,0.9980532465930916
880025,0.2895028748836765
880026,0.2950491967919633
880027,0.9996152573500638
880028,0.7987336485259069
880029,0.9997450104944412
880030,0.9914880587309907
880031,0.7891983361295946
880032,0.998594432718442
880033,0.9999685188242646
880034,0.999712458668436
880035,0.999885249135827
880036,0.9191159588114275
880037,0.9643659955028414
880038,0.22446467133879394
880039,0.9999578245764003
880040,0.24884854387117689
880041,0.07503313259986506
880042,0.645741904851693
880043,0.9307907049922076
880044,0.9925755155536048
880045,0.5231335209453354
880046,0.9999609130631208
880047,0.9997084829970936
880048,0.14890253299768827
880049,0.928665963076881
880050,0.9824296137167703
880051,0.9890914662039572
880052,0.9998336458840742
880053,0.023795742142624244
880054,0.9994956194590101
880055,0.4260596018473942
880056,0.8844579660139624
880057,0.17568595055874928
880058,0.999803816339891
880059,0.023696848620207777
880060,0.9165485566354565
880061,0.01908085515496392
880062,0.8513435210369192
880063,0.996480983495665
880064,0.4997032363428162
880065,0.9063036096105634
880066,0.9841821997144371
880067,0.9988674069403383
880068,0.05478084311444441
880069,0.6265319049734162
880070,0.99871089473209
880071,0.3497461894855728
880072,0.005326818715802159
880073,0.003735076558188294
880074,0.17259559625035736
880075,0.8200729523698915
880076,0.9984961655194953
880077,0.64568711561643
880078,0.12293229317802112
880079,0.8627790246992529
880080,0.9998964215622845
880081,0.9999870198130663
880082,0.9666288106948452
880083,0.9867018319739199
880084,0.6876852482779645
880085,0.9621784796892101
880086,0.9999115321877006
880087,0.99940587188417
880088,0.9998846097106902
880089,0.025311048973241178
880090,0.9998248477157776
880091,0.7486675278931862
880092,0.9386872212754398
880093,0.651192296390847
880094,0.0035239516323895457
880095,0.9987740775287781
880096,0.6312580534948116
880097,0.9997427044410985
880098,0.8758592245715129
880099,0.8736495315318719
880100,0.9999419546358317
880101,0.9581590434085938
880102,0.9992978017114413
880103,0.9938191335733104
880104,0.13398192192561859
880105,0.4788872693440479
880106,0.9999925573507956
880107,0.22822585613962165
880108,0.3854015656374094
880109,0.9997398427174337
880110,0.4460881668870055
880111,0.9992606443132248
880112,0.5062878005594019
880113,0.9995461589539593
880114,0.4093721875210877
880115,0.8947147398957209
880116,0.13508044854489734
880117,0.9978266141253634
880118,0.9394116608578639
880119,0.5933391157000772
880120,0.4830419557926073
880121,0.013714917677961005
880122,0.9995279486751135
880123,0.9998457027636876
880124,0.47983049152241486
880125,0.773410487336063
880126,0.9976621979339968
880127,0.04317260274128992
880128,0.9991561327154301
880129,0.9980081487477579
880130,0.8183407138379339
880131,0.999980353194754
880132,0.1278341146028965
880133,0.9001506880647776
880134,0.9976693597821737
880135,0.9998237572158266
880136,0.9999718800116923
880137,0.041541714123845136
880138,0.9999894980451984
880139,0.999992976162305
880140,0.9954594628285817
880141,0.9996818976232775
880142,0.9956412529314017
880143,0.999988055733878
880144,0.7140121210030322
880145,0.4376896840181059
880146,0.9987248528321178
880147,0.9998715794700073
880148,0.9969661737427112
880149,0.9996764953584569
880150,0.9836894474407472
880151,0.9957243321774705
880152,0.13498852597236433
880153,0.999973341926035
880154,0.9835959826778403
880155,0.9999154008893285
880156,0.9487123198503233
880157,0.9385362398751103
880158,0.9976272566579921
880159,0.9999631138912541
880160,0.9365863592463632
880161,0.28079592922613256
880162,0.9958947229758099
880163,0.766525846587713
880164,0.1614399027028609
880165,0.9997500644033088
880166,0.9997510358944285
880167,0.1711992519153335
880168,0.9879845282658506
880169,0.7739187057153522
880170,0.9998589880791868
880171,0.9998826980281083
880172,0.9954877754224121
880173,0.8083641576966953
880174,0.9270956396291281
880175,0.6882161216761149
880176,0.9951659783053387
880177,0.9982621908546878
880178,0.9996514857416379
880179,0.9981896218466781
880180,0.999814667285552
880181,0.9784065939666857
880182,0.4345831292614536
880183,0.7079552085301808
880184,0.08691526993489099
880185,0.9990712409041131
880186,0.9995554819387589
880187,0.9413355798310301
880188,0.06100525863816675
880189,0.9996752131645434
880190,0.893926510450936
880191,0.9997421208707343
880192,0.8947069986560594
880193,0.017316804887185625
880194,0.9996994504193402
880195,0.7762890251238325
880196,0.9962649319904661
880197,0.9999240890832445
880198,0.10612022912602251
880199,0.27033407561083134
880200,0.9998333598104536
880201,0.9483636147273842
880202,0.9053897929553198
880203,0.9999876335804934
880204,0.9787708797753071
880205,0.9881480232893003
880206,0.9889966267591044
880207,0.9999345763190628
880208,0.9746738302921081
880209,0.023914985553380452
880210,0.1907286861883117
880211,0.5568993514020055
880212,0.9999416551934652
880213,0.6625555520398801
880214,0.9670504154833223
880215,0.9982450234510576
880216,0.8331140001177562
880217,0.796421648458762
880218,0.3043227137841316
880219,0.9947967621139758
880220,0.9998080395547111
880221,0.9984336349595123
880222,0.946768847084346
880223,0.1947582831259228
880224,0.8672038692202775
880225,0.24063460816540125
880226,0.9909843143462153
880227,0.999908379382667
880228,0.2866539545601098
880229,0.9689299602887053
880230,0.46301059472243
880231,0.9942697041358979
880232,0.08623162624835472
880233,0.9999283128275381
880234,0.9951992395767577
880235,0.9789519728690617
880236,0.989523102242207
880237,0.9998692776964097
880238,0.034083502951112205
880239,0.9998208204720407
880240,0.0062819238524445455
880241,0.9999331363159475
880242,0.730583954152388
880243,0.9943192014115312
880244,0.7562036684355886
880245,0.18726413504888922
880246,0.34362722927961453
880247,0.9525184676415643
880248,0.4882957841347575
880249,0.9999493270471251
880250,0.9979067604032863
880251,0.9995036855121363
880252,0.8876989510625445
880253,0.9999919320822469
880254,0.9999013402871803
880255,0.9998230225460655
880256,0.9790278553150465
880257,0.3569796824543061
880258,0.999532820270762
880259,0.9554785497101181
880260,0.17480767457708324
880261,0.7885419301635467
880262,0.7088489357841817
880263,0.9595532578593684
880264,0.27859515984346533
880265,0.9915083720756102
880266,0.9548147580686317
880267,0.569624827631133
880268,0.979612923323242
880269,0.3598992750462583
880270,0.7163213187553406
880271,0.9999721664506442
880272,0.9974293345373842
880273,0.7226153436853991
880274,0.10296821799482503
880275,0.5233667647509959
880276,0.9779490959798536
880277,0.9877231124323289
880278,0.5719460703563707
880279,0.999714645061028
880280,0.6665779846472407
880281,0.9607531786408009
880282,0.9864595111187502
880283,0.8998511599268135
880284,0.8399032451742114
880285,0.06448368716758707
880286,0.999538928631627
880287,0.6623753699982609
880288,0.990559443694631
880289,0.5248244821705852
880290,0.9994933781196685
880291,0.9925107978063745
880292,0.9997743686701939
880293,0.8977210578744081
880294,0.995287729467415
880295,0.9786767699168903
880296,0.9983091132398257
880297,0.9161814301904506
880298,0.9965411270787548
880299,0.9462407654699196
880300,0.999846080023972
880301,0.9999403039048701
880302,0.97232913810451
880303,0.06608854510798946
880304,0.17518298951642353
880305,0.9734825184538325
880306,0.07887606782639944
880307,0.966500990882751
880308,0.11077271725973417
880309,0.050605254542750555
880310,0.9998773708517801
880311,0.9616208011144011
880312,0.9991811592475551
880313,0.8583205105270187
880314,0.9999725667293745
880315,0.9990918347440904
880316,0.5125318885992829
880317,0.8495557643269047
880318,0.9934250272867273
880319,0.998883841686627
880320,0.06730047576192505
880321,0.9948726500873248
880322,0.9900540550466894
880323,0.8176282064703393
880324,0.872276747651004
880325,0.9977371456018368
880326,0.9917311966771104
880327,0.22875264288827735
880328,0.9890324881925385
880329,0.7259728545733226
880330,0.024089848295064085
880331,0.4823951382298196
880332,0.9754415661934681
880333,0.9999946485445648
880334,0.9969203604745855
880335,0.995489926520063
880336,0.999701646399625
880337,0.999988687547783
880338,0.08283473763142801
880339,0.9974188945293327
880340,0.37771436233148464
880341,0.09409414884386842
880342,0.9986727545991382
880343,0.8240567599771123
880344,0.017725549014574286
880345,0.19521200525419544
880346,0.9913456762929285
880347,0.9970059271923326
880348,0.6793917394272535
880349,0.49633577710108256
880350,0.9987525551688525
880351,0.997989988534072
880352,0.3737036130917455
880353,0.9676842943902753
880354,0.9999959680270866
880355,0.9957804493228716
880356,0.646028389382771
880357,0.9989169783997406
880358,0.9997151128295336
880359,0.005442279683942508
880360,0.9995362174950461
880361,0.00704770055404846
880362,0.9999642393124084
880363,0.09824207041839156
880364,0.4235267012763473
880365,0.9903295430688168
880366,0.9998539139189584
880367,0.9990884542329013
880368,0.24263254006084659
880369,0.8913394252056286
880370,0.7883660675498416
880371,0.9999326509911891
880372,0.16967663336413039
880373,0.1224301206451753
880374,0.999974216238284
880375,0.2502533776026833
880376,0.8998696936676329
880377,0.9974234176572955
880378,0.9995733868222285
880379,0.999339219626604
880380,0.7074150583202545
880381,0.9998955202062805
880382,0.4733124867397662
880383,0.887357644855042
880384,0.9922265104000797
880385,0.033358997515415226
880386,0.9055195459723783
880387,0.9990513037692473
880388,0.10275108453749898
880389,0.4012934624114878
880390,0.03165071818327326
880391,0.03137683703871419
880392,0.9100060740607541
880393,0.6559082320914111
880394,0.99973931977771
880395,0.999889523645298
880396,0.9995579953616471
880397,0.9777802506215931
880398,0.024938912567107244
880399,0.9902962866273517
880400,0.9993259169872799
880401,0.19388751220143272
880402,0.7138643301040268
880403,0.9996453865985605
880404,0.28097172725739245
880405,0.8337276405408749
880406,0.9922504943254243
880407,0.9807386771104342
880408,0.7262466868442006
880409,0.18005140203481776
880410,0.08600212878320368
880411,0.9995970992089942
880412,0.6698839219676755
880413,0.9598224360369916
880414,0.9764124579260796
880415,0.009122291490643733
880416,0.008806113346073705
880417,0.014248487596154666
880418,0.6005800042746291
880419,0.9780138274825336
880420,0.9506058197809817
880421,0.9999399018257132
880422,0.8779031235703931
880423,0.9987980852464076
880424,0.8290952817911856
880425,0.9945584121803283
880426,0.9227810878731975
880427,0.5294525192879038
880428,0.9795453281844878
880429,0.11567843098631103
880430,0.9998000085298561
880431,0.9961431814800515
880432,0.9674293484923208
880433,0.3171018695169242
880434,0.9997061284425044
880435,0.9670921910795721
880436,0.9963094513997857
880437,0.9999885620517761
880438,0.999893001472747
880439,0.8918979940357822
880440,0.8724283097055219
880441,0.9999498800293114
880442,0.9995475967926577
880443,0.844984674842115
880444,0.5203479670898431
880445,0.0031664630715233346
880446,0.9994428764933283
880447,0.9989099954869514
880448,0.018061375658995217
880449,0.9295589605419521
880450,0.9544017524464652
880451,0.9995697417767407
880452,0.4666639245458034
880453,0.9842153598397184
880454,0.019167715673107884
880455,0.5409048212794672
880456,0.04725754590804829
880457,0.9997881412290088
880458,0.9184900127485041
880459,0.9343793685543758
880460,0.6771508825278285
880461,0.10437399309858995
880462,0.9995623818629947
880463,0.7357585965782332
880464,0.9793372921511793
880465,0.9966209326891753
880466,0.9511033495340468
880467,0.9997544931417661
880468,0.1678384399047827
880469,0.49801421384981787
880470,0.07924224868026566
880471,0.7282952750837259
880472,0.58357560750039
880473,0.8787701106793614
880474,0.6453000635844303
880475,0.9911804832861553
880476,0.9994264995586191
880477,0.9998134426387767
880478,0.9476393642905425
880479,0.968281085765494
880480,0.9952047487966182
880481,0.9254993578086297
880482,0.9646015147211756
880483,0.9986270653582345
880484,0.9731348187928882
880485,0.9985361723920771
880486,0.9255183228437487
880487,0.9995105431148336
880488,0.9984061267172303
880489,0.6174289940589794
880490,0.23037014197818045
880491,0.9115490789641569
880492,0.0664814922945474
880493,0.10032725855369734
880494,0.9922449733640326
880495,0.9898870110796889
880496,0.9994462265654107
880497,0.1547002303677547
880498,0.8732316579873352
880499,0.9689471905428053
880500,0.8539746312634064
880501,0.9992906220938962
880502,0.9992769169861534
880503,0.9997882661264814
880504,0.303290879059229
880505,0.9996497032201291
880506,0.4733618423402043
880507,0.1778044538744793
880508,0.999613718344407
880509,0.9998381764820327
880510,0.9978272201870454
880511,0.9815247708023118
880512,0.24881789584913977
880513,0.5148412778137583
880514,0.9997913764418177
880515,0.25185602699590354
880516,0.9820021545490961
880517,0.5761145802183916
880518,0.990939307812452
880519,0.9969591281839669
880520,0.9852590443727836
880521,0.935416134600638
880522,0.9686113223037047
880523,0.8953700303827086
880524,0.9998634852165058
880525,0.21926806509804972
880526,0.9990180793018766
880527,0.8254725742031002
880528,0.9878285146430799
880529,0.03175505641275002
880530,0.9035234232268705
880531,0.9999196286216971
880532,0.1704048650632429
880533,0.7679724163778963
880534,0.9966922292206772
880535,0.10287875996021158
880536,0.9401358335425531
880537,0.9997918368359093
880538,0.9918732552836083
880539,0.9710043907123155
880540,0.9996928000144865
880541,0.9989473445359546
880542,0.994113363615327
880543,0.9983480956185404
880544,0.9991638494941245
880545,0.991149903429639
880546,0.8596074591711449
880547,0.01989355331283242
880548,0.678729242137549
880549,0.999440712844792
880550,0.2937376564697424
880551,0.9999747342305723
880552,0.74337401599269
880553,0.3784904259803963
880554,0.0377756724510663
880555,0.9999592067532348
880556,0.2452656682105195
880557,0.623859271852168
880558,0.9999777793110829
880559,0.993296808632995
880560,0.7055845070132409
880561,0.9600492901212025
880562,0.957517518454829
880563,0.3049864209930615
880564,0.45589116631981486
880565,0.61920332650507
880566,0.9962876011940798
880567,0.03218995296036474
880568,0.6351686121761466
880569,0.05389765995316752
880570,0.9997843447236705
880571,0.12813138089289894
880572,0.9652658791168938
880573,0.595768557559093
880574,0.7978089682489838
880575,0.999801000742912
880576,0.00526635360248544
880577,0.004672957039401445
880578,0.5795236210894426
880579,0.016703808236633023
880580,0.9999145764378883
880581,0.6359804549700689
880582,0.9996930194394646
880583,0.44127791918479264
880584,0.0014168508483382587
880585,0.7825799324224839
880586,0.8487324928712301
880587,0.4463204321217816
880588,0.008375080821636733
880589,0.9995588668304333
880590,0.9999578892285044
880591,0.8774171229135648
880592,0.98457640105342
880593,0.271101712996901
880594,0.2726189158942239
880595,0.9825329730338297
880596,0.1601756051443385
880597,0.999974383171478
880598,0.06325234757814284
880599,0.056278507002076414
880600,0.784061705735736
880601,0.7927500364189772
880602,0.18540769471931873
880603,0.08569366994404995
880604,0.980373781530172
880605,0.41347702695379723
880606,0.8962152787965547
880607,0.9747312061959206
880608,0.6679287244324636
880609,0.014123945370094256
880610,0.9318484773305127
880611,0.9999609394594967
880612,0.9999849223334246
880613,0.9929028600875267
880614,0.25047491515307624
880615,0.9260407710315551
880616,0.9997002163442263
880617,0.9997611997406446
880618,0.7561673210086621
880619,0.9943620069065766
880620,0.999342390048474
880621,0.07333723659576351
880622,0.989462055430577
880623,0.24985231784599193
880624,0.9997499312751406
880625,0.9893948011749502
880626,0.42736106663884865
880627,0.738451456917059
880628,0.8761542553133532
880629,0.40130104100175995
880630,0.9182871955296534
880631,0.6344380528772473
880632,0.9999445689006612
880633,0.5873163238646344
880634,0.8780580949066471
880635,0.190468363103022
880636,0.04979459929390892
880637,0.041886754988608464
880638,0.806392792425341
880639,0.1346656288266071
880640,0.13980245907071334
880641,0.24721250903962874
880642,0.6994301534241292
880643,0.42621523752606233
880644,0.4464635897031801
880645,0.05626792968667835
880646,0.9998061776670091
880647,0.4079927734536513
880648,0.9945542367555579
880649,0.08204088576753002
880650,0.9869803447706142
880651,0.05388314834339975
880652,0.999848489753499
880653,0.19580407108060457
880654,0.9999372501658348
880655,0.9883317847815426
880656,0.9997451261213315
880657,0.774499672127872
880658,0.9999957460369484
880659,0.9999601122214881
880660,0.047514953396528656
880661,0.9958092614406548
880662,0.37469685550576426
880663,0.024427432460450926
880664,0.28743650353980416
880665,0.09317641487480378
880666,0.9999092691519682
880667,0.9875662514446124
880668,0.3939091104805323
880669,0.7734150725429652
880670,0.9928252151103036
880671,0.14214447613228162
880672,0.9921433669154001
880673,0.0830866747616277
880674,0.24137431339482207
880675,0.07031167987984442
880676,0.474670609732213
880677,0.943157477503841
880678,0.9994349774634806
880679,0.9494445773600361
880680,0.9998915803563062
880681,0.1808857853914871
880682,0.0015862659334154635
880683,0.9565737537920284
880684,0.16161418970924915
880685,0.9976711368429805
880686,0.6857682992902298
880687,0.9105476671105042
880688,0.9923138477828236
880689,0.9396624659450589
880690,0.6394302500237476
880691,0.9993259174315915
880692,0.999728269711198
880693,0.9108367025120123
880694,0.9977240639404987
880695,0.7236002939553702
880696,0.2808183205254558
880697,0.9999228997774994
880698,0.056736312740736095
880699,0.9828908669058707
880700,0.06622610790391954
880701,0.9999129014464309
880702,0.9989655063961569
880703,0.2598441005812721
880704,0.08568020469304724
880705,0.9999690431884933
880706,0.3986365531879595
880707,0.34160412549681013
880708,0.9999904790564755
880709,0.7985351587218112
880710,0.9997232426647116
880711,0.31732380060552884
880712,0.03218895659423386
880713,0.8689394290744838
880714,0.9996980527215439
880715,0.8358254978372186
880716,0.550630788434193
880717,0.9995965194660322
880718,0.9986831778355483
880719,0.010806259117980634
880720,0.9697160138821221
880721,0.9999436675093234
880722,0.47487176593364794
880723,0.9743450547278396
880724,0.9808378162746008
880725,0.07238094757594908
880726,0.9996630795101552
880727,0.9834800355300137
880728,0.9944769320202231
880729,0.063539552029077
880730,0.2580669220734389
880731,0.9878344678389723
880732,0.855117186528415
880733,0.06610101941607763
880734,0.9999477697401992
880735,0.9981158177443652
880736,0.9948562015924651
880737,0.9008292260218305
880738,0.25785060203620647
880739,0.9944477565110695
880740,0.9929624059221014
880741,0.9996127152319134
880742,0.9999274127331209
880743,0.5978446606115884
880744,0.9177051199299393
880745,0.9990192548186133
880746,0.8173570535423725
880747,0.9980684848298413
880748,0.9996295050621912
880749,0.9999608689373426
880750,0.9060560601684117
880751,0.512234545054822
880752,0.987451429108107
880753,0.36194250207388534
880754,0.771596086993801
880755,0.9999783443030106
880756,0.9975012043837019
880757,0.9985238717060243
880758,0.23543245443944133
880759,0.4420427211206837
880760,0.998762944633588
880761,0.9077361826514362
880762,0.9889001653214226
880763,0.8106380026086657
880764,0.9973528231941844
880765,0.9987000216653412
880766,0.9999778706036477
880767,0.9210123587101394
880768,0.9935014451650487
880769,0.14073615037261172
880770,0.11260439418378204
880771,0.11532139682853226
880772,0.9428809562205028
880773,0.9932075686349611
880774,0.9885666178730685
880775,0.9983147274250014
880776,0.5319765719988352
880777,0.7563366151339151
880778,0.9996760898719335
880779,0.9996573392424439
880780,0.14233291201816278
880781,0.9140735278661507
880782,0.31846191978370375
880783,0.8722711984186267
880784,0.9925253005357892
880785,0.1768066551165983
880786,0.8959441384506961
880787,0.2051336557396966
880788,0.9996026793810392
880789,0.17581260667200446
880790,0.4335300941774694
880791,0.32991519868823027
880792,0.01502020437560642
880793,0.5369887713324071
880794,0.9939625515271537
880795,0.9948654907970806
880796,0.9999859718652512
880797,0.9997943522579993
880798,0.23569292216309032
880799,0.4911496552068023
880800,0.9999750219466337
880801,0.036977764360853996
880802,0.9993106985760536
880803,0.04236250768246549
880804,0.9950587566119312
880805,0.12442639287199199
880806,0.24115803011868148
880807,0.5966292694619566
880808,0.9969771425666121
880809,0.09660737427536803
880810,0.9332728142353849
880811,0.997881487823874
880812,0.9943017219379189
880813,0.2085681140387156
880814,0.13548227848027208
880815,0.999719104352977
880816,0.9999934508683184
880817,0.9909720516309355
880818,0.9957934418584177
880819,0.04792165893427268
880820,0.5848978498409215
880821,0.9976576585981951
880822,0.8562833174932079
880823,0.09813652546330298
880824,0.9622765099994885
880825,0.787104252343276
880826,0.9978938474882441
880827,0.9997059040415959
880828,0.7460860003088725
880829,0.9996998968548622
880830,0.5865479079458592
880831,0.8699941553268873
880832,0.061889528474284264
880833,0.9999539087075315
880834,0.10588134014544391
880835,0.17079615798230402
880836,0.8741833590327908
880837,0.9990914970668532
880838,0.9996551975016149
880839,0.9618775644183979
880840,0.9760001911393166
880841,0.976724954457814
880842,0.057318300610393245
880843,0.9665609008284033
880844,0.9979546240145607
880845,0.28755096769830396
880846,0.9995741986391619
880847,0.9983176762933575
880848,0.11852318291755826
880849,0.05101604953917408
880850,0.9996245453223496
880851,0.48429723100511113
880852,0.5048099552487917
880853,0.999713263006442
880854,0.9996080030353244
880855,0.3047750001640277
880856,0.6731626576297551
880857,0.9999460486775692
880858,0.9984165338341782
880859,0.9678814333359441
880860,0.9999053592558795
880861,0.9996306878470576
880862,0.998514932672778
880863,0.9987435204684019
880864,0.6709113941474868
880865,0.994908167862594
880866,0.008061088492184364
880867,0.9986863320629836
880868,0.9998285979083096
880869,0.8625676821303815
880870,0.552044961516143
880871,0.6708474491273732
880872,0.999798063792958
880873,0.9999485053150168
880874,0.9988728814781787
880875,0.9997347679390347
880876,0.35848012141274543
880877,0.36202413217087503
880878,0.24256039333875742
880879,0.9992609977984923
880880,0.9883608750628625
880881,0.017311905957564013
880882,0.9412984755774281
880883,0.7760095452310458
880884,0.05449176341447115
880885,0.31644373175692736
880886,0.9874667347717586
880887,0.9912007040076829
880888,0.02510543785331679
880889,0.9710128459903558
880890,0.9996715114931733
880891,0.609944956782231
880892,0.9727910091509833
880893,0.9999624399002667
880894,0.6106997041384673
880895,0.7990066958883884
880896,0.8426627797990207
880897,0.9999468870479027
880898,0.9999695703981262
880899,0.9965930711027324
880900,0.9999685843545547
880901,0.04901456182846478
880902,0.9999182543776269
880903,0.9998434602025221
880904,0.96711105342573
880905,0.9794748417766075
880906,0.9992963648953745
880907,0.9632794800175204
880908,0.9999390133315664
880909,0.9881477612353882
880910,0.9998340300906833
880911,0.9655666196114504
880912,0.9928077517056371
880913,0.7928182743786261
880914,0.9442250008069917
880915,0.8865808591167268
880916,0.9985323619743578
880917,0.014718934408832214
880918,0.38924719117731343
880919,0.9953108262346737
880920,0.8049578984527979
880921,0.7724982033989976
880922,0.9944134288787057
880923,0.44414775179864596
880924,0.9985470229796753
880925,0.9997025667417041
880926,0.9999379140511249
880927,0.9299604224115703
880928,0.977878518460574
880929,0.40849581129218104
880930,0.04129918563216238
880931,0.06890211606219011
880932,0.0036202235780784034
880933,0.9998679478949832
880934,0.9994867678963969
880935,0.9854860842809455
880936,0.9995123119838465
880937,0.9938234709542475
880938,0.9998083619320419
880939,0.5578842629264122
880940,0.9995918854641668
880941,0.22123398383156867
880942,0.041505920855957425
880943,0.9996716880317689
880944,0.0424476519488856
880945,0.9959357264301703
880946,0.005429802137733534
880947,0.29844703057921296
880948,0.8985358468743438
880949,0.5305559598869174
880950,0.6148667613022882
880951,0.9942835028680963
880952,0.9995900764631798
880953,0.8236687040861863
880954,0.012599361078522804
880955,0.9984793334768065
880956,0.996091757879999
880957,0.9975636992551139
880958,0.6395012999085178
880959,0.004669691295490382
880960,0.9971450658407351
880961,0.916812223790064
880962,0.08006135820717265
880963,0.998921109062152
880964,0.6372916909836855
880965,0.9105004361991443
880966,0.9998906518948896
880967,0.9204472363911388
880968,0.9990245829404295
880969,0.9835706619631047
880970,0.1872327015450057
880971,0.9974777688157563
880972,0.9999388088960353
880973,0.3946008728266507
880974,0.024311790077336064
880975,0.999781759110494
880976,0.997676031570826
880977,0.9943500437746416
880978,0.9999674833363922
880979,0.9995839602484977
880980,0.9999713303579262
880981,0.9999727607071085
880982,0.4222755356582961
880983,0.043631082989538786
880984,0.9985199329669916
880985,0.9435433638192152
880986,0.9999586836108023
880987,0.9915764283100346
880988,0.9718361403225735
880989,0.26889687705959514
880990,0.9996922631322964
880991,0.710857650816203
880992,0.9940859139910365
880993,0.999973108137775
880994,0.066806280707102
880995,0.999913896900303
880996,0.998978064065798
880997,0.9161568922669786
880998,0.7756742951958189
880999,0.9983778843584381
881000,0.12607032833578155
881001,0.9697572481938557
881002,0.9997170079556186
881003,0.9992658100138695
881004,0.9999292464986383
881005,0.21114025463207758
881006,0.9991471933278676
881007,0.6007698622900999
881008,0.9997647023551047
881009,0.9525762091093083
881010,0.9984713975706061
881011,0.7884816752246897
881012,0.9980648765896787
881013,0.9929639783528239
881014,0.4169772601656755
881015,0.17081587075647167
881016,0.9947309975439018
881017,0.986294673645752
881018,0.30059114235494566
881019,0.9998406914485585
881020,0.2236601811716476
881021,0.017452030298363046
881022,0.9802852504566486
881023,0.9680257922340263
881024,0.9075897466246852
881025,0.014834263539480655
881026,0.7353097490093836
881027,0.6274419672578506
881028,0.7639239861943307
881029,0.19546299118390803
881030,0.02577372976553128
881031,0.41412468203177405
881032,0.9991502445464844
881033,0.9999086880029515
881034,0.44850141165381063
881035,0.017980273652992464
881036,0.048136333839302776
881037,0.3196886395599988
881038,0.9997962244058165
881039,0.5507646844222648
881040,0.9839540604120277
881041,0.18857170420034974
881042,0.6601450772618476
881043,0.9975026038657968
881044,0.9997869094678768
881045,0.9999817726741411
881046,0.7675673820128897
881047,0.9990521964704995
881048,0.9909510722592675
881049,0.9999271476509989
881050,0.27037266400742277
881051,0.6799437595102112
881052,0.6435513805733792
881053,0.797968861663465
881054,0.9997369825353128
881055,0.9954110428791241
881056,0.9996167303898988
881057,0.07042853002147324
881058,0.998356915727528
881059,0.9995342226917522
881060,0.050701100136063576
881061,0.9970688867675568
881062,0.9984109671543332
881063,0.9997527080320954
881064,0.028152269741085124
881065,0.9097691198753335
881066,0.999371578216214
881067,0.9692236260104539
881068,0.9976534851455685
881069,0.9997677310587726
881070,0.8857869518005382
881071,0.9995275891911886
881072,0.5099929717472893
881073,0.521649321492773
881074,0.13620867242544696
881075,0.4703453252355623
881076,0.9718436339231246
881077,0.1918308439520781
881078,0.6415123389012463
881079,0.03851368132655272
881080,0.2773130571344806
881081,0.9971529844159714
881082,0.032615929788225397
881083,0.6073954003045996
881084,0.9997038996817386
881085,0.9996400471581023
881086,0.05207668635007955
881087,0.9999058885510292
881088,0.9997565506366217
881089,0.8572692660789352
881090,0.9999826567945049
881091,0.3605079230146738
881092,0.32938474376591936
881093,0.3001493102080837
881094,0.8214693038844532
881095,0.9936189484784335
881096,0.5417671691727579
881097,0.8230495267587925
881098,0.9982402919139208
881099,0.9999043757202701
881100,0.902615649393548
881101,0.03870740679911917
881102,0.9995446219002445
881103,0.999989585785475
881104,0.0268051733934172
881105,0.996083148527475
881106,0.7096419209671138
881107,0.9827436067327429
881108,0.6854330808285028
881109,0.27341441576482906
881110,0.9971005843025853
881111,0.8802249583971519
881112,0.02671995634408217
881113,0.8001136942961187
881114,0.9999673999739663
881115,0.7760519096955378
881116,0.013873808136410433
881117,0.9960992752150966
881118,0.9412758694227521
881119,0.07311123131832452
881120,0.9980694808604564
881121,0.7219381283792363
881122,0.9999601271470019
881123,0.6366313573408224
881124,0.9995739782343901
881125,0.9967937088943144
881126,0.0027423000683155264
881127,0.9987630912924365
881128,0.3244240574850175
881129,0.8606089223403581
881130,0.9999532464101578
881131,0.7288906710084444
881132,0.6875342558542645
881133,0.562387853008582
881134,0.9684826217574087
881135,0.8622652678075999
881136,0.9999387420848942
881137,0.16729267959565378
881138,0.9695948890006636
881139,0.5438733177754209
881140,0.9848384314957093
881141,0.9925022545754809
881142,0.9999659953576403
881143,0.9823053482204949
881144,0.9991881649167402
881145,0.052942900864612265
881146,0.9987923536351309
881147,0.9983523611053917
881148,0.999761796685608
881149,0.7458774471025471
881150,0.5955095829126191
881151,0.6389981710389169
881152,0.9998112365554477
881153,0.8606870897349634
881154,0.815374329850882
881155,0.3289080666752987
881156,0.47727292272149935
881157,0.9815033319505451
881158,0.5181882232156797
881159,0.9999189081362865
881160,0.9781386621254397
881161,0.37788272733006073
881162,0.9358404038153144
881163,0.9989042936578634
881164,0.9967950798179338
881165,0.14147568483912093
881166,0.004855623104750702
881167,0.3211462878966309
881168,0.9850384529217514
881169,0.9988003807340337
881170,0.9970470153246153
881171,0.9999269762598092
881172,0.994341235101061
881173,0.9997353873102767
881174,0.36681001874360764
881175,0.8042109076571524
881176,0.9441126187674508
881177,0.9832874414902484
881178,0.9937637811170879
881179,0.0756039327509009
881180,0.8815977077175902
881181,0.9982852591501102
881182,0.9993520476219155
881183,0.9995695589960734
881184,0.8637251983734614
881185,0.9966297976458001
881186,0.6971963308913958
881187,0.9998503354433225
881188,0.9995667300487792
881189,0.993155719053461
881190,0.4047423007380494
881191,0.5711834613658222
881192,0.993016297874126
881193,0.9959242770512496
881194,0.7884432549421561
881195,0.9999706651306128
881196,0.9997486692298563
881197,0.6001121576820567
881198,0.01758673350453132
881199,0.999890148339101
881200,0.5387352207276124
881201,0.9999930542420779
881202,0.99863921101433
881203,0.6314184962609567
881204,0.793734459286734
881205,0.1608329036243185
881206,0.08247756085919825
881207,0.10714229530818699
881208,0.052903080257647575
881209,0.9351519165101979
881210,0.9555773379750444
881211,0.99605511199131
881212,0.999954840915516
881213,0.98149874957846
881214,0.972627962289969
881215,0.9103390367225941
881216,0.9925507955211806
881217,0.83309884630134
881218,0.9978417272427527
881219,0.995945913949785
881220,0.9489500517523691
881221,0.999782618355533
881222,0.6014746624893251
881223,0.21699416988060766
881224,0.9899904126935795
881225,0.9993609353213103
881226,0.2585920161206472
881227,0.9998700715506852
881228,0.9992027297496059
881229,0.9999040509765925
881230,0.6682961020849038
881231,0.013444353375731183
881232,0.004665844208289806
881233,0.9996518579254718
881234,0.999760357889844
881235,0.9988925107043867
881236,0.9402965831525549
881237,0.36305545949246854
881238,0.5991410551967251
881239,0.8169676051570826
881240,0.9954107457619132
881241,0.9997705557878243
881242,0.9997057379725734
881243,0.9952185923191279
881244,0.5256731882677006
881245,0.949494750131969
881246,0.13189729319953236
881247,0.9999801394578212
881248,0.9993181643837937
881249,0.9956925239873187
881250,0.43121545663894517
881251,0.009453274394342922
881252,0.43112589877801927
881253,0.23135527233111433
881254,0.020481157497586146
881255,0.022915989771984106
881256,0.3190202457670174
881257,0.9905848886328649
881258,0.8625259953778668
881259,0.03256927289868715
881260,0.1964290388503727
881261,0.9939998768406496
881262,0.9999739619560455
881263,0.9999636380857093
881264,0.9999165389597868
881265,0.9997834358794812
881266,0.23501622387123283
881267,0.9999929370449934
881268,0.622481506280036
881269,0.9995238350640603
881270,0.9995075016912175
881271,0.5059588110458919
881272,0.007707436566205378
881273,0.15157926561078378
881274,0.05446789305009016
881275,0.11331086845993749
881276,0.9999771939151788
881277,0.9895431077909209
881278,0.013733632384829907
881279,0.8511440183814518
881280,0.9999856725063927
881281,0.18696439813689916
881282,0.9935430385991395
881283,0.12581793381745987
881284,0.9995579125048113
881285,0.21579161543370076
881286,0.6241315691457328
881287,0.708150338237242
881288,0.058411947200050496
881289,0.998566756124925
881290,0.92363390282669
881291,0.9128679359373326
881292,0.9875674139490491
881293,0.06039182581040542
881294,0.9039847962927822
881295,0.09966819434848168
881296,0.026589757683842207
881297,0.9958010411644469
881298,0.6965069578572483
881299,0.2327417717978515
881300,0.6586670969251176
881301,0.1600767428670183
881302,0.6532871211999046
881303,0.9993486130943379
881304,0.9358827136535216
881305,0.2573044279085387
881306,0.422562634710261
881307,0.9978811078492292
881308,0.999860630234218
881309,0.9999336512277686
881310,0.005132010900817282
881311,0.7715188869948334
881312,0.6385974236401588
881313,0.6745180266482973
881314,0.9996414955436244
881315,0.9998062470558902
881316,0.15586097880234054
881317,0.11290925818448339
881318,0.9999858585275309
881319,0.6192295813795183
881320,0.9998848313434059
881321,0.9986384465980856
881322,0.9248808394164406
881323,0.021095882711101344
881324,0.061389219290889
881325,0.5639674397280631
881326,0.9990596481620325
881327,0.9994837402724939
881328,0.05741699253018058
881329,0.9660248402964002
881330,0.02309941870584071
881331,0.669209257235385
881332,0.04742080039722013
881333,0.026216221765371257
881334,0.7004510300959641
881335,0.9996692644023527
881336,0.8534222324674201
881337,0.9985124209164298
881338,0.2127632949162963
881339,0.9999680494000982
881340,0.9999804380150922
881341,0.9555781835988768
881342,0.9998672068041723
881343,0.12068928076561025
881344,0.6051939020823408
881345,0.8774611310878095
881346,0.9888652279743705
881347,0.004937966756156577
881348,0.16064259918897514
881349,0.8210551043793046
881350,0.07824827021511585
881351,0.08493273816042834
881352,0.756681089679814
881353,0.017439306531896764
881354,0.9829445055175066
881355,0.9997761018215288
881356,0.995491347982832
881357,0.9996130689920417
881358,0.0795234444483384
881359,0.9472114139597594
881360,0.4926651952771484
881361,0.9650416638263901
881362,0.9927773525086505
881363,0.9991448371653123
881364,0.9996078029364893
881365,0.5668859295219426
881366,0.9941559768881951
881367,0.2711637844108231
881368,0.9782193675691855
881369,0.9999194752799603
881370,0.11451932313856103
881371,0.9950463503058062
881372,0.12135853997824769
881373,0.12743742604296923
881374,0.9999688602364415
881375,0.01059480458530078
881376,0.1243520479465565
881377,0.9309950957635353
881378,0.9999769650928213
881379,0.43974747026434413
881380,0.983439931043228
881381,0.9999534285994736
881382,0.9458152385575153
881383,0.997588691146548
881384,0.024682027811707787
881385,0.025183054323147804
881386,0.7355396095136693
881387,0.08043889284607154
881388,0.9999685387553727
881389,0.1374518333921763
881390,0.025866052952035035
881391,0.84043895615521
881392,0.892189083694118
881393,0.7780505827034467
881394,0.9875835772335552
881395,0.1767517700121597
881396,0.95575482870628
881397,0.7228648548338175
881398,0.9993905230912945
881399,0.3782983229356238
881400,0.6803809161402294
881401,0.9998302605551566
881402,0.8328695350272691
881403,0.3408765170915642
881404,0.3886582394423188
881405,0.8748001278758517
881406,0.726841131476081
881407,0.31033088036308015
881408,0.7972967821803236
881409,0.9998457597633438
881410,0.9400247451064065
881411,0.9998726666569926
881412,0.01878341045265614
881413,0.9960438942324402
881414,0.9987164764473038
881415,0.999100424001591
881416,0.1023114067011098
881417,0.995106832281283
881418,0.9987695161856348
881419,0.12229238158993185
881420,0.999982259336339
881421,0.7970773319459096
881422,0.9904612842758407
881423,0.027400353173308592
881424,0.8205189341977512
881425,0.5357147872917036
881426,0.9921311708215306
881427,0.9995912675895158
881428,0.9997927203711525
881429,0.9186777204663098
881430,0.28985642200652834
881431,0.9948630752070243
881432,0.3205241125011121
881433,0.9996496771620696
881434,0.8992210456736112
881435,0.9990719324872179
881436,0.8033379195968121
881437,0.17286564466460635
881438,0.9987757880959025
881439,0.13304066880201704
881440,0.7383704115561951
881441,0.99514417011232
881442,0.7629907651752862
881443,0.9998748396959463
881444,0.32879364989625387
881445,0.9903101304413439
881446,0.9399355216748693
881447,0.35577294082156163
881448,0.8594280448481961
881449,0.6153917279279989
881450,0.23790886304797942
881451,0.9759605287662528
881452,0.9997251350457448
881453,0.9962004020121877
881454,0.13341028561892734
881455,0.9344012805379934
881456,0.9810919013322443
881457,0.3443338458837976
881458,0.9975772747376102
881459,0.0784847160088181
881460,0.9906170751061052
881461,0.8335967124780674
881462,0.011295405691365215
881463,0.724487292668146
881464,0.9994944546468797
881465,0.9907199882567694
881466,0.9937016055864711
881467,0.3247858209371561
881468,0.9998850716648835
881469,0.27165540495937784
881470,0.9904633642399432
881471,0.8406129802402804
881472,0.0925654184393039
881473,0.9989610161235212
881474,0.9995542192470271
881475,0.9997055559609647
881476,0.999074845572794
881477,0.22882552386474575
881478,0.8520858864327612
881479,0.013130904355390539
881480,0.9989973846030336
881481,0.9999739930448048
881482,0.9775790013382828
881483,0.47112919239398704
881484,0.9887011448022511
881485,0.8729958644407662
881486,0.4462620598735162
881487,0.9997973741121386
881488,0.9826350009385539
881489,0.042480667160488074
881490,0.9985849206489509
881491,0.42807165182765916
881492,0.6753179059251481
881493,0.11625314832976479
881494,0.9934618420691439
881495,0.3119818295642126
881496,0.9999377254030517
881497,0.7156123565266049
881498,0.22878868857187754
881499,0.5903080786983481
881500,0.9251410688744002
881501,0.999932136004812
881502,0.10870138122513137
881503,0.9475697513224002
881504,0.9990800723640445
881505,0.9763658723291377
881506,0.33197062108271863
881507,0.9999181285953227
881508,0.9998423529175564
881509,0.00393815975392922
881510,0.6973596221369593
881511,0.49167015880944176
881512,0.8862975964641344
881513,0.9643526115932891
881514,0.9971958302871016
881515,0.9575351359175335
881516,0.008943326803274813
881517,0.9987408237090869
881518,0.3739030928829292
881519,0.46187324138686386
881520,0.9999034307995814
881521,0.8927403549210738
881522,0.06007218757755436
881523,0.00937442363127947
881524,0.999913553964226
881525,0.9955315204318913
881526,0.8920718023029849
881527,0.9987496528091715
881528,0.9997655134618983
881529,0.9984893392193661
881530,0.9996778393777448
881531,0.9989193428804405
881532,0.9391898130364518
881533,0.05034232128152004
881534,0.89739186865831
881535,0.19572588536762955
881536,0.0777472347911765
881537,0.16428964350939537
881538,0.6425935783554619
881539,0.37708598836939533
881540,0.1854247141028767
881541,0.9999373746391302
881542,0.9999873152148185
881543,0.999845378745909
881544,0.049783809582196345
881545,0.9062524773519199
881546,0.008727504586466137
881547,0.018408911160026
881548,0.972197719175429
881549,0.996444198464846
881550,0.9997515977310335
881551,0.05762763109541618
881552,0.7289854591484364
881553,0.8812550995932306
881554,0.9819214361386455
881555,0.9502202781005129
881556,0.9998992037209287
881557,0.6890021891612279
881558,0.24883616632222522
881559,0.31782085477632344
881560,0.896563220434919
881561,0.9932163254306156
881562,0.004743597128360233
881563,0.9999339624500941
881564,0.09496488894693007
881565,0.6010286132126308
881566,0.20163644702798023
881567,0.962443377603249
881568,0.9865483926229297
881569,0.6384961958894216
881570,0.9999157602314566
881571,0.010036587189841947
881572,0.8331359377572081
881573,0.7847535325810016
881574,0.9785913059618059
881575,0.8057774735593419
881576,0.2904566312852978
881577,0.03928332186574607
881578,0.9953936328771863
881579,0.9997437982816175
881580,0.03964805482484612
881581,0.8844694729774653
881582,0.9999931317366586
881583,0.38080795488120955
881584,0.966936214187858
881585,0.9993866558115885
881586,0.9998282797660798
881587,0.26695335432718864
881588,0.9930692555164651
881589,0.011607761065513348
881590,0.9997177160448085
881591,0.1077012582999882
881592,0.9996846089203177
881593,0.2187921574768839
881594,0.8285748498014445
881595,0.9995274059779906
881596,0.9969532401882009
881597,0.9979012799886713
881598,0.9877954358869679
881599,0.48586282249893215
881600,0.8633238768943137
881601,0.9947393710064696
881602,0.02981144720488018
881603,0.9802843189830941
881604,0.9969970378471715
881605,0.9999827092887283
881606,0.9999359148656594
881607,0.9593446890875014
881608,0.99967412297304
881609,0.14277488853899822
881610,0.9987554997826262
881611,0.8560493951240918
881612,0.923390074182121
881613,0.8115339622299023
881614,0.10900608700617767
881615,0.9693852528263553
881616,0.9666039349856688
881617,0.44125503018061984
881618,0.21050573568839515
881619,0.9996748162465914
881620,0.9996453972013373
881621,0.9994640449292991
881622,0.918685538091529
881623,0.998952057743683
881624,0.2108948973720967
881625,0.9843094467585207
881626,0.16875273304755695
881627,0.9973029824441063
881628,0.821833987801981
881629,0.9111448667472687
881630,0.769933870968655
881631,0.5592878717111074
881632,0.9976707416398287
881633,0.04091213476941642
881634,0.5539241391983583
881635,0.2705937882973282
881636,0.9824646881197596
881637,0.020624111955626693
881638,0.5717048067809052
881639,0.16469533582671547
881640,0.967037266003991
881641,0.9999591806878644
881642,0.9992018791789364
881643,0.9773858760343974
881644,0.9999018903942327
881645,0.9891779678565042
881646,0.9878199588701443
881647,0.844672195211066
881648,0.26514185948671665
881649,0.911511167520574
881650,0.9974609739333523
881651,0.6523308294409609
881652,0.20348659016115955
881653,0.2704712274868175
881654,0.8654569365094374
881655,0.07875818004074497
881656,0.835395655619456
881657,0.9829647377213442
881658,0.14159013578843155
881659,0.16256696759858402
881660,0.3143624685498294
881661,0.5461305992011641
881662,0.9999415155802645
881663,0.033349888265150555
881664,0.02488864260372162
881665,0.029372029769243933
881666,0.9886910470786215
881667,0.9995336004167237
881668,0.034856250817955056
881669,0.9999759560441375
881670,0.997745784558989
881671,0.8291390195092584
881672,0.8329546918974542
881673,0.03325448825779291
881674,0.9440612105990152
881675,0.16413721716257795
881676,0.9871661915135195
881677,0.9976113719035141
881678,0.9189981954820821
881679,0.9848706494824305
881680,0.999645537210256
881681,0.28253427700962586
881682,0.0159609722255578
881683,0.9996263289566325
881684,0.027672224801172145
881685,0.5977254618545704
881686,0.8634882608769916
881687,0.9999407725722949
881688,0.16568551563498118
881689,0.9962802377998591
881690,0.8243464248191853
881691,0.9687534668196907
881692,0.9926832619645474
881693,0.9259823557910796
881694,0.9995417519761475
881695,0.007128659241570809
881696,0.001090118989285827
881697,0.22088237628328516
881698,0.9998728821327224
881699,0.5839478840286328
881700,0.3157543654116469
881701,0.9857638773967647
881702,0.02947780911272116
881703,0.9997126258722535
881704,0.06333119500735512
881705,0.6253603551046101
881706,0.9997571116139381
881707,0.9997025579454029
881708,0.3716514649875615
881709,0.1315576797171399
881710,0.03944821978955704
881711,0.027117377060991335
881712,0.9994136501334602
881713,0.998699292682234
881714,0.13858898991720026
881715,0.0520748117597883
881716,0.015997173973136998
881717,0.9826425524708843
881718,0.9990943094595186
881719,0.999960389983618
881720,0.6566913056015773
881721,0.9996939434004076
881722,0.9986951477425299
881723,0.9996184770402581
881724,0.3563525598658507
881725,0.01923582474889117
881726,0.9922269126994393
881727,0.9791491645133574
881728,0.2831664919132821
881729,0.20078884810020492
881730,0.9999172105806398
881731,0.995771080998813
881732,0.9986660220952328
881733,0.9942221734393506
881734,0.9996951415914229
881735,0.9993171828244658
881736,0.11094671085773289
881737,0.9711187487937891
881738,0.44972661485857374
881739,0.04902106018458639
881740,0.22027485298293226
881741,0.9636010518491187
881742,0.006004788694635518
881743,0.0015160137906322885
881744,0.999297013681024
881745,0.9986752095734597
881746,0.03353518944844627
881747,0.8789284761997973
881748,0.9987257668796582
881749,0.9998470067474492
881750,0.9991011971273018
881751,0.9782121394430697
881752,0.9996885674050874
881753,0.9993177374333472
881754,0.9987379584423792
881755,0.9996952754102602
881756,0.9998625447308591
881757,0.5708442165097127
881758,0.8883029846121124
881759,0.9990409322915961
881760,0.1498635222794789
881761,0.9999648227941058
881762,0.999434043347481
881763,0.8483700054360712
881764,0.999873950038247
881765,0.999632462946858
881766,0.8539474969234535
881767,0.1301941169837456
881768,0.9990742750542886
881769,0.6570318266882839
881770,0.999889625175203
881771,0.9999691381014286
881772,0.3018796721846205
881773,0.9997365047820522
881774,0.03297919103290954
881775,0.8541620457417014
881776,0.050010191733356385
881777,0.9989154152249509
881778,0.9998917433449499
881779,0.8729439174160302
881780,0.9075309567210313
881781,0.9881050216557504
881782,0.9999406396404095
881783,0.7666710791031752
881784,0.9983166460937165
881785,0.9998810193254875
881786,0.9996673109978376
881787,0.6315472205936814
881788,0.024610244984106362
881789,0.9312977595443144
881790,0.9778084843087613
881791,0.4586774658001269
881792,0.739903468437685
881793,0.9998163374583431
881794,0.9492466516654638
881795,0.9998973669230429
881796,0.9999765285266388
881797,0.656798976732071
881798,0.9985875792268808
881799,0.9997200822078794
881800,0.010725973214823156
881801,0.996558760213667
881802,0.05179489051231561
881803,0.9981120774589096
881804,0.9991434605399818
881805,0.7174640370592547
881806,0.9480468793215788
881807,0.9995360708745691
881808,0.6260533862176172
881809,0.9480010568073001
881810,0.9229725680757168
881811,0.679276585782552
881812,0.9998736470478389
881813,0.6831032578830849
881814,0.5283531541853683
881815,0.0030955730693347583
881816,0.9999757712884583
881817,0.41278064627115174
881818,0.7494011015269492
881819,0.9209377556038194
881820,0.8269808925919596
881821,0.6722113014647568
881822,0.7256560625477573
881823,0.9455588971598199
881824,0.9997909902525324
881825,0.4719462900645742
881826,0.008481887561612767
881827,0.572126793038108
881828,0.624026404941668
881829,0.9471896771795726
881830,0.05894128926021022
881831,0.9984930179367715
881832,0.6800128349399874
881833,0.9952847636543805
881834,0.6017088791427371
881835,0.9990912012018702
881836,0.9993266648679611
881837,0.7604512709716766
881838,0.9783024805469485
881839,0.9999761109148639
881840,0.44958147258250286
881841,0.9997377895539912
881842,0.9061368345927154
881843,0.9991253536436728
881844,0.8302732283090096
881845,0.6380888045302252
881846,0.08244018004081921
881847,0.7199968953089613
881848,0.6566930749461553
881849,0.9997408470341249
881850,0.9995717570411469
881851,0.013862654888048115
881852,0.9999393483431552
881853,0.594750919940012
881854,0.0020477398331016604
881855,0.9980836092783092
881856,0.07115314625208477
881857,0.4923703252207884
881858,0.9749798140036858
881859,0.9252708129910276
881860,0.9601403033495723
881861,0.010953734992364728
881862,0.06354531380510547
881863,0.149964149080156
881864,0.005411352449068582
881865,0.9999719767597393
881866,0.9998998549988551
881867,0.34837345486326865
881868,0.06163500042953256
881869,0.9991236023868862
881870,0.9992943425637055
881871,0.9947173065525077
881872,0.034959519652595486
881873,0.5758782324360244
881874,0.38121162435214695
881875,0.9965982715729613
881876,0.017078922778986157
881877,0.9917026991692437
881878,0.6211753074032471
881879,0.9988421234635012
881880,0.9557958221308791
881881,0.7588740023869507
881882,0.9875741630418768
881883,0.9221878576836298
881884,0.34306732661267014
881885,0.014019443000669683
881886,0.9196528044013854
881887,0.08178668806602879
881888,0.9991324898578273
881889,0.7631197160833105
881890,0.797921519859125
881891,0.8553240725173092
881892,0.9719528234193947
881893,0.8878490335882211
881894,0.4774059318006495
881895,0.9956349167119061
881896,0.8941656331137524
881897,0.31981892709493953
881898,0.9947271854119022
881899,0.8678580002857945
881900,0.9638986733075072
881901,0.9990997125699419
881902,0.28869141677951876
881903,0.9951160362743157
881904,0.9997560447236304
881905,0.9998803372034378
881906,0.8309251701852391
881907,0.9998842010688951
881908,0.48543253105360307
881909,0.9922020693221548
881910,0.4434073567527222
881911,0.7364136871715803
881912,0.9995250940991958
881913,0.8462625933616209
881914,0.772581943039842
881915,0.9999329270110615
881916,0.12617142531484105
881917,0.9998995409120924
881918,0.9943153675945571
881919,0.9919037637820439
881920,0.3391591146530422
881921,0.35894945072335327
881922,0.9999517071000071
881923,0.858980772170246
881924,0.999748739324635
881925,0.9956509245822724
881926,0.9998309338844572
881927,0.9987572005522336
881928,0.16105691698523358
881929,0.9997264566481947
881930,0.9968694831867877
881931,0.9988949444503188
881932,0.8603273529503181
881933,0.8360837976265451
881934,0.7763426998338114
881935,0.9809378940180039
881936,0.9956302157807335
881937,0.9998525506314737
881938,0.9999597142380852
881939,0.994614226971474
881940,0.9998877830828992
881941,0.9463267946127822
881942,0.9997613757444159
881943,0.9996814279479933
881944,0.5060588448911076
881945,0.9809785928533623
881946,0.8922453307599407
881947,0.020478162656169186
881948,0.9998723121503177
881949,0.9996377320328071
881950,0.963287463565332
881951,0.6664561722090583
881952,0.9987419407052182
881953,0.9382652731376191
881954,0.868522403189237
881955,0.2949713742124957
881956,0.9362191638279348
881957,0.969482310467251
881958,0.8958705723780791
881959,0.9967289777874486
881960,0.9808315944174986
881961,0.9968714593301261
881962,0.8979959630819989
881963,0.9995425700790955
881964,0.9991446973397952
881965,0.9996016208970131
881966,0.9998175732593859
881967,0.9990418229426703
881968,0.9980126453710167
881969,0.9999943145746794
881970,0.9105691457967813
881971,0.2874676870419716
881972,0.999970844344503
881973,0.9706196715618531
881974,0.9965331731488287
881975,0.9996788861909226
881976,0.9905281482427155
881977,0.7250669441574841
881978,0.9637095520343365
881979,0.07522630135589545
881980,0.9155015736745695
881981,0.3413367818223313
881982,0.9999758835082555
881983,0.2402944278966127
881984,0.9960476704228327
881985,0.9967593112284769
881986,0.9984904377160622
881987,0.9997515981067125
881988,0.9996717896433313
881989,0.9572816452753816
881990,0.9653274739848482
881991,0.9833478695740346
881992,0.9733267649043431
881993,0.9772984930632809
881994,0.17060212044295647
881995,0.2294121408657595
881996,0.9933623778638572
881997,0.3461666461474357
881998,0.9203183848551182
881999,0.9959792329208328
882000,0.8893579383688506
882001,0.03390164090147637
882002,0.1213831844704937
882003,0.9720869875791143
882004,0.7551165421164139
882005,0.3266091795181143
882006,0.5687188387317174
882007,0.8762579450531531
882008,0.8954934394440334
882009,0.1303058644516251
882010,0.9966069356749538
882011,0.999923925854582
882012,0.9845828978880575
882013,0.16296786027204785
882014,0.9940629878454895
882015,0.9982342167861585
882016,0.8448055140911039
882017,0.8691211390527699
882018,0.9986952440288492
882019,0.08135519025751137
882020,0.9977356480940631
882021,0.9746785138924665
882022,0.9995221377598505
882023,0.097139673500795
882024,0.9996796554514014
882025,0.9933990748298847
882026,0.9899440276387831
882027,0.9828428522562669
882028,0.9997012167215744
882029,0.7168949289086028
882030,0.3145956911201522
882031,0.12389438431933664
882032,0.1441437162497101
882033,0.9983495900105027
882034,0.28976249485091105
882035,0.6962921742634525
882036,0.999917144635615
882037,0.9993770027519914
882038,0.04331916980007389
882039,0.16251438756062347
882040,0.0016840732003218688
882041,0.9988327586860885
882042,0.8851627046819672
882043,0.607888013089834
882044,0.999677376465941
882045,0.9962814928864931
882046,0.17077505266325438
882047,0.629389458443968
882048,0.02930951261269522
882049,0.5889929592884688
882050,0.9986253946791881
882051,0.05486645755298504
882052,0.6592910218978558
882053,0.8387688398132057
882054,0.7537025345277126
882055,0.231880655526636
882056,0.9999679124043308
882057,0.9403927856058494
882058,0.9999563216845939
882059,0.9972552272251926
882060,0.9999455607932379
882061,0.9999691048309234
882062,0.048119777524974684
882063,0.97669877328452
882064,0.998041601747309
882065,0.47213721301791695
882066,0.9763883579215096
882067,0.9999273763934722
882068,0.9961408024660992
882069,0.18716730725491643
882070,0.9819403049511153
882071,0.9999793958656531
882072,0.9806114653528952
882073,0.9719371540487411
882074,0.7539089389311244
882075,0.999989108372192
882076,0.9883140572300826
882077,0.9999724727791939
882078,0.3005376156633648
882079,0.9994949605058792
882080,0.730422303161344
882081,0.2019789934992684
882082,0.026342318184582873
882083,0.9885778330123404
882084,0.46775380322112475
882085,0.9998670959004299
882086,0.9525895741007845
882087,0.2975507933352043
882088,0.2786387433532619
882089,0.939514623388166
882090,0.46274217392584527
882091,0.7631365900954402
882092,0.9877026523593749
882093,0.05290394612247712
882094,0.9984595815956485
882095,0.943973542731136
882096,0.8216296323885608
882097,0.9946186705381866
882098,0.9983792088860488
882099,0.0121871909135967
882100,0.9783958641932575
882101,0.07957896739051645
882102,0.999987674677012
882103,0.7860748028856487
882104,0.6225795651123328
882105,0.11234670256495519
882106,0.7375319995942372
882107,0.9997932999423832
882108,0.7858427013963893
882109,0.9966032757654415
882110,0.4765233407321892
882111,0.9104190505570111
882112,0.07643625906791388
882113,0.005966493928526483
882114,0.9988930591194348
882115,0.2807540928213301
882116,0.05492035345065989
882117,0.23335911894020578
882118,0.9997092992379233
882119,0.033922036774649056
882120,0.9908264595229808
882121,0.9959880285904169
882122,0.5694074905892028
882123,0.14777270182311025
882124,0.8938935999287316
882125,0.9998805677165956
882126,0.4098977121367966
882127,0.7773247428256007
882128,0.4078806115307737
882129,0.9998135708558414
882130,0.996459507124525
882131,0.02591547575048076
882132,0.9999528617925728
882133,0.10181953469086927
882134,0.9979004990538264
882135,0.08357602269161074
882136,0.7851200107372738
882137,0.026926913914161812
882138,0.006237186868110172
882139,0.004359319595521286
882140,0.8668408490483861
882141,0.449463869398043
882142,0.9436514603415544
882143,0.9958488641567769
882144,0.9971510935428003
882145,0.9999846404446712
882146,0.16586634496701147
882147,0.9975181157899893
882148,0.9596187915449044
882149,0.9908915504769786
882150,0.09794071450239869
882151,0.9709054242054589
882152,0.9988276642324959
882153,0.06533981543862713
882154,0.8287772565165321
882155,0.9233223504834094
882156,0.9997585996178335
882157,0.9994622809521242
882158,0.9994298913713053
882159,0.7772217975040128
882160,0.4354049741614391
882161,0.9971423786068294
882162,0.6183873176300981
882163,0.9998568704585256
882164,0.12098746165217462
882165,0.2219955938883456
882166,0.9643504432760139
882167,0.125363746343363
882168,0.37316309197041847
882169,0.7757812604278036
882170,0.9892398465865061
882171,0.999766406406583
882172,0.5992374691767292
882173,0.3275050657115937
882174,0.9961505687199106
882175,0.4113040725714808
882176,0.8974506762771286
882177,0.9998646324898002
882178,0.8937174205077134
882179,0.18208632126297541
882180,0.9336015774887991
882181,0.0360079353265633
882182,0.9992848781031791
882183,0.9997445664916382
882184,0.014836788468000623
882185,0.7754136185581401
882186,0.9092700100937343
882187,0.11019481150652778
882188,0.9999679448347758
882189,0.9996642569089007
882190,0.8394079877412941
882191,0.37176796527296047
882192,0.3002586000487392
882193,0.995453813045622
882194,0.9977359602179594
882195,0.7493810430108341
882196,0.5403140145573524
882197,0.9905033863721007
882198,0.00114336089470568
882199,0.9887275910420559
882200,0.019805189269579096
882201,0.9900692298098178
882202,0.39037878609763077
882203,0.8126697562585973
882204,0.9972564730993727
882205,0.3174363577813536
882206,0.9997778032909532
882207,0.04672075937296348
882208,0.9903414526978109
882209,0.06639931685945935
882210,0.9736997365906027
882211,0.9979090488023126
882212,0.8164402819893607
882213,0.9469946585025939
882214,0.33172913199705845
882215,0.9995305486535953
882216,0.9960692005281901
882217,0.9215701522251749
882218,0.1432524085776879
882219,0.9996099909883649
882220,0.7544948306807551
882221,0.9994045337732023
882222,0.9284896121064035
882223,0.7925402116664452
882224,0.999893330092334
882225,0.9920070791095787
882226,0.0041763522665264
882227,0.037989486934678386
882228,0.6101810880497539
882229,0.99995340662393
882230,0.42962183601827875
882231,0.9037369321190845
882232,0.8305219791383303
882233,0.9955100874765986
882234,0.8770132378018798
882235,0.9489196158576307
882236,0.8455203111886568
882237,0.09182103758852454
882238,0.3600981082755892
882239,0.2794305574878352
882240,0.993801834895588
882241,0.9918988409042429
882242,0.9948549283925541
882243,0.9660871938748108
882244,0.9930379809476444
882245,0.9684146172977746
882246,0.8678236928947001
882247,0.9977330317515735
882248,0.9981236048585933
882249,0.9070072964896915
882250,0.7497682065074325
882251,0.9658275895488648
882252,0.9543065933384256
882253,0.9300451527358258
882254,0.19255527860313054
882255,0.09540994096034895
882256,0.9392328758020414
882257,0.7362746447630529
882258,0.995727950909515
882259,0.9988619549037991
882260,0.6128551509440172
882261,0.893104518713238
882262,0.4627846587661342
882263,0.6282484202694418
882264,0.28131932059450215
882265,0.9827036830918439
882266,0.02386932695400119
882267,0.9999784740544143
882268,0.011528526313480874
882269,0.9998806683082766
882270,0.11581047942087158
882271,0.5432779578061832
882272,0.9999631656140547
882273,0.471486224116599
882274,0.24265997935076586
882275,0.1233626045275443
882276,0.3300684303309047
882277,0.9997382427500355
882278,0.6850357784971844
882279,0.9503414429133573
882280,0.008659102357844312
882281,0.31708590947419724
882282,0.5783383790885077
882283,0.999956537853472
882284,0.9998134245000909
882285,0.6138705278234479
882286,0.9999855064005636
882287,0.903285521318557
882288,0.9210018628153729
882289,0.9999905038547348
882290,0.9563859106537822
882291,0.3943818617678507
882292,0.9651464264891044
882293,0.3994542323981253
882294,0.7953267730966815
882295,0.04979901184899025
882296,0.9999074885527597
882297,0.008096388834508104
882298,0.06828974566228499
882299,0.9998504365186032
882300,0.016265779331062807
882301,0.9886555782074344
882302,0.9990549293651223
882303,0.9755927651611676
882304,0.9990284603188939
882305,0.9997289512962475
882306,0.9998176101257512
882307,0.8552347734210841
882308,0.44539779715175815
882309,0.37926215613259284
882310,0.5768582948711046
882311,0.9995232031404966
882312,0.9996564467891405
882313,0.9966837753154412
882314,0.9537203700431245
882315,0.9970087191111259
882316,0.9942997781318613
882317,0.15377525978720383
882318,0.9985995626698919
882319,0.9716927157374023
882320,0.11406370473010258
882321,0.14722698034675696
882322,0.3318119847826363
882323,0.1820446209980487
882324,0.9997851229574322
882325,0.9685572094771537
882326,0.997402953386872
882327,0.9754798703151729
882328,0.9999150280279672
882329,0.9948653190148813
882330,0.8759437508193203
882331,0.044351382323536394
882332,0.6558954005201247
882333,0.9997938164478783
882334,0.18821359674001997
882335,0.9967213068152436
882336,0.9996292147078099
882337,0.8667926315751866
882338,0.42501971199240673
882339,0.9952453258935614
882340,0.2432604047580197
882341,0.9929657134833554
882342,0.6463201283804108
882343,0.2269540045361347
882344,0.9982590418258601
882345,0.03203772931691944
882346,0.9999673591964269
882347,0.7917648028770055
882348,0.9998844341682469
882349,0.15098410900961115
882350,0.9997483365536562
882351,0.29170965875506477
882352,0.021478882629603898
882353,0.9918698413715581
882354,0.5340086564566531
882355,0.9208103000555634
882356,0.4209544496462561
882357,0.9985118837810247
882358,0.9869702568398542
882359,0.2475995875944053
882360,0.9597940294038522
882361,0.9990869175342227
882362,0.6508910162622219
882363,0.9996963444506002
882364,0.9987714856251526
882365,0.8957054517173137
882366,0.999696929713312
882367,0.27392680483519394
882368,0.47216187689929806
882369,0.5616494386119801
882370,0.9106619996475271
882371,0.4651960517580542
882372,0.8645051928437641
882373,0.9987690687906667
882374,0.9997963772467852
882375,0.9980331886512526
882376,0.999990056968578
882377,0.9992683792295949
882378,0.2441882946829832
882379,0.9993868095011871
882380,0.9999907656481202
882381,0.9969016930192283
882382,0.9982721786637898
882383,0.9989783265130638
882384,0.9713523359214884
882385,0.05254536548780688
882386,0.9977376070865027
882387,0.9995200445225171
882388,0.9996189150886325
882389,0.9997597318993563
882390,0.9999384046270146
882391,0.13895446421573326
882392,0.9989522944549017
882393,0.1677998067086188
882394,0.9872006971370284
882395,0.011006528961037935
882396,0.9942153000099647
882397,0.022924578410392082
882398,0.9994571916671978
882399,0.9322022825636342
882400,0.9197817836367407
882401,0.9996362668743144
882402,0.5311417385935228
882403,0.5829514310116098
882404,0.027587099215294966
882405,0.9931206961572207
882406,0.9185705223071892
882407,0.9630495025526464
882408,0.995387473300454
882409,0.9734050161541251
882410,0.9477884274592688
882411,0.06969107300856207
882412,0.2678545336987885
882413,0.31161350532712184
882414,0.04812633805064312
882415,0.39550343706988234
882416,0.9997402420232553
882417,0.9792742849011994
882418,0.7552026797762095
882419,0.9301838766740524
882420,0.7726241910693686
882421,0.01611170284334236
882422,0.8188790500922479
882423,0.059448265852709334
882424,0.9904799441560408
882425,0.9997286048867453
882426,0.999960500788494
882427,0.9999353441955529
882428,0.5157380663493458
882429,0.998280930327652
882430,0.8943219087408922
882431,0.9996689337557062
882432,0.505682454366184
882433,0.03665894126367426
882434,0.9410642716905714
882435,0.9998756739103897
882436,0.48905769381608866
882437,0.9998120570818684
882438,0.9999396640967222
882439,0.9949121117607549
882440,0.9988350045202954
882441,0.9979509125980881
882442,0.00846811909301486
882443,0.2100115973284637
882444,0.5445899340408297
882445,0.8997221072426389
882446,0.01704494411111497
882447,0.9911907071267633
882448,0.3884739128063923
882449,0.8584285721337198
882450,0.9998590037291294
882451,0.28046275167905954
882452,0.9942998682413791
882453,0.004385243669990334
882454,0.005777327457083054
882455,0.12143041066002977
882456,0.9998078761597795
882457,0.9999810794579552
882458,0.8487771742584242
882459,0.9998198840676662
882460,0.2809061227525305
882461,0.556964628906123
882462,0.5031287765776418
882463,0.7221615490844375
882464,0.009847858855437928
882465,0.9982578807811369
882466,0.9475262945611045
882467,0.07558254534196147
882468,0.977990090220485
882469,0.7612407556092706
882470,0.8359962182510128
882471,0.9973524481206735
882472,0.9990720772452713
882473,0.10369970938658372
882474,0.6647446762286515
882475,0.8377035101560533
882476,0.9999031111128824
882477,0.9994318384939596
882478,0.9353509619700804
882479,0.999173313096567
882480,0.9994721494708869
882481,0.17386831016637533
882482,0.9990183031131429
882483,0.9999773022744229
882484,0.9992856920164066
882485,0.9570698064213343
882486,0.9973917074032171
882487,0.950204521970553
882488,0.3356062563183631
882489,0.054827738450976535
882490,0.7266486097030956
882491,0.7570139283531157
882492,0.9680620858854632
882493,0.9972911346893477
882494,0.26594281663681707
882495,0.8802390706102391
882496,0.004939606731893577
882497,0.5484323312068492
882498,0.24197901272038402
882499,0.9990659276064282
882500,0.9999833171516159
882501,0.06478628188866212
882502,0.9999301061596065
882503,0.99998641093813
882504,0.6975604217269045
882505,0.39429529824303605
882506,0.9995177133420414
882507,0.7549875796355403
882508,0.41015027675978255
882509,0.9940135688581128
882510,0.999519900880629
882511,0.9468783380372573
882512,0.9999692563222022
882513,0.9997330223334245
882514,0.9963306392878861
882515,0.9503024450892957
882516,0.9242747083014845
882517,0.9997906760397397
882518,0.8328066802837294
882519,0.06766254796011668
882520,0.9998282644676797
882521,0.9999711466623202
882522,0.03597508842582872
882523,0.9998936379372086
882524,0.38091492554990314
882525,0.954975797268489
882526,0.7804384284891643
882527,0.21773628204094567
882528,0.999912588492112
882529,0.9989797274192863
882530,0.9904946533508727
882531,0.5622285737399457
882532,0.8662857577093541
882533,0.999443377630953
882534,0.9912323319123644
882535,0.8657069183249887
882536,0.9997441798892547
882537,0.13549116177291431
882538,0.004413630466373766
882539,0.07922517772313686
882540,0.10962272734023697
882541,0.6963360386888566
882542,0.9898424581728684
882543,0.7895654545246471
882544,0.9999729543989333
882545,0.9529004357771317
882546,0.02155919388210425
882547,0.0056802394937112725
882548,0.9723787470518261
882549,0.2007942538311714
882550,0.3512308928369199
882551,0.9999741188547722
882552,0.9471779963736486
882553,0.9980709578206776
882554,0.9996141763773922
882555,0.9274657091129436
882556,0.03266995440148743
882557,0.9998997087475954
882558,0.019706520880414892
882559,0.9998295171607652
882560,0.9820427963476989
882561,0.9942226026725072
882562,0.9757762135291312
882563,0.9998430442899495
882564,0.9989074844859389
882565,0.8370233092799464
882566,0.9637843526960808
882567,0.4772980625587919
882568,0.32589676997338185
882569,0.041652411122380384
882570,0.9953907260026783
882571,0.9997775862675051
882572,0.9833586479334214
882573,0.711248480600476
882574,0.7838258049674405
882575,0.9996450201286102
882576,0.5332621521760366
882577,0.5970770297218332
882578,0.9912659271301062
882579,0.4486867464185714
882580,0.5790147452782665
882581,0.7585956164415744
882582,0.04873179120735509
882583,0.9999860716804743
882584,0.9956232832007268
882585,0.5431410335908464
882586,0.9958889597304428
882587,0.9987642234735004
882588,0.9995350010047599
882589,0.9915656725918793
882590,0.9806469680803267
882591,0.9997116830523374
882592,0.9979431620742016
882593,0.20126329152785488
882594,0.9981164998998866
882595,0.9988236212680403
882596,0.996372870856872
882597,0.9998752755472298
882598,0.9216177072740072
882599,0.9992991145808958
882600,0.9999649211037462
882601,0.9523586943854623
882602,0.5936414190178916
882603,0.7080081231535578
882604,0.6615657861319014
882605,0.9996832433890624
882606,0.9727115742358263
882607,0.6161065343847789
882608,0.10635567950801995
882609,0.99964040159982
882610,0.8155311669401123
882611,0.13574673468134288
882612,0.6219627726891175
882613,0.541649967711516
882614,0.9995765332030289
882615,0.060995476852296435
882616,0.9663529480022575
882617,0.1618282247932537
882618,0.9892302192103443
882619,0.9327715378543634
882620,0.9398165330851252
882621,0.9927558312789934
882622,0.5548935133285129
882623,0.02730941137270124
882624,0.9756093358215183
882625,0.9997541569276047
882626,0.9999656730726694
882627,0.9995374033848241
882628,0.011829340033813682
882629,0.2723659481912193
882630,0.9246280396360806
882631,0.9987410045470866
882632,0.9810529095904992
882633,0.9999655636407984
882634,0.6680535683184932
882635,0.8980852673966175
882636,0.9888708882595414
882637,0.98453031938846
882638,0.9876557832144127
882639,0.46891510680307275
882640,0.011482701115574263
882641,0.9993846062038868
882642,0.17921615040089262
882643,0.9996352798570645
882644,0.8054505961587521
882645,0.8092862098967435
882646,0.8656542546576651
882647,0.047347099033024496
882648,0.3914800534762948
882649,0.9997215651178393
882650,0.00562992772765282
882651,0.882593337337978
882652,0.9878034844067825
882653,0.8686288589097054
882654,0.9977731657173617
882655,0.9875564225218367
882656,0.9990270539021443
882657,0.999415832468069
882658,0.22873190722449466
882659,0.05360230572767969
882660,0.6425379563159601
882661,0.9993850957237844
882662,0.9891066997879561
882663,0.9998575140298093
882664,0.26205385546903937
882665,0.9995467766166417
882666,0.44511206038107065
882667,0.3029727843950702
882668,0.06415910788530906
882669,0.9997607906384633
882670,0.9622640108050993
882671,0.9144700359431713
882672,0.9997194926667303
882673,0.8674981081097228
882674,0.999870743216872
882675,0.9975892456064277
882676,0.386194597552298
882677,0.9797574472153235
882678,0.5536762607412302
882679,0.9960070672847392
882680,0.006028642101542768
882681,0.9995850702524347
882682,0.8002210622945525
882683,0.16063453300075778
882684,0.9968520108543877
882685,0.8635555338537736
882686,0.9956738880802696
882687,0.9962016130035347
882688,0.36133033542311815
882689,0.9997159769029752
882690,0.9996813794882826
882691,0.9589459425464787
882692,0.35942503949825344
882693,0.3011853839571902
882694,0.9997631129911771
882695,0.01491270439635604
882696,0.9997405122561456
882697,0.45958364063439827
882698,0.9947300123156
882699,0.3555270133577376
882700,0.9996609181018947
882701,0.8881978777824198
882702,0.38006495723219585
882703,0.40508137235251584
882704,0.9994086190846592
882705,0.9974831195834355
882706,0.5476212942262145
882707,0.9921612913986719
882708,0.940916301937379
882709,0.035531348134033885
882710,0.9999330768573099
882711,0.29402891211711135
882712,0.9999538860268731
882713,0.981771993073647
882714,0.9990590368977603
882715,0.984513673823486
882716,0.9997025078275411
882717,0.9514382944547629
882718,0.9997571115859498
882719,0.793967006110595
882720,0.48215896493165644
882721,0.999954442104195
882722,0.9985340136191693
882723,0.9967831830776934
882724,0.9953402896593108
882725,0.9918473225202459
882726,0.9999648539753496
882727,0.9998487949551216
882728,0.45123165185365355
882729,0.9230257404561657
882730,0.9280113979472832
882731,0.9999133137938521
882732,0.3197596678258966
882733,0.5232226756488363
882734,0.9997181382188391
882735,0.9792680312230575
882736,0.22564801834522444
882737,0.42046854068393436
882738,0.9999808739062771
882739,0.9959607101249877
882740,0.9997888611707686
882741,0.3092837678599729
882742,0.7804272370685639
882743,0.9983867871684018
882744,0.951620137653632
882745,0.9976888585513148
882746,0.48860860225114255
882747,0.664593231593839
882748,0.9890678318608214
882749,0.021883358929712642
882750,0.12662698048801718
882751,0.9989589245441639
882752,0.33860470703499473
882753,0.9971094071935318
882754,0.43502566791078456
882755,0.9342736585581886
882756,0.05200805036191583
882757,0.9851597919225334
882758,0.9995926066920104
882759,0.5241360123208142
882760,0.8680529929032297
882761,0.9979026117397293
882762,0.059048901201359694
882763,0.08023474712893784
882764,0.9991538393404331
882765,0.969151997738644
882766,0.9995273842607499
882767,0.9266821751582401
882768,0.9842961847601713
882769,0.9999244216750787
882770,0.5244544862918733
882771,0.9970802551777906
882772,0.9997231461484852
882773,0.9993897443017159
882774,0.2658809669291391
882775,0.009754460576043946
882776,0.9999499968826212
882777,0.9613631391169543
882778,0.09511899109696542
882779,0.9768990579197143
882780,0.5394456823839407
882781,0.1634084256971884
882782,0.9999623632706963
882783,0.998338878001096
882784,0.9996849254894075
882785,0.902135047340624
882786,0.12121758617108651
882787,0.8713637146552904
882788,0.17415152402508996
882789,0.010263118801331877
882790,0.11315655729141784
882791,0.9992556737988825
882792,0.6612875359915531
882793,0.9286147946354367
882794,0.998903316313849
882795,0.03745209771852977
882796,0.9998339672220398
882797,0.9999545483977268
882798,0.018736887540097082
882799,0.9998718391019812
882800,0.9999694350762673
882801,0.9795947743266609
882802,0.9953169029577182
882803,0.9507973107749663
882804,0.9659905431360698
882805,0.3708162671229792
882806,0.9954692746422756
882807,0.7447738489694014
882808,0.00772772669099901
882809,0.8743859057336558
882810,0.5713244570054361
882811,0.9585808699240603
882812,0.911550759893077
882813,0.024408238872827857
882814,0.551118464285252
882815,0.01073065355876698
882816,0.629841395032886
882817,0.8794224195472458
882818,0.924120638144188
882819,0.9955928591980528
882820,0.9065069437740589
882821,0.937765495877729
882822,0.7817475516818314
882823,0.22912166445340887
882824,0.9969447442462269
882825,0.5880107934970903
882826,0.867044925454509
882827,0.9993723006880424
882828,0.751884513391121
882829,0.08621686147735014
882830,0.18298037584688287
882831,0.015416317555315572
882832,0.7764720482292673
882833,0.9962119273746904
882834,0.03568299625756198
882835,0.03030498004765827
882836,0.9993981886574563
882837,0.09025349587726826
882838,0.9998588261603537
882839,0.9764098579719832
882840,0.9994701534407713
882841,0.830749105564043
882842,0.999881499525304
882843,0.15827962298148157
882844,0.6885037339277458
882845,0.9498746116830865
882846,0.9997258785942251
882847,0.08762790749909838
882848,0.9999879382557364
882849,0.8906022849500379
882850,0.6305022940675217
882851,0.9998267954284954
882852,0.38601951522033817
882853,0.7964272465980236
882854,0.997410978835034
882855,0.9999432867448377
882856,0.9998745651468709
882857,0.06806821128362397
882858,0.9968087077600907
882859,0.9942874858621146
882860,0.5243539070432894
882861,0.9965014940133918
882862,0.9990879812451048
882863,0.31550166034332605
882864,0.38055094731782274
882865,0.9998571646844193
882866,0.17652831396947558
882867,0.49571322668361645
882868,0.003908937051626181
882869,0.9958070464709416
882870,0.9135561879924783
882871,0.9929114133451622
882872,0.9998300286831436
882873,0.9862051688336207
882874,0.5874832602345132
882875,0.49316932243347855
882876,0.7339931501967676
882877,0.9995935195965446
882878,0.9999783175486814
882879,0.8869816818901359
882880,0.24381678989454006
882881,0.9998907214834758
882882,0.9890278575970485
882883,0.7446732283743137
882884,0.9999568990765066
882885,0.999750656996692
882886,0.980943533328239
882887,0.22835779794541902
882888,0.9999281225531742
882889,0.9991771995302519
882890,0.037102531338733154
882891,0.06860365554428163
882892,0.08789335080160546
882893,0.05267271258637096
882894,0.7460317718103981
882895,0.994476539540174
882896,0.9701641093699105
882897,0.9963693609253638
882898,0.8618893108698085
882899,0.9996703630754589
882900,0.9995964621567188
882901,0.9076897173698424
882902,0.9978990007572137
882903,0.9999139091290599
882904,0.01607595177693858
882905,0.8821857222572648
882906,0.07982860113256574
882907,0.9922296814328568
882908,0.967401408963168
882909,0.07523149262689091
882910,0.021960082993915338
882911,0.6132623286001744
882912,0.9891338930387823
882913,0.40613533405887847
882914,0.9490733235625521
882915,0.542807283391353
882916,0.9995592591244493
882917,0.0024124010953141123
882918,0.014422177103615524
882919,0.9993555787255582
882920,0.9999201107636574
882921,0.32829725941827603
882922,0.9995808440037417
882923,0.9999710318526636
882924,0.7305816692344638
882925,0.09211428315751101
882926,0.9950429822987547
882927,0.26865606342622206
882928,0.9977203320217087
882929,0.9805389480060271
882930,0.9996385349538641
882931,0.45609038059173623
882932,0.9961799873460906
882933,0.9977327815990102
882934,0.9999126567252444
882935,0.76567415951352
882936,0.4428799995112893
882937,0.9995730945296277
882938,0.8630401397697769
882939,0.4189857920110245
882940,0.9790022584553375
882941,0.9820729988467942
882942,0.9991405368355366
882943,0.9982612268997517
882944,0.996979682362294
882945,0.9952368414513566
882946,0.8955200883163754
882947,0.9979862662824324
882948,0.11355568248771172
882949,0.13775496844983884
882950,0.11032637997726127
882951,0.7461212166346746
882952,0.4961078039555181
882953,0.877873759572076
882954,0.19132015477674458
882955,0.9980698142231609
882956,0.6946285630202691
882957,0.9248151634018291
882958,0.5169920644651325
882959,0.07325152716225891
882960,0.9998350141434762
882961,0.9957133584506352
882962,0.3477983995575975
882963,0.13048397023825256
882964,0.17907194353434686
882965,0.805012790172838
882966,0.49966764290048754
882967,0.10473588138603078
882968,0.8868272871435595
882969,0.8825679268669733
882970,0.9996584255044378
882971,0.9911416569951002
882972,0.9944811719668547
882973,0.715361086023917
882974,0.8277957050068705
882975,0.6659618571550097
882976,0.5513875037415206
882977,0.05905800366886956
882978,0.9999879629472714
882979,0.9311675938865064
882980,0.7798091803116671
882981,0.9998713726483283
882982,0.9242852476216644
882983,0.2221518697591958
882984,0.9999265607615523
882985,0.5814070956304784
882986,0.5202625568138401
882987,0.9998855659383681
882988,0.9723160264389215
882989,0.9967398047756024
882990,0.9998685331691621
882991,0.021604489436269383
882992,0.9999736893502483
882993,0.2670862413953001
882994,0.030841875625815803
882995,0.9999528545520282
882996,0.9998538629678637
882997,0.9996624989410247
882998,0.9955216275959753
882999,0.6974022351429057
883000,0.18118353355065614
883001,0.8867819681689519
883002,0.999575172815079
883003,0.9998887620083984
883004,0.013841441778503908
883005,0.9932063874535565
883006,0.6096394358238529
883007,0.36808829071390525
883008,0.9959229749701504
883009,0.8673593168182432
883010,0.07414998057493463
883011,0.25989911560669315
883012,0.9999336386832325
883013,0.9400370950733276
883014,0.07464607287743223
883015,0.9977788341534846
883016,0.9952306613682509
883017,0.9888039390916163
883018,0.9999806474469405
883019,0.9953477938294208
883020,0.8487159283840224
883021,0.7646336723427638
883022,0.10347780339246765
883023,0.02359543464884674
883024,0.9769221781271102
883025,0.9998286608840754
883026,0.16485331677098225
883027,0.03933253863626276
883028,0.7430912761103097
883029,0.04389082281814933
883030,0.9972742551363338
883031,0.9529967935920933
883032,0.9936847701086444
883033,0.0843809507003328
883034,0.978219327962858
883035,0.6427001613198222
883036,0.3041067109377613
883037,0.9999950217485387
883038,0.9999814647729324
883039,0.48920444092744847
883040,0.9919012049486944
883041,0.02906900691506015
883042,0.06703695725046886
883043,0.9996675562444607
883044,0.9377695348847582
883045,0.06578158141474943
883046,0.9998453474722245
883047,0.5651219626604833
883048,0.9999711223885757
883049,0.009996505349442566
883050,0.9847198758698843
883051,0.9997076377661523
883052,0.926999854173804
883053,0.054796934590997784
883054,0.9997808258640987
883055,0.9911812679682285
883056,0.996955626350926
883057,0.9998433778042652
883058,0.20970581361338314
883059,0.06638594542104892
883060,0.218971275070372
883061,0.8956951709742007
883062,0.4122955380583203
883063,0.23731739306986657
883064,0.9999092608259176
883065,0.9966212056747814
883066,0.6011672850348988
883067,0.8712619358645953
883068,0.1125137728213696
883069,0.999984766294965
883070,0.9947565583025961
883071,0.9896683006954001
883072,0.9687785562587758
883073,0.8835378667532499
883074,0.5306909415331121
883075,0.999291494978237
883076,0.9961727435400869
883077,0.9960129958704653
883078,0.2979751994916173
883079,0.1851107310028434
883080,0.9939711058694872
883081,0.9993853086029469
883082,0.04181086143704386
883083,0.08279126084416012
883084,0.5119421202318885
883085,0.34770945820405774
883086,0.930776496434325
883087,0.1256602262122279
883088,0.9921133464089698
883089,0.2861460149504286
883090,0.9955133646168672
883091,0.057072168819647086
883092,0.9791654917789052
883093,0.03371900523494566
883094,0.20802842425801715
883095,0.9996702285019085
883096,0.9806664411988458
883097,0.9912763592588169
883098,0.20913510276706426
883099,0.8268480182013064
883100,0.16499631648387747
883101,0.8591281682923363
883102,0.9919776394407753
883103,0.9978836325105267
883104,0.9989586417604224
883105,0.8829205066024106
883106,0.9275782548465007
883107,0.6876444893687216
883108,0.996581808198714
883109,0.001445362485356584
883110,0.9999410505486724
883111,0.9973316190046531
883112,0.02223471011772714
883113,0.06494064410643437
883114,0.4910115587924994
883115,0.9386748134814334
883116,0.6030852062472185
883117,0.9986007014486473
883118,0.6672702837127276
883119,0.09206125634980505
883120,0.18932804660899846
883121,0.12827625392406292
883122,0.7135116054356627
883123,0.3822223617227145
883124,0.4679438858151992
883125,0.8790832463992857
883126,0.933954885439892
883127,0.8287195138785483
883128,0.09961717138047876
883129,0.9999233701399453
883130,0.9999884350308484
883131,0.9931722451774821
883132,0.9389739338937444
883133,0.9733372516260681
883134,0.9999102160284199
883135,0.4216818704183862
883136,0.5475303770864548
883137,0.8879163508364787
883138,0.36564642320545504
883139,0.034176035980111645
883140,0.965226163787019
883141,0.9982841921875744
883142,0.9998930987828958
883143,0.9999650337843411
883144,0.9867403375498168
883145,0.9850762707712681
883146,0.9899232902560089
883147,0.9927164321981841
883148,0.13489624231338362
883149,0.05587809197658472
883150,0.9756259907884456
883151,0.017479236434766537
883152,0.3817015418572596
883153,0.9579076270341342
883154,0.9913597773685321
883155,0.5044992739644422
883156,0.47017229917033077
883157,0.5187888094542827
883158,0.9994528454984692
883159,0.9985399037587657
883160,0.015243173002895809
883161,0.01032448560230372
883162,0.9946601823484734
883163,0.0069373349768452885
883164,0.9812152193099473
883165,0.995264000567426
883166,0.9999437436382402
883167,0.9986164253659406
883168,0.8556261013572285
883169,0.7601661589163502
883170,0.03313963133794357
883171,0.8659223623010874
883172,0.9960838303308835
883173,0.8709084029989573
883174,0.9998415152960725
883175,0.9993022235643095
883176,0.9960647022445768
883177,0.9065613712777578
883178,0.9976213798565519
883179,0.9488495617416913
883180,0.9964410340731178
883181,0.09497547340282178
883182,0.9910621810574903
883183,0.03969035050189264
883184,0.6307525051554719
883185,0.9995608291249274
883186,0.4573292640004097
883187,0.9996465377747062
883188,0.9990098904158521
883189,0.12908369786889834
883190,0.7473995903325396
883191,0.9978342030876197
883192,0.972007189583057
883193,0.9999767357265966
883194,0.21016767804626807
883195,0.9754956406858883
883196,0.917260336501089
883197,0.8516928151666114
883198,0.9998418570874708
883199,0.9999286306739206
883200,0.9999921708269126
883201,0.9997185609372335
883202,0.0018124308297413259
883203,0.9992835979404036
883204,0.02908238288904487
883205,0.9724258731488704
883206,0.5104588984749225
883207,0.6647163155226536
883208,0.9419420358300479
883209,0.9999886070251143
883210,0.9950689967388205
883211,0.9059474745332197
883212,0.4720793707002061
883213,0.11436430869531428
883214,0.9998641646127984
883215,0.1680629268832813
883216,0.9992845635469811
883217,0.9971876492755261
883218,0.9942018480827355
883219,0.4271650456007915
883220,0.029521382553930685
883221,0.9985026466285696
883222,0.9992300750829559
883223,0.9956767622361221
883224,0.9998764362515766
883225,0.17808402212792354
883226,0.8676697244845911
883227,0.9998842495797469
883228,0.9998008718980405
883229,0.20550944311405397
883230,0.9752839208628397
883231,0.9212989778104644
883232,0.8721829948939177
883233,0.9982496993345733
883234,0.999841871100001
883235,0.9925465364454438
883236,0.9994961312234656
883237,0.37809298008323566
883238,0.9417263640353954
883239,0.9888749179867689
883240,0.9985425785369593
883241,0.08021247117128143
883242,0.9826001481601816
883243,0.02201666121356069
883244,0.9994820084473548
883245,0.9957495808475154
883246,0.020229462383544287
883247,0.9999619153663036
883248,0.9881753364079797
883249,0.9995098536535607
883250,0.40680066828611927
883251,0.9999880272689219
883252,0.9999366481953205
883253,0.10964050342833319
883254,0.9994036145211028
883255,0.5564647018213983
883256,0.354730907069455
883257,0.49341345145095994
883258,0.9776236857492048
883259,0.7791485441126172
883260,0.9048422631286493
883261,0.994126330330791
883262,0.674094662731791
883263,0.6431951881895147
883264,0.48130573525872167
883265,0.9967665222697142
883266,0.47512800262062704
883267,0.005653982403983576
883268,0.9997107104864208
883269,0.9998921264174061
883270,0.9224684889802464
883271,0.9997994014959226
883272,0.996842121491184
883273,0.9999964039788268
883274,0.9751097204050578
883275,0.9926087430851858
883276,0.9939320062321566
883277,0.6724213781425326
883278,0.5432919027550857
883279,0.194093558908759
883280,0.8769224443728452
883281,0.40854364380372543
883282,0.3351006682221024
883283,0.29784801201263833
883284,0.5444767281069534
883285,0.3698291118606122
883286,0.9665022834755708
883287,0.34527244738506235
883288,0.999432544628875
883289,0.2667256389180903
883290,0.98568323330001
883291,0.9985078094123128
883292,0.9997929449889081
883293,0.035464571347178675
883294,0.9972186333262458
883295,0.27667239016530787
883296,0.9996152901198876
883297,0.9976552767258757
883298,0.010364965312626593
883299,0.6120957405630988
883300,0.9637299384699052
883301,0.011040411705774833
883302,0.9927863931654068
883303,0.3949737043314762
883304,0.9995795473698548
883305,0.9999473194359174
883306,0.9960357415231487
883307,0.9444053356736726
883308,0.4707398647438016
883309,0.9960065181000268
883310,0.28606635811110537
883311,0.9707093130873443
883312,0.9805327825752608
883313,0.9995172956337024
883314,0.9999713671078169
883315,0.9971244109710644
883316,0.9998820688398233
883317,0.9998217053374978
883318,0.012856368003047904
883319,0.9999024460886692
883320,0.9990216150338451
883321,0.7916052569633492
883322,0.9968986667335459
883323,0.9584502788633733
883324,0.7093670879100659
883325,0.4866520706823385
883326,0.7855912773291812
883327,0.9744226681550592
883328,0.8086496483181949
883329,0.9906240776212045
883330,0.9898802115059657
883331,0.01584979833277829
883332,0.9971079694623493
883333,0.035499623641280134
883334,0.5968247813286154
883335,0.20924007207160294
883336,0.16492371817766313
883337,0.6940951295168689
883338,0.910049516209436
883339,0.06117019974768085
883340,0.9708950441189275
883341,0.47495986052778794
883342,0.9994597626964428
883343,0.9964240861353325
883344,0.9682662839413589
883345,0.999768707089133
883346,0.2496341939065046
883347,0.9985054928579892
883348,0.9712342020332232
883349,0.17715199342764043
883350,0.9677234156038361
883351,0.9073526422684429
883352,0.9992637871436747
883353,0.9328491257958532
883354,0.06690840857065683
883355,0.9999053708460535
883356,0.9814468395149738
883357,0.9988827437014696
883358,0.42449580966850325
883359,0.6765229085650117
883360,0.9998087880473558
883361,0.9590793341196897
883362,0.9997542113916854
883363,0.1012278866196921
883364,0.9329301940464851
883365,0.9998430991305255
883366,0.992263832162565
883367,0.9851069335545387
883368,0.9912649944327064
883369,0.7581366934329441
883370,0.4417581024787827
883371,0.9253495866257047
883372,0.12399852114946552
883373,0.9072936546936078
883374,0.004336922995235979
883375,0.5844524790989949
883376,0.5980458656501788
883377,0.9999877500073013
883378,0.01114609493233252
883379,0.9951952623046667
883380,0.9981535444255096
883381,0.4072464529639432
883382,0.9999823993569632
883383,0.0817429937083437
883384,0.5795742132439273
883385,0.49999600759204127
883386,0.9998658501736963
883387,0.9999097416620066
883388,0.9334877042242322
883389,0.9998617075196581
883390,0.7707632702055054
883391,0.17135750133076405
883392,0.9998890784453244
883393,0.008382166087496071
883394,0.7496896746247832
883395,0.13356449122663547
883396,0.4154719802238387
883397,0.9674727299444108
883398,0.9957462906987735
883399,0.95939630389774
883400,0.21583637512033627
883401,0.7192143178759034
883402,0.9998028403662291
883403,0.07946441173042527
883404,0.53189556976324
883405,0.08142575734971105
883406,0.991634364227873
883407,0.30495173721776514
883408,0.9999670299869058
883409,0.9765890338384953
883410,0.5161852389871204
883411,0.15674855536687513
883412,0.15641651338500995
883413,0.9692093460454001
883414,0.08636762032929052
883415,0.999378715174699
883416,0.9503433348929511
883417,0.7625291610716679
883418,0.33275778154358077
883419,0.9983486930941099
883420,0.4222960717963471
883421,0.9983535363582655
883422,0.9986761162512026
883423,0.25972639155187893
883424,0.9999659179429952
883425,0.3373748976621769
883426,0.9997550211316368
883427,0.8875745764453995
883428,0.023640542487439388
883429,0.29607495682419344
883430,0.999811698922872
883431,0.23009433149588654
883432,0.9099383329317671
883433,0.09235144346274582
883434,0.9926729243381358
883435,0.999768571492096
883436,0.06804397649394428
883437,0.9999928780979006
883438,0.9452100241894399
883439,0.9994638809828524
883440,0.998665775883484
883441,0.9692605299629661
883442,0.9697603234572318
883443,0.06345228043831555
883444,0.7460070885676511
883445,0.9998430446190205
883446,0.13117111034414955
883447,0.9920306786195455
883448,0.07635479372413338
883449,0.9635690255179853
883450,0.9980291782879449
883451,0.9998705438375173
883452,0.8725467113339995
883453,0.8568068874283596
883454,0.49868699528778454
883455,0.11420923842052556
883456,0.9998967284184765
883457,0.9998262387267469
883458,0.7819167213384388
883459,0.06804285009155991
883460,0.9999828206961259
883461,0.5199526951391731
883462,0.9948054403491882
883463,0.8962974886500064
883464,0.028900946992244318
883465,0.462157077398048
883466,0.9997956276804489
883467,0.9999164401305971
883468,0.7026788815001989
883469,0.9315800529067277
883470,0.3969677918268459
883471,0.9760243838151441
883472,0.2946584766480579
883473,0.7204121633213749
883474,0.0946227468066705
883475,0.8006312877710358
883476,0.799097247511015
883477,0.9048609067454929
883478,0.9532637906828989
883479,0.9999712344310446
883480,0.9999007286066127
883481,0.9931704365052735
883482,0.979582422115224
883483,0.9724208509240958
883484,0.8616807665280637
883485,0.6461963676769455
883486,0.2541413510529921
883487,0.895241519707109
883488,0.9999012153332
883489,0.5207909050834164
883490,0.9914649767869217
883491,0.9099315809104658
883492,0.8893728417653117
883493,0.5413476281362676
883494,0.39211527300613097
883495,0.9995865237450648
883496,0.20378189789516296
883497,0.8881012735893149
883498,0.7085484478585327
883499,0.8026715138404945
883500,0.40841238909813915
883501,0.9583285157179573
883502,0.9942560708856336
883503,0.9988011392745786
883504,0.7271496745916781
883505,0.4523821080755491
883506,0.9334943584953279
883507,0.030729032483546026
883508,0.8017840889610137
883509,0.7283554000327492
883510,0.999973457215369
883511,0.9999587113718326
883512,0.8367603161541652
883513,0.3951042626566312
883514,0.9922840034985552
883515,0.9991683785359513
883516,0.9995623173075899
883517,0.5741892178409639
883518,0.6982495641674501
883519,0.876928612260216
883520,0.36076866708145316
883521,0.03188616733431863
883522,0.995433633088868
883523,0.9994826948594665
883524,0.9978574813655092
883525,0.43230362962930613
883526,0.9864515477909879
883527,0.9970120403332888
883528,0.8524826086422098
883529,0.9836010054078693
883530,0.9791405230341792
883531,0.021054703153780663
883532,0.6731529964843692
883533,0.9952776003623369
883534,0.994360272820848
883535,0.15654662588087653
883536,0.654450055804823
883537,0.3130615664492788
883538,0.30502835194364397
883539,0.02456346029707316
883540,0.9998110649871561
883541,0.02947984234515951
883542,0.9633163785219989
883543,0.9998727955346121
883544,0.007690076839908902
883545,0.9418199840698183
883546,0.9995944710368573
883547,0.8951628553188398
883548,0.9738574124324821
883549,0.2577250634150518
883550,0.894256451477715
883551,0.7648539944400712
883552,0.7986162485091315
883553,0.7085321212353477
883554,0.5804039158951695
883555,0.9997972846025237
883556,0.9911782027408677
883557,0.9958827236356842
883558,0.9755199471447866
883559,0.9354856263763532
883560,0.999887388280664
883561,0.026476340356179517
883562,0.9920205763704122
883563,0.9924630541897106
883564,0.06416950009062243
883565,0.9922971578820174
883566,0.9994395100507716
883567,0.987584092785422
883568,0.009491654390852337
883569,0.5794542960879933
883570,0.7120670982122405
883571,0.9980903844518068
883572,0.36468166901035437
883573,0.05452890462217132
883574,0.9970788472537332
883575,0.9266615511243439
883576,0.9883853200238353
883577,0.9731995705006111
883578,0.9454103845165166
883579,0.002754025415199163
883580,0.994659621127383
883581,0.848498627251293
883582,0.9999338658905064
883583,0.42122193345050624
883584,0.0045331293092280055
883585,0.9765159796917695
883586,0.9998360082173003
883587,0.9997361871238215
883588,0.999449748702301
883589,0.5701791425534143
883590,0.7846268227449955
883591,0.9999918617247012
883592,0.9973798714502541
883593,0.9986418784868836
883594,0.9986850643124571
883595,0.9969005991738864
883596,0.6246175161182863
883597,0.9793875426146743
883598,0.9900194025850888
883599,0.0453197520549537
883600,0.2527042598215573
883601,0.9985241568414978
883602,0.9936709852704675
883603,0.9993407844503985
883604,0.027439397874706607
883605,0.9994822316663228
883606,0.02557562758407815
883607,0.9999740635069536
883608,0.9995975529336698
883609,0.9999571870393009
883610,0.9823082539267577
883611,0.007093961725157503
883612,0.9996698706960734
883613,0.010926702341888247
883614,0.7593843386121238
883615,0.9989286229271538
883616,0.8234128031523906
883617,0.9938778199331032
883618,0.7895298280938303
883619,0.999822962511898
883620,0.9837990113858319
883621,0.014116637709565843
883622,0.3092690606928615
883623,0.8843210565706979
883624,0.35156259973627524
883625,0.9860359222358753
883626,0.2622834636920369
883627,0.9998158576029456
883628,0.01664554516890812
883629,0.9794116033396045
883630,0.8265187511179439
883631,0.9997062898138134
883632,0.9991430571869933
883633,0.9059893056870105
883634,0.9999767760266373
883635,0.756618486748061
883636,0.9998745904116639
883637,0.7947466845058487
883638,0.9419897237189481
883639,0.8601378833817794
883640,0.5953664629434006
883641,0.995732937942335
883642,0.44336175817508106
883643,0.03508726857332883
883644,0.06627125120348457
883645,0.9990355027085781
883646,0.9474000223361898
883647,0.594403884992219
883648,0.07286812197574001
883649,0.5739673920379711
883650,0.9972846189307093
883651,0.28014238897616084
883652,0.19794849283329996
883653,0.9901564600898768
883654,0.9059623999794368
883655,0.05642444966297962
883656,0.9998029026616164
883657,0.9998695314725563
883658,0.07662085986097522
883659,0.9963152937241122
883660,0.9997165110824158
883661,0.004238655141043791
883662,0.3928593297439439
883663,0.6368331700706548
883664,0.9592172457908614
883665,0.18141933644566882
883666,0.13077789347125285
883667,0.984367390754372
883668,0.9999077233760206
883669,0.9999185007067962
883670,0.6332766831650986
883671,0.3022324968032668
883672,0.7244512807665919
883673,0.0052874505044625975
883674,0.9997573866471444
883675,0.7345025103077748
883676,0.29327500047645727
883677,0.9032860973364725
883678,0.9999242216026742
883679,0.9205919473047905
883680,0.994236317901467
883681,0.9996002707434067
883682,0.15884673392582901
883683,0.885854687449955
883684,0.20532757747184877
883685,0.9995633548489196
883686,0.9091847961074293
883687,0.6616656940216484
883688,0.8285076154165458
883689,0.6494596374935975
883690,0.9878947365024094
883691,0.9867424536859095
883692,0.9999483299693928
883693,0.4270074922525787
883694,0.7459477056973364
883695,0.20046632689792443
883696,0.8090183353157292
883697,0.7794042621773518
883698,0.26959624036890245
883699,0.5456725245223454
883700,0.13702830955321676
883701,0.9989092911929851
883702,0.9997585743218799
883703,0.9069044476221009
883704,0.023146823903568686
883705,0.05692004780072085
883706,0.38071415046255846
883707,0.916372333889139
883708,0.9512572780083617
883709,0.993697762921441
883710,0.9997156348146031
883711,0.9989327384564359
883712,0.01990922217561688
883713,0.7746613535987473
883714,0.573178583747917
883715,0.999388703198655
883716,0.9999086668910158
883717,0.9996153870885454
883718,0.9431029914267408
883719,0.9396753791574661
883720,0.963423992326581
883721,0.054049911545467344
883722,0.06966908053173256
883723,0.1037381648372582
883724,0.9970230510407323
883725,0.9996095449581419
883726,0.99993626633858
883727,0.24233796134285246
883728,0.3631624735444733
883729,0.5528366464148275
883730,0.9901310135630043
883731,0.003836105073727381
883732,0.9134505287138339
883733,0.13435684053907831
883734,0.8190049690490957
883735,0.22268823028891538
883736,0.0562792146319351
883737,0.10598028609957247
883738,0.853754521394779
883739,0.010403696277711824
883740,0.7598368222870293
883741,0.9999492454290231
883742,0.06720205287719605
883743,0.9974007980330053
883744,0.6895494299836811
883745,0.5073826501912321
883746,0.22419194944232335
883747,0.0366832302330159
883748,0.9404132771162641
883749,0.999932589782218
883750,0.9991484489213577
883751,0.15262948447389935
883752,0.6124408950902152
883753,0.7066443373140847
883754,0.9354171959561175
883755,0.010071119629567093
883756,0.9990962747709015
883757,0.11274387259884922
883758,0.007359289908120521
883759,0.5956861463944191
883760,0.5129902939832817
883761,0.9999577329830365
883762,0.9987094799208468
883763,0.9976500190685132
883764,0.9851279575170822
883765,0.17027803882451747
883766,0.9997128020487749
883767,0.006472933901923146
883768,0.2909742742161295
883769,0.9991144737795237
883770,0.8820255486381618
883771,0.010411549739169936
883772,0.945330227159694
883773,0.083285854538247
883774,0.6095012844510349
883775,0.5704056910695592
883776,0.553712765283746
883777,0.9999866085731706
883778,0.6855750003076612
883779,0.9017715557664958
883780,0.9710417202345
883781,0.9983075091003414
883782,0.9895569585231472
883783,0.9999525028239475
883784,0.5547419658701516
883785,0.9982191759459299
883786,0.9999964325393
883787,0.9995814330071393
883788,0.4645968279665972
883789,0.9999212729771313
883790,0.9999725783558644
883791,0.9447147565167724
883792,0.7408721681694337
883793,0.9128173952295494
883794,0.49304877542706904
883795,0.9772625803216481
883796,0.04256579875155094
883797,0.9999286782161585
883798,0.2149470875841637
883799,0.9963720948764654
883800,0.6897940729913536
883801,0.37644260673944435
883802,0.4925507102869965
883803,0.9914193510672226
883804,0.794975867969491
883805,0.0308864591380606
883806,0.9906451853879321
883807,0.6511062681256692
883808,0.9993529762651053
883809,0.998269255031788
883810,0.02721238522354739
883811,0.614404621191835
883812,0.7407677510262388
883813,0.9999888608315417
883814,0.9998298187959769
883815,0.9909150342376166
883816,0.904973926702265
883817,0.11583892209701635
883818,0.9946554910470242
883819,0.8695063006845575
883820,0.48976344947263567
883821,0.9999575213700733
883822,0.9995443598657066
883823,0.9998487904390752
883824,0.3790919076373153
883825,0.9961741342235506
883826,0.9854901181876177
883827,0.13800228681131765
883828,0.9890837576862286
883829,0.9993641102885444
883830,0.9995260231884229
883831,0.7810691311477489
883832,0.2633538834698603
883833,0.73190767029233
883834,0.9998802734572749
883835,0.999945515314214
883836,0.08186594018804007
883837,0.3339689583973407
883838,0.9917285166184711
883839,0.9954909276939496
883840,0.4582796320639061
883841,0.42899014364347454
883842,0.0499237026620068
883843,0.992680479405273
883844,0.9999831800358034
883845,0.6264845625952221
883846,0.3330177883157141
883847,0.9815300569059981
883848,0.9938787111739273
883849,0.21129265997730798
883850,0.9999428688906731
883851,0.9999898649829484
883852,0.5051389841108596
883853,0.38180133461851734
883854,0.045868105546876044
883855,0.6963052279518751
883856,0.24479781573534856
883857,0.8086263970855139
883858,0.8521608371723642
883859,0.9935886746579906
883860,0.06170061609222789
883861,0.9945684771369612
883862,0.9947713149881384
883863,0.9999703261767767
883864,0.999862548469246
883865,0.6015446780210415
883866,0.5257080031747978
883867,0.8896055967119845
883868,0.5992124355132906
883869,0.21767995147022245
883870,0.23415750289979326
883871,0.3665830146187543
883872,0.9992847125145377
883873,0.9553689660688799
883874,0.998214172024606
883875,0.994099928240808
883876,0.9994820884971872
883877,0.4155861626304348
883878,0.7690543872617492
883879,0.522578297753938
883880,0.25634755831251205
883881,0.20701823121860424
883882,0.9476800652858117
883883,0.9998473262152777
883884,0.44142357131717
883885,0.9571548071500539
883886,0.5987872402324537
883887,0.9999521223996259
883888,0.9972911761186443
883889,0.9996868712194396
883890,0.999952360275466
883891,0.08882019532142318
883892,0.9985618707897247
883893,0.9996632997351689
883894,0.6126747428001585
883895,0.9999702427160713
883896,0.8449485349510175
883897,0.5482991272118698
883898,0.9962257707980504
883899,0.2737733566273416
883900,0.0675632867612715
883901,0.9783480341760836
883902,0.9962424019221574
883903,0.6517099008756468
883904,0.9995962615836675
883905,0.022702574399476885
883906,0.5094376016112411
883907,0.8412390261495974
883908,0.9807469916048173
883909,0.9996759449023604
883910,0.8200440420113215
883911,0.9902846819691726
883912,0.9674203675081423
883913,0.6369395214398217
883914,0.004909615937602564
883915,0.91977700714837
883916,0.934361217535385
883917,0.8348960788512367
883918,0.1962360142027748
883919,0.3879785603093151
883920,0.9929696933454569
883921,0.9999906684393983
883922,0.11158015236559596
883923,0.9908068329088446
883924,0.6025262335962234
883925,0.3053138097667345
883926,0.9996185611935219
883927,0.841984290316706
883928,0.9733245839271822
883929,0.005431892437758125
883930,0.8071376433184961
883931,0.1687950688470791
883932,0.9987698192382948
883933,0.9999912495755654
883934,0.5872576152672104
883935,0.9977624287502055
883936,0.9997981718825348
883937,0.9999718128558581
883938,0.9999108591113661
883939,0.9999855031613651
883940,0.6478119941740113
883941,0.9999195137065876
883942,0.9453809924960407
883943,0.9951238079012339
883944,0.9810794152286777
883945,0.8811076008198326
883946,0.3036775555165063
883947,0.14891205581519362
883948,0.2407553355459625
883949,0.9994575131655403
883950,0.046773561701054275
883951,0.15326254331706335
883952,0.1783079120642288
883953,0.9896589329259602
883954,0.999852182683465
883955,0.7230865113820066
883956,0.9997188432738382
883957,0.04319999566399693
883958,0.28555278856703475
883959,0.536120205382129
883960,0.6879236142223323
883961,0.7937406409718905
883962,0.9967349328634432
883963,0.9879132958128771
883964,0.9990356816868918
883965,0.9935613213756119
883966,0.4394128132381542
883967,0.9483984447866369
883968,0.9999284532345213
883969,0.9999843634305652
883970,0.9746048336910671
883971,0.9998993873325445
883972,0.999872576438779
883973,0.9770941826811509
883974,0.999833924130864
883975,0.014267141046493282
883976,0.7236138571681104
883977,0.7226507104222647
883978,0.9355829304222472
883979,0.6358351205423161
883980,0.6972964942610681
883981,0.2839921823501502
883982,0.980274914927674
883983,0.27392541895066436
883984,0.9989745843443008
883985,0.9786249331545489
883986,0.9999276176601912
883987,0.7796715756990811
883988,0.9874820152147705
883989,0.9999312367522806
883990,0.9997429623445481
883991,0.8350983401375048
883992,0.10468808707641748
883993,0.9904559789545386
883994,0.9988505331460656
883995,0.998767736774089
883996,0.9990907904591033
883997,0.012595996235469965
883998,0.9887848916492652
883999,0.9983628293574249
884000,0.003730548047592485
884001,0.9993066348932923
884002,0.9999594632268778
884003,0.9996535123991088
884004,0.9995731541999312
884005,0.23893729385608825
884006,0.10253035586746433
884007,0.8667001703435003
884008,0.9321100501681844
884009,0.9998200303302406
884010,0.8630886427908442
884011,0.07389919458431314
884012,0.9907246730414184
884013,0.03325836834663405
884014,0.4303209000474655
884015,0.9978212799208589
884016,0.6307610814778708
884017,0.6704039093249323
884018,0.1896014228259364
884019,0.9757636216872432
884020,0.9269668973316161
884021,0.490987211826542
884022,0.9753887662363414
884023,0.9998962214717919
884024,0.9999478958437028
884025,0.12586837167283757
884026,0.9883835986860217
884027,0.07162591528204588
884028,0.016658741658110366
884029,0.1418882904959053
884030,0.5327392900156367
884031,0.9238387479740662
884032,0.8645480872774132
884033,0.9789202502967276
884034,0.9720278144774244
884035,0.9986580189533034
884036,0.9846440237281017
884037,0.9886359270120885
884038,0.7939424455999692
884039,0.6596200116540265
884040,0.995030016488595
884041,0.9911991738027965
884042,0.9999089996593579
884043,0.4427825523313568
884044,0.9944458079033437
884045,0.9999175625992214
884046,0.9996262453060839
884047,0.8851537823457278
884048,0.8559200561230028
884049,0.570987849342657
884050,0.9983835818946655
884051,0.9758705203802787
884052,0.09756937518821639
884053,0.7883396107247448
884054,0.9998965438166794
884055,0.466151182695281
884056,0.99360943348395
884057,0.9888527500283231
884058,0.999390706455743
884059,0.9915543665826676
884060,0.9873918206091992
884061,0.9997466355231934
884062,0.9991323787836213
884063,0.9987607905652599
884064,0.9726091340289961
884065,0.8646772909128777
884066,0.8252845389794563
884067,0.883279920912607
884068,0.6402950348245301
884069,0.8820154402053986
884070,0.2459192378037457
884071,0.9983825522715277
884072,0.28119967975934096
884073,0.4955221149103168
884074,0.9993765678109024
884075,0.8649118747423611
884076,0.4162940332465533
884077,0.04849314973038191
884078,0.9940906658634725
884079,0.6721874766878367
884080,0.9995561124396597
884081,0.9998501307900303
884082,0.9971280634449363
884083,0.9502687965911767
884084,0.9998689342517803
884085,0.7691445306332925
884086,0.9999870917637295
884087,0.9998917859381502
884088,0.17368560249970103
884089,0.9996730218102634
884090,0.9817181066429224
884091,0.846617108584017
884092,0.007272482849456101
884093,0.998482114120434
884094,0.9996564847581539
884095,0.531744496839995
884096,0.9969883681915032
884097,0.20733514862321342
884098,0.8728515939225434
884099,0.8211122873879371
884100,0.49624538119798645
884101,0.7143873987526845
884102,0.9684610811371609
884103,0.9816723852429915
884104,0.9978083188321885
884105,0.9405715545511839
884106,0.4706184932166142
884107,0.9972909025110415
884108,0.8513858732912994
884109,0.9954653370323788
884110,0.9968561426288071
884111,0.8038977947124988
884112,0.9888670773472678
884113,0.5925675950310808
884114,0.999780129718971
884115,0.6224467642595539
884116,0.9848335106322184
884117,0.732008970305117
884118,0.9990805250115733
884119,0.5025846380447128
884120,0.8326823418942777
884121,0.9997403579311761
884122,0.008539258711309828
884123,0.009624833086221515
884124,0.3579662565960299
884125,0.9999672464878107
884126,0.9993380480789715
884127,0.9997251133497548
884128,0.856944363397948
884129,0.9982438802569861
884130,0.9974713216558577
884131,0.05840046501415945
884132,0.10936648380436517
884133,0.9997003358593919
884134,0.9543107962316246
884135,0.8342585430360622
884136,0.4128142492007013
884137,0.9999572619118884
884138,0.8602319683871362
884139,0.6516222493344522
884140,0.045035159642568955
884141,0.4879736989808753
884142,0.9994849840819693
884143,0.8560693115135751
884144,0.04695404490302396
884145,0.6587345723106133
884146,0.9999633188456669
884147,0.1161807613289435
884148,0.9508781392574237
884149,0.9956696330987709
884150,0.4593061865609349
884151,0.9789710383812953
884152,0.00504240256227816
884153,0.04803400512347115
884154,0.11669967276291625
884155,0.10650243701301094
884156,0.9754296277592954
884157,0.7440867610768798
884158,0.014582152127729396
884159,0.8216126146116262
884160,0.9991224353447997
884161,0.9969419433319231
884162,0.9997647620659628
884163,0.9995168410850221
884164,0.5970830536077785
884165,0.18854279629261078
884166,0.3152832116264405
884167,0.39303989394942807
884168,0.5456596229339328
884169,0.05896942469452675
884170,0.8099692120768238
884171,0.9853916121941332
884172,0.14745165089042106
884173,0.7005217904217108
884174,0.04124244510772395
884175,0.9998018476282005
884176,0.31212092113921
884177,0.5091814546342777
884178,0.3450650451552229
884179,0.7417379096770544
884180,0.12440693809420253
884181,0.6229803051092886
884182,0.8316036285029863
884183,0.24837140089879056
884184,0.9962580872038134
884185,0.9924778173264787
884186,0.659955743550716
884187,0.7476037633314457
884188,0.786572463619729
884189,0.24694622654888235
884190,0.5441750639268128
884191,0.9996080696464937
884192,0.025542839666581482
884193,0.1838738523873244
884194,0.7383584064957396
884195,0.9998875246356769
884196,0.9958487115562766
884197,0.500040316040073
884198,0.005221751427139583
884199,0.09754638054187945
884200,0.99984366406052
884201,0.8809817856406623
884202,0.999985253955385
884203,0.9976203862108874
884204,0.7355167269240974
884205,0.9996301997848858
884206,0.999973759429139
884207,0.9962016157166913
884208,0.6173556666302301
884209,0.999837802532811
884210,0.6026911916168949
884211,0.5786453179446801
884212,0.05459740447943722
884213,0.24652566435104012
884214,0.3581483272993242
884215,0.9993373541448729
884216,0.9981908792925621
884217,0.6696934211327105
884218,0.9844483141311223
884219,0.9978868742118274
884220,0.27599804306944337
884221,0.9967338389580781
884222,0.9997245197650841
884223,0.9993204206059599
884224,0.7012328441982472
884225,0.9997414255972471
884226,0.9999584594700677
884227,0.99769302802399
884228,0.9998441808829752
884229,0.6329014551365577
884230,0.9998647251848749
884231,0.7995908594906159
884232,0.2469961442889813
884233,0.9742856402258919
884234,0.9999466754284403
884235,0.20905219613229775
884236,0.19789235297999774
884237,0.9994023508374886
884238,0.03061947092324323
884239,0.7041746930345181
884240,0.9890416779725636
884241,0.009565519521775973
884242,0.9889199049383295
884243,0.3256558927303375
884244,0.99998381425046
884245,0.8148850963174875
884246,0.999945607779924
884247,0.9999129955951609
884248,0.0026126163780974578
884249,0.013619542997227695
884250,0.9995925157892553
884251,0.0647386162424376
884252,0.8962303563154326
884253,0.8779393100827546
884254,0.1910865596303497
884255,0.9552448105281925
884256,0.9999761401858744
884257,0.9989326979434057
884258,0.9996986328878723
884259,0.9897895254970885
884260,0.9992085865771618
884261,0.9660930451220913
884262,0.9991786052201698
884263,0.9924949577397695
884264,0.7098281533626638
884265,0.9771326145953079
884266,0.9377176689333355
884267,0.9924377998785798
884268,0.21538429049592292
884269,0.04409812745312185
884270,0.01529190669786697
884271,0.9934312417580666
884272,0.4883071922899685
884273,0.9999764429410467
884274,0.4466981943248911
884275,0.05914867216877081
884276,0.3228158715136073
884277,0.9999846894098267
884278,0.9997618155656094
884279,0.8908708352854589
884280,0.9998331078898586
884281,0.9594239187130683
884282,0.9109561796759617
884283,0.9998110441601669
884284,0.4238257810897641
884285,0.9247838329513441
884286,0.08008871718296208
884287,0.9989663009433335
884288,0.7984995369475877
884289,0.9760150722281187
884290,0.9999080241691913
884291,0.0766197499673486
884292,0.6027243797372143
884293,0.22769924702841873
884294,0.10124792187310593
884295,0.028076281131915213
884296,0.06816708448665405
884297,0.9967047753239664
884298,0.628223304731806
884299,0.9995377069752731
884300,0.7705635660903436
884301,0.1706187839530715
884302,0.5974370437515204
884303,0.9999061939732499
884304,0.98783841897706
884305,0.9999439417639675
884306,0.9995296067968591
884307,0.9999299170421294
884308,0.8301130680048423
884309,0.9999676032994518
884310,0.999891112360659
884311,0.9999953109458074
884312,0.9811753742054344
884313,0.999826641733263
884314,0.998511523705324
884315,0.8115161473556456
884316,0.9969474937364016
884317,0.9994371283683271
884318,0.9997993768839842
884319,0.34020204637855717
884320,0.9907780585089714
884321,0.9948471469958933
884322,0.16768832462379207
884323,0.7241965450342603
884324,0.9996797533904846
884325,0.6727660750829911
884326,0.9845683369266711
884327,0.9999222883305048
884328,0.43592683255556774
884329,0.47583244301301936
884330,0.705689582878093
884331,0.9964808857653027
884332,0.8960350506561892
884333,0.9993318201714028
884334,0.44723289680692446
884335,0.36155980001890464
884336,0.04134657873180317
884337,0.9988582031949951
884338,0.970345414307686
884339,0.722210356701615
884340,0.9957678442427557
884341,0.9170484347799623
884342,0.997681632480691
884343,0.40448887222168844
884344,0.9950037587710909
884345,0.9955548180280032
884346,0.9999654878629953
884347,0.5890691368064132
884348,0.004325783264031761
884349,0.9848167743173684
884350,0.999866048449837
884351,0.9996130420481389
884352,0.9896402976317455
884353,0.4016839979327306
884354,0.8440859178611024
884355,0.676703315141189
884356,0.028813055345692958
884357,0.9983456907800667
884358,0.999387766130282
884359,0.8370355259219955
884360,0.7370677315425663
884361,0.37779830846826346
884362,0.2947203113204058
884363,0.9968578498848469
884364,0.9997841875492937
884365,0.9540036333951543
884366,0.9113459926913501
884367,0.989800954639404
884368,0.8757186736891964
884369,0.07429833725247875
884370,0.0028993841658967665
884371,0.9996310181517731
884372,0.10243867365527971
884373,0.017333511292867115
884374,0.34304749478041113
884375,0.12673837096960172
884376,0.07314650926380856
884377,0.9998522765286311
884378,0.9995050091137411
884379,0.7311509657701561
884380,0.9527914044455414
884381,0.5050801171091087
884382,0.7253504011462659
884383,0.010359304301413649
884384,0.7046430984154978
884385,0.9995773862775059
884386,0.8206693941636125
884387,0.37129158882087865
884388,0.0848324698717242
884389,0.09322552301765252
884390,0.9996907167294665
884391,0.006004178529908851
884392,0.02191475252514325
884393,0.9981513173509006
884394,0.9999079314483353
884395,0.9442121121245202
884396,0.5565896243397734
884397,0.9429741036942543
884398,0.999924814542078
884399,0.9071749558629959
884400,0.28433540173723054
884401,0.997627643297265
884402,0.9891699325881234
884403,0.9902949817805139
884404,0.4834427915790287
884405,0.996367135104822
884406,0.10405350981915196
884407,0.8596614366723347
884408,0.8418411008454639
884409,0.9998141808417236
884410,0.859105639596433
884411,0.9996140704163355
884412,0.9998025575190126
884413,0.997939496754316
884414,0.9997750644020311
884415,0.6440632910747873
884416,0.9392421874117706
884417,0.9819863178956929
884418,0.43658589543555804
884419,0.9982382675608208
884420,0.886870824115163
884421,0.9999375442980786
884422,0.982764873601039
884423,0.9996740865054613
884424,0.6498248939115534
884425,0.9995967569999338
884426,0.9726039741603747
884427,0.9998464656246253
884428,0.998138955393944
884429,0.5549511662275628
884430,0.9994980595105917
884431,0.8921918292428126
884432,0.9993986969328836
884433,0.9828565096197674
884434,0.8549748834511203
884435,0.9747458669285728
884436,0.026033755830149455
884437,0.023718529936476725
884438,0.25130226383259313
884439,0.9990918493352869
884440,0.9995775637123326
884441,0.019287994762533133
884442,0.9948756535903283
884443,0.21478437339334
884444,0.9980145959115228
884445,0.9884344532169577
884446,0.9999622521074034
884447,0.9998660915603523
884448,0.9993253520700878
884449,0.5151340651128992
884450,0.9999554263792934
884451,0.9958184205124451
884452,0.7134916550578014
884453,0.011272989030565507
884454,0.01949055822452187
884455,0.9999706565369288
884456,0.35653009083950893
884457,0.958718117664842
884458,0.9986794427888637
884459,0.35634012894835015
884460,0.9947426030705373
884461,0.9911737029693164
884462,0.9995643729309458
884463,0.9979040898948752
884464,0.9997765184307761
884465,0.651183701732947
884466,0.9998920492579182
884467,0.9437566421801618
884468,0.9948539356034247
884469,0.5051180899008633
884470,0.9214213703340497
884471,0.7219375717885546
884472,0.999120236833446
884473,0.9996449420423104
884474,0.9999561953920548
884475,0.8112143447911684
884476,0.9993337062240248
884477,0.9994180218505357
884478,0.025177462097704134
884479,0.998958781987927
884480,0.026440025589582392
884481,0.011088543649908938
884482,0.8925927769291773
884483,0.9975833401134315
884484,0.951559567655843
884485,0.9986300242849571
884486,0.8770091929488378
884487,0.9743977540050611
884488,0.39784256197713486
884489,0.9983494257539753
884490,0.07329322795435014
884491,0.4885620508022182
884492,0.9942241179404048
884493,0.9440050071150072
884494,0.999630500387471
884495,0.9959377855466895
884496,0.7639317486809309
884497,0.7001985135178519
884498,0.9999271085724779
884499,0.9996160157994279
884500,0.9980691098571175
884501,0.6815009798912592
884502,0.3295989025187763
884503,0.017350005876248402
884504,0.00616615941572006
884505,0.08565647480675692
884506,0.48457218762803517
884507,0.10749470538718717
884508,0.9999819589113959
884509,0.7064833105453261
884510,0.9988356763210673
884511,0.48140528495654855
884512,0.950774648077773
884513,0.7590758124822689
884514,0.5800175928606877
884515,0.7677536658747417
884516,0.9988561592930048
884517,0.07983002308725787
884518,0.9985359783334228
884519,0.9997569990836461
884520,0.012076418399571688
884521,0.9918070076752841
884522,0.8755768582937489
884523,0.06874907853747206
884524,0.026968621959180254
884525,0.8360417078072339
884526,0.9416041795934382
884527,0.6286905163861254
884528,0.9923959531145354
884529,0.9996770010197644
884530,0.02789484842759877
884531,0.9937896558458248
884532,0.8810283871476787
884533,0.8127597698882681
884534,0.9975537474200008
884535,0.9970609637588899
884536,0.328340420207103
884537,0.03542035483824048
884538,0.9909303121205566
884539,0.9997202172323465
884540,0.07552896983745788
884541,0.9912562623306838
884542,0.9779281226056655
884543,0.9939279580677949
884544,0.9906426191464334
884545,0.09999611691859775
884546,0.9862499844460658
884547,0.9945708233812194
884548,0.9934520019512996
884549,0.7906115740568447
884550,0.9999878250387646
884551,0.9999809906223276
884552,0.1029951327917361
884553,0.969107520565277
884554,0.7287004578331728
884555,0.9854245618902175
884556,0.9192049060616698
884557,0.9932061379133141
884558,0.9999887691819791
884559,0.9713561160956241
884560,0.9998496886859862
884561,0.7927483676168445
884562,0.9465060518569837
884563,0.9969727616108333
884564,0.7721368077531334
884565,0.9864817334471592
884566,0.9998142235557128
884567,0.19837438184557388
884568,0.7046909859592708
884569,0.9039906289655619
884570,0.9998866550772805
884571,0.35312933031885624
884572,0.3457423873099497
884573,0.9977301811576925
884574,0.09224074715541852
884575,0.9248009095549177
884576,0.9564126415784497
884577,0.312506096247919
884578,0.4428622836861238
884579,0.7417886501964805
884580,0.02088861268085417
884581,0.7239495596631734
884582,0.06320411756567026
884583,0.999205351296556
884584,0.9999410624426253
884585,0.29815959808614945
884586,0.09085001155811129
884587,0.7779484730614384
884588,0.9971448096967938
884589,0.01293280035747331
884590,0.943931064615415
884591,0.4688517768588977
884592,0.7671558377158175
884593,0.004740014340992511
884594,0.9925428468047476
884595,0.998887914122242
884596,0.01913528296426269
884597,0.3930254645331227
884598,0.7086544667165233
884599,0.7579720075955971
884600,0.9999809444546777
884601,0.9924739894691352
884602,0.9628865806116841
884603,0.01964601004309105
884604,0.7159806320383547
884605,0.9989077923720885
884606,0.9996948032103179
884607,0.9793992527938342
884608,0.9575035885286116
884609,0.8728454539075351
884610,0.9998696210590929
884611,0.38596996639336056
884612,0.39338993058695615
884613,0.999723267136958
884614,0.9799786777036891
884615,0.6611050236979656
884616,0.6655870000162365
884617,0.2972741675818883
884618,0.12193577960452964
884619,0.8810506656938861
884620,0.9955403252849525
884621,0.7926114644757176
884622,0.9994346178064208
884623,0.9708266993022215
884624,0.9989557327591931
884625,0.7807687395436765
884626,0.7315907722425367
884627,0.037611915379800624
884628,0.345001619066958
884629,0.9994980357016946
884630,0.8582706484426365
884631,0.999342759177281
884632,0.9980704229963142
884633,0.10006039451197091
884634,0.9606886177018019
884635,0.4809437483693824
884636,0.278316937842141
884637,0.9801290071239541
884638,0.42094040587553494
884639,0.9999560922030933
884640,0.24043670802855932
884641,0.0556455401838597
884642,0.20492800864691962
884643,0.013623760034865005
884644,0.7553548690183629
884645,0.9397462085627434
884646,0.5913223220067978
884647,0.16006839306788118
884648,0.9754683697870392
884649,0.6587289028442536
884650,0.6550212548861716
884651,0.9991444389318305
884652,0.9998997789778635
884653,0.007923810331157712
884654,0.05737525184800194
884655,0.9998799203477307
884656,0.3481171662552925
884657,0.9996868472541147
884658,0.8969749111575958
884659,0.9995021236395241
884660,0.9997964948221819
884661,0.9997759742789532
884662,0.9996655353384094
884663,0.9978280869063152
884664,0.15744067728836098
884665,0.9991497713981023
884666,0.6057241877583811
884667,0.9993527966033365
884668,0.3962174053450199
884669,0.8246496982162181
884670,0.0236835424407838
884671,0.027975700431383716
884672,0.9852192890033782
884673,0.0537779884200132
884674,0.9997379235090467
884675,0.9998272528968075
884676,0.08591794852525957
884677,0.7507778360832122
884678,0.9202105496511399
884679,0.8835317705436072
884680,0.9998694711293025
884681,0.20797365139460336
884682,0.8829678681757767
884683,0.9971674280103554
884684,0.8399324722395466
884685,0.2538661918629122
884686,0.5156073885318784
884687,0.24080729806984363
884688,0.38458138211487825
884689,0.42594989384396964
884690,0.9999781743170363
884691,0.9998749067339014
884692,0.9954996341299396
884693,0.5305790538350285
884694,0.9968566411223111
884695,0.5750380356862056
884696,0.9997254347497786
884697,0.4317766629031639
884698,0.3966970448592243
884699,0.8304004857894237
884700,0.9089868253435113
884701,0.36752852449449946
884702,0.922720045798716
884703,0.3503896573798915
884704,0.9955409007906687
884705,0.7240415407764478
884706,0.9919348565262301
884707,0.49609778714976627
884708,0.18516562847875817
884709,0.7902200853080226
884710,0.9896724572939604
884711,0.7115995854118333
884712,0.5173672379049052
884713,0.9971453678668063
884714,0.9995498692112464
884715,0.27512929607551845
884716,0.02537351635332742
884717,0.7455886269816099
884718,0.9323214621409603
884719,0.9873995249101943
884720,0.9888477212492877
884721,0.9998002064508459
884722,0.23739928813498867
884723,0.9999697487189461
884724,0.9401068512380408
884725,0.20548691028903507
884726,0.282507851643351
884727,0.6848521028230738
884728,0.9409896899096533
884729,0.0623090319435156
884730,0.27441410726746923
884731,0.9939682911427214
884732,0.3914563555505156
884733,0.9999142272620509
884734,0.1944681933069774
884735,0.6304366320145486
884736,0.9801248704387457
884737,0.9982965732284852
884738,0.9988463212938825
884739,0.9951521631225698
884740,0.7536365326019302
884741,0.0205652567775318
884742,0.6293420438679662
884743,0.45527010917333355
884744,0.30650125724839833
884745,0.9999337713447215
884746,0.5859713718777545
884747,0.9960311255445716
884748,0.933242549061108
884749,0.8165602670757971
884750,0.9002020115448164
884751,0.6579491673262303
884752,0.965625355898516
884753,0.035571664365651456
884754,0.010570825707988382
884755,0.037319462767264715
884756,0.49819940778251387
884757,0.999812511707141
884758,0.9959207766483267
884759,0.5576547672429024
884760,0.9353698649792633
884761,0.010475619274470075
884762,0.9993611939457846
884763,0.9995162510426105
884764,0.9990875074745156
884765,0.9936142194943556
884766,0.9999296296919096
884767,0.9664868907305164
884768,0.9512841662518414
884769,0.001199049952039484
884770,0.017140468695847292
884771,0.9987600879522385
884772,0.9757229066598548
884773,0.13147434262210606
884774,0.9996284846762694
884775,0.9999530712070479
884776,0.28611679655856853
884777,0.07619857819075125
884778,0.9117774695001066
884779,0.6323012137691586
884780,0.9997772937785526
884781,0.9311326310882262
884782,0.5195862923298693
884783,0.9755258925586447
884784,0.4055763005812073
884785,0.995993354574495
884786,0.9988764039618663
884787,0.9996210266364072
884788,0.9233099546847279
884789,0.9822316413834393
884790,0.9993288376204665
884791,0.9995977342638054
884792,0.9998850337242623
884793,0.9998829807877092
884794,0.7897086039966881
884795,0.2119244824306195
884796,0.9991946460369237
884797,0.999906183546025
884798,0.9999135789304552
884799,0.9997967296014367
884800,0.9998071939343369
884801,0.9990235675625918
884802,0.9805141160964936
884803,0.9989154709874406
884804,0.9999857433820306
884805,0.5501428604642129
884806,0.9994170807504927
884807,0.9980172235966313
884808,0.7044677727052329
884809,0.9762060697832047
884810,0.23510712929968716
884811,0.2988031553110405
884812,0.6943665821930822
884813,0.7345850310104293
884814,0.999937904233933
884815,0.9961438896808453
884816,0.8884472655847732
884817,0.6998215705363438
884818,0.46371085244437205
884819,0.9997371822026617
884820,0.18332841883760695
884821,0.999373814967093
884822,0.9997269091037899
884823,0.07559573890100425
884824,0.009803409443117656
884825,0.9990898389107679
884826,0.03276872395430701
884827,0.23930140986029305
884828,0.05870272443469644
884829,0.998639596290244
884830,0.9991739024956299
884831,0.9999521893876707
884832,0.9937734744348917
884833,0.8536202802498862
884834,0.021350037248733154
884835,0.9998163285573568
884836,0.04015016001505449
884837,0.8053005766461774
884838,0.9997630351847868
884839,0.9987322623258732
884840,0.08863758098380908
884841,0.9985813449666694
884842,0.1543449995254993
884843,0.018492704014666066
884844,0.8496113409650144
884845,0.9927211141152854
884846,0.07238331082461531
884847,0.8943867410876877
884848,0.001998543389684305
884849,0.27866848194829974
884850,0.3046430420219035
884851,0.13743027114790946
884852,0.2475290659834683
884853,0.9996090603355517
884854,0.23890068162478595
884855,0.9990864071955131
884856,0.9963341844235822
884857,0.9997877249414328
884858,0.05888733596434061
884859,0.06321292565273146
884860,0.7465469081678655
884861,0.45029603801046436
884862,0.9996840081976426
884863,0.09271201207811987
884864,0.9999798927311795
884865,0.9992695899897497
884866,0.776608295417834
884867,0.969594020467975
884868,0.16493605517059384
884869,0.9935894380837411
884870,0.9999807840104944
884871,0.7485925408073482
884872,0.29576191103525895
884873,0.7808801406724819
884874,0.08690128918846166
884875,0.18540259314420632
884876,0.34045532789379107
884877,0.9759768214637363
884878,0.9992515234996089
884879,0.9993080478133662
884880,0.08654475855816875
884881,0.9999840493866388
884882,0.9982442376951666
884883,0.030528492342452362
884884,0.050635640406343496
884885,0.9941611675832145
884886,0.0034625236949250935
884887,0.9999343612590277
884888,0.0843383699561653
884889,0.8349458284406676
884890,0.9738849461329808
884891,0.04564683825965493
884892,0.9936822024389175
884893,0.9999913542569615
884894,0.9997551188649483
884895,0.9999870033102427
884896,0.9436165836977557
884897,0.9996860894902204
884898,0.04492701372836378
884899,0.8694798403438933
884900,0.27601083534073506
884901,0.5325520543318968
884902,0.7290486766393627
884903,0.9991012401692105
884904,0.13130139627983844
884905,0.1891526275238536
884906,0.9956842844992535
884907,0.9986951676844313
884908,0.9991569779235537
884909,0.7395934080331565
884910,0.05141325195642839
884911,0.9889727981033981
884912,0.2575571092981325
884913,0.9820373755342663
884914,0.3776345690670348
884915,0.9995305395289384
884916,0.9997478767965695
884917,0.997340846438592
884918,0.8279455187361975
884919,0.6006706328635718
884920,0.9931215666207901
884921,0.9991486908634528
884922,0.9975187942988238
884923,0.7509524206376734
884924,0.9998842467326174
884925,0.999879530346883
884926,0.9977479031743761
884927,0.9980089395444018
884928,0.21697001217205422
884929,0.7887791681673196
884930,0.4382121568213749
884931,0.9895105773021864
884932,0.9883749653242118
884933,0.6467650090326647
884934,0.999340534920331
884935,0.82758443517936
884936,0.6934061903991143
884937,0.9701284046365585
884938,0.999751189106685
884939,0.9998435864725429
884940,0.7187470570583374
884941,0.756121962733515
884942,0.9989710464620112
884943,0.9996946695005999
884944,0.9992078422893655
884945,0.9391152645354002
884946,0.6983296604414548
884947,0.915517208673694
884948,0.12676185583675234
884949,0.03447130524520095
884950,0.9999916819833852
884951,0.01408933482444994
884952,0.9966218101820108
884953,0.9606821773965539
884954,0.9964536584378505
884955,0.9895562668350528
884956,0.9995082719229734
884957,0.011624165544712383
884958,0.06002724320316087
884959,0.5100885837861333
884960,0.9999577073170964
884961,0.6479323858790588
884962,0.9997461768053622
884963,0.9903974094662746
884964,0.9997277577404429
884965,0.9938692351971138
884966,0.5388969191031096
884967,0.11027831168757676
884968,0.8344714961159674
884969,0.6584568682120848
884970,0.9998922506856984
884971,0.9999670261311168
884972,0.8423429122559567
884973,0.9913429735876147
884974,0.7670457813639903
884975,0.8844312360721573
884976,0.9902958738367749
884977,0.037004799929764506
884978,0.42559596389978305
884979,0.9995149898369854
884980,0.7488998039120582
884981,0.8695833210547317
884982,0.6778666804373912
884983,0.9989185139797903
884984,0.014092057576287054
884985,0.7183580213585329
884986,0.9997721999814306
884987,0.9994970052970018
884988,0.565247002116027
884989,0.9991924974595169
884990,0.9936924015114571
884991,0.8967650289341058
884992,0.4497501552663874
884993,0.9995593390807339
884994,0.004813942978843529
884995,0.4629324023937652
884996,0.006882300995534784
884997,0.9979230987125779
884998,0.6119499976837606
884999,0.9996153884907268
885000,0.260627518433759
885001,0.9937324404061127
885002,0.9992851168145891
885003,0.023156804528761135
885004,0.9916198379738514
885005,0.9925066135478653
885006,0.1988495490878196
885007,0.0187019794197035
885008,0.02854236016911356
885009,0.9988241985668063
885010,0.6336882882106445
885011,0.9995190982604008
885012,0.9998078751869703
885013,0.9949940647395878
885014,0.8878208851848413
885015,0.2649663494557045
885016,0.7496054389984577
885017,0.9997018994742357
885018,0.9986420720501903
885019,0.9998575054397991
885020,0.36241427701476886
885021,0.9999838536460179
885022,0.9439574132711785
885023,0.9999621343494887
885024,0.9973811327512232
885025,0.1498874639454555
885026,0.006196595849261667
885027,0.6402456335110568
885028,0.9995249571353
885029,0.07565248961374335
885030,0.04212576956650601
885031,0.9991312560621599
885032,0.9956938363450593
885033,0.9157475973370133
885034,0.9999439052214532
885035,0.36532386661739474
885036,0.8001974929398608
885037,0.528435804278316
885038,0.9920631033286654
885039,0.8240896281474253
885040,0.9999762479399141
885041,0.9910337044056796
885042,0.9998500819511997
885043,0.9490566759135416
885044,0.6396790825174571
885045,0.8718058086280642
885046,0.9520606987269855
885047,0.005668331742932336
885048,0.999967207466564
885049,0.9963410069320786
885050,0.9638298259690627
885051,0.02398857381268299
885052,0.12249246034568556
885053,0.99963199352478
885054,0.8289431537960138
885055,0.9984220459980724
885056,0.9865861613916793
885057,0.36347198042661033
885058,0.00190976523134361
885059,0.9052447447068634
885060,0.695827669130143
885061,0.9921483836422076
885062,0.04419818213333693
885063,0.49426174485318375
885064,0.9823446636672029
885065,0.9996811936016652
885066,0.9997024526540609
885067,0.6587086381390513
885068,0.22719474765249237
885069,0.9999458676966564
885070,0.9990767311782567
885071,0.9997595853958844
885072,0.9955151478632245
885073,0.9993131955428043
885074,0.5850258305104923
885075,0.9997688720885067
885076,0.015435783794478936
885077,0.0969051530771675
885078,0.9195057267202216
885079,0.9984016081059822
885080,0.5072197587507045
885081,0.995756471407257
885082,0.9999258452406825
885083,0.6094569516576236
885084,0.9989084381755314
885085,0.9996916209398762
885086,0.3957798237945666
885087,0.9994686875239109
885088,0.1969473853580744
885089,0.9999722246348354
885090,0.9999680930006278
885091,0.8730900621081809
885092,0.999987781372307
885093,0.6805852682984794
885094,0.977391530820075
885095,0.9632343995133988
885096,0.9890119038709235
885097,0.9999340163944581
885098,0.9291866022334248
885099,0.9738941445987923
885100,0.7723361935464069
885101,0.99997645767987
885102,0.9992615256721415
885103,0.9995722512515826
885104,0.2882112363172919
885105,0.9994501281073872
885106,0.004479407608727697
885107,0.01778775068672232
885108,0.9516344995923176
885109,0.303065831399135
885110,0.9935827727501514
885111,0.9999776297112464
885112,0.9994987628302849
885113,0.9997573375632299
885114,0.7434870284242038
885115,0.9141788056910995
885116,0.9979420915567213
885117,0.8211906737680156
885118,0.9938472026410288
885119,0.7635384542521482
885120,0.3286903440179565
885121,0.6287811360881093
885122,0.5203504630898462
885123,0.9506957060236846
885124,0.9984305979472671
885125,0.995665232713007
885126,0.9748712527193697
885127,0.9979723840004606
885128,0.15722669181780222
885129,0.9996810385676956
885130,0.9819867241221171
885131,0.9998762477646628
885132,0.9992016077552295
885133,0.9946693737666539
885134,0.9712239958137774
885135,0.9997881727348736
885136,0.7762996111000531
885137,0.13827062131653806
885138,0.8921729861549603
885139,0.4809783523725455
885140,0.8161575501257281
885141,0.9756419237825751
885142,0.9997347138096131
885143,0.6793032703003317
885144,0.009825544572385244
885145,0.7799212308956769
885146,0.9999927787841225
885147,0.8246400694748217
885148,0.40473246187664513
885149,0.9959300731040399
885150,0.9993611580216772
885151,0.9997077727124144
885152,0.9944045385913589
885153,0.812837892419014
885154,0.9999720077070122
885155,0.9996684888311536
885156,0.08178817949282877
885157,0.9982451453848011
885158,0.9999160747078207
885159,0.02388685660206312
885160,0.9987326494657969
885161,0.9937722394198316
885162,0.8916125627356277
885163,0.9938534011280236
885164,0.7253460471074851
885165,0.9921008728604032
885166,0.5753085994646987
885167,0.9991154290581017
885168,0.5327464455821758
885169,0.8206496120662767
885170,0.22441052179148346
885171,0.9469091713123123
885172,0.999945387110994
885173,0.8931414536990381
885174,0.9997060090277665
885175,0.9987486802160819
885176,0.020951656099807387
885177,0.9145359882768519
885178,0.9994333207449608
885179,0.26663228450077425
885180,0.9986537833558227
885181,0.9999353324440796
885182,0.9562028673872798
885183,0.2252721449212089
885184,0.07873868314959612
885185,0.8864532209974638
885186,0.07694877151321251
885187,0.991372626226283
885188,0.9995963054932687
885189,0.002402544317066774
885190,0.18812320610158328
885191,0.9999849596420232
885192,0.9999818861134003
885193,0.6961874541958595
885194,0.009723387616921654
885195,0.019466068617409966
885196,0.9982405921778907
885197,0.6160355553878416
885198,0.9982466254053308
885199,0.7971627847719617
885200,0.8064140896262233
885201,0.43743013568040856
885202,0.9995571122375007
885203,0.24277555561120653
885204,0.3311670801082488
885205,0.9074216116403209
885206,0.7940765365976801
885207,0.054035439997499185
885208,0.9932510606959712
885209,0.7445315054246627
885210,0.14017861528888328
885211,0.999952115829946
885212,0.3591371940501442
885213,0.38878376521900104
885214,0.031523160632973585
885215,0.7700229076591998
885216,0.9910340012073866
885217,0.9646860676672918
885218,0.9735374508083531
885219,0.9886324356541659
885220,0.007206456632603036
885221,0.9996338519249199
885222,0.08259655068057327
885223,0.9998931435967102
885224,0.9999710977975536
885225,0.9960369153871216
885226,0.9998789385316125
885227,0.9989951122815461
885228,0.23022828272682372
885229,0.8814736594366458
885230,0.11995946482876277
885231,0.9923371647525852
885232,0.9467798702411601
885233,0.19127625287484057
885234,0.879196385539984
885235,0.048755471612566686
885236,0.9554160843053854
885237,0.9447391864463498
885238,0.1392714522466653
885239,0.8425582690488103
885240,0.8544526324266462
885241,0.3788832744920071
885242,0.529743473222258
885243,0.9930717494037604
885244,0.9589446436748097
885245,0.8146066237392937
885246,0.9997540072069129
885247,0.7707162540762085
885248,0.19159301184089797
885249,0.984836572545462
885250,0.8812370554779463
885251,0.8666279822374838
885252,0.9617129652915971
885253,0.9987174000827399
885254,0.9997253520069767
885255,0.9999884763187608
885256,0.8844012756895261
885257,0.8339905517754644
885258,0.48183866175961676
885259,0.8857954174345362
885260,0.7051168972700357
885261,0.5971595212933151
885262,0.6504070742150966
885263,0.9994200259826495
885264,0.9979620856549694
885265,0.5397922707063557
885266,0.9272636171515558
885267,0.9998334602042176
885268,0.912689661353955
885269,0.9984183665007709
885270,0.9459078547639241
885271,0.9998547980215785
885272,0.999277634692759
885273,0.799508315151642
885274,0.9998084504006444
885275,0.061456765959246554
885276,0.7097374790921864
885277,0.9813486117164125
885278,0.8917251824238444
885279,0.9941146491812172
885280,0.9973264185132165
885281,0.03801953296785808
885282,0.9601551597290232
885283,0.2650761128133902
885284,0.13095099778037927
885285,0.9744153949050599
885286,0.9986482288201949
885287,0.988722631604346
885288,0.9999602026589036
885289,0.026192369632840468
885290,0.7204337562818806
885291,0.9803446807657397
885292,0.7295053504074795
885293,0.9377240595212639
885294,0.9999138728376396
885295,0.9545307122995068
885296,0.18984144797834232
885297,0.9140489957025723
885298,0.41907483531105627
885299,0.992587785140846
885300,0.9925451180454992
885301,0.06728953226276606
885302,0.998113555373178
885303,0.9970027684422795
885304,0.9996269918882466
885305,0.5785250506882401
885306,0.03345495803392856
885307,0.9999800506361939
885308,0.9990449934004324
885309,0.9998321263473866
885310,0.971830937455378
885311,0.9422754012586889
885312,0.6267389181781153
885313,0.9999474033727003
885314,0.7644080887084891
885315,0.1513981530223767
885316,0.988877286064644
885317,0.44677137012659707
885318,0.14845711565457664
885319,0.9987346131532246
885320,0.4001240379013833
885321,0.4487775091528721
885322,0.9274158892396883
885323,0.9212787165220545
885324,0.9996877775440267
885325,0.9700636530472757
885326,0.007566889706532826
885327,0.041880285028521536
885328,0.029988093820984118
885329,0.1203986711010134
885330,0.9998144981282135
885331,0.10160512267159955
885332,0.7094974872192045
885333,0.9922225065754493
885334,0.6787577473647484
885335,0.2070630953327697
885336,0.3824562297889217
885337,0.9996495516337489
885338,0.7215561585019078
885339,0.864461715481927
885340,0.7765614403372836
885341,0.5074608951996274
885342,0.7785331055876957
885343,0.9999600680844033
885344,0.9914126902325207
885345,0.43519090736682287
885346,0.9967502121374545
885347,0.6581165764380051
885348,0.5202585832044639
885349,0.9994084666649365
885350,0.49435310101437674
885351,0.7019058937516764
885352,0.5782239149253151
885353,0.6137429748573571
885354,0.9997767403046065
885355,0.9424001063041336
885356,0.9068486107066649
885357,0.9994767194405667
885358,0.999903893719426
885359,0.21278668883327045
885360,0.9991770532024127
885361,0.9987825797089271
885362,0.998098459285827
885363,0.6269299599643325
885364,0.9959631729905581
885365,0.9999791273211105
885366,0.7617816581434378
885367,0.9946220168986011
885368,0.9999678384490597
885369,0.9999654863717204
885370,0.10670148192453384
885371,0.49468509782374825
885372,0.9998482638540633
885373,0.7553627154995151
885374,0.999764462902559
885375,0.8163306711235648
885376,0.8389298986514262
885377,0.9996567735542377
885378,0.8901884103114199
885379,0.8284636451171588
885380,0.9998141045067295
885381,0.8568015408598759
885382,0.5404518134216406
885383,0.9999262338426489
885384,0.9994120235101587
885385,0.15747212106903297
885386,0.9994502411665517
885387,0.9206862378824874
885388,0.7384688500762242
885389,0.999971514372334
885390,0.999969307080206
885391,0.9996895982612951
885392,0.9977871937260248
885393,0.2888085000057468
885394,0.9985457241606196
885395,0.03030332606972915
885396,0.7433152062032651
885397,0.9954915146222156
885398,0.9995619194493357
885399,0.0027909765628216735
885400,0.9995878083484602
885401,0.009536742166827606
885402,0.12654117101447698
885403,0.09322679128993475
885404,0.7401814758485016
885405,0.9999270128661495
885406,0.008616142989257242
885407,0.6911876732864699
885408,0.9095585401414773
885409,0.005910861737776808
885410,0.9932301324690332
885411,0.9998914499815968
885412,0.2140979093759715
885413,0.05026161560439421
885414,0.9275212300263138
885415,0.9999817575622382
885416,0.40763928726352666
885417,0.05866302406638081
885418,0.9999200810165736
885419,0.8700667348131419
885420,0.4123155298846794
885421,0.9998265946735694
885422,0.06507317369366007
885423,0.9429289288083901
885424,0.444622709193916
885425,0.9999353035553006
885426,0.9994467682000995
885427,0.9526449101423203
885428,0.9228404925486651
885429,0.9988053085621897
885430,0.733929413147205
885431,0.22903955228943493
885432,0.9714143493364389
885433,0.9617162677135789
885434,0.9996381886550025
885435,0.7615883261377387
885436,0.3009935519599667
885437,0.21000481173830218
885438,0.5346485000230761
885439,0.9998190880918811
885440,0.09930537256502606
885441,0.009556362431593144
885442,0.6859741853945702
885443,0.820363870668804
885444,0.6417954461492363
885445,0.3690437177548701
885446,0.8195562105806831
885447,0.5508983176399872
885448,0.5897471279140646
885449,0.6446977200580898
885450,0.4784578752226662
885451,0.6736596916636134
885452,0.9927731894460158
885453,0.748808569109847
885454,0.9038271339847612
885455,0.9948940593844359
885456,0.9987890881308583
885457,0.9999163650321916
885458,0.37752042852329404
885459,0.9999594262965914
885460,0.25783251782973127
885461,0.999812931312761
885462,0.9997670834606771
885463,0.9842541283651709
885464,0.03036999164305869
885465,0.8827408836262202
885466,0.9989028511944156
885467,0.042325868233415644
885468,0.017193033613206836
885469,0.9995039406154573
885470,0.9828260003545455
885471,0.9955015691682549
885472,0.9999635673638408
885473,0.9997854202256136
885474,0.5591075085261757
885475,0.9060185100779197
885476,0.11861886784946465
885477,0.41427355531620724
885478,0.022292195048540468
885479,0.1428678000500687
885480,0.6562651980449115
885481,0.5714404042536276
885482,0.9968836821266467
885483,0.9996746808618503
885484,0.9995234461727662
885485,0.5438467612866087
885486,0.36796943987957464
885487,0.9917940311428978
885488,0.005938985718297789
885489,0.08913534004416743
885490,0.99998100776113
885491,0.9998295881599206
885492,0.575966901130599
885493,0.9994208621884516
885494,0.9999559465154582
885495,0.3014933068209381
885496,0.7495840417731762
885497,0.9966385222995846
885498,0.458269503822369
885499,0.99117555177455
885500,0.7086177159624965
885501,0.9998324462802977
885502,0.9993292041290116
885503,0.9723178083846453
885504,0.04022001795665808
885505,0.9477896677940676
885506,0.945382526587327
885507,0.9998152795858897
885508,0.9904393629492119
885509,0.8447355815950728
885510,0.5615015984535118
885511,0.9224611879247504
885512,0.11631101277341893
885513,0.027462875184450078
885514,0.9744603065813853
885515,0.9999323792830683
885516,0.999609926311817
885517,0.9994258962602358
885518,0.9976229247483149
885519,0.5499346065989105
885520,0.7788870830320374
885521,0.99966850197078
885522,0.9999134682385821
885523,0.03422449659647997
885524,0.49190461750717585
885525,0.17117277830002914
885526,0.9593708666279465
885527,0.5861129460207098
885528,0.8848939770962534
885529,0.9921115912147314
885530,0.9994076629914932
885531,0.10115843635356847
885532,0.980262788200342
885533,0.04923608291308479
885534,0.9996534963258408
885535,0.2971096444357796
885536,0.38211373902074197
885537,0.9995256604171205
885538,0.9985548212015534
885539,0.8485853585523963
885540,0.9965130677961667
885541,0.9999536097898672
885542,0.9999388954866217
885543,0.9998862568206547
885544,0.86160308793147
885545,0.9415966117460707
885546,0.991417488219071
885547,0.006965634180500628
885548,0.9999947504128435
885549,0.9998952327994484
885550,0.9998866892349745
885551,0.25065810395110794
885552,0.9692372492401715
885553,0.9441998173823294
885554,0.9896543079237954
885555,0.9996876037583988
885556,0.35305048545843515
885557,0.9868046963247775
885558,0.9990312211043073
885559,0.9915491285812763
885560,0.7019730094517462
885561,0.999704043184473
885562,0.5343856974203168
885563,0.9869074619675202
885564,0.9953361847538453
885565,0.1463326645920324
885566,0.8060647501717825
885567,0.012432753446901574
885568,0.07554643288200247
885569,0.9995938690048372
885570,0.9997642750418985
885571,0.9972884977095438
885572,0.9996767044999552
885573,0.44601159688283143
885574,0.19190316833219523
885575,0.9443191048067853
885576,0.06616951107779558
885577,0.9987884863081644
885578,0.7311813312668012
885579,0.9996544641558425
885580,0.9975078250032519
885581,0.9808161464454195
885582,0.957054388417762
885583,0.8893349795194494
885584,0.9455889264209463
885585,0.8912616327514953
885586,0.7166775941539101
885587,0.008476077761854304
885588,0.9943041231375556
885589,0.3304356113819118
885590,0.8854979341669393
885591,0.6763244493398504
885592,0.9936850624595297
885593,0.9211553120691602
885594,0.5679082996595002
885595,0.5822159842052761
885596,0.9455357294682635
885597,0.010275734718237853
885598,0.9302749563788679
885599,0.00975951527209925
885600,0.75654935029341
885601,0.1312436764371821
885602,0.9999878354433558
885603,0.996880684840409
885604,0.9982258088595238
885605,0.9999874888327973
885606,0.19796354166995156
885607,0.10757034579465678
885608,0.0036183856435832006
885609,0.9934076986354254
885610,0.9789148711337208
885611,0.9993701797921166
885612,0.758002218434493
885613,0.12263025139838493
885614,0.05326107375847298
885615,0.5457585554027597
885616,0.9998440705513406
885617,0.9979846918842976
885618,0.15300034147440358
885619,0.9982050918960228
885620,0.9642466695113523
885621,0.9798578061092472
885622,0.9936375679076112
885623,0.9983366349290239
885624,0.9707870336790789
885625,0.9852031444937636
885626,0.04441903237895975
885627,0.9610956035973861
885628,0.9991814654495823
885629,0.9982480782855958
885630,0.9995583754644987
885631,0.27199246793529996
885632,0.9983151776946966
885633,0.9774379734647041
885634,0.7644276455850945
885635,0.999971955851073
885636,0.9998356281188572
885637,0.22820696802322582
885638,0.9423004611761792
885639,0.6329345169304073
885640,0.98464990860055
885641,0.9999319972700045
885642,0.020147173829689825
885643,0.17187293664786088
885644,0.6674061329040619
885645,0.13580303536054306
885646,0.9999732373161391
885647,0.9996097336440658
885648,0.9712937440705838
885649,0.9978548227014177
885650,0.3576708051498374
885651,0.039230874767111956
885652,0.9998276213167543
885653,0.414722506582512
885654,0.01375309743047458
885655,0.8382918019347442
885656,0.16799401771945036
885657,0.5631198695353667
885658,0.983342257971764
885659,0.6516911249170734
885660,0.22602795337747267
885661,0.07784866006184588
885662,0.9982822339267572
885663,0.214451315981294
885664,0.9968580918840719
885665,0.6699069164097773
885666,0.9952052237787267
885667,0.9447919654232396
885668,0.9831033181886764
885669,0.0685723753427333
885670,0.09913504374133451
885671,0.9988826531167943
885672,0.7890476283703931
885673,0.24167751807675672
885674,0.8829232746233097
885675,0.8969166811669531
885676,0.7937733278649719
885677,0.9855510842022768
885678,0.003583602492691586
885679,0.9999963604363169
885680,0.22951463575626146
885681,0.37411875613377527
885682,0.37601221046996297
885683,0.21208153971567603
885684,0.41526391368088134
885685,0.9999549958984537
885686,0.8244836238577136
885687,0.986595781439161
885688,0.9864302704201927
885689,0.9920893062780345
885690,0.9999785674243851
885691,0.9998219428186688
885692,0.8122086566670267
885693,0.9851540324005874
885694,0.10239623654193575
885695,0.28287681184018115
885696,0.9915502682568291
885697,0.9992399506375467
885698,0.9494125862985641
885699,0.8285487571787408
885700,0.999668508053353
885701,0.3705006024216103
885702,0.04423923560873211
885703,0.9999856180750494
885704,0.9998256712694803
885705,0.12427349918508679
885706,0.019775368908713124
885707,0.9837794266208276
885708,0.3862041661606261
885709,0.9696908550576907
885710,0.055619433041041014
885711,0.8731925594061619
885712,0.9996643864937644
885713,0.5840770369207126
885714,0.9997278303976141
885715,0.07051988486958291
885716,0.9998540352926615
885717,0.6210913446210027
885718,0.15878051558790388
885719,0.0656090493084859
885720,0.9991298297093539
885721,0.6128903405251215
885722,0.8617932559212251
885723,0.1609944912579288
885724,0.9995720015585401
885725,0.9908575174072468
885726,0.6420794560821443
885727,0.9646364357168871
885728,0.7676541479545782
885729,0.9999563991342288
885730,0.9757675535830965
885731,0.9949706626148164
885732,0.9991632202417873
885733,0.9990341932954548
885734,0.9966528765073851
885735,0.7069916868664237
885736,0.9999791298695537
885737,0.9999848972806834
885738,0.9999266824893571
885739,0.8158550965584783
885740,0.9980269347832382
885741,0.2919534139772988
885742,0.20962262713302746
885743,0.923088038155007
885744,0.05956094256915462
885745,0.04209244591235202
885746,0.9977654334624959
885747,0.5640854642955506
885748,0.9998427558436817
885749,0.34935825915564467
885750,0.032448931028144716
885751,0.9995992662037256
885752,0.9635011419213988
885753,0.9903471647761386
885754,0.7905178486970794
885755,0.9970480558447035
885756,0.41102961276305294
885757,0.9997859707300584
885758,0.9720110460781171
885759,0.9701865386314174
885760,0.9830393382201545
885761,0.9315014771468997
885762,0.45352650302336506
885763,0.8378915574867503
885764,0.9999823554002187
885765,0.9997925765514963
885766,0.9960593521954069
885767,0.4151559486824453
885768,0.995006398754833
885769,0.998849827023338
885770,0.5216948368051904
885771,0.9932377813474671
885772,0.8235135131564921
885773,0.1427619084426162
885774,0.12121052174268812
885775,0.9774306527038139
885776,0.729738434755965
885777,0.6432558919531752
885778,0.9994841167704591
885779,0.12562701514117836
885780,0.9993106802623706
885781,0.6772057907154987
885782,0.9752108609397876
885783,0.9930445452349057
885784,0.9994151839838417
885785,0.5551387029903372
885786,0.9975284856683824
885787,0.9731814908177238
885788,0.03449647286631577
885789,0.999522115676283
885790,0.5357285161250502
885791,0.9186083371664304
885792,0.5781740549113934
885793,0.007540840103975728
885794,0.9998938059461326
885795,0.6712491964215201
885796,0.985372648408718
885797,0.996339571958977
885798,0.0057314633581572235
885799,0.13654034997550368
885800,0.9993098395402367
885801,0.03991994373348309
885802,0.9995174874273739
885803,0.993203041521465
885804,0.9628236797788882
885805,0.8932114843049909
885806,0.21652068579269756
885807,0.6155493921514392
885808,0.30389163475669906
885809,0.16079891023270704
885810,0.6146930517444225
885811,0.9988831753297134
885812,0.9802896925868001
885813,0.9329454546338116
885814,0.18793337513671346
885815,0.33607124370740415
885816,0.6294139033059566
885817,0.8995319156494226
885818,0.9968951002306442
885819,0.985454985505064
885820,0.2550318286313291
885821,0.9957352784697644
885822,0.9495215492146651
885823,0.8902856521694213
885824,0.17330765172303644
885825,0.2581377836873437
885826,0.7963824130609478
885827,0.017097074494768418
885828,0.9845629932372777
885829,0.9999062230210458
885830,0.9995907507022702
885831,0.8604086919438851
885832,0.9998137333520747
885833,0.37208023784775573
885834,0.009268176160215672
885835,0.7905698683007676
885836,0.19443400483742765
885837,0.6201724393475907
885838,0.8672622519228852
885839,0.9912962875495386
885840,0.966379714745518
885841,0.9672393007971092
885842,0.060162784894766036
885843,0.6309916853342308
885844,0.13085832951980864
885845,0.9999817054594642
885846,0.16130328020157042
885847,0.07491762868765363
885848,0.9999605349344773
885849,0.03312217039122095
885850,0.991176806268111
885851,0.9994677762581219
885852,0.3285257409830874
885853,0.4855423540459408
885854,0.057369111978105555
885855,0.8677019941788253
885856,0.5170427912339014
885857,0.9997616131618827
885858,0.3510973619823169
885859,0.9900833304270886
885860,0.7432013884693065
885861,0.0826932583441401
885862,0.9999253001154935
885863,0.9978478419393337
885864,0.9990972769136185
885865,0.9975907211186157
885866,0.054045148122921945
885867,0.9999617394300186
885868,0.9994193936492144
885869,0.9359295399381669
885870,0.8321087335367896
885871,0.9999506005076665
885872,0.9967700731664821
885873,0.9650441399778098
885874,0.9171218356179687
885875,0.35445910803222797
885876,0.4443113021977329
885877,0.035861593172448525
885878,0.9999012875794853
885879,0.4087080767558888
885880,0.8176658938398758
885881,0.84783395104289
885882,0.18523970973240309
885883,0.9995708484898704
885884,0.4015810976084343
885885,0.9607090394466977
885886,0.5809230095249843
885887,0.9998735824206297
885888,0.9987056344862196
885889,0.9353361568137799
885890,0.06444370188448768
885891,0.6261082847051372
885892,0.9998151707004119
885893,0.47936629590805546
885894,0.9991518587402743
885895,0.9944768920232769
885896,0.07673593003724889
885897,0.27056488816447455
885898,0.715970499177303
885899,0.9999001367000876
885900,0.873399160561477
885901,0.7172141129491476
885902,0.9023724492440969
885903,0.9921465067208652
885904,0.9996918775960721
885905,0.8331443610003895
885906,0.08423896713461455
885907,0.11136486144213045
885908,0.951746759438184
885909,0.7246747708769495
885910,0.8936819069475367
885911,0.06332253653698912
885912,0.819376487344876
885913,0.07720422777316127
885914,0.5824516156510882
885915,0.9546788620167406
885916,0.9995367489072362
885917,0.9872021571515657
885918,0.9911836705734574
885919,0.5918986648452336
885920,0.9967631359324901
885921,0.9999347038130142
885922,0.16991257529054285
885923,0.9999672417775268
885924,0.9452087000279001
885925,0.8562337996199066
885926,0.005299275482150218
885927,0.9942468276159807
885928,0.9703481656090858
885929,0.9998299554310854
885930,0.9726525981189874
885931,0.9998158613310211
885932,0.9808046520138196
885933,0.71908415672744
885934,0.9112657109529375
885935,0.7630309514414374
885936,0.9997891625465494
885937,0.4215948557643074
885938,0.9997563057018761
885939,0.6876624554774722
885940,0.9982104081024764
885941,0.998818151470225
885942,0.9683846539352738
885943,0.017826768854594412
885944,0.9516921403477516
885945,0.5765780498787801
885946,0.9963176487262859
885947,0.9591951636085345
885948,0.9999485968405648
885949,0.014057574988457897
885950,0.9970363268185126
885951,0.03140545246025724
885952,0.20618944488132657
885953,0.02861236618207946
885954,0.25289140159946216
885955,0.9947859105608616
885956,0.5492412381236534
885957,0.9546726457103764
885958,0.9511592686876815
885959,0.9999343588858797
885960,0.10506477815408038
885961,0.9980569794821027
885962,0.9998390745923493
885963,0.9992897354295622
885964,0.699160006249266
885965,0.9836034003462513
885966,0.9993111313755847
885967,0.1168866169082359
885968,0.5756169262605049
885969,0.015444857828229243
885970,0.999719211372317
885971,0.999829464204399
885972,0.32434298590105626
885973,0.26576240055593003
885974,0.9898355607312755
885975,0.9963907396502145
885976,0.37986188071410154
885977,0.9898241852666665
885978,0.9996556267148805
885979,0.9326419081101762
885980,0.14295478582566584
885981,0.9715203225075022
885982,0.9998769932440263
885983,0.9531856117350033
885984,0.1947829201150641
885985,0.38285853339900305
885986,0.9895275773952982
885987,0.5856181992513967
885988,0.08587710817799804
885989,0.9943837114106044
885990,0.0032136450035577515
885991,0.2957800283385035
885992,0.4814345861907555
885993,0.7186655422378522
885994,0.9956181722953863
885995,0.998804126632078
885996,0.9908262968837284
885997,0.9949398727937472
885998,0.361822189056716
885999,0.07902921831039343
886000,0.21947434621991369
886001,0.9979902645006531
886002,0.8543325683660332
886003,0.9999659909121332
886004,0.997215360236369
886005,0.022281447985456074
886006,0.9999823388595692
886007,0.9992663313742736
886008,0.1987506116053699
886009,0.1614713775945022
886010,0.8310982053643923
886011,0.908990819905318
886012,0.9754473880449862
886013,0.7753378659239221
886014,0.9997922857141559
886015,0.07575715369813019
886016,0.999819574232503
886017,0.9003189917121538
886018,0.40095800498985934
886019,0.9998296588196351
886020,0.9999351976150456
886021,0.9997071472119067
886022,0.9998690511158559
886023,0.9792730161741181
886024,0.2936610935480711
886025,0.9735305252283135
886026,0.9999370655103222
886027,0.1640216435082592
886028,0.9999182128135231
886029,0.1093736570617904
886030,0.9881886449781946
886031,0.4908813291511662
886032,0.784773999798045
886033,0.7546168646429824
886034,0.9971786825880208
886035,0.9858197522763378
886036,0.0357582078838083
886037,0.99996760956203
886038,0.9998625527975509
886039,0.9999648862911545
886040,0.9994631879582028
886041,0.9879619275684894
886042,0.8406923093356993
886043,0.04506574546215178
886044,0.99983938779362
886045,0.9998182869966568
886046,0.9986771960326783
886047,0.1432730555815655
886048,0.9676587996618449
886049,0.03042751285089565
886050,0.9995257633053087
886051,0.9790059779671413
886052,0.11519539999114495
886053,0.8712792783078389
886054,0.9088166106819268
886055,0.9991790402259165
886056,0.9254818154673926
886057,0.9999742636410285
886058,0.987541785267153
886059,0.8120878361227589
886060,0.7549881410814895
886061,0.11605391393846202
886062,0.9997511963037907
886063,0.9998670599229881
886064,0.9996890196368584
886065,0.9781377366769282
886066,0.9992409608363451
886067,0.37985781785543704
886068,0.9999774684207724
886069,0.9996820689353293
886070,0.9995871161339944
886071,0.9997882358982664
886072,0.9446656638279491
886073,0.9999394472370597
886074,0.9999597751660443
886075,0.9989680160630332
886076,0.9993885924456066
886077,0.9063702473835186
886078,0.09828572047919637
886079,0.9996721683492973
886080,0.37583258759071314
886081,0.8843014325866141
886082,0.0056962419255174816
886083,0.9498703213010626
886084,0.2509869137863026
886085,0.012502325775892113
886086,0.7243310437616972
886087,0.9997594059819697
886088,0.9998861909241472
886089,0.9902957397880969
886090,0.9957621672268044
886091,0.9908214227757638
886092,0.8622837237899196
886093,0.04827400598847118
886094,0.9269303437643663
886095,0.8137652807706175
886096,0.9567990371549744
886097,0.912299132094776
886098,0.0035939267635556097
886099,0.9987550490599886
886100,0.9788881432999033
886101,0.40646136687482964
886102,0.9981440750474739
886103,0.8885612497432693
886104,0.056791680149003716
886105,0.9999974844192241
886106,0.708978195168035
886107,0.998994525895119
886108,0.9995704589284701
886109,0.13538896333058104
886110,0.8149881856905509
886111,0.23295791725930381
886112,0.9926622935121363
886113,0.5067450017018452
886114,0.0357326785736409
886115,0.9988889741516351
886116,0.10215716951638892
886117,0.998632227765615
886118,0.9711538588592288
886119,0.9999366552322003
886120,0.8679461076097199
886121,0.9994155395908295
886122,0.9937685697900667
886123,0.6129002229106019
886124,0.9999531605561907
886125,0.5798079668521487
886126,0.7705862653935163
886127,0.9998779810338628
886128,0.7703521277320746
886129,0.9997876313999332
886130,0.9997848033990924
886131,0.9035273606610301
886132,0.9974589837168933
886133,0.08927294132767921
886134,0.3301335753169603
886135,0.9825623430434876
886136,0.999148517485577
886137,0.8615585712594959
886138,0.8431681698307889
886139,0.9999256401692179
886140,0.989732106420462
886141,0.9614949499670391
886142,0.9913567572599392
886143,0.44553410355815115
886144,0.6081340748225949
886145,0.06786654340438567
886146,0.9965336136840641
886147,0.004742932791684944
886148,0.35568229569396304
886149,0.7547338826204739
886150,0.3502733892655469
886151,0.6836701823027282
886152,0.2463467910029708
886153,0.9999513412851467
886154,0.9786487188619799
886155,0.3261940884344423
886156,0.935025099740989
886157,0.7094221951199319
886158,0.9955380677153969
886159,0.552897139799357
886160,0.2935244464880766
886161,0.9999437585172524
886162,0.08357417489673462
886163,0.7866768152786379
886164,0.9999784897328596
886165,0.4287272424455294
886166,0.09100730167373838
886167,0.23857639161030553
886168,0.9997204382166187
886169,0.6207310161791401
886170,0.9896140009675176
886171,0.9968007114197283
886172,0.8172550896532759
886173,0.9659170896720184
886174,0.051940404468473665
886175,0.9988718701119295
886176,0.9384615384364847
886177,0.22465086184753014
886178,0.9978102507544732
886179,0.999961150039286
886180,0.999586623468314
886181,0.6582134119264201
886182,0.9986579614332861
886183,0.08242990833210667
886184,0.025561759939384265
886185,0.9579549786199784
886186,0.5485101627416026
886187,0.9487199408349181
886188,0.9211526758275396
886189,0.18950999958133907
886190,0.9767528969199294
886191,0.18202556852203017
886192,0.9997683194117581
886193,0.7421768105770825
886194,0.6864877975218608
886195,0.011274693710613782
886196,0.999975207962241
886197,0.4697910271862443
886198,0.9981871600560088
886199,0.8544464595746467
886200,0.9992919605493727
886201,0.02519430508595029
886202,0.7163983424389477
886203,0.09262378635665217
886204,0.9984529742735723
886205,0.9998661281483766
886206,0.018126660226918355
886207,0.4467965391111782
886208,0.0544002738235823
886209,0.9999460958340125
886210,0.5263306350860495
886211,0.8562961243938351
886212,0.9989910443368049
886213,0.38041042347989906
886214,0.8792202558208739
886215,0.8870715425927929
886216,0.08402796636669405
886217,0.7494250516644467
886218,0.9964798780764628
886219,0.9997423509325436
886220,0.9992555442701028
886221,0.1962984493629521
886222,0.9814920475122637
886223,0.9999623757597236
886224,0.1442037947727801
886225,0.11386305231196234
886226,0.9996892160101027
886227,0.007720850280066615
886228,0.9364917255333398
886229,0.9992517224050909
886230,0.014810033007076057
886231,0.7849702271617796
886232,0.825334946832441
886233,0.999695675810689
886234,0.9997454907192865
886235,0.9924120470497448
886236,0.9997672060889217
886237,0.9527582260139489
886238,0.9982648814646959
886239,0.881568476297893
886240,0.999888837930277
886241,0.0820047863922417
886242,0.07593875577628845
886243,0.5072754671825079
886244,0.8482378889047181
886245,0.6774334827890188
886246,0.07548859535784465
886247,0.9371223253839248
886248,0.9840741795138928
886249,0.9968945430340737
886250,0.03114868961717324
886251,0.5958379394454176
886252,0.988333957692804
886253,0.9997883127595691
886254,0.999531557445296
886255,0.4413881550592543
886256,0.9990534216295573
886257,0.6253440921693716
886258,0.9637985170582617
886259,0.9995448357997229
886260,0.9996845883266927
886261,0.357269611442369
886262,0.44623128826176434
886263,0.06317633465425082
886264,0.9820320286347548
886265,0.9551204179619754
886266,0.9995238582167828
886267,0.9820583256130193
886268,0.9997136338972543
886269,0.4299051102902025
886270,0.017654321738682695
886271,0.8881065587063864
886272,0.9999483800694966
886273,0.9999376708484193
886274,0.9870553713713004
886275,0.9845378993830538
886276,0.296738219188136
886277,0.029222385718719074
886278,0.08089885502259937
886279,0.9991639331254842
886280,0.49784563480413924
886281,0.007000059460535493
886282,0.9928259754379902
886283,0.999636438758325
886284,0.9998369490154341
886285,0.6593093455134943
886286,0.9994203537317334
886287,0.1585404515987809
886288,0.9952462566003301
886289,0.9009281370691153
886290,0.9428232565851183
886291,0.9998026383679692
886292,0.06142377771678283
886293,0.8679272922572693
886294,0.9541015115907215
886295,0.09375978595690176
886296,0.9077796979483141
886297,0.7116293461190786
886298,0.9995710090832131
886299,0.8952789582877707
886300,0.9890941939247947
886301,0.5244535135295476
886302,0.02614919452419933
886303,0.9994869136810811
886304,0.570818463268193
886305,0.9566178896350586
886306,0.4467277070492829
886307,0.00929943828155594
886308,0.03858238908352038
886309,0.9991580708439862
886310,0.9858781557629426
886311,0.9990980245443709
886312,0.05544115573978939
886313,0.9998147699108036
886314,0.9927053353997559
886315,0.9829703933594629
886316,0.028498631486718946
886317,0.039848041109381456
886318,0.033240527296253444
886319,0.9960674430817067
886320,0.07719886718464716
886321,0.8027034070573764
886322,0.9230664087272327
886323,0.13297296651976553
886324,0.16627938889243626
886325,0.9880158969747788
886326,0.2607715981090674
886327,0.881863806709654
886328,0.33912443703359685
886329,0.9177917217444597
886330,0.9993893697398513
886331,0.58921196710972
886332,0.9995754716176237
886333,0.6907146629515547
886334,0.8980341369927206
886335,0.9992441436635419
886336,0.9982469119103775
886337,0.11290830773578821
886338,0.9995275610467329
886339,0.8962788639636867
886340,0.70169072435846
886341,0.9976891204056817
886342,0.9995316714037148
886343,0.02072257020485027
886344,0.9436859469046399
886345,0.9606713833492504
886346,0.9997000460748384
886347,0.9962622898726827
886348,0.9999802436518326
886349,0.1776703813594989
886350,0.9983498509563087
886351,0.5831637722988302
886352,0.9998307672932594
886353,0.9994298573118487
886354,0.0409572341968711
886355,0.9996119146702347
886356,0.9730315381941039
886357,0.12239740555743399
886358,0.9999782698134763
886359,0.9910038540548737
886360,0.054632470858566456
886361,0.062035023424829
886362,0.25921037057172225
886363,0.9010698918394442
886364,0.9998766699794663
886365,0.9990041630449684
886366,0.9914877814117967
886367,0.24516826283645415
886368,0.8614257563297154
886369,0.981246011485138
886370,0.12441717814425476
886371,0.9272893846722325
886372,0.998600317287656
886373,0.12857219812822082
886374,0.9941034628383936
886375,0.2838201189794565
886376,0.9264405482818114
886377,0.9667413889508942
886378,0.07907007919656146
886379,0.9903787212618451
886380,0.9998900096505432
886381,0.9998930675330484
886382,0.9943664004745936
886383,0.9213175217505377
886384,0.9790780659237419
886385,0.023671237433770885
886386,0.9945673274478275
886387,0.017130965044605286
886388,0.9997624135852761
886389,0.7447228151589327
886390,0.9997066185810373
886391,0.9867502166727282
886392,0.18396784640522298
886393,0.9105505517635475
886394,0.9587863202729385
886395,0.996577523439905
886396,0.45056351415334794
886397,0.9993170548062212
886398,0.9992760023355951
886399,0.00830800345647043
886400,0.8707402805897647
886401,0.9848767457563918
886402,0.041071114317276336
886403,0.584962676277831
886404,0.9982647693793824
886405,0.9996746934860333
886406,0.9999935540296032
886407,0.020668284736704273
886408,0.7822999582530477
886409,0.5308392881607769
886410,0.7229453820994607
886411,0.8555222360924446
886412,0.17540528288602145
886413,0.9999120198873497
886414,0.9741039099204448
886415,0.02818123001290364
886416,0.997538144081934
886417,0.041945483363512594
886418,0.9412740866240099
886419,0.9996870809687035
886420,0.9997332948310045
886421,0.013771584697007816
886422,0.9996021320873685
886423,0.9995039188509482
886424,0.7940904143892924
886425,0.18099223643993498
886426,0.0120227387755408
886427,0.9933027269277919
886428,0.9991848461541066
886429,0.7993281274023284
886430,0.9004271533411911
886431,0.9830942111801929
886432,0.9999327246159746
886433,0.9603076939189296
886434,0.0014301266357898447
886435,0.9992513593723393
886436,0.3315692670921835
886437,0.05699568627372535
886438,0.9427754698607873
886439,0.08796052212832609
886440,0.9998138545159984
886441,0.9987270156634481
886442,0.913986462342408
886443,0.9401654133482085
886444,0.7746567026508218
886445,0.03094629659191549
886446,0.9957796887954685
886447,0.9970723374681495
886448,0.9997347157221067
886449,0.9975755598204313
886450,0.042324049063568375
886451,0.9993310915749037
886452,0.9999339191407247
886453,0.06324608823419871
886454,0.8870653576183488
886455,0.6175906825999083
886456,0.9819873527077098
886457,0.9942182120345238
886458,0.9814385562536612
886459,0.9118276003303917
886460,0.999911144698837
886461,0.023980461076811906
886462,0.046283817092327165
886463,0.9997219808498472
886464,0.0368924708079989
886465,0.05060990632308272
886466,0.010537054228205077
886467,0.9992116236553075
886468,0.9998734417293591
886469,0.418453694751235
886470,0.11040501891370905
886471,0.9983410052580497
886472,0.9997974523786619
886473,0.9727960885440476
886474,0.2155160545787024
886475,0.9886969423101291
886476,0.9792296853948145
886477,0.08333938388663478
886478,0.05672594590981682
886479,0.9999038807920388
886480,0.018559583230027384
886481,0.003444628415650731
886482,0.9999336382051399
886483,0.008699888209245995
886484,0.998527060223763
886485,0.9987512144339152
886486,0.9408820887896647
886487,0.9994650862146417
886488,0.2769307632222647
886489,0.996154945015746
886490,0.9999785870007716
886491,0.9999219810627039
886492,0.09206771340505474
886493,0.730844737064654
886494,0.9998085982117257
886495,0.9998887407879481
886496,0.06772319112119538
886497,0.9996874401236582
886498,0.9999426775576616
886499,0.3923577592061551
886500,0.8726677978399555
886501,0.4079265896048396
886502,0.9972436524350479
886503,0.44575846362410776
886504,0.9998717961292105
886505,0.9970643619194075
886506,0.6930137732757576
886507,0.8195329614106905
886508,0.8080538617678446
886509,0.9998286017481532
886510,0.36022712574817334
886511,0.990463025437719
886512,0.8336360915526488
886513,0.27598760706575337
886514,0.997892453259275
886515,0.9784248606108216
886516,0.7622816489537358
886517,0.979653030482291
886518,0.6403836202695977
886519,0.9990424956207751
886520,0.12101182994702686
886521,0.9967011269557774
886522,0.02920213812450474
886523,0.019871147028550883
886524,0.9999440819814743
886525,0.11064567124352523
886526,0.783949853387049
886527,0.44998690839832345
886528,0.14304019998489403
886529,0.6369567934310938
886530,0.9072456002165548
886531,0.999834459934823
886532,0.003822560396574349
886533,0.91662874411625
886534,0.8801642707980477
886535,0.03869513280842431
886536,0.9997244474353866
886537,0.9997806824568258
886538,0.48660141187202394
886539,0.10548134944960413
886540,0.33957799888361867
886541,0.973871762743185
886542,0.9309393616037464
886543,0.14033015549481587
886544,0.4721811197731546
886545,0.9874516981207554
886546,0.988923048798026
886547,0.5348342795680952
886548,0.15423526380805838
886549,0.826988970860004
886550,0.1059337840990101
886551,0.6266153088851564
886552,0.9991515683887459
886553,0.9842275047614767
886554,0.4009879544250837
886555,0.8809958645059575
886556,0.294800757281852
886557,0.9942465808731386
886558,0.2785209121889195
886559,0.7163800752536347
886560,0.8958959299856636
886561,0.9542876485558696
886562,0.00950416242940983
886563,0.9248760332995363
886564,0.23720177970763787
886565,0.18405236711045225
886566,0.8759162782198457
886567,0.6377803946613354
886568,0.4097335460340916
886569,0.9991062036619593
886570,0.9960826848004598
886571,0.8155297106969337
886572,0.976010466981913
886573,0.12047717401811395
886574,0.9038571414791945
886575,0.8486688349785441
886576,0.22082808414674898
886577,0.13778980411660846
886578,0.9377036326564218
886579,0.9997009388242967
886580,0.9999825553941506
886581,0.9956956875707774
886582,0.17207790950623694
886583,0.9734503566922499
886584,0.9999335979842181
886585,0.8591802215713538
886586,0.9997150964872706
886587,0.9999777127753589
886588,0.18064179337908226
886589,0.7447560412623675
886590,0.9886872937395061
886591,0.06472627367070673
886592,0.9996351341419982
886593,0.999936536635204
886594,0.9973466271141685
886595,0.02463288855913045
886596,0.789180491515658
886597,0.7786385812572447
886598,0.9967210557343145
886599,0.03750279547661932
886600,0.9988295828639809
886601,0.9994056952912622
886602,0.5880581778650177
886603,0.7706389585594412
886604,0.9995410488935463
886605,0.5560112443365549
886606,0.01403826160956962
886607,0.9585370921338331
886608,0.9978228189963667
886609,0.9993582264415017
886610,0.039742999221601974
886611,0.9993181796300097
886612,0.02356861984716685
886613,0.24262406965252487
886614,0.9889613246780695
886615,0.9879638934036503
886616,0.9997885501177872
886617,0.9996622738881785
886618,0.9999770120122966
886619,0.9863437198970046
886620,0.7625785029926807
886621,0.002459639965784916
886622,0.31463342111780046
886623,0.4224219734893642
886624,0.07531047208907819
886625,0.07832706248176931
886626,0.8726073296803158
886627,0.36884685255661526
886628,0.456944991609616
886629,0.9988322420690977
886630,0.9982898214874543
886631,0.32045427367830825
886632,0.6804605844037215
886633,0.20106062938066332
886634,0.09344111035236635
886635,0.80567867578234
886636,0.9994971217559843
886637,0.25101791179781185
886638,0.7635721215952285
886639,0.007148436358461686
886640,0.4789105896075666
886641,0.24802766815338642
886642,0.9993645730326752
886643,0.9993209578611539
886644,0.9788785350214019
886645,0.8311411871756549
886646,0.9782675207929349
886647,0.9838646300638643
886648,0.818873479549088
886649,0.36520976188660237
886650,0.7681266488584467
886651,0.9952619166480952
886652,0.21105623799058593
886653,0.9963675333243419
886654,0.9997447631995002
886655,0.4488044895519522
886656,0.4724283636158785
886657,0.48483601688728434
886658,0.9999148705301144
886659,0.36103736478923654
886660,0.9594695871616142
886661,0.9576434944587521
886662,0.10183620138848554
886663,0.9908030534907544
886664,0.7876740731129364
886665,0.9993221331727277
886666,0.9892872618093899
886667,0.4650005043333397
886668,0.9861162051325708
886669,0.9998587811391159
886670,0.9782226410236797
886671,0.061902513407881124
886672,0.9997347083983088
886673,0.9998895779099144
886674,0.9999878314231854
886675,0.9993286906487884
886676,0.3240395078404702
886677,0.9931027848897215
886678,0.9999174893701496
886679,0.9730845782999189
886680,0.8269502599234155
886681,0.8670830292300843
886682,0.9347013019735628
886683,0.5750156923348733
886684,0.18653869623520983
886685,0.41181841737312963
886686,0.9913785132108868
886687,0.9999046568092871
886688,0.6912486273007014
886689,0.8251155885576841
886690,0.9526181114515926
886691,0.8104258432861347
886692,0.9853420135544618
886693,0.943086064943139
886694,0.9999060992763934
886695,0.08863043111540767
886696,0.007949737722293067
886697,0.9998952505736529
886698,0.9996674127655651
886699,0.3140954561992875
886700,0.2503379326276207
886701,0.9995633515181553
886702,0.965577259966237
886703,0.03236038208185442
886704,0.9704851825710665
886705,0.38277961797460003
886706,0.7227551604988809
886707,0.999899355071513
886708,0.00604948737174852
886709,0.2101066603491816
886710,0.9997952930613614
886711,0.8730490684934764
886712,0.9510664574849472
886713,0.020303189633338548
886714,0.4453738877571529
886715,0.5166365673470497
886716,0.9999243240263758
886717,0.39217817049750836
886718,0.8665873764556274
886719,0.6627102410610187
886720,0.9999745960866868
886721,0.9998951132386134
886722,0.9840636694281573
886723,0.9941863504270317
886724,0.9412855661153318
886725,0.31950196719529267
886726,0.9964219928096869
886727,0.00685013920414982
886728,0.15616221207825542
886729,0.0409928428152531
886730,0.9996538370059616
886731,0.021087396248031208
886732,0.9996958963499673
886733,0.9999561284681855
886734,0.7612985733243729
886735,0.34601498282267673
886736,0.9992327629589409
886737,0.9967518603227832
886738,0.5895393427365287
886739,0.9789639503627741
886740,0.9984465011610433
886741,0.9997487531984032
886742,0.9966956178984434
886743,0.9924924612913131
886744,0.03884221720935276
886745,0.9848963779128228
886746,0.9991301768000165
886747,0.9985816999043826
886748,0.9861577318302834
886749,0.9999214968435801
886750,0.9999146618383512
886751,0.9795733239442264
886752,0.9925998853985987
886753,0.6447545643007018
886754,0.9999183580003062
886755,0.9993484593811148
886756,0.9977245150822871
886757,0.12382111667394693
886758,0.945929104053587
886759,0.636909878718923
886760,0.012543532644208887
886761,0.6749546108009887
886762,0.061643803561464816
886763,0.10609488333501076
886764,0.21146496825643746
886765,0.9631642458230639
886766,0.07026362262540753
886767,0.9137076156941208
886768,0.9999399105931415
886769,0.699785773723726
886770,0.9879870285420684
886771,0.956311930569574
886772,0.047851399129498526
886773,0.305094068951121
886774,0.9962186588002919
886775,0.9922880439333269
886776,0.09874665792135881
886777,0.7633610336850516
886778,0.9997611101239825
886779,0.41157279802063096
886780,0.4626088820510004
886781,0.9887529608087459
886782,0.9806479561587145
886783,0.9989652069355759
886784,0.020650504381223442
886785,0.13984751065680034
886786,0.05307531311422489
886787,0.9378042003475741
886788,0.779581900821194
886789,0.9989907397204508
886790,0.6838996769610457
886791,0.45244575453622066
886792,0.9999401781770245
886793,0.04973164652113926
886794,0.3511322885461462
886795,0.9996789204255168
886796,0.9996519158574253
886797,0.6220195231299757
886798,0.9684776316891712
886799,0.7720073968364412
886800,0.9999763908153418
886801,0.9860514479007865
886802,0.9990644207422466
886803,0.9990051181125623
886804,0.6040964877586651
886805,0.9997990712745604
886806,0.8612353532963933
886807,0.8595603847076115
886808,0.8154636812723939
886809,0.9999022109891766
886810,0.9999209522329049
886811,0.3418849270513271
886812,0.9999069982988553
886813,0.4248970776521377
886814,0.7713002891388058
886815,0.9950100673308663
886816,0.015597219207794265
886817,0.4004688244090344
886818,0.866483139437316
886819,0.1678455342321102
886820,0.9993825449517748
886821,0.9999104471119684
886822,0.9972291964871313
886823,0.9687965413572471
886824,0.9974687520689794
886825,0.986560219772447
886826,0.212663083505796
886827,0.9899773565039177
886828,0.625020419572185
886829,0.8832097557949627
886830,0.5750555144358634
886831,0.053893587145180055
886832,0.9999399929680318
886833,0.7362514484005886
886834,0.2937056176398564
886835,0.704698322704443
886836,0.5493370808206219
886837,0.9998804683197495
886838,0.9470884372685617
886839,0.09093171552836089
886840,0.7014550520979947
886841,0.9878256807240493
886842,0.9998732469284113
886843,0.84455964591735
886844,0.9956789184853875
886845,0.7185496252683513
886846,0.9995868463712303
886847,0.8900486327671415
886848,0.9970126635150882
886849,0.9995966941042943
886850,0.9992446216778552
886851,0.9998262833017739
886852,0.9979081718372889
886853,0.04764755368317749
886854,0.999932436731026
886855,0.9973274642060783
886856,0.9978626394505703
886857,0.9999951784006282
886858,0.26674589487230166
886859,0.9947960897255094
886860,0.987434315656625
886861,0.35414095248235034
886862,0.022366822008564297
886863,0.9314280141965174
886864,0.9997034883353054
886865,0.9993595739256184
886866,0.9289597890824466
886867,0.1300788739032306
886868,0.6281894537629591
886869,0.9221424674708528
886870,0.999957131245111
886871,0.99620093121133
886872,0.8972927966248171
886873,0.07925766187480181
886874,0.05940995634403179
886875,0.9996609540363547
886876,0.2556636823524196
886877,0.2479545811482271
886878,0.9854475210964556
886879,0.9795584369250101
886880,0.9917091591172411
886881,0.6861629201103578
886882,0.9092925140839299
886883,0.9252120054125785
886884,0.8747085782444584
886885,0.4605263474300159
886886,0.2572166650607593
886887,0.6270513934942337
886888,0.9960446980437183
886889,0.9835332954375139
886890,0.999665058160355
886891,0.9981465867581524
886892,0.08621432545757503
886893,0.9821239188995037
886894,0.997693543050127
886895,0.9902218002884848
886896,0.9999849935015779
886897,0.998559725060512
886898,0.9947624079978478
886899,0.22952627443519807
886900,0.999989765141222
886901,0.9946896405483175
886902,0.08411524700158321
886903,0.32282151011104054
886904,0.992432448384079
886905,0.7488362116884669
886906,0.9973185197524435
886907,0.8157488971594079
886908,0.7711785073025437
886909,0.3827477019333919
886910,0.9996326787192271
886911,0.1908786687376044
886912,0.9993321028744605
886913,0.9917043279006816
886914,0.4665491481954933
886915,0.09245262866553758
886916,0.9995981939084078
886917,0.7743726486826956
886918,0.9998694813047626
886919,0.955420984907362
886920,0.0008302181846169758
886921,0.9997822358685684
886922,0.9974848508998275
886923,0.9728137813073567
886924,0.9368618699303943
886925,0.6058074020186536
886926,0.9678940064468184
886927,0.907068173970665
886928,0.8511480780291605
886929,0.9989548145130752
886930,0.9998396913488943
886931,0.9931201999670825
886932,0.05588270923876793
886933,0.9139175932952465
886934,0.9844462130630414
886935,0.7769510529395882
886936,0.09309969641760112
886937,0.9990779588710704
886938,0.09692717978678649
886939,0.34127710738433614
886940,0.6326595491533136
886941,0.8864978158495173
886942,0.9251721618661526
886943,0.5187924594202014
886944,0.675891828055488
886945,0.6051920528683776
886946,0.9902033181742727
886947,0.12766697133170568
886948,0.9999291537542228
886949,0.98939510966266
886950,0.7342000740434842
886951,0.9934668008935594
886952,0.9950389730701701
886953,0.8060967406296795
886954,0.1948652019169336
886955,0.1656801077926979
886956,0.9998263712299683
886957,0.24248207611704725
886958,0.20624714524398055
886959,0.9996402107764685
886960,0.9567002528625798
886961,0.9998632048756463
886962,0.9262955017043092
886963,0.9968613376059959
886964,0.9995868062018916
886965,0.9976145093828026
886966,0.998660535089563
886967,0.5874276960661916
886968,0.06735346361167874
886969,0.47196186435092813
886970,0.978179807137347
886971,0.9672032749054429
886972,0.5203861137250028
886973,0.9992417034952561
886974,0.9961838183554649
886975,0.2788780234006196
886976,0.9980023678510507
886977,0.5251308813921296
886978,0.9994713268604891
886979,0.0473358909114574
886980,0.9203322042260893
886981,0.09223336760825461
886982,0.11253377605180864
886983,0.9999033849932577
886984,0.21905397792027917
886985,0.18195254331857902
886986,0.9998453268781526
886987,0.2899494914452804
886988,0.9999921121322992
886989,0.15509010162800516
886990,0.2609527099089491
886991,0.7569734879653693
886992,0.9999946213156257
886993,0.9984186949881657
886994,0.9999042683281443
886995,0.012496971813949105
886996,0.012984460877630867
886997,0.9936457917231398
886998,0.0985767876997301
886999,0.056580365404609256
887000,0.999792768433724
887001,0.1564385604195831
887002,0.04788448382504637
887003,0.9976825946966271
887004,0.9989541560193484
887005,0.9986026780919148
887006,0.99982114740369
887007,0.9997472767563245
887008,0.9975579115365685
887009,0.999220003121049
887010,0.8657022709199844
887011,0.9995177125876085
887012,0.07579314520841299
887013,0.9866717303165898
887014,0.9999819772363825
887015,0.9901991856643068
887016,0.09525613713382898
887017,0.370538177966073
887018,0.7972222444476158
887019,0.9994728261531053
887020,0.9999597799284324
887021,0.9769745321921954
887022,0.9931979184494467
887023,0.9996773471983875
887024,0.9874298245687729
887025,0.9998374765580073
887026,0.7456784026438084
887027,0.9990170684801049
887028,0.9994391540380889
887029,0.025858265053805958
887030,0.9852114968907351
887031,0.999334304553779
887032,0.3320348129936521
887033,0.32079570085298564
887034,0.5251086436304626
887035,0.009068620706019813
887036,0.9592714750117217
887037,0.01766646232520705
887038,0.974866924380641
887039,0.9977647814819209
887040,0.9997268888816021
887041,0.9999934124414177
887042,0.09914913535490266
887043,0.6675103260066403
887044,0.7647410432515291
887045,0.9985183422707491
887046,0.9985292924441125
887047,0.9999495895489074
887048,0.5312237398430834
887049,0.03555571388903482
887050,0.1757660250830667
887051,0.9993128413139787
887052,0.8443933707246449
887053,0.8502409128471151
887054,0.5972521398450601
887055,0.9997062415411491
887056,0.9935770424242576
887057,0.8899191231116267
887058,0.8431959958469157
887059,0.9914954751709838
887060,0.9996906108718988
887061,0.03916210195601683
887062,0.987358592400839
887063,0.15456924340730233
887064,0.7217141496715661
887065,0.9996275750870116
887066,0.06329324831978304
887067,0.9364925840258576
887068,0.8865666249900732
887069,0.9850424497682531
887070,0.9804337530375303
887071,0.9044579486370523
887072,0.7615995228239243
887073,0.010660760608311906
887074,0.9997962012504724
887075,0.9988741601428435
887076,0.17686164351986136
887077,0.999253346124308
887078,0.9445171273774667
887079,0.983118187032725
887080,0.26830677593978647
887081,0.999761843369974
887082,0.9636009111583377
887083,0.9896790410877343
887084,0.9999605444277715
887085,0.9957714117577288
887086,0.9996118339856679
887087,0.7629239646251413
887088,0.9024068661550098
887089,0.6134655875861206
887090,0.8992632966106924
887091,0.999676812410583
887092,0.9633519176833301
887093,0.9546135560173792
887094,0.8864635062949291
887095,0.9998817758322842
887096,0.9999237521364188
887097,0.9700326688984702
887098,0.9970719304460612
887099,0.4746364979929994
887100,0.6245056992607639
887101,0.0755564035340594
887102,0.9994815009188798
887103,0.11445003579171237
887104,0.9989699826171812
887105,0.9998750144196962
887106,0.9721020973375849
887107,0.8888582651848931
887108,0.7104420013716914
887109,0.7864671431120466
887110,0.12837411644404245
887111,0.9997306339882441
887112,0.9889570219588871
887113,0.7190383436162371
887114,0.9998981740079533
887115,0.9978591525122775
887116,0.62209714157988
887117,0.8261581118763373
887118,0.13791972130556843
887119,0.49821810567619645
887120,0.999356913968397
887121,0.9934838475549872
887122,0.99574398650749
887123,0.973258097869706
887124,0.11329937246076743
887125,0.9255200881802101
887126,0.9548564379027373
887127,0.9974916857214681
887128,0.9999036404403842
887129,0.2819633116278737
887130,0.9410613256847302
887131,0.9996626339745653
887132,0.9998324610758758
887133,0.4819993230314735
887134,0.8492803733978391
887135,0.30350168212008677
887136,0.9998678402032484
887137,0.9962953118976398
887138,0.1460265205784667
887139,0.33540087600924595
887140,0.9999138349554482
887141,0.8687031958549782
887142,0.10918850018573253
887143,0.02363326196102384
887144,0.9993182554579079
887145,0.22525171757984797
887146,0.8641157605154808
887147,0.18100298241220286
887148,0.29193308345591323
887149,0.9997607254671615
887150,0.5255953157707787
887151,0.5167506250815963
887152,0.1163284945990411
887153,0.5420819196100313
887154,0.9999246912733601
887155,0.9510879959929585
887156,0.9998590384983004
887157,0.99997550100549
887158,0.9999593769916651
887159,0.9992557502789985
887160,0.6163232154640869
887161,0.7578758496407796
887162,0.24108820252279228
887163,0.1229509607543014
887164,0.7835817603375228
887165,0.999744275056009
887166,0.9972840346973375
887167,0.993139848276708
887168,0.9988260244659859
887169,0.030372707446195635
887170,0.6364643168702029
887171,0.9999547313354298
887172,0.4433807578875005
887173,0.9999827510083242
887174,0.8288424930306844
887175,0.9996975668543511
887176,0.13864989278786025
887177,0.6024849667895885
887178,0.2984214534654107
887179,0.825586233148847
887180,0.9756711785227692
887181,0.9997772359875229
887182,0.9999172139851564
887183,0.832580787258612
887184,0.9996042073128202
887185,0.9996416471436513
887186,0.933578280797726
887187,0.4064557075979709
887188,0.12004357665838299
887189,0.9577214337941131
887190,0.9989112243864758
887191,0.9972488766163985
887192,0.3473079571765989
887193,0.9994869903708403
887194,0.9865848432147162
887195,0.34018984042825196
887196,0.2966311597955946
887197,0.9102658589800542
887198,0.999664977189959
887199,0.9372599043265236
887200,0.9709862169955215
887201,0.8467609349171268
887202,0.9957914839596431
887203,0.7298485518327
887204,0.058312309766380285
887205,0.933009982648209
887206,0.6511141994587184
887207,0.9999032602417137
887208,0.9637773609075133
887209,0.999860047169784
887210,0.3979600489210569
887211,0.9998389084320616
887212,0.7073733681643481
887213,0.055956679168857625
887214,0.9916678533132861
887215,0.9996204413771256
887216,0.6055011089164304
887217,0.6581267631833444
887218,0.9991166864046326
887219,0.9921181165012258
887220,0.9994807996646675
887221,0.9998969583832784
887222,0.42699083544063954
887223,0.1072836403949508
887224,0.9964450196064817
887225,0.9827727698322868
887226,0.9999282582875573
887227,0.9165245867691582
887228,0.54944929497244
887229,0.3555477023946678
887230,0.9999797927066159
887231,0.015306922761812738
887232,0.2624168527875947
887233,0.9982395241241808
887234,0.7196260726307249
887235,0.9850980835206324
887236,0.9996324493086446
887237,0.242545112401779
887238,0.9500647388410692
887239,0.9684186535615537
887240,0.0996008627501898
887241,0.2499120340168586
887242,0.9997221392397422
887243,0.6881382614659968
887244,0.9998065918987222
887245,0.9972573183527854
887246,0.9997335596067475
887247,0.9998270915839059
887248,0.544200688555525
887249,0.9508011596445525
887250,0.9996698381960449
887251,0.2868341999110795
887252,0.9998495609707051
887253,0.3386469608829236
887254,0.3725203550209165
887255,0.8475592284613859
887256,0.9999728541634105
887257,0.8796117997395908
887258,0.9967371562437142
887259,0.9998770631833094
887260,0.4437655918267941
887261,0.004907125750419528
887262,0.9996395670812053
887263,0.9162933026051922
887264,0.9999432868944865
887265,0.9997830120321047
887266,0.36298876502631133
887267,0.9951205242072749
887268,0.9951756009123314
887269,0.23914542124596472
887270,0.1540224812520244
887271,0.01850389907792697
887272,0.9666407362234908
887273,0.999124999249654
887274,0.8684378067132418
887275,0.9656251020708773
887276,0.026001647215083253
887277,0.9997803054359886
887278,0.052651005340429595
887279,0.7562837151862842
887280,0.9996866359590353
887281,0.9977837696660992
887282,0.4073614427147348
887283,0.9998904269311122
887284,0.9974630089976726
887285,0.9490682120324276
887286,0.8360965154735513
887287,0.7450509109679652
887288,0.4731348449012751
887289,0.9984317750716059
887290,0.9309360922379606
887291,0.5744298956759131
887292,0.9942168293156334
887293,0.0010489036969987054
887294,0.9998534839077862
887295,0.028840112118272445
887296,0.9999679172823142
887297,0.9995309667735235
887298,0.8991003979868831
887299,0.9991992370644056
887300,0.04564065114108473
887301,0.0007337972057777293
887302,0.916794214026012
887303,0.13908526603442134
887304,0.9998745302586494
887305,0.5203739443945652
887306,0.9996704274346198
887307,0.9999118017247355
887308,0.9999096775015707
887309,0.007417413543547019
887310,0.8569371365983601
887311,0.6603761521537965
887312,0.9997065134089047
887313,0.9730540432427988
887314,0.2987063283772368
887315,0.9920154264308353
887316,0.09071886006286578
887317,0.9995695569797641
887318,0.9948167824586148
887319,0.9999869449839262
887320,0.9822295732874525
887321,0.03179173623567486
887322,0.9994553366412883
887323,0.9999717748707053
887324,0.9999533898011164
887325,0.044468350431476386
887326,0.9969552543434057
887327,0.30155189185840536
887328,0.7789358785062676
887329,0.9999043612817234
887330,0.05479240981667721
887331,0.99977879307098
887332,0.9990897611131215
887333,0.9942255995928504
887334,0.9980560515025053
887335,0.21357115926708417
887336,0.06348981041653542
887337,0.2829410834678068
887338,0.9726203354402314
887339,0.9999771500038269
887340,0.18284876516713325
887341,0.9465046976227774
887342,0.9998972107414654
887343,0.6771721266282764
887344,0.32336920534965
887345,0.9723860081875856
887346,0.9892468378258281
887347,0.7200692777038715
887348,0.806506559327727
887349,0.8727803924637456
887350,0.8828538479725069
887351,0.9995149886881181
887352,0.9997877686688327
887353,0.4071526007884661
887354,0.7477116487599992
887355,0.9997162622907503
887356,0.9997471089717647
887357,0.894644394817425
887358,0.2932321511376282
887359,0.9999729117943543
887360,0.06459876620406142
887361,0.6040839159945603
887362,0.9769348835366714
887363,0.9615905006740565
887364,0.9540069887523607
887365,0.9303643366954631
887366,0.016015378872789934
887367,0.9416089991530001
887368,0.9988939438472777
887369,0.9999820495707012
887370,0.9932033014715691
887371,0.9997034813917718
887372,0.9973620333185815
887373,0.010707602219930385
887374,0.9243934367469749
887375,0.6292352578800767
887376,0.9998729922385755
887377,0.4264340936672989
887378,0.8609516251238326
887379,0.996644444990435
887380,0.49230367933893565
887381,0.8565680233333034
887382,0.9996882377171902
887383,0.9842465855274374
887384,0.7728177307557829
887385,0.3747884848705651
887386,0.5504564817581006
887387,0.9875709506805993
887388,0.9994096160565009
887389,0.9972634551867265
887390,0.9999289130972415
887391,0.4452193020367388
887392,0.6635285847107919
887393,0.6121942811611161
887394,0.7269606796025339
887395,0.9994354576428036
887396,0.4124801004079556
887397,0.1562399397463563
887398,0.047551055879483904
887399,0.8245271300829995
887400,0.9833926123958128
887401,0.9938762411197479
887402,0.9999312615889373
887403,0.989862128963917
887404,0.07556672700250491
887405,0.5888731020247321
887406,0.9972400910373344
887407,0.9973115392254374
887408,0.9953123939041723
887409,0.6390693867172771
887410,0.9997783332422977
887411,0.18920182877391634
887412,0.9865262153568519
887413,0.4853644692137579
887414,0.9976817988442397
887415,0.9891933334866811
887416,0.0034023415531240046
887417,0.9897781776050973
887418,0.9883921973311786
887419,0.9126831972979291
887420,0.9887962193884936
887421,0.34038992887396635
887422,0.9980977708763212
887423,0.9985999308226186
887424,0.9934584119446008
887425,0.040953762868090535
887426,0.9971708821243035
887427,0.9687258093467166
887428,0.9975120900126166
887429,0.12388403317078898
887430,0.8992777408914466
887431,0.9354654682863756
887432,0.39944550116203215
887433,0.9279846346134355
887434,0.9926058321862179
887435,0.8964501100466946
887436,0.264150708879742
887437,0.7714825046214508
887438,0.9712036623490223
887439,0.7524803984065267
887440,0.9996064096687863
887441,0.9999936107359217
887442,0.999503397801799
887443,0.8602085778922961
887444,0.9999828898106614
887445,0.9999781126449931
887446,0.7822480665756447
887447,0.9999612703544501
887448,0.49238416735299073
887449,0.17163236359310402
887450,0.9999704489357675
887451,0.1508588977685977
887452,0.04557317653312638
887453,0.9971110206896863
887454,0.4906148760990523
887455,0.9996314607937025
887456,0.1120238277288389
887457,0.07230638891270022
887458,0.9950463413075398
887459,0.9996307129751943
887460,0.042200174912702795
887461,0.761793793296273
887462,0.972190346551578
887463,0.9557670034277544
887464,0.8322345426471306
887465,0.5306739842334557
887466,0.24419150242182858
887467,0.9977952404133267
887468,0.04063615945306431
887469,0.9162295010783273
887470,0.585103247569399
887471,0.0577821190852002
887472,0.4844097129197449
887473,0.9109492351823143
887474,0.9988225684674052
887475,0.43177174856275546
887476,0.273802218117385
887477,0.72916963867596
887478,0.03607254353767493
887479,0.8632088877864896
887480,0.34803494033693794
887481,0.9105470101832513
887482,0.03337512017333232
887483,0.2434673541626533
887484,0.24668115692828935
887485,0.8228178693704744
887486,0.9994984954113371
887487,0.9777482382148937
887488,0.3504438542424171
887489,0.9632367049901805
887490,0.4250755069801012
887491,0.9659796097295295
887492,0.8457628613367348
887493,0.532481770980316
887494,0.958976163603033
887495,0.9307931342951559
887496,0.7580207506153487
887497,0.9990847592664761
887498,0.06886083646156234
887499,0.996394874127258
887500,0.7088186756390324
887501,0.16824509322494777
887502,0.9986038418321661
887503,0.186603975276598
887504,0.8302935406027974
887505,0.7392962375831262
887506,0.041416628807202066
887507,0.017164059147345714
887508,0.7476909330091193
887509,0.9957913348998205
887510,0.994172547241866
887511,0.9990829165552784
887512,0.9995759973620755
887513,0.9978033860320923
887514,0.9998755484392556
887515,0.9999501362673346
887516,0.9996111396613179
887517,0.9688215254503252
887518,0.4043722520482081
887519,0.9996703328598895
887520,0.9984571576788528
887521,0.9999630556932908
887522,0.9999424493786648
887523,0.4807293586345507
887524,0.29766421678713034
887525,0.9958098611534321
887526,0.8130787142989583
887527,0.8730675331164961
887528,0.9012140059355422
887529,0.33887109094222484
887530,0.9966665132342281
887531,0.49862341805904276
887532,0.11935684981219943
887533,0.7977012003074093
887534,0.6153080548599003
887535,0.6954801298055012
887536,0.64628403948974
887537,0.9999893862376021
887538,0.1445600965332553
887539,0.4546378215671093
887540,0.9998555728208536
887541,0.8805616872054769
887542,0.9841128858391803
887543,0.9993884069616763
887544,0.07201726154592505
887545,0.46802147110316994
887546,0.3550007426481475
887547,0.9064542920882019
887548,0.9999645726114907
887549,0.9942016946676016
887550,0.9999579357955339
887551,0.9999036767350826
887552,0.9996430016567782
887553,0.9994502054684784
887554,0.9991375058543347
887555,0.9997239108520952
887556,0.9993543006280985
887557,0.04404638523874589
887558,0.30531595226260666
887559,0.9998843081721236
887560,0.999741677821138
887561,0.9995444826530865
887562,0.07071740984427735
887563,0.6119051511030744
887564,0.01798996617657685
887565,0.3045307521802989
887566,0.9998409823869243
887567,0.378095958088731
887568,0.9986918881203803
887569,0.9747457310575476
887570,0.5134899871738272
887571,0.5921210460775884
887572,0.48388869846992233
887573,0.4960292165852949
887574,0.5820396295093357
887575,0.017823893668573572
887576,0.9876367110646069
887577,0.9381605038828637
887578,0.5697899198090878
887579,0.490784164755931
887580,0.8547711092137132
887581,0.990794019889888
887582,0.981531588197259
887583,0.9827716802682969
887584,0.9942826469074022
887585,0.9999901243947111
887586,0.33345064575887445
887587,0.45575751553990773
887588,0.9988410922731148
887589,0.9998154082087402
887590,0.9997109075067634
887591,0.9989603864362409
887592,0.9036998158836338
887593,0.9929954008510197
887594,0.9997166361997569
887595,0.9998971349301411
887596,0.628926314720615
887597,0.9999796153507452
887598,0.9997238663308881
887599,0.5728381631012559
887600,0.1334766292762533
887601,0.9969102035382161
887602,0.848820587062795
887603,0.999245872282791
887604,0.13319994411466488
887605,0.9988096396954281
887606,0.789483252892916
887607,0.5587380114482241
887608,0.9939626612776463
887609,0.8739616915921087
887610,0.024696176548340488
887611,0.9997173755656803
887612,0.25718250806865656
887613,0.008947888588642938
887614,0.8073753368882184
887615,0.9998019913760325
887616,0.9997060832715272
887617,0.9999592023164456
887618,0.9561551307326721
887619,0.8356749423700958
887620,0.9925902051891429
887621,0.9998546995835373
887622,0.6822678681658182
887623,0.9999834549189599
887624,0.9940319318332125
887625,0.9925221758687275
887626,0.8693357095283337
887627,0.9999039156173835
887628,0.6836672546747513
887629,0.7942057692763431
887630,0.7563481369411218
887631,0.006667954021650762
887632,0.6933759767330046
887633,0.9895611157299268
887634,0.3768871433884844
887635,0.9999780880669968
887636,0.999863761279381
887637,0.9988850413506707
887638,0.0081794901625981
887639,0.5950778794751499
887640,0.452999580915502
887641,0.9430920454191021
887642,0.9982209599691898
887643,0.9980055577325608
887644,0.9986859567639093
887645,0.9868479605074545
887646,0.9523854902806168
887647,0.05391026237983198
887648,0.9997131530557546
887649,0.03968649489015423
887650,0.6390174497489146
887651,0.9687715401204178
887652,0.5876336186642938
887653,0.04522674957682876
887654,0.7454799419777823
887655,0.9997669083492257
887656,0.1418440863932613
887657,0.9999907866296941
887658,0.8374153233859264
887659,0.9818721814229419
887660,0.0367415062957549
887661,0.9006936548513371
887662,0.9986680425092842
887663,0.3170573305639263
887664,0.15039001731270324
887665,0.7517393193500208
887666,0.9963674429532223
887667,0.993399690916163
887668,0.999950635551595
887669,0.6205424225007122
887670,0.0483213489404085
887671,0.9876582893785417
887672,0.24598192227901308
887673,0.977482494282983
887674,0.9641524864281746
887675,0.9778170762661946
887676,0.16377851671402585
887677,0.9934815674120341
887678,0.6010843875258446
887679,0.9952029422327422
887680,0.35901448650813506
887681,0.9997818938235541
887682,0.9999747439709485
887683,0.6499155865836614
887684,0.3974530483933879
887685,0.9669349082158818
887686,0.9993284439792338
887687,0.9997620506818837
887688,0.999979756320506
887689,0.8962981553199005
887690,0.9984402949434965
887691,0.7388103511179764
887692,0.9996948472374095
887693,0.999234121194726
887694,0.9999001556478443
887695,0.8752905656564124
887696,0.4967307740753607
887697,0.8116046699469818
887698,0.1272890032622438
887699,0.5374552148212812
887700,0.9994539005820812
887701,0.7907448101952472
887702,0.9956852818408706
887703,0.8815751237987047
887704,0.9667685082512452
887705,0.7261816589863426
887706,0.2325415508488527
887707,0.03395711976503113
887708,0.5835985012277662
887709,0.11502907298956863
887710,0.9987918104476206
887711,0.9213572034899642
887712,0.9992971721704916
887713,0.9844503413989896
887714,0.9933747735056584
887715,0.326487830125056
887716,0.998195704335411
887717,0.9209416473742669
887718,0.9565695477145884
887719,0.9999800813885688
887720,0.8949836214155051
887721,0.9995686275811408
887722,0.7837770813839795
887723,0.1811389692478178
887724,0.12210888176850355
887725,0.9997340071443835
887726,0.9999457208939118
887727,0.9999906639416698
887728,0.9999599658161493
887729,0.7319320755894607
887730,0.9996960510945042
887731,0.7003360607431208
887732,0.8015751740054033
887733,0.9999422111090328
887734,0.938040559372936
887735,0.1345138113297159
887736,0.9974204397471509
887737,0.9752102989464233
887738,0.9999445372373816
887739,0.9821757582476592
887740,0.999988412494845
887741,0.8926833907619589
887742,0.5638692563394883
887743,0.936274178448345
887744,0.9934922172297788
887745,0.9441835294096161
887746,0.7390979274619751
887747,0.9998617248749154
887748,0.10057387336815286
887749,0.23497843568346544
887750,0.9980237013352715
887751,0.6318361394578683
887752,0.5413260001062554
887753,0.07711079788765574
887754,0.4564119758510552
887755,0.5917442973715217
887756,0.9988361769856104
887757,0.9988240961044128
887758,0.503565657349297
887759,0.586659651885715
887760,0.9958005746821723
887761,0.16818022149546435
887762,0.9407630122430073
887763,0.9985105939804333
887764,0.999705949591069
887765,0.16288537640558265
887766,0.9994471964218621
887767,0.6666656840751896
887768,0.006478808624979172
887769,0.4369675209183252
887770,0.9825073085694973
887771,0.9631048834793983
887772,0.9997234463551459
887773,0.8099015371188902
887774,0.25740728756473846
887775,0.9935351862917594
887776,0.999896786738554
887777,0.458627985230706
887778,0.9739956982310561
887779,0.9998713804233843
887780,0.7086381539308013
887781,0.00882413794463658
887782,0.9138213569565398
887783,0.8157859360008002
887784,0.5572314159563223
887785,0.01786401086709112
887786,0.9998450593040303
887787,0.9632356590876909
887788,0.6161157747669548
887789,0.5753617056426239
887790,0.9962096375107306
887791,0.7644104460124184
887792,0.5141153283942259
887793,0.06268910486827796
887794,0.026619513840816476
887795,0.5550315151372107
887796,0.7778201663221187
887797,0.9976213562874054
887798,0.9887194520645093
887799,0.9967478017975558
887800,0.9999411281590771
887801,0.06576305007219715
887802,0.999624058848618
887803,0.9990715070737142
887804,0.9995793215520014
887805,0.9865466114950889
887806,0.9998172196912528
887807,0.05091838362332325
887808,0.993743983462597
887809,0.9987492782220282
887810,0.9787030425217329
887811,0.01794637410349963
887812,0.7152018851194382
887813,0.9999863324591138
887814,0.9982851816498015
887815,0.4389264406219041
887816,0.9999542589841063
887817,0.9999675432701851
887818,0.14494956444259027
887819,0.9998971572077762
887820,0.3389021150462088
887821,0.9209784267953576
887822,0.547448149902112
887823,0.9374214100310729
887824,0.11155215242372649
887825,0.9983126153753351
887826,0.9898073874705667
887827,0.9964186049307299
887828,0.972693278925407
887829,0.7852237177749521
887830,0.011212156133403227
887831,0.08278035611359069
887832,0.9819600830643824
887833,0.9567167350467258
887834,0.9998526911940809
887835,0.9941396904280404
887836,0.9569353820815044
887837,0.9590463577747483
887838,0.5956736674166238
887839,0.8677568883044626
887840,0.999953538507506
887841,0.49800526561485564
887842,0.339388991782851
887843,0.9996047029729511
887844,0.022820219143237678
887845,0.059373915618587736
887846,0.9776094752771055
887847,0.9941724666691423
887848,0.08935141681105939
887849,0.9990624761259189
887850,0.5454180203256932
887851,0.021260063885796956
887852,0.9970349334850845
887853,0.03143536702505352
887854,0.8575762563999825
887855,0.555297088967546
887856,0.8212648385627822
887857,0.9990383843185011
887858,0.9395675218695866
887859,0.6686337334034278
887860,0.9972044092677732
887861,0.8118291438671439
887862,0.6218939305130831
887863,0.26793327486193197
887864,0.8556147048861535
887865,0.48172028114335796
887866,0.7613343332675153
887867,0.9999824152150474
887868,0.7161171946201763
887869,0.6403065956281824
887870,0.06298292047859777
887871,0.9908280038435322
887872,0.9990861484466095
887873,0.9105460465262463
887874,0.5024996559627452
887875,0.998553828799061
887876,0.9626492157545679
887877,0.8768463916869325
887878,0.922961031831941
887879,0.999464591078119
887880,0.012326940901113335
887881,0.0325254013758835
887882,0.9832875510912557
887883,0.7931742422264438
887884,0.9490617267341532
887885,0.937631114505778
887886,0.9997248156889704
887887,0.9988768768672271
887888,0.5684891349663314
887889,0.9979115222286798
887890,0.9998943997859762
887891,0.30137915672405136
887892,0.007101947783218511
887893,0.9998599963992416
887894,0.9958718393515963
887895,0.9980642875708532
887896,0.14554660410924278
887897,0.07714097811027176
887898,0.9870818379118134
887899,0.7406453185690435
887900,0.9995821371173343
887901,0.3845802818186574
887902,0.8587193940210431
887903,0.9970988477769063
887904,0.9805147987572868
887905,0.9998457443587733
887906,0.4782177997560402
887907,0.26009130309365036
887908,0.9999785007027305
887909,0.9651468404388475
887910,0.992742965569319
887911,0.9999539084193059
887912,0.07206311492579218
887913,0.9995109659909939
887914,0.8546134675212382
887915,0.5747535222350448
887916,0.28500863055209835
887917,0.777804641243103
887918,0.9995240371048288
887919,0.17833587808654286
887920,0.48547761483605234
887921,0.9899251844171212
887922,0.3395279981996028
887923,0.996260709723201
887924,0.7337552922063155
887925,0.9986662186603575
887926,0.9866798381463152
887927,0.09123458024092962
887928,0.02323038598392347
887929,0.9992520831467077
887930,0.34711585813659207
887931,0.9996412611750453
887932,0.02390744293132347
887933,0.683845529780388
887934,0.9969001743766064
887935,0.9895402328269978
887936,0.028385973610249877
887937,0.6477782506242346
887938,0.014831653542168316
887939,0.5593949691210468
887940,0.7303863154168806
887941,0.2416123234084968
887942,0.9986687405716885
887943,0.886784407342863
887944,0.38646059097769364
887945,0.9991910180796154
887946,0.804529132548794
887947,0.6626308142148014
887948,0.11767842335057598
887949,0.0038027329088205115
887950,0.9999468236010431
887951,0.6191593718087947
887952,0.4162319124781715
887953,0.22039744253172186
887954,0.6308939241821416
887955,0.6306584045749936
887956,0.9169658865323917
887957,0.5433440290024967
887958,0.38508583961484133
887959,0.36072301844064547
887960,0.9891860821353151
887961,0.07467693560887885
887962,0.18943894084338042
887963,0.9999384312711632
887964,0.9926123148100952
887965,0.9999822812138165
887966,0.9359143907830401
887967,0.999721808830806
887968,0.005771647338181265
887969,0.06983837543074026
887970,0.9990600894392457
887971,0.9999281699324882
887972,0.6435785678230006
887973,0.999446248904329
887974,0.9999879576088869
887975,0.9999766802178549
887976,0.4964325641217022
887977,0.9998242699787372
887978,0.999906251762722
887979,0.961097306800718
887980,0.9999324853163404
887981,0.9993150181782922
887982,0.9656106285364543
887983,0.36393707539134756
887984,0.899144115865215
887985,0.18117310313936144
887986,0.041792660476033305
887987,0.9996202034495291
887988,0.032229392587876306
887989,0.8476032349960522
887990,0.031775884464720065
887991,0.9990730011830633
887992,0.99952359773094
887993,0.9254600290516733
887994,0.006568244198189564
887995,0.07915742995503136
887996,0.5998399719009229
887997,0.9994794264148953
887998,0.1636498969712929
887999,0.851886382628332
888000,0.09005128398112655
888001,0.9999358112611867
888002,0.9990677657887277
888003,0.9995656998159461
888004,0.1746109379278148
888005,0.9675123517074029
888006,0.9997939792242282
888007,0.9999518518145156
888008,0.999974204046572
888009,0.7147960948780593
888010,0.2591291521604815
888011,0.8480416339061613
888012,0.021306909718042236
888013,0.09173633087581591
888014,0.9992661569374071
888015,0.9998152674068056
888016,0.993992664857013
888017,0.9429271688206226
888018,0.8235950536308131
888019,0.8657556129159009
888020,0.12419059637657998
888021,0.9052169292070495
888022,0.9908892957120061
888023,0.9982023232811851
888024,0.9998968006511384
888025,0.9536685435844907
888026,0.9957756122584246
888027,0.029270752325461086
888028,0.9892833771673457
888029,0.9989967324235279
888030,0.9847190152368768
888031,0.08934597386359433
888032,0.9999761386507793
888033,0.9871262850609108
888034,0.9997647770255014
888035,0.9948408855328674
888036,0.9982973962400156
888037,0.9482055320551102
888038,0.4406917238508828
888039,0.9993936054125595
888040,0.8702913486163006
888041,0.8920612195720092
888042,0.9210182874529644
888043,0.7869986482025223
888044,0.9999823411964899
888045,0.8162202516010826
888046,0.9792977994584353
888047,0.9905692495278551
888048,0.9999117401797095
888049,0.002498013967644663
888050,0.046687576796737164
888051,0.1113268610858966
888052,0.026386769340974406
888053,0.34116958028922306
888054,0.5076001463380636
888055,0.8317330202566935
888056,0.6491965080592644
888057,0.9331357809238581
888058,0.7819615943626912
888059,0.5248510243663268
888060,0.5919905520114273
888061,0.7994505443437498
888062,0.9999544795126112
888063,0.9989323660557448
888064,0.47012586381139404
888065,0.9997963960610847
888066,0.9999713308192194
888067,0.9133569682956013
888068,0.07449582691712
888069,0.9987938861158183
888070,0.9998924484843519
888071,0.20813131930611126
888072,0.01595933310281626
888073,0.9992433704372716
888074,0.9981482835686926
888075,0.997458924946367
888076,0.9718123114056505
888077,0.9800857244839858
888078,0.8353805600959509
888079,0.4034974580656442
888080,0.27144017733095294
888081,0.3223394994110977
888082,0.9998872419881583
888083,0.8207059975638037
888084,0.9998716158519165
888085,0.9737526073778142
888086,0.9986933645308032
888087,0.9824651883418462
888088,0.8699406177240169
888089,0.7817543090003773
888090,0.2133456346426471
888091,0.049328794322443185
888092,0.999554572377972
888093,0.9911593205606426
888094,0.2814075179366951
888095,0.036706375367620794
888096,0.6880443144313853
888097,0.9996919278221332
888098,0.999648927489925
888099,0.9983902852192248
888100,0.7856664760271506
888101,0.9998726379852256
888102,0.4436756377312054
888103,0.9883867657376859
888104,0.999986363139219
888105,0.9996645169265985
888106,0.01418849413343816
888107,0.9572204985828239
888108,0.9943944626533064
888109,0.6272693792541464
888110,0.8977285709782985
888111,0.5098561144142819
888112,0.9359265089955001
888113,0.9687846146494999
888114,0.9935810717926001
888115,0.9999378609139757
888116,0.9995379306334805
888117,0.9946120528776765
888118,0.7967822879322887
888119,0.572370266042436
888120,0.9975235233785379
888121,0.9964357479872579
888122,0.268655287767427
888123,0.9978389870526732
888124,0.9783160457874668
888125,0.7848594628039309
888126,0.9997164364007969
888127,0.7453907275165179
888128,0.999854960922654
888129,0.39431767788344996
888130,0.27547718643396424
888131,0.024869129680970645
888132,0.630921403944211
888133,0.8433664726282277
888134,0.999878145998852
888135,0.8174936411410383
888136,0.9791764384344737
888137,0.1661146244376456
888138,0.9986376746855292
888139,0.9990993364424873
888140,0.814640380284479
888141,0.9840999625267245
888142,0.4667242319025429
888143,0.9977452693880118
888144,0.9987330374835268
888145,0.08318423720333784
888146,0.9980487739014838
888147,0.9981465589575818
888148,0.9965673937393846
888149,0.9726724346433834
888150,0.9557950954148717
888151,0.9998486329298291
888152,0.21183053290780873
888153,0.6989544545811349
888154,0.9899714450818555
888155,0.926983257056162
888156,0.05278638753333603
888157,0.9996699054067486
888158,0.050826353244043214
888159,0.05481164199906949
888160,0.054782330653346166
888161,0.2574175155881676
888162,0.027890118139593426
888163,0.9999911257601068
888164,0.543002286519038
888165,0.9998110108160024
888166,0.9964313763790963
888167,0.9998209575727275
888168,0.9818119144233144
888169,0.055402750765451134
888170,0.9993527440329419
888171,0.23058138853877325
888172,0.4690336152984478
888173,0.07030587758405071
888174,0.9992919722205172
888175,0.24301392028659957
888176,0.4161219915789035
888177,0.025113254636347518
888178,0.7453689638640102
888179,0.8672974241707554
888180,0.004477141519388166
888181,0.022943385680649728
888182,0.10289595436238919
888183,0.9105281886727836
888184,0.9978379234767452
888185,0.6559656395466213
888186,0.032640029854621805
888187,0.02459911423215581
888188,0.22366662117088504
888189,0.45048360882473254
888190,0.28542857055773485
888191,0.2230053280622326
888192,0.9498854725000212
888193,0.8144193150385
888194,0.340216510266878
888195,0.06468516829167695
888196,0.996143029150144
888197,0.0295927892321685
888198,0.9986668957434628
888199,0.9991434931618156
888200,0.486161820417391
888201,0.841082273863307
888202,0.22819961929023191
888203,0.7362038078187697
888204,0.9999130147076217
888205,0.895015074234942
888206,0.9954803185909021
888207,0.9542725871076829
888208,0.9999521732156469
888209,0.9995837789489769
888210,0.7827985665116537
888211,0.10826138621256623
888212,0.9562114894116802
888213,0.8633210070577699
888214,0.9254321649193606
888215,0.9949823338716661
888216,0.9670913214736546
888217,0.07577036904343377
888218,0.9998157277387258
888219,0.9926169111528833
888220,0.8804942438405137
888221,0.03002066092653417
888222,0.9200136972842063
888223,0.35300100916510313
888224,0.551663967344331
888225,0.0714281247842057
888226,0.8161028726728417
888227,0.9965195377045001
888228,0.9995271143111091
888229,0.9995767829853329
888230,0.9998488081377844
888231,0.04990038621376755
888232,0.9973101432320457
888233,0.9276476084806518
888234,0.9718357985629044
888235,0.8796583125444166
888236,0.8747736251665965
888237,0.9982745506331324
888238,0.9960585534077805
888239,0.1424222604131011
888240,0.5939103442983178
888241,0.999979722253312
888242,0.4752877837290874
888243,0.07372476205590658
888244,0.9987019109655172
888245,0.3959476929292708
888246,0.9934336250992135
888247,0.9286626973584674
888248,0.3908626059476452
888249,0.01212450877872075
888250,0.8851926780331101
888251,0.019984185271661434
888252,0.9999700120902315
888253,0.30339902573877925
888254,0.1310164465054364
888255,0.9982465865394866
888256,0.9886718172510542
888257,0.991399842768149
888258,0.9990946808233288
888259,0.9998767555078567
888260,0.9987538478811672
888261,0.48648347677594805
888262,0.9207858617352023
888263,0.3785219008305542
888264,0.9439085004905663
888265,0.9188249629720344
888266,0.3379919483327344
888267,0.06311571435821531
888268,0.018429918003437226
888269,0.5004461249859908
888270,0.9863234155215104
888271,0.18625396206322908
888272,0.9724469886556546
888273,0.999839733854859
888274,0.7164979876788241
888275,0.5136924827512805
888276,0.5776498661037806
888277,0.09746774415742447
888278,0.0844270052902684
888279,0.06586357675110875
888280,0.792998339922746
888281,0.40334873380662567
888282,0.45391880053698097
888283,0.999813905938157
888284,0.9889653387494397
888285,0.970940344562927
888286,0.998839734690505
888287,0.39866397012121385
888288,0.23574410214253494
888289,0.17622196058455614
888290,0.013380398589060823
888291,0.7963585896329151
888292,0.7997015728607662
888293,0.8158539697266147
888294,0.9996532188761927
888295,0.02711557700353722
888296,0.9875239539217311
888297,0.9509693790724069
888298,0.3047000706872754
888299,0.7829250632476907
888300,0.6493439663273843
888301,0.7397505304526997
888302,0.6573613650356405
888303,0.8417301446729766
888304,0.26687008609545904
888305,0.897416330659927
888306,0.3356162968903402
888307,0.6209964687767763
888308,0.9999609868935859
888309,0.9995767047848363
888310,0.6168665665562298
888311,0.9999121892945104
888312,0.9961820261606763
888313,0.011969433006709544
888314,0.9997993015982632
888315,0.9975993442628567
888316,0.9785914833703788
888317,0.6178404672880052
888318,0.8694353976535538
888319,0.5217058608908121
888320,0.9997746715145797
888321,0.7779984076209844
888322,0.9874416220332166
888323,0.03908603016220422
888324,0.9999760491267446
888325,0.9905993631561143
888326,0.00872420446601064
888327,0.9998974285799191
888328,0.969381168518717
888329,0.9999043776550822
888330,0.9855411322308616
888331,0.5252451487117539
888332,0.5183323472914978
888333,0.9667902366943886
888334,0.9999700606260695
888335,0.9995601244318528
888336,0.5754998345277629
888337,0.20929460925321286
888338,0.9902469679281121
888339,0.6238319573940254
888340,0.9888925203559011
888341,0.9867749615838508
888342,0.28483730573510646
888343,0.9997787005362617
888344,0.042959897154399296
888345,0.9995495818961979
888346,0.999900047649461
888347,0.9998815870576605
888348,0.012295656562904666
888349,0.07653098542231362
888350,0.7130740013529084
888351,0.4107124839192991
888352,0.9999010869102463
888353,0.006000395035034284
888354,0.8699369083634917
888355,0.9998264859073662
888356,0.9998253208499177
888357,0.0856441993432074
888358,0.9898886304426229
888359,0.555633635705712
888360,0.8638466462230042
888361,0.9931277586259869
888362,0.024738737493204294
888363,0.0019050453815313622
888364,0.998413445561898
888365,0.9999707461951476
888366,0.09722475812965284
888367,0.5562555162427207
888368,0.9911235989090859
888369,0.014480643765054788
888370,0.9980445509112973
888371,0.9996662267362264
888372,0.5183065748887552
888373,0.9829681674610937
888374,0.4803324906869475
888375,0.9919719569300274
888376,0.999657119169532
888377,0.9921156452169368
888378,0.9555633934444906
888379,0.9813169659935506
888380,0.9996295507195899
888381,0.9935457591525867
888382,0.9978937124930736
888383,0.9999842573279705
888384,0.8093421181704314
888385,0.0361651351469871
888386,0.05677330510362485
888387,0.991592621637309
888388,0.7283402092074314
888389,0.8910634383216663
888390,0.5185175393189138
888391,0.9999763541070872
888392,0.3494671263609347
888393,0.7789216036658173
888394,0.9958889292987536
888395,0.8602259605018092
888396,0.046619719987430565
888397,0.20978795090382163
888398,0.07550960525538097
888399,0.9642090892330131
888400,0.9993960801651156
888401,0.9913687032157643
888402,0.9079953804825196
888403,0.9994144358284007
888404,0.9952237759991499
888405,0.3575109625200618
888406,0.8288845998973781
888407,0.15939112045233517
888408,0.25032979020886403
888409,0.060860095707390295
888410,0.999886901478471
888411,0.9135379938744512
888412,0.9580410045152374
888413,0.9981245693390289
888414,0.9997729436367186
888415,0.28066703208481875
888416,0.7165805796358772
888417,0.42385337099015796
888418,0.09917765770161442
888419,0.09235857342891794
888420,0.995509493524773
888421,0.9997163063714758
888422,0.9305771743375406
888423,0.9998070571039367
888424,0.9971247606987723
888425,0.05392153320170057
888426,0.7875308817021434
888427,0.9998451750355911
888428,0.4116126296225122
888429,0.9481706542523918
888430,0.40902074703177066
888431,0.9733328983218476
888432,0.44335919938558327
888433,0.6469879349433866
888434,0.999285009599726
888435,0.9980440850830125
888436,0.38153330900404964
888437,0.37030312437640434
888438,0.10011326349887337
888439,0.6953541514012669
888440,0.8758576215545075
888441,0.6239499574139836
888442,0.9555151191774497
888443,0.03270790430869551
888444,0.643115590955574
888445,0.971160151429581
888446,0.3557522506638405
888447,0.7562705406359418
888448,0.07489055491994887
888449,0.9999181968013081
888450,0.999928608743615
888451,0.9988167049121167
888452,0.2723987495764136
888453,0.6062300899652218
888454,0.9999597372990754
888455,0.01357974695428429
888456,0.6009947899472075
888457,0.9998344508023032
888458,0.9996424968292086
888459,0.5945948885033441
888460,0.3643480195167238
888461,0.7222378125986704
888462,0.9999090316461172
888463,0.3702212422285431
888464,0.9997228132286243
888465,0.2012010539484405
888466,0.019622997593278905
888467,0.8799782403933375
888468,0.8728031477411358
888469,0.9814156923219546
888470,0.9963794833007894
888471,0.8964410616149114
888472,0.2436591097376884
888473,0.6635403686908745
888474,0.8833378005395343
888475,0.4446472295685198
888476,0.9993688962356363
888477,0.9914697874344031
888478,0.999538861737463
888479,0.7602030099348493
888480,0.9700970358780355
888481,0.2712165951074831
888482,0.87434323453468
888483,0.9998024628022535
888484,0.8514321666763548
888485,0.9994325154531363
888486,0.9996225978454376
888487,0.9999811080955852
888488,0.998692369913962
888489,0.981720565847451
888490,0.9999469101570037
888491,0.9864639521100729
888492,0.9992296325395208
888493,0.24470936286328088
888494,0.09624613068597408
888495,0.41609139538806755
888496,0.045015655846224814
888497,0.8730556356376383
888498,0.9952639756637365
888499,0.8543900682987343
888500,0.05296579984793996
888501,0.04227779652816699
888502,0.6908753559350294
888503,0.9932993842713292
888504,0.40440501330736767
888505,0.9995531152177524
888506,0.6255872470451697
888507,0.9839643944463163
888508,0.9838182299962162
888509,0.9999078846493963
888510,0.7707193631567875
888511,0.7499342582977249
888512,0.9999773640411267
888513,0.9988114152811389
888514,0.9982431178251884
888515,0.9599856137229852
888516,0.9602612541615142
888517,0.9803123549806869
888518,0.9011781923021966
888519,0.7330840837093868
888520,0.9367056066601083
888521,0.060181630349405796
888522,0.996440412980187
888523,0.9995633819385089
888524,0.9998247265685327
888525,0.9998369664742381
888526,0.15364291950050737
888527,0.999912818857106
888528,0.9999767066971208
888529,0.9993610421489656
888530,0.9822441973126452
888531,0.37280076186226224
888532,0.9998024361450157
888533,0.9998347585871509
888534,0.9906976821643032
888535,0.9902915983526218
888536,0.38507726060822134
888537,0.6921606111634487
888538,0.0567822272273128
888539,0.9997540560767064
888540,0.4064229121098644
888541,0.6805084720094761
888542,0.05836331860603603
888543,0.4475230217117295
888544,0.7305524816955414
888545,0.9994599155624269
888546,0.999317115443211
888547,0.9894435311768309
888548,0.9993650267066909
888549,0.7698268168404374
888550,0.935731401646867
888551,0.9996143787562125
888552,0.999244643559617
888553,0.6204378723236701
888554,0.520870891880737
888555,0.999961511135232
888556,0.988541063509882
888557,0.015015451763472156
888558,0.9995523898227995
888559,0.9863852461636893
888560,0.9996229937173922
888561,0.9875658450158024
888562,0.9649747220189666
888563,0.1529308769448068
888564,0.9982280086283424
888565,0.9988138795834053
888566,0.984953458791922
888567,0.8098687645124435
888568,0.9406384877686262
888569,0.23186310240107733
888570,0.6573260318500252
888571,0.926051820618281
888572,0.23891173851877123
888573,0.9779564794477582
888574,0.8594320203483821
888575,0.6098053763881881
888576,0.46145310026289743
888577,0.9965689530220976
888578,0.9656266245677962
888579,0.8231773603752949
888580,0.9993359795599179
888581,0.8748766180356786
888582,0.5727699710890963
888583,0.12290176648624496
888584,0.4633664092090234
888585,0.795325948310891
888586,0.22424749487718199
888587,0.8653597770186214
888588,0.23738023997551438
888589,0.9998706594525564
888590,0.9318347255666262
888591,0.7357850494657665
888592,0.9344142165807425
888593,0.2008390874779715
888594,0.9998529470035262
888595,0.9995629296415959
888596,0.3205545953663338
888597,0.2728639612079373
888598,0.011454729141466502
888599,0.00564351013147544
888600,0.04065159875725396
888601,0.9866265109770926
888602,0.22255574757031568
888603,0.9807760160551865
888604,0.04937658808524065
888605,0.15814521712259366
888606,0.016277778046711287
888607,0.006963839330028597
888608,0.5926565875545207
888609,0.8499602344009282
888610,0.5860577137918224
888611,0.941046100044287
888612,0.9782902886735605
888613,0.14381931351952826
888614,0.7841693875784419
888615,0.9972092628402818
888616,0.8489528196696428
888617,0.9975487949829311
888618,0.8327713629764001
888619,0.9981926190692819
888620,0.49986876044195644
888621,0.029387187763775118
888622,0.863069866873226
888623,0.45786570115035374
888624,0.9992901629247868
888625,0.9655314156738011
888626,0.9961880491407222
888627,0.9983702934392926
888628,0.41275054617885176
888629,0.9796491156040439
888630,0.35422105262797676
888631,0.9606376253279691
888632,0.2985026211103466
888633,0.28499352584712434
888634,0.999615416484746
888635,0.7467160657573997
888636,0.9998991165670131
888637,0.9998598110496909
888638,0.9999376442088121
888639,0.9998298661952774
888640,0.08044174448554664
888641,0.9983990826728476
888642,0.9925375711512753
888643,0.8900359858539235
888644,0.999476759741351
888645,0.800000159541542
888646,0.8200681752008021
888647,0.935172876674289
888648,0.999873677765545
888649,0.2285453844880787
888650,0.9930778516164793
888651,0.5121744432525763
888652,0.8710897615038986
888653,0.036285482644114284
888654,0.8700505038326315
888655,0.6770304410213475
888656,0.9998824560884225
888657,0.9828508813197727
888658,0.9415162108644979
888659,0.9750506052427546
888660,0.9999236705539659
888661,0.9996251200403153
888662,0.5528950554688157
888663,0.6129993092834826
888664,0.9987061615944901
888665,0.19431906878096442
888666,0.9838892999406328
888667,0.30497408593248904
888668,0.9863989828633868
888669,0.9995910557829139
888670,0.9999032905814642
888671,0.9999551966786318
888672,0.9997263365397853
888673,0.8235481276769827
888674,0.999297358978696
888675,0.5239890870735643
888676,0.912592294308036
888677,0.6175086557004396
888678,0.6655835491685385
888679,0.9764935940661675
888680,0.9193614351726715
888681,0.999843621683457
888682,0.7516048993824462
888683,0.9942176267934171
888684,0.9818603444458032
888685,0.29629985938057307
888686,0.7815295167813561
888687,0.7277990127330968
888688,0.4335676543414523
888689,0.9988439415914285
888690,0.981019920078025
888691,0.025376290683643186
888692,0.999939959286631
888693,0.9796727904259386
888694,0.9928052018592126
888695,0.03126334041540395
888696,0.7202976471784063
888697,0.3307067497756062
888698,0.9734626790736342
888699,0.27135725684497064
888700,0.9159503479418905
888701,0.7408153311925173
888702,0.9998863650656176
888703,0.8557018133824892
888704,0.08564135257565725
888705,0.0818212009893563
888706,0.8616188408874063
888707,0.02236514206245606
888708,0.032209678847358425
888709,0.9999392023115281
888710,0.9997763028019603
888711,0.9999506863851342
888712,0.3237955142752663
888713,0.9991341205871355
888714,0.003766164148782381
888715,0.042107788271541616
888716,0.9861672020474608
888717,0.9101495482981146
888718,0.9999777248314068
888719,0.20573899359727504
888720,0.9999552087448367
888721,0.9999471420312243
888722,0.9993231048285305
888723,0.8376000575121862
888724,0.9860519372865151
888725,0.9999138557508273
888726,0.8302444520058379
888727,0.9999211891133546
888728,0.3814850129297384
888729,0.905402328965436
888730,0.5828572258231921
888731,0.08251626344714941
888732,0.9815262523862764
888733,0.563319011495995
888734,0.9995797024098674
888735,0.03677521283923626
888736,0.9999126517114263
888737,0.9816709665835062
888738,0.9976852552603985
888739,0.9894364552475836
888740,0.9997686643708481
888741,0.9999378397703601
888742,0.9582396879774626
888743,0.6783037504962042
888744,0.1745689406590638
888745,0.010464580892199501
888746,0.15234245924127082
888747,0.710876769445656
888748,0.9994024202644987
888749,0.10060522296052322
888750,0.28943419700647216
888751,0.4185933817746432
888752,0.7792951426141734
888753,0.195630340477831
888754,0.9842412395444101
888755,0.9420837117890961
888756,0.3360530939273906
888757,0.011102856769342542
888758,0.9972142449737824
888759,0.9968655976021367
888760,0.7069436680193812
888761,0.9995245349941417
888762,0.9992399539208717
888763,0.9997225393898163
888764,0.220905791188031
888765,0.9759868484429117
888766,0.6635413187495077
888767,0.6243466154546615
888768,0.9910417331405184
888769,0.14687317841399813
888770,0.999968416693909
888771,0.04212241726502526
888772,0.9888736586667919
888773,0.9997720770268841
888774,0.9985940994001136
888775,0.6152236496240865
888776,0.37398146732645476
888777,0.27215422237334225
888778,0.860134090226512
888779,0.9592412634445752
888780,0.9991719338327454
888781,0.9859956746989041
888782,0.9154948299037726
888783,0.994405999359824
888784,0.7551402652672875
888785,0.999628581575698
888786,0.6090851141053082
888787,0.33993163396893505
888788,0.6067982172277353
888789,0.9999721176054333
888790,0.824517058733516
888791,0.014558278113970329
888792,0.5710834964288768
888793,0.9999795622332031
888794,0.7375556866284811
888795,0.9986411893183448
888796,0.25657737299199845
888797,0.9997553691425687
888798,0.9762804807677546
888799,0.9330318561463147
888800,0.9999750121674549
888801,0.9929338043830785
888802,0.9999359592357266
888803,0.9997206272751192
888804,0.011416132372235615
888805,0.01382195317737335
888806,0.9130754588062464
888807,0.9996844508158107
888808,0.3000364301321703
888809,0.9957989229166764
888810,0.9980937496996178
888811,0.9996786776008677
888812,0.9992595827967875
888813,0.9995754265655654
888814,0.4303800552092796
888815,0.9997339985872188
888816,0.9995124480676234
888817,0.9998696111092993
888818,0.9999127699758766
888819,0.9960246116251925
888820,0.9872166580412476
888821,0.14452753110258615
888822,0.6942216562660177
888823,0.027768296263178685
888824,0.9919760475829238
888825,0.6090948675923592
888826,0.13766274679248106
888827,0.5368628896527252
888828,0.07047906342093786
888829,0.17658471539727702
888830,0.38671380272058187
888831,0.999305194643267
888832,0.8486695433186597
888833,0.06324041708680421
888834,0.055435603520495945
888835,0.9289292442210361
888836,0.9943667775240074
888837,0.17878631143493418
888838,0.5489626061785288
888839,0.999425913077471
888840,0.7361953040347504
888841,0.9995889073238813
888842,0.7637041425167059
888843,0.3497263762969183
888844,0.06568468670118524
888845,0.11995857253522672
888846,0.9999274775404781
888847,0.018042829480580728
888848,0.8793317683110213
888849,0.07130361900970461
888850,0.9991993227709517
888851,0.9999197911264819
888852,0.9984354035480167
888853,0.9999849368180111
888854,0.7247529638345854
888855,0.9999159113458282
888856,0.9987899096209689
888857,0.9995279996657498
888858,0.9240035877707486
888859,0.9958160572721507
888860,0.3414268278638377
888861,0.9999216040454608
888862,0.9999174622016481
888863,0.7027442636205992
888864,0.9996874133805931
888865,0.999916334694114
888866,0.9897376915390991
888867,0.980078358474945
888868,0.9755606518738509
888869,0.10589004777659955
888870,0.9999835935609043
888871,0.9994445050064468
888872,0.9995633302039072
888873,0.04444937772324062
888874,0.052388024484685575
888875,0.5297401228437049
888876,0.9998518435958151
888877,0.8424614391387826
888878,0.9944918818451988
888879,0.2680037039690985
888880,0.998612247861709
888881,0.0862014530169103
888882,0.999646791694077
888883,0.011909204887417106
888884,0.866147131018354
888885,0.9992844187600165
888886,0.19458520771610419
888887,0.8809178408955787
888888,0.9498701770728122
888889,0.7907028958993663
888890,0.5378434108649519
888891,0.933887707343962
888892,0.6830960077742312
888893,0.10119320114307634
888894,0.6509052156907148
888895,0.9999065165102408
888896,0.7193249409411804
888897,0.9995580715979617
888898,0.988569746067808
888899,0.48577992955881977
888900,0.9986533219914793
888901,0.9993593937038855
888902,0.22453877171028291
888903,0.9996110722028576
888904,0.9644627137584556
888905,0.9999248088756532
888906,0.562855379219293
888907,0.4429387631555379
888908,0.9967217418820407
888909,0.8338564288784683
888910,0.8022008587141248
888911,0.9754474270183946
888912,0.9998354658661622
888913,0.9999473746371466
888914,0.5901978298500596
888915,0.9999867580687717
888916,0.21443647394637638
888917,0.9967205619395961
888918,0.999621402762843
888919,0.9961537732027458
888920,0.0018940971927302822
888921,0.9995823594964124
888922,0.31814399140737926
888923,0.22677738448653761
888924,0.4915871332907882
888925,0.7713524238609644
888926,0.9952586862469257
888927,0.9997398783909035
888928,0.9934722974474395
888929,0.9996829283076692
888930,0.49638942420646753
888931,0.9999247070966376
888932,0.8864947531401711
888933,0.548451422979539
888934,0.6542737966353364
888935,0.7284523647866017
888936,0.995159273707478
888937,0.9999795359700598
888938,0.9999774113195107
888939,0.997197048878221
888940,0.9108000803240404
888941,0.03498437715808046
888942,0.9684532069116751
888943,0.3068956901434843
888944,0.9896258115722858
888945,0.9013288869552318
888946,0.7537124014685349
888947,0.9391816545578451
888948,0.945739426320714
888949,0.992760816661738
888950,0.016640839718084416
888951,0.708183648720298
888952,0.6474073122446256
888953,0.9998753353113785
888954,0.9845507110588079
888955,0.03383854239683402
888956,0.9891450487857012
888957,0.981771542180203
888958,0.46679131309618904
888959,0.9999692780232288
888960,0.6604524174343853
888961,0.19197915973799104
888962,0.8657914134439104
888963,0.967966768688668
888964,0.9313071839465148
888965,0.28795509327222907
888966,0.9982651167728318
888967,0.9998758217726885
888968,0.9999453299923349
888969,0.41699287576095895
888970,0.636005100768591
888971,0.9999827836040964
888972,0.11038996059378198
888973,0.9918435899178215
888974,0.995548905999868
888975,0.9647789522055099
888976,0.1892835234920847
888977,0.8837144446562376
888978,0.991627500316355
888979,0.9973623203621633
888980,0.01083856676107634
888981,0.04360724790936843
888982,0.024589269509362174
888983,0.7428399066198632
888984,0.9987858377299087
888985,0.9998776700829646
888986,0.9982829754035963
888987,0.017461934466220064
888988,0.9989297178412238
888989,0.9469239417527712
888990,0.9999836062044177
888991,0.973119216340955
888992,0.9735217507603784
888993,0.8401396941373942
888994,0.9318228888044987
888995,0.05522176060748005
888996,0.998031029587405
888997,0.999475210885677
888998,0.5817086737254598
888999,0.98524736980888
889000,0.769544321113213
889001,0.5573761450351467
889002,0.9998637899772924
889003,0.57616496037028
889004,0.8856020653483636
889005,0.9999374243829208
889006,0.9995244666389778
889007,0.08771047915552588
889008,0.992000210688813
889009,0.9992771206707666
889010,0.9999156863423979
889011,0.13609981325132633
889012,0.9582361897731094
889013,0.7104332894833771
889014,0.9997736730399525
889015,0.11313139245896583
889016,0.03472496872621814
889017,0.9996103516028783
889018,0.6696317810764384
889019,0.999576395790593
889020,0.9136000735566857
889021,0.9873674769962816
889022,0.5339296390611415
889023,0.9999539913718987
889024,0.999969763760485
889025,0.7575572059374007
889026,0.2198564436707771
889027,0.9997278739547542
889028,0.9154816688422549
889029,0.6333100019560798
889030,0.005232695578768872
889031,0.993803496049235
889032,0.9985380378166919
889033,0.423489828503466
889034,0.9999511043834952
889035,0.9878855759984573
889036,0.9382455812576913
889037,0.03572841779478
889038,0.8150552541653953
889039,0.9999734062104427
889040,0.9886876201852025
889041,0.03261952726031848
889042,0.753585098318027
889043,0.9996002581763279
889044,0.8803921334157573
889045,0.9431109237433071
889046,0.9938876098829075
889047,0.011409617286525219
889048,0.9996163103037365
889049,0.9006479893341246
889050,0.15798938242396504
889051,0.05198443787357316
889052,0.10135011609331938
889053,0.10421276674285902
889054,0.9728518597351878
889055,0.9993171068168624
889056,0.9997183795753719
889057,0.1628562260093732
889058,0.9997668277239542
889059,0.9979569349758771
889060,0.7514377211253683
889061,0.9964680504286061
889062,0.9998749902156485
889063,0.9439249628172821
889064,0.9986275750026639
889065,0.999989826575704
889066,0.9999585253343767
889067,0.13025887112783238
889068,0.31772543744428045
889069,0.9986357800964876
889070,0.981244867529158
889071,0.34483903519022807
889072,0.8858325962358804
889073,0.9987937190069032
889074,0.6055469814218651
889075,0.8992547972388764
889076,0.9998890420173061
889077,0.9999108521216606
889078,0.02090678188311432
889079,0.06324711183833663
889080,0.6060321349343456
889081,0.9951979710124902
889082,0.996365780704662
889083,0.9995151935361739
889084,0.999899835573465
889085,0.8926782704458409
889086,0.383376471626902
889087,0.6750745990581142
889088,0.9975287515752429
889089,0.04209696113703451
889090,0.9998677513958776
889091,0.6072302590178602
889092,0.9067560371006919
889093,0.7906899943323593
889094,0.9966473769592556
889095,0.7175595302853333
889096,0.318454439519414
889097,0.9962098368282257
889098,0.9508959600192659
889099,0.5663020931658369
889100,0.7925352753380196
889101,0.9989661064017521
889102,0.11459491210088113
889103,0.5720682738927646
889104,0.9329718002931539
889105,0.20957367984257028
889106,0.9998504704064395
889107,0.8661441624465294
889108,0.7114962618292816
889109,0.9960709400859495
889110,0.25822292066807073
889111,0.1695662314221206
889112,0.30663718194697875
889113,0.9997282121666002
889114,0.9998349749633869
889115,0.9987659211151227
889116,0.009545814252462748
889117,0.9996098992965555
889118,0.6576288602395548
889119,0.05157042684345661
889120,0.8899333815804387
889121,0.9999936858486074
889122,0.9819302513264128
889123,0.5647355526792426
889124,0.9125467481180539
889125,0.5652989417637053
889126,0.31466275391554166
889127,0.29063193599162246
889128,0.9999881177901305
889129,0.9943883150044968
889130,0.9998915902832943
889131,0.8887236016183996
889132,0.7220843337379389
889133,0.9705936990219122
889134,0.3471223825595443
889135,0.7798476955090634
889136,0.2962559625996765
889137,0.4295406315282926
889138,0.9939158248531568
889139,0.9999028078601732
889140,0.9989836776009049
889141,0.9643206519719026
889142,0.31014913097337343
889143,0.99998307230091
889144,0.9987122075872386
889145,0.5135073163750474
889146,0.04680284652048327
889147,0.880936617061246
889148,0.09966378378214938
889149,0.01942218074908275
889150,0.8536458148291698
889151,0.9996002226841538
889152,0.011258278485484465
889153,0.8507165189378506
889154,0.9999200034654995
889155,0.999805592992323
889156,0.7455888517430714
889157,0.9999233096322472
889158,0.9473746751888907
889159,0.9933343413132936
889160,0.7606305092502044
889161,0.9997807094111203
889162,0.9461069545756782
889163,0.09338815762240016
889164,0.2287237761574717
889165,0.965668826055156
889166,0.9994087687964902
889167,0.997793772973287
889168,0.9942641364287157
889169,0.27452394867653446
889170,0.9999466542847034
889171,0.4537597148066531
889172,0.021060900348358332
889173,0.9983964898566473
889174,0.26512422836896204
889175,0.9901788678450032
889176,0.8960918230741481
889177,0.9952440135929074
889178,0.15488188443931586
889179,0.9973132798688852
889180,0.9999253539246223
889181,0.9823102160778104
889182,0.18672947123683747
889183,0.4480377218017321
889184,0.30500262338725587
889185,0.8954861739704607
889186,0.2729140890100002
889187,0.969515990050106
889188,0.34059893475361847
889189,0.9902708217460652
889190,0.8953017373789538
889191,0.567591716076251
889192,0.9998792950695772
889193,0.9920218383783346
889194,0.9998733183180413
889195,0.07665998243282854
889196,0.9999267257540818
889197,0.19199827435971809
889198,0.999780813675803
889199,0.4350574997188778
889200,0.9999848030646666
889201,0.408677566530831
889202,0.6643885328349812
889203,0.8034295143094089
889204,0.9980826789489065
889205,0.9999282672615085
889206,0.9997314391603445
889207,0.9999423792876463
889208,0.20661919822535268
889209,0.9795445371940867
889210,0.9967484292732203
889211,0.6149514407240758
889212,0.9990428427156793
889213,0.9984915977064437
889214,0.42468686507775655
889215,0.6354128464436023
889216,0.9974014743376096
889217,0.055843007880965
889218,0.9994878213695793
889219,0.4247668886099032
889220,0.9244408596659208
889221,0.9978778006680479
889222,0.9998321837399787
889223,0.9999806316257782
889224,0.9490885207809048
889225,0.567237208226751
889226,0.9874329043358364
889227,0.16123786149255775
889228,0.02446722873286343
889229,0.9993962001306571
889230,0.9995448350597484
889231,0.9978428131699031
889232,0.9992792041769354
889233,0.09847745392552036
889234,0.9971812832702791
889235,0.9983461995615485
889236,0.27558488794614866
889237,0.6808684149011853
889238,0.02447643172006573
889239,0.5063071561962925
889240,0.004378322461726819
889241,0.9999581581797718
889242,0.998906115066448
889243,0.6437867368685355
889244,0.9953286754309254
889245,0.5107690996612961
889246,0.07593908637422414
889247,0.005028015524469779
889248,0.83187614471508
889249,0.9998214389860032
889250,0.9907130190176503
889251,0.9903142054659811
889252,0.9946711882586321
889253,0.5545347583917483
889254,0.2058185623737317
889255,0.1659568861574538
889256,0.9987935809836548
889257,0.9884848901176838
889258,0.9996937475925796
889259,0.559116887105035
889260,0.9954008314691116
889261,0.9978223096708302
889262,0.020311781883748888
889263,0.855915833528653
889264,0.9995468430439031
889265,0.9973645105430831
889266,0.3492857333773537
889267,0.9980258208997467
889268,0.9005200655177787
889269,0.9998962132599036
889270,0.019835890385022436
889271,0.9979023457474256
889272,0.39336167791517473
889273,0.9967749887294894
889274,0.013684703326155368
889275,0.31756654095914444
889276,0.9997612501758746
889277,0.611636270909096
889278,0.8522775710983943
889279,0.9996580300805606
889280,0.032557709501746475
889281,0.1250637946001989
889282,0.9983850422597456
889283,0.9853707860022318
889284,0.18110263324433945
889285,0.043351507204623434
889286,0.9902784891297765
889287,0.9605751422691606
889288,0.9977145051544304
889289,0.9996018506305405
889290,0.3647096715360113
889291,0.9979073245344039
889292,0.9838423857242415
889293,0.9970442232528699
889294,0.1861022720334024
889295,0.997181257633142
889296,0.9713784144615962
889297,0.9999596133398401
889298,0.5989692270433634
889299,0.9983574775251914
889300,0.828116936257925
889301,0.9991685931579115
889302,0.9996274703440051
889303,0.9767519755808158
889304,0.5896086092334738
889305,0.4226281967118853
889306,0.9981600447583312
889307,0.9999018399376394
889308,0.9949991942112206
889309,0.060834887358100505
889310,0.7083779277405498
889311,0.9995577979239684
889312,0.999804408983975
889313,0.9929696893015951
889314,0.9971408175698622
889315,0.9919214405826127
889316,0.1681860418876352
889317,0.9995946892050329
889318,0.9503915144781785
889319,0.9996492757119272
889320,0.586223653323219
889321,0.9976923548598784
889322,0.9889747829631881
889323,0.2537585050331706
889324,0.01171700640689783
889325,0.8074264519044629
889326,0.1566672346608528
889327,0.9922671327780779
889328,0.01238584845366563
889329,0.50838341669285
889330,0.5631428454681003
889331,0.984130056059428
889332,0.5846368006988223
889333,0.18812789570733193
889334,0.03637645766227793
889335,0.9935601341175024
889336,0.9895160171721298
889337,0.32824330249761047
889338,0.9997324386901509
889339,0.5367630414271809
889340,0.6431091472167074
889341,0.9878997678633359
889342,0.3883408514111737
889343,0.999991238716048
889344,0.11195465108450202
889345,0.7737313153237558
889346,0.014149747314313765
889347,0.9999744937716101
889348,0.07454262027605366
889349,0.997488097890788
889350,0.9978964536277788
889351,0.8746381287463943
889352,0.9717246154327516
889353,0.9910893425990057
889354,0.04460539366131068
889355,0.6309041404346123
889356,0.6873254101280293
889357,0.9998628133529917
889358,0.15924547292864116
889359,0.6625758041178511
889360,0.8705109817391148
889361,0.853251686067339
889362,0.10938803369711214
889363,0.9995395361937605
889364,0.061659302960255985
889365,0.9999732435904929
889366,0.998379103377929
889367,0.9733735572259119
889368,0.9984107635173431
889369,0.8073712228547487
889370,0.8251384127713512
889371,0.08151677769807246
889372,0.8232127895875585
889373,0.9998932110987861
889374,0.8418474612919586
889375,0.9773221299361794
889376,0.998998379200611
889377,0.19973032157925993
889378,0.7285957578258888
889379,0.9718347386801046
889380,0.005145033787431098
889381,0.6195250850635029
889382,0.998588971752189
889383,0.9998717901604163
889384,0.9714774307132169
889385,0.9445063173798642
889386,0.2510229689756367
889387,0.0086980776400701
889388,0.8979325806073439
889389,0.9999565223103213
889390,0.9998712847301452
889391,0.35483799655105563
889392,0.042590596414735185
889393,0.9995033541262954
889394,0.999969729290656
889395,0.9999766906778074
889396,0.9792890076267454
889397,0.9991180599802609
889398,0.9637510599832045
889399,0.9998732340661791
889400,0.6698468897235127
889401,0.7105291492343415
889402,0.0679994705491912
889403,0.05516904896007328
889404,0.9930361485633258
889405,0.9404707379323074
889406,0.999985805819205
889407,0.07668482668374237
889408,0.9803105269754628
889409,0.3676655173720038
889410,0.2939922039068247
889411,0.2508996502943036
889412,0.8539972590345719
889413,0.9563055542089018
889414,0.9997930994835074
889415,0.9998804830572827
889416,0.4581750208441457
889417,0.6796169758433026
889418,0.9946157956069765
889419,0.4024031230070692
889420,0.9884914013425962
889421,0.8312977213647021
889422,0.9998880267510295
889423,0.9999930494606855
889424,0.957626065040138
889425,0.04850113722621972
889426,0.8345519189533793
889427,0.5262282534536257
889428,0.22873923331252993
889429,0.9294688794350744
889430,0.9995567358214157
889431,0.9997416048608454
889432,0.9995093832053243
889433,0.04504174935847846
889434,0.9631278823239894
889435,0.9997015704080576
889436,0.9693264753385071
889437,0.9961547968580351
889438,0.7252311156795025
889439,0.9618821877629412
889440,0.37821097024252615
889441,0.9965331204016901
889442,0.00691339669712953
889443,0.8820772167768391
889444,0.9753165489951415
889445,0.16567220783957093
889446,0.1477339443795683
889447,0.9615413144285283
889448,0.9998386730125043
889449,0.9999092114601141
889450,0.11476769456602831
889451,0.7535096509084238
889452,0.028183147852245675
889453,0.5052383554965766
889454,0.7660081664070633
889455,0.668606528921211
889456,0.30911411337963374
889457,0.7236618119557279
889458,0.331421961160452
889459,0.14621280666861192
889460,0.9999821465372808
889461,0.8093906274867345
889462,0.9999168560451176
889463,0.6647395714380148
889464,0.8652784313902734
889465,0.007865177975962624
889466,0.966329233501477
889467,0.8604560148827867
889468,0.7896694538817243
889469,0.9995457427384928
889470,0.5337958057052077
889471,0.14157464810224393
889472,0.9980319155961694
889473,0.9996342669882982
889474,0.3356596967755006
889475,0.04306690875576243
889476,0.26628345737047704
889477,0.05810904242536219
889478,0.3338179228117911
889479,0.9677257862916613
889480,0.9984140617381381
889481,0.9562308778413096
889482,0.9942455652598997
889483,0.651680910594582
889484,0.963181399217719
889485,0.9999469902697622
889486,0.057390997245496095
889487,0.9837408154450635
889488,0.9410084250088322
889489,0.9907150624509168
889490,0.09956809094637677
889491,0.6875563104757971
889492,0.8470498744461914
889493,0.5640390849622066
889494,0.837350155110397
889495,0.7136657738641593
889496,0.9998750199047698
889497,0.041007674309123145
889498,0.9446419176088434
889499,0.9781553858411558
889500,0.9998210120474678
889501,0.999750110052695
889502,0.7510676462497734
889503,0.9784979194520707
889504,0.6190163290337336
889505,0.1834329317894281
889506,0.07000086302007145
889507,0.04355694867677824
889508,0.00915250450331916
889509,0.9998139453641388
889510,0.9903519377716363
889511,0.14344351906402486
889512,0.9238381438354968
889513,0.9999913960776144
889514,0.9996200148282779
889515,0.9983436571956257
889516,0.9877630362798742
889517,0.09044272576403684
889518,0.4124423124184798
889519,0.9999946156802909
889520,0.9987242382401843
889521,0.7777193679891653
889522,0.762756217064833
889523,0.08755989850004134
889524,0.02097682435365994
889525,0.9732848513884398
889526,0.999534847320277
889527,0.984546417801323
889528,0.9934952802333031
889529,0.9998037736794574
889530,0.33383860779233854
889531,0.346392090717512
889532,0.04478122962356507
889533,0.9998176110731689
889534,0.6323610083963065
889535,0.5612773308778354
889536,0.11243758279789609
889537,0.9255361392837701
889538,0.0038565568659031206
889539,0.7366859762354573
889540,0.9935944279836255
889541,0.6066050170983509
889542,0.49693788766279245
889543,0.9997979263422454
889544,0.9999127948255401
889545,0.45193467199453324
889546,0.9976625324225696
889547,0.9999793091504416
889548,0.998784747733664
889549,0.9919673366586852
889550,0.9999426856026865
889551,0.9939786489295652
889552,0.9999498267392353
889553,0.9991422953802882
889554,0.988956744419964
889555,0.9993779650337056
889556,0.8930865094501519
889557,0.974420354898861
889558,0.20583636060501095
889559,0.6495909151526342
889560,0.9961720018698565
889561,0.9619843286377725
889562,0.8703467819532357
889563,0.20566608607333547
889564,0.9407934698291438
889565,0.32847048466988776
889566,0.9996084989964926
889567,0.012187852368377675
889568,0.9992968744858408
889569,0.9990442128245425
889570,0.6283100358638565
889571,0.9880846103480124
889572,0.7393842185464387
889573,0.9704265313469715
889574,0.1436473126144391
889575,0.7927867398165
889576,0.5016594277705623
889577,0.9996636441270359
889578,0.9621365756680054
889579,0.994691286756026
889580,0.9992516644946587
889581,0.9995987089361225
889582,0.7445591090695687
889583,0.6482068407417063
889584,0.9997431221020738
889585,0.9993560364680756
889586,0.9877225094112334
889587,0.9992407506120675
889588,0.9984265390203766
889589,0.9964788514150653
889590,0.9872466410837932
889591,0.01721363493031597
889592,0.9987877961684959
889593,0.5188432833952101
889594,0.3515717564564401
889595,0.04681138095284432
889596,0.44517395365016205
889597,0.7395944697162311
889598,0.4203128550904731
889599,0.8861459811109385
889600,0.9997588885330468
889601,0.999311170387112
889602,0.001915823884301903
889603,0.9974211861047324
889604,0.11588576542078602
889605,0.9930453138096786
889606,0.9995641671888615
889607,0.7836846553696095
889608,0.9879403758958654
889609,0.004129302530849589
889610,0.6127236385625786
889611,0.8225779291352225
889612,0.9999695923997582
889613,0.7875027878553982
889614,0.12340792546840404
889615,0.9966845870462969
889616,0.9999507240813952
889617,0.9996280648245587
889618,0.9250978917154165
889619,0.7821696506581446
889620,0.9827402100301503
889621,0.9998461506620338
889622,0.996547064371036
889623,0.9992910545542526
889624,0.5025699970603326
889625,0.04584158094777194
889626,0.999735691826232
889627,0.9998134826315611
889628,0.9450209321923323
889629,0.9968838935444418
889630,0.9998924351743077
889631,0.9212511860913446
889632,0.9176657050605308
889633,0.157881095305457
889634,0.20034881644687808
889635,0.05687629081537794
889636,0.9961803459302045
889637,0.03224516071821662
889638,0.8270795147268741
889639,0.19952973142743985
889640,0.9200715271147701
889641,0.9931282899945868
889642,0.9900990291705102
889643,0.31035414042588766
889644,0.9956779952963228
889645,0.9604499016036478
889646,0.9989347316846732
889647,0.9999853789692184
889648,0.09310283049849952
889649,0.999957734308549
889650,0.9652436225820094
889651,0.9395956747991487
889652,0.9975491412113822
889653,0.8338782592995159
889654,0.9997916755886243
889655,0.9519275008845516
889656,0.4541926190895218
889657,0.9990707174339193
889658,0.9848984874412061
889659,0.9996061052203571
889660,0.9712353943852041
889661,0.00888318231760467
889662,0.9956841457210548
889663,0.9734074561400132
889664,0.9983506268546782
889665,0.2935126864636791
889666,0.10642611013666833
889667,0.8844642542255836
889668,0.019579280176301322
889669,0.10754940883128862
889670,0.08555524078185714
889671,0.9998218499371023
889672,0.21364203286896727
889673,0.9874420602795153
889674,0.5557845692237708
889675,0.23450299687967183
889676,0.017334406877001843
889677,0.9647077190513526
889678,0.999910163656948
889679,0.4519828154529272
889680,0.9862314542289161
889681,0.9999528465630347
889682,0.9927989906371048
889683,0.9964594138015002
889684,0.9997192101835635
889685,0.9999543314648038
889686,0.12853850019164947
889687,0.9999529050502853
889688,0.9997507808193504
889689,0.9984072892466165
889690,0.6104907131967785
889691,0.575595945061072
889692,0.9951380556069853
889693,0.5372916927333745
889694,0.9932964526863663
889695,0.10641125835445293
889696,0.3443945633912694
889697,0.8650250143902268
889698,0.9986198645074786
889699,0.5360282170958588
889700,0.9972664502040152
889701,0.9998317576560618
889702,0.10178097649268672
889703,0.9983860182480218
889704,0.999719210913777
889705,0.9042639496707867
889706,0.1804132069574268
889707,0.8253054611089092
889708,0.9770107254092961
889709,0.9797104234252156
889710,0.8224748250422304
889711,0.8768259872682744
889712,0.999690039891938
889713,0.9995913888492042
889714,0.7470513254840694
889715,0.9070626872886574
889716,0.5289030633624984
889717,0.999966740219274
889718,0.14965022473816425
889719,0.9793861525741826
889720,0.5672572173211159
889721,0.9992570720363663
889722,0.8678409932822234
889723,0.9845498527305447
889724,0.9997409298355493
889725,0.9167445030437955
889726,0.963175929140087
889727,0.9999260956139716
889728,0.7961525903842979
889729,0.9746855041111848
889730,0.05105956278238322
889731,0.9820959936627568
889732,0.9979910452702656
889733,0.8699202165258098
889734,0.9979701049220233
889735,0.11766584841159564
889736,0.9993551129123404
889737,0.5489157366001357
889738,0.9993753941279909
889739,0.9999505893837894
889740,0.9492424668162396
889741,0.7445282341968786
889742,0.9999850455190459
889743,0.09822179305563399
889744,0.9613592195717995
889745,0.21348372701121254
889746,0.9977855028721414
889747,0.03521783841068955
889748,0.47875092263749475
889749,0.9978316510684594
889750,0.03422821305209315
889751,0.00239896817152509
889752,0.999789911341668
889753,0.06621932790417716
889754,0.1551333137060754
889755,0.9998705299003168
889756,0.9983986385663861
889757,0.2924660579677978
889758,0.6126540808242489
889759,0.5655355183577973
889760,0.999229874054746
889761,0.6012281069442496
889762,0.28686578065194424
889763,0.9996535957330909
889764,0.9988268609472883
889765,0.8024407284632941
889766,0.005571992643000142
889767,0.5996593635933035
889768,0.12516668603712655
889769,0.9752949009998602
889770,0.9995189646323293
889771,0.9997083549789243
889772,0.6430220083191545
889773,0.2251910251717734
889774,0.47528503468755057
889775,0.9998456899722801
889776,0.9976480859229931
889777,0.9962047112123431
889778,0.051097789667561275
889779,0.9998302023790167
889780,0.9998753501161834
889781,0.9703833715660053
889782,0.6723159693784327
889783,0.337446116424967
889784,0.9996872084813094
889785,0.6912578460884307
889786,0.9991575402501697
889787,0.9266397327683005
889788,0.7454808096242622
889789,0.6968346078566692
889790,0.21707202642828882
889791,0.5363194689841247
889792,0.08885107058557301
889793,0.999733615625335
889794,0.9969786279036241
889795,0.9234857050052544
889796,0.9718753189002778
889797,0.29148103697534505
889798,0.029666054029918523
889799,0.026670558825744525
889800,0.47911195641582566
889801,0.8399834986328039
889802,0.40958228838949606
889803,0.9994949687429763
889804,0.08660301327626929
889805,0.99786994991651
889806,0.915762452755708
889807,0.7447455250585515
889808,0.8956942840418977
889809,0.999224997113578
889810,0.9934530601879799
889811,0.9167423741805867
889812,0.24315018696518392
889813,0.4664312733320054
889814,0.9997961391053006
889815,0.9990812552347659
889816,0.9997656650675408
889817,0.626498773659913
889818,0.9715415712358715
889819,0.9998720981028324
889820,0.9998638221954457
889821,0.5318645649011379
889822,0.9999141054390479
889823,0.999884979524214
889824,0.9997535549684635
889825,0.99284252131946
889826,0.9809947666574532
889827,0.9979778242537227
889828,0.9999274362391535
889829,0.3450589699440964
889830,0.9934726963829986
889831,0.9974298719812922
889832,0.9994566899338635
889833,0.3062031541960313
889834,0.99592448762751
889835,0.0036648541411497828
889836,0.5790659894351252
889837,0.9999898969604787
889838,0.996519249000955
889839,0.9385606803559254
889840,0.9947113668025488
889841,0.9025605434523273
889842,0.32274568745679294
889843,0.10807402399958008
889844,0.03758248880111788
889845,0.9760865967154448
889846,0.6088313730689253
889847,0.7308541258787751
889848,0.9999449351952074
889849,0.9991925505736972
889850,0.9976954148864497
889851,0.34122169961879334
889852,0.998866723090467
889853,0.12399828761351345
889854,0.48397481241120777
889855,0.17996809207852288
889856,0.17632292878379857
889857,0.2887701701533684
889858,0.13187310167901015
889859,0.9904582341787429
889860,0.7999286095501776
889861,0.9999645484761257
889862,0.9337717629924172
889863,0.9998933693850076
889864,0.9233002244898476
889865,0.10889882864436712
889866,0.9913589356588255
889867,0.9562477315145312
889868,0.19867336897514798
889869,0.9995910281391939
889870,0.9826846390892803
889871,0.8705595456467679
889872,0.8222112578498993
889873,0.6456415954778139
889874,0.3399079356239306
889875,0.9996780166591495
889876,0.13094546282447916
889877,0.9998696166463089
889878,0.5732791343183383
889879,0.9998421093317508
889880,0.9514854910331998
889881,0.72475968639147
889882,0.9291917562468386
889883,0.9985044284664923
889884,0.4348121285313665
889885,0.24858722516001888
889886,0.34676250710841855
889887,0.035483906189967315
889888,0.9999973946240273
889889,0.9992776704056568
889890,0.9994956414743441
889891,0.9486937795692933
889892,0.6574040819806006
889893,0.7813611108768885
889894,0.017813739884563928
889895,0.5981450402585405
889896,0.6923298063011836
889897,0.5737134532636226
889898,0.1708379820472774
889899,0.9998481476688819
889900,0.01170995038014596
889901,0.7494476253921447
889902,0.9910314761738003
889903,0.9735357085813464
889904,0.019485218731973692
889905,0.9486898003407616
889906,0.9880634908128175
889907,0.9915654228354034
889908,0.6133754747418947
889909,0.9652226085426666
889910,0.9901777490402729
889911,0.9943770279429813
889912,0.21426068391576472
889913,0.13310915108927762
889914,0.26392507705399393
889915,0.9973065945559527
889916,0.013061397768439557
889917,0.99587190329581
889918,0.9986247926150562
889919,0.9994480282862148
889920,0.9998560126723837
889921,0.08829026115017917
889922,0.6931400244504673
889923,0.9650147458485634
889924,0.9817909929935762
889925,0.9518458638176523
889926,0.061451277769983374
889927,0.2743058078214666
889928,0.9925344826422268
889929,0.9999054963191998
889930,0.9999321845672706
889931,0.99984887629
889932,0.5355663323540749
889933,0.9997704260575963
889934,0.11099470031015868
889935,0.5072974627960182
889936,0.026172680338633868
889937,0.3148265377344356
889938,0.99964238579585
889939,0.3034431017355943
889940,0.7983034709246024
889941,0.9998192622836278
889942,0.6038364249431251
889943,0.9999330418986091
889944,0.08287158927405808
889945,0.9999888705081832
889946,0.9998473818983153
889947,0.9983140874126779
889948,0.2775780519905703
889949,0.9739531337338542
889950,0.9999325857574015
889951,0.9997141164515377
889952,0.7991111658465915
889953,0.48970922722678945
889954,0.325500522337446
889955,0.011388527351387675
889956,0.9997700228302255
889957,0.10577006021617846
889958,0.9999796249359638
889959,0.8696782256290769
889960,0.9999402245104019
889961,0.9999396019951425
889962,0.754063847689044
889963,0.9998964048992547
889964,0.9998750096494279
889965,0.5884762608327314
889966,0.9995888985789979
889967,0.9954291080153537
889968,0.036439581570174864
889969,0.45013338937800756
889970,0.7778327454012752
889971,0.9995569441821306
889972,0.03291619016664915
889973,0.0932166232667427
889974,0.9776277801582758
889975,0.951193274118996
889976,0.19429548026599702
889977,0.4194141531387735
889978,0.015260631918200561
889979,0.25093210621555284
889980,0.06094461540474479
889981,0.9995162460238052
889982,0.2162773305052768
889983,0.20238957363898002
889984,0.9951367903033912
889985,0.012347491858501444
889986,0.35809329132779427
889987,0.2615815896529392
889988,0.8950227100293926
889989,0.9973090133920978
889990,0.5340478673520052
889991,0.9963918167077694
889992,0.15177560359634543
889993,0.9994923847182449
889994,0.2704230762298973
889995,0.09558326006406992
889996,0.9995195406143513
889997,0.9878716460937862
889998,0.9399416408012775
889999,0.1260154766109871
890000,0.703225446128712
890001,0.9891659200233804
890002,0.8371758676154765
890003,0.6954090489013839
890004,0.7038095863224766
890005,0.9999738265234857
890006,0.02988972578408805
890007,0.3809842653877899
890008,0.03470953765206401
890009,0.9912405669541038
890010,0.9746737029067754
890011,0.9836571746855564
890012,0.9885347882760175
890013,0.14503165376963562
890014,0.9651238187801423
890015,0.9953070761768521
890016,0.9349627175044897
890017,0.04243512961632681
890018,0.8897756586242309
890019,0.9983148804887769
890020,0.5120726036095852
890021,0.3216663226379938
890022,0.9998167078865707
890023,0.014678083954126637
890024,0.03693611525150201
890025,0.13475506091020076
890026,0.03336502897197886
890027,0.9783927236615892
890028,0.9331692913780589
890029,0.9899539804027406
890030,0.26704988087553294
890031,0.9994859766935058
890032,0.9991894444486388
890033,0.9950537203796963
890034,0.9649286765699009
890035,0.28660924484438194
890036,0.9990111880681406
890037,0.9779885907046505
890038,0.5067341166952011
890039,0.18274022358435754
890040,0.9790913373115833
890041,0.01842615414126215
890042,0.023152098117092422
890043,0.9997056452326114
890044,0.9707916138949734
890045,0.9948487622817583
890046,0.9993968638483608
890047,0.009218504632860728
890048,0.9985806710904945
890049,0.23433107645444368
890050,0.41761790764178264
890051,0.9973624776045016
890052,0.40078539709724736
890053,0.9997948913214716
890054,0.9703158162278667
890055,0.999251492563445
890056,0.9999754226813671
890057,0.7192098303936154
890058,0.821756272901951
890059,0.21705610831337735
890060,0.9987073369751028
890061,0.1832819060342834
890062,0.9995545732785418
890063,0.9792847269649102
890064,0.011431551844200485
890065,0.11413948205425967
890066,0.9999685719685326
890067,0.5724515688360211
890068,0.99997129937646
890069,0.7406414492107849
890070,0.07624629065622456
890071,0.9997937914842562
890072,0.9993117733750367
890073,0.021646378007690485
890074,0.013738502352528336
890075,0.998879693426318
890076,0.9972210476502495
890077,0.01264271902222631
890078,0.9996339298217086
890079,0.9685198027865249
890080,0.957448666014298
890081,0.01617219551721251
890082,0.5257344696717567
890083,0.44165685719693204
890084,0.9915680075455651
890085,0.4574271225531136
890086,0.21623907369458106
890087,0.9584773751092169
890088,0.17637870544685147
890089,0.7839760724157399
890090,0.14880458887423234
890091,0.9075017229111833
890092,0.9997241415221574
890093,0.9992246859607926
890094,0.9950427670339068
890095,0.6010014187646943
890096,0.9997891480383846
890097,0.8025468512848397
890098,0.9999910460469177
890099,0.9965880309538095
890100,0.9603514954735776
890101,0.9999620572939424
890102,0.999379359507557
890103,0.9996739179352304
890104,0.9986020858272653
890105,0.9997786543609704
890106,0.6593564867122106
890107,0.01149421778869638
890108,0.999937696025399
890109,0.9996230101925481
890110,0.7628388294473027
890111,0.9992011350266871
890112,0.9997331578506221
890113,0.8399268477362777
890114,0.9998211244575699
890115,0.03239509742198506
890116,0.9763157452266741
890117,0.37494219658140854
890118,0.01976188958841578
890119,0.9980610561426102
890120,0.9388633962599571
890121,0.9930555701243027
890122,0.38260865178979436
890123,0.05322939178743698
890124,0.9982776398995283
890125,0.9998668921853175
890126,0.021828148258385804
890127,0.389994621042029
890128,0.9997350276801213
890129,0.24377577937932404
890130,0.9996809825685056
890131,0.020880672686392862
890132,0.6960365069278835
890133,0.999831489155459
890134,0.9982772898967949
890135,0.024069768927431286
890136,0.3353482612183072
890137,0.7832602280671783
890138,0.9999272346911379
890139,0.9996712082407966
890140,0.9987569792878351
890141,0.9997643081253782
890142,0.9424594166440781
890143,0.996945746191793
890144,0.9996833615976837
890145,0.9997954035415064
890146,0.999847515206663
890147,0.1894516263630372
890148,0.12083966509581764
890149,0.9999582082284687
890150,0.9896523709087037
890151,0.021239464533866097
890152,0.42686854281750186
890153,0.02937975227428047
890154,0.9753793476933068
890155,0.9919231285702115
890156,0.8664666301014026
890157,0.9999024300677087
890158,0.9720828706342429
890159,0.3275463213348059
890160,0.7366374654595902
890161,0.044349112238789484
890162,0.9684912020488051
890163,0.9998891066573778
890164,0.996030514032382
890165,0.9997897012861161
890166,0.2871258905783175
890167,0.8156921654837268
890168,0.999392495286434
890169,0.16577711104909384
890170,0.01592172158481114
890171,0.9999187054100753
890172,0.13303038226693337
890173,0.9995390416403676
890174,0.9360065921533423
890175,0.9996236806477341
890176,0.9999237700424708
890177,0.3128418559076329
890178,0.9998708634356435
890179,0.8546824412780957
890180,0.8990696852997303
890181,0.9931966484350143
890182,0.8773077751140888
890183,0.9928547566706405
890184,0.014100448829886932
890185,0.1121978169733831
890186,0.9959788705897761
890187,0.012856857890844522
890188,0.9910678839030908
890189,0.996975490409669
890190,0.058869225443759055
890191,0.2486177981576176
890192,0.13940727775272097
890193,0.9999512212990731
890194,0.9998458994668743
890195,0.08459867874401499
890196,0.6251328843950081
890197,0.9897682445516804
890198,0.994979114446142
890199,0.5088827338420593
890200,0.04535667539494441
890201,0.9988096495004155
890202,0.06354958331813579
890203,0.8345662071390947
890204,0.9750253107118076
890205,0.6283861309232943
890206,0.09932632052642718
890207,0.99669499961335
890208,0.8538806511699286
890209,0.9979658597747608
890210,0.8272584068368157
890211,0.9999048569311505
890212,0.48074264840849373
890213,0.8532228737160119
890214,0.9995569096169683
890215,0.849636348180023
890216,0.8471731426881343
890217,0.9999080023203542
890218,0.02537678471606835
890219,0.9362279609032785
890220,0.9992655111251003
890221,0.15033195997899407
890222,0.9999855563249789
890223,0.9998951570618226
890224,0.7917194631399885
890225,0.11614603471983484
890226,0.999487884642561
890227,0.8806812286437411
890228,0.9169351665047536
890229,0.9984466413366547
890230,0.9171654863046563
890231,0.99746873704133
890232,0.5757378888868712
890233,0.8759355121133766
890234,0.9999504022613563
890235,0.9974494909066756
890236,0.7905018864143752
890237,0.9999257979433527
890238,0.9867938651342951
890239,0.9472209684483918
890240,0.9999697798432212
890241,0.9999822926632782
890242,0.9984664129490513
890243,0.27919291532074214
890244,0.9956495488532202
890245,0.9998592556086674
890246,0.9987644701215166
890247,0.9996305109443355
890248,0.9999769633299871
890249,0.9960863574952257
890250,0.8853754832834341
890251,0.9947397745051134
890252,0.9944708586395907
890253,0.047984212932481465
890254,0.6399550028694914
890255,0.6357195556023012
890256,0.9996436633529737
890257,0.999726384176729
890258,0.9997197168658077
890259,0.9999416644259224
890260,0.008598383516547146
890261,0.9850447058469377
890262,0.30650199776352394
890263,0.9324938456089482
890264,0.7075349356863575
890265,0.998123033315915
890266,0.6773514824143934
890267,0.999944832161592
890268,0.9905286966311029
890269,0.08313966092213185
890270,0.999060414183385
890271,0.9997778019735257
890272,0.998265320821955
890273,0.730084478057469
890274,0.9996570469267522
890275,0.9999271026838829
890276,0.9944803085974434
890277,0.7444532776783934
890278,0.9953034475439223
890279,0.03727185200163477
890280,0.3638149985361003
890281,0.9902300296106209
890282,0.9620198997733589
890283,0.630885179024622
890284,0.9271150517130258
890285,0.9998201367485384
890286,0.04133086110194791
890287,0.054793105943972395
890288,0.8745613260678495
890289,0.214599422030059
890290,0.9827785809982159
890291,0.6339849679463571
890292,0.9993056320097
890293,0.6482432104337509
890294,0.10138410166056222
890295,0.5552768081610764
890296,0.997921429836307
890297,0.5581487174755012
890298,0.0177625471671861
890299,0.9999212540933968
890300,0.4196966829863813
890301,0.9971137469403542
890302,0.6980237020214886
890303,0.995856998577687
890304,0.9969335737023091
890305,0.4705956190586216
890306,0.9770877536265555
890307,0.9998188161679991
890308,0.9577942524611629
890309,0.3055522438370207
890310,0.7644001280023507
890311,0.02325252201191373
890312,0.07266593795235723
890313,0.5599906558856382
890314,0.9988406834001704
890315,0.1467514988105711
890316,0.08227666628436785
890317,0.6093944243874935
890318,0.9983108611813318
890319,0.7049213306701638
890320,0.7610683001960538
890321,0.9462158330945658
890322,0.5686646094095913
890323,0.2394180297139608
890324,0.6064857683270602
890325,0.17514201187392942
890326,0.3751910070194324
890327,0.06014379794990074
890328,0.09780735488012134
890329,0.06924463534135851
890330,0.7470907904059491
890331,0.9991367659725325
890332,0.5241843927727733
890333,0.9962496298262501
890334,0.033235700245252874
890335,0.3087614128962575
890336,0.14224411672167697
890337,0.9997066356710278
890338,0.7257445362787203
890339,0.010942630113294752
890340,0.7703567992048861
890341,0.16896315629007816
890342,0.9991737452537961
890343,0.13344190884385493
890344,0.994237457979916
890345,0.9166671813527775
890346,0.8148069160343657
890347,0.0528796526907558
890348,0.01759322843821402
890349,0.9999004263709277
890350,0.9806709770481298
890351,0.9999403609694434
890352,0.9640525307696322
890353,0.9916591457751516
890354,0.9999518131213677
890355,0.2804299938499018
890356,0.3879711068427908
890357,0.3509772245272143
890358,0.9984291393186541
890359,0.24483437895472732
890360,0.9999178394682289
890361,0.03564040097170619
890362,0.005708659907947588
890363,0.9997555087565827
890364,0.4100318552604539
890365,0.9727761405755045
890366,0.008689482824767796
890367,0.9422574599506532
890368,0.6378330710244133
890369,0.010992137450143751
890370,0.9999766807359629
890371,0.012959744962255116
890372,0.9937044540568277
890373,0.9999759578438041
890374,0.517303932485245
890375,0.8182330912319676
890376,0.9998242831721432
890377,0.5778233500478657
890378,0.8429428112794755
890379,0.9980424981281969
890380,0.9994439772292185
890381,0.9800113781793243
890382,0.9999169851552931
890383,0.9998828496709937
890384,0.9527532203542332
890385,0.6839343318509279
890386,0.9999528677935265
890387,0.9980941469887812
890388,0.6807209432150341
890389,0.030848055080790183
890390,0.9701770972519557
890391,0.8440851376295557
890392,0.16775235594943289
890393,0.9259357999490654
890394,0.7867137509330722
890395,0.7061011680497196
890396,0.6827783222559702
890397,0.9996541759627358
890398,0.18170954023677327
890399,0.9996229877613813
890400,0.3204922440946756
890401,0.9996475922578465
890402,0.9998203189806741
890403,0.9958058274038684
890404,0.9998089686655057
890405,0.9081712019154407
890406,0.8891784256273553
890407,0.9999241143478808
890408,0.6648988324782635
890409,0.9970647171287175
890410,0.9996525401617704
890411,0.8553200827987517
890412,0.146303979498799
890413,0.538209848407987
890414,0.9992159352412975
890415,0.13397053795889877
890416,0.993245001802082
890417,0.9906530753398524
890418,0.02666432868198552
890419,0.9992453158465642
890420,0.6334955078001502
890421,0.3971111162644948
890422,0.1683540875023642
890423,0.9995068807802248
890424,0.9998480473224538
890425,0.08479912376499087
890426,0.9965915532566776
890427,0.9987674245187956
890428,0.006837703453975009
890429,0.16713956897096116
890430,0.9976295624042423
890431,0.9993975600679657
890432,0.9758874860227922
890433,0.9999043851564047
890434,0.9190675734075306
890435,0.5164690051733551
890436,0.05461748922047559
890437,0.16994723341403445
890438,0.9996716249776049
890439,0.9954833023905811
890440,0.9999852156895828
890441,0.9997023513632951
890442,0.9715168282054727
890443,0.02227305335913206
890444,0.9802826352273362
890445,0.9187410960837316
890446,0.9647471354685885
890447,0.9998447059975473
890448,0.9996142643591107
890449,0.6425755295302107
890450,0.5566475403334011
890451,0.6965341899614486
890452,0.982928051687778
890453,0.9792005828908711
890454,0.5488210843587116
890455,0.9634077995244861
890456,0.05143304567602451
890457,0.12035698089808386
890458,0.9825899732153901
890459,0.9384112485955707
890460,0.9941343290452529
890461,0.5559074255639357
890462,0.999983251256967
890463,0.9512452643590373
890464,0.9999039789865849
890465,0.9622644090703689
890466,0.17633556204152961
890467,0.5494623957175226
890468,0.9834292402395408
890469,0.9960588901348013
890470,0.9977491807542695
890471,0.9962376123045674
890472,0.999080755750817
890473,0.17172909919431445
890474,0.9998019556932836
890475,0.9993505479191764
890476,0.9996694689573953
890477,0.9994897919513073
890478,0.9958130056719958
890479,0.999764347330591
890480,0.17934469103204728
890481,0.5927445252719407
890482,0.6437620678663588
890483,0.9999307218877038
890484,0.9998492924499995
890485,0.9997275950834635
890486,0.3504106013037872
890487,0.044024503586059256
890488,0.779434827302058
890489,0.09478811970793369
890490,0.7228119119291296
890491,0.999196240029551
890492,0.9668049674748365
890493,0.9998706790506329
890494,0.9802018611717425
890495,0.012559446984479625
890496,0.97192555947499
890497,0.14651224240506652
890498,0.9952651454375999
890499,0.01812534233676995
890500,0.9999205939231761
890501,0.40591183265665
890502,0.005790988165839475
890503,0.981651691949571
890504,0.9118207399635292
890505,0.9997492961494303
890506,0.9998933136620254
890507,0.9741273439584341
890508,0.06191127454629532
890509,0.600761035978369
890510,0.7066210318959645
890511,0.9911284039119493
890512,0.9997147571727567
890513,0.9971784291286515
890514,0.7428795945887907
890515,0.15866444921008704
890516,0.9999085318810843
890517,0.18143822986718544
890518,0.9027230408273603
890519,0.8748646761198917
890520,0.5698819306275238
890521,0.06152989206888883
890522,0.9997273051477441
890523,0.04570535097616897
890524,0.1738711732303079
890525,0.1877317340588706
890526,0.9999947489227917
890527,0.6371982674112798
890528,0.7277045418511873
890529,0.9997133260474745
890530,0.18541514394844805
890531,0.98215819731615
890532,0.9937467537711975
890533,0.8912500173546867
890534,0.9741738293684674
890535,0.9998951705648536
890536,0.9997013785836327
890537,0.7720266687304285
890538,0.8524088286796493
890539,0.9998786246005413
890540,0.133902666071119
890541,0.9999711167781384
890542,0.2584693384014373
890543,0.9997785302946489
890544,0.9997412561910224
890545,0.9995982932920879
890546,0.9597055672376571
890547,0.9990275936235287
890548,0.999987628090041
890549,0.99907099654231
890550,0.9276677015578185
890551,0.2125428730716098
890552,0.9130674784051154
890553,0.9991481004308141
890554,0.3816291299548038
890555,0.9994263750725616
890556,0.9987931867486123
890557,0.737938842924605
890558,0.9749757813804507
890559,0.06196413640373721
890560,0.5671384257612379
890561,0.9965781494754081
890562,0.9996686628328673
890563,0.9843806431368081
890564,0.7272736959603541
890565,0.006009726685054968
890566,0.0139573108727325
890567,0.625108543139224
890568,0.9996094930420172
890569,0.21145238241967113
890570,0.8016245649650592
890571,0.10776128213192217
890572,0.9986503924659426
890573,0.9222141963455553
890574,0.909608992528026
890575,0.7165625055299201
890576,0.030547109448049753
890577,0.9620167527377534
890578,0.13389666630693461
890579,0.9998177986008832
890580,0.8704112416007375
890581,0.6470353017385885
890582,0.2063423137420582
890583,0.9861976895041253
890584,0.9958176221805338
890585,0.9998796482743981
890586,0.9991816800484096
890587,0.44059004046483047
890588,0.9430936163748473
890589,0.9993237984258769
890590,0.9959202090754364
890591,0.9966407423922528
890592,0.9997788806939276
890593,0.6706203558273751
890594,0.997234912922359
890595,0.8268732591788839
890596,0.8931675256487597
890597,0.4143799049480078
890598,0.9440907882368846
890599,0.43405208433025866
890600,0.08141514730044097
890601,0.9995146769266925
890602,0.9999017798273326
890603,0.6011103472788066
890604,0.05867869960555445
890605,0.9949298073782535
890606,0.9998358728331169
890607,0.9475719581148524
890608,0.999937434235534
890609,0.9997498957674669
890610,0.968517228589937
890611,0.3367409026927275
890612,0.8438923847086838
890613,0.12257060034433045
890614,0.9998400438403241
890615,0.9962360235542498
890616,0.914575727041087
890617,0.4235220193324987
890618,0.9998073630075678
890619,0.99925965312551
890620,0.6510879970890475
890621,0.7278445291808912
890622,0.9878162323918296
890623,0.9997855892786449
890624,0.9650772801752994
890625,0.9999310604278453
890626,0.9961557032026689
890627,0.999224055871182
890628,0.9706261789084505
890629,0.3831749356480571
890630,0.9990166889010029
890631,0.9997984584387558
890632,0.6335123347171767
890633,0.43156298636901574
890634,0.9275985805184013
890635,0.13886046490432405
890636,0.8403504604207315
890637,0.9983529847490116
890638,0.997998220245051
890639,0.9999634361072957
890640,0.95726718848729
890641,0.999394530129342
890642,0.23294051031052915
890643,0.9807946732593731
890644,0.9996911758723409
890645,0.9974102020922775
890646,0.4742575348428642
890647,0.4612688283869556
890648,0.9996461064532165
890649,0.999854617510712
890650,0.28015498426251806
890651,0.963628647984792
890652,0.06624513992511082
890653,0.9999940780218688
890654,0.9998250584677423
890655,0.999964263022787
890656,0.019466709458404733
890657,0.9987930041908979
890658,0.9826248603864498
890659,0.9999033580462451
890660,0.9946119016251207
890661,0.13889334772002943
890662,0.3996645182886781
890663,0.07640506210998095
890664,0.9990650803117296
890665,0.3697776540713752
890666,0.011551671852763639
890667,0.12579885492044215
890668,0.9999048700956829
890669,0.9995908428168566
890670,0.2284509940988963
890671,0.9985721055170316
890672,0.012336371234893824
890673,0.9987106014350604
890674,0.9998392461822379
890675,0.9912149802961286
890676,0.7658444049758109
890677,0.4801613133150986
890678,0.043817674784333877
890679,0.9272525163313036
890680,0.9974055403194144
890681,0.999590477533442
890682,0.43693079086389824
890683,0.9815950759481055
890684,0.9966261953091539
890685,0.9997707908097065
890686,0.9976576963673198
890687,0.24750254104297176
890688,0.35189145290695323
890689,0.11429374874584955
890690,0.9996760749861628
890691,0.9996918869098417
890692,0.9996359668262599
890693,0.9993185346008608
890694,0.9964285670628048
890695,0.9989270193795157
890696,0.9992252626412366
890697,0.29728133589880323
890698,0.9998380205007666
890699,0.5863254561940969
890700,0.999423661631277
890701,0.6559981863370442
890702,0.40622604231575954
890703,0.9976918783302324
890704,0.08095424958145057
890705,0.41981503897256256
890706,0.999832410051605
890707,0.8249682852838018
890708,0.8011876178240548
890709,0.999782813251733
890710,0.00877075022045161
890711,0.9882149342235411
890712,0.6692065173845173
890713,0.9556308760608441
890714,0.9986109982870944
890715,0.9957469414763243
890716,0.3971751115200436
890717,0.6387900565912608
890718,0.25978043129822576
890719,0.37082692890193086
890720,0.976817359943207
890721,0.9422866982383283
890722,0.9999580769857885
890723,0.9999684361392468
890724,0.07242541932818385
890725,0.881122849740361
890726,0.9991908582388338
890727,0.9566772353702694
890728,0.3075481027104715
890729,0.9999633062655933
890730,0.007491402737299589
890731,0.9999624738917406
890732,0.8530066223375409
890733,0.26971548245370947
890734,0.8655311060816093
890735,0.6233964071266511
890736,0.09324618521989979
890737,0.9998892111259833
890738,0.9998086915329112
890739,0.9867726518435758
890740,0.5351425451791267
890741,0.562559867756043
890742,0.9999336624455202
890743,0.9996013713976811
890744,0.9460997675607278
890745,0.999280378652161
890746,0.4666738500229544
890747,0.9998575468492752
890748,0.5528725975588407
890749,0.999488139473713
890750,0.03624383423254217
890751,0.8815837594289775
890752,0.998426350028967
890753,0.9997875245139844
890754,0.9866802691922956
890755,0.23812384832453914
890756,0.016342207915084304
890757,0.11054471597674506
890758,0.9997422187740133
890759,0.013160130533659654
890760,0.9999253132293602
890761,0.9999405403477213
890762,0.9999815520915523
890763,0.7690323718464461
890764,0.9608493672101523
890765,0.999612267104971
890766,0.19135906728456725
890767,0.9975370060730071
890768,0.08507532836925061
890769,0.9435420274768794
890770,0.8986167384448324
890771,0.6459148101498133
890772,0.3052252792241397
890773,0.8927269271875874
890774,0.057600300007121456
890775,0.9980565463855505
890776,0.5487113852844322
890777,0.9998653287343982
890778,0.8819148357217819
890779,0.9995303767550454
890780,0.6302666944387714
890781,0.9868560226755867
890782,0.9999845316223571
890783,0.9995322331683625
890784,0.9992675837722496
890785,0.645980114350351
890786,0.9992221564477128
890787,0.9992754793055623
890788,0.999944600082461
890789,0.8381337303235191
890790,0.9366333378718091
890791,0.9997457004909193
890792,0.9995345775734139
890793,0.039754958267211926
890794,0.019490548410679286
890795,0.9998638073908062
890796,0.9891542156378046
890797,0.9875908677287069
890798,0.9999251982961995
890799,0.7600639256286461
890800,0.9995375739831214
890801,0.20182178552830382
890802,0.009882858584374713
890803,0.9583009024600101
890804,0.9787625304493812
890805,0.7595391410917561
890806,0.8364405552717253
890807,0.999740734179936
890808,0.8495217979474006
890809,0.9995671318734036
890810,0.9884957722745191
890811,0.3736187368903858
890812,0.8180519329709969
890813,0.8295261766129214
890814,0.35956275718741426
890815,0.9923803181653916
890816,0.08099382795880516
890817,0.9961358353032899
890818,0.9905176260404978
890819,0.030300597692053358
890820,0.581322896927858
890821,0.9979121500300987
890822,0.9035860803670832
890823,0.4827099000825018
890824,0.30549735928525423
890825,0.7089498721728182
890826,0.7490760913055471
890827,0.3094337447891468
890828,0.9994917138172512
890829,0.9986973143251345
890830,0.7386078448729542
890831,0.9999719504328053
890832,0.015741757759866127
890833,0.9999483753112661
890834,0.11766445005553199
890835,0.9999537576340446
890836,0.9998248461631882
890837,0.9998962789725803
890838,0.997624440697594
890839,0.9798220455442896
890840,0.1197355694923023
890841,0.9586204554994182
890842,0.9998915885108435
890843,0.996438799600935
890844,0.9360573303486317
890845,0.4709849228482519
890846,0.5755988327799183
890847,0.09826108153400981
890848,0.02767508116693671
890849,0.17705724058697703
890850,0.9990120067618993
890851,0.09243695636590712
890852,0.7135908699707041
890853,0.3656121192819299
890854,0.9793762143711668
890855,0.7419263819512104
890856,0.845809808255134
890857,0.3649571075732445
890858,0.9995470919105478
890859,0.8643494945498547
890860,0.9990744739648272
890861,0.9153189832715184
890862,0.9992185020662516
890863,0.998071025491006
890864,0.25196480252140996
890865,0.7232994335474032
890866,0.9992846820416303
890867,0.9989127988082189
890868,0.9523074231719075
890869,0.04614819170917317
890870,0.9638391508495434
890871,0.8948507727286289
890872,0.9955866665151607
890873,0.267070370271109
890874,0.9995842045015375
890875,0.4493746342544672
890876,0.9994956782090397
890877,0.9996014707139544
890878,0.9996115901751036
890879,0.3151999861165954
890880,0.9998950213936342
890881,0.9930485411234605
890882,0.9981510657648682
890883,0.4013735540681427
890884,0.43472312600551083
890885,0.9792253426034925
890886,0.3466370102056521
890887,0.04247883046591096
890888,0.999831835286364
890889,0.9999399005004102
890890,0.9421192441733639
890891,0.9956324629340854
890892,0.633441441969627
890893,0.4534851490451079
890894,0.9319677993844868
890895,0.9651461329393115
890896,0.680715048569766
890897,0.9995389185889596
890898,0.9993975937859216
890899,0.8846774907099914
890900,0.9551390130545327
890901,0.6210115033921099
890902,0.9944753402965707
890903,0.9995717553752694
890904,0.01914973633316244
890905,0.038848848105771036
890906,0.9481907170984121
890907,0.5837880588420626
890908,0.9998549536489424
890909,0.10286595162435833
890910,0.5687982332904643
890911,0.9529068371995444
890912,0.16523014430564836
890913,0.9978004252930559
890914,0.006720780746716286
890915,0.9999877406387149
890916,0.03680126647077696
890917,0.8644952846258311
890918,0.9928817263906546
890919,0.9959314869415555
890920,0.07184771795586252
890921,0.42649637265478946
890922,0.34851488555740295
890923,0.6954491242117238
890924,0.13004219210149146
890925,0.9999039248090611
890926,0.32218140387532246
890927,0.9993191932026799
890928,0.5617655615193823
890929,0.018878838521325565
890930,0.9948998953627739
890931,0.997316876188627
890932,0.7990894650469055
890933,0.9987271222211428
890934,0.9360616483032207
890935,0.9964622509357618
890936,0.9974565101962736
890937,0.40274437525683227
890938,0.9749735099273811
890939,0.21091897105320503
890940,0.19776996035773775
890941,0.97792923489184
890942,0.9940992665246301
890943,0.0570564514342589
890944,0.04076290113625803
890945,0.8678563591436237
890946,0.9948774843649262
890947,0.9859034607413045
890948,0.9997997852735383
890949,0.05177566684907381
890950,0.6662247187966355
890951,0.004946463627832254
890952,0.3102428109452355
890953,0.9979347191635921
890954,0.024647865876733253
890955,0.2677743806010391
890956,0.9999562373760277
890957,0.9983500956180474
890958,0.5363515297529469
890959,0.4504463988553391
890960,0.9974909627716175
890961,0.9982733029221487
890962,0.9998989720494602
890963,0.2958326572666531
890964,0.4968670856869782
890965,0.9998445264661135
890966,0.9902931805337964
890967,0.9943237799811633
890968,0.999905096636057
890969,0.9240214043586941
890970,0.49338726534063104
890971,0.9997011788330437
890972,0.9687012239763803
890973,0.9973239434719404
890974,0.9994578190125626
890975,0.7189007354586332
890976,0.9807860320754918
890977,0.05215226068512683
890978,0.9738732057852109
890979,0.19974886974621103
890980,0.9998770393530254
890981,0.043145446897489774
890982,0.8743113028135325
890983,0.9622496953692283
890984,0.9997367042595742
890985,0.994111000701616
890986,0.9984786465227915
890987,0.9999855009371613
890988,0.02419835088751655
890989,0.8484218060437227
890990,0.8285253242591515
890991,0.9825757489255762
890992,0.4790029403311362
890993,0.364617024638458
890994,0.18154688736984054
890995,0.9996132435990316
890996,0.848348050783224
890997,0.9998361702305179
890998,0.9445256150878953
890999,0.6062719941965613
891000,0.8864639087233233
891001,0.9996929560840422
891002,0.9840947183249992
891003,0.9999775984870649
891004,0.3899079111529241
891005,0.05097809049831081
891006,0.6632524060252821
891007,0.9998426632947457
891008,0.999958968987906
891009,0.9974660972714888
891010,0.9063117879288531
891011,0.0213969355269881
891012,0.5450774218068074
891013,0.9947229133031257
891014,0.9995609521336881
891015,0.9832859690250182
891016,0.9982532602079983
891017,0.9997875965471861
891018,0.4678578544912124
891019,0.537894615936233
891020,0.27377708167929526
891021,0.4970341733919801
891022,0.9058810869673337
891023,0.9768754888487488
891024,0.9098665667715302
891025,0.9999213034604439
891026,0.979402052242794
891027,0.8059363374996312
891028,0.2810263314672686
891029,0.9991606644140498
891030,0.731121106063923
891031,0.9999341135624004
891032,0.9998627487454013
891033,0.8669662621521723
891034,0.770213422976081
891035,0.009687477014595533
891036,0.025251214208338785
891037,0.9999402179688286
891038,0.9981740004417059
891039,0.4457104463468319
891040,0.9940783831765143
891041,0.9999136727929842
891042,0.9996916402361394
891043,0.9998091555631243
891044,0.9998650158423638
891045,0.9999583855938785
891046,0.19372330276051808
891047,0.15593805938284722
891048,0.091670970504368
891049,0.9997702928290697
891050,0.889534001815836
891051,0.999237170368005
891052,0.9999348698534075
891053,0.9481129043495103
891054,0.9997808705459916
891055,0.9742375651154316
891056,0.22579912082762707
891057,0.9049788422235006
891058,0.6409318648480047
891059,0.5809399526476349
891060,0.9998296135790234
891061,0.9986653129421651
891062,0.5729369923273218
891063,0.033579231027248774
891064,0.9667531767036442
891065,0.6810001268941827
891066,0.9396948893663238
891067,0.3805023532069922
891068,0.3992845363383497
891069,0.16258029153401846
891070,0.22102341488229857
891071,0.9904141506381214
891072,0.8635373655665768
891073,0.9997760483855039
891074,0.922647613416658
891075,0.9999509674681644
891076,0.9978766856194126
891077,0.9932578518304891
891078,0.9995488701615232
891079,0.4972163583648399
891080,0.9997399253688051
891081,0.9999808422330045
891082,0.016876553984231872
891083,0.697566873543443
891084,0.6101777605846124
891085,0.9996809407346527
891086,0.639259669167763
891087,0.0028904642177407444
891088,0.9998057797943425
891089,0.9999935882979758
891090,0.612657233396677
891091,0.06997689150201741
891092,0.39972551651007954
891093,0.999918431187259
891094,0.9999624807667185
891095,0.2925118556434887
891096,0.9998974331164863
891097,0.9769804608090651
891098,0.9727187020836334
891099,0.9999791613920983
891100,0.7161601017441042
891101,0.42632900972603693
891102,0.9031910058030967
891103,0.442583160053355
891104,0.9962657592758093
891105,0.5745563991305698
891106,0.021060398044619694
891107,0.004432860744203133
891108,0.799938241563298
891109,0.46855171914867916
891110,0.0036504795495778063
891111,0.1306243727303636
891112,0.18798341364954904
891113,0.9956679818375264
891114,0.4155437385186825
891115,0.9236773174290275
891116,0.35850082644649894
891117,0.03244647355204377
891118,0.9998790818351764
891119,0.46691205154473914
891120,0.23067442766448026
891121,0.8707941840832815
891122,0.9800978615016303
891123,0.9841841897331602
891124,0.038781139660369064
891125,0.500127951031522
891126,0.8211410640476848
891127,0.9978424225403912
891128,0.9999428191744851
891129,0.8909774958120784
891130,0.6471661753700246
891131,0.314865246908083
891132,0.9397187092021314
891133,0.8214724536388691
891134,0.04360874012963079
891135,0.9999797072624758
891136,0.02707333986749298
891137,0.5498923811176534
891138,0.0011313751111901554
891139,0.9999874023340378
891140,0.9999147904646841
891141,0.9601595773861742
891142,0.9978627575073042
891143,0.2890190905956429
891144,0.9878916449710554
891145,0.9995987063354814
891146,0.47391899096721435
891147,0.9999042883313918
891148,0.9988232033119041
891149,0.9999130734389946
891150,0.18728032365138164
891151,0.9994964742716833
891152,0.8694469837505407
891153,0.9999625053979511
891154,0.537036155610084
891155,0.9863818539034042
891156,0.5887314272582593
891157,0.6277559422174481
891158,0.42518508557136714
891159,0.6596394727513292
891160,0.03300339170015592
891161,0.0853522346752366
891162,0.030660822690107444
891163,0.7941261036328569
891164,0.9291975898085854
891165,0.9997755028758668
891166,0.9998454803640211
891167,0.9915738572765814
891168,0.9990796488565956
891169,0.5782795864246142
891170,0.8882855697076095
891171,0.06003273348854238
891172,0.30326035240183297
891173,0.6963057010037762
891174,0.31366662355544245
891175,0.8890672683884533
891176,0.0659400719181457
891177,0.9789426151004588
891178,0.9946767165228274
891179,0.8845678608693264
891180,0.977441059326179
891181,0.9224670952220995
891182,0.9160365917827876
891183,0.7789152786919051
891184,0.9883466399941663
891185,0.6702054191294041
891186,0.9946503163714122
891187,0.7583451931679299
891188,0.00703960622260223
891189,0.9496359800210665
891190,0.9952956544989301
891191,0.06812510181911938
891192,0.42878594984710217
891193,0.9237471875654066
891194,0.08830661205137622
891195,0.6202554825120284
891196,0.8237144222801493
891197,0.9989074344098144
891198,0.9991500868036218
891199,0.4233988596781457
891200,0.9746068241595361
891201,0.008873458352670565
891202,0.9481134893695478
891203,0.5620539974928096
891204,0.5873904062196295
891205,0.8984334248104863
891206,0.9994422765389059
891207,0.1562593923718676
891208,0.003924077686355334
891209,0.999835985047473
891210,0.9859120274961177
891211,0.997964688374898
891212,0.3273177564659864
891213,0.9041625835789058
891214,0.9892688795527447
891215,0.9801723613790967
891216,0.9149190742475826
891217,0.0645453152807776
891218,0.9860612186041066
891219,0.2583048806044497
891220,0.9895543273991998
891221,0.9830915215323743
891222,0.843728301804943
891223,0.6319720198962965
891224,0.9990019230873062
891225,0.949524794150906
891226,0.9999264670157426
891227,0.18399406519438627
891228,0.9863538028533745
891229,0.999387012025474
891230,0.9995842600069864
891231,0.8562028615380393
891232,0.9996404244897368
891233,0.33234998082480216
891234,0.9991494736782645
891235,0.22417329985050993
891236,0.03651256759308366
891237,0.9985186760003171
891238,0.5734095361115681
891239,0.999465793258512
891240,0.48220079241387287
891241,0.9998900816900702
891242,0.9996535081523643
891243,0.4805844754532115
891244,0.718055571608051
891245,0.7895366323326306
891246,0.7429616092718239
891247,0.20935888287876941
891248,0.9990346677514719
891249,0.9984458007851637
891250,0.9998993620609414
891251,0.47203905688465775
891252,0.9932691694162745
891253,0.8920649775445721
891254,0.9999851373215354
891255,0.9991849110628169
891256,0.4782093138146116
891257,0.04612920079626211
891258,0.9997783155131509
891259,0.9962630971118576
891260,0.9997683900169905
891261,0.3132389410949836
891262,0.9544278621977578
891263,0.999876521566772
891264,0.999466655206598
891265,0.9976673757963199
891266,0.6237981426124825
891267,0.9965042850056696
891268,0.9998129276537725
891269,0.9999698196362441
891270,0.9964352896060253
891271,0.09275844653333909
891272,0.00987563194516581
891273,0.5288116377919551
891274,0.9985337242113266
891275,0.9998767788598103
891276,0.014535920818935778
891277,0.9999648871435858
891278,0.7309042837708617
891279,0.9992601299923407
891280,0.11537165245556552
891281,0.2299592281848461
891282,0.9638826517421031
891283,0.4098974399190761
891284,0.9658232308677264
891285,0.11900228344159837
891286,0.3706774524013479
891287,0.9987326815961461
891288,0.9474938017813139
891289,0.8675648000584976
891290,0.1964488343616687
891291,0.9662722528256972
891292,0.6432440849430643
891293,0.05901407812585374
891294,0.725819213388539
891295,0.026123522828856792
891296,0.9797946908641881
891297,0.9389242296375988
891298,0.9999664688054944
891299,0.9859251796734356
891300,0.9785088644875723
891301,0.7299224969760639
891302,0.3487620828628809
891303,0.1722685849665794
891304,0.5555138967712313
891305,0.7732073832506455
891306,0.9468154023376363
891307,0.992382641786407
891308,0.2706021781750571
891309,0.21685345186558858
891310,0.7664509152645507
891311,0.4938939010544279
891312,0.9217838219857342
891313,0.04811864124159366
891314,0.9970290400009666
891315,0.9991104591075681
891316,0.9571106459511917
891317,0.9774545009495381
891318,0.9991699191517445
891319,0.5105938925061192
891320,0.9997073993336052
891321,0.02892397542810321
891322,0.9999049724489917
891323,0.3056562514503526
891324,0.9997615269416116
891325,0.01844351812603933
891326,0.9803620615896456
891327,0.9999145005374687
891328,0.8609053987520564
891329,0.3639345127030895
891330,0.2575905816383487
891331,0.9993755608308208
891332,0.35777874895430495
891333,0.0011671844553958078
891334,0.3540424957035079
891335,0.574340224259546
891336,0.995232372458235
891337,0.6179534609128045
891338,0.9998547558695725
891339,0.3880801060558071
891340,0.8921090730895529
891341,0.23684379635608957
891342,0.9767439069642017
891343,0.9997570229631146
891344,0.5598760681232398
891345,0.9994293180823406
891346,0.9998227287853607
891347,0.9998103553313165
891348,0.967968942388233
891349,0.3776047552345351
891350,0.06280834668704077
891351,0.1815791656453827
891352,0.9396863633954233
891353,0.9998412845381295
891354,0.9999967980579716
891355,0.9454551679040978
891356,0.6062485837318741
891357,0.6675408607226392
891358,0.9886068589779113
891359,0.07437814478041045
891360,0.9347188818326347
891361,0.9571614097713635
891362,0.9239587629475757
891363,0.9999054174441426
891364,0.9999472984589399
891365,0.8784580069591499
891366,0.014602643425054572
891367,0.5288771346221038
891368,0.9983113362159728
891369,0.9932734706834898
891370,0.10122576898652265
891371,0.88646160161325
891372,0.7236624313303293
891373,0.999767187936161
891374,0.8977279319360849
891375,0.2194466220858965
891376,0.7115309144296664
891377,0.9989950709655548
891378,0.6505001490210416
891379,0.9901820178182626
891380,0.3762592338572702
891381,0.2594084778033533
891382,0.6533641703736306
891383,0.5861115955930806
891384,0.9019479112371555
891385,0.9983845836658513
891386,0.9985598935769959
891387,0.9995861834163863
891388,0.9559019529352135
891389,0.9874566628760463
891390,0.9536349905301182
891391,0.988368047472165
891392,0.9981588723727102
891393,0.8968634390563985
891394,0.981540791860985
891395,0.31345585981141694
891396,0.008018369771633237
891397,0.999866714668914
891398,0.7592654746540887
891399,0.8767105294865897
891400,0.9962072001242313
891401,0.9999242339860753
891402,0.24726783550039969
891403,0.9996184060762558
891404,0.9984477589535143
891405,0.06428073759812564
891406,0.04264760578743993
891407,0.9980658664772057
891408,0.4084951221388708
891409,0.9892882298693598
891410,0.8069293101237385
891411,0.9990003192239028
891412,0.9991025003420617
891413,0.9891624248041451
891414,0.9994589047985165
891415,0.999972014740667
891416,0.9979257069474934
891417,0.8429680306170985
891418,0.9968855977999929
891419,0.9998447097347005
891420,0.9980218124109206
891421,0.5833261525257359
891422,0.9571210595529624
891423,0.7232346642291051
891424,0.4202391001410571
891425,0.9395016286849672
891426,0.9957296902790538
891427,0.9997432340256174
891428,0.9997590984484774
891429,0.9998505908981586
891430,0.9842149620185139
891431,0.9511978235705869
891432,0.9985501080488767
891433,0.9337623173110823
891434,0.9997006729697995
891435,0.10814007248332831
891436,0.9972853915722886
891437,0.2869640254664383
891438,0.9997950876153334
891439,0.9997677075641792
891440,0.019379114120967614
891441,0.7505337989860332
891442,0.15527636745982715
891443,0.2030220781743609
891444,0.9957351711072573
891445,0.8030795550646519
891446,0.5991635129338096
891447,0.9995763379598452
891448,0.005875080026301131
891449,0.9614639506617175
891450,0.7213475211256262
891451,0.9943537378812168
891452,0.5562648768888195
891453,0.9998799180758046
891454,0.013562527061863103
891455,0.994907044594703
891456,0.22983681066950984
891457,0.9971181891410267
891458,0.9998743431414441
891459,0.9595158991174254
891460,0.9997962307505124
891461,0.9841462059749341
891462,0.30517682077289954
891463,0.9981886419696093
891464,0.3451906344455418
891465,0.9995508367353728
891466,0.9996796073066286
891467,0.6743651564221756
891468,0.7947294549602196
891469,0.9985313761813306
891470,0.9997550521314243
891471,0.06955870694767721
891472,0.9999599623271885
891473,0.9964571923170373
891474,0.1313125423805007
891475,0.037862136494611925
891476,0.999723339139869
891477,0.9627730812144685
891478,0.9989848393512796
891479,0.829723398535037
891480,0.3228037449764264
891481,0.05838090323594909
891482,0.999991976441025
891483,0.9883451344177833
891484,0.9996287800956603
891485,0.9593007300443899
891486,0.9998265075944088
891487,0.9069067179195726
891488,0.2809408740457892
891489,0.4459762012105509
891490,0.3731082153894466
891491,0.9998559132013478
891492,0.9996460960612316
891493,0.9990227171440752
891494,0.9920293782385374
891495,0.9998634268096949
891496,0.9995366298855202
891497,0.9998960595870805
891498,0.9999928127192841
891499,0.9901866610433866
891500,0.8153355975030219
891501,0.9999305772654974
891502,0.8700090997069623
891503,0.7643933976364112
891504,0.23175691837289383
891505,0.975399001597379
891506,0.9865093763983706
891507,0.03720777044007806
891508,0.4631526776712189
891509,0.6884490028307078
891510,0.9999814531475273
891511,0.9985949432423948
891512,0.9817903974578799
891513,0.9994920938711469
891514,0.20313269644818316
891515,0.9858908194429354
891516,0.6197315864947642
891517,0.9991532051466729
891518,0.9999460986080584
891519,0.9469165418268022
891520,0.9997135994105852
891521,0.2868669999029
891522,0.9999896070212722
891523,0.051768695659469635
891524,0.9632737640967626
891525,0.9171228515139066
891526,0.9986605289013559
891527,0.05973770206978486
891528,0.00948841383660921
891529,0.08236386968157197
891530,0.9996467648177563
891531,0.9998791372354365
891532,0.10551432080446982
891533,0.018004300558719804
891534,0.17315790808111065
891535,0.4383103083598605
891536,0.9999936380627937
891537,0.994874498728963
891538,0.6861506317188675
891539,0.41176691204157
891540,0.6674761173483305
891541,0.39164490628244353
891542,0.6175026845462034
891543,0.9999434011513424
891544,0.9998840015559316
891545,0.6999891023223349
891546,0.9904651398725044
891547,0.9995051634517689
891548,0.7409295696895589
891549,0.9121418986404836
891550,0.864597570685833
891551,0.9917454239396036
891552,0.9997418257211699
891553,0.560198152920858
891554,0.9797231189798243
891555,0.9999733804352217
891556,0.9982740696209511
891557,0.9885183911092924
891558,0.024535674667876314
891559,0.006830854352788694
891560,0.9865651189383952
891561,0.0764595702029822
891562,0.966743157259502
891563,0.9982192360679574
891564,0.18615586707826787
891565,0.9986644471812742
891566,0.047640270865658384
891567,0.9985432291310481
891568,0.995993049156021
891569,0.9997699025293487
891570,0.9998382981913136
891571,0.9998255100452224
891572,0.9998673028090802
891573,0.992458663518464
891574,0.9982652996107833
891575,0.9975094269713916
891576,0.6895041593015713
891577,0.9992903815686375
891578,0.9988612939195576
891579,0.9999818790672962
891580,0.4641149403102598
891581,0.99952172928199
891582,0.925576604955074
891583,0.7627229217554565
891584,0.013631372268355068
891585,0.9998350590140815
891586,0.013993695521682715
891587,0.9997071127815035
891588,0.9937229516615829
891589,0.2662118300124014
891590,0.927818336391794
891591,0.04903921246317572
891592,0.9948416341606887
891593,0.9451840169403888
891594,0.5399613646513372
891595,0.9994756922152573
891596,0.9045581819173576
891597,0.7290704659707247
891598,0.07166891049754477
891599,0.9850750652550477
891600,0.9995162964865246
891601,0.9998398371106075
891602,0.9974598061899997
891603,0.9935727104275012
891604,0.9999847088177585
891605,0.9990010392930336
891606,0.21843219168541173
891607,0.9968449760310868
891608,0.9009571719306488
891609,0.054263675286098954
891610,0.9934490196517922
891611,0.8394620152641865
891612,0.9172409278961554
891613,0.999428060735867
891614,0.5905716904980556
891615,0.9817890222460244
891616,0.9999290870551838
891617,0.38162701093956714
891618,0.9526920487600707
891619,0.994109145244425
891620,0.14277190495880773
891621,0.9947099964945445
891622,0.10814886455802486
891623,0.08036518771650254
891624,0.9945628761893488
891625,0.006529710011426818
891626,0.9517549840815536
891627,0.8121863863221266
891628,0.20879221971289805
891629,0.9933734650242696
891630,0.9483236218957485
891631,0.9994917732191502
891632,0.9968188884839466
891633,0.9999753876112056
891634,0.4214951829201364
891635,0.87077447470303
891636,0.383660916328596
891637,0.0496577684946506
891638,0.5190346330216081
891639,0.998486096517628
891640,0.608794746032813
891641,0.9992509148726094
891642,0.5952200176075516
891643,0.0998149682525523
891644,0.9992787534786929
891645,0.923477026224494
891646,0.952399207250276
891647,0.3490071155665324
891648,0.8999696476691608
891649,0.9992144904459623
891650,0.048783902497190064
891651,0.21012793326283072
891652,0.9951283850322588
891653,0.9653659687692058
891654,0.16089136430454873
891655,0.9308916046714583
891656,0.39283084431090287
891657,0.9634578025352202
891658,0.9882756602920213
891659,0.09685789258372257
891660,0.8348807457833098
891661,0.9418617326969596
891662,0.10757051705687096
891663,0.9837462235186097
891664,0.9932689359010962
891665,0.5184245700406136
891666,0.9984253735298625
891667,0.014540004093922584
891668,0.9233999462078117
891669,0.9999808440483527
891670,0.1072604471886551
891671,0.9862578335148133
891672,0.9939110669959563
891673,0.9999866903809536
891674,0.8297889195439774
891675,0.9957835641609313
891676,0.59168348128848
891677,0.9996708938196912
891678,0.9914921628929034
891679,0.7853622926449149
891680,0.9251435561469757
891681,0.9967818437973363
891682,0.9714213745117812
891683,0.9999667033864044
891684,0.051799798554110196
891685,0.6927198799328051
891686,0.99966646482267
891687,0.033868152287353945
891688,0.979449089711733
891689,0.993798645454544
891690,0.8361542337794889
891691,0.9980694519010855
891692,0.40151006072103856
891693,0.8643884917738824
891694,0.6429240080912548
891695,0.45028425766708535
891696,0.9789956007623719
891697,0.5156540897417128
891698,0.5123292365185005
891699,0.9997488941470235
891700,0.9951314928740769
891701,0.36130667196694444
891702,0.9917926178729954
891703,0.011768444734059854
891704,0.10169722278067042
891705,0.21602268424553295
891706,0.9975399299828003
891707,0.2924211119352957
891708,0.9999480120410404
891709,0.0305655184467339
891710,0.0016596667736221238
891711,0.9707587949023797
891712,0.7097723708177968
891713,0.9997931270399263
891714,0.9692734687159452
891715,0.9863926726588736
891716,0.7955001586381362
891717,0.8606431716944574
891718,0.29371195363561287
891719,0.2569937047298034
891720,0.6752053218003211
891721,0.2625602454516516
891722,0.780164198804723
891723,0.02006799416841904
891724,0.21673022759412028
891725,0.9943774086418695
891726,0.008829901095849222
891727,0.5660877332146158
891728,0.6626804702774074
891729,0.2981435040016634
891730,0.9987195069311525
891731,0.8568663302614339
891732,0.9971670768541222
891733,0.3642688424236045
891734,0.486395528981692
891735,0.2649603732030159
891736,0.9990540502010202
891737,0.32414151033834043
891738,0.9987379650148254
891739,0.01455875967614458
891740,0.9998817128952399
891741,0.9995527674489556
891742,0.3349848416480885
891743,0.7020461920116725
891744,0.9779451526867069
891745,0.6929999624914416
891746,0.10910754619509871
891747,0.9984914140553063
891748,0.3466969412615871
891749,0.9998187306216186
891750,0.9934309511011202
891751,0.9863824977293545
891752,0.5707518059126665
891753,0.9828074112945062
891754,0.06582962069445139
891755,0.9999419371702395
891756,0.46055676192085315
891757,0.9953230408794335
891758,0.9998535851535348
891759,0.9973810863351604
891760,0.302812917318213
891761,0.9991101783764358
891762,0.9962707848924994
891763,0.0064023112801893205
891764,0.999792941291121
891765,0.01945845265339221
891766,0.01610931150831505
891767,0.9999642815528745
891768,0.986026978500256
891769,0.9990191769554573
891770,0.9997211959940377
891771,0.9998253712630121
891772,0.9986887074483665
891773,0.9092279707311473
891774,0.9999499035476157
891775,0.6180778105934681
891776,0.9999700214578977
891777,0.03301219609309776
891778,0.552624675316642
891779,0.3057370201341645
891780,0.04265003680028768
891781,0.3105857999235279
891782,0.05572099501565035
891783,0.9958253965507806
891784,0.024000602252188502
891785,0.40488568368538724
891786,0.12349714437862011
891787,0.9919379874949885
891788,0.7628403317092627
891789,0.8871757944540556
891790,0.9999831181015829
891791,0.9796018448586665
891792,0.7105548733623207
891793,0.999959757778585
891794,0.21927824318468975
891795,0.9999696725238143
891796,0.9999675981678944
891797,0.6912929069316993
891798,0.25256275118773597
891799,0.9854907627434305
891800,0.011002159606548776
891801,0.03435878403698313
891802,0.4065656700200828
891803,0.9550289750861787
891804,0.007637046852092839
891805,0.5981544570048936
891806,0.5990158428570906
891807,0.8714440169811848
891808,0.9996506310226752
891809,0.6413757829189116
891810,0.8303280161400675
891811,0.9999187385584791
891812,0.8362239174101624
891813,0.9999719202642784
891814,0.7390245608438799
891815,0.06691265869901511
891816,0.0393060626774753
891817,0.6238849030461631
891818,0.9970931001428838
891819,0.05677382985942146
891820,0.999512271904816
891821,0.9973911382759076
891822,0.9999747796372334
891823,0.6062762813911577
891824,0.61604326374274
891825,0.9969345878526189
891826,0.998748172676182
891827,0.9504849653229717
891828,0.10934267630256056
891829,0.9999821127988457
891830,0.9980699601231503
891831,0.9182539318435435
891832,0.9525795291199708
891833,0.9983905408699294
891834,0.999547271092035
891835,0.9549228560768792
891836,0.9997053571799407
891837,0.9999319340134838
891838,0.8941166457884859
891839,0.9996698926136611
891840,0.557150926460492
891841,0.19571311467703204
891842,0.3742684058256869
891843,0.4935422553851487
891844,0.9013011317086267
891845,0.571333307648568
891846,0.9600061926393204
891847,0.7799510746123622
891848,0.9525017951778524
891849,0.2618488431660784
891850,0.9998429023190883
891851,0.39160753806215165
891852,0.8842372384007673
891853,0.9999321530397257
891854,0.9996016360206219
891855,0.9492993909631495
891856,0.0641173767833619
891857,0.0644770119501026
891858,0.999709823359848
891859,0.8446323041742311
891860,0.9842446159447275
891861,0.9998756592739888
891862,0.9875033869420857
891863,0.9927717257422086
891864,0.9080787865636581
891865,0.9710096136910127
891866,0.9994925272554812
891867,0.9999280810607752
891868,0.7793544233775475
891869,0.9989614864911796
891870,0.16172251477841804
891871,0.025545287722791413
891872,0.8601602940681037
891873,0.03839476102766195
891874,0.9998041137974575
891875,0.5623598947933555
891876,0.9997788299246053
891877,0.0496770850943389
891878,0.9959788440205612
891879,0.9854776739802107
891880,0.7477857216842494
891881,0.9999718895211334
891882,0.9998466372842629
891883,0.29526927722008023
891884,0.8885340280093912
891885,0.9988493013609316
891886,0.0028374329938879376
891887,0.9981870642690471
891888,0.9859620485756275
891889,0.06542724153070484
891890,0.9861959665368357
891891,0.9999272044938001
891892,0.9996355505581626
891893,0.9950912944690176
891894,0.9943174874942706
891895,0.9996333818789547
891896,0.09290659385823923
891897,0.999969682575666
891898,0.20104061598960177
891899,0.9984602702719607
891900,0.3577061614830207
891901,0.25507171444246557
891902,0.9964895777840996
891903,0.9897710117193915
891904,0.9983752623062296
891905,0.07935833278201646
891906,0.9948534957348072
891907,0.9992555272280831
891908,0.0288653125438331
891909,0.9999585159403221
891910,0.021716529713012897
891911,0.09832979191681043
891912,0.999977807313631
891913,0.011134676989151333
891914,0.9996483764056547
891915,0.8229227322896959
891916,0.999967432395767
891917,0.9999082952922492
891918,0.9959513994654181
891919,0.7246104036883257
891920,0.9997014103702571
891921,0.8808589201966559
891922,0.9946361152900961
891923,0.9429309749036333
891924,0.9997514353556104
891925,0.8679926355545649
891926,0.5871833564737707
891927,0.19830099067463952
891928,0.9774711329594354
891929,0.14491534725560482
891930,0.9284520848298797
891931,0.03126956281326029
891932,0.9995113272918974
891933,0.9964688491516798
891934,0.9994314993373941
891935,0.11583727565348795
891936,0.4616565276721072
891937,0.24500130157143774
891938,0.08965171916949158
891939,0.058139848156241236
891940,0.4031178269622671
891941,0.8141394988828162
891942,0.1562706642168057
891943,0.16861543867079953
891944,0.9881543564663074
891945,0.7478028954183438
891946,0.3532622696935641
891947,0.9995514378795132
891948,0.35987101266326216
891949,0.9739592554523315
891950,0.00793500507949475
891951,0.9145832301568024
891952,0.999817300718634
891953,0.8232731238769235
891954,0.9998259759673771
891955,0.9982209857469002
891956,0.9963008399679308
891957,0.9992816427811296
891958,0.9969005839387776
891959,0.3726616912252524
891960,0.7720788941748389
891961,0.10853989103237241
891962,0.8418925489274455
891963,0.9941124001340758
891964,0.9871909693032009
891965,0.9990111907550991
891966,0.14362436543098256
891967,0.9991093384557336
891968,0.003633291222235313
891969,0.9708329399342654
891970,0.26829414691488673
891971,0.8140073889985208
891972,0.999389758583946
891973,0.9923530946935277
891974,0.9992489899405447
891975,0.9999428853910022
891976,0.999042103990226
891977,0.7230093157840451
891978,0.848055741010967
891979,0.08611088271748198
891980,0.9999072508776323
891981,0.8234773196494356
891982,0.5551526889311589
891983,0.10817100401726877
891984,0.999953321643484
891985,0.32862842438614737
891986,0.8848475456338215
891987,0.028389022134695158
891988,0.8803978615772576
891989,0.9966264034837164
891990,0.9735491608806024
891991,0.13979631477167628
891992,0.3501650488445974
891993,0.9998482073105157
891994,0.9998826887665357
891995,0.9999420297327933
891996,0.9999977527323365
891997,0.015630597402404352
891998,0.9999414550116341
891999,0.06421629017724789
892000,0.9139126668622153
892001,0.9110471416651593
892002,0.9902575571501578
892003,0.9997592860079514
892004,0.08850942742526866
892005,0.9999895100946563
892006,0.9997353169847978
892007,0.9907132285828033
892008,0.9347403795733102
892009,0.8661581324897478
892010,0.045856635035047916
892011,0.4085241497604397
892012,0.9091439724436361
892013,0.9352930826338899
892014,0.999938876898559
892015,0.9517085379384511
892016,0.9958177168702398
892017,0.852461722691657
892018,0.949883709341255
892019,0.9993535387678534
892020,0.9997739839295108
892021,0.1394285605770991
892022,0.9997678887658188
892023,0.998030422330511
892024,0.9986583138237125
892025,0.9978471126335178
892026,0.5625140867511423
892027,0.270689096232593
892028,0.999884521468159
892029,0.9736528238140336
892030,0.9998098734651368
892031,0.9989512337866704
892032,0.9954227009628831
892033,0.999400770851981
892034,0.37245241904354387
892035,0.005969199767559129
892036,0.11627978928009142
892037,0.994026273997465
892038,0.7439893575416314
892039,0.9998844392446187
892040,0.4207880157128233
892041,0.9831293904297309
892042,0.9704886206387467
892043,0.9640276493894777
892044,0.9967823651010506
892045,0.9999119051744201
892046,0.009604285441485188
892047,0.009595340606206367
892048,0.20242596257254517
892049,0.9933096017242835
892050,0.08454378267217283
892051,0.021679956378988417
892052,0.7451012045998661
892053,0.9998557874465229
892054,0.1548669335050044
892055,0.07796126787892688
892056,0.999991224002092
892057,0.8024591351094826
892058,0.24051741257216616
892059,0.8149364198416245
892060,0.9970933960732948
892061,0.7222887670351898
892062,0.987347182131388
892063,0.9914551239267877
892064,0.7753050910340097
892065,0.5099715625745943
892066,0.48538830726629123
892067,0.9746643660423819
892068,0.9992902118311144
892069,0.9164512573862903
892070,0.999672677350129
892071,0.060723933064727634
892072,0.9984635833800138
892073,0.9846678537491977
892074,0.15063227344031918
892075,0.9900368532677082
892076,0.785292338124923
892077,0.9983653904749225
892078,0.9976972565552542
892079,0.10277720567567653
892080,0.6468315156993758
892081,0.9150479529399296
892082,0.48050542984446093
892083,0.9816109553415967
892084,0.9815746813096181
892085,0.9999139952721625
892086,0.8743507923934435
892087,0.9936578824694955
892088,0.49277500690145803
892089,0.5286195050751162
892090,0.9998543319824343
892091,0.04588627746834144
892092,0.9995319341643968
892093,0.9990893728679842
892094,0.9998807140102948
892095,0.998039160834157
892096,0.6465629658612575
892097,0.9998489854880279
892098,0.1299216648498646
892099,0.9988660094977952
892100,0.9997180673586894
892101,0.888411966538135
892102,0.9937498929460564
892103,0.9999423892272664
892104,0.9999719812138517
892105,0.9981588717357759
892106,0.9953761400714696
892107,0.9834947015379707
892108,0.6212531689726318
892109,0.9990248603535483
892110,0.16346768009494247
892111,0.999654738702189
892112,0.8853838933543752
892113,0.5733839285687283
892114,0.9845167830534562
892115,0.8028381759673868
892116,0.9936280866945872
892117,0.6546683058048754
892118,0.9970849046185001
892119,0.9998534980618599
892120,0.9350754723956014
892121,0.4028147042290985
892122,0.9954979913625885
892123,0.044686535693107765
892124,0.08116666242268347
892125,0.9987425831764685
892126,0.7865958003793063
892127,0.9998050742592735
892128,0.9999643076913755
892129,0.9911816123815222
892130,0.999789187286537
892131,0.9986669261985422
892132,0.04386161968444334
892133,0.15949811522488996
892134,0.29500376054679844
892135,0.9864481148335715
892136,0.5936399106484573
892137,0.9899266384109728
892138,0.43292714397763443
892139,0.3836448032441703
892140,0.9985329509266405
892141,0.9969093105543207
892142,0.9998122219939984
892143,0.9141843091626997
892144,0.9999231170361773
892145,0.12057198732599222
892146,0.999963313067761
892147,0.811323311740132
892148,0.9999800022069987
892149,0.9980559412729133
892150,0.9844767094750633
892151,0.11104790537205658
892152,0.9998280082505537
892153,0.9753758878139072
892154,0.9548253330441803
892155,0.9918379968045463
892156,0.9999914802053989
892157,0.9224627075412506
892158,0.9998559223541426
892159,0.9944517262201287
892160,0.9999516786158742
892161,0.9999837411655479
892162,0.999799447603456
892163,0.10482187660514655
892164,0.9069501621361298
892165,0.92844564638242
892166,0.9996132432761108
892167,0.9999423612656521
892168,0.9999606801433276
892169,0.6494217984845194
892170,0.9993230372300637
892171,0.9574574538316065
892172,0.9983553215451539
892173,0.9447068878349283
892174,0.9881723816104155
892175,0.9994007541666032
892176,0.9997550524115515
892177,0.9992810110526932
892178,0.18399579722520956
892179,0.9892336969238296
892180,0.9996485373227904
892181,0.9957620365158246
892182,0.8980927072014786
892183,0.33551212612931725
892184,0.9997373673862131
892185,0.20279309052368621
892186,0.9987290889906428
892187,0.9999282733290458
892188,0.9935876490983083
892189,0.8045426856030589
892190,0.010122555404618322
892191,0.9947773758258697
892192,0.9999948067013842
892193,0.9924407946714286
892194,0.11519330824332075
892195,0.9661786694976526
892196,0.4650976463725788
892197,0.006788609824101148
892198,0.9653696823804296
892199,0.9989534370333364
892200,0.996480042800621
892201,0.7195305787174597
892202,0.059009375852793707
892203,0.9922455081443433
892204,0.964953111190574
892205,0.9998776965435977
892206,0.8757174526242046
892207,0.9955294680315112
892208,0.9985144279712603
892209,0.5007314255387476
892210,0.33697087563894207
892211,0.6817289810024164
892212,0.9424097684841654
892213,0.07731797351621009
892214,0.9143681434316426
892215,0.025136874441427343
892216,0.9992855723227789
892217,0.24267487987014216
892218,0.9997606004966813
892219,0.9924413250477728
892220,0.9993767953302104
892221,0.5948977502054759
892222,0.6565425071385025
892223,0.02852439421797173
892224,0.9999757878369352
892225,0.9996457892028311
892226,0.9921869237089268
892227,0.9997013077738482
892228,0.38060636420653304
892229,0.4967597870796805
892230,0.9991532412282551
892231,0.9995733843057137
892232,0.9999114252511475
892233,0.2737597162374129
892234,0.08706717531174249
892235,0.002197895366364812
892236,0.9999759916046943
892237,0.9051263124530196
892238,0.9689304443573672
892239,0.9968445910025941
892240,0.9120802758245112
892241,0.9917715269466261
892242,0.9993840964710299
892243,0.8699627747803566
892244,0.9773592421898591
892245,0.5904493928139284
892246,0.060289789878764155
892247,0.9981895074171704
892248,0.9577020238886554
892249,0.15591166434441892
892250,0.9965386201056404
892251,0.9993173841600964
892252,0.08029634050911846
892253,0.9574815141221975
892254,0.9752160908201892
892255,0.9675638058278238
892256,0.6494670003691229
892257,0.07275051380492677
892258,0.9997018247223245
892259,0.9996460616756508
892260,0.5988927302582622
892261,0.3706419284875311
892262,0.9645841288562695
892263,0.3047830059914104
892264,0.995389628862217
892265,0.9967381857487403
892266,0.025738073583585305
892267,0.872669110580865
892268,0.997015892181915
892269,0.799223433152434
892270,0.9975948646972199
892271,0.42073110974031114
892272,0.7681165378388596
892273,0.911049101665095
892274,0.8537170446545528
892275,0.9999827159956172
892276,0.914943833388519
892277,0.004613771922925104
892278,0.012457642032188382
892279,0.018540758361570372
892280,0.9933288972545671
892281,0.9996606992091368
892282,0.8570300909123715
892283,0.9960189737716924
892284,0.999746694112376
892285,0.7633267364990666
892286,0.27370311591519114
892287,0.9999237969256942
892288,0.8350551218262234
892289,0.9995417500991881
892290,0.9999212738500757
892291,0.9956519376667913
892292,0.3779854073313305
892293,0.9989270774855314
892294,0.028268951708062248
892295,0.9976086277241051
892296,0.8528140062040496
892297,0.9958693151918752
892298,0.016792310836858462
892299,0.12516530538310885
892300,0.9957979114461029
892301,0.39525973109725754
892302,0.5559338330940211
892303,0.9973686546339781
892304,0.07772539620743796
892305,0.6655649955574136
892306,0.9987516490277766
892307,0.9782560807436531
892308,0.9997709954787646
892309,0.9951241621408038
892310,0.8809007811607821
892311,0.9997505869687928
892312,0.9886708475144674
892313,0.9982581427955176
892314,0.4599282885280606
892315,0.04225366238174768
892316,0.9946864400970815
892317,0.9999592004640442
892318,0.5086383912733902
892319,0.6020753395667013
892320,0.5351846079857969
892321,0.9199977342868628
892322,0.9986276080950198
892323,0.9924334865997901
892324,0.8579664862149472
892325,0.9998847515480921
892326,0.8521813866550718
892327,0.463743433452804
892328,0.9977313812777869
892329,0.1477651028019319
892330,0.48848660706490377
892331,0.9999235091815851
892332,0.9998814530843914
892333,0.9950631045535387
892334,0.9007013479546601
892335,0.6542778911884923
892336,0.2122631067637913
892337,0.9970281690642674
892338,0.9396796521257917
892339,0.9386289810897612
892340,0.7970472224412611
892341,0.9995253722527324
892342,0.9998872115306634
892343,0.13826245977488966
892344,0.048674863668486015
892345,0.5699080805790533
892346,0.9359234595713225
892347,0.11625811305662762
892348,0.9970075315336608
892349,0.029428894856644197
892350,0.9938717260919177
892351,0.9999728580878191
892352,0.5568895065105135
892353,0.9942434016109357
892354,0.9836739274813044
892355,0.9974871959173911
892356,0.6503770500041168
892357,0.9993366361572001
892358,0.12745871966706512
892359,0.14488955507826842
892360,0.9998842191527306
892361,0.9997941140745616
892362,0.8563312114099493
892363,0.9949084455659869
892364,0.9999806482013186
892365,0.9999712137589656
892366,0.8004771918866922
892367,0.8568187427933264
892368,0.8709474281952319
892369,0.9989713267536204
892370,0.5949644937084584
892371,0.5104081969217186
892372,0.05510397415235535
892373,0.9999636034388487
892374,0.9998097048568634
892375,0.6005230801827592
892376,0.1514587065984192
892377,0.7055885028380825
892378,0.9763410487677782
892379,0.9980276882656782
892380,0.9905227584198877
892381,0.0017265774407509704
892382,0.6770756280407519
892383,0.9835452510654297
892384,0.9421524984382081
892385,0.9998661385327888
892386,0.16772943319437675
892387,0.9991400349521645
892388,0.9972578960880375
892389,0.9998486479877413
892390,0.0058881396741107634
892391,0.9972489734387764
892392,0.9357725781628027
892393,0.3712692275632748
892394,0.999964339733663
892395,0.36638099543057756
892396,0.7821063601164842
892397,0.9994303421838935
892398,0.9974449145777217
892399,0.9995473771339671
892400,0.9994756748570727
892401,0.9995440474941633
892402,0.08766551755614407
892403,0.9853089696873739
892404,0.7928012673490145
892405,0.4899754973781698
892406,0.9995897016414904
892407,0.9956983052480339
892408,0.9869766676087521
892409,0.8106498747106103
892410,0.681433137092249
892411,0.9958783605757344
892412,0.9671030749869736
892413,0.9519121877280392
892414,0.010267693457124182
892415,0.7767208299747229
892416,0.9865762548837127
892417,0.9748566142184122
892418,0.4435012702559946
892419,0.9999185178147039
892420,0.44241798498069884
892421,0.9996923902783821
892422,0.9820715460360346
892423,0.999529992057318
892424,0.958325947425211
892425,0.9991286790592654
892426,0.9956386636034895
892427,0.9996953026504196
892428,0.9911997494178603
892429,0.7095565825767459
892430,0.4286498087616958
892431,0.644875510089023
892432,0.9999687533312565
892433,0.9806669422104197
892434,0.03473364038836821
892435,0.98486167204981
892436,0.9875527256750709
892437,0.9886136330266383
892438,0.8092210727595878
892439,0.9880290316102636
892440,0.9997338147190138
892441,0.9998705739545166
892442,0.9990129866399409
892443,0.9996027614516643
892444,0.5019064327787753
892445,0.9990065820709189
892446,0.4939011806407656
892447,0.9998986542042576
892448,0.997452237626127
892449,0.42698999994720843
892450,0.3063297164341535
892451,0.9999956884146817
892452,0.9982122840357909
892453,0.9877822602355723
892454,0.2170428223247061
892455,0.9977964906404894
892456,0.4897340811812948
892457,0.3065664953711901
892458,0.9969203336653035
892459,0.9412271622949928
892460,0.9977382377925923
892461,0.28098142192492015
892462,0.33453642721264887
892463,0.9975717565103708
892464,0.7409653152399074
892465,0.9981951715586398
892466,0.9756114166057275
892467,0.6999984239203021
892468,0.9998579589267169
892469,0.8736172252127561
892470,0.9993685189681966
892471,0.7849301059840418
892472,0.9571883697305973
892473,0.90579524808789
892474,0.8182179708761532
892475,0.9999613193804281
892476,0.41607269642830247
892477,0.00890451310005729
892478,0.024064255647364332
892479,0.9994799304442104
892480,0.9186763135278864
892481,0.9997685152239952
892482,0.17127005841955623
892483,0.91739339165206
892484,0.6427871158586458
892485,0.9994948155488476
892486,0.6546188947481077
892487,0.9995920735708766
892488,0.09916771064929161
892489,0.999947021369961
892490,0.9976402571602834
892491,0.9319756180379918
892492,0.014012044467411128
892493,0.9085844602490829
892494,0.9982300317320956
892495,0.9994341696734003
892496,0.9955337430807086
892497,0.9995610011538201
892498,0.9999507125952453
892499,0.9993338461988485
892500,0.4214733492360653
892501,0.98358146385393
892502,0.017286664104986093
892503,0.16413768624196545
892504,0.8933382267049543
892505,0.01823248477702213
892506,0.9998168883797569
892507,0.9866341662602527
892508,0.9998246725250373
892509,0.09619993899282246
892510,0.061089888277392826
892511,0.8241584016700165
892512,0.9996045076924511
892513,0.866154700273891
892514,0.9998620115394725
892515,0.015961950734887185
892516,0.9924978210931255
892517,0.7716593348835397
892518,0.6046690597928839
892519,0.999736311270095
892520,0.9981952979115338
892521,0.9989668570843326
892522,0.17879964875693657
892523,0.9845477061679686
892524,0.5780905288169519
892525,0.9997940573006135
892526,0.8370769150746724
892527,0.997247521436599
892528,0.8400210856253536
892529,0.9422784706006567
892530,0.1978101809874589
892531,0.01600185022876016
892532,0.04858225720128177
892533,0.0316690858543837
892534,0.17324251226450194
892535,0.011024775977002488
892536,0.2205162790623621
892537,0.9705843166463535
892538,0.9978034166902258
892539,0.9985523466932107
892540,0.9458120224797273
892541,0.9936230440769029
892542,0.16932405000550138
892543,0.9656982635345722
892544,0.7625994187241227
892545,0.11385638402225595
892546,0.9993095990622592
892547,0.3833572490398404
892548,0.6618474587398775
892549,0.4131434536143982
892550,0.9998843940714242
892551,0.9997722519923385
892552,0.9999878033568428
892553,0.9997187186839189
892554,0.9999603399856851
892555,0.12827281861711526
892556,0.9922378852373855
892557,0.9994685573258799
892558,0.16310825598258227
892559,0.9396784530996615
892560,0.994314669308066
892561,0.9986325263719347
892562,0.9995862834377325
892563,0.10740219824034908
892564,0.9255386982761604
892565,0.8026989635688142
892566,0.154665015792015
892567,0.005606550384328807
892568,0.9997632634052644
892569,0.6337640031574465
892570,0.2587595436178022
892571,0.0068218334861624725
892572,0.6052300982805987
892573,0.9999556902539097
892574,0.6018350205448985
892575,0.9993664565349173
892576,0.1487386403096434
892577,0.9997982887516984
892578,0.9152213035507687
892579,0.9962859117621068
892580,0.9998729763980978
892581,0.9783918903501552
892582,0.9999610340076055
892583,0.9999456638389718
892584,0.9993548527885092
892585,0.8304995177960037
892586,0.9601576924133572
892587,0.8189645336792533
892588,0.9971725225321872
892589,0.5290616442216443
892590,0.9998867662905324
892591,0.2815458671488992
892592,0.9409228132612653
892593,0.6038328021056195
892594,0.2336180155906568
892595,0.21394616406599143
892596,0.9986354909608102
892597,0.9977256820087215
892598,0.9822483476622664
892599,0.014065953753458524
892600,0.993251596759223
892601,0.13030724495956122
892602,0.9981484672089077
892603,0.9984571596789826
892604,0.6504971667618495
892605,0.9996182457752518
892606,0.999856256666111
892607,0.05454857588477015
892608,0.10843553488326607
892609,0.7675951828918068
892610,0.9470378681662508
892611,0.9980006837646404
892612,0.9831680243481655
892613,0.9693987605561122
892614,0.018355630540767345
892615,0.9961722396780726
892616,0.284594439745277
892617,0.9647154299858167
892618,0.9180635201266831
892619,0.01918924628789376
892620,0.9296409987907406
892621,0.0035377565159855433
892622,0.9701696027923369
892623,0.6986274912776511
892624,0.5952211486396911
892625,0.768011361650722
892626,0.981718511370522
892627,0.05605970380726462
892628,0.9244373282519576
892629,0.6992242090414404
892630,0.693268127928551
892631,0.27029130049268907
892632,0.09124065874578433
892633,0.8701025807494724
892634,0.9989496671585403
892635,0.9999632243120513
892636,0.05970849705041079
892637,0.7802565961236101
892638,0.6251439765195329
892639,0.552605233018833
892640,0.9996877506676853
892641,0.920049962642292
892642,0.9993850968224789
892643,0.9834923785483246
892644,0.7169420655087164
892645,0.9959547851675629
892646,0.3477545310580937
892647,0.8485216485002788
892648,0.035278682721911134
892649,0.972789347917406
892650,0.015456088700253157
892651,0.23337373782526455
892652,0.8329255172383706
892653,0.9892963607951812
892654,0.9998957140987111
892655,0.9999945067467071
892656,0.9759690866534315
892657,0.9719633091183333
892658,0.9999609336651558
892659,0.021695359516128346
892660,0.5308443804971137
892661,0.2225151469298938
892662,0.6521871619390665
892663,0.6460100181063139
892664,0.9979649679343118
892665,0.9999092514322359
892666,0.9995130173573875
892667,0.4528796034270276
892668,0.6882506398735442
892669,0.09000182556482259
892670,0.839698712137269
892671,0.8479969783700931
892672,0.9649515375012251
892673,0.9997496023267555
892674,0.9949877743417745
892675,0.999991465860121
892676,0.6880892225008082
892677,0.9805922874595908
892678,0.9998951695574417
892679,0.5526612769236231
892680,0.8561641063146833
892681,0.9790258986694308
892682,0.9913506381756026
892683,0.32065049708758436
892684,0.936533027528963
892685,0.9999429512830005
892686,0.9897934961568295
892687,0.9713170332956583
892688,0.061459446966122676
892689,0.13521076713704963
892690,0.9999548350715248
892691,0.9998567454369531
892692,0.06747785438416046
892693,0.07829421047071679
892694,0.9790014511725613
892695,0.9242875342840413
892696,0.8210828602825915
892697,0.5335918951188645
892698,0.9413443133248813
892699,0.9993428817223857
892700,0.9999016515798407
892701,0.9745612644712984
892702,0.9478948973731556
892703,0.8465832662070456
892704,0.04567015463746277
892705,0.22096049102903081
892706,0.9997597740956234
892707,0.39868391524640445
892708,0.008049627195906387
892709,0.9983541664392144
892710,0.9988558833744917
892711,0.9998114154504992
892712,0.727780738457129
892713,0.9998385540358941
892714,0.9759795813024883
892715,0.9999794177783836
892716,0.9990155840454175
892717,0.05173837092606233
892718,0.049744149566820765
892719,0.5555778710553497
892720,0.9993291861971075
892721,0.9995205151225428
892722,0.04721662851947574
892723,0.7606049596667717
892724,0.20930788661357946
892725,0.9990786865042842
892726,0.9998188326237416
892727,0.4548896819033
892728,0.9997428133781405
892729,0.9629721453347202
892730,0.42236148761810044
892731,0.9962547420204212
892732,0.32413856068371144
892733,0.6340573975960412
892734,0.616800216028794
892735,0.9368141756577074
892736,0.04288962353009109
892737,0.0020787423153783313
892738,0.999914060435002
892739,0.15621671842201793
892740,0.9999672522045787
892741,0.999754704543401
892742,0.9999720337289608
892743,0.9988847596875948
892744,0.9993744965734171
892745,0.14476911138742893
892746,0.054108991746488665
892747,0.9998169930015005
892748,0.991355832263963
892749,0.038721435980772
892750,0.4767502103818835
892751,0.9998833008436045
892752,0.2871356752889425
892753,0.9999219248361575
892754,0.7673781624827944
892755,0.08866889424456821
892756,0.9876495236023815
892757,0.6816061959271538
892758,0.20023224144437274
892759,0.07246488957113338
892760,0.9920994737956478
892761,0.14727574355784945
892762,0.9908769429566375
892763,0.9058950509970856
892764,0.9988854020955101
892765,0.9997780685616892
892766,0.4554875418472947
892767,0.058547006918087285
892768,0.9954940289727879
892769,0.821459444214607
892770,0.5239028046196466
892771,0.574712619224457
892772,0.9995224790882609
892773,0.5932200659307322
892774,0.9967459787209711
892775,0.9999699181683068
892776,0.8779000596059844
892777,0.9996806860816427
892778,0.9996075326400432
892779,0.9947221159744642
892780,0.9630853896622946
892781,0.19842099806333896
892782,0.4793897790846671
892783,0.6918001727673753
892784,0.9618631624793534
892785,0.5365718697178672
892786,0.8314883436326981
892787,0.296173514319279
892788,0.9992596324128729
892789,0.8261277219995584
892790,0.9994122796511353
892791,0.7616011239263909
892792,0.7290308817034491
892793,0.9670241427245709
892794,0.9993641934970716
892795,0.9897760939856122
892796,0.9426841655570171
892797,0.2390638834398811
892798,0.9298075456503123
892799,0.4797998387270123
892800,0.9659209617205964
892801,0.9921105648665888
892802,0.9996720064430251
892803,0.23415933434560046
892804,0.7408157222599877
892805,0.2425305509857247
892806,0.03673014050166184
892807,0.7099210601053638
892808,0.9994075444105106
892809,0.9651694418721827
892810,0.9987128955851383
892811,0.008384729779274042
892812,0.33281130215357446
892813,0.9854466335975232
892814,0.999487609580481
892815,0.9939110202157808
892816,0.9998008967952587
892817,0.2088773062515079
892818,0.11564645535132402
892819,0.9971180855323598
892820,0.22202911153211186
892821,0.2972870283306306
892822,0.14072276253637256
892823,0.8163936972157644
892824,0.9977769372007854
892825,0.48921188008656136
892826,0.9886824076049672
892827,0.9933747392193011
892828,0.32039689811971467
892829,0.43606308450511
892830,0.9207767270085896
892831,0.3325223419346509
892832,0.17214776977655952
892833,0.999825090812021
892834,0.9919957324894797
892835,0.3227701041920767
892836,0.02092307224407121
892837,0.9679823691885456
892838,0.9133544344086749
892839,0.08597340884862477
892840,0.937475244247944
892841,0.7232790665267415
892842,0.15781097405957076
892843,0.6188006871889062
892844,0.9953909544392434
892845,0.886468629302348
892846,0.7777383788387312
892847,0.038635096932194066
892848,0.9836211691264323
892849,0.026639736337729703
892850,0.9997257639491386
892851,0.9816837591199743
892852,0.9978782124129748
892853,0.9972303436312336
892854,0.999543644262286
892855,0.7831379290471794
892856,0.9991231821995787
892857,0.05809169718180649
892858,0.9999521811012304
892859,0.9966716276234869
892860,0.9999957844964119
892861,0.5519526115026564
892862,0.9863931165716171
892863,0.9997982747963392
892864,0.9890769144888857
892865,0.5101309923214853
892866,0.739847330764635
892867,0.6752325455997952
892868,0.6652314784950291
892869,0.33153809702688075
892870,0.9728045668040489
892871,0.9560090014576038
892872,0.21807021470843263
892873,0.6455018467885083
892874,0.9643960246011658
892875,0.015320928149265368
892876,0.9991434957480569
892877,0.9951184320675119
892878,0.9468753481357159
892879,0.9998621083560302
892880,0.9981586124948785
892881,0.9995451746559351
892882,0.9016982728437903
892883,0.49465455792877694
892884,0.11009822653990876
892885,0.9963085538053787
892886,0.9999780895370411
892887,0.6800385942614783
892888,0.9996437845974844
892889,0.08561736169068176
892890,0.9946782758445212
892891,0.9683054233611842
892892,0.9903228714389556
892893,0.9956940048931961
892894,0.2667403055373599
892895,0.9989605500685721
892896,0.029733778486279356
892897,0.9774728228315885
892898,0.40330320056655633
892899,0.9843996240948669
892900,0.2993120958944693
892901,0.9067996266861087
892902,0.6128046546148107
892903,0.9999312212109883
892904,0.9914480243851109
892905,0.6139599668636327
892906,0.690899655687671
892907,0.05211599508723662
892908,0.721126240920863
892909,0.9999719167827865
892910,0.7312788874609975
892911,0.9986931837297972
892912,0.8077735944486946
892913,0.7320748700648816
892914,0.13248562736770267
892915,0.9968797783746706
892916,0.9998992971421625
892917,0.999683698509567
892918,0.21916512366511218
892919,0.6037085276788189
892920,0.5934490184438564
892921,0.5991735684918484
892922,0.9712651188974248
892923,0.034403532137519933
892924,0.9910220485081898
892925,0.9983091719127293
892926,0.999299166267717
892927,0.9999916508955529
892928,0.9971266007817492
892929,0.9377093472484564
892930,0.9999271314289504
892931,0.9964724329527168
892932,0.7289116322016571
892933,0.9971533969777214
892934,0.9998223214528803
892935,0.999380036663467
892936,0.8584736633817981
892937,0.018654269847005762
892938,0.992233063049389
892939,0.99231267499019
892940,0.9996560853280625
892941,0.7801146078684937
892942,0.9729698134351196
892943,0.8325375633595173
892944,0.028961482302404494
892945,0.7160921821185164
892946,0.2229960337902825
892947,0.9732201228678441
892948,0.029108406704606394
892949,0.27977027366257107
892950,0.07255959185152056
892951,0.9998577887120352
892952,0.9996165206429386
892953,0.16045357128359528
892954,0.9997673397827403
892955,0.9773853310129013
892956,0.9998386325996196
892957,0.3235226725301679
892958,0.9989702585752592
892959,0.04824249770583789
892960,0.012965536370187894
892961,0.7351867606877315
892962,0.9996004512238841
892963,0.9988139112595993
892964,0.9998145388007165
892965,0.042212670984655504
892966,0.9992555939325387
892967,0.05499646208640252
892968,0.998520479570254
892969,0.9580289571558065
892970,0.020492760390473343
892971,0.9924000147502416
892972,0.2055649521637457
892973,0.006291226550685924
892974,0.9812909112186754
892975,0.37231198390664444
892976,0.40939673944718225
892977,0.9993796032036992
892978,0.9913597158852265
892979,0.9997372930931432
892980,0.9995895363034384
892981,0.9998212703327692
892982,0.9994405973921765
892983,0.2779022735462675
892984,0.590907697930484
892985,0.9672118580419864
892986,0.9999274759099595
892987,0.7554425055889691
892988,0.9997171768111333
892989,0.9920105251723355
892990,0.06772225133009177
892991,0.9988148626632134
892992,0.7158058704694084
892993,0.9961943111704367
892994,0.04565411888507433
892995,0.9991820077351606
892996,0.08688176836415035
892997,0.6145011589197524
892998,0.1445538267267377
892999,0.04930959486468957
893000,0.32256647904975705
893001,0.6499131670151679
893002,0.9754338789809869
893003,0.3638705263405955
893004,0.10330017078441035
893005,0.9997149180038793
893006,0.9994036429685742
893007,0.9905957405076478
893008,0.03531807717474811
893009,0.9999371907709784
893010,0.6500427115166643
893011,0.029112920448728694
893012,0.9998186150805193
893013,0.9994810805233194
893014,0.7875365543081083
893015,0.49904049707948406
893016,0.9999846956137032
893017,0.038857316353137494
893018,0.8813571863415746
893019,0.9984817986813723
893020,0.9986576073808314
893021,0.9977276356831046
893022,0.999128706539347
893023,0.43214333806103244
893024,0.5847155015632383
893025,0.948815423241155
893026,0.9997830614206465
893027,0.9043825151281237
893028,0.9995126434268462
893029,0.9993492270707529
893030,0.9997921624732169
893031,0.996758702542475
893032,0.9927876205155337
893033,0.965509493095961
893034,0.010203352731534027
893035,0.9997543087798042
893036,0.4287565804366881
893037,0.9096799192450823
893038,0.22063888961056147
893039,0.9966092291024287
893040,0.9930304550825944
893041,0.9943758040823812
893042,0.9992756357941482
893043,0.561586269533484
893044,0.9994736065359754
893045,0.021484815061167204
893046,0.9996708126955853
893047,0.9999470586875248
893048,0.8593994272973315
893049,0.6140562926838301
893050,0.9999588448834614
893051,0.46551311922489663
893052,0.023078314048473887
893053,0.7925677532056374
893054,0.9990826424667398
893055,0.8865775968603917
893056,0.9997872490171077
893057,0.4692102690535389
893058,0.27542455935465127
893059,0.9970529183728122
893060,0.9957473926985728
893061,0.9970950657742175
893062,0.9995892560347359
893063,0.9735859500799176
893064,0.9997455587885598
893065,0.9990121921596211
893066,0.27747559416943535
893067,0.6493588198314777
893068,0.8782930340658214
893069,0.9536653988071776
893070,0.8637578893542386
893071,0.3956634240239445
893072,0.9999133908464133
893073,0.9982135133676514
893074,0.9994714972062224
893075,0.9993540334174422
893076,0.9989264570140786
893077,0.4753960041120069
893078,0.983642394627879
893079,0.9994627909464971
893080,0.719068995216638
893081,0.061960392506808834
893082,0.27439836961382347
893083,0.9454145432308
893084,0.13631256764359378
893085,0.9999649686165106
893086,0.9606352610894506
893087,0.8691863746141136
893088,0.9456205497252509
893089,0.9999266430298566
893090,0.7905042742186086
893091,0.9999072948693583
893092,0.5966839325701039
893093,0.9927868606334962
893094,0.3858834620103443
893095,0.9998775045369495
893096,0.9997086036216944
893097,0.05880983572422379
893098,0.9998826453182306
893099,0.753819431068609
893100,0.9124509886436427
893101,0.583725139199698
893102,0.05463472508372068
893103,0.9135865750512062
893104,0.024252861233975083
893105,0.999290053185161
893106,0.4829750333726988
893107,0.9666009778375759
893108,0.039594602933842725
893109,0.777027107227085
893110,0.879575788136244
893111,0.9999748316770907
893112,0.9995421779389414
893113,0.927181438644991
893114,0.05567873708831653
893115,0.20989679671097772
893116,0.3350570263900128
893117,0.3649223415556576
893118,0.9972825323236547
893119,0.9997053588852962
893120,0.8242510590009918
893121,0.9991411613242069
893122,0.9994331360104264
893123,0.9275064807676876
893124,0.995899084845128
893125,0.7942256174749645
893126,0.9999605122117647
893127,0.9998763082342239
893128,0.028828424477312077
893129,0.9980559968755939
893130,0.9986206382606353
893131,0.9730533908026378
893132,0.9983919512671233
893133,0.8635916708565731
893134,0.9999679485605679
893135,0.9851889084864202
893136,0.9999694368397893
893137,0.784164681229796
893138,0.6507816767912908
893139,0.9755623620562062
893140,0.6441933017569903
893141,0.09747372166437442
893142,0.9002547040486686
893143,0.9886133668489363
893144,0.8629542217936286
893145,0.1708418439397169
893146,0.7096949353291713
893147,0.8553199101438979
893148,0.8502280315736703
893149,0.1158822589030927
893150,0.999718200811216
893151,0.9814977915867571
893152,0.9473280421479648
893153,0.1719872482642768
893154,0.21735765624093256
893155,0.5715436759603615
893156,0.17663008865171942
893157,0.9997728510115859
893158,0.9955420618635182
893159,0.9994155914295328
893160,0.9963660173048958
893161,0.6000956930535992
893162,0.8873510966358065
893163,0.006912049931528431
893164,0.9999802816697037
893165,0.9999360822163912
893166,0.1160814402328644
893167,0.07901517669326134
893168,0.7159676444223718
893169,0.9622550980295976
893170,0.041815005688171245
893171,0.9998360382995891
893172,0.9093006287984742
893173,0.9999779759381566
893174,0.04594315988005038
893175,0.5206873107300379
893176,0.9976977281169366
893177,0.0935947125657111
893178,0.9980875833877292
893179,0.032720135501415164
893180,0.9160317565372273
893181,0.9962978134677003
893182,0.999847484064666
893183,0.020734153010187457
893184,0.999961294847084
893185,0.9998374237806749
893186,0.9980171033052018
893187,0.022654559643662628
893188,0.04127728713487487
893189,0.9934614191435072
893190,0.9977806877497792
893191,0.469272306252283
893192,0.35439796858713757
893193,0.991089489478728
893194,0.9999781993811095
893195,0.9997993496918327
893196,0.4301853451200121
893197,0.5297280994843305
893198,0.2548230331406285
893199,0.9841940589063631
893200,0.14965943122681022
893201,0.31011307538654675
893202,0.9998925436798525
893203,0.9995533757110381
893204,0.16135564042848421
893205,0.9995705500783678
893206,0.9874644441976643
893207,0.9913960265965509
893208,0.9999862487542437
893209,0.050644787248381146
893210,0.030644652357180256
893211,0.6183069338722758
893212,0.0691855002341017
893213,0.9561405915424301
893214,0.9999591389223383
893215,0.9996048642688586
893216,0.9521151942315569
893217,0.9323410051851013
893218,0.9711180671684596
893219,0.9997392582250928
893220,0.9999420373657941
893221,0.9997273926824326
893222,0.806548162246145
893223,0.9999639920508099
893224,0.946549207570895
893225,0.7110186713827787
893226,0.9999406072795876
893227,0.9999527379869384
893228,0.9988968392244226
893229,0.9518444164935842
893230,0.9934952311652255
893231,0.9999464407832606
893232,0.9979256830092755
893233,0.5796486221905587
893234,0.9002909024214732
893235,0.9984014092189235
893236,0.9996652596212248
893237,0.011917430899541295
893238,0.9934163392221502
893239,0.9900590357459138
893240,0.9997735924759257
893241,0.45488338638258774
893242,0.9675038163320914
893243,0.999960765160995
893244,0.02678152250859971
893245,0.9458305213578372
893246,0.6573222330285999
893247,0.2896579277203429
893248,0.9999215028931121
893249,0.928622988463293
893250,0.9995742518005872
893251,0.024252434571134213
893252,0.9983207932497102
893253,0.7826950880544512
893254,0.9996756859462934
893255,0.9996861813978355
893256,0.4448406930423811
893257,0.9997573286665331
893258,0.9126476341351917
893259,0.9997076719415005
893260,0.007838715736974006
893261,0.9663913257456846
893262,0.9993066137947724
893263,0.9996511909144528
893264,0.997768106654412
893265,0.7935613027383808
893266,0.9261153782494169
893267,0.8709156442895223
893268,0.9583711291567254
893269,0.9998471144324497
893270,0.9023612758055068
893271,0.6905107428287922
893272,0.9998302421757463
893273,0.1042759874918069
893274,0.9993837057185646
893275,0.05292686530584458
893276,0.9994526322335058
893277,0.9992555778210601
893278,0.1737200459818921
893279,0.9998482704158425
893280,0.014103280688942864
893281,0.04437868279734442
893282,0.4145139139151533
893283,0.9583168298177708
893284,0.8704413493455982
893285,0.7606462450293765
893286,0.3772081260724307
893287,0.527547629671532
893288,0.6372895894614367
893289,0.9964417491071946
893290,0.10807607166011174
893291,0.999939546411164
893292,0.999096506639755
893293,0.003742103290082612
893294,0.012565020796709282
893295,0.033936540514020744
893296,0.014086910505339278
893297,0.17053177215706838
893298,0.774059421888414
893299,0.9999794652988147
893300,0.9999673361935559
893301,0.9996542153384509
893302,0.3347871444583148
893303,0.997729806469236
893304,0.15196579068122176
893305,0.42573969955577184
893306,0.581725568544281
893307,0.034161921287802814
893308,0.9773240285899395
893309,0.9998975651014275
893310,0.23441225904586682
893311,0.9913662238219924
893312,0.9607466046976777
893313,0.9994830567773436
893314,0.17431559536172497
893315,0.4300875382061921
893316,0.9870885101496987
893317,0.9704671674950192
893318,0.8924569934878394
893319,0.41490748751622497
893320,0.058794390485528425
893321,0.2603788160885248
893322,0.16997704611209585
893323,0.6618234004171882
893324,0.9794623010809871
893325,0.9104931007369136
893326,0.9996514391047505
893327,0.30613149476403245
893328,0.05278625114368186
893329,0.9995235602534889
893330,0.6197176600600807
893331,0.5240829167461957
893332,0.7780017565850458
893333,0.9897898288539422
893334,0.9766371437037016
893335,0.13248504370897193
893336,0.9898649513112815
893337,0.04037902517323931
893338,0.9999035434501052
893339,0.9997752993710796
893340,0.9992944739104714
893341,0.12723780344197214
893342,0.8834701400721429
893343,0.9405758979874594
893344,0.1001242113946168
893345,0.9970358129098429
893346,0.9997712175356883
893347,0.999785963390128
893348,0.3895048259481143
893349,0.9939484222791063
893350,0.8377000032114152
893351,0.9541501354465324
893352,0.9515841344762928
893353,0.1411855341891465
893354,0.5665763690585858
893355,0.9991886408682291
893356,0.639946338630777
893357,0.9985564037438844
893358,0.011406994451554619
893359,0.9973658316784073
893360,0.9887280530602721
893361,0.02734397858481752
893362,0.10551520169342507
893363,0.999686122012386
893364,0.1335293911808613
893365,0.9999724519357498
893366,0.8306529595572448
893367,0.9869626952654227
893368,0.4717358083772875
893369,0.9999858968515879
893370,0.9992886081647536
893371,0.1847407973610567
893372,0.07109850513344083
893373,0.49388898132917003
893374,0.3508459384688736
893375,0.9969885498443141
893376,0.4736150910666552
893377,0.6425722858654006
893378,0.7329856233130504
893379,0.19389071696299845
893380,0.995302996320669
893381,0.7040925716932056
893382,0.9996657725412352
893383,0.9917575796386761
893384,0.9882200237685976
893385,0.008268879043660981
893386,0.8683453755857148
893387,0.00851553900802817
893388,0.9451353863681232
893389,0.9971785245124789
893390,0.051224210366867015
893391,0.9964084056990341
893392,0.8230851632786518
893393,0.9949836056631092
893394,0.8457613388209615
893395,0.41986007052956814
893396,0.5667950738678827
893397,0.8389179725484447
893398,0.9943713522399308
893399,0.2052021933955507
893400,0.995305569270725
893401,0.9998681427056633
893402,0.998793559047122
893403,0.9994938187564366
893404,0.9705186128722524
893405,0.9999068381058942
893406,0.9716841907186319
893407,0.9997788015805289
893408,0.9987460533335044
893409,0.9997235150229091
893410,0.9958104173281659
893411,0.9992903676218385
893412,0.3813142313092188
893413,0.30484104214331653
893414,0.12630100509101636
893415,0.9985009237600204
893416,0.9100358904602489
893417,0.9993615625006913
893418,0.03246206603639191
893419,0.9964561095072004
893420,0.3520046483088288
893421,0.32491038054849875
893422,0.021096061565065435
893423,0.9997814752941782
893424,0.918444502539893
893425,0.3012312370135626
893426,0.12325354125373317
893427,0.8521502802062095
893428,0.9998625957110203
893429,0.7970844859551163
893430,0.7781395991132146
893431,0.8434159926595775
893432,0.10940241394711325
893433,0.052712881773820316
893434,0.9947310175640194
893435,0.9961039777655378
893436,0.9952844498176165
893437,0.26132755299733457
893438,0.6066568617593726
893439,0.33869745628894077
893440,0.9998288471809067
893441,0.9987846412366609
893442,0.6245945261498463
893443,0.9997701715779157
893444,0.9999492184228453
893445,0.9381235696232368
893446,0.9998945516783059
893447,0.9999694940285608
893448,0.9650497891686246
893449,0.5263531940802102
893450,0.9999016538247041
893451,0.9499772097122787
893452,0.16006102853018098
893453,0.9793169316865544
893454,0.9776811667063119
893455,0.22924785151559285
893456,0.9572604536660202
893457,0.9973683665816191
893458,0.9996662561141567
893459,0.269985808106157
893460,0.7685615677614661
893461,0.32871824378040904
893462,0.9990955931961512
893463,0.17719365087895303
893464,0.9994234892029898
893465,0.9617966276672614
893466,0.9998485137489885
893467,0.01758100318806947
893468,0.9851026795554291
893469,0.9745430727300526
893470,0.9856366139747069
893471,0.8374174796843641
893472,0.9973277447791745
893473,0.8016106812837078
893474,0.717351305522551
893475,0.25455008804303847
893476,0.6536980100165577
893477,0.9998082110365336
893478,0.9999412497879867
893479,0.9104986526984846
893480,0.741159255959569
893481,0.5494759108094888
893482,0.9986181670091689
893483,0.22895116806205165
893484,0.8827588433690209
893485,0.9938317996718115
893486,0.9999301598669028
893487,0.9999819598893167
893488,0.9999782594150564
893489,0.9605985375698771
893490,0.27494121972546803
893491,0.0037087368376806477
893492,0.9975443515733309
893493,0.010977594180198865
893494,0.004432920424013219
893495,0.9951234708523886
893496,0.9900352321442327
893497,0.12125384461818935
893498,0.47007660104442334
893499,0.8819225591944867
893500,0.992713269543813
893501,0.9992041539357482
893502,0.9993696929265641
893503,0.6228833083065554
893504,0.9993735255585792
893505,0.9993808990158097
893506,0.8242166663502188
893507,0.9984675001589872
893508,0.5172444109591166
893509,0.0106491955127731
893510,0.9999785961734918
893511,0.3204706992312907
893512,0.9806291762193486
893513,0.07045427269002848
893514,0.9931338439768268
893515,0.4901439536187111
893516,0.9997960806556829
893517,0.9954361215606602
893518,0.9987229845392519
893519,0.9997351345001726
893520,0.9969529215980109
893521,0.9760442190896582
893522,0.3330591738282041
893523,0.9994545273666213
893524,0.5326992800680479
893525,0.8423399392298128
893526,0.7388243682898925
893527,0.990451194220867
893528,0.34932298630809866
893529,0.04218179598570783
893530,0.13495216485570852
893531,0.3514164579360816
893532,0.9958042373550358
893533,0.9999617246935331
893534,0.8892854349061978
893535,0.8706019838397425
893536,0.008151952221095252
893537,0.3392981492910958
893538,0.9578788080609424
893539,0.4333454743788396
893540,0.039535422891922946
893541,0.09014392505561078
893542,0.15928796240723186
893543,0.36489202970143286
893544,0.0269859276007504
893545,0.9999033839943345
893546,0.9958354070277017
893547,0.9999313386441426
893548,0.9970056156062431
893549,0.06540349778489021
893550,0.9999632214587999
893551,0.022148069113844364
893552,0.0292078107278452
893553,0.591378345477188
893554,0.4766480265018326
893555,0.6740388017185825
893556,0.9977301683381946
893557,0.9962068935866465
893558,0.9996727831021228
893559,0.9557175562551927
893560,0.6942097647540495
893561,0.7689302681296994
893562,0.027912156801309963
893563,0.6657762380272889
893564,0.9999728674468937
893565,0.8677516177942461
893566,0.9999552578748265
893567,0.003667463285927184
893568,0.06251849416287744
893569,0.9861611913954715
893570,0.025182046721659027
893571,0.9993398027590638
893572,0.030406266100924107
893573,0.002737753273363829
893574,0.540784660732455
893575,0.6402975701054681
893576,0.6781132161731611
893577,0.9952223937353677
893578,0.9948518017684502
893579,0.991208558376393
893580,0.9997811098017378
893581,0.7100173912188632
893582,0.9426035298360591
893583,0.996427296211198
893584,0.619901256715124
893585,0.9994101905431729
893586,0.439253315249418
893587,0.13273964262566335
893588,0.9879604944137865
893589,0.965556818244916
893590,0.9999890722000773
893591,0.9993893564337213
893592,0.9995960639402705
893593,0.9999936403509833
893594,0.1121765878410328
893595,0.9998171494395522
893596,0.989763494445606
893597,0.9996098726026756
893598,0.6177759894351272
893599,0.99985675894743
893600,0.08453440394935363
893601,0.8049130844649359
893602,0.04521805385451595
893603,0.9877427731611301
893604,0.052844741413017565
893605,0.9999348532015688
893606,0.9995866402683489
893607,0.011119192651935254
893608,0.29754926321400577
893609,0.9252584272419575
893610,0.9690742621326598
893611,0.5320599016652161
893612,0.07891737199561744
893613,0.9979773847356964
893614,0.3954183816428841
893615,0.03679997249370749
893616,0.9999492243420178
893617,0.9945597389756702
893618,0.9974550349429954
893619,0.9995162967403256
893620,0.9941730048512694
893621,0.17611557944770329
893622,0.9989983369937869
893623,0.9985893292125274
893624,0.9999292074328427
893625,0.9999800357332465
893626,0.9828411506714017
893627,0.9709962801249346
893628,0.9527580616148453
893629,0.9999418566860627
893630,0.9999805884043313
893631,0.6040721565392784
893632,0.5947041284376806
893633,0.9999210334543176
893634,0.9998726611059245
893635,0.31267577632671256
893636,0.9953218996573705
893637,0.9898578255881016
893638,0.02508225428056863
893639,0.9563800042511377
893640,0.96533565344358
893641,0.9997252875216471
893642,0.7510423023486981
893643,0.9770624897379183
893644,0.35602297612266454
893645,0.992995196920154
893646,0.9998336959625742
893647,0.8997923526501306
893648,0.08414459731313514
893649,0.7266009049415164
893650,0.9984529499614034
893651,0.9975424581348431
893652,0.7182733086708227
893653,0.8069535184636445
893654,0.99997465033371
893655,0.9955742047639011
893656,0.9181384445911274
893657,0.9999693508459773
893658,0.9967113557121751
893659,0.9898404570084867
893660,0.999887992042422
893661,0.009440643225042076
893662,0.8983564342995085
893663,0.28304901348101724
893664,0.7037136541044342
893665,0.8622803873884963
893666,0.9963385357244512
893667,0.9099443935516603
893668,0.060355518291015625
893669,0.16290384081683368
893670,0.579244507765325
893671,0.8762031806137288
893672,0.9999500584835302
893673,0.9999116564466541
893674,0.9964058201726691
893675,0.9999083914627847
893676,0.995773591671489
893677,0.32228821842084765
893678,0.9999418611132623
893679,0.9999624718033696
893680,0.004805766056897286
893681,0.9964462102214664
893682,0.998794455248886
893683,0.9961496412382737
893684,0.02287394971883724
893685,0.40011541851189236
893686,0.9999013499478955
893687,0.051943488561111126
893688,0.05884191367129528
893689,0.9994932419241558
893690,0.5189682312514962
893691,0.8191227443181581
893692,0.8728507289624979
893693,0.9999767465722563
893694,0.9948414792104943
893695,0.9945008444416501
893696,0.8737477476936435
893697,0.99992576238312
893698,0.9999445312731836
893699,0.9996095234235328
893700,0.9560252082576037
893701,0.9987053664822327
893702,0.9705671651572341
893703,0.9832507635662243
893704,0.3572479745532815
893705,0.999950836194065
893706,0.7833518948000724
893707,0.9999710182926858
893708,0.9994396970029564
893709,0.015144636071037755
893710,0.9999802415798572
893711,0.25555965369321404
893712,0.9973370687651352
893713,0.9984253665727085
893714,0.9994864250590785
893715,0.9637054202749963
893716,0.5802917913363577
893717,0.015885093414321316
893718,0.990197941801706
893719,0.18140298411368444
893720,0.13753943437799762
893721,0.502841929569821
893722,0.9877125238173531
893723,0.9998195074784098
893724,0.9926513447857739
893725,0.852532597875642
893726,0.06157838377019638
893727,0.9980494256452858
893728,0.9999928813720615
893729,0.9930260485071027
893730,0.5960727865716551
893731,0.9373647463996375
893732,0.41773016065031887
893733,0.95004632023013
893734,0.9994787552041514
893735,0.04093466140413385
893736,0.38345321842732694
893737,0.9964974951078992
893738,0.9278878470783286
893739,0.9960228395532016
893740,0.6437633380374094
893741,0.8381849742088456
893742,0.9999311462494536
893743,0.033926102181329874
893744,0.2542915941643416
893745,0.4268320054205115
893746,0.36081139422410413
893747,0.06868173476059891
893748,0.9999545329166559
893749,0.9885785388952442
893750,0.45326236575568524
893751,0.9999119854352025
893752,0.010675988997086838
893753,0.9391913413528634
893754,0.3291842398899475
893755,0.703477165320209
893756,0.31390163840397767
893757,0.09123355496010431
893758,0.018427544441758616
893759,0.997758292010943
893760,0.994440128100264
893761,0.9558918704282076
893762,0.6845254959940295
893763,0.9984028720304019
893764,0.887025224605454
893765,0.9961962170519068
893766,0.9959557738863585
893767,0.9207422767729541
893768,0.9932964984936371
893769,0.9978361065842674
893770,0.9247713959305474
893771,0.9999327024104262
893772,0.9991176728552422
893773,0.3504240372367927
893774,0.08197958677423534
893775,0.9966514954536545
893776,0.9999414582311206
893777,0.29224084752706403
893778,0.9995975828924453
893779,0.5662607132173159
893780,0.021183649018989427
893781,0.9995474845270852
893782,0.3603237478256317
893783,0.9971599475241014
893784,0.989609473822543
893785,0.998918289438238
893786,0.9669636377956785
893787,0.008718904256541274
893788,0.9999582783034315
893789,0.12262427080582523
893790,0.9997067063742072
893791,0.02232523375128121
893792,0.9992016325201225
893793,0.9130083605244168
893794,0.841768583365244
893795,0.9997680155695952
893796,0.9631408913794899
893797,0.9998059556935007
893798,0.19502972380964795
893799,0.9998525998830126
893800,0.6233545661599131
893801,0.999747568313897
893802,0.5009101098587385
893803,0.9984620460949225
893804,0.9644223971867719
893805,0.9981263767392741
893806,0.9999762259163534
893807,0.9378481274508795
893808,0.932187041362702
893809,0.8403936090031923
893810,0.9171110226980872
893811,0.003320760655692691
893812,0.4719157316348057
893813,0.994739384705199
893814,0.9774849029459713
893815,0.4664477308705868
893816,0.9992330385191287
893817,0.9990633086751471
893818,0.8391687150803577
893819,0.998161842241059
893820,0.8739806147212419
893821,0.010249852592518743
893822,0.9877440445333288
893823,0.9682673807733736
893824,0.638029102746646
893825,0.015195564729090212
893826,0.9996351175396999
893827,0.9965887708575301
893828,0.36957926997895163
893829,0.901943110919865
893830,0.6281506759354554
893831,0.6241288916648522
893832,0.9981854295603232
893833,0.8903013822420904
893834,0.9782132055758288
893835,0.9984209179157066
893836,0.013329710124834453
893837,0.01728173927269674
893838,0.9998885374650824
893839,0.6563510806872401
893840,0.9772243136509572
893841,0.2006237194792834
893842,0.06883173895382995
893843,0.9561027849412369
893844,0.9996638638094911
893845,0.9988834796349225
893846,0.8302097803994672
893847,0.3797235202148035
893848,0.023969647715470516
893849,0.04265231001487188
893850,0.9996908356577864
893851,0.8445242594048512
893852,0.9995574391395134
893853,0.989147080042786
893854,0.019288019279219547
893855,0.3393122092626573
893856,0.4260490852172321
893857,0.7241785790838853
893858,0.985216360051769
893859,0.9825427040555863
893860,0.9978791965114797
893861,0.7194631668801895
893862,0.21136440429621736
893863,0.520238393275134
893864,0.32518308738062873
893865,0.9818263218804126
893866,0.9139448190255117
893867,0.9985659564917516
893868,0.9994759692247148
893869,0.09861663457945302
893870,0.9999624057703629
893871,0.594548816140638
893872,0.7401029107502425
893873,0.21727983866148365
893874,0.8774711417574955
893875,0.9964360706019268
893876,0.04333496507722224
893877,0.04765592381667774
893878,0.7164056716238341
893879,0.9856850595656151
893880,0.9844696000298551
893881,0.9992996543706416
893882,0.9919972878011812
893883,0.03541140503674349
893884,0.9950540738004443
893885,0.9989535609448628
893886,0.6599713573366459
893887,0.558056267544906
893888,0.999717890841759
893889,0.5318524888752568
893890,0.7365926317112561
893891,0.8845470398630801
893892,0.999729159715784
893893,0.9549671261144728
893894,0.9998454882602454
893895,0.31139008420746833
893896,0.9991174757404435
893897,0.9882003619938953
893898,0.9999258648661531
893899,0.982482200376852
893900,0.8396138285493017
893901,0.3808088577614168
893902,0.9999373314181956
893903,0.04391044539664975
893904,0.47080838495405986
893905,0.46662409375503033
893906,0.9998191921161519
893907,0.7642193162323837
893908,0.9991790272865488
893909,0.8533281752282782
893910,0.9960126267497389
893911,0.8117010362639255
893912,0.9998164265830074
893913,0.9995444947484258
893914,0.13166237980327816
893915,0.010551396291681295
893916,0.9999668507689439
893917,0.9990775025024741
893918,0.028770973096226476
893919,0.3104009376166702
893920,0.9991011312928828
893921,0.9950708401133801
893922,0.9278258508257275
893923,0.04660182430484965
893924,0.9958468787747516
893925,0.9827225660359111
893926,0.3868054728196175
893927,0.9985421164294767
893928,0.9982701808295105
893929,0.9248270704312949
893930,0.6172175538728647
893931,0.07344112817067093
893932,0.8363920584871143
893933,0.9995950766362116
893934,0.7958541042511569
893935,0.9990248390360676
893936,0.3287610086588809
893937,0.9267955922520078
893938,0.9767488478070452
893939,0.9999073702703476
893940,0.0671785482339813
893941,0.9922337966794043
893942,0.07129014381336872
893943,0.9164485069371512
893944,0.9994864151184812
893945,0.8361818209419654
893946,0.16120304753580794
893947,0.037518970554564456
893948,0.9873661833794002
893949,0.6601395304912822
893950,0.9973740119605752
893951,0.6704644993339065
893952,0.07808861664495054
893953,0.03598602907540673
893954,0.9991692265988152
893955,0.9997491250573082
893956,0.9777281857755089
893957,0.5007969687864298
893958,0.03739379244622262
893959,0.9999705831855998
893960,0.9995575584947136
893961,0.8594415902787436
893962,0.9996920851684262
893963,0.9921267198753407
893964,0.9909030963432602
893965,0.9997279978541873
893966,0.996359866674187
893967,0.5694276667394305
893968,0.999972803679992
893969,0.9999712120399288
893970,0.5836506418742244
893971,0.011340465364105193
893972,0.9718977044936341
893973,0.007543842736099992
893974,0.9998701269914338
893975,0.9951330387753686
893976,0.2133045293445967
893977,0.8181897992261545
893978,0.9968404189680231
893979,0.4056246765757693
893980,0.9998279505938505
893981,0.9997040289306716
893982,0.9998965529448909
893983,0.9998349163774598
893984,0.9971112784585197
893985,0.21300856570876842
893986,0.09181287903988232
893987,0.5882840479518644
893988,0.999579918966736
893989,0.609107041737451
893990,0.9971651045964876
893991,0.9992310798549413
893992,0.3889277801637069
893993,0.9932653712174171
893994,0.906044318048795
893995,0.9997069363065834
893996,0.9986279851272469
893997,0.5737364663742599
893998,0.7863277626121548
893999,0.9572606928956463
894000,0.9999750709632746
894001,0.9043738635886802
894002,0.9992253604808892
894003,0.9986725433441578
894004,0.561263957917531
894005,0.9996201328788791
894006,0.9938480462271406
894007,0.6373178427629201
894008,0.9781153373402912
894009,0.9801847436196423
894010,0.5735562177537301
894011,0.1016536921572284
894012,0.3467722542697239
894013,0.9959087936436297
894014,0.9235364797867811
894015,0.9999536095031007
894016,0.986101626354374
894017,0.15084238988398246
894018,0.5541637385976378
894019,0.9997804979967522
894020,0.997714718945758
894021,0.7450492828089494
894022,0.998442622346194
894023,0.9997398217495023
894024,0.8821599436946345
894025,0.9604311201335687
894026,0.7167072144159399
894027,0.9991162244700922
894028,0.9896360188574744
894029,0.034558350764099965
894030,0.834145943750836
894031,0.9999689642713725
894032,0.2212656154815989
894033,0.999855328687587
894034,0.2991493511816246
894035,0.9999260317919796
894036,0.999921807898324
894037,0.06487296797594441
894038,0.9999588050838403
894039,0.9999703956259756
894040,0.9961151392033358
894041,0.9982827256243066
894042,0.7108702624936523
894043,0.9998334908389663
894044,0.33743320054752207
894045,0.010170474792942386
894046,0.8474464145454823
894047,0.9999663853724288
894048,0.4455305913846027
894049,0.999958725229848
894050,0.2875864207711216
894051,0.9111816419699497
894052,0.07136294457169817
894053,0.025923831727904904
894054,0.9981047935262926
894055,0.9942124317138865
894056,0.9999676105890561
894057,0.13240563265731203
894058,0.1890256268284207
894059,0.9323997976736811
894060,0.999996982422023
894061,0.9994808834289061
894062,0.6578477107481184
894063,0.9993197880639393
894064,0.5968966576835901
894065,0.9999756148303666
894066,0.9997058449077023
894067,0.9998592703833149
894068,0.9997350197976063
894069,0.9987182435520686
894070,0.9660280047890937
894071,0.9999773408483329
894072,0.9058145116250911
894073,0.8206256217330657
894074,0.8194853903409569
894075,0.02493225022186643
894076,0.9987580727206329
894077,0.9998904706931033
894078,0.5325371032839692
894079,0.4065480237375077
894080,0.35555762392434004
894081,0.4390641191627791
894082,0.9994706924130954
894083,0.9954971155968455
894084,0.8252736872625053
894085,0.07181009414026955
894086,0.9994142110151433
894087,0.960200270730847
894088,0.8056906932868915
894089,0.994395102405974
894090,0.8357037600777772
894091,0.9680718434591836
894092,0.9993440259587141
894093,0.2551663681672449
894094,0.7170775471335522
894095,0.9165222380533093
894096,0.7425887821702752
894097,0.8571903593271498
894098,0.16360823148561915
894099,0.991125994559515
894100,0.9999153356927641
894101,0.9999653981672407
894102,0.9998936454349029
894103,0.9824987319527152
894104,0.18371579409212496
894105,0.99945551610744
894106,0.999984031060684
894107,0.9983367690598849
894108,0.9998508100307351
894109,0.8301579848695639
894110,0.9983888141477217
894111,0.9996949874904837
894112,0.6234696488277922
894113,0.9999639718552904
894114,0.9996081454456405
894115,0.7847151635700229
894116,0.8785243869955144
894117,0.8247736452660359
894118,0.9684154248955799
894119,0.4627741504445637
894120,0.9993597424511546
894121,0.07579610974674524
894122,0.436851640162329
894123,0.9919931008646868
894124,0.9283466294389613
894125,0.0901842591124698
894126,0.09487126967864287
894127,0.9954489487889971
894128,0.3777391003000511
894129,0.997037022002672
894130,0.11399913775609341
894131,0.07370676309468821
894132,0.9999260620970957
894133,0.9995195870309335
894134,0.9892252942949344
894135,0.053341413653281454
894136,0.007207645024587648
894137,0.7069792723937087
894138,0.7217027990200627
894139,0.04742856760517682
894140,0.6830169758496208
894141,0.9999840328000646
894142,0.048781335460774115
894143,0.9523679361092778
894144,0.9999713659419796
894145,0.539305817571283
894146,0.9985748379172521
894147,0.9064876231927542
894148,0.3175349402516733
894149,0.9997257502925003
894150,0.8913723424259783
894151,0.8424470443586434
894152,0.328116529685043
894153,0.9904819436779805
894154,0.9994196151298314
894155,0.461367602996354
894156,0.9980407468153947
894157,0.6342495001501721
894158,0.9995202374260386
894159,0.9999915250691925
894160,0.9977020377511546
894161,0.985912594946013
894162,0.7961538495403553
894163,0.6854688760666474
894164,0.9893752760330734
894165,0.049089467682223914
894166,0.9989005358356834
894167,0.6769116196943739
894168,0.9999885355947168
894169,0.9703541518012464
894170,0.781934562369907
894171,0.2577341792014877
894172,0.8128154124191402
894173,0.9188777332225928
894174,0.9993427544191567
894175,0.9998161037029221
894176,0.03954806456147407
894177,0.06878835860705794
894178,0.9994898514868136
894179,0.8354498683751599
894180,0.9974670109494539
894181,0.999669903256684
894182,0.6958397562972564
894183,0.11107189957383035
894184,0.8132151458734986
894185,0.9998499012599029
894186,0.1075876196503664
894187,0.999337483237087
894188,0.47479841568201075
894189,0.12115653276017388
894190,0.9997908978783168
894191,0.999160194793022
894192,0.9987084823395522
894193,0.18372404254171587
894194,0.6906757242865387
894195,0.9932085368327878
894196,0.9968547841034997
894197,0.9951914735036692
894198,0.9958611278922702
894199,0.8814997515483421
894200,0.9013093840022061
894201,0.9978191280470592
894202,0.9868614041325261
894203,0.3169053034121153
894204,0.002905249316388392
894205,0.6613061306989914
894206,0.9984258886708569
894207,0.9999884350115071
894208,0.9885109066844848
894209,0.8993582104184775
894210,0.9999159549924391
894211,0.7117492488938686
894212,0.7754404584211351
894213,0.13045286791218072
894214,0.2293470153394574
894215,0.8255906307206593
894216,0.6283274526476783
894217,0.9559971735004802
894218,0.9926447547144462
894219,0.4037405107415539
894220,0.9976765024102057
894221,0.27086403492553807
894222,0.9998756291171991
894223,0.9999903880606478
894224,0.1649563158143254
894225,0.9998123043048586
894226,0.9994874750114545
894227,0.9936465806559276
894228,0.6157664198883369
894229,0.9970666539471871
894230,0.9998341439370636
894231,0.9997106525899626
894232,0.013292382728349785
894233,0.029621888198175877
894234,0.954476847400114
894235,0.6675850202674475
894236,0.41027796943295647
894237,0.9997837619000036
894238,0.07671031810069136
894239,0.04915418935833116
894240,0.4100501713412071
894241,0.46804567483475723
894242,0.9989331440175373
894243,0.9996796832934739
894244,0.8634243966000066
894245,0.15767871386524707
894246,0.7451903508908521
894247,0.11977554693739424
894248,0.14146933639335435
894249,0.9852789386102105
894250,0.8751333863711857
894251,0.9988936311389732
894252,0.4743424752224615
894253,0.9973382626214504
894254,0.4409831170046335
894255,0.9999752509788311
894256,0.9924266661496038
894257,0.9845082336895986
894258,0.9854834363150218
894259,0.9856464282330737
894260,0.9998074792130216
894261,0.9977510751180808
894262,0.006656670518620598
894263,0.99910828537908
894264,0.08373242161600072
894265,0.8367030258586075
894266,0.9991175628712883
894267,0.9999742597074447
894268,0.9953416292293878
894269,0.013947826630249795
894270,0.6718303779971349
894271,0.04050843436720278
894272,0.9953528714096216
894273,0.9553807795042535
894274,0.9978458941683246
894275,0.5571843893666101
894276,0.8771822815246888
894277,0.007620969588497185
894278,0.3287140546546734
894279,0.9592052765831113
894280,0.9874183215150352
894281,0.9937942676023761
894282,0.9999693353440722
894283,0.9998027775223635
894284,0.9772182477216311
894285,0.056382229123872876
894286,0.04119008365838699
894287,0.8096188337693216
894288,0.01230476742423993
894289,0.9971293817712699
894290,0.34202619055005895
894291,0.6407198991634084
894292,0.8461889765260513
894293,0.8925178444526046
894294,0.9691122687814183
894295,0.9985071555697869
894296,0.1724280559597777
894297,0.999595266577805
894298,0.710571964048152
894299,0.2323718430032456
894300,0.9996549419590197
894301,0.99981941825827
894302,0.07063624396583912
894303,0.4040004760320253
894304,0.9998565491559774
894305,0.38837769428217145
894306,0.2598159906838048
894307,0.9992886752007245
894308,0.99664396011686
894309,0.07557431535712543
894310,0.19118998884890231
894311,0.4436079558385234
894312,0.996770091473016
894313,0.200647400027851
894314,0.9874452388206696
894315,0.24914712368477818
894316,0.9999276692264212
894317,0.9992695757695248
894318,0.19471578303854947
894319,0.31158143676268196
894320,0.061322056944254556
894321,0.9999686857139809
894322,0.04010973237094361
894323,0.9406452859014635
894324,0.926024577458657
894325,0.9999623841648828
894326,0.6398020069310413
894327,0.34675729406396627
894328,0.9999076968159666
894329,0.9857103068834707
894330,0.9928711333815842
894331,0.9911020945877586
894332,0.9991836999462506
894333,0.27417072584211655
894334,0.9981538612271483
894335,0.9970571012596238
894336,0.04247118517091253
894337,0.4958460843120026
894338,0.9997042316887002
894339,0.6644752692672297
894340,0.277759103715577
894341,0.8870992964874274
894342,0.999713491260758
894343,0.9982395873166898
894344,0.518798621305627
894345,0.9970051722314384
894346,0.6872101128204053
894347,0.9839498797976646
894348,0.9993697609112061
894349,0.8167916453353026
894350,0.16676293482930993
894351,0.43489619879972474
894352,0.9995436431405077
894353,0.6971467342596733
894354,0.9996913120131494
894355,0.9998298016629332
894356,0.8950244017329385
894357,0.9996434561690576
894358,0.5811641969581862
894359,0.9440083923308599
894360,0.03822338485971761
894361,0.9923332483228033
894362,0.9978261557073639
894363,0.5574415798206839
894364,0.341006372205598
894365,0.2585213783071572
894366,0.9915618372838821
894367,0.9407793111998639
894368,0.40534200202585474
894369,0.9974906788603233
894370,0.8537117349560259
894371,0.7679826820152895
894372,0.9952357791226881
894373,0.8012308542221768
894374,0.6800052763289838
894375,0.999936016475434
894376,0.6579123487898749
894377,0.32244325258388634
894378,0.9047420519038687
894379,0.9999488244154036
894380,0.9478464472018259
894381,0.9624561796824365
894382,0.9996281418645111
894383,0.44366661594901347
894384,0.9998634894970461
894385,0.46216024544545514
894386,0.7233159674080282
894387,0.7545132795236984
894388,0.4769471786544931
894389,0.015946836324615306
894390,0.023730351498600803
894391,0.9509485166373319
894392,0.8084778786809661
894393,0.9990708223933159
894394,0.3288336815680559
894395,0.9899610487386314
894396,0.32984903584545905
894397,0.8462960889913078
894398,0.798074680913383
894399,0.31790519907222414
894400,0.998386635817742
894401,0.7872873368379512
894402,0.03956226960431985
894403,0.3317306662761198
894404,0.8428468488905516
894405,0.8280115271511568
894406,0.9998698728056193
894407,0.8466250949139824
894408,0.9984343395138258
894409,0.534941688620902
894410,0.9992467876454658
894411,0.998325231868723
894412,0.9947654021932661
894413,0.9965491850159253
894414,0.9999048936256856
894415,0.23656450578545374
894416,0.5570949076360572
894417,0.9314252609030551
894418,0.9310263746883157
894419,0.06614392619084691
894420,0.12822831723479994
894421,0.9861526146780679
894422,0.7515828613428377
894423,0.9919883867546396
894424,0.9999929442155888
894425,0.42512364129225344
894426,0.9998198105221312
894427,0.9822967154300292
894428,0.015841269952747324
894429,0.9984048980068188
894430,0.12678279364164602
894431,0.9951502884525936
894432,0.864717408570618
894433,0.9997559455779208
894434,0.9641516804215816
894435,0.9998985870704262
894436,0.8927560718143037
894437,0.9813006020510584
894438,0.9912170916889005
894439,0.037614555743029646
894440,0.5296093949690872
894441,0.9888194993287177
894442,0.9924793730742274
894443,0.9802932893395664
894444,0.8585628200120781
894445,0.9057760740664851
894446,0.9785076585821421
894447,0.9245194885276198
894448,0.6744676689278595
894449,0.958494719446642
894450,0.9993655118081117
894451,0.900565330423096
894452,0.9961260776464778
894453,0.9962387482983521
894454,0.021441146951110344
894455,0.9989840927306965
894456,0.4839399188620186
894457,0.3094497668259485
894458,0.997706510797176
894459,0.9984367959260676
894460,0.9598986031020837
894461,0.04718623676331699
894462,0.9916185060740513
894463,0.9874290659707416
894464,0.7462212784412451
894465,0.16077538389007312
894466,0.9992708206482767
894467,0.9940725896611644
894468,0.9833887925590905
894469,0.9861650044641165
894470,0.0176600165411494
894471,0.12450987902358515
894472,0.9997970324266285
894473,0.9999802383388985
894474,0.9992366323326207
894475,0.5278186548387755
894476,0.999932319022462
894477,0.9990786805735659
894478,0.003936047282558331
894479,0.0548663568439374
894480,0.9941954330661745
894481,0.9988626639143534
894482,0.08594202878883897
894483,0.993681786255787
894484,0.6653325819627578
894485,0.9986075253404658
894486,0.9834673292705367
894487,0.2152134392934793
894488,0.2313024366015916
894489,0.9855834974069406
894490,0.9996303089648344
894491,0.9969911295778054
894492,0.9998588363382028
894493,0.9999586835515224
894494,0.1479645755401835
894495,0.9996798909472473
894496,0.9559827308821296
894497,0.010993228118539517
894498,0.9999922078408873
894499,0.9999058115352583
894500,0.9996480111429886
894501,0.7655645906994626
894502,0.9635792418899504
894503,0.7308499995772891
894504,0.9793541353748167
894505,0.15919700378785484
894506,0.45935107269670905
894507,0.9996600759586383
894508,0.02093804499346587
894509,0.9989366827161574
894510,0.2621539934388352
894511,0.24120252690374325
894512,0.9841044037286322
894513,0.9661554979156132
894514,0.90853558744124
894515,0.9551404607330597
894516,0.03261306970720592
894517,0.9999710048918214
894518,0.9959915939477865
894519,0.9999464333374127
894520,0.3071254417165878
894521,0.9996934225319403
894522,0.5527078047198426
894523,0.9979685119567219
894524,0.9998631136129454
894525,0.4249429509657615
894526,0.9999955153897688
894527,0.3197203335201539
894528,0.997094020915442
894529,0.046614496933885266
894530,0.743052133807482
894531,0.9875458834279751
894532,0.9939965260332961
894533,0.46692544745298314
894534,0.1592385211781141
894535,0.7510476202235348
894536,0.4239859788102874
894537,0.2044487907516743
894538,0.004804627640016835
894539,0.208693835276204
894540,0.008718904130107034
894541,0.41691560578656894
894542,0.9999627171944688
894543,0.9656090927462717
894544,0.6135723420038158
894545,0.6739720377203823
894546,0.9989029715167808
894547,0.20049570150158777
894548,0.7368652825074151
894549,0.9886956417467689
894550,0.9922334810527911
894551,0.9894292210232518
894552,0.9996855423156343
894553,0.9969264450211591
894554,0.9986749035270897
894555,0.9999729954468684
894556,0.9999507385922872
894557,0.09670800070112953
894558,0.9995895831211814
894559,0.9952708125871452
894560,0.932389125245491
894561,0.9560984592424344
894562,0.032819707093581646
894563,0.9622191602294841
894564,0.39150205160860635
894565,0.03490856515550105
894566,0.5797912978888181
894567,0.9999871543497729
894568,0.9932706921605967
894569,0.402367950289304
894570,0.17629446650460195
894571,0.8774947686456971
894572,0.40218123380181414
894573,0.9458827707765792
894574,0.9879581889822424
894575,0.0023104983046727734
894576,0.9426495437506508
894577,0.22503050583795386
894578,0.9999515901286347
894579,0.8083387550804244
894580,0.49934603232813385
894581,0.41179174235697036
894582,0.9996039333680857
894583,0.9990320528219103
894584,0.8501652079407768
894585,0.982678569502273
894586,0.9995641885309131
894587,0.9737009448655827
894588,0.006391098417845459
894589,0.16903740323566263
894590,0.013528597688958328
894591,0.6471346886042082
894592,0.996029379574741
894593,0.6847797003237632
894594,0.036012476974667855
894595,0.9990588580186326
894596,0.9791683472639708
894597,0.978906678409712
894598,0.06383023244726799
894599,0.3446582073695811
894600,0.7056325206917113
894601,0.9986718487207411
894602,0.9997307421306296
894603,0.9474156647588909
894604,0.9995607586777067
894605,0.849449476632257
894606,0.06528519416554876
894607,0.9999447228526528
894608,0.4092978434883139
894609,0.9956268218685336
894610,0.9940910676130541
894611,0.9995312911760066
894612,0.6891132523667338
894613,0.08393293495816577
894614,0.9990747377459446
894615,0.756948247669081
894616,0.9982184854569585
894617,0.9997295495698806
894618,0.8243830781654355
894619,0.9993544885035486
894620,0.9974282073559843
894621,0.999987331045066
894622,0.9999454398712653
894623,0.9994638840179919
894624,0.20259889093389405
894625,0.998912022530441
894626,0.6539045998678891
894627,0.9973952421367898
894628,0.13448567582221796
894629,0.11498952068545083
894630,0.9850849126994522
894631,0.10732037916146042
894632,0.30072238647272326
894633,0.9898091036878852
894634,0.9972375595077392
894635,0.9865180386149334
894636,0.9039031598103697
894637,0.9997191707668402
894638,0.47861507778712353
894639,0.9123696061838766
894640,0.41851292826133973
894641,0.9994599104200572
894642,0.8051317394099913
894643,0.7070033618129137
894644,0.10759396318116693
894645,0.7697945768528914
894646,0.8907079014135729
894647,0.9799432963498022
894648,0.9951919316492601
894649,0.011450491903670128
894650,0.9998739811468852
894651,0.9499127397173905
894652,0.9997680973595777
894653,0.001678979143193131
894654,0.8430978965021376
894655,0.32175470596716044
894656,0.9938210543208719
894657,0.9913425732364898
894658,0.999925636393041
894659,0.18672502120315293
894660,0.6420025647691061
894661,0.9999007216106969
894662,0.9966750937810092
894663,0.5474954123320157
894664,0.9999826421075739
894665,0.306496343238695
894666,0.9997300159381479
894667,0.2286897205791919
894668,0.01814373641941589
894669,0.9153417866892644
894670,0.07422858920358218
894671,0.22412709907198652
894672,0.9991655290641598
894673,0.9219336860273954
894674,0.9959171157646083
894675,0.9987439400348718
894676,0.040335307230532955
894677,0.038269093500581455
894678,0.9990909532218358
894679,0.3385161947643326
894680,0.7265484154036839
894681,0.03444238531710213
894682,0.9994263669381911
894683,0.14557452070913693
894684,0.24034222936515826
894685,0.694091664820518
894686,0.8642586150333773
894687,0.6857162081562265
894688,0.985700927646896
894689,0.9695981304157804
894690,0.4769216988660762
894691,0.9727673699758936
894692,0.3593289288328788
894693,0.03078805973310062
894694,0.7343473280160933
894695,0.3447101096178376
894696,0.9999169549695197
894697,0.9944973205550964
894698,0.05727098217560979
894699,0.13315372675951365
894700,0.9963041659263727
894701,0.9933256525012703
894702,0.22870731638355163
894703,0.1642170826607509
894704,0.999842163929947
894705,0.9999160541376062
894706,0.9587549594713787
894707,0.7636021238589512
894708,0.2931323959833464
894709,0.9999595628339424
894710,0.9987391860038903
894711,0.8237371974375589
894712,0.9995015788388433
894713,0.21552672165191805
894714,0.9993274360061847
894715,0.7221074052482324
894716,0.9999353529255341
894717,0.3191053596359627
894718,0.996434013562024
894719,0.763600516111914
894720,0.9507922846739041
894721,0.13936771289594013
894722,0.7739867998812427
894723,0.35239325397903
894724,0.5768156192996576
894725,0.9996429062496026
894726,0.6805367175236335
894727,0.9998209032505421
894728,0.9976519959026293
894729,0.991317432012808
894730,0.07076073520809055
894731,0.01275251146679678
894732,0.6171759649409098
894733,0.9997292496653866
894734,0.28363002623958133
894735,0.7544316620252616
894736,0.6990295270445972
894737,0.9974197025687842
894738,0.9309045192499983
894739,0.049580975538275715
894740,0.9930108723351251
894741,0.9998455274428546
894742,0.9999743242244377
894743,0.13532131305447392
894744,0.1420111235038542
894745,0.5523149366426957
894746,0.9963669124496403
894747,0.9967955984797279
894748,0.9996264522786686
894749,0.04621460445483479
894750,0.30343314274759725
894751,0.9997086680452218
894752,0.9998002987653909
894753,0.8859271218359923
894754,0.33873530057833195
894755,0.007908754991752072
894756,0.17282030845281593
894757,0.08202784473436459
894758,0.003830286993163502
894759,0.9994573055528979
894760,0.9860436673911132
894761,0.8615712503359844
894762,0.7059704230024564
894763,0.999853465743255
894764,0.9994919665100528
894765,0.20547627861543027
894766,0.7142779982018916
894767,0.4273671696922981
894768,0.9739099775089848
894769,0.9992865619418596
894770,0.9639054636581603
894771,0.9999727079922156
894772,0.997776974232083
894773,0.2568172330317575
894774,0.9998979543220532
894775,0.45653446837425965
894776,0.8982452023550755
894777,0.1279197616705306
894778,0.01590171384791103
894779,0.9991509317247718
894780,0.003118617444284563
894781,0.707832838882512
894782,0.8648093271029187
894783,0.6993359107898638
894784,0.8357762837654
894785,0.5998813742218295
894786,0.38626032435896707
894787,0.4464978275352437
894788,0.006413732963417848
894789,0.6193273628127982
894790,0.9996647436390045
894791,0.7522005206348384
894792,0.9956600863356544
894793,0.9247802025275078
894794,0.9372739513249696
894795,0.3597082631973229
894796,0.22763779924312222
894797,0.9998089390577253
894798,0.9999619917174852
894799,0.008929086720215227
894800,0.8811054301908016
894801,0.7235992778014233
894802,0.9482131222125869
894803,0.9988114752314199
894804,0.9774806706735735
894805,0.6814464883542215
894806,0.9062146913026011
894807,0.9101287869924055
894808,0.9991207234960737
894809,0.9992196196274186
894810,0.6653650513346292
894811,0.9995972800751675
894812,0.4695282970780207
894813,0.1613494972411315
894814,0.10050103055454228
894815,0.9999517448690831
894816,0.9998909214082952
894817,0.8788712931487782
894818,0.0745145807347867
894819,0.057367344899259355
894820,0.9947711133174364
894821,0.07471998025140854
894822,0.9998579687917256
894823,0.8417782842004317
894824,0.9951322946662339
894825,0.00519414238366862
894826,0.967570669185774
894827,0.9718185610945647
894828,0.7314683186808962
894829,0.8850686953250289
894830,0.9998240831280549
894831,0.9997716237797789
894832,0.9923129966482714
894833,0.9738469092107821
894834,0.9841875396408208
894835,0.1312073717942065
894836,0.06935700904544041
894837,0.005037356524632542
894838,0.21019822554236023
894839,0.9897110502069492
894840,0.634495524262031
894841,0.9995278411783829
894842,0.9988419122071538
894843,0.014962151321601187
894844,0.9394298910644978
894845,0.9988151515419756
894846,0.6960635872219103
894847,0.6257953064117259
894848,0.46841662256375416
894849,0.9581271922773332
894850,0.450806067891245
894851,0.9862469135008767
894852,0.9309871365509429
894853,0.9998171089119575
894854,0.5789389845362751
894855,0.11538969974345994
894856,0.20583366932510555
894857,0.9774755670193317
894858,0.029391322037494023
894859,0.8748325654061094
894860,0.9773637606960623
894861,0.9988278859616576
894862,0.9999647977919545
894863,0.9993867949507097
894864,0.9996187022814602
894865,0.9976336432181052
894866,0.9999845093222903
894867,0.9997670219965094
894868,0.992665658909617
894869,0.9957234719898714
894870,0.9994842462956932
894871,0.9998825171018788
894872,0.20007292197012178
894873,0.9990787280029656
894874,0.7048424403029854
894875,0.6198324431527937
894876,0.982993138378173
894877,0.26925748500652424
894878,0.9554897835623002
894879,0.7580476337473157
894880,0.6840182504713035
894881,0.8634767066505931
894882,0.6747295130471096
894883,0.99995452418985
894884,0.09569443476342523
894885,0.09347552647658304
894886,0.9929561321822958
894887,0.07173659512947543
894888,0.3014385877506502
894889,0.5897887251099543
894890,0.9657674485266141
894891,0.1611787263374043
894892,0.9847074976587789
894893,0.12917883561881102
894894,0.5940234434856051
894895,0.9979980914793045
894896,0.8970763365875375
894897,0.9991858040676631
894898,0.9915628106805947
894899,0.01032902165597067
894900,0.9978502207604305
894901,0.9999975105287942
894902,0.08311867826579342
894903,0.8566111121801221
894904,0.6917189931409784
894905,0.9993017515486978
894906,0.5739097688360654
894907,0.9998579944315044
894908,0.9998631269995515
894909,0.5677617774107357
894910,0.9998461695504197
894911,0.522383149814286
894912,0.999796522863786
894913,0.6218866837712289
894914,0.9973462295931285
894915,0.6784739055561981
894916,0.6273487625215461
894917,0.861491177365082
894918,0.9959622278012441
894919,0.9906262322406958
894920,0.9999260370994154
894921,0.9999919762008287
894922,0.9271225219318909
894923,0.9644210594644217
894924,0.0054736774627247775
894925,0.999846189362615
894926,0.25976581366565593
894927,0.37709468117702205
894928,0.8003156579979718
894929,0.9964298660232319
894930,0.7386033811813324
894931,0.9995054120183406
894932,0.9813602739737681
894933,0.06740832702737233
894934,0.008751917798076414
894935,0.1807011059455408
894936,0.11003398979007566
894937,0.19994033150195206
894938,0.9999238728952566
894939,0.9374729320697218
894940,0.9997949118031806
894941,0.9994096009223912
894942,0.9841053917284125
894943,0.825217652906865
894944,0.9999529434538512
894945,0.9999768003066878
894946,0.8626799700948685
894947,0.03638823375276345
894948,0.33377180016867275
894949,0.9708875641828355
894950,0.9999124833437185
894951,0.9994329516812237
894952,0.9969346575389149
894953,0.9997913838196762
894954,0.8710530260743139
894955,0.9988451968466165
894956,0.13283064904044134
894957,0.9472587005697424
894958,0.9469770318154069
894959,0.9990085157022254
894960,0.8847888674511827
894961,0.9999664328270417
894962,0.9994651855322477
894963,0.40334933646223314
894964,0.9998504244885614
894965,0.9992049755852452
894966,0.9533690987496712
894967,0.12240905810566019
894968,0.9996576132376669
894969,0.147771863565777
894970,0.99872059939836
894971,0.9963020028458809
894972,0.9197453935110627
894973,0.9988893645898176
894974,0.02473808458238681
894975,0.9968940308724179
894976,0.00791803172726574
894977,0.9926541768592998
894978,0.9997641139064637
894979,0.9989236820358163
894980,0.22203073301696336
894981,0.012272049939391984
894982,0.9998662573435932
894983,0.6860571937965909
894984,0.8208437568712048
894985,0.8824375544447588
894986,0.7309004461833231
894987,0.8373176302313102
894988,0.9580976457125128
894989,0.9995275918802702
894990,0.9996980679613243
894991,0.08051652713372906
894992,0.05777931668763165
894993,0.9997579008030246
894994,0.9485664717426204
894995,0.775495131412627
894996,0.9998996156131716
894997,0.008164583207744738
894998,0.9189853308342949
894999,0.23971672004151776
895000,0.06932129860194547
895001,0.576736227148753
895002,0.9993502915782697
895003,0.9085312746346386
895004,0.7378148736714039
895005,0.9986882865027362
895006,0.9997753932644602
895007,0.79143988977708
895008,0.9963843869806688
895009,0.9998342083609972
895010,0.08818717330659484
895011,0.6674049982582274
895012,0.9995801154340961
895013,0.16965988792634853
895014,0.9884208399758818
895015,0.13914435854523635
895016,0.7004841113474156
895017,0.9896015972438134
895018,0.9994319379108977
895019,0.9983211158746037
895020,0.9370266162498356
895021,0.9780559000252602
895022,0.9982643999035782
895023,0.9135073053486773
895024,0.9825251086447373
895025,0.02486889334388096
895026,0.9869899424634136
895027,0.11458338238259182
895028,0.029172680843924197
895029,0.9967357046072318
895030,0.18456498352130793
895031,0.9941707523978731
895032,0.9998101452181258
895033,0.6317792796294481
895034,0.9825118111617108
895035,0.038264970199976385
895036,0.9999742135747018
895037,0.9998751726858413
895038,0.9995776424455514
895039,0.9999568129110413
895040,0.17014887279577523
895041,0.9742664334319521
895042,0.9860427859605656
895043,0.008211621352746829
895044,0.014910979958344135
895045,0.9999519392133465
895046,0.875505819143511
895047,0.021915022345266252
895048,0.129071628349856
895049,0.9249743636205108
895050,0.33887825763711543
895051,0.9997880005695233
895052,0.07726119934105236
895053,0.9789973866058173
895054,0.7591197103667083
895055,0.9994306102116919
895056,0.9996493394014366
895057,0.8780852391852416
895058,0.9992502221889805
895059,0.540387801242884
895060,0.9995467689768106
895061,0.15065634110174217
895062,0.36981699732081513
895063,0.012458136492950167
895064,0.8572239835360935
895065,0.9999446939557343
895066,0.9837679445121001
895067,0.8569907790941385
895068,0.9982883141037736
895069,0.2251357437066308
895070,0.9999374027040292
895071,0.9932152486857356
895072,0.9998675024316577
895073,0.0991325810686195
895074,0.9999050624027627
895075,0.9564177051150549
895076,0.9889781387406928
895077,0.9999342772217309
895078,0.025419170236376
895079,0.18742503555479634
895080,0.9996802376918816
895081,0.955960376349072
895082,0.07418947759786486
895083,0.025230503513844968
895084,0.9974416341147438
895085,0.5881747822473844
895086,0.9998790631959559
895087,0.8973820867221354
895088,0.957908952024241
895089,0.9973532062156083
895090,0.9963131082455455
895091,0.9983689301715444
895092,0.9999837658256454
895093,0.9999515336511017
895094,0.10458205516016494
895095,0.030544742551285073
895096,0.7104061350352266
895097,0.9950243842327923
895098,0.9429956676279976
895099,0.07671953800692413
895100,0.9847138879860629
895101,0.7928219913389221
895102,0.37012025033065515
895103,0.9999130271278001
895104,0.9747931920907743
895105,0.2684276100965524
895106,0.4447030093858495
895107,0.777938261245388
895108,0.9713393415925893
895109,0.040955326767201886
895110,0.401674043059003
895111,0.9999518832418587
895112,0.5235109449515867
895113,0.992728189749811
895114,0.9992291451617951
895115,0.9982056501122245
895116,0.9042457085491915
895117,0.3379898069253019
895118,0.852062063181933
895119,0.999663709558569
895120,0.9795229373051985
895121,0.9999415645996569
895122,0.4332343701508606
895123,0.8522212417332421
895124,0.8689539067304114
895125,0.7491986149000811
895126,0.5474354922334108
895127,0.13626554228231935
895128,0.9998845832026786
895129,0.9782517737908634
895130,0.9991963620370128
895131,0.22284162229673227
895132,0.9412224685691163
895133,0.9984378589024012
895134,0.7553849755924148
895135,0.9998387020459846
895136,0.5029100551911662
895137,0.7472997408237222
895138,0.951889148902092
895139,0.9985236891733789
895140,0.9999747979274287
895141,0.06509141768944726
895142,0.9999261217146665
895143,0.9996795194799334
895144,0.9995334400383598
895145,0.9652103166765869
895146,0.7477171498949895
895147,0.9977891469828308
895148,0.999821933978097
895149,0.9989136773833853
895150,0.9266288166610067
895151,0.7984587887002715
895152,0.9994107083920553
895153,0.9958239717020549
895154,0.9966406741972869
895155,0.9999357287974158
895156,0.6706074751321571
895157,0.9999079590123214
895158,0.8009059586281595
895159,0.9660174745428147
895160,0.2675776147464698
895161,0.026251703159531993
895162,0.9992004166160544
895163,0.5723688844705199
895164,0.033633415550696384
895165,0.9792858504182582
895166,0.9743023423480572
895167,0.9990629380973466
895168,0.051536875270744714
895169,0.9998278781855966
895170,0.999697916986577
895171,0.9998956581922905
895172,0.9999874882914555
895173,0.5438977154421417
895174,0.06054550894045353
895175,0.6529558325670415
895176,0.999948365452773
895177,0.9930253927443574
895178,0.9999932056267091
895179,0.7520528920226929
895180,0.9421842283663917
895181,0.9962310176274918
895182,0.08606661655559104
895183,0.2526291578074234
895184,0.916526327874239
895185,0.999816250655216
895186,0.45739582912114385
895187,0.11902770110738199
895188,0.9981731513984486
895189,0.12788471223559955
895190,0.999732142709802
895191,0.9999587186081196
895192,0.7544925155435025
895193,0.9999212848015356
895194,0.9552003090834472
895195,0.9518959902699011
895196,0.07918411452064854
895197,0.006711054920193099
895198,0.7431543596468404
895199,0.6493532640061297
895200,0.9949158379486033
895201,0.9997891021583218
895202,0.04229141240836375
895203,0.03454242583471153
895204,0.9978031205084845
895205,0.9991782270063017
895206,0.9998418405020454
895207,0.9817715077778435
895208,0.42805749360494316
895209,0.7802407385378523
895210,0.8152373583008232
895211,0.9980062217169854
895212,0.014563744998261973
895213,0.9999503964332099
895214,0.03857206812153868
895215,0.8342748967325945
895216,0.003399095924375948
895217,0.48397283432762195
895218,0.017446462448038345
895219,0.9984156576577585
895220,0.9998948003893341
895221,0.9999887779040537
895222,0.43293288330564306
895223,0.46661833062103797
895224,0.9938152533384697
895225,0.6093304464280709
895226,0.36926670368122244
895227,0.9997875296856085
895228,0.6664965222724608
895229,0.6614348626851108
895230,0.47928193466130137
895231,0.9709031317014797
895232,0.7572716779705182
895233,0.2960484909752344
895234,0.8983465371023094
895235,0.05358483719159335
895236,0.9971403742780557
895237,0.2794434233979212
895238,0.007027911669554802
895239,0.7387839712487123
895240,0.9995235269881946
895241,0.9845637379169381
895242,0.0062512660500847455
895243,0.9667017161424156
895244,0.15528372425869946
895245,0.9999222486345852
895246,0.9999696739834356
895247,0.9968665596560528
895248,0.9998279971977507
895249,0.9913790273170142
895250,0.8286641317917245
895251,0.9969457290286075
895252,0.01023407453185318
895253,0.014476293319382473
895254,0.14001851497590376
895255,0.2722172125024457
895256,0.8138452396199075
895257,0.9999873824994667
895258,0.3032309745059959
895259,0.9966078413561952
895260,0.24378391227889207
895261,0.5427398667171065
895262,0.04522428200018543
895263,0.03429698491803829
895264,0.9997099655591638
895265,0.41643200911078904
895266,0.9996292951854764
895267,0.7086701894135008
895268,0.9996567552896869
895269,0.8469480084446659
895270,0.9972273312079956
895271,0.01856365113018435
895272,0.5170921992189681
895273,0.14946502315940316
895274,0.9996937373230838
895275,0.9999386309430385
895276,0.9248481490105351
895277,0.9998774529416967
895278,0.8674974867014336
895279,0.02173415062513945
895280,0.4427265530437727
895281,0.9935107465277022
895282,0.002615351961619532
895283,0.9393809496532738
895284,0.8392215512785786
895285,0.5336733537749474
895286,0.9636627843062595
895287,0.9862026456587902
895288,0.9991189745105327
895289,0.1901384391447073
895290,0.04554747406336913
895291,0.3480522684244332
895292,0.06552470616500794
895293,0.9412011690389539
895294,0.9999445186707443
895295,0.19894359346579601
895296,0.8917554096594262
895297,0.9246989141972553
895298,0.8935317106395892
895299,0.999260978959199
895300,0.6949613779239784
895301,0.9979946213229638
895302,0.9356729280404733
895303,0.9997177354011313
895304,0.9999391368838322
895305,0.2661590999570742
895306,0.006019823010026213
895307,0.9907175738520151
895308,0.9997169132059203
895309,0.9999511871316888
895310,0.6271901610425223
895311,0.9010112426309853
895312,0.9998165409454596
895313,0.9999840153691866
895314,0.9762245895736025
895315,0.05488518575713271
895316,0.8169059621618984
895317,0.46193176799591734
895318,0.32580696009974086
895319,0.18697433800191426
895320,0.9891138894448405
895321,0.8804640798073119
895322,0.9976996348245359
895323,0.32890372760240894
895324,0.7831517543402742
895325,0.03666533697337785
895326,0.571606316551301
895327,0.26136895404684185
895328,0.588743401540805
895329,0.9936897215834395
895330,0.04354475013475394
895331,0.24945869069087173
895332,0.025931370628754835
895333,0.2940471775969025
895334,0.026068837099456076
895335,0.2746797015318684
895336,0.9963121705973521
895337,0.2884892477981572
895338,0.999370912007109
895339,0.5763537361637535
895340,0.3019315669761349
895341,0.996702815524563
895342,0.9997979702231523
895343,0.6842513297563388
895344,0.6617580687650579
895345,0.9986343917403497
895346,0.34603418333292046
895347,0.9993407510230918
895348,0.9983741424888939
895349,0.00584193901993856
895350,0.9697247277931103
895351,0.5518050404168107
895352,0.6686586382499476
895353,0.6684212465399288
895354,0.4594812209392823
895355,0.9997100253820967
895356,0.9993868728549367
895357,0.8855819167951838
895358,0.9989762401237342
895359,0.7669372740718652
895360,0.9973803739380279
895361,0.9683365094226845
895362,0.36660772389641616
895363,0.5222541608690594
895364,0.999373876975054
895365,0.9995503496079974
895366,0.08912458391605413
895367,0.3777575364395801
895368,0.016520489147116343
895369,0.9998530269641939
895370,0.9921682253543369
895371,0.710578877788477
895372,0.9988348789304912
895373,0.9848320199799528
895374,0.9998297495869215
895375,0.06536638897451678
895376,0.9913852117055877
895377,0.678665668981707
895378,0.9991224353285242
895379,0.0639135141066618
895380,0.9998525691498639
895381,0.3538186253666148
895382,0.9969988089611469
895383,0.9998905701086687
895384,0.7961831672498312
895385,0.9979966116969001
895386,0.5396621996714677
895387,0.9999623696165849
895388,0.9753862681846295
895389,0.8075078375140547
895390,0.9986276973213177
895391,0.9991612856659648
895392,0.9997243603754318
895393,0.998023956425944
895394,0.9995326686307565
895395,0.012571880662970408
895396,0.5225830912733876
895397,0.3660767371390047
895398,0.9979016331853636
895399,0.16745526009932
895400,0.9994621903861343
895401,0.8863143887780215
895402,0.05057134743842884
895403,0.6650276824428644
895404,0.9135283014346337
895405,0.9995375037339336
895406,0.9974792984246386
895407,0.997373863140123
895408,0.9997373677532859
895409,0.9989381118948591
895410,0.9681290291448326
895411,0.1278379982366279
895412,0.9941456953164426
895413,0.834785474393255
895414,0.4797207922300627
895415,0.00954608351889822
895416,0.9994495473558843
895417,0.9982887629501951
895418,0.21215436749210054
895419,0.015397120069014298
895420,0.827154016093333
895421,0.9999672787680549
895422,0.999996560615599
895423,0.9998171538791145
895424,0.9970457055796442
895425,0.2559576758448282
895426,0.09782610284529888
895427,0.7486597603704567
895428,0.998988191157362
895429,0.8187443655002471
895430,0.49623203409431127
895431,0.9979346757444334
895432,0.9975509893270904
895433,0.450344433457845
895434,0.09335785070386127
895435,0.005066103841992427
895436,0.9998926571148641
895437,0.08775187476123161
895438,0.9984983081206554
895439,0.9986524217090038
895440,0.05549430921293952
895441,0.16964304756739237
895442,0.9971779333702537
895443,0.9828478229759552
895444,0.1918208241592601
895445,0.8957277188618074
895446,0.12304049596210331
895447,0.8877279477951356
895448,0.9714322038100427
895449,0.9986979124034832
895450,0.9782422992779799
895451,0.9047508032301511
895452,0.9974556584543299
895453,0.9966572759576415
895454,0.9942761464211367
895455,0.7176401532352614
895456,0.9969497229054625
895457,0.9997820847101582
895458,0.5718164528726151
895459,0.9996404660050302
895460,0.9460013064590548
895461,0.8436453798794105
895462,0.9999874811204074
895463,0.41451250259194494
895464,0.30509917706404593
895465,0.9072956619389078
895466,0.9028190542240189
895467,0.8617166878134449
895468,0.966658251461165
895469,0.9741899570381793
895470,0.9999194428568645
895471,0.004120637742025597
895472,0.9954485993644697
895473,0.3697685540349443
895474,0.9998151170088623
895475,0.02198269713787643
895476,0.9998797251854146
895477,0.03666569411218161
895478,0.04042484706689866
895479,0.9969241152212367
895480,0.9929348071482242
895481,0.9990653745719451
895482,0.26520774670241987
895483,0.3462243891128313
895484,0.17022700294472984
895485,0.13843090931088473
895486,0.9934862051200148
895487,0.29928155174383697
895488,0.9663750541004904
895489,0.9997247170980945
895490,0.7946603314324976
895491,0.9997515506503807
895492,0.9786130843424903
895493,0.99438040385635
895494,0.6202660901217557
895495,0.6235959235515036
895496,0.0011667825803572428
895497,0.09017272113145448
895498,0.9999811513008081
895499,0.993391794028216
895500,0.9995009653645925
895501,0.4768340859142395
895502,0.5929268079603891
895503,0.4294567568172149
895504,0.9997130134733667
895505,0.45567519371541676
895506,0.12370700099490259
895507,0.9893736762379459
895508,0.06069354341535331
895509,0.9999209662207749
895510,0.6770175486351697
895511,0.6878235223340466
895512,0.0207862534531063
895513,0.2430438261480363
895514,0.02041938684267932
895515,0.08320865430979055
895516,0.8683811546302967
895517,0.382699189635169
895518,0.8831842970539345
895519,0.6710785468500458
895520,0.062316364582455576
895521,0.9976860691946274
895522,0.8363732647254796
895523,0.7114087061257501
895524,0.7634387991232895
895525,0.8621693913850013
895526,0.17652389260885756
895527,0.9929674959832673
895528,0.9999550508679325
895529,0.9999563767655504
895530,0.4125759797751991
895531,0.20454495278913495
895532,0.9813312554422604
895533,0.492899370119716
895534,0.7575083630430836
895535,0.9869214871600035
895536,0.999666551711384
895537,0.6048581551022625
895538,0.9998133346855382
895539,0.7870158394264967
895540,0.9932799523123491
895541,0.4731146540653717
895542,0.6476607878107297
895543,0.9990427542746139
895544,0.005565980163514459
895545,0.17822676495432438
895546,0.019716872077996182
895547,0.9941380134185693
895548,0.23220091126854298
895549,0.014397117576050326
895550,0.5577904361061128
895551,0.026926701350120763
895552,0.9960278013748953
895553,0.8021286458492309
895554,0.9997692936622107
895555,0.027271987615338656
895556,0.8672436635063537
895557,0.9992857610322035
895558,0.6980829689152827
895559,0.6667964263151112
895560,0.5258287491377205
895561,0.9979832430664655
895562,0.9887141208696806
895563,0.06776304033622493
895564,0.8922029813348619
895565,0.44539259327108566
895566,0.006674176069472719
895567,0.03899100239990955
895568,0.9999656092111039
895569,0.8065266972745877
895570,0.5475262018409236
895571,0.9948268882130706
895572,0.9997386038348423
895573,0.9999426852716533
895574,0.9272368675564073
895575,0.9975346312279125
895576,0.999946368752895
895577,0.3819111910461262
895578,0.9351615410060374
895579,0.9896907521749012
895580,0.5081461192002029
895581,0.1865466437198245
895582,0.999862350730026
895583,0.5545450658655624
895584,0.6549288689756472
895585,0.0950335146681352
895586,0.9701462562380003
895587,0.9256789444818074
895588,0.0029897841131497245
895589,0.99994457474226
895590,0.9792310839285367
895591,0.32943741174143604
895592,0.00292961171901568
895593,0.8471982592812877
895594,0.9999537226013607
895595,0.9739020215381727
895596,0.9999111630692832
895597,0.9915889766795145
895598,0.585028458767111
895599,0.08791911726171298
895600,0.026365127037348453
895601,0.16463336327691197
895602,0.8754171769393665
895603,0.11557148946091864
895604,0.9999434457507983
895605,0.07442449838566385
895606,0.9999707877060839
895607,0.9980099746062453
895608,0.9872861446810619
895609,0.21207494123784149
895610,0.9976059951942071
895611,0.6396931994724289
895612,0.08778483099266454
895613,0.9999766509212411
895614,0.8128312245210023
895615,0.9999714706116107
895616,0.9999816088317268
895617,0.9812937122783529
895618,0.6050904044248158
895619,0.015440194033715191
895620,0.9998727667404521
895621,0.7571499137691304
895622,0.007062513467379866
895623,0.9980577396063182
895624,0.475876607738804
895625,0.1963677582163184
895626,0.4677608822817335
895627,0.9999057625484106
895628,0.06118049451870415
895629,0.9997088353021291
895630,0.953815358057081
895631,0.9573169712039171
895632,0.0034537014498396846
895633,0.5531738167208297
895634,0.9364898874458569
895635,0.9920181504587807
895636,0.8215449395333849
895637,0.5284913013277522
895638,0.9910721196618134
895639,0.9951998741033083
895640,0.5736519564673848
895641,0.038871358268077166
895642,0.9965769438996941
895643,0.12354375544684658
895644,0.9975602141416365
895645,0.6927118301870687
895646,0.360090006964082
895647,0.9613909462889256
895648,0.9564594729866724
895649,0.9777555904626364
895650,0.9992585809836158
895651,0.9926395957364702
895652,0.7098699825064761
895653,0.9919709199836796
895654,0.9999385021998324
895655,0.980166058896572
895656,0.9995917355075096
895657,0.06711269070901084
895658,0.013930462480524257
895659,0.9970424184480774
895660,0.9997396325353307
895661,0.43276472327857707
895662,0.18884426677775498
895663,0.23774036562520884
895664,0.04232178840345614
895665,0.9981080802203924
895666,0.9997471828794848
895667,0.6677790567801278
895668,0.9997871698632701
895669,0.721851966092055
895670,0.8245538013474574
895671,0.9998035555565647
895672,0.4862729770800281
895673,0.9824033776699594
895674,0.9984209188422852
895675,0.959866498977374
895676,0.9981694501145622
895677,0.993667515909354
895678,0.9451965790790988
895679,0.8217761173927349
895680,0.45831785789957064
895681,0.9087171383623501
895682,0.05159152347521073
895683,0.9993195281804508
895684,0.5071256990870457
895685,0.9963111377900649
895686,0.9996316096429816
895687,0.960507470051924
895688,0.9971606098766821
895689,0.9701509653134439
895690,0.9970687049327553
895691,0.9999341487703335
895692,0.9965362051471414
895693,0.3215087828672605
895694,0.9741634178560866
895695,0.9989852224766496
895696,0.6906084931610188
895697,0.994801176936086
895698,0.9975615670716319
895699,0.9998724206431225
895700,0.6999800004330475
895701,0.9993566667407188
895702,0.9979170765355441
895703,0.9441442743992
895704,0.9998024993328783
895705,0.15856973247925735
895706,0.9880616462074967
895707,0.85179106821514
895708,0.030289477380102556
895709,0.06625026946088476
895710,0.328672929449412
895711,0.9997442754591634
895712,0.9994707567429542
895713,0.7432699400852617
895714,0.455308214697446
895715,0.19600816996710416
895716,0.9962507731803012
895717,0.2229041187112818
895718,0.8915603082737174
895719,0.09812664681750927
895720,0.9760662775101128
895721,0.68882615325789
895722,0.05447071946263606
895723,0.8701465055991933
895724,0.057328788008046964
895725,0.982377963557489
895726,0.9643592759197345
895727,0.9124950110303787
895728,0.06255619828322875
895729,0.8239749191851318
895730,0.08111381409422636
895731,0.9999498782848394
895732,0.9999662809465566
895733,0.350717982755991
895734,0.055305451629317784
895735,0.9997494034180366
895736,0.9862380099534408
895737,0.7476810144143846
895738,0.9993279525788565
895739,0.9990860431717168
895740,0.5837830049197857
895741,0.03364027554472686
895742,0.9997215508677092
895743,0.9998074909675865
895744,0.994758051189981
895745,0.9786030381308453
895746,0.9999732584209609
895747,0.06613687707648137
895748,0.5269992395847655
895749,0.011053991426063234
895750,0.9482991568468885
895751,0.9298319306365719
895752,0.03217752931371996
895753,0.9971165709966738
895754,0.9985282891666394
895755,0.4800026925677241
895756,0.36738734790171457
895757,0.7249082691734534
895758,0.22066136081597879
895759,0.6937071922450082
895760,0.8880774396514288
895761,0.9630567080023391
895762,0.9973937544886189
895763,0.9995004961482364
895764,0.03983257366076021
895765,0.8949242529722257
895766,0.6125340842967766
895767,0.9999792660594657
895768,0.3813985815526718
895769,0.6225387956665656
895770,0.3580110233850824
895771,0.9232308777642593
895772,0.8912750948046442
895773,0.9878937792402164
895774,0.9742749284552685
895775,0.9991358183942718
895776,0.043650941321151646
895777,0.9832772825468006
895778,0.22551048655478004
895779,0.33280894046496545
895780,0.9797847529161707
895781,0.06215262044139319
895782,0.9999524315949166
895783,0.5792142647480056
895784,0.2605850019293303
895785,0.9998695228022763
895786,0.9987777892145429
895787,0.3248850174652571
895788,0.7252134133720438
895789,0.9267781744548873
895790,0.11915900827227326
895791,0.6637200286381719
895792,0.9904378103477967
895793,0.3483623743259632
895794,0.3889430704823029
895795,0.03214460020589818
895796,0.8858363123269806
895797,0.9990393974587162
895798,0.07617983176942358
895799,0.7940141377738099
895800,0.1807483904747828
895801,0.9993850323680427
895802,0.9940504484945234
895803,0.05534587307178765
895804,0.9999289563311765
895805,0.9906378868328709
895806,0.8892826827034395
895807,0.7305620006352465
895808,0.9985000524425258
895809,0.7774584150832251
895810,0.9112020983301865
895811,0.9994936027435195
895812,0.47394311622191443
895813,0.005470661013790085
895814,0.5229166325679806
895815,0.5337573005562251
895816,0.9908402575193436
895817,0.556630591983319
895818,0.23513810875073635
895819,0.06934689933661951
895820,0.9996902322610732
895821,0.04374533531158314
895822,0.4444732707565834
895823,0.027891351321777186
895824,0.9984109253357929
895825,0.9995473490614213
895826,0.013411552976267194
895827,0.8746815437834212
895828,0.4000092024228586
895829,0.9949223157729217
895830,0.6198568403252342
895831,0.6765826398195309
895832,0.9999067707763705
895833,0.8110036467700994
895834,0.77892658741421
895835,0.9963190930731836
895836,0.050765054617390476
895837,0.9971402251400927
895838,0.999912975948227
895839,0.05788899299557877
895840,0.28915516186543905
895841,0.9947164339723618
895842,0.18990115170761385
895843,0.9993545316177509
895844,0.6025193187564075
895845,0.9943563986870181
895846,0.4739046820649623
895847,0.997062591240329
895848,0.5381777335281659
895849,0.02710947501613379
895850,0.8779616156409802
895851,0.9998393300257787
895852,0.8697442663061656
895853,0.9964437012479269
895854,0.6643470446418905
895855,0.3526063609276138
895856,0.8894694634701912
895857,0.9995295756549484
895858,0.6003852159785898
895859,0.9390535129955431
895860,0.9609176172888205
895861,0.8580968948302343
895862,0.23202293076275116
895863,0.3049949663412789
895864,0.18847312201652094
895865,0.9939433673640118
895866,0.9998378712661247
895867,0.9973320102717299
895868,0.8958143904627034
895869,0.994363111352704
895870,0.9999468507391309
895871,0.6008205392548369
895872,0.7722514246231741
895873,0.9999039592726566
895874,0.1653398561125459
895875,0.5668034630166479
895876,0.999919012555174
895877,0.4744383359691867
895878,0.9998271889120243
895879,0.9802118098971636
895880,0.0345956041308374
895881,0.9982581815103608
895882,0.06001703918761761
895883,0.9999413008674494
895884,0.039733722334564084
895885,0.08202170735331328
895886,0.2672790140182952
895887,0.997775789514247
895888,0.37582738030511575
895889,0.5503578510857369
895890,0.9972238749850817
895891,0.06907327944536287
895892,0.9998112372303734
895893,0.9487797101382602
895894,0.7850145213617886
895895,0.9996707925085961
895896,0.6248941549465498
895897,0.3951223329118934
895898,0.9359576051059328
895899,0.0227319543002477
895900,0.9053598832163323
895901,0.9994229970781671
895902,0.15842882112810144
895903,0.9255195307922583
895904,0.1751966765179173
895905,0.8883053660338293
895906,0.9998811940076411
895907,0.4587782075208483
895908,0.7521440589270134
895909,0.9999213118682568
895910,0.644789103122699
895911,0.014305740577544988
895912,0.9324635523301843
895913,0.8045827686824519
895914,0.7392089346435556
895915,0.8912740196089329
895916,0.999426152660629
895917,0.6276734706326659
895918,0.8184853420502753
895919,0.9998908438832119
895920,0.9832950396360259
895921,0.8539882900104943
895922,0.9023710148005897
895923,0.2798448602589325
895924,0.7108831468849148
895925,0.4436648147893236
895926,0.999877089083516
895927,0.029847054736187498
895928,0.9955054643892902
895929,0.9998219181211878
895930,0.023197163621663477
895931,0.9889386594114056
895932,0.999869346970478
895933,0.9822387792162701
895934,0.016390112737016335
895935,0.5349392089759556
895936,0.9988714386274066
895937,0.9924207486626102
895938,0.02332361783308912
895939,0.6999422254713858
895940,0.9993707061390149
895941,0.09620068863226558
895942,0.009900751069578656
895943,0.9851266206668494
895944,0.982818757147639
895945,0.40658576159815585
895946,0.6640901126434242
895947,0.9927148038666738
895948,0.8406457431832971
895949,0.9999834470216454
895950,0.23285699093651796
895951,0.7097602993253525
895952,0.8196065874032588
895953,0.8733712945342719
895954,0.5289773639905951
895955,0.959505974950761
895956,0.18031902093954114
895957,0.9998172029017667
895958,0.0103007568146898
895959,0.9999305706206023
895960,0.9886571244946892
895961,0.41541456516662356
895962,0.8704419237446654
895963,0.8485900006823666
895964,0.9834392460141671
895965,0.9975516467965386
895966,0.9982115595112577
895967,0.5830047509170208
895968,0.988493169185763
895969,0.9862736380908752
895970,0.9998973152266258
895971,0.06822236702789888
895972,0.7195013775942318
895973,0.8004692409842281
895974,0.9999810883345728
895975,0.9985281073982325
895976,0.9732928039850097
895977,0.689007939163616
895978,0.9082539404739802
895979,0.999637342466964
895980,0.008980339474158272
895981,0.9957443510466583
895982,0.25059227037792675
895983,0.03649716210927331
895984,0.9820060949250178
895985,0.6536496652820293
895986,0.15940414138746906
895987,0.699552924944167
895988,0.9971682011682005
895989,0.05609296643741882
895990,0.27437739537175165
895991,0.8748241120824732
895992,0.8821367790451471
895993,0.49464848458454935
895994,0.9872621894091982
895995,0.011102773941355344
895996,0.9816938907426631
895997,0.997915940702564
895998,0.9936655475100655
895999,0.1533595637265342
896000,0.6970762745802759
896001,0.3341835278868705
896002,0.9491760503538348
896003,0.18475903043672814
896004,0.9976800920177982
896005,0.9431445250884085
896006,0.9991504722115481
896007,0.007105458533726003
896008,0.05052434323556257
896009,0.9714923340104533
896010,0.9996899475508073
896011,0.9984950276171789
896012,0.05942080310189155
896013,0.9667801556228435
896014,0.7523949626576183
896015,0.9992158660814932
896016,0.7102402060037656
896017,0.9998807249679318
896018,0.9989427306602316
896019,0.999157809486638
896020,0.5151529389629845
896021,0.9994611803737447
896022,0.9866075947900046
896023,0.880468769210792
896024,0.9891818561893618
896025,0.08327076626926846
896026,0.9719582885080301
896027,0.9382344077123297
896028,0.6253118372816575
896029,0.3794691319163514
896030,0.020031814745250776
896031,0.9781484402271918
896032,0.6388585531441011
896033,0.8024686471663034
896034,0.9999739115610584
896035,0.9499740970948092
896036,0.38031959560359485
896037,0.2752303595401939
896038,0.9861901734238967
896039,0.6280550994991769
896040,0.9164043180697944
896041,0.9954953173898848
896042,0.9999164795534952
896043,0.6039972535045083
896044,0.9986610770091964
896045,0.999953364754463
896046,0.7063876852611778
896047,0.994341037347737
896048,0.9298305391474548
896049,0.999987281053193
896050,0.9434119101443588
896051,0.9994984793522925
896052,0.9965740007484605
896053,0.567741315171026
896054,0.9937089863463173
896055,0.9999582415863806
896056,0.9585635408827085
896057,0.9905512549022559
896058,0.904890582663091
896059,0.6969099478649363
896060,0.7320622218130359
896061,0.9990723824047836
896062,0.9996600745897526
896063,0.9814247760577202
896064,0.9879656819488964
896065,0.9999797032175533
896066,0.9985596792363239
896067,0.5898590776619564
896068,0.049849359125489275
896069,0.03651956150487996
896070,0.9680811926552413
896071,0.9980359465174957
896072,0.9507024452570942
896073,0.07293879726461788
896074,0.9902597603112766
896075,0.9998097024385073
896076,0.15709495750671243
896077,0.10705152410645026
896078,0.9997108210138936
896079,0.9989539521895867
896080,0.017192420397956498
896081,0.9995857748971242
896082,0.9982241265255629
896083,0.5812342173425793
896084,0.987456972439642
896085,0.9965073956884456
896086,0.9946639965820693
896087,0.10309658073361908
896088,0.9999808605733056
896089,0.9992710746470939
896090,0.014970315718531949
896091,0.1770316135961389
896092,0.9611132350632654
896093,0.9996734953280899
896094,0.45582988244373085
896095,0.9990415347145826
896096,0.5701502335735329
896097,0.9999004134841531
896098,0.9563184181800695
896099,0.9967382250457667
896100,0.04353211719258437
896101,0.2312086710180951
896102,0.9987796076643524
896103,0.9738791888111301
896104,0.6727518605343299
896105,0.9817677003968465
896106,0.9999124703656014
896107,0.8611111440160476
896108,0.5580724314390725
896109,0.7143216969802484
896110,0.9976761600747871
896111,0.9997479666136357
896112,0.9075159620684337
896113,0.9996261874190011
896114,0.8365609800237777
896115,0.9955139528778565
896116,0.031867072916042544
896117,0.9964646295481878
896118,0.999967329352974
896119,0.6974737026466492
896120,0.8956246087163348
896121,0.9997629372510628
896122,0.9995202300098104
896123,0.07757416684208769
896124,0.009177295588021333
896125,0.9497413181987796
896126,0.752841010856735
896127,0.9931985420586897
896128,0.7252729578428879
896129,0.9995965241466305
896130,0.017582234769722167
896131,0.9995538489745778
896132,0.9992147632147059
896133,0.883987884668682
896134,0.9997063925338266
896135,0.9769974364697835
896136,0.9294223343859823
896137,0.9994828964465133
896138,0.16975475793075132
896139,0.16459475455981828
896140,0.9997940838523427
896141,0.9574765085594895
896142,0.0464090777926688
896143,0.9997950678497345
896144,0.9990995814399621
896145,0.895437285378851
896146,0.9980365678908881
896147,0.9479714781307514
896148,0.996470745154675
896149,0.055927271053064054
896150,0.9973507314814045
896151,0.9972564364489389
896152,0.6789509087780579
896153,0.9996326032004368
896154,0.23897136149819662
896155,0.9999549815407344
896156,0.8572075869975653
896157,0.8266467489885043
896158,0.9999243786520406
896159,0.9998712516037491
896160,0.39727031109824124
896161,0.9999172310746414
896162,0.6226876809260444
896163,0.03827800223405472
896164,0.7022602258325756
896165,0.9989440079167526
896166,0.1922808082159231
896167,0.05416408391737369
896168,0.9992917146199518
896169,0.9982729985777262
896170,0.9687470403342708
896171,0.004516270154622
896172,0.03231208930627909
896173,0.9657863847734549
896174,0.08088074429858642
896175,0.9527294143082012
896176,0.9998143916912695
896177,0.4528979602358735
896178,0.9563761462540836
896179,0.9977369627148482
896180,0.8765038765736378
896181,0.9996565603975556
896182,0.8855417246167827
896183,0.023574087143105348
896184,0.999756238669629
896185,0.9753947644465482
896186,0.9799750238185074
896187,0.740485445335685
896188,0.8912847728079096
896189,0.9999671925700735
896190,0.9991652375856992
896191,0.8700698271976981
896192,0.9983710635272726
896193,0.9998880220140525
896194,0.9806642070028616
896195,0.9978331123433212
896196,0.4286298407401371
896197,0.5646560678631113
896198,0.288734057486914
896199,0.013008408484659593
896200,0.8295130232564661
896201,0.018757285796112057
896202,0.9738323866581564
896203,0.9909385727925546
896204,0.17652173409572797
896205,0.9998596667206365
896206,0.5611902565107337
896207,0.9996731027546593
896208,0.13260487756386835
896209,0.9996087227393323
896210,0.13080328424639906
896211,0.904635464455517
896212,0.7070554108721032
896213,0.2210045476945949
896214,0.8049295884341516
896215,0.2751380976648541
896216,0.13060538632579363
896217,0.9518309743038789
896218,0.9903496151430917
896219,0.7528732977553094
896220,0.8400614359060055
896221,0.20596243718658047
896222,0.9996280356501501
896223,0.9999117809365076
896224,0.9776250785136635
896225,0.9995822078981611
896226,0.8446265670377519
896227,0.9987531550590019
896228,0.9020221822756354
896229,0.9841019093760299
896230,0.320728391206144
896231,0.9999585235060269
896232,0.5609803165943676
896233,0.32209067579079403
896234,0.07781317708943329
896235,0.9999944792019448
896236,0.03931872010510422
896237,0.9981792469184368
896238,0.9996124842171158
896239,0.06538666542779271
896240,0.9994589575168443
896241,0.9993678442985796
896242,0.4245097582391918
896243,0.2625508240213179
896244,0.9984770810850319
896245,0.9996186733227671
896246,0.999641241614653
896247,0.3785324503873911
896248,0.13582366180060435
896249,0.0729536122655327
896250,0.9916439794725392
896251,0.9939748894914469
896252,0.9636602876525842
896253,0.9430670209848244
896254,0.9974100440994381
896255,0.698175551693809
896256,0.1011486145222693
896257,0.6866189693270358
896258,0.9997905769929792
896259,0.9781388296499223
896260,0.8596776282270729
896261,0.9954836233220851
896262,0.9997009823241417
896263,0.9948617171509131
896264,0.2035689537661428
896265,0.9984976168427544
896266,0.9934363559219275
896267,0.15069346407119963
896268,0.5855764532234503
896269,0.08881867582127713
896270,0.8160935396809564
896271,0.9990441993384361
896272,0.8620403321284811
896273,0.9986031837862714
896274,0.005784527132849161
896275,0.9979576806707666
896276,0.9999881524341527
896277,0.9999319754457869
896278,0.9991675614766
896279,0.004089642039731805
896280,0.12699475014200368
896281,0.6151603535832529
896282,0.9997176876804794
896283,0.5958438204218194
896284,0.08335892746560726
896285,0.9998839346486113
896286,0.47980781036964826
896287,0.34248487918639303
896288,0.007980140149170688
896289,0.21621400239596816
896290,0.8998509892232891
896291,0.013507452539049548
896292,0.09580195330265753
896293,0.35219319419509953
896294,0.9998909415651414
896295,0.003342922976884442
896296,0.9545381747398316
896297,0.999691212628236
896298,0.580864869525641
896299,0.7645075760585951
896300,0.9999636231753644
896301,0.8631936307265697
896302,0.5578097650421207
896303,0.010754196966814893
896304,0.167803207117562
896305,0.9999924479459323
896306,0.3416375696469145
896307,0.42178074356376927
896308,0.018430733429871622
896309,0.8993573208374808
896310,0.999929402325066
896311,0.9986202154601785
896312,0.13523336114736914
896313,0.8266469396829985
896314,0.9996126609772178
896315,0.40189552623694247
896316,0.5023125454870552
896317,0.3237389869062787
896318,0.0501138120921987
896319,0.9999371159141461
896320,0.9995606054776663
896321,0.8941997490947586
896322,0.955639413072378
896323,0.8996854575417695
896324,0.5718418874820186
896325,0.9993092616985746
896326,0.07025872650383072
896327,0.9999326282968022
896328,0.6772759376582275
896329,0.11880067401749983
896330,0.8213711004636126
896331,0.9990012823534735
896332,0.9996708257990357
896333,0.9991424749256366
896334,0.9997932780798129
896335,0.2980040184035728
896336,0.9719289683741628
896337,0.2727222431790688
896338,0.02714344783433437
896339,0.9999279685252938
896340,0.7291932839161495
896341,0.8608760333355578
896342,0.9990349178324884
896343,0.13452047535547965
896344,0.9618642589723381
896345,0.4327739884484084
896346,0.9999650623612696
896347,0.9994410990261431
896348,0.37704778485832047
896349,0.17269525107402675
896350,0.023136516495592216
896351,0.9998669332805095
896352,0.03457829488191642
896353,0.9263619948122443
896354,0.9999218493864334
896355,0.14837530098516485
896356,0.9987389800186103
896357,0.017013109239960467
896358,0.9996936352995185
896359,0.9956812667020569
896360,0.9997503347243079
896361,0.2539136472989137
896362,0.999750877060031
896363,0.5857906946657303
896364,0.956570996876702
896365,0.9884935356004512
896366,0.9995143201665114
896367,0.8014961528350804
896368,0.0594842764176743
896369,0.9996524933077287
896370,0.9999639274642547
896371,0.999882608987244
896372,0.8032721101794005
896373,0.3553054239158433
896374,0.3545698634675637
896375,0.930181426311653
896376,0.9997478806754101
896377,0.09579869376280703
896378,0.9564542534871272
896379,0.5300334555553822
896380,0.9991991321206686
896381,0.9188756180507118
896382,0.9997919619969533
896383,0.999754019306774
896384,0.28830678686453404
896385,0.06548991148789533
896386,0.9653930120248244
896387,0.2243042673774407
896388,0.5159446142774029
896389,0.02959588482011992
896390,0.999290368964314
896391,0.045532024832335004
896392,0.42698272570476586
896393,0.8256152747810431
896394,0.974865151800191
896395,0.999104750692573
896396,0.8029841569093474
896397,0.9494421688913415
896398,0.44329959897297017
896399,0.050109117834672874
896400,0.9958553478303711
896401,0.9999833379160233
896402,0.9973575434651728
896403,0.19636684039701738
896404,0.6204654675786002
896405,0.1090194786473405
896406,0.7908839657373736
896407,0.9994846922674245
896408,0.9178987845943836
896409,0.9999642695091124
896410,0.8922663378407415
896411,0.9876711183383613
896412,0.9988966110614743
896413,0.7960989575029611
896414,0.993377637723568
896415,0.9999895968066478
896416,0.9398517838325373
896417,0.9939561772432725
896418,0.8507610200589478
896419,0.992126881378833
896420,0.022214430393706054
896421,0.9990354951425733
896422,0.11235132828593773
896423,0.20091558698618622
896424,0.9996231557918999
896425,0.9995867071698725
896426,0.7792065885420936
896427,0.48193885326940805
896428,0.2275909030131812
896429,0.9999916226503167
896430,0.5233807903827743
896431,0.999967380079513
896432,0.9902484855837895
896433,0.46666869920049414
896434,0.9989328523687312
896435,0.028768629900902995
896436,0.9998935085485405
896437,0.9999510401926512
896438,0.997920967283423
896439,0.4749955919675122
896440,0.7240893822458068
896441,0.40965587902683953
896442,0.9999232114177538
896443,0.5240313490437195
896444,0.48498331036540004
896445,0.807434157647442
896446,0.5452220847313831
896447,0.9490340218208548
896448,0.7241610383261305
896449,0.9994989778723811
896450,0.49737304441450436
896451,0.9906823499261783
896452,0.9995017389980166
896453,0.9993598598297913
896454,0.9980004036801241
896455,0.9871285800834455
896456,0.9582371481924352
896457,0.24301867823107506
896458,0.044457705529995444
896459,0.999956941120488
896460,0.7140212044352494
896461,0.9993412037091255
896462,0.9961581013497115
896463,0.02578739722281484
896464,0.9999482833793066
896465,0.9989405191013621
896466,0.8531567300430811
896467,0.08837622959896747
896468,0.04244072864272762
896469,0.5784875220178571
896470,0.38180643347210047
896471,0.056150616389290586
896472,0.9999735938756386
896473,0.8013378750660266
896474,0.0818222131829745
896475,0.8514235301772954
896476,0.01750386231417172
896477,0.9993684223471595
896478,0.9969795804803434
896479,0.9840546711670484
896480,0.9994221470746957
896481,0.9998142094866673
896482,0.19546731944408058
896483,0.8775896551145963
896484,0.8949826516442476
896485,0.0038909397887796544
896486,0.98658536152443
896487,0.785669920301871
896488,0.9901993615590434
896489,0.6317824645754854
896490,0.9997115965834735
896491,0.01632957897095155
896492,0.9997908239400588
896493,0.9999183929878529
896494,0.5859760168422004
896495,0.9865466370348142
896496,0.8766344524042786
896497,0.02152781899079829
896498,0.902597804075643
896499,0.048635867465639054
896500,0.7503426678478173
896501,0.5313656881806875
896502,0.048904080010828785
896503,0.9509604015808333
896504,0.9999904138893871
896505,0.16748584870881336
896506,0.917528435049305
896507,0.9981643385488825
896508,0.01498977729973371
896509,0.26494568530625384
896510,0.8501881428264608
896511,0.9998513151562624
896512,0.12559656894839552
896513,0.00460428249136059
896514,0.25981865958227335
896515,0.9979765286625308
896516,0.957514852130791
896517,0.9952912635048189
896518,0.020515652204910074
896519,0.6405360776534256
896520,0.006963523590282608
896521,0.7713923085590558
896522,0.5544605711995131
896523,0.9388389050066636
896524,0.8797112215177522
896525,0.9998123141939869
896526,0.15948765476014343
896527,0.5912006175325868
896528,0.9608378733628056
896529,0.9998907801958342
896530,0.9871921002979864
896531,0.5906263477564786
896532,0.2993837836254239
896533,0.2625854324980651
896534,0.043931494223535365
896535,0.9744813084122678
896536,0.9963764567400709
896537,0.9952159392396
896538,0.017931532151161774
896539,0.9725952828309515
896540,0.9995092987644077
896541,0.9309346790226813
896542,0.9984944976563941
896543,0.9979617861828485
896544,0.5122912975956516
896545,0.99715068313748
896546,0.9994833228709696
896547,0.9999503773584905
896548,0.99965400861367
896549,0.9997543693683842
896550,0.9998757477733656
896551,0.007664106933995983
896552,0.954998947333078
896553,0.9812881663531632
896554,0.9576068884774837
896555,0.9976650824283504
896556,0.9996879600403155
896557,0.911802878122747
896558,0.9982736091245947
896559,0.8201313408464961
896560,0.7660754060463154
896561,0.6303331646644681
896562,0.008160517689501533
896563,0.9991040210307724
896564,0.1119031949754014
896565,0.9169698702512381
896566,0.9986848053015754
896567,0.9369963096601722
896568,0.999688477340013
896569,0.9562528156670609
896570,0.9199649185523247
896571,0.9963534755189769
896572,0.9278263839849905
896573,0.8060321550641693
896574,0.988432328396253
896575,0.9995926126253916
896576,0.9947526666257946
896577,0.378645397192986
896578,0.9998092219765609
896579,0.9616187757585479
896580,0.9996077603565219
896581,0.38137498204034087
896582,0.9972174917317785
896583,0.9781760443202026
896584,0.8213883388335729
896585,0.6398166056482459
896586,0.7947846371746399
896587,0.9706835372226743
896588,0.9999458095296513
896589,0.8516625155837982
896590,0.41913857987372466
896591,0.9567205696828285
896592,0.9734970774788827
896593,0.9998087654850227
896594,0.9985370791969919
896595,0.9680503136444201
896596,0.9832337949177108
896597,0.3499712037070526
896598,0.18744129690619948
896599,0.8086655372915673
896600,0.8845241897569435
896601,0.80983008763364
896602,0.2890213923512379
896603,0.7191460478533864
896604,0.019193065160279417
896605,0.9998500814124278
896606,0.9538269519222634
896607,0.9980465519924929
896608,0.8440695718863632
896609,0.049742222627545296
896610,0.15519856402349708
896611,0.9685919585567436
896612,0.005451920562862672
896613,0.9944059421889156
896614,0.9837333103735899
896615,0.5183403613826792
896616,0.99487596878521
896617,0.9999886866586563
896618,0.9943992738088216
896619,0.9755965217854383
896620,0.9997131286142682
896621,0.668550168861867
896622,0.9248582133148324
896623,0.9930028933788215
896624,0.8832636193903293
896625,0.9995678112944517
896626,0.999741114022234
896627,0.9981802083692197
896628,0.673340955225447
896629,0.978228282879906
896630,0.09681949397740428
896631,0.1397983912599331
896632,0.6856869345460436
896633,0.3588914597106929
896634,0.2365004029883077
896635,0.9987606199283019
896636,0.9994491170067354
896637,0.7447352296433569
896638,0.9981671908613692
896639,0.1622731138004576
896640,0.9998413294764128
896641,0.9993529547263862
896642,0.9837874747698806
896643,0.9998813332862078
896644,0.3233911331137584
896645,0.05963210644015282
896646,0.9997343526097282
896647,0.9134369333762979
896648,0.9332298451951657
896649,0.9999654982308186
896650,0.9999206405558643
896651,0.4104204127365389
896652,0.9757097641491064
896653,0.9857787835359724
896654,0.9893645716974915
896655,0.9998829055664573
896656,0.9996392772880092
896657,0.9079089356319919
896658,0.7332121333690125
896659,0.568449694367653
896660,0.9998851943934608
896661,0.8983976780503333
896662,0.9867904148674156
896663,0.9987654926306482
896664,0.6154580420839134
896665,0.9995606512974128
896666,0.9969130449213853
896667,0.5678785477417906
896668,0.9554688945627864
896669,0.5765134132136372
896670,0.9639819969469183
896671,0.9975171603363099
896672,0.9854381748038055
896673,0.7747883737276269
896674,0.9938588698596529
896675,0.8518072667313976
896676,0.9440129249753264
896677,0.6304559508991627
896678,0.8160615826339981
896679,0.7471211044109174
896680,0.09664505024138575
896681,0.984264892451457
896682,0.9918526832875866
896683,0.021559810097816552
896684,0.9266929886041884
896685,0.9990216968000383
896686,0.01642109655528154
896687,0.9992540360781309
896688,0.9999113679266844
896689,0.9970521191473578
896690,0.9996330295169691
896691,0.9997796452260597
896692,0.11899011678552807
896693,0.9997339969370486
896694,0.9999404852398741
896695,0.9987568436013199
896696,0.9223902834882441
896697,0.9868003988648366
896698,0.12987693388188618
896699,0.6594008447923663
896700,0.7382169896344448
896701,0.9964700770352415
896702,0.8814309866601789
896703,0.5475863444930573
896704,0.8290847674445649
896705,0.9872294811030938
896706,0.9970828418063534
896707,0.9385464669297365
896708,0.7506553830214926
896709,0.9476169138651578
896710,0.9944172704583374
896711,0.6224141571608273
896712,0.9768990676533769
896713,0.3251338644303179
896714,0.9728961559588066
896715,0.25960317118367127
896716,0.9973825739745116
896717,0.006848559047912265
896718,0.7454553526252998
896719,0.3306736635967482
896720,0.999967915107925
896721,0.48678210829554414
896722,0.054790008869355415
896723,0.02257137177493776
896724,0.9700035498291818
896725,0.6078040403681244
896726,0.996007982904121
896727,0.9915494285150773
896728,0.9999272102892395
896729,0.9996798741263665
896730,0.9999195527023232
896731,0.01478602348125831
896732,0.999586674924312
896733,0.019275240480779603
896734,0.0890617608794784
896735,0.9757470373454011
896736,0.9982321087963988
896737,0.9873128549951562
896738,0.9981710222064013
896739,0.45919439174657906
896740,0.387882308400619
896741,0.9621532706433431
896742,0.9995422679869151
896743,0.9991849094308163
896744,0.6013047760912286
896745,0.06450766409539212
896746,0.9948414345871944
896747,0.16027718778614902
896748,0.9922554766477268
896749,0.1080773347407468
896750,0.9999804151894831
896751,0.9831180295747515
896752,0.9998788221786343
896753,0.9982233536494873
896754,0.49539303629573384
896755,0.9070810023993408
896756,0.7578429324327346
896757,0.47871566036700663
896758,0.9395276741801547
896759,0.9849049552722512
896760,0.9897497951988473
896761,0.9995182057449236
896762,0.9089030606867577
896763,0.9990306634587336
896764,0.7347386786280308
896765,0.7750302239009126
896766,0.9619462587183768
896767,0.9999286059758015
896768,0.999925387738658
896769,0.9999665551989934
896770,0.9961763462315804
896771,0.7294077745816776
896772,0.4978011823855405
896773,0.9999637778815419
896774,0.25872734608835973
896775,0.13021133014870107
896776,0.9997717349469156
896777,0.3026720699064148
896778,0.9996964105857187
896779,0.8124070483402631
896780,0.10286217507650502
896781,0.9978123304427802
896782,0.9929856544440276
896783,0.07453874156761782
896784,0.9999512500334511
896785,0.10377376229530313
896786,0.6387707969942564
896787,0.9848515324410574
896788,0.9986737852988172
896789,0.9869994319662385
896790,0.6160192316163063
896791,0.999824844104884
896792,0.10129234155813968
896793,0.6041750450446137
896794,0.9774564296189521
896795,0.9997324886208883
896796,0.9979805977546239
896797,0.8269156096866269
896798,0.978205340891007
896799,0.9996282663568852
896800,0.948065399362817
896801,0.5205287781823291
896802,0.9993781326977045
896803,0.8643480336969778
896804,0.020515967127415356
896805,0.9985119755980856
896806,0.8184060834044224
896807,0.4228032221157073
896808,0.9999241734974122
896809,0.781675853108267
896810,0.4413854817165538
896811,0.9998867590955237
896812,0.2860142365457114
896813,0.32880786045594756
896814,0.8370216305065264
896815,0.940574456497299
896816,0.9998350350580076
896817,0.5989072189457054
896818,0.07095166172822227
896819,0.9476710023205556
896820,0.0013605743636521017
896821,0.2845285522410014
896822,0.9993883207863417
896823,0.9746938772002693
896824,0.18114038889770845
896825,0.44237622500023444
896826,0.9997747500858472
896827,0.999710229991535
896828,0.9993012620897785
896829,0.9997572782153219
896830,0.999834737910732
896831,0.9987496454208189
896832,0.0038290518952558764
896833,0.9957638027489548
896834,0.9372364870952852
896835,0.9741412871782692
896836,0.9994342001053713
896837,0.9983401073855793
896838,0.121341783988116
896839,0.2906512069222768
896840,0.5511043846432553
896841,0.9999124548541234
896842,0.9997715941451943
896843,0.9999360561953902
896844,0.40404731981115366
896845,0.9984446001329607
896846,0.06255337599478263
896847,0.9952676202063065
896848,0.9800847080622475
896849,0.1370905673075639
896850,0.9999402790782645
896851,0.7724924539199781
896852,0.647082103803406
896853,0.996353864606536
896854,0.9997412042829237
896855,0.9999568781890269
896856,0.5962072615991076
896857,0.9707780433131594
896858,0.9995652312311101
896859,0.13286035006137475
896860,0.8781784289727638
896861,0.35099833764417726
896862,0.027859030935023635
896863,0.9999530032231466
896864,0.17802297987484222
896865,0.009728832439035849
896866,0.9879832920811236
896867,0.47376005828485385
896868,0.14221068000140352
896869,0.07833094542860183
896870,0.9999551324229914
896871,0.22559085155991399
896872,0.1886818515333494
896873,0.9995818063399915
896874,0.9998259113094538
896875,0.6013098804870408
896876,0.8548966110794189
896877,0.6321122302195754
896878,0.9950099544099952
896879,0.9996105534628047
896880,0.9979753950847954
896881,0.7491253549677683
896882,0.9760554647640873
896883,0.9982438734639175
896884,0.8004375350221204
896885,0.9998661687123014
896886,0.6556440041533069
896887,0.9925269590756562
896888,0.009340183242416247
896889,0.023915210805852065
896890,0.9999253032465032
896891,0.9910261737120487
896892,0.020114332434216276
896893,0.1933891134822168
896894,0.11191403391685013
896895,0.5776484379330827
896896,0.8810533323441201
896897,0.46639634783039075
896898,0.9999019604119279
896899,0.9996634811329799
896900,0.9999090679871849
896901,0.2925183127367987
896902,0.960882438842705
896903,0.9997941446784593
896904,0.816742474415954
896905,0.0613412590254336
896906,0.7084920252922434
896907,0.9998546838562596
896908,0.3622345629040651
896909,0.24210454989244046
896910,0.9929830263132944
896911,0.9793157038147338
896912,0.9940619034076192
896913,0.02128910999063552
896914,0.9953986973935562
896915,0.3199022289293589
896916,0.9445857720059352
896917,0.0032332722166956923
896918,0.9850428427597615
896919,0.999294651144576
896920,0.028323717650833413
896921,0.9831435348230275
896922,0.9988424165018623
896923,0.9626186836581107
896924,0.8962187139263649
896925,0.09790696329470622
896926,0.9999526998700639
896927,0.8944179039090463
896928,0.7560123803855974
896929,0.9999508200015241
896930,0.9999602392337263
896931,0.5298865584580433
896932,0.9966975062767074
896933,0.9932850987240189
896934,0.9999608678484484
896935,0.8468369847304463
896936,0.6336799206536006
896937,0.26732592616955103
896938,0.9981234802389323
896939,0.569116793322863
896940,0.9999890782357833
896941,0.9621902268720234
896942,0.0149109149500478
896943,0.9996674645847985
896944,0.19888317926682575
896945,0.04289557203927586
896946,0.9993389500715737
896947,0.9448057733832951
896948,0.46490367943760896
896949,0.4451135819317983
896950,0.9983151403574317
896951,0.08564586145173098
896952,0.9993151745055446
896953,0.018401835498398626
896954,0.9998107501944422
896955,0.5068229746871113
896956,0.7812335225990432
896957,0.999952998810719
896958,0.9994499519929116
896959,0.9999250952684975
896960,0.8937216663691232
896961,0.7008889448786978
896962,0.95127450518546
896963,0.99915220171059
896964,0.9999505449459558
896965,0.5856826680980326
896966,0.8363429542457668
896967,0.9998839335800436
896968,0.5404905092546547
896969,0.9743809765486315
896970,0.9998648230889974
896971,0.7718492567350308
896972,0.9995627484664098
896973,0.9999907662085945
896974,0.9999273253982753
896975,0.9998518509011116
896976,0.10420489254676965
896977,0.4004882501119838
896978,0.857249657360047
896979,0.9999909777739305
896980,0.9998294347935537
896981,0.999956056586256
896982,0.9692197629519429
896983,0.7074231184710482
896984,0.9901203299621029
896985,0.9998640763995357
896986,0.9999025960331138
896987,0.14118056286816208
896988,0.9967720191454943
896989,0.9829747125346768
896990,0.17476526990946015
896991,0.8260746731308797
896992,0.983356328704297
896993,0.9989936575892886
896994,0.0037088045290236057
896995,0.12543689483910203
896996,0.8845236674438938
896997,0.9710106125661695
896998,0.08005299336127741
896999,0.9943849783337176
897000,0.9826937281806569
897001,0.9966707534662342
897002,0.9072550361269853
897003,0.6515161485743965
897004,0.44274155096055134
897005,0.5745470266095529
897006,0.8252230277063454
897007,0.995961372428327
897008,0.9374647485424022
897009,0.8928093955163117
897010,0.9016341882808263
897011,0.3466299322535668
897012,0.9960756639762385
897013,0.47013672701260967
897014,0.9998985046894623
897015,0.9999691713751204
897016,0.9996942195499341
897017,0.9997717073538493
897018,0.9998223407724911
897019,0.9437888641235348
897020,0.15959642195477258
897021,0.4824851643682504
897022,0.6390918079107574
897023,0.9991040281070731
897024,0.025831085771146435
897025,0.9670480012982249
897026,0.6153002393969368
897027,0.44937038858567924
897028,0.9996359044976219
897029,0.9996078248277245
897030,0.8833701026090985
897031,0.41357952676073473
897032,0.9999838188154561
897033,0.9849908306624426
897034,0.04735877831539884
897035,0.9989371640762573
897036,0.28455932583154453
897037,0.02807494117713668
897038,0.7138605088472861
897039,0.9998044441734704
897040,0.010267585887421452
897041,0.9999251300304386
897042,0.9608282274811254
897043,0.9984548947699007
897044,0.9922023876771503
897045,0.10082406067321942
897046,0.02441487542452406
897047,0.009631218673115848
897048,0.9998363930844512
897049,0.009466419313581664
897050,0.03803615185271491
897051,0.0563422787009915
897052,0.06646600619622396
897053,0.9993247778028818
897054,0.9995802161830086
897055,0.9992714734119028
897056,0.9960545353401704
897057,0.7199837664431812
897058,0.9999665476932827
897059,0.018614532600733775
897060,0.9825646686488139
897061,0.7487143821732728
897062,0.7244354583005557
897063,0.992456310035494
897064,0.9728009567858944
897065,0.42972906608209216
897066,0.9995722523936152
897067,0.4721048972370033
897068,0.9539381229139895
897069,0.9978742860157523
897070,0.9988097370715739
897071,0.03856957678068536
897072,0.15989887117478144
897073,0.596866013663966
897074,0.9899755835273605
897075,0.07015592325618135
897076,0.9968935476378326
897077,0.8558069038875376
897078,0.999400736176101
897079,0.9996401601668491
897080,0.8120467414150736
897081,0.015440853172690302
897082,0.02148972427161625
897083,0.9810928542600763
897084,0.2194103884759239
897085,0.9998853728559789
897086,0.9352938199221501
897087,0.18685198249566048
897088,0.9690577024436411
897089,0.05834426741662214
897090,0.9973292983804782
897091,0.5534706636834209
897092,0.06105432751275031
897093,0.05531075512860716
897094,0.9386322526287032
897095,0.033980412034847265
897096,0.768272933776763
897097,0.6248506942705727
897098,0.9987485251346961
897099,0.029527269008485933
897100,0.99241959874881
897101,0.0706496538281946
897102,0.9925237560440661
897103,0.04785110544846359
897104,0.6553452247203891
897105,0.999536297457216
897106,0.8631934683177629
897107,0.9995702776755657
897108,0.7686285214647107
897109,0.9999763659454746
897110,0.9998913431398558
897111,0.9986061193999622
897112,0.8300943525616565
897113,0.5691602363179364
897114,0.9245754219955065
897115,0.0779745855342524
897116,0.6801071409053017
897117,0.043179889055271224
897118,0.686562090844164
897119,0.9999069861186891
897120,0.22606579974491853
897121,0.9998946254861532
897122,0.1502409887727817
897123,0.6560538247727984
897124,0.9999643785662992
897125,0.18384534976097439
897126,0.051307797305190306
897127,0.16232708279613448
897128,0.9997987225830414
897129,0.4100307150447241
897130,0.9909633354621437
897131,0.9697297956316815
897132,0.9689146645540588
897133,0.9397834236787878
897134,0.9998988681321539
897135,0.9998808737769647
897136,0.9824270340863052
897137,0.21521808090941985
897138,0.08324906443540904
897139,0.9962671378476895
897140,0.8971403955552042
897141,0.10405615203019883
897142,0.9997633351718804
897143,0.5347912094302613
897144,0.997766260181859
897145,0.4366291721876305
897146,0.21178992466908947
897147,0.999725793737756
897148,0.003573215458418098
897149,0.058500467185545225
897150,0.574013253737244
897151,0.9234990174426427
897152,0.18054541798123097
897153,0.9997903355259297
897154,0.5133333298623811
897155,0.020191995332531982
897156,0.9514195650618738
897157,0.044482162765732594
897158,0.9900697166613086
897159,0.9503434165465399
897160,0.4583819767747396
897161,0.4503325916678683
897162,0.34059469979982426
897163,0.9585752757156216
897164,0.998091772874938
897165,0.998757978403172
897166,0.031212344885801338
897167,0.65482453234458
897168,0.5868933981368895
897169,0.508994543738073
897170,0.007158993474599037
897171,0.6494615267342813
897172,0.9996404893484407
897173,0.2198664369874937
897174,0.9999617457347929
897175,0.17720059390025025
897176,0.9972951984197234
897177,0.9998826024893943
897178,0.9979806553810995
897179,0.9979419296404746
897180,0.9949357072106231
897181,0.6686949102301412
897182,0.9996514055667014
897183,0.9995617167366196
897184,0.9999203274686146
897185,0.9826332594382677
897186,0.9997387155585988
897187,0.9046358391702234
897188,0.9929987139986868
897189,0.9956213540012309
897190,0.9996286475130503
897191,0.9991972922834625
897192,0.06140171309799806
897193,0.581981458656605
897194,0.45947095970809326
897195,0.9955448158432632
897196,0.9795550907209736
897197,0.8541577501181397
897198,0.8135972080944316
897199,0.5568523891541968
897200,0.6078040858878516
897201,0.9336365379968368
897202,0.9907612473075811
897203,0.4035675266903258
897204,0.4469044739603264
897205,0.5893852904672802
897206,0.986062770630131
897207,0.10309300250714884
897208,0.8808390987258828
897209,0.04208997700022647
897210,0.9995981532408565
897211,0.21548847822041153
897212,0.3667456716146553
897213,0.03175202480793807
897214,0.7423022621401251
897215,0.0033714410132721704
897216,0.1941023146011903
897217,0.9952889006586255
897218,0.9994952848153623
897219,0.7430689241256492
897220,0.010724161488491766
897221,0.8390756431551499
897222,0.9997733266163844
897223,0.9994256430269006
897224,0.9994589516584208
897225,0.9203823372901341
897226,0.9998368964240645
897227,0.5144964404174109
897228,0.8349416517938402
897229,0.021952701240580737
897230,0.9347293610587082
897231,0.9444554380404695
897232,0.29518400752660795
897233,0.9999211044423979
897234,0.42281572815475604
897235,0.9963402086412507
897236,0.5286876750929257
897237,0.9899265750766533
897238,0.19480172146380714
897239,0.9995128959755439
897240,0.8536403629286834
897241,0.03057671400300538
897242,0.3291400800095905
897243,0.8094268633171715
897244,0.9999699520797998
897245,0.9998469829943847
897246,0.9999676553257033
897247,0.9990105633499138
897248,0.0045246993811340775
897249,0.9952619625180631
897250,0.9844915801884248
897251,0.022382016337858954
897252,0.696044391871087
897253,0.9968936533626124
897254,0.993964813242778
897255,0.997744884181624
897256,0.9998595513421042
897257,0.4847933053560356
897258,0.3631589591825282
897259,0.33188825234117997
897260,0.8954283601062465
897261,0.9997557620458501
897262,0.2426489320041369
897263,0.9795177601900139
897264,0.9928913384716076
897265,0.6216970255267467
897266,0.9997369907991427
897267,0.19869163846303878
897268,0.695689388731298
897269,0.5558116547649137
897270,0.9967003991973276
897271,0.9995452434066812
897272,0.6905544434998868
897273,0.9371318671281971
897274,0.02363476532119447
897275,0.4313033352178251
897276,0.7076604307984407
897277,0.9998933937733173
897278,0.9988176984422886
897279,0.8456606511419869
897280,0.999834070803475
897281,0.4299668555031858
897282,0.9962919574975506
897283,0.9987690042561834
897284,0.9865070721395889
897285,0.1802423601165131
897286,0.9998251123475691
897287,0.5294363558592242
897288,0.9815577101264044
897289,0.9992617472526167
897290,0.7995104099166526
897291,0.7157708195231243
897292,0.998780408660586
897293,0.009930435790486516
897294,0.08663574973543259
897295,0.9845123161591371
897296,0.9996066592156272
897297,0.46347211845170544
897298,0.9406469251453312
897299,0.8741277486667121
897300,0.9998487480027285
897301,0.42390641177260735
897302,0.23155995699362208
897303,0.9996172713670546
897304,0.5577937564672653
897305,0.9998323239360165
897306,0.9998377076973788
897307,0.9945531084532035
897308,0.3815480994931379
897309,0.2045748045764803
897310,0.9998785982768157
897311,0.20001902080042064
897312,0.9997818710270596
897313,0.9998187587065448
897314,0.9778111461012216
897315,0.9998621506223877
897316,0.19120783060066215
897317,0.9984325580702262
897318,0.0886760173190213
897319,0.6904254921185341
897320,0.32193090455125617
897321,0.9995713378124603
897322,0.9999834151597279
897323,0.999792464517533
897324,0.9999420112914938
897325,0.9926045346860041
897326,0.9990305752632247
897327,0.999761551745889
897328,0.999971415158149
897329,0.9792954320746698
897330,0.04022750620865023
897331,0.04203615920598424
897332,0.2397209228797349
897333,0.8580423685160006
897334,0.14792232322275362
897335,0.5485050726824466
897336,0.999549120641487
897337,0.9964888094983758
897338,0.6008698055420753
897339,0.9999366799436391
897340,0.550991608760276
897341,0.9998724897403097
897342,0.6086349266023806
897343,0.04656946337794124
897344,0.9988738720858221
897345,0.007018553493965925
897346,0.9993047718561183
897347,0.9998253114317847
897348,0.9966871730257405
897349,0.9993988107353449
897350,0.9979380316975088
897351,0.8894757014874701
897352,0.9999798603386125
897353,0.3565754258405912
897354,0.682072810689697
897355,0.0426733381741513
897356,0.9963978641496963
897357,0.9978793763853891
897358,0.8690860163190121
897359,0.9996966673006107
897360,0.06924642467989599
897361,0.007514674064402116
897362,0.9980185653259024
897363,0.9995654424106634
897364,0.9992311546040242
897365,0.9980095026422277
897366,0.9721261453227958
897367,0.6560910276218643
897368,0.2819546546076868
897369,0.9999875928663273
897370,0.6757646913627899
897371,0.9961966201071267
897372,0.47192675154301333
897373,0.5186981460802167
897374,0.9996712942104731
897375,0.9991834040952912
897376,0.3644338239176812
897377,0.978636382483201
897378,0.9988119734372305
897379,0.18366271397786155
897380,0.9992421756095144
897381,0.17817209715304522
897382,0.4566130560396926
897383,0.059819120653306024
897384,0.9784089917887573
897385,0.9961163819522859
897386,0.8735781704624069
897387,0.9275694139129976
897388,0.9998858518228316
897389,0.9799080631642011
897390,0.008819559564595078
897391,0.9900688358576114
897392,0.9808549357940046
897393,0.09465371736946379
897394,0.9997935280849397
897395,0.7966275973917532
897396,0.9996277455395337
897397,0.02860890948087445
897398,0.999872754972945
897399,0.9639078488583265
897400,0.9993033777643859
897401,0.9942913941832865
897402,0.00399350100053097
897403,0.9422621574390383
897404,0.2800472967860174
897405,0.2696690776469381
897406,0.9997714700722179
897407,0.9986356287036149
897408,0.9998528813862235
897409,0.9987001244776104
897410,0.7514488543159193
897411,0.6407457810075048
897412,0.9966272567028953
897413,0.9996767929058645
897414,0.5099853939936285
897415,0.9989450330533858
897416,0.8954154279168776
897417,0.9999291635824842
897418,0.3626923259684771
897419,0.9884221079918571
897420,0.9487761485388506
897421,0.9937113816691494
897422,0.9984620901030499
897423,0.7117263320673839
897424,0.059390646955429754
897425,0.9128617243754715
897426,0.9997102148146517
897427,0.9911423242556664
897428,0.6037334418050051
897429,0.9956063436440354
897430,0.622298139588194
897431,0.8805052584259236
897432,0.6776618686143301
897433,0.9978011853843456
897434,0.999110111953484
897435,0.16337167911708278
897436,0.8345579078296468
897437,0.8384962570834518
897438,0.9270225263092249
897439,0.9999805272801261
897440,0.06458747677081288
897441,0.20700580002103341
897442,0.9997096793854545
897443,0.030958298094133564
897444,0.8932712017273778
897445,0.9999841521081835
897446,0.9999257375392478
897447,0.999865839294132
897448,0.0036581634843044324
897449,0.728572140677582
897450,0.9998016488398488
897451,0.9995410675544325
897452,0.02306092582517985
897453,0.9997679214078831
897454,0.9999921479018243
897455,0.013930459721483508
897456,0.06742931309222236
897457,0.5117201556613749
897458,0.6441509348351775
897459,0.043494754630355084
897460,0.999359279980561
897461,0.9995378595154729
897462,0.9967257322998769
897463,0.9998886651063313
897464,0.004668451440176993
897465,0.9929640312703857
897466,0.9999881688046018
897467,0.13871046069618465
897468,0.9998758736837965
897469,0.4061584669171863
897470,0.999765788870594
897471,0.4772018201935619
897472,0.9984738446195084
897473,0.9380131354727355
897474,0.9961641374442598
897475,0.9998612076285838
897476,0.9986883383250031
897477,0.9984131324595487
897478,0.9577719704312924
897479,0.004701138072338774
897480,0.2218377401310862
897481,0.9997490605599937
897482,0.9999806717214854
897483,0.016576859467033196
897484,0.7770833922089222
897485,0.9995240115359492
897486,0.5205886823204384
897487,0.9980217491574992
897488,0.9938167897531369
897489,0.9885467661983116
897490,0.14293121044946894
897491,0.9938504956849983
897492,0.9998680057766943
897493,0.8803536796092013
897494,0.9987385928258148
897495,0.8144826663656005
897496,0.9999355083313477
897497,0.9945433210088408
897498,0.9849299495838674
897499,0.8467429751252074
897500,0.9986862214840924
897501,0.12232935331776285
897502,0.9853046481605947
897503,0.39703216177197687
897504,0.2554064314222463
897505,0.003531711362434764
897506,0.03675071225312351
897507,0.7770303526416394
897508,0.999848047128951
897509,0.7826344179754345
897510,0.13712584986098728
897511,0.9997871638446725
897512,0.9863065471940597
897513,0.9873873542085425
897514,0.9997815796200409
897515,0.024299694857460953
897516,0.04725005909405194
897517,0.043649291267425824
897518,0.9966472501068857
897519,0.09099315787909956
897520,0.5046944036920238
897521,0.8615441670819057
897522,0.8479723904853431
897523,0.9409469802959926
897524,0.9815214405266113
897525,0.9969101241065748
897526,0.9927683666046223
897527,0.5396202147940783
897528,0.9749576505730837
897529,0.9981590082533072
897530,0.9998119652795665
897531,0.034046845203584884
897532,0.9953682329531242
897533,0.7297145332491584
897534,0.08190819662048088
897535,0.9996293093006339
897536,0.698025031114653
897537,0.8974571367901385
897538,0.33967168445154006
897539,0.6096337165254717
897540,0.9769932434826283
897541,0.961804790429492
897542,0.9922210004736203
897543,0.44262790610055924
897544,0.9999989322202233
897545,0.9940103209037532
897546,0.8328946821951357
897547,0.999946019475338
897548,0.9381734712890801
897549,0.9999535067349897
897550,0.9961198309105639
897551,0.9569580855788528
897552,0.19398449465685053
897553,0.5739036877523737
897554,0.9428365171591593
897555,0.6244311388519989
897556,0.47703510775107194
897557,0.9831861120819897
897558,0.9902207301535637
897559,0.9990942756140513
897560,0.12596256722369792
897561,0.9793145295926051
897562,0.7556511426488935
897563,0.9999459726103548
897564,0.9976840956692195
897565,0.9995395902711877
897566,0.06729085730449474
897567,0.5776247359231759
897568,0.9998506101796176
897569,0.9995162784396615
897570,0.915401758912185
897571,0.9996760073947937
897572,0.8537169992232538
897573,0.47049616572851405
897574,0.04856516558066181
897575,0.07080506652727955
897576,0.15147093384448154
897577,0.9977556550799103
897578,0.9992839112232894
897579,0.6336076514620264
897580,0.9987885578758451
897581,0.02805419429498117
897582,0.9999540368236333
897583,0.9039945876221422
897584,0.5678523966606175
897585,0.9874954138434094
897586,0.9997911464172862
897587,0.999798947726491
897588,0.68727626231597
897589,0.9994955525037592
897590,0.999808925089037
897591,0.9995698884609807
897592,0.9998859390936868
897593,0.9219740591449015
897594,0.9955771121237403
897595,0.07016123940577593
897596,0.5739889761760676
897597,0.9998798764052078
897598,0.22156377139660405
897599,0.8146545050259837
897600,0.015695821237199387
897601,0.8061934698948772
897602,0.9999203961702675
897603,0.26506092801912656
897604,0.08043933826991437
897605,0.8832194025073286
897606,0.9917949952041344
897607,0.9999158450691757
897608,0.9422566850483094
897609,0.32054744122099044
897610,0.9999808918663872
897611,0.40370564808726606
897612,0.9999523440143845
897613,0.37970628013921615
897614,0.8281814603980868
897615,0.9995518423371041
897616,0.9989153445741491
897617,0.9419422908524852
897618,0.8024988119825699
897619,0.738645903358691
897620,0.9994694650532852
897621,0.2218424700642275
897622,0.9979354413639555
897623,0.9994838078974708
897624,0.9993219527999121
897625,0.999887941045059
897626,0.9996521562594443
897627,0.9958556744671044
897628,0.963680914921909
897629,0.21870874332781495
897630,0.9999674790769757
897631,0.9987162105243015
897632,0.6928180111411335
897633,0.971399197157838
897634,0.9871924762998361
897635,0.6774236190365029
897636,0.9999222697820401
897637,0.9994677534968792
897638,0.9841812333064592
897639,0.37186249243682984
897640,0.9996627476915441
897641,0.02737631404075399
897642,0.057498297441999295
897643,0.9330554712653083
897644,0.7281687692510981
897645,0.5433938190735889
897646,0.3324410506495723
897647,0.02078180079535892
897648,0.8830524907252453
897649,0.9943661750579076
897650,0.023015295550841003
897651,0.029411352268283193
897652,0.8158320621256655
897653,0.9998841167503125
897654,0.9996862240172729
897655,0.9562910520859726
897656,0.3456186076011064
897657,0.9867993362829137
897658,0.9997815314230486
897659,0.9588929221176244
897660,0.9992974558055527
897661,0.013104495268755786
897662,0.9843865005595551
897663,0.9999571041498991
897664,0.30404544483242824
897665,0.1783379927319086
897666,0.8777560985317692
897667,0.9631221816195534
897668,0.8838334483896131
897669,0.9959400061444722
897670,0.17147539368107495
897671,0.8579413512555544
897672,0.6870382605677643
897673,0.9992167366517305
897674,0.7280921692233358
897675,0.9999880713059104
897676,0.023893845365297095
897677,0.9998831327429438
897678,0.9998662828526783
897679,0.9731197614798412
897680,0.041508541901486805
897681,0.08758203071897924
897682,0.9210370604826288
897683,0.1844017158161908
897684,0.06309012214990367
897685,0.999796395960095
897686,0.10574673471549406
897687,0.17784151089752548
897688,0.999186360280065
897689,0.84407330502804
897690,0.9999581815419399
897691,0.5912075771457265
897692,0.5419230953984444
897693,0.8941737568547692
897694,0.9219337609667084
897695,0.9624722987847885
897696,0.9994695246696386
897697,0.9992636414792991
897698,0.9035785086627757
897699,0.4537749476680385
897700,0.029628053462747283
897701,0.9994765250330448
897702,0.9935307279898986
897703,0.6092706044875685
897704,0.9986982529532371
897705,0.5337533738975775
897706,0.9999788030693939
897707,0.9753206564484984
897708,0.997160225784995
897709,0.9261178233868723
897710,0.2402075195498441
897711,0.943971039646637
897712,0.9970992265716614
897713,0.10963642677282578
897714,0.7937540911786276
897715,0.24507676849803356
897716,0.9999529284079792
897717,0.8613120719838517
897718,0.7304342613851302
897719,0.9999927665513272
897720,0.9955988846060505
897721,0.4362881937283475
897722,0.9999225682884475
897723,0.991750959174249
897724,0.13496209123460798
897725,0.9421179558960611
897726,0.9968638400233409
897727,0.9957462401187841
897728,0.9964679824029095
897729,0.47853458161606216
897730,0.9190964573538278
897731,0.962287465968149
897732,0.4242179270418419
897733,0.9481620615686955
897734,0.14069002000492412
897735,0.9999594452973886
897736,0.9432636342628352
897737,0.029378449355680965
897738,0.9999882479221902
897739,0.9949648847954367
897740,0.037639704206916674
897741,0.1857055230101591
897742,0.9507411279834632
897743,0.9967231137352554
897744,0.7117057980057746
897745,0.8692255089376821
897746,0.8081248394171048
897747,0.9982644602382318
897748,0.9992791095649919
897749,0.998414807414217
897750,0.98935208136764
897751,0.9434490698974608
897752,0.99991209492085
897753,0.07001368047130853
897754,0.9873775189311615
897755,0.9999693806233595
897756,0.0056037759679879486
897757,0.02194602644171628
897758,0.8230326602456071
897759,0.9994789508158031
897760,0.9998950990095301
897761,0.9923439820019786
897762,0.9445981466219696
897763,0.9510715181324834
897764,0.6780045002604735
897765,0.35587160783777355
897766,0.22609902394387005
897767,0.999949735334996
897768,0.8215903891778596
897769,0.9992979608234557
897770,0.9998946016521133
897771,0.27117680582165316
897772,0.9618914474802219
897773,0.9999681738334529
897774,0.9729284719701968
897775,0.9999879037779592
897776,0.9759331054852023
897777,0.9837777063720234
897778,0.9997030633208575
897779,0.7648153770154078
897780,0.45997145808929857
897781,0.9975679473117491
897782,0.6871949859890885
897783,0.9916283415975872
897784,0.38925014360211285
897785,0.9281473539548495
897786,0.999901564158475
897787,0.9997753621356226
897788,0.10371271378310683
897789,0.9998843048398461
897790,0.06382121935446855
897791,0.07891443649354264
897792,0.03984434876685649
897793,0.00249324164787152
897794,0.4531513316278061
897795,0.978151721428451
897796,0.6212571870466939
897797,0.9160155852094116
897798,0.7634257642636664
897799,0.0029868672066971492
897800,0.9895390744504963
897801,0.9997801486092176
897802,0.9976075119684547
897803,0.9595049503606996
897804,0.6169033557767591
897805,0.9693882281783796
897806,0.7722855410582514
897807,0.9994787174585342
897808,0.9372024546246349
897809,0.9689548595167278
897810,0.626894306156072
897811,0.9999794797343231
897812,0.800332539444959
897813,0.7908326926241869
897814,0.9976832118427157
897815,0.17254130853485536
897816,0.9504605285736274
897817,0.03252840952956672
897818,0.0036419006690129943
897819,0.9998967963461878
897820,0.4885270521821536
897821,0.9998813155994263
897822,0.9962384018011026
897823,0.9218631050041229
897824,0.73206750342302
897825,0.999407279742149
897826,0.999907259710024
897827,0.9328271999924109
897828,0.3254037698416338
897829,0.8908999661832885
897830,0.9989076935787196
897831,0.9792948549635296
897832,0.6562333820544299
897833,0.9994648728949679
897834,0.9999241361935622
897835,0.9999632869465072
897836,0.240606144455784
897837,0.9998755520514397
897838,0.6948159091648767
897839,0.0031294160408831943
897840,0.8020226511431059
897841,0.670208857277219
897842,0.2643949576523827
897843,0.9996007626205909
897844,0.17963037613961097
897845,0.009469168005330939
897846,0.2943725434989502
897847,0.7828497468121636
897848,0.9981198384434933
897849,0.999868400176351
897850,0.6088423471301907
897851,0.0192640511469388
897852,0.5821259652035825
897853,0.9978839543557342
897854,0.4688207343430232
897855,0.2610889327845486
897856,0.11145332008082753
897857,0.9998412453036745
897858,0.991539381680572
897859,0.7714912582079294
897860,0.9905550532253324
897861,0.9996932855666122
897862,0.49748019366865076
897863,0.9997873374651276
897864,0.9705876000568213
897865,0.8909670152959533
897866,0.8583528500571345
897867,0.37839968140196767
897868,0.008019316063868884
897869,0.5881836009733952
897870,0.9972409365957043
897871,0.7021513319676247
897872,0.9826472572825118
897873,0.9982137116298129
897874,0.36321217385576715
897875,0.7884128666777398
897876,0.9775968725041373
897877,0.9391845734094986
897878,0.9986366447611367
897879,0.995840370373994
897880,0.9856798216339453
897881,0.98253357297279
897882,0.9697644165871
897883,0.9996070883601227
897884,0.9725156427031255
897885,0.996836111005597
897886,0.9882683335583791
897887,0.201878325433208
897888,0.9069016831926173
897889,0.09684034116168624
897890,0.9999805889469491
897891,0.9960638608803654
897892,0.11378772008325572
897893,0.92600320136778
897894,0.9060169750515925
897895,0.33227608363445826
897896,0.999978421948117
897897,0.9984557547371185
897898,0.04641012695133369
897899,0.9988850988516687
897900,0.9956621488298774
897901,0.9998873880514839
897902,0.9836567732971397
897903,0.999659018652564
897904,0.9996189514239426
897905,0.9374520081409601
897906,0.9957376822449995
897907,0.1499449923791693
897908,0.9998855833298892
897909,0.8404948759812867
897910,0.04813214469692617
897911,0.9997196186967755
897912,0.9997480279470008
897913,0.9998096733701023
897914,0.957772339972219
897915,0.11319183391654059
897916,0.9994569972716889
897917,0.20668365904784655
897918,0.9853683661369069
897919,0.9387905918022738
897920,0.798432816293379
897921,0.61296186748725
897922,0.9519925699896696
897923,0.6854712728114527
897924,0.9997761533262426
897925,0.013996776562027635
897926,0.9994177639839643
897927,0.9996482189355564
897928,0.9984301401431452
897929,0.04053118964494904
897930,0.8608224747142836
897931,0.019628262067425316
897932,0.005881400723538101
897933,0.983417100236769
897934,0.9956452565593976
897935,0.01285844762350262
897936,0.5128075286586123
897937,0.21135755560029656
897938,0.7036623305945291
897939,0.7033512715129965
897940,0.6648031863670508
897941,0.9998788012356518
897942,0.7086016074069714
897943,0.44311603267178934
897944,0.5892575009024704
897945,0.9985458212456038
897946,0.9920648041488047
897947,0.19407924067545437
897948,0.9953798049634953
897949,0.9998922658734237
897950,0.05310486578597191
897951,0.9968370117444261
897952,0.9692954918497145
897953,0.8194870788575686
897954,0.4034640074605992
897955,0.9987231604035846
897956,0.999350939902822
897957,0.46032946284688286
897958,0.9999902057569735
897959,0.9999819314803948
897960,0.9999869203030708
897961,0.9904004210388185
897962,0.7286037165893796
897963,0.9966758083605531
897964,0.051982243604208625
897965,0.9592065013043642
897966,0.4819022212367576
897967,0.02533520007573809
897968,0.20971250317820092
897969,0.8087691933177391
897970,0.8535973590965115
897971,0.99993598603921
897972,0.9939285535562248
897973,0.908645046224007
897974,0.9972721659052389
897975,0.817516238813591
897976,0.5522401077481253
897977,0.997090816296905
897978,0.48000459455171285
897979,0.11026852220390715
897980,0.9589561001585369
897981,0.8970944707178385
897982,0.008815253248858665
897983,0.13461208155438525
897984,0.723435989042178
897985,0.6819136587263708
897986,0.9999490475119356
897987,0.6227276023015529
897988,0.9979914612204432
897989,0.7213573829695659
897990,0.9997659511434341
897991,0.9961910269860047
897992,0.9953996842109076
897993,0.9989463707333406
897994,0.048559723832618265
897995,0.08682590506717
897996,0.9335763956809353
897997,0.9999938145181433
897998,0.9695337903647323
897999,0.928837330671821
898000,0.1480795276863673
898001,0.9905702321322871
898002,0.3588683588619853
898003,0.13884278328416547
898004,0.9993967104604011
898005,0.6266153867896289
898006,0.994265056803066
898007,0.6950421050044647
898008,0.8457311574115027
898009,0.9307453427968888
898010,0.8992642753852624
898011,0.9979574318842579
898012,0.9998936546437742
898013,0.9963320357271619
898014,0.9983245150852618
898015,0.13772539474171577
898016,0.9997517700908038
898017,0.9998668972230453
898018,0.999814565885845
898019,0.009157212636851233
898020,0.9788122624524251
898021,0.9954684586386089
898022,0.04274731775182575
898023,0.999538844418714
898024,0.7466387946712826
898025,0.22466162216596192
898026,0.1407104620395441
898027,0.802196492097553
898028,0.9341073984801631
898029,0.2657957622807211
898030,0.9053838045392135
898031,0.5035753408141441
898032,0.5491043541506331
898033,0.3731838143239899
898034,0.9987967659668284
898035,0.9996926541285109
898036,0.975360034067883
898037,0.23353887600776385
898038,0.5359205197966876
898039,0.9999387170016665
898040,0.8384976243448568
898041,0.9999358507503603
898042,0.9206894150812268
898043,0.840296220682328
898044,0.001179161088935179
898045,0.8317289780938298
898046,0.999955690064742
898047,0.9385971122432426
898048,0.9859631125402778
898049,0.004350605578367929
898050,0.34409720469767097
898051,0.3132252784790209
898052,0.9968142410379703
898053,0.9999951312278752
898054,0.49799109154388277
898055,0.1812974008201109
898056,0.9999668611644199
898057,0.019904678105674194
898058,0.24525280452318196
898059,0.9995323300275758
898060,0.9145449919742206
898061,0.9605608721415042
898062,0.528747328155214
898063,0.9892337881074078
898064,0.9927198570766933
898065,0.9998910700000798
898066,0.03683662038909099
898067,0.6257287283196253
898068,0.06478543863236241
898069,0.9999826394293414
898070,0.44024292250812014
898071,0.7603217314762514
898072,0.22726205271325453
898073,0.9138081509661645
898074,0.9958414989921229
898075,0.998988089390395
898076,0.9998866965035804
898077,0.9610384847978303
898078,0.7215290268476735
898079,0.9998874611352193
898080,0.1280849651159732
898081,0.7615136160856613
898082,0.11313048635226783
898083,0.3992929761411572
898084,0.7982925796074491
898085,0.9998903968977018
898086,0.8625867094583958
898087,0.4460757531393127
898088,0.9994498535707995
898089,0.9999702436283908
898090,0.6018980933412105
898091,0.7503428504677531
898092,0.9995717310911691
898093,0.7413090065011172
898094,0.9231589426224236
898095,0.9993551527071591
898096,0.9937698206377482
898097,0.5512154277419872
898098,0.11536728911260842
898099,0.9979923633532052
898100,0.2915804756302923
898101,0.8194094300468533
898102,0.9949923535968198
898103,0.31351045227888813
898104,0.9957976342268725
898105,0.5397012998934697
898106,0.9995962003911887
898107,0.9999864077361778
898108,0.9940592739267362
898109,0.9999589545956755
898110,0.9999413259187109
898111,0.9998697243739987
898112,0.9284743690361346
898113,0.22514896519643718
898114,0.18835528824021702
898115,0.9758569698511714
898116,0.05633820876983209
898117,0.9989473426292155
898118,0.9996994411724445
898119,0.8682728650422229
898120,0.3706011986246927
898121,0.9999315895713214
898122,0.9999929972092891
898123,0.9947026254476782
898124,0.9986007651725953
898125,0.9987637274373093
898126,0.22705087855404218
898127,0.6107568491111148
898128,0.9999690592019146
898129,0.9342406841773236
898130,0.6368981381667891
898131,0.9970300738312093
898132,0.8274431014011472
898133,0.9627636380928662
898134,0.046871788444672075
898135,0.636941813367256
898136,0.6206132165009708
898137,0.9981458666860208
898138,0.9142812112844012
898139,0.9997805684213232
898140,0.003422716940737639
898141,0.9998383416860774
898142,0.9975105200250498
898143,0.39854846295799284
898144,0.09560058083030316
898145,0.00541307820515126
898146,0.9845415718361938
898147,0.6594764363632288
898148,0.9999019704053054
898149,0.14614626772472714
898150,0.9990151684126191
898151,0.9997785000624332
898152,0.8543615914616042
898153,0.8367156736131467
898154,0.9499923519072004
898155,0.42007005879014314
898156,0.6043586905471476
898157,0.9998864592936432
898158,0.997860910950175
898159,0.018731142877627293
898160,0.9742659253877228
898161,0.17400447489793625
898162,0.7857560566183333
898163,0.6057773689878518
898164,0.01727309199790962
898165,0.9996748477674652
898166,0.8381121090566982
898167,0.9997766637434041
898168,0.9571567163653558
898169,0.5110247070326638
898170,0.9997154865490083
898171,0.994004019044233
898172,0.9998994395329498
898173,0.023120292015377887
898174,0.9893628831961694
898175,0.49347389638616884
898176,0.9321411787669724
898177,0.9980823090116413
898178,0.889341592245334
898179,0.7873091929759594
898180,0.9862065443973616
898181,0.8540677950214777
898182,0.9476613160441327
898183,0.9999576374536452
898184,0.9937564857109442
898185,0.12232886643101344
898186,0.020340455193030994
898187,0.9997710711541727
898188,0.09561314415464131
898189,0.9064228450032827
898190,0.9821652357238095
898191,0.9994417116998398
898192,0.9995640345587846
898193,0.9999632368028832
898194,0.7166735501436513
898195,0.06225464459441023
898196,0.7349620892502742
898197,0.07311527776915887
898198,0.38592671237074716
898199,0.8316153465696265
898200,0.6191699465077802
898201,0.9972839104422612
898202,0.9337795174954497
898203,0.5527684597220903
898204,0.9999544628404565
898205,0.5670981391951608
898206,0.9844916637406715
898207,0.711369306835638
898208,0.19580822680717494
898209,0.38266570145565565
898210,0.30361068106830685
898211,0.999716252376719
898212,0.974157442496058
898213,0.10036590226191561
898214,0.26020280088466546
898215,0.8597584244530568
898216,0.9992612154302702
898217,0.44838285752375573
898218,0.9993480709441223
898219,0.999825899586759
898220,0.9974598053745585
898221,0.5564066379004695
898222,0.9997655605799323
898223,0.24873764365321288
898224,0.08313746032933267
898225,0.9774460163676828
898226,0.31927669409737963
898227,0.4731056456259784
898228,0.4331234391095895
898229,0.15364357482220256
898230,0.9995325009617028
898231,0.9160537636097282
898232,0.9998735806818881
898233,0.9996383280482061
898234,0.9999079840648668
898235,0.13211393056489207
898236,0.12470441158715308
898237,0.9673772432854428
898238,0.2621478116869542
898239,0.15134744405697012
898240,0.9889491622163041
898241,0.999895336046622
898242,0.9944861435731693
898243,0.10372458025200186
898244,0.7791206871944523
898245,0.9997780762963324
898246,0.49275617031290664
898247,0.09345236792364282
898248,0.19407074793947704
898249,0.9545675599791154
898250,0.9982691490081069
898251,0.36713691361298406
898252,0.995605078253643
898253,0.4975249295569174
898254,0.7479995798617454
898255,0.503240992080454
898256,0.6097371873951154
898257,0.9834430152141009
898258,0.9972087740874866
898259,0.9561089357990276
898260,0.9767644696636972
898261,0.2542015238389503
898262,0.34278753228919145
898263,0.9998358749303089
898264,0.00915734249799597
898265,0.23996150534207494
898266,0.9996578952355988
898267,0.9450198700885082
898268,0.9846385727854459
898269,0.9595296394306512
898270,0.05157475242769599
898271,0.9999364031175462
898272,0.027872685582604275
898273,0.9896457155686949
898274,0.01107290818963353
898275,0.999795649749104
898276,0.9997844085659311
898277,0.9999672866110368
898278,0.9996549887726263
898279,0.663657610469004
898280,0.8349650593626252
898281,0.5783216519511787
898282,0.9956571514680276
898283,0.9335024429353217
898284,0.022335655992892077
898285,0.34574944445620936
898286,0.6810295228515566
898287,0.012545509636310917
898288,0.98761640332656
898289,0.999197288837393
898290,0.1898027712722703
898291,0.9708079381851473
898292,0.012971964599657559
898293,0.9912674760495856
898294,0.3672889795816272
898295,0.45345810006166587
898296,0.0048402291348142775
898297,0.9541563938846066
898298,0.16762030714883272
898299,0.9556107762714197
898300,0.9634628970014572
898301,0.9727612968421355
898302,0.9995928916973535
898303,0.9807386053526637
898304,0.862571500287232
898305,0.9997771985783177
898306,0.022786479667102233
898307,0.7057032393860518
898308,0.40869233744471556
898309,0.9990725441025491
898310,0.586809842810883
898311,0.9965837216699394
898312,0.9999788001703495
898313,0.9974417809637248
898314,0.6231343281187338
898315,0.9993854295343944
898316,0.9974343109052746
898317,0.9612863526387903
898318,0.9129980749871296
898319,0.4202433785501803
898320,0.8716114069545939
898321,0.22242816890412906
898322,0.9999534115008948
898323,0.12525250654056078
898324,0.9970494272779139
898325,0.946698009881789
898326,0.3916583797642573
898327,0.4493857791928108
898328,0.9999068459674715
898329,0.8134414954833287
898330,0.9998861646244303
898331,0.0034290079609536686
898332,0.9654476702887076
898333,0.8886153786503171
898334,0.9999675939806273
898335,0.7018459111144459
898336,0.9995150428597637
898337,0.08976714880975041
898338,0.5635366778252752
898339,0.9998655945467791
898340,0.9689442226798063
898341,0.9943196811514583
898342,0.03059460547445004
898343,0.9983607674103777
898344,0.06989789760819752
898345,0.9540377157839446
898346,0.9417540813193943
898347,0.999947238647719
898348,0.9999160990689051
898349,0.8986272162492055
898350,0.8671704462511096
898351,0.9798905914861507
898352,0.999053924591381
898353,0.9571180313170016
898354,0.07115590012626674
898355,0.9998488618404447
898356,0.130264585756934
898357,0.9990540565847348
898358,0.99975741410977
898359,0.5468562713352514
898360,0.9876491569661434
898361,0.7229235157880987
898362,0.7829784583402016
898363,0.9886486898885298
898364,0.5089129114738853
898365,0.8920382904471194
898366,0.052487034208096715
898367,0.969582765266743
898368,0.9970657713523002
898369,0.7020728061548047
898370,0.21855362004842716
898371,0.978068565185489
898372,0.9999419360290849
898373,0.5442685295544304
898374,0.01822473036965007
898375,0.7749692096578281
898376,0.12774620637893777
898377,0.7096308462283695
898378,0.0506893424516061
898379,0.9997532858001548
898380,0.8139046858344822
898381,0.9999422064267229
898382,0.4624802706860379
898383,0.9987546869601562
898384,0.9999876799393426
898385,0.9999503548016364
898386,0.021943954125989328
898387,0.9997118960573657
898388,0.6529984078423297
898389,0.9200402513624992
898390,0.9994817855801973
898391,0.9982849599977571
898392,0.6408644474952004
898393,0.9739610656080073
898394,0.011198916293470973
898395,0.013440712945746783
898396,0.25549344890276965
898397,0.3185615221009975
898398,0.9998663004081774
898399,0.9933633993641273
898400,0.7961386344149414
898401,0.9942324035733038
898402,0.6780918793095462
898403,0.9982959855404754
898404,0.9999204221876506
898405,0.974261531211005
898406,0.9999374676586043
898407,0.9996419192648907
898408,0.9998225442103676
898409,0.5608240084281635
898410,0.260471320000513
898411,0.9976285113449089
898412,0.3730278621165242
898413,0.0732314700400461
898414,0.2644984059013576
898415,0.9999501573049834
898416,0.9999574319025223
898417,0.9884891808338595
898418,0.301339562197122
898419,0.1738517206180458
898420,0.9999275105103956
898421,0.9944135934672869
898422,0.9947024141520002
898423,0.9999078261422918
898424,0.8187022399328944
898425,0.9981086414483107
898426,0.06844080517761901
898427,0.20336036934183177
898428,0.6678541272261506
898429,0.7451078241923097
898430,0.19307342234150277
898431,0.5110123462612411
898432,0.8632826605686843
898433,0.45987358955018937
898434,0.9999620850500655
898435,0.2265850048267236
898436,0.9993273564818164
898437,0.9998265839907753
898438,0.9999827727709534
898439,0.017336217918053797
898440,0.5396798783799864
898441,0.999906677772745
898442,0.4372429200815041
898443,0.570871227911107
898444,0.999987016631499
898445,0.9992943587698584
898446,0.8419329915655005
898447,0.019131010673172084
898448,0.01714145242958018
898449,0.9999038118302418
898450,0.2764901939243433
898451,0.9904179896580786
898452,0.009896883016906232
898453,0.38692303025944585
898454,0.9980348044366198
898455,0.8550938020936352
898456,0.044933972323396215
898457,0.9963289096505753
898458,0.003584100420970063
898459,0.36730152001901895
898460,0.9997261930592569
898461,0.7447977307892888
898462,0.04129819808766587
898463,0.9996581003482332
898464,0.0508390840717265
898465,0.9978300703802161
898466,0.999923562000683
898467,0.9992029145859088
898468,0.4253426103868412
898469,0.9802672083976255
898470,0.959319021974506
898471,0.08140067897510335
898472,0.9356127030601806
898473,0.9999486133631916
898474,0.9983671057150434
898475,0.8773247372119529
898476,0.13278572963604493
898477,0.9999718971767568
898478,0.7724122306320506
898479,0.12064661404724364
898480,0.03010763362994651
898481,0.6111729653308762
898482,0.8950093439273081
898483,0.9979745862424292
898484,0.5444005941818503
898485,0.9998646084906556
898486,0.9998995545402711
898487,0.995088666951077
898488,0.9979243763428983
898489,0.9965417723494863
898490,0.993305626898846
898491,0.5509648585799408
898492,0.4362016240398391
898493,0.9987704637024206
898494,0.9995081554887835
898495,0.9979796774732715
898496,0.9994145683343889
898497,0.9904068879459516
898498,0.17396032357000712
898499,0.9999779783490979
898500,0.8669392805224094
898501,0.8028286938541396
898502,0.5509850755882801
898503,0.9800163495270326
898504,0.8793153633047648
898505,0.9985803180931848
898506,0.9999583153976007
898507,0.9999002085867652
898508,0.33288889302810665
898509,0.31470665824967076
898510,0.3934292063006876
898511,0.16576867558432212
898512,0.9999489684215661
898513,0.9998342227410532
898514,0.3476910101631666
898515,0.003668885107007416
898516,0.9951668547918446
898517,0.999961354790623
898518,0.7369933648022605
898519,0.024724735598456497
898520,0.029585882149442723
898521,0.5466829418685712
898522,0.9995438562577172
898523,0.01744858471270055
898524,0.2857322624826027
898525,0.2694145045072143
898526,0.9999809341204821
898527,0.9972896644534027
898528,0.03830542980407983
898529,0.0931802514340685
898530,0.6836368132482041
898531,0.6749268085362815
898532,0.16448070891387617
898533,0.10208779347565775
898534,0.9693616575733386
898535,0.8552916977935405
898536,0.9251821207737403
898537,0.9993491911573054
898538,0.8295273426045701
898539,0.6212214088967402
898540,0.9998528728226213
898541,0.9999717909741246
898542,0.9501649972533935
898543,0.9930465573288343
898544,0.05438574648568703
898545,0.4032900153249558
898546,0.8915643035238524
898547,0.9980217462170211
898548,0.3004412709116465
898549,0.9999386353049403
898550,0.16970752230514358
898551,0.07520845089334409
898552,0.7327646836117085
898553,0.6853477921425539
898554,0.7144057248295953
898555,0.5733575004090479
898556,0.10865005877053972
898557,0.9492964196950361
898558,0.6567705562374283
898559,0.9999712080448038
898560,0.5114553112194968
898561,0.03925111953627897
898562,0.9986043460833265
898563,0.015256902870211034
898564,0.9999282443787567
898565,0.13310251055841466
898566,0.9991735145054101
898567,0.9830305347612347
898568,0.8620147445111983
898569,0.34992376980914036
898570,0.14302648930522224
898571,0.9998445249754837
898572,0.07821978636687354
898573,0.8480045440635459
898574,0.9991010134176022
898575,0.8995580067226998
898576,0.999645153064747
898577,0.8008512945945454
898578,0.9996583334571492
898579,0.8364865939405639
898580,0.029435194970322733
898581,0.8858182543580909
898582,0.9997092632013134
898583,0.01201407422838311
898584,0.9991790042324293
898585,0.9999870284260941
898586,0.999791668957281
898587,0.6041679628511588
898588,0.2781212525592741
898589,0.39872264043598327
898590,0.455106539081799
898591,0.9468066968341851
898592,0.9997398480445
898593,0.999646514605194
898594,0.9999534047803328
898595,0.7829898743587407
898596,0.9950262239991439
898597,0.22407750929889006
898598,0.04533459955693263
898599,0.5572858669542672
898600,0.9995533914673741
898601,0.9917575109029484
898602,0.3388840255590655
898603,0.017213405900493105
898604,0.9999825222439286
898605,0.4649706858928953
898606,0.9945095843977952
898607,0.8483185661536031
898608,0.20145484530321578
898609,0.2372164045365705
898610,0.9979284312173021
898611,0.9966304619515693
898612,0.6422527817823558
898613,0.5867505346002918
898614,0.7696102960649303
898615,0.9941333467803238
898616,0.523494326194583
898617,0.0064880784918359665
898618,0.010551652051291476
898619,0.9995981763008877
898620,0.8581650983587997
898621,0.9997954262891443
898622,0.1561263305908571
898623,0.5831456734229373
898624,0.8379439780577549
898625,0.9968401667222253
898626,0.9999945330852356
898627,0.96247530324497
898628,0.997181022553953
898629,0.6580458683344518
898630,0.8126383291981469
898631,0.3794604070015895
898632,0.9995814383187624
898633,0.6046191619763446
898634,0.9987666028986849
898635,0.9547119225268494
898636,0.6209156374871267
898637,0.05522193850199712
898638,0.8860187587265334
898639,0.4211316183968616
898640,0.3273521668684909
898641,0.6055808419523381
898642,0.16290326072279865
898643,0.9999704834089659
898644,0.9993309298416757
898645,0.9999315176270617
898646,0.912027639609265
898647,0.009013340133424332
898648,0.05639196769053357
898649,0.136219129030078
898650,0.35570448231405316
898651,0.009297645269373454
898652,0.9427545449301493
898653,0.5907685061034297
898654,0.2566376222962516
898655,0.9998093730270889
898656,0.9998006001520002
898657,0.8448933654273145
898658,0.9983364203757392
898659,0.053907037720375243
898660,0.9050237545384814
898661,0.799179410731301
898662,0.021754330988515484
898663,0.9998273575659535
898664,0.014270931106203855
898665,0.9575512520174406
898666,0.9724218589303524
898667,0.08626118669195225
898668,0.5147985993483721
898669,0.3334061010411695
898670,0.732021955711148
898671,0.10557265287002549
898672,0.34883624746620256
898673,0.18160096911781196
898674,0.995012677236567
898675,0.9999147856746617
898676,0.9557703470242706
898677,0.8073302786100246
898678,0.9999352395621485
898679,0.9999698667403423
898680,0.05032462319451157
898681,0.9481962432385215
898682,0.9995213134976606
898683,0.9955135525781087
898684,0.7581231939372394
898685,0.9999720023116815
898686,0.9441341836523398
898687,0.984506419013768
898688,0.9972756016139943
898689,0.11242053020835166
898690,0.728083359406603
898691,0.8195700333850284
898692,0.9826521219168561
898693,0.700549371091552
898694,0.9986951132518752
898695,0.9996844276508927
898696,0.063470825239518
898697,0.8589916203887342
898698,0.8124892310208391
898699,0.2895446784030455
898700,0.9998774620747617
898701,0.1380720593395961
898702,0.6076217966318977
898703,0.06922767096507884
898704,0.009039578158897695
898705,0.7448516897771704
898706,0.9996473299343701
898707,0.9975238295620571
898708,0.9412139506347262
898709,0.5666607142720925
898710,0.17977306037612892
898711,0.1011212695507388
898712,0.9931730141470918
898713,0.9999666880346225
898714,0.9997915093001326
898715,0.1588637005198703
898716,0.9999030263539643
898717,0.9747328333264882
898718,0.9980225222129538
898719,0.9996980530583521
898720,0.4669907199038959
898721,0.9998565232158155
898722,0.9699749020022435
898723,0.9986570211243887
898724,0.8257403341623814
898725,0.9087472180217807
898726,0.9998391317365851
898727,0.07027687056606768
898728,0.2315948182928342
898729,0.9996374876942521
898730,0.06157823847881956
898731,0.9999202758192716
898732,0.7514915277932874
898733,0.9998442804803827
898734,0.15354163872348808
898735,0.9992978573936624
898736,0.16484365603481813
898737,0.2265772856656631
898738,0.9999499780620359
898739,0.7860774807915973
898740,0.5914697985474382
898741,0.6916963176620639
898742,0.13397163097123496
898743,0.4497054566191166
898744,0.8854585021476982
898745,0.2039852210052761
898746,0.9374562603051628
898747,0.5587683021247568
898748,0.999819176501745
898749,0.999984049578316
898750,0.9996756583054889
898751,0.999482294488795
898752,0.10205968888624758
898753,0.1427753871681173
898754,0.7480848640318296
898755,0.9855619799083353
898756,0.8315806074301335
898757,0.999568798681552
898758,0.5437099327580568
898759,0.46741756854398486
898760,0.9633011707290793
898761,0.3479589291006409
898762,0.4468537202768818
898763,0.9967641770818736
898764,0.9988434195926909
898765,0.9993094858449436
898766,0.8390277407203801
898767,0.781168719864903
898768,0.011391434815158114
898769,0.01573253383168491
898770,0.9979943143826838
898771,0.9524107116883964
898772,0.9712622615899457
898773,0.9976181411909631
898774,0.9998525371486395
898775,0.9999614337465134
898776,0.03721405109300221
898777,0.997899932566827
898778,0.998815615174036
898779,0.7669448384016848
898780,0.9999679774653111
898781,0.99980165367481
898782,0.4732840915813012
898783,0.704824826738526
898784,0.9994598240859385
898785,0.48438308305851835
898786,0.902403668344427
898787,0.9370103493644453
898788,0.7164058049047797
898789,0.9943953457931491
898790,0.9599857126940055
898791,0.9887164683193485
898792,0.9134588358676103
898793,0.12608574023018995
898794,0.9998835906598353
898795,0.9999325990983975
898796,0.7639504014063712
898797,0.830634061450328
898798,0.3316531686046044
898799,0.9998364406297934
898800,0.999749691467161
898801,0.7396786012114918
898802,0.017602702605444723
898803,0.011409032691426546
898804,0.9999427107345145
898805,0.44945742063693195
898806,0.03930211078409492
898807,0.9454556424449658
898808,0.5644653727900358
898809,0.6294601113912232
898810,0.999341643209702
898811,0.9931513384928565
898812,0.9998406752489107
898813,0.15759268191983516
898814,0.9619132908235761
898815,0.9995783994406314
898816,0.24210207118005708
898817,0.4653126172590806
898818,0.0073242817017870835
898819,0.9394590473546836
898820,0.05709768114720916
898821,0.9998806706809592
898822,0.9997735828284683
898823,0.18845620275652955
898824,0.17237370925926093
898825,0.8591094738615811
898826,0.8258686501750058
898827,0.8921014916929271
898828,0.3547556758181747
898829,0.998778063559995
898830,0.9976562246288045
898831,0.99843870943838
898832,0.2803549653656699
898833,0.7843780574332391
898834,0.9254547062097808
898835,0.9948372704525937
898836,0.9996265616349796
898837,0.9159566580398126
898838,0.7454896701556715
898839,0.9963753446730695
898840,0.551028512681113
898841,0.8569714834924
898842,0.9959845879617455
898843,0.911317767539966
898844,0.9982572984086169
898845,0.9964295472338224
898846,0.05761522616024587
898847,0.6905911433380444
898848,0.8590866622229517
898849,0.997567758515286
898850,0.8932132129830919
898851,0.5137744100117533
898852,0.019022884117791104
898853,0.25945595418544015
898854,0.9983421168352405
898855,0.9997675873810185
898856,0.4351507128655693
898857,0.8277910324230879
898858,0.9967957888965197
898859,0.9996769516750885
898860,0.8937975814026815
898861,0.7107636410672128
898862,0.99988018197857
898863,0.28409175622244665
898864,0.9774978395024956
898865,0.923894864200881
898866,0.4116407601968382
898867,0.9998678270938467
898868,0.9999326407414821
898869,0.2743616116464688
898870,0.009030361095111267
898871,0.9613122364753395
898872,0.9957663788604767
898873,0.3129489449796076
898874,0.07798955020624077
898875,0.9979570181837694
898876,0.666228490021272
898877,0.9839784743612814
898878,0.9994170030813971
898879,0.7239843389951143
898880,0.129020221891864
898881,0.9999885787679841
898882,0.9997672224277012
898883,0.7776636569232185
898884,0.9998998896616693
898885,0.009539466557507374
898886,0.9984669645957871
898887,0.11234736614064572
898888,0.5770859828803685
898889,0.47520854228376697
898890,0.5590224852032768
898891,0.8706020639209213
898892,0.41992406101196667
898893,0.005751690323676242
898894,0.5419419974196454
898895,0.9946775764228484
898896,0.999946524177877
898897,0.369938530905638
898898,0.9922142061161852
898899,0.9972402692993307
898900,0.054076865977950694
898901,0.7568592624436097
898902,0.9560923875883227
898903,0.004556897278452874
898904,0.751909839093587
898905,0.07495974473003883
898906,0.9999087428575041
898907,0.11018008687446237
898908,0.44382027776500294
898909,0.999889629269862
898910,0.015390061182903553
898911,0.9998461927007234
898912,0.8312400048159587
898913,0.05015269821992987
898914,0.3173617086945272
898915,0.9983394416205071
898916,0.12979653380837045
898917,0.4650799277804871
898918,0.9955392384198447
898919,0.002732024760673582
898920,0.5688046804263815
898921,0.9902967251510186
898922,0.4308500372070758
898923,0.8233261444786057
898924,0.9958833869899633
898925,0.6099190556053454
898926,0.15087662367424445
898927,0.618987845801779
898928,0.9975837752687826
898929,0.38848821958303453
898930,0.999876585966418
898931,0.03981753429696329
898932,0.8169791435867555
898933,0.18335642930077922
898934,0.5758906043781453
898935,0.9998196229580845
898936,0.9997006542236462
898937,0.15177606815068512
898938,0.9980057626534262
898939,0.9990512823450084
898940,0.09761287809546197
898941,0.9311989480157662
898942,0.018614367453826507
898943,0.8066654118461655
898944,0.06314478084655142
898945,0.9999613019501391
898946,0.9882041872057833
898947,0.8193878962025765
898948,0.9996942222571883
898949,0.9997656233619596
898950,0.9970963859383463
898951,0.8924353437410911
898952,0.99871769854799
898953,0.9997780584660596
898954,0.9872017920788614
898955,0.0025581696465131584
898956,0.055154853694565756
898957,0.9999195420286779
898958,0.799925323192485
898959,0.6076059533389218
898960,0.998158744769371
898961,0.9993789620797344
898962,0.35743685104493333
898963,0.8773460211296228
898964,0.999980679006971
898965,0.9999875952114058
898966,0.004876026022215583
898967,0.9849198670327799
898968,0.4026651332269665
898969,0.9619567981744115
898970,0.878525386505735
898971,0.9997976221343081
898972,0.10665391568065719
898973,0.1484577315674942
898974,0.8078242450237654
898975,0.8772899746090486
898976,0.9993396014896414
898977,0.36960147924872355
898978,0.9996300327761907
898979,0.9735207511201907
898980,0.008341825283254006
898981,0.9990193015923751
898982,0.6075214486361542
898983,0.7168426563045643
898984,0.08152808547187267
898985,0.4829721784192974
898986,0.9999908170788049
898987,0.9877128677332236
898988,0.9993423629194313
898989,0.9999597000496492
898990,0.3141879172195257
898991,0.9405252076794482
898992,0.9732582131821557
898993,0.9041168169303124
898994,0.7431046665038898
898995,0.0406568068032592
898996,0.5934783400708707
898997,0.45045587668462356
898998,0.9998879578176926
898999,0.8405807592190364
899000,0.6564814907239807
899001,0.2693149307067522
899002,0.9226438696166306
899003,0.9999312384678835
899004,0.9661138941597196
899005,0.5775355670410542
899006,0.8407750618203222
899007,0.137991641591405
899008,0.999478057206203
899009,0.9985418100593664
899010,0.09096251361314045
899011,0.5632725785297387
899012,0.9937022122414146
899013,0.9997414201691922
899014,0.9984568726010982
899015,0.985570420593782
899016,0.9952286804043229
899017,0.6729369454331733
899018,0.9999189808102977
899019,0.0849301217441159
899020,0.14391013348688325
899021,0.9974913218399422
899022,0.3013065633703553
899023,0.9995874036668615
899024,0.9414393605810342
899025,0.9993102150948139
899026,0.9987898420756179
899027,0.7652713104425941
899028,0.9702848926699777
899029,0.4913684336456571
899030,0.9999659397210603
899031,0.9361439164765061
899032,0.9997977623481745
899033,0.09205373270786252
899034,0.993895517938425
899035,0.994203938028312
899036,0.9998765990221756
899037,0.9971638591739536
899038,0.9999253595019493
899039,0.9989177253188832
899040,0.9991568117268802
899041,0.6045274664950873
899042,0.944397471741452
899043,0.9992928368312834
899044,0.19380914302212748
899045,0.6287521831951064
899046,0.42242347517243983
899047,0.6161077508430644
899048,0.9992118792601723
899049,0.7490240982731415
899050,0.9640419613313681
899051,0.9999121625070768
899052,0.20534769679401657
899053,0.7677709501647448
899054,0.07505642767598776
899055,0.9998623915596315
899056,0.47401847393057994
899057,0.00991151234871796
899058,0.9973385541874924
899059,0.9997246830592977
899060,0.9998663273792553
899061,0.9999687446462159
899062,0.9964529098073023
899063,0.9999898331892256
899064,0.45710864153745656
899065,0.42055575320879324
899066,0.944542493786443
899067,0.9505532242425896
899068,0.999757830315374
899069,0.12805282794643172
899070,0.14555406654768377
899071,0.9890633943913929
899072,0.6446534738366472
899073,0.663201696726499
899074,0.45959797763935073
899075,0.9994593694172216
899076,0.9816522044324446
899077,0.9999040306561906
899078,0.9573638846025323
899079,0.037249114696217805
899080,0.998611185854895
899081,0.5267385984899216
899082,0.9999051265142674
899083,0.9999336276188517
899084,0.9998440965292607
899085,0.05968624663945364
899086,0.9763284382551027
899087,0.879218182056807
899088,0.9994834496348207
899089,0.053959245633360194
899090,0.9999762438912206
899091,0.16941698961803364
899092,0.07610538707640059
899093,0.9985673620548493
899094,0.9814955933163707
899095,0.4898746694880033
899096,0.9999021343740768
899097,0.004635482074591045
899098,0.11466505471664971
899099,0.46344574636051844
899100,0.5950594399074702
899101,0.807575722856221
899102,0.8869121935936899
899103,0.09357403857674687
899104,0.43587444383792273
899105,0.9998380330735339
899106,0.021816127760878917
899107,0.9948335388076703
899108,0.7969452624372897
899109,0.9596327908107889
899110,0.998264229285378
899111,0.008965157133835378
899112,0.01227353553755415
899113,0.6138733625084973
899114,0.24697810488815636
899115,0.3491832374457958
899116,0.999966200509789
899117,0.7856264682433405
899118,0.9989026040802905
899119,0.4915176709072403
899120,0.9765552834274077
899121,0.49499755539334317
899122,0.6068565047548561
899123,0.730433833647474
899124,0.9999884421905001
899125,0.9864748695167149
899126,0.03907608622967963
899127,0.9965780686844533
899128,0.9117738030530169
899129,0.9982641502782224
899130,0.22663103461252815
899131,0.5145478355420269
899132,0.3330081876724462
899133,0.8124974150071913
899134,0.7944764724165634
899135,0.176435844238899
899136,0.021070141972292986
899137,0.14141859547789534
899138,0.5785319246713688
899139,0.8733501913167673
899140,0.9990187236363242
899141,0.7560990035639652
899142,0.9981487420830443
899143,0.9996209461623285
899144,0.1477087403327114
899145,0.9998511789236086
899146,0.9999382411594406
899147,0.9975007234198137
899148,0.8953946704609932
899149,0.9985818241218574
899150,0.9967879219837563
899151,0.9974583099851935
899152,0.03188402311960103
899153,0.03233036984357155
899154,0.12713360053037734
899155,0.999638664889954
899156,0.9999764111083018
899157,0.980666849653743
899158,0.21467334654652143
899159,0.32369882383033427
899160,0.9999084247251022
899161,0.9972773769112246
899162,0.9999861539915209
899163,0.9999795016262515
899164,0.891863697170705
899165,0.026034679078281064
899166,0.25576997143898844
899167,0.9999434324668925
899168,0.3523555181572014
899169,0.12947362079020028
899170,0.5998966506416875
899171,0.2543857456712043
899172,0.5189484721413595
899173,0.5845493651084421
899174,0.1171163836852179
899175,0.4015262567552127
899176,0.1547120268642849
899177,0.4375949652845851
899178,0.34723913166919007
899179,0.9988666960941502
899180,0.029605263337774676
899181,0.3153981929960251
899182,0.29765289430330233
899183,0.43342272608250854
899184,0.9117270644325974
899185,0.5728797446241747
899186,0.49371823552246646
899187,0.05349481304950504
899188,0.9485836822380489
899189,0.9877420626623861
899190,0.999046645329205
899191,0.9998312059584272
899192,0.9048725119661492
899193,0.7477659558273837
899194,0.9994663238673416
899195,0.9998625003879947
899196,0.9998272921170845
899197,0.9568909555746588
899198,0.9975629521690199
899199,0.7059317984841591
899200,0.9995477694219441
899201,0.016400836003363832
899202,0.9178553296064599
899203,0.46574103992520116
899204,0.8483677085523289
899205,0.7342243489176357
899206,0.8825773313700991
899207,0.012445361385189277
899208,0.9792512402509533
899209,0.9988966168675291
899210,0.9970871711232109
899211,0.9919932863666252
899212,0.9998821145822993
899213,0.08933261820882477
899214,0.9416262911731378
899215,0.998015945206888
899216,0.8828026526964743
899217,0.14650965460658685
899218,0.035068856220003566
899219,0.6752710822105545
899220,0.7547206531303943
899221,0.9961129674601288
899222,0.04928996640609371
899223,0.9935424345110315
899224,0.23954778252686926
899225,0.7062744643708014
899226,0.1304947567307833
899227,0.2537310835783509
899228,0.9856153734007913
899229,0.06166483358580859
899230,0.9987736151185416
899231,0.4790616366890942
899232,0.9994357811399769
899233,0.8245598900945306
899234,0.9999606422178038
899235,0.9322436621148655
899236,0.8455709533406465
899237,0.9933348581561725
899238,0.9998740378855586
899239,0.998430244247098
899240,0.07342372202780009
899241,0.9998825379455101
899242,0.4466701784520773
899243,0.9999922724091345
899244,0.9998791915371461
899245,0.28264678659973125
899246,0.7456888828652333
899247,0.9994197755164653
899248,0.4153008796613733
899249,0.9998209292491872
899250,0.9972694798761461
899251,0.9999261771143384
899252,0.7199917108372323
899253,0.9958531574258649
899254,0.9819863226414443
899255,0.9876817105601268
899256,0.8308957634520029
899257,0.9564930165105725
899258,0.9911585910331777
899259,0.9987351828793296
899260,0.9999857153145925
899261,0.9998449894853837
899262,0.9900347933841234
899263,0.9392064652662296
899264,0.9999759919472799
899265,0.5335195241063281
899266,0.9987208680297412
899267,0.31837793466077796
899268,0.945859747602221
899269,0.17089362076117715
899270,0.9999865691546015
899271,0.999860484645901
899272,0.9994587948653448
899273,0.8977761407776975
899274,0.9998167772154269
899275,0.22388576254199088
899276,0.0236538341126913
899277,0.9040342406975228
899278,0.6858420449521072
899279,0.8065808871843031
899280,0.4075114612227674
899281,0.4295615132423448
899282,0.9985095292353425
899283,0.9994048513319269
899284,0.9550785529808403
899285,0.999901025263914
899286,0.9390180694770985
899287,0.999814687811357
899288,0.9998998653282187
899289,0.5100387103936427
899290,0.9987217606814863
899291,0.09782820578985875
899292,0.7958931635928241
899293,0.9999766947550817
899294,0.9997401948072788
899295,0.9986976500960081
899296,0.9999925267245696
899297,0.9991534298562122
899298,0.9999224444790081
899299,0.053689663163901016
899300,0.008603652523720086
899301,0.9999734791463091
899302,0.9129884100637691
899303,0.9576129371295047
899304,0.9995876562893319
899305,0.8369568288108395
899306,0.5754544720769514
899307,0.2669122787572415
899308,0.027271549432539136
899309,0.9895337080473077
899310,0.1097802601254124
899311,0.07445571131399285
899312,0.9943462297082104
899313,0.9916335207643904
899314,0.9998873827480828
899315,0.01051315220228604
899316,0.04946077318562784
899317,0.9587584629957833
899318,0.5572633416125536
899319,0.9940795191639953
899320,0.7532119791392098
899321,0.21622027560119766
899322,0.958849336456773
899323,0.0021145426473842236
899324,0.995852578127342
899325,0.9892454704572712
899326,0.8424158335607104
899327,0.3610280470680011
899328,0.1250459374953443
899329,0.9997699458335446
899330,0.9563777011727455
899331,0.8342794174589581
899332,0.9999698986591368
899333,0.999934703866558
899334,0.9997617656207409
899335,0.9970420069537834
899336,0.9959352898275733
899337,0.21944096926275747
899338,0.9915079908084121
899339,0.9999882721974295
899340,0.3574390080934047
899341,0.43528630124132967
899342,0.7125152750802215
899343,0.4919731801396506
899344,0.9339242994153828
899345,0.9999454862649306
899346,0.18336801442771244
899347,0.36666292411301993
899348,0.9653620195484658
899349,0.9991136878420407
899350,0.7755134854836533
899351,0.9999546590956945
899352,0.9978041850326981
899353,0.5693343836970307
899354,0.5434103012853655
899355,0.9997380408003125
899356,0.99054749319894
899357,0.44591176022581147
899358,0.96132924592681
899359,0.9195207463941795
899360,0.20159912961826335
899361,0.3436349263082467
899362,0.9853831256106995
899363,0.7687925683482912
899364,0.7083108504345769
899365,0.5013057243956067
899366,0.2860022272193967
899367,0.9996335229005877
899368,0.930169250006045
899369,0.9998261995867039
899370,0.7965273177921933
899371,0.5121858547411645
899372,0.2947011083996194
899373,0.9608177852807234
899374,0.9959604880371782
899375,0.6835548889273602
899376,0.4404479416564957
899377,0.10308533288637195
899378,0.9883744821805804
899379,0.9995970990026777
899380,0.997530830652047
899381,0.6923485197680673
899382,0.9950029635464562
899383,0.10454582160531664
899384,0.9995305963997734
899385,0.9977334960491707
899386,0.9914714421934931
899387,0.03131692177785941
899388,0.6884668240372707
899389,0.7423826968243236
899390,0.6989906062304119
899391,0.2139500666722116
899392,0.5490130230997305
899393,0.9311779929664031
899394,0.0530631686467763
899395,0.676479911035781
899396,0.9998913727676646
899397,0.022093701689773777
899398,0.9297812064110664
899399,0.01747621820395831
899400,0.9991283176923058
899401,0.989525046134802
899402,0.9876641975100999
899403,0.9987374208397131
899404,0.9965943685967147
899405,0.8156491729122394
899406,0.9997205505536035
899407,0.4970559186406116
899408,0.6890423304811621
899409,0.09044918403909089
899410,0.9997389520904572
899411,0.046945173402292414
899412,0.39692077602861287
899413,0.9994887750830002
899414,0.9256101766151061
899415,0.9999436619525266
899416,0.8614797702292979
899417,0.5201573171539888
899418,0.30582627860114064
899419,0.6536374593723169
899420,0.9999529246177128
899421,0.4005355234362866
899422,0.5587112363638485
899423,0.9998675224657025
899424,0.9625125723223452
899425,0.050805949571611934
899426,0.020937328121867212
899427,0.9987895452467763
899428,0.6206432407361585
899429,0.7605155249524589
899430,0.0349757973830481
899431,0.9310879094413951
899432,0.020759803682916866
899433,0.8520797831459869
899434,0.9887122967454178
899435,0.28054685334318363
899436,0.9999811061157836
899437,0.9998894476735829
899438,0.9930680192165594
899439,0.5808273642679237
899440,0.8466961119908142
899441,0.2559100665412279
899442,0.26863924416268076
899443,0.025745565105514234
899444,0.26537849405703806
899445,0.9893761497325586
899446,0.9999700390293278
899447,0.09274403807634823
899448,0.1465728396250139
899449,0.7199570149873968
899450,0.9999248676928572
899451,0.9986836810588138
899452,0.9806263173523628
899453,0.902183066752617
899454,0.9901090751122279
899455,0.9917124493261532
899456,0.8683553288800268
899457,0.9873076538363562
899458,0.22228247552265082
899459,0.00884738040132393
899460,0.8975820603853292
899461,0.9996896338025006
899462,0.9595640121018862
899463,0.9998260779065975
899464,0.999519656453027
899465,0.9989725349725311
899466,0.781473444496403
899467,0.46563892680364144
899468,0.955225746349138
899469,0.2359901405309237
899470,0.9891011358070385
899471,0.9491847917329973
899472,0.38917878192033295
899473,0.9998631153130781
899474,0.8538270555055498
899475,0.22874519607284102
899476,0.9998122848908254
899477,0.012797137134586358
899478,0.9989682853957408
899479,0.9869593170327197
899480,0.4940519530236935
899481,0.9996637798168293
899482,0.9535655735789128
899483,0.7840722554988615
899484,0.9998396882978997
899485,0.15203047210115386
899486,0.8552159846272802
899487,0.2387093094148333
899488,0.2161593391399044
899489,0.9936690919520054
899490,0.9989187051542924
899491,0.09024898544356638
899492,0.7897302886142544
899493,0.7668206803071269
899494,0.8177990337318046
899495,0.31677914536247964
899496,0.9975821798533072
899497,0.734629698442239
899498,0.9926926640780686
899499,0.9990645363080384
899500,0.9443010709606539
899501,0.9826704954798224
899502,0.9988297807632294
899503,0.9954246149297339
899504,0.9952070651419578
899505,0.942731351203941
899506,0.9809989553448781
899507,0.9993055364357736
899508,0.9346502041550921
899509,0.9655279417634242
899510,0.6726965644136143
899511,0.1283644906738723
899512,0.9976438283098849
899513,0.08659303213709865
899514,0.9833762561737213
899515,0.8417554820233789
899516,0.5614312432357611
899517,0.9702436032954762
899518,0.997349333046796
899519,0.9985405598736083
899520,0.7198049055373219
899521,0.070993959931946
899522,0.44062270169408274
899523,0.9521082118293536
899524,0.9984414370143417
899525,0.7547081130177975
899526,0.549551349960912
899527,0.9996814348359346
899528,0.9940253032235155
899529,0.9999157041164936
899530,0.08636763353775587
899531,0.208597544412221
899532,0.9909076373725472
899533,0.33693359993558764
899534,0.9998501838331588
899535,0.9953887622596055
899536,0.9999634674426745
899537,0.9957731570571626
899538,0.05993367058731449
899539,0.994582572046153
899540,0.4230849127145085
899541,0.9987736815239192
899542,0.03703902015222757
899543,0.9365939922308251
899544,0.3985895503668101
899545,0.9996413214990508
899546,0.9845249125228337
899547,0.18243730989551937
899548,0.9990255162909129
899549,0.4901257130686293
899550,0.4767709093833346
899551,0.8721053732059866
899552,0.9942465233032964
899553,0.040261108713023186
899554,0.894691613363997
899555,0.6560756494075182
899556,0.08569397023384855
899557,0.009840261061597386
899558,0.9999458520296776
899559,0.1812167702445229
899560,0.8365507247570114
899561,0.017279680631759258
899562,0.054682759863032795
899563,0.6716047510019304
899564,0.9998137449392842
899565,0.9983298384660857
899566,0.9997266048749104
899567,0.29001100878987973
899568,0.9999426263055123
899569,0.9952115838663858
899570,0.9999012214692184
899571,0.0865298338240171
899572,0.9880037663823327
899573,0.007395593852017154
899574,0.9997952951683806
899575,0.6595829980477217
899576,0.25635002259428147
899577,0.7653982604845426
899578,0.9303124635177542
899579,0.9689422639278447
899580,0.5392895477489733
899581,0.821606894738884
899582,0.9989267194735616
899583,0.0022066338143426753
899584,0.9918923194915394
899585,0.842115766111342
899586,0.6023624117716317
899587,0.9955229886424999
899588,0.9999770780616859
899589,0.9986468621943235
899590,0.05365711209905574
899591,0.9999504486448656
899592,0.8307595321814507
899593,0.8708646947485525
899594,0.3643814382965177
899595,0.9997952897394431
899596,0.029864617808984036
899597,0.8862083408689376
899598,0.9950004437412727
899599,0.9985607897803535
899600,0.1637040809963003
899601,0.04180479606731631
899602,0.9775889768960309
899603,0.01447081197537824
899604,0.994079593707871
899605,0.016919605699015846
899606,0.8254086363767292
899607,0.9961198070214278
899608,0.4630476303042525
899609,0.6962291073389274
899610,0.5164058201334599
899611,0.9998429862386412
899612,0.9999600008611416
899613,0.8068504241869334
899614,0.44257313174865953
899615,0.9834586335996918
899616,0.9357500219312842
899617,0.637242055724496
899618,0.005398111235580209
899619,0.9403526482776141
899620,0.18898517490601305
899621,0.9987580108736436
899622,0.02664929262094191
899623,0.9974386571618346
899624,0.9896951137336045
899625,0.8307536144276446
899626,0.09793044755135254
899627,0.9990812330558071
899628,0.5004715889237805
899629,0.03914777494652379
899630,0.9997308799603895
899631,0.9990781529383619
899632,0.9998763777871675
899633,0.996426577643553
899634,0.9999292510588619
899635,0.012858793392234984
899636,0.7525222747559472
899637,0.7114784626397125
899638,0.8982043237966797
899639,0.4811886789065996
899640,0.008927714120057658
899641,0.971661834500263
899642,0.5327029565712764
899643,0.7769615815411701
899644,0.04804473053459782
899645,0.9998319790077093
899646,0.01901618695870571
899647,0.9677022439119286
899648,0.9735370436533253
899649,0.7485574588604315
899650,0.9854510081333794
899651,0.9999943800992772
899652,0.40067669969499875
899653,0.9786419868492925
899654,0.5847413164799347
899655,0.9997487135487113
899656,0.9997521192372957
899657,0.2194836783585739
899658,0.6775319624141858
899659,0.9927206936341129
899660,0.9918271251598343
899661,0.006626328408527177
899662,0.9993944076558521
899663,0.03193303049707037
899664,0.12643089345309255
899665,0.9992206733611779
899666,0.9962222456837102
899667,0.716602948885286
899668,0.9916967567293271
899669,0.6392311099474924
899670,0.9959563159536295
899671,0.9997010643153871
899672,0.999927047035577
899673,0.5745076222547081
899674,0.2237519218812144
899675,0.13924445974095287
899676,0.5197757683219177
899677,0.4031092778200617
899678,0.9990280957926019
899679,0.9941348991342135
899680,0.9985628053504911
899681,0.9938814760177691
899682,0.9761795814971856
899683,0.11260586605257156
899684,0.9969822512511779
899685,0.9998595186631989
899686,0.8643602899660271
899687,0.22793828343211828
899688,0.9963230500516198
899689,0.9758112005051653
899690,0.38299175567528465
899691,0.9999900004513721
899692,0.8377151343475973
899693,0.9999359256916908
899694,0.037058869523421634
899695,0.06590000499556901
899696,0.9993192855698303
899697,0.020202529756880173
899698,0.18315108120410456
899699,0.9967720572064075
899700,0.9932100290845025
899701,0.1357836764080682
899702,0.9918564223883519
899703,0.9999781572278593
899704,0.49931458678106433
899705,0.8399797801908054
899706,0.9885027841786552
899707,0.0561457323476475
899708,0.7785765693326059
899709,0.9985177061902016
899710,0.9999594211451193
899711,0.14193097862430235
899712,0.2976451076783168
899713,0.9355991807499575
899714,0.9993857483684114
899715,0.05362941181075559
899716,0.6034616619144716
899717,0.8010228296196334
899718,0.9999730462717376
899719,0.899614545143474
899720,0.316371958822756
899721,0.9724125928872452
899722,0.7438992750018674
899723,0.4902481515019209
899724,0.4027615163433372
899725,0.9997686949075861
899726,0.9897980261422613
899727,0.8559044659818956
899728,0.9964160210092597
899729,0.9745806586117622
899730,0.6520864851786105
899731,0.9994687640968156
899732,0.021955370407085638
899733,0.1700344706999
899734,0.9917462455723556
899735,0.9995456468355319
899736,0.9104321481427705
899737,0.04396610602353947
899738,0.4722970706772267
899739,0.08048284665783748
899740,0.02336597658438158
899741,0.9941476113412011
899742,0.04472036828726331
899743,0.9842654635482655
899744,0.48624779234392623
899745,0.9987658191325008
899746,0.29293236425949776
899747,0.41437183109519893
899748,0.7229565531341039
899749,0.37662015149553774
899750,0.9976968514883182
899751,0.9947294759983918
899752,0.9873429071927912
899753,0.0106683779084589
899754,0.9995375519379794
899755,0.5062050278536222
899756,0.10427307234694272
899757,0.9999759909982787
899758,0.9981520480191759
899759,0.022530054895516363
899760,0.4709565702905959
899761,0.9999436749152034
899762,0.05145445261575407
899763,0.3011085918753593
899764,0.08414659465168685
899765,0.016028683783075058
899766,0.10856295766999834
899767,0.9995152509822121
899768,0.16965675420896686
899769,0.9170259655244628
899770,0.9599508018352497
899771,0.01704458711499145
899772,0.17554907989957447
899773,0.03839470594535398
899774,0.9938842834298082
899775,0.964095820035054
899776,0.18926563480932349
899777,0.6337690183179591
899778,0.5488484561757578
899779,0.7470107400571707
899780,0.3306242262404918
899781,0.8423364106394401
899782,0.28077854646256906
899783,0.059803323978790277
899784,0.8247869317619847
899785,0.9409837803356482
899786,0.27322952587422217
899787,0.9442326524449347
899788,0.9976832079577594
899789,0.9999446237044766
899790,0.9843778384736555
899791,0.35758779543225305
899792,0.0679120897590798
899793,0.6667658714894558
899794,0.6531504640092222
899795,0.16247215915345578
899796,0.9970319872036959
899797,0.99997361793269
899798,0.9753526646254387
899799,0.5768471683572248
899800,0.9999860880669258
899801,0.6457868457385479
899802,0.008883917538396426
899803,0.99903709298803
899804,0.9986740421625446
899805,0.9735146131111769
899806,0.9999488781890318
899807,0.9278899591404384
899808,0.12171712664191761
899809,0.019143662683511895
899810,0.47746619006627133
899811,0.9983092059925395
899812,0.9987871276989826
899813,0.8744619357141584
899814,0.9361025206587965
899815,0.013538233330638399
899816,0.5429054697771817
899817,0.9996829429624992
899818,0.8720138756961084
899819,0.9998288496540346
899820,0.9948080291788053
899821,0.9982719121653567
899822,0.9995185252536722
899823,0.9185626253617036
899824,0.8397644486278077
899825,0.8773978118580195
899826,0.9972149871672332
899827,0.7363057994774052
899828,0.999715281861663
899829,0.32825900913360384
899830,0.04364146238972703
899831,0.9788828767407819
899832,0.6666812183691584
899833,0.9968387630656346
899834,0.6855347798089045
899835,0.9999933494465765
899836,0.9067216977794001
899837,0.9644329146205161
899838,0.9976399426579099
899839,0.5067169203925561
899840,0.9997529126291967
899841,0.04746178161118983
899842,0.05855645957598627
899843,0.9929785722259046
899844,0.5537842234302617
899845,0.9997230999241618
899846,0.9995596089216718
899847,0.8559329016592174
899848,0.08623374464910302
899849,0.6029313119027085
899850,0.9982780626922367
899851,0.9942287256661264
899852,0.9778893941227138
899853,0.9676075942358375
899854,0.8480147719827631
899855,0.12654899967752803
899856,0.5018504099802169
899857,0.9986559030811812
899858,0.9992428797181783
899859,0.5805280735781774
899860,0.9256157836849161
899861,0.5320109652507526
899862,0.8242909464051418
899863,0.9990706091935302
899864,0.7060466055552926
899865,0.009589031123890146
899866,0.20229762056020745
899867,0.9980188873996181
899868,0.9989842121952048
899869,0.686133476232708
899870,0.26397039090948476
899871,0.6322315930969715
899872,0.9997077607295966
899873,0.9998937663782954
899874,0.9389034866595852
899875,0.9999553593556532
899876,0.8084092417705842
899877,0.8143726318070175
899878,0.9945321070734037
899879,0.8950993589197982
899880,0.958892874859819
899881,0.012507846865225634
899882,0.9997613684755584
899883,0.027755383607026785
899884,0.6103764252943974
899885,0.9999208287128922
899886,0.9495329473343597
899887,0.1272480271092629
899888,0.999921840482234
899889,0.8228298548428334
899890,0.9995469495832336
899891,0.6267243938144543
899892,0.9867673347899183
899893,0.9978983796586581
899894,0.558741321389566
899895,0.7132421587861689
899896,0.42961746425427827
899897,0.2105241002870427
899898,0.8915514097966986
899899,0.6159574646919381
899900,0.36136502450606817
899901,0.9999696213134412
899902,0.5443012878292754
899903,0.6758330321012082
899904,0.030238045186129364
899905,0.9998055167894957
899906,0.9981896905962957
899907,0.9999614898860639
899908,0.313474645294994
899909,0.25348372643007266
899910,0.646989880463783
899911,0.8923895542350834
899912,0.9996838767400298
899913,0.3901674148984877
899914,0.12228201817324869
899915,0.9982685139337105
899916,0.8866195022155685
899917,0.9885640885159355
899918,0.9993615067075358
899919,0.9743382624005154
899920,0.17047841628976262
899921,0.5160529824342808
899922,0.8502618086048714
899923,0.5868878160682347
899924,0.9108799420754418
899925,0.9984615996021933
899926,0.9997079131488017
899927,0.9993175335392729
899928,0.9994271710606046
899929,0.9989155066457982
899930,0.9969683126673261
899931,0.5147735443775453
899932,0.9997852690606686
899933,0.9985596354740969
899934,0.8985656634233383
899935,0.9958158381849507
899936,0.5198061985691256
899937,0.0920499005531907
899938,0.9950415706525187
899939,0.9995892892733469
899940,0.9974069017159229
899941,0.9336518387842219
899942,0.0406451956374404
899943,0.2905871945303495
899944,0.39505495563423987
899945,0.9997574147112556
899946,0.003932041258341621
899947,0.9282220389972673
899948,0.9999526283487881
899949,0.9997435153297561
899950,0.01923021033509618
899951,0.998131084850218
899952,0.5650992861564501
899953,0.9886437399885615
899954,0.019807697940028277
899955,0.9999355602971689
899956,0.9993028699309844
899957,0.07421480690353736
899958,0.13988770307608786
899959,0.7248147216027157
899960,0.9975497438039785
899961,0.9964138117044161
899962,0.999066795439541
899963,0.7948295889051957
899964,0.8463763940135824
899965,0.7889650045159597
899966,0.3662599577838335
899967,0.9997812338164446
899968,0.17288959372812784
899969,0.010778831230026063
899970,0.5115976508922174
899971,0.003589003175504884
899972,0.9979964797801862
899973,0.45700141201173783
899974,0.8027171376214635
899975,0.99379714573195
899976,0.010380225331285037
899977,0.6023433582266086
899978,0.9859320953450756
899979,0.6437468006619756
899980,0.5587479706789736
899981,0.11956989509405737
899982,0.9999659594508838
899983,0.9990196808405982
899984,0.354971628947894
899985,0.9998028695840749
899986,0.2847477324610341
899987,0.9997398985568989
899988,0.9999616686287834
899989,0.8040453592778365
899990,0.8727786845748298
899991,0.9113096282285877
899992,0.117460770698322
899993,0.9144137045427634
899994,0.02513103375011308
899995,0.9998896040084674
899996,0.9754141231536071
899997,0.9953941653362909
899998,0.999896488105707
899999,0.9989227902741488
900000,0.6358607147912357
900001,0.9997588656973725
900002,0.9996711785191591
900003,0.8716853518760408
900004,0.20850986724637638
900005,0.7467425263686004
900006,0.009684304419424956
900007,0.8784678833107555
900008,0.03306265483284629
900009,0.5781537523371759
900010,0.9597052200431642
900011,0.793117124581423
900012,0.9911989741366278
900013,0.9967354177768022
900014,0.7877744813099521
900015,0.9456102998916013
900016,0.12619697883312112
900017,0.004509800928425729
900018,0.999796417536848
900019,0.5578466992314145
900020,0.019565968561844272
900021,0.16959480226731571
900022,0.36823383839082063
900023,0.025242211648510003
900024,0.9667367907466295
900025,0.9999961525109279
900026,0.07550680872625687
900027,0.9374679869918665
900028,0.06735067651387147
900029,0.09608668464671853
900030,0.606765939834777
900031,0.7381166134487226
900032,0.27605709378279675
900033,0.8063576690008761
900034,0.03338739360352963
900035,0.9667012057248019
900036,0.3948498818406456
900037,0.5644907706732638
900038,0.6153519858050144
900039,0.9966929913650948
900040,0.9135079540645816
900041,0.998433715513012
900042,0.9989082366632236
900043,0.9988267982425276
900044,0.010574529969214938
900045,0.9999034197920753
900046,0.08592954381669893
900047,0.5137792972072746
900048,0.9510961986878301
900049,0.750687052651047
900050,0.035926890876273994
900051,0.999963819747791
900052,0.9957477243209121
900053,0.36423206117212614
900054,0.6205594209039175
900055,0.8802060710149615
900056,0.9971424824934254
900057,0.7730521121459516
900058,0.9999384810191292
900059,0.9981075079501585
900060,0.027647600102860374
900061,0.05680493050139736
900062,0.15029612979381382
900063,0.9989071609685869
900064,0.5689153611916371
900065,0.9954030309115653
900066,0.09399325308031142
900067,0.8973222417320272
900068,0.9841080459244259
900069,0.9995781023633631
900070,0.9999300987043533
900071,0.9978480518784292
900072,0.9760929535544757
900073,0.007629023438545872
900074,0.9991970105203746
900075,0.9317568142170121
900076,0.999923970594869
900077,0.987628515836377
900078,0.5665484356386018
900079,0.1515990124060593
900080,0.6376120511307218
900081,0.9875211381735984
900082,0.9944787830303088
900083,0.08302457361753997
900084,0.8328092399970082
900085,0.9998765453763958
900086,0.3943870462681851
900087,0.7976780966021759
900088,0.9994664360036849
900089,0.996048328841239
900090,0.999421459973001
900091,0.09979698239761182
900092,0.7695358589210586
900093,0.11121803695373178
900094,0.9976205493521718
900095,0.9792450630771827
900096,0.015981477957809496
900097,0.26802471750118007
900098,0.9641959368471524
900099,0.9966692023708873
900100,0.9731908538163174
900101,0.2013569692503107
900102,0.9940067502979292
900103,0.046796338733767026
900104,0.4030050568731163
900105,0.02032436692693105
900106,0.9985200799284832
900107,0.9993935483163264
900108,0.5776110753190249
900109,0.9208053135948643
900110,0.9998303964342964
900111,0.8276851405910592
900112,0.08824147426908702
900113,0.07975794966148501
900114,0.9998673151136096
900115,0.9996269408811138
900116,0.9996367136068915
900117,0.0817790536545216
900118,0.9696620631313273
900119,0.7632672353649457
900120,0.3727969935615324
900121,0.4155287491806421
900122,0.157871453779518
900123,0.12214581696036092
900124,0.42844113337307155
900125,0.06563913521274498
900126,0.04558073167533173
900127,0.9915012339011671
900128,0.9965593049049329
900129,0.7306638896387337
900130,0.9954722354635885
900131,0.9960402109405437
900132,0.9483220535140704
900133,0.9999572097828879
900134,0.9999630762700674
900135,0.17714126891082038
900136,0.2630079103930774
900137,0.9796422326671703
900138,0.997598274896238
900139,0.9999296064942786
900140,0.714195834351236
900141,0.8234264956120665
900142,0.9999739388717914
900143,0.9582472585563221
900144,0.9981536023572641
900145,0.9931242134217183
900146,0.03956514105093316
900147,0.12346307674532642
900148,0.649506277891382
900149,0.052852285216515374
900150,0.9999388996498771
900151,0.6299580219107161
900152,0.9999346587133322
900153,0.9736570555512178
900154,0.9876456872837718
900155,0.4523870458415423
900156,0.05055682094634739
900157,0.7850249153103193
900158,0.9693869480488911
900159,0.999785444075056
900160,0.9993200359811972
900161,0.9945776129020415
900162,0.09251334241000166
900163,0.8329309371954011
900164,0.9999046627237935
900165,0.05718127719317295
900166,0.9991447130159986
900167,0.9841102431227151
900168,0.9984940321201746
900169,0.05758128431115232
900170,0.008943423161986992
900171,0.9285720942654347
900172,0.9987408012510991
900173,0.9781007199528569
900174,0.7749723250630887
900175,0.9998223168070592
900176,0.23320240151425103
900177,0.9998799502984381
900178,0.9970383334036701
900179,0.2883719951628071
900180,0.9841409317338978
900181,0.9996621271323021
900182,0.9703320086546836
900183,0.9811292634831419
900184,0.9962037373363168
900185,0.9991214695597302
900186,0.7877928060062476
900187,0.26263888016696574
900188,0.9993090821324949
900189,0.14206350747644914
900190,0.8300214484609201
900191,0.4202170139934397
900192,0.24568406344635582
900193,0.022078901132410143
900194,0.9727142730180782
900195,0.7187395065037184
900196,0.024798952835382485
900197,0.37380904483290844
900198,0.9836223808586506
900199,0.46261749088465354
900200,0.9997679632618786
900201,0.5175978573128082
900202,0.9997742568625617
900203,0.9999551571431834
900204,0.06061084594826404
900205,0.9999714190531637
900206,0.008882888911630894
900207,0.9980156389242252
900208,0.9727833862514934
900209,0.9882727144824922
900210,0.9996993084025598
900211,0.9985961098974157
900212,0.93715086861515
900213,0.9999802874142875
900214,0.9998982326626538
900215,0.6128814311906674
900216,0.9259477781618893
900217,0.9759776161259532
900218,0.03504618453429853
900219,0.9993896071493652
900220,0.9244535286439927
900221,0.9996783241451744
900222,0.9991012515008856
900223,0.007675701460906725
900224,0.9990647720598076
900225,0.9899930014822708
900226,0.5730051350365627
900227,0.015203135607526681
900228,0.07983972115793492
900229,0.9642715358010812
900230,0.8853275484897245
900231,0.9999755874718348
900232,0.12857341588290747
900233,0.9991698301073059
900234,0.9999816486555044
900235,0.6828288776260119
900236,0.9177364573407875
900237,0.974872114719037
900238,0.7190067819930435
900239,0.7160984199876772
900240,0.8942421279261029
900241,0.998552317635807
900242,0.10684656756486884
900243,0.8361997990165655
900244,0.9971864849326153
900245,0.750808127474219
900246,0.9926031583580155
900247,0.9600765659772392
900248,0.8206626842577114
900249,0.999965024370654
900250,0.9993884629697933
900251,0.349363843948925
900252,0.8796418870901699
900253,0.998175743897143
900254,0.9995669256721537
900255,0.48452522426258227
900256,0.7599280584557977
900257,0.9849457040160694
900258,0.22414971666594333
900259,0.6508693527831024
900260,0.7165829412103388
900261,0.8454770546632171
900262,0.12948575076786753
900263,0.7220775046343599
900264,0.9642920067021161
900265,0.29075222195829775
900266,0.9535110929249629
900267,0.8318314640999079
900268,0.9968869205664165
900269,0.12939259623754013
900270,0.7483254245127964
900271,0.995002067906968
900272,0.39946164153250785
900273,0.5181590825410082
900274,0.5846107209412412
900275,0.07866054694796829
900276,0.011627210773470852
900277,0.05912456195832166
900278,0.47542542893701134
900279,0.14436236444268327
900280,0.9998102417240091
900281,0.9999792373123956
900282,0.9986955525977936
900283,0.1441373176734071
900284,0.0139328071667979
900285,0.8194593872194637
900286,0.22753412317394917
900287,0.23018395509886463
900288,0.8674953667975298
900289,0.07825663509910066
900290,0.898509323438303
900291,0.9807943756189349
900292,0.8123789315929448
900293,0.45125973867929425
900294,0.5863399181653992
900295,0.9989034686998288
900296,0.9998062504269856
900297,0.9987299228156273
900298,0.06651194106502845
900299,0.846915743042528
900300,0.015695923413468628
900301,0.9041749432334882
900302,0.35699624838278865
900303,0.07039015453536426
900304,0.9981028353799077
900305,0.9993115589494834
900306,0.3073221672936106
900307,0.9888892109184633
900308,0.9594670089095803
900309,0.9727703246890778
900310,0.20490641272676313
900311,0.9930156920206075
900312,0.3447486293445072
900313,0.7984018638427299
900314,0.999811496829191
900315,0.18746164007688343
900316,0.9999097635088592
900317,0.9956968037522251
900318,0.9998375545970617
900319,0.9960045756527235
900320,0.9895818349847394
900321,0.09956412534641379
900322,0.7963852275270683
900323,0.3838638943994882
900324,0.823333412716031
900325,0.9275722119683258
900326,0.4680840989704538
900327,0.4978285176045861
900328,0.09626293838999658
900329,0.9961238425723808
900330,0.9993298644168378
900331,0.9999621030218061
900332,0.11685260980524001
900333,0.9784620189244759
900334,0.9449413427608235
900335,0.9263485775491149
900336,0.012349780470159367
900337,0.7296079141275083
900338,0.10891585047795393
900339,0.986803540312778
900340,0.9998737887873043
900341,0.9984003132986068
900342,0.21529451092641672
900343,0.999382320507711
900344,0.8603305440785786
900345,0.9915613274858639
900346,0.07933526706439531
900347,0.05906933020796985
900348,0.15478158603590125
900349,0.8693151074453451
900350,0.0303118181844286
900351,0.3291477481237936
900352,0.9998532617081751
900353,0.09858677535268212
900354,0.9999055397844696
900355,0.6006867803608946
900356,0.9931628966239932
900357,0.2435199753019816
900358,0.9982894815151349
900359,0.013285396699647244
900360,0.9696354056054086
900361,0.3711843348847126
900362,0.2016877860154992
900363,0.31698962822872134
900364,0.7825259984264687
900365,0.9999850644213768
900366,0.9979547973573271
900367,0.9984143288324409
900368,0.9956140267578577
900369,0.9517183615236819
900370,0.9993029723237215
900371,0.44995971287798286
900372,0.1116442838087359
900373,0.294456156981641
900374,0.9961582375480383
900375,0.39904193560096995
900376,0.9882078868662341
900377,0.7756123139917561
900378,0.9975689505849645
900379,0.9997556271539072
900380,0.9992493898794071
900381,0.9915706561101725
900382,0.9952461276889377
900383,0.9997587064779077
900384,0.5935415639768428
900385,0.05620116344087638
900386,0.029853308442450818
900387,0.9938619511340598
900388,0.975112202276266
900389,0.7985551358939061
900390,0.02282236519995302
900391,0.9302417288766315
900392,0.9994651185213261
900393,0.7713151259219737
900394,0.9999359956270647
900395,0.8588488611608782
900396,0.9997604802928508
900397,0.007860387423194441
900398,0.34317432968646444
900399,0.8318898959176098
900400,0.9999924758088949
900401,0.9998157104422486
900402,0.4804908700251177
900403,0.2572785599197464
900404,0.9988048732745664
900405,0.999016686275263
900406,0.9336739679083992
900407,0.9427273869078636
900408,0.3323871560557181
900409,0.05515627147793742
900410,0.9741077703466523
900411,0.8856443252416759
900412,0.9990404221091922
900413,0.2832003994464222
900414,0.11545354884572559
900415,0.7222779221595172
900416,0.43826451861182764
900417,0.9963122304690399
900418,0.9961735187414196
900419,0.9870586824312283
900420,0.9965823453788801
900421,0.696071214108088
900422,0.9995524309107591
900423,0.9896205414003707
900424,0.6525670974945105
900425,0.9449252959992172
900426,0.9894726673413974
900427,0.9961812322495405
900428,0.42786012207344015
900429,0.8988205146194252
900430,0.9989432486562995
900431,0.19362838278203104
900432,0.5303672333556311
900433,0.9831403613041795
900434,0.4061845737402726
900435,0.9992577711471078
900436,0.3393136795832044
900437,0.9895697432194204
900438,0.998832413379916
900439,0.055844510846713685
900440,0.9998631457674128
900441,0.999823777992329
900442,0.9999656771166578
900443,0.9998108258424416
900444,0.9413501697195591
900445,0.997222226132548
900446,0.16528578593671206
900447,0.9973869130142546
900448,0.9186225694403249
900449,0.9450344976604774
900450,0.5497628426577568
900451,0.9948941662580946
900452,0.40599504382830487
900453,0.953162904125537
900454,0.999687650852966
900455,0.33755558420773724
900456,0.23490843376504128
900457,0.012256556148391076
900458,0.032551132439296096
900459,0.974003813712464
900460,0.9465615898160579
900461,0.975362097870843
900462,0.9788448048561014
900463,0.9998985917478989
900464,0.983667081712729
900465,0.1660414505862829
900466,0.9980069963308777
900467,0.013993613436509553
900468,0.999950356467753
900469,0.5523662809927862
900470,0.749373394945551
900471,0.6609459683056234
900472,0.9995661650795251
900473,0.9160915648488843
900474,0.8907623204162162
900475,0.6729070327026134
900476,0.25184065521940446
900477,0.9152811435488145
900478,0.2798552393355753
900479,0.5553222160549502
900480,0.9139702580659197
900481,0.9990737139282031
900482,0.8703165401444014
900483,0.8187113749301664
900484,0.9998626566724494
900485,0.4166036271672547
900486,0.9996377697577675
900487,0.4441343143197056
900488,0.9447105470575828
900489,0.8050041638574361
900490,0.8547832636569485
900491,0.9979493656917906
900492,0.9968301802110033
900493,0.9742852711554117
900494,0.9997461167683861
900495,0.9997156189889636
900496,0.7020556255649111
900497,0.2233286740636286
900498,0.9721704179028758
900499,0.9960632756484599
900500,0.9999650062287802
900501,0.9993567140627928
900502,0.01794328054533391
900503,0.0073157571349289005
900504,0.7324441045957889
900505,0.999722363329929
900506,0.057784584512954276
900507,0.08721396150173466
900508,0.8032917746468311
900509,0.9914234499774707
900510,0.9999696777484858
900511,0.9989233656217462
900512,0.9997240068429585
900513,0.8370245618803278
900514,0.9921859608456681
900515,0.9922261778139749
900516,0.013889091070615561
900517,0.972740303939328
900518,0.9987802513195079
900519,0.07471731034538934
900520,0.9988540600384903
900521,0.8480436003536488
900522,0.9998317966846273
900523,0.47676036685837964
900524,0.994710100052408
900525,0.015843685600538556
900526,0.999133399243687
900527,0.7603468837969551
900528,0.4138503989093921
900529,0.24001590750354035
900530,0.9997601201848451
900531,0.5134338409640202
900532,0.7275513467651176
900533,0.2720728455936347
900534,0.6578780877758215
900535,0.9989408222821178
900536,0.3444929441385616
900537,0.7239943232199694
900538,0.2568449673646255
900539,0.07895408327087725
900540,0.9489138920914602
900541,0.9878233806175716
900542,0.9964489615901364
900543,0.33559925926371315
900544,0.6354855430846029
900545,0.9994620358874488
900546,0.0015365879657905975
900547,0.029614149748466337
900548,0.03458167700977835
900549,0.9538347934912532
900550,0.5171485556974682
900551,0.6582654594000235
900552,0.998987883396423
900553,0.9081817127002785
900554,0.9979023256896493
900555,0.7859644147405532
900556,0.5444410625789486
900557,0.9574498656918526
900558,0.9922494047942276
900559,0.8357312000733286
900560,0.999816467794004
900561,0.9996400034018904
900562,0.0004928208101154974
900563,0.9992432833251148
900564,0.6833733466539513
900565,0.9997506631185666
900566,0.16804389500246766
900567,0.583685224359147
900568,0.9985380428780775
900569,0.9774976736604541
900570,0.05254136580483691
900571,0.024858311253002356
900572,0.9997415253197346
900573,0.025511627804214423
900574,0.9974908176895407
900575,0.9989734479489298
900576,0.014608742083615
900577,0.9700646576592746
900578,0.8186389295586385
900579,0.9994546850767714
900580,0.9944347624405663
900581,0.9888885730683836
900582,0.0320899340331566
900583,0.31884946277541526
900584,0.45706430044749996
900585,0.9094103522171771
900586,0.053765952724219496
900587,0.9985497821194915
900588,0.0030778668182683535
900589,0.01819977929501155
900590,0.9999230550413053
900591,0.3739821586196135
900592,0.3317928054497993
900593,0.9994281874131129
900594,0.018991708697982286
900595,0.9960263037552455
900596,0.03479489694279456
900597,0.020327972201445825
900598,0.7530882807145003
900599,0.9858510114657797
900600,0.9991689833130237
900601,0.9931668758322939
900602,0.007900800817762317
900603,0.3620906470030776
900604,0.13199986439754963
900605,0.1718339724360456
900606,0.4187747092873101
900607,0.9999580296316362
900608,0.5892930415435143
900609,0.9992459342599991
900610,0.99960122402309
900611,0.999736678303234
900612,0.12479113710062745
900613,0.9988735952583699
900614,0.9907030596208504
900615,0.9303412174549033
900616,0.9997646497450196
900617,0.9032778827939347
900618,0.08089821248084543
900619,0.10457536753337371
900620,0.9723574554699591
900621,0.595797005836339
900622,0.9964191008444825
900623,0.022797823241729596
900624,0.3176301109930394
900625,0.9999630044456402
900626,0.9004662103460374
900627,0.28840430928316024
900628,0.9637267290336338
900629,0.12550289536902143
900630,0.9973167461405117
900631,0.9173871581033755
900632,0.9976622238996333
900633,0.9699942829982117
900634,0.9917952278300343
900635,0.21758028063280838
900636,0.9998391515653324
900637,0.6352208880594238
900638,0.9933049331122856
900639,0.999849309473882
900640,0.7441668372079071
900641,0.2773951958755134
900642,0.021863225726711243
900643,0.9996750990761891
900644,0.2040665237904555
900645,0.9942805440889287
900646,0.9986299834602709
900647,0.11868835073805802
900648,0.13385199938321155
900649,0.9648199393806092
900650,0.9999095717600757
900651,0.9619097111759385
900652,0.9828983095330381
900653,0.3802024355765499
900654,0.5985293609052664
900655,0.8409673974978416
900656,0.6736935391118075
900657,0.18322884649588245
900658,0.07361980328698828
900659,0.9993239761486803
900660,0.9968344340101276
900661,0.9665004186579809
900662,0.909378782906785
900663,0.9993519749539611
900664,0.6519257418223414
900665,0.9981408185314038
900666,0.9998798163231164
900667,0.9991500110972176
900668,0.9905159572317368
900669,0.9999214606047937
900670,0.6537289467420502
900671,0.20720954208802012
900672,0.9998883803803531
900673,0.24218768051871137
900674,0.8747503071952853
900675,0.9988612696292514
900676,0.19898122311200095
900677,0.9426272985315091
900678,0.12158972188234093
900679,0.7147063213390483
900680,0.9999872729144796
900681,0.9898207659490895
900682,0.9942137108375003
900683,0.999849029632697
900684,0.18211758751400609
900685,0.9988898169972618
900686,0.052840848632309215
900687,0.8948213913702301
900688,0.5115237331805129
900689,0.9995302728760288
900690,0.6344460639718419
900691,0.9972738107327983
900692,0.7257074691536423
900693,0.056566910096351744
900694,0.696161798739127
900695,0.9996021882774618
900696,0.9996973842328961
900697,0.9997828680662793
900698,0.16395194308875838
900699,0.049987311307796836
900700,0.9947980088965493
900701,0.06512235963599453
900702,0.11121415406878501
900703,0.07160249524663197
900704,0.9997799124259374
900705,0.6544230308831978
900706,0.9757414742727245
900707,0.07100961370929004
900708,0.9588178256934407
900709,0.9711148657922397
900710,0.9186114235576864
900711,0.9959322024499826
900712,0.999823521941549
900713,0.9999348447509461
900714,0.6125545092298715
900715,0.9998893790332979
900716,0.49848895039955343
900717,0.1676755990614746
900718,0.9949940865885691
900719,0.1702720819719557
900720,0.017110520731332037
900721,0.9982171461185755
900722,0.9869239475059061
900723,0.017793104323089528
900724,0.9853982972512645
900725,0.9997016105548344
900726,0.9484674489649985
900727,0.22507174748019396
900728,0.9913799520283794
900729,0.8347430618931562
900730,0.08929320824119177
900731,0.9875835469619665
900732,0.28960525628415223
900733,0.9999531866667699
900734,0.9999840743447528
900735,0.7345598700849629
900736,0.9535791834582658
900737,0.35716400993931496
900738,0.9999768359381715
900739,0.3964952782834272
900740,0.06986697533179986
900741,0.40646750973844614
900742,0.9635554701151945
900743,0.7535230730289161
900744,0.10838685015768523
900745,0.4048649088224937
900746,0.9998419573405795
900747,0.029862376690678597
900748,0.6872441773845492
900749,0.04450394967031111
900750,0.9766946618925377
900751,0.00358661124966599
900752,0.1268884227801236
900753,0.013184335802623423
900754,0.9999689408021726
900755,0.8329378721031803
900756,0.26990608997150256
900757,0.7667453600522087
900758,0.9965570808160236
900759,0.13701510329455518
900760,0.23491328513876794
900761,0.9967839743931106
900762,0.9996818026763605
900763,0.8282623289513454
900764,0.2556693576110278
900765,0.9957363020344693
900766,0.8942727370090644
900767,0.09307706371698612
900768,0.9999460165741052
900769,0.03023185032437213
900770,0.9993683462390894
900771,0.3204182503090698
900772,0.9985629536401983
900773,0.7748056684287883
900774,0.858713295073464
900775,0.9982469860587371
900776,0.9973622595205615
900777,0.6577112658685924
900778,0.9990719500578881
900779,0.728271765662249
900780,0.9999413888337723
900781,0.9309360152972858
900782,0.9997157534319405
900783,0.8965964800488886
900784,0.37548426857766004
900785,0.7628249183019398
900786,0.9900744813333018
900787,0.4335514131379484
900788,0.07812695332625026
900789,0.9998693276600523
900790,0.6156109613144667
900791,0.9925026254958369
900792,0.9974095939664179
900793,0.9517414158544277
900794,0.1395181619069274
900795,0.9989312491882312
900796,0.9998836537912019
900797,0.550839854641946
900798,0.00818026646875543
900799,0.9999493659844939
900800,0.9534240400681573
900801,0.13850292262989214
900802,0.9998134063948831
900803,0.9835225613171682
900804,0.6606817168493004
900805,0.819525508225528
900806,0.7545417937360003
900807,0.6058339623246769
900808,0.994270561137828
900809,0.9718317132617507
900810,0.9194045133298236
900811,0.9972537545138207
900812,0.014405930831263965
900813,0.4492341707906946
900814,0.673477490928591
900815,0.2581122610421329
900816,0.9965361101578399
900817,0.6521662451603324
900818,0.24878767109998723
900819,0.2828067833079257
900820,0.7370948865761902
900821,0.024830624701874388
900822,0.02028002935107286
900823,0.9877516809454758
900824,0.999808866427691
900825,0.9987139458470845
900826,0.08974403698925834
900827,0.9965286026170335
900828,0.9927454568386312
900829,0.9681203574207313
900830,0.2633991195529738
900831,0.9871316243505188
900832,0.22601845543103619
900833,0.18722150409835195
900834,0.8109855615364505
900835,0.11526128296422473
900836,0.03416606263090393
900837,0.1071017690958388
900838,0.9883799342851234
900839,0.5563814311153112
900840,0.010800979760900564
900841,0.9999744507085774
900842,0.9999712001262651
900843,0.9887690369567727
900844,0.2452682180592968
900845,0.9996910295104688
900846,0.999878453616234
900847,0.7400631298944034
900848,0.006251827400534726
900849,0.9764929555550474
900850,0.7543778201993994
900851,0.7380245757296023
900852,0.13119422796732
900853,0.5399449425205222
900854,0.9918547956959834
900855,0.9989674509665001
900856,0.9214937473469683
900857,0.8883717806610497
900858,0.9775408847052077
900859,0.9998248543540632
900860,0.9997797666821651
900861,0.9437771509919896
900862,0.28681672976244194
900863,0.18429350077996273
900864,0.2527327831896722
900865,0.9994501633346834
900866,0.9999696043060244
900867,0.9999162049666038
900868,0.3469810744948915
900869,0.9999847014981509
900870,0.9994317004393816
900871,0.8270552970066923
900872,0.2160752163804178
900873,0.7352692050942309
900874,0.8853344864652961
900875,0.08488786217994715
900876,0.9816510100267408
900877,0.9496376130540611
900878,0.9984479216610609
900879,0.9999655569884343
900880,0.9999710043949708
900881,0.9987742787220476
900882,0.03854446366989216
900883,0.9998133757358719
900884,0.9998010419991167
900885,0.923403302191093
900886,0.9998726557431628
900887,0.9999844932665833
900888,0.9999890285984807
900889,0.6598627800809712
900890,0.9954179005738166
900891,0.10655255834999858
900892,0.2025328041008665
900893,0.9999929276587947
900894,0.9996780389484402
900895,0.7241670540561203
900896,0.07820536481078186
900897,0.8590467852194797
900898,0.9126832526192623
900899,0.007407025749819754
900900,0.9999902899705174
900901,0.9363075135465504
900902,0.9545064282211125
900903,0.6677156935110664
900904,0.41149297048895217
900905,0.9200759600711195
900906,0.41026292399271236
900907,0.38095229909581446
900908,0.7972875858553352
900909,0.9998208406721015
900910,0.9991131654883141
900911,0.8800258649034352
900912,0.5358162121940113
900913,0.25756390845448596
900914,0.9997737831368686
900915,0.9962456744697342
900916,0.9320895578167956
900917,0.9651005509190662
900918,0.9429592458876215
900919,0.3372585672103876
900920,0.5074829245313245
900921,0.6132877665499235
900922,0.24706664483350604
900923,0.9998425142592003
900924,0.9997564601657507
900925,0.15070943028917758
900926,0.9973457961957326
900927,0.7560017694544677
900928,0.9998590753263983
900929,0.02152990782036511
900930,0.5875795960254566
900931,0.9999804254236636
900932,0.006692851946408498
900933,0.04583369736733961
900934,0.17509089881443984
900935,0.9970387522756922
900936,0.7045288278917834
900937,0.9959801892038158
900938,0.9399794530595638
900939,0.7664051940699158
900940,0.9947098685420405
900941,0.9999608731499215
900942,0.01745498171489969
900943,0.9818873898124078
900944,0.9999019275159089
900945,0.9997027722678077
900946,0.9943405914267005
900947,0.9998038127916364
900948,0.9999353269649365
900949,0.9987562224882748
900950,0.047571918820057874
900951,0.031155155694275738
900952,0.031071428764175735
900953,0.9998264081746074
900954,0.9999918135409127
900955,0.999846899098362
900956,0.015943494424726052
900957,0.8178053436460844
900958,0.06122586671604724
900959,0.819346676068097
900960,0.9999016696178276
900961,0.08580981457166637
900962,0.7943051373181422
900963,0.2166799546903173
900964,0.42548714744652255
900965,0.4781752393247225
900966,0.9521710800807994
900967,0.0911668859562427
900968,0.9999829915467763
900969,0.9998976308847015
900970,0.9999476578712861
900971,0.22903265044995544
900972,0.011277533694162867
900973,0.6454430870359342
900974,0.998249655666745
900975,0.28832152754586055
900976,0.6265061351521559
900977,0.9119231520481794
900978,0.8009649641124292
900979,0.2655566112760781
900980,0.7477731959483962
900981,0.9990967791079072
900982,0.956070329953965
900983,0.021464719862476982
900984,0.9983849111151526
900985,0.692887305821315
900986,0.09967231270172773
900987,0.9997142220010014
900988,0.9910085461438765
900989,0.9002923826611313
900990,0.9999238825832346
900991,0.5273969022733987
900992,0.9992872262501962
900993,0.9999817044416882
900994,0.9988723057520065
900995,0.8309264869019883
900996,0.9828253868165076
900997,0.9997788587043062
900998,0.8854685762180511
900999,0.13085658242621448
901000,0.9750728667928361
901001,0.9991305891308022
901002,0.9999516209064843
901003,0.9995141431052375
901004,0.9543679139759114
901005,0.8402480134189525
901006,0.031091022971127508
901007,0.9766071759897412
901008,0.8699215152908897
901009,0.13034405151621994
901010,0.9924685451542524
901011,0.9996192313197856
901012,0.9998542074272613
901013,0.9997413989952803
901014,0.026948032763904128
901015,0.015163704306632678
901016,0.9985795162882755
901017,0.9999788647672523
901018,0.9700119024012618
901019,0.9845775888986095
901020,0.6419812912601358
901021,0.8128843428777428
901022,0.9996863155812541
901023,0.998928572049185
901024,0.9990174264114231
901025,0.38433003062752025
901026,0.03712924747265543
901027,0.989470658821225
901028,0.8834019042428152
901029,0.0401175494596995
901030,0.3602787597929579
901031,0.6710980102365529
901032,0.674139177685549
901033,0.011991670570867488
901034,0.7592211834425008
901035,0.033195575222326516
901036,0.999914721019219
901037,0.9992296428055683
901038,0.3581461376802025
901039,0.3920022333008097
901040,0.5865360574225733
901041,0.0060392380113684216
901042,0.9921311095649394
901043,0.9922237616992187
901044,0.15387639887957508
901045,0.5095813922882525
901046,0.758166237882439
901047,0.9968235158857124
901048,0.9997134046321238
901049,0.983772702918318
901050,0.9715321107897636
901051,0.8943385598762927
901052,0.9929896918066601
901053,0.03403936237801469
901054,0.9359143384287967
901055,0.8240213540415366
901056,0.9999247150339703
901057,0.9995853939414667
901058,0.9998411103045368
901059,0.8208240943275044
901060,0.9991259911595363
901061,0.9487907986558793
901062,0.766441440109993
901063,0.020566130983912835
901064,0.9999818856829986
901065,0.1346290904846771
901066,0.9925526794753889
901067,0.973455905829494
901068,0.999769433904623
901069,0.6261346649632343
901070,0.9993884360027298
901071,0.5578442148064597
901072,0.2671636980790608
901073,0.9958767807424066
901074,0.034142509589733874
901075,0.9993352429237794
901076,0.8424618432455195
901077,0.6498911818691058
901078,0.3489472922951238
901079,0.29717273673480626
901080,0.9994242671499948
901081,0.9999165479505514
901082,0.996381855750973
901083,0.9830046385745501
901084,0.983591712377014
901085,0.7018156958283266
901086,0.9993747937753978
901087,0.9354258597136834
901088,0.9935449770600508
901089,0.9610116834239739
901090,0.9998647470354737
901091,0.8114740974180586
901092,0.9996833391296551
901093,0.4321988538845969
901094,0.9998775308151121
901095,0.9945615129984047
901096,0.14515629640846706
901097,0.9968444264313567
901098,0.9395709545942332
901099,0.993876008026495
901100,0.8925612420757252
901101,0.9907132254964637
901102,0.9841021550364661
901103,0.9902024421585705
901104,0.09297168463949394
901105,0.023434120488473195
901106,0.9994530270614949
901107,0.9990270045581766
901108,0.34205195222784757
901109,0.16052009980153642
901110,0.9959117293950444
901111,0.9994428254844604
901112,0.3192257376221153
901113,0.9603229662416968
901114,0.033978112034130134
901115,0.9902808350915433
901116,0.009876554065021012
901117,0.04357165787779391
901118,0.9996856708400144
901119,0.4660689665547043
901120,0.9185325292997442
901121,0.6729335825003395
901122,0.9992384149566986
901123,0.07365159404685145
901124,0.9992579080511873
901125,0.022196293141873307
901126,0.998703034540271
901127,0.9921328743880578
901128,0.9763771493008705
901129,0.16047936263665086
901130,0.9997396046018197
901131,0.9474414985429811
901132,0.9966359303167467
901133,0.9791995254056446
901134,0.053059209364747825
901135,0.5188826178411925
901136,0.43197735510136864
901137,0.5236314488062664
901138,0.9067264436565596
901139,0.13761229424104895
901140,0.9815340487188113
901141,0.9316392109322229
901142,0.5929412746199246
901143,0.5255928380287971
901144,0.9990473003155451
901145,0.19772415759350026
901146,0.010972128806032266
901147,0.12368581341870843
901148,0.9999268930125231
901149,0.917587177126251
901150,0.7265002148762356
901151,0.010998610681683384
901152,0.9999274758653927
901153,0.25783558760577036
901154,0.0042843745299809815
901155,0.05203629782241713
901156,0.9805260762365058
901157,0.963500570598236
901158,0.887550210304966
901159,0.9989321415737168
901160,0.8933327717235017
901161,0.09025767583527411
901162,0.9875375779271554
901163,0.9927479060264877
901164,0.08228187851749613
901165,0.9981666980123964
901166,0.18191559926476625
901167,0.9999718168831738
901168,0.13720114905049607
901169,0.996345258489254
901170,0.9999957893766298
901171,0.4851142090387552
901172,0.033387478008660224
901173,0.2902135428064322
901174,0.02237977434224485
901175,0.9998061020885978
901176,0.9981163284540094
901177,0.6500117260873
901178,0.18033890745264214
901179,0.7207868574600933
901180,0.004296697708424105
901181,0.053178295756918355
901182,0.3936039510926511
901183,0.9960545415606488
901184,0.9552339024956444
901185,0.9416745803508837
901186,0.9999713994909031
901187,0.8434470248802417
901188,0.965614024673452
901189,0.9876851258824757
901190,0.9652464611815682
901191,0.6001054840256944
901192,0.999818214174988
901193,0.804844514701356
901194,0.21969814112472333
901195,0.004805310898339154
901196,0.9452857716737846
901197,0.9995468672292157
901198,0.9998207573726525
901199,0.9999228459831628
901200,0.14140347280879562
901201,0.869989043154811
901202,0.9952395864435974
901203,0.9204804253227485
901204,0.11920691056630486
901205,0.29635624722566156
901206,0.483184357968381
901207,0.46609777244842077
901208,0.9997968548815807
901209,0.4887686475910478
901210,0.9998431530688414
901211,0.9988196955315337
901212,0.9998471651089031
901213,0.1385723996781264
901214,0.008213546730322787
901215,0.9922959147671704
901216,0.9699945332504329
901217,0.9962930892651095
901218,0.18113987835856232
901219,0.5589042470684515
901220,0.4880332899170483
901221,0.6753609686136487
901222,0.9996804274455671
901223,0.994537891840851
901224,0.983955988905154
901225,0.49786174418765516
901226,0.9545297630861413
901227,0.9984581734138638
901228,0.9558732522558167
901229,0.11806905733615226
901230,0.773564954880438
901231,0.9968078495261357
901232,0.24007664404893944
901233,0.9991618993037974
901234,0.16344069279704299
901235,0.7648378763934208
901236,0.05447138376782695
901237,0.9030137558258338
901238,0.9738567248941706
901239,0.7013405473289192
901240,0.8394376158518495
901241,0.035609424484822946
901242,0.999674915151914
901243,0.9987261261215519
901244,0.9999124082412901
901245,0.04588314746445137
901246,0.5840922319382977
901247,0.9998804034347515
901248,0.8094548455932536
901249,0.7298352777305391
901250,0.9998053248571813
901251,0.1005595157736817
901252,0.823757650703488
901253,0.0009978193390514833
901254,0.04831663167484032
901255,0.9998463065261508
901256,0.9993634496779273
901257,0.9991002009330741
901258,0.8341580680940923
901259,0.02563349706724997
901260,0.005357308078517605
901261,0.1739544583689912
901262,0.8817488278718153
901263,0.2565993901571007
901264,0.9996950380024039
901265,0.9995792900489402
901266,0.339043638919565
901267,0.9455221041097324
901268,0.7401767434216937
901269,0.9886708759023346
901270,0.2169312409834549
901271,0.8505292647498148
901272,0.8724446281573056
901273,0.5249616212409213
901274,0.34180836165753015
901275,0.21754701818752037
901276,0.4887747231614439
901277,0.9997775097544294
901278,0.669286830690929
901279,0.9996535904466644
901280,0.006793122817800509
901281,0.9995525542911825
901282,0.8899015117890144
901283,0.9957767223417928
901284,0.9575792617649328
901285,0.9976524997197347
901286,0.9988851203025619
901287,0.8506082536533528
901288,0.6019201227280553
901289,0.6470455255190579
901290,0.8923757198237421
901291,0.9980366916834168
901292,0.9982349007398565
901293,0.859550109815858
901294,0.9984891912663109
901295,0.9989131614533537
901296,0.2991744216144939
901297,0.9999796513282669
901298,0.01199398440577416
901299,0.9779852905367276
901300,0.9635710513582038
901301,0.7805458970883827
901302,0.7876205802748995
901303,0.998177365229851
901304,0.999389828085091
901305,0.7863803490628225
901306,0.920380184586132
901307,0.014669027813965396
901308,0.9994564400016702
901309,0.8455421039039599
901310,0.5198198726525186
901311,0.033411278964746924
901312,0.9947668739291896
901313,0.995725938666125
901314,0.9998284573339439
901315,0.7105846246916194
901316,0.8287241182498393
901317,0.9985731904874783
901318,0.9999819051425377
901319,0.9632407043191271
901320,0.6357634223456313
901321,0.9994141676674929
901322,0.0013490848745338737
901323,0.9986046835743042
901324,0.04401798189840672
901325,0.5908153575518182
901326,0.9999383493351784
901327,0.9621480682043776
901328,0.10255536385845532
901329,0.6469855812139331
901330,0.04450838852382498
901331,0.8018708550297706
901332,0.9996230851686004
901333,0.999837360981962
901334,0.7089905861207731
901335,0.03808798831467769
901336,0.9994200135719182
901337,0.9808423927973129
901338,0.9983781543459651
901339,0.03490332739481254
901340,0.017651939514306544
901341,0.004426633178833797
901342,0.008273306368200365
901343,0.060707662642103775
901344,0.9999847878926389
901345,0.9994327068177595
901346,0.9998235172181312
901347,0.9314088399602543
901348,0.5293272943314662
901349,0.6062927084020675
901350,0.9651830741619576
901351,0.9986588015043057
901352,0.9997675269548799
901353,0.9098213118089069
901354,0.9976008760762585
901355,0.013169423834599505
901356,0.15137248627087257
901357,0.9997207013518312
901358,0.9998707634047075
901359,0.15066080998502704
901360,0.670282643911229
901361,0.9998777684682406
901362,0.9995840577075263
901363,0.30915529723118756
901364,0.5717409641747636
901365,0.9937719264671974
901366,0.9779470486697972
901367,0.9760435436742863
901368,0.7213212699114151
901369,0.9896527835598625
901370,0.9994219940503228
901371,0.9334785182104561
901372,0.4914440527559169
901373,0.07503136994568367
901374,0.958153580451337
901375,0.7706035703211714
901376,0.0023813012298322337
901377,0.9997925436572178
901378,0.9996206896685566
901379,0.9979166817883549
901380,0.9901771166748979
901381,0.9025637690280176
901382,0.7751554904548177
901383,0.9999354218343797
901384,0.015788245823474545
901385,0.8731107298782365
901386,0.9920361959075418
901387,0.049723377037132435
901388,0.2922191809827009
901389,0.9993616797157041
901390,0.17298489336349554
901391,0.9983343426548659
901392,0.9980173400338009
901393,0.9965821966224824
901394,0.9999942537751606
901395,0.07357140099818923
901396,0.6346799187897351
901397,0.05983227951350369
901398,0.5204061476941713
901399,0.8952980298229092
901400,0.18378859972374942
901401,0.49966979667563083
901402,0.9980112780321628
901403,0.3760027865760532
901404,0.8766574759900785
901405,0.9961072511066593
901406,0.9946068789354598
901407,0.9595794026707742
901408,0.9966360972013559
901409,0.991581276592293
901410,0.9994079354062837
901411,0.9090042146753261
901412,0.723437081409688
901413,0.9975226209163022
901414,0.9990027001582644
901415,0.9940753780359384
901416,0.5222741411087537
901417,0.2400275581245382
901418,0.9598312119866589
901419,0.9998908494797565
901420,0.04893217424671526
901421,0.9920796508804223
901422,0.9852749367950371
901423,0.9960743407293329
901424,0.9969097531947534
901425,0.7071846001866924
901426,0.7269822382720685
901427,0.8901411968647068
901428,0.8108455999502261
901429,0.0007918425618478616
901430,0.31934722099602175
901431,0.6562573605380687
901432,0.07926345728100487
901433,0.019793390831424052
901434,0.9940167755975113
901435,0.9973422044920441
901436,0.09847046343532204
901437,0.9987461656079037
901438,0.9986038447857809
901439,0.044230678770540224
901440,0.9999669616574104
901441,0.17512511298727526
901442,0.997489796605657
901443,0.609604722785625
901444,0.2734972786919341
901445,0.4611712870996545
901446,0.9994437076331217
901447,0.99987920451019
901448,0.6271976732344307
901449,0.993196356398427
901450,0.9977915569037294
901451,0.9995485763785774
901452,0.999968143382028
901453,0.9464240646649138
901454,0.41078455922930335
901455,0.27871037189526443
901456,0.8613358556080682
901457,0.9974340751610182
901458,0.024370817480421577
901459,0.9995919977095216
901460,0.9923527672017991
901461,0.9947211649895386
901462,0.8590762899167683
901463,0.011848550688301195
901464,0.9292852691417254
901465,0.9996372748646537
901466,0.9967160407107207
901467,0.9997841946080357
901468,0.999628362338495
901469,0.9072420366403234
901470,0.65694468645111
901471,0.9997716688961568
901472,0.9978384783748324
901473,0.997029573853509
901474,0.37562836689180273
901475,0.9967884289707588
901476,0.30051110711891094
901477,0.8543610148451668
901478,0.9995770608418997
901479,0.7041670626393426
901480,0.9950537774311016
901481,0.008175349348141478
901482,0.913850428894537
901483,0.8662250474737483
901484,0.372037569950145
901485,0.4949387340639899
901486,0.9997791844207606
901487,0.8446815374113192
901488,0.6215651051891883
901489,0.9781662205342786
901490,0.9993110815661319
901491,0.8103177534315248
901492,0.23134511736560487
901493,0.06481116366984409
901494,0.9129876230786227
901495,0.9950183656702227
901496,0.2783097982155397
901497,0.9994740117683079
901498,0.9241591252995738
901499,0.9821074167055912
901500,0.6895691867499263
901501,0.0022841723285431906
901502,0.9999009751363839
901503,0.5244355855275142
901504,0.003330915840561205
901505,0.6816560208819504
901506,0.9791805991630015
901507,0.06572866947825243
901508,0.8029277002564638
901509,0.9925515839435719
901510,0.26815113507024796
901511,0.9901289295997996
901512,0.9996806107440989
901513,0.9999874347130338
901514,0.9978620895593217
901515,0.994421551199148
901516,0.7294669130222576
901517,0.03011681068209552
901518,0.22094908587649748
901519,0.044049207468605175
901520,0.9969828491830977
901521,0.43280099010927436
901522,0.9946327894803777
901523,0.4361897220217914
901524,0.9999676270403315
901525,0.99880895581698
901526,0.7590987262529103
901527,0.9761605467632583
901528,0.6704962585817584
901529,0.9999282650252428
901530,0.9476135798060568
901531,0.4794303771146107
901532,0.9998210158190152
901533,0.9986915764074322
901534,0.8453932217332973
901535,0.9910394654082801
901536,0.9997867284490066
901537,0.899621134385362
901538,0.9998738333341852
901539,0.35681073496180327
901540,0.4613691252855052
901541,0.9994904007743305
901542,0.9999167369141786
901543,0.9998815652322127
901544,0.9979877874057327
901545,0.11031148558477999
901546,0.9929439802896494
901547,0.5538763609915413
901548,0.604239342717901
901549,0.018572408109347342
901550,0.44249800623488167
901551,0.6346604757218746
901552,0.999806764344702
901553,0.8945935517337302
901554,0.19185549740914354
901555,0.33469673074191414
901556,0.48687287852636874
901557,0.9999114266298915
901558,0.9999436195897111
901559,0.9850137012860243
901560,0.9946254842296453
901561,0.7437687422789631
901562,0.8338522674935285
901563,0.005534296996789399
901564,0.2673232722878427
901565,0.9914008001441772
901566,0.9951364931585818
901567,0.4159793106015565
901568,0.9753078455423354
901569,0.9997579549488063
901570,0.9945846026713262
901571,0.9982199747777926
901572,0.9986403016717597
901573,0.5074895493086383
901574,0.9996573123359628
901575,0.9991419012996896
901576,0.998161502666453
901577,0.9334100420308191
901578,0.9998674186751064
901579,0.998778836005224
901580,0.730800293758165
901581,0.7529891538116341
901582,0.9928338064887177
901583,0.9954720849263949
901584,0.9733851950740051
901585,0.9934866024443147
901586,0.9988073247396059
901587,0.9301167359856445
901588,0.9960724567236301
901589,0.20539757027719657
901590,0.2173638785300325
901591,0.9450656646969112
901592,0.9996766607516938
901593,0.9993511440982892
901594,0.1834701293597769
901595,0.013255966317644058
901596,0.9985177826738505
901597,0.44759255583590407
901598,0.9045308429788792
901599,0.9996496228777754
901600,0.9867177792826328
901601,0.9999892056256421
901602,0.8037763302635381
901603,0.6875262246654128
901604,0.26522638595864534
901605,0.9536239619192117
901606,0.03474186310132727
901607,0.674038454752513
901608,0.9992598132763805
901609,0.9999447524131185
901610,0.9999249113285239
901611,0.030035792784434495
901612,0.998247217590128
901613,0.9962072675888995
901614,0.9838936289793063
901615,0.09672207512304681
901616,0.5649203485081562
901617,0.9997751622901292
901618,0.30080078022725476
901619,0.005127685971619115
901620,0.9999180853227018
901621,0.9009611455765207
901622,0.9997347237162931
901623,0.5434503735756847
901624,0.42418674691361
901625,0.5310970490492479
901626,0.9957737532920672
901627,0.17172458239907376
901628,0.15891882554951348
901629,0.9999796418163067
901630,0.9999897222125225
901631,0.9902465866493544
901632,0.9435362871060233
901633,0.458718298215522
901634,0.6877116254463973
901635,0.2774689224270946
901636,0.9934434763081932
901637,0.24646415786102732
901638,0.4256373041125102
901639,0.9877627768097174
901640,0.6720339533010611
901641,0.8277596990549598
901642,0.08955196256396478
901643,0.10849079223838054
901644,0.3017630898757526
901645,0.037666959906776216
901646,0.3442121663001444
901647,0.9728640766173831
901648,0.041797319605722506
901649,0.9942506060877674
901650,0.781157194978316
901651,0.9999550380429774
901652,0.8998909697129802
901653,0.999970341869112
901654,0.6256564869761265
901655,0.7109402038186527
901656,0.12587557211991546
901657,0.9886461005077011
901658,0.9999597607342441
901659,0.9997465615086806
901660,0.9975467431073791
901661,0.7798284767344458
901662,0.9423480644676085
901663,0.9952147213410756
901664,0.13214221837307827
901665,0.9999828765618418
901666,0.9986191760387059
901667,0.05173532768106129
901668,0.15302445272511367
901669,0.9997710933522168
901670,0.018126871970517048
901671,0.3571384609848238
901672,0.03757501457561973
901673,0.9950317508574971
901674,0.5801387196083915
901675,0.1765433421070942
901676,0.9996809522071587
901677,0.9970009241994866
901678,0.055069952779561955
901679,0.09863386774749311
901680,0.9976429859359519
901681,0.002381042380626845
901682,0.9806218611492556
901683,0.9626167141445696
901684,0.9802025851790468
901685,0.3162862739031938
901686,0.9643702354549104
901687,0.8825495151701369
901688,0.9999021965958881
901689,0.9992387576256552
901690,0.9477118995678381
901691,0.5086956743952706
901692,0.9980013181093853
901693,0.7415282372322638
901694,0.9999524877965793
901695,0.9975940671451287
901696,0.9988448682652993
901697,0.9964075762599344
901698,0.9983852300209158
901699,0.083821546731012
901700,0.3915402558140201
901701,0.394722927725233
901702,0.9709862076086742
901703,0.5823096207532061
901704,0.942447721326969
901705,0.9998719911027849
901706,0.05975000482097044
901707,0.9986633641037816
901708,0.899567456211392
901709,0.9998468928070992
901710,0.5791119501091372
901711,0.6473896299458809
901712,0.9966092076290869
901713,0.8906548774093859
901714,0.9999340191271929
901715,0.9997309603151507
901716,0.7314079298142142
901717,0.9999684235723402
901718,0.6506636149731959
901719,0.025926778965537405
901720,0.06432243275417085
901721,0.18338158870265642
901722,0.9999002752607608
901723,0.9920284836439709
901724,0.9999831234133264
901725,0.21496166365473213
901726,0.8573327401660836
901727,0.7801478869690521
901728,0.9999478349692482
901729,0.9999175163793135
901730,0.59040926850552
901731,0.15231163164590247
901732,0.33416896672430635
901733,0.5335706242009612
901734,0.9998249510204511
901735,0.9017464808302286
901736,0.9994671012822283
901737,0.9996831699383975
901738,0.02433056965053075
901739,0.9992715712226248
901740,0.9915068210829217
901741,0.9956135779795736
901742,0.5498370271648078
901743,0.9984288638226975
901744,0.0718071530491416
901745,0.9982347399166296
901746,0.9383367552223838
901747,0.8661190953852966
901748,0.9926691021471811
901749,0.9684974783988688
901750,0.9999306779522191
901751,0.9997269555200634
901752,0.20793841137522717
901753,0.9312040863337807
901754,0.21219843201127828
901755,0.9991164260200138
901756,0.8181754130354795
901757,0.9977519652350018
901758,0.4803045134738215
901759,0.009966960548859751
901760,0.894022577019108
901761,0.021585427487868205
901762,0.999142040313909
901763,0.9977643856491705
901764,0.9920792150119396
901765,0.9998662080126768
901766,0.9744750621338216
901767,0.1340395125371385
901768,0.5591689501062005
901769,0.7242719861031529
901770,0.07518355671358011
901771,0.05685446661723639
901772,0.4439060095517596
901773,0.4500104522590588
901774,0.007488064669271512
901775,0.7853054196262461
901776,0.11627996235671734
901777,0.8629100635158964
901778,0.6997869972364863
901779,0.9999868247546508
901780,0.9988723440983213
901781,0.9999061689691814
901782,0.7617733597603505
901783,0.9981887917536121
901784,0.07590505077504321
901785,0.973605606846212
901786,0.2937596120608743
901787,0.9894077640197102
901788,0.9648208430593461
901789,0.6687883474796994
901790,0.4280409627038886
901791,0.3187190026334557
901792,0.9915973915719208
901793,0.9999372390333725
901794,0.37922829518356294
901795,0.999905023908281
901796,0.9645267052182749
901797,0.8876462114662709
901798,0.9996975599670558
901799,0.975792049859386
901800,0.10207863142657457
901801,0.9999621303206441
901802,0.9980048210093841
901803,0.6363548985037475
901804,0.8815007407080456
901805,0.029689738490388674
901806,0.6518409841687929
901807,0.9993022121370662
901808,0.6741892882070912
901809,0.999978724587604
901810,0.9996317897540524
901811,0.5851515460348335
901812,0.025396780114732773
901813,0.6352557348772105
901814,0.35807886336931344
901815,0.5420496267742124
901816,0.9970477551571718
901817,0.937421741086477
901818,0.9968021274773534
901819,0.9998518476772136
901820,0.8534139600138793
901821,0.9836418498142379
901822,0.4809844552131852
901823,0.9998808449429546
901824,0.7483802880305086
901825,0.9831003568962374
901826,0.402991549054702
901827,0.01586529806468675
901828,0.4735207954583422
901829,0.6003721193946017
901830,0.33410524482024473
901831,0.9159522914858178
901832,0.9731969407536859
901833,0.9454854536059332
901834,0.9994121774142106
901835,0.189402885579281
901836,0.9991395522866191
901837,0.9484166427719198
901838,0.9861178835635045
901839,0.9998693528183593
901840,0.8463906846856664
901841,0.9577000252107755
901842,0.8002899800385291
901843,0.999218743002585
901844,0.10532237508594933
901845,0.36640062117020017
901846,0.9998074383362887
901847,0.9887337032633279
901848,0.992737787207072
901849,0.9971782296097685
901850,0.9751102219029676
901851,0.03292139914491607
901852,0.9269799266669172
901853,0.8477543149131537
901854,0.9801024490363794
901855,0.08499728322731331
901856,0.7689916743436004
901857,0.9981735215759351
901858,0.9912914746867421
901859,0.9991766011174574
901860,0.9999271633553682
901861,0.999961345698121
901862,0.983918305547906
901863,0.5930943793381586
901864,0.661998605610109
901865,0.9997982209514494
901866,0.9378057336436263
901867,0.12860258856252368
901868,0.9997916862517713
901869,0.9786929270284159
901870,0.08949121810720614
901871,0.9771527273789746
901872,0.9651030659231215
901873,0.031101378835734713
901874,0.9996987713921812
901875,0.34897274172722204
901876,0.20602998660903366
901877,0.9999680970711708
901878,0.08156137839737533
901879,0.9995357657149322
901880,0.8357185336336882
901881,0.9935222060256103
901882,0.01833539285414103
901883,0.9542485981599287
901884,0.9958954153920332
901885,0.005385411869095097
901886,0.5679381285710369
901887,0.03711137382925808
901888,0.9998957095530592
901889,0.9942578102133858
901890,0.999075385093529
901891,0.9994706215971478
901892,0.7148405419253654
901893,0.7497609130320237
901894,0.4097376288110677
901895,0.5740313306950254
901896,0.9998299117781062
901897,0.9970294159684362
901898,0.999879598788275
901899,0.6307705551873934
901900,0.9990587562208668
901901,0.5385202248276194
901902,0.9981376763761846
901903,0.9308861978114988
901904,0.9491005901349143
901905,0.994408583993772
901906,0.9788059076627784
901907,0.9997901669343232
901908,0.9990751125707729
901909,0.9004921865415787
901910,0.15939584780306043
901911,0.9922367360445927
901912,0.9994905918432231
901913,0.8637313594622075
901914,0.5297039286482503
901915,0.6192381161495779
901916,0.9471696716755595
901917,0.2030788639471932
901918,0.003748098235707271
901919,0.998728769989392
901920,0.99993396066478
901921,0.9998900519064594
901922,0.8156365465743396
901923,0.9998496747125482
901924,0.011446833567469665
901925,0.9993989099726888
901926,0.9716633264095539
901927,0.9999921297634295
901928,0.9118413643993778
901929,0.9962977935739068
901930,0.9016954555177057
901931,0.39186610192336935
901932,0.9997133067678374
901933,0.1896870509843858
901934,0.9557382831870291
901935,0.8213065023413395
901936,0.6231202024705651
901937,0.9937784551855859
901938,0.9994002883102516
901939,0.13155181404513522
901940,0.9998948462919426
901941,0.005506100347109877
901942,0.5095366065680178
901943,0.9984757074019724
901944,0.999820156441632
901945,0.9998765733361163
901946,0.6659151442295429
901947,0.1751577090612098
901948,0.24642714171548347
901949,0.9380705248914574
901950,0.9860393154961622
901951,0.9999896240358368
901952,0.09172033641936012
901953,0.989412297183021
901954,0.9995629624498474
901955,0.3371485945722079
901956,0.9994629457356432
901957,0.9401868248459977
901958,0.5294328018883967
901959,0.9999497720029407
901960,0.9959685657861467
901961,0.9972897588667421
901962,0.5056606351624734
901963,0.9998247244026413
901964,0.9999536947182793
901965,0.19819879626971337
901966,0.6820940953604421
901967,0.9983175816799063
901968,0.9486164731090048
901969,0.9994828151323893
901970,0.0843621611639433
901971,0.06315222995744967
901972,0.1421638219125932
901973,0.010749009744581726
901974,0.025125594248842496
901975,0.9986102840439397
901976,0.9932539033630574
901977,0.9998024383763913
901978,0.8983895920307967
901979,0.999687435181746
901980,0.9748939034822508
901981,0.9632903310681937
901982,0.40049066498190633
901983,0.009715672543757232
901984,0.2111219382304605
901985,0.9788350404889246
901986,0.9992903293222236
901987,0.9995201858955106
901988,0.9800346168295981
901989,0.38586879225755455
901990,0.9905310630923212
901991,0.9562593011510135
901992,0.9598145511028096
901993,0.9467836966946597
901994,0.04470499409412224
901995,0.9920850566095352
901996,0.9993679525805474
901997,0.9999866556613286
901998,0.694426166264362
901999,0.9952764228844782
902000,0.21491286872318963
902001,0.7540968690007226
902002,0.2607046941355419
902003,0.05279332600151785
902004,0.9998777370533707
902005,0.9771137007190631
902006,0.9607325292465798
902007,0.9619022079737604
902008,0.5227786376705921
902009,0.9976744460586392
902010,0.9999500770851738
902011,0.8865159798803116
902012,0.2717471590051205
902013,0.983877284614657
902014,0.9946800674081473
902015,0.27981406283773774
902016,0.9999775596848869
902017,0.999912328886017
902018,0.007712670299162503
902019,0.9999706243629592
902020,0.9980895666901105
902021,0.7545296186077171
902022,0.999858996796176
902023,0.9999777619797732
902024,0.5509820982408946
902025,0.1837403942164057
902026,0.9999794507513504
902027,0.15432781120466516
902028,0.9999766000288148
902029,0.9929521083459796
902030,0.9999524233403683
902031,0.9278393614540308
902032,0.9996658285105599
902033,0.05877046620504833
902034,0.9993489543133609
902035,0.9989284342294211
902036,0.008385502228766268
902037,0.9990214125302291
902038,0.8936234708271829
902039,0.9998943342916682
902040,0.0068243511348406215
902041,0.7065323974844728
902042,0.9998282480308174
902043,0.03709523510118763
902044,0.999942035572055
902045,0.7538719148294393
902046,0.9960453996243164
902047,0.9984259371649591
902048,0.36482327700473455
902049,0.9754203700033796
902050,0.9957946449340096
902051,0.9991785541033187
902052,0.997330166988381
902053,0.9945285859616771
902054,0.999382487904141
902055,0.9968222492683354
902056,0.9727114435089865
902057,0.9969732657895154
902058,0.9999641854126544
902059,0.9963277096355982
902060,0.8804092476607225
902061,0.1146589759522533
902062,0.8304028227468401
902063,0.997545180998445
902064,0.1746270541261522
902065,0.04197002703806159
902066,0.9995946599992432
902067,0.8596489640585
902068,0.02161379289521604
902069,0.9967034859311873
902070,0.8059178354460735
902071,0.9989245247818903
902072,0.0037741818228983334
902073,0.9986615396731182
902074,0.33628654357764143
902075,0.9970871516946207
902076,0.9278832308838763
902077,0.9999811232475518
902078,0.9999351494446573
902079,0.9997974495509456
902080,0.6899235158778249
902081,0.9974026287380036
902082,0.523197108875812
902083,0.9344074826331488
902084,0.16232422444331357
902085,0.7401412341784703
902086,0.9998045396705908
902087,0.966454675406966
902088,0.5272637705203517
902089,0.9999613977047663
902090,0.5991877775311586
902091,0.4721730438186629
902092,0.6953519983453784
902093,0.12962703555065314
902094,0.9974640865384935
902095,0.9897041423786909
902096,0.5282107515794396
902097,0.999891880774183
902098,0.9982177931699863
902099,0.9968716096866352
902100,0.22213202698646428
902101,0.11129563412896962
902102,0.6754002652323905
902103,0.13657369676520015
902104,0.9999457502523705
902105,0.6257730870737042
902106,0.9999677953696078
902107,0.5587753024938573
902108,0.5588571971284183
902109,0.8703315120401991
902110,0.3877431477879792
902111,0.9994388851821117
902112,0.08465304657768447
902113,0.999577292302933
902114,0.439681698208517
902115,0.9982003354216662
902116,0.9999807528976086
902117,0.005558132552286411
902118,0.17163240951006914
902119,0.05901345465582257
902120,0.26486128417084515
902121,0.44959486002235344
902122,0.9990708433285163
902123,0.6179142007004605
902124,0.9992699706331498
902125,0.9081450205025137
902126,0.9992041387128403
902127,0.995589283975632
902128,0.5416535076487045
902129,0.6920256851340992
902130,0.7356282215083183
902131,0.9999524782237574
902132,0.9904940324910282
902133,0.998037477779191
902134,0.46757717748912186
902135,0.9999777681159847
902136,0.9995806579908665
902137,0.9994078364680488
902138,0.9938431177864062
902139,0.9990907341965471
902140,0.8584736504399689
902141,0.5953556969505677
902142,0.9965378159870923
902143,0.9999832631757241
902144,0.8071182736644855
902145,0.23459012120405437
902146,0.9994870884772766
902147,0.9457324132963194
902148,0.2278044358311329
902149,0.7058163860095124
902150,0.7375082669427429
902151,0.9600192294061527
902152,0.5561001344510926
902153,0.994879848408008
902154,0.36842880601712197
902155,0.9229407532683531
902156,0.987570700922902
902157,0.3193480251020184
902158,0.40123164403891304
902159,0.9997651397725602
902160,0.9190945904391288
902161,0.23850397012530694
902162,0.9995961758242151
902163,0.8982303191119925
902164,0.9993304491282047
902165,0.88124599460519
902166,0.9210474734364642
902167,0.9983375949569755
902168,0.9995046341790359
902169,0.4819307437349415
902170,0.5543249395723349
902171,0.9997589087976373
902172,0.9976899184185644
902173,0.9963745366505921
902174,0.8854550604475979
902175,0.996746644076659
902176,0.999972985075853
902177,0.9940431987174254
902178,0.9684447019058777
902179,0.3479328892448408
902180,0.9999507206111891
902181,0.9999705310309708
902182,0.015495889576882747
902183,0.9888612135512083
902184,0.5346350507950831
902185,0.999848930416593
902186,0.6812412197665076
902187,0.9995111999748807
902188,0.7253234074958032
902189,0.9992438577259564
902190,0.8628028752106336
902191,0.9995409019838261
902192,0.08824779780667014
902193,0.9973583363975926
902194,0.9992989576694808
902195,0.016219799975411717
902196,0.8442391815323327
902197,0.47653261475975395
902198,0.9699954453009973
902199,0.5380445740621895
902200,0.35902828355322225
902201,0.9998908821280214
902202,0.9998899043493534
902203,0.8971329523595766
902204,0.9994687552080586
902205,0.6331818336271948
902206,0.9998282432370063
902207,0.7828427038555994
902208,0.9998221174162836
902209,0.486415660830146
902210,0.8756395267995158
902211,0.5688870740572669
902212,0.9994607474892117
902213,0.9995926209245907
902214,0.7607212367779244
902215,0.11886924042622822
902216,0.03367322883131024
902217,0.016023841069927953
902218,0.9998799184245792
902219,0.5232652136722592
902220,0.9952374049526768
902221,0.999948482243994
902222,0.6115713528507994
902223,0.7246383759078627
902224,0.3001903760944687
902225,0.9999132694177059
902226,0.09109852623624859
902227,0.9997440206362597
902228,0.6784297449907679
902229,0.7848367583378134
902230,0.9996909571049822
902231,0.6313458743066868
902232,0.1336287976147822
902233,0.6156906002963787
902234,0.30216392600042014
902235,0.3975484064875848
902236,0.01483453144282505
902237,0.9980791025711868
902238,0.9969717460520104
902239,0.998822806753171
902240,0.9396409949361817
902241,0.9999005756962578
902242,0.20710593553428558
902243,0.3204674615275124
902244,0.9741265669930526
902245,0.8500680894642939
902246,0.7561047886258241
902247,0.5237312545413789
902248,0.990776723654361
902249,0.9880313085757175
902250,0.9999782673209735
902251,0.011207754538769675
902252,0.9999834344874252
902253,0.9983636862251759
902254,0.9998007585971199
902255,0.9999643417423267
902256,0.6020176659738175
902257,0.999355923492185
902258,0.9896519215152049
902259,0.9792249583862479
902260,0.9980299216118951
902261,0.9997344395304169
902262,0.0022631129232549858
902263,0.6242358870583724
902264,0.9993041241487968
902265,0.9896432560439884
902266,0.23117933297448268
902267,0.9996870306622738
902268,0.9998619198411727
902269,0.9987641565824772
902270,0.9999832361936898
902271,0.9973161592765162
902272,0.99959045601029
902273,0.3459666068066929
902274,0.5639926632304321
902275,0.02099339438027058
902276,0.4828329639502777
902277,0.9894731224102569
902278,0.9871889263776451
902279,0.42639649844172883
902280,0.9999796915320657
902281,0.22995516871041027
902282,0.9748586737081981
902283,0.023790973408633603
902284,0.9999670028798002
902285,0.9738233457881178
902286,0.999948649040752
902287,0.9988968297442414
902288,0.9998710609956026
902289,0.998945808560399
902290,0.007015547836811904
902291,0.9988593885388655
902292,0.999517227090924
902293,0.9762048206399123
902294,0.31152039257095676
902295,0.9999034642141584
902296,0.14308495693397116
902297,0.37074775691165807
902298,0.999726182988228
902299,0.05861937725664372
902300,0.00627246877225074
902301,0.21765700667495627
902302,0.9955148812070778
902303,0.8189212955873149
902304,0.9991802468774514
902305,0.39748691322377727
902306,0.45207571492337384
902307,0.8214324612408025
902308,0.4036392826025256
902309,0.03526904066343372
902310,0.8507161002091502
902311,0.12293536705413767
902312,0.7564423318788854
902313,0.9999919965210194
902314,0.9999040064623986
902315,0.9990307716567189
902316,0.9267090105239584
902317,0.9651534562891473
902318,0.9996804808740218
902319,0.9987055295579697
902320,0.998371321082458
902321,0.0453698622885545
902322,0.882478005181913
902323,0.11050851657959335
902324,0.9968875522227171
902325,0.11025408361061739
902326,0.9995699763703004
902327,0.9218180255881314
902328,0.997007285961673
902329,0.9999642833671138
902330,0.994236053230914
902331,0.8436710241667515
902332,0.46486029022746284
902333,0.7203410768207387
902334,0.9995811140140007
902335,0.7860237554027703
902336,0.9969464529322021
902337,0.9993585100630471
902338,0.9964516635970155
902339,0.9986837298367917
902340,0.9843449027454511
902341,0.42780594145752593
902342,0.9999565794252325
902343,0.9970280367078019
902344,0.6377971822586287
902345,0.9999462205056932
902346,0.9374383278312459
902347,0.24439594405609227
902348,0.9998137718421319
902349,0.9998989089919581
902350,0.9984841269225059
902351,0.474521180285324
902352,0.7621887200734346
902353,0.4806861188283911
902354,0.9454202827810824
902355,0.9999937647708513
902356,0.9997731557173271
902357,0.9999916788871928
902358,0.9889756890986569
902359,0.9662991427141117
902360,0.9999335984062074
902361,0.7781965950838863
902362,0.9998515417280153
902363,0.9989471622799506
902364,0.01876844765934714
902365,0.014035989240141964
902366,0.9999523852655688
902367,0.9786419905545014
902368,0.9981048816936258
902369,0.7755205278367467
902370,0.9719097778178272
902371,0.9972434260975813
902372,0.9947534814817662
902373,0.6521581433764778
902374,0.9995699975668482
902375,0.21052430029909663
902376,0.9996051969001793
902377,0.013761880782198204
902378,0.9919720895636697
902379,0.35839653931962767
902380,0.7999073876404841
902381,0.9962905485806409
902382,0.9973278434899324
902383,0.5721406977164891
902384,0.17645387477287663
902385,0.6855858589299445
902386,0.9995147099741333
902387,0.03431776565604371
902388,0.5742583248216754
902389,0.39702167202900296
902390,0.9999044448766331
902391,0.2709469618427129
902392,0.24903211878482226
902393,0.9231364409048586
902394,0.0837939810576996
902395,0.8840626345499702
902396,0.27695095439085876
902397,0.7233832680499017
902398,0.9998039172859332
902399,0.9693121883250126
902400,0.03304408342714567
902401,0.9996268414755382
902402,0.9853931030609908
902403,0.9998695034953581
902404,0.9994312141720372
902405,0.9993109871852708
902406,0.9948874891183892
902407,0.14776542448693347
902408,0.4888415121832607
902409,0.9973654812814563
902410,0.9895099700152834
902411,0.8318700961814592
902412,0.8895796731174871
902413,0.9950521123614902
902414,0.7175579527141727
902415,0.999832027204611
902416,0.999768557891195
902417,0.2587985883588902
902418,0.8453936054523628
902419,0.01192902378221675
902420,0.021191365611355262
902421,0.9996011890913485
902422,0.4887956264248145
902423,0.999955221254359
902424,0.9835149027466208
902425,0.33875304571703513
902426,0.9998898925920356
902427,0.8131541962625546
902428,0.9960981355116985
902429,0.2623319907002913
902430,0.9376506111695461
902431,0.6596717505003473
902432,0.9999713184409332
902433,0.009185368008716164
902434,0.9106679661907411
902435,0.08915244705963152
902436,0.9996199607178238
902437,0.9999724558964631
902438,0.6765916895197913
902439,0.9996794507601918
902440,0.3272095057591067
902441,0.9907041833661665
902442,0.9994616339570566
902443,0.9473769727727546
902444,0.9997245338997178
902445,0.700111364544368
902446,0.9977978916336909
902447,0.2779265695803307
902448,0.9711848295719877
902449,0.9821094226909411
902450,0.7416274256491697
902451,0.9992438224839246
902452,0.7617311376029186
902453,0.0859225149122293
902454,0.9998203008769342
902455,0.18376955702806674
902456,0.7827948306277221
902457,0.4399900144932237
902458,0.9972885252743311
902459,0.9918688486871122
902460,0.9872613369201463
902461,0.13009527871465634
902462,0.48282618863175075
902463,0.6568666369904543
902464,0.9138633723909445
902465,0.502431405089063
902466,0.9580879212397366
902467,0.26872293704014094
902468,0.010985332938219558
902469,0.9994188167453727
902470,0.3474048604482907
902471,0.8792812045730871
902472,0.9999822523043637
902473,0.9599268348100402
902474,0.5455495765670716
902475,0.37022618903556753
902476,0.37945467612225126
902477,0.9997704042239584
902478,0.9998480680466457
902479,0.17938904170339276
902480,0.9881442635370626
902481,0.9760483227161558
902482,0.9996826704398092
902483,0.6238589177936245
902484,0.9949702553117215
902485,0.014017629344644497
902486,0.9987008494366423
902487,0.8849482122606107
902488,0.9738325691819705
902489,0.9999680236970803
902490,0.8841197583335643
902491,0.9464186821696969
902492,0.9992842168530433
902493,0.7494762206004659
902494,0.8135400168914578
902495,0.9998264390530067
902496,0.20052770659399163
902497,0.9998447574424483
902498,0.9169398170061414
902499,0.7921209682087029
902500,0.27967575166722003
902501,0.6466203880616546
902502,0.9489927779854666
902503,0.4888223066993618
902504,0.9737863041462396
902505,0.9997343526366377
902506,0.8748586219350044
902507,0.07923801743934242
902508,0.9973518851051216
902509,0.8598877887173189
902510,0.993208991580457
902511,0.24655366083004987
902512,0.2902745728137564
902513,0.07442799765538873
902514,0.9967721452788526
902515,0.7495182729614402
902516,0.9035798157754181
902517,0.6853978468438334
902518,0.9033517019842372
902519,0.746680231562823
902520,0.35115903954548777
902521,0.1508182707705528
902522,0.5742030238009345
902523,0.9974120433289458
902524,0.9999477380803404
902525,0.8026193142006858
902526,0.9986921915351593
902527,0.9005540483712565
902528,0.29150818905779907
902529,0.9999489285380831
902530,0.9075000698441255
902531,0.6651757848527939
902532,0.14217506453645234
902533,0.9988489839575608
902534,0.8071688791295337
902535,0.9998391145467591
902536,0.7678341784590418
902537,0.9702949180605653
902538,0.02518719048678031
902539,0.2662975353968123
902540,0.09370473483280578
902541,0.05040990031492709
902542,0.3618312203941259
902543,0.9996498041316765
902544,0.6890723742981609
902545,0.40275645900669815
902546,0.9795540254692903
902547,0.9781271118449628
902548,0.6046170891508793
902549,0.1889416487779707
902550,0.005611676908852633
902551,0.012723668130425695
902552,0.041872236602372354
902553,0.9997122997764565
902554,0.8343401986208095
902555,0.9973825705052105
902556,0.5586708956602068
902557,0.9987474072484331
902558,0.9964285978586797
902559,0.8450987539886214
902560,0.9985684720303818
902561,0.6300243909854741
902562,0.19519591640670997
902563,0.9363197807331247
902564,0.9991757251367266
902565,0.12641584435317796
902566,0.9770332857927052
902567,0.12287849652246825
902568,0.9997791171156699
902569,0.06257761757231554
902570,0.24452348413411928
902571,0.9998985181622471
902572,0.38706298121767135
902573,0.3800780962609447
902574,0.8502240485781173
902575,0.9972715861972016
902576,0.9997585261034091
902577,0.324369225824942
902578,0.9961070278546582
902579,0.9627100020233836
902580,0.98413534233614
902581,0.7834082829494133
902582,0.9997172977311263
902583,0.9999044624463641
902584,0.9996116520942582
902585,0.9999559731331629
902586,0.9993419748504975
902587,0.7711797011661081
902588,0.9150355847525365
902589,0.9999628591008101
902590,0.612393591811234
902591,0.5125373534251473
902592,0.9959862449223912
902593,0.5180359983203222
902594,0.956327018712469
902595,0.5136150812739492
902596,0.9998068617630673
902597,0.9992965002877877
902598,0.021368231087056554
902599,0.3130932023102081
902600,0.9799044636275427
902601,0.9991206601494448
902602,0.9997624543832453
902603,0.9053771920370983
902604,0.045859380265067515
902605,0.9596795316076174
902606,0.022869112923466585
902607,0.8267397176893667
902608,0.9998057104014472
902609,0.9999698466190399
902610,0.08199943545191304
902611,0.18372159334382832
902612,0.9976588899097539
902613,0.06477647285670762
902614,0.903352594148752
902615,0.9910415626817668
902616,0.6347050746148188
902617,0.9999500917027766
902618,0.37012180694883745
902619,0.03748415749821623
902620,0.941428080153964
902621,0.7208047819485153
902622,0.15420535084275705
902623,0.9998927534712572
902624,0.9992617084661011
902625,0.8994240304007545
902626,0.5746834866833487
902627,0.08779296307926655
902628,0.9386941932084234
902629,0.8106750137954436
902630,0.5992912105386395
902631,0.9998736556026098
902632,0.9987890192543809
902633,0.9983992778123671
902634,0.8814044489220655
902635,0.9632852063372941
902636,0.999583547611203
902637,0.02054630658299639
902638,0.07159660056198089
902639,0.12197738879944993
902640,0.501004815398384
902641,0.9999693927843708
902642,0.7085351396065571
902643,0.9840085211276902
902644,0.9997510408450017
902645,0.8077325472525011
902646,0.858486297169165
902647,0.9860171406123986
902648,0.259356154893972
902649,0.9973041709452782
902650,0.13280872151309903
902651,0.9999443526415397
902652,0.9999768794017468
902653,0.006056976289566036
902654,0.9979115817058265
902655,0.012639125186959806
902656,0.999467301994045
902657,0.2588054608259701
902658,0.9998813831235274
902659,0.9919085691103158
902660,0.22019245748248806
902661,0.9145493723019087
902662,0.9991112901470058
902663,0.022072244585123257
902664,0.4532540826422927
902665,0.8385749566849738
902666,0.4078287751397135
902667,0.6403925735588992
902668,0.9998286255397066
902669,0.9993466582025029
902670,0.9996460001244185
902671,0.9380664646480538
902672,0.998555183149912
902673,0.01705437359490084
902674,0.9998635494568677
902675,0.9994074386625594
902676,0.23389321180879208
902677,0.9998954110204887
902678,0.9477305904919106
902679,0.020488545959605576
902680,0.9807153228985217
902681,0.6339311251743384
902682,0.9992824437929628
902683,0.018787864719411945
902684,0.10704081862913543
902685,0.11424696119068647
902686,0.9882463312410354
902687,0.9997572736950907
902688,0.6659719512580734
902689,0.9502779290666399
902690,0.1951861881143123
902691,0.9977125773281682
902692,0.9998922634796615
902693,0.9974481953966436
902694,0.4062485350603684
902695,0.27819484363039365
902696,0.9996137210603703
902697,0.012019831572534143
902698,0.03332677371259772
902699,0.9996055999943347
902700,0.12169368634656
902701,0.986507238135369
902702,0.9988225120438281
902703,0.8967181013013157
902704,0.04614858363156993
902705,0.9976382753929542
902706,0.9857580273878181
902707,0.37572267672290144
902708,0.9946290571684103
902709,0.652132977944805
902710,0.9967663432715339
902711,0.6303684916880421
902712,0.0842622896257818
902713,0.07597575075818286
902714,0.7030134582344121
902715,0.40941543591220597
902716,0.9804251032908264
902717,0.9646123320504038
902718,0.9995120079393836
902719,0.39300221312749206
902720,0.9872924113876567
902721,0.792861032731814
902722,0.9850173796732418
902723,0.5737934417178839
902724,0.9980352408658626
902725,0.05174643469281194
902726,0.501767633575902
902727,0.9979282555869121
902728,0.3368460636278641
902729,0.8722299963225582
902730,0.9995491286878855
902731,0.7814839532619025
902732,0.6953983603460115
902733,0.927675797110018
902734,0.9760810461051923
902735,0.9449011715802259
902736,0.49387657572739113
902737,0.9988763673679912
902738,0.9964913719641266
902739,0.9858407883972075
902740,0.9471301613893788
902741,0.4771330760831276
902742,0.4101446553395566
902743,0.42962793088009676
902744,0.9926108645588172
902745,0.9978121818883539
902746,0.2881948642774245
902747,0.9945543132122403
902748,0.7623047838126571
902749,0.9876469612904198
902750,0.9969047111976544
902751,0.9723169524685801
902752,0.9972896261966859
902753,0.9854605513619357
902754,0.9956262051508742
902755,0.999641479077076
902756,0.0581546543771132
902757,0.3562688516261017
902758,0.9600433940174894
902759,0.9893431790709997
902760,0.9547711589722234
902761,0.9845787649039425
902762,0.9998891836829082
902763,0.004401082439996514
902764,0.01052164589897911
902765,0.8214427721002175
902766,0.5902471448228903
902767,0.9905604052737564
902768,0.9990205360000597
902769,0.9971922052955984
902770,0.007491211787320303
902771,0.9322687374938585
902772,0.9906565481178207
902773,0.9500090841830224
902774,0.19075626267328272
902775,0.8542244968793224
902776,0.9528677272647299
902777,0.9999295559030082
902778,0.9987190288520418
902779,0.9998481819154156
902780,0.8120292740315835
902781,0.9998222892665409
902782,0.9992524610197556
902783,0.0608996125857552
902784,0.9973627012131306
902785,0.9984919813828157
902786,0.9999499581333137
902787,0.9993559154837752
902788,0.9995287438701896
902789,0.9992977060749633
902790,0.19004410696151675
902791,0.9998644118568529
902792,0.02401498742148144
902793,0.9508593803635258
902794,0.9992978124324652
902795,0.9999275006643615
902796,0.34436349883322326
902797,0.013038054432381329
902798,0.6938615189020585
902799,0.006847005836690435
902800,0.9993228164757372
902801,0.9998473146818125
902802,0.9996849205682059
902803,0.9588983552839458
902804,0.9951834400254977
902805,0.9988520362194213
902806,0.9989449026382998
902807,0.9996559787691053
902808,0.1392440527832271
902809,0.04999955182271305
902810,0.5080507581919204
902811,0.9801007466578169
902812,0.07859110265438725
902813,0.4026603792362579
902814,0.9994312874516713
902815,0.18990134057078162
902816,0.39342720318049285
902817,0.9999745463082166
902818,0.3149580619214999
902819,0.9876138772212424
902820,0.9995059341209164
902821,0.973819719315907
902822,0.035030620779542866
902823,0.20423968106299245
902824,0.9993770164694538
902825,0.9833224110589266
902826,0.08673598681695148
902827,0.9999043924310466
902828,0.0050287439580782925
902829,0.995669034207574
902830,0.6501699630696711
902831,0.7582982582052868
902832,0.14861396572788937
902833,0.9805406020346128
902834,0.9450976546811868
902835,0.999863267337793
902836,0.08080349434529595
902837,0.9999271594059853
902838,0.11579354419864174
902839,0.9984836975384319
902840,0.7365860576357448
902841,0.9999309086200634
902842,0.9094415721381248
902843,0.3060345511048279
902844,0.9965805917015647
902845,0.9993666791946938
902846,0.8815583895477566
902847,0.9650942095524773
902848,0.0803036135502274
902849,0.32108836749115394
902850,0.9998794589373239
902851,0.9819475338301817
902852,0.9967077966624782
902853,0.964440661028118
902854,0.9998337666980326
902855,0.9983158409038522
902856,0.060662977626134595
902857,0.9990614428968654
902858,0.9999522854166053
902859,0.7456490401778164
902860,0.9982493215611385
902861,0.9960940909998968
902862,0.9954157213367618
902863,0.8778731895643791
902864,0.9424681821786315
902865,0.8028901246877408
902866,0.7440941487251023
902867,0.9965824409228718
902868,0.1359207474629982
902869,0.6792775962694857
902870,0.9994245030511932
902871,0.9998230406626676
902872,0.7697364928231052
902873,0.6425979453656221
902874,0.9615806166400791
902875,0.23018134549622601
902876,0.9375825203680612
902877,0.710698297208748
902878,0.02430332256077901
902879,0.9714666529299324
902880,0.7849010327253433
902881,0.17483592756288432
902882,0.16229341163845595
902883,0.9768767144839989
902884,0.6573710750538513
902885,0.997508191788117
902886,0.39367678499338987
902887,0.1507534016471929
902888,0.9274606585584404
902889,0.9996820021966478
902890,0.9171491273494327
902891,0.39442348105258906
902892,0.9796933572802093
902893,0.9981950024992656
902894,0.9913272302600573
902895,0.9922646985282375
902896,0.9050920352488393
902897,0.145678238770211
902898,0.8107849637626457
902899,0.7559185765902144
902900,0.9992728639623609
902901,0.8735662447285826
902902,0.9999154313039019
902903,0.18555351995766536
902904,0.008425949493853757
902905,0.8773388249745198
902906,0.9975690152565393
902907,0.5884750841687869
902908,0.9930026807758974
902909,0.8649711952866252
902910,0.8796677103977322
902911,0.9785112508681293
902912,0.8696576170777871
902913,0.9963736496249436
902914,0.7769246533992342
902915,0.028757995414715
902916,0.47140073310447317
902917,0.9970221380960476
902918,0.8107277333545219
902919,0.047122888677403836
902920,0.9985308424606549
902921,0.999878889669199
902922,0.9997218850160277
902923,0.9984253982315704
902924,0.6880778912242619
902925,0.3952624554231169
902926,0.9907580644683417
902927,0.05316089979506786
902928,0.9944440215496233
902929,0.47624164461230534
902930,0.6996037075801806
902931,0.9996800571014206
902932,0.567211375055872
902933,0.6889730688749258
902934,0.5519162294806617
902935,0.9982818481319117
902936,0.9987825080373673
902937,0.9888285702662892
902938,0.7892816737442865
902939,0.9904289064321194
902940,0.9998406391702161
902941,0.9998265688619598
902942,0.06269262007098611
902943,0.668409983909324
902944,0.8191310091473317
902945,0.9998567248924035
902946,0.9976878546330229
902947,0.28678628050963045
902948,0.6500457160476413
902949,0.99995106044013
902950,0.9588426761002339
902951,0.06458501996133689
902952,0.970112560554882
902953,0.9998213388676678
902954,0.9926328220364734
902955,0.915002142714137
902956,0.9914307250108008
902957,0.9943117793438095
902958,0.9997335270612151
902959,0.9925505232818946
902960,0.584036513000104
902961,0.9997646839656382
902962,0.035845417141111675
902963,0.011424735367320225
902964,0.8850375303936558
902965,0.9468276304608526
902966,0.9189561998554472
902967,0.2182746779251977
902968,0.7790760862107053
902969,0.999114605298306
902970,0.9097163387265019
902971,0.9999707573341752
902972,0.04813618013567204
902973,0.9918825207867425
902974,0.028821598564956252
902975,0.18188659405586036
902976,0.9780155100833361
902977,0.9984073158707825
902978,0.12210270196728366
902979,0.657077371608177
902980,0.15292832514865023
902981,0.24197074045105404
902982,0.40604583031541785
902983,0.7537855459281604
902984,0.925434692425328
902985,0.810487891012142
902986,0.053220846986043374
902987,0.9599267318194709
902988,0.745434770291784
902989,0.999828681885806
902990,0.6253905325452969
902991,0.03881068060042773
902992,0.21172158999572657
902993,0.050051472648003345
902994,0.9953632998612348
902995,0.9985783281649887
902996,0.3212014738287903
902997,0.23768790495393338
902998,0.9998796170951175
902999,0.9416339526888197
903000,0.42426371432729143
903001,0.1108850299065132
903002,0.7855341169854939
903003,0.17813557768384575
903004,0.9987337234623346
903005,0.37987914544046975
903006,0.013189242795503493
903007,0.9968312304152563
903008,0.885758244431061
903009,0.03200528793041703
903010,0.3520168510519547
903011,0.01612184056547124
903012,0.9981958025178006
903013,0.59258015094524
903014,0.9779952325123421
903015,0.16784150101884834
903016,0.9997348779378805
903017,0.04562075174680849
903018,0.012239028381485575
903019,0.9982749825452031
903020,0.8887941772841399
903021,0.7272280631256748
903022,0.07418064169177593
903023,0.6286870397613744
903024,0.9992668685039112
903025,0.9427587787140906
903026,0.9999348971995329
903027,0.455378890236184
903028,0.09590131505621598
903029,0.4399865345778631
903030,0.8603779222182939
903031,0.999738160880115
903032,0.8416098095031377
903033,0.9999024285867545
903034,0.6357051346198253
903035,0.9998301156729325
903036,0.9568258860377422
903037,0.022325489004911596
903038,0.8805546971396165
903039,0.7572849570013046
903040,0.25180380923453943
903041,0.7850663365975111
903042,0.11076316326443636
903043,0.9647634362894346
903044,0.5868394003510118
903045,0.9631050962257646
903046,0.020899177996244207
903047,0.9993540597906927
903048,0.47237492963949784
903049,0.2512894703263006
903050,0.9957494516808719
903051,0.9998562275274726
903052,0.9971932340591092
903053,0.9912053881741344
903054,0.9995642162521532
903055,0.9986732629039975
903056,0.9733255065546498
903057,0.6944678332894325
903058,0.7718580726747566
903059,0.954108287384557
903060,0.9848841668339294
903061,0.9989863038893737
903062,0.9999184317356503
903063,0.9879634122277136
903064,0.6687728415725938
903065,0.10137310201849396
903066,0.7578585378282086
903067,0.8341351622800959
903068,0.04440431069694972
903069,0.99995568989157
903070,0.08741685242409933
903071,0.9999684811772785
903072,0.9895588314329985
903073,0.6873785097895762
903074,0.015116469704417709
903075,0.36743457762818443
903076,0.3978244676002694
903077,0.9998025558479531
903078,0.142179014194127
903079,0.6213585709717738
903080,0.9995375627011536
903081,0.998413539233052
903082,0.9999867265929921
903083,0.16258170917001966
903084,0.999486497340464
903085,0.9994721589705813
903086,0.4430848915426528
903087,0.19973295558848708
903088,0.44940540112273
903089,0.6476718286020585
903090,0.9997329986628576
903091,0.9996308692379299
903092,0.9998989342620646
903093,0.5517917021279588
903094,0.9935154039512573
903095,0.41899966104287656
903096,0.3752958249465864
903097,0.5658712326073072
903098,0.0027923616748925365
903099,0.9997892635536597
903100,0.9999528813103897
903101,0.999385699831938
903102,0.8935618538212653
903103,0.9850632204691637
903104,0.4815557047078811
903105,0.9999978020316207
903106,0.8469331196457055
903107,0.9995092557237086
903108,0.8346380360773455
903109,0.6863020604529515
903110,0.9966085312265387
903111,0.9997878509542101
903112,0.9999668153041701
903113,0.2411018615495498
903114,0.999516508769338
903115,0.20716374110005212
903116,0.9903289136847376
903117,0.9550248217522892
903118,0.13916719676891168
903119,0.030762434698075186
903120,0.9022712290244523
903121,0.09041046282413909
903122,0.26409381357764755
903123,0.996435985487971
903124,0.9998575171980365
903125,0.03997926173918252
903126,0.9961170841322625
903127,0.8112349879651213
903128,0.9968637173540253
903129,0.5677220986758708
903130,0.9998996692075107
903131,0.9938990961038735
903132,0.5834433427747489
903133,0.03602999386958457
903134,0.9997048592723328
903135,0.8813675029630367
903136,0.9988706479712981
903137,0.2512788854564976
903138,0.03154114737993641
903139,0.9993436271963385
903140,0.9936086830254229
903141,0.8611742016610866
903142,0.18209500810879567
903143,0.17551711732998782
903144,0.9999807031827984
903145,0.9527179355016502
903146,0.9996403039344806
903147,0.005545933348779108
903148,0.9934972727668507
903149,0.8194823897904123
903150,0.2407954624887106
903151,0.11006846826867338
903152,0.9999350208611888
903153,0.9999096240745475
903154,0.4365061782724958
903155,0.08083601400415176
903156,0.31748547804374233
903157,0.9976646292304725
903158,0.12879849959475784
903159,0.9999387490201064
903160,0.9958172627279764
903161,0.6190506042026095
903162,0.08002579835188041
903163,0.0056467598517667625
903164,0.7009173447588608
903165,0.03921687623614638
903166,0.999704989221563
903167,0.12195021844407261
903168,0.05793707921569509
903169,0.014638306948452619
903170,0.9974640531183053
903171,0.9999892731438448
903172,0.35448612392541984
903173,0.9161949985531951
903174,0.2623577263684911
903175,0.9367421433427625
903176,0.9995206585957015
903177,0.11193375561908
903178,0.015314840654858282
903179,0.311444123779031
903180,0.9999900664883383
903181,0.3428055990139003
903182,0.9999316561659838
903183,0.9925315211166259
903184,0.99657649643398
903185,0.9902122358370786
903186,0.9596032725242507
903187,0.71981034649902
903188,0.9980334919871594
903189,0.8223694176985733
903190,0.11141880049076885
903191,0.2849605010430632
903192,0.07899921059418363
903193,0.9890865012494213
903194,0.9962561304661356
903195,0.005829789978606534
903196,0.19161571654252918
903197,0.8375284603259051
903198,0.9987382309569455
903199,0.49353123825398454
903200,0.8688956636219927
903201,0.9661555888310053
903202,0.9997133849620131
903203,0.7814124244577791
903204,0.023829331866864464
903205,0.9992243649952359
903206,0.39998210476166696
903207,0.029210119302782132
903208,0.09202132833361684
903209,0.5684753894322466
903210,0.9995870039480954
903211,0.3658702345752626
903212,0.8972543036193448
903213,0.6306983693552731
903214,0.6399469958565377
903215,0.9956327346969469
903216,0.9998103636577504
903217,0.02867864490054169
903218,0.97896516616877
903219,0.9998690961175378
903220,0.29385613251941484
903221,0.9873903522863259
903222,0.018489268738026705
903223,0.35023155792540017
903224,0.21499797370661028
903225,0.9996051242812451
903226,0.9999892906171255
903227,0.8612504187193575
903228,0.11630771674222073
903229,0.9999538587775493
903230,0.9995066806306152
903231,0.9743833192942359
903232,0.8037707163466062
903233,0.9996613505190741
903234,0.9982252516447537
903235,0.5538468893658347
903236,0.9997115368276107
903237,0.9873628416525724
903238,0.994062416160697
903239,0.9986982262982238
903240,0.10186915713880512
903241,0.2179201180673896
903242,0.059256967510210444
903243,0.8705975236148435
903244,0.9887314190648726
903245,0.9132276487135602
903246,0.2863302795492598
903247,0.9976920983683938
903248,0.3693351114511001
903249,0.9991438650566834
903250,0.9437556160804763
903251,0.41307192024698125
903252,0.9884657214749379
903253,0.9999548778696586
903254,0.9996014582822128
903255,0.024107564020779598
903256,0.67657081439568
903257,0.356810929541429
903258,0.5040822475347241
903259,0.07411559056494332
903260,0.9995743265514279
903261,0.9791056573416725
903262,0.2840793150561731
903263,0.30934911209053584
903264,0.9957188027479245
903265,0.9998421679177362
903266,0.16901667596671893
903267,0.9515921545532052
903268,0.9982414037067422
903269,0.9785141613886575
903270,0.20055858769061335
903271,0.19431992313951468
903272,0.9995833504138638
903273,0.999658873100127
903274,0.996508561724075
903275,0.20764678594665492
903276,0.6672444734248648
903277,0.5576167858172811
903278,0.9991189469381857
903279,0.9937181200611268
903280,0.9926860610402091
903281,0.9937325632647221
903282,0.9976345055452627
903283,0.9999467177235433
903284,0.9999648660474563
903285,0.9999744555411789
903286,0.9938110777467373
903287,0.7284097931668957
903288,0.14078710646548864
903289,0.06399820701539052
903290,0.9965950715153251
903291,0.9942486288583657
903292,0.9971608842196051
903293,0.9999028939986602
903294,0.9504868413461338
903295,0.5151387175292289
903296,0.997578621098921
903297,0.45637046136495896
903298,0.9985328243757764
903299,0.8031660411632559
903300,0.9323542365106534
903301,0.9995988995494792
903302,0.9972522675643641
903303,0.9995570112559371
903304,0.9704757725884743
903305,0.09751591929916523
903306,0.99901057275153
903307,0.9947123951228856
903308,0.9993051852348562
903309,0.9967224335791616
903310,0.9474292328478109
903311,0.9924002288762424
903312,0.9828256957130224
903313,0.5423733774102443
903314,0.041822361102615356
903315,0.9960442701786073
903316,0.8085961277879335
903317,0.1225051339513448
903318,0.985225569496486
903319,0.9990785621723661
903320,0.9998022093965119
903321,0.999925664192949
903322,0.9964793055732487
903323,0.11639777714423832
903324,0.03185884932962654
903325,0.71745126950718
903326,0.08762392652335964
903327,0.04113202934142956
903328,0.9441186747763819
903329,0.9949444445199811
903330,0.4979762534789172
903331,0.9868151669083224
903332,0.43951288501622254
903333,0.9496733410805405
903334,0.23267011327250858
903335,0.9749959251144245
903336,0.24357059755015953
903337,0.9506776734169642
903338,0.9291256908185062
903339,0.8872064394566004
903340,0.8758533256916804
903341,0.9999540938565779
903342,0.023901884855247184
903343,0.9997293437668842
903344,0.9998292614459217
903345,0.2295628824615186
903346,0.8758741244080606
903347,0.9998937539681856
903348,0.6510512724977823
903349,0.11955870604810535
903350,0.9997304198375564
903351,0.035565818739985454
903352,0.927736741782426
903353,0.9996990843553129
903354,0.7950345108948516
903355,0.056144934659102495
903356,0.463850419112397
903357,0.08571302661140326
903358,0.999941944875117
903359,0.9892882381234955
903360,0.8485437027318702
903361,0.07341996392024606
903362,0.9758830155127247
903363,0.13911827739531968
903364,0.9998549351024844
903365,0.9997230553609315
903366,0.9826942328548652
903367,0.9809826935152413
903368,0.5900432787870274
903369,0.5823402337621232
903370,0.27038198051443224
903371,0.2970975142665866
903372,0.29116039997271814
903373,0.9822243197076734
903374,0.9381192061431474
903375,0.9998704279694346
903376,0.8422343676025508
903377,0.5652423202500316
903378,0.9959636523430948
903379,0.3558402943624057
903380,0.759069955250898
903381,0.9969106901536471
903382,0.023827116751298096
903383,0.9142805311398587
903384,0.5949489957648645
903385,0.9997919971129624
903386,0.9729194261537699
903387,0.9996937604616001
903388,0.990353935576323
903389,0.0923258236376231
903390,0.9626729480352272
903391,0.9818449167781056
903392,0.7190309168784688
903393,0.4979445713471131
903394,0.6189130675854936
903395,0.015352169436396997
903396,0.11986651826978054
903397,0.9995995231436653
903398,0.9996919558940593
903399,0.9999157576775028
903400,0.9999076212582092
903401,0.010420111958754353
903402,0.8821062023433935
903403,0.9986754129278262
903404,0.024855699755387213
903405,0.006696960937167656
903406,0.9999763930022703
903407,0.5785548921250893
903408,0.9998733932932269
903409,0.9330667685887165
903410,0.9983517444682357
903411,0.5874437467167614
903412,0.5375685176392193
903413,0.21281018306597743
903414,0.28037297197881866
903415,0.9908522248487037
903416,0.9998938720677549
903417,0.08613593805755976
903418,0.9999656273203568
903419,0.9991556310202945
903420,0.9994880496198969
903421,0.436493302287819
903422,0.6460477407769304
903423,0.9963527380834869
903424,0.9999751739943895
903425,0.9492199011979267
903426,0.1500889003589248
903427,0.5197810588870015
903428,0.9997575190554565
903429,0.9999827054192039
903430,0.09007505354365825
903431,0.004139101536341984
903432,0.5075642914077884
903433,0.061301952709641366
903434,0.9997443749978455
903435,0.04017523469793197
903436,0.8606577672213767
903437,0.5831285129149644
903438,0.999989139908675
903439,0.9966475650500791
903440,0.6158455050136239
903441,0.33806635053921896
903442,0.2738630095721034
903443,0.027776656954497884
903444,0.9989066707010599
903445,0.9959516347597064
903446,0.016534078503735075
903447,0.8605994918484726
903448,0.9798601689828487
903449,0.0799748061836537
903450,0.9999688835404982
903451,0.9995282095874456
903452,0.21904767810887926
903453,0.9998919848399864
903454,0.8995798929143415
903455,0.49097608598371256
903456,0.9992581345638524
903457,0.9998938034392739
903458,0.6859364683329303
903459,0.9997161701546357
903460,0.8471758939648908
903461,0.9995800114694637
903462,0.35866191278464854
903463,0.8199865829745341
903464,0.23107567439664628
903465,0.9975968116156211
903466,0.9997768301647822
903467,0.9989188922379613
903468,0.09069635620529004
903469,0.6131694191229651
903470,0.9997398403779731
903471,0.8638170997767767
903472,0.017437527111464478
903473,0.9977039730258603
903474,0.8230367129456275
903475,0.2489166035163548
903476,0.9849625214517368
903477,0.6834164124136042
903478,0.7055553749442983
903479,0.5107338913661393
903480,0.35339537825934797
903481,0.9997262029569739
903482,0.6508233902736764
903483,0.37233582795270487
903484,0.028316660859719976
903485,0.3745917018720787
903486,0.9997954078214908
903487,0.03392836986156948
903488,0.9971862939485641
903489,0.9669504454197653
903490,0.21445314654052428
903491,0.07610906356105437
903492,0.7079314878376777
903493,0.9995924053872605
903494,0.4779488268973866
903495,0.0799153189323354
903496,0.99608894389896
903497,0.9995762166987415
903498,0.25617557214869396
903499,0.0583772288177618
903500,0.976035508125434
903501,0.9965556386576531
903502,0.9982755501139571
903503,0.056150523863738956
903504,0.3182276967673579
903505,0.8769277982664946
903506,0.9014083451408654
903507,0.9974498450915613
903508,0.9998495647751118
903509,0.1520920134010031
903510,0.040617976932717834
903511,0.6739675369970741
903512,0.9981192399666723
903513,0.9996244264531418
903514,0.9920952754913653
903515,0.7973021526832693
903516,0.9997339137783848
903517,0.044650637417765864
903518,0.7156976838402822
903519,0.6002788069922794
903520,0.9690864459480286
903521,0.983670093156058
903522,0.9999772863868841
903523,0.3240481925354464
903524,0.12768689265248243
903525,0.9996225212113072
903526,0.03071607036299294
903527,0.042334022216125936
903528,0.20290784348498087
903529,0.9957522726271452
903530,0.9468165580939834
903531,0.9773132436686464
903532,0.1686558221503432
903533,0.9033411876079906
903534,0.7299295562507473
903535,0.9999180454959401
903536,0.9998996857893047
903537,0.9823158038098216
903538,0.4942433088091012
903539,0.009586423098971102
903540,0.8381372716687794
903541,0.09881059687776689
903542,0.9976973626233577
903543,0.9726418250858992
903544,0.3938089453734897
903545,0.11266303227147889
903546,0.9482004057122875
903547,0.9908730230743014
903548,0.5645291964466362
903549,0.09971950599562299
903550,0.0016830501187767074
903551,0.1644281977825963
903552,0.9994609217033118
903553,0.9932180730764123
903554,0.9755927315870961
903555,0.9997723621863406
903556,0.9963433491888763
903557,0.9443395082377699
903558,0.010969644756530686
903559,0.9997789117904528
903560,0.9997618323158252
903561,0.0028149491865761796
903562,0.10062165202693771
903563,0.9994002327647381
903564,0.998081341175064
903565,0.28795781811653476
903566,0.8863344402019739
903567,0.8533028504886332
903568,0.6232129715988601
903569,0.46401156385256825
903570,0.06104404660983369
903571,0.04542656836311329
903572,0.99953381272054
903573,0.7675251674305847
903574,0.9813876835745104
903575,0.29814650238038565
903576,0.9997884129499299
903577,0.5318236433699265
903578,0.5501452071734512
903579,0.5291816310251827
903580,0.8226135938322792
903581,0.9456912761764951
903582,0.33909277106505387
903583,0.9992983099262004
903584,0.1796594442243843
903585,0.9747590444817729
903586,0.7272257408615306
903587,0.4907461511734318
903588,0.9999610934302774
903589,0.9995197111590585
903590,0.017329533923126084
903591,0.9260763545358272
903592,0.9999832799830721
903593,0.08697919055647446
903594,0.08385061564987188
903595,0.06364946940387689
903596,0.9786968451805719
903597,0.9957196314208596
903598,0.9712319311798038
903599,0.9933799149294835
903600,0.999894361810052
903601,0.8878228883878234
903602,0.989431587905355
903603,0.4160925216403944
903604,0.9994498514414862
903605,0.9996720428723458
903606,0.9989196110644719
903607,0.9947051519778805
903608,0.22472191012182957
903609,0.17115973534639556
903610,0.8090341333216046
903611,0.9204180586425368
903612,0.22935127336146183
903613,0.009053601461194246
903614,0.06352985487593601
903615,0.9824142097203412
903616,0.8427761684410896
903617,0.9992742273435715
903618,0.995250338232438
903619,0.9995641541852067
903620,0.9995623570562095
903621,0.99929593931448
903622,0.9998922166581092
903623,0.9998462716501412
903624,0.9959484054901532
903625,0.9996865368419929
903626,0.03536440764288007
903627,0.681551236733793
903628,0.9993637839257122
903629,0.0994844690101199
903630,0.6725909186615494
903631,0.9958162685321892
903632,0.9715258178217121
903633,0.8511391192088048
903634,0.007976805254626919
903635,0.9879088920910307
903636,0.24030751007533668
903637,0.03921042870378449
903638,0.7702818705563859
903639,0.484954658134842
903640,0.09063204463239724
903641,0.013405724401438278
903642,0.9890530605023202
903643,0.3442313022938902
903644,0.7018039352540089
903645,0.07115556349333312
903646,0.9938451131044843
903647,0.9999607474168871
903648,0.7932076696828909
903649,0.9995973577887549
903650,0.5723266777440463
903651,0.996580948199092
903652,0.5292212486738799
903653,0.5744741030891362
903654,0.7076378107064394
903655,0.4783275661615173
903656,0.9998282930970117
903657,0.1583696090569217
903658,0.08204892712328743
903659,0.9962820916239175
903660,0.879849452090406
903661,0.7305022432270863
903662,0.945213105804946
903663,0.999369498308994
903664,0.9997103387231987
903665,0.29133060234322683
903666,0.9999914172285151
903667,0.6855643331985961
903668,0.9994871261117206
903669,0.5016234333385985
903670,0.9755464890654363
903671,0.9996377116583297
903672,0.9998474887234171
903673,0.9898393502865948
903674,0.9962020064706296
903675,0.999940320426675
903676,0.9834957307079476
903677,0.08901656368784848
903678,0.22983816540842297
903679,0.9999549752325797
903680,0.49057488714739195
903681,0.9983114664524457
903682,0.9998027013679628
903683,0.9607939326971225
903684,0.999860861901831
903685,0.9997353338677963
903686,0.9509312527836511
903687,0.134040706238998
903688,0.999737027589644
903689,0.9994302249354438
903690,0.4413884185025527
903691,0.9990949698774625
903692,0.8517136309736505
903693,0.999580767089335
903694,0.5281758100700227
903695,0.9985192457208196
903696,0.0641695757709756
903697,0.21471862803474603
903698,0.9998959917110808
903699,0.99931174795481
903700,0.9695924374140994
903701,0.9983125160840138
903702,0.9994157776573211
903703,0.23691802025080907
903704,0.3489930428188968
903705,0.35933527663426323
903706,0.999132323367124
903707,0.9997135628595871
903708,0.17245774104320966
903709,0.9896917657584992
903710,0.7242784261843377
903711,0.9975902102796206
903712,0.9905094869573619
903713,0.012560489048218318
903714,0.9836460565603168
903715,0.8546283857683743
903716,0.8783092156926895
903717,0.05214073952031206
903718,0.9989498118892253
903719,0.6099437946015707
903720,0.4273679067059024
903721,0.9933639992237102
903722,0.9540739610245491
903723,0.7456392269921395
903724,0.9997216980236009
903725,0.989272604381259
903726,0.7648987559997331
903727,0.2220244651737402
903728,0.9998634365310238
903729,0.9681516238583019
903730,0.0071175171350935755
903731,0.9993176068649396
903732,0.989094826864301
903733,0.8954626959307161
903734,0.9103431555435484
903735,0.8972978730502388
903736,0.9998147127329768
903737,0.9598417594837709
903738,0.5127344461472583
903739,0.6921065952168736
903740,0.7402774606375464
903741,0.9998736330302862
903742,0.8653807589844917
903743,0.7290026750777485
903744,0.005106183308267002
903745,0.696653777294705
903746,0.9031213331214464
903747,0.946519395359707
903748,0.9846999531867937
903749,0.024436687144176718
903750,0.9994971915150781
903751,0.9999399624024428
903752,0.34253137484089713
903753,0.3669619114660822
903754,0.25310555148858227
903755,0.9998173840381428
903756,0.026212199154737714
903757,0.21212141729424316
903758,0.7556037813535013
903759,0.9996616051526079
903760,0.9827575606663812
903761,0.029161091989108545
903762,0.8869736647612403
903763,0.04344863116664514
903764,0.1806919873035503
903765,0.5976220573765026
903766,0.9994527743315661
903767,0.026678640659027576
903768,0.009115578260025643
903769,0.028703569505513088
903770,0.5204377227064269
903771,0.044958508648837776
903772,0.9994281088455652
903773,0.9962233371424176
903774,0.9874072359012269
903775,0.991530019373398
903776,0.998685299071388
903777,0.9951900316332519
903778,0.9898530841232854
903779,0.8169383100345519
903780,0.5611216688822926
903781,0.5060236104274161
903782,0.9939808626246289
903783,0.999324321418941
903784,0.9847483472455554
903785,0.9946789016350637
903786,0.30611801221349927
903787,0.5504131507875716
903788,0.9999465766550331
903789,0.9928470295563279
903790,0.5957837253173933
903791,0.98989306011993
903792,0.9991883242699291
903793,0.7437282571670647
903794,0.3344743892525541
903795,0.9394835156814301
903796,0.9999820815263025
903797,0.6713597974061825
903798,0.9545895781622633
903799,0.5260256345437815
903800,0.83466749054719
903801,0.6516174651473812
903802,0.5479732450415589
903803,0.976802547845579
903804,0.03238615240188689
903805,0.7547264567773706
903806,0.4295198143082973
903807,0.8497443180825429
903808,0.5440985528515159
903809,0.9658387359887266
903810,0.6330183828300171
903811,0.163588439361309
903812,0.5870391548854417
903813,0.5979947647223879
903814,0.7060997400312143
903815,0.9998989836594068
903816,0.902345206644958
903817,0.99990347712746
903818,0.6881145077868689
903819,0.8485261139114938
903820,0.9901886115189177
903821,0.9999699531045414
903822,0.013909453982204202
903823,0.8070714770627172
903824,0.9710610181792858
903825,0.9944643589821416
903826,0.8378304797428087
903827,0.23614217413067257
903828,0.9724844584959934
903829,0.9999590713515512
903830,0.9994045962062486
903831,0.9817272206192421
903832,0.0065585492144703255
903833,0.04433046438261086
903834,0.9999239675306282
903835,0.8008619839820795
903836,0.17193886963072622
903837,0.9999575205944897
903838,0.9762369697153042
903839,0.9992860821651649
903840,0.9999157705118908
903841,0.34921444945505975
903842,0.9998284969234694
903843,0.999407756673139
903844,0.9994377353263404
903845,0.37902919887804953
903846,0.9970542698416813
903847,0.9983249803239419
903848,0.41153917639602255
903849,0.07291677968225302
903850,0.997916427398621
903851,0.7280744823146565
903852,0.9999733239002783
903853,0.8009271270466
903854,0.257303817247654
903855,0.9857358321242267
903856,0.9999664364438361
903857,0.9997740756275357
903858,0.03480182261031363
903859,0.8708052677357094
903860,0.9962762352126213
903861,0.9957859300046958
903862,0.9985128035803489
903863,0.9999372285887245
903864,0.37257989617473064
903865,0.9982017766912766
903866,0.99518860446858
903867,0.10148296316795785
903868,0.0021045172237661738
903869,0.9575953539603298
903870,0.06010440667087824
903871,0.9190837882467766
903872,0.6979532430080639
903873,0.2086732984698846
903874,0.9471101015507774
903875,0.5350960939552811
903876,0.09521367704234013
903877,0.30061556421293284
903878,0.6048882759701497
903879,0.7228749884601702
903880,0.8936426060182225
903881,0.7198098148560491
903882,0.9995519611187427
903883,0.9999726590641294
903884,0.9993907680016982
903885,0.9997131893983746
903886,0.9893215186583216
903887,0.9641654828573731
903888,0.997730621271302
903889,0.9918673835206688
903890,0.9984409137111263
903891,0.9691025156376774
903892,0.6615343492946499
903893,0.10644510721557468
903894,0.12746782787452698
903895,0.9810284978102939
903896,0.7678518258511342
903897,0.9966652509307157
903898,0.9918023598735957
903899,0.9994952940089143
903900,0.14055833868979384
903901,0.30156484453486965
903902,0.9994627172392774
903903,0.021919551746739145
903904,0.9905178893814834
903905,0.6595614693106691
903906,0.8302050803442177
903907,0.42578723604968305
903908,0.010339416167343338
903909,0.9999774077112934
903910,0.9744658857615947
903911,0.9999691799612453
903912,0.5736487154107723
903913,0.9996447118372102
903914,0.9999583342175704
903915,0.24551344158990523
903916,0.9972942553344002
903917,0.20540821434775025
903918,0.999956539125195
903919,0.7601367517269872
903920,0.9898930003783547
903921,0.38162040715808104
903922,0.8506295155021375
903923,0.9998171853500184
903924,0.817883484195074
903925,0.9997439646132766
903926,0.598036786100698
903927,0.7931830375663231
903928,0.9991774186560592
903929,0.7459532474964289
903930,0.6718373714145169
903931,0.8779216191436657
903932,0.07083069000348635
903933,0.17606557130155262
903934,0.4167283632150202
903935,0.910372682126488
903936,0.03414828710429679
903937,0.9912737312107662
903938,0.9996712289150722
903939,0.991607252178141
903940,0.18750070251276124
903941,0.09314133059168213
903942,0.9999013760761897
903943,0.008444711427441711
903944,0.15581658087837
903945,0.025051003300878557
903946,0.9086156467805742
903947,0.9998436870312846
903948,0.9998286928567245
903949,0.5448948387015161
903950,0.9996608968415344
903951,0.1894687511947729
903952,0.999893680689314
903953,0.048090502847541426
903954,0.0659689807399901
903955,0.8017505882400227
903956,0.9991248583329879
903957,0.390381731066224
903958,0.020792140898271774
903959,0.9576539058738313
903960,0.9984117782314956
903961,0.37430516556696775
903962,0.36443174433774295
903963,0.9730401524194181
903964,0.5782207277222808
903965,0.5619447173249685
903966,0.9988542489774848
903967,0.9052864629146355
903968,0.9044909158341012
903969,0.8949946572512133
903970,0.9998651697156271
903971,0.998940646837284
903972,0.2235271189803426
903973,0.3779615300609336
903974,0.9927747835932426
903975,0.9982650228467669
903976,0.30089698749943583
903977,0.999649532951318
903978,0.9984770089526089
903979,0.22583173473720594
903980,0.9996914738703769
903981,0.016338364443764793
903982,0.999482716048999
903983,0.9872931520356859
903984,0.9951769606495149
903985,0.9998522594603183
903986,0.9948678047473474
903987,0.27068252674838805
903988,0.5071715136548692
903989,0.9996524637251987
903990,0.9787233396317512
903991,0.9989585358590996
903992,0.20248768228077368
903993,0.9972386866144161
903994,0.1344927996015713
903995,0.9991479149858817
903996,0.9999708911291283
903997,0.9936559846415511
903998,0.7458918786961584
903999,0.1538174909206947
904000,0.4917725859190042
904001,0.3287227327550218
904002,0.6275364754015218
904003,0.7779608623366766
904004,0.9992936563304097
904005,0.8867916309883916
904006,0.9985011005541371
904007,0.2822698851431455
904008,0.993500249051851
904009,0.648287392837046
904010,0.9757036189343316
904011,0.9998740411853322
904012,0.2784414117078463
904013,0.9982260510550702
904014,0.9997934713677792
904015,0.9918649543143008
904016,0.9998868327227226
904017,0.5872150269546332
904018,0.9999689663009362
904019,0.027491935118260268
904020,0.9805966296648908
904021,0.9825705636656379
904022,0.8836530885958915
904023,0.05380016200923905
904024,0.7373173582372227
904025,0.9336232115643107
904026,0.9999212020709708
904027,0.9993459520840289
904028,0.9999660499274448
904029,0.8771792309443396
904030,0.9810776601951757
904031,0.3646677232015947
904032,0.7730579550682016
904033,0.7641482239644323
904034,0.03957573461031335
904035,0.9991527187478393
904036,0.9398971227656848
904037,0.9997495848859501
904038,0.9996117131452136
904039,0.9843317836655376
904040,0.12124278887305553
904041,0.9085701065688917
904042,0.3840644590863378
904043,0.7325518650275714
904044,0.015520125132988293
904045,0.8807606079511564
904046,0.8693432456861308
904047,0.32442252495923474
904048,0.9980954725106479
904049,0.8008164720957323
904050,0.4301687766630752
904051,0.06391417078972111
904052,0.9999838052007253
904053,0.6026138380888688
904054,0.6240048865643969
904055,0.5396766101396356
904056,0.9877094051243103
904057,0.018614705751964358
904058,0.9998069859698604
904059,0.011778719712545804
904060,0.9876540004075476
904061,0.9984784048709676
904062,0.903358589699397
904063,0.052270871529540186
904064,0.9932215347614737
904065,0.9893484148200467
904066,0.19877912951948268
904067,0.18117716065693396
904068,0.9994798117873414
904069,0.9998308915470717
904070,0.9818114626530012
904071,0.9974479733851994
904072,0.9998751672253395
904073,0.9999887272204417
904074,0.885724096553137
904075,0.9590597132157705
904076,0.9999181084661063
904077,0.9941633009369466
904078,0.9998843049174172
904079,0.7339765056170215
904080,0.08340598188852079
904081,0.07675661689274291
904082,0.9999023827136866
904083,0.9998527197235301
904084,0.9942206635079465
904085,0.9997905965439771
904086,0.858539135838816
904087,0.7434400502564594
904088,0.011303533727663902
904089,0.9952915661095545
904090,0.9901522634439801
904091,0.9504536122663999
904092,0.9980325400532877
904093,0.7126027808597882
904094,0.9999861363095577
904095,0.9964100069175466
904096,0.5174106781678415
904097,0.9995585625208585
904098,0.8290459502764601
904099,0.9993270232767659
904100,0.9717612104004131
904101,0.9903037677161047
904102,0.9616306513140971
904103,0.8463063047475561
904104,0.1606220866527345
904105,0.9461202230534258
904106,0.5587458101103966
904107,0.99958625567906
904108,0.9798846395144543
904109,0.997106798215721
904110,0.4515831533766773
904111,0.8846206471192374
904112,0.4673803133861064
904113,0.856008330771109
904114,0.9953281203065087
904115,0.9938515026298639
904116,0.8893113786672168
904117,0.9652541066893704
904118,0.0364908332195611
904119,0.9999959383682264
904120,0.998638673612276
904121,0.9981001790739616
904122,0.05925747883156201
904123,0.9801691489001305
904124,0.5070436936454455
904125,0.998381275885694
904126,0.9999175940479113
904127,0.6756479744890972
904128,0.40351042760753075
904129,0.8484106750415255
904130,0.4292174266798968
904131,0.9987778805440366
904132,0.015392333763397591
904133,0.9994497864377201
904134,0.956582379572088
904135,0.9986304131224664
904136,0.4308647450607342
904137,0.4624546906942801
904138,0.5824700180882312
904139,0.03812031543039651
904140,0.9941059929795304
904141,0.9716363415329282
904142,0.06709184638675955
904143,0.8799993217500918
904144,0.887031721790651
904145,0.9978030456970777
904146,0.14392701004166994
904147,0.9994363161157163
904148,0.986271303058374
904149,0.9980363958161741
904150,0.9816499702542998
904151,0.3990915408376882
904152,0.9416966712938113
904153,0.034154078822634146
904154,0.9997710988264836
904155,0.06758956634623112
904156,0.4030058113508692
904157,0.924529279307214
904158,0.23797806217275824
904159,0.9998329877156696
904160,0.0037835593997578307
904161,0.3578682462325879
904162,0.9999531825472774
904163,0.9947599146781914
904164,0.9988989038435
904165,0.7199415834044323
904166,0.6432352733254957
904167,0.7683345496473926
904168,0.07475288548707021
904169,0.01784102129936981
904170,0.9264445941496007
904171,0.9998576822400399
904172,0.9981031236778792
904173,0.9958642067396128
904174,0.9796356117373729
904175,0.9903374517425128
904176,0.9971177648585736
904177,0.006332704197681975
904178,0.6414262061873229
904179,0.9912702184676068
904180,0.7308731489983051
904181,0.22758105560882003
904182,0.883360559821984
904183,0.9999505263605428
904184,0.9971848949072801
904185,0.0067514445520026264
904186,0.2508289785634569
904187,0.9906149068494627
904188,0.2946829470339919
904189,0.036203612829573566
904190,0.9092704991536787
904191,0.9576365252034245
904192,0.5925442811409669
904193,0.12326716781768252
904194,0.23626172826715652
904195,0.9978383660495356
904196,0.9971016976415417
904197,0.9998514713137869
904198,0.9974340301665297
904199,0.9662959749608011
904200,0.9951694986559304
904201,0.33020744010504544
904202,0.9994307084350886
904203,0.9994313953624652
904204,0.9999393324160806
904205,0.7614623214787156
904206,0.9946750982392762
904207,0.9833760431562328
904208,0.9998589016812507
904209,0.3787151326837844
904210,0.9991591441375385
904211,0.8093995296036538
904212,0.9992385896120641
904213,0.4276577593274221
904214,0.039649520166391866
904215,0.661088202901062
904216,0.9972868413175373
904217,0.5178039575805194
904218,0.4651846747986289
904219,0.2464447985178837
904220,0.9998649276125479
904221,0.7456299723590836
904222,0.04458771732147618
904223,0.005466194699709614
904224,0.39807432714251223
904225,0.999868007707919
904226,0.996136965808458
904227,0.9999781086548611
904228,0.8890312258832049
904229,0.9971317840583396
904230,0.610019157195171
904231,0.2283643338076764
904232,0.31627210253103055
904233,0.7864016489860344
904234,0.8298850361974159
904235,0.6417339538689446
904236,0.8546521049501757
904237,0.7590128173561922
904238,0.7852592055145076
904239,0.9998859401186266
904240,0.9994305027909962
904241,0.9965887930728996
904242,0.008558467999244755
904243,0.3873898822367011
904244,0.5738147196138818
904245,0.9998838104886874
904246,0.999872154682454
904247,0.9994339145870809
904248,0.29890587735557783
904249,0.9998858725667487
904250,0.9984475752682643
904251,0.9993260495171605
904252,0.80497559771621
904253,0.9998500451892263
904254,0.9999906455430937
904255,0.921898987083414
904256,0.9997960649751885
904257,0.9999018793388245
904258,0.8386434663948339
904259,0.36796757427652727
904260,0.9998676527736534
904261,0.9983723252481799
904262,0.9990284444614879
904263,0.46952551663006725
904264,0.5906761289393064
904265,0.12345462158571732
904266,0.03073059384118445
904267,0.40165585635219625
904268,0.9984317410873302
904269,0.6367571234125667
904270,0.8287770897012346
904271,0.7798025523508973
904272,0.18036197676876037
904273,0.20747711472514768
904274,0.9983841527735802
904275,0.38213732834287595
904276,0.2177527284447362
904277,0.4686904631901868
904278,0.9999416104402801
904279,0.5226159054654964
904280,0.5802506627870103
904281,0.9996112435812302
904282,0.9999367961723071
904283,0.8529771505340423
904284,0.9999179946636321
904285,0.9620824812615763
904286,0.9998762462788837
904287,0.992158772274135
904288,0.5039078577168623
904289,0.9999369868055481
904290,0.9999471279479021
904291,0.035059632987970706
904292,0.9997064295687157
904293,0.6912319157893322
904294,0.019782172845865358
904295,0.6241688808091319
904296,0.7180847287113188
904297,0.6728694569785024
904298,0.13570155488038926
904299,0.9996489779185568
904300,0.9999761924732788
904301,0.9997941800905568
904302,0.9977775741020554
904303,0.9654850140811299
904304,0.06617791654483676
904305,0.9420884173494886
904306,0.9996831513330162
904307,0.6849061066175588
904308,0.997267728954528
904309,0.00190793624059056
904310,0.6268701454292694
904311,0.9997759563472679
904312,0.06643158637960242
904313,0.6184666864163532
904314,0.3945290947329505
904315,0.9999270514598804
904316,0.9643528434430692
904317,0.9359508096343903
904318,0.9998613447972644
904319,0.5109221989060321
904320,0.9296825501609938
904321,0.8151975380672951
904322,0.9945123960039917
904323,0.5110346668409779
904324,0.9965688280434251
904325,0.31185588157675365
904326,0.3804959752433491
904327,0.998529896812346
904328,0.7809222694190052
904329,0.3279787726263439
904330,0.8212505925720099
904331,0.002619875385429863
904332,0.21215827345235655
904333,0.9769164128306564
904334,0.028597003699594732
904335,0.9956186110610412
904336,0.036585024654464136
904337,0.9996463100541536
904338,0.7527340413522208
904339,0.999918253786656
904340,0.999117388084028
904341,0.9953475230488312
904342,0.9467403801122652
904343,0.9996414120744552
904344,0.29981802067539287
904345,0.9996488311401125
904346,0.9954362226015332
904347,0.7692128324374697
904348,0.9999893850326749
904349,0.9972184882388525
904350,0.776095935124777
904351,0.9998984251459848
904352,0.6769752622394487
904353,0.9981105204590763
904354,0.8119893890132825
904355,0.9913600862671955
904356,0.45792160834675266
904357,0.6544393678665215
904358,0.1284308116906074
904359,0.9993596153493173
904360,0.6804959312317466
904361,0.9993881405059761
904362,0.10657557466878705
904363,0.7995406953734195
904364,0.03744794700928616
904365,0.744748749539334
904366,0.023391638579005378
904367,0.6769494671631758
904368,0.9934611545181292
904369,0.803665795309736
904370,0.6630822348323433
904371,0.9015954880679204
904372,0.8637898502835963
904373,0.9999335353997107
904374,0.9816398520169352
904375,0.9563719469691236
904376,0.9999242614198496
904377,0.999248760110525
904378,0.9999683261538188
904379,0.686112287758712
904380,0.11092959402106552
904381,0.5793548883855267
904382,0.9993783154785626
904383,0.9997837107492304
904384,0.981681863709571
904385,0.1559197256928941
904386,0.6455188907392468
904387,0.0038855389876113577
904388,0.006246252192372969
904389,0.9459313284833022
904390,0.9662886960124515
904391,0.04601908464862717
904392,0.9996146322101349
904393,0.9973732665269923
904394,0.9904791463310245
904395,0.9958293983065138
904396,0.9994697793310355
904397,0.9454664702399007
904398,0.9958327443193834
904399,0.9904459438823734
904400,0.13800825356743668
904401,0.018707316652522867
904402,0.5135325069064124
904403,0.591350119399617
904404,0.09920698252013406
904405,0.35997144248419755
904406,0.5420240167404575
904407,0.03058724770075258
904408,0.9959199469607244
904409,0.9857754873651641
904410,0.9977350676680934
904411,0.996440428787359
904412,0.9729743024089761
904413,0.9999736855987529
904414,0.9997377024780487
904415,0.9988053164867418
904416,0.7632973016918823
904417,0.5149363551068112
904418,0.9996461769823188
904419,0.14816650754832436
904420,0.9496836730689544
904421,0.9999528300477456
904422,0.9825864397553964
904423,0.9809634753839818
904424,0.23027682699076923
904425,0.9998577312348215
904426,0.9648730099351811
904427,0.999250173021875
904428,0.0572383739597268
904429,0.9994353749390879
904430,0.00855019532263322
904431,0.125006506205025
904432,0.5941533853491571
904433,0.46967011343487597
904434,0.9944728200849928
904435,0.9930934848445001
904436,0.7878843482735123
904437,0.017538945791084583
904438,0.71267297328122
904439,0.8399142707458092
904440,0.5153222746954389
904441,0.9995246605421138
904442,0.9998662814781057
904443,0.9651781026708941
904444,0.9997248695991726
904445,0.9996100485397196
904446,0.9994990569796531
904447,0.99988151280724
904448,0.999948691513117
904449,0.9994322390582221
904450,0.9997369468419312
904451,0.5142250783712703
904452,0.8058617398906167
904453,0.7991991710251423
904454,0.999681106257414
904455,0.3049568721901604
904456,0.6901994529270059
904457,0.9663303917494703
904458,0.002420080722373927
904459,0.47202457644044626
904460,0.16623342541710878
904461,0.9942243516220939
904462,0.7169724807159534
904463,0.880191280029764
904464,0.07002900859034822
904465,0.020910478249248486
904466,0.5718604433200191
904467,0.953903979515143
904468,0.9577284553417993
904469,0.9845734341656827
904470,0.710034162228674
904471,0.9399822605876904
904472,0.9998523061094395
904473,0.9999082219076451
904474,0.8754590594858047
904475,0.8143472377197246
904476,0.8403047549015361
904477,0.9999319446541226
904478,0.8838710854632026
904479,0.989928553938465
904480,0.10614749660693691
904481,0.8386738733506294
904482,0.9768711069570952
904483,0.9989960869426406
904484,0.9982069847743662
904485,0.008305137226929117
904486,0.9992729242153899
904487,0.9996199679407691
904488,0.9858872521222166
904489,0.9994799469742963
904490,0.016415923355656052
904491,0.05768713592620234
904492,0.09359076251243909
904493,0.992426010576796
904494,0.01930989545039631
904495,0.3087188228428519
904496,0.8827971451916041
904497,0.04469431550538533
904498,0.9986157508206559
904499,0.9998943504514174
904500,0.908577058303313
904501,0.18195671952306786
904502,0.9994749553251315
904503,0.9963675729963124
904504,0.15655435629755673
904505,0.3467481151947033
904506,0.562162787876744
904507,0.8846478432880132
904508,0.08201028351008746
904509,0.9978401144668989
904510,0.20910078582607144
904511,0.3815646408899773
904512,0.999699131232709
904513,0.16048096318835992
904514,0.13165828922297748
904515,0.9928784384723641
904516,0.9876635688688632
904517,0.01050986729379837
904518,0.46597628592715457
904519,0.9955764115084681
904520,0.9999888146243355
904521,0.9998247376479148
904522,0.977649416893428
904523,0.09459563592421961
904524,0.5948450687211069
904525,0.9979798780210611
904526,0.8090768535037554
904527,0.999887613603483
904528,0.3004387327072906
904529,0.9996378894477096
904530,0.2052343596919713
904531,0.9485685373606553
904532,0.0390999374855886
904533,0.20227407661519797
904534,0.7615419379862277
904535,0.9808795335910084
904536,0.75081864670438
904537,0.5678795542373103
904538,0.9997800335551108
904539,0.9999897876285564
904540,0.6593061187500184
904541,0.011348964717829393
904542,0.9995121308689858
904543,0.028650360606139992
904544,0.9943570106456017
904545,0.7311158135731378
904546,0.9995588584908353
904547,0.36751161443978325
904548,0.9957512023986694
904549,0.9754497207550274
904550,0.9999752117392543
904551,0.7482573335670268
904552,0.9999336166571805
904553,0.9999639888777947
904554,0.9546691642086922
904555,0.2272253595420765
904556,0.5102160036681905
904557,0.4980803100432625
904558,0.9864391238883605
904559,0.8604190157586165
904560,0.42626553638446646
904561,0.8029394052129777
904562,0.9984791579556734
904563,0.9182802192433002
904564,0.9947929778193509
904565,0.029759829130154528
904566,0.26002781074525233
904567,0.9473316216533187
904568,0.2873839782868534
904569,0.9990132028328476
904570,0.9953072878840166
904571,0.775183939340978
904572,0.9961356110828312
904573,0.4165986777967159
904574,0.9996327641790479
904575,0.9999032035530382
904576,0.9824616466666799
904577,0.9125128009487833
904578,0.8362120578676744
904579,0.8192443300295795
904580,0.6364152839486642
904581,0.9996166221363403
904582,0.9830378093619453
904583,0.9972808174754898
904584,0.9955486148881344
904585,0.5960510772124878
904586,0.851962925985583
904587,0.9815270983866625
904588,0.7780024066250733
904589,0.999826016382423
904590,0.1851742859648155
904591,0.9874156547884263
904592,0.8618013817108996
904593,0.591356327332231
904594,0.9744813261218148
904595,0.9324995439573034
904596,0.10137164832719098
904597,0.9665111779473714
904598,0.35710816725090133
904599,0.999902845641539
904600,0.9673330715853085
904601,0.6484752427238571
904602,0.9987199458142431
904603,0.9728406054026221
904604,0.6912152431760218
904605,0.9971893667271738
904606,0.826344811531974
904607,0.007749794606732687
904608,0.9994952259816002
904609,0.9892078921301273
904610,0.9411442528322779
904611,0.5837129514934635
904612,0.5664530425482195
904613,0.9991342453889791
904614,0.9998404968047916
904615,0.989767260142439
904616,0.9098051377928855
904617,0.01449644582289901
904618,0.12633011040180467
904619,0.9997729908112059
904620,0.6847746587234764
904621,0.9993919882896822
904622,0.32588474624031266
904623,0.4441073276124641
904624,0.9774774999238053
904625,0.013707059552728195
904626,0.260981451293851
904627,0.10660996049371778
904628,0.8410112572398876
904629,0.9991110169332926
904630,0.49380826741183415
904631,0.03881930009877464
904632,0.6887153996208951
904633,0.9913732278158212
904634,0.07854016831332689
904635,0.9996953193652334
904636,0.10241900402505244
904637,0.7827574961527589
904638,0.3237703882098583
904639,0.5498519418622073
904640,0.9948167959728413
904641,0.99976791918956
904642,0.05654648589905213
904643,0.9987460578533213
904644,0.6528861089086909
904645,0.10464892416022316
904646,0.9974665629838826
904647,0.13389125148360762
904648,0.5271817164036576
904649,0.9922610172678994
904650,0.877808495245936
904651,0.8009908674845252
904652,0.804113475302729
904653,0.999059485081274
904654,0.9980886860575211
904655,0.9999836340949204
904656,0.9819963114798292
904657,0.9874205719861987
904658,0.8854817523431131
904659,0.2499190762601882
904660,0.7953556649312111
904661,0.6874388077330413
904662,0.9880461324110799
904663,0.9998743713537579
904664,0.9999912797383428
904665,0.9937508749557289
904666,0.990608260085633
904667,0.010478530885712685
904668,0.6805196010258319
904669,0.6907162665548652
904670,0.9924261853252548
904671,0.9941974952295881
904672,0.9994232289781528
904673,0.9998810573751885
904674,0.7697526919244566
904675,0.017846669104976724
904676,0.41747188087296305
904677,0.16446081172072374
904678,0.9686102390001381
904679,0.9998464903212135
904680,0.04391617116199222
904681,0.9970879619424885
904682,0.9381540282716674
904683,0.36945429765923
904684,0.9900242036338749
904685,0.9529936973805715
904686,0.9594725243199991
904687,0.6096034568023423
904688,0.9646742370478719
904689,0.9992978429743973
904690,0.7069152469098825
904691,0.9996835107709091
904692,0.3323270537745576
904693,0.9999337918584992
904694,0.9998467817700804
904695,0.7059014328284643
904696,0.767285395806961
904697,0.1600388124504848
904698,0.21919619943794758
904699,0.9959116437449296
904700,0.2512311284152552
904701,0.9998748139673075
904702,0.9997946181639996
904703,0.010838523080357348
904704,0.5006507531501386
904705,0.9999885761607046
904706,0.9984928699428657
904707,0.9994409943388742
904708,0.015873820645624183
904709,0.0411577450367887
904710,0.9997005147692751
904711,0.8501477868673977
904712,0.921482575153257
904713,0.12933843639620896
904714,0.1824941073021052
904715,0.9582564565882468
904716,0.9999401801744663
904717,0.9927511560179845
904718,0.9970332366623467
904719,0.9994941530150807
904720,0.9954103838703332
904721,0.8427968285215428
904722,0.0143495874652723
904723,0.8351465024207523
904724,0.5106484020671181
904725,0.8028305478503347
904726,0.9987930727918786
904727,0.9925993068594943
904728,0.9991186208951621
904729,0.004843782380581209
904730,0.9999291942046646
904731,0.9967473329575245
904732,0.07885606552844615
904733,0.9988499801074446
904734,0.961026398943496
904735,0.9370028384364453
904736,0.5404177782616552
904737,0.16051388565641392
904738,0.9998207669223752
904739,0.9571693819298739
904740,0.5253481891029669
904741,0.9976728910659144
904742,0.9531244584401484
904743,0.007918745596508027
904744,0.39946952926189283
904745,0.9993984885520548
904746,0.9996439840551472
904747,0.23708518871687886
904748,0.5722980773250603
904749,0.9286636160902533
904750,0.9953898158993091
904751,0.014862776573116476
904752,0.04908078107454493
904753,0.5557594515772306
904754,0.06330820320555264
904755,0.9993009167768672
904756,0.7335205133971097
904757,0.9939713183586816
904758,0.2419231555357041
904759,0.9995902356860171
904760,0.9996950746210673
904761,0.7213183091502723
904762,0.8721492226301883
904763,0.10367471677555082
904764,0.9981731391478407
904765,0.9956948831713387
904766,0.9976352541124199
904767,0.24836482642763266
904768,0.3849881043276413
904769,0.9999740187765693
904770,0.997338152399138
904771,0.9997586322013385
904772,0.9914364409342544
904773,0.5766717415832833
904774,0.6882553672960001
904775,0.976816813142289
904776,0.9973307196663358
904777,0.7202114142377176
904778,0.9320557935719083
904779,0.18464304654759617
904780,0.5818141068173737
904781,0.8917466772669358
904782,0.9740467331078219
904783,0.7905176124917225
904784,0.1747263512102317
904785,0.9949741736736339
904786,0.15668469997756532
904787,0.632425397633332
904788,0.9453410553183027
904789,0.08875279392540023
904790,0.6718754080508351
904791,0.9998807523896402
904792,0.9970398705743884
904793,0.03938476053264695
904794,0.8876744003028221
904795,0.5040624434370536
904796,0.02879688695309513
904797,0.9971935702318582
904798,0.9168499248619348
904799,0.9754791870846591
904800,0.7129793953248201
904801,0.3815412692702584
904802,0.8961467578031554
904803,0.9999975254612878
904804,0.9996056291593616
904805,0.9965179333486547
904806,0.9500389322253389
904807,0.9964621026523801
904808,0.998988864426231
904809,0.6370477035114094
904810,0.999933145318445
904811,0.8784045264273092
904812,0.9806659602828453
904813,0.9762257764451133
904814,0.9660165795496563
904815,0.9986712329402179
904816,0.17401115524578203
904817,0.9998880537102879
904818,0.9987949833027755
904819,0.05302093916530195
904820,0.9993958803812957
904821,0.9992130949128812
904822,0.30012722780000817
904823,0.7824003767773293
904824,0.9987052524918063
904825,0.9895284947577087
904826,0.9968587092789726
904827,0.9997324298106275
904828,0.05466063210593455
904829,0.7355694267048526
904830,0.9988193931555385
904831,0.9968243227055757
904832,0.9999784906540544
904833,0.14556846669185008
904834,0.9994040799943356
904835,0.9325322545267807
904836,0.030096713155245466
904837,0.4286149098682662
904838,0.9999434742857509
904839,0.9748466695007156
904840,0.9996397786972031
904841,0.041269449468143
904842,0.9995580110770461
904843,0.09220490981428328
904844,0.9633232446561701
904845,0.9666796673410198
904846,0.9982167429537084
904847,0.3003858754231678
904848,0.9924172050783777
904849,0.06383529888571261
904850,0.9999483717233933
904851,0.9992942836289155
904852,0.338666196772371
904853,0.013111423681339485
904854,0.9799132843228131
904855,0.9330928928445686
904856,0.829438088050408
904857,0.9505227624801715
904858,0.9106919687220085
904859,0.9993943771410628
904860,0.9992215782423446
904861,0.9558918038267807
904862,0.9994874082735655
904863,0.9515362975431432
904864,0.9997867976775245
904865,0.8599024285484712
904866,0.9987051039665071
904867,0.05454283395656201
904868,0.45241117614309306
904869,0.9999710387042815
904870,0.9999844734594497
904871,0.9997430634611061
904872,0.9983885735229763
904873,0.16456841601458172
904874,0.9783535293081729
904875,0.21940613559811467
904876,0.9809047679882681
904877,0.04324911090379725
904878,0.99988292526149
904879,0.7734399446474689
904880,0.9847983551267463
904881,0.9977104383525947
904882,0.8215366696417037
904883,0.016386306416989717
904884,0.9995768032259353
904885,0.012434149680806339
904886,0.8306258124512487
904887,0.9993428183750137
904888,0.5671221145134584
904889,0.949943978257359
904890,0.9999664715207708
904891,0.16666681618802792
904892,0.9999229429211681
904893,0.04150908739222855
904894,0.983436041078227
904895,0.8491339028049529
904896,0.5202629433944382
904897,0.999799485597959
904898,0.9589159947176878
904899,0.3196191645485773
904900,0.04042003755059785
904901,0.999950184814141
904902,0.05364176813942152
904903,0.0659341013327969
904904,0.21418487326059577
904905,0.048532822728552895
904906,0.0719715771026738
904907,0.9993972954623059
904908,0.9995866107791723
904909,0.4369522472361503
904910,0.14519789339791672
904911,0.01750530591936624
904912,0.12033961731641085
904913,0.057224932303926314
904914,0.9933025057864632
904915,0.6681862317995286
904916,0.9993171417822909
904917,0.9998599245003329
904918,0.9964655624152094
904919,0.9662943922346839
904920,0.3891180086101555
904921,0.9968674183997521
904922,0.04219039468817272
904923,0.3547132347777894
904924,0.8657421119093072
904925,0.995830613944876
904926,0.1538670709538438
904927,0.8256621342893912
904928,0.8010683864037819
904929,0.9537845546060507
904930,0.8755802806866017
904931,0.24803331438088677
904932,0.9882188434978347
904933,0.7193060331017578
904934,0.69146844639196
904935,0.9986009759873558
904936,0.999381339374477
904937,0.3120003587607221
904938,0.999864287411168
904939,0.9995928256692582
904940,0.9998194837108128
904941,0.9062179200908365
904942,0.9998284680773348
904943,0.38630827780106597
904944,0.282478226969736
904945,0.9990982363322595
904946,0.9937697658035316
904947,0.011547710975821818
904948,0.43418261997872437
904949,0.008340317826128539
904950,0.9999764331287698
904951,0.9990950983422935
904952,0.8165910313343357
904953,0.18965946008816986
904954,0.9230107412425063
904955,0.017111042735415034
904956,0.9995330116065768
904957,0.3104936240817251
904958,0.9977975632422371
904959,0.9957002642085095
904960,0.9932065900820524
904961,0.028478220116703392
904962,0.9991932627602906
904963,0.9358241904195943
904964,0.011202398203247872
904965,0.9138310275545727
904966,0.010301874231461904
904967,0.5642280960733946
904968,0.05237258398373203
904969,0.09619996473915515
904970,0.9999210673398411
904971,0.022303590228524246
904972,0.3352027662180538
904973,0.9944292055465985
904974,0.9935035769392888
904975,0.9024515516927653
904976,0.06913159553812523
904977,0.9998756384134673
904978,0.7803359083880737
904979,0.9998412316960383
904980,0.06424369133102732
904981,0.03900444945151049
904982,0.06568563775605094
904983,0.999855565853882
904984,0.9998869598866658
904985,0.16480694765247833
904986,0.9923223475354506
904987,0.9999334176770124
904988,0.9998529705186192
904989,0.9999872802612333
904990,0.29921880102070164
904991,0.3163132201851371
904992,0.994624005876009
904993,0.17059985145465772
904994,0.2939604245259614
904995,0.6087261459249057
904996,0.17138212544261264
904997,0.17510647992365846
904998,0.005178407167372104
904999,0.6349669007186314
905000,0.9938193731611676
905001,0.19816792422900273
905002,0.9987125544832272
905003,0.9998492877073953
905004,0.9928922067523411
905005,0.012590402192905135
905006,0.04362062519501442
905007,0.9484206281168224
905008,0.997656363476162
905009,0.4862066067236644
905010,0.21886157814388685
905011,0.9973038708663652
905012,0.6210416916513474
905013,0.9995222741418236
905014,0.8902751192573899
905015,0.3525489522602388
905016,0.3399807356156811
905017,0.8077961211016829
905018,0.9998217029255103
905019,0.999918924890282
905020,0.6233021126623581
905021,0.13549916980494023
905022,0.06383870028314881
905023,0.9899580540374071
905024,0.9999731579578848
905025,0.06854158915545126
905026,0.2952426433477264
905027,0.9998125015721627
905028,0.9961477404285841
905029,0.9999512764157515
905030,0.9670441221823949
905031,0.23071788048804404
905032,0.9992606375901116
905033,0.9991374745251271
905034,0.9014381748817357
905035,0.08340300782402049
905036,0.25764591535092773
905037,0.9585574903595272
905038,0.9441483018877859
905039,0.9993735408490535
905040,0.9999236144595747
905041,0.20577925187836837
905042,0.16293470061581405
905043,0.9998397938388253
905044,0.2587085477216172
905045,0.9988639538757667
905046,0.14214370701819168
905047,0.576601852550829
905048,0.9898659908497068
905049,0.5704970941226051
905050,0.24386875218877807
905051,0.9964582441820897
905052,0.9980806742174592
905053,0.3972399175573157
905054,0.9999668949028692
905055,0.9921268265011915
905056,0.8581429425463272
905057,0.39536016526499096
905058,0.5479447105886267
905059,0.08077429317431178
905060,0.9367983056815061
905061,0.9828003220487245
905062,0.6698751600455687
905063,0.9732731348436567
905064,0.8140286359534933
905065,0.97623083315892
905066,0.6782450184575904
905067,0.44573758342816006
905068,0.9851279400032331
905069,0.474890688208667
905070,0.9904548742930639
905071,0.9110018842388736
905072,0.9999697051160047
905073,0.2515720443835361
905074,0.5407919415930584
905075,0.9521436967871212
905076,0.9999083179859194
905077,0.7783766747307759
905078,0.8117205768107533
905079,0.5094734074194815
905080,0.9905493645609892
905081,0.13165011419581513
905082,0.6695818615251403
905083,0.9868874187479308
905084,0.23466179537178491
905085,0.9164573919575514
905086,0.34683410345703136
905087,0.5882630637937311
905088,0.19754939933438714
905089,0.8955100088708813
905090,0.9999370213415231
905091,0.9959745074032995
905092,0.7106712139543057
905093,0.6332936453717405
905094,0.35186465882147827
905095,0.3890716917139115
905096,0.8715479588902192
905097,0.9899510618305015
905098,0.9815729704181382
905099,0.0721050231353533
905100,0.9550750456041652
905101,0.8142556114957508
905102,0.00849892250328672
905103,0.9674168644149896
905104,0.9924152649144673
905105,0.8662793337031813
905106,0.7183957610195264
905107,0.9868839898064922
905108,0.28979697679532496
905109,0.6033751767485602
905110,0.9982993332860646
905111,0.9858406107439762
905112,0.3878840056073466
905113,0.9997713957849935
905114,0.9961237115739404
905115,0.9996989165221521
905116,0.9986308298295057
905117,0.12189798958865816
905118,0.9999595557030447
905119,0.9997003280475818
905120,0.974000076162749
905121,0.9989046946015869
905122,0.7107169549302508
905123,0.8027415931985895
905124,0.1862044496674261
905125,0.999944308099791
905126,0.09082045201203429
905127,0.8460264639044377
905128,0.06568631753846624
905129,0.4337202270416953
905130,0.9039364456270294
905131,0.9897873462715463
905132,0.03296944672443011
905133,0.9908721733281791
905134,0.7944068556333277
905135,0.9730419063928339
905136,0.9982099673834578
905137,0.713213533495106
905138,0.9997968824288728
905139,0.7595140886596741
905140,0.3126882478711669
905141,0.9994701831438724
905142,0.9995362645322396
905143,0.6519875034003444
905144,0.11427383934421761
905145,0.9990150715953436
905146,0.9446355359615334
905147,0.03696659225932177
905148,0.34242703231932275
905149,0.7789927884124186
905150,0.9135991573172265
905151,0.999989234262744
905152,0.10468558802543265
905153,0.9994930773155479
905154,0.8891711950864356
905155,0.9997854990981524
905156,0.9999383005384708
905157,0.9998040176401698
905158,0.7788310344059344
905159,0.9690549500724812
905160,0.11561346054606905
905161,0.1784800594812929
905162,0.919368453888531
905163,0.9998028144765059
905164,0.9999891117949495
905165,0.9984042295080539
905166,0.43745879284760836
905167,0.615841940532644
905168,0.9853632760097921
905169,0.0026408353165767494
905170,0.9974149918294624
905171,0.9901986437151848
905172,0.17977466296932934
905173,0.24641998086250888
905174,0.9414450459730268
905175,0.9915316497220715
905176,0.8154360330985668
905177,0.9997676125069396
905178,0.5456569714901164
905179,0.9954925524581457
905180,0.9996970873598044
905181,0.8569658293847401
905182,0.7479496252754527
905183,0.9997623664159353
905184,0.996786939133488
905185,0.9576272980244969
905186,0.6924290316029664
905187,0.9243425824467172
905188,0.01944753488972002
905189,0.9829487606433884
905190,0.2275907034301362
905191,0.9829884922549985
905192,0.8744972065752283
905193,0.9832284593272838
905194,0.6863921165983593
905195,0.6960125459639628
905196,0.9929862811778792
905197,0.9104302751505997
905198,0.9958777650620433
905199,0.5572896306667203
905200,0.09543840488437963
905201,0.9242485400965633
905202,0.3386790593648932
905203,0.9996373290668181
905204,0.3684973939331482
905205,0.9577443093681688
905206,0.5407340638586475
905207,0.9999199593411088
905208,0.9964531355606653
905209,0.9977207579903286
905210,0.9889276912341793
905211,0.9993877767525068
905212,0.23265387120054426
905213,0.9996120032059177
905214,0.9998710824604364
905215,0.9945860795828394
905216,0.7390648115914644
905217,0.8862343290036188
905218,0.008023556477714492
905219,0.5842785053838635
905220,0.2749160851156146
905221,0.6969155398829965
905222,0.9529453958708068
905223,0.29572759351548383
905224,0.9946805302177394
905225,0.4834606632209637
905226,0.9947047030992983
905227,0.96170206834913
905228,0.9772479938833905
905229,0.999285577270334
905230,0.6157580560745585
905231,0.8909976122446167
905232,0.9986478190587049
905233,0.8215292633742977
905234,0.998858734661347
905235,0.8729094295819608
905236,0.6168986300540706
905237,0.9936571485232012
905238,0.7625505504189656
905239,0.16632978863391973
905240,0.15116761894159156
905241,0.9928736574851931
905242,0.9859701847220352
905243,0.9999859528429024
905244,0.992832521863743
905245,0.018202990438267362
905246,0.504262308870388
905247,0.9980905713567789
905248,0.9998935308903721
905249,0.9933187476133651
905250,0.9996919709126276
905251,0.7837204702874208
905252,0.08535635897781092
905253,0.999599808225084
905254,0.6817260778126725
905255,0.026829102027962154
905256,0.3390567186239668
905257,0.9941608709584061
905258,0.9912047002427808
905259,0.12313842506555019
905260,0.11893873904961424
905261,0.9998556825391083
905262,0.9965266780213164
905263,0.9977598524190534
905264,0.09820400433666406
905265,0.11401615611355516
905266,0.9970973835986847
905267,0.9994681598291464
905268,0.9806268423762253
905269,0.7593710196039858
905270,0.5170608290230134
905271,0.1444536696323209
905272,0.9994814043527459
905273,0.25895041667135954
905274,0.9986665294647985
905275,0.9912966893195769
905276,0.97912079616162
905277,0.9310839069803607
905278,0.2830576522627594
905279,0.9999267519150354
905280,0.962611103723755
905281,0.24461551875969656
905282,0.8196203276370182
905283,0.9838101428825505
905284,0.9995418585017715
905285,0.9996943450931601
905286,0.9863826454034605
905287,0.36891485825731496
905288,0.2073257213482418
905289,0.7362891281500871
905290,0.5872461306626013
905291,0.9375139112227202
905292,0.13203233391212552
905293,0.8558494525366303
905294,0.8879424636897413
905295,0.6516761974375328
905296,0.017235404813338608
905297,0.8025514443817909
905298,0.45974472448808495
905299,0.8223347440708993
905300,0.7438698594798934
905301,0.45649276635871866
905302,0.029044556503122102
905303,0.37854831734463956
905304,0.9998604599101872
905305,0.014428338509591673
905306,0.007111814730964887
905307,0.036084340159747666
905308,0.34492065329209287
905309,0.9684016310671357
905310,0.9999778236474393
905311,0.23955608207943307
905312,0.9998737614457771
905313,0.6393983642702108
905314,0.6328400682129056
905315,0.9970916555101863
905316,0.06190848527811259
905317,0.9805583629768597
905318,0.9116243303295357
905319,0.17706777006429533
905320,0.9826324829989093
905321,0.9967564871640552
905322,0.06961516363714282
905323,0.9999881294439221
905324,0.04708976958279907
905325,0.9975465296233752
905326,0.9993725117834492
905327,0.9950336312218568
905328,0.8851966270814873
905329,0.9390271708327997
905330,0.9643186995936832
905331,0.07960756570798427
905332,0.9671600718125088
905333,0.9998028840219482
905334,0.849098641195486
905335,0.8704771690242343
905336,0.35427097033949617
905337,0.7588595606591452
905338,0.13120344127240707
905339,0.9967557839318998
905340,0.5850578086514293
905341,0.37132471012728224
905342,0.023151782378078065
905343,0.9994236117070179
905344,0.9541863007504284
905345,0.9998186654007714
905346,0.9999179738866754
905347,0.9306687920434686
905348,0.18086915445828883
905349,0.9355491586789102
905350,0.3857519856689814
905351,0.4689641717307017
905352,0.9999415306271465
905353,0.9628404159528261
905354,0.008032795610023081
905355,0.033550680058959725
905356,0.9917496038381658
905357,0.22680665569023767
905358,0.6046664541647548
905359,0.4978700043886368
905360,0.9993284512998661
905361,0.9996485269112774
905362,0.9826880019482733
905363,0.9842099559271342
905364,0.9992986013009334
905365,0.9997648445004298
905366,0.28438451027096584
905367,0.8381617254376782
905368,0.999633972127426
905369,0.0034087618174575432
905370,0.987712242679876
905371,0.09158708465866207
905372,0.38369180737913344
905373,0.9949610208552143
905374,0.9680344657054056
905375,0.9170093032114888
905376,0.9999447386528969
905377,0.5782535970636689
905378,0.9991849462672874
905379,0.020273626370769966
905380,0.9972890750381416
905381,0.4379249223482923
905382,0.7913559373569878
905383,0.9968093998952752
905384,0.05034382485786525
905385,0.022480219975016424
905386,0.9612456211183322
905387,0.9997670596525041
905388,0.3384182894676481
905389,0.999825554865277
905390,0.9992123517632121
905391,0.9999416084526909
905392,0.466218113267709
905393,0.9957294877876661
905394,0.9997213950916737
905395,0.9830358668331151
905396,0.017219314692921872
905397,0.8148542599896687
905398,0.9985031962273343
905399,0.12264515381740873
905400,0.9998237676404176
905401,0.9999023033157779
905402,0.7674157540815219
905403,0.519325889520313
905404,0.7279409896583369
905405,0.9902824804271486
905406,0.44672523879106624
905407,0.9999851197542025
905408,0.750241854369248
905409,0.9995351254436962
905410,0.999898713599171
905411,0.982018763330864
905412,0.016880500448040302
905413,0.9997575799861853
905414,0.9981031976574101
905415,0.9991120298956078
905416,0.9573236847304091
905417,0.9624371674697513
905418,0.8629224826795769
905419,0.5764297618587158
905420,0.8283246131257931
905421,0.006933793724810751
905422,0.23535142346737106
905423,0.9996640012851234
905424,0.1998443618337581
905425,0.48207497483454187
905426,0.3634618617451146
905427,0.9157954475963567
905428,0.9997594869747286
905429,0.9996229842208909
905430,0.9999611007964564
905431,0.39633831457367485
905432,0.9821075030740463
905433,0.9996147982249999
905434,0.9331219409073075
905435,0.9993834934432233
905436,0.07581485742163235
905437,0.955991163796972
905438,0.9086948334088853
905439,0.8904271764696046
905440,0.9913129601205131
905441,0.14623439363019977
905442,0.9987164625620772
905443,0.9894099606022945
905444,0.7008462326905718
905445,0.622224604808644
905446,0.7820209905730309
905447,0.3652023914850279
905448,0.9136553794800495
905449,0.7676946251922254
905450,0.9810480240576919
905451,0.9997713019756111
905452,0.6487550421941753
905453,0.9249693815819078
905454,0.5239077643052178
905455,0.8803476135997657
905456,0.9997649869144853
905457,0.5855214137605232
905458,0.018176520235971806
905459,0.9968888584491623
905460,0.960985736185832
905461,0.999245323599683
905462,0.8581862810179692
905463,0.9992255350700481
905464,0.2760361861762225
905465,0.020869069507137964
905466,0.9613511855421601
905467,0.24011108094966338
905468,0.6062340363748188
905469,0.08592829274461489
905470,0.6670434122634673
905471,0.9992473411706128
905472,0.9999738667037402
905473,0.5572952011575794
905474,0.9456973444400216
905475,0.7867224868030385
905476,0.8723016454405952
905477,0.4150101163346719
905478,0.9997905325713777
905479,0.022975272676396763
905480,0.9999665670146083
905481,0.9668407676886448
905482,0.5352369142402632
905483,0.9998969724471587
905484,0.999556079951994
905485,0.5912995799218348
905486,0.5227630421186694
905487,0.7207100684233176
905488,0.998853061570032
905489,0.9991982942622161
905490,0.9661080844343105
905491,0.9999173321916883
905492,0.9953303537427007
905493,0.9996444079714851
905494,0.22495009191302887
905495,0.7163552043386681
905496,0.9964072654260692
905497,0.0503701689756805
905498,0.9949145452046003
905499,0.8994893132657036
905500,0.9974020654706921
905501,0.9999910268908153
905502,0.9943051544408428
905503,0.7790359997895926
905504,0.9816845863328799
905505,0.9748715533705798
905506,0.976175137814849
905507,0.32737564452186646
905508,0.576386749073256
905509,0.9997707386014398
905510,0.9815892349464921
905511,0.12516499763923847
905512,0.9981584686749829
905513,0.8790997372009155
905514,0.03161224874128789
905515,0.9997813885866986
905516,0.969768512355882
905517,0.9953927246298784
905518,0.9854960439065763
905519,0.22959556440295786
905520,0.9699462748669943
905521,0.028742178244363835
905522,0.13663200203924822
905523,0.22864264064263637
905524,0.812033506031869
905525,0.9630186493353257
905526,0.9994802891935053
905527,0.2087536220191905
905528,0.9969753969344662
905529,0.9998611730285664
905530,0.9999896479933426
905531,0.8263903368112435
905532,0.9999423289992257
905533,0.0852318744817915
905534,0.9857523754160438
905535,0.7434136536863474
905536,0.9973768138627359
905537,0.9347271976047069
905538,0.9884689170610274
905539,0.05302875689793557
905540,0.9998368473117085
905541,0.010477704652750053
905542,0.9211170565818898
905543,0.6681308827293639
905544,0.04830007343242897
905545,0.9996777888595877
905546,0.7600959412651797
905547,0.9945739175050489
905548,0.9997944995637105
905549,0.34739974000465573
905550,0.2800100971659787
905551,0.24986657765916392
905552,0.8746784045919374
905553,0.9997905329333031
905554,0.6973290253882803
905555,0.5473846578750312
905556,0.9998936524576962
905557,0.9882017623661692
905558,0.9993329813188523
905559,0.009429772200518135
905560,0.980820756106453
905561,0.9142182629372901
905562,0.16949767535149785
905563,0.936718190350398
905564,0.4270524603500718
905565,0.07216177172808623
905566,0.9999488204850278
905567,0.9093031806538716
905568,0.053927489261284225
905569,0.4430263623237061
905570,0.05646342221369484
905571,0.9998990596028241
905572,0.9932532855056906
905573,0.9891525704524031
905574,0.9999360085577833
905575,0.9996870059545466
905576,0.9924946134568351
905577,0.999600903052549
905578,0.013875006110426087
905579,0.9997805473727843
905580,0.9995525785766337
905581,0.9857550143492939
905582,0.23740895128096343
905583,0.9554461424962252
905584,0.5999727082087678
905585,0.2701950859124301
905586,0.44604313226570647
905587,0.9828436813824591
905588,0.0489802331445974
905589,0.9849066816469076
905590,0.7155420521910759
905591,0.9990321191665118
905592,0.08959458046095228
905593,0.9949563360845586
905594,0.9806257184446697
905595,0.3871870357690257
905596,0.6686029818682522
905597,0.9987292729296948
905598,0.1244071255081725
905599,0.9993086813263798
905600,0.9882710415028697
905601,0.9986625842124316
905602,0.9997796002411147
905603,0.9984868471342385
905604,0.6827165407824796
905605,0.05656356133334559
905606,0.007568945988832208
905607,0.9999711383834597
905608,0.9999158795562801
905609,0.7410175376563636
905610,0.2611897890634634
905611,0.38731245440613216
905612,0.0568095877675793
905613,0.8521021645756995
905614,0.9966339091883858
905615,0.5609822384002987
905616,0.6847803065973217
905617,0.997330078139304
905618,0.6491654223118176
905619,0.10456043808825631
905620,0.9993307929884268
905621,0.9967323461370045
905622,0.2010614856642039
905623,0.9245644324850247
905624,0.9509341925593605
905625,0.08479463594774778
905626,0.999902982521019
905627,0.08329473808605196
905628,0.975203835750842
905629,0.12817199411523508
905630,0.6101839566814342
905631,0.8510976157746493
905632,0.7880991967550971
905633,0.8218828319949859
905634,0.3840262665110977
905635,0.9551699825792201
905636,0.9999718418640464
905637,0.06771961576394499
905638,0.8971469262469793
905639,0.9999015699878558
905640,0.7633580686073884
905641,0.996648052745361
905642,0.9548417809471608
905643,0.6938762767836638
905644,0.44627137544743684
905645,0.9971101527167519
905646,0.29993777960428747
905647,0.999866003405258
905648,0.287946171931028
905649,0.32457243694245974
905650,0.7630685000206774
905651,0.8924323059058653
905652,0.9940197127061421
905653,0.9987846244167293
905654,0.9418644216421145
905655,0.12172821610344843
905656,0.03057669296423429
905657,0.9998469118177324
905658,0.9999661144858507
905659,0.9997694228782725
905660,0.006548944242586029
905661,0.9682355624143923
905662,0.15439056462171402
905663,0.9975070658105143
905664,0.9996950816482226
905665,0.9825563380478717
905666,0.8848048099285185
905667,0.5406618641182458
905668,0.9932917798726874
905669,0.998863034075821
905670,0.9898684995713878
905671,0.014806388360732739
905672,0.041994654093832434
905673,0.9454736448618222
905674,0.9997672273722942
905675,0.9915564084421244
905676,0.9995302415729556
905677,0.994483047132303
905678,0.11257305303858725
905679,0.11155437940066097
905680,0.48181235648993165
905681,0.9867005524048045
905682,0.7606342674550306
905683,0.2735107057900671
905684,0.9999044812904312
905685,0.22920010168353844
905686,0.41918689692972544
905687,0.6349822207830618
905688,0.2960637053171612
905689,0.8621414069556094
905690,0.3646297345982619
905691,0.03357761625925867
905692,0.9999803910740899
905693,0.9999636790534802
905694,0.9993097480922993
905695,0.9335523410617506
905696,0.9465751110105232
905697,0.9999798802124503
905698,0.20641378265932292
905699,0.7911840579570443
905700,0.9577714258303787
905701,0.13449575195297744
905702,0.8978062896441514
905703,0.9494941157009911
905704,0.809276689650887
905705,0.9999133990750357
905706,0.9981581879700447
905707,0.9996319678607657
905708,0.9994607528477837
905709,0.3867974279298916
905710,0.9957522614622042
905711,0.9995445111151345
905712,0.44133235380007557
905713,0.03035342049031271
905714,0.052406779210995263
905715,0.7438956292806418
905716,0.3637903096864227
905717,0.05150332468437083
905718,0.33107032988104834
905719,0.9882293915817308
905720,0.1793636607700285
905721,0.71463248169642
905722,0.791757546153631
905723,0.9964188719119214
905724,0.4518685374367398
905725,0.22122067746610957
905726,0.32001455245777854
905727,0.9842334702159298
905728,0.08103951887526509
905729,0.9992512486100915
905730,0.69040382677884
905731,0.9996621494056577
905732,0.9997053758662867
905733,0.9999382967009414
905734,0.17987449595561716
905735,0.7708686665713931
905736,0.9997974344809197
905737,0.6481628247494817
905738,0.05945033009496624
905739,0.997160505620207
905740,0.7951874382727915
905741,0.9999064358409406
905742,0.9956011312919333
905743,0.9989497884539911
905744,0.30370608118071707
905745,0.9994983513061901
905746,0.9999203651108852
905747,0.990499803105523
905748,0.3823799016814146
905749,0.9752686916079116
905750,0.9999149434249327
905751,0.447760078535268
905752,0.9622276660600677
905753,0.9999102965979938
905754,0.9991435699846558
905755,0.523855921096075
905756,0.9986578126874088
905757,0.6189377072557048
905758,0.9991532015387666
905759,0.9098713057759757
905760,0.9993404556656933
905761,0.9995319749552082
905762,0.9998267621412565
905763,0.9996597264256664
905764,0.46787019264097285
905765,0.9996231779619638
905766,0.556979685459233
905767,0.15813861161299478
905768,0.9994457476402967
905769,0.2807107237640987
905770,0.9680205231637965
905771,0.9354818735780919
905772,0.6263402164548332
905773,0.02718780499489227
905774,0.6959034227868177
905775,0.9733522619319324
905776,0.8897215016297335
905777,0.9995832164443649
905778,0.06589501694052427
905779,0.6420128768781612
905780,0.21560497264811102
905781,0.9999841816640254
905782,0.7980086653483643
905783,0.5852850397714969
905784,0.7926642716486905
905785,0.02399371689157888
905786,0.827401574567153
905787,0.555608494209965
905788,0.9991344885239188
905789,0.08304755698954061
905790,0.4193204487438317
905791,0.9994428534011017
905792,0.9757862972581788
905793,0.0347671079438229
905794,0.6282286482521359
905795,0.0759295357177587
905796,0.15165955486283358
905797,0.9997676124138379
905798,0.9995935666587557
905799,0.8375679880196965
905800,0.7533883587448722
905801,0.13800644572004092
905802,0.8844410318644178
905803,0.9387675584359172
905804,0.6609417437985383
905805,0.9996168791740632
905806,0.9260744449835407
905807,0.9986521177908384
905808,0.999191097199124
905809,0.9995891591812942
905810,0.8952635800070174
905811,0.7736232676308155
905812,0.9924401248735855
905813,0.9998852915437866
905814,0.2603379990819463
905815,0.13475153796836414
905816,0.999001611251445
905817,0.5785130021709995
905818,0.2329199771434346
905819,0.9982673947259385
905820,0.9997116351489765
905821,0.13696907381794737
905822,0.9096573049638768
905823,0.9999943561545065
905824,0.9964651568420769
905825,0.559958888080992
905826,0.38495331504401953
905827,0.9215895533688444
905828,0.1956502403726544
905829,0.9991441654023727
905830,0.6684580566352601
905831,0.9839146856098583
905832,0.7787944840472907
905833,0.7829511716474443
905834,0.3313588843589388
905835,0.9998668728618578
905836,0.9993392681277904
905837,0.9997797176523704
905838,0.46735368971238667
905839,0.27350536537699377
905840,0.47803503145168014
905841,0.9336493163031572
905842,0.9994299393011548
905843,0.2205017414305174
905844,0.26652778376478
905845,0.9965457498202812
905846,0.9195865995050081
905847,0.15112493860327364
905848,0.8815871529334057
905849,0.9122214365083336
905850,0.7181299582772398
905851,0.10937408036380554
905852,0.7308891544594893
905853,0.9937145926976609
905854,0.9962881018426021
905855,0.884437589238624
905856,0.9919620850176974
905857,0.9297625588233431
905858,0.34003029880173075
905859,0.27855363849662546
905860,0.44136524031426194
905861,0.6847287162429109
905862,0.9744073747371833
905863,0.531018794861415
905864,0.6422907834798528
905865,0.33584114800211556
905866,0.019300773969637267
905867,0.9842615198049262
905868,0.416872561783207
905869,0.9970677391785243
905870,0.06536933292589128
905871,0.9985010058589165
905872,0.9985725453587253
905873,0.8854785870365566
905874,0.9999298818817564
905875,0.9998094066385363
905876,0.8582546175664415
905877,0.7993460642909462
905878,0.9995934843321546
905879,0.9932225686690345
905880,0.9723362540845724
905881,0.9993696154003722
905882,0.007730466679317951
905883,0.9963543606093339
905884,0.9372563907818148
905885,0.9947018671128471
905886,0.9938452457449651
905887,0.9879931377525645
905888,0.330441349165554
905889,0.9508607291398614
905890,0.29791759977253374
905891,0.6350726123709584
905892,0.9349443483017926
905893,0.015281295376257234
905894,0.88952647698929
905895,0.005910486225889178
905896,0.9974025178937056
905897,0.9925045224851733
905898,0.999450417186978
905899,0.9997676107232802
905900,0.9998946198672489
905901,0.32109395168588656
905902,0.9999809522103742
905903,0.9984334988319195
905904,0.37784714813284
905905,0.327263626115499
905906,0.16655741272936372
905907,0.9993609020511273
905908,0.9999147196307857
905909,0.9536707730448304
905910,0.9995454298108564
905911,0.638784224183634
905912,0.22485420769031156
905913,0.4453931039849156
905914,0.5857863556960974
905915,0.9944000592965855
905916,0.9860431082700214
905917,0.9990487415397096
905918,0.039959365283283664
905919,0.39994921790710186
905920,0.999930043327895
905921,0.08215497505903796
905922,0.08867973960464404
905923,0.9997934857653217
905924,0.1882726019315174
905925,0.9999079160387288
905926,0.43829190462358947
905927,0.9991993928153206
905928,0.4861589176238652
905929,0.9992429964551501
905930,0.9994706275469445
905931,0.8181524511799233
905932,0.34720868674611494
905933,0.041538335825108796
905934,0.9986524399007615
905935,0.9995509805818936
905936,0.9121950669181018
905937,0.3585712294352911
905938,0.9569634490470755
905939,0.9942464268442408
905940,0.4660228976932327
905941,0.998960924468739
905942,0.9999880358447115
905943,0.024876196754496323
905944,0.9617198787901453
905945,0.12370069218034901
905946,0.6849468033570472
905947,0.9947071145738847
905948,0.9995539626184788
905949,0.9306146457366145
905950,0.9859746064032808
905951,0.9407198398168268
905952,0.3491069113326265
905953,0.9995193430746853
905954,0.9731429921117766
905955,0.9973360234247031
905956,0.10081154663227418
905957,0.8384776497222537
905958,0.8099490943665995
905959,0.9981555757614384
905960,0.6544331467277137
905961,0.7807866420132574
905962,0.9995517615763749
905963,0.5439246897809561
905964,0.9999647312830073
905965,0.9802422223199034
905966,0.5235611185144468
905967,0.9904354311869117
905968,0.9999334478993234
905969,0.5608081172181263
905970,0.9996702606918014
905971,0.6314839001908588
905972,0.9933343617462232
905973,0.9991813707621795
905974,0.9991068635838025
905975,0.3074519125980835
905976,0.9987718872164986
905977,0.9960783225892633
905978,0.9983002980927664
905979,0.7930945533880427
905980,0.9086667598066354
905981,0.8458509541571975
905982,0.22120146432618282
905983,0.011550922538863279
905984,0.7144546650977326
905985,0.9998507524364741
905986,0.998969267342919
905987,0.9951482958164921
905988,0.9060247090057502
905989,0.6731391613607689
905990,0.944553177243316
905991,0.8337802209995967
905992,0.46196021440207924
905993,0.9925188991044296
905994,0.18865338743300902
905995,0.08803518103623621
905996,0.4665479602675836
905997,0.07448417558230758
905998,0.9980359777350278
905999,0.8261952361433215
906000,0.998687056320559
906001,0.997252154076578
906002,0.4389440364470671
906003,0.9999378877406209
906004,0.9961305820473958
906005,0.021577197109327838
906006,0.9997784246964962
906007,0.3894088601004433
906008,0.8107697757212253
906009,0.9971268346969819
906010,0.9991073918863778
906011,0.9999605747327214
906012,0.9994086309025707
906013,0.9999799218573446
906014,0.8519232289222577
906015,0.9995824720097104
906016,0.14313652363834617
906017,0.861155057979608
906018,0.9999302736876037
906019,0.9999804592972877
906020,0.6860582558099171
906021,0.9999926802369289
906022,0.03727690070001995
906023,0.8596979662585784
906024,0.7805044994069609
906025,0.999807791398952
906026,0.9997185931807933
906027,0.9996474281510517
906028,0.9977609552990873
906029,0.9970944018557253
906030,0.05563746150412012
906031,0.9625960034298572
906032,0.9887786463891433
906033,0.8113338185803444
906034,0.17314189215682416
906035,0.942991895420772
906036,0.9999609020785373
906037,0.05616345685153168
906038,0.999834567795153
906039,0.4610234636096425
906040,0.8544085165577453
906041,0.7903070022518985
906042,0.974862465586678
906043,0.6194099411695115
906044,0.9994763763921228
906045,0.5867418050580768
906046,0.9776302428556651
906047,0.5890849177484826
906048,0.9999432892085337
906049,0.9997219284901034
906050,0.02689344371489432
906051,0.059205275698445324
906052,0.8223810524728873
906053,0.9970272687839632
906054,0.999895479874929
906055,0.07112269247781522
906056,0.10681284541396532
906057,0.9938410619839305
906058,0.9999834221547251
906059,0.9994999785917402
906060,0.19984146313041468
906061,0.9997977885552725
906062,0.9999755256748559
906063,0.9994944044048768
906064,0.9623458285399692
906065,0.12982304772840902
906066,0.6597859544941856
906067,0.7121743135744927
906068,0.7843943070296111
906069,0.9996337784474123
906070,0.9884382094203408
906071,0.6973791339900347
906072,0.08655948051037632
906073,0.9823870283809688
906074,0.9996472381840456
906075,0.31394971545657974
906076,0.45481203589866825
906077,0.9989647288639824
906078,0.7565039908521085
906079,0.9999682988417574
906080,0.8782938170068022
906081,0.961956411829464
906082,0.007816208641346786
906083,0.0034921958480688717
906084,0.12962832642364086
906085,0.9996340238166761
906086,0.6234525638141286
906087,0.6422920257425887
906088,0.9996526228718304
906089,0.9554442668346517
906090,0.9940890527402007
906091,0.10221702259163862
906092,0.7787989219040313
906093,0.24466241682699003
906094,0.9183721789447008
906095,0.03511974515631273
906096,0.9997126679828399
906097,0.5503377109271403
906098,0.999959665212895
906099,0.10505940869467689
906100,0.9840777287189582
906101,0.10852539643105207
906102,0.9994580107694435
906103,0.8934355995034369
906104,0.9999641116339163
906105,0.12568506569242527
906106,0.04372744042551674
906107,0.9999330299688265
906108,0.8964427994182945
906109,0.014093892186026162
906110,0.21849951070965118
906111,0.9973955403523708
906112,0.1765379807752369
906113,0.9690606874893233
906114,0.639066474974112
906115,0.174264478326716
906116,0.615478755124241
906117,0.9997800476809069
906118,0.9622612583783813
906119,0.06732762784505684
906120,0.09424919739955895
906121,0.5853712031248786
906122,0.9999289800404612
906123,0.9679930029789684
906124,0.011216835861508664
906125,0.9859892726413342
906126,0.985941039583849
906127,0.9992853751573858
906128,0.9875445092792554
906129,0.730404546559764
906130,0.985278472291263
906131,0.8319653706928423
906132,0.6053545858839764
906133,0.5814199561045192
906134,0.9906678098064353
906135,0.9997539817791858
906136,0.6724950126529483
906137,0.9993721308968637
906138,0.9998345043618626
906139,0.9104977501661263
906140,0.9995470930012802
906141,0.9997851634246686
906142,0.9856715618803271
906143,0.40876874222446763
906144,0.013119470807286655
906145,0.9998286499071463
906146,0.43900678419438316
906147,0.8787925774393891
906148,0.9934060556396702
906149,0.6963265107788679
906150,0.9999286760559526
906151,0.9682507501859018
906152,0.9536663670451366
906153,0.2923673168668788
906154,0.9982416949137263
906155,0.9998313346535523
906156,0.48612311076868386
906157,0.20473968491231143
906158,0.7373944646825252
906159,0.9489493909752952
906160,0.8235646963959509
906161,0.9978435245188353
906162,0.8973952930715203
906163,0.9976804475548526
906164,0.1838463559151799
906165,0.9996148963536496
906166,0.7364065237223085
906167,0.21783539430928095
906168,0.9789245000972142
906169,0.9996859220637586
906170,0.29130999971149396
906171,0.9748385368837844
906172,0.0068961085349833265
906173,0.0939146268623724
906174,0.9909696333893594
906175,0.9729158005205365
906176,0.9999565613755403
906177,0.9998825103081483
906178,0.7820561964652164
906179,0.9557394884434366
906180,0.9991937324410685
906181,0.21418578419311612
906182,0.9999720986029244
906183,0.9947683338046238
906184,0.9999429717240742
906185,0.9995675954116621
906186,0.041793715852149575
906187,0.9858330671772395
906188,0.8979193068534799
906189,0.9939886505784457
906190,0.9105534294711524
906191,0.9955979509644872
906192,0.7657709830900055
906193,0.09343990801491434
906194,0.19672265446770731
906195,0.5619972273872181
906196,0.9322484430034302
906197,0.9518155720857278
906198,0.9992901947265209
906199,0.7615365671664067
906200,0.8201163044872835
906201,0.3224452739159347
906202,0.9999433489509653
906203,0.8288499287849542
906204,0.7937996795598137
906205,0.9939663966285384
906206,0.9728626977111806
906207,0.005754411354069352
906208,0.9931139614064368
906209,0.21426927453144956
906210,0.07132616843006874
906211,0.9999344423964511
906212,0.9977519181688717
906213,0.7660059145282813
906214,0.9999170220817224
906215,0.29171041129511854
906216,0.9999349799998608
906217,0.9888934203504696
906218,0.4619011431018484
906219,0.9597493977339453
906220,0.4831877796973512
906221,0.7614877117989326
906222,0.9390162786740547
906223,0.011589282576939485
906224,0.9709897213620233
906225,0.1882703717934553
906226,0.9999473793353142
906227,0.642690106025992
906228,0.9998920662829685
906229,0.01899467323618744
906230,0.24990586978076512
906231,0.999260193329094
906232,0.946477878963254
906233,0.9930908479893059
906234,0.2592165345362945
906235,0.37738198446778565
906236,0.9999067198341075
906237,0.999487878738206
906238,0.44269387284372375
906239,0.5495763421848454
906240,0.9999766187987478
906241,0.91941926557217
906242,0.9999266073966878
906243,0.99541270125481
906244,0.9936753610674937
906245,0.25695962902787217
906246,0.9998954046598253
906247,0.08962514691447876
906248,0.9999145248135968
906249,0.9395588199178382
906250,0.9925522447277766
906251,0.406064091790172
906252,0.911239812202898
906253,0.8943331564896075
906254,0.9978881302315468
906255,0.9992459231846653
906256,0.8862581927334436
906257,0.999706923457014
906258,0.997804590411504
906259,0.8997328668789668
906260,0.9997869953535371
906261,0.8228499169110979
906262,0.9907420541224001
906263,0.9997394338891069
906264,0.03391264462717323
906265,0.9481234631918476
906266,0.8760785810795102
906267,0.9999886607553357
906268,0.038348406339715084
906269,0.06870483197553753
906270,0.9999479955855655
906271,0.9996675730679785
906272,0.9763104230796731
906273,0.9999300640738313
906274,0.015968054146825398
906275,0.9977249060866007
906276,0.8403153213199059
906277,0.9827634963780174
906278,0.14360645867233152
906279,0.5020462860726232
906280,0.7036817208182107
906281,0.7711355446724695
906282,0.999954350576085
906283,0.8281119609070433
906284,0.18363704497069205
906285,0.9996628346818017
906286,0.9897697632931903
906287,0.9860001375077767
906288,0.9180959117205669
906289,0.9993679876658169
906290,0.4880675732218267
906291,0.813794666604073
906292,0.7637555689930826
906293,0.8589886900314533
906294,0.1458836030850407
906295,0.9996052041455117
906296,0.2276924942653114
906297,0.6384061617411689
906298,0.500806728158307
906299,0.9988306759188683
906300,0.0033692630528844524
906301,0.9970529816000386
906302,0.9999529199989277
906303,0.8330314198251316
906304,0.9993325698451555
906305,0.7033020678575086
906306,0.9994921578387733
906307,0.9976394654964851
906308,0.4670861936864743
906309,0.3471818784436976
906310,0.061831217413300596
906311,0.4601043137158308
906312,0.9991256015937745
906313,0.04687096850029975
906314,0.999542871002738
906315,0.9998852947728102
906316,0.20105625538182786
906317,0.14763987512587973
906318,0.9999056091966096
906319,0.965328048745268
906320,0.9839088694034321
906321,0.40779669055159357
906322,0.99983859914702
906323,0.011707476882900792
906324,0.2394962063296124
906325,0.5103982988507344
906326,0.49372015975876293
906327,0.9845461283652578
906328,0.8029853099632349
906329,0.9969824321363187
906330,0.03609320989292069
906331,0.28401282826151025
906332,0.9999713987291956
906333,0.9978239637745856
906334,0.13656570811889984
906335,0.999637434623386
906336,0.35988563818688457
906337,0.05977024078461469
906338,0.9993568419482525
906339,0.22486317095128733
906340,0.9985377848360659
906341,0.009117731829355845
906342,0.5495613100948156
906343,0.7598520065591756
906344,0.9045005536304116
906345,0.13934905339650314
906346,0.2495350626938913
906347,0.8103221253619819
906348,0.8743050305384044
906349,0.07984706620689719
906350,0.9922958897498971
906351,0.9844831076235776
906352,0.9971001634813139
906353,0.63710686857562
906354,0.9997450871921867
906355,0.9999112696838339
906356,0.999628143191146
906357,0.998697460400299
906358,0.99973637064547
906359,0.9956693907587935
906360,0.9997016371263583
906361,0.9814578476944089
906362,0.9962290020200842
906363,0.26106758879558223
906364,0.7677154332112995
906365,0.999961620785845
906366,0.574666843398723
906367,0.7880177638187782
906368,0.9998086823107768
906369,0.9999392015059421
906370,0.9997935032850006
906371,0.919455422313735
906372,0.9999722688009609
906373,0.6074982621869041
906374,0.18576487264888464
906375,0.033890242051859684
906376,0.9968155337807378
906377,0.9369591783845359
906378,0.9993928270253334
906379,0.8105331345751473
906380,0.9994567039354578
906381,0.999940743794421
906382,0.99909539723438
906383,0.9790084506097974
906384,0.024680953494973325
906385,0.37058075493480347
906386,0.9966718405754151
906387,0.9997949421397866
906388,0.2801755122715264
906389,0.9996246237777264
906390,0.010961667232217295
906391,0.9957379088950136
906392,0.9947330069008651
906393,0.4231840186447591
906394,0.0703470526442879
906395,0.03305490788349946
906396,0.9989607139382447
906397,0.9703822287131101
906398,0.8845935712845892
906399,0.9987248326427087
906400,0.9937949892615625
906401,0.902701584157729
906402,0.9996237878452686
906403,0.6227504905961406
906404,0.4056581346519018
906405,0.28118218852963306
906406,0.8303664356293687
906407,0.1401540246039323
906408,0.9754596825257824
906409,0.9949710887259138
906410,0.1741338828036706
906411,0.9996752395920243
906412,0.6122148196635275
906413,0.973574848349996
906414,0.9656981049947949
906415,0.9993354024060952
906416,0.9996087308555255
906417,0.35543415903816106
906418,0.42873360549771866
906419,0.14973641640166474
906420,0.9998177870103307
906421,0.9998190541856333
906422,0.9586121211827527
906423,0.9993312790250071
906424,0.9030862070714203
906425,0.4197315438612963
906426,0.9955086890298761
906427,0.01223095218186029
906428,0.9825787236876681
906429,0.9996522134655997
906430,0.010310495066006136
906431,0.9999678631501265
906432,0.9564855744265364
906433,0.17253952776349757
906434,0.16788175479944897
906435,0.1492060870979825
906436,0.9984686276203261
906437,0.9920982501537254
906438,0.01787145372835073
906439,0.03373817662140492
906440,0.03333107781083392
906441,0.9998990136258976
906442,0.7973530523329597
906443,0.14942536107704923
906444,0.3922500303696614
906445,0.9999384810252274
906446,0.7108884573705739
906447,0.9806252849184633
906448,0.1683801194797836
906449,0.9997688626371939
906450,0.9716976389120126
906451,0.6768286472431648
906452,0.9999459439585322
906453,0.3973440480426602
906454,0.9896440978248656
906455,0.990753417831574
906456,0.9997064066645472
906457,0.21473332979422238
906458,0.9967693402946216
906459,0.0071882028428469314
906460,0.9994398078523756
906461,0.8545445272490039
906462,0.6876603819464617
906463,0.9997162333476605
906464,0.47878227592654815
906465,0.9998877130877615
906466,0.3665785899583224
906467,0.9996955017674725
906468,0.9988036495033499
906469,0.29543362842208315
906470,0.999942482747573
906471,0.01690115705409673
906472,0.6095171168467304
906473,0.9999234402284349
906474,0.8445732275776693
906475,0.999924389564494
906476,0.9998046945688726
906477,0.03720932179706943
906478,0.9999612367271986
906479,0.9887573685063155
906480,0.7736012535918724
906481,0.9998268629758283
906482,0.5813094578212197
906483,0.9998887495038193
906484,0.9999376367956757
906485,0.9999931143285816
906486,0.20878178534184158
906487,0.9995879106821204
906488,0.8258983686565147
906489,0.01723032414041133
906490,0.9992442728229832
906491,0.9722323846728009
906492,0.9992926249290927
906493,0.9995207399155677
906494,0.9621743471191455
906495,0.8909898990935341
906496,0.4958413466367637
906497,0.9995755189246526
906498,0.6597530857060507
906499,0.9216086477591052
906500,0.9993869514779076
906501,0.9999689872951028
906502,0.993103719858857
906503,0.755290937853105
906504,0.07631524162682943
906505,0.11979306086522613
906506,0.045667990904270955
906507,0.9992175682981339
906508,0.24775608854995035
906509,0.09400631219774863
906510,0.9986511090426134
906511,0.012296128607760774
906512,0.7652219487520692
906513,0.9912542887793819
906514,0.9992482336610763
906515,0.9999716018040876
906516,0.9991166116328569
906517,0.5586533667094493
906518,0.027424905114933847
906519,0.9998710970790208
906520,0.9497862521792182
906521,0.5835307280007648
906522,0.6085924938492292
906523,0.9112220816541364
906524,0.999847097386992
906525,0.6913985379258796
906526,0.9998908109140761
906527,0.9997829845201396
906528,0.3259875119881078
906529,0.9443664444453704
906530,0.9996536227334878
906531,0.17940401406357387
906532,0.9996879873469706
906533,0.09477155078943039
906534,0.9998445639253265
906535,0.9938970715872522
906536,0.9473356018632926
906537,0.656592904884294
906538,0.020348718542496307
906539,0.2895623298924621
906540,0.4431873215459609
906541,0.6220844467267284
906542,0.06478274570476283
906543,0.20701440161768883
906544,0.9999601211512179
906545,0.9995872370584865
906546,0.999810561514912
906547,0.03126677284005092
906548,0.28980942517073455
906549,0.9729948635589256
906550,0.8123097635478708
906551,0.9869705368867854
906552,0.999986046665892
906553,0.28700149055446766
906554,0.7671550859789253
906555,0.9765812345332909
906556,0.4714917989004762
906557,0.99608488814342
906558,0.9995933983100831
906559,0.9222048566604352
906560,0.971581739456385
906561,0.9808724049777733
906562,0.9899953988397887
906563,0.9998886879600266
906564,0.9996380933194097
906565,0.9998403500524596
906566,0.0011694124970544825
906567,0.7819627903120407
906568,0.04565897677545809
906569,0.9855763662945547
906570,0.9998144901695629
906571,0.9142172529757138
906572,0.8579752445794054
906573,0.998848224193434
906574,0.9994829916092074
906575,0.3482483987367079
906576,0.5407010911721709
906577,0.9996397785953147
906578,0.1821417619655697
906579,0.3865498366395184
906580,0.9994820252310838
906581,0.9357914236117992
906582,0.9905001194718311
906583,0.9866967099977246
906584,0.9631763873424629
906585,0.9082827818184243
906586,0.9909999761797432
906587,0.43592628200095046
906588,0.15195385653299529
906589,0.3674165841018956
906590,0.9742667625133962
906591,0.1846791454192479
906592,0.9996913596764714
906593,0.9997313248601252
906594,0.3812864767312759
906595,0.99805593686438
906596,0.24666458568294164
906597,0.6928500368021198
906598,0.9999946391121965
906599,0.9994015038550172
906600,0.7684007278615339
906601,0.9999094399072115
906602,0.9996873959975361
906603,0.9476194708544895
906604,0.24579313848023457
906605,0.9297640048060433
906606,0.004100963462178492
906607,0.9997423295985325
906608,0.11575443489414433
906609,0.014330161577084607
906610,0.28241205614800946
906611,0.6646141453568319
906612,0.9993315066029103
906613,0.8896955405903817
906614,0.8374678607540815
906615,0.9995430403570837
906616,0.3579837795288071
906617,0.9782262696924098
906618,0.17423921134129614
906619,0.5577598620177662
906620,0.41083032481683707
906621,0.4329539207679872
906622,0.9835470842539212
906623,0.09799678385831523
906624,0.998492855234629
906625,0.25528285629557196
906626,0.9951048512901808
906627,0.9637412135596138
906628,0.9998817137326436
906629,0.7873996773985434
906630,0.24137480370624456
906631,0.7562665639160069
906632,0.489621559259994
906633,0.9998025369916499
906634,0.9800388262977368
906635,0.9998819418972058
906636,0.9993481916163427
906637,0.9984669086035032
906638,0.33702567794021876
906639,0.9998305126907674
906640,0.35427874919847974
906641,0.6727218324637345
906642,0.18673869887923017
906643,0.806708483847986
906644,0.24278352217506996
906645,0.02105107861662394
906646,0.9994737046178266
906647,0.8002239100494987
906648,0.9894790855479745
906649,0.7509270678715467
906650,0.9994490851957016
906651,0.9969396656286895
906652,0.9938612775277715
906653,0.6069880465404611
906654,0.9996439961249743
906655,0.692900518621414
906656,0.9999594520337047
906657,0.9989572751343254
906658,0.9958886592101419
906659,0.16327830722563694
906660,0.9994840346730238
906661,0.9996687972408556
906662,0.9970539556950346
906663,0.41067777555921126
906664,0.9987641696335574
906665,0.38190960854330347
906666,0.9999234294203995
906667,0.1789511272531174
906668,0.9967174740245782
906669,0.9999778746963939
906670,0.17107465752806966
906671,0.9961175785599572
906672,0.9999371765249344
906673,0.5261867074748311
906674,0.2998108768786789
906675,0.770157614710822
906676,0.9851658532858438
906677,0.7597697072031903
906678,0.003001805201923817
906679,0.989777527206617
906680,0.9569725821474429
906681,0.7658495157437402
906682,0.9665891839544576
906683,0.9998362820699875
906684,0.9894469327957587
906685,0.6418834717811737
906686,0.970232655267012
906687,0.0019052089295469752
906688,0.9999160412492607
906689,0.9986824319633331
906690,0.94055250216202
906691,0.7610858691096556
906692,0.9997280827414291
906693,0.9210145753823414
906694,0.8150212111907404
906695,0.5603297863411597
906696,0.5803550634191781
906697,0.9992054609527758
906698,0.9992060338739892
906699,0.06949954342972592
906700,0.8319688847440943
906701,0.1308545512726588
906702,0.9998757024249734
906703,0.4243391750007892
906704,0.17387591420907106
906705,0.9997589863964824
906706,0.6987632027280426
906707,0.9993649501764188
906708,0.9974579038468236
906709,0.9966955627921512
906710,0.9911189385103294
906711,0.21946371608687315
906712,0.9988277769959076
906713,0.44242034849922574
906714,0.3592368944728022
906715,0.007934968378073967
906716,0.828884662539102
906717,0.5257483406462862
906718,0.9999368223723794
906719,0.9999404336767634
906720,0.9995737259455111
906721,0.9999927868365859
906722,0.014483185358538393
906723,0.24971253021656475
906724,0.596428389065043
906725,0.8135696699198868
906726,0.9987561554774292
906727,0.11399108932912065
906728,0.9704300509386217
906729,0.5789864625077488
906730,0.9524148467212135
906731,0.9996731571799341
906732,0.9999527600504788
906733,0.01810168370948531
906734,0.054097321137311805
906735,0.1610914131259426
906736,0.9991131151232737
906737,0.9312818333962398
906738,0.23882545030380897
906739,0.9899374381254266
906740,0.7355187365517962
906741,0.9997780700053565
906742,0.007781640982789291
906743,0.9995364925750798
906744,0.9998715532306548
906745,0.9997520644049891
906746,0.008073478521289623
906747,0.8682276236444295
906748,0.9967954779982416
906749,0.4871577318943586
906750,0.9994341164013438
906751,0.9995821967822957
906752,0.7271524866470216
906753,0.999727899974802
906754,0.026164115516687743
906755,0.9978982009851725
906756,0.9988327458582219
906757,0.9990731813406923
906758,0.3168524999380809
906759,0.6867743088670695
906760,0.7226644355235967
906761,0.9980179262649246
906762,0.38374651626278655
906763,0.27715269199575193
906764,0.9996930777776392
906765,0.33238257787330466
906766,0.9014395676360888
906767,0.9547711875188719
906768,0.18182619475685155
906769,0.9932730499620754
906770,0.12199557196449387
906771,0.6765431399813763
906772,0.9917179510806517
906773,0.9958180002558623
906774,0.6194326705908962
906775,0.7974301025369711
906776,0.724066376764654
906777,0.9975719394588849
906778,0.9904064369995745
906779,0.9988750145335107
906780,0.8103081555198595
906781,0.7966105551832856
906782,0.06872229305393292
906783,0.15316381930682077
906784,0.9998930395737234
906785,0.004450992440761797
906786,0.8161715853290576
906787,0.6178596420046816
906788,0.9999356488005166
906789,0.9990255619616786
906790,0.996983868412938
906791,0.9990248343941712
906792,0.9983987087411977
906793,0.9899745493842391
906794,0.44838565135891334
906795,0.004990966126669992
906796,0.025201914707116933
906797,0.9974235773225381
906798,0.7936321028933655
906799,0.9793684134931374
906800,0.039496160834608225
906801,0.99996436606439
906802,0.9996540791914444
906803,0.031370534372648945
906804,0.9856549914047945
906805,0.9498948373314422
906806,0.996198231074414
906807,0.791464449545743
906808,0.9995724138914637
906809,0.999700688355843
906810,0.2365106292744405
906811,0.005482204303784464
906812,0.2389896971258858
906813,0.7329507471172603
906814,0.9287875890045685
906815,0.21999804573224224
906816,0.9896597949370226
906817,0.9998188499175762
906818,0.999585715309835
906819,0.31348726011872796
906820,0.10433360414374916
906821,0.21841503679669488
906822,0.9963485037849151
906823,0.02086334613989927
906824,0.7424353594325703
906825,0.011530700010747384
906826,0.0179060941347955
906827,0.9803631738305782
906828,0.7326416956482222
906829,0.04029845011951781
906830,0.9981327664538173
906831,0.9857576704041819
906832,0.9962069100621782
906833,0.010418219929641993
906834,0.037707983006126315
906835,0.24797866026804988
906836,0.9904147762203195
906837,0.7444781347404958
906838,0.012260999981811026
906839,0.7098291167096337
906840,0.9954908743393611
906841,0.9525937641765687
906842,0.8317935614764236
906843,0.9931043070549905
906844,0.6066054001363066
906845,0.9879912998022874
906846,0.8986159849267891
906847,0.0552636326993438
906848,0.2972095132527909
906849,0.5172836412326706
906850,0.7559438688448088
906851,0.2912563815230031
906852,0.04983146275583272
906853,0.21552876326385545
906854,0.9988259587868239
906855,0.9746172952807952
906856,0.4775764813446659
906857,0.9998061536699794
906858,0.9759207953386063
906859,0.9300470854768693
906860,0.9122367452640721
906861,0.0727060788002527
906862,0.7558534108149639
906863,0.9973812195379592
906864,0.9802259252424101
906865,0.6450658187689362
906866,0.8959746017876523
906867,0.4188117069456786
906868,0.9997666600486301
906869,0.5898146478855165
906870,0.11243114228854902
906871,0.9999110243955474
906872,0.3549364029394796
906873,0.015605407714416868
906874,0.3248921755839729
906875,0.29833374028772813
906876,0.9998893501324482
906877,0.1474060364738325
906878,0.5391870710288379
906879,0.9734350769555126
906880,0.9996864121337135
906881,0.8028509953952871
906882,0.2572343838556469
906883,0.6660187984521491
906884,0.9790566523563767
906885,0.021121066544546617
906886,0.7433856252041733
906887,0.6059619714944319
906888,0.9987701841815997
906889,0.9999338245721472
906890,0.0026195701277327886
906891,0.9900669136350213
906892,0.9974943720409598
906893,0.1387097892123548
906894,0.9991042465498268
906895,0.9998660096212958
906896,0.9910875026089047
906897,0.03061866733580927
906898,0.9422079357616006
906899,0.009840035709150359
906900,0.9999606224306874
906901,0.9961806668887732
906902,0.9855002213366016
906903,0.9997484199929196
906904,0.05409610322924478
906905,0.3437473422989784
906906,0.8851073763403741
906907,0.999895832399653
906908,0.9828240707410758
906909,0.9457614398188956
906910,0.08914168813861412
906911,0.29191361769827257
906912,0.26320730106446893
906913,0.07877125525741949
906914,0.9980031015776243
906915,0.9997113119568344
906916,0.9971398534162281
906917,0.9925704660121148
906918,0.22307507963373766
906919,0.992420359883682
906920,0.9447773694929981
906921,0.6364092800108772
906922,0.08066943499113352
906923,0.9995603623869416
906924,0.01427779930797703
906925,0.9768807936130448
906926,0.9997466720756899
906927,0.01767021829532014
906928,0.9999252327511963
906929,0.9997970099264254
906930,0.9997955654861405
906931,0.9782877357220248
906932,0.999813755059482
906933,0.04549101658484427
906934,0.9996437201289121
906935,0.9971767928996147
906936,0.9394314098867789
906937,0.4131023765024667
906938,0.9362441073419173
906939,0.07605461824129375
906940,0.9932760857680138
906941,0.20879452816338073
906942,0.990024407328612
906943,0.5042551175073999
906944,0.671605942535274
906945,0.9883860533209232
906946,0.9959183403777285
906947,0.9999710543077323
906948,0.9964889195079237
906949,0.04934156589183923
906950,0.9761412208019145
906951,0.999021833958259
906952,0.6547293034949329
906953,0.35677339305886613
906954,0.012443734944193728
906955,0.07044528927875757
906956,0.07357140740814974
906957,0.9999540315725671
906958,0.977681087261502
906959,0.13449516098966494
906960,0.03797352958133769
906961,0.9198181673883301
906962,0.7854880173951968
906963,0.9986799484715457
906964,0.9992937268479494
906965,0.9778806612234914
906966,0.20744051017133502
906967,0.9514309320812494
906968,0.05279125351229555
906969,0.9131892193858668
906970,0.1499102525157574
906971,0.09500371940329486
906972,0.9999468421108431
906973,0.9840857562261792
906974,0.1990299818731386
906975,0.9999580756561777
906976,0.9651508713643486
906977,0.045139031123657566
906978,0.9282588673889931
906979,0.9907161312099089
906980,0.33619032809520993
906981,0.1908757371099214
906982,0.9945201440377441
906983,0.9840877326468332
906984,0.9737167220777455
906985,0.6942351527638488
906986,0.9994577902360047
906987,0.8855370542301894
906988,0.33383642812833925
906989,0.9993977667861607
906990,0.5192040243473257
906991,0.177534042258563
906992,0.9999096201584414
906993,0.9792103173303971
906994,0.9972666207446866
906995,0.9995823813823173
906996,0.9996372902598107
906997,0.9728579850562209
906998,0.8341405437087034
906999,0.8727117191311414
907000,0.9875170186662741
907001,0.9944188844851343
907002,0.9384826607551349
907003,0.9879324532712214
907004,0.023379128634094137
907005,0.9978463744475548
907006,0.40699844854737854
907007,0.9995189623962031
907008,0.9999425547439813
907009,0.964286035430757
907010,0.9312117371423536
907011,0.9906628051831301
907012,0.955984809346021
907013,0.3044734380153373
907014,0.7366230923979311
907015,0.9991188066237018
907016,0.2045397513383676
907017,0.9964709031753687
907018,0.9998233327461904
907019,0.006923001637997838
907020,0.999611141072912
907021,0.0427517349094417
907022,0.621044331609386
907023,0.9999853561786616
907024,0.014419418025094524
907025,0.9406366990887537
907026,0.4407013673538301
907027,0.20848076975859636
907028,0.999916349846854
907029,0.9492036362391488
907030,0.10587940523903669
907031,0.9971460657657734
907032,0.713360882324535
907033,0.064412321324192
907034,0.06411428632172793
907035,0.999404151503344
907036,0.9995501298707576
907037,0.9909453459609789
907038,0.9349312205424876
907039,0.9984309951009742
907040,0.8625139565021979
907041,0.040576409957906366
907042,0.5019176197196835
907043,0.9199986611219193
907044,0.04544396339701377
907045,0.06711151853928894
907046,0.9998857296539234
907047,0.03819967775960034
907048,0.03392262362597635
907049,0.9996145900768996
907050,0.9972102934255299
907051,0.9973597370979193
907052,0.32536624751323395
907053,0.08472823833134725
907054,0.9990053656925344
907055,0.9139410879449965
907056,0.3633663643507709
907057,0.9990108827906219
907058,0.9180622229390503
907059,0.8473055179857532
907060,0.9988463958026872
907061,0.9993693847975029
907062,0.1523541100010004
907063,0.7461136505839863
907064,0.14382853832060988
907065,0.8559946279388726
907066,0.5835141794383615
907067,0.6177275813426297
907068,0.9999654541182934
907069,0.958077959722751
907070,0.02892479843882089
907071,0.9957443371996401
907072,0.9994532068722304
907073,0.6979198600844589
907074,0.24781530580305489
907075,0.999813566376859
907076,0.9959607831123588
907077,0.38674340347961933
907078,0.9994058611007335
907079,0.5076992030621554
907080,0.9953823315268548
907081,0.5894651984878337
907082,0.9997398437122638
907083,0.9999666583646585
907084,0.9981120761498063
907085,0.5885425593019339
907086,0.9998387248924698
907087,0.9996207732146616
907088,0.9999313974504049
907089,0.9829578862212234
907090,0.9007095007831387
907091,0.9998273057807662
907092,0.9996231434504275
907093,0.12141691108625194
907094,0.9693066390252569
907095,0.9998509610018071
907096,0.9847600777123418
907097,0.8263327113623451
907098,0.01936146904605747
907099,0.9997059145528683
907100,0.024677075848548377
907101,0.9342208001997869
907102,0.9987494944442747
907103,0.2139073386974767
907104,0.22406876967597397
907105,0.9998762581795946
907106,0.9952681456213549
907107,0.8666374062598683
907108,0.9997764922034578
907109,0.9959278016781199
907110,0.9934572798700136
907111,0.6377330088715522
907112,0.013476462882213547
907113,0.025126717143608424
907114,0.9968930479865246
907115,0.9718469700634865
907116,0.8256245777390137
907117,0.9998474122174521
907118,0.12375118932312068
907119,0.9658993435644072
907120,0.9987803760063594
907121,0.9998221357541697
907122,0.38994998945958453
907123,0.6326626635286982
907124,0.8592798213812719
907125,0.6303542166449151
907126,0.9985244314852294
907127,0.9908330628621407
907128,0.7833985611258651
907129,0.9995841530275946
907130,0.5634866667746214
907131,0.20885159160172875
907132,0.9999047134219379
907133,0.9952252582709673
907134,0.959451060213639
907135,0.6717576176843314
907136,0.999885556292223
907137,0.9981637007867342
907138,0.9952215835129954
907139,0.999864369555419
907140,0.7543087419435972
907141,0.003815352709758177
907142,0.13855761648879616
907143,0.29615808064409216
907144,0.35705125960574785
907145,0.945497598253237
907146,0.8404189650217793
907147,0.9999395214950987
907148,0.9999706311738172
907149,0.00318642686713261
907150,0.11095118094719542
907151,0.2575229703709722
907152,0.9994745431531831
907153,0.9992473730028197
907154,0.9974906103538022
907155,0.827185191523819
907156,0.07391540223141879
907157,0.04970182924445978
907158,0.9984203844116475
907159,0.9999852844577969
907160,0.015017775417758915
907161,0.9966146049652422
907162,0.3509918584697109
907163,0.37137350749573406
907164,0.9691198833976555
907165,0.8184935612434479
907166,0.9870899144791714
907167,0.9998163670484144
907168,0.999896156537561
907169,0.9418011258675056
907170,0.9924818768844343
907171,0.9997487240287691
907172,0.9999695765497929
907173,0.7471872622609617
907174,0.09918083639623188
907175,0.512016080396237
907176,0.9735933111644233
907177,0.8793964186553478
907178,0.8928173657324607
907179,0.6641426987647769
907180,0.999757265986531
907181,0.13096674060646954
907182,0.9241140708783262
907183,0.9985285597660768
907184,0.9999659381778586
907185,0.7913808460510983
907186,0.9988563200029917
907187,0.1759020174199088
907188,0.5877978427641846
907189,0.9997256274881965
907190,0.7560643676045539
907191,0.982869596434172
907192,0.9998937696395025
907193,0.9977214596889925
907194,0.24423463589943029
907195,0.9999692486115642
907196,0.9998071430390618
907197,0.9997776233378417
907198,0.9995307268750591
907199,0.7518352177518883
907200,0.9977309882712369
907201,0.6472849193763325
907202,0.6856566446405117
907203,0.0472240338493269
907204,0.9975028043076777
907205,0.9984047681180288
907206,0.9942456053422115
907207,0.7878075957205359
907208,0.9998306565384896
907209,0.9883219109157174
907210,0.9993783481985707
907211,0.22390095120488135
907212,0.9029581967750775
907213,0.9986238792140091
907214,0.623249425224396
907215,0.9710776120696922
907216,0.9052691029554673
907217,0.12103124519142364
907218,0.40202716794488297
907219,0.9962738917372077
907220,0.05032086867204566
907221,0.9997859567408882
907222,0.14755420177780035
907223,0.9835630342486454
907224,0.9787225759435519
907225,0.012174849779955017
907226,0.9979169026505003
907227,0.9994145533443198
907228,0.9938064247160145
907229,0.7918517610045067
907230,0.933349894726559
907231,0.07284894367254885
907232,0.03871460393606822
907233,0.8589063045145384
907234,0.9455207214365087
907235,0.9996980235210993
907236,0.9956367049619856
907237,0.0631970994847289
907238,0.08798735307363925
907239,0.8865982121915962
907240,0.1886028160432116
907241,0.9999282154057116
907242,0.0647760080872556
907243,0.9147693747603043
907244,0.15258393992422947
907245,0.9999877154309131
907246,0.9990696367355845
907247,0.5936326276407377
907248,0.9994994959661534
907249,0.9907123513198695
907250,0.9677268651233402
907251,0.8973602714757255
907252,0.9991789814487259
907253,0.010529130427156187
907254,0.8269429705591789
907255,0.0665450546998431
907256,0.8880471934292224
907257,0.6237824969524045
907258,0.9980585767027808
907259,0.8768740953562295
907260,0.9995547731427852
907261,0.8767705706228649
907262,0.041967703997121505
907263,0.08948590048583543
907264,0.995523997230285
907265,0.9913211639518599
907266,0.669071168808862
907267,0.9993043216663396
907268,0.9988208519298544
907269,0.9994309925299291
907270,0.9991405317181765
907271,0.9859264307146309
907272,0.39857319169360406
907273,0.9833926940198039
907274,0.3659009742154107
907275,0.9998286936402393
907276,0.9999328913869407
907277,0.9975835487254824
907278,0.9583696222642506
907279,0.9469104499877898
907280,0.9743655202798953
907281,0.9923422775296256
907282,0.7998296192299754
907283,0.9976694819235624
907284,0.0341709242476694
907285,0.9935724743175912
907286,0.020112609830133785
907287,0.9984696133209697
907288,0.905754949246371
907289,0.9996507144145271
907290,0.7039739848929687
907291,0.9059065598539033
907292,0.878924494003757
907293,0.9983158714011815
907294,0.006906990336973733
907295,0.9938248845465174
907296,0.9137865142654911
907297,0.53986248133693
907298,0.9997210319482955
907299,0.02003921988302062
907300,0.40960886987216927
907301,0.9795085344306431
907302,0.7834901397288753
907303,0.9861364326223037
907304,0.9210916539316976
907305,0.9996366162569096
907306,0.9998407440197175
907307,0.4893428012520177
907308,0.7353211728357538
907309,0.1509133973428291
907310,0.9489201834658223
907311,0.9997237409744564
907312,0.999581170344387
907313,0.9777980346911117
907314,0.6271875910606582
907315,0.9995863339080169
907316,0.9973916754896488
907317,0.9960200213005705
907318,0.014988890551361402
907319,0.9987678319656348
907320,0.874662294753549
907321,0.3127374148137776
907322,0.9894966949830345
907323,0.45097835316885215
907324,0.9969419540515647
907325,0.025469194915358623
907326,0.9597708245328251
907327,0.9992031512467452
907328,0.5640571130607389
907329,0.9997863500144294
907330,0.7208719925046545
907331,0.9598149321811229
907332,0.9972277346995129
907333,0.9999876276401151
907334,0.9994084047005259
907335,0.983825118029211
907336,0.9585479279156879
907337,0.2608422299692645
907338,0.9999500042046042
907339,0.07745813300845833
907340,0.9239391908441645
907341,0.31195579109005894
907342,0.2806987182703303
907343,0.9992253578441905
907344,0.9999733700716567
907345,0.5069014178983761
907346,0.0104312758504816
907347,0.9982514495410679
907348,0.629194855730584
907349,0.01241429709844113
907350,0.6704135568963243
907351,0.02244220590203451
907352,0.9934305185599754
907353,0.8476453165731195
907354,0.4478550621050689
907355,0.9708202181041289
907356,0.5545068279056351
907357,0.9999476678403971
907358,0.49830652199989767
907359,0.9115308052154383
907360,0.020544823639074165
907361,0.9903505455440443
907362,0.999372296014491
907363,0.999676166197413
907364,0.12625482949374314
907365,0.8580745178049558
907366,0.999797150200195
907367,0.9878410540889652
907368,0.16372772022275456
907369,0.07529985088228851
907370,0.9476011788120755
907371,0.0370465231331074
907372,0.545558977533627
907373,0.9997661889102509
907374,0.1497721540684258
907375,0.807002742715349
907376,0.6923426636080621
907377,0.06384793168272539
907378,0.9977102078518979
907379,0.00943747019303506
907380,0.9997332059274746
907381,0.9996036209884162
907382,0.9932586084467195
907383,0.7039814321914692
907384,0.013683747136019456
907385,0.3611690709069846
907386,0.9987507064679253
907387,0.15176905882363187
907388,0.9997828027132838
907389,0.9877799214871477
907390,0.04058984851947143
907391,0.9999249420989242
907392,0.9994119036200344
907393,0.9998355418823539
907394,0.9997100417537114
907395,0.7049743324270491
907396,0.9976695898261564
907397,0.9974329756403307
907398,0.9991721075971665
907399,0.010777989639628132
907400,0.18042640904938642
907401,0.7095883966922036
907402,0.02647389398234106
907403,0.9995954291907799
907404,0.9910494536798573
907405,0.1592110505640517
907406,0.998549171174173
907407,0.44884116967464127
907408,0.9998376129514126
907409,0.0038395149825253792
907410,0.6267003976675842
907411,0.9986623467513777
907412,0.9490137928979216
907413,0.9356124879582768
907414,0.010375459930667609
907415,0.9649598894987998
907416,0.9999845790477995
907417,0.5850782235699805
907418,0.999834290855899
907419,0.896855772303283
907420,0.9949704248065518
907421,0.9941809260999739
907422,0.3057639475897805
907423,0.9720878807933376
907424,0.18095711715227542
907425,0.5020668058252478
907426,0.9949495618092503
907427,0.9999951944460268
907428,0.047807579203242134
907429,0.06466234557768585
907430,0.9999171246128362
907431,0.9696850172634747
907432,0.9975636044370447
907433,0.9725536897707574
907434,0.9720619007087357
907435,0.36309807411690287
907436,0.9937668662831003
907437,0.05731363611760666
907438,0.14496343147504442
907439,0.07514040001188439
907440,0.8361874896602706
907441,0.9881509939193975
907442,0.9997956172201279
907443,0.987695158165801
907444,0.9868485638395177
907445,0.5325947724244651
907446,0.9973898660225402
907447,0.45520517400005134
907448,0.5746269365192713
907449,0.026304059709935677
907450,0.9922055527973641
907451,0.9858852486292816
907452,0.9991845827640826
907453,0.9999866562247169
907454,0.9995580480839282
907455,0.5369521008578741
907456,0.9996549128447128
907457,0.926469637521246
907458,0.9996887043851848
907459,0.9997095086356593
907460,0.7755058446371723
907461,0.013644501739657434
907462,0.9998694072001604
907463,0.9998487769789051
907464,0.9998749163346989
907465,0.3060696154752718
907466,0.9593792270451715
907467,0.9880088337014645
907468,0.1484400602298558
907469,0.030959035624708763
907470,0.5091513550545623
907471,0.2931757421853885
907472,0.22677652537410117
907473,0.9409106151853711
907474,0.9953742049795078
907475,0.1381150771005068
907476,0.6342693333570228
907477,0.9973226835863935
907478,0.9402395808571593
907479,0.9997472702743079
907480,0.9999753163521927
907481,0.9999059429635844
907482,0.9075181998635665
907483,0.995778891268998
907484,0.5711290066058285
907485,0.9781059854872722
907486,0.014060146394351302
907487,0.9938995827332486
907488,0.9999687329858717
907489,0.9994674940625474
907490,0.9996899927821031
907491,0.9988902458509108
907492,0.0032079813313147347
907493,0.9998824660265659
907494,0.9954154652230383
907495,0.9999340353426168
907496,0.9992583324866448
907497,0.9776363682854788
907498,0.9770084009752352
907499,0.5177991674637213
907500,0.9999454621432748
907501,0.17351482326208206
907502,0.999352157463916
907503,0.9969512708838902
907504,0.26650759212844616
907505,0.9998917936986704
907506,0.9997709528825784
907507,0.9999896397647544
907508,0.03243258837386946
907509,0.07267999809452381
907510,0.9999035701843976
907511,0.9876794823810885
907512,0.9999211512666899
907513,0.5064789761537514
907514,0.9982538740178731
907515,0.9999497268954165
907516,0.3533577719396217
907517,0.9881144660027925
907518,0.9995656117317882
907519,0.9997606274489983
907520,0.7560082354360682
907521,0.9968795628920444
907522,0.9449538584191768
907523,0.7963665739352928
907524,0.9992674259763905
907525,0.9231332289360388
907526,0.9802605568786991
907527,0.3448585711218683
907528,0.329701979077637
907529,0.935966254415183
907530,0.9999692982259715
907531,0.031091485062846147
907532,0.21815000521169947
907533,0.9909498169208617
907534,0.9265046975605324
907535,0.22776954065317706
907536,0.675213792381764
907537,0.9987764469453986
907538,0.7656006762392442
907539,0.8079356848762957
907540,0.99942170017994
907541,0.9997643996994967
907542,0.0038670992174967174
907543,0.7592452558931333
907544,0.9998279261503373
907545,0.999724074246221
907546,0.25890145988728136
907547,0.05027263320386352
907548,0.7454550583426631
907549,0.9867318673654408
907550,0.9971159912090042
907551,0.9664125578669472
907552,0.24301634786755552
907553,0.9689595133458029
907554,0.99947119683423
907555,0.9979028186941236
907556,0.9819415232740718
907557,0.02921339232794811
907558,0.9919899108747984
907559,0.9978316462447963
907560,0.9993455886333833
907561,0.9999618918885733
907562,0.9999208795721517
907563,0.8968563954303559
907564,0.960859967871491
907565,0.949392769743766
907566,0.6184156258673845
907567,0.721611524161784
907568,0.3920202309425581
907569,0.2550704203331536
907570,0.9634816516042835
907571,0.8752143569493447
907572,0.2846667958907888
907573,0.9440980851418381
907574,0.3845595326649636
907575,0.9985945534594443
907576,0.7765305522344503
907577,0.99998097272718
907578,0.9720647523475294
907579,0.9900724121169128
907580,0.9917356689941641
907581,0.8093914042964055
907582,0.6730527436284741
907583,0.999748222491819
907584,0.9208999954602215
907585,0.8938820344297378
907586,0.16323560319446942
907587,0.9999824570256062
907588,0.9951758446431764
907589,0.02741479517399963
907590,0.9994727461556207
907591,0.9992413143309942
907592,0.7151641578398494
907593,0.9999649809171367
907594,0.11653449291418369
907595,0.9895403088528433
907596,0.46599604678663853
907597,0.4077673753660796
907598,0.9992338631389512
907599,0.10597092390777141
907600,0.982821265615739
907601,0.9999779917397534
907602,0.07524855440355291
907603,0.5351659153454656
907604,0.9732279406744482
907605,0.9704056917532252
907606,0.999862766840218
907607,0.008969612352778513
907608,0.9904997782593057
907609,0.04154986169850024
907610,0.999753093477018
907611,0.9999643109407502
907612,0.9997292494983501
907613,0.47684552053989415
907614,0.25593234336742743
907615,0.99999161818907
907616,0.9985285653123661
907617,0.9919798354192675
907618,0.9997482507253286
907619,0.9996083065266517
907620,0.029115978558118667
907621,0.46755807154814644
907622,0.5894293319192742
907623,0.18539875154213228
907624,0.8188938776396184
907625,0.759885880154689
907626,0.7965234009668936
907627,0.9229175930427109
907628,0.986550727876131
907629,0.7308446835146543
907630,0.9986006290426025
907631,0.014093340807988951
907632,0.9986349930443783
907633,0.010353183483888796
907634,0.4856210153715711
907635,0.8071453491510132
907636,0.6909855988387411
907637,0.6440875364333944
907638,0.9975903994285313
907639,0.02811901651594409
907640,0.9995341754822316
907641,0.9347516381964747
907642,0.4493883592177472
907643,0.011155951434964168
907644,0.9992851141415644
907645,0.8209635472600556
907646,0.9999192895603934
907647,0.9786966731990365
907648,0.5981560454323086
907649,0.9998828488318838
907650,0.9665726472451689
907651,0.9977917242588309
907652,0.5310078451632488
907653,0.2802543330611684
907654,0.3322431682732687
907655,0.10158440698000373
907656,0.3687116736153424
907657,0.03937606412904993
907658,0.4110198743459321
907659,0.9666040324601316
907660,0.9340122006555754
907661,0.9999681996039664
907662,0.1516398525260625
907663,0.5828645997144617
907664,0.9852027900686031
907665,0.9454418000036673
907666,0.9948032638639474
907667,0.9994855419245182
907668,0.9710181088739676
907669,0.9778653102447525
907670,0.9996258330799401
907671,0.7260878809951317
907672,0.9997519259401392
907673,0.1918460898750914
907674,0.005273202300097821
907675,0.3393620199750779
907676,0.1348270115784055
907677,0.9999342017242119
907678,0.9899697116544365
907679,0.09556953833383988
907680,0.8995331499803099
907681,0.3933022575789736
907682,0.517068121744295
907683,0.6272921687949969
907684,0.4835766312256743
907685,0.9938909904174054
907686,0.9992632125571098
907687,0.17693041000260656
907688,0.08559047745289404
907689,0.8381449676404571
907690,0.17925560370655375
907691,0.9998662796561276
907692,0.6634294184463552
907693,0.18853570003672346
907694,0.6118460987635884
907695,0.8173201348333581
907696,0.9553637464681526
907697,0.9139636467007174
907698,0.9731127803909558
907699,0.9991193085718935
907700,0.053443528018579156
907701,0.9984484297188627
907702,0.9999077538097588
907703,0.9979107284619492
907704,0.9394035364294877
907705,0.7443576860281097
907706,0.051765764573432585
907707,0.45207051974158974
907708,0.9063908702456192
907709,0.994078050928058
907710,0.9976697543050608
907711,0.6816649471224132
907712,0.9983770399713348
907713,0.94879203092725
907714,0.9737921342699096
907715,0.6496504955427628
907716,0.9951183236729889
907717,0.28366932513791404
907718,0.9996514599696111
907719,0.999783974820118
907720,0.9998815285916132
907721,0.518294654480881
907722,0.2692963862934395
907723,0.9996602774678711
907724,0.9997629304644042
907725,0.9883569609085378
907726,0.4594689324972647
907727,0.9999218013693829
907728,0.378322016938031
907729,0.7843156982999882
907730,0.9972936075876853
907731,0.9995204860917234
907732,0.9652018891253774
907733,0.9983635972189725
907734,0.5292339504149394
907735,0.08174429983593581
907736,0.7128765999509045
907737,0.005362231466924098
907738,0.36329823944919987
907739,0.9999779327626833
907740,0.9721008284270953
907741,0.9991243787763031
907742,0.9998554725662865
907743,0.8781616182413903
907744,0.9992741441376563
907745,0.9985308871924166
907746,0.7103122711682505
907747,0.7538418578309101
907748,0.689461859106882
907749,0.5054802325137123
907750,0.211368042452429
907751,0.06290291212205996
907752,0.9993712214261218
907753,0.24544061593213212
907754,0.964008329044006
907755,0.042684667307599955
907756,0.9993814669934824
907757,0.9289574189162859
907758,0.6487029094730443
907759,0.8218403864852152
907760,0.9980851661372269
907761,0.04764722560488191
907762,0.9728095771767759
907763,0.9932268342008712
907764,0.9998147508230275
907765,0.9331960515481155
907766,0.9999638943377592
907767,0.018919407100997637
907768,0.9988601746115721
907769,0.08016375269871076
907770,0.305307453272348
907771,0.9863638642125927
907772,0.9998215255506879
907773,0.9198344640937302
907774,0.642206777662524
907775,0.9995613384595179
907776,0.9034881197315496
907777,0.19969237572683157
907778,0.8542474245115506
907779,0.6086455945687699
907780,0.9561239783401664
907781,0.8832528821196801
907782,0.9985692935121269
907783,0.3154919543177344
907784,0.999404942823935
907785,0.9896879366566804
907786,0.0543135143526714
907787,0.9996133939182137
907788,0.01882767037981031
907789,0.9996108931570984
907790,0.9983057429904602
907791,0.9999566892382006
907792,0.14306660786899913
907793,0.03774891556023362
907794,0.9735885206597913
907795,0.9997041157728669
907796,0.05098195705980526
907797,0.9992088537937694
907798,0.99887680239013
907799,0.11257832659242917
907800,0.9994077252696945
907801,0.9999503106590529
907802,0.4895628274023778
907803,0.9993333912524028
907804,0.9994229923249435
907805,0.8888334470080963
907806,0.8918000997997165
907807,0.10721003221160758
907808,0.4302700605631208
907809,0.9747127169912911
907810,0.09299215945877413
907811,0.9933559333020303
907812,0.6275413051140442
907813,0.9999247992520388
907814,0.2493658822839565
907815,0.9999400135573155
907816,0.9998524446401449
907817,0.9945476744142921
907818,0.9994397867485809
907819,0.16351437769135996
907820,0.7514323400443296
907821,0.5473627470379793
907822,0.999990910839798
907823,0.9975881770592661
907824,0.4219430476734538
907825,0.9859645008577131
907826,0.055864432392654706
907827,0.8784855234069037
907828,0.9996650114918486
907829,0.9717725737090364
907830,0.99987158786249
907831,0.8366547487416512
907832,0.014404552570394802
907833,0.9999632775850624
907834,0.9900119578702683
907835,0.9987084509569807
907836,0.9983332317498818
907837,0.9999635904048453
907838,0.27027670596894854
907839,0.9996524302655566
907840,0.9801519821597882
907841,0.9938857148119428
907842,0.9997176471420222
907843,0.7490942259828406
907844,0.7697592968913738
907845,0.005025305168700117
907846,0.9999885798943364
907847,0.507851701739163
907848,0.16296883180882166
907849,0.08121148204759648
907850,0.5355230301580808
907851,0.9883246029321711
907852,0.9844125796237937
907853,0.9675012875181519
907854,0.7939260674512832
907855,0.4011590035729937
907856,0.9979795366231452
907857,0.9995835138688135
907858,0.9370445727083045
907859,0.9999896618776041
907860,0.31694779746594937
907861,0.9751426165891888
907862,0.999923444946176
907863,0.1465223688999788
907864,0.7152110100738385
907865,0.7199042944538911
907866,0.08951672725596219
907867,0.15954066883067936
907868,0.9926858863190409
907869,0.9995549887814499
907870,0.9998683945357569
907871,0.250294411793042
907872,0.8555790328102844
907873,0.006507266358330794
907874,0.8617137044477532
907875,0.631387953305329
907876,0.9140369258213368
907877,0.16429992486533856
907878,0.9999562028890234
907879,0.999387461022778
907880,0.9747701468463303
907881,0.9983626469651049
907882,0.9998155006871736
907883,0.8070595625617838
907884,0.9984413237116025
907885,0.8343435955200091
907886,0.20084226199589542
907887,0.9522453421903946
907888,0.23877497415027682
907889,0.9440024984211279
907890,0.9997986416815723
907891,0.9998307650513496
907892,0.9994214939870529
907893,0.3840976166744293
907894,0.08621615361705007
907895,0.07863833217818786
907896,0.9983360314775737
907897,0.9992647971963416
907898,0.07065753188050447
907899,0.9998109913204251
907900,0.026302587675978154
907901,0.19691786485179957
907902,0.06399597833356252
907903,0.9989856480251723
907904,0.9990933796411767
907905,0.998764945261509
907906,0.9984805636958207
907907,0.9998093505669368
907908,0.9998473138978162
907909,0.998941330081357
907910,0.6901506848087906
907911,0.9996993041671901
907912,0.9998212562208451
907913,0.0354408957991126
907914,0.7015808246272467
907915,0.03219317929889138
907916,0.953052114600994
907917,0.03888447327121416
907918,0.996591999558745
907919,0.9998863255266481
907920,0.015353867507211988
907921,0.9966021175413453
907922,0.9951573384577366
907923,0.028889265600927732
907924,0.9992591356049256
907925,0.01791412535608373
907926,0.25509692223955094
907927,0.24307349135712322
907928,0.825501513796911
907929,0.185134516177687
907930,0.7245818418585047
907931,0.9999098218809113
907932,0.999704378896906
907933,0.9674924383061596
907934,0.023825366559660416
907935,0.6442155309965033
907936,0.9999862290499556
907937,0.9997031971529808
907938,0.818858792441642
907939,0.9976688087786882
907940,0.9863435954179096
907941,0.9811587234038236
907942,0.9997015664365613
907943,0.9996130660325917
907944,0.0323863297370152
907945,0.9130334040820623
907946,0.8649456981936001
907947,0.9999164737331531
907948,0.9971641990448348
907949,0.999558122785077
907950,0.02912585151224745
907951,0.0025749277589783215
907952,0.4040333219860299
907953,0.27078067376167164
907954,0.8314633348076277
907955,0.830441605790899
907956,0.9196959421362159
907957,0.5057900536796825
907958,0.9924045027301591
907959,0.9911765005095751
907960,0.9996620781475214
907961,0.8972524238547467
907962,0.7391322465913468
907963,0.9854987784555094
907964,0.9996080042590577
907965,0.9997885198856108
907966,0.9996950778475888
907967,0.9301150212406921
907968,0.9975891557625125
907969,0.0313791556778411
907970,0.6870108913495834
907971,0.9290682470444758
907972,0.9998017797562173
907973,0.007252948893562886
907974,0.8454540656953097
907975,0.9810164194078659
907976,0.991406803900671
907977,0.1385884585109352
907978,0.11056411928682346
907979,0.6272708901791648
907980,0.02999742607594239
907981,0.9996955012852793
907982,0.9996496344197343
907983,0.3830833733730727
907984,0.2862052504204152
907985,0.4698827033103178
907986,0.9983103999104345
907987,0.9974765945968309
907988,0.99997837736087
907989,0.9826072044363838
907990,0.981809065871588
907991,0.32758465785881347
907992,0.007876221533117176
907993,0.025313972448935053
907994,0.9903664959984175
907995,0.018793359679511443
907996,0.029021551440654096
907997,0.9985261958533358
907998,0.9996865160562373
907999,0.8123852698738724
908000,0.9995009647932296
908001,0.995798854067329
908002,0.7756695695721779
908003,0.8803885214893703
908004,0.5815083860257135
908005,0.9765785338788264
908006,0.9999475168947465
908007,0.40193747899329135
908008,0.9998365047296269
908009,0.5639855676100947
908010,0.44326332606716334
908011,0.9987677513483741
908012,0.997600881370229
908013,0.9997903634697366
908014,0.9999800045520886
908015,0.671415823599414
908016,0.7949046014858787
908017,0.8769500987334027
908018,0.9935110991864163
908019,0.999950664902967
908020,0.8262780409029183
908021,0.9952708399723724
908022,0.8947064794191665
908023,0.9999767566517876
908024,0.9995089466681386
908025,0.9980641160134782
908026,0.9999912844878445
908027,0.8539038488113995
908028,0.1532027488335022
908029,0.4474505705831622
908030,0.2758292931106101
908031,0.07311485533679823
908032,0.7762870349791168
908033,0.9997317155487391
908034,0.6287634108108159
908035,0.8047109218227362
908036,0.12402677659190214
908037,0.9998845016264113
908038,0.7621654944328362
908039,0.9829802709105898
908040,0.11277268684085168
908041,0.09671608594162252
908042,0.04088048422288185
908043,0.9982369881810638
908044,0.9999801179831183
908045,0.9710006303179859
908046,0.9999114933153461
908047,0.522419670823453
908048,0.5037998403475681
908049,0.9067348330159135
908050,0.19398914565588585
908051,0.9374200798308299
908052,0.9964056335929539
908053,0.999380221260963
908054,0.9036432095508025
908055,0.6252654071710984
908056,0.006809687861601368
908057,0.9895111854556975
908058,0.994343659112346
908059,0.9999913603274784
908060,0.5689666452527907
908061,0.6480989618350117
908062,0.9999799697957525
908063,0.999857036514588
908064,0.779413215410714
908065,0.9879438116330774
908066,0.9997237935154168
908067,0.2725370709607156
908068,0.061620705765569085
908069,0.9998723151392379
908070,0.9950449811537687
908071,0.33012352451577154
908072,0.3181830886446265
908073,0.14841363596525944
908074,0.662603019995941
908075,0.14000824302703505
908076,0.9662230871294291
908077,0.9955873444463016
908078,0.9625151379609669
908079,0.7073680145607464
908080,0.9998441325970113
908081,0.9898892927107918
908082,0.9795581295077016
908083,0.7616705107656208
908084,0.4884074452401324
908085,0.9994428276661476
908086,0.9996767877773616
908087,0.999803370485747
908088,0.9812021308762993
908089,0.07230346809109427
908090,0.9995373951481308
908091,0.6976844934871458
908092,0.22585997685498535
908093,0.9995515048206105
908094,0.9994438914907774
908095,0.9999899918318343
908096,0.9953883019310525
908097,0.9981756648085055
908098,0.4164107800079192
908099,0.9999777984720364
908100,0.9999436006266579
908101,0.9994932316005425
908102,0.6499884017110578
908103,0.6660510998507697
908104,0.9981616474121546
908105,0.999988078910562
908106,0.9998823166780249
908107,0.9968361913598391
908108,0.9996492087420386
908109,0.9760121563181342
908110,0.13081445404442374
908111,0.33518929703262434
908112,0.9999210689274638
908113,0.9999777104543126
908114,0.028477222534403844
908115,0.9998093876092239
908116,0.9999857745646618
908117,0.9999711898787838
908118,0.6208102491903187
908119,0.9987551084015028
908120,0.8805245010427334
908121,0.7774950991475613
908122,0.9992755526341718
908123,0.9995283770130544
908124,0.9999782920896356
908125,0.9998923072091737
908126,0.9984863404365046
908127,0.8342856580835039
908128,0.5039907561914978
908129,0.9997449914869547
908130,0.2020652761741456
908131,0.15078336485963806
908132,0.07539612491032219
908133,0.999892379334927
908134,0.9995783969704606
908135,0.8744085377542121
908136,0.5610983954194578
908137,0.9038034982669174
908138,0.2947828348206409
908139,0.6491678272626324
908140,0.3317496858674247
908141,0.054182306856020206
908142,0.6418951468680627
908143,0.30997059224168205
908144,0.9474625165056519
908145,0.9999810546951069
908146,0.9998314284546639
908147,0.992633304860443
908148,0.9736063002650641
908149,0.5392426967275895
908150,0.9997248423458263
908151,0.9999475869015544
908152,0.9999684584016195
908153,0.0801515777834494
908154,0.9987384494669267
908155,0.6094807574317411
908156,0.754570239904572
908157,0.999963169553041
908158,0.4887413388470586
908159,0.996627568985275
908160,0.9999123989477778
908161,0.9999505585453365
908162,0.9993172801831753
908163,0.9996720278225317
908164,0.9072929108132587
908165,0.9971419334237193
908166,0.9998876638227083
908167,0.9998745076590023
908168,0.8153265620721508
908169,0.9483675451633753
908170,0.9998266978855017
908171,0.6789686521256633
908172,0.49124146646818145
908173,0.010973375497136794
908174,0.02160715851416864
908175,0.9981705433305244
908176,0.40376190988162036
908177,0.9780793503617702
908178,0.9999169894343649
908179,0.9943873681045474
908180,0.9993411546310147
908181,0.14711233982583805
908182,0.991776075674257
908183,0.9667924472205279
908184,0.058398157043492854
908185,0.5844399146757975
908186,0.6100607043220285
908187,0.31700230791750283
908188,0.9999608435093463
908189,0.8948486998303067
908190,0.8822903652489055
908191,0.8505240143811204
908192,0.43473568110479444
908193,0.9885493436899127
908194,0.9893149060751063
908195,0.06030454561115875
908196,0.9983549354087751
908197,0.9999836601564995
908198,0.831398357950153
908199,0.9995325969699687
908200,0.3845740857432176
908201,0.9994290533142755
908202,0.9799427687755005
908203,0.9353679098315699
908204,0.6189471450233036
908205,0.0752048479345172
908206,0.668045016884822
908207,0.5659517442332925
908208,0.9626199712898332
908209,0.9979507783848096
908210,0.95965655624948
908211,0.18066340973063438
908212,0.940732785205564
908213,0.6035908026588922
908214,0.5468774637823349
908215,0.9991219553836401
908216,0.0839383611320959
908217,0.636275414448823
908218,0.710984305052354
908219,0.4051139825391976
908220,0.010459398742587472
908221,0.9994364655928732
908222,0.0801262168654974
908223,0.7245702425855438
908224,0.9965315350040912
908225,0.15998847934732519
908226,0.6403381009608086
908227,0.9081911462908078
908228,0.6191854301324473
908229,0.9910681845450591
908230,0.9949283705717108
908231,0.024718662908618946
908232,0.9996909385050379
908233,0.9998670080912658
908234,0.9902797080765426
908235,0.9999633568842422
908236,0.15910502435648238
908237,0.9848619401286802
908238,0.9972193021248401
908239,0.9322070719089053
908240,0.9992446207772143
908241,0.9741130637818778
908242,0.1157357681243861
908243,0.11469088297438601
908244,0.9995807505876777
908245,0.999742784345195
908246,0.9543081767172299
908247,0.9617797798670575
908248,0.9997560568952081
908249,0.9893315809001352
908250,0.6191327029203522
908251,0.3020224810994874
908252,0.9716753666190376
908253,0.9999560577350557
908254,0.03042876604240268
908255,0.02205562653523918
908256,0.9996802275652301
908257,0.9999311399341094
908258,0.132105776755578
908259,0.9996108454141752
908260,0.9999661049522905
908261,0.43792067341023205
908262,0.9969352166056705
908263,0.9997597380248237
908264,0.4471682283064481
908265,0.9997583673759725
908266,0.7899946602268934
908267,0.992523129723166
908268,0.9998667885649561
908269,0.9997517272191008
908270,0.694371252042147
908271,0.9931313000606656
908272,0.998255417518445
908273,0.9999787985951969
908274,0.9997839007773002
908275,0.9316699848702255
908276,0.9954989304182412
908277,0.020178471335376896
908278,0.228495089968001
908279,0.6844005486018672
908280,0.585892847374617
908281,0.9210815450522459
908282,0.9997094686972612
908283,0.011133666803566956
908284,0.999008480175524
908285,0.01855510792102375
908286,0.990300382617511
908287,0.9998368042802698
908288,0.031447881366624644
908289,0.999967570768641
908290,0.9999713378388261
908291,0.9987487395871677
908292,0.8839901562401951
908293,0.7805564147005208
908294,0.9996785915075016
908295,0.9998567101130398
908296,0.9996103743672333
908297,0.9979865327534998
908298,0.04378902927717521
908299,0.8207852697097302
908300,0.5755635677280558
908301,0.25417591759227304
908302,0.9989490903606086
908303,0.40788796498753865
908304,0.654741381593258
908305,0.999889107360319
908306,0.99950872925109
908307,0.9803644071785889
908308,0.9998304513308559
908309,0.7972799737566791
908310,0.9974057221348972
908311,0.996059376898681
908312,0.008794036891422607
908313,0.9993783281672439
908314,0.19122361130582502
908315,0.045947757727531596
908316,0.9996157249775863
908317,0.9985183804533471
908318,0.08486741948387555
908319,0.7825962300680738
908320,0.9923914676750278
908321,0.8746917223578476
908322,0.08453352987540202
908323,0.9981710115520092
908324,0.7578977708604282
908325,0.9998308656427932
908326,0.9469193057537791
908327,0.9995154102558758
908328,0.9901355293546901
908329,0.2221583311849991
908330,0.6108446806845979
908331,0.5441535528405377
908332,0.03899959965135409
908333,0.9239002162484298
908334,0.3623787906412944
908335,0.9999705532267581
908336,0.9997930666889024
908337,0.8143575209551935
908338,0.787468425044167
908339,0.9992147894689282
908340,0.4392665133552916
908341,0.8021140622656706
908342,0.4827609492317484
908343,0.9997914947093933
908344,0.9999338476378214
908345,0.22456224485669213
908346,0.9205712053056105
908347,0.9995019069789355
908348,0.06356318948636992
908349,0.16973408840774035
908350,0.016243049045627598
908351,0.9993667390229832
908352,0.8575330867931387
908353,0.05385352626656104
908354,0.8823486715650026
908355,0.798508744541471
908356,0.9987401523520334
908357,0.36380062527206275
908358,0.9998501406090989
908359,0.7785204406901871
908360,0.6952738071645425
908361,0.14025051735567468
908362,0.7494814012847436
908363,0.9876326639665589
908364,0.6602300610305736
908365,0.9241025889069389
908366,0.9829771770163107
908367,0.9994680167958545
908368,0.999715901085825
908369,0.9908591275199179
908370,0.9946148642439935
908371,0.04223525509205152
908372,0.19383027738807107
908373,0.9983560434933618
908374,0.07820351780783007
908375,0.9538773715397614
908376,0.08751619488047713
908377,0.9759901339993666
908378,0.2653178360121611
908379,0.9998208227295291
908380,0.46705141067251527
908381,0.5105183433958482
908382,0.9989358450777587
908383,0.9674348840116223
908384,0.9941538378107017
908385,0.06699657668378044
908386,0.5756801851534312
908387,0.18486958232815281
908388,0.9994673001929262
908389,0.8720689872786742
908390,0.9988216934802352
908391,0.9680989240016893
908392,0.8319134548396537
908393,0.8942882151089886
908394,0.6090742817336324
908395,0.46878962093766385
908396,0.9946183602176256
908397,0.2762115950551893
908398,0.9999532064796928
908399,0.999975748318157
908400,0.6355039180076743
908401,0.7934600770207462
908402,0.31886268510933935
908403,0.20649009077666675
908404,0.7275221354213904
908405,0.5666457763585443
908406,0.13840459561697893
908407,0.994812957653128
908408,0.9996006858755555
908409,0.6087975951380806
908410,0.8575683397215408
908411,0.9975045960568354
908412,0.9904682064120472
908413,0.9920853085726832
908414,0.01885186562961582
908415,0.9784706462837204
908416,0.8246982298423449
908417,0.3875252943494844
908418,0.9839771047804249
908419,0.5228748548725384
908420,0.9758401896792852
908421,0.9999870529778878
908422,0.9995948752283594
908423,0.4351467649122442
908424,0.7867131374078457
908425,0.7031459056261501
908426,0.027349693696331282
908427,0.9997536337694588
908428,0.4262017115247919
908429,0.9999360371877555
908430,0.8658235584154248
908431,0.9792629813992141
908432,0.9988563363714733
908433,0.42982012386022256
908434,0.28916718074480485
908435,0.9995865337073717
908436,0.9998474669327828
908437,0.9989050073912416
908438,0.054803950543937295
908439,0.7317800786763295
908440,0.9998328046051445
908441,0.976081264434006
908442,0.9993780315024234
908443,0.4930762657419244
908444,0.9993097942112219
908445,0.1196611557977863
908446,0.9999455140008424
908447,0.9999651540446122
908448,0.8906145681918162
908449,0.7843605245428844
908450,0.029676941091323565
908451,0.9939804579152587
908452,0.9990326114371493
908453,0.998967464091047
908454,0.993397897300949
908455,0.3455986288376123
908456,0.8020727301612762
908457,0.9968327634404723
908458,0.8259738003697323
908459,0.9948005363467511
908460,0.9995173597758213
908461,0.9986543516447544
908462,0.085087583418745
908463,0.9296340031673729
908464,0.36327231786327707
908465,0.338468742675182
908466,0.9998504015782117
908467,0.9980292206791259
908468,0.9961496753978074
908469,0.8454982319008668
908470,0.9974737724167759
908471,0.12201945014663934
908472,0.10774479891641908
908473,0.8081093251529732
908474,0.15281354255762739
908475,0.7847407012537906
908476,0.8165775798931272
908477,0.7498470918956222
908478,0.8239811577087552
908479,0.9022847091698993
908480,0.8746397540536954
908481,0.9960355863756694
908482,0.7392829719501872
908483,0.989664762271096
908484,0.15664744362797065
908485,0.9964714618491699
908486,0.9958398842738156
908487,0.9456998130333271
908488,0.9884227656593305
908489,0.9996560031497108
908490,0.11015363362433567
908491,0.9829737514770205
908492,0.8540539993187743
908493,0.03272732522466346
908494,0.09454078169954902
908495,0.7464383298193936
908496,0.9695596850854447
908497,0.06704219504782526
908498,0.9945980035539564
908499,0.8783169071622622
908500,0.9998687679585617
908501,0.9984310682148869
908502,0.98433295202689
908503,0.9942531176841093
908504,0.8692277627931955
908505,0.9991193676617838
908506,0.9944605062026073
908507,0.017897412675799182
908508,0.921767627279967
908509,0.7377242058623992
908510,0.9996418606538693
908511,0.43961937018579633
908512,0.9854608186555698
908513,0.6482572817630711
908514,0.9984320287849286
908515,0.999022100282078
908516,0.79399044733114
908517,0.9815170303996779
908518,0.34153683430294357
908519,0.3621155435403757
908520,0.9999784638867377
908521,0.9892832446622941
908522,0.029077896272843982
908523,0.9927811148070791
908524,0.1703188292648432
908525,0.996905307540865
908526,0.4324496901456103
908527,0.9997349178958987
908528,0.9712721369460183
908529,0.5740193816419447
908530,0.7413201608196824
908531,0.7573519290534825
908532,0.24455614210884974
908533,0.7736845052722827
908534,0.9999554727761584
908535,0.9006517216830565
908536,0.14757643961347186
908537,0.017507863917031703
908538,0.28460169827869153
908539,0.9875558109806447
908540,0.1441132786091498
908541,0.9540861398757783
908542,0.9999829159759349
908543,0.06813811257326721
908544,0.33441936921921567
908545,0.1902478337064249
908546,0.9989923375353935
908547,0.007946240981196152
908548,0.9997112372243908
908549,0.6074615111607341
908550,0.48112911787595947
908551,0.9999919757338853
908552,0.9753178855303062
908553,0.998091219128651
908554,0.9996417598153666
908555,0.999242061335941
908556,0.28288230549263055
908557,0.9984537228271182
908558,0.9589430269972805
908559,0.9998766062455625
908560,0.003014870542864227
908561,0.9143552502768074
908562,0.9998850725685067
908563,0.9992978536881989
908564,0.7827727944001266
908565,0.0033936732906926295
908566,0.4985062776244477
908567,0.05768074173947854
908568,0.3537130107143042
908569,0.02669067917881217
908570,0.606009459771064
908571,0.028634397335658042
908572,0.8230596584906478
908573,0.06013915963075221
908574,0.9547681110124234
908575,0.034313615463872446
908576,0.998833986715044
908577,0.34298747307514865
908578,0.49375981239296285
908579,0.9999207518153492
908580,0.9998161677127745
908581,0.5533080891794963
908582,0.9913557895296732
908583,0.9002743326318847
908584,0.9999616774008994
908585,0.10908650539729406
908586,0.4302010586977093
908587,0.9061270600341369
908588,0.9979522942657171
908589,0.9990019570070555
908590,0.9999638143204805
908591,0.8419497110433178
908592,0.38565512569140037
908593,0.9995774922686079
908594,0.4038251135332902
908595,0.13348470386026315
908596,0.999397848574608
908597,0.6340084146472457
908598,0.02094136181454343
908599,0.9993864244729223
908600,0.9999615052801478
908601,0.9999348424552265
908602,0.9871368527650086
908603,0.9999592780325632
908604,0.9998090187355223
908605,0.9640884869971373
908606,0.523451676696876
908607,0.999750435318917
908608,0.9949994504706785
908609,0.28207406673257196
908610,0.26608495862598697
908611,0.9495720555983412
908612,0.28715825656295785
908613,0.9999225820664149
908614,0.9999509771846453
908615,0.9483366524049456
908616,0.2402071238514751
908617,0.9994866167675063
908618,0.9979352951623769
908619,0.018377972512858342
908620,0.9997701722666625
908621,0.29466207826597307
908622,0.990754737409
908623,0.3106379614698218
908624,0.9567125021386209
908625,0.9969853064239973
908626,0.5030387580648974
908627,0.9938287243249644
908628,0.327045309673059
908629,0.7968404348196136
908630,0.5014849897704335
908631,0.9994542691281525
908632,0.9896495521336045
908633,0.9999811815585617
908634,0.398344730244655
908635,0.9711784789916139
908636,0.9870895628510858
908637,0.9947084033000266
908638,0.6579270455524933
908639,0.8353386200296498
908640,0.9894864818756413
908641,0.9220219920884472
908642,0.9998043063739721
908643,0.7521899742658262
908644,0.994053765390595
908645,0.9977512074521271
908646,0.9994053357681514
908647,0.9993847533436859
908648,0.4204466667804414
908649,0.9996252764487346
908650,0.06047407312309158
908651,0.9933328779252129
908652,0.9791831577840233
908653,0.999883680758299
908654,0.33699054269396345
908655,0.9582296851820067
908656,0.9943881422743299
908657,0.09672956083728373
908658,0.9039247187947191
908659,0.3604421976983284
908660,0.031669410256460806
908661,0.8233738454571251
908662,0.945976639476027
908663,0.007891087630020869
908664,0.7775593255391844
908665,0.986341243687016
908666,0.9982486409869028
908667,0.9998389235792948
908668,0.9999919378703588
908669,0.9783442503029226
908670,0.08140581714290443
908671,0.9967083705838592
908672,0.999809367267773
908673,0.9950044049401497
908674,0.12289587137433002
908675,0.06532242137535735
908676,0.9998488653218802
908677,0.9996566027574135
908678,0.9996580252710778
908679,0.9998159996333008
908680,0.7246682461679264
908681,0.9989899321958431
908682,0.9936281048657963
908683,0.9990869358343861
908684,0.99424367292378
908685,0.3814097483717736
908686,0.9993005300580207
908687,0.9979044016491517
908688,0.9280242350932248
908689,0.7489802704797317
908690,0.7526495651087601
908691,0.9997542163695405
908692,0.5421030352150924
908693,0.9998683310617695
908694,0.9990180226127614
908695,0.9996989054380321
908696,0.8722354472527056
908697,0.6433976332809705
908698,0.9922634303572004
908699,0.6027149798336163
908700,0.9996745112973653
908701,0.9943110585214239
908702,0.5268084574624493
908703,0.8967600210697971
908704,0.5102529294312157
908705,0.9998987995885861
908706,0.9537933777937868
908707,0.7186248010598695
908708,0.9539210400339506
908709,0.9993641965000124
908710,0.7242707233159706
908711,0.5780725219375779
908712,0.8431365094246747
908713,0.9764725368145462
908714,0.5937532842606694
908715,0.9998277280284369
908716,0.9066628288344076
908717,0.9999713098527568
908718,0.9996322457901095
908719,0.9996209676152259
908720,0.11507420743324297
908721,0.8869446975414287
908722,0.9994638513699801
908723,0.9778864573793242
908724,0.9221988516632802
908725,0.5929440914509029
908726,0.4898343900213316
908727,0.9970408195404481
908728,0.9902203226327682
908729,0.34202510112359885
908730,0.02789117166048802
908731,0.9999315949358716
908732,0.9992740428162942
908733,0.17032243351762752
908734,0.9998573090779088
908735,0.7971621347798264
908736,0.9993557074220769
908737,0.5802119948780449
908738,0.910726728104501
908739,0.9938269531975783
908740,0.10204462750677236
908741,0.8720926881478742
908742,0.9763269590198291
908743,0.9998882802619664
908744,0.9993348876094563
908745,0.9997492403765236
908746,0.9610430001431247
908747,0.9995791899956925
908748,0.2853547376086244
908749,0.9995509747384493
908750,0.9998220027152284
908751,0.9999553526081689
908752,0.9929555559141714
908753,0.9760510243921758
908754,0.9999681399306999
908755,0.999880876562782
908756,0.8006929081978486
908757,0.9988565686243429
908758,0.9982428653989015
908759,0.9997883294992252
908760,0.9999911538410662
908761,0.999862611956137
908762,0.5206471309957785
908763,0.9996916617056495
908764,0.9996989539229595
908765,0.9890902078796644
908766,0.7406266236388384
908767,0.4465439458657535
908768,0.8209235648231323
908769,0.9574998729705
908770,0.9995043844977216
908771,0.3498797133015745
908772,0.9977754213658993
908773,0.7265943231586705
908774,0.9999626775712629
908775,0.9998563743292478
908776,0.08908409274577647
908777,0.24195445776195493
908778,0.7532412622004534
908779,0.9975634155914546
908780,0.6423081694760693
908781,0.988156744970315
908782,0.9691396738330311
908783,0.35599399444020374
908784,0.9798148184101537
908785,0.6554702193551726
908786,0.22293921061628064
908787,0.8027373437478846
908788,0.9127378088481858
908789,0.8954923393227248
908790,0.9932006385488522
908791,0.9997824368633359
908792,0.1648295369585631
908793,0.8049406141133497
908794,0.8932620139631615
908795,0.9951596934890713
908796,0.07170839618884575
908797,0.9996234577006644
908798,0.9996261008244076
908799,0.5833139535855888
908800,0.9975761695981081
908801,0.9989005832472264
908802,0.999946737078953
908803,0.9943249685742551
908804,0.9774794965607181
908805,0.9995888237437522
908806,0.9118354896396806
908807,0.9998887690722207
908808,0.9833108334823492
908809,0.6832679734641207
908810,0.9988560431678368
908811,0.46650806937960004
908812,0.2696016861408849
908813,0.052778565283390984
908814,0.9896744513558232
908815,0.9889173101491053
908816,0.9999699497775705
908817,0.021317573472209812
908818,0.5502929378166902
908819,0.8965080266590608
908820,0.9997164369965708
908821,0.629230176940181
908822,0.9516744595196287
908823,0.1280706637693102
908824,0.7838957510399007
908825,0.9999372183510682
908826,0.47825803697010416
908827,0.9976101019556414
908828,0.3669938888984984
908829,0.9548380954281395
908830,0.9998222143013995
908831,0.23490754080775367
908832,0.5778643855846479
908833,0.9998850594097224
908834,0.9983865012652722
908835,0.9998157467373752
908836,0.9998783834534382
908837,0.780273505419893
908838,0.20748171972056548
908839,0.8833334794887052
908840,0.9934364169263459
908841,0.5915832890820725
908842,0.11093057306823756
908843,0.28329246724462714
908844,0.016375209742844392
908845,0.3266967835006113
908846,0.8582898336382436
908847,0.5812398585321866
908848,0.9996957685268439
908849,0.999582204333772
908850,0.9551707986842763
908851,0.03319454095235949
908852,0.1299645943456191
908853,0.9762013308387565
908854,0.9997172783883463
908855,0.49408672548201626
908856,0.05733273951726536
908857,0.9997794761187463
908858,0.9991041429118733
908859,0.8836310750424662
908860,0.9999799994898626
908861,0.053675265133343225
908862,0.9946944531087709
908863,0.10449399516585739
908864,0.014929060270800033
908865,0.999603340161523
908866,0.3482706279980967
908867,0.03072075839725201
908868,0.9997530804816195
908869,0.2215072115889275
908870,0.9776381813831359
908871,0.9986802352810337
908872,0.9999748320766808
908873,0.8048184409860399
908874,0.07937901761625053
908875,0.9826822949921326
908876,0.6051579320497694
908877,0.3848189953549058
908878,0.3392773332217863
908879,0.9917114018332044
908880,0.3223619524043235
908881,0.9922859248343388
908882,0.9612769352505425
908883,0.9339524735410896
908884,0.7153464216169105
908885,0.05312202181645015
908886,0.28144034524455525
908887,0.9626968929324812
908888,0.14596629100586792
908889,0.9999297401810667
908890,0.04915756375102244
908891,0.46361054264060686
908892,0.896837338298618
908893,0.9995225999756387
908894,0.9852082228228957
908895,0.9965729455874687
908896,0.9740998243484387
908897,0.5741762400982615
908898,0.7242609357030954
908899,0.998566662212899
908900,0.9991297828770134
908901,0.08618361227840175
908902,0.9972977644068649
908903,0.8713738848322614
908904,0.9995164576963482
908905,0.06786262623513313
908906,0.0752935418852525
908907,0.26940693911814795
908908,0.8499294457728254
908909,0.993464617577962
908910,0.8250815505911704
908911,0.14774500498054333
908912,0.9989887632466267
908913,0.06252738223522028
908914,0.9996685360491848
908915,0.9313942738994601
908916,0.9712652396721274
908917,0.8460286103553045
908918,0.9989125247301143
908919,0.9847703433167596
908920,0.013141488807264063
908921,0.9770525644243566
908922,0.993577652318885
908923,0.05222366034114139
908924,0.7923063258380818
908925,0.9939707567803694
908926,0.9997842723279871
908927,0.3565348983172473
908928,0.4613154792336496
908929,0.033335175789644074
908930,0.8804955072632814
908931,0.9077149986034946
908932,0.02948326591056734
908933,0.40385967598208017
908934,0.7068987309172639
908935,0.7254563052816712
908936,0.4601987196114872
908937,0.9705716329695799
908938,0.30508510931057436
908939,0.9885126765076654
908940,0.29592615795682714
908941,0.5683903825178283
908942,0.11966151817582274
908943,0.9995416974725498
908944,0.9334594664992887
908945,0.0077913022045728066
908946,0.7296337732106369
908947,0.9999447981185817
908948,0.5617712116315466
908949,0.9997978830259665
908950,0.9998051545764262
908951,0.999486921727252
908952,0.9556071332486078
908953,0.3010562382020765
908954,0.1682092952633688
908955,0.9932824577880863
908956,0.16366139214319253
908957,0.10522655071654771
908958,0.9794600387080394
908959,0.893189792987819
908960,0.01588079411534716
908961,0.7318505933477373
908962,0.9998966994731208
908963,0.9887347259848831
908964,0.8964531568434426
908965,0.23502567304454808
908966,0.9848889453562298
908967,0.04202403553347645
908968,0.9209416038403103
908969,0.2404261337081775
908970,0.20956273020146707
908971,0.9988117680062801
908972,0.9991358085900641
908973,0.7156948552370137
908974,0.05845945595240365
908975,0.004481142334073729
908976,0.9936435700085114
908977,0.5858287910564205
908978,0.6323157437269513
908979,0.03175215323964137
908980,0.37468766829622235
908981,0.35702357308523996
908982,0.9926222288717964
908983,0.9974930870035762
908984,0.9950288970954582
908985,0.9999757330077965
908986,0.3847800107212026
908987,0.9999725709268688
908988,0.9829525224891911
908989,0.9994313337965566
908990,0.01624744313324432
908991,0.44914901039011523
908992,0.9945347146380148
908993,0.965034566381916
908994,0.2052028756759764
908995,0.9982246755872115
908996,0.9999147313401505
908997,0.9999594997495294
908998,0.06367861001029669
908999,0.5825802913632601
909000,0.644296776495461
909001,0.9938518620320584
909002,0.9997632989280184
909003,0.9218761543848313
909004,0.9364734767359528
909005,0.9513662395738529
909006,0.029948569408995904
909007,0.9785815363696327
909008,0.9910479146356151
909009,0.6248098715816842
909010,0.31771345553658437
909011,0.856410670855503
909012,0.9992513753736282
909013,0.013966931828454833
909014,0.9983760039834653
909015,0.6134853950015116
909016,0.9406425417729419
909017,0.0449556201472333
909018,0.18978885763385195
909019,0.7977275458703758
909020,0.6157786843228475
909021,0.6324268800646343
909022,0.005685790753625264
909023,0.9994055469312879
909024,0.9462125705331403
909025,0.027407629945574184
909026,0.621076164314557
909027,0.835278626218936
909028,0.14434054009680652
909029,0.006490133257203321
909030,0.999943826660513
909031,0.12293482621386329
909032,0.9976999897202194
909033,0.9319015111965392
909034,0.996631814706066
909035,0.9937356883124834
909036,0.9999023644053755
909037,0.4056314464509788
909038,0.36709945304467795
909039,0.9998479694487796
909040,0.02859036600065115
909041,0.9971317200738298
909042,0.9904054839647274
909043,0.9991192668972788
909044,0.9999267792136374
909045,0.11683911958656873
909046,0.9763951426884121
909047,0.08417179771208022
909048,0.9257665391263549
909049,0.030466887768355808
909050,0.9681051287309563
909051,0.999886389285505
909052,0.9178766470438229
909053,0.7803278264719136
909054,0.31899790115476023
909055,0.620375091751076
909056,0.9843162951226304
909057,0.9988942980371163
909058,0.9998804401892397
909059,0.9996307830582623
909060,0.23379192217733252
909061,0.02035407285525684
909062,0.9981631627140096
909063,0.9998843316398435
909064,0.4960609108216596
909065,0.9996679678761239
909066,0.7075761940027119
909067,0.9998626771489656
909068,0.9994601328205808
909069,0.11511016269048367
909070,0.9859036528332057
909071,0.9224851790886934
909072,0.9997138707852893
909073,0.9999175124190244
909074,0.006494853271528776
909075,0.48250914268912004
909076,0.9949327131161376
909077,0.9327852355264219
909078,0.18658570954007753
909079,0.0034980959514866483
909080,0.007741954450653032
909081,0.1789214898194886
909082,0.35164833102424004
909083,0.9998419411464826
909084,0.9998826769400302
909085,0.9986941973771786
909086,0.04146152740762342
909087,0.9999908950136078
909088,0.6445897923443188
909089,0.9823011301210527
909090,0.8067593873360217
909091,0.9999878945310173
909092,0.936143770566219
909093,0.1665677245427626
909094,0.5239399244352354
909095,0.9426057505176678
909096,0.5495138527264621
909097,0.540008871669609
909098,0.37038328840019863
909099,0.9999397769973226
909100,0.9905987981334106
909101,0.18349245474896064
909102,0.9968700717455091
909103,0.9999058621970579
909104,0.03866071248598376
909105,0.9262775135418024
909106,0.45628770664567875
909107,0.6198083607929552
909108,0.879943927600719
909109,0.18108826122983657
909110,0.7073501744178472
909111,0.9775439151754497
909112,0.9941739981552422
909113,0.01708867289002739
909114,0.9057922689268376
909115,0.9570626307273931
909116,0.14658996528420007
909117,0.9995151252427081
909118,0.8546897262680038
909119,0.6604568610224261
909120,0.2205985395390783
909121,0.43809292031658686
909122,0.9998025495824095
909123,0.9998230112766859
909124,0.21681800987224825
909125,0.52355826173317
909126,0.06018189696916897
909127,0.843556945963432
909128,0.999372109479288
909129,0.995558273623032
909130,0.999825770808894
909131,0.9977303949913787
909132,0.999832100454803
909133,0.9949505110513548
909134,0.9999944010889821
909135,0.5556137552352728
909136,0.9735831496067475
909137,0.9038331572662568
909138,0.6828127984075242
909139,0.37053964136194567
909140,0.04008765427389192
909141,0.9992804052415765
909142,0.013909517988538789
909143,0.022151080506247936
909144,0.034008147692711044
909145,0.45990970672561254
909146,0.9838026157508005
909147,0.058387860849032205
909148,0.9998366978563518
909149,0.999669081142002
909150,0.9993708171832003
909151,0.3972487493920946
909152,0.9999709114321728
909153,0.1450605380324068
909154,0.9967134153119313
909155,0.8776283413177004
909156,0.999621487467034
909157,0.08265148668693727
909158,0.9236921795161422
909159,0.999396972135459
909160,0.3992702020880492
909161,0.9147586058293296
909162,0.3258252516156622
909163,0.9998853155821359
909164,0.11329924281506734
909165,0.8610655424843721
909166,0.32649591815558665
909167,0.06009932581936902
909168,0.012693333850558894
909169,0.9999158256507059
909170,0.778325241940875
909171,0.9885889537202726
909172,0.002214438633796557
909173,0.9995904472461085
909174,0.37502280130602933
909175,0.9990163457981769
909176,0.8054119730773599
909177,0.8841428955135393
909178,0.9809678663558596
909179,0.9999684703307594
909180,0.9925945194883572
909181,0.9419581978155597
909182,0.3976834617042128
909183,0.9997845281033412
909184,0.972539628918662
909185,0.7925476682049228
909186,0.02646187415792827
909187,0.9780509909727502
909188,0.9968479800880973
909189,0.9976574031347363
909190,0.6626371981318511
909191,0.7842282589899459
909192,0.9929011694507863
909193,0.31647149510465444
909194,0.9046093620721393
909195,0.9990939139883503
909196,0.9999388188879472
909197,0.9955378056394242
909198,0.9778108602575056
909199,0.14555831828239665
909200,0.9996251160681897
909201,0.9955483698226937
909202,0.20071206182550616
909203,0.518860350796556
909204,0.9997636677170803
909205,0.9939643896049821
909206,0.9996784220019879
909207,0.9988182011414443
909208,0.9969199744525226
909209,0.7744910666933077
909210,0.048620461581548334
909211,0.3834398526833649
909212,0.9661768809027098
909213,0.9997990050580994
909214,0.9970643618099341
909215,0.2610227781865398
909216,0.9322976316038379
909217,0.18662291141040632
909218,0.3227845189940779
909219,0.9488795163832386
909220,0.15042897885809295
909221,0.8482357014851281
909222,0.940985017182032
909223,0.9829760205290078
909224,0.9997120849775778
909225,0.999793796228118
909226,0.7754532936638265
909227,0.8369882497409682
909228,0.07829325394201608
909229,0.013896071009723652
909230,0.8817214979451853
909231,0.9987057985959703
909232,0.9999455194105247
909233,0.9997137501366783
909234,0.9466044649490538
909235,0.9994452847650047
909236,0.42000788721955096
909237,0.9951774156498162
909238,0.7235586465062456
909239,0.4134084809218335
909240,0.5939253524409639
909241,0.13538442274883483
909242,0.9762366012029875
909243,0.8682796579240577
909244,0.8444229256157134
909245,0.18218198298292065
909246,0.9999446259684922
909247,0.990446654688953
909248,0.10945021487502286
909249,0.9996133892727158
909250,0.999728078072491
909251,0.7173428454184955
909252,0.9994486400374465
909253,0.9976109702712749
909254,0.9985859925165244
909255,0.9999230319744705
909256,0.9995567944525938
909257,0.9997670974419659
909258,0.0026683083632055887
909259,0.9692576305156847
909260,0.7219357129321006
909261,0.9949505228786288
909262,0.043763552771498224
909263,0.9912704984815176
909264,0.1156287205595257
909265,0.9998206434094528
909266,0.4460895389129592
909267,0.9997221961968353
909268,0.427346496404329
909269,0.02633363289369632
909270,0.9990910176566468
909271,0.143483505837841
909272,0.9996651641800094
909273,0.8858695646328018
909274,0.9999814349615104
909275,0.42782267025283954
909276,0.9666457916938265
909277,0.5387650385656728
909278,0.9958728820465603
909279,0.9983953351153089
909280,0.040598268531099095
909281,0.634787546522156
909282,0.9908228602167438
909283,0.5043039451368679
909284,0.24816036648605555
909285,0.9987533139154257
909286,0.9955574546265686
909287,0.8205022000584087
909288,0.10605624174761913
909289,0.03729583145050632
909290,0.9991431172083389
909291,0.9999506257381332
909292,0.66188435514496
909293,0.7586010745343672
909294,0.9968445657493512
909295,0.9240070666068743
909296,0.895557614448338
909297,0.9949501659337839
909298,0.9558120289566956
909299,0.9985537731066456
909300,0.9805322310008409
909301,0.06842620299493557
909302,0.3487043801439136
909303,0.38092912568881093
909304,0.8351941616553102
909305,0.4696207049003706
909306,0.9980667740815475
909307,0.5797910794875014
909308,0.9997872700547168
909309,0.999831040085974
909310,0.013030569031077296
909311,0.9996037404380994
909312,0.9908994969442582
909313,0.6445909074371641
909314,0.00720429020268941
909315,0.7527924588833672
909316,0.8025152443044214
909317,0.7619334863040154
909318,0.4717969851201066
909319,0.9937595310026336
909320,0.09980118575295344
909321,0.2038125809129213
909322,0.6858597271050751
909323,0.14378080749436062
909324,0.9982940267164829
909325,0.7176772184046536
909326,0.9999661729710559
909327,0.31396199879274456
909328,0.9958848399971054
909329,0.5410456139907169
909330,0.3752174365775666
909331,0.9877382500541887
909332,0.6353735394008939
909333,0.4044646697470109
909334,0.020702360078600088
909335,0.99944213618267
909336,0.9821732722087548
909337,0.9994607055660669
909338,0.9989971200317564
909339,0.020568574740892714
909340,0.9879193149172938
909341,0.9461092261239894
909342,0.05748004741443427
909343,0.9984197016354162
909344,0.9999369578210582
909345,0.7587288276352913
909346,0.8126347121786145
909347,0.630053552250492
909348,0.9083129626876217
909349,0.8334595693473312
909350,0.14017207551678634
909351,0.15454738163586618
909352,0.9981196411170239
909353,0.7395025547386807
909354,0.020485661236812787
909355,0.23452890522486025
909356,0.9928190069723581
909357,0.0474084597295186
909358,0.6967312048043893
909359,0.9990426606115725
909360,0.3219475214174725
909361,0.999561926360204
909362,0.8737810741602063
909363,0.8410083688133345
909364,0.9993476484655668
909365,0.9919926326767674
909366,0.16152564394178795
909367,0.9964834199542432
909368,0.9988611851121028
909369,0.7015710098398826
909370,0.08945919169025882
909371,0.9996979488705156
909372,0.10426786004146898
909373,0.9733890218131769
909374,0.24898300350264155
909375,0.18378334052711115
909376,0.9998560470190118
909377,0.698635185917596
909378,0.9876624582448938
909379,0.9873198469560145
909380,0.9994210390911625
909381,0.00396871059765562
909382,0.6262055388286629
909383,0.9316301495200984
909384,0.999002263180188
909385,0.9895060182609882
909386,0.8464985633496889
909387,0.9995066460590827
909388,0.9997697576416587
909389,0.999826666831098
909390,0.9998087639049732
909391,0.9996376403460383
909392,0.0628601974054925
909393,0.9867878581394216
909394,0.6787985878540453
909395,0.9887366077755515
909396,0.4591663898615681
909397,0.028090391538756494
909398,0.07650165913552257
909399,0.9999841000485561
909400,0.9996827241850101
909401,0.9964391002073085
909402,0.9997994820269431
909403,0.06780789245750987
909404,0.9981562790678458
909405,0.188146530945267
909406,0.9996771892929655
909407,0.9998472860080878
909408,0.9998524613400124
909409,0.2667209920540068
909410,0.8579227725969143
909411,0.9998870725223011
909412,0.9996228378634078
909413,0.9995496804290409
909414,0.8272813270698418
909415,0.9655875209805453
909416,0.9955524463763816
909417,0.9997882593677399
909418,0.975259496337844
909419,0.8895633873262316
909420,0.9301458394368691
909421,0.9994891386787463
909422,0.823831517041282
909423,0.9990789301379628
909424,0.6810466658486124
909425,0.6046203177248881
909426,0.13146100574145833
909427,0.16382765369066848
909428,0.9995265580851989
909429,0.4353587614857893
909430,0.738477830764138
909431,0.13953953821871154
909432,0.9298059478287304
909433,0.9873380186613234
909434,0.9999782133552342
909435,0.999891731384016
909436,0.7238027790121516
909437,0.11755155917674084
909438,0.9999570190424537
909439,0.19044218074635597
909440,0.7730687876405616
909441,0.9993052260779793
909442,0.9082300515246577
909443,0.7915887944688913
909444,0.10695067247748999
909445,0.9993115496623126
909446,0.04422890054790235
909447,0.03317651109759401
909448,0.9906765154968051
909449,0.11704211276213619
909450,0.9990202910270343
909451,0.21181978555300873
909452,0.9976062199712914
909453,0.9396907368465026
909454,0.19367547919119782
909455,0.999506915980301
909456,0.7092673832025614
909457,0.7772437304744984
909458,0.9997328815658464
909459,0.6765179566109611
909460,0.025501663512013693
909461,0.8130063369865459
909462,0.9938572410963791
909463,0.13317769391636686
909464,0.5110471778101378
909465,0.777833609025091
909466,0.99940406402408
909467,0.9935904540044942
909468,0.9989211431092893
909469,0.9993891200035747
909470,0.9966394332174767
909471,0.9976843739287257
909472,0.9999025127183137
909473,0.9994067251726626
909474,0.8732898857068047
909475,0.9977906024475095
909476,0.9998227380939722
909477,0.1552531308937809
909478,0.4960276161596606
909479,0.9730439166929823
909480,0.997611483879153
909481,0.41340970018775774
909482,0.9338626775205995
909483,0.9999836877939283
909484,0.9995616371547907
909485,0.8268834889790925
909486,0.9983431678904584
909487,0.06965899337199005
909488,0.4216059988571703
909489,0.05917633976437806
909490,0.7013728629869624
909491,0.999724964609805
909492,0.02418780449411395
909493,0.4715843399893633
909494,0.29516865702068684
909495,0.9976913221275996
909496,0.959179120831799
909497,0.9610347085719095
909498,0.9997228399742886
909499,0.6217241051070124
909500,0.9966204640179483
909501,0.9792135091789899
909502,0.99065562421131
909503,0.9987919489734811
909504,0.6732525609814956
909505,0.9793798419120818
909506,0.0012474578631362328
909507,0.15178273533028885
909508,0.008717669219965963
909509,0.9999362365127689
909510,0.9933618441065333
909511,0.9998467782495184
909512,0.7074974223193395
909513,0.9993658604885057
909514,0.9998631610272337
909515,0.9997110751426503
909516,0.04475146830791679
909517,0.6740336129050035
909518,0.9998257556587198
909519,0.9694742258018569
909520,0.9986313405354945
909521,0.6734283375440605
909522,0.9917172145983264
909523,0.9816086747808797
909524,0.48629443716842846
909525,0.45822810169159506
909526,0.8002417051368959
909527,0.5170355130046558
909528,0.9900662201367714
909529,0.9999498165211138
909530,0.9465073971817993
909531,0.8676214028725944
909532,0.2639062106540083
909533,0.9856857046819609
909534,0.9995278891706416
909535,0.6775754058115542
909536,0.33639145813076676
909537,0.962928162927384
909538,0.8326845835674281
909539,0.995648363073062
909540,0.02278598313360507
909541,0.9013764190893842
909542,0.9988383073834053
909543,0.9950519767808913
909544,0.9004130843802548
909545,0.9985106017850089
909546,0.26255058525983666
909547,0.7247961410801329
909548,0.9990867826770815
909549,0.9967998976694703
909550,0.3884443728586059
909551,0.9999353238243991
909552,0.7863088316414693
909553,0.2339291832175926
909554,0.09945860857950004
909555,0.9992796326340532
909556,0.28071177597943364
909557,0.48256545205305523
909558,0.03648779417626007
909559,0.7090984441913017
909560,0.6011744248546627
909561,0.9999854799695125
909562,0.9995784033126014
909563,0.9659202541067266
909564,0.03591650773773829
909565,0.8098970574746458
909566,0.9999381018280648
909567,0.9985146061993234
909568,0.9991232216188188
909569,0.568564678726436
909570,0.9955137648710364
909571,0.9986663537200589
909572,0.9855820539281485
909573,0.9999190903987467
909574,0.479826748211918
909575,0.251221055777487
909576,0.9651536991661624
909577,0.5671065709176479
909578,0.9467299938542237
909579,0.004693307206056626
909580,0.8995579638287361
909581,0.26601333239451985
909582,0.5511562853407403
909583,0.9909679789590542
909584,0.022615626019301432
909585,0.9998843687843415
909586,0.6848812969408052
909587,0.06883891080166407
909588,0.7804543466121299
909589,0.9999614720967411
909590,0.998068119755833
909591,0.009681298269597023
909592,0.9999875628200261
909593,0.23599506607142853
909594,0.999306208316592
909595,0.1052899236964127
909596,0.8033190867573351
909597,0.9920613537001257
909598,0.7429596353650223
909599,0.017769796554168854
909600,0.3498368808885802
909601,0.9998688560648776
909602,0.034600895598781545
909603,0.5355096507836485
909604,0.7294186520770902
909605,0.36718078609967636
909606,0.960603554297353
909607,0.015357351677404159
909608,0.9394113579625754
909609,0.9812755903002073
909610,0.044062648912866806
909611,0.5176890986051971
909612,0.07588350080143325
909613,0.13647012587784946
909614,0.2773280579124454
909615,0.0146523016204184
909616,0.6151245108513055
909617,0.9968756648819239
909618,0.4779558672806917
909619,0.9997416488804083
909620,0.9997417912969818
909621,0.9999502348753004
909622,0.9993155088362929
909623,0.31483792712953323
909624,0.9952376301657516
909625,0.9999767775478091
909626,0.999896329730353
909627,0.17805489918274317
909628,0.9386678429235633
909629,0.05875001186013805
909630,0.010614729905902415
909631,0.9963737846997379
909632,0.006475543987092633
909633,0.3212942243893326
909634,0.9999681907338638
909635,0.2900014583926808
909636,0.7136262718864658
909637,0.8782821957285252
909638,0.344753626776987
909639,0.6992152470984699
909640,0.8305004688884543
909641,0.9946653272418067
909642,0.9999810865282353
909643,0.9997469205849709
909644,0.8482083515237911
909645,0.9554244157454965
909646,0.018204013102253398
909647,0.1288229574717504
909648,0.9997263190510322
909649,0.5987794199348707
909650,0.6450599019096861
909651,0.6435313647990537
909652,0.9997242259992282
909653,0.9972485964083855
909654,0.9532734797338315
909655,0.028431368641582647
909656,0.7563422486939925
909657,0.3755268195653861
909658,0.4805973531147446
909659,0.039546946353966814
909660,0.4615395084218277
909661,0.00286758563533761
909662,0.0831675815911492
909663,0.6707512503250298
909664,0.9866350514775618
909665,0.8488153935352519
909666,0.9713741195506762
909667,0.46864702598506175
909668,0.1610931435240573
909669,0.9192355089185793
909670,0.21276969486762368
909671,0.235228671024033
909672,0.016259008193058314
909673,0.9999498374518754
909674,0.9985666574831704
909675,0.999047409614203
909676,0.9999662727637771
909677,0.9761444904717174
909678,0.19449062754363172
909679,0.9999861178337235
909680,0.9993247364034934
909681,0.3718433473829578
909682,0.9969599032258984
909683,0.46138328950422824
909684,0.9997679776917789
909685,0.025759508671184164
909686,0.9974248025396714
909687,0.9768453860560208
909688,0.7913625708500835
909689,0.9995130683751269
909690,0.9676930280879243
909691,0.020654884694177505
909692,0.9993827466544272
909693,0.9739647828623583
909694,0.11959267211783366
909695,0.9711426338758983
909696,0.8274303981543156
909697,0.9764950329650233
909698,0.9975442538206595
909699,0.9604384424200636
909700,0.956014796920609
909701,0.9193455636915071
909702,0.9988147278017794
909703,0.8837726439877431
909704,0.9999148791912622
909705,0.687833240509261
909706,0.9996441902752335
909707,0.20359933744583106
909708,0.19285718763766976
909709,0.9987025890106505
909710,0.999893290760452
909711,0.999975732883126
909712,0.9898075383435923
909713,0.9999485928273606
909714,0.5615101265671751
909715,0.42820025203020967
909716,0.26681685152368917
909717,0.04994006188878244
909718,0.998571428575965
909719,0.5964596732264964
909720,0.9770261469766119
909721,0.9745279238064531
909722,0.9912072836877316
909723,0.9980362832141556
909724,0.9998176064790711
909725,0.11577568144631169
909726,0.9997868876639523
909727,0.8268264750000472
909728,0.9997241086983305
909729,0.12903540180184897
909730,0.9939543878979098
909731,0.02558643536922656
909732,0.9998570774234141
909733,0.022709786616753304
909734,0.3484812281558614
909735,0.3220594125725958
909736,0.07424321462555977
909737,0.9939800933234252
909738,0.9987939543749119
909739,0.9992063936782346
909740,0.9993938153303344
909741,0.9406781320364545
909742,0.6608230613951689
909743,0.6171588094102501
909744,0.89352016358815
909745,0.9102591800164324
909746,0.03561717418522384
909747,0.21027719675215112
909748,0.41654862109113555
909749,0.4103452636934226
909750,0.9319126122961015
909751,0.9609831670037512
909752,0.9988641821017232
909753,0.7257355101254619
909754,0.670171610997206
909755,0.3099115998756913
909756,0.4759383748685149
909757,0.9234354826306723
909758,0.9999287873296621
909759,0.9995675050066553
909760,0.015382132260746122
909761,0.538688818397722
909762,0.9471301903857746
909763,0.040190629630647845
909764,0.9921423358447294
909765,0.36179896601638306
909766,0.9997400275473397
909767,0.9927226406667177
909768,0.5903568845745354
909769,0.9999423829949906
909770,0.06352979732912256
909771,0.945714332670283
909772,0.5559332479925918
909773,0.7505759663718734
909774,0.5024351817003931
909775,0.4950465950852311
909776,0.9887139599541275
909777,0.9979293087076307
909778,0.9999734374898839
909779,0.8577955972075513
909780,0.6144270019248597
909781,0.9789656899623106
909782,0.08127377967147756
909783,0.8739177876186867
909784,0.9965697231544484
909785,0.9867159338879771
909786,0.9998455605409239
909787,0.46836133201270425
909788,0.9969700969068959
909789,0.8476982926243972
909790,0.999453761769988
909791,0.26680141293553505
909792,0.9965888126236837
909793,0.3705395414054198
909794,0.706930288021492
909795,0.9998129956495028
909796,0.9998567311826204
909797,0.7020788437835745
909798,0.9995340562211719
909799,0.6655657734209729
909800,0.9994666037601501
909801,0.9999825400849145
909802,0.9486877729394405
909803,0.010083327202629196
909804,0.6729306458249901
909805,0.9999756537317391
909806,0.7118052461858189
909807,0.9993980205165837
909808,0.7917477780174337
909809,0.6282742205460522
909810,0.9995034002417307
909811,0.034219186466790716
909812,0.9489321414664716
909813,0.9999896982366996
909814,0.996245474248455
909815,0.9998691066810332
909816,0.10533609788116993
909817,0.9998264544098481
909818,0.05171002512040217
909819,0.017244951891836748
909820,0.999516495968279
909821,0.9988786669201466
909822,0.20900653393467852
909823,0.9837202512665313
909824,0.9649031377669275
909825,0.21410582731333735
909826,0.9995023013885909
909827,0.836711556898547
909828,0.9957362147850894
909829,0.8159904368139759
909830,0.0785366973189075
909831,0.956297087793687
909832,0.028216517066884467
909833,0.4478124175634811
909834,0.043539428729585265
909835,0.9997628531799909
909836,0.3398647593605703
909837,0.05305130391907298
909838,0.9999583700994676
909839,0.8855022066106134
909840,0.9994464885062102
909841,0.9972641747042889
909842,0.48218574218148263
909843,0.6746356896530098
909844,0.08385376632679009
909845,0.06354365529769233
909846,0.18969165694222342
909847,0.4737017117537477
909848,0.99673215559604
909849,0.7996871835150967
909850,0.2686468385704836
909851,0.022070803775290793
909852,0.2131654960070891
909853,0.07610107336190555
909854,0.06716420743816366
909855,0.4956229765537948
909856,0.9947606692018087
909857,0.9936613972370707
909858,0.999797487748693
909859,0.9998180738212012
909860,0.9676147961812649
909861,0.2995657204185008
909862,0.6097803048211222
909863,0.9325110119379356
909864,0.9998029579704152
909865,0.9996378709619822
909866,0.137927891794845
909867,0.9942585008758267
909868,0.21110597839074058
909869,0.6051392327674399
909870,0.6476551283920039
909871,0.699290895002062
909872,0.9999105921199972
909873,0.755051974173397
909874,0.6843166588373918
909875,0.8210056295038513
909876,0.9646393068109419
909877,0.9994847763191247
909878,0.8551744089746363
909879,0.4833976949988422
909880,0.9998610627397505
909881,0.9938289389551758
909882,0.129142316497788
909883,0.9971036458512028
909884,0.9982282764965944
909885,0.999986961789856
909886,0.7941613556671088
909887,0.2806521393316167
909888,0.3324361237989533
909889,0.045505249289207184
909890,0.9997151257162198
909891,0.6035852932550768
909892,0.3878858535568313
909893,0.009887846117026138
909894,0.9970479494590243
909895,0.9660575868103971
909896,0.9999129204000786
909897,0.019358917468871736
909898,0.7470329151467106
909899,0.4627328660696407
909900,0.518875415012417
909901,0.9954693087067588
909902,0.38277378179710664
909903,0.9985385155497941
909904,0.9940098694572487
909905,0.9997142300596026
909906,0.892846839445255
909907,0.5858303464423653
909908,0.868880291716811
909909,0.9999783773999879
909910,0.9983198593117402
909911,0.9997968067881353
909912,0.08951383100097404
909913,0.8817248742688575
909914,0.6772143381434942
909915,0.999395104761263
909916,0.9975931778330067
909917,0.10509646745543733
909918,0.5402882866505957
909919,0.8492056840758555
909920,0.9953874072524108
909921,0.9708508582524433
909922,0.7674761192762022
909923,0.8950159098704553
909924,0.680590007158909
909925,0.024568465151534418
909926,0.41905360043387846
909927,0.1082227070826151
909928,0.9984310490790671
909929,0.9812408859109429
909930,0.4178688018689698
909931,0.9091146928633371
909932,0.9998952111838926
909933,0.9986150963307199
909934,0.08866610570661101
909935,0.9684346906641589
909936,0.45917598838972606
909937,0.9998044712946396
909938,0.9647878185897796
909939,0.5125838804639565
909940,0.023259437736597607
909941,0.20821104870551735
909942,0.9999483110860685
909943,0.03711553260751939
909944,0.8795269453027521
909945,0.9960105232573101
909946,0.027005933049676654
909947,0.9991975454220507
909948,0.9999040161596146
909949,0.9994662777050298
909950,0.4495847059128164
909951,0.3394526301218108
909952,0.9999242085715834
909953,0.07939887843152146
909954,0.7023151281032952
909955,0.8985139864532568
909956,0.9992613736795857
909957,0.5991393379453844
909958,0.16136410168531978
909959,0.9997468406193102
909960,0.9978540691986177
909961,0.9980925051305758
909962,0.7604342069366239
909963,0.01791559189468104
909964,0.9894896823908343
909965,0.2839981186388286
909966,0.6425644822690568
909967,0.1316538710073564
909968,0.8590162038231743
909969,0.9999449523540159
909970,0.5724005499796917
909971,0.9827582039534914
909972,0.7353062797559715
909973,0.21146603844443204
909974,0.7444382778577865
909975,0.9591971924706362
909976,0.04033046063884657
909977,0.9999354979832844
909978,0.05720961467392863
909979,0.9965320416900927
909980,0.8128144661556378
909981,0.018763946466184404
909982,0.9999515745463126
909983,0.8184132456922536
909984,0.9998154708674176
909985,0.6874178881317263
909986,0.9994918049246144
909987,0.6123851488889555
909988,0.32379242516236406
909989,0.9996809238602518
909990,0.15710139007335006
909991,0.7693944554399057
909992,0.9999745863020367
909993,0.8375634928791484
909994,0.6129893305900999
909995,0.9582401960327833
909996,0.6967131973492399
909997,0.9997732398176109
909998,0.9952264214221801
909999,0.9988102168602917
910000,0.8893873174109095
910001,0.19927895298898127
910002,0.1065477951193044
910003,0.9999838731131039
910004,0.8156641800201523
910005,0.5902229720261501
910006,0.9972685799933236
910007,0.9987396656058698
910008,0.5938175365333093
910009,0.995041182910801
910010,0.010219070008607575
910011,0.07850699201250008
910012,0.9999648389798718
910013,0.06568618281243632
910014,0.9856113927280635
910015,0.9998218580062324
910016,0.9950310899701684
910017,0.9999419899196029
910018,0.6147207265019147
910019,0.9998513897837571
910020,0.9869258920856433
910021,0.452314084760717
910022,0.9847157291758766
910023,0.9937374067398034
910024,0.9776879989977225
910025,0.9997762519077006
910026,0.9592157528255626
910027,0.9997485895423601
910028,0.9906017647550732
910029,0.9760632986561328
910030,0.9998648991811189
910031,0.9987939826335304
910032,0.9949084778166728
910033,0.40128801963792926
910034,0.9907276310774407
910035,0.9969987168515492
910036,0.18341564197094712
910037,0.939969369954393
910038,0.6340958670360395
910039,0.8912807851022941
910040,0.9995794105353393
910041,0.9973420158177696
910042,0.31968100743245603
910043,0.33346757487204176
910044,0.4255381814121989
910045,0.8696871204039255
910046,0.3611064234574311
910047,0.8244571668873029
910048,0.8977012165517816
910049,0.9862109037024823
910050,0.822169821456878
910051,0.48459302958629413
910052,0.9966158331312808
910053,0.03928580100948734
910054,0.011150588976563753
910055,0.28402712119281154
910056,0.9996645034069529
910057,0.9963593944744897
910058,0.9999070585038194
910059,0.998799882139729
910060,0.9999585800884336
910061,0.8829345688435875
910062,0.4935619077271002
910063,0.983750382383585
910064,0.9999775639819953
910065,0.9994755175380892
910066,0.028798735742097237
910067,0.9997847344147706
910068,0.7215308016281491
910069,0.9813866043151893
910070,0.5864883647352054
910071,0.01876529699765261
910072,0.9979772726483765
910073,0.8904440682560734
910074,0.9996674906725065
910075,0.9937739021591934
910076,0.069326923197974
910077,0.7586334339497239
910078,0.9138005262092782
910079,0.7537797366617385
910080,0.03459784170620358
910081,0.9996545595477212
910082,0.9921604216844317
910083,0.03794992736649984
910084,0.22854158075321884
910085,0.9918577034246727
910086,0.9966533092277016
910087,0.563448347424519
910088,0.9128723514590407
910089,0.9707865954577996
910090,0.9961970846418965
910091,0.9989248445159638
910092,0.9998635739813793
910093,0.715197510109933
910094,0.878200123041182
910095,0.9983422653779613
910096,0.7898276834824177
910097,0.9948754626842916
910098,0.9999759033759212
910099,0.8354200345754343
910100,0.9990320856159834
910101,0.9656862783938935
910102,0.12436248726793475
910103,0.9999146779344146
910104,0.9944604598737805
910105,0.9734865550600457
910106,0.9784115854526415
910107,0.998570146378458
910108,0.9998396790194899
910109,0.9597307239343655
910110,0.9102048755953757
910111,0.9999848649473295
910112,0.7830289987448177
910113,0.9987171160122827
910114,0.9988617545433032
910115,0.9996568989070491
910116,0.1102491231742606
910117,0.999868627090886
910118,0.4890003492374262
910119,0.12371658260437123
910120,0.9999768111909431
910121,0.8190243407416237
910122,0.9998444980474852
910123,0.37959538239187535
910124,0.42887613720589446
910125,0.0013449972108900712
910126,0.9997270418286998
910127,0.26818500381796956
910128,0.9995120731852392
910129,0.7365157522912317
910130,0.2462613001273939
910131,0.4812397120793283
910132,0.29005996321668565
910133,0.06681941906437516
910134,0.3826168132970923
910135,0.8251755660303695
910136,0.9802876116705013
910137,0.9980112611310821
910138,0.1717636579279142
910139,0.45293894798259515
910140,0.10539429122255152
910141,0.6579711805101282
910142,0.999676239543578
910143,0.7355538037876437
910144,0.9989613807331508
910145,0.09596955488359017
910146,0.9994454293889714
910147,0.9991460645215267
910148,0.9376569688669293
910149,0.3133133083562123
910150,0.13888516636573472
910151,0.9987605189060111
910152,0.9996433511344514
910153,0.9999309583654119
910154,0.009479203507902136
910155,0.9999404492320292
910156,0.4838452810370848
910157,0.11889747696925057
910158,0.6556338382219922
910159,0.9974178628802721
910160,0.9547119333860594
910161,0.9997180982074445
910162,0.9778412808373729
910163,0.9939807949037636
910164,0.9952489326908525
910165,0.2804981511346764
910166,0.04707327297321004
910167,0.9767709209738185
910168,0.9999074680181301
910169,0.007290695948136236
910170,0.9635041388840834
910171,0.9694287205581013
910172,0.5970195920242931
910173,0.11091206111351039
910174,0.9997155211776381
910175,0.29404364031922886
910176,0.9980845371108871
910177,0.11060804477287563
910178,0.04640834982673814
910179,0.999678104245285
910180,0.8427303570817404
910181,0.9861678721429881
910182,0.7382845866142453
910183,0.9991885071645091
910184,0.7523214725420944
910185,0.9644085005942509
910186,0.9955804986503385
910187,0.9019392223588031
910188,0.7892937148648472
910189,0.170971881433232
910190,0.8840204343221705
910191,0.9442111230598236
910192,0.9978864823859253
910193,0.999868846358164
910194,0.9974842809105138
910195,0.9903082066896868
910196,0.9973049446689444
910197,0.33431148704550345
910198,0.996067055448908
910199,0.9997473899582083
910200,0.9989744607749376
910201,0.9270215635230813
910202,0.7885412500333046
910203,0.9991534523628893
910204,0.7610363922070015
910205,0.00843025653673479
910206,0.9999912799736903
910207,0.9884594777767721
910208,0.9967327976476787
910209,0.9931934186407425
910210,0.9998864158385576
910211,0.355380906450129
910212,0.2801851089199264
910213,0.9998057977860574
910214,0.06722669968786256
910215,0.09367086676604641
910216,0.30377242773226204
910217,0.3358216905499493
910218,0.10626546173268772
910219,0.7109997804535554
910220,0.9998336945657325
910221,0.9818347780909877
910222,0.9018541152394648
910223,0.6770450054757207
910224,0.999855188075631
910225,0.4914909253773222
910226,0.9985619735113087
910227,0.8034134234682067
910228,0.9998391394513599
910229,0.9999545146991489
910230,0.9986993323917894
910231,0.021172067042083447
910232,0.2854333299403069
910233,0.12487621093216768
910234,0.45107498825110126
910235,0.984203948753827
910236,0.710754389067109
910237,0.4912190825409526
910238,0.9962884439392916
910239,0.025784568980235307
910240,0.830830279459614
910241,0.9997998994541608
910242,0.09790293753414944
910243,0.9998975008479872
910244,0.8860249342569859
910245,0.9852522495377526
910246,0.06507628854011055
910247,0.9873501508898912
910248,0.010117104144150683
910249,0.9527965096888655
910250,0.690316650665914
910251,0.999690843270107
910252,0.9994386762023436
910253,0.7946965187507946
910254,0.9997898775058819
910255,0.8642232284746041
910256,0.9703097456498891
910257,0.9176676407212248
910258,0.10172333827508803
910259,0.9968213666344121
910260,0.7946591066199498
910261,0.014237255644957092
910262,0.1698592934474668
910263,0.4596927689331518
910264,0.8531154247443055
910265,0.9973453624228945
910266,0.7327956600529515
910267,0.5806279972488626
910268,0.9999756849414609
910269,0.7096971414135076
910270,0.2657193268962261
910271,0.994716806672751
910272,0.4719475181160983
910273,0.9300272045927132
910274,0.9999720147311502
910275,0.7299795845667251
910276,0.9518077065819627
910277,0.999837829581312
910278,0.999982908917028
910279,0.9955264594600106
910280,0.13472808957102544
910281,0.7323975542588115
910282,0.9949476861688527
910283,0.997909217211935
910284,0.08935049518232246
910285,0.6957425956662531
910286,0.9976261543939519
910287,0.6426689366206385
910288,0.6619152819358127
910289,0.9999077080503971
910290,0.008671691042183575
910291,0.9975374431420712
910292,0.9955491770379148
910293,0.9967176504710795
910294,0.7905526869837768
910295,0.12402436557292532
910296,0.17145933265043367
910297,0.9999790640508499
910298,0.6505500719932437
910299,0.8557332947407275
910300,0.5292347613915082
910301,0.9276295198829501
910302,0.9934659655234291
910303,0.9999497486471967
910304,0.9981494185158767
910305,0.9526383900385731
910306,0.637178130630921
910307,0.07711455592800297
910308,0.1494098517373538
910309,0.1486172023425624
910310,0.9975709876110184
910311,0.6890786815546598
910312,0.9997010314530811
910313,0.9989421329770383
910314,0.49888743883299014
910315,0.9999639109654352
910316,0.9618921983530357
910317,0.9459779098081039
910318,0.5270968663833137
910319,0.9997683507864572
910320,0.9999492790865627
910321,0.28185939460863474
910322,0.9852611695494945
910323,0.04039259703706345
910324,0.999990113705233
910325,0.9532710189976739
910326,0.9913033917101597
910327,0.9797515251443503
910328,0.9969741378525758
910329,0.6834733626170264
910330,0.9999713276784821
910331,0.5050613404080662
910332,0.9995774407080378
910333,0.9993420163924673
910334,0.9946025558783026
910335,0.5733177004663887
910336,0.5598137065928156
910337,0.6525522767979871
910338,0.9955406099016848
910339,0.9997984610346117
910340,0.9914224875948712
910341,0.9009803678628449
910342,0.971004477923348
910343,0.997741858047856
910344,0.032328807377753274
910345,0.01018114788309362
910346,0.9996633776274897
910347,0.48675481948108934
910348,0.07976255330739267
910349,0.9720555379180698
910350,0.9993957005094194
910351,0.9999050005827519
910352,0.39738481663916814
910353,0.9998077053225518
910354,0.979023752252098
910355,0.9898589676304552
910356,0.20067731051724097
910357,0.06321298965264167
910358,0.9873029780893849
910359,0.9941169641296259
910360,0.019631308840140263
910361,0.010283914223198753
910362,0.9997543708369632
910363,0.7873844113904
910364,0.9861026635193211
910365,0.05500958246025861
910366,0.9997127353852643
910367,0.8981130932854351
910368,0.999647477763571
910369,0.502807725323332
910370,0.9999841836554468
910371,0.9801892588487873
910372,0.8599137082737227
910373,0.6721749423316868
910374,0.9997108160100104
910375,0.21199974688080647
910376,0.9803747371667725
910377,0.9186567261624274
910378,0.9990850450654395
910379,0.9996250916335351
910380,0.2429824500010072
910381,0.18413539240983978
910382,0.5581793230351233
910383,0.9602002322318789
910384,0.8284227816515803
910385,0.9729022281317805
910386,0.2450058308077784
910387,0.999895823891628
910388,0.9931433406153753
910389,0.9986636489396981
910390,0.4703911575529961
910391,0.16306490340026783
910392,0.9994687771476081
910393,0.9385703527696047
910394,0.9997439163196875
910395,0.9997937261198002
910396,0.9965286973625054
910397,0.9433407093610542
910398,0.22919769074032958
910399,0.09432591885584693
910400,0.07555495073554566
910401,0.1474539876996338
910402,0.6916875550666379
910403,0.7312405869375224
910404,0.99152326951357
910405,0.7584505551785092
910406,0.9998014078410353
910407,0.1647022706624066
910408,0.999048034871476
910409,0.9869228226374461
910410,0.13748190501081592
910411,0.9913460774243935
910412,0.11475998058645749
910413,0.9998468728215617
910414,0.9984166771152655
910415,0.9969320050791426
910416,0.512605144291928
910417,0.9998897958652968
910418,0.9990623932887981
910419,0.9735198365371232
910420,0.9996485200184619
910421,0.8572229747202699
910422,0.9715914201854776
910423,0.1786553948702631
910424,0.9921436958414649
910425,0.9823594149117312
910426,0.14372018233343486
910427,0.8361806739532964
910428,0.9887260464563222
910429,0.32943675313179865
910430,0.23083259794819705
910431,0.9262521525287112
910432,0.4327040306410608
910433,0.9998810539782975
910434,0.9916538744816452
910435,0.9998807186900578
910436,0.1746072780119953
910437,0.9939153342365459
910438,0.9999221820655007
910439,0.6178702388482222
910440,0.5671277508054319
910441,0.8776334793089211
910442,0.7853883741549542
910443,0.989072913493147
910444,0.9997962273558694
910445,0.7255853835604149
910446,0.9931809100842347
910447,0.024252889588207874
910448,0.7493484777717464
910449,0.9992280136935617
910450,0.13027236082279642
910451,0.9997706325980142
910452,0.585066023150497
910453,0.45155687975762837
910454,0.5120525071822091
910455,0.06138170417320181
910456,0.3907970221694803
910457,0.43026738603402875
910458,0.9991445612507269
910459,0.9996028097151545
910460,0.9978063578684728
910461,0.9993089938611464
910462,0.9986889720204848
910463,0.26009329052633007
910464,0.9999152237852806
910465,0.8085663602923459
910466,0.12014161437704904
910467,0.9400210348956172
910468,0.9992799866455935
910469,0.9999426214433882
910470,0.9677450257632451
910471,0.7851291366816606
910472,0.09187379437692247
910473,0.7089786684118891
910474,0.9990637982752921
910475,0.7221728702657412
910476,0.04920992653852366
910477,0.9996773792950993
910478,0.9745614532834537
910479,0.9265313839666793
910480,0.7695031841742832
910481,0.32459006879298663
910482,0.39076982999183896
910483,0.9963281993956311
910484,0.790977568959698
910485,0.030308616971370828
910486,0.056622032605780366
910487,0.00634736311615164
910488,0.9254384189193259
910489,0.8536747920766714
910490,0.9999910406644076
910491,0.03489776644252045
910492,0.9971352672843031
910493,0.932348048388038
910494,0.9940114206989885
910495,0.1008653584467052
910496,0.2798203494410558
910497,0.01820909967801408
910498,0.9386573232109754
910499,0.014561187478514658
910500,0.9800673530894624
910501,0.9997573968820006
910502,0.9936106633005369
910503,0.9692596373944076
910504,0.9996174537415485
910505,0.8958261411809457
910506,0.9294741285551541
910507,0.6112983814207249
910508,0.999229929303427
910509,0.11594208648351284
910510,0.0319400509135616
910511,0.5258176730018366
910512,0.9925101567065779
910513,0.0913097886120723
910514,0.7614271822219424
910515,0.029064263956643854
910516,0.16945866475473137
910517,0.44343336451206944
910518,0.6888459259849375
910519,0.4709051681922322
910520,0.21827291033242202
910521,0.3475059541793236
910522,0.9378271507650546
910523,0.9996887119164953
910524,0.9949969638761781
910525,0.8684794722972152
910526,0.18840937918234762
910527,0.8717880716502542
910528,0.876978371356408
910529,0.9996901210049545
910530,0.8432992285149303
910531,0.9962885388356945
910532,0.9950098062580705
910533,0.9998133571154201
910534,0.9952270111068516
910535,0.7164377841125248
910536,0.9915897059317131
910537,0.9999169725066498
910538,0.3228587642867231
910539,0.07914140020407207
910540,0.9961591259692926
910541,0.826111888601299
910542,0.6335378636787714
910543,0.30857816746123157
910544,0.9992617516412211
910545,0.584421681397473
910546,0.16185515542131726
910547,0.9991549887631361
910548,0.9997006234229273
910549,0.7326177780328598
910550,0.9950070184090072
910551,0.8228252262794424
910552,0.5094124698077549
910553,0.1314221783797105
910554,0.46777558320640644
910555,0.9650629388592182
910556,0.9495833311517015
910557,0.7711899354768798
910558,0.873204306340152
910559,0.9340217729645665
910560,0.7601656796228227
910561,0.21766752878365037
910562,0.8683583237622727
910563,0.9457699159584947
910564,0.9146224841196231
910565,0.40300017550350364
910566,0.7443216928201987
910567,0.9853756495986885
910568,0.3470148801993046
910569,0.03255523530473776
910570,0.9714916904351216
910571,0.012767791342880344
910572,0.9994430802472796
910573,0.1865361810882686
910574,0.9999782755560106
910575,0.030543068520819457
910576,0.9886173232183884
910577,0.9990056822896259
910578,0.3092767033710741
910579,0.08210852964544454
910580,0.9835769831195241
910581,0.8714822336860897
910582,0.9946742437276928
910583,0.7994919327316712
910584,0.9999049470387099
910585,0.7846091542229892
910586,0.9539176410624892
910587,0.9999443504856032
910588,0.9681192041829433
910589,0.137182227035833
910590,0.01339498725217711
910591,0.9257112376392982
910592,0.9989232181837664
910593,0.9980028471510389
910594,0.9522220002741246
910595,0.0052922888000230105
910596,0.21222781231504428
910597,0.49812419895515847
910598,0.9866360523429543
910599,0.999939720991369
910600,0.8869024817054781
910601,0.7336501287198495
910602,0.9964402293934301
910603,0.9995025415081261
910604,0.9997349755345909
910605,0.9998636138718365
910606,0.5930943319907485
910607,0.1749547156573639
910608,0.9994835583687607
910609,0.7861898404520786
910610,0.6962636786025591
910611,0.9994347032510348
910612,0.9993682416481059
910613,0.6593252476354754
910614,0.06016082580603833
910615,0.4172119918279533
910616,0.7328860146518791
910617,0.9448543692823531
910618,0.9997406585464178
910619,0.056907200597122065
910620,0.06195629083098917
910621,0.9636554193734223
910622,0.6843321733416509
910623,0.9561120491900307
910624,0.9486907612453888
910625,0.4158570879422965
910626,0.01125761523094235
910627,0.9204444899960355
910628,0.9170908741067465
910629,0.8582832186651678
910630,0.9958519425095074
910631,0.9995305936891274
910632,0.07164994502476572
910633,0.9530149630960947
910634,0.9931616156212171
910635,0.5738920972448391
910636,0.7043759441603609
910637,0.9999223449149761
910638,0.9994412012249421
910639,0.9985063505669087
910640,0.9805730488223101
910641,0.038951336817802135
910642,0.9999044635384946
910643,0.9320202580471776
910644,0.30173063093472224
910645,0.45823257328498723
910646,0.09026453425741457
910647,0.9574874987517128
910648,0.9117362154072104
910649,0.8671511851822089
910650,0.8752362114500523
910651,0.20328919215161595
910652,0.5112987082876488
910653,0.999125552031739
910654,0.9985990460068055
910655,0.9997606703391533
910656,0.998459848570047
910657,0.7440547819968242
910658,0.9374197126311526
910659,0.7027217554582149
910660,0.9278401401397701
910661,0.9996732849857652
910662,0.20678560045309258
910663,0.4781047329099377
910664,0.09951163411509578
910665,0.9999483738820036
910666,0.045863698279791205
910667,0.5211703129017706
910668,0.05602594965290364
910669,0.03557266667301878
910670,0.037762455075469964
910671,0.9999740796660395
910672,0.9994413967122526
910673,0.4329188948941646
910674,0.04237675418929139
910675,0.09506000811121287
910676,0.774090294968161
910677,0.4190805100632741
910678,0.24295116699296315
910679,0.9996222879753843
910680,0.9933587947041348
910681,0.9996228913758138
910682,0.29489385537389734
910683,0.9997638414280468
910684,0.8776618744976874
910685,0.9903448735182595
910686,0.25703692478122414
910687,0.9949911190684448
910688,0.3406290594548867
910689,0.9993731263387846
910690,0.9993261576430457
910691,0.4237540905867041
910692,0.3397401496487146
910693,0.9998887079964817
910694,0.9466874925986382
910695,0.9449210035901413
910696,0.9994587754435696
910697,0.052656823895905695
910698,0.4385201605616218
910699,0.04159442634202025
910700,0.9694766108312769
910701,0.08371505333677501
910702,0.9911844299976891
910703,0.9980826532710754
910704,0.9995633233604737
910705,0.9999352428008377
910706,0.9730090180829148
910707,0.5624436066626748
910708,0.30409120594680833
910709,0.6337350269543504
910710,0.9985341472367446
910711,0.941104336782844
910712,0.9003709427401143
910713,0.8951190479076752
910714,0.31356935029258237
910715,0.9996848575039311
910716,0.9999840274224842
910717,0.8849203241169414
910718,0.6535004557693253
910719,0.9968292004000844
910720,0.9997198886495966
910721,0.3153253932844402
910722,0.9909171559829355
910723,0.03049868276590883
910724,0.9988645323944776
910725,0.694574446726639
910726,0.5506011253076747
910727,0.999488871278992
910728,0.12768809324087324
910729,0.462413754905204
910730,0.9999859571273066
910731,0.9996126966220471
910732,0.9999522095500559
910733,0.5323255042857062
910734,0.9998814187754222
910735,0.30416588218619434
910736,0.9996792788721196
910737,0.9999250295205144
910738,0.9705204630469156
910739,0.18921443701545262
910740,0.9990534073482803
910741,0.9998185445385377
910742,0.9033326103817276
910743,0.8499708478372843
910744,0.9971810617425083
910745,0.9999115623436174
910746,0.35749091344093287
910747,0.8881644860652621
910748,0.7011324414505253
910749,0.3885112468433658
910750,0.34154467301585556
910751,0.9864335075817989
910752,0.9151295120561415
910753,0.41366479824941577
910754,0.9994438067832061
910755,0.9664866998183587
910756,0.23966804962819147
910757,0.7701696182435922
910758,0.3870237544186359
910759,0.9971634159312108
910760,0.951321074334446
910761,0.9997343934598604
910762,0.9999611730926264
910763,0.5290054615495537
910764,0.20365807271538988
910765,0.9996281074024906
910766,0.2404263797625425
910767,0.6066925643397069
910768,0.3114185275257859
910769,0.9997727958919045
910770,0.9998157348138484
910771,0.8010737540632118
910772,0.9821701418884211
910773,0.8551995113146167
910774,0.967759653131964
910775,0.9999480923189765
910776,0.5605630826242712
910777,0.9999046981997965
910778,0.7846566094632823
910779,0.870431526506347
910780,0.9996494067390724
910781,0.8887518153146436
910782,0.9992314168630714
910783,0.27295419850245334
910784,0.9998121794721149
910785,0.02932683116273071
910786,0.9999922244280545
910787,0.9999105822495007
910788,0.690880798340568
910789,0.45245294886242415
910790,0.9999409286169261
910791,0.998696168958479
910792,0.8300347150843113
910793,0.01800047197137908
910794,0.4207534654472829
910795,0.9999362052684049
910796,0.9205299861103522
910797,0.992752943182948
910798,0.9926131693749471
910799,0.9957022001052678
910800,0.9847828085301517
910801,0.10018760215211556
910802,0.9955855375320453
910803,0.41279819860726463
910804,0.33231796537325076
910805,0.3906496518827038
910806,0.9996831296140891
910807,0.9997289648761598
910808,0.9413686497693865
910809,0.31223353661522496
910810,0.9995168616218753
910811,0.3501778524553465
910812,0.9930305050619199
910813,0.9988708983976222
910814,0.05313210540721337
910815,0.9989781129162643
910816,0.9984718868589362
910817,0.9404887348492286
910818,0.8151209855453204
910819,0.6366738015706477
910820,0.8037009322573871
910821,0.9990573062724587
910822,0.9999479055153677
910823,0.2209304847619391
910824,0.45738542912410324
910825,0.07431660381231639
910826,0.0648024064092583
910827,0.5100162214781301
910828,0.9971490383585071
910829,0.7332005802229273
910830,0.21869774191426292
910831,0.998215888051528
910832,0.4019930806055304
910833,0.9743107732162857
910834,0.5965102628550176
910835,0.03876291739853993
910836,0.9283904813615593
910837,0.9997190279649768
910838,0.25014259966716
910839,0.015413437358578488
910840,0.8773784301172969
910841,0.9905489922363562
910842,0.8485103153983462
910843,0.8862197302402135
910844,0.0658220406903537
910845,0.944295539649108
910846,0.7550635841172273
910847,0.9994560404327508
910848,0.5065896207846844
910849,0.9998759082725126
910850,0.846730794245158
910851,0.9963643879989268
910852,0.27422872489629896
910853,0.04002618506142519
910854,0.9997607911420343
910855,0.9451668077147124
910856,0.004840995926380988
910857,0.9815629318273897
910858,0.41961647436870114
910859,0.11670183616496929
910860,0.2315445192707032
910861,0.8802216217511589
910862,0.9997645656927319
910863,0.9999217355681538
910864,0.43560555288582353
910865,0.6998740100594055
910866,0.8089421481839787
910867,0.9960026613907562
910868,0.8863146788412235
910869,0.01269642857613061
910870,0.9976140520960531
910871,0.9999957695323938
910872,0.9929792814687728
910873,0.8338209659482639
910874,0.09577389279712163
910875,0.9956520940515492
910876,0.5158080568625912
910877,0.9999102127168512
910878,0.9999322743102314
910879,0.8027176507449976
910880,0.7955972364926693
910881,0.9995771686406413
910882,0.0606674476325508
910883,0.9572024980332919
910884,0.6535615689113261
910885,0.022860222997133355
910886,0.7476144633463477
910887,0.6538380998966116
910888,0.9885090118749906
910889,0.11506993495250561
910890,0.873844530299976
910891,0.9996233232307539
910892,0.09615353484126407
910893,0.08527341003505862
910894,0.8630881886879984
910895,0.999970228628545
910896,0.6082918466845959
910897,0.9998832273889409
910898,0.9855463658044532
910899,0.13347643565523337
910900,0.9545534560648731
910901,0.9997339543092156
910902,0.9999145371551126
910903,0.2527605745420601
910904,0.33464733138972136
910905,0.3325589415996148
910906,0.951624556823641
910907,0.9229370574970372
910908,0.7855627175364468
910909,0.6919463320811918
910910,0.9514367560464436
910911,0.769662318134833
910912,0.9980301270180914
910913,0.10936587286787625
910914,0.9997727536248291
910915,0.9993590688034365
910916,0.7333110282203126
910917,0.3528222524565424
910918,0.7970437757446178
910919,0.5331442028737062
910920,0.9992387804257747
910921,0.9674914133354574
910922,0.037078094615467114
910923,0.23803876697780899
910924,0.9999166788926568
910925,0.04856879880784017
910926,0.6787077224037447
910927,0.9998149069453397
910928,0.9994282191973666
910929,0.9998675975891732
910930,0.22317541125593499
910931,0.997893672198697
910932,0.9991972603598815
910933,0.9998361094576174
910934,0.999918929758709
910935,0.9988355307187469
910936,0.6819129530155137
910937,0.8394746664077408
910938,0.0926840296003323
910939,0.6797407823110204
910940,0.048982081920860676
910941,0.5551098844314039
910942,0.026270147440226797
910943,0.4403920526178193
910944,0.9601263659047597
910945,0.9394764719318427
910946,0.46025774203993586
910947,0.9999581991400688
910948,0.9959976988799356
910949,0.2507202695287428
910950,0.8875761276803983
910951,0.08625627966359009
910952,0.6420486765518783
910953,0.8962077435028117
910954,0.9789543071782749
910955,0.9742969333904024
910956,0.9985168054775382
910957,0.8283763203137269
910958,0.22033527823990845
910959,0.5386199543979026
910960,0.7900616457325363
910961,0.6231972208987724
910962,0.9961568520021962
910963,0.8591558611121302
910964,0.7402232117684411
910965,0.9994059031520757
910966,0.5155373234641712
910967,0.977028351145989
910968,0.9999931991172706
910969,0.07380681294607078
910970,0.01476260339002729
910971,0.909353674846122
910972,0.06468137664670734
910973,0.9927254536985928
910974,0.9813535576466116
910975,0.999891035393231
910976,0.9949934891604707
910977,0.4984279773586337
910978,0.3896947318122156
910979,0.04413687969470079
910980,0.9996622444267348
910981,0.46345241347707733
910982,0.980419815945542
910983,0.9996906019001219
910984,0.6735282617468594
910985,0.26397663715734543
910986,0.9998419934704459
910987,0.9821061993529241
910988,0.0920340644525284
910989,0.9940656427603272
910990,0.9992205082085719
910991,0.013255058091688067
910992,0.42532845187238966
910993,0.15099589979800454
910994,0.9991164347588799
910995,0.9995406151049009
910996,0.8708705519092831
910997,0.5007958575067045
910998,0.5559751227847064
910999,0.7020051045515043
911000,0.8969567019392978
911001,0.4056661630563754
911002,0.38013138848146966
911003,0.9999207406131798
911004,0.015787870384085575
911005,0.06823955194525735
911006,0.9998575297436847
911007,0.5033581564182427
911008,0.9988175771751047
911009,0.16306832208626712
911010,0.982389290398478
911011,0.00947979641873312
911012,0.9976008166956067
911013,0.9422474076968496
911014,0.9928253572070747
911015,0.985988436383099
911016,0.5630269796395585
911017,0.7200060164567113
911018,0.9716986257748369
911019,0.9997826763038142
911020,0.9995591420549769
911021,0.9975641927958162
911022,0.46514420840602644
911023,0.42871246968524657
911024,0.8647471749358377
911025,0.04879401125571613
911026,0.00675134522617825
911027,0.5854979968297905
911028,0.9883226350243135
911029,0.017801879213706337
911030,0.6585679779726845
911031,0.9809853094464915
911032,0.7223989667033899
911033,0.9997837080418392
911034,0.7783352697041988
911035,0.9977456754937571
911036,0.9951902276655791
911037,0.3165594171160248
911038,0.1345891497383907
911039,0.7204657926030033
911040,0.9857419836817414
911041,0.1450221343818159
911042,0.4305207878930849
911043,0.9950929846391554
911044,0.3930961918515528
911045,0.9998709393252004
911046,0.9988026997408388
911047,0.9997649543344885
911048,0.011533567502738772
911049,0.14851090534996253
911050,0.5334612845388332
911051,0.5159815962386396
911052,0.6214111196728384
911053,0.09212495297015089
911054,0.9132734401775774
911055,0.9999180317544017
911056,0.3048492094010152
911057,0.014986132516679431
911058,0.9410345518056986
911059,0.7805946167774106
911060,0.985752547366715
911061,0.5374639073916216
911062,0.9999889220108713
911063,0.9998365221504251
911064,0.9997898590019774
911065,0.9999784509438763
911066,0.9991479422808649
911067,0.999955592096047
911068,0.9911024261578106
911069,0.13621612397588656
911070,0.8029671525003961
911071,0.9998554219285288
911072,0.9997539471645946
911073,0.8531482387776034
911074,0.07367996666606136
911075,0.3554708465509063
911076,0.7159382122690807
911077,0.2914835253351999
911078,0.3061987753854709
911079,0.9999664167233174
911080,0.774983546235164
911081,0.9692634573787853
911082,0.5410251311199505
911083,0.04467745930022672
911084,0.9999494900763001
911085,0.4460991071187418
911086,0.47798868441059794
911087,0.9999592717525552
911088,0.6526194709509758
911089,0.9998971028509642
911090,0.9996653513999625
911091,0.4197568510933076
911092,0.02911292135679567
911093,0.8959853328858973
911094,0.0022000535823262306
911095,0.9998962102121158
911096,0.9995321248140947
911097,0.9998806499761539
911098,0.9995758999994813
911099,0.9999319985525177
911100,0.47219969644901416
911101,0.9991114993289048
911102,0.721200233970654
911103,0.9993681061435169
911104,0.9102905322748127
911105,0.5634352111440778
911106,0.9999849833519289
911107,0.9995732869903358
911108,0.8914844951186319
911109,0.9795102272267292
911110,0.6016073478671689
911111,0.980515882833344
911112,0.9956352407982005
911113,0.030323627626461
911114,0.46742793132540106
911115,0.7813100865417626
911116,0.9796235325257399
911117,0.7566714330180221
911118,0.9996919449167249
911119,0.9698039451330598
911120,0.6404921196191813
911121,0.9997735852586365
911122,0.9994602041338168
911123,0.8170414675026585
911124,0.7438590939967542
911125,0.9999758367383172
911126,0.9027041498345528
911127,0.998901750669901
911128,0.7443937461826022
911129,0.9997160844293429
911130,0.9624883088796656
911131,0.08644189913535219
911132,0.9924506912118598
911133,0.7788435544984824
911134,0.995807397299069
911135,0.9961430118311398
911136,0.013049669490918703
911137,0.9706599471965216
911138,0.9999534807515809
911139,0.8505892612360741
911140,0.4900350253961355
911141,0.3049890633864219
911142,0.9999643312086972
911143,0.9997661305723555
911144,0.9663994498995266
911145,0.9838834060099719
911146,0.033692211919418874
911147,0.8679436208128446
911148,0.9993143013383441
911149,0.044092262523015346
911150,0.10033161238329615
911151,0.20686439949949142
911152,0.020538789099956687
911153,0.7074101322465112
911154,0.2867369453262716
911155,0.4325189602118968
911156,0.9998905996566956
911157,0.9998758503615611
911158,0.9998768177841308
911159,0.9999514730150134
911160,0.4015797598482087
911161,0.006980714231990149
911162,0.999795350347039
911163,0.9011829841454263
911164,0.9895507635058833
911165,0.9995362864288748
911166,0.01540171299787321
911167,0.3271181514115981
911168,0.9995186620356973
911169,0.9465759776808758
911170,0.9978427199808313
911171,0.7019219049967966
911172,0.594071495134779
911173,0.01656285590436583
911174,0.9620997894130605
911175,0.9999148917390756
911176,0.9715450255864081
911177,0.07661630716866212
911178,0.9498670022403845
911179,0.4650364054315612
911180,0.03001102541947246
911181,0.479283160060798
911182,0.7349895159565314
911183,0.9995914026169068
911184,0.7229065963784495
911185,0.1076385338435576
911186,0.9757842413201163
911187,0.7795705718619447
911188,0.9950700198290876
911189,0.9997186687212234
911190,0.8043604627180161
911191,0.9983452231302679
911192,0.9882878060164341
911193,0.9550955874350664
911194,0.9993279249059517
911195,0.5231570641468087
911196,0.43514588156700634
911197,0.07337216198642495
911198,0.08978469255915325
911199,0.27442313946783015
911200,0.8504586668414715
911201,0.9989621713122427
911202,0.9999644042616395
911203,0.9408405631969621
911204,0.9938076570517143
911205,0.9833824324184046
911206,0.9989799430807074
911207,0.9998941896354133
911208,0.12699323625416872
911209,0.9590467977918053
911210,0.5705227903864933
911211,0.33518929695631244
911212,0.9987543770777607
911213,0.8041034306642241
911214,0.9999691519758842
911215,0.9941018577995309
911216,0.36150593543110376
911217,0.9554058529507607
911218,0.9971814173676469
911219,0.9899689455340773
911220,0.15238838532323418
911221,0.8322424577460537
911222,0.9967686536333922
911223,0.43304658668867996
911224,0.2530639322391025
911225,0.9959251411069738
911226,0.997820893153615
911227,0.9999839262408394
911228,0.9978936177441329
911229,0.8385323871340995
911230,0.9771081388321319
911231,0.8122526605377983
911232,0.9994437593131041
911233,0.7849666413621044
911234,0.9750769958133639
911235,0.9997956736375204
911236,0.9998892904500165
911237,0.9833928473704583
911238,0.996346164600295
911239,0.08854502257753577
911240,0.5686413231462211
911241,0.11498613911407221
911242,0.5391493592059122
911243,0.9999783842976129
911244,0.540493989226747
911245,0.06115530027696866
911246,0.9953721511571488
911247,0.9865094480208324
911248,0.31890885415144954
911249,0.11412042404415175
911250,0.9985171116786604
911251,0.9990328381565443
911252,0.17814775388125056
911253,0.11167290409538248
911254,0.9924438142207641
911255,0.5189829047338187
911256,0.9980075372666288
911257,0.9942968135607313
911258,0.7071816670690585
911259,0.8966570821551314
911260,0.9998081214836982
911261,0.539722672870552
911262,0.8521158909298574
911263,0.9996403205315414
911264,0.9910817697985429
911265,0.999704368360687
911266,0.9912362927459895
911267,0.9750779635041458
911268,0.02231688519310924
911269,0.9997528483530034
911270,0.9998809819906598
911271,0.9992167887727976
911272,0.05686855888365294
911273,0.7959318711650846
911274,0.42163368957239755
911275,0.993611080981845
911276,0.9906957314259888
911277,0.73874654806694
911278,0.07552600847246284
911279,0.9995206579828841
911280,0.44061764027518024
911281,0.9997891804422496
911282,0.999671293418221
911283,0.2550529765918036
911284,0.9992797889330033
911285,0.9994858669430996
911286,0.09417265611963688
911287,0.6122369135781738
911288,0.5535503225153089
911289,0.7573088738014897
911290,0.9963753698282518
911291,0.33179021644889184
911292,0.9763832749870627
911293,0.9650702045222368
911294,0.9985205788433551
911295,0.2608353072909741
911296,0.6676539430587953
911297,0.8789415137503636
911298,0.5152276727416705
911299,0.04962102500012321
911300,0.3430094464945901
911301,0.9998831009529502
911302,0.8163207048006061
911303,0.9919494712975838
911304,0.7845866601058186
911305,0.4820575601228956
911306,0.016939633858724063
911307,0.3345128837105484
911308,0.6258327766014729
911309,0.13764241774001312
911310,0.9998429115231886
911311,0.03448526233450135
911312,0.9953589989897118
911313,0.9996944522632196
911314,0.92971514177365
911315,0.9994386494036587
911316,0.45286970283443395
911317,0.04592899540614873
911318,0.846756403976123
911319,0.6034443798010539
911320,0.9896758341284843
911321,0.9998275996661873
911322,0.9809298840291729
911323,0.9877382965335348
911324,0.15586917043364834
911325,0.011656397837653518
911326,0.9978564464581794
911327,0.7311231375683223
911328,0.9985000805999104
911329,0.9997075143090137
911330,0.9772317976781435
911331,0.9974019966320566
911332,0.999401652586621
911333,0.3680492726801994
911334,0.034670574882777846
911335,0.9079845878143473
911336,0.9605543533502315
911337,0.7264907251653319
911338,0.18485011990513137
911339,0.24900327313285603
911340,0.9999696998023955
911341,0.999647434416787
911342,0.04325814821058843
911343,0.9973099242400567
911344,0.9994420432154414
911345,0.001681086532418184
911346,0.9979948722912506
911347,0.8626402926577894
911348,0.876541277815926
911349,0.16499281836893454
911350,0.43748960678611076
911351,0.0039370202176507345
911352,0.9854025045337074
911353,0.9986174104377403
911354,0.9999133401346594
911355,0.9987902906013908
911356,0.9997987432490243
911357,0.7104393999542801
911358,0.9773865681710716
911359,0.9999747623758611
911360,0.9992009009025227
911361,0.784925831463932
911362,0.021739533621804072
911363,0.9998888191030333
911364,0.9939720466111409
911365,0.44927091378784567
911366,0.9935421989124371
911367,0.7660504011875061
911368,0.9987203592868624
911369,0.9859336285574825
911370,0.010807587164508588
911371,0.15565238539236204
911372,0.9983266994766224
911373,0.9999919865506859
911374,0.8121027394043709
911375,0.0541607923625065
911376,0.10960483774331425
911377,0.9956225754206722
911378,0.7361680431514204
911379,0.5746829127922952
911380,0.9965297138084148
911381,0.5579896133012651
911382,0.9999612370726481
911383,0.028844900657140845
911384,0.9998673886794622
911385,0.6112497343055345
911386,0.15564000887822815
911387,0.5984753114189074
911388,0.9279533109701481
911389,0.08979430234468591
911390,0.9458309927096504
911391,0.5850798795075668
911392,0.8409409748436516
911393,0.4107375928990842
911394,0.9312037863261109
911395,0.8819374301476055
911396,0.007156240706231238
911397,0.9093642659636376
911398,0.8507636058568
911399,0.21167702815210285
911400,0.911559378636019
911401,0.9996511577485523
911402,0.8322894295337215
911403,0.9999205347791542
911404,0.14393069556501523
911405,0.9889820430946967
911406,0.9967379243943416
911407,0.9993945423357108
911408,0.9998606755792556
911409,0.9371031452194512
911410,0.021780463857920783
911411,0.9999311762931764
911412,0.9994756709388266
911413,0.9930813129911197
911414,0.9993760244660717
911415,0.9998836363179143
911416,0.9993635103230534
911417,0.8693738385859051
911418,0.8379479456597961
911419,0.9996386382079447
911420,0.6856767860048867
911421,0.9999726948557411
911422,0.9956406522141676
911423,0.9999106149921264
911424,0.9970628799697954
911425,0.9901218717799396
911426,0.10409073811545867
911427,0.6235755691085029
911428,0.5139878605742724
911429,0.999860574357379
911430,0.9985596610228347
911431,0.9088309205612459
911432,0.012711496458757125
911433,0.9998678554793046
911434,0.8534543191178083
911435,0.9987940493327974
911436,0.7207599348065934
911437,0.9388574264349019
911438,0.9567797566444995
911439,0.7082911612854809
911440,0.9998431250080259
911441,0.9970306997369036
911442,0.825494708783896
911443,0.9946256229226027
911444,0.9997873405734494
911445,0.032957329887850745
911446,0.009578872371468674
911447,0.9999200984372815
911448,0.015608784261282038
911449,0.9999420681182118
911450,0.09017689969351389
911451,0.9894863185204036
911452,0.9996618524978562
911453,0.013975928767863027
911454,0.9988317817482828
911455,0.9999624539381718
911456,0.7718922324120874
911457,0.5081076603965977
911458,0.0657310075419282
911459,0.17313375345853693
911460,0.99972451723641
911461,0.741004316744148
911462,0.9987079460432005
911463,0.14469196494327805
911464,0.9999696350902012
911465,0.3018288907563777
911466,0.9998002990828061
911467,0.9999370697221064
911468,0.9805891166428852
911469,0.9980340731310511
911470,0.9998256791814851
911471,0.9997601075293543
911472,0.043005860888454164
911473,0.7013879809671131
911474,0.9975467117459268
911475,0.08156355656052477
911476,0.9355787930862982
911477,0.9992237511587867
911478,0.12568315729173843
911479,0.6601085864785319
911480,0.9999683437421918
911481,0.9552922648893036
911482,0.07558103161346381
911483,0.9878912197537212
911484,0.99823454566597
911485,0.6721756041586564
911486,0.9958666453217934
911487,0.9995072715880705
911488,0.9011989019238282
911489,0.9993725518130601
911490,0.9229155253039143
911491,0.03237991530481709
911492,0.24989879775019946
911493,0.9832309515123785
911494,0.9997585957355511
911495,0.9998543304537928
911496,0.8490253623018751
911497,0.9990391937560493
911498,0.00713742020531645
911499,0.01635788707995968
911500,0.02394193473070494
911501,0.5561294643599823
911502,0.9997643742825251
911503,0.43694922014046467
911504,0.3571330026275347
911505,0.9562557162876657
911506,0.9100007489571627
911507,0.14768772563644025
911508,0.9862250033683314
911509,0.9907242639527795
911510,0.8647795469872223
911511,0.02853626897747711
911512,0.25119899336059137
911513,0.9765642983002861
911514,0.4485480791633645
911515,0.8568661403104819
911516,0.9516839879018464
911517,0.6559475583672822
911518,0.11511294976282935
911519,0.9841999515336831
911520,0.9997686091125991
911521,0.8380208290284565
911522,0.5157914984058842
911523,0.9996909617957035
911524,0.9784320222274752
911525,0.999820103993543
911526,0.9997326540440997
911527,0.045115552547694636
911528,0.9523464045474481
911529,0.9978922621806139
911530,0.07625472228589952
911531,0.3267128133827577
911532,0.9714982638116918
911533,0.9374153433507877
911534,0.9778084203344004
911535,0.983719682989873
911536,0.897836968857836
911537,0.9994063209873897
911538,0.9815977381719707
911539,0.8491343161319889
911540,0.9965324532972627
911541,0.9965224555513392
911542,0.9999802963720709
911543,0.9997254589765352
911544,0.07713374361642064
911545,0.9998212729211473
911546,0.9801123005895698
911547,0.986201953407926
911548,0.9880747156641924
911549,0.9996982985723324
911550,0.0071152547069641085
911551,0.9955666871426496
911552,0.01843470531829045
911553,0.7590186825824512
911554,0.9978454676385426
911555,0.013444161522251634
911556,0.9949409132738328
911557,0.12335751352007102
911558,0.9998881138352769
911559,0.7638674027441148
911560,0.0035897586785924094
911561,0.06801956672159705
911562,0.7845925213888193
911563,0.6518728516334231
911564,0.029883022759235323
911565,0.9375381059090763
911566,0.9999862647627069
911567,0.037340948853537205
911568,0.7688318790610877
911569,0.025581499741637544
911570,0.9784719110849756
911571,0.7040502933204059
911572,0.8303710928292691
911573,0.989809373370574
911574,0.9997790293758448
911575,0.9998637870105004
911576,0.11102404393828927
911577,0.9652711255006157
911578,0.18277397214857527
911579,0.9993399088274393
911580,0.9788448148151528
911581,0.4753483714581731
911582,0.1076779423593735
911583,0.9997561821876737
911584,0.6640299603033823
911585,0.9998523256595055
911586,0.6210573474077606
911587,0.9256087769063948
911588,0.9867425395259387
911589,0.9999817407179938
911590,0.9990963643996013
911591,0.8487851244723419
911592,0.9930884702533054
911593,0.8585497606463084
911594,0.9920080240114894
911595,0.980775684456088
911596,0.9939179033478128
911597,0.9998970075496721
911598,0.9999472745664842
911599,0.9968396634032238
911600,0.9995664764532204
911601,0.32670588880206713
911602,0.989943380756693
911603,0.9838370241232761
911604,0.9346861061902071
911605,0.9942895607674009
911606,0.5981186772909592
911607,0.40348197537496455
911608,0.9521538582894535
911609,0.7939833383069763
911610,0.9995349776478418
911611,0.7747666120159364
911612,0.10071741370987738
911613,0.3464017265917953
911614,0.9797401172083677
911615,0.16449889612891172
911616,0.010438261850382345
911617,0.46339098797607836
911618,0.16197407211830364
911619,0.9999293462155328
911620,0.9999882381928356
911621,0.9472519741960387
911622,0.9999644751974615
911623,0.6062003527489064
911624,0.9980676969372363
911625,0.998424741828235
911626,0.0689452887229629
911627,0.9666262401922734
911628,0.9877212944547622
911629,0.9997765569356087
911630,0.5511220594584096
911631,0.004602218780481004
911632,0.21692876035250425
911633,0.7851011414258743
911634,0.9879200302810807
911635,0.999870791706814
911636,0.8532013928892064
911637,0.9551356912739235
911638,0.022515991980941306
911639,0.06999670194554258
911640,0.02279191900684148
911641,0.10668032582003209
911642,0.9992663929324312
911643,0.9859952185633305
911644,0.999471219099997
911645,0.5651901344290832
911646,0.9895293091579649
911647,0.09077143533588035
911648,0.9996815204991025
911649,0.5614016070909517
911650,0.11162377885058881
911651,0.9989518067762146
911652,0.9609806780787231
911653,0.5896374490802093
911654,0.8095412491475806
911655,0.4751936283040334
911656,0.9932111106637211
911657,0.8965444676551486
911658,0.1939983115148369
911659,0.9999790478150408
911660,0.9927111822907024
911661,0.6622145785828867
911662,0.988040676642882
911663,0.36499671799052824
911664,0.9960854595651772
911665,0.5225022012937545
911666,0.3487232256254847
911667,0.7661030032094367
911668,0.9452156130702654
911669,0.8940253959827937
911670,0.9821453568187517
911671,0.6365145870361212
911672,0.03680940357806812
911673,0.03774730938662903
911674,0.586788472342526
911675,0.05674066117413278
911676,0.9998375830289177
911677,0.03748900297013633
911678,0.03556701376081095
911679,0.6505099996804272
911680,0.5754070892161067
911681,0.0024940801142054143
911682,0.007952455785697015
911683,0.9990306131655626
911684,0.994132118817063
911685,0.9943744164122675
911686,0.2111793167580096
911687,0.9925987782099476
911688,0.9750529994869526
911689,0.3380849413471846
911690,0.4738258781431228
911691,0.7522985243775959
911692,0.9994373987210834
911693,0.9996030847234059
911694,0.8282178558434968
911695,0.23449375507860537
911696,0.9956204296903409
911697,0.9132222047915243
911698,0.9389782663652716
911699,0.18740429146208187
911700,0.9963309000530494
911701,0.9854192909698174
911702,0.23521235574262456
911703,0.9998023271887264
911704,0.6192448027041526
911705,0.9997507032806444
911706,0.9998481643817023
911707,0.08366179431665374
911708,0.5927005403227058
911709,0.6258748972225632
911710,0.9253857426088974
911711,0.7056516169746452
911712,0.9758652910275154
911713,0.8475138838513641
911714,0.8911166259579327
911715,0.6831961603615958
911716,0.9997085960513032
911717,0.7628791791100057
911718,0.9933361652496242
911719,0.0072924986131621735
911720,0.9999133648119359
911721,0.9757495291591731
911722,0.9998505702845669
911723,0.998120446675498
911724,0.5589739872214767
911725,0.006757644167141431
911726,0.9422593472348432
911727,0.8495653581266212
911728,0.9997249036945856
911729,0.9994958307187016
911730,0.9959362307937978
911731,0.9825051581272877
911732,0.004232487817475203
911733,0.3852782683009083
911734,0.6042948645878938
911735,0.9987377199861679
911736,0.9999631834691624
911737,0.996414568888867
911738,0.9911207263183038
911739,0.04927179952142508
911740,0.041583950975001324
911741,0.992756996696701
911742,0.7522158899215569
911743,0.6924615507657712
911744,0.9998512240475705
911745,0.9911995269193218
911746,0.15778957047759032
911747,0.9976944569973569
911748,0.9990779864898645
911749,0.9995798379856263
911750,0.27204859465597553
911751,0.19770895353182255
911752,0.9622890603767533
911753,0.9988639553261356
911754,0.4987945734320849
911755,0.9988485463741235
911756,0.7094119824404186
911757,0.4635077095888065
911758,0.9999690232456251
911759,0.09954342891129674
911760,0.22454280720130668
911761,0.4977999619916429
911762,0.9999072479323358
911763,0.999770477443196
911764,0.9279911142731181
911765,0.37518114108790745
911766,0.9935554656988599
911767,0.03345228608538092
911768,0.999947468839298
911769,0.8961584497116799
911770,0.9976291325379343
911771,0.5880582248762308
911772,0.9932626944552898
911773,0.9996204848782186
911774,0.9991828572567942
911775,0.9997476350696858
911776,0.9978796511559493
911777,0.6411790785364871
911778,0.9997913611173834
911779,0.9996449811293073
911780,0.5641554731578722
911781,0.05367038528795004
911782,0.7929938258852433
911783,0.9978908927041916
911784,0.9346233227816032
911785,0.9422499347087534
911786,0.99019011490139
911787,0.96784653934969
911788,0.9999540016009568
911789,0.9664089595234664
911790,0.997292140309557
911791,0.7258562664387714
911792,0.9967595497165702
911793,0.0753719291720176
911794,0.7498895886676644
911795,0.08432256622080139
911796,0.9919015681570369
911797,0.9999814205022154
911798,0.518865711852932
911799,0.006913852154338406
911800,0.9593482659609593
911801,0.7862246937420372
911802,0.9996092431850517
911803,0.9204846870514531
911804,0.3802277056370604
911805,0.9997685593020664
911806,0.9997490313712704
911807,0.10938471693901552
911808,0.9858076679776342
911809,0.9647056773296846
911810,0.31980287944658115
911811,0.9983850114787718
911812,0.018069569623875226
911813,0.9581730043828822
911814,0.3157760915440395
911815,0.9999519951646894
911816,0.005842537354833062
911817,0.9999708982293634
911818,0.9962427292038445
911819,0.9995657016754684
911820,0.0224805415817326
911821,0.9994784365049616
911822,0.941622123269669
911823,0.999358492746765
911824,0.009160657397445952
911825,0.4557061987138262
911826,0.9021777527822996
911827,0.9987360646049832
911828,0.2137897670460804
911829,0.24301721254803932
911830,0.999259618030079
911831,0.052590159724492866
911832,0.9999553992662222
911833,0.4241618615508493
911834,0.9990948977699483
911835,0.9989519265879868
911836,0.9969044565898333
911837,0.998577352619697
911838,0.7495244393013464
911839,0.9101160378117467
911840,0.9763440058734287
911841,0.9999640242901303
911842,0.2551049243473091
911843,0.4724602777129385
911844,0.9999439380831451
911845,0.07269045310598672
911846,0.9315061740908697
911847,0.9973291922442344
911848,0.9999262432239135
911849,0.9990140047802897
911850,0.12154550023540159
911851,0.9972122564909257
911852,0.9112925336036148
911853,0.9692157148240279
911854,0.019790420571591867
911855,0.5114034481652184
911856,0.025877402046274582
911857,0.10326032541743693
911858,0.04397184527051572
911859,0.9781068023829347
911860,0.8893653524800557
911861,0.42516925879778344
911862,0.9983728155903624
911863,0.24986340842179833
911864,0.9583161255712171
911865,0.9983085741472338
911866,0.7202874537220493
911867,0.9801369980903407
911868,0.9996676021382336
911869,0.915044677777467
911870,0.9910278170711441
911871,0.9999661824803042
911872,0.984406462859952
911873,0.07818803583021033
911874,0.9930777856712507
911875,0.9986853251263403
911876,0.9885452944138169
911877,0.8249391366433253
911878,0.9996732819551304
911879,0.9999761632180193
911880,0.9999617386014674
911881,0.9988166163869634
911882,0.997015494871615
911883,0.2387782527133596
911884,0.9998118503007944
911885,0.9986292335381811
911886,0.8014774732785412
911887,0.014967993740653211
911888,0.5504349581126159
911889,0.7732691173500725
911890,0.9964551622896716
911891,0.6676706123951177
911892,0.8564099042468356
911893,0.35177881966412367
911894,0.028696691877306398
911895,0.970740375683095
911896,0.17885599270916452
911897,0.6449904010365172
911898,0.9850460088658548
911899,0.1119204852550547
911900,0.9999860155372984
911901,0.8513163140666402
911902,0.996879985610786
911903,0.8951973550002879
911904,0.9300633805134434
911905,0.9998226321129836
911906,0.9999341387539571
911907,0.9933649148329252
911908,0.04242995840632921
911909,0.9121673604981755
911910,0.4923992730361212
911911,0.3073581515389389
911912,0.9960864346107681
911913,0.9989914886815456
911914,0.550132330689421
911915,0.7415133425570766
911916,0.8778998687561049
911917,0.975663347645195
911918,0.3294088088807741
911919,0.38285072918105645
911920,0.45334551756855646
911921,0.9955726480659092
911922,0.9999594785070582
911923,0.025490872336540633
911924,0.999913268490876
911925,0.6487279000198929
911926,0.999940224748425
911927,0.7423673238827342
911928,0.9986527825929392
911929,0.8329687639456723
911930,0.9408089150695824
911931,0.46285632287793493
911932,0.9993085558903352
911933,0.8939842620081134
911934,0.849519967662081
911935,0.9990989493488934
911936,0.9998694838879787
911937,0.9993217095077245
911938,0.8115723087559278
911939,0.999289210010004
911940,0.9999175973238337
911941,0.9994601892815772
911942,0.03058906106754046
911943,0.24200743984277653
911944,0.9822924867589222
911945,0.01451011472655558
911946,0.9994353150303108
911947,0.9964818310144707
911948,0.14704961590658105
911949,0.02431122897864105
911950,0.9987001080098503
911951,0.9996248306008426
911952,0.3464229293036215
911953,0.8902521469747005
911954,0.9999795327964933
911955,0.9997018667941493
911956,0.0328525637329461
911957,0.6972138958569276
911958,0.9964823701681931
911959,0.9999299149659389
911960,0.9896234129354817
911961,0.48412319665177966
911962,0.6827732491647479
911963,0.9997302419151829
911964,0.996082517477552
911965,0.9998958089262564
911966,0.9373934825434926
911967,0.9328559031808353
911968,0.5191882971427217
911969,0.9652190258321327
911970,0.9999742304282443
911971,0.9997640871709146
911972,0.9998011719822069
911973,0.9998680795248853
911974,0.9966342551654386
911975,0.9998140873867947
911976,0.999980715856309
911977,0.7480677508466445
911978,0.0034759711049409396
911979,0.9934331075526119
911980,0.9007004919446748
911981,0.562891442477479
911982,0.9999051889351632
911983,0.9991598874954306
911984,0.7186751210996487
911985,0.9999099954856439
911986,0.569813714151202
911987,0.9990375063304799
911988,0.9364722702377986
911989,0.9800520351804465
911990,0.9957972673145711
911991,0.9993221934317136
911992,0.9994292604667312
911993,0.09026535290211359
911994,0.9999078427862471
911995,0.3934148339172381
911996,0.31866004610046095
911997,0.998839336167243
911998,0.09194411743696052
911999,0.8679503200301405
912000,0.9998472133758213
912001,0.9999521008142455
912002,0.8113047748021762
912003,0.9995394644831725
912004,0.8957962943804628
912005,0.05975345261127375
912006,0.7913174300956284
912007,0.535198588029593
912008,0.9953899657142539
912009,0.9534737919666891
912010,0.39115978814607577
912011,0.014237425301441804
912012,0.10850092087202921
912013,0.9640358336107289
912014,0.513888403514763
912015,0.9998353308403689
912016,0.13870863061655878
912017,0.6133461785717587
912018,0.2247532339150385
912019,0.9999627716432887
912020,0.11083728444961503
912021,0.026167129890039696
912022,0.4152182535767355
912023,0.9997185688347421
912024,0.9843092781542806
912025,0.31762416397740456
912026,0.999830623840406
912027,0.9274387189290113
912028,0.38705222153879937
912029,0.9968582065724522
912030,0.057962537202537606
912031,0.9998170735370941
912032,0.9984298692270231
912033,0.023555869537420306
912034,0.997099799361195
912035,0.4076849137368378
912036,0.02684153390210237
912037,0.9997749039649675
912038,0.8790332854955969
912039,0.05600206492630444
912040,0.9999188903327618
912041,0.9506506374723293
912042,0.7229539285241113
912043,0.9517195115932381
912044,0.32052000896674643
912045,0.06189793046058353
912046,0.9357209700575857
912047,0.9994640551825152
912048,0.9914886611116538
912049,0.9999596727354625
912050,0.332620606602214
912051,0.021405310918868048
912052,0.5925655641398127
912053,0.26613656045553585
912054,0.873487759362968
912055,0.9995649484574213
912056,0.9950953246719443
912057,0.20156192964007366
912058,0.12447500467850595
912059,0.9996375444880568
912060,0.5130297181812877
912061,0.9992793661664905
912062,0.9326422054702408
912063,0.9976908292847609
912064,0.1848833163300897
912065,0.9997308685139945
912066,0.9597061811609597
912067,0.29392186661697695
912068,0.9999732179395311
912069,0.9962537742200185
912070,0.9996801542350233
912071,0.9996766060198465
912072,0.6548878767683656
912073,0.9753562963343265
912074,0.9992876432097759
912075,0.010132416125373711
912076,0.9999291343015877
912077,0.999223019865775
912078,0.8851078038966405
912079,0.9966561763544218
912080,0.9999011610127676
912081,0.9998233490307222
912082,0.6579020960552894
912083,0.9990450212452959
912084,0.9958036111851278
912085,0.8989379061417981
912086,0.9826430078750216
912087,0.35822106025234296
912088,0.9998206392487159
912089,0.9784851249314304
912090,0.9985766733612589
912091,0.9999563361742243
912092,0.19818920689810898
912093,0.08256600478561071
912094,0.8851949839679677
912095,0.18997277058543216
912096,0.8270657901119596
912097,0.7289700187271204
912098,0.023703666354952684
912099,0.9959050057962966
912100,0.8840726036714918
912101,0.8336827058786832
912102,0.1343880616743914
912103,0.9951201267884419
912104,0.9998233681587001
912105,0.8772360859912425
912106,0.9617269721738
912107,0.9994975627751238
912108,0.5350859897498725
912109,0.8608699741416611
912110,0.5733455711571016
912111,0.9997529599483002
912112,0.9918119162193397
912113,0.9996218238404535
912114,0.6339135027813403
912115,0.4074636992562917
912116,0.9993812329063517
912117,0.14530618650906146
912118,0.64203810220335
912119,0.2813771335933206
912120,0.7057215479357366
912121,0.8690935875074784
912122,0.923152804796658
912123,0.4267055262297823
912124,0.9956857549206691
912125,0.9996609562293415
912126,0.998886484259313
912127,0.19669319762527507
912128,0.11718128891720005
912129,0.7110808321010326
912130,0.01476336505339983
912131,0.5570752021557668
912132,0.9993351302763751
912133,0.9843475715671801
912134,0.8435261062544606
912135,0.9987806986989595
912136,0.27987603098141495
912137,0.8951606237932452
912138,0.9985689759605623
912139,0.6259581635779937
912140,0.16550326236598079
912141,0.9778993969963092
912142,0.039354289656118764
912143,0.3165968946889785
912144,0.792691919250928
912145,0.07101852289505203
912146,0.4923115894128439
912147,0.9785342667079775
912148,0.3263485360692466
912149,0.9993285707892346
912150,0.006880580561287642
912151,0.8982797136853169
912152,0.009206774699473372
912153,0.20124571646329087
912154,0.49739002082665484
912155,0.8146516494786086
912156,0.9553297748662446
912157,0.9998310253480663
912158,0.9993424047848497
912159,0.6222154506042847
912160,0.5960468019595903
912161,0.9991438793292047
912162,0.8528215171721967
912163,0.3412253399365405
912164,0.8095124457128888
912165,0.6767325741124953
912166,0.8158228538586555
912167,0.999739778200851
912168,0.42537461860216047
912169,0.9979031508230651
912170,0.5868174123690127
912171,0.030963184697706158
912172,0.9979918614454839
912173,0.7008641165678718
912174,0.6779956258096758
912175,0.036280813841309746
912176,0.24559938653063923
912177,0.9998712932755709
912178,0.9996018906167632
912179,0.9808851524044535
912180,0.8893987955332548
912181,0.6633728507402943
912182,0.9822268639477958
912183,0.9276410872285275
912184,0.7604240722373616
912185,0.9996382322737447
912186,0.007979783454195255
912187,0.9116392986919066
912188,0.01770757160111736
912189,0.843114539852557
912190,0.8772099870058575
912191,0.7270628451520693
912192,0.12902278874734238
912193,0.0269386813210893
912194,0.7236224092983174
912195,0.044681767543754955
912196,0.999513192147262
912197,0.9998923494380434
912198,0.03747831787836622
912199,0.890320137455274
912200,0.28474862732299766
912201,0.7587154552870441
912202,0.06599187381887667
912203,0.9948437140639645
912204,0.9933945798859964
912205,0.9999873946887763
912206,0.9999855966312843
912207,0.999362456008743
912208,0.9576376063094194
912209,0.9992445204936911
912210,0.9202378938458319
912211,0.9928170139835529
912212,0.2455885643350424
912213,0.35169388484563013
912214,0.9994498716341913
912215,0.9995802505780966
912216,0.8203206126665445
912217,0.04356202678370812
912218,0.5533164177779937
912219,0.9962449020598325
912220,0.9973523916891677
912221,0.9993738115440045
912222,0.019662056937118446
912223,0.056900899465674754
912224,0.4243167737042311
912225,0.9830739250103375
912226,0.9972090884117211
912227,0.6202876925634336
912228,0.12316661990350211
912229,0.9999386482405528
912230,0.01968282043554068
912231,0.9999189280806936
912232,0.891949374666714
912233,0.9979216352745093
912234,0.3287905776613104
912235,0.480160577615695
912236,0.9932159613994804
912237,0.12764519473745256
912238,0.07299827572614613
912239,0.747688122485413
912240,0.9989830596589504
912241,0.14253990581719111
912242,0.9996438998178474
912243,0.9971157664810933
912244,0.3861255825127903
912245,0.10905570382487986
912246,0.996298476153562
912247,0.9957760694372131
912248,0.9749965713962947
912249,0.010873835594980168
912250,0.998908772259258
912251,0.9998814362730468
912252,0.0907394506017703
912253,0.9997849471684124
912254,0.7631838886731791
912255,0.9323408589326327
912256,0.16121921604457226
912257,0.9194297132505281
912258,0.9993291639311196
912259,0.8476520370800827
912260,0.9621178635321375
912261,0.0032353895678927354
912262,0.005026204040707101
912263,0.9997333859917725
912264,0.9829702949879895
912265,0.982941771873829
912266,0.9998920747067348
912267,0.8031641851969644
912268,0.9938000098445428
912269,0.9991246146083606
912270,0.9966511209716344
912271,0.9998994174906682
912272,0.9980012243941079
912273,0.9995529036874835
912274,0.762369305867246
912275,0.9830957814624064
912276,0.018980229940937284
912277,0.9978239774885735
912278,0.8864936093489748
912279,0.9994148775323954
912280,0.9996268373996864
912281,0.8463670602354306
912282,0.9755781485070791
912283,0.42820589734192294
912284,0.9997711642760647
912285,0.9818980723540338
912286,0.4292044503111002
912287,0.037624354327298645
912288,0.9983021304026622
912289,0.11394749615784829
912290,0.9998828177565786
912291,0.6465481452027925
912292,0.2076555058663585
912293,0.1702254474791013
912294,0.9997464203737905
912295,0.41129957680569784
912296,0.999205555493824
912297,0.9990021328602564
912298,0.9998339316723233
912299,0.9973344474654096
912300,0.9999517409177754
912301,0.9998952047808304
912302,0.04536775157635531
912303,0.6968112431155431
912304,0.02580677097563629
912305,0.9274815694803143
912306,0.6326632013408116
912307,0.13790779310369133
912308,0.9948335682453965
912309,0.08149984284261358
912310,0.42717464592561305
912311,0.9306492844571229
912312,0.23599020434583978
912313,0.8346657958011243
912314,0.9767874791210484
912315,0.8410053032898106
912316,0.982397180321894
912317,0.08746689561829166
912318,0.9980264006902868
912319,0.9992903108625169
912320,0.9934301318940246
912321,0.9999496642526404
912322,0.9993698163603402
912323,0.9998179167705443
912324,0.9997343016641373
912325,0.9998301526701185
912326,0.2285369460874866
912327,0.9992740719184545
912328,0.9999828830419135
912329,0.9985117327839865
912330,0.6583784500702384
912331,0.7621222875051976
912332,0.6044739270594969
912333,0.9770893683197982
912334,0.942810226877574
912335,0.01697788696907433
912336,0.9998201380770786
912337,0.3038570653046303
912338,0.998680254932674
912339,0.7696856185626312
912340,0.16026113386005222
912341,0.9964723498450564
912342,0.9998681784764145
912343,0.9999512137971409
912344,0.993945387217786
912345,0.9243815240008045
912346,0.10865571726222036
912347,0.9878268814550439
912348,0.07422961698171347
912349,0.10134769057552565
912350,0.9975055001677049
912351,0.9999277636482387
912352,0.9572013817162605
912353,0.9999621673067994
912354,0.016536818696074075
912355,0.9927783887801553
912356,0.8411085509485836
912357,0.9935981362055282
912358,0.9938659430615793
912359,0.9556259362937027
912360,0.9994613458996022
912361,0.9950871699329236
912362,0.5860802839940787
912363,0.999414536334806
912364,0.9912285131090478
912365,0.3616876587269976
912366,0.9911043885398488
912367,0.24890992251490165
912368,0.012917030519428347
912369,0.3292681659277958
912370,0.30328250542940144
912371,0.9999452192933694
912372,0.9993394624064621
912373,0.5866155550301169
912374,0.8430360430362666
912375,0.9988496344166612
912376,0.5689647817883838
912377,0.9999762978765427
912378,0.8498889198418158
912379,0.9361883910526791
912380,0.9000086000580084
912381,0.026239512448204286
912382,0.9157466190027039
912383,0.22469793728509746
912384,0.8860491212811469
912385,0.49904919724944896
912386,0.9353439650998944
912387,0.9963417378473602
912388,0.9549475767191422
912389,0.006310934939384988
912390,0.9882550696843935
912391,0.9934670664666634
912392,0.0059393343486659304
912393,0.5496699179685588
912394,0.7568077441623731
912395,0.17867186278122482
912396,0.9997397819987792
912397,0.2956753463346697
912398,0.7212359571004023
912399,0.9994308281438767
912400,0.999817844844308
912401,0.3159824033801284
912402,0.9960259114171246
912403,0.999767702752227
912404,0.9997275633682157
912405,0.9994931326162548
912406,0.9976569990682947
912407,0.32431613038460994
912408,0.8104662680128325
912409,0.9998792587970178
912410,0.14624917935505663
912411,0.48890962016530454
912412,0.8062991748740933
912413,0.8649586086557339
912414,0.8345090867583261
912415,0.9826926307218931
912416,0.07476621803784247
912417,0.9721695586754517
912418,0.9985912912596219
912419,0.08737469177542295
912420,0.9863566738357874
912421,0.9952047102524444
912422,0.999606009957661
912423,0.5789531008177763
912424,0.9991994619003837
912425,0.14602490217100214
912426,0.01530823536851839
912427,0.9979367180741943
912428,0.31658910049424804
912429,0.12864953704208007
912430,0.7747328961247699
912431,0.9105161617692238
912432,0.9894865723916471
912433,0.9987032179662256
912434,0.7618681357570447
912435,0.9770982849738028
912436,0.998357397270041
912437,0.2787862200012211
912438,0.9999803524779778
912439,0.9975322328011793
912440,0.9872756425698432
912441,0.9999939857609436
912442,0.9997829008081875
912443,0.9979241678213095
912444,0.99830769950232
912445,0.9997804783344504
912446,0.26691599191382664
912447,0.6676721277741052
912448,0.9979363121109464
912449,0.6787216592964245
912450,0.0032867297389380873
912451,0.45602683226337126
912452,0.029193799206314854
912453,0.774704550474492
912454,0.9384312354985508
912455,0.3221106630606997
912456,0.7096993780437137
912457,0.9931977699738734
912458,0.9767679780894138
912459,0.08930821490405125
912460,0.722660050303582
912461,0.03529261090376436
912462,0.998040498089849
912463,0.9924574655612682
912464,0.2910164128815651
912465,0.9971808702981945
912466,0.007246888837095601
912467,0.9864763702396011
912468,0.9999589257766661
912469,0.9998553339784388
912470,0.9996669199838846
912471,0.999484918512097
912472,0.9988742455248787
912473,0.9975012071236697
912474,0.9989216652301935
912475,0.566441185537838
912476,0.9999158507084958
912477,0.9986870389370429
912478,0.14788007762356684
912479,0.6274184187951644
912480,0.9960863380865296
912481,0.12823645567312164
912482,0.999849678355488
912483,0.13510449017983064
912484,0.9376076782322565
912485,0.9531291097159779
912486,0.015928568812480646
912487,0.6870528930460209
912488,0.9664724168883517
912489,0.9998839410816753
912490,0.1359923883014781
912491,0.9999297420940263
912492,0.9929962857817738
912493,0.9934209620360562
912494,0.9999247331923826
912495,0.8885987534987807
912496,0.8071959646753157
912497,0.9996708463903212
912498,0.4804544953081654
912499,0.9998975672211359
912500,0.9846457024188618
912501,0.990999712913163
912502,0.12429812733963536
912503,0.32526943137689085
912504,0.9998219510446412
912505,0.765112967306016
912506,0.006693845316413611
912507,0.9356968995624659
912508,0.9821160593417371
912509,0.9957242695055685
912510,0.16671129053533756
912511,0.862041730961183
912512,0.053893326207423084
912513,0.009373703657854771
912514,0.9990018871588637
912515,0.9998146625688547
912516,0.9998165428167156
912517,0.9966322160801065
912518,0.003244692352541411
912519,0.9877158880611739
912520,0.7106588417154984
912521,0.9992827611864599
912522,0.999484462276095
912523,0.9988474774530774
912524,0.10834322980141087
912525,0.9573449423852829
912526,0.9998871988832769
912527,0.9995335792096949
912528,0.769500074313352
912529,0.5288904028690601
912530,0.9998648429388943
912531,0.9998165823107358
912532,0.9986411186089961
912533,0.14800879175472537
912534,0.8571169919864421
912535,0.3798371221518273
912536,0.3595045411848575
912537,0.9946034822076603
912538,0.9998791189996874
912539,0.999918215106016
912540,0.7147749000126367
912541,0.7085637480460926
912542,0.42992122533080096
912543,0.9949236975878792
912544,0.25705129058967435
912545,0.9778650416004815
912546,0.9840382675732062
912547,0.527829804460777
912548,0.6251530985396434
912549,0.8448956498674396
912550,0.029532770238898033
912551,0.09082669092507185
912552,0.9995632979687554
912553,0.9927594581360288
912554,0.9999911611682932
912555,0.9954482473919884
912556,0.9985824931018702
912557,0.9483111289177406
912558,0.1335755379989495
912559,0.6558282657604159
912560,0.9999662087279153
912561,0.9992060878874193
912562,0.9912822042044622
912563,0.9999499491673562
912564,0.55113011128456
912565,0.6476704352983832
912566,0.9955757885113069
912567,0.9992928397747277
912568,0.6981924407495143
912569,0.2917996677264988
912570,0.8748567289764309
912571,0.9999695950404837
912572,0.9999477923497136
912573,0.9969400401963463
912574,0.9999244508289111
912575,0.9999600631141082
912576,0.9961316403722345
912577,0.9998497519966307
912578,0.9896786451078889
912579,0.0913305124848318
912580,0.5545994886428149
912581,0.9940082849221645
912582,0.10671164126956065
912583,0.049540853985144906
912584,0.9984031963598028
912585,0.8752464732199555
912586,0.9622684679980051
912587,0.9996065631266133
912588,0.9998351495419662
912589,0.9112939648258209
912590,0.17660943352300718
912591,0.9193172572043911
912592,0.9993904017496653
912593,0.99932814975059
912594,0.9998832938462456
912595,0.8083993676657951
912596,0.34910094583181056
912597,0.18499362927407423
912598,0.9820670079980429
912599,0.13102332885252332
912600,0.8502607530947731
912601,0.09849548658547619
912602,0.9988951963997343
912603,0.41020738395975365
912604,0.8544735832684067
912605,0.923029531046025
912606,0.6858191138363262
912607,0.9965312637267092
912608,0.1032493912790571
912609,0.9973773710840088
912610,0.02603208316858152
912611,0.8553454215388355
912612,0.826371827301072
912613,0.9930708459628714
912614,0.9997524048915183
912615,0.23970992036468622
912616,0.5990568625798839
912617,0.6376462555002143
912618,0.9992760870207715
912619,0.9998401725790593
912620,0.5716727021319973
912621,0.9977717422471635
912622,0.9997968766950585
912623,0.9996971445540732
912624,0.6700263034099958
912625,0.6543012830067241
912626,0.9989497622400051
912627,0.9985916044093728
912628,0.33062947702037465
912629,0.9999527270548836
912630,0.9993386968068901
912631,0.5053910378315887
912632,0.13039978921349296
912633,0.9996870803404377
912634,0.10862515917527493
912635,0.28775998910061446
912636,0.6531999955802332
912637,0.9754585312203974
912638,0.9976252646785374
912639,0.9998828517494045
912640,0.999941445164922
912641,0.3248375059957812
912642,0.8568365370711046
912643,0.2958232024546644
912644,0.9995408201917999
912645,0.9922140988033099
912646,0.8370979118001718
912647,0.9996968952633427
912648,0.005265575699679395
912649,0.8677336847810285
912650,0.9998315310433817
912651,0.9651347889014417
912652,0.018421674927532973
912653,0.9985806210226043
912654,0.8222457044194977
912655,0.9997288842370118
912656,0.052841680368301835
912657,0.8438571127975053
912658,0.10223091315035054
912659,0.853968706009054
912660,0.9997560501828655
912661,0.9998849914992003
912662,0.9995621963634729
912663,0.999959659759155
912664,0.2491001765746707
912665,0.9343909614516746
912666,0.009299584017483814
912667,0.04434862957770065
912668,0.953021757777862
912669,0.9996509497570025
912670,0.9875856571223032
912671,0.9505447616588818
912672,0.7336149963743048
912673,0.9058897666715011
912674,0.9996480851610086
912675,0.7587840065443402
912676,0.8009712352012148
912677,0.012704792109789757
912678,0.9724684528096541
912679,0.999188130999541
912680,0.8761253966008656
912681,0.9998476815306487
912682,0.006043893800220109
912683,0.9891564044651988
912684,0.9994089911786056
912685,0.9997702506881212
912686,0.0761345723147957
912687,0.4589602701266191
912688,0.9831335838010886
912689,0.7486113943418018
912690,0.9999393972205441
912691,0.957276987378332
912692,0.06191094658894858
912693,0.459353040180991
912694,0.9996495671938673
912695,0.9588899025185393
912696,0.9463311531213404
912697,0.9901598154216159
912698,0.15560499101807473
912699,0.9881709506830971
912700,0.11482857720684517
912701,0.14037725337596432
912702,0.9961796848507526
912703,0.999815824592771
912704,0.14560558459092043
912705,0.550208072770249
912706,0.9997827218152404
912707,0.9992900614627597
912708,0.061369626605964206
912709,0.9999641973584155
912710,0.9996505518435203
912711,0.9999165451784182
912712,0.9840192102084117
912713,0.6918985349279843
912714,0.9736710340243564
912715,0.9998824949195464
912716,0.8827205253535981
912717,0.9998777292088141
912718,0.9556662387253534
912719,0.7453275169465915
912720,0.01420426838293642
912721,0.1616635317453175
912722,0.9882552734513761
912723,0.5372910947528909
912724,0.03974473477605974
912725,0.06549870891337002
912726,0.8012049216110071
912727,0.02274743131128382
912728,0.158275206646961
912729,0.0019468718295996032
912730,0.9989644649053826
912731,0.8658981735577499
912732,0.004898671162685369
912733,0.9857516710857834
912734,0.6858676102384845
912735,0.9998993636254101
912736,0.021899941865645787
912737,0.9473122941793681
912738,0.7556446520487115
912739,0.998688687810896
912740,0.9998218299495136
912741,0.9999281830164001
912742,0.9989544184861836
912743,0.9997090432004224
912744,0.9376669734795016
912745,0.999954062372248
912746,0.7150081914377502
912747,0.9903538047253571
912748,0.5113547333370793
912749,0.9853098215485906
912750,0.9998924481263093
912751,0.9999486069766546
912752,0.8558913842877159
912753,0.492729214436279
912754,0.3049822632267576
912755,0.9977323854919371
912756,0.603832715709657
912757,0.9996230473739882
912758,0.972442619929392
912759,0.2033241134219275
912760,0.9999556316527342
912761,0.9967479916336228
912762,0.7380926795622305
912763,0.9999509000715112
912764,0.07890196091355545
912765,0.9054656722189944
912766,0.4521062775452404
912767,0.14038457558570172
912768,0.5480312990686151
912769,0.9917914180920806
912770,0.8736758064966753
912771,0.6256844725252407
912772,0.9903650321444217
912773,0.873321351505147
912774,0.2941648384663509
912775,0.8944656957897122
912776,0.997734608972536
912777,0.8066842176081069
912778,0.9998873745086316
912779,0.9998446234946414
912780,0.9996269545045652
912781,0.9192295610247543
912782,0.9910650106430483
912783,0.9997335121422193
912784,0.999843207199802
912785,0.5891182799142848
912786,0.6659635380798135
912787,0.962844055041741
912788,0.9990832439727491
912789,0.9991293548645723
912790,0.00593003543832321
912791,0.9950428980249388
912792,0.931385199054853
912793,0.567522045655667
912794,0.08193120682973001
912795,0.9999848724995597
912796,0.00914418833316794
912797,0.364603110630904
912798,0.9997061154942173
912799,0.007780594619299772
912800,0.23969047819138192
912801,0.8246877445128573
912802,0.6260100717456039
912803,0.8458408218816338
912804,0.747658383018173
912805,0.9999900658776
912806,0.8748728491007507
912807,0.08083605033971841
912808,0.999938811622932
912809,0.9992812065340461
912810,0.999859526358092
912811,0.9987171298521511
912812,0.6290524928616658
912813,0.9920174397335969
912814,0.025086225760092368
912815,0.016599946870413336
912816,0.9997694309857567
912817,0.8355614064312226
912818,0.9521185969676096
912819,0.8093956320540211
912820,0.6840281746185072
912821,0.19139996891022312
912822,0.616629881411367
912823,0.990087499423355
912824,0.9972123128656549
912825,0.1321855011549842
912826,0.99994376795809
912827,0.9791642739702868
912828,0.021323947079640526
912829,0.025098635520990682
912830,0.06967006089747241
912831,0.9854736689506273
912832,0.998756307567009
912833,0.8980746939538746
912834,0.5246737963036864
912835,0.9994858911408415
912836,0.08631956421379651
912837,0.9997154027873951
912838,0.9953416221227943
912839,0.8229342997639664
912840,0.9991211760836314
912841,0.9997693407531877
912842,0.9999729336659811
912843,0.014213512858267153
912844,0.06684111324254345
912845,0.37412096641280335
912846,0.7231647690515134
912847,0.999956185342487
912848,0.2875020388941731
912849,0.9933845803939212
912850,0.9488321906469841
912851,0.38489355068749426
912852,0.9995646756991403
912853,0.9994385138477788
912854,0.12902618378180342
912855,0.3576815188815378
912856,0.9777828534688473
912857,0.49187267000125556
912858,0.9999858109243206
912859,0.9956362851868343
912860,0.40925628817742876
912861,0.7978108656188382
912862,0.9999689690230372
912863,0.9998893720740183
912864,0.7036159581511494
912865,0.9990159579607316
912866,0.9958678871495125
912867,0.9987509401800705
912868,0.9971277078093446
912869,0.022349108524410473
912870,0.9999261266321021
912871,0.990133260769584
912872,0.9996778503524175
912873,0.9375459017674491
912874,0.9701075263370946
912875,0.9999792164458894
912876,0.9974904477482176
912877,0.9216345372033865
912878,0.9845983043014148
912879,0.11376111822150246
912880,0.21415537841648277
912881,0.43814693603064814
912882,0.9986695570626507
912883,0.9991882423181699
912884,0.08568812281659927
912885,0.0030008119367896293
912886,0.9889115958628878
912887,0.9851170214264089
912888,0.9997243701198789
912889,0.9993687328020251
912890,0.9994652347468169
912891,0.2340822954069542
912892,0.9594905701255232
912893,0.03879263703423485
912894,0.9992417415413745
912895,0.9999180800814752
912896,0.5573785128050109
912897,0.5768778354853017
912898,0.9996722703683102
912899,0.9992221002628489
912900,0.11775934792912857
912901,0.9997773317841134
912902,0.648209807872332
912903,0.14783756614454371
912904,0.027916986566965608
912905,0.950675643312965
912906,0.9990076577932618
912907,0.9997691954970072
912908,0.9966002734677133
912909,0.6816943916212809
912910,0.2636329844388842
912911,0.989623920165893
912912,0.9998670385627321
912913,0.5474718480802724
912914,0.9996513707866361
912915,0.19562523303387713
912916,0.9991200465297193
912917,0.6523106341299141
912918,0.9997329570253284
912919,0.4622290127036013
912920,0.9998504900702844
912921,0.7401086858117241
912922,0.06361608672897874
912923,0.9965590264277717
912924,0.7072404359595703
912925,0.9291864848278997
912926,0.9998956130732708
912927,0.9017750262639797
912928,0.9994004202629393
912929,0.9987249471167372
912930,0.2170894067332634
912931,0.9999204441607836
912932,0.683403918069508
912933,0.9993627510230205
912934,0.9990927749205336
912935,0.0571286526421908
912936,0.3465936255710808
912937,0.9975520724628635
912938,0.025542071243541343
912939,0.9996731473179833
912940,0.008003853626315291
912941,0.8510887361367703
912942,0.8578236242807993
912943,0.9998198399560808
912944,0.021044044861913285
912945,0.0833129979331843
912946,0.9578459969349309
912947,0.9994227852713802
912948,0.002796945626896765
912949,0.9996184853353102
912950,0.1418813782373263
912951,0.5229747922251531
912952,0.9901328512049086
912953,0.9991227145462542
912954,0.9849874907807994
912955,0.9843723432892285
912956,0.9823678236096448
912957,0.999091337915607
912958,0.025925554752413815
912959,0.1725557664934249
912960,0.8041973421501148
912961,0.25337983164304284
912962,0.9219653880361456
912963,0.17803090246048878
912964,0.9995066193616216
912965,0.9998692363347146
912966,0.41390581136185833
912967,0.9098420024018834
912968,0.9997245705861366
912969,0.9993340544588967
912970,0.40167842144713817
912971,0.999514460288766
912972,0.999605851370377
912973,0.49673823311309223
912974,0.9997327565810076
912975,0.30629092544023034
912976,0.9987473618724008
912977,0.9981565368542809
912978,0.999646427049199
912979,0.9909372184063645
912980,0.9313562803457873
912981,0.9797857817219592
912982,0.9997805378543497
912983,0.7743794571758624
912984,0.7850414785229128
912985,0.7457802319978037
912986,0.9965923045357011
912987,0.008818822561827453
912988,0.999190274374849
912989,0.9997577274599311
912990,0.9998475576525905
912991,0.917356413535162
912992,0.3646099511931503
912993,0.984707215184245
912994,0.9999619381992109
912995,0.9994503812034643
912996,0.9872818894939905
912997,0.016409967727051705
912998,0.9500522489411892
912999,0.999932636424463
913000,0.9911852286278411
913001,0.9996769933998848
913002,0.5683686366319562
913003,0.9997044955140125
913004,0.9997639543203474
913005,0.9804178319882636
913006,0.5706345330550567
913007,0.924438397877607
913008,0.7833827140369577
913009,0.8479224148698478
913010,0.5819026707092618
913011,0.9780652765363679
913012,0.8833886186345917
913013,0.42311883304445114
913014,0.6717013648998034
913015,0.8629777049070071
913016,0.011780999093417623
913017,0.9540439060282571
913018,0.8833197192448508
913019,0.9995318260793563
913020,0.9999089623283239
913021,0.6707136650728656
913022,0.44429165239524565
913023,0.987995981301122
913024,0.9887328922655746
913025,0.9997042162391898
913026,0.9532303820788895
913027,0.31528533909532186
913028,0.9999308346867665
913029,0.9996958581740354
913030,0.9998187411481285
913031,0.8281670066124078
913032,0.3572769922047201
913033,0.9999028589857806
913034,0.9998328037225506
913035,0.9995170906961737
913036,0.9750928343720862
913037,0.9999880997837156
913038,0.950690973537563
913039,0.9881555085921474
913040,0.9997943968070025
913041,0.046395328679727815
913042,0.9988773558721347
913043,0.11250629142471207
913044,0.9933872541704646
913045,0.9949417671412519
913046,0.22897589785257771
913047,0.9927812255705694
913048,0.9807138769499213
913049,0.9792758362728895
913050,0.9988786859661196
913051,0.9998832505082214
913052,0.9999005852871945
913053,0.001066586497366962
913054,0.9998550244227455
913055,0.719064033224307
913056,0.944638514927099
913057,0.9999407815923484
913058,0.9975701117690925
913059,0.9831580515289609
913060,0.7048370242754637
913061,0.30047911240776015
913062,0.33152899206004327
913063,0.8889445081510525
913064,0.999707877856828
913065,0.010271807638479253
913066,0.9993635743044463
913067,0.9996973795676721
913068,0.6764711401555796
913069,0.9216435784380821
913070,0.9893831703308211
913071,0.469966251748122
913072,0.9457551859552586
913073,0.999974021656522
913074,0.9712706297315353
913075,0.8189941044239999
913076,0.9918083368209254
913077,0.8978936612909233
913078,0.6905821277180084
913079,0.8434110886579256
913080,0.9999072672682741
913081,0.0752269346220981
913082,0.8637789777832308
913083,0.9322471927478492
913084,0.744394157876654
913085,0.9985875176984765
913086,0.9998949576365959
913087,0.9999801208857895
913088,0.6481225943282429
913089,0.7587515230308111
913090,0.5136871410978038
913091,0.20392779236110276
913092,0.9922607321309531
913093,0.006490144689752141
913094,0.6758841396950463
913095,0.9999697977860598
913096,0.9989731127957313
913097,0.007927458221256258
913098,0.5448192772181689
913099,0.991711036588317
913100,0.3052789607318998
913101,0.9998384544646166
913102,0.8564025695951675
913103,0.9576096207285162
913104,0.14186736383723586
913105,0.9850811601229906
913106,0.9983826584824385
913107,0.9820361371742796
913108,0.5685821216893819
913109,0.9200201259628549
913110,0.921035984229778
913111,0.9999263574949107
913112,0.9987284537768983
913113,0.8548951402425065
913114,0.8684869721848709
913115,0.9822786477764721
913116,0.8902296969412283
913117,0.5558049927969675
913118,0.0683604217042064
913119,0.9836853735099316
913120,0.07790226591699384
913121,0.06168197268376561
913122,0.9703830413125758
913123,0.7600108912167327
913124,0.9761900805682118
913125,0.9990780410978117
913126,0.9873428216666986
913127,0.8827234834675239
913128,0.9999820011410364
913129,0.9769447432890368
913130,0.5305971619480213
913131,0.4167453252534461
913132,0.003989170872374477
913133,0.9955710167065082
913134,0.5467669143959334
913135,0.028439862258997497
913136,0.9402266229984242
913137,0.014250736387990305
913138,0.7180429497854852
913139,0.022004951409421547
913140,0.9972399943133845
913141,0.2791634792496481
913142,0.9995450072271324
913143,0.15594239945949398
913144,0.07710711294043851
913145,0.9950255336021084
913146,0.9377013269551475
913147,0.9999522988715768
913148,0.8841170310548933
913149,0.9067403420735776
913150,0.8612602929481137
913151,0.9889434812390739
913152,0.6373218160802449
913153,0.9392515057893187
913154,0.9997353942171439
913155,0.6595281268320653
913156,0.3824966239138943
913157,0.9998059407963924
913158,0.6425971874643681
913159,0.8429909947849367
913160,0.9991557091231642
913161,0.12636850986898251
913162,0.9897574887781537
913163,0.003928852073383379
913164,0.998162370822729
913165,0.967661910496899
913166,0.3726634609393107
913167,0.9997587718055991
913168,0.999828100450058
913169,0.8777512769949815
913170,0.9994870635847233
913171,0.9969247990220604
913172,0.9999783946815259
913173,0.9988267552287409
913174,0.29263099658706376
913175,0.046976972967588244
913176,0.06029571902635812
913177,0.9467520332446754
913178,0.01418619930811299
913179,0.9780213200877439
913180,0.10980142805569951
913181,0.999725328251492
913182,0.7999337535411839
913183,0.6412471872276662
913184,0.08080334391221547
913185,0.99995276171987
913186,0.38999720106985414
913187,0.6770087900247542
913188,0.9998909739701881
913189,0.9993023424489987
913190,0.9602302500689528
913191,0.9335012233135629
913192,0.8839409006396828
913193,0.9999365546122572
913194,0.9989347544387072
913195,0.9998428817359849
913196,0.9988482126799417
913197,0.9996849656508863
913198,0.19279453244243486
913199,0.9999342787574308
913200,0.9666936185826953
913201,0.5237032658111124
913202,0.2561324992691925
913203,0.9074247495101416
913204,0.012062352337634332
913205,0.010948290427074986
913206,0.02910471471338503
913207,0.9834660656334677
913208,0.17129256182503716
913209,0.9996153732804317
913210,0.7802859131060709
913211,0.019201054141456786
913212,0.37680713548348116
913213,0.9988491949530076
913214,0.9784329794706415
913215,0.12623820048251633
913216,0.9857958671069627
913217,0.9597559911772807
913218,0.37022018626938025
913219,0.8750840054339772
913220,0.01607535043065672
913221,0.9975557335226546
913222,0.5859429419688789
913223,0.4830719426723874
913224,0.7102370334896758
913225,0.13116343947483383
913226,0.990031722530397
913227,0.8765040444513823
913228,0.8691907675979895
913229,0.8903526713059255
913230,0.9918855646272587
913231,0.17748554577093661
913232,0.12147545689893227
913233,0.9400951833641127
913234,0.954442606038548
913235,0.0792245443959408
913236,0.19246664933812552
913237,0.9997801465187042
913238,0.9992877772538898
913239,0.03273711150849917
913240,0.9992979286513575
913241,0.7925939969111129
913242,0.9995531911233118
913243,0.7509280759658308
913244,0.9998468919082849
913245,0.9182464282038565
913246,0.20958472248006782
913247,0.021437573755696673
913248,0.0465118240444821
913249,0.02684555539748186
913250,0.9933816800819352
913251,0.3684317011315797
913252,0.9996874588910928
913253,0.8066335510915021
913254,0.9960027627021284
913255,0.756856012789218
913256,0.9997188653706616
913257,0.0400744747605513
913258,0.9193761542687926
913259,0.21306621266034576
913260,0.23725920498966896
913261,0.1396810765136026
913262,0.9508814291002191
913263,0.9783831222664727
913264,0.1990186501162672
913265,0.99919809258404
913266,0.9998421789800673
913267,0.6000893438250731
913268,0.9909663529209766
913269,0.9992146624049453
913270,0.13240849793377155
913271,0.9997783879632252
913272,0.9963052719820575
913273,0.7091770186645039
913274,0.26271004738976705
913275,0.649690634296278
913276,0.9904127381277655
913277,0.9691600156500761
913278,0.7399634295160705
913279,0.8915508471534593
913280,0.9999444805831514
913281,0.13721330165000442
913282,0.9984433967819579
913283,0.911990315697824
913284,0.06919843154751641
913285,0.9958054756093855
913286,0.5434642327996073
913287,0.49597465950261177
913288,0.9985459643631274
913289,0.8799896888746803
913290,0.038060997800591155
913291,0.8984156055715146
913292,0.6833824837327073
913293,0.9983412157843584
913294,0.5692919572321435
913295,0.998813019032112
913296,0.21518213119178978
913297,0.9827488098679603
913298,0.9999523219239145
913299,0.9721135080192637
913300,0.9999850902764778
913301,0.9951605521507834
913302,0.985976535808935
913303,0.9998596302019913
913304,0.5454503573133221
913305,0.9709887581839853
913306,0.9872731971385035
913307,0.4023192821787828
913308,0.7797326080035965
913309,0.677551739822891
913310,0.6579209542500822
913311,0.9739440637533376
913312,0.9832784372592626
913313,0.9995917750263895
913314,0.5191570576870518
913315,0.4243992959746377
913316,0.4220669957996065
913317,0.5025315924726911
913318,0.23378171324529406
913319,0.9860645968712205
913320,0.9972330637585493
913321,0.7015920277410899
913322,0.09754130568694361
913323,0.43121841864214205
913324,0.5464431559370436
913325,0.9992533018717427
913326,0.9449264610723911
913327,0.5823413188905098
913328,0.3452784042279665
913329,0.9996911641548967
913330,0.4234513617153237
913331,0.9977457393256701
913332,0.8426430867447026
913333,0.9991583952135655
913334,0.0650232729761056
913335,0.9836485572420461
913336,0.983368850568391
913337,0.5345897355862615
913338,0.12012161989197853
913339,0.371195845619637
913340,0.9997420523838082
913341,0.5730186105727136
913342,0.9990789372434214
913343,0.190814023697789
913344,0.9713631468239923
913345,0.9707420984477162
913346,0.9993802966881472
913347,0.9997671329982711
913348,0.3600866003387727
913349,0.09138714306039832
913350,0.8465744683119791
913351,0.06844889818768256
913352,0.25882630591104705
913353,0.9501953556400029
913354,0.4416729068896411
913355,0.932926459732034
913356,0.043211000169142616
913357,0.9984942699706599
913358,0.11869372491983546
913359,0.006416850084740723
913360,0.9999416227646792
913361,0.9965719463112884
913362,0.7408793928834712
913363,0.01842640515335525
913364,0.9742994162644861
913365,0.9422060269308425
913366,0.9998602067933476
913367,0.9999770354783353
913368,0.9996097285767314
913369,0.984758322539027
913370,0.9979714463715357
913371,0.9995704645786333
913372,0.17449436884572705
913373,0.9812248422776013
913374,0.5355571680777003
913375,0.9998055278692395
913376,0.9832923114347827
913377,0.9997869078196411
913378,0.44824958325088626
913379,0.9821980894468889
913380,0.9971568446636317
913381,0.9916957623431955
913382,0.32143450370891724
913383,0.9999787727566736
913384,0.924224252485881
913385,0.42215718947039105
913386,0.9982957740118404
913387,0.9995215624193099
913388,0.7105391412995261
913389,0.9999643845881834
913390,0.9997369318067173
913391,0.9999397983184176
913392,0.9996798064344384
913393,0.02759022828106598
913394,0.9998687240499748
913395,0.9683700212977038
913396,0.9994465711306273
913397,0.15130598594172343
913398,0.9995871837090872
913399,0.8208843570064686
913400,0.9166084400198057
913401,0.331226444326713
913402,0.6571040117130887
913403,0.8356312067766791
913404,0.03998141247620105
913405,0.01630275650373048
913406,0.8753732097192958
913407,0.9993916436022214
913408,0.7366045028270665
913409,0.9999204651817957
913410,0.9989377600148092
913411,0.9977852757413348
913412,0.9820928223509491
913413,0.7435263970147152
913414,0.7931276930279236
913415,0.012696804249494055
913416,0.8697276138397694
913417,0.9985983574482571
913418,0.5861345487902828
913419,0.9948889861157892
913420,0.9999876119099549
913421,0.9995424493904039
913422,0.3237553154887305
913423,0.18409737562865153
913424,0.998654339453191
913425,0.9991996194081603
913426,0.9996063137294667
913427,0.9958530304983609
913428,0.9336580588872594
913429,0.9402249779668781
913430,0.9997673283796584
913431,0.9999723976663154
913432,0.9999745532619773
913433,0.8679220374168974
913434,0.9992281393665836
913435,0.9753408221761593
913436,0.0072802608717361834
913437,0.031331102475300736
913438,0.12478395148000483
913439,0.9998066102928007
913440,0.7660583306587307
913441,0.9750271071514228
913442,0.9985292536783913
913443,0.9996111778720352
913444,0.09327514275314414
913445,0.023911572131618875
913446,0.611994748510993
913447,0.9998635594257042
913448,0.9763903828947983
913449,0.9998322910583213
913450,0.9215354266954969
913451,0.3281023597355325
913452,0.9557869898019651
913453,0.9999740635220924
913454,0.9974050291353798
913455,0.9980940156804756
913456,0.8274825701427169
913457,0.1215894281351457
913458,0.2895992163800481
913459,0.5186667678662579
913460,0.03423075052337085
913461,0.49344549052016756
913462,0.7883027227353523
913463,0.9921764802864195
913464,0.9976469746563534
913465,0.8019524502186864
913466,0.9178434927224488
913467,0.7218220296342723
913468,0.24777708209457977
913469,0.25899423250483045
913470,0.8284449401348228
913471,0.9999795341547444
913472,0.9999482774937195
913473,0.6796948619175001
913474,0.7770498854473715
913475,0.9997990771205996
913476,0.6756777011851969
913477,0.99939445270154
913478,0.9999711638120113
913479,0.999523973383727
913480,0.9996788852754634
913481,0.9511621097235166
913482,0.039948565783859726
913483,0.618759124290457
913484,0.0031001017825403104
913485,0.9987042148065852
913486,0.01524997288441569
913487,0.025042480431070373
913488,0.9790405870077629
913489,0.6796402103021663
913490,0.9995519124677494
913491,0.9957629001404883
913492,0.9969172955162233
913493,0.15075656539460944
913494,0.9999714503232529
913495,0.5908950878940082
913496,0.007304123371206865
913497,0.9972631988876957
913498,0.49394786787057365
913499,0.9632180606715113
913500,0.005224451642236401
913501,0.9958145347794702
913502,0.010404192949402412
913503,0.013608322026028415
913504,0.9816790802038367
913505,0.028074467607696878
913506,0.20382460120967946
913507,0.9572312212493717
913508,0.9991938526410491
913509,0.639528929726531
913510,0.8850734827392884
913511,0.10690886252881318
913512,0.9941974848835646
913513,0.99974820997063
913514,0.33953754880090437
913515,0.35931283917251433
913516,0.9986917563409675
913517,0.32320886787537506
913518,0.03338597773105722
913519,0.9698254682958702
913520,0.7719982071917068
913521,0.9988936056521297
913522,0.8344189857528244
913523,0.8318032442627921
913524,0.9995559078773883
913525,0.9993857328083752
913526,0.4544304722505381
913527,0.9683075923683404
913528,0.9997674398660166
913529,0.6139422591951502
913530,0.6188159965449912
913531,0.999442117912962
913532,0.9979368881247829
913533,0.7961253857371571
913534,0.9993149001863186
913535,0.988016801538943
913536,0.10339407972349376
913537,0.9765329545306825
913538,0.08899237708728039
913539,0.9512728633226392
913540,0.1529724713086729
913541,0.932428168076032
913542,0.5821661405142123
913543,0.9994502601981492
913544,0.6085364853302784
913545,0.9995662601744053
913546,0.9961483283577097
913547,0.6102716409545206
913548,0.13419169959822086
913549,0.9998827606119793
913550,0.8702931540527967
913551,0.6016118680466584
913552,0.501051393901138
913553,0.04671807879235751
913554,0.9822790025755238
913555,0.9888441820053939
913556,0.9999460610783567
913557,0.7573855314835467
913558,0.9964695863482836
913559,0.9982683252551824
913560,0.9995734629857733
913561,0.7455147896045251
913562,0.9994780664473417
913563,0.9999594717051816
913564,0.385534056870009
913565,0.9448970788506421
913566,0.780975065952365
913567,0.9998832678145249
913568,0.9518145244888785
913569,0.9760021263790626
913570,0.6392880457128
913571,0.9999474562307015
913572,0.4830887754148227
913573,0.996623402311309
913574,0.9881404500595008
913575,0.94414913785
913576,0.9504769121573504
913577,0.1100424365247427
913578,0.010456279024801618
913579,0.9965069351294477
913580,0.9592996804853624
913581,0.9955674790797748
913582,0.9665597192368378
913583,0.9363135947452743
913584,0.9999847134935954
913585,0.9990717264655133
913586,0.39277706714814076
913587,0.9998999674515783
913588,0.9514388690636812
913589,0.999409392821761
913590,0.9997990965517114
913591,0.8170768572599363
913592,0.28514842129895546
913593,0.9997427887388681
913594,0.45175223647802637
913595,0.9993806546010406
913596,0.4622087279900971
913597,0.9998670573943815
913598,0.05528458784149676
913599,0.9976494077304874
913600,0.872590175792451
913601,0.9995529423220024
913602,0.024019422178229558
913603,0.9992764937045255
913604,0.9197938719413223
913605,0.905020479516082
913606,0.8461508109085369
913607,0.29926073786885765
913608,0.9849252404949185
913609,0.8868133592446172
913610,0.9032076542196261
913611,0.9886063716683449
913612,0.9951325722846234
913613,0.9877230102190756
913614,0.6528448372950367
913615,0.021357004511771888
913616,0.016511636404061992
913617,0.999984211593655
913618,0.8660013883962674
913619,0.9999527839712903
913620,0.6367124622081441
913621,0.43272103426702435
913622,0.9030214620641348
913623,0.1107429794366035
913624,0.9074629336721743
913625,0.4142506094666261
913626,0.9981382396432175
913627,0.9569039880189347
913628,0.22973804309736878
913629,0.9612457434324432
913630,0.9892622666112052
913631,0.9279650496769777
913632,0.9999805728005926
913633,0.16133936475686472
913634,0.999840814436108
913635,0.9997714192770685
913636,0.9999701251523612
913637,0.9998614414788194
913638,0.9383316617763229
913639,0.08134325406451003
913640,0.5039702006289319
913641,0.027490261443125226
913642,0.5421415370291884
913643,0.9204980758445092
913644,0.7601773849652548
913645,0.998556648420043
913646,0.9124764996696437
913647,0.9318266212982156
913648,0.5116074617430564
913649,0.12487934174799763
913650,0.7487560277011986
913651,0.9970412879120184
913652,0.6450370944844208
913653,0.05035930747667809
913654,0.013249875052095086
913655,0.9999478425890773
913656,0.18978072755552094
913657,0.9998961408933943
913658,0.9502524095810108
913659,0.997416458778223
913660,0.9996471398440929
913661,0.9995061832884189
913662,0.9999752868969625
913663,0.9852546207995385
913664,0.9997871177492051
913665,0.47557145604411505
913666,0.30536977349786465
913667,0.6244624682960609
913668,0.6224373044676789
913669,0.40230125976915143
913670,0.17866813555779754
913671,0.997159529521402
913672,0.9999687441766164
913673,0.5194088386107801
913674,0.9983865103575406
913675,0.9994085523645072
913676,0.9030983250051394
913677,0.9081819280185967
913678,0.9619182128167977
913679,0.023528824502245704
913680,0.9999708431418914
913681,0.00492746057193584
913682,0.999907167299531
913683,0.5280518788212487
913684,0.008956215343580286
913685,0.6339246302853654
913686,0.9983112496572467
913687,0.04381064500540664
913688,0.054228722406592086
913689,0.9695302165381234
913690,0.2961618992409959
913691,0.4693136630517907
913692,0.03176297352596335
913693,0.8609357136591691
913694,0.011229964058119712
913695,0.4148296421419819
913696,0.28473400598164506
913697,0.007907352055777406
913698,0.6262235897668534
913699,0.8855882499025173
913700,0.9991489198723957
913701,0.9620929012238646
913702,0.9566717245581491
913703,0.9999274621627506
913704,0.009729921683974262
913705,0.362012278420515
913706,0.9957559016551137
913707,0.006177042080464615
913708,0.4341468704229374
913709,0.8536031744805471
913710,0.9994019115089691
913711,0.9998321264720396
913712,0.6003427340758264
913713,0.039329732894874195
913714,0.9993645769522899
913715,0.9929983314939689
913716,0.9975858737465808
913717,0.9938046451199727
913718,0.17047147511855706
913719,0.7695845340490777
913720,0.016079268450686492
913721,0.7536309885243309
913722,0.9994116888803306
913723,0.03992499661483784
913724,0.9990438805291604
913725,0.9125807363590703
913726,0.9581524628120198
913727,0.8036402628263545
913728,0.35790074558007856
913729,0.9993095239819221
913730,0.9998005982456799
913731,0.9233882654086805
913732,0.805457457395242
913733,0.9466434595277868
913734,0.8855012823212244
913735,0.5578250639766804
913736,0.691984843486644
913737,0.1536944192260549
913738,0.9995198743802494
913739,0.48952149849376664
913740,0.9940638085828004
913741,0.9811100732845432
913742,0.9024021011797128
913743,0.9998326280088751
913744,0.7978539328933743
913745,0.9990207002156806
913746,0.9946056143960771
913747,0.15117174339069867
913748,0.008033603304415991
913749,0.9997110592545146
913750,0.02063304419012287
913751,0.999781578122364
913752,0.9780178242269713
913753,0.9859422152996895
913754,0.9999891649009536
913755,0.7922558962902422
913756,0.9332650250090437
913757,0.12576429746336792
913758,0.9369686778693
913759,0.9975251693295462
913760,0.982969489832947
913761,0.02198293124372787
913762,0.99983938772957
913763,0.7541572372353069
913764,0.9985199602050898
913765,0.6904400729908329
913766,0.05631874843169922
913767,0.21717680329006833
913768,0.8501287696477262
913769,0.9997208395831867
913770,0.999986020458291
913771,0.02907575656781502
913772,0.9877005971242268
913773,0.7716752505428417
913774,0.4165561846201374
913775,0.09364537879102267
913776,0.9914840160304434
913777,0.91836744452595
913778,0.999939467500401
913779,0.9636855085335756
913780,0.5013054170773165
913781,0.9999496302900241
913782,0.9972872997012967
913783,0.9998696819950311
913784,0.9994314456078743
913785,0.04210055498600288
913786,0.6815193966837366
913787,0.004363506304124906
913788,0.9171182181179676
913789,0.9998555376916411
913790,0.9623319038953476
913791,0.1366949430556686
913792,0.0405066357657937
913793,0.9128227390811001
913794,0.20403365524094913
913795,0.9991942909377356
913796,0.9996828554837089
913797,0.14099609258572002
913798,0.9382523962611015
913799,0.9998871302236417
913800,0.9999516862999709
913801,0.05220809234635773
913802,0.9624194813220306
913803,0.2521982780736292
913804,0.9995632203434023
913805,0.25510440687788827
913806,0.9886823169475325
913807,0.9986634459870132
913808,0.9602402591644181
913809,0.9991978252675011
913810,0.9919310092854499
913811,0.9999664664438901
913812,0.11092653402198456
913813,0.08521133534066569
913814,0.9828063742184858
913815,0.9396558177099636
913816,0.9957872255656224
913817,0.28270574782104135
913818,0.17364768013077875
913819,0.9852076635413418
913820,0.9997771643175573
913821,0.027229440857171508
913822,0.9992146811469609
913823,0.04837792122283245
913824,0.1431390341836585
913825,0.02999162700835258
913826,0.993025033573401
913827,0.9956393412231686
913828,0.10190763697253402
913829,0.8650798855914218
913830,0.9994609351103292
913831,0.06759776821620397
913832,0.999861479412329
913833,0.26366381828707225
913834,0.990607680276885
913835,0.05350021779911491
913836,0.10596514054129749
913837,0.9947869138692911
913838,0.6773958106645288
913839,0.9459068558785851
913840,0.10841032401480856
913841,0.9990862955445696
913842,0.12851504516032272
913843,0.3107857169398944
913844,0.9997852616875259
913845,0.9996012699527284
913846,0.999726033280937
913847,0.7971372985995904
913848,0.041879140366129566
913849,0.8670868476610094
913850,0.13396683577814583
913851,0.7840443226601923
913852,0.8369173479373156
913853,0.9916205972966798
913854,0.1570139216554843
913855,0.9812721697498036
913856,0.402354456343206
913857,0.5808950984766246
913858,0.11273518226861418
913859,0.20231620119005536
913860,0.9458697705970249
913861,0.9998694354080748
913862,0.9191385817948988
913863,0.9994021947843643
913864,0.9997476725209109
913865,0.9989285929351966
913866,0.08200812697481498
913867,0.9998579123953214
913868,0.16429171628072597
913869,0.9978447725733504
913870,0.6397834750258489
913871,0.9507602516608267
913872,0.8415752283023739
913873,0.9988687456014846
913874,0.786936015315953
913875,0.999080789214121
913876,0.9986455286979721
913877,0.9997218663898872
913878,0.9586099877743335
913879,0.9415747083686834
913880,0.9086396143702249
913881,0.9999508146474942
913882,0.999833257512189
913883,0.31171826015645593
913884,0.9999777871292101
913885,0.9995953932609707
913886,0.10719369663014983
913887,0.8773303323789623
913888,0.9377324348717979
913889,0.996879341821667
913890,0.9999009591934269
913891,0.9801466608375291
913892,0.00593876456703554
913893,0.9506354495638363
913894,0.9995929558649397
913895,0.3864443280644833
913896,0.9999714609531747
913897,0.9985589785507836
913898,0.9999857066688536
913899,0.9686678575560441
913900,0.9998588448517721
913901,0.9999130647778478
913902,0.9694854106731614
913903,0.26105228066087505
913904,0.3183184550024676
913905,0.9803465607092489
913906,0.037513049802392534
913907,0.9654108521082532
913908,0.9999589362951956
913909,0.9997168835363817
913910,0.9996176695454065
913911,0.7242648855259215
913912,0.7522582159130226
913913,0.048010087898740214
913914,0.9994120838226352
913915,0.9902835324546742
913916,0.9998581391086214
913917,0.9998696984015115
913918,0.9999662095272877
913919,0.9997895186090493
913920,0.9466012916844405
913921,0.837369324936311
913922,0.9993680362253803
913923,0.9997687587273343
913924,0.9986939638486558
913925,0.7425650901309306
913926,0.6233292856993633
913927,0.12319811158978647
913928,0.9805730314122165
913929,0.5869129064114273
913930,0.3960671275634351
913931,0.7516644114903805
913932,0.9999096665485628
913933,0.4555982486620179
913934,0.022131519213279716
913935,0.30002874365177074
913936,0.9981650818248977
913937,0.9924181163627362
913938,0.9999488081893616
913939,0.9993471312344497
913940,0.19538952080714006
913941,0.9890872100509217
913942,0.9589200291105588
913943,0.866048855173406
913944,0.9957712466116029
913945,0.08792608452931648
913946,0.06306057481884607
913947,0.9685948563155088
913948,0.9761555693711319
913949,0.1890597251502177
913950,0.4136125612920867
913951,0.2325870973463871
913952,0.3949328544894256
913953,0.6351439856736691
913954,0.12476239683940107
913955,0.9995779328786879
913956,0.04726473174101453
913957,0.839448752810067
913958,0.52622748306395
913959,0.9948104911952667
913960,0.010397836202826471
913961,0.9579510124198785
913962,0.953795651134632
913963,0.010332245035723777
913964,0.9748426145406895
913965,0.9999753186738266
913966,0.4691842420541925
913967,0.9972003191499299
913968,0.9309309207490379
913969,0.9975450502848717
913970,0.0009417585718076952
913971,0.4731836437857978
913972,0.9999230674284777
913973,0.9985629890239036
913974,0.27060587996418667
913975,0.9987420447978901
913976,0.9999790787238532
913977,0.5689362194376825
913978,0.9990336014672553
913979,0.9940236818732295
913980,0.4621057157331635
913981,0.023433238153871716
913982,0.03630165787416666
913983,0.9732572575038276
913984,0.915905191536859
913985,0.02840087633484866
913986,0.14189117260173617
913987,0.27919991122418025
913988,0.9867745497173328
913989,0.9999206437479737
913990,0.9998596744115951
913991,0.9834040341009402
913992,0.44393053121216847
913993,0.7022519415905342
913994,0.9999379854859425
913995,0.1671658332310637
913996,0.9993947665507235
913997,0.9999358058256014
913998,0.0966139288721076
913999,0.9997704575911484
914000,0.9791006336084026
914001,0.18843259926871075
914002,0.979806070954488
914003,0.999735921046184
914004,0.9981617849368878
914005,0.2585346117152345
914006,0.16687998155429773
914007,0.043155712199820784
914008,0.9984196653185837
914009,0.996359511703259
914010,0.9997421762285059
914011,0.9995944314640673
914012,0.9994679522072362
914013,0.9980874243531943
914014,0.9997696627621528
914015,0.5876929166389189
914016,0.9339583501683177
914017,0.9987428655206059
914018,0.9697381258857065
914019,0.9996327942102239
914020,0.9989712184565667
914021,0.9991213183944943
914022,0.008510423181024322
914023,0.014713823038562843
914024,0.512716487712708
914025,0.9990844172726253
914026,0.9504253007538996
914027,0.67552377708979
914028,0.264520054777139
914029,0.9997464844121162
914030,0.9986120026274177
914031,0.030122931790457816
914032,0.9753143776784876
914033,0.03671031355269597
914034,0.0784784359536984
914035,0.42084418005611574
914036,0.9978735011800778
914037,0.05903483648971474
914038,0.3043653057352097
914039,0.6871944363228009
914040,0.03987371661049565
914041,0.9997021011858961
914042,0.36219110030727975
914043,0.9837749090089458
914044,0.7618764011572782
914045,0.9998046932199605
914046,0.8710290968546889
914047,0.15257459778898555
914048,0.07701364441024833
914049,0.8959677194694953
914050,0.11838518844260607
914051,0.9049387897567569
914052,0.09504861573879117
914053,0.28933351485333336
914054,0.9951166370524183
914055,0.1908631960780704
914056,0.0779482846326452
914057,0.6295223673842347
914058,0.9998378002382847
914059,0.24264219652795072
914060,0.9999671574258627
914061,0.6512733690693167
914062,0.9998869796466614
914063,0.9937590954354041
914064,0.03510851398972535
914065,0.7696517581372433
914066,0.006006468537573997
914067,0.9983625980340394
914068,0.07314169836006776
914069,0.9882632870031394
914070,0.9999691799335891
914071,0.4808094248990138
914072,0.9995088611446408
914073,0.015262628636038444
914074,0.1233156596490496
914075,0.04405271049648537
914076,0.9993686686792582
914077,0.011106420300775608
914078,0.9994639458947958
914079,0.9900889803557161
914080,0.2695694583531114
914081,0.9975064522019087
914082,0.9496635332769373
914083,0.9305693013900778
914084,0.9792858034348129
914085,0.925790141097286
914086,0.9424099495565716
914087,0.3226038457981645
914088,0.006271799162283946
914089,0.20459860505597882
914090,0.8848208393766548
914091,0.9997318575511831
914092,0.9991571062782413
914093,0.5597959207149665
914094,0.6753158231987005
914095,0.9706024381082023
914096,0.9998599129954615
914097,0.051571028515324024
914098,0.9987040088010101
914099,0.9989502497309364
914100,0.011811583983319827
914101,0.9996226884216595
914102,0.27534826033833315
914103,0.9409356865540401
914104,0.15197560638205293
914105,0.023292097026271524
914106,0.9917091774038913
914107,0.9360575336419639
914108,0.982696747971998
914109,0.8920970285655738
914110,0.9932559330819288
914111,0.06707119931744893
914112,0.010975678421251429
914113,0.9999653447203694
914114,0.20313578055463705
914115,0.9998715335056549
914116,0.8263241612827283
914117,0.9998103968525267
914118,0.9906905521924346
914119,0.18392665605953384
914120,0.9993457578444929
914121,0.9998061657182732
914122,0.3682130010510678
914123,0.9998305381607058
914124,0.7793373765969422
914125,0.02603737073126486
914126,0.6992689771240759
914127,0.9999335167311472
914128,0.9995556367505987
914129,0.8882389597108378
914130,0.07815679143940354
914131,0.9980346990383744
914132,0.17772585314165162
914133,0.9109057024862041
914134,0.9735854126194716
914135,0.01175149022652374
914136,0.9999785474785399
914137,0.9360964532401939
914138,0.9999892012517116
914139,0.9998740970362701
914140,0.999497098175592
914141,0.9903890439897518
914142,0.8659538027383231
914143,0.998061832275825
914144,0.9999038235479432
914145,0.9995614024429558
914146,0.9985410118961255
914147,0.3520209646625759
914148,0.989228971921803
914149,0.859396071393828
914150,0.9834360049621029
914151,0.9999190091185695
914152,0.9134050527949793
914153,0.7171117498991013
914154,0.99992198671231
914155,0.9947160143793459
914156,0.5806413781716927
914157,0.6738777321694943
914158,0.9577570153733719
914159,0.9997164876509961
914160,0.9904725627009059
914161,0.08192051762791891
914162,0.7514602291461329
914163,0.9931319795548282
914164,0.8034765248569524
914165,0.6637302416195534
914166,0.028317684993828376
914167,0.08596099880394764
914168,0.9964652978345816
914169,0.9909592894281167
914170,0.21469260341039592
914171,0.9981890615156785
914172,0.9999932637204139
914173,0.006956527124493749
914174,0.9998373542404051
914175,0.17102320848678348
914176,0.08867354261292554
914177,0.9998327036924555
914178,0.22923691578398286
914179,0.9996615143818
914180,0.9865556020573021
914181,0.9977199303200315
914182,0.7999777327729595
914183,0.9997386612686481
914184,0.9995836140533694
914185,0.174647177711199
914186,0.9990230360578451
914187,0.6482908877769822
914188,0.9988316943261034
914189,0.13891640458196058
914190,0.898454334502826
914191,0.4001334803647615
914192,0.943342772634793
914193,0.9949086649712722
914194,0.9999805587138738
914195,0.8359863951086766
914196,0.743249735843085
914197,0.19089626589624675
914198,0.11302119276936004
914199,0.06311790523635905
914200,0.7224397775650683
914201,0.9999001863003889
914202,0.9998103047872468
914203,0.9999525729840903
914204,0.9999345710695116
914205,0.9960706712819505
914206,0.4483158974777202
914207,0.6397369888538978
914208,0.6337495270103808
914209,0.9047644799396526
914210,0.9995387589279322
914211,0.9969699448321094
914212,0.16333786849603146
914213,0.07018145104107337
914214,0.9394305697851307
914215,0.999923509585408
914216,0.9996377183361087
914217,0.8601430763804596
914218,0.5140987626727452
914219,0.9932947963946094
914220,0.9983716501502646
914221,0.1704434646965554
914222,0.9998897320153302
914223,0.9999250364694614
914224,0.9561871054471976
914225,0.1045386671816868
914226,0.30072204089016635
914227,0.9986150757501397
914228,0.016645556048807162
914229,0.8595537206466821
914230,0.006366195958080103
914231,0.9751963466209608
914232,0.5758098260166322
914233,0.9300469914148728
914234,0.9999107215333689
914235,0.1839973350504976
914236,0.9993139377847815
914237,0.2523067153401164
914238,0.9649907951791985
914239,0.9942760506984956
914240,0.9929584666504402
914241,0.08367850545581242
914242,0.8695241770261932
914243,0.990854705286291
914244,0.9981414005041183
914245,0.99311131846439
914246,0.2970114908974581
914247,0.7629610407900765
914248,0.6490543245303834
914249,0.9985605855695532
914250,0.031597494953704675
914251,0.9490003254246603
914252,0.08423096612950712
914253,0.9986014396902178
914254,0.9948336677945818
914255,0.9954969180545545
914256,0.9997669565660984
914257,0.004531000520078431
914258,0.8892396240083994
914259,0.36197234891692115
914260,0.9497847483346784
914261,0.9999207460987889
914262,0.6340465526812451
914263,0.9987180548190824
914264,0.7557820723569362
914265,0.9977649202761893
914266,0.03483071389728779
914267,0.49153817005119277
914268,0.06365303943701464
914269,0.2204608114837248
914270,0.9999434958332976
914271,0.972951991570538
914272,0.16991166620469883
914273,0.7665856165816087
914274,0.9997866588990094
914275,0.9974917922939739
914276,0.9997778627862748
914277,0.6836773588877801
914278,0.48705819260430955
914279,0.9999785845097644
914280,0.9998524783665179
914281,0.9998755156973701
914282,0.9833836423231312
914283,0.10703935274946963
914284,0.3882261631905365
914285,0.9997120888299467
914286,0.9999666396576584
914287,0.5703634559103188
914288,0.9788527340667007
914289,0.9998293500064761
914290,0.999454012060075
914291,0.014028307477995371
914292,0.59623119187063
914293,0.9467427343619612
914294,0.9996773065291191
914295,0.110091681428504
914296,0.06383306014283782
914297,0.9840596288046894
914298,0.9919097713030899
914299,0.9976027640967595
914300,0.20833409590863583
914301,0.19946762053333017
914302,0.6975486027652509
914303,0.9992464220191984
914304,0.6986470369264106
914305,0.9922783895276076
914306,0.997952489211932
914307,0.9999629305727248
914308,0.9994962641228282
914309,0.9992267244929334
914310,0.9954091429480187
914311,0.6018337957845575
914312,0.6068931196434033
914313,0.9986557143847754
914314,0.8575414687161036
914315,0.9999639166387785
914316,0.9945793410835297
914317,0.9578073188828752
914318,0.9998687430851438
914319,0.6908867365108632
914320,0.9144261762957404
914321,0.9199877397712066
914322,0.9512710096686945
914323,0.9953558455995063
914324,0.7662199731462791
914325,0.9996505611791205
914326,0.997186764107197
914327,0.914259017706984
914328,0.9983742948874651
914329,0.9999161146832658
914330,0.9997321579212264
914331,0.0840575229076594
914332,0.9997196694693633
914333,0.9127527333656186
914334,0.5791951017744509
914335,0.8279520786532637
914336,0.9996161579857972
914337,0.9996091155810172
914338,0.2731764571295
914339,0.9998767631041491
914340,0.9996922449182865
914341,0.9982823743938241
914342,0.147380243728448
914343,0.03748967746293844
914344,0.801638910651209
914345,0.9857573479187405
914346,0.009130169775110641
914347,0.999969851646584
914348,0.9998263697114528
914349,0.9356566350544857
914350,0.2816100497607855
914351,0.9999741136233264
914352,0.9988427326077292
914353,0.6502418833431866
914354,0.9999935270259319
914355,0.7465321573046965
914356,0.036847309956934186
914357,0.02868041361513876
914358,0.9999720398290917
914359,0.32039016267084125
914360,0.9294142387047968
914361,0.9618657713225758
914362,0.988382233191793
914363,0.5098509110066859
914364,0.9989687923565873
914365,0.626801887966219
914366,0.9958900829285637
914367,0.045739977942913304
914368,0.9999769408560047
914369,0.9904248686118657
914370,0.9865681553370189
914371,0.8262547240302262
914372,0.009226977463916602
914373,0.999930794477051
914374,0.9996325818658582
914375,0.9992156032828846
914376,0.2833908207824151
914377,0.9722422898884866
914378,0.9968230124656232
914379,0.9838046855642634
914380,0.1975308005070452
914381,0.4606324384269347
914382,0.10765015954875692
914383,0.9987644710400354
914384,0.8745179091092462
914385,0.8511244482311606
914386,0.9929762790567761
914387,0.8372237709996961
914388,0.9999537083600916
914389,0.9823775486396763
914390,0.999002339904355
914391,0.08473690681483276
914392,0.9994763800847691
914393,0.36741920088016056
914394,0.5871026832156843
914395,0.6605285060370119
914396,0.3911189122249024
914397,0.051427023924341723
914398,0.9918999087200678
914399,0.4971582100296227
914400,0.8304042414707282
914401,0.9846047905646678
914402,0.0032646700326854844
914403,0.9776024950600714
914404,0.9921405345545824
914405,0.9883283494975292
914406,0.9996506334137242
914407,0.9979023099665079
914408,0.05034848093904119
914409,0.9993825264325477
914410,0.9991115932300438
914411,0.9293276923466498
914412,0.6542710546322575
914413,0.9999954523018352
914414,0.9115197883003459
914415,0.7498286694503804
914416,0.031603344322101906
914417,0.9995210322544902
914418,0.7453645398346607
914419,0.9999886966498801
914420,0.7118507811220638
914421,0.9999203110794201
914422,0.7292496709342513
914423,0.9999330311606778
914424,0.14141808931465327
914425,0.9047207072693382
914426,0.9977516255382242
914427,0.9938416411092958
914428,0.09396046659510893
914429,0.44264840004165257
914430,0.9590595629104168
914431,0.877298315304442
914432,0.9322994741578923
914433,0.1588210575782227
914434,0.05234234159181072
914435,0.99995380484801
914436,0.998227787540144
914437,0.6752046731285937
914438,0.43131126328704583
914439,0.7952464313030909
914440,0.9998523250761233
914441,0.9716984968243239
914442,0.9993686740220149
914443,0.5196567231751171
914444,0.9981505806890898
914445,0.993183341406277
914446,0.9985966410358245
914447,0.9708118494543962
914448,0.4501922679504411
914449,0.9968095944251905
914450,0.5380805461778584
914451,0.9999917722150202
914452,0.42402173821846867
914453,0.49775499005194795
914454,0.21659268448960955
914455,0.8415989948423988
914456,0.991076123459883
914457,0.48340257236774953
914458,0.17695544840833624
914459,0.986332518529847
914460,0.8666220028584919
914461,0.9993110030593599
914462,0.8632755264436404
914463,0.9992878394471394
914464,0.1538000813926656
914465,0.0052606729551802
914466,0.8400114592027332
914467,0.9889652515076102
914468,0.9985500887066894
914469,0.999932483384532
914470,0.985513008399632
914471,0.09054891011096863
914472,0.9983474878221182
914473,0.9958769221598367
914474,0.9999709982275168
914475,0.7861802437647294
914476,0.9994281843479649
914477,0.8325678773401645
914478,0.2012249051929328
914479,0.2592264040397728
914480,0.27802760736916077
914481,0.9997742918873329
914482,0.00874355234130839
914483,0.9986233337437125
914484,0.40339994303956694
914485,0.9998659726996937
914486,0.9353752999930569
914487,0.8534317138039076
914488,0.20608610578683184
914489,0.9938944804105985
914490,0.25753909789157553
914491,0.48548932034286413
914492,0.9996100625883979
914493,0.036001070383150084
914494,0.1986420113563967
914495,0.980551088187821
914496,0.30668376578273665
914497,0.06266597901047834
914498,0.999833422741482
914499,0.9985782998215735
914500,0.18377992629596746
914501,0.2758097371554908
914502,0.9247142173536576
914503,0.9998985733679738
914504,0.048677555486613525
914505,0.9862819066007361
914506,0.9992389024535906
914507,0.5365346510415762
914508,0.9941687447186991
914509,0.9997207368905197
914510,0.8254302295170053
914511,0.9924381767928322
914512,0.999839294668244
914513,0.27281706017437674
914514,0.7055225098476346
914515,0.9981189729877834
914516,0.18786258686854357
914517,0.9977366166970434
914518,0.8786688500685325
914519,0.9994699145440329
914520,0.9947648089045278
914521,0.9917554437487077
914522,0.5439560783649025
914523,0.9975992324657942
914524,0.04730327285946061
914525,0.999373505452396
914526,0.7680279613982712
914527,0.42575012779823473
914528,0.9712417182298279
914529,0.9977724630171425
914530,0.02619281279316637
914531,0.0452668375710958
914532,0.9912214009647182
914533,0.9349445044392181
914534,0.055008978842730566
914535,0.4922339999737912
914536,0.1176227200107543
914537,0.999769280946299
914538,0.08754721263602387
914539,0.03263215896365939
914540,0.009581215400904407
914541,0.27043305124866734
914542,0.15454337343969082
914543,0.7531178586239917
914544,0.99047789417517
914545,0.5897874635695161
914546,0.6318219678204758
914547,0.9012819117989711
914548,0.9971837446468479
914549,0.9945960747439215
914550,0.25974387157780865
914551,0.03875280612517809
914552,0.22864771285144786
914553,0.973172575569162
914554,0.21637421563480463
914555,0.9997972883469282
914556,0.15893889127136163
914557,0.842738816269789
914558,0.9982928683807124
914559,0.5316158048738041
914560,0.934191991558394
914561,0.041113498371878256
914562,0.6268497310815786
914563,0.47372543188183447
914564,0.9985640517378578
914565,0.9907965260590244
914566,0.30581852522220426
914567,0.9997887562950998
914568,0.4372045271738213
914569,0.08453101425529025
914570,0.04806613251058407
914571,0.04679892934623335
914572,0.9949271058291524
914573,0.6270692488137626
914574,0.9952083436973431
914575,0.3807226404383599
914576,0.022891582997008858
914577,0.883341225780839
914578,0.6511962288562548
914579,0.020019046078175902
914580,0.11652609608233963
914581,0.8062096709271396
914582,0.9799655569464727
914583,0.1388163125168088
914584,0.44097099090649305
914585,0.01595498901791533
914586,0.17683109271506692
914587,0.8078581218254755
914588,0.16192919001053838
914589,0.23469292275647854
914590,0.12977045367527706
914591,0.024301808885323108
914592,0.9999591850934413
914593,0.9939418013820507
914594,0.953059227860813
914595,0.7264856330875551
914596,0.6500775030201565
914597,0.7573047857419986
914598,0.9822252733852623
914599,0.9985281805889473
914600,0.9995847006952379
914601,0.013394018576372634
914602,0.9997807216968914
914603,0.9433914030027735
914604,0.45421144989055257
914605,0.9959541825557645
914606,0.9999958385842249
914607,0.9962311334555076
914608,0.9999513111492442
914609,0.9999840979776421
914610,0.9916167736856141
914611,0.8653047186661986
914612,0.1431255138989014
914613,0.9492859276644353
914614,0.9586911803401164
914615,0.9999909199155635
914616,0.9999720474477032
914617,0.25014578300032253
914618,0.18809281914807796
914619,0.9923353224319192
914620,0.4179245092103575
914621,0.14722942324642735
914622,0.9810337732229062
914623,0.982104769728919
914624,0.9894190742712874
914625,0.10365809020681158
914626,0.9162891602874196
914627,0.6762037870439974
914628,0.999219206064881
914629,0.9120011052457042
914630,0.9999848522029147
914631,0.9797517038801024
914632,0.9999572541209283
914633,0.5615642898074887
914634,0.8340567989144623
914635,0.9997334660284232
914636,0.9998893766103623
914637,0.9847224334392122
914638,0.2811176008327153
914639,0.461094262042953
914640,0.41023262079391964
914641,0.9995380228755795
914642,0.8211194285648538
914643,0.9999915750434344
914644,0.9998466721420844
914645,0.9325503313307772
914646,0.9905745822868319
914647,0.9068919276221103
914648,0.9959808033427464
914649,0.9999425589014607
914650,0.888018218894246
914651,0.8863548161952972
914652,0.22543737277972015
914653,0.992287503306888
914654,0.9956049347226692
914655,0.9997843635066527
914656,0.9994940864910818
914657,0.9999495005573604
914658,0.9834729135942368
914659,0.34306994241667393
914660,0.13228037900677042
914661,0.6062823688526681
914662,0.42721434589537727
914663,0.997615102578095
914664,0.998895267977896
914665,0.9856300164967597
914666,0.722407056913251
914667,0.999978811131365
914668,0.9997770856895533
914669,0.07341345289238523
914670,0.3908803395902386
914671,0.9841617911333849
914672,0.9388065202383142
914673,0.9999675042882461
914674,0.9524430303452482
914675,0.059944961228895775
914676,0.9981491871184706
914677,0.999175815513885
914678,0.7237639705990481
914679,0.9994869469354453
914680,0.9984477896915198
914681,0.9950971705015379
914682,0.9998877216592481
914683,0.9998740882103233
914684,0.967225651835599
914685,0.9988258188809551
914686,0.9983583264009388
914687,0.012292870466012346
914688,0.07077218069857792
914689,0.997602395930733
914690,0.9892664341837925
914691,0.9765587041330495
914692,0.7637743332139781
914693,0.8012034885684419
914694,0.9999495369905925
914695,0.3589335657183437
914696,0.9997250943789753
914697,0.8623839056667787
914698,0.04567693021639191
914699,0.9246420130258876
914700,0.9679301145859684
914701,0.990538089133284
914702,0.9999927075746133
914703,0.9997690200948921
914704,0.2644871497222684
914705,0.017700052510026154
914706,0.8336643765776529
914707,0.9992834249748774
914708,0.2060283373426247
914709,0.5289141385095512
914710,0.07719091209299506
914711,0.857574540840069
914712,0.999975908540335
914713,0.0040926988917649836
914714,0.6902289173065199
914715,0.9999799258755879
914716,0.9845180788192502
914717,0.9997879185903823
914718,0.8039183545865601
914719,0.8628184412168971
914720,0.9993587153189948
914721,0.9998774236319801
914722,0.999004163171697
914723,0.7729906582001813
914724,0.43231608220040374
914725,0.06115459732611776
914726,0.9989203059342937
914727,0.36375114731205804
914728,0.7057965642151802
914729,0.999987245468493
914730,0.9992702206836381
914731,0.7188258613277388
914732,0.9022808264932094
914733,0.9999747918874458
914734,0.9987897196971072
914735,0.9999251839122874
914736,0.4997816134803872
914737,0.9995913865530154
914738,0.7809420731445595
914739,0.7315442418169893
914740,0.9990443680381876
914741,0.9992297454404565
914742,0.9993417476385531
914743,0.9993616013550203
914744,0.5477030844873517
914745,0.9988324197438136
914746,0.9930164310521001
914747,0.9934107828355527
914748,0.9968750883037868
914749,0.9999294088970223
914750,0.9908620976452116
914751,0.9125220929705304
914752,0.13378922401780147
914753,0.9999925081559984
914754,0.9994599999136637
914755,0.05838076828879813
914756,0.692374205419071
914757,0.9961506701743603
914758,0.9999548922256486
914759,0.8277124775259284
914760,0.9964855300191228
914761,0.3048732662292259
914762,0.9996070835755954
914763,0.9999859075034794
914764,0.9322799188472723
914765,0.997059248392795
914766,0.9972596395225345
914767,0.6817878366259179
914768,0.9832975586682482
914769,0.9997295032884326
914770,0.9997506215198603
914771,0.351284213854014
914772,0.9997567402649539
914773,0.9994341342989018
914774,0.02322323129743782
914775,0.9997634706529324
914776,0.4867822493034205
914777,0.9975684716785012
914778,0.022503198014448805
914779,0.9997424745955246
914780,0.9998577933339783
914781,0.8843936416816791
914782,0.9989195759087124
914783,0.9996839181999673
914784,0.9998558955402348
914785,0.9951676870976143
914786,0.6057337929424419
914787,0.9413625498504231
914788,0.9686250038402279
914789,0.04997617211095339
914790,0.8988411826960713
914791,0.015301769710214564
914792,0.9955298589914363
914793,0.9983317142353123
914794,0.995556851811295
914795,0.9982664684790665
914796,0.9980066611671765
914797,0.8180136993120648
914798,0.09534078980762455
914799,0.9997621723517156
914800,0.8301779620526211
914801,0.9994474935721629
914802,0.6028730886727215
914803,0.3829087592891298
914804,0.3101191374689052
914805,0.9997497162077542
914806,0.8550428440010387
914807,0.043791524620296715
914808,0.9883961443358689
914809,0.9995506587431982
914810,0.3286269850808437
914811,0.9997777813521203
914812,0.39346083529087506
914813,0.373855280910863
914814,0.9870167628169291
914815,0.7502226632501139
914816,0.6325399775009016
914817,0.059570100117922735
914818,0.9997306041859793
914819,0.9997634508422015
914820,0.9882277563091039
914821,0.9998901886333824
914822,0.36081700263870053
914823,0.036406433296848485
914824,0.08572208529463797
914825,0.9969520714175153
914826,0.9991010744368796
914827,0.9983718637714702
914828,0.031138905408589334
914829,0.07820356602266997
914830,0.7098942931796078
914831,0.0762717604123208
914832,0.9999703979275586
914833,0.8733052774491751
914834,0.9939559121069026
914835,0.9997317614032292
914836,0.9884960311707012
914837,0.1841169816405307
914838,0.9992964803473076
914839,0.9998069466637398
914840,0.4910203062089838
914841,0.8957173273826187
914842,0.6174679922486396
914843,0.005498700516314536
914844,0.46230792641516427
914845,0.21508147714530484
914846,0.8305538034833748
914847,0.9920011307136085
914848,0.99963442266725
914849,0.9962896014827056
914850,0.43604022182428676
914851,0.9997820627163818
914852,0.9857635535613509
914853,0.994156866857883
914854,0.6359519502748561
914855,0.9986909492961416
914856,0.9997481677516556
914857,0.18744947156359784
914858,0.9998666070585367
914859,0.9998060065658233
914860,0.9988300831398977
914861,0.6497296633762364
914862,0.4179175136567398
914863,0.1024290351561662
914864,0.9995386243172771
914865,0.8450446975291159
914866,0.11432379017825008
914867,0.9476806230494326
914868,0.5401969679643802
914869,0.994632745417668
914870,0.13983784560410661
914871,0.3469785649303086
914872,0.998373575673415
914873,0.8740929322824467
914874,0.041694459423702354
914875,0.6652603249409992
914876,0.9995584492361834
914877,0.9041368511557822
914878,0.557730132487819
914879,0.9997650121963237
914880,0.7983365886880682
914881,0.2674229782797904
914882,0.15464929024653987
914883,0.452934495791803
914884,0.4957501065226412
914885,0.9993261057510636
914886,0.30914797975044506
914887,0.9980509079246855
914888,0.8368582971558804
914889,0.796990051542044
914890,0.5252603716989579
914891,0.10384895709464094
914892,0.9667035842585764
914893,0.17991707857556072
914894,0.4167661398653609
914895,0.9997882308906176
914896,0.9604249947308667
914897,0.9620723413179948
914898,0.09366499264126216
914899,0.9962781220960826
914900,0.9988237822137195
914901,0.9015044477424605
914902,0.9990350055776218
914903,0.11335644431510569
914904,0.6199519474619117
914905,0.9971944850004093
914906,0.5299908236946574
914907,0.9974116799739112
914908,0.9997419852782854
914909,0.1446736939329516
914910,0.7775321965913238
914911,0.15366528080376718
914912,0.4449770428730664
914913,0.9889239851522607
914914,0.9836705943755073
914915,0.9987992480069549
914916,0.3141014529145634
914917,0.17560870898753275
914918,0.8541381841496217
914919,0.9931071551119841
914920,0.9995058042524305
914921,0.41829693281470637
914922,0.9972744854634964
914923,0.6865024200264898
914924,0.9323676908831937
914925,0.7497049319998579
914926,0.9104944699007108
914927,0.9978925650282162
914928,0.08348629850041513
914929,0.1197496702568477
914930,0.8945958212704964
914931,0.708071276405673
914932,0.9977664566716129
914933,0.7130387503916055
914934,0.5613537067097425
914935,0.9851558965802549
914936,0.11186267131007051
914937,0.9947040065956376
914938,0.9990628464216786
914939,0.7552847297284582
914940,0.9237466153226156
914941,0.9999616116446022
914942,0.9988490799563217
914943,0.9965104312047424
914944,0.748986750586911
914945,0.9994546066987349
914946,0.13050021713129148
914947,0.9999662728378382
914948,0.9566937822626491
914949,0.2253920751958204
914950,0.6654264119875101
914951,0.9526447171172197
914952,0.9998248720367628
914953,0.9023329533170892
914954,0.16266625869029736
914955,0.01228319488150407
914956,0.9991198597530221
914957,0.03481807306010055
914958,0.9082610443967903
914959,0.999266965580646
914960,0.9999465368162246
914961,0.9996497033290486
914962,0.7122476082212674
914963,0.45004908706657754
914964,0.27475120319910157
914965,0.6880123299627408
914966,0.9800598354243331
914967,0.04089853343134262
914968,0.4740778447430983
914969,0.647951344638753
914970,0.9998292735639228
914971,0.9959595166977814
914972,0.4162771654261493
914973,0.8016345827044353
914974,0.9999873760206766
914975,0.99997513788908
914976,0.9992578558702935
914977,0.8713583261402102
914978,0.8929587399538379
914979,0.9997990739596468
914980,0.2698762606067764
914981,0.9973721614356414
914982,0.9999701742919254
914983,0.9902999924479413
914984,0.9984490838208457
914985,0.7501535477166268
914986,0.9996651812847134
914987,0.967500791357385
914988,0.8452819378366125
914989,0.1855836860708728
914990,0.9959915945288159
914991,0.9999936541001306
914992,0.9997084342071687
914993,0.9999039880502897
914994,0.2874488679532871
914995,0.24980616616716567
914996,0.9999179283936106
914997,0.9683861390910071
914998,0.9983605233718278
914999,0.9995837984362435
915000,0.9978433388950734
915001,0.9985086754724268
915002,0.9998713159852464
915003,0.8906808833440663
915004,0.9794172338507522
915005,0.9999209002158049
915006,0.02200051716582139
915007,0.8279399941131845
915008,0.9977008681362167
915009,0.9996568286082212
915010,0.9974702746572711
915011,0.17270549768750232
915012,0.32904174135646624
915013,0.5776388483335972
915014,0.9995745931232203
915015,0.03661812206527105
915016,0.9994154672195725
915017,0.9999260045496667
915018,0.9970316133243855
915019,0.9916898045188368
915020,0.7608733439179409
915021,0.9995301030511823
915022,0.5057408288534552
915023,0.6345091640026177
915024,0.8638880482985467
915025,0.9835592697809645
915026,0.47106641311310155
915027,0.942454992595413
915028,0.9919065694433509
915029,0.9989771547957794
915030,0.011416350294954584
915031,0.9934517622740792
915032,0.99917653223633
915033,0.9999376270021247
915034,0.4473970965020375
915035,0.9999193747852255
915036,0.0665643563836522
915037,0.9999856648806466
915038,0.9998518989526759
915039,0.9954704882384706
915040,0.9999410515784358
915041,0.9971544579507621
915042,0.7143068816227693
915043,0.027296277489851785
915044,0.9974127058135268
915045,0.9002832315217567
915046,0.9996237110693822
915047,0.03335587067349095
915048,0.4340321696480758
915049,0.9577401507621186
915050,0.9999474624829745
915051,0.9963271081267204
915052,0.7833778427417588
915053,0.6670813553753953
915054,0.9978780670743381
915055,0.26320043183829533
915056,0.9159723368151916
915057,0.9918153524103378
915058,0.9984237700567888
915059,0.9992447069749804
915060,0.5404693680871326
915061,0.5255086378262098
915062,0.9988406259115927
915063,0.02320315730089861
915064,0.9340622561930448
915065,0.9999286982697257
915066,0.39846776805219464
915067,0.9990008565026358
915068,0.23239679652006318
915069,0.10376596957775988
915070,0.9999815598782933
915071,0.9235944079635895
915072,0.7217840349820542
915073,0.9990999195907444
915074,0.01650197979811841
915075,0.9330642430453864
915076,0.9467312480126363
915077,0.999905275366816
915078,0.9998455715694547
915079,0.011683631319317109
915080,0.9970228682894393
915081,0.9999503380407594
915082,0.999505804777287
915083,0.5249753054813242
915084,0.8841821308359492
915085,0.2410506806631235
915086,0.9992016775709507
915087,0.021862666586072894
915088,0.999893244658242
915089,0.9952306887401166
915090,0.9995975313346585
915091,0.9997271402401795
915092,0.031027080658249037
915093,0.9997331654560759
915094,0.6487721443927512
915095,0.026891314777994918
915096,0.9815140355093458
915097,0.7798861111256812
915098,0.9921919789876317
915099,0.9999518070700163
915100,0.023797943377804352
915101,0.4462959651025227
915102,0.8210181521920059
915103,0.017559960848140894
915104,0.6989265524616224
915105,0.7075817012978178
915106,0.5049834423820029
915107,0.9997685136324909
915108,0.9904483508261521
915109,0.7372674632670857
915110,0.9988197749848311
915111,0.9783380555123384
915112,0.979205275980927
915113,0.9980279375586182
915114,0.99998842761375
915115,0.05285374476509903
915116,0.9961355772529543
915117,0.9920727808590515
915118,0.7704679495567117
915119,0.999690312345549
915120,0.18405760715501368
915121,0.17183245995081736
915122,0.9978487355444907
915123,0.4070997207292809
915124,0.8632951304543405
915125,0.9995416595003461
915126,0.9999121403276845
915127,0.7064369943162474
915128,0.4877697307009713
915129,0.9995451320123272
915130,0.18175711409043177
915131,0.5488785403415407
915132,0.9989494898698579
915133,0.9997363068119283
915134,0.8010948371209088
915135,0.9996404249391625
915136,0.7955514121566221
915137,0.4550505386119918
915138,0.4949369313215234
915139,0.6983780414715841
915140,0.010333506917151878
915141,0.5038147645368882
915142,0.9996935840714068
915143,0.8390047551535459
915144,0.10742273119541274
915145,0.9689733806942749
915146,0.8905219714265422
915147,0.23462676132440302
915148,0.9980896447739768
915149,0.29912737319307303
915150,0.8018712831891489
915151,0.9997074515138834
915152,0.9998767010532034
915153,0.9999670895358368
915154,0.17000441992074602
915155,0.8258932499394274
915156,0.21872159325911908
915157,0.9925442430256587
915158,0.9834166158465649
915159,0.27512779759145667
915160,0.9856792402612384
915161,0.5903218460457488
915162,0.40730482763582804
915163,0.2872936200529617
915164,0.9976456471589381
915165,0.7754283084047731
915166,0.057630314965745194
915167,0.8737056244736037
915168,0.49096722880247157
915169,0.2957360149100107
915170,0.1355250735641532
915171,0.8322349533170539
915172,0.3777856860813197
915173,0.9997194318625767
915174,0.5999829459886131
915175,0.8240486830115687
915176,0.4216538835230507
915177,0.9992629507725588
915178,0.013096191994272064
915179,0.9998995392232244
915180,0.8591135353574015
915181,0.9998234222980941
915182,0.9911794190789842
915183,0.05887622348941948
915184,0.9992473449441268
915185,0.8122917612496134
915186,0.9998044191830253
915187,0.9998961406254627
915188,0.9958433702175234
915189,0.10713950625395975
915190,0.9999800392230265
915191,0.9999343534788643
915192,0.819355920153414
915193,0.1037856556793878
915194,0.9850025514218437
915195,0.16830803646804016
915196,0.14992647495064299
915197,0.9887732342428972
915198,0.5536494201342032
915199,0.9525450081674853
915200,0.9996639091889625
915201,0.8034825606059411
915202,0.01598053538881605
915203,0.9981197071790164
915204,0.9992063182490297
915205,0.9998232322682219
915206,0.4064931073021518
915207,0.02761069896248701
915208,0.02009801457821707
915209,0.9354819486339832
915210,0.9167182764068555
915211,0.9973042703598141
915212,0.12969577201041105
915213,0.891348622118914
915214,0.23006584105809147
915215,0.6246802789015913
915216,0.8566817259300228
915217,0.2842633075329703
915218,0.05587668428319728
915219,0.6941752634610692
915220,0.9987277159842176
915221,0.36842902218912116
915222,0.0189983898460574
915223,0.9881321214347768
915224,0.9866791952830185
915225,0.5119142547952047
915226,0.9956659778215549
915227,0.773708416403447
915228,0.995633221461544
915229,0.08349987112839355
915230,0.9999187977955446
915231,0.0153196705473949
915232,0.8733353638623418
915233,0.018736103337019472
915234,0.9999799338562068
915235,0.6267445421838145
915236,0.5675869336736125
915237,0.9983186296662744
915238,0.7629664164050861
915239,0.018913366006050477
915240,0.9994907814929737
915241,0.25603442931727777
915242,0.24065514558044238
915243,0.9886895783798106
915244,0.05463900644518632
915245,0.008213915877825707
915246,0.21261073548435092
915247,0.9418832123911417
915248,0.4286157574943789
915249,0.9902466808585524
915250,0.999645948617074
915251,0.25888000841077163
915252,0.9987569246169729
915253,0.9444292004528585
915254,0.030645031000529975
915255,0.9927808311937617
915256,0.9834746741839089
915257,0.9642648455952276
915258,0.9985082736734359
915259,0.9244311024471652
915260,0.9993343152729139
915261,0.899348623718024
915262,0.13005903787135376
915263,0.9757221450893077
915264,0.5351875272531509
915265,0.9959494962541342
915266,0.8715154079469043
915267,0.9999854655714344
915268,0.19445987337155368
915269,0.9998370447657314
915270,0.25569716339133874
915271,0.9797496192084375
915272,0.87376472292261
915273,0.9041483705391169
915274,0.8202055233791932
915275,0.9997262230099628
915276,0.9995356531931467
915277,0.9596061101788314
915278,0.3322099794544583
915279,0.9950914834761211
915280,0.9995607201554687
915281,0.2286729923725376
915282,0.6249552946240011
915283,0.5766195613922639
915284,0.9678967029994037
915285,0.6204468258446032
915286,0.8728257094766855
915287,0.6701947789404995
915288,0.9998148746673047
915289,0.9997268723811312
915290,0.36354402271253594
915291,0.8725077739021585
915292,0.9999128532638948
915293,0.9338031073250959
915294,0.9978678213283155
915295,0.9978725415778318
915296,0.04540937043516619
915297,0.973230140230353
915298,0.2331542951782394
915299,0.04841165495475175
915300,0.9695820047333799
915301,0.2658449426263071
915302,0.928200346243097
915303,0.998342857860538
915304,0.84625938670962
915305,0.7767963656288185
915306,0.8883245271466453
915307,0.8092240441847447
915308,0.014105709003323072
915309,0.021453008811916717
915310,0.17943477859931756
915311,0.9138161858549667
915312,0.8331533058330185
915313,0.4448879460662465
915314,0.9995539836149481
915315,0.9738785696431207
915316,0.2664613642871796
915317,0.2601297383278184
915318,0.9981931794468584
915319,0.0324308206182866
915320,0.005302685747118894
915321,0.9921910059755046
915322,0.39431110824142
915323,0.9622185178231549
915324,0.6352188914762602
915325,0.9996722475457933
915326,0.4866446790203637
915327,0.659825452046029
915328,0.9885746277307039
915329,0.9598838989015692
915330,0.9996781544166763
915331,0.9994157262500176
915332,0.9999900946706273
915333,0.7448233704089691
915334,0.1946739292094212
915335,0.9994999521602626
915336,0.9988950748281545
915337,0.9928594130865281
915338,0.9999288758776375
915339,0.025411822326822417
915340,0.9995644807208628
915341,0.9949734817213267
915342,0.25948436337634573
915343,0.9992122474028811
915344,0.7979519646469556
915345,0.37157473303803373
915346,0.47655636347734076
915347,0.9328356154957769
915348,0.9999197011672954
915349,0.5826535586631013
915350,0.12660484069265782
915351,0.7045356140745844
915352,0.9069174658564632
915353,0.9950204721532501
915354,0.9983249345533867
915355,0.7097987311541001
915356,0.8345091238009275
915357,0.9968042953247855
915358,0.013246463976771386
915359,0.2317859856448898
915360,0.9998696177889927
915361,0.02542630922814643
915362,0.9933725874467967
915363,0.9963594310522312
915364,0.9985479743357947
915365,0.8300553513074018
915366,0.8373101141808437
915367,0.48777087551403003
915368,0.9583847644861407
915369,0.9990756904987159
915370,0.9742039077099381
915371,0.02393935271211108
915372,0.26094601002004525
915373,0.9752557444852459
915374,0.012881548834399726
915375,0.9961871121988953
915376,0.9912958944405463
915377,0.9897228247188794
915378,0.0023400532367750986
915379,0.9808910609612134
915380,0.9995367070092289
915381,0.9958943079673194
915382,0.9992852196322972
915383,0.08909201155280001
915384,0.9963356964427421
915385,0.701223028051484
915386,0.12463973407682934
915387,0.9591288305982445
915388,0.9975233717770431
915389,0.9998633593767793
915390,0.9138368440039876
915391,0.9994506719634881
915392,0.9998933551165661
915393,0.9982062803332361
915394,0.9991354836353665
915395,0.9997464606428537
915396,0.9999328867040638
915397,0.9604797415034529
915398,0.9993222077790362
915399,0.04483602184558375
915400,0.8170938593918822
915401,0.5787959291605997
915402,0.5493137819755227
915403,0.9530962482514692
915404,0.996656741594475
915405,0.3965522767270363
915406,0.9980038198894133
915407,0.9944757081683693
915408,0.009331459794789533
915409,0.9429256527928468
915410,0.9760167296517925
915411,0.9985702884838512
915412,0.8550768144302343
915413,0.999370456197739
915414,0.1070953623239718
915415,0.9993742253487949
915416,0.979421304683775
915417,0.8850385961881418
915418,0.9962853077823768
915419,0.3745422833569263
915420,0.1679488018771501
915421,0.9506731868289451
915422,0.9998345589518396
915423,0.7609888232054342
915424,0.29335687815167427
915425,0.5751896059352326
915426,0.9981964353090771
915427,0.5581922214958771
915428,0.9999756566700208
915429,0.5546983744953513
915430,0.7893563629647788
915431,0.9973967411028366
915432,0.7709143709102507
915433,0.9818330423443835
915434,0.9563981859648337
915435,0.9877460338558561
915436,0.9979543194737016
915437,0.9977938503731356
915438,0.9971495358373069
915439,0.41661099320216005
915440,0.43251363150380123
915441,0.9858399256906853
915442,0.9775970600131705
915443,0.9979092908107208
915444,0.9999662676059421
915445,0.7706036899996231
915446,0.8088578819721394
915447,0.7379001898169727
915448,0.9987021009051488
915449,0.999970701987533
915450,0.9986265891552195
915451,0.9949106727692663
915452,0.01579466477299811
915453,0.9783877437545057
915454,0.8323887468437885
915455,0.9982287788836477
915456,0.9998860139136386
915457,0.9998588670467004
915458,0.8918924678715956
915459,0.019275165357374717
915460,0.6406338157164078
915461,0.10338078587923533
915462,0.10017755500909004
915463,0.9857643970474897
915464,0.0223867944750797
915465,0.7524804771582084
915466,0.8414249089305115
915467,0.7687368943488169
915468,0.08752455840582951
915469,0.5406351164206661
915470,0.1817022143321459
915471,0.998521875110675
915472,0.9997453085891436
915473,0.9939631955806278
915474,0.9511818330922462
915475,0.9999697583742252
915476,0.9996703302240093
915477,0.44145357052611806
915478,0.3328572316439333
915479,0.9937174356508571
915480,0.8373790191780522
915481,0.9080844058727209
915482,0.17912446332345916
915483,0.9999218899515981
915484,0.9723103454646527
915485,0.9999804138415277
915486,0.9997258389241319
915487,0.9998009045979528
915488,0.9999022222987412
915489,0.9965533087951997
915490,0.9031187760293016
915491,0.9999897535877535
915492,0.07765173999200121
915493,0.9998543223353097
915494,0.9858431467891222
915495,0.9996056411241898
915496,0.010642521827212243
915497,0.8168935842594856
915498,0.4339493561972458
915499,0.3936883975384179
915500,0.9923182113512565
915501,0.999810605739702
915502,0.9996119615151873
915503,0.3371500722240367
915504,0.2508243324747375
915505,0.9999964784200954
915506,0.5444300258612541
915507,0.9999614522284284
915508,0.9941916435471242
915509,0.9993189565986318
915510,0.20293058068132389
915511,0.9428730260546403
915512,0.9823029869800415
915513,0.9916934723494861
915514,0.9998969667327887
915515,0.9995321239023038
915516,0.5384901141397352
915517,0.5713934906353472
915518,0.9996621988879033
915519,0.35279547557743185
915520,0.9997747465257857
915521,0.6789154227339422
915522,0.9992119551600331
915523,0.2670767415313676
915524,0.5012879036703559
915525,0.12494469351109246
915526,0.9999373717795452
915527,0.9954293196648252
915528,0.15616587217572686
915529,0.0017557040248581584
915530,0.9951628890535995
915531,0.5379821862232098
915532,0.47503516069355695
915533,0.994983464856162
915534,0.9999605295646102
915535,0.806446123800392
915536,0.9997280993880938
915537,0.9999605535052787
915538,0.9451074950826351
915539,0.43049763056067636
915540,0.9977935728250513
915541,0.5486775974334369
915542,0.9995745762279757
915543,0.043292041695134884
915544,0.9995764738576197
915545,0.03900345231763065
915546,0.9996462153260118
915547,0.9999821012849834
915548,0.9996149936551122
915549,0.8240411133452384
915550,0.9998566655941858
915551,0.4535026701617704
915552,0.9156315494927643
915553,0.9999068463472205
915554,0.03482944542985804
915555,0.1205610427077631
915556,0.9999720847951833
915557,0.9998070242237068
915558,0.3043522527653989
915559,0.17152799871595228
915560,0.9998811699571373
915561,0.7376086900641414
915562,0.9815313054021431
915563,0.9930447980774019
915564,0.28398839952578087
915565,0.03521211737322724
915566,0.9996672004441292
915567,0.7705638706323794
915568,0.9877246117615243
915569,0.9995214069514519
915570,0.9991001731618678
915571,0.8959564498410562
915572,0.9999785704815773
915573,0.9975798197388618
915574,0.9800868991667071
915575,0.8071522419031506
915576,0.30338008593293436
915577,0.999921564196666
915578,0.9999635381108429
915579,0.7471976628325457
915580,0.008984319516515675
915581,0.2354003896990097
915582,0.847366344917979
915583,0.9926983312541644
915584,0.9990268613276878
915585,0.9993838581551904
915586,0.9997428987689476
915587,0.8780815911014201
915588,0.9797364006112719
915589,0.995788489837482
915590,0.39768577071858546
915591,0.9961480485969318
915592,0.9999243336135696
915593,0.9157340750480183
915594,0.9695263568353218
915595,0.15251307573872422
915596,0.9999742241374101
915597,0.13951811122375524
915598,0.9957876767734957
915599,0.9993949309086549
915600,0.4656614525048287
915601,0.9954430544523627
915602,0.6538405656924111
915603,0.8680333739333632
915604,0.9996255036674742
915605,0.9994235739206991
915606,0.14210528471398987
915607,0.9970416704708989
915608,0.999983627916883
915609,0.97106654599645
915610,0.9015550683845959
915611,0.9696062607967114
915612,0.8619949625500678
915613,0.07461250048604745
915614,0.9995557541747719
915615,0.9642045042685569
915616,0.03223870420935102
915617,0.6765602486463852
915618,0.9993399376054438
915619,0.4207364916240276
915620,0.29721467024225334
915621,0.9997533012784976
915622,0.6095237341245336
915623,0.8580034091364903
915624,0.9998507582755523
915625,0.9976692028224425
915626,0.008702408362035096
915627,0.928259058830307
915628,0.9997138663300915
915629,0.9998582698237176
915630,0.4038427173228447
915631,0.6046255669313592
915632,0.9917667613888732
915633,0.9999845151790014
915634,0.9966328898360848
915635,0.9998308298064729
915636,0.9018390243549006
915637,0.18487877703383615
915638,0.4749056101031116
915639,0.3275940531534177
915640,0.9987675641541263
915641,0.9997729766858652
915642,0.9999160242152558
915643,0.9998356427995052
915644,0.9929512247031895
915645,0.9819912735927088
915646,0.005481631852503558
915647,0.5155672331349451
915648,0.9998498401321076
915649,0.5750010271135417
915650,0.9887870963334425
915651,0.9996890674084874
915652,0.9999814628719736
915653,0.9133394939573047
915654,0.8880764631780087
915655,0.9976631396594218
915656,0.9992139578946155
915657,0.9967827668745424
915658,0.975533263014786
915659,0.8728980131064182
915660,0.9909080662700551
915661,0.9983283222469332
915662,0.9953973249347201
915663,0.8325292740169052
915664,0.9871793851592094
915665,0.09894827047511678
915666,0.9718063274655309
915667,0.44056379556560027
915668,0.9890724244977311
915669,0.007507568581342236
915670,0.6501004926488515
915671,0.6400243223216364
915672,0.9997548271430129
915673,0.9997211602243196
915674,0.26424697050482154
915675,0.13495674179187098
915676,0.6965405060695526
915677,0.9980245067215388
915678,0.9398674556976585
915679,0.9957929077381096
915680,0.32097216359142633
915681,0.07851343835905417
915682,0.19407128196567072
915683,0.8358740413498154
915684,0.9550063372154083
915685,0.8808772649823586
915686,0.07913811787269488
915687,0.9962122681953465
915688,0.05642643946018491
915689,0.9999712704491466
915690,0.1162884985618407
915691,0.9999842719236167
915692,0.9991145073014567
915693,0.8284142647055609
915694,0.6202976958619738
915695,0.1204416841389752
915696,0.6076599035713934
915697,0.9993327710638651
915698,0.027983670014899313
915699,0.9996570989307694
915700,0.6577431839048588
915701,0.7988576535037479
915702,0.0924753313880705
915703,0.9954928363132169
915704,0.00786094085718885
915705,0.9134204366659715
915706,0.8732388209849846
915707,0.013594000176883805
915708,0.019954676077001528
915709,0.11006893061392833
915710,0.9997938548992794
915711,0.9988816452354781
915712,0.9270906532796929
915713,0.5714916251892272
915714,0.9998756858599269
915715,0.024492020736236547
915716,0.915770147414694
915717,0.9996874386180978
915718,0.7094963009890398
915719,0.9342653288261786
915720,0.4362997266035441
915721,0.5248868462304085
915722,0.9996313537872801
915723,0.9725287172944743
915724,0.9336142446851261
915725,0.04559677200591509
915726,0.016756295148128573
915727,0.9989458144652237
915728,0.993895422124809
915729,0.9082284917657719
915730,0.10212170072951322
915731,0.9999216202225115
915732,0.836380652572498
915733,0.0406470705214515
915734,0.9937450377392198
915735,0.5895560631930175
915736,0.9855363831617954
915737,0.980420205558701
915738,0.9893419298004684
915739,0.7321792976635512
915740,0.8329607353647149
915741,0.9999721866427074
915742,0.931052967206385
915743,0.9999733216121243
915744,0.02419784843164115
915745,0.9996865567409612
915746,0.9998493399561015
915747,0.9990693790571845
915748,0.9950028239037806
915749,0.9657454314459117
915750,0.9997827502376744
915751,0.9986401064486996
915752,0.0478963191303448
915753,0.773539446580543
915754,0.9999656587930601
915755,0.2143179215397806
915756,0.012774100005798941
915757,0.9863626355954551
915758,0.9957382804364747
915759,0.9999553923860812
915760,0.8096533718152705
915761,0.22505201430701433
915762,0.0630175422362686
915763,0.9809705792412582
915764,0.9993076292647298
915765,0.4430255458365141
915766,0.9969198479924894
915767,0.9468516890499079
915768,0.5075157793584895
915769,0.7493421322847882
915770,0.10279519637974494
915771,0.9998606226027558
915772,0.16826046411816306
915773,0.9970224612532401
915774,0.774333790799953
915775,0.735996189451039
915776,0.9979875298165266
915777,0.9998621520652271
915778,0.36292659999307003
915779,0.9947282086347662
915780,0.9948250740418605
915781,0.9999685128344884
915782,0.9563473924669292
915783,0.0051969019626453734
915784,0.9925330957810892
915785,0.9441582247462122
915786,0.99901276488476
915787,0.9999143360684466
915788,0.9927289915908746
915789,0.9998060800753946
915790,0.6840739037206007
915791,0.9965153525615458
915792,0.01915860184031619
915793,0.9988641044566056
915794,0.9992242832856675
915795,0.813919831930151
915796,0.27996269280556874
915797,0.6330260028162025
915798,0.9993311042894657
915799,0.9983238951791557
915800,0.7324803107601796
915801,0.5958073295009183
915802,0.9999838354805943
915803,0.7202048282259805
915804,0.6669085576021382
915805,0.9979047218722756
915806,0.8442949120507532
915807,0.6518099575025429
915808,0.3569093275439849
915809,0.9997557818090648
915810,0.40799700321971916
915811,0.9771980347918965
915812,0.3196093565462421
915813,0.9749282616969402
915814,0.19898397979380433
915815,0.9967488682948924
915816,0.10651582195866316
915817,0.9995792568527435
915818,0.40147234349771804
915819,0.532398930538395
915820,0.24930194635170244
915821,0.9368524996882956
915822,0.8778242512157806
915823,0.07369136105681312
915824,0.9998077034094865
915825,0.9982854704938058
915826,0.05669389760273226
915827,0.9997746318810813
915828,0.9995834700181522
915829,0.9998821669221841
915830,0.6535433418921199
915831,0.0627902062239962
915832,0.11217568790007088
915833,0.9998963487121096
915834,0.9982477070260714
915835,0.9996348573539566
915836,0.9952525772248658
915837,0.9997112655087813
915838,0.9942677955412441
915839,0.48892412310085387
915840,0.9949655546272496
915841,0.9671969694231475
915842,0.06317560277117547
915843,0.9989522076040392
915844,0.9999666200308461
915845,0.6175010385029125
915846,0.15531309325107612
915847,0.9999727818801791
915848,0.9985218897250385
915849,0.9227950191331691
915850,0.6777840117278853
915851,0.10407159526325968
915852,0.999770032115403
915853,0.9999915361509035
915854,0.07349893948160138
915855,0.9978448104443147
915856,0.9997740728678277
915857,0.9982149437229858
915858,0.9639165635351206
915859,0.9999845821499045
915860,0.9924235267343894
915861,0.9967411567601923
915862,0.9950973783868771
915863,0.9862606104472262
915864,0.026246557779493244
915865,0.94642319813518
915866,0.007629709712552183
915867,0.9438856615732614
915868,0.6671676304557228
915869,0.9990587376194957
915870,0.019703916031883893
915871,0.9738263360945785
915872,0.59336883971402
915873,0.8345391073503887
915874,0.9545813687537377
915875,0.32956154045985825
915876,0.6313979240882579
915877,0.11906188766388309
915878,0.9179866503350733
915879,0.6899789925946709
915880,0.9996212652961045
915881,0.305966808034686
915882,0.9790855752390549
915883,0.9992542809894474
915884,0.999228348700685
915885,0.9996631993058195
915886,0.978185308701172
915887,0.36668892338028586
915888,0.9956005178719314
915889,0.9986739090547698
915890,0.9917225587967022
915891,0.9912370413815205
915892,0.6406877831078555
915893,0.7558424919474412
915894,0.9874393526847712
915895,0.9956721948630365
915896,0.9800734677457559
915897,0.6671334194033616
915898,0.025227231761367597
915899,0.46357570204260945
915900,0.023277360407650664
915901,0.9997050130928153
915902,0.9874160212116629
915903,0.8798491843652965
915904,0.9997804367137579
915905,0.9999606348485451
915906,0.9999808174254261
915907,0.9998740310299273
915908,0.8813020148460676
915909,0.057173105625113074
915910,0.9998146952686032
915911,0.25879395280080814
915912,0.9865287862542998
915913,0.7890485614305209
915914,0.9999448092770054
915915,0.20222313709088316
915916,0.9999792385220954
915917,0.9996370859605845
915918,0.9919234540001751
915919,0.02452165636447681
915920,0.1638128676687953
915921,0.9870890164112054
915922,0.9800882998753013
915923,0.9954499179498817
915924,0.9726329039974101
915925,0.8944816092369268
915926,0.4449019919094389
915927,0.2756204134741787
915928,0.6268717157187644
915929,0.8568667085895314
915930,0.6190800882305538
915931,0.03892922016601745
915932,0.9980205367040411
915933,0.9786192613441858
915934,0.06505787386780094
915935,0.9919382176368965
915936,0.8850592431303466
915937,0.002419887657967293
915938,0.9995107588455674
915939,0.8574412799861888
915940,0.9738368437531679
915941,0.7959098843758841
915942,0.8951844420039691
915943,0.9524504774135736
915944,0.7693575422938629
915945,0.993304659498806
915946,0.9990570092305697
915947,0.315468620940648
915948,0.6255817248267848
915949,0.4805081402032957
915950,0.9999654928091981
915951,0.8792189030402451
915952,0.014523239343958282
915953,0.9294912708651408
915954,0.036835665127728096
915955,0.5154318098501197
915956,0.14079962323921824
915957,0.7461745554380873
915958,0.23823668426804306
915959,0.9998468456080414
915960,0.2153818895580523
915961,0.998836266789411
915962,0.21059679118715557
915963,0.9999839144148053
915964,0.9998749384903782
915965,0.99917027603448
915966,0.9889674577142926
915967,0.9219419093267526
915968,0.8510844652897225
915969,0.9338785051728237
915970,0.0970179407566907
915971,0.9996301269357105
915972,0.8425973084295871
915973,0.999516064448255
915974,0.10413608908792266
915975,0.997733787351047
915976,0.9998704401217643
915977,0.3519719170504331
915978,0.9926188223193144
915979,0.8998371530602336
915980,0.9664589863050381
915981,0.9998448571404617
915982,0.09012605219786646
915983,0.021867064153836283
915984,0.3900038519461403
915985,0.13751748771036418
915986,0.022712376019110282
915987,0.9994424751773402
915988,0.06826913090576586
915989,0.44516403006157423
915990,0.9922621176550062
915991,0.007501476648106721
915992,0.5069900603645531
915993,0.025983900260342904
915994,0.8513588468844243
915995,0.07836446618932955
915996,0.9990652348362961
915997,0.9596918641822302
915998,0.496692382965456
915999,0.9910441635392835
916000,0.5610074258758251
916001,0.5700364411907591
916002,0.9996683640426814
916003,0.9656588001650536
916004,0.06895641626362504
916005,0.9446601476832405
916006,0.02919159267125828
916007,0.9989120123842565
916008,0.6698211702946824
916009,0.995590105498521
916010,0.998421283786776
916011,0.9909550884080092
916012,0.11446562881374367
916013,0.11330621669374485
916014,0.01865925078863781
916015,0.9940391197499142
916016,0.9981108553836404
916017,0.21150212589678546
916018,0.9922073313482835
916019,0.9918638199093112
916020,0.9994900467078662
916021,0.9996947499005726
916022,0.12371698557539809
916023,0.999866280478894
916024,0.9970616776532386
916025,0.9986086890131536
916026,0.02909864155577809
916027,0.6783131073277009
916028,0.30587438295292607
916029,0.9522005379412548
916030,0.9896268572021207
916031,0.023960976844613846
916032,0.9916218319069177
916033,0.09267427671576423
916034,0.7860244045221891
916035,0.21872146989384195
916036,0.9989755230969982
916037,0.23779669560526515
916038,0.9959632666825741
916039,0.043601692570247624
916040,0.9997479352207373
916041,0.722031716701997
916042,0.3416468177340248
916043,0.9976279087230147
916044,0.9989681276288327
916045,0.5733188282394844
916046,0.9995251578365681
916047,0.9967057453787753
916048,0.8941794426093393
916049,0.18017355369375893
916050,0.2276890466766224
916051,0.991024179406911
916052,0.015145147163205601
916053,0.9997920621122983
916054,0.6483033875548656
916055,0.0569714474918325
916056,0.8820722879190841
916057,0.9406859243358925
916058,0.9985469058860165
916059,0.9375724672335574
916060,0.800627581595829
916061,0.9985519698499498
916062,0.5689130376469985
916063,0.9791524331080051
916064,0.9661913093177232
916065,0.7132648953318043
916066,0.9880192203897578
916067,0.44255279279101956
916068,0.9239617357721438
916069,0.12080461807764341
916070,0.7821100784804901
916071,0.8959783228219047
916072,0.9295227678784708
916073,0.9996187462031492
916074,0.9548344300303494
916075,0.4403516279623546
916076,0.999975363989542
916077,0.9998504959486316
916078,0.0554045681108602
916079,0.997970806089684
916080,0.9974008408980277
916081,0.9985289411748096
916082,0.28426314566664923
916083,0.9998742386230666
916084,0.7167867765808503
916085,0.054392293746507045
916086,0.2902217833260933
916087,0.1304873647715095
916088,0.26295733253064896
916089,0.9976220584372488
916090,0.043729274496239263
916091,0.2791774316114004
916092,0.9934948684204779
916093,0.5308721174840175
916094,0.9993341644778457
916095,0.9998687390292701
916096,0.9215026044844131
916097,0.9997145483796064
916098,0.9998048852395354
916099,0.9995459755099265
916100,0.999320969795626
916101,0.5922561076091036
916102,0.9997034628799988
916103,0.5252490774081998
916104,0.06718066518627906
916105,0.6441217797034954
916106,0.9996117922660073
916107,0.2736636794396811
916108,0.0524641365442117
916109,0.9993896393012139
916110,0.9740929995876749
916111,0.999970818899263
916112,0.9548393835868186
916113,0.9971661998565041
916114,0.994055638669451
916115,0.9977752994487051
916116,0.95524932646366
916117,0.9998267623624305
916118,0.9624807395449064
916119,0.3800655039373442
916120,0.6004380101439782
916121,0.9460914608206492
916122,0.9999365224130643
916123,0.9994637427222949
916124,0.4462800481526552
916125,0.03474332300299884
916126,0.44749666344704075
916127,0.28064559410451106
916128,0.9997030675997047
916129,0.9721772613697515
916130,0.9838349925347807
916131,0.5227173527091082
916132,0.8515935002656446
916133,0.9474841645500139
916134,0.23007283637310993
916135,0.8855481677405079
916136,0.9966589883760005
916137,0.6654267613735879
916138,0.7765212716059373
916139,0.788797137146786
916140,0.11936861594337443
916141,0.9997588308694021
916142,0.10147781890690352
916143,0.6985927761624324
916144,0.05767945962861762
916145,0.9995771208645723
916146,0.3926974139903134
916147,0.12444577586138666
916148,0.9997845985273841
916149,0.18795282210586975
916150,0.053287006810409016
916151,0.9996398354292828
916152,0.05510243446365754
916153,0.9972905947083986
916154,0.967334506436079
916155,0.02096507672408487
916156,0.8650815073814071
916157,0.043377905558544136
916158,0.9999361406035687
916159,0.9031846675616126
916160,0.8915925801591578
916161,0.9970030336267439
916162,0.7912345861476506
916163,0.9973183359532697
916164,0.9695166908827775
916165,0.5120953921997451
916166,0.999924015420742
916167,0.943637675277156
916168,0.09447133517826556
916169,0.9998442737726889
916170,0.33660592188814953
916171,0.9917757893947994
916172,0.48885780570677184
916173,0.29607178619852365
916174,0.9998174409953422
916175,0.048867584960589114
916176,0.998308398434039
916177,0.38640782757942155
916178,0.7397229027895639
916179,0.687161343212519
916180,0.99998098563145
916181,0.9999666033577965
916182,0.9904196148934483
916183,0.2595480337133409
916184,0.30057974430624207
916185,0.9988348787740413
916186,0.013631575155680774
916187,0.9999022292014341
916188,0.9918599250118793
916189,0.9998047681094482
916190,0.9810281095103511
916191,0.9981603491533022
916192,0.9427544690210073
916193,0.9987090182285314
916194,0.8716564703891573
916195,0.10210506931021121
916196,0.10979946401783719
916197,0.9993243605101059
916198,0.9996853533374389
916199,0.9217388912260063
916200,0.24852168992113788
916201,0.9992825066857886
916202,0.5324684926572155
916203,0.8120231808040165
916204,0.07436607184632676
916205,0.6263275172183396
916206,0.8615684337029497
916207,0.9861144465661815
916208,0.0588870632257922
916209,0.9998951442433304
916210,0.9582424075900745
916211,0.9884873500570601
916212,0.9996039188288959
916213,0.3237860948779412
916214,0.019648122477449407
916215,0.8714632846451025
916216,0.05047549045275787
916217,0.9843637888678343
916218,0.7767331221486404
916219,0.9912320607998089
916220,0.9790660430742327
916221,0.46511487634222565
916222,0.867553176295714
916223,0.7578165797582168
916224,0.8618319643233798
916225,0.9838083916913636
916226,0.9435860688270838
916227,0.014230912498485656
916228,0.958378844694496
916229,0.9998241899433384
916230,0.18511169915067086
916231,0.6837028602795571
916232,0.9804314615270115
916233,0.066103813691416
916234,0.9999078613573911
916235,0.0036084478527782333
916236,0.9103846913776816
916237,0.9878194814148225
916238,0.07276924757111185
916239,0.031481606941811166
916240,0.0010802591004916333
916241,0.7452185230615038
916242,0.999800579734182
916243,0.9862426327303331
916244,0.8062856884747384
916245,0.9981215033152349
916246,0.7603713940152633
916247,0.02207895184243192
916248,0.3560592961041321
916249,0.0539032800020616
916250,0.8252419876772731
916251,0.9987475873977948
916252,0.9997186199235505
916253,0.9999194047808365
916254,0.026259854770457395
916255,0.17732318583188433
916256,0.9732010861250798
916257,0.9998006157075753
916258,0.14242372541268206
916259,0.99914031834786
916260,0.9995266307019604
916261,0.17276009273104304
916262,0.006742417731071863
916263,0.76090405036776
916264,0.9971700068536798
916265,0.8760663469009664
916266,0.379755335012742
916267,0.43670985972078347
916268,0.8764608822891375
916269,0.08706097943075398
916270,0.9999026112623346
916271,0.6694724254948543
916272,0.5054911241675565
916273,0.6297560204961158
916274,0.21736337648710302
916275,0.600802908080085
916276,0.24102115274169286
916277,0.9994550304848403
916278,0.960862806900262
916279,0.9999475900582362
916280,0.9999136479672486
916281,0.9999710577963455
916282,0.40772052115139434
916283,0.9664274511663875
916284,0.030640393257993406
916285,0.9992896213776392
916286,0.9971626399232064
916287,0.34717494928272785
916288,0.999681175592654
916289,0.9997708850286824
916290,0.8752291060316089
916291,0.2639252196198427
916292,0.19878288610965344
916293,0.9957129858329129
916294,0.7122299691562965
916295,0.9969373711373455
916296,0.999643593467572
916297,0.3979114206466947
916298,0.4069304653757045
916299,0.3012930007049108
916300,0.9997758921403395
916301,0.04802437730703393
916302,0.9959966245833158
916303,0.9587466153447076
916304,0.5975562704606788
916305,0.9987771475264615
916306,0.9977247492412802
916307,0.2101362888083521
916308,0.006733369664959886
916309,0.9998190133858267
916310,0.8923969449666862
916311,0.5248376243735984
916312,0.9992213232270672
916313,0.9999887409777948
916314,0.9325901068061007
916315,0.31142631654528014
916316,0.7465849910960106
916317,0.23573244555089495
916318,0.9937330442812995
916319,0.974292308960094
916320,0.43190072439073673
916321,0.9994961104236075
916322,0.058906967793435544
916323,0.9949507791256034
916324,0.9974038072572076
916325,0.11168427851151005
916326,0.5777355632971821
916327,0.9954443907290943
916328,0.5986196016760073
916329,0.026495768184057106
916330,0.04527998402271093
916331,0.9894872732631195
916332,0.043738748411449674
916333,0.9910968520839031
916334,0.03251304322970507
916335,0.958327338128143
916336,0.9993741695394347
916337,0.34506619947256195
916338,0.057757769196426806
916339,0.9989208159188685
916340,0.9992699336388875
916341,0.9989438718677115
916342,0.09377322815035316
916343,0.49667229682364344
916344,0.9998129765600119
916345,0.9891147194803249
916346,0.9969974267336954
916347,0.9996216275736174
916348,0.9998992848704171
916349,0.9949047867529988
916350,0.9998536701854777
916351,0.9987266906297656
916352,0.05489230489900741
916353,0.8737340825210069
916354,0.9977447082751494
916355,0.9428518915147543
916356,0.6697041416657714
916357,0.809282045480938
916358,0.4024509336531797
916359,0.9947248277685268
916360,0.2574000239831341
916361,0.1269713400550306
916362,0.9997724789963004
916363,0.7793441822677558
916364,0.9998957720161501
916365,0.9747087050886072
916366,0.009594373061660905
916367,0.2010628488843381
916368,0.37879442324016516
916369,0.9987280954371025
916370,0.9999507575960644
916371,0.39794463776662414
916372,0.12321538114415115
916373,0.08178771520369564
916374,0.999665144125184
916375,0.3161775098620272
916376,0.8716819106240861
916377,0.9435926371766749
916378,0.993375610574676
916379,0.16198062288863735
916380,0.7705486004792169
916381,0.7868748925670355
916382,0.9988323147332314
916383,0.9979971468950858
916384,0.21340434329010344
916385,0.9995864784189162
916386,0.8941553352962726
916387,0.6995501604068838
916388,0.9733315333797705
916389,0.9969660735723052
916390,0.426232209175366
916391,0.026085314318839786
916392,0.9861721892948736
916393,0.753828560497996
916394,0.4438802821754466
916395,0.9750104863053656
916396,0.9914489145263027
916397,0.9999883169802786
916398,0.9866550541658187
916399,0.7289270897130731
916400,0.9992825100126982
916401,0.04430241168822252
916402,0.3732319742190796
916403,0.9963583956218014
916404,0.10745882610373547
916405,0.9869762304507206
916406,0.4422523040133362
916407,0.9996828687340713
916408,0.9993176569144608
916409,0.9999118675986758
916410,0.4662105373383226
916411,0.5933741870219833
916412,0.599657583800234
916413,0.9428470628214984
916414,0.9998822783041954
916415,0.9995978632942881
916416,0.999396011093543
916417,0.4306677030980606
916418,0.994400580821801
916419,0.9998987527352269
916420,0.7659823718443244
916421,0.998852176468491
916422,0.9992343386078346
916423,0.9990790298909304
916424,0.17343745440121766
916425,0.9998039740767308
916426,0.517995969369798
916427,0.9989221926384886
916428,0.7056221352205803
916429,0.9633705294239177
916430,0.37726446303945294
916431,0.8780665672525139
916432,0.21446203963461985
916433,0.6414464017896107
916434,0.14800614417223132
916435,0.9994250985664126
916436,0.6608092725876659
916437,0.07160013774347186
916438,0.947999552700255
916439,0.9006691472731196
916440,0.19968420717092022
916441,0.9827279652127303
916442,0.09091123226875644
916443,0.020234377156908054
916444,0.3284044534682913
916445,0.34845409037005926
916446,0.9373728673167457
916447,0.9262306472491191
916448,0.9629181670255571
916449,0.9997946087584955
916450,0.25173994186317883
916451,0.24480906519674744
916452,0.15999998364328713
916453,0.9971370125974233
916454,0.9913155039614994
916455,0.4913020112501504
916456,0.34652205617096393
916457,0.9061077541862308
916458,0.004276988086102159
916459,0.8419816535373089
916460,0.9961748211224533
916461,0.9936221662441238
916462,0.12627655808366783
916463,0.7202910725764111
916464,0.5994913717683711
916465,0.4453906798226914
916466,0.6692639534675102
916467,0.9986926311882891
916468,0.7777344331196467
916469,0.9996075020669654
916470,0.9997619316657292
916471,0.9996537622422801
916472,0.9938267865864215
916473,0.5791445986203666
916474,0.9996883192825377
916475,0.9676671739660413
916476,0.9999413861824251
916477,0.8468544246392122
916478,0.3709377220539345
916479,0.8395457644768298
916480,0.9994454701223691
916481,0.1490766127633173
916482,0.9776307654689139
916483,0.9994019650512103
916484,0.12592403549812747
916485,0.5519739147376667
916486,0.0792613083315418
916487,0.9760929547519657
916488,0.41611667669940533
916489,0.9191964846802294
916490,0.9995552079848005
916491,0.9918229003643166
916492,0.9552912242800053
916493,0.019713919980352886
916494,0.030349550427889546
916495,0.9946617437693224
916496,0.9411561002397404
916497,0.3884030895047992
916498,0.9997313014231626
916499,0.9831323007888004
916500,0.9998361248914944
916501,0.9977505931851536
916502,0.41988658324463324
916503,0.9515530807289077
916504,0.9998922858643313
916505,0.9908117101713309
916506,0.6981704358422992
916507,0.9996142161225599
916508,0.9044833017164597
916509,0.6490842725861331
916510,0.884358832856768
916511,0.9998793796627539
916512,0.34919483324200873
916513,0.9990825440257569
916514,0.9903708570517993
916515,0.998756888397679
916516,0.8784219573607359
916517,0.5964700616729584
916518,0.9980595052043537
916519,0.1419479635728393
916520,0.921010224284974
916521,0.9854135756176223
916522,0.8884731370531663
916523,0.019471551828496702
916524,0.03093627534755383
916525,0.8851105595431034
916526,0.9893605793453368
916527,0.4819142184228965
916528,0.06562065945874009
916529,0.989867206476704
916530,0.09160810873816082
916531,0.9972050100022215
916532,0.999924911483378
916533,0.9029889361278802
916534,0.9998539422788146
916535,0.29876177996809894
916536,0.003681724640889549
916537,0.061539416319971674
916538,0.9975160098397451
916539,0.4558952609453264
916540,0.9993212649692572
916541,0.9649691085113341
916542,0.999759004902118
916543,0.9998771547415735
916544,0.13771446762490602
916545,0.9697296667302052
916546,0.1695221669101429
916547,0.9898118740153479
916548,0.999972797451618
916549,0.9995914862289277
916550,0.9998990216647429
916551,0.718241985334461
916552,0.5221373607078073
916553,0.9584397790278003
916554,0.9476034526515318
916555,0.3654856124581872
916556,0.9993782391479681
916557,0.9269348952193511
916558,0.8841821124219087
916559,0.9968023411681215
916560,0.8304694323275278
916561,0.9998999300677296
916562,0.9466722068994169
916563,0.9993227189504931
916564,0.9061493449270267
916565,0.9979196333558372
916566,0.5588720814515603
916567,0.39164291423890263
916568,0.5095470944469063
916569,0.999693231391705
916570,0.9977968369258383
916571,0.01143842653426649
916572,0.9971125579430851
916573,0.9968818819931173
916574,0.9988919392484403
916575,0.97507163711219
916576,0.9998970505605819
916577,0.9994788182019303
916578,0.9608088770696279
916579,0.9991237667196711
916580,0.9086970197339008
916581,0.9971605795148059
916582,0.9835752957803816
916583,0.008126703647453099
916584,0.0653299011983978
916585,0.9991602122812245
916586,0.7031200209529341
916587,0.7192026595662744
916588,0.997130257023954
916589,0.854394896320705
916590,0.9999381440720441
916591,0.08636182615777209
916592,0.9997523720714656
916593,0.9899348305118887
916594,0.9999845779001146
916595,0.9846894560369475
916596,0.602933094020984
916597,0.061252549802265174
916598,0.2623261451003976
916599,0.016767685590155755
916600,0.9994170668556144
916601,0.8938991707134379
916602,0.016063029746092073
916603,0.9855867221968047
916604,0.9998995364111496
916605,0.9277973746330891
916606,0.9977680591206018
916607,0.7942740956635405
916608,0.5694858076465374
916609,0.18725784963274014
916610,0.49702979022010624
916611,0.9991469772421682
916612,0.9977467245109761
916613,0.9978198240327941
916614,0.0936479684996918
916615,0.7469894350806396
916616,0.9818120274565708
916617,0.9999421368144411
916618,0.4254014044850781
916619,0.016008501899257767
916620,0.5238706979973871
916621,0.18393841160163293
916622,0.9925650667318748
916623,0.8516383399831938
916624,0.9976454902938696
916625,0.999935116411846
916626,0.4775986110509127
916627,0.9058587513906771
916628,0.9998981002770386
916629,0.013639139198144475
916630,0.9988177969836354
916631,0.5460142355996077
916632,0.6043802412901462
916633,0.9988048690503866
916634,0.9998600009324407
916635,0.9878363006676282
916636,0.062156151544876234
916637,0.41153161897194407
916638,0.9876836536489347
916639,0.89347831783507
916640,0.9950834060802718
916641,0.4931034401913089
916642,0.8050182605746303
916643,0.5385903893370751
916644,0.5034811292314135
916645,0.9986809434584231
916646,0.09103616266116485
916647,0.4319801320054126
916648,0.9905586311685703
916649,0.9997346499431843
916650,0.9999057577698971
916651,0.6866566902739102
916652,0.84111182638717
916653,0.9870906117747321
916654,0.9989684919540152
916655,0.980510823895862
916656,0.01713472400888711
916657,0.9993998081790185
916658,0.14464722739898797
916659,0.656819961381191
916660,0.9999128707243021
916661,0.029250408878189325
916662,0.9823501391648087
916663,0.9591347024686994
916664,0.9997501743721722
916665,0.8709570974344016
916666,0.9995066424071758
916667,0.43164468184345145
916668,0.9934121918514716
916669,0.9994786447479845
916670,0.7937556495686254
916671,0.03703143723311518
916672,0.9277455128083869
916673,0.3998938755517092
916674,0.9999873363206329
916675,0.5409860248970464
916676,0.995678668869144
916677,0.13332007979127847
916678,0.8026333696618784
916679,0.9970560753492018
916680,0.9999028389095402
916681,0.9997484307239829
916682,0.9996613421174478
916683,0.9920211400206466
916684,0.9995372512647676
916685,0.5251761223717156
916686,0.9896757489335875
916687,0.4315572228126232
916688,0.3027974718983341
916689,0.9980342913642266
916690,0.9481551240092881
916691,0.9999582255171606
916692,0.01896160458894451
916693,0.06455893685833358
916694,0.9998147437169049
916695,0.9462960470354242
916696,0.3472583243114076
916697,0.995544077452829
916698,0.9995441207549862
916699,0.6480377187099394
916700,0.6931182405358322
916701,0.5548399620335253
916702,0.9870932259918926
916703,0.9902111010895324
916704,0.9999408299618237
916705,0.9269481359710582
916706,0.7512129506347897
916707,0.9969000793714502
916708,0.37813133911920704
916709,0.9962615085114361
916710,0.997715988892231
916711,0.9995064263116851
916712,0.9957357098764112
916713,0.9948916048819638
916714,0.8316071469150113
916715,0.9577815871307442
916716,0.9954571169848196
916717,0.933179954003951
916718,0.5260439413187777
916719,0.017611970736069668
916720,0.9995892053483606
916721,0.9789293437202828
916722,0.9997949922670257
916723,0.9997525889160216
916724,0.12499836619908106
916725,0.9974063387292366
916726,0.04428569720817712
916727,0.009086521398453397
916728,0.9996806301094482
916729,0.46464061523195876
916730,0.9999583201991172
916731,0.012911367977710163
916732,0.6403908393714228
916733,0.9059749618851651
916734,0.9999013920471661
916735,0.9994662013078273
916736,0.47623808526488837
916737,0.20800880423770662
916738,0.9898276012765495
916739,0.9980820120730717
916740,0.9900724444905569
916741,0.010919022128347725
916742,0.9999734309156182
916743,0.038319027467461755
916744,0.9545514279591334
916745,0.466825612499341
916746,0.5505283700836741
916747,0.9980886985392664
916748,0.9949656290515665
916749,0.99830172823416
916750,0.9665134906091857
916751,0.9738652569377091
916752,0.09940564744343738
916753,0.9300729912439857
916754,0.999864613196584
916755,0.08685910975128558
916756,0.6781568797960027
916757,0.6586192613311365
916758,0.9997502616770332
916759,0.9989543321810058
916760,0.9973896271438827
916761,0.9966960283523063
916762,0.08444768351433006
916763,0.8576167637155291
916764,0.9613072587938847
916765,0.9996076575006977
916766,0.5765730006418956
916767,0.9926029723262634
916768,0.564971007199628
916769,0.6698179667006124
916770,0.7365814538852881
916771,0.7228222626070435
916772,0.19423813837718815
916773,0.9944504359746953
916774,0.09811733308807855
916775,0.9998055545100694
916776,0.07885617543039737
916777,0.27244948254312024
916778,0.999921307888431
916779,0.01942725226846779
916780,0.02209392333533746
916781,0.5762037371323739
916782,0.16243623490649495
916783,0.06542799836107138
916784,0.5166859620601852
916785,0.9885944118969401
916786,0.023145813796106175
916787,0.9912375693899682
916788,0.9998632328581654
916789,0.9999217149741366
916790,0.9768564543362535
916791,0.9992350738110374
916792,0.928330426903281
916793,0.9993063594688281
916794,0.22797372229320303
916795,0.9997622505771435
916796,0.9991966299274286
916797,0.9482363435681356
916798,0.9690080134261416
916799,0.3191161286611394
916800,0.22315033212518418
916801,0.24000200513319803
916802,0.09615884533687795
916803,0.9924801791663516
916804,0.8399388250415988
916805,0.22053805294308576
916806,0.7122709417529233
916807,0.8266239749656825
916808,0.9983493985548479
916809,0.15562368587692355
916810,0.9453867676820107
916811,0.8701128413127184
916812,0.9957947821972342
916813,0.9998041488906726
916814,0.9995128102343322
916815,0.07030314077960712
916816,0.9454820488309362
916817,0.9999682913252075
916818,0.9456918740945552
916819,0.3673803066701542
916820,0.04048159222139755
916821,0.9621375977699514
916822,0.9953162509734574
916823,0.9987399941499637
916824,0.9995469346248774
916825,0.027442447747886303
916826,0.7513817739133444
916827,0.38602366216263684
916828,0.9997160082043711
916829,0.8151723306294939
916830,0.9967005308090227
916831,0.764979146890598
916832,0.9995042185004872
916833,0.8452054711141002
916834,0.8509537871384137
916835,0.06802102488192367
916836,0.21173775334505185
916837,0.9999040515751942
916838,0.3308195551956219
916839,0.9417359260371407
916840,0.9372698395018992
916841,0.8970229845566
916842,0.9881028943710428
916843,0.9814053739219581
916844,0.994562896294908
916845,0.6578448232579883
916846,0.9996249153842606
916847,0.8966838294920744
916848,0.9999401269234927
916849,0.976204630986642
916850,0.9170518863091818
916851,0.008494763457453727
916852,0.6034933514062866
916853,0.016086498494660987
916854,0.9212601428633216
916855,0.9993973945934644
916856,0.999780169057103
916857,0.9995484513976042
916858,0.8667170564940139
916859,0.9998071858264106
916860,0.9366700805335598
916861,0.9945212001954334
916862,0.882965542231802
916863,0.8860689706574743
916864,0.871717052863255
916865,0.37070178933219
916866,0.9997267610327754
916867,0.819096283250657
916868,0.9999123712781515
916869,0.9968578669539014
916870,0.9990406460737218
916871,0.9999109936997584
916872,0.9028204351542102
916873,0.9337714686364238
916874,0.9998227127158116
916875,0.685049381555876
916876,0.9997695228756986
916877,0.952532763956812
916878,0.581456484329817
916879,0.7141397844683187
916880,0.06588440340443333
916881,0.9848819191662084
916882,0.9967997794715949
916883,0.9993808532595011
916884,0.8937316183423254
916885,0.9994958733020379
916886,0.20980214311215956
916887,0.7871234454985373
916888,0.8004516954365501
916889,0.46803097427721524
916890,0.9999244911734275
916891,0.9998544621831384
916892,0.9937754515672973
916893,0.9970087067956548
916894,0.930986808530406
916895,0.9998990035929329
916896,0.4752733488731031
916897,0.9137024475899929
916898,0.9999595966206181
916899,0.9757040461904231
916900,0.7613963873903409
916901,0.9982237485983673
916902,0.8849640614466474
916903,0.9994808185750084
916904,0.9784367449523887
916905,0.0053642735982556275
916906,0.08176732210237947
916907,0.9666316120954472
916908,0.8743294105607515
916909,0.4506065345860145
916910,0.9796560294147426
916911,0.9168267377117013
916912,0.9959353014128691
916913,0.5044413022319177
916914,0.9902039459959877
916915,0.13391438576999612
916916,0.9943001858080145
916917,0.65933436742093
916918,0.9998434128693868
916919,0.9997645832941193
916920,0.9996584890864673
916921,0.9996878253946933
916922,0.26623404083238034
916923,0.5066541667498767
916924,0.07323781619754123
916925,0.7649215847446627
916926,0.9999278999032706
916927,0.9940911241784507
916928,0.8003786952405878
916929,0.6221335658791295
916930,0.9766743896372609
916931,0.45545480641275893
916932,0.998872543084184
916933,0.9998574599978439
916934,0.8401427192613011
916935,0.9584869985434004
916936,0.9930748004181829
916937,0.22837377959719646
916938,0.9827812150360675
916939,0.7879770643379712
916940,0.9969938519925023
916941,0.661295265813809
916942,0.02058027014184822
916943,0.9993348232054751
916944,0.8024057710956696
916945,0.9950023706196548
916946,0.9997341807630368
916947,0.5744411722071248
916948,0.7733814314368849
916949,0.011779213900318802
916950,0.13278018551482124
916951,0.9999357259219749
916952,0.9997871784768112
916953,0.8374462952350088
916954,0.9996779575428245
916955,0.99721389590119
916956,0.927943338004751
916957,0.9988187232664292
916958,0.968508567119873
916959,0.4307513793316201
916960,0.09550767439432405
916961,0.42244238960887154
916962,0.8066552115516039
916963,0.9981141676906005
916964,0.9997296918546765
916965,0.9993469766715152
916966,0.9866073630803803
916967,0.9998947849006703
916968,0.7130689749079883
916969,0.9999909346607253
916970,0.9985333960615553
916971,0.029879174067718547
916972,0.38612427414284134
916973,0.019767448494630108
916974,0.6842803617454942
916975,0.9915404209883928
916976,0.825129757791669
916977,0.9999786304741358
916978,0.9338747623376938
916979,0.9955234263850781
916980,0.30901914383051804
916981,0.9987001778519827
916982,0.865909824974285
916983,0.7413767174700923
916984,0.9996870202004469
916985,0.9979646874320691
916986,0.4248267642676037
916987,0.999981464104643
916988,0.9916713189589867
916989,0.9999777865116922
916990,0.40925851576079286
916991,0.9508747184673905
916992,0.5583699721530189
916993,0.9508497960766051
916994,0.9452380174807409
916995,0.9998350961012974
916996,0.01040311413732518
916997,0.9999891214685113
916998,0.9594294005515245
916999,0.9653786702284599
917000,0.9983767519262161
917001,0.02827648239228869
917002,0.9980106384445542
917003,0.8419217673352487
917004,0.6492865411192736
917005,0.27410848295070606
917006,0.26688165191562824
917007,0.015775477471467885
917008,0.030303756045169945
917009,0.9955631571087754
917010,0.9997662155150756
917011,0.9855746307294662
917012,0.05504409698250065
917013,0.7688195604339277
917014,0.3153123645135164
917015,0.1795658638029186
917016,0.9685435987801512
917017,0.9993027550921469
917018,0.10280758599290533
917019,0.07264004319551831
917020,0.9871031486176651
917021,0.21473147711837703
917022,0.999404741820827
917023,0.995279253257757
917024,0.9995063956940111
917025,0.31562486822007424
917026,0.9360952116721463
917027,0.07331165295348667
917028,0.7066995422299862
917029,0.9752521942382673
917030,0.6988867249239186
917031,0.0012039552287068113
917032,0.559227421533796
917033,0.9985569514718116
917034,0.5726384171649311
917035,0.9995903162669575
917036,0.9929210884768702
917037,0.4472108810255392
917038,0.9964132432074446
917039,0.16610909563078574
917040,0.999219969326679
917041,0.998171420937938
917042,0.10308884501880643
917043,0.9604388849251339
917044,0.482047760764698
917045,0.9999301797830862
917046,0.8207283271370039
917047,0.9947240085940722
917048,0.3531374865624785
917049,0.10639615095520223
917050,0.9955596325906099
917051,0.9999855271055051
917052,0.8920565977898858
917053,0.9996775084455323
917054,0.9912748157775755
917055,0.9998965376131437
917056,0.013501455845242993
917057,0.01056357744148161
917058,0.01710928294933294
917059,0.9904184267191446
917060,0.999519458826183
917061,0.9988302852597228
917062,0.9830631054795701
917063,0.9996672725331532
917064,0.9850098010931335
917065,0.997168250309123
917066,0.9961413952774013
917067,0.5236473415957998
917068,0.8313435295885596
917069,0.717743690197444
917070,0.9884003878379648
917071,0.08936045191566581
917072,0.7712790023675605
917073,0.9985156586092635
917074,0.9971238609686974
917075,0.9971536794115253
917076,0.9965430425933757
917077,0.438755527638231
917078,0.9991590300797952
917079,0.9998402736864247
917080,0.8996006056332639
917081,0.9504428395216873
917082,0.9814021140503958
917083,0.9983537161672065
917084,0.8905408760759816
917085,0.9999333975230963
917086,0.42411690059905716
917087,0.6065392107743325
917088,0.9988041605727855
917089,0.13100029609022737
917090,0.7578403523576028
917091,0.40925129755074613
917092,0.9559260928873422
917093,0.9982960933727654
917094,0.08767112204856758
917095,0.6421910931479813
917096,0.5528856084001158
917097,0.932513339637469
917098,0.999269656560059
917099,0.5619766960992083
917100,0.009206344124286562
917101,0.18695978914390246
917102,0.9937291738809567
917103,0.9997852661743865
917104,0.6479539681078499
917105,0.8831446562422451
917106,0.9992320502730712
917107,0.3908893358326727
917108,0.425747963891555
917109,0.15095087490471365
917110,0.9996299055535034
917111,0.9788842234972074
917112,0.350324149007178
917113,0.9293386333939149
917114,0.1576822411255762
917115,0.7007606436481923
917116,0.9997674874117108
917117,0.9335751957571614
917118,0.9301396078732324
917119,0.9997100611060827
917120,0.9979909337587093
917121,0.38816030216604547
917122,0.9999183992648495
917123,0.9556587482148591
917124,0.986313915647375
917125,0.99895613521755
917126,0.7791445527580656
917127,0.9996833113871189
917128,0.9998888862019898
917129,0.9929593098500974
917130,0.9998830614073972
917131,0.9962522192757939
917132,0.21452083846864833
917133,0.9999024596341424
917134,0.7588478286001861
917135,0.2788427811081425
917136,0.996613278396287
917137,0.17701857185406694
917138,0.9911176497051594
917139,0.9937946135086698
917140,0.728930984967506
917141,0.9944604669498394
917142,0.522532468059524
917143,0.21161174923816573
917144,0.9996628239097942
917145,0.09333539398158741
917146,0.9993598823091426
917147,0.9999906579331235
917148,0.9784745884316677
917149,0.999690110287468
917150,0.03815640187871394
917151,0.8386575169342759
917152,0.9510047317941027
917153,0.9953604471854269
917154,0.8914810066890493
917155,0.15225717515102624
917156,0.02519983092535613
917157,0.9998967371429024
917158,0.8705458869297346
917159,0.22878447401963747
917160,0.9686962938697081
917161,0.9980377518982675
917162,0.9998206838680298
917163,0.9945496697980595
917164,0.9999654275778223
917165,0.02338751271498584
917166,0.8551413551733231
917167,0.18927395850198955
917168,0.9996131278319464
917169,0.999894415371349
917170,0.9985324141906342
917171,0.9920292008561544
917172,0.04356619877336414
917173,0.6305482155982761
917174,0.9909856634639831
917175,0.9996186554771258
917176,0.9874837125401998
917177,0.1903911952342086
917178,0.97822247158707
917179,0.9439190551279286
917180,0.6400965672640619
917181,0.5564181917380784
917182,0.9421008146346169
917183,0.9994757653316264
917184,0.26524173174092625
917185,0.7423474371179855
917186,0.9771607278906461
917187,0.32143827177830864
917188,0.9998226244270206
917189,0.99872987788191
917190,0.9394518823173068
917191,0.9999183279185229
917192,0.9986627680986222
917193,0.7653240024215537
917194,0.9961101943021277
917195,0.16171233164600113
917196,0.5013252054265716
917197,0.957660640999132
917198,0.01249115679208356
917199,0.9977212608437238
917200,0.8976219688597163
917201,0.980558997587949
917202,0.9367383864110205
917203,0.8520490018853357
917204,0.4898476738200557
917205,0.9655340468310996
917206,0.03756591928507286
917207,0.9999400728005214
917208,0.04338506197435598
917209,0.9998732302669853
917210,0.8969267603460187
917211,0.999084441393338
917212,0.27149533684811594
917213,0.9968966385462552
917214,0.9893906995781141
917215,0.5172961547716663
917216,0.9967629234442114
917217,0.5403441377742674
917218,0.999967747774646
917219,0.002649166457734443
917220,0.005726113008186307
917221,0.9998098372067742
917222,0.15948143282707988
917223,0.5242310005808557
917224,0.9214545324652674
917225,0.9998207708325917
917226,0.9999086048060828
917227,0.8368145359554304
917228,0.7697804715262213
917229,0.9489237564704345
917230,0.671123550123382
917231,0.9952993141975733
917232,0.8160609385773467
917233,0.5672141797232503
917234,0.031100058331154253
917235,0.9993000471744058
917236,0.1741175866436404
917237,0.9995515512006481
917238,0.09924332443201765
917239,0.8979315643960618
917240,0.9994320650984949
917241,0.9997291612605497
917242,0.14698937671672274
917243,0.035409558372531805
917244,0.999808582012383
917245,0.1444014106871052
917246,0.999182288543606
917247,0.9916464907065781
917248,0.8769836537933533
917249,0.9980237639486073
917250,0.9937188270026607
917251,0.9489897082625028
917252,0.08406132883827765
917253,0.9788643792632166
917254,0.9632126743458691
917255,0.7573878876025665
917256,0.7821243401967877
917257,0.8966349222646831
917258,0.2624182167906614
917259,0.7519294102845651
917260,0.49231176566796914
917261,0.9987603291441408
917262,0.7950536125409189
917263,0.05177065591424952
917264,0.009900598989411109
917265,0.9998033577195627
917266,0.9940934486604442
917267,0.9999377612808791
917268,0.9973475739631708
917269,0.10977344515000591
917270,0.9955374265137479
917271,0.9998332729301941
917272,0.9998822874315418
917273,0.9998767839110175
917274,0.5171666340864468
917275,0.7831735493282628
917276,0.5911101377567862
917277,0.9994239051429338
917278,0.04546919991617936
917279,0.8771075156419914
917280,0.031444650340285714
917281,0.7070027766965992
917282,0.999834944478331
917283,0.24059890543746487
917284,0.04024185449648859
917285,0.9849008733234443
917286,0.9997306390978821
917287,0.999970079852692
917288,0.022124937477169718
917289,0.9991884780118052
917290,0.9955465972825153
917291,0.6612864848559709
917292,0.9936030030401397
917293,0.9985775932982071
917294,0.48433485415599786
917295,0.8161584745849441
917296,0.06824552128136001
917297,0.960297376746212
917298,0.6632749423079902
917299,0.17213917652486793
917300,0.9999762748841156
917301,0.9999833698424647
917302,0.05187811926918771
917303,0.999862631516657
917304,0.05970627202936317
917305,0.9998995048725668
917306,0.9999423680477386
917307,0.9999368289339219
917308,0.04241084209997884
917309,0.9960266513116875
917310,0.5154156235597471
917311,0.002723811842240539
917312,0.9999579991902457
917313,0.006003482770838346
917314,0.9993842285244021
917315,0.9964036279803534
917316,0.9741904579722018
917317,0.9399757473690646
917318,0.36543834447165247
917319,0.9997800002658926
917320,0.020882843904132947
917321,0.9925469710111698
917322,0.39116446475274125
917323,0.9999605398339712
917324,0.26373436392609034
917325,0.9853897688802533
917326,0.9930533233333518
917327,0.13441154962487187
917328,0.39866542430764595
917329,0.2550071462927107
917330,0.8745229961078257
917331,0.9940723681319894
917332,0.45848236442241097
917333,0.9998547501279262
917334,0.998240483863886
917335,0.9653944403786427
917336,0.9870035021327873
917337,0.9762967534207072
917338,0.8868064468641965
917339,0.6395291993431227
917340,0.6797114745126522
917341,0.9997966339050003
917342,0.3816376621753741
917343,0.019702125688903
917344,0.9983020369210239
917345,0.9998942297638735
917346,0.9909685819516574
917347,0.6998490936211175
917348,0.17633062171331848
917349,0.9952719308002871
917350,0.8183188317966146
917351,0.9999172279308179
917352,0.9992387705204402
917353,0.9341890891485742
917354,0.16776901050388196
917355,0.9408187006881771
917356,0.7017007754488094
917357,0.5099815825826209
917358,0.9993930451326587
917359,0.9947289674403839
917360,0.9663919198458129
917361,0.866580227047808
917362,0.9872246969742486
917363,0.9997771295407097
917364,0.9704959170358676
917365,0.9975202338753544
917366,0.9262168898175436
917367,0.0756153216401752
917368,0.9938214537042634
917369,0.9974251030584265
917370,0.28716191848930184
917371,0.7142340152762687
917372,0.8323542984907379
917373,0.8092162764539969
917374,0.999319294676493
917375,0.6790473240437869
917376,0.9998666272419146
917377,0.13381572310271472
917378,0.8604044283789798
917379,0.9998939549076502
917380,0.9995557498560979
917381,0.999592556526611
917382,0.02955269106474231
917383,0.9998585535747029
917384,0.21369612608868851
917385,0.9992508833052376
917386,0.9207792562593082
917387,0.7941371269156274
917388,0.4204557688608237
917389,0.9998197118601497
917390,0.1272567373769405
917391,0.8846089026301642
917392,0.30779099528723874
917393,0.9991234087584152
917394,0.8143634554282422
917395,0.9999503288985998
917396,0.9948742561258543
917397,0.6861666002863547
917398,0.11379910631810611
917399,0.9991586877373255
917400,0.7396415471284701
917401,0.9999647557497489
917402,0.9929705853875378
917403,0.06306244005398778
917404,0.6415111335658874
917405,0.9997523451727133
917406,0.975384095666257
917407,0.9957314710090246
917408,0.670812754914484
917409,0.997310346821558
917410,0.855497563625579
917411,0.9972057392089475
917412,0.9922914357075094
917413,0.4934938026982518
917414,0.8653159855613195
917415,0.9992273417513255
917416,0.9918035356283793
917417,0.8642745646402707
917418,0.2557133601668697
917419,0.884022722807589
917420,0.9942575233991346
917421,0.8329710079258364
917422,0.7442906318522391
917423,0.8232737766768161
917424,0.06652019140152511
917425,0.3406285783866335
917426,0.7328778449943137
917427,0.022871782562094704
917428,0.018134621314791738
917429,0.9894755990542861
917430,0.03194343174130315
917431,0.010110813407327945
917432,0.028390655804325843
917433,0.004203820227216264
917434,0.7066824740382268
917435,0.021392983047894856
917436,0.2012168973561695
917437,0.8934173042212348
917438,0.7735434048882722
917439,0.4373487106843874
917440,0.9954728922974325
917441,0.9920487643520157
917442,0.9528712165624504
917443,0.13388442176620824
917444,0.9999366504463193
917445,0.9898010812227538
917446,0.863275121842895
917447,0.2596342865531298
917448,0.34868685645204955
917449,0.00586879128367933
917450,0.999878777731216
917451,0.999709656601985
917452,0.02817893994216167
917453,0.1498639010537903
917454,0.21838265142273042
917455,0.11852521315689492
917456,0.7521521772943583
917457,0.9930170966937533
917458,0.06090675960622708
917459,0.007126288838488516
917460,0.7568859222004052
917461,0.273189160099998
917462,0.9997429630785856
917463,0.9977326920053127
917464,0.9999879420766962
917465,0.315373560538906
917466,0.9993728940865546
917467,0.9991963020816865
917468,0.5127238407750875
917469,0.9998353341567113
917470,0.07984418505384988
917471,0.7730223196042956
917472,0.9924219219518665
917473,0.9997627855542132
917474,0.03683335198097444
917475,0.9923856953207125
917476,0.9969834467473814
917477,0.9980496201423393
917478,0.999780798626845
917479,0.9947084551005763
917480,0.46917711127388945
917481,0.9999400422561786
917482,0.9995967936913197
917483,0.010445252531303455
917484,0.9999802660540629
917485,0.9889753629092108
917486,0.9958323803260315
917487,0.12611776595788932
917488,0.9997770355162106
917489,0.998285421381548
917490,0.024885828284526276
917491,0.9995192059385596
917492,0.9998032626444906
917493,0.9995474873934691
917494,0.9839979671194088
917495,0.9998808437657527
917496,0.9999252210050266
917497,0.9999616694243092
917498,0.9744701681630465
917499,0.6053416736874995
917500,0.2995705259159137
917501,0.9994087714299825
917502,0.9985642522549816
917503,0.960567569229018
917504,0.2848864678177274
917505,0.14458318166063416
917506,0.9985845382104713
917507,0.9446765297338852
917508,0.37048372748713887
917509,0.2280259114932442
917510,0.9852880761350136
917511,0.25341081067592575
917512,0.010102570166178805
917513,0.8472516382789079
917514,0.17476167537898804
917515,0.9999862159198576
917516,0.9999372071168074
917517,0.001919735703761046
917518,0.25473493711318307
917519,0.9990589533963485
917520,0.9987951691971373
917521,0.5528025551784926
917522,0.999979513288979
917523,0.5529795610478252
917524,0.9744138034360345
917525,0.45049524298611376
917526,0.9988767213249767
917527,0.9931637627220989
917528,0.9995998940557091
917529,0.6798977556264755
917530,0.9949152270576976
917531,0.9579436658080308
917532,0.9918415674558232
917533,0.28396170205429755
917534,0.23469534882947796
917535,0.9993947560145817
917536,0.7215425868883573
917537,0.43447409503785406
917538,0.21697618746770114
917539,0.5515611543992432
917540,0.23556686269500837
917541,0.9547644815908032
917542,0.19762342687031637
917543,0.2637217882102277
917544,0.9986372835877695
917545,0.9750255006218624
917546,0.1113802197196047
917547,0.9794259736883844
917548,0.4132338958194341
917549,0.9853118106565397
917550,0.9958666157302238
917551,0.734942174905598
917552,0.991280368869806
917553,0.9997376124279614
917554,0.9869856065833482
917555,0.05191009689610118
917556,0.9965310135683528
917557,0.990580462658996
917558,0.9975720934504066
917559,0.20409908179020841
917560,0.9967212742968558
917561,0.9999578639589898
917562,0.5329536469255536
917563,0.5206126381338818
917564,0.3009601198388827
917565,0.9522677863752398
917566,0.9996222282490986
917567,0.08468749641165002
917568,0.999946793722159
917569,0.9941023401429805
917570,0.24285699977926556
917571,0.2692994491316526
917572,0.017367164284922694
917573,0.973400120181191
917574,0.016560001090436014
917575,0.3621117606888098
917576,0.17405632910199098
917577,0.6185526718023947
917578,0.9999679364200964
917579,0.029069343392372896
917580,0.9804860153511884
917581,0.3594289028713963
917582,0.8451840862715347
917583,0.07213496164333373
917584,0.016002172038562138
917585,0.9999864396342228
917586,0.7410641629701825
917587,0.9997323160197336
917588,0.005807343644771334
917589,0.9999375185012904
917590,0.11396152654171737
917591,0.9994201099389892
917592,0.9433044224319379
917593,0.9999943400407632
917594,0.7316117899589709
917595,0.5382175764142261
917596,0.9163259113742812
917597,0.9849743839109467
917598,0.6566843307985233
917599,0.9999189006738894
917600,0.9944765430633271
917601,0.06803768243948295
917602,0.9999865131853848
917603,0.9997935518876562
917604,0.74582369694922
917605,0.999817909004581
917606,0.9672463565681024
917607,0.2448028625001702
917608,0.8505233847118233
917609,0.9949841535539262
917610,0.905700171528439
917611,0.9546143370143032
917612,0.830214236314641
917613,0.03682574364631553
917614,0.15204543850279928
917615,0.9984333796839588
917616,0.6868133367940665
917617,0.9213040839128545
917618,0.9998705969732585
917619,0.9741274424664177
917620,0.5521037438208839
917621,0.9390678407094846
917622,0.9980760275819469
917623,0.9997605541487493
917624,0.9943897941912396
917625,0.6156905630314122
917626,0.9991743274912512
917627,0.9995439199939113
917628,0.9998603665711734
917629,0.7952171132821731
917630,0.055450528444489465
917631,0.9994743023909363
917632,0.9999807105389582
917633,0.9049164305104291
917634,0.9971184438714108
917635,0.9957625059385071
917636,0.9996068955266713
917637,0.3421210455079608
917638,0.9999455946749377
917639,0.9963686309068498
917640,0.9973194185349905
917641,0.43573740366537395
917642,0.9992804544832677
917643,0.054884723077996134
917644,0.9259180582947809
917645,0.14993465367738013
917646,0.8843842901427426
917647,0.9918106764097928
917648,0.9995160267387564
917649,0.9991667450926618
917650,0.9724931669414003
917651,0.9999855463746523
917652,0.18450308518243286
917653,0.5081312624049644
917654,0.027954168330381564
917655,0.9966034952450676
917656,0.5198716696427551
917657,0.9999027839069569
917658,0.48168158690475943
917659,0.042432290989644496
917660,0.9999742248251405
917661,0.9995306738917582
917662,0.019463107491705354
917663,0.021942386462477242
917664,0.9970617526515702
917665,0.02211597967583496
917666,0.9891415591391183
917667,0.7712656277082699
917668,0.9998038217361149
917669,0.999656838290846
917670,0.9692723156849194
917671,0.9996958928127923
917672,0.9196197604162475
917673,0.9309790893767174
917674,0.05960980246731236
917675,0.9717472348746556
917676,0.1782019655726242
917677,0.9981175688405299
917678,0.008313114148257585
917679,0.9998500664943961
917680,0.8061712896439184
917681,0.5410224089900951
917682,0.9997042698048981
917683,0.9998223517521666
917684,0.7816884053350701
917685,0.9965387223359166
917686,0.8510711369412333
917687,0.7073285208553752
917688,0.009969920976115708
917689,0.5867136745038994
917690,0.38498599062586925
917691,0.3757990597696108
917692,0.9998578551235269
917693,0.9829374817265026
917694,0.9997628027785248
917695,0.9992729565363545
917696,0.5341853897799513
917697,0.9994353363211311
917698,0.31857387115846353
917699,0.9999493050975659
917700,0.004533612004583289
917701,0.801733506904504
917702,0.9999113606256272
917703,0.9331286179015803
917704,0.8218078690359845
917705,0.8045674674292346
917706,0.15143173670683735
917707,0.3456978481896964
917708,0.2056211176363647
917709,0.9860140409954199
917710,0.6327970638845678
917711,0.9781903213964407
917712,0.9835588525950638
917713,0.993809273495422
917714,0.986478420910641
917715,0.43573728884035945
917716,0.9977458470050544
917717,0.266017568713665
917718,0.9011778332496925
917719,0.5518416743689414
917720,0.9995671910948681
917721,0.9306405976517131
917722,0.6391122733056586
917723,0.05981198405783717
917724,0.2574222742906659
917725,0.5143480477476418
917726,0.30096452406396984
917727,0.9863133756319422
917728,0.3209419986834614
917729,0.9999103745204704
917730,0.9996462002796451
917731,0.9975742028691151
917732,0.999819630890543
917733,0.5988952875188946
917734,0.007659499900802889
917735,0.9852831532071171
917736,0.3425988676413383
917737,0.9982989690357987
917738,0.9232835467214562
917739,0.02017958199964864
917740,0.12230394153054999
917741,0.5829670551518719
917742,0.9011333009590836
917743,0.8827767756800589
917744,0.9998564758234856
917745,0.6666103332884661
917746,0.38325713644754056
917747,0.9315919072015881
917748,0.0362414214246905
917749,0.9998499728336829
917750,0.04277356844990654
917751,0.9394056221927412
917752,0.9971394323340916
917753,0.5170337317496928
917754,0.9994118373005463
917755,0.758328807925301
917756,0.9735517430207237
917757,0.996763410789904
917758,0.2547602331417605
917759,0.9904486972416384
917760,0.0065850096793405675
917761,0.9781611900111657
917762,0.8896872755789129
917763,0.9955371187042678
917764,0.18410737671060134
917765,0.9961558539333069
917766,0.9997913155757195
917767,0.9998436958159773
917768,0.999547112454042
917769,0.9986266572747222
917770,0.6309221496265744
917771,0.9933048621168072
917772,0.9804340294726019
917773,0.09318625600209013
917774,0.21269944175316938
917775,0.9394166818645073
917776,0.930797716979409
917777,0.2904103187827137
917778,0.7858538860329631
917779,0.42565255951628334
917780,0.99909731714221
917781,0.8408882335545493
917782,0.9999427714035629
917783,0.878126186393206
917784,0.9995660154656036
917785,0.9991405336156522
917786,0.6507692879294685
917787,0.9999753737432793
917788,0.9967012595314042
917789,0.4821558020170356
917790,0.6570734263239407
917791,0.9997230955180222
917792,0.9998989502673935
917793,0.9965274497383196
917794,0.9997634334203729
917795,0.9999644842965802
917796,0.8446296469181097
917797,0.690877319301326
917798,0.2052177438009366
917799,0.9999876179094286
917800,0.9880674469829172
917801,0.2859778473800284
917802,0.9990289170951475
917803,0.34677398729335207
917804,0.9997553115158757
917805,0.9955961146407115
917806,0.6319839199343203
917807,0.181797899201556
917808,0.9822031200947496
917809,0.9931367059881169
917810,0.999795351063836
917811,0.05837394097831973
917812,0.9985475845731822
917813,0.6457660980508803
917814,0.8669675436529934
917815,0.9835150346776691
917816,0.334897868487019
917817,0.9986880617794218
917818,0.015361611129792405
917819,0.41190631944103984
917820,0.9997045148188806
917821,0.7728557615612457
917822,0.752944720797937
917823,0.21288342728231888
917824,0.9344668757159869
917825,0.999289557495462
917826,0.018441218940110887
917827,0.993654602367043
917828,0.007227604134831809
917829,0.98628488953946
917830,0.9987434662989382
917831,0.9999765148817863
917832,0.015619097665306893
917833,0.9843743829406411
917834,0.9715798915099647
917835,0.9811780786547217
917836,0.9997854335729606
917837,0.9937796599198041
917838,0.5771607281006654
917839,0.9448127851912074
917840,0.9990286716111495
917841,0.9821467261867767
917842,0.9997739066603751
917843,0.7190973843125903
917844,0.9965168452960815
917845,0.8620884899654151
917846,0.7758291113107174
917847,0.99936263537563
917848,0.9997834953839575
917849,0.9967883077693913
917850,0.9777226948775614
917851,0.9813827705512769
917852,0.9979985401725489
917853,0.9970791899433775
917854,0.985303231616
917855,0.9999812574580387
917856,0.9862392160772195
917857,0.9969849366467394
917858,0.9997932727342828
917859,0.6614076473123403
917860,0.1811734399897671
917861,0.9999572416725808
917862,0.10401514014053398
917863,0.9689540494061046
917864,0.08557795660774815
917865,0.6696593474375231
917866,0.9720140326440466
917867,0.19207397746301683
917868,0.1026525406343612
917869,0.9999800330502495
917870,0.999678109466659
917871,0.04702278773396655
917872,0.9997075349474047
917873,0.9999492408820037
917874,0.9605769473874554
917875,0.9992389916060483
917876,0.9991273037554538
917877,0.7548848609631271
917878,0.40253492659082046
917879,0.26796331722080247
917880,0.07471301159597958
917881,0.9800165251242469
917882,0.9993790020886812
917883,0.5103397016587288
917884,0.44157031944405856
917885,0.9998012230913074
917886,0.3578077688837424
917887,0.052795461842038885
917888,0.9833898064531832
917889,0.9884181812130741
917890,0.019822913880303425
917891,0.5756283477315122
917892,0.9986914310982686
917893,0.5566770444220681
917894,0.9998993401903917
917895,0.9998508558263343
917896,0.11595011766218835
917897,0.24167634449497308
917898,0.36070150354897623
917899,0.12773200653516578
917900,0.40709345685952
917901,0.3030634755525587
917902,0.9914810955042281
917903,0.999751893822836
917904,0.9662044207235618
917905,0.5961248048104709
917906,0.9099038879405039
917907,0.5271269937399323
917908,0.9999181953237353
917909,0.9979311162195547
917910,0.12880514611463476
917911,0.7634131110862752
917912,0.015296343464676374
917913,0.0056014554126080736
917914,0.12243754772394456
917915,0.9979669857990136
917916,0.486152287332753
917917,0.12778266979476238
917918,0.9999559959137834
917919,0.7833250750940374
917920,0.9860770703980013
917921,0.07949534717183902
917922,0.7440967630008282
917923,0.9146687289661979
917924,0.9996004928643673
917925,0.9990998289106289
917926,0.3472346626311167
917927,0.9997860206710668
917928,0.2336223678439049
917929,0.20966967951677523
917930,0.025317558610742884
917931,0.999718091184297
917932,0.9995233025629328
917933,0.9998644310823941
917934,0.999700484581069
917935,0.9944876016550002
917936,0.9919016052956486
917937,0.22825857188985169
917938,0.20593259550659698
917939,0.019948716638427382
917940,0.9995363072797787
917941,0.9999548957939949
917942,0.9999772310930936
917943,0.997523884965913
917944,0.9994801165724512
917945,0.9973979794882266
917946,0.49083113585530214
917947,0.9997886466574015
917948,0.9992946404691745
917949,0.9973992738969912
917950,0.9583673849350711
917951,0.08015197101760566
917952,0.6313020128398543
917953,0.9996433475712491
917954,0.999712610361517
917955,0.9995236578873825
917956,0.3676297670204458
917957,0.8414815228736743
917958,0.8881919996978036
917959,0.9970878574191936
917960,0.025365763802915553
917961,0.03625922507876349
917962,0.06554645080561058
917963,0.7884553973112776
917964,0.9513096478071756
917965,0.911571855226355
917966,0.915541128795049
917967,0.5165871973039987
917968,0.9998408312980367
917969,0.00516317211289138
917970,0.9610240233733364
917971,0.06559712295578565
917972,0.990223068798185
917973,0.9523886506210639
917974,0.20929802988656993
917975,0.9990209416544443
917976,0.9710330949901715
917977,0.047009672591544704
917978,0.9989884256651975
917979,0.9975129915952448
917980,0.287732965294388
917981,0.9999733318088988
917982,0.9975274328079446
917983,0.01153416960719275
917984,0.9985393009128338
917985,0.9999653360265461
917986,0.8399833957889629
917987,0.11923869538369486
917988,0.9997331627354971
917989,0.9998065066227932
917990,0.93270458655519
917991,0.9990930443603538
917992,0.7042201534360049
917993,0.9404376441500198
917994,0.5402612714033632
917995,0.8683126537942165
917996,0.999963992761825
917997,0.8809470150334502
917998,0.7310943949802136
917999,0.9844350673753872
918000,0.1657144195144155
918001,0.8890894064402314
918002,0.3195830734206649
918003,0.999662521651726
918004,0.07427889142020408
918005,0.0031917425195917113
918006,0.9463792806325804
918007,0.007753381853869317
918008,0.24121600757221467
918009,0.9994513291304455
918010,0.9996716277422777
918011,0.9993104037850356
918012,0.9797267506409961
918013,0.9985293443543113
918014,0.9998767254381633
918015,0.6433020111085924
918016,0.9511319075905659
918017,0.9634293702405177
918018,0.0038820659089292314
918019,0.05620573436365922
918020,0.9925352467469581
918021,0.9999907063351051
918022,0.9999499536937797
918023,0.02409791493605477
918024,0.6293127455291092
918025,0.9145116781596827
918026,0.49215616819554475
918027,0.9868386477431864
918028,0.9997735941767305
918029,0.8091298524716748
918030,0.9694993503094561
918031,0.3472381895212238
918032,0.6699157445988939
918033,0.8400189782310467
918034,0.9996170892407583
918035,0.9802343674680394
918036,0.09494198677239246
918037,0.9096493648861859
918038,0.9999661983628868
918039,0.6677711739092964
918040,0.9773054799749263
918041,0.8932658657117138
918042,0.9741013985904754
918043,0.16200085368153536
918044,0.41478221300847384
918045,0.7899565846702997
918046,0.9987250012819324
918047,0.5048586324302192
918048,0.7799776165801666
918049,0.9912759846629734
918050,0.9308376079858658
918051,0.9714206685547824
918052,0.12945974973066404
918053,0.9998768340648911
918054,0.531630058593521
918055,0.7511529805964503
918056,0.9998984059561958
918057,0.1037340098270275
918058,0.9884111676910401
918059,0.9998840645459008
918060,0.1710988299074827
918061,0.9991739503020677
918062,0.9721377292513758
918063,0.9992000191917368
918064,0.235760282703679
918065,0.06727604737378706
918066,0.22496013155317568
918067,0.08936506408463271
918068,0.8276727822636685
918069,0.9996306537535201
918070,0.6942317675807701
918071,0.9997752570871976
918072,0.5454428896767749
918073,0.9997817779456895
918074,0.036034760136263166
918075,0.34933633344198634
918076,0.999894090001104
918077,0.9996856006791677
918078,0.04839553073748513
918079,0.2346284917983606
918080,0.992995444913378
918081,0.9939747800575243
918082,0.3586624928054459
918083,0.8709149268206058
918084,0.3396727256684634
918085,0.9998822652997587
918086,0.5438763523060045
918087,0.8886442302334772
918088,0.7521011704929165
918089,0.9999197786238576
918090,0.3291707238072391
918091,0.9676526938511099
918092,0.9940031242001652
918093,0.2723133533929526
918094,0.9999329253970437
918095,0.9952594502387935
918096,0.9997387134940465
918097,0.9997475966977487
918098,0.9998409329993897
918099,0.10639351942324836
918100,0.4538492556327791
918101,0.998788549475917
918102,0.9961329279921185
918103,0.8913059240299933
918104,0.4988396193625398
918105,0.9997083074312287
918106,0.9999554451712626
918107,0.9997179043513257
918108,0.9336949254745144
918109,0.7369577238839986
918110,0.02312664779240917
918111,0.9998359758151859
918112,0.3532782662829249
918113,0.99836574513782
918114,0.9989800732750556
918115,0.9993124241191838
918116,0.861549940541705
918117,0.9998882236747604
918118,0.7515858814049035
918119,0.4668566041329251
918120,0.9585216391031455
918121,0.8912172707524294
918122,0.9016544996249114
918123,0.8392007966565241
918124,0.9992226680223144
918125,0.9955879982590637
918126,0.9954682644466748
918127,0.7490015251814393
918128,0.9998526479740895
918129,0.556943193308463
918130,0.9994713012121861
918131,0.2438254970560459
918132,0.9981086878930898
918133,0.9998034573261967
918134,0.8942398464824063
918135,0.9975502897366199
918136,0.14660425063615684
918137,0.2310524515849526
918138,0.9995888866425395
918139,0.9964435462801227
918140,0.5055389606343823
918141,0.999991494040534
918142,0.3469383991522492
918143,0.999687185765901
918144,0.9998838253333084
918145,0.9998704435597326
918146,0.9577607591081024
918147,0.7791235210861195
918148,0.9999745668495224
918149,0.7509738507772576
918150,0.85475814105691
918151,0.24567982639182184
918152,0.9689974386566976
918153,0.9996865522196423
918154,0.5327755590262953
918155,0.9997930129157928
918156,0.09409163534741719
918157,0.39738928441537025
918158,0.9441287418194737
918159,0.9998807724901818
918160,0.09931101346109349
918161,0.3596249467578151
918162,0.9997472202377796
918163,0.7327703864997342
918164,0.9978932722357325
918165,0.9971053723585327
918166,0.1835985514334514
918167,0.17337939766055674
918168,0.9436481685767385
918169,0.9957147538433948
918170,0.6948803444739651
918171,0.992141157716034
918172,0.14103625171533649
918173,0.18981482508003084
918174,0.08460980738562546
918175,0.9999647155839917
918176,0.20371849150827626
918177,0.8783599126124084
918178,0.35437514532665837
918179,0.990247399089331
918180,0.17862467564400908
918181,0.10845667115677184
918182,0.004843719773122712
918183,0.07706752840622821
918184,0.8227974578797068
918185,0.9998199487271333
918186,0.988516491221983
918187,0.9010850381137423
918188,0.2704358405400719
918189,0.9946588222658181
918190,0.999988868941105
918191,0.40460415774702796
918192,0.04382702800575247
918193,0.9998068900083346
918194,0.9997534528813035
918195,0.9959810878433004
918196,0.35906830109572285
918197,0.36070969450203866
918198,0.969331735952652
918199,0.3778668365688679
918200,0.9999445765971353
918201,0.008681264651725532
918202,0.08080331150618135
918203,0.4081025138525336
918204,0.9119693398535482
918205,0.9997467394019262
918206,0.7127177049810354
918207,0.9996136988067786
918208,0.028978467216317756
918209,0.7109965955216822
918210,0.9996242771951004
918211,0.999988456147655
918212,0.819379002967443
918213,0.9970435802869093
918214,0.4817620344424745
918215,0.586524011152853
918216,0.957008883594822
918217,0.5605437056982416
918218,0.9902126146198884
918219,0.9998387522223366
918220,0.9997162792764089
918221,0.9985408638494414
918222,0.049888110029375383
918223,0.9945560965445694
918224,0.9943635641265425
918225,0.11706835125004833
918226,0.12334056233042962
918227,0.7255892668172489
918228,0.996138484587145
918229,0.5247226915980248
918230,0.6136357266772332
918231,0.9996550667373094
918232,0.9979609064995834
918233,0.02347576699626263
918234,0.9690998217429132
918235,0.9758913375255569
918236,0.35588406351283675
918237,0.9676362239454517
918238,0.947930397701584
918239,0.5407647908495349
918240,0.9999499262060196
918241,0.9919743442306717
918242,0.9999123031457546
918243,0.2953821014393246
918244,0.9972476599478048
918245,0.008297805177202161
918246,0.9990970242559829
918247,0.7741015206132262
918248,0.06351402968626173
918249,0.9999730459704254
918250,0.9919764996030855
918251,0.48371548451291335
918252,0.7095638274194509
918253,0.9499728210315266
918254,0.9997149109138808
918255,0.528045068074575
918256,0.9862966708971161
918257,0.9999561680831281
918258,0.9978859362261104
918259,0.9847534830719303
918260,0.014995846794420687
918261,0.5397967008849025
918262,0.9997533969378889
918263,0.5269342100049225
918264,0.7175113710183441
918265,0.998172380040903
918266,0.9993894958076912
918267,0.1149203183040186
918268,0.8274639918987787
918269,0.9993086505711699
918270,0.5000826737588863
918271,0.9963235494899647
918272,0.9906249949265203
918273,0.9998599863665611
918274,0.9997761545917256
918275,0.9924136450316704
918276,0.38086020823656314
918277,0.9983133236411209
918278,0.8845467987674962
918279,0.8300683791860467
918280,0.48361235674651826
918281,0.9322859949363953
918282,0.9634851437918323
918283,0.9944355183248617
918284,0.42102038941083775
918285,0.9999726034433161
918286,0.00746804191869133
918287,0.2902344697799402
918288,0.9994761542013451
918289,0.9996018145673966
918290,0.9998990780677164
918291,0.9993435735232759
918292,0.059230886194833035
918293,0.9995835254949762
918294,0.10249530392040948
918295,0.9922097743996707
918296,0.9999062654366606
918297,0.9989726107076866
918298,0.9998688167373057
918299,0.11738238578755059
918300,0.01081546412908983
918301,0.9728841515875231
918302,0.9997677429415976
918303,0.9915613726591301
918304,0.7740036881062611
918305,0.2429953295974919
918306,0.9993065193667099
918307,0.9988349905282218
918308,0.998983042213552
918309,0.9995062406281854
918310,0.9925275874669046
918311,0.9012496709160278
918312,0.7380182347028947
918313,0.9913556745804617
918314,0.9995830766486066
918315,0.998520585494648
918316,0.5894763839231321
918317,0.677191265094025
918318,0.7872878189655691
918319,0.8797921447451897
918320,0.7593348905873869
918321,0.9948080403378086
918322,0.9838353257438077
918323,0.51928297853723
918324,0.9994957342339563
918325,0.765294192463374
918326,0.9974426458752397
918327,0.030063802008637314
918328,0.06443472416309115
918329,0.407181136430682
918330,0.9993368031995205
918331,0.026840899340767416
918332,0.9432865071738603
918333,0.8875218544921759
918334,0.02078914492811647
918335,0.9147436899017826
918336,0.12236779672373085
918337,0.28114397309590705
918338,0.9994891076747281
918339,0.8515854200862372
918340,0.9997908323377407
918341,0.09553777241801895
918342,0.9889998097024215
918343,0.12589378917605967
918344,0.6014243452248709
918345,0.9998155337550373
918346,0.9989322424873485
918347,0.8528587830263628
918348,0.5860489577410227
918349,0.05705481944175439
918350,0.9998265894172544
918351,0.07780864498251451
918352,0.03485928317068798
918353,0.5647295243856921
918354,0.008806508343528896
918355,0.04901317640498438
918356,0.9542892335731203
918357,0.0035763841054911507
918358,0.007035527146411564
918359,0.999762034008395
918360,0.9973078491743514
918361,0.5534742797862652
918362,0.9995382103394457
918363,0.5633627247362122
918364,0.8861560174265437
918365,0.21666756572814574
918366,0.048080912444386614
918367,0.9980275739465256
918368,0.6353962086107847
918369,0.9477059180108647
918370,0.872279771154693
918371,0.08976975041815455
918372,0.997981045011247
918373,0.9997474436596661
918374,0.9991795384193902
918375,0.9994705393447756
918376,0.06903867614889292
918377,0.757604987185946
918378,0.9976876796409619
918379,0.8362307507811919
918380,0.5527909462292965
918381,0.9999314121185651
918382,0.990819598047665
918383,0.9765146560570603
918384,0.9991405647903127
918385,0.9944490051790384
918386,0.0022594460648527274
918387,0.5931658046213562
918388,0.9990495435331013
918389,0.9183754977103542
918390,0.9732331582329742
918391,0.6478020853367686
918392,0.02201337122920055
918393,0.0315980003979484
918394,0.9998886625801666
918395,0.8645337304924963
918396,0.15045338256745347
918397,0.8512461572093388
918398,0.7707863184206225
918399,0.9368018391567042
918400,0.8065972753883061
918401,0.9357231237419608
918402,0.999990653904766
918403,0.9999851049316322
918404,0.988104532403407
918405,0.6027223981499921
918406,0.9339955327498696
918407,0.9999612822426005
918408,0.5632894648228848
918409,0.9997474627430178
918410,0.7498381067472258
918411,0.08638858977919517
918412,0.9997690753959884
918413,0.9470963854304715
918414,0.971244188831413
918415,0.7308387351958721
918416,0.9999180185608962
918417,0.5634431442438733
918418,0.7683524777892533
918419,0.956394793892443
918420,0.22333860946288933
918421,0.9994671786622299
918422,0.9999440210572209
918423,0.993759013662669
918424,0.6713470318376111
918425,0.9833323172295506
918426,0.9974581868120522
918427,0.47432778066369524
918428,0.9941170956426589
918429,0.3235580211508356
918430,0.08456977721939375
918431,0.8438745106619321
918432,0.999986992352137
918433,0.09575428646255607
918434,0.5819367146459191
918435,0.9857478823911202
918436,0.982754864033464
918437,0.9391979342068274
918438,0.8579059578724034
918439,0.999920398807193
918440,0.9999465763807331
918441,0.799379596183815
918442,0.7217387985876502
918443,0.058120265420765066
918444,0.8949931084356084
918445,0.9999683525266038
918446,0.9981183525514927
918447,0.9519713337852977
918448,0.9961874774729116
918449,0.998897577685866
918450,0.9728417309302295
918451,0.9999642313195742
918452,0.0359638828669369
918453,0.9965683561207088
918454,0.9860093015490557
918455,0.9978027233612998
918456,0.9225120378118473
918457,0.37467227879029796
918458,0.44293669622446574
918459,0.7383274793590078
918460,0.9999208904052961
918461,0.9853294757135022
918462,0.9998581598305265
918463,0.9999399390943833
918464,0.6206927252400444
918465,0.38124534618565653
918466,0.9998276132699537
918467,0.9834094251577044
918468,0.5694235159907656
918469,0.7674587945146019
918470,0.9979942032872988
918471,0.9647943955884368
918472,0.9642189669531296
918473,0.987509008586428
918474,0.9996497379438549
918475,0.31868801611671593
918476,0.9980762281195039
918477,0.9997659906623781
918478,0.6204726485076233
918479,0.9997475140019496
918480,0.9706628705051119
918481,0.7991811513508664
918482,0.5498010093986114
918483,0.9994967351639512
918484,0.04734475751879261
918485,0.9993965655577162
918486,0.999807986555228
918487,0.9466369926656704
918488,0.0016201886677635466
918489,0.9935725280692691
918490,0.02497307041663835
918491,0.41806397300503484
918492,0.9628834314507166
918493,0.7359813297616296
918494,0.004947734302238252
918495,0.9750769641292302
918496,0.03944801866630179
918497,0.9997873255072507
918498,0.9769015177667195
918499,0.5345064929156087
918500,0.6904191763443286
918501,0.9998344871779877
918502,0.9999945307470399
918503,0.20066464299430908
918504,0.04486840140047206
918505,0.027119268123672175
918506,0.20341306342501603
918507,0.025357407351479684
918508,0.9999604037114896
918509,0.9427726393291697
918510,0.9997389173965056
918511,0.887022722232544
918512,0.0028792715535635683
918513,0.947710704698054
918514,0.9999709299975003
918515,0.7107847043889641
918516,0.19509082030153804
918517,0.9898407470185493
918518,0.999742694514799
918519,0.13876471571122007
918520,0.18060993345240028
918521,0.9998007400436446
918522,0.6573680413669711
918523,0.996255235931424
918524,0.9949417185386064
918525,0.6553615442135199
918526,0.9932936690567782
918527,0.9999794902309409
918528,0.9964153184853531
918529,0.042390994463886035
918530,0.7980048711754085
918531,0.999736868453021
918532,0.4746412287707182
918533,0.7759774265978212
918534,0.7609701266763638
918535,0.4198324631216249
918536,0.7273927181005699
918537,0.9992377647877924
918538,0.9637710971684765
918539,0.9996716628973985
918540,0.0878751838024453
918541,0.7695634214034697
918542,0.0710976802167957
918543,0.03817040479607952
918544,0.967428468046075
918545,0.9910396404814936
918546,0.6678967808584106
918547,0.9995526555044555
918548,0.9980766749474186
918549,0.02737359649986873
918550,0.06198776815428008
918551,0.9972762711460725
918552,0.9975423981901637
918553,0.39892731980982
918554,0.9999252606746372
918555,0.9993428436885984
918556,0.6716842268696506
918557,0.945507625742444
918558,0.4799489823229385
918559,0.9682712660378513
918560,0.9999763299476447
918561,0.9999313273302377
918562,0.2080977132010091
918563,0.7961315328631895
918564,0.9998933171896425
918565,0.9996866437499554
918566,0.8707697713769268
918567,0.7327256211361357
918568,0.022255914088646495
918569,0.9600510827182598
918570,0.9989355592035942
918571,0.03123824105223219
918572,0.001496551361289115
918573,0.07707783555129999
918574,0.09875402424877246
918575,0.6843854346916693
918576,0.11535181096072675
918577,0.9998636762365117
918578,0.9957480005675949
918579,0.9980056037093996
918580,0.8002773295109009
918581,0.7721768430563665
918582,0.0104976954111903
918583,0.316828249692622
918584,0.694410569520553
918585,0.2776203903980763
918586,0.99764960724613
918587,0.9795739777188204
918588,0.9914889362758812
918589,0.3727593640242016
918590,0.6634911896627056
918591,0.4393539096557333
918592,0.5277311971746452
918593,0.9993015294127685
918594,0.9995604472946902
918595,0.8888545074828572
918596,0.9820386465061732
918597,0.015140372494537157
918598,0.2683517768323622
918599,0.30408693116136254
918600,0.9888676438099525
918601,0.16077541405477988
918602,0.35359232267310386
918603,0.99790579567162
918604,0.9688423237849169
918605,0.5155764837699923
918606,0.989936493159565
918607,0.9345904350673475
918608,0.4339611886909372
918609,0.9618244534638554
918610,0.0489040195987825
918611,0.9335972554077641
918612,0.3899033119025053
918613,0.9982038405888451
918614,0.5492828204813596
918615,0.7875902306062738
918616,0.501029619504115
918617,0.9999860685761379
918618,0.9998600844217297
918619,0.015589553949038847
918620,0.8443256688198126
918621,0.9996770462616649
918622,0.12930599426114875
918623,0.9991577325600478
918624,0.9981966119851331
918625,0.9882547904648933
918626,0.7235429076917865
918627,0.970578252738352
918628,0.2787108001632954
918629,0.052621896571881356
918630,0.9990574405268067
918631,0.4440310154523529
918632,0.9673827957659665
918633,0.3181525541569843
918634,0.9780516724945616
918635,0.10713306009616813
918636,0.0019719042451726704
918637,0.00832327179891532
918638,0.9280283989602991
918639,0.9999717502038186
918640,0.45147776704710985
918641,0.9028773078193512
918642,0.6467314293353692
918643,0.9881930004669383
918644,0.8839918198167165
918645,0.999933079663003
918646,0.6826881508057179
918647,0.9860876867356893
918648,0.02554165627030762
918649,0.1271383742487741
918650,0.9989672031626817
918651,0.8459874217658219
918652,0.14250178856786766
918653,0.9224942587824495
918654,0.4612598296041927
918655,0.930039211423824
918656,0.9854232400022717
918657,0.5501438421403347
918658,0.059253825455305095
918659,0.20092681038023236
918660,0.9993892832446235
918661,0.4695280889064638
918662,0.9993797656692842
918663,0.4904205884343067
918664,0.22227476930739332
918665,0.7157943849942336
918666,0.20345377638930023
918667,0.10843540019084105
918668,0.997809355061237
918669,0.9988777509823628
918670,0.039620352222125954
918671,0.7346749307841782
918672,0.9999607878551349
918673,0.47402982432857643
918674,0.9748777798459054
918675,0.016963360934364388
918676,0.5609657392921694
918677,0.23294503558123958
918678,0.9635143321102292
918679,0.6717804290864583
918680,0.99920109707177
918681,0.9615488162964045
918682,0.8951673490354821
918683,0.9240853896771586
918684,0.999806572957366
918685,0.07201848474623855
918686,0.9972426739134489
918687,0.9999839000437558
918688,0.9982652422308267
918689,0.9992816857467317
918690,0.8296600201513918
918691,0.9914100287542092
918692,0.3404404848179057
918693,0.9982271566742064
918694,0.06333070443629937
918695,0.9965375565683406
918696,0.859451252019767
918697,0.9794393043470424
918698,0.10617543869678034
918699,0.8291910250609138
918700,0.028488537458360233
918701,0.9991865062670171
918702,0.9999062133973728
918703,0.4846368328959927
918704,0.9999109873028315
918705,0.812586103192863
918706,0.3324359129423905
918707,0.9984082690708047
918708,0.4537996897291955
918709,0.932522797454328
918710,0.05210559537576166
918711,0.3152987435149235
918712,0.6653596105922892
918713,0.9994958322663579
918714,0.9998465835998118
918715,0.4561361513708655
918716,0.3086051753521584
918717,0.9870976782962144
918718,0.18324575246173136
918719,0.9530779590895775
918720,0.9995413302099229
918721,0.8021620918389629
918722,0.24867508564095991
918723,0.7525838406403371
918724,0.9997363516030215
918725,0.9999015392340266
918726,0.9999741363214805
918727,0.9465847495984349
918728,0.9992552436183713
918729,0.11427414272540384
918730,0.8424867508863827
918731,0.9454946397385751
918732,0.3950980293516645
918733,0.9810700260032941
918734,0.4145713520467571
918735,0.999935203981605
918736,0.8914640121723801
918737,0.9998241342042917
918738,0.6850267393452475
918739,0.18424299063786323
918740,0.1729092700792069
918741,0.14365121033961045
918742,0.22864424880042972
918743,0.13917565633539897
918744,0.9599060489772722
918745,0.9997828550108497
918746,0.9997675549368976
918747,0.9816330422441748
918748,0.8922429754948922
918749,0.030877715049998946
918750,0.9985151682925557
918751,0.7503992086998301
918752,0.07286115545951066
918753,0.9975600126294817
918754,0.6326979901783876
918755,0.9999821065030619
918756,0.9900123257393847
918757,0.9908268704263317
918758,0.2443581819542066
918759,0.9660888849260216
918760,0.8351886230035591
918761,0.03491258269499872
918762,0.02758760899307666
918763,0.9822164486906191
918764,0.9996543860704147
918765,0.9950675904942841
918766,0.9999513235283384
918767,0.9984477029208354
918768,0.2685279984380232
918769,0.9929624313272936
918770,0.019027487832337635
918771,0.7099900817659088
918772,0.21486383527599023
918773,0.20253416568836122
918774,0.999886857360238
918775,0.9956240952638761
918776,0.8172673366495485
918777,0.9884640705666645
918778,0.46848333723174457
918779,0.8881544141572221
918780,0.5789526631143885
918781,0.22507901755726786
918782,0.878207197512133
918783,0.9785483609807444
918784,0.6451585977393877
918785,0.998547298630255
918786,0.9967297809795408
918787,0.08155319931612981
918788,0.9949613973173915
918789,0.8431289072573034
918790,0.8236959369178161
918791,0.9905105451798564
918792,0.982792754849948
918793,0.999918138159599
918794,0.5790486336409032
918795,0.9988251078213821
918796,0.06552337462319587
918797,0.2960102366812277
918798,0.03640175776374592
918799,0.011493355151679732
918800,0.5397312840399113
918801,0.013405190911083817
918802,0.7327797939875652
918803,0.7772910409654977
918804,0.9673201011450276
918805,0.07118508498647273
918806,0.8168003490959204
918807,0.9998068022558856
918808,0.05300357547297462
918809,0.8051927488795978
918810,0.7046067229938959
918811,0.9979154175681801
918812,0.4930840865895818
918813,0.9144965352548617
918814,0.9988362891750533
918815,0.9686887586350604
918816,0.6942055947451068
918817,0.30365345678567796
918818,0.7753923429067194
918819,0.7917994019423116
918820,0.9994492305340285
918821,0.9865466012372872
918822,0.01369927640913473
918823,0.04926886430692441
918824,0.9999122986220568
918825,0.7746708241425107
918826,0.9820297062289016
918827,0.9886245551973543
918828,0.6430919147149119
918829,0.16153526147939923
918830,0.9963099047879714
918831,0.9521732779901698
918832,0.9908802851291687
918833,0.9980409928792884
918834,0.05119448224305431
918835,0.9912061384853206
918836,0.7301898084549178
918837,0.2932307275494923
918838,0.7109737669471945
918839,0.9995473629899566
918840,0.13515350433167542
918841,0.18464126682979703
918842,0.9699947495585584
918843,0.9997601716848683
918844,0.9824170910960233
918845,0.9998847175094485
918846,0.9996280845357952
918847,0.3344461806271956
918848,0.04909799423419306
918849,0.9949281429020714
918850,0.9848619292123855
918851,0.7508046393140824
918852,0.005142410445595113
918853,0.4076750327263032
918854,0.9992238123218118
918855,0.6348410853100054
918856,0.9688725642611156
918857,0.8806555401630661
918858,0.9184332297336127
918859,0.9999537055757874
918860,0.9976453950868
918861,0.07743097192483768
918862,0.7956311750568937
918863,0.9997095822304589
918864,0.44486020835708046
918865,0.9208596730851456
918866,0.21146741494198798
918867,0.7476332862403409
918868,0.39984742928105177
918869,0.8883004432721262
918870,0.4841460663750108
918871,0.6848758056216733
918872,0.9806333022493852
918873,0.999716505419864
918874,0.2548801763914331
918875,0.9997534164555777
918876,0.07810036340606014
918877,0.9997809619569754
918878,0.9999647140996966
918879,0.10027105616367554
918880,0.37563518869668383
918881,0.45870021492368773
918882,0.9442186875404097
918883,0.9967614565052608
918884,0.999899054080284
918885,0.9792596789947685
918886,0.9994746070085692
918887,0.05199774093279934
918888,0.8168079799325043
918889,0.12915988891031888
918890,0.9986735117575589
918891,0.9404551085385946
918892,0.9997825802309704
918893,0.06453226677036268
918894,0.4049920169891251
918895,0.3473628161722857
918896,0.9979043104743053
918897,0.9987730813165809
918898,0.5345630695352076
918899,0.9999459063358059
918900,0.9950866363757966
918901,0.9880024161681216
918902,0.9458622224457824
918903,0.2914784548253583
918904,0.2137210068373962
918905,0.00805409703727745
918906,0.11004297986400582
918907,0.9952169534932966
918908,0.7162916462617681
918909,0.8439132269130366
918910,0.9997602671627817
918911,0.18909488891202197
918912,0.897523354324076
918913,0.9439606414344412
918914,0.47184347598133575
918915,0.9987708098465137
918916,0.6966910400448818
918917,0.998736416191063
918918,0.9712021794176358
918919,0.9950969189346756
918920,0.356520489160534
918921,0.9913937082587425
918922,0.9997420226627454
918923,0.26684537721101836
918924,0.08446690430633788
918925,0.9997689752009916
918926,0.9931150199160789
918927,0.4583622537665472
918928,0.9993079803136025
918929,0.9917781775605878
918930,0.9981265711228942
918931,0.026340507850261794
918932,0.947623895655876
918933,0.999887560024581
918934,0.08828343144214229
918935,0.9982005972406206
918936,0.9543582297810382
918937,0.9998806752007673
918938,0.9790054797980734
918939,0.9794487200026502
918940,0.9548711366244359
918941,0.9887019935240741
918942,0.9990148659974565
918943,0.9972948204647996
918944,0.9361918728806713
918945,0.9951935077871708
918946,0.9974152844194436
918947,0.04014058611254287
918948,0.06118829298752886
918949,0.9999784214527934
918950,0.9973504537655128
918951,0.9999588870469431
918952,0.8661204437692417
918953,0.12527840900250573
918954,0.14252947749282516
918955,0.170147659712517
918956,0.3941572393415176
918957,0.9418932855936821
918958,0.9540131177248301
918959,0.9987747434839294
918960,0.001072628429046593
918961,0.462965747332684
918962,0.002826216211912276
918963,0.99832342529074
918964,0.016993539957675403
918965,0.31401616885161726
918966,0.1671951464419669
918967,0.9916317882769334
918968,0.9996170741894379
918969,0.9811420601837969
918970,0.21294833622306483
918971,0.99912518857457
918972,0.9416433252097681
918973,0.9009217912750007
918974,0.999990015835527
918975,0.9893385978866522
918976,0.5493839880416981
918977,0.9332663633376561
918978,0.9289747929674339
918979,0.9702838874940178
918980,0.999201563591928
918981,0.8378412088456433
918982,0.6592031842956428
918983,0.39265354086793275
918984,0.9934753288708684
918985,0.4436357970147743
918986,0.851212224469224
918987,0.9986625294156044
918988,0.12183292863443708
918989,0.9997798908565777
918990,0.9995346517282747
918991,0.910347552612234
918992,0.9924128491658979
918993,0.038690504228524866
918994,0.9996316082378597
918995,0.0109662248550068
918996,0.2559277946512466
918997,0.9792046026285207
918998,0.9815488403887155
918999,0.913620892366151
919000,0.9989736892503744
919001,0.3943995585697636
919002,0.032204638586472836
919003,0.9973413317878237
919004,0.23354265184404838
919005,0.9997041204291008
919006,0.931274139972482
919007,0.9964917875599215
919008,0.9994502418577695
919009,0.1881480165022356
919010,0.5596020570291778
919011,0.999809092689486
919012,0.665180468097489
919013,0.6206366428626139
919014,0.5786551724153736
919015,0.10050438107966445
919016,0.44426444931655407
919017,0.3334751414131276
919018,0.9999275057929409
919019,0.999949149508806
919020,0.00512873071087257
919021,0.9999741234720405
919022,0.7701352190713069
919023,0.5709602573556005
919024,0.028146536784563813
919025,0.7369839479459587
919026,0.9947010579369772
919027,0.34418841724225624
919028,0.011984296509163935
919029,0.7794177942576574
919030,0.9936977492984884
919031,0.999911328915705
919032,0.030370367229012672
919033,0.6524555538877191
919034,0.4349057390975243
919035,0.9663032489868786
919036,0.9952630029206557
919037,0.9995882692781575
919038,0.9996109796662991
919039,0.031196496211941545
919040,0.11774133709487847
919041,0.7769262490490345
919042,0.8734884083709686
919043,0.8140529939012829
919044,0.049475271370759064
919045,0.9948489052109233
919046,0.8512932443381366
919047,0.9192677549729161
919048,0.9987324275176648
919049,0.9028951306311621
919050,0.26976309889685013
919051,0.006444146372795464
919052,0.8389734115372656
919053,0.02045942596413889
919054,0.9996630107533699
919055,0.6306493110735656
919056,0.9998073942755569
919057,0.3134093536030001
919058,0.9999818963290659
919059,0.9995509972790988
919060,0.999959496452109
919061,0.73399146976175
919062,0.6579927355975763
919063,0.7362792599541761
919064,0.9939410641996228
919065,0.08337965184878604
919066,0.36294963587072043
919067,0.9997271505622428
919068,0.27216383701658875
919069,0.9993604802689242
919070,0.9373122190571541
919071,0.2307206477175578
919072,0.04137881643806734
919073,0.640552578802615
919074,0.5178966027742229
919075,0.18439136192882408
919076,0.336502140456793
919077,0.04800700976405676
919078,0.9996172912689075
919079,0.7890791893181892
919080,0.013958206447169311
919081,0.2729251694225809
919082,0.999327965774398
919083,0.8060399448273785
919084,0.9999882865747942
919085,0.9998393700411315
919086,0.3021718564416706
919087,0.9997131372010857
919088,0.30481191716711087
919089,0.9861823609789071
919090,0.07792007351145212
919091,0.24957314097203223
919092,0.9877429168067595
919093,0.9994509593449098
919094,0.9697752962777726
919095,0.00929870061743059
919096,0.9999108918907722
919097,0.8620711904999268
919098,0.9941102139671987
919099,0.9999035768243406
919100,0.9971469290871355
919101,0.9930515241551755
919102,0.7999327718540472
919103,0.04007316393690914
919104,0.626180796991197
919105,0.9998712918074235
919106,0.1146028665714516
919107,0.06717131628928973
919108,0.9967645851075488
919109,0.999340866026033
919110,0.6227856534187013
919111,0.007943376749063629
919112,0.4541111324975228
919113,0.947571457066627
919114,0.7743217084285909
919115,0.6690767436507801
919116,0.9544458745346592
919117,0.9989922491068857
919118,0.13131696876939547
919119,0.9998393765692167
919120,0.552125332942739
919121,0.07559040121609288
919122,0.9997349874035193
919123,0.17001527121729443
919124,0.024949134446499852
919125,0.4560588682238681
919126,0.9998233311916143
919127,0.14003001535410875
919128,0.35185077733754755
919129,0.14920674811393536
919130,0.9999615718896915
919131,0.24590941457057824
919132,0.9961649261725298
919133,0.8328654145562022
919134,0.43728439706163524
919135,0.052964180627999534
919136,0.9434036142240705
919137,0.6958692932332193
919138,0.3122661322417296
919139,0.9198251869689442
919140,0.9996585015574819
919141,0.038525955502944326
919142,0.631112288026273
919143,0.9999864905746465
919144,0.9951016978982963
919145,0.9882944712828373
919146,0.9998463928436419
919147,0.3452763961929838
919148,0.58381575636641
919149,0.9996096043957552
919150,0.03083191526599366
919151,0.9980919762333076
919152,0.9954858475586537
919153,0.3182555526559241
919154,0.9998306266982535
919155,0.8842145262217941
919156,0.9998957223884564
919157,0.3405016245966359
919158,0.9967398485018071
919159,0.727749395490259
919160,0.5752684183443091
919161,0.9944019668152358
919162,0.13670030664774982
919163,0.9999868838733121
919164,0.8512485549175779
919165,0.94868902717557
919166,0.36155655969409056
919167,0.9990030582059878
919168,0.955641120587419
919169,0.9671517893132571
919170,0.6941212840317939
919171,0.9993676002323646
919172,0.9515579570069334
919173,0.9998588930118371
919174,0.8738001813846059
919175,0.9995765223673027
919176,0.9523216476417995
919177,0.7900751117196273
919178,0.8950634847699996
919179,0.999836559136946
919180,0.9998472501156486
919181,0.8520006329000869
919182,0.9998422452732072
919183,0.3322452617373036
919184,0.9998347148544362
919185,0.9936038760730157
919186,0.999908175929245
919187,0.9820882675805829
919188,0.8769330252569844
919189,0.9359656511853023
919190,0.1734999066353256
919191,0.9998073366349174
919192,0.852058684410764
919193,0.6657576846499795
919194,0.9999761151468951
919195,0.2911272036472484
919196,0.9988188511721929
919197,0.7539068986133237
919198,0.998299972041053
919199,0.9999845412587431
919200,0.6661835176408858
919201,0.9999915881989474
919202,0.9715285150452257
919203,0.998660868677226
919204,0.011169255695904809
919205,0.8958598686740893
919206,0.9555680654945407
919207,0.8568275523385007
919208,0.5577169985878261
919209,0.048864233947786107
919210,0.15636158885461313
919211,0.9955528321893532
919212,0.9998787771529953
919213,0.02376907442361638
919214,0.6214854639777724
919215,0.9190080827158744
919216,0.022874733211174635
919217,0.2135210720457275
919218,0.8393050788032391
919219,0.9991176762840965
919220,0.2533021284695821
919221,0.9809870381450054
919222,0.9999488470928342
919223,0.9994914110336424
919224,0.9961630621168167
919225,0.8982405574845691
919226,0.9074596468304797
919227,0.08942897065104857
919228,0.9119568760900284
919229,0.03324666245902607
919230,0.4459259645726247
919231,0.7061295483638834
919232,0.1207358662471309
919233,0.9999171128104634
919234,0.6896887056506007
919235,0.9808011238485774
919236,0.01322111876948278
919237,0.3525456659644107
919238,0.9410078710387404
919239,0.9685304613384604
919240,0.9998668070743961
919241,0.6836744788166582
919242,0.8877311129611878
919243,0.9911783964932273
919244,0.002201791546590658
919245,0.9941720046012863
919246,0.9557798103765369
919247,0.0413347650862398
919248,0.9998857547608251
919249,0.30631866082898723
919250,0.9999879036143765
919251,0.283631085769407
919252,0.7080594801688901
919253,0.10682373795330108
919254,0.9999874145451723
919255,0.9920265777385209
919256,0.04770619612776319
919257,0.06390132727331956
919258,0.6323085146098342
919259,0.553625000862829
919260,0.9995744157315459
919261,0.9997526173599733
919262,0.8419936402734725
919263,0.09898675600695145
919264,0.9999367378829069
919265,0.26731796614786785
919266,0.9987307648632103
919267,0.9646740146868313
919268,0.8232701446921129
919269,0.5202194975964625
919270,0.9997402061304321
919271,0.873861523105059
919272,0.2509470485117163
919273,0.9997336014390841
919274,0.9995773865241733
919275,0.014818646984260636
919276,0.9691857511850666
919277,0.24024758120491374
919278,0.6339044491434161
919279,0.7814807347368771
919280,0.23357734663040214
919281,0.9846430039696012
919282,0.7782270427036644
919283,0.998711128709772
919284,0.08097272491095056
919285,0.22385317315524925
919286,0.9996196645468117
919287,0.9996572956181189
919288,0.8031343706991237
919289,0.9987219346980317
919290,0.993688681750293
919291,0.5745769875482457
919292,0.9974144692704628
919293,0.16919331007032762
919294,0.9999324688314748
919295,0.9623973318564654
919296,0.536549519438032
919297,0.01191948964143881
919298,0.8460530576529053
919299,0.3971701246418453
919300,0.06916648356292159
919301,0.9999815997520731
919302,0.6533481636893907
919303,0.999932876809536
919304,0.830597495854339
919305,0.09645838097542324
919306,0.9978777531276629
919307,0.47551634010499055
919308,0.052037618170178254
919309,0.9995712319032986
919310,0.9913043616456437
919311,0.3551359213679909
919312,0.01198549332739696
919313,0.9998034665792053
919314,0.6899380381353809
919315,0.0013776829305443678
919316,0.912997171500203
919317,0.006460662634582838
919318,0.684527179128526
919319,0.9844686104845022
919320,0.8780500826435799
919321,0.8293056540744124
919322,0.9999850806131279
919323,0.9998703574667561
919324,0.7876212510888022
919325,0.8819386791649007
919326,0.9992631161849395
919327,0.010274451755067063
919328,0.48534121732007307
919329,0.999747137277748
919330,0.3763395873905586
919331,0.6920721016137978
919332,0.9823801549036673
919333,0.9986022446477021
919334,0.9963037624387705
919335,0.009746962265435451
919336,0.9996561299776631
919337,0.9997893382856007
919338,0.2364009678182372
919339,0.0015462902755814442
919340,0.9926328908291402
919341,0.5030285102681926
919342,0.033080811905074815
919343,0.06008490579434425
919344,0.09518388192136015
919345,0.7568139512215284
919346,0.2556351520297829
919347,0.20518832130746278
919348,0.6091274483019022
919349,0.06256872233051576
919350,0.9914813662935829
919351,0.9104431285970789
919352,0.7510120409335402
919353,0.6965556707762035
919354,0.16799708042298725
919355,0.17691003251186607
919356,0.5241638202891581
919357,0.8497007131952627
919358,0.1777132505462336
919359,0.9991627630253238
919360,0.9994406053729763
919361,0.3530239632733086
919362,0.9999810586542158
919363,0.9942250860283359
919364,0.9999346716094921
919365,0.9927504062019388
919366,0.5542076003676605
919367,0.991963264960934
919368,0.9985716161677669
919369,0.9998031442012741
919370,0.9599236406076818
919371,0.016310056611447694
919372,0.38299319474658633
919373,0.38499501634291267
919374,0.6263938323012016
919375,0.9452551688069369
919376,0.9999036837664681
919377,0.13375786617056964
919378,0.9931225970406198
919379,0.9999648756365709
919380,0.9891128591090417
919381,0.3012563784599161
919382,0.9997323937966704
919383,0.9993882245030393
919384,0.10051622201878813
919385,0.7575384327955538
919386,0.9997172528296366
919387,0.9813500640024426
919388,0.051564449961048274
919389,0.0822048918044658
919390,0.9997383668685568
919391,0.8718993488806954
919392,0.4225127405435153
919393,0.7013405732105437
919394,0.9710184847169707
919395,0.0075304047158625135
919396,0.6890307036771236
919397,0.3426263803142196
919398,0.999762602775637
919399,0.9998869245306117
919400,0.05824832606333206
919401,0.4572106353851942
919402,0.9753980756279075
919403,0.524876634093097
919404,0.9652817920353065
919405,0.9811273993152198
919406,0.19860052416825064
919407,0.11783652127556529
919408,0.45231019243380877
919409,0.7113402144917793
919410,0.9996019981210372
919411,0.9969623189539059
919412,0.7709512968192993
919413,0.9716766737010987
919414,0.7841838539787993
919415,0.7860280252333574
919416,0.12233987597438858
919417,0.717016646362338
919418,0.9668375289528612
919419,0.999217086894702
919420,0.9979478286548439
919421,0.996789553361801
919422,0.9998938040843316
919423,0.028618875532527514
919424,0.9999019373431055
919425,0.7061207979822725
919426,0.9995243345348188
919427,0.999877575042351
919428,0.2886369563225952
919429,0.9850283179575139
919430,0.2599987562761908
919431,0.1176349593864231
919432,0.9994097225784975
919433,0.9998205937264373
919434,0.9824176686281779
919435,0.9718798332110881
919436,0.5630278710035194
919437,0.9982202728858434
919438,0.9998802862222806
919439,0.02164526566352952
919440,0.017552888858489206
919441,0.5485678769882261
919442,0.7102510205504036
919443,0.9997558456601617
919444,0.9798929632768474
919445,0.8894142487132143
919446,0.05995201015600839
919447,0.8471550004813984
919448,0.5719442217797615
919449,0.9966071002368833
919450,0.9998135404007692
919451,0.9865521130711088
919452,0.9454661159244884
919453,0.9976210788424792
919454,0.6848330111040646
919455,0.9866370931067092
919456,0.9997259838131394
919457,0.060485282476876574
919458,0.12319776037028844
919459,0.9922563849863001
919460,0.9982047068208519
919461,0.3704126383893971
919462,0.09753249086343245
919463,0.9993152335360338
919464,0.11419492396014336
919465,0.5674149604864497
919466,0.9998723317814404
919467,0.08902640430994505
919468,0.9962357809169416
919469,0.9970843708828432
919470,0.5912854104812328
919471,0.9997230616151469
919472,0.009102867703583081
919473,0.99996630168484
919474,0.04321624840331614
919475,0.14735197158416635
919476,0.6886958018945475
919477,0.7494181185207303
919478,0.8036359917025488
919479,0.8695096483248611
919480,0.18779730077618467
919481,0.002757331763494549
919482,0.0017100167668341005
919483,0.9861129382244986
919484,0.9997390843893716
919485,0.9999100116321734
919486,0.020355771682916707
919487,0.4527128874563796
919488,0.9974617282610692
919489,0.9914846218053901
919490,0.9939587915126071
919491,0.8412025102131244
919492,0.40465346825976534
919493,0.016721742895725852
919494,0.7367439653881003
919495,0.07220153994353762
919496,0.014481838879006899
919497,0.2885111749056988
919498,0.5864878818095197
919499,0.3222050366666533
919500,0.6443760350970149
919501,0.9999299283099395
919502,0.8957192777873314
919503,0.5617124859402073
919504,0.9983001640599447
919505,0.9988417056393748
919506,0.9999245966513219
919507,0.9999938015595431
919508,0.9996687899270444
919509,0.9858641110269151
919510,0.6613592823342466
919511,0.2816955810499764
919512,0.9999845409434753
919513,0.8895890584661342
919514,0.9894668073126703
919515,0.5502072081570835
919516,0.02591591321904931
919517,0.9957173643406155
919518,0.9999361521841863
919519,0.9965652962059943
919520,0.9969604995210231
919521,0.9987305876579052
919522,0.6855214215164371
919523,0.4015973264394967
919524,0.9999902597836982
919525,0.8380870800840718
919526,0.9880533851153452
919527,0.8533939803972898
919528,0.9775219250224723
919529,0.9965961679925757
919530,0.9996183070215363
919531,0.24888383609189207
919532,0.5230960062017281
919533,0.9316296730114246
919534,0.06760148472732502
919535,0.9980194294335435
919536,0.9988154645181808
919537,0.3006042751326859
919538,0.9965098141775321
919539,0.19934429911873708
919540,0.847368474865637
919541,0.9960571988159932
919542,0.9976505603208998
919543,0.9994549727851165
919544,0.9960063157089315
919545,0.2777885122435268
919546,0.5952629747030609
919547,0.8212984276407853
919548,0.9948560804887101
919549,0.9997259833851482
919550,0.8592484748671676
919551,0.46381841523182393
919552,0.999171812992498
919553,0.0883563511418022
919554,0.12681256892530413
919555,0.5291705141467338
919556,0.999240848285224
919557,0.012940232492154766
919558,0.9999894227604187
919559,0.999429266666374
919560,0.6197969862261271
919561,0.9991573568802714
919562,0.8559869445912521
919563,0.9989435353995317
919564,0.9997267744502566
919565,0.9999578906805356
919566,0.03168584351865711
919567,0.9997600083239031
919568,0.9995205275741273
919569,0.9918023300864556
919570,0.04254497367757868
919571,0.9955180129428838
919572,0.9218898000762705
919573,0.026510390257280136
919574,0.728888583369379
919575,0.966459944419094
919576,0.8844345968529681
919577,0.14022384500331153
919578,0.49718522183428615
919579,0.6867023294505948
919580,0.06920188990361549
919581,0.39787721754035005
919582,0.0010051668409963926
919583,0.9998901008699724
919584,0.9748796251464079
919585,0.05035994635480227
919586,0.993917705973776
919587,0.9130870369969438
919588,0.06461684397721908
919589,0.07856846884303194
919590,0.01737985483106842
919591,0.956379474419041
919592,0.999287998908595
919593,0.9997599611019473
919594,0.4220480056590903
919595,0.014133559538307989
919596,0.9997912261107993
919597,0.02299011001610473
919598,0.9512913066560205
919599,0.9989594924081834
919600,0.6776912183678451
919601,0.013501809279420554
919602,0.9999757418407684
919603,0.0031044068190933605
919604,0.7506568482443576
919605,0.9256739821023654
919606,0.48533667714767587
919607,0.9156754572150083
919608,0.9997274379572334
919609,0.9997541148971612
919610,0.999584115324033
919611,0.9984580866692438
919612,0.9998357281109804
919613,0.8798209518993798
919614,0.9996562084653098
919615,0.9995061202889067
919616,0.9998977691253942
919617,0.9994211777402693
919618,0.5969534891003163
919619,0.25236209197395204
919620,0.9996175174608881
919621,0.9330406337215974
919622,0.9995031570108615
919623,0.999806564134572
919624,0.9100702977270219
919625,0.7129830168556897
919626,0.6028463444999516
919627,0.885649965426698
919628,0.7763284385030398
919629,0.9997275898061799
919630,0.9136869183045091
919631,0.9932862012872399
919632,0.9999794649575519
919633,0.9999066481115352
919634,0.9997121928640005
919635,0.9982314480770003
919636,0.019958887265050754
919637,0.8493360940705098
919638,0.3156739795801351
919639,0.00892781041897035
919640,0.9973052307717178
919641,0.9997673242137943
919642,0.9995995083703815
919643,0.9997420411869236
919644,0.9986224906978325
919645,0.381111163919282
919646,0.4865486382741522
919647,0.11488437633087951
919648,0.032427179173967445
919649,0.9999450140543336
919650,0.4066933958722248
919651,0.9829614407288688
919652,0.990289399895294
919653,0.9999044431900019
919654,0.7371487583291421
919655,0.9987333289934364
919656,0.9999674480772499
919657,0.999607317970056
919658,0.8564365949524317
919659,0.8529797528937797
919660,0.0966367363346636
919661,0.9999428285065861
919662,0.999928643393064
919663,0.9960642655579203
919664,0.6895467689810741
919665,0.6519437914205848
919666,0.8727524965217958
919667,0.9873090961766394
919668,0.9892797497278863
919669,0.9997727710772412
919670,0.6784208527070261
919671,0.7414262132594405
919672,0.9999347166688127
919673,0.01221681144331677
919674,0.013920065331172569
919675,0.9973624149458618
919676,0.2901387634570174
919677,0.9550690663520992
919678,0.9999313030277681
919679,0.4357041832184876
919680,0.9991291997491685
919681,0.26447883786326265
919682,0.9838101527500847
919683,0.8721288447115518
919684,0.8513224751067403
919685,0.7903140440364789
919686,0.04540982352500079
919687,0.6618485671747328
919688,0.999966705922571
919689,0.9991599622196462
919690,0.3419897974489041
919691,0.07211118583757246
919692,0.9901570648758186
919693,0.49078725933656236
919694,0.9998888914420756
919695,0.2573359434345547
919696,0.25309285034441575
919697,0.5721869837902899
919698,0.9992553850052751
919699,0.9975612081112324
919700,0.9064649265480301
919701,0.8052140040632356
919702,0.04076313302001372
919703,0.9986576674744754
919704,0.2576441107155275
919705,0.13011053133923722
919706,0.9999216853928803
919707,0.5419043457268674
919708,0.998624691862986
919709,0.16432802772664495
919710,0.9998155278764606
919711,0.9635559865911435
919712,0.9955981718621565
919713,0.9998888539592453
919714,0.998592499583878
919715,0.4029967616696191
919716,0.9959796626506222
919717,0.9999554066669581
919718,0.9975252849468085
919719,0.9149818097826079
919720,0.002354022518062815
919721,0.9990169211992007
919722,0.8915735723186599
919723,0.999146423849633
919724,0.2759859841467816
919725,0.9812789228681458
919726,0.6091343528033337
919727,0.029554736391244694
919728,0.20974139728338656
919729,0.9997205993332222
919730,0.9053590488041561
919731,0.975813783597236
919732,0.9744961937819911
919733,0.844461629510623
919734,0.985348500867866
919735,0.2004600357313633
919736,0.44762314086658833
919737,0.9969758206650933
919738,0.9723766898200596
919739,0.9999470360341618
919740,0.6679398417311446
919741,0.8812045823182036
919742,0.1030755959908262
919743,0.05903520968777064
919744,0.9975421143882053
919745,0.47483743335658996
919746,0.01489059090631282
919747,0.6071256650144831
919748,0.15614187014461633
919749,0.9640808164210068
919750,0.06613716020141708
919751,0.5571463017622887
919752,0.01680893673147883
919753,0.5304482568990856
919754,0.09015491364630017
919755,0.2875953398278267
919756,0.9994309624054356
919757,0.9945599975980026
919758,0.024692057736459383
919759,0.9990455558154374
919760,0.0618110915589607
919761,0.9795308358841257
919762,0.9997715170566401
919763,0.9935512577878188
919764,0.37740819466737513
919765,0.16177813001237415
919766,0.42376376188665194
919767,0.9989074092652355
919768,0.7353897252402213
919769,0.17622149042310192
919770,0.8026670816998691
919771,0.9874436654404626
919772,0.9997832006311524
919773,0.999978491767932
919774,0.9998586464360424
919775,0.9987255051622311
919776,0.8680618330975822
919777,0.8626390179952816
919778,0.5283935858686798
919779,0.3298568072082577
919780,0.9971900827373578
919781,0.9982224137759586
919782,0.9528895307214862
919783,0.009203981271658045
919784,0.9822630662501071
919785,0.9996539382630298
919786,0.9855953067000418
919787,0.8144508672185082
919788,0.16665867780502996
919789,0.5854945497203369
919790,0.9992961979289798
919791,0.6440289168406423
919792,0.6399066113587264
919793,0.988265002252944
919794,0.04281457049029085
919795,0.9894333688371958
919796,0.982293072430825
919797,0.9995158134772328
919798,0.9911378744002413
919799,0.9996680788454246
919800,0.7753596627926844
919801,0.20318726904276224
919802,0.986598930762372
919803,0.9961619682435364
919804,0.0918127079386902
919805,0.9998041421037354
919806,0.31057368851645045
919807,0.9995734211012751
919808,0.9981400445216948
919809,0.9950941180884564
919810,0.12369791996008694
919811,0.8877265697258235
919812,0.6127593240577345
919813,0.12962644544245047
919814,0.9967632487167977
919815,0.9976348844719959
919816,0.23194613868376412
919817,0.9497261489432343
919818,0.004244090617274523
919819,0.6502218783160127
919820,0.999579037838999
919821,0.6430350431382565
919822,0.9477717343532024
919823,0.9998923948587579
919824,0.9940881286476377
919825,0.9998253341401093
919826,0.05213365491702889
919827,0.3612943810820173
919828,0.10914492059839112
919829,0.9845440442075364
919830,0.03789084481179712
919831,0.9999034624865193
919832,0.12392471678549771
919833,0.1458313794471194
919834,0.9997910555966294
919835,0.9287690575004846
919836,0.5177775449219327
919837,0.9960420916601238
919838,0.9998498083031944
919839,0.9995217004439958
919840,0.9998821255989683
919841,0.9403620222160468
919842,0.9992748723719058
919843,0.03853901028140541
919844,0.8971641455378878
919845,0.06785262226333245
919846,0.9945309690593853
919847,0.22331284516908742
919848,0.9874605111095348
919849,0.3860774859148711
919850,0.8612455199669796
919851,0.9999343101493987
919852,0.15439831622903172
919853,0.2719420292531993
919854,0.39407364129854
919855,0.9869526681085572
919856,0.9925545468109104
919857,0.8636333650575753
919858,0.6977559130651978
919859,0.7983768055637335
919860,0.9916614475715555
919861,0.8398662234771926
919862,0.5272003268354837
919863,0.3536089081742199
919864,0.7304929858708665
919865,0.6587378350206925
919866,0.9389733420724152
919867,0.6803657803973199
919868,0.9243408928196171
919869,0.03038987469023458
919870,0.9997202394853988
919871,0.7691303791202713
919872,0.9981913751944695
919873,0.9996990066559152
919874,0.8516411526158592
919875,0.7249683852653674
919876,0.9854103263298746
919877,0.06360631875587366
919878,0.9918814440849631
919879,0.99980540275514
919880,0.7783906880472531
919881,0.7545166923771311
919882,0.999935250248704
919883,0.43501220350629255
919884,0.9993456670991173
919885,0.9999760276822743
919886,0.9996897450161674
919887,0.9585259247972027
919888,0.9992560589374744
919889,0.999626108214718
919890,0.9097573234233756
919891,0.03429881055700823
919892,0.1324394391711794
919893,0.9946595096356529
919894,0.999834139578549
919895,0.9999008123573863
919896,0.9348444147506303
919897,0.9998066234817675
919898,0.008576353102696476
919899,0.4622324895280048
919900,0.7325118897615899
919901,0.8886081799819359
919902,0.08340802004550649
919903,0.23811334602957507
919904,0.9783710032782762
919905,0.017946938943028824
919906,0.6515808003782939
919907,0.9999652387451892
919908,0.967771276370389
919909,0.6023013886798391
919910,0.9223206711839016
919911,0.999091755625968
919912,0.9915282503099927
919913,0.9981080282899146
919914,0.9999513438770138
919915,0.22147998368397592
919916,0.3281913029190813
919917,0.024260064756795985
919918,0.9964352898706071
919919,0.9973673919630885
919920,0.04070575851091955
919921,0.35740110600950775
919922,0.04892615083082988
919923,0.999907679911342
919924,0.9955503141134441
919925,0.9996639758194449
919926,0.027255914787032515
919927,0.9436036818472948
919928,0.2669569130589428
919929,0.9692583477178154
919930,0.8897762062224204
919931,0.7536559135086884
919932,0.1699490963705373
919933,0.9914227663992025
919934,0.18117512999782845
919935,0.9999483500244797
919936,0.00487149294070163
919937,0.5212455847070939
919938,0.9256483002094489
919939,0.9160763748192492
919940,0.3127335247620422
919941,0.9998177380036687
919942,0.3629580185886975
919943,0.9691733766865995
919944,0.9999629983196179
919945,0.9962978866911842
919946,0.8799610339036862
919947,0.7533874991876253
919948,0.528881697424453
919949,0.834441639018237
919950,0.11650815485353572
919951,0.9377406171262093
919952,0.9991372911597254
919953,0.9695974779335852
919954,0.8267001466578074
919955,0.004029133408519127
919956,0.6883786036703738
919957,0.9796253630936274
919958,0.9999925733801127
919959,0.9999105907361618
919960,0.9156095834109771
919961,0.9978993602129262
919962,0.9866925586663811
919963,0.9966402668810258
919964,0.9983644008874195
919965,0.9982494694572239
919966,0.9971516646587544
919967,0.9997015688342541
919968,0.7262638457845794
919969,0.7741529705284947
919970,0.027873474366794528
919971,0.9952406014323372
919972,0.9997189011080965
919973,0.7461782392266596
919974,0.05033693364292166
919975,0.0036798702169632503
919976,0.8789802257556278
919977,0.4361023385273129
919978,0.992282012373277
919979,0.9018744696809142
919980,0.9999955881106907
919981,0.3497374270623896
919982,0.9990496290133708
919983,0.003834846330227612
919984,0.17553090269443217
919985,0.5233195196227384
919986,0.9998494411289296
919987,0.9902012569645722
919988,0.9995245617867312
919989,0.8012173974933787
919990,0.9999560215546963
919991,0.7086417802723899
919992,0.9999447991265448
919993,0.9977600830369073
919994,0.9992620675598216
919995,0.9624812961629392
919996,0.8151735837357195
919997,0.9998745581534032
919998,0.3651520504736913
919999,0.9755654495299393
920000,0.9867550308751325
920001,0.9997714307067762
920002,0.9998618380690723
920003,0.9691255091295198
920004,0.9991895429573381
920005,0.14002375407665602
920006,0.9969316971089788
920007,0.9964064341107317
920008,0.9943501130203872
920009,0.9921602476276552
920010,0.9983600657704661
920011,0.5182585444380086
920012,0.9696612180000785
920013,0.9999083260340811
920014,0.4217827381186368
920015,0.897694076241071
920016,0.4223734454509038
920017,0.09937254761725342
920018,0.988435012974274
920019,0.8805782985078047
920020,0.9915529583293002
920021,0.9999865553163073
920022,0.9978751211915036
920023,0.9768054514042842
920024,0.38553741718292645
920025,0.9894485482822543
920026,0.9984153792295329
920027,0.9996090730057862
920028,0.8510193229565712
920029,0.999674309386176
920030,0.9987778879799056
920031,0.9994927003298235
920032,0.9990490577971346
920033,0.17616249508089354
920034,0.17383882422309538
920035,0.288076127068485
920036,0.7084030660689694
920037,0.0648950627848115
920038,0.8652108405660656
920039,0.999869006390504
920040,0.9972506135991679
920041,0.9938468475334474
920042,0.9908086694496334
920043,0.9185122549924334
920044,0.017644387070225732
920045,0.860801167959558
920046,0.9999942977912263
920047,0.9998865221548521
920048,0.9922444829666868
920049,0.9950359760482822
920050,0.9974327489013508
920051,0.9982138601455917
920052,0.9212260349262776
920053,0.909575070465218
920054,0.771433524153214
920055,0.9996789666189216
920056,0.9138153098036024
920057,0.4133461969239551
920058,0.9999309295097556
920059,0.9995204625630125
920060,0.2905249934217047
920061,0.9923625234297001
920062,0.05460927057102754
920063,0.23064040683241693
920064,0.99329761575382
920065,0.9994407416146214
920066,0.08180008127972674
920067,0.7754309708329474
920068,0.08276182019735603
920069,0.9763926120193633
920070,0.9834220348883136
920071,0.9998494269565642
920072,0.794910973905437
920073,0.9965495940984614
920074,0.02359834123613682
920075,0.034638060296238296
920076,0.9929862194191835
920077,0.8445672307844785
920078,0.23675275026366394
920079,0.3345079536665284
920080,0.019858772956513872
920081,0.9971017761440626
920082,0.9254749820852609
920083,0.9967894018446888
920084,0.8754038847807323
920085,0.8462545851345343
920086,0.9684984067841821
920087,0.9998086828160702
920088,0.9925991071453253
920089,0.0330422788938506
920090,0.9998678089203139
920091,0.9996105383092119
920092,0.02040346040651492
920093,0.48695730685379596
920094,0.9990005978408745
920095,0.8000895602803053
920096,0.877949447269256
920097,0.6195873648811305
920098,0.9999288022109216
920099,0.4519252044984273
920100,0.9605187590916435
920101,0.40161724994615655
920102,0.03974782019826175
920103,0.7681084402732359
920104,0.021071853187429136
920105,0.9999762806460666
920106,0.2576959499665753
920107,0.9988776525707909
920108,0.3970726477922672
920109,0.9999297337409853
920110,0.9995883308840294
920111,0.8304676470867545
920112,0.8130058252056243
920113,0.9696104754806502
920114,0.4143457637582061
920115,0.972222110751626
920116,0.9997537504646605
920117,0.994687917946167
920118,0.8686553704489272
920119,0.9712793783672611
920120,0.4827319517647555
920121,0.99980636105145
920122,0.3372355485123052
920123,0.7326528548900678
920124,0.21022804323348432
920125,0.9589956423724418
920126,0.9994325944423589
920127,0.9964918348704042
920128,0.9767291599860586
920129,0.030616106924060766
920130,0.48388320576697835
920131,0.5926775958520774
920132,0.6888591911011521
920133,0.9999412771878499
920134,0.6046171884605661
920135,0.712134052461919
920136,0.9942431039923985
920137,0.9997697465836752
920138,0.9212455416170895
920139,0.9134201429694873
920140,0.9185297272321219
920141,0.36681062008601767
920142,0.9901089056361297
920143,0.9944525869232013
920144,0.4995027037999977
920145,0.0266581231231283
920146,0.01947225495094603
920147,0.10061825342009986
920148,0.18932291913888036
920149,0.9717017186323037
920150,0.11092697578799815
920151,0.9842350404999642
920152,0.4251658392905712
920153,0.05447762898272508
920154,0.7295578331322117
920155,0.9842343388983219
920156,0.37303014863438955
920157,0.5339497361490713
920158,0.04184564894671391
920159,0.23483356399368888
920160,0.9994375449810541
920161,0.7446987669800842
920162,0.9971278181012593
920163,0.9816640042744673
920164,0.9956827067735514
920165,0.9997690741623125
920166,0.9955152705174428
920167,0.9991245957656782
920168,0.9997524874289114
920169,0.7643133488652532
920170,0.04886218056827363
920171,0.9999211561252797
920172,0.7227185746570075
920173,0.33319682395717454
920174,0.6786879145014344
920175,0.8158164226833278
920176,0.7790876637901952
920177,0.998602355934602
920178,0.5489696738509926
920179,0.9999599668142125
920180,0.9981690659773963
920181,0.709376203836825
920182,0.9955229640380655
920183,0.9999888527179059
920184,0.9903233958621472
920185,0.9514134915661816
920186,0.8131348487012373
920187,0.9994660059620945
920188,0.005024077989612886
920189,0.04086113056618407
920190,0.07077436305725957
920191,0.9997233787943689
920192,0.028777348527927113
920193,0.9988097737721577
920194,0.9691008894946287
920195,0.8360098453235639
920196,0.6613133094377699
920197,0.9827101858334436
920198,0.878836505116179
920199,0.6101970115029102
920200,0.9999622185605426
920201,0.9988615674280581
920202,0.7736512171078003
920203,0.9447335321071569
920204,0.21279108063858004
920205,0.9891892735312868
920206,0.9590678708931617
920207,0.9980759632662046
920208,0.9998914851340341
920209,0.9993821326344714
920210,0.901562619513957
920211,0.8260907185791577
920212,0.8249153976534414
920213,0.09969991533425863
920214,0.9977937878859184
920215,0.06903709222994323
920216,0.9999049827882125
920217,0.12283381660148468
920218,0.9953208012257195
920219,0.75093447533929
920220,0.6051224920889218
920221,0.9896123618530283
920222,0.9997993075374467
920223,0.9959383342352712
920224,0.005395754424727967
920225,0.999196480568422
920226,0.9998046388948363
920227,0.99443035496872
920228,0.6756155210706589
920229,0.14202885618730013
920230,0.9845986989722137
920231,0.6240342977445924
920232,0.8321250802130651
920233,0.2447864390292031
920234,0.23657144661801213
920235,0.5535627827391697
920236,0.9990828999474066
920237,0.9980452039016622
920238,0.6874329160158898
920239,0.9958359873889469
920240,0.9788405749622145
920241,0.6823791954634377
920242,0.9999908567000773
920243,0.2845294226656297
920244,0.035669111559653875
920245,0.028753241059634997
920246,0.906959825610755
920247,0.501722848273542
920248,0.8336201350381734
920249,0.9918886425376441
920250,0.9872586293073797
920251,0.9821310005021012
920252,0.5922651031198459
920253,0.5993281832320548
920254,0.2649795147138844
920255,0.11854124009281958
920256,0.05219337092983417
920257,0.9999583156828767
920258,0.9287431631474234
920259,0.4242110548350225
920260,0.6776245823779087
920261,0.01836609273438407
920262,0.9903712502561057
920263,0.012658040646666063
920264,0.9851203446650839
920265,0.3660264321181874
920266,0.429098882262103
920267,0.9940755787462219
920268,0.8513559150188554
920269,0.22527564021723517
920270,0.04969056200484613
920271,0.797510931368023
920272,0.7646875624583136
920273,0.008590022932010565
920274,0.9993394254384487
920275,0.4695797656103721
920276,0.042552417722077567
920277,0.9996476789647826
920278,0.2885124511810381
920279,0.003142098595258905
920280,0.9983042637154893
920281,0.999333985142487
920282,0.9951885810610597
920283,0.7024303499276919
920284,0.019775841486417232
920285,0.9929868213323119
920286,0.9949245621448045
920287,0.22138911353735985
920288,0.0236896884905001
920289,0.999938963374237
920290,0.9759586090527951
920291,0.9820133607188457
920292,0.3510173178823517
920293,0.9999781717143755
920294,0.38105276579613273
920295,0.049532522058285955
920296,0.9997422060504463
920297,0.999900558146738
920298,0.9837250249874063
920299,0.06795764267415637
920300,0.9998372719838373
920301,0.8013688585234445
920302,0.21641530315988772
920303,0.9891007648558265
920304,0.692745037547424
920305,0.4584193531638025
920306,0.9982869240692055
920307,0.9989747050105454
920308,0.016058298608875195
920309,0.322594111922651
920310,0.9871563812153555
920311,0.9912050124058925
920312,0.9980517966729527
920313,0.9790900567967153
920314,0.6876152585962776
920315,0.9781020303884577
920316,0.9999913404947569
920317,0.14430721665485605
920318,0.06090270425726131
920319,0.999749644609749
920320,0.06497123098792223
920321,0.7924057309499872
920322,0.9106729012101847
920323,0.8157568406859792
920324,0.36404865610978643
920325,0.9927199357920589
920326,0.06313118277054204
920327,0.9937480187027672
920328,0.7868395159673421
920329,0.006974190705910014
920330,0.8029327585526438
920331,0.9963122220936333
920332,0.952256761030877
920333,0.11484906935310428
920334,0.9999374240779193
920335,0.9389439003185279
920336,0.01486166832109119
920337,0.9972761432609428
920338,0.9990087952798312
920339,0.9997647838536421
920340,0.6488896566259764
920341,0.8620118226395397
920342,0.03509450371141561
920343,0.5254064329631433
920344,0.3093423649347673
920345,0.8891870422719703
920346,0.9997893319744633
920347,0.9991024708606316
920348,0.021962420282037258
920349,0.32252757263305204
920350,0.05257735999069984
920351,0.9674908365626328
920352,0.896944300761166
920353,0.26617908445811755
920354,0.7651131017188724
920355,0.10030220346014093
920356,0.9389791391402107
920357,0.906917362569746
920358,0.15106014555170877
920359,0.9600300848188091
920360,0.9995482280340835
920361,0.3432087350638995
920362,0.9125113649497474
920363,0.7822225436964821
920364,0.46001899970358495
920365,0.005886198413020434
920366,0.9988555674990474
920367,0.9761050027850752
920368,0.9837461879786709
920369,0.9995079070464172
920370,0.28662243072342763
920371,0.981093410159507
920372,0.9980898570737542
920373,0.946668162949651
920374,0.9998480392201747
920375,0.9972597236971884
920376,0.9990668689880375
920377,0.017324042523263722
920378,0.9971550223310763
920379,0.8870170827502064
920380,0.7600901446939374
920381,0.9999895306112407
920382,0.21589560936438396
920383,0.9983248389989114
920384,0.9993941302927447
920385,0.21407288128246282
920386,0.009333190982744915
920387,0.9946513925091163
920388,0.09064604216389767
920389,0.9323777497836511
920390,0.9941437143036449
920391,0.61181538360494
920392,0.21002920215504514
920393,0.9407614736441724
920394,0.9997955253695062
920395,0.3983593872507967
920396,0.9402063506956264
920397,0.9995558037736846
920398,0.9999331537717397
920399,0.9730618093002372
920400,0.6688167444697957
920401,0.7212626624872279
920402,0.715458906685188
920403,0.11145884631102346
920404,0.08697936401690362
920405,0.14449542942681776
920406,0.11413843799162667
920407,0.788304927026962
920408,0.5280837378294249
920409,0.9992775087914352
920410,0.01228431178199059
920411,0.004405250114942134
920412,0.9996378863399084
920413,0.9970325902258859
920414,0.9992615240578673
920415,0.9968836151067916
920416,0.9994549142617619
920417,0.9993289987156182
920418,0.9095857870212227
920419,0.9988108378313105
920420,0.7942646810764478
920421,0.9961382649286197
920422,0.9998943427917483
920423,0.9778115638618055
920424,0.7572966872008327
920425,0.09425530964269681
920426,0.9969227866349536
920427,0.30418562352363726
920428,0.999319620129633
920429,0.12759077690991552
920430,0.586128677257408
920431,0.5523258059466805
920432,0.3533290278151662
920433,0.9144305068578457
920434,0.9921954954824626
920435,0.9998376199949808
920436,0.9928961513741141
920437,0.945356423969043
920438,0.7431122009177332
920439,0.09359947754844247
920440,0.9965178131827835
920441,0.24387130937369467
920442,0.9829843294230669
920443,0.8820548509715991
920444,0.9888854630672725
920445,0.9973938941801417
920446,0.9999422903404278
920447,0.003067723860248306
920448,0.9851806600878856
920449,0.9990689286892478
920450,0.40823845928211
920451,0.9993717434091851
920452,0.9999192970709112
920453,0.7638635957058714
920454,0.9999477813702978
920455,0.009347924641245332
920456,0.5418700018159927
920457,0.9913531782323564
920458,0.37604712650604055
920459,0.47351035125340185
920460,0.9991099146601983
920461,0.9878972154725766
920462,0.4187306073503988
920463,0.6356396482646016
920464,0.38990269478903805
920465,0.027985744865241146
920466,0.007273678509901871
920467,0.9828188739424419
920468,0.3025324209598144
920469,0.9993341571410564
920470,0.5483346262219687
920471,0.9991727981304599
920472,0.11066907589608989
920473,0.5481657071857097
920474,0.04388583617580254
920475,0.9995693586268002
920476,0.0541682818074354
920477,0.8642347164786044
920478,0.9968051554454818
920479,0.08241174594070287
920480,0.03695508057298527
920481,0.9974101827858861
920482,0.9860670162976516
920483,0.9962036419074732
920484,0.2661471873236154
920485,0.6978914656308329
920486,0.15182345768916908
920487,0.9314808726071152
920488,0.3334852913650502
920489,0.016049855686968012
920490,0.6890795974787316
920491,0.9999316807283103
920492,0.376698721444511
920493,0.438173708300045
920494,0.9768834089806981
920495,0.9928441215774492
920496,0.9682039792670292
920497,0.6924155514967887
920498,0.9998105432888181
920499,0.7277224850315351
920500,0.9999435877325237
920501,0.9981158945227093
920502,0.9995133750663941
920503,0.528790419900021
920504,0.9996032766290353
920505,0.5753104272022673
920506,0.9998720940588752
920507,0.8881099536615653
920508,0.7993567462933342
920509,0.05124967257725183
920510,0.9998641580692291
920511,0.09090318776101525
920512,0.4940436043661811
920513,0.9925980315404075
920514,0.4256836350606692
920515,0.0310336091568353
920516,0.970237812375585
920517,0.9999216943863907
920518,0.20698315872781065
920519,0.768524554507088
920520,0.9993352484742767
920521,0.8898588767295902
920522,0.9996082948628677
920523,0.6958672626417581
920524,0.9995650734277725
920525,0.9997721105763906
920526,0.9995468840891332
920527,0.36182310228028386
920528,0.9041170174758892
920529,0.020023355501348417
920530,0.9999299694944241
920531,0.38331315503013996
920532,0.9994530466537304
920533,0.8728876423142824
920534,0.24116493395561645
920535,0.998607912621105
920536,0.7612226824597695
920537,0.1513667657809331
920538,0.992389164412452
920539,0.9834169394911894
920540,0.9848474968955361
920541,0.9618671708287638
920542,0.9999260657454675
920543,0.9998471591696785
920544,0.46411903421614564
920545,0.13512569091279722
920546,0.9886088965950546
920547,0.9998522665908294
920548,0.020492361638896166
920549,0.0036335756326894503
920550,0.9936507102229333
920551,0.9997805479133814
920552,0.9005300457616037
920553,0.9996854181261348
920554,0.4232435721118888
920555,0.8876315557936941
920556,0.9961757390299918
920557,0.38606181122130917
920558,0.8272607184472816
920559,0.9996579642934149
920560,0.9114232727282698
920561,0.169577341480873
920562,0.43813730366033754
920563,0.4914094902805071
920564,0.9952620435360884
920565,0.986376058989515
920566,0.9998841946521357
920567,0.46249047082660555
920568,0.9980038214633775
920569,0.9978760095455408
920570,0.9920412563637557
920571,0.5883537422256091
920572,0.9999358104759154
920573,0.5833956369105932
920574,0.9999699737352732
920575,0.3042765712077571
920576,0.9999663200184132
920577,0.9851995444610037
920578,0.9957575160931946
920579,0.005491622755987826
920580,0.4537889678978858
920581,0.3886075230600248
920582,0.9969193243614373
920583,0.7695735968879513
920584,0.9996021159411976
920585,0.9884953825013816
920586,0.5480551204245645
920587,0.9999759036710476
920588,0.9992163110991295
920589,0.9997748900825645
920590,0.20477944772211573
920591,0.9919608301789425
920592,0.9966538410293244
920593,0.9842949818827994
920594,0.939328587672994
920595,0.99579105264801
920596,0.21832499096437114
920597,0.9999413034814953
920598,0.022619309946023992
920599,0.9998345368557431
920600,0.03546444922269494
920601,0.04860657282065893
920602,0.14857097576794745
920603,0.9979685547664056
920604,0.04119046655051124
920605,0.5553674034630671
920606,0.7645351900295196
920607,0.9999768849185356
920608,0.9998883834676172
920609,0.9937819321708534
920610,0.9999864589977668
920611,0.999486781090837
920612,0.010142360864408406
920613,0.04983410565806232
920614,0.7194449438258292
920615,0.09203779009407718
920616,0.9999780063026658
920617,0.9967747882452074
920618,0.5939331625937714
920619,0.3476127812591454
920620,0.5267724353315624
920621,0.025694860053558657
920622,0.8223574765584394
920623,0.9999245378319399
920624,0.9995728907718493
920625,0.00873032440646853
920626,0.6943229055774427
920627,0.9993352636053434
920628,0.9694929855358507
920629,0.9993678443930439
920630,0.9980066296397689
920631,0.117970387191044
920632,0.996015108215795
920633,0.9876706450447595
920634,0.9985847539979263
920635,0.8704279909783521
920636,0.9996932307992148
920637,0.9990709123353904
920638,0.9996157428176642
920639,0.9987300112855921
920640,0.9998936716550845
920641,0.9999541288790793
920642,0.9911825462295
920643,0.8218540137114767
920644,0.9999585927059462
920645,0.9954881438672308
920646,0.9999821252376859
920647,0.5550059952103492
920648,0.9999672726785487
920649,0.0736953924943142
920650,0.009233116534146907
920651,0.7416012835597386
920652,0.02271128940984338
920653,0.7460865596410587
920654,0.9976214205915008
920655,0.9577514831812797
920656,0.9998401330542803
920657,0.9523323768404373
920658,0.980736000072745
920659,0.6227784472603646
920660,0.44122497744106925
920661,0.4511667173748232
920662,0.23360411376835133
920663,0.9914707903585851
920664,0.9826847247092947
920665,0.026853396753884005
920666,0.5100766115296783
920667,0.018691159298041667
920668,0.6236032401995324
920669,0.04793681246736563
920670,0.05784578893428764
920671,0.7991805492907349
920672,0.7789689818794518
920673,0.022973534767768748
920674,0.6703343714747321
920675,0.7155777277738375
920676,0.779523519869256
920677,0.4905191419065048
920678,0.9927108991235793
920679,0.9996296435903085
920680,0.9988362439223821
920681,0.9995513476438886
920682,0.9997375042883816
920683,0.9999901756877336
920684,0.9997897985463755
920685,0.35627763347407104
920686,0.18592419884256445
920687,0.9466788921415745
920688,0.9160519418627456
920689,0.049004584426941764
920690,0.35872647181017203
920691,0.034516663203210805
920692,0.3444537397118713
920693,0.02010707151816801
920694,0.5935275241211329
920695,0.9951116332382917
920696,0.573451891363529
920697,0.5383861628749673
920698,0.4039395120445099
920699,0.8328766698503381
920700,0.9190245263582721
920701,0.9997221025521594
920702,0.9999925711757407
920703,0.9999784668492894
920704,0.6209014415768415
920705,0.9997896836467326
920706,0.045535758484206684
920707,0.9943791622081934
920708,0.9986050665193286
920709,0.6969216921240311
920710,0.9924771057773916
920711,0.8729623817743377
920712,0.989928530111633
920713,0.9982349115512537
920714,0.9981295517911488
920715,0.031208964552016612
920716,0.9942793841831333
920717,0.011188833858683368
920718,0.9999343873364968
920719,0.9252661920353591
920720,0.8325900133935806
920721,0.009112067506252697
920722,0.9992193384758029
920723,0.31700268973000983
920724,0.05298956029812305
920725,0.06694648115813867
920726,0.9602672408092744
920727,0.7470857207189895
920728,0.9997878977520618
920729,0.08169377459771808
920730,0.15877991546443188
920731,0.9984379097903957
920732,0.24958258207587117
920733,0.1633803579763609
920734,0.9995510240576687
920735,0.9997518278650561
920736,0.9994840726113996
920737,0.24416419066227657
920738,0.6206867159710479
920739,0.5076642132221402
920740,0.7365613826943328
920741,0.9996610582857961
920742,0.9465433319624267
920743,0.40250467859632577
920744,0.055074736903466384
920745,0.9999842013532887
920746,0.014229509866508241
920747,0.9475081612910623
920748,0.22341107876738664
920749,0.9084938269436127
920750,0.9999673701946618
920751,0.9911391576366062
920752,0.09164633910133062
920753,0.9998237049039554
920754,0.9983765287693348
920755,0.9995051450093955
920756,0.9999090543906322
920757,0.9643465313955306
920758,0.9998870161253433
920759,0.01625478860543038
920760,0.27733636157512415
920761,0.5765891078401102
920762,0.9667749448503048
920763,0.9994315840309618
920764,0.9999763538569455
920765,0.9620135251232147
920766,0.02419111222692251
920767,0.5195895714812953
920768,0.61264382048801
920769,0.05399557814364414
920770,0.8619976078967486
920771,0.9759335012870468
920772,0.9611751972420957
920773,0.9682524286252501
920774,0.2630531307414145
920775,0.9947592146204816
920776,0.31457603171198745
920777,0.19790188289406496
920778,0.9977430560042735
920779,0.9999312961458067
920780,0.06692506787974438
920781,0.999783103940415
920782,0.8643830991159813
920783,0.954455645023746
920784,0.8911050900329056
920785,0.9205087316352871
920786,0.9997937853563428
920787,0.9998402528340614
920788,0.07930269984048964
920789,0.9814300414628361
920790,0.4555042738346329
920791,0.23298504319487912
920792,0.4987464110180868
920793,0.15582345343734072
920794,0.92853485427194
920795,0.9997181970367288
920796,0.9981257996396276
920797,0.641563480944525
920798,0.779330954027114
920799,0.6035080954642812
920800,0.7696611078460938
920801,0.901438988948435
920802,0.9669414354988229
920803,0.8082504093827382
920804,0.995899355608263
920805,0.9993140636953961
920806,0.45565216388906293
920807,0.03989949793975139
920808,0.6181074438490232
920809,0.95611040336925
920810,0.8748771521467508
920811,0.13304605014302523
920812,0.9971979246237253
920813,0.9580112576225166
920814,0.9624008721276012
920815,0.999486243748998
920816,0.9999511363722625
920817,0.9993568152741608
920818,0.10087876463034695
920819,0.5609684739691055
920820,0.9493588323265983
920821,0.4799933642440265
920822,0.9988742325056701
920823,0.995904569774297
920824,0.9999522387141201
920825,0.9962437717034703
920826,0.04574886599458047
920827,0.6834706685664569
920828,0.23527841388698223
920829,0.9784328932129206
920830,0.051772489649253406
920831,0.06885363710134745
920832,0.9945929218695453
920833,0.873353561786113
920834,0.8696388483272515
920835,0.7374548623981674
920836,0.44560952296898176
920837,0.5615087763510574
920838,0.5947078622523789
920839,0.9999170888097249
920840,0.4237384212128316
920841,0.06808065465573762
920842,0.35528711827605314
920843,0.9856769083445027
920844,0.11315899994927435
920845,0.934191402403415
920846,0.9947853066002503
920847,0.9998864728073609
920848,0.7551239814840098
920849,0.9999923484023573
920850,0.9110609744182617
920851,0.9770477351865328
920852,0.6451684003605989
920853,0.21976083718157638
920854,0.9994660966206232
920855,0.9962904886745098
920856,0.04676796020294393
920857,0.1027664990233782
920858,0.23326913609347477
920859,0.8306525826707769
920860,0.9886605033650483
920861,0.06298021532553162
920862,0.013278715670061968
920863,0.03697425101566816
920864,0.9980727663210855
920865,0.9996360804516644
920866,0.0354066955406441
920867,0.9985939407773452
920868,0.9174130485876233
920869,0.4154398126691992
920870,0.9494756413821288
920871,0.20176355157835135
920872,0.9939252391620046
920873,0.9486446467672272
920874,0.9998791342466771
920875,0.9991138166013545
920876,0.8597768921775908
920877,0.9748740425497235
920878,0.9664259455094499
920879,0.9730732205314756
920880,0.9999895069441553
920881,0.9997057621142273
920882,0.17625586383231123
920883,0.7232096199152014
920884,0.8425278744227601
920885,0.995129491176013
920886,0.07195116573963722
920887,0.017046412948172142
920888,0.9984371030782828
920889,0.9980034931730868
920890,0.8600986386577406
920891,0.9995845520009241
920892,0.9005653108434597
920893,0.6320268350628634
920894,0.9804956845267726
920895,0.9979372924660963
920896,0.9111789554775129
920897,0.9814918238504179
920898,0.9652980322770368
920899,0.9977238351789567
920900,0.983356459669571
920901,0.9996078390987194
920902,0.8204063987365573
920903,0.9960515246475349
920904,0.2578438204381455
920905,0.0433475808090049
920906,0.9986246866509259
920907,0.99993425260524
920908,0.1275786422723088
920909,0.9986198263129001
920910,0.9989561611901532
920911,0.016867350091361054
920912,0.7053436692132778
920913,0.520383941890777
920914,0.9948723367881533
920915,0.3038830775583225
920916,0.06302718730884463
920917,0.9712949253769639
920918,0.09519996457962505
920919,0.9944045604910435
920920,0.9998059322231444
920921,0.8503885107707344
920922,0.9965907811417964
920923,0.9998966170773543
920924,0.885669137595796
920925,0.999478582761534
920926,0.9996198247036204
920927,0.9993804178603233
920928,0.2940914029417314
920929,0.1925097443024017
920930,0.051535396776232825
920931,0.9780139274273699
920932,0.612725585376586
920933,0.9416872145207449
920934,0.03816019696652203
920935,0.9999258521180123
920936,0.9999741861435776
920937,0.39891647860141244
920938,0.28548553765151735
920939,0.8962980679377974
920940,0.9864526402139701
920941,0.9999063065573438
920942,0.8829967560686964
920943,0.92510101138528
920944,0.856979499255632
920945,0.019629642005895773
920946,0.8530245259388323
920947,0.34495509049966533
920948,0.9983231399687625
920949,0.2448897905704653
920950,0.10197691615456662
920951,0.9999898121249222
920952,0.45434955062650884
920953,0.9999812857481698
920954,0.062911027113652
920955,0.031595794706453226
920956,0.5451932033301454
920957,0.9874212251551785
920958,0.9994943402668918
920959,0.24046982540542453
920960,0.9938532654834749
920961,0.36601005587637725
920962,0.9998384621988892
920963,0.9951800362061032
920964,0.2855544744444979
920965,0.138498246421047
920966,0.598395283819408
920967,0.9699745131089514
920968,0.9660176163549554
920969,0.3137200795370091
920970,0.04599738269883356
920971,0.21275086415767083
920972,0.9998932336525606
920973,0.32796388235969837
920974,0.9188313133203962
920975,0.9916719878064266
920976,0.3149603265588353
920977,0.04915498228272881
920978,0.9997873060025613
920979,0.9050042223337824
920980,0.3490853019068946
920981,0.7555297725508482
920982,0.7736873658093012
920983,0.9997840997532946
920984,0.8921359857851466
920985,0.6600064515701805
920986,0.9998129862951033
920987,0.3887112246358678
920988,0.9600518957305433
920989,0.4098785024539702
920990,0.11806269665377933
920991,0.7555284801896929
920992,0.998956070496518
920993,0.9624599599753962
920994,0.9859399343662889
920995,0.9996314527903631
920996,0.9986214439908528
920997,0.9939010525193775
920998,0.9986208267896963
920999,0.43933874646777704
921000,0.7538985841376971
921001,0.9999720615543342
921002,0.9995698314087156
921003,0.011225813915312419
921004,0.9995913191330897
921005,0.011047271162567677
921006,0.9996343834241579
921007,0.015456671033064005
921008,0.5253368033505181
921009,0.999980373093571
921010,0.9934156380825776
921011,0.9996340820540004
921012,0.998436310188688
921013,0.9988686305029832
921014,0.9994929098490007
921015,0.0198308507443493
921016,0.9998471103510465
921017,0.005759581273800588
921018,0.720801588721074
921019,0.59482615623951
921020,0.0018235894260826525
921021,0.9901637093815292
921022,0.9850862587707139
921023,0.9994801759423777
921024,0.9929167847305419
921025,0.2372994001848649
921026,0.9996710161401106
921027,0.99887537443532
921028,0.9999714414741406
921029,0.006742013018573799
921030,0.996492164786837
921031,0.9978659533927946
921032,0.9359972516328278
921033,0.9909764575587867
921034,0.511949453577628
921035,0.04748889478000827
921036,0.9999872566064012
921037,0.8782585877079956
921038,0.8670036367937514
921039,0.9171341943734395
921040,0.11052271864936547
921041,0.8954984938718362
921042,0.9993829338143488
921043,0.9973827140258774
921044,0.031870862755204045
921045,0.9541721889069488
921046,0.9954030373859524
921047,0.9683210338287118
921048,0.9333468626078794
921049,0.025433036248631604
921050,0.9648985021897558
921051,0.2692212037933428
921052,0.9802125867778158
921053,0.2638056217178314
921054,0.9972831053762046
921055,0.9965200711525064
921056,0.5706038154069819
921057,0.0963691103125891
921058,0.1942975086081226
921059,0.45971879154676887
921060,0.7858419921852938
921061,0.3386394048509508
921062,0.9997525948862368
921063,0.9996563224520316
921064,0.9964852841558687
921065,0.9947632645306455
921066,0.4343121396219062
921067,0.9991469268857478
921068,0.6541090914846835
921069,0.9978376522295951
921070,0.7035926192348627
921071,0.6329402447641737
921072,0.9999105493422279
921073,0.9910732948760124
921074,0.29435566113671574
921075,0.9995592481221969
921076,0.9990290540341329
921077,0.9998925574036945
921078,0.9702378070600359
921079,0.0713002141176622
921080,0.99893034673571
921081,0.9980510935677868
921082,0.5289301342470835
921083,0.7728504177626347
921084,0.9997141211478697
921085,0.9996078079812274
921086,0.48852845724965854
921087,0.9194919191136375
921088,0.01194147323090345
921089,0.9715456774673807
921090,0.9998031968222172
921091,0.6885044638510898
921092,0.9998484202454068
921093,0.013502011488007127
921094,0.3721710270589009
921095,0.8661361782200532
921096,0.739944150057282
921097,0.9997999169773915
921098,0.9998353361881578
921099,0.018705007080276035
921100,0.9998670151503809
921101,0.0034478720212425084
921102,0.9760352830915124
921103,0.9592241778899225
921104,0.41993129417776276
921105,0.9966973559918957
921106,0.4692145666111165
921107,0.9965019280370402
921108,0.9774038620698662
921109,0.9997688751120462
921110,0.9998777309716776
921111,0.45415064474279243
921112,0.9845539328715418
921113,0.9801999607581757
921114,0.9818769671807457
921115,0.9990519265954574
921116,0.09966413550156478
921117,0.985870089219893
921118,0.9996623713101672
921119,0.976971136291223
921120,0.04120200799525049
921121,0.09426708704971198
921122,0.8454643628349807
921123,0.9370437402360696
921124,0.8753234236124594
921125,0.999619428473904
921126,0.9926546609923275
921127,0.2294191608731551
921128,0.025259504419882138
921129,0.9415296587423269
921130,0.9997401036916138
921131,0.9273447129196075
921132,0.9978965984501276
921133,0.7007690500348339
921134,0.0515556443834632
921135,0.9989519964844171
921136,0.005292986557988869
921137,0.7398235835515655
921138,0.9999543592630538
921139,0.9294669839400178
921140,0.9999041956758894
921141,0.011013799014242646
921142,0.9994453359551494
921143,0.982652582592549
921144,0.5874817957524358
921145,0.9463611426618798
921146,0.9369311563594662
921147,0.2503374338988721
921148,0.5045695540792365
921149,0.28039995717163274
921150,0.09255143440125921
921151,0.13915549530038235
921152,0.9561562016883364
921153,0.9993600110748349
921154,0.9923152864471754
921155,0.998484167646366
921156,0.9984799595065602
921157,0.9941709629699547
921158,0.9969304206004784
921159,0.08343915277144913
921160,0.0077308185563304665
921161,0.9712651036508912
921162,0.869167498622917
921163,0.9842713797593148
921164,0.8576432763501265
921165,0.9997555384136778
921166,0.8527509749104332
921167,0.9760221173285961
921168,0.9994340943053228
921169,0.9259386369803444
921170,0.9339262498285754
921171,0.9614674698205196
921172,0.33044762294684243
921173,0.3667782428698766
921174,0.5703696204518016
921175,0.40575154622206205
921176,0.9998540905413055
921177,0.9972653884663243
921178,0.8132624451139971
921179,0.004882580738634171
921180,0.9966505862903483
921181,0.9027730934240792
921182,0.9997213658783826
921183,0.4653020033131971
921184,0.30835531518283
921185,0.9997660452325313
921186,0.03239234349672595
921187,0.9998718857033456
921188,0.9997763661820267
921189,0.4650580714487589
921190,0.9981621554039493
921191,0.9842855501247425
921192,0.5190666700901998
921193,0.9570745806582364
921194,0.999843267151094
921195,0.42159335138608195
921196,0.9408640888970858
921197,0.37351328349932067
921198,0.9999922189033517
921199,0.593795312434421
921200,0.9759477339270299
921201,0.1999428210842502
921202,0.7656263484390302
921203,0.2850618511085631
921204,0.9201581800545967
921205,0.3838570428029807
921206,0.25327766718869593
921207,0.8693104805527847
921208,0.9858865887640147
921209,0.028563133761786895
921210,0.583617315647821
921211,0.9998894286185831
921212,0.5304021903813078
921213,0.9971422703328467
921214,0.9997299772738206
921215,0.9995847486316911
921216,0.9822017084830084
921217,0.9029036854787182
921218,0.6819196402360657
921219,0.7992570990267425
921220,0.8176362289088509
921221,0.9971922868278509
921222,0.7865153779679855
921223,0.9996537634687471
921224,0.6526525834298176
921225,0.9993335366036362
921226,0.9776007961758865
921227,0.9999492099635867
921228,0.999970842336586
921229,0.6579428633139808
921230,0.26738837914150304
921231,0.822970329107515
921232,0.999674246894589
921233,0.13781403589625837
921234,0.6671089338244139
921235,0.9999338153596018
921236,0.999645552891948
921237,0.4400049032395126
921238,0.9999413684696483
921239,0.999910448161812
921240,0.9999652336291136
921241,0.43258111946994904
921242,0.9994949699840368
921243,0.141400641133916
921244,0.9806017511934446
921245,0.9982177120619682
921246,0.02476295351797452
921247,0.8882784997372888
921248,0.8642648637731483
921249,0.07759288178421102
921250,0.9996783425781012
921251,0.8421893923128387
921252,0.9546771243600654
921253,0.9465162968909913
921254,0.9615319412513935
921255,0.008827747911893665
921256,0.9995860926872799
921257,0.9954440597563925
921258,0.9999873492364574
921259,0.9986819742154597
921260,0.6889442584240328
921261,0.5507685761005029
921262,0.9268699567011447
921263,0.8285412939872243
921264,0.9990261823177338
921265,0.8252534476030606
921266,0.9999379174531604
921267,0.12059492805303468
921268,0.27453606081260845
921269,0.8117960428903854
921270,0.9998806964291533
921271,0.9999676681058343
921272,0.07993900636341383
921273,0.9981126223435786
921274,0.24040909249506603
921275,0.7954452393828975
921276,0.10029145382331837
921277,0.9997043301253797
921278,0.5347981714687138
921279,0.05288238001752056
921280,0.0138480004341146
921281,0.22554532256066023
921282,0.8138237718257231
921283,0.9994991809580038
921284,0.0014559460369483889
921285,0.9995528307785304
921286,0.9995340148981091
921287,0.6494091996580111
921288,0.9981093962278746
921289,0.9953810411412076
921290,0.05182776168568905
921291,0.9997569354383422
921292,0.9996855169740058
921293,0.9437443190019998
921294,0.9997433703751233
921295,0.9952565485779516
921296,0.08490530427662739
921297,0.9925567623260927
921298,0.9998983031540905
921299,0.99997832036565
921300,0.12654954016300107
921301,0.01927759793465338
921302,0.5158670400724706
921303,0.3158300597422141
921304,0.014962310517674954
921305,0.9998956957414963
921306,0.4013752998824891
921307,0.999250474543813
921308,0.9988768598075792
921309,0.9896359579958289
921310,0.20824367683674577
921311,0.5209286801826444
921312,0.3346199086963457
921313,0.7772462033144216
921314,0.9088448615302664
921315,0.9998095372664246
921316,0.9355791180242198
921317,0.21325637659909324
921318,0.18360029970547415
921319,0.9686737644072367
921320,0.9999306538347439
921321,0.33196935336215794
921322,0.4994349603652626
921323,0.8426888831574643
921324,0.19211882811749237
921325,0.03954772453719133
921326,0.8289299942355451
921327,0.4967840834510644
921328,0.7273654463114281
921329,0.5126034592657048
921330,0.9999332979157698
921331,0.9881916786873953
921332,0.5732092816785419
921333,0.9998364745633751
921334,0.9323419174930119
921335,0.999978509855604
921336,0.2565570129167951
921337,0.9994182667970722
921338,0.4273936258811679
921339,0.9961127828328178
921340,0.013028306381563343
921341,0.9990097432531508
921342,0.989315629068257
921343,0.5615821473193991
921344,0.16847116569275206
921345,0.9998525050578784
921346,0.32200631035075067
921347,0.568844445391414
921348,0.8696069069472538
921349,0.6875438791496526
921350,0.584121052170868
921351,0.9962320092061872
921352,0.9995077696459949
921353,0.9998603095987308
921354,0.25094006755236453
921355,0.982719688158119
921356,0.6975544782690897
921357,0.03983208623339378
921358,0.9967440745793735
921359,0.9996416747348935
921360,0.9975226444622216
921361,0.643159484839962
921362,0.9530063350074778
921363,0.028310295342834378
921364,0.9999529713611262
921365,0.9997820276088942
921366,0.9805664430800158
921367,0.7722482432936527
921368,0.4352484161117284
921369,0.9997831680004036
921370,0.4711156225085781
921371,0.8110839098541031
921372,0.47522215860666034
921373,0.9322543381892386
921374,0.41209326082697645
921375,0.9995347211033675
921376,0.9987601570086115
921377,0.31181539888029974
921378,0.9796998883925494
921379,0.8461798913314971
921380,0.9995430642707328
921381,0.12740839703306292
921382,0.9954107488899714
921383,0.995410143779957
921384,0.9999006262192218
921385,0.9998281468315482
921386,0.5682715719606523
921387,0.7013516101507984
921388,0.974696331212401
921389,0.9503806282161879
921390,0.9650098113043861
921391,0.9997842036809512
921392,0.9999404880213099
921393,0.9997279961030986
921394,0.8638059370856904
921395,0.4760118526697541
921396,0.9995960792070804
921397,0.9371469777187948
921398,0.6351128225769664
921399,0.9913383327981357
921400,0.9009026299366704
921401,0.9782631990460342
921402,0.30075111136575783
921403,0.9999263016755036
921404,0.10001248614179557
921405,0.42051900985938123
921406,0.9989884704982996
921407,0.9999672933827953
921408,0.31151150103180836
921409,0.9943518953353518
921410,0.15476876470341167
921411,0.2935659397004411
921412,0.9576428014650561
921413,0.5354895372187406
921414,0.253135281538795
921415,0.7722759303017338
921416,0.8849094810991284
921417,0.5571458266991972
921418,0.1062215413555544
921419,0.3866126335955475
921420,0.998061874044109
921421,0.783811469692384
921422,0.8126971792103419
921423,0.01661381754475695
921424,0.24437030894172562
921425,0.22952026680965765
921426,0.9746114757632656
921427,0.931280180003222
921428,0.2693543649732044
921429,0.72111133720487
921430,0.215750333996136
921431,0.4420250813266348
921432,0.9935946823474865
921433,0.7077617345488573
921434,0.6451820455744263
921435,0.7903245973956083
921436,0.9804917994333815
921437,0.9060991635154663
921438,0.9960799618109308
921439,0.9308203907911591
921440,0.2606238443632218
921441,0.9058624531952053
921442,0.27826200630133935
921443,0.9912747462064435
921444,0.1511551526255572
921445,0.9998679593993001
921446,0.9998334936192315
921447,0.9966061646791121
921448,0.9999795884118238
921449,0.5478181358740057
921450,0.9996408894241005
921451,0.9999237705838715
921452,0.9532005765658167
921453,0.9325014072496463
921454,0.2478135845836875
921455,0.8581058710013683
921456,0.5572909920435929
921457,0.7050368519544818
921458,0.9857875829949305
921459,0.9993501282491861
921460,0.9954223870846388
921461,0.9996903956392225
921462,0.9995602384243651
921463,0.9995074701598259
921464,0.6667773059319335
921465,0.23502736556113102
921466,0.9959687757185431
921467,0.03071160774606434
921468,0.40558751117373903
921469,0.9898919186162745
921470,0.9995712479058976
921471,0.999441192328314
921472,0.9656557396812516
921473,0.9974978514332411
921474,0.9795923520048753
921475,0.14133737942209107
921476,0.364593005724161
921477,0.9223072583325316
921478,0.4008398231018183
921479,0.9999707995016517
921480,0.7971568341575825
921481,0.20189203994372096
921482,0.020701580586847845
921483,0.2639025611549684
921484,0.9693175628145929
921485,0.5064906588504544
921486,0.795535754902803
921487,0.03301334157507722
921488,0.9994105490021417
921489,0.394123486467836
921490,0.6668471674974219
921491,0.8125738770387871
921492,0.9912324114307771
921493,0.9996340544890163
921494,0.0535063540272135
921495,0.4094684981503442
921496,0.9963871094002594
921497,0.9993911524333112
921498,0.4136973351798488
921499,0.9998510484668193
921500,0.999656237860252
921501,0.9942382580876039
921502,0.9957366816445352
921503,0.33803071461879386
921504,0.13924497787718804
921505,0.027145750023839954
921506,0.06310536488308663
921507,0.9982051628636844
921508,0.9982227054384271
921509,0.8769163915690295
921510,0.7423137722492112
921511,0.9958958932797786
921512,0.9997220063493459
921513,0.6063122524018296
921514,0.9959437017171764
921515,0.3847928965830417
921516,0.7866717022124836
921517,0.7148409213937292
921518,0.9986915906128163
921519,0.8549762098558034
921520,0.004310969970307132
921521,0.9641753185814235
921522,0.9999300997732639
921523,0.9999433831440174
921524,0.9999382760342092
921525,0.01579258765127835
921526,0.8062298838466797
921527,0.856389283889895
921528,0.9994203925437668
921529,0.9874603589409291
921530,0.998232194877542
921531,0.9978734419616608
921532,0.2309390728155254
921533,0.6223906728524543
921534,0.9974203331723401
921535,0.9772472777492565
921536,0.04179951089889516
921537,0.04193214123917328
921538,0.869509637987611
921539,0.9984058898096454
921540,0.7351854736906848
921541,0.976996451919721
921542,0.0812521295996832
921543,0.019293661851992307
921544,0.5793500319143959
921545,0.007985168368069416
921546,0.7540129390132803
921547,0.0025661154090909286
921548,0.6789606728880355
921549,0.9768701320949622
921550,0.7666026234127721
921551,0.02214210523297193
921552,0.027493629536047594
921553,0.9615233098422692
921554,0.2758003931806696
921555,0.6028783469408152
921556,0.7991414583958176
921557,0.9996490807686007
921558,0.267282953898021
921559,0.0930176402928383
921560,0.7928967834312908
921561,0.4595501818661233
921562,0.21260724560894723
921563,0.8590674970027656
921564,0.7573762380134941
921565,0.9848584477534084
921566,0.9969385463561977
921567,0.054990110439941425
921568,0.48206703501497733
921569,0.9999630735322222
921570,0.936291653545604
921571,0.9825427229463701
921572,0.5151294042336024
921573,0.35097119818172084
921574,0.9945180467453538
921575,0.28753613800455424
921576,0.9996785623201909
921577,0.6212176427168342
921578,0.9956814406144936
921579,0.10889490109050906
921580,0.999975552562017
921581,0.9917485669013684
921582,0.9121445449517959
921583,0.40637878694471263
921584,0.9991225509540993
921585,0.9981282488331122
921586,0.9299889084722593
921587,0.018904572043546394
921588,0.9994785701980735
921589,0.9521880968092075
921590,0.8574178584424244
921591,0.9999066206917506
921592,0.0728573366602847
921593,0.9749975647191262
921594,0.9997520620861461
921595,0.9944960932069307
921596,0.9988106666549692
921597,0.5354165679770304
921598,0.03723247209558809
921599,0.9949369066589353
921600,0.8751259763446787
921601,0.6498368758281726
921602,0.045986688009840127
921603,0.9994606099593808
921604,0.9447518269252073
921605,0.15910127324666323
921606,0.9999568278152264
921607,0.35371338840945793
921608,0.9977612735696064
921609,0.9072257504042791
921610,0.30892135168381324
921611,0.2621458360378324
921612,0.3228596570543961
921613,0.6349843054797653
921614,0.9957586499128698
921615,0.9960861333665331
921616,0.9999878888617953
921617,0.9997352002709146
921618,0.0955608717306102
921619,0.02391656942901614
921620,0.3967916701425248
921621,0.48427119361950355
921622,0.5150012493498642
921623,0.9995711082664709
921624,0.9996012802363329
921625,0.8259546407145437
921626,0.5122589507229336
921627,0.47238280217100703
921628,0.9994893153719717
921629,0.9998775686676218
921630,0.19450961378110604
921631,0.4851577690276839
921632,0.9783095357184107
921633,0.006477369181684763
921634,0.9972747543660543
921635,0.9881364738786064
921636,0.9646048793728057
921637,0.16156516008617947
921638,0.9960988127767207
921639,0.8281059841107701
921640,0.7044233488368041
921641,0.578040335448275
921642,0.9999715535906138
921643,0.9889300457311695
921644,0.9999374370661351
921645,0.9777808072458385
921646,0.9487642880935121
921647,0.1877716164894121
921648,0.38168758702293637
921649,0.997770478885492
921650,0.7654480263641898
921651,0.9993677503034771
921652,0.9661623419678408
921653,0.20953072758315094
921654,0.41310888648800725
921655,0.9838571944728174
921656,0.9405442802760051
921657,0.8498257349174754
921658,0.9990170607052696
921659,0.8044585577708459
921660,0.9953951601269607
921661,0.9945199619234035
921662,0.9943455148718654
921663,0.9964656436554863
921664,0.24614917752171367
921665,0.9999914969908297
921666,0.5162784908422985
921667,0.9997798721726698
921668,0.7880506148923032
921669,0.9999625281616313
921670,0.031354533841319865
921671,0.9955499089079152
921672,0.998993447485679
921673,0.9999235512940732
921674,0.14128003676157724
921675,0.08530735128654729
921676,0.33476197958171294
921677,0.19091514027815576
921678,0.9181160478947422
921679,0.33386167328675
921680,0.5463635715683206
921681,0.4871637493594178
921682,0.9996853117868785
921683,0.9994156343799195
921684,0.9998965553943724
921685,0.05106215683906483
921686,0.005703831733717336
921687,0.9997584407289507
921688,0.9684465289332509
921689,0.9388694903988428
921690,0.9995329562991893
921691,0.9956686910064846
921692,0.997190945609558
921693,0.9832574631123722
921694,0.9802956882053255
921695,0.6361308301035546
921696,0.6553112200619948
921697,0.9999442825641753
921698,0.882005620286247
921699,0.9994779464842025
921700,0.9920467063264599
921701,0.9984371185587799
921702,0.9995640254370577
921703,0.1825655029620861
921704,0.049738313905620044
921705,0.15305335212374752
921706,0.7088685080154109
921707,0.9404715324195666
921708,0.5407679394735209
921709,0.8005695406370265
921710,0.8201786066532588
921711,0.10537761499659148
921712,0.9999813639596487
921713,0.9745214529102662
921714,0.9987829975739835
921715,0.9979227792527408
921716,0.9999293047148982
921717,0.08252008987338232
921718,0.999931586061193
921719,0.817167815164104
921720,0.9896032184289316
921721,0.9999569548238219
921722,0.6614523851011784
921723,0.9766878956678586
921724,0.9993217709879297
921725,0.998228710704218
921726,0.9994418270995516
921727,0.9998186701891261
921728,0.47430727420385604
921729,0.9654840351900614
921730,0.08949315008020131
921731,0.3493252259897025
921732,0.9986227951834888
921733,0.9863260131441853
921734,0.03419705743009934
921735,0.08339968226026426
921736,0.999943686659632
921737,0.9962898916791741
921738,0.0795513867174875
921739,0.9961463225253895
921740,0.29842576850881825
921741,0.9914773911154624
921742,0.9998409035534022
921743,0.7842393936900423
921744,0.005115244444552053
921745,0.2980321713068829
921746,0.9994250118395893
921747,0.9998389354138273
921748,0.9932624485453512
921749,0.9293535598258735
921750,0.9728278608507432
921751,0.9999004109685126
921752,0.8522620280253879
921753,0.9998992818300592
921754,0.6820206406166713
921755,0.2461959838349192
921756,0.9999211057837486
921757,0.9996698674662873
921758,0.9998336385307686
921759,0.9890813621745399
921760,0.9261645218018248
921761,0.9995987419331609
921762,0.9997206453387577
921763,0.9988347210950616
921764,0.9349411122813869
921765,0.999249970510387
921766,0.9974700797383504
921767,0.989059548298806
921768,0.9999913081817711
921769,0.9987572221500127
921770,0.9973043255287068
921771,0.6026045416430724
921772,0.999787556380564
921773,0.9980699524440378
921774,0.8048197515484674
921775,0.3415310304472885
921776,0.036873358274738845
921777,0.12240796821807604
921778,0.7246277627339162
921779,0.9221361215925461
921780,0.43792328835763694
921781,0.44383602720602167
921782,0.9998116778826877
921783,0.9972814747253289
921784,0.996960755258197
921785,0.3228133380797744
921786,0.5067002409810368
921787,0.19760126000224337
921788,0.26926746594198786
921789,0.6495551319749833
921790,0.8638875973327205
921791,0.12558125873845066
921792,0.44190355410409454
921793,0.08808256867545648
921794,0.18860433764044676
921795,0.9988875921943563
921796,0.999408259314629
921797,0.9994679863111957
921798,0.9999612560982141
921799,0.58965291504642
921800,0.7344921283814091
921801,0.2673804540541984
921802,0.03382360209747361
921803,0.9997163811672769
921804,0.9896608412731018
921805,0.25745425650012543
921806,0.9981037749455172
921807,0.9998057342539639
921808,0.9975761751915109
921809,0.9992065336157133
921810,0.9651565737331161
921811,0.928589472550875
921812,0.021035404936806005
921813,0.9997705854505456
921814,0.07936799525459323
921815,0.7947755138946794
921816,0.9982580536493167
921817,0.6364449553600265
921818,0.9992831257084336
921819,0.9746186238566324
921820,0.9999361435230902
921821,0.9987679853732595
921822,0.5271404784825184
921823,0.9999430846937312
921824,0.999975482438265
921825,0.9999458419831313
921826,0.9735440261900774
921827,0.9996442850591472
921828,0.20524400573670243
921829,0.006340344933123657
921830,0.7111261296648731
921831,0.9999923834792159
921832,0.985129316465779
921833,0.016331061144210707
921834,0.27993894510617623
921835,0.9855947175703592
921836,0.2874685370719393
921837,0.021095204156429945
921838,0.1113698229558932
921839,0.9998190903569377
921840,0.8278067215310834
921841,0.8336849983059188
921842,0.7122236680542945
921843,0.046452073608600715
921844,0.9136846685574844
921845,0.9820242094381023
921846,0.9990091932025061
921847,0.3030412455411484
921848,0.9032799571715999
921849,0.9805510165958196
921850,0.9989152798405467
921851,0.014403933299478026
921852,0.9999790992835729
921853,0.04117423435214117
921854,0.999458964058497
921855,0.008589198303843804
921856,0.2411281638744791
921857,0.5498957845496
921858,0.998060685563955
921859,0.9937234176165775
921860,0.8054988386157932
921861,0.9985324957442419
921862,0.9905264624769332
921863,0.002715015640306054
921864,0.026978698735985275
921865,0.005845977581865096
921866,0.9055632161262035
921867,0.13127136805952497
921868,0.44969005316832167
921869,0.06862750380736107
921870,0.9641091333937659
921871,0.12765261082740317
921872,0.6225072905317035
921873,0.9498120748232763
921874,0.8723956698356508
921875,0.9976110757509068
921876,0.845846055385015
921877,0.9994871777408398
921878,0.04542579774214517
921879,0.9976459278156056
921880,0.4097495331610287
921881,0.9862688454553459
921882,0.437941114779103
921883,0.8406580999352697
921884,0.6029764494084321
921885,0.9647655793995504
921886,0.2049767078573036
921887,0.9999824685761933
921888,0.9999335638579223
921889,0.8304853455686939
921890,0.2703977231405801
921891,0.9983321339446917
921892,0.9991218475388537
921893,0.7059403574339636
921894,0.0033373088975035296
921895,0.05887665470545975
921896,0.9998738611464075
921897,0.9107447511615909
921898,0.9170391256318666
921899,0.929674879635421
921900,0.37904573398727404
921901,0.8747414120526279
921902,0.5031066632896324
921903,0.9995772535124738
921904,0.2221115096157948
921905,0.5918764168459913
921906,0.9999182067728366
921907,0.9943973739346978
921908,0.04138743469371399
921909,0.9990569247628043
921910,0.9169052983038422
921911,0.9994315341772777
921912,0.032477677562180896
921913,0.9999661101911224
921914,0.7577683407544866
921915,0.008807003091917908
921916,0.1410591089277182
921917,0.2652099020964891
921918,0.07645174557645665
921919,0.9271995640544042
921920,0.9870243776626024
921921,0.025832295626916885
921922,0.9990218054152252
921923,0.5973082885231625
921924,0.9999614555591072
921925,0.9984475860605325
921926,0.9988499636516666
921927,0.6569448975625611
921928,0.9997013623860174
921929,0.9486982080244998
921930,0.9772316127498516
921931,0.052180406447875013
921932,0.9462105343179383
921933,0.8558861885941628
921934,0.7407421233911113
921935,0.967574127706944
921936,0.9999008248996089
921937,0.9997292124313221
921938,0.1407812311995714
921939,0.9984209772248462
921940,0.09930703680009714
921941,0.021803751075545254
921942,0.16549637100082618
921943,0.9992937806125956
921944,0.7420047952155822
921945,0.17724797246235513
921946,0.9997442872100091
921947,0.9947776453864569
921948,0.9859555588590749
921949,0.09176965221578368
921950,0.8468719534524659
921951,0.6706175710630317
921952,0.996394736610697
921953,0.06490641143654369
921954,0.08410823140471319
921955,0.08365299010315004
921956,0.9729220454172774
921957,0.8644362335098368
921958,0.09057609962908653
921959,0.9998984004103755
921960,0.9926087153760086
921961,0.06336112702796937
921962,0.9948115598865808
921963,0.01634894049222708
921964,0.060978155820884915
921965,0.019548438430679216
921966,0.9998527844317503
921967,0.8400046499193592
921968,0.6332522130675797
921969,0.0008588804030247166
921970,0.07388751515775907
921971,0.6542727207549678
921972,0.7343150829844596
921973,0.7773883402222177
921974,0.9997155850647773
921975,0.8965331302840371
921976,0.999385596598013
921977,0.9996610333129894
921978,0.9995601139270088
921979,0.962045987340361
921980,0.9956688705437515
921981,0.6488730546341421
921982,0.5563893453235517
921983,0.9998121752837088
921984,0.9971789834179507
921985,0.943074196810233
921986,0.20494159296417494
921987,0.9998080427796181
921988,0.734290503176927
921989,0.9997225557709155
921990,0.006374245217845006
921991,0.9994519957651322
921992,0.9999300091157881
921993,0.9083576870199339
921994,0.9937040817259383
921995,0.88386068334952
921996,0.9523209359771423
921997,0.9405810230212435
921998,0.7951245766782348
921999,0.8977810030753675
922000,0.9115230788233379
922001,0.9997656469692054
922002,0.37332716998179793
922003,0.20359376108685634
922004,0.982223138117803
922005,0.7947025698545487
922006,0.6842407506508721
922007,0.3144851490952495
922008,0.9803811236957966
922009,0.9173534789350859
922010,0.9928881474298963
922011,0.8485723112964344
922012,0.3334759185041154
922013,0.029630313440867438
922014,0.9997759339865846
922015,0.0955180772439318
922016,0.996443929329621
922017,0.9942694236782531
922018,0.05254484663023153
922019,0.9490741671475619
922020,0.8148944642440512
922021,0.9982300534654044
922022,0.012290537849536909
922023,0.21004565453617374
922024,0.997856303908939
922025,0.9997926528061827
922026,0.998320953018021
922027,0.32631428305533394
922028,0.012640592308221432
922029,0.6761747361835329
922030,0.652772268539044
922031,0.9878780743689113
922032,0.26623443175997996
922033,0.9866838451687655
922034,0.999994969367783
922035,0.6967617417910903
922036,0.9893671656921763
922037,0.30270553568015196
922038,0.24286154509841984
922039,0.998248580773715
922040,0.8378155635630258
922041,0.5790402397123513
922042,0.9877425242041752
922043,0.1305758672890071
922044,0.8496783883638679
922045,0.993519961845066
922046,0.9376321940868257
922047,0.13740523710779687
922048,0.9995221085648753
922049,0.014087458823301497
922050,0.9948513461349862
922051,0.9992041429396822
922052,0.9998938428875277
922053,0.9941833759310411
922054,0.2969352940083083
922055,0.9996126023568876
922056,0.055538828503318
922057,0.9995043619040997
922058,0.9953059730826068
922059,0.9974461477642915
922060,0.9980833859472658
922061,0.9953288324144034
922062,0.9837907652405793
922063,0.9826777847511246
922064,0.9993735356987338
922065,0.6183677600137152
922066,0.11463140920899781
922067,0.9673293408746764
922068,0.49767612815504686
922069,0.9621733819123308
922070,0.9844414801955672
922071,0.3728627243015309
922072,0.9963831551750483
922073,0.9991336589996509
922074,0.021896072830551477
922075,0.151584419779335
922076,0.3445304831478007
922077,0.17981644739943037
922078,0.9993447659234815
922079,0.9466001064513305
922080,0.9996472225551345
922081,0.9611654991776062
922082,0.9996218668599351
922083,0.9969209734110477
922084,0.9926098749585011
922085,0.9983579613913108
922086,0.9999066588330685
922087,0.998061505255491
922088,0.03926999982890992
922089,0.9514254234308708
922090,0.9993523462377711
922091,0.03772048761963669
922092,0.031271182456757626
922093,0.9936443537599832
922094,0.06480110796294022
922095,0.1747009499416016
922096,0.9999012880678414
922097,0.9997492970758314
922098,0.9896805323831191
922099,0.03593853356398105
922100,0.43955580709757025
922101,0.30920549163224686
922102,0.9999462197162043
922103,0.9999051423607763
922104,0.7651660309427604
922105,0.9954263651773132
922106,0.9749385190011849
922107,0.13184038391621977
922108,0.0611433676356128
922109,0.6782453357937424
922110,0.9998550575856588
922111,0.999913938433338
922112,0.9996690415561348
922113,0.011329944659683174
922114,0.7350030708506577
922115,0.9978509021091301
922116,0.9998073881960886
922117,0.8733184184308044
922118,0.9996408880148753
922119,0.026334998579374977
922120,0.9870499144386736
922121,0.999520831609865
922122,0.9991064103877492
922123,0.0027058527051405977
922124,0.7369787473514353
922125,0.9896734096898085
922126,0.9672717498049119
922127,0.9837495218303668
922128,0.14593115883710622
922129,0.9999665743396394
922130,0.9756629106110134
922131,0.9999867197205903
922132,0.999976909438436
922133,0.8204614334041234
922134,0.9995784799669223
922135,0.8705050198737249
922136,0.8904107350029428
922137,0.26980078189894674
922138,0.9999836193256337
922139,0.9732971593093035
922140,0.9987425221185602
922141,0.9894930629576182
922142,0.9992847445858268
922143,0.2760373750583729
922144,0.9996130753588116
922145,0.6100336200780112
922146,0.9571790534276401
922147,0.9946496104337361
922148,0.9999625054638481
922149,0.9999895335676269
922150,0.9958236996863903
922151,0.005616658214889147
922152,0.9499234177324067
922153,0.8627409167566958
922154,0.42246237125659347
922155,0.7491334803701017
922156,0.6639898654608718
922157,0.15819866969917415
922158,0.9999588372141965
922159,0.7108488709996725
922160,0.3215303541662073
922161,0.2739666885383629
922162,0.9854328759974635
922163,0.04215166883395284
922164,0.05687683253445669
922165,0.029026711241264554
922166,0.9996748275417875
922167,0.3900795116287882
922168,0.843553092123571
922169,0.9467146902111431
922170,0.9979419488970982
922171,0.6099703063815016
922172,0.39912300451001737
922173,0.025157476994426678
922174,0.987815342558158
922175,0.7773694496143959
922176,0.9910991047435526
922177,0.9936019585870577
922178,0.9999193361560448
922179,0.9846837108693476
922180,0.9080224259184193
922181,0.972617621037776
922182,0.9705676797341305
922183,0.9997359753775082
922184,0.9989978669494317
922185,0.6812881392879118
922186,0.999895477027676
922187,0.6205379661549841
922188,0.9976567105683432
922189,0.9977672610636608
922190,0.5210382203513091
922191,0.999777284520734
922192,0.3018403027673027
922193,0.6082580680665725
922194,0.7967790510834485
922195,0.9998627224328467
922196,0.710916134965164
922197,0.9890946218730265
922198,0.49793673549771483
922199,0.5123715000819818
922200,0.9999676953774121
922201,0.07081386601561418
922202,0.5410327593617226
922203,0.9567372177754021
922204,0.3109295059353401
922205,0.9868029705930245
922206,0.014764023859691916
922207,0.45165425432232886
922208,0.09320329713874521
922209,0.6002331235009644
922210,0.999483258702801
922211,0.1967770337321617
922212,0.9927628864324298
922213,0.0996733897823496
922214,0.9752259431079072
922215,0.9190651686745311
922216,0.9998397101287126
922217,0.08300946475991433
922218,0.44841348587724983
922219,0.00894941984900607
922220,0.23458548475110386
922221,0.4965635598753828
922222,0.006484681148048829
922223,0.14261741851209606
922224,0.855397231723273
922225,0.9968535309729838
922226,0.04673409374074303
922227,0.9993872114139307
922228,0.9993146651230254
922229,0.25762405313019066
922230,0.08631151602863918
922231,0.9711584474633566
922232,0.9994928335690556
922233,0.9999564280984377
922234,0.9944888822382494
922235,0.9985095975428682
922236,0.9998950932814333
922237,0.9994793577649829
922238,0.48827373650456335
922239,0.7134382530296804
922240,0.3771233859157124
922241,0.10538406501752105
922242,0.892342079653587
922243,0.9991813534075717
922244,0.9951349253964215
922245,0.9055336122290543
922246,0.13908299795525786
922247,0.99996717417694
922248,0.7020318132104193
922249,0.9966769199468444
922250,0.9869593078283704
922251,0.652766806581053
922252,0.03874834509738574
922253,0.32464783864823776
922254,0.9988450046375694
922255,0.5433254446784604
922256,0.9987059085504251
922257,0.4283593955151671
922258,0.997295080346527
922259,0.14477516619387107
922260,0.9998438019942908
922261,0.9447274078553035
922262,0.9672045426070492
922263,0.7755411753519239
922264,0.39269271088578467
922265,0.9867959243315798
922266,0.7942319979983625
922267,0.9968498045269808
922268,0.282959926705189
922269,0.9429781536928721
922270,0.121217679880285
922271,0.03871532979298686
922272,0.9999834253635621
922273,0.9996568291066513
922274,0.996959310859221
922275,0.9999824695313599
922276,0.9698488581868236
922277,0.996425281759221
922278,0.9418802972118885
922279,0.9998576642432022
922280,0.9410542046952077
922281,0.514808393213241
922282,0.4635186710902693
922283,0.043209260625688514
922284,0.9500644484045477
922285,0.8002829130927559
922286,0.45924301101037535
922287,0.9997363673868429
922288,0.005088685220437114
922289,0.9972556644443213
922290,0.9010571410164028
922291,0.01151112657268705
922292,0.997788118027148
922293,0.7118387490971687
922294,0.8937089256461455
922295,0.9999703057030149
922296,0.999975680897356
922297,0.9407116580979578
922298,0.9988885158703775
922299,0.0034288213257421827
922300,0.9698477750790724
922301,0.9999637884248731
922302,0.16007488302019549
922303,0.9972587164590114
922304,0.008596783748673393
922305,0.9892452760657169
922306,0.9810107409074358
922307,0.8120271562867272
922308,0.9848112120771857
922309,0.9862268086306587
922310,0.9998564254298024
922311,0.9172240573029331
922312,0.0022334948267997414
922313,0.25952783599919516
922314,0.10934961956166658
922315,0.79077558169244
922316,0.47281066863200943
922317,0.8095208123548508
922318,0.9996472182700645
922319,0.9997850177757519
922320,0.9998003623390389
922321,0.6074052042235
922322,0.7927555753029913
922323,0.41846717232150676
922324,0.9978490526722745
922325,0.9460249670511585
922326,0.8875992563707474
922327,0.13818984981689053
922328,0.9940531660160503
922329,0.9278647058320225
922330,0.9999894446480412
922331,0.015390071414548087
922332,0.9953761143747109
922333,0.9992693246529432
922334,0.18519428236906715
922335,0.9990721968004581
922336,0.06680669755004329
922337,0.053491976050961156
922338,0.8763483827775267
922339,0.0205600232565864
922340,0.84068358515883
922341,0.8246211061919384
922342,0.0023894099543055655
922343,0.9988983311310125
922344,0.8927978744576928
922345,0.4666754888443207
922346,0.8807323360878803
922347,0.993146983072227
922348,0.9978539497799521
922349,0.4055839222646408
922350,0.9467404011679188
922351,0.17333034214826046
922352,0.9705098905281465
922353,0.9998785812833688
922354,0.9989990798357852
922355,0.7587815564739687
922356,0.9972769649028054
922357,0.9584726623042399
922358,0.8719779575022946
922359,0.6814091128573299
922360,0.9675543206113968
922361,0.9999062481936117
922362,0.7595906300422146
922363,0.7227113020401906
922364,0.04417118676389823
922365,0.6301709871526994
922366,0.9999224211247923
922367,0.991839687084475
922368,0.09537667459161545
922369,0.7817932576813375
922370,0.9856549863792241
922371,0.8805606524739367
922372,0.8598533122557546
922373,0.9415508742089772
922374,0.999880292814785
922375,0.4988718871689419
922376,0.9871667347828232
922377,0.9982032742363456
922378,0.9997815369655836
922379,0.1854226725529828
922380,0.005950536076086736
922381,0.1055350121829372
922382,0.9980728054861625
922383,0.5927937178972431
922384,0.5415343469143737
922385,0.08923520123424977
922386,0.10631470638767798
922387,0.9841363971069906
922388,0.9346528642272951
922389,0.08162000788448916
922390,0.9510602367307485
922391,0.8366439719890334
922392,0.9997825994926338
922393,0.999883058643563
922394,0.02896883194111542
922395,0.3190358502723203
922396,0.9998828519622681
922397,0.4522623599248482
922398,0.010660898376571871
922399,0.03563780446299976
922400,0.8379087791947792
922401,0.16740062005045156
922402,0.14874182625404295
922403,0.3943291270760925
922404,0.027193246549232285
922405,0.006739464991814517
922406,0.06801546017674846
922407,0.7855789001087864
922408,0.9972531787678414
922409,0.9997239373142948
922410,0.09584799880700004
922411,0.972492422012535
922412,0.9927280521735242
922413,0.4639826255059723
922414,0.33407540632263955
922415,0.8853387544720941
922416,0.99974651781249
922417,0.07152436135957319
922418,0.08409584256307172
922419,0.23234734589238282
922420,0.9660378733643455
922421,0.9999609123160701
922422,0.9996021665447177
922423,0.9944684239092201
922424,0.9994041534912719
922425,0.9999730808962002
922426,0.7387367812444308
922427,0.9992704599583181
922428,0.9996520994599164
922429,0.9999621083928102
922430,0.7204478357217077
922431,0.9978616023891862
922432,0.9991503919430864
922433,0.9891622698268634
922434,0.8484917439871315
922435,0.43937468845483846
922436,0.16774441977297055
922437,0.9354600064689811
922438,0.004347073831289284
922439,0.9994389270658285
922440,0.989352906448471
922441,0.9938716582593133
922442,0.9430549095630769
922443,0.993984773444122
922444,0.5509785187704181
922445,0.999648101690349
922446,0.9999587560143345
922447,0.8612008092897019
922448,0.9999910134882234
922449,0.8324122269778715
922450,0.9998893074050617
922451,0.9999428729709212
922452,0.9997326344379026
922453,0.9998612872357189
922454,0.9938945784191722
922455,0.10224249071208243
922456,0.9998144207243198
922457,0.010406292470207213
922458,0.9962892300193652
922459,0.999039679274687
922460,0.03712686791703728
922461,0.9990217807761969
922462,0.6894816494343448
922463,0.5421967558175934
922464,0.03847458934206566
922465,0.09092883955904153
922466,0.29041574523611613
922467,0.9959670440094424
922468,0.9980223315262229
922469,0.9819773823387747
922470,0.9998335249695403
922471,0.022487339947345204
922472,0.9997433520091956
922473,0.9048105114297365
922474,0.4413958237145516
922475,0.8428791554401271
922476,0.6917424222419107
922477,0.11974959464832263
922478,0.983064345960602
922479,0.9995952034036215
922480,0.9999580576574592
922481,0.9997887533566686
922482,0.06006470253303342
922483,0.9993854583352308
922484,0.7084965218269705
922485,0.1337991029310891
922486,0.6429160095830166
922487,0.9998393247690724
922488,0.026580550578042324
922489,0.8246925159892698
922490,0.9655439711756195
922491,0.9988291610289523
922492,0.972852383073878
922493,0.999654360903297
922494,0.9846467979596321
922495,0.9566422570209003
922496,0.9996245176521463
922497,0.4852279460305243
922498,0.09097898416887933
922499,0.07053890062146302
922500,0.9892082808084353
922501,0.021617196863735203
922502,0.9935310443122535
922503,0.9916956870838196
922504,0.9359174349562552
922505,0.9998133374671975
922506,0.9931264181336844
922507,0.5103655240529839
922508,0.9984952125703854
922509,0.9999640310497584
922510,0.14307675259262467
922511,0.7628401557289206
922512,0.6021913485017185
922513,0.39145238242432867
922514,0.9949667889589342
922515,0.9413654170725292
922516,0.2766924655052415
922517,0.8473161614297111
922518,0.054064529269422026
922519,0.0033785066461423084
922520,0.999976290179758
922521,0.998272195279155
922522,0.9181369804976739
922523,0.961480396864828
922524,0.24440598766104618
922525,0.016671441507430457
922526,0.9968163590921749
922527,0.6708163061960013
922528,0.5677994624824014
922529,0.9982586691817248
922530,0.02983526624196712
922531,0.5093352961369837
922532,0.9911514951576693
922533,0.6056974062367215
922534,0.9715355322128528
922535,0.9954827497389508
922536,0.9995100547816624
922537,0.9961517719470607
922538,0.6601569738278055
922539,0.04624392996866685
922540,0.9992832147751112
922541,0.971353554088541
922542,0.3847882345856114
922543,0.07013272356776665
922544,0.9937405737353227
922545,0.9954548150471532
922546,0.9997543887644478
922547,0.9992819901911933
922548,0.9989801238453706
922549,0.9997371084130774
922550,0.9995423767716922
922551,0.9998536453263656
922552,0.40908547534901657
922553,0.9999451468722731
922554,0.06325070061791577
922555,0.36573979436849957
922556,0.19236937980826263
922557,0.9923397419939679
922558,0.9997876840543674
922559,0.9871828505921757
922560,0.4367463116817313
922561,0.999916275408596
922562,0.21835761423564132
922563,0.8522648448092154
922564,0.9987811150644919
922565,0.9999491808819025
922566,0.9966546057070227
922567,0.03753734782286582
922568,0.9977173700572699
922569,0.9598609164603089
922570,0.020697808714949254
922571,0.4035181816530817
922572,0.9996150130766053
922573,0.9996788542515735
922574,0.9992910627307402
922575,0.9465037040673268
922576,0.7635801429178156
922577,0.9997552564846968
922578,0.18025491992910994
922579,0.999786187907721
922580,0.9991726860716281
922581,0.618155491476504
922582,0.9994063852120079
922583,0.798722205484083
922584,0.6297750275660468
922585,0.9584642185568196
922586,0.3614543850003393
922587,0.8990879653652886
922588,0.005663497139457102
922589,0.5175047455844486
922590,0.9997259180209161
922591,0.8381900945194095
922592,0.9988012889739019
922593,0.9500945262079064
922594,0.5541785010131858
922595,0.5467154924000135
922596,0.4547029369083341
922597,0.4149201984908441
922598,0.2796691258715102
922599,0.6228924571830894
922600,0.999613908393687
922601,0.1303631103209029
922602,0.0897264975564242
922603,0.9986197512991496
922604,0.8747352355733358
922605,0.7839793360970717
922606,0.03925735963259206
922607,0.9997816965898584
922608,0.3041587448442152
922609,0.9999782086682842
922610,0.996496251130617
922611,0.7614882258248699
922612,0.3033585402455733
922613,0.3910749686981668
922614,0.999101690337123
922615,0.9975497992525895
922616,0.99978087388332
922617,0.9983717407214531
922618,0.9992310697874167
922619,0.999265422544011
922620,0.5200723748769558
922621,0.1036353276191952
922622,0.7336536779106999
922623,0.4433924670112208
922624,0.9994822852173719
922625,0.9990218005843976
922626,0.700235268185744
922627,0.9998876613441314
922628,0.9216025602369744
922629,0.9996427291854588
922630,0.9651901322672567
922631,0.6193259808396432
922632,0.0361175753604313
922633,0.9991209256929545
922634,0.917183664841198
922635,0.16942460715363655
922636,0.8576874096743343
922637,0.9996894656978899
922638,0.5629965348628194
922639,0.03322125452672339
922640,0.9881096695757965
922641,0.4078205295482713
922642,0.9862384409555129
922643,0.9714094345112274
922644,0.9979423168425314
922645,0.9963560354826942
922646,0.12636821827005998
922647,0.46077060206204684
922648,0.07231185956686999
922649,0.7264608016036584
922650,0.999375993131448
922651,0.9997802070487372
922652,0.9999830041173701
922653,0.9988130656383714
922654,0.9998521507464406
922655,0.6338989049103549
922656,0.5136627009909429
922657,0.3367295181538516
922658,0.9858906318081407
922659,0.9930698040500399
922660,0.3876673454713965
922661,0.9889638424129445
922662,0.9900781808725269
922663,0.12739154429947866
922664,0.014903671962935714
922665,0.9996643534338967
922666,0.9457058889574855
922667,0.9818370090496471
922668,0.3743713937923894
922669,0.9033864662883386
922670,0.9751019810851572
922671,0.34901323731268674
922672,0.999960288144343
922673,0.09852130955612025
922674,0.44505287868105153
922675,0.999480646669312
922676,0.49391311512285746
922677,0.009143241035226006
922678,0.9167554950416205
922679,0.04960159949671275
922680,0.9914096144486796
922681,0.17896894160736368
922682,0.9950479540048532
922683,0.8698434432576199
922684,0.9976423544448638
922685,0.9997146970237287
922686,0.999064825617386
922687,0.995026154047722
922688,0.7530638187791245
922689,0.3460930180507793
922690,0.9993912027918053
922691,0.9968805244414509
922692,0.35212687971326956
922693,0.1014965783800913
922694,0.7820864041076763
922695,0.8879835790107147
922696,0.8904153809777022
922697,0.9988659009827454
922698,0.9994270439881905
922699,0.6219949461741945
922700,0.5952508318833283
922701,0.6283158549173621
922702,0.9983552342803513
922703,0.9986827522078932
922704,0.1419833435306469
922705,0.11617668412761396
922706,0.12167845334794472
922707,0.9759273250182999
922708,0.16986961497498418
922709,0.9996844675766436
922710,0.5600082668091625
922711,0.985918951473824
922712,0.8819814002426463
922713,0.999902549450852
922714,0.999907440213847
922715,0.7028159756598216
922716,0.7019291123967752
922717,0.7198553919127276
922718,0.9988746367714352
922719,0.9922418413137996
922720,0.9963211497166853
922721,0.9998978960112891
922722,0.05464351123223213
922723,0.8331600446445263
922724,0.9902643142240146
922725,0.6726020911900332
922726,0.029960790373176553
922727,0.04286496135727676
922728,0.9997443629662397
922729,0.8015649711245747
922730,0.5688015904325384
922731,0.9987636303531753
922732,0.9987623707285702
922733,0.9950535279745989
922734,0.9999337456243116
922735,0.9997170099621434
922736,0.8982378774145077
922737,0.07582775809882475
922738,0.9996112852201742
922739,0.9479549956263361
922740,0.10499126404286027
922741,0.9991903675917432
922742,0.9994329012639225
922743,0.9867344135749818
922744,0.026398223085819877
922745,0.4624154502386619
922746,0.08114767344051266
922747,0.09463205118807112
922748,0.8038578620470591
922749,0.033473235444694
922750,0.9998485495732861
922751,0.10502557145108404
922752,0.5315629426197389
922753,0.015254272107945877
922754,0.5894196530034308
922755,0.9862529602713921
922756,0.9350817373013662
922757,0.03368004790175903
922758,0.999589521833283
922759,0.9970327590322766
922760,0.9447982418749048
922761,0.9812657786456898
922762,0.9998428268274717
922763,0.583549081602292
922764,0.19960172244847735
922765,0.03612136751084074
922766,0.9999125053391492
922767,0.19010854309158154
922768,0.999912086182396
922769,0.9979908917598979
922770,0.8502806946744341
922771,0.9998382044736612
922772,0.006578061709654432
922773,0.08054675664537317
922774,0.9969616422593506
922775,0.3351803685200716
922776,0.008282873224463267
922777,0.9996180783172384
922778,0.3733390032702799
922779,0.0361365479746308
922780,0.37891004922336835
922781,0.9991133752458876
922782,0.9998571615443338
922783,0.18223370071620953
922784,0.01488193226928949
922785,0.8054054171594598
922786,0.24321427340986493
922787,0.8328629073636173
922788,0.4574447164790685
922789,0.5666933306581841
922790,0.9970153788478824
922791,0.997474813500766
922792,0.9994593305134093
922793,0.7513643397031702
922794,0.6816774797267033
922795,0.9997103649329624
922796,0.9547486661102738
922797,0.6251615088181679
922798,0.6945303134773695
922799,0.07995967147337628
922800,0.9956410226806635
922801,0.9999339108310292
922802,0.9439403283721624
922803,0.7180620684711605
922804,0.9999484968362158
922805,0.37501098275996353
922806,0.920178381841567
922807,0.9967065704882668
922808,0.945221252636965
922809,0.6350791301056169
922810,0.99994926988926
922811,0.8623294937691405
922812,0.012659329385690874
922813,0.7593618179263597
922814,0.5045487741847928
922815,0.9996610215002035
922816,0.9998394512918177
922817,0.8764298826521186
922818,0.999413724310608
922819,0.9966891984773181
922820,0.9999774042742494
922821,0.9944941212729231
922822,0.5873869549563181
922823,0.4331009586854088
922824,0.9997598705829875
922825,0.9993631242938361
922826,0.25695415630810303
922827,0.31687479509892086
922828,0.9970149842294196
922829,0.996311521775972
922830,0.7858769823180539
922831,0.9998294402345917
922832,0.9993732382742148
922833,0.761234435816768
922834,0.9985394327384409
922835,0.9999548571131359
922836,0.16797741224845525
922837,0.18971304839382996
922838,0.09496662373504151
922839,0.9989049764757776
922840,0.5552983342702967
922841,0.9947279261962045
922842,0.27537582927714505
922843,0.944872171714622
922844,0.9587716297556153
922845,0.999475927427712
922846,0.307459218348651
922847,0.9982396654808627
922848,0.13220141696142065
922849,0.9837843283711472
922850,0.5355024977350454
922851,0.999987160940134
922852,0.9999194246993606
922853,0.946709879356849
922854,0.999905516154831
922855,0.15264462287980965
922856,0.9496917447547646
922857,0.9999676283996486
922858,0.11924746879817816
922859,0.9930853493090268
922860,0.9955573923623786
922861,0.9957727173565596
922862,0.31890792933104406
922863,0.972529738122429
922864,0.9999676018771062
922865,0.998979837989456
922866,0.9993705664124213
922867,0.05639647110515719
922868,0.04321775116658243
922869,0.7707675299246288
922870,0.5308518810844929
922871,0.01845319845855143
922872,0.9379763879422036
922873,0.4458108730630028
922874,0.1991285451287302
922875,0.2192302957444666
922876,0.9840378796052448
922877,0.999147668649133
922878,0.9999623805550681
922879,0.9997728820965583
922880,0.9050503385742955
922881,0.9999570932537417
922882,0.830846445568491
922883,0.9994699265316447
922884,0.9978324916130279
922885,0.9865413247827519
922886,0.766539321274746
922887,0.9444037226354278
922888,0.9980219762038642
922889,0.2866743073400606
922890,0.9993834305097635
922891,0.9484303636879949
922892,0.9996118059982226
922893,0.3067728935699678
922894,0.7477767334910284
922895,0.010239361454699374
922896,0.3816000365056064
922897,0.253065873918604
922898,0.9999446109418428
922899,0.9999573778048813
922900,0.9976691315834971
922901,0.06155220838521946
922902,0.023003810113357698
922903,0.7737499169838765
922904,0.9843826092688399
922905,0.9995262788226273
922906,0.5584847792243581
922907,0.41287717571722693
922908,0.9723474133895618
922909,0.9998691811937224
922910,0.995810791314204
922911,0.9859043604249969
922912,0.9998640419812673
922913,0.8229613877433117
922914,0.714741762077014
922915,0.9997185625295748
922916,0.07735522774525606
922917,0.805848063689365
922918,0.8445240365885931
922919,0.033531534770531515
922920,0.9949120394336499
922921,0.501779701183311
922922,0.9925459987527875
922923,0.13076597388726774
922924,0.9999500628072321
922925,0.10897324392397395
922926,0.19889769368796908
922927,0.32035513894441203
922928,0.9084274528367291
922929,0.09953293033883026
922930,0.0045686922851687906
922931,0.4344846880049494
922932,0.9993703352307575
922933,0.01956172273438396
922934,0.9991193099806532
922935,0.9743518471070768
922936,0.21799190256646506
922937,0.8338975940176611
922938,0.9993854471954824
922939,0.995873913744898
922940,0.3861449097138019
922941,0.9994819604814718
922942,0.9217384308237306
922943,0.9852815589490833
922944,0.9807663899166874
922945,0.9498667222363547
922946,0.2721144955691534
922947,0.9991478824108369
922948,0.988849702779181
922949,0.9764080121429135
922950,0.8479349978115222
922951,0.9998217485247163
922952,0.03478111594459843
922953,0.9437999015516414
922954,0.16001345533368633
922955,0.9993006334833905
922956,0.03868392716847422
922957,0.9948642464368951
922958,0.9992119840605642
922959,0.999525259737543
922960,0.9998186604741424
922961,0.9791568999386867
922962,0.09292969053434098
922963,0.9901948732331501
922964,0.0024686329788801676
922965,0.9998761091271484
922966,0.9983301973434417
922967,0.9981494167841712
922968,0.999650187127987
922969,0.8913846451794318
922970,0.2646395767415385
922971,0.8057112486859803
922972,0.9391659824711684
922973,0.9647090588512451
922974,0.7016465040480143
922975,0.9997130650100013
922976,0.8800093160237766
922977,0.9987240466418598
922978,0.7430348020449837
922979,0.9998158522586371
922980,0.9979217138600586
922981,0.029955556369125162
922982,0.06549939353192477
922983,0.5124411163988775
922984,0.8841215777628622
922985,0.999828834273741
922986,0.9696857226399458
922987,0.9999377177138978
922988,0.9973981507629408
922989,0.9999722783911673
922990,0.9981030149852879
922991,0.4027325440896501
922992,0.47059220984840866
922993,0.014003225540853051
922994,0.9856096385288773
922995,0.9994836739682962
922996,0.9999694541669404
922997,0.03130156272037708
922998,0.0710275005311123
922999,0.14686886401638544
923000,0.751257233909679
923001,0.9996732384727882
923002,0.8036593653073458
923003,0.7567587724207341
923004,0.5951740794079009
923005,0.8941352968590404
923006,0.9998984218870457
923007,0.08552587928732465
923008,0.9999524348494133
923009,0.09031223880413058
923010,0.9999828926872529
923011,0.8942151216078298
923012,0.7209612038182124
923013,0.9938387194930783
923014,0.9999852787488146
923015,0.9995654386696705
923016,0.4046419647304399
923017,0.32589389486877174
923018,0.9447178754017561
923019,0.9998472560883229
923020,0.8744695745422233
923021,0.9256554278234219
923022,0.9992440466568533
923023,0.5072426302696436
923024,0.9999576202052622
923025,0.9997221299591239
923026,0.8566672097498222
923027,0.9989248737465746
923028,0.1602455268443627
923029,0.9735583657767442
923030,0.9320662186413999
923031,0.9997382582996244
923032,0.6163872556128088
923033,0.018559905901942716
923034,0.13407522656471435
923035,0.7921683086647857
923036,0.990742270116574
923037,0.9998929813304859
923038,0.992953358295755
923039,0.7145924281952137
923040,0.9991511627372279
923041,0.9984018359200137
923042,0.6472307251200052
923043,0.23063802700972857
923044,0.9898982770232208
923045,0.09358693097661655
923046,0.8043266409911347
923047,0.999122400164482
923048,0.11809228933577569
923049,0.9989645056015837
923050,0.671207034504092
923051,0.1948339612501478
923052,0.9758640732174089
923053,0.9969732015859972
923054,0.9671068617945738
923055,0.28997741976454416
923056,0.8181903352961458
923057,0.9998955679444335
923058,0.6112072307210324
923059,0.9989330264496679
923060,0.9334210804262602
923061,0.9792470040712985
923062,0.24324688440519507
923063,0.012412347633405957
923064,0.018833625155175508
923065,0.9997730339660398
923066,0.9997117616607447
923067,0.9997447173880911
923068,0.9992254203278905
923069,0.999796469300651
923070,0.9781582124519881
923071,0.9997453513621981
923072,0.5532943147054405
923073,0.9960115167586103
923074,0.08552756208660839
923075,0.8269110730287259
923076,0.9997101699446115
923077,0.9850171092939506
923078,0.10597611537429062
923079,0.21302353085767528
923080,0.8304301831314582
923081,0.999675865437047
923082,0.9988992510128056
923083,0.9999809279926772
923084,0.90148348700623
923085,0.9999765752618128
923086,0.9959638380442875
923087,0.937805433863594
923088,0.026443974655818048
923089,0.184748362928013
923090,0.9995386913683832
923091,0.9945352365441675
923092,0.8243893481376164
923093,0.5672217818987004
923094,0.07649221778764767
923095,0.9996908378450773
923096,0.005656999959412032
923097,0.9899123672997199
923098,0.005682744439139449
923099,0.7759614520322753
923100,0.9991730531457772
923101,0.9544462324940601
923102,0.9953670007003255
923103,0.999914635985913
923104,0.003964631226289949
923105,0.9995471196831546
923106,0.6295753560552297
923107,0.611475017855539
923108,0.9997252770797295
923109,0.9939108622686676
923110,0.20412956223616202
923111,0.7614047242548463
923112,0.4318582323433994
923113,0.9728280070104245
923114,0.35977942036644023
923115,0.9984658660576244
923116,0.6919381752742332
923117,0.9221866625572922
923118,0.0719620171592205
923119,0.9998957271608915
923120,0.8809451324471556
923121,0.9999786883252728
923122,0.9968511057712997
923123,0.8693346417429462
923124,0.9091250936499925
923125,0.6646274763821292
923126,0.9984019506529542
923127,0.4454021207259119
923128,0.9977912660048266
923129,0.23368070289707255
923130,0.9995221760107156
923131,0.8962684697168891
923132,0.997765231598677
923133,0.4968259967031524
923134,0.0262790953336897
923135,0.9999520791428426
923136,0.20539093056061142
923137,0.9999601996876682
923138,0.9978100387838191
923139,0.9997548885378305
923140,0.9994731022658458
923141,0.9996847727338136
923142,0.053511264634816036
923143,0.9193447800375032
923144,0.9821220082662614
923145,0.9999397526009335
923146,0.9963986084914482
923147,0.9999518303094508
923148,0.24807768266169813
923149,0.4314266034434347
923150,0.732322302875718
923151,0.9748078506249022
923152,0.04002291466843608
923153,0.7390824142290955
923154,0.9998975694854728
923155,0.9924225574802144
923156,0.12240195807763263
923157,0.47050310226567066
923158,0.9995596143051901
923159,0.9998085366411869
923160,0.9991344870461849
923161,0.9982427020308693
923162,0.9998619718495981
923163,0.9991135577489096
923164,0.985769919807471
923165,0.04898231167926695
923166,0.06722356722850031
923167,0.4269690028459203
923168,0.026542455021956835
923169,0.9761361445740131
923170,0.16704560500035867
923171,0.6764214780351463
923172,0.9995449346757501
923173,0.5283235569240101
923174,0.6203199622351108
923175,0.19963583111041114
923176,0.9952759336911421
923177,0.9997693700019552
923178,0.03121077181953913
923179,0.9887246112825097
923180,0.5835978463985193
923181,0.8269711066885821
923182,0.9734016035934085
923183,0.9992882728512006
923184,0.25328443722953287
923185,0.9976889832869987
923186,0.9999618200668656
923187,0.9682785137123731
923188,0.6071179723347878
923189,0.5617585016797684
923190,0.7961028742822306
923191,0.05497782456572625
923192,0.07803835740779987
923193,0.19251866718326768
923194,0.9999958198892643
923195,0.9657688748126962
923196,0.999699362064751
923197,0.9679028550015935
923198,0.9517349625322704
923199,0.9985290243039734
923200,0.9155703087964551
923201,0.04040962738739086
923202,0.8450698905003253
923203,0.36459089899976416
923204,0.9996789124385957
923205,0.9223917943791966
923206,0.8420289965567007
923207,0.029476983662895757
923208,0.9941224936500586
923209,0.5619965485013296
923210,0.5122883779711435
923211,0.5882894806048882
923212,0.9895297788481142
923213,0.8793586473003048
923214,0.8326482346003611
923215,0.9999099575286468
923216,0.9982926292476211
923217,0.9628470847704381
923218,0.16981285988054565
923219,0.6338833874367347
923220,0.16005237625466423
923221,0.8944948365815701
923222,0.999876086968911
923223,0.7509591305518667
923224,0.9894079439350808
923225,0.996906843164155
923226,0.1885687068159309
923227,0.11793812580010099
923228,0.9998886609528991
923229,0.9958838944662454
923230,0.8144362226449751
923231,0.8984715077906684
923232,0.07086139800994348
923233,0.061094033018984015
923234,0.999954050114461
923235,0.21130149189583636
923236,0.6808512127467542
923237,0.8038619744795075
923238,0.01705669472650511
923239,0.9999819518450419
923240,0.08083281896096169
923241,0.9865779831301993
923242,0.9893992154949727
923243,0.9997168589251335
923244,0.3049986157329856
923245,0.2870792954792278
923246,0.9998359716042464
923247,0.9999500566775661
923248,0.9999496853387072
923249,0.7331449713368196
923250,0.004995129323967642
923251,0.9901005762878636
923252,0.5845498582574318
923253,0.9998734798633638
923254,0.9999785794330223
923255,0.9640481538206622
923256,0.5250387243377093
923257,0.36588676319253816
923258,0.07338820834403051
923259,0.9915011119440601
923260,0.9964640326028169
923261,0.9975989150148322
923262,0.013189151529649687
923263,0.999746855124885
923264,0.13832796944186643
923265,0.9645880179588041
923266,0.12211230634849568
923267,0.9926169376572482
923268,0.9998021300517039
923269,0.7539813212986266
923270,0.9798128557122361
923271,0.1310315300914297
923272,0.9822653822917278
923273,0.299172399215338
923274,0.9052210162562154
923275,0.9061361224296942
923276,0.9993295562656861
923277,0.9955165217554125
923278,0.9762368648223312
923279,0.7075235242068092
923280,0.004322382914121515
923281,0.9991690347648303
923282,0.12774456053243835
923283,0.059096008106599235
923284,0.999957503802393
923285,0.9999720366355304
923286,0.09012077563990535
923287,0.07100033707007311
923288,0.9938382111107921
923289,0.24825070828853896
923290,0.9999626246998892
923291,0.9989488388433763
923292,0.9972008146647087
923293,0.9997311243928702
923294,0.9995221466367146
923295,0.4366263300804416
923296,0.9644984530478673
923297,0.9999836804186591
923298,0.9998803798116422
923299,0.060151149581823674
923300,0.007481081442825364
923301,0.9999614861479469
923302,0.41102792099523855
923303,0.9394744172622065
923304,0.27972969045953394
923305,0.9994638080020726
923306,0.9962446331847643
923307,0.7753370226363384
923308,0.009322254068332297
923309,0.9925002366027774
923310,0.3817956579330585
923311,0.9999574187481658
923312,0.9172435669227804
923313,0.007449995924558973
923314,0.9758756913719547
923315,0.19119957112881716
923316,0.9998367653677753
923317,0.2190554662796406
923318,0.11150658316156623
923319,0.5209618822517124
923320,0.43470975952934654
923321,0.9320819500795643
923322,0.7009457850059331
923323,0.9998537158380688
923324,0.5213149647407447
923325,0.6482753016192104
923326,0.8960785055070994
923327,0.5915232063776914
923328,0.9970173423831915
923329,0.9996824508017287
923330,0.999921760815581
923331,0.9995091356722738
923332,0.9999566128122463
923333,0.9694800812448054
923334,0.9525946587599952
923335,0.9997958354040514
923336,0.6377592382123892
923337,0.999419908943613
923338,0.12698426426808762
923339,0.9999210503015957
923340,0.02626616977700822
923341,0.9999374060901028
923342,0.9372020144117745
923343,0.5778521130162997
923344,0.04318187953997854
923345,0.9876709128834368
923346,0.1772343697333001
923347,0.016636833773928276
923348,0.9298859306334706
923349,0.7129030102899778
923350,0.22390683201126113
923351,0.8672782969587675
923352,0.9991053002972352
923353,0.9691215664566697
923354,0.2179179491231084
923355,0.053093644961758134
923356,0.039127153313715426
923357,0.9996494630206403
923358,0.07695738499768119
923359,0.9999129983434167
923360,0.7830755971317072
923361,0.9972009718137707
923362,0.037233507444546995
923363,0.5382463434415122
923364,0.5572290260389742
923365,0.022794192094264275
923366,0.9997091777461682
923367,0.5798137076030597
923368,0.9994490705602592
923369,0.9998591544682466
923370,0.9996932996378604
923371,0.9765843741603444
923372,0.056017720114746594
923373,0.8828904961300772
923374,0.9997185714433479
923375,0.7870226790899246
923376,0.02173392665712886
923377,0.9998087798580603
923378,0.999790250650059
923379,0.38769793738071484
923380,0.7042533834955202
923381,0.9984191614037858
923382,0.8831673140537483
923383,0.997754578868078
923384,0.9927724106868777
923385,0.1391256140253858
923386,0.708800522437599
923387,0.7727895964187799
923388,0.9998128130708976
923389,0.9928458418213835
923390,0.8793165156341062
923391,0.04412655666452607
923392,0.9999878564115277
923393,0.5353332221939806
923394,0.9873553735631201
923395,0.9992787287151951
923396,0.9880987620037778
923397,0.11157299846541
923398,0.9991313044439869
923399,0.9943039309871574
923400,0.19733810173697167
923401,0.999799029261953
923402,0.9724195089823798
923403,0.5851223356926434
923404,0.38142008118090176
923405,0.999961607536993
923406,0.9909615916067536
923407,0.06990089351112597
923408,0.9865169731510653
923409,0.638750437125332
923410,0.9986395554449868
923411,0.7082760976278062
923412,0.9999908033827352
923413,0.9999347577106644
923414,0.9988239854339187
923415,0.4455406908454208
923416,0.9997623727098628
923417,0.7559997180653648
923418,0.09210112494289617
923419,0.9999882953435129
923420,0.9997692764370166
923421,0.8176409926422341
923422,0.02995007739534025
923423,0.9314331830108271
923424,0.7388440890985989
923425,0.9990248415236725
923426,0.9998241505536907
923427,0.9891650851223247
923428,0.9939860068654864
923429,0.12628298646514102
923430,0.7674702850135278
923431,0.00800766435344777
923432,0.8129112868826118
923433,0.0012027650326001441
923434,0.8949078098548268
923435,0.9999843075163277
923436,0.9961261294547833
923437,0.9845784198265548
923438,0.9998537495960973
923439,0.9081897719453493
923440,0.4679469555785404
923441,0.999440655659714
923442,0.99944805061662
923443,0.9944409952535165
923444,0.6415666790164943
923445,0.998719859368731
923446,0.5172610657556789
923447,0.4862108721811041
923448,0.07507342098230158
923449,0.9931143412498723
923450,0.9995073700999304
923451,0.9993192731641032
923452,0.9998912053463351
923453,0.9954255918177906
923454,0.9999890122042552
923455,0.9993505717546542
923456,0.8929252849604872
923457,0.999685473372626
923458,0.9944191568461007
923459,0.09223917897612334
923460,0.7096674513633252
923461,0.6194091851860769
923462,0.3885833468024028
923463,0.9945163995979657
923464,0.16288315800806047
923465,0.9820127642233323
923466,0.9998567088402233
923467,0.9998984205473767
923468,0.9992888892624966
923469,0.05285887485259434
923470,0.9996523915678274
923471,0.034896222954179434
923472,0.07899144884267484
923473,0.030803550287859006
923474,0.9999875466481813
923475,0.9999912065221107
923476,0.9883585894793063
923477,0.9669492894048347
923478,0.28505870538933625
923479,0.9994784323981649
923480,0.14510772158204202
923481,0.9981072917885905
923482,0.3209952483705612
923483,0.07162772790728564
923484,0.9094410726954598
923485,0.0235680322713203
923486,0.1904360263973542
923487,0.495538397799725
923488,0.8889086399619879
923489,0.9995282888372465
923490,0.9986772007211553
923491,0.9999007543164343
923492,0.971701488912742
923493,0.9997776623779491
923494,0.020541702467898475
923495,0.5985901252011508
923496,0.9946080007499422
923497,0.9838123818799528
923498,0.9987366540731101
923499,0.7973427070604044
923500,0.9995230325224697
923501,0.9998142157620535
923502,0.9998135531231882
923503,0.9977587716945441
923504,0.9730007996209198
923505,0.5045470278357028
923506,0.8434583394095552
923507,0.9956042461306381
923508,0.5619813757173895
923509,0.9997161736175806
923510,0.9995339040294042
923511,0.99949947288546
923512,0.05804634261827994
923513,0.9599737725833121
923514,0.9998062680252081
923515,0.8559630157490437
923516,0.9975940751861523
923517,0.01358267140165095
923518,0.48796652617941216
923519,0.9974037575107509
923520,0.6605995129491755
923521,0.9996527930819197
923522,0.24215775408476065
923523,0.9979485825736901
923524,0.9722252618248295
923525,0.9771034069734852
923526,0.04885743977278531
923527,0.9980126944034082
923528,0.9942347850965783
923529,0.948181031057562
923530,0.11071787873073259
923531,0.9997510007080888
923532,0.9350770717635042
923533,0.7101468877583338
923534,0.9998953310617168
923535,0.9975165002198279
923536,0.999507895954754
923537,0.02794088715304565
923538,0.9984736344266207
923539,0.999599904131484
923540,0.9991257714175761
923541,0.9928179874602754
923542,0.9997884378669263
923543,0.999592416709159
923544,0.48833450105025955
923545,0.999916121939439
923546,0.3989750871312867
923547,0.9994950342285609
923548,0.48619417743289617
923549,0.8256377713622907
923550,0.999262388925797
923551,0.9956199926965803
923552,0.811341841137446
923553,0.9991885849805577
923554,0.10107597804940718
923555,0.9674297514580191
923556,0.47501007160132747
923557,0.0008205326628774202
923558,0.019830449039253503
923559,0.9997589295866467
923560,0.9998860364137017
923561,0.6728899946567604
923562,0.994155192658281
923563,0.9998808465293523
923564,0.06727351377562224
923565,0.9966547116487915
923566,0.9720761581118255
923567,0.990256976435038
923568,0.9994983003395779
923569,0.866759690153375
923570,0.9992079809884555
923571,0.9998137459865845
923572,0.549690372922313
923573,0.9998261119049892
923574,0.07844797401733336
923575,0.9998986137825963
923576,0.6595118101095918
923577,0.9998810317732327
923578,0.9121295631570846
923579,0.9961925918485622
923580,0.9979382630050297
923581,0.10029744549463106
923582,0.47826794847195
923583,0.055702473246941955
923584,0.9996072288942239
923585,0.019608373152165386
923586,0.015695596843182173
923587,0.19055928794126015
923588,0.9316769704637102
923589,0.9999805099456707
923590,0.9979515003849571
923591,0.03854452982505289
923592,0.592142973990313
923593,0.9717180361879589
923594,0.5422537317040927
923595,0.15205298468187617
923596,0.031067748463124097
923597,0.9960824251649173
923598,0.9995242011486827
923599,0.5011903047567948
923600,0.7289053662091733
923601,0.9968891762525294
923602,0.9849642093457132
923603,0.24517592775323976
923604,0.9997493769829433
923605,0.9999945911364767
923606,0.5562150056068809
923607,0.9991250385882895
923608,0.9432095756987069
923609,0.025336957888766345
923610,0.999786881585859
923611,0.9988393809921635
923612,0.1711683833328015
923613,0.07698485404577508
923614,0.8867343289710508
923615,0.9997711585255314
923616,0.4818921654636369
923617,0.5895862836424585
923618,0.0025356157386005928
923619,0.9992184330886997
923620,0.9996753370294647
923621,0.01789956829705543
923622,0.9916892996635429
923623,0.3224252430756978
923624,0.31039891699771516
923625,0.344184380407379
923626,0.9998989591618375
923627,0.4354850937584128
923628,0.04452968145717686
923629,0.17962869437647544
923630,0.8862024812526258
923631,0.9950576775783257
923632,0.2402771896503681
923633,0.08565815388686555
923634,0.802696351031585
923635,0.7527580072145675
923636,0.30137387647608505
923637,0.8369653228611319
923638,0.6669009517825832
923639,0.008106854815079006
923640,0.9983501941428956
923641,0.7126794102855467
923642,0.9976459298429615
923643,0.1476364772675975
923644,0.1107991514810814
923645,0.059791638900625756
923646,0.5687412685104295
923647,0.6330680911287907
923648,0.18178608481617867
923649,0.9571775089581754
923650,0.9862125059077318
923651,0.40248697558479785
923652,0.8843273603478949
923653,0.9999451774551418
923654,0.07012871403843693
923655,0.9989212028410137
923656,0.952972640923025
923657,0.9989378445438541
923658,0.997776756261165
923659,0.957803251465098
923660,0.9998288138143371
923661,0.9960072919394309
923662,0.08396189958050657
923663,0.054879261622662726
923664,0.9999774658349092
923665,0.9945939064390503
923666,0.8521197261524398
923667,0.9988170488977057
923668,0.6739643292891363
923669,0.9942484287656926
923670,0.3039158544007665
923671,0.8331363516062562
923672,0.9998779489972951
923673,0.633772861024996
923674,0.23000832344511019
923675,0.9686048598763699
923676,0.01604337753648204
923677,0.9999917911916627
923678,0.6681698664330253
923679,0.9971745605435273
923680,0.02320078584303095
923681,0.6857705466349908
923682,0.9752472720132965
923683,0.22913838519284258
923684,0.9980863091003178
923685,0.9995471896934791
923686,0.562265357383166
923687,0.996409195656276
923688,0.4335303656300441
923689,0.10896822528833848
923690,0.7724399620767362
923691,0.9996906961825006
923692,0.9986207374056968
923693,0.6308975573107345
923694,0.949632038750723
923695,0.9023018736756143
923696,0.9992088584622816
923697,0.9992944382441683
923698,0.9998426573634817
923699,0.9995014706747819
923700,0.9998477901308811
923701,0.9974008837625893
923702,0.6621037160746782
923703,0.9997174242928961
923704,0.3651149334967527
923705,0.9602824127622169
923706,0.9987517886979935
923707,0.009572544037446985
923708,0.12303597172471974
923709,0.1389848977303391
923710,0.4474509185584309
923711,0.9994173122525751
923712,0.9999895443269143
923713,0.9946971030961409
923714,0.3953401686812381
923715,0.026943985567690107
923716,0.980538055957328
923717,0.9996109602065908
923718,0.9750230531428377
923719,0.6196163918231383
923720,0.15619000747961742
923721,0.2965740296407202
923722,0.06331655100832054
923723,0.9883833875870871
923724,0.9999876787689782
923725,0.9970144138633688
923726,0.7782844906169286
923727,0.9981956745415116
923728,0.7397185200329495
923729,0.9971151163153521
923730,0.8782891599694052
923731,0.8640785905846092
923732,0.3648826141382685
923733,0.9945831899099099
923734,0.9993041463093566
923735,0.9923926323491477
923736,0.9994863522707458
923737,0.9943622138163795
923738,0.044519221318616284
923739,0.4570835767939988
923740,0.9998124439375705
923741,0.15907356909242687
923742,0.9991860851131908
923743,0.03789094960365443
923744,0.9578044041722745
923745,0.9167800605357899
923746,0.9997669677432023
923747,0.8963303297452414
923748,0.11316845862797564
923749,0.06314869788010813
923750,0.9282240913687791
923751,0.010265835952030455
923752,0.1309455217324105
923753,0.7603568803950831
923754,0.9998890611121451
923755,0.0816821874934407
923756,0.9155002852010498
923757,0.9996122357609287
923758,0.5266307954596531
923759,0.7324125502610991
923760,0.9538358509361256
923761,0.41731028851868696
923762,0.1607049273861848
923763,0.999743321046688
923764,0.9996338915436296
923765,0.33598536907553744
923766,0.9994623222956824
923767,0.05533468551459069
923768,0.9830413583278803
923769,0.9997160080384424
923770,0.1283866783820996
923771,0.9996704312991069
923772,0.5900983907029588
923773,0.05303950845417656
923774,0.7028898008519054
923775,0.7956979008331424
923776,0.026601101763672468
923777,0.02058008449331336
923778,0.9978318185628396
923779,0.999901338832411
923780,0.6678255001975756
923781,0.8742301322051309
923782,0.13637773362159145
923783,0.595428542742874
923784,0.2804493962988849
923785,0.981972361173908
923786,0.9992723471772771
923787,0.0845929808576236
923788,0.9957442268774055
923789,0.9997975006602033
923790,0.9986360417766785
923791,0.9489261467323182
923792,0.9994644118094853
923793,0.02477680920181561
923794,0.999049942528939
923795,0.13390120997809882
923796,0.03294400087574173
923797,0.6922155512761528
923798,0.9883065609371862
923799,0.8622235405198933
923800,0.09881170658768833
923801,0.9999053645984984
923802,0.9207134600576106
923803,0.8870948757373588
923804,0.8307026064444206
923805,0.5037605612989178
923806,0.9992473353729786
923807,0.042537219828908866
923808,0.9999086955716254
923809,0.08579817304471507
923810,0.007603419752632922
923811,0.5873909906851824
923812,0.7140435232204848
923813,0.9657450845990888
923814,0.9930293975528852
923815,0.002601327959154653
923816,0.021625613752082714
923817,0.3340193112719416
923818,0.9993675810159268
923819,0.22054615816377224
923820,0.6786799785374363
923821,0.9971282580681144
923822,0.9915702572462458
923823,0.3632224017971948
923824,0.28875592717216897
923825,0.09124219144360815
923826,0.8567116238907064
923827,0.9933525658905252
923828,0.6337512346110721
923829,0.9984366022711136
923830,0.9801999117596969
923831,0.9937632028578408
923832,0.9994417427858385
923833,0.73193471795741
923834,0.9998798462498928
923835,0.8512489749004004
923836,0.9987656090912553
923837,0.8747734693568406
923838,0.9993842729667236
923839,0.19957093760449246
923840,0.10580245806212137
923841,0.999347395026615
923842,0.11281634782472283
923843,0.9999697195620677
923844,0.4680131778521289
923845,0.9998043774608888
923846,0.9997009825055563
923847,0.7905311134588222
923848,0.9999314774160941
923849,0.9999433815384726
923850,0.05332999059475739
923851,0.9999363525623908
923852,0.3665535694787734
923853,0.8078682935246891
923854,0.5951068237054697
923855,0.9604738398435267
923856,0.9025115376279259
923857,0.8910309688300587
923858,0.4448916679934165
923859,0.04324418065213989
923860,0.8753800384143884
923861,0.22286744036726142
923862,0.9982038002153323
923863,0.9601187805856499
923864,0.6333131230469045
923865,0.44797085423371585
923866,0.9998981085921547
923867,0.034550162902716335
923868,0.9993804526172718
923869,0.16095615708124722
923870,0.771776152532873
923871,0.9862949278572033
923872,0.9824255662688343
923873,0.8688815018065791
923874,0.8880483876983251
923875,0.05450372369819503
923876,0.42523643692182855
923877,0.1553722987820958
923878,0.7426861065991011
923879,0.9976244055831155
923880,0.9899972824024135
923881,0.9959044506771544
923882,0.9984373510284402
923883,0.9999913763180994
923884,0.18513232127363594
923885,0.7886987395171006
923886,0.5300134705317298
923887,0.3571294680024131
923888,0.1486033790566516
923889,0.5239992270595476
923890,0.37567899137581523
923891,0.9967730084220052
923892,0.9963882508953861
923893,0.6793688638358415
923894,0.13254368822689808
923895,0.9974179274611898
923896,0.1380529109547275
923897,0.06114170431935241
923898,0.9997150952624214
923899,0.5673189021695284
923900,0.025957453551518152
923901,0.9999214344085547
923902,0.07008459699301779
923903,0.9995250293397994
923904,0.9978515906173435
923905,0.12060614026846264
923906,0.8882425898033715
923907,0.9954593743986859
923908,0.999980327788178
923909,0.8301375587165535
923910,0.34878898551608045
923911,0.6017938573523033
923912,0.8429903186218779
923913,0.4657940630352815
923914,0.6054021038328412
923915,0.9997073105821139
923916,0.6293402851573765
923917,0.9995681195751092
923918,0.9998678635923952
923919,0.010710004656224133
923920,0.9947018263818471
923921,0.9837259842663826
923922,0.9825885422368374
923923,0.5063381862580105
923924,0.8097598203188885
923925,0.9998959207003033
923926,0.04293208600578389
923927,0.6596842213051881
923928,0.23995134509878863
923929,0.22454460386698472
923930,0.9999189584639341
923931,0.18565354202475617
923932,0.7836988616830568
923933,0.9977634472746824
923934,0.11198618424992893
923935,0.9718274746530706
923936,0.39756376860874154
923937,0.9999502689732859
923938,0.36913927668041213
923939,0.9957617275718131
923940,0.5812425456654366
923941,0.019208444224827682
923942,0.8202001390414834
923943,0.08532320835944864
923944,0.995074430062856
923945,0.944117147962872
923946,0.768248530480977
923947,0.9453561112158955
923948,0.6141924093175095
923949,0.9466385262023058
923950,0.9686059397398906
923951,0.11126722750293615
923952,0.4395860197290491
923953,0.9999684461710638
923954,0.37550338408706185
923955,0.9830691620386786
923956,0.1673326450231734
923957,0.8639994067551247
923958,0.9978850070228913
923959,0.6949914851114414
923960,0.7884102069884008
923961,0.9832131079789361
923962,0.13508675332122005
923963,0.9484025707816023
923964,0.8953656866920199
923965,0.6546038772778208
923966,0.8499234540987185
923967,0.02937972950662799
923968,0.7504951899033341
923969,0.9999279564610408
923970,0.36978653569210196
923971,0.026991195648025275
923972,0.6597396386600058
923973,0.835834306726759
923974,0.9999684794289306
923975,0.24755370353686215
923976,0.8196658309008265
923977,0.8770689157766025
923978,0.05309346297878507
923979,0.9995776378388741
923980,0.9998891579191961
923981,0.006183049667034647
923982,0.9983301711835371
923983,0.9999519784215135
923984,0.9998607310608685
923985,0.2841127858532959
923986,0.983347150734585
923987,0.037246194246992596
923988,0.9410150981126029
923989,0.34512106871131243
923990,0.9995341841061811
923991,0.3918268951432733
923992,0.999689481858826
923993,0.02779336241393721
923994,0.9860284374319662
923995,0.999096039548
923996,0.9910374705295992
923997,0.8306806076780557
923998,0.4836291479319161
923999,0.9998234928515646
924000,0.9845662698122423
924001,0.9982779504683685
924002,0.99953174434997
924003,0.7414591424282116
924004,0.6013844117940651
924005,0.9090668033225264
924006,0.9987943051248538
924007,0.999462533820146
924008,0.9999625841914017
924009,0.975549924990711
924010,0.7851531657200315
924011,0.9999857591254409
924012,0.9303955385112508
924013,0.9924284930638784
924014,0.36934164244571893
924015,0.9997879927948585
924016,0.9999899015951738
924017,0.8927842232299184
924018,0.9991699594273817
924019,0.9988839439332453
924020,0.9952904711759457
924021,0.5472696716233707
924022,0.7360921307165381
924023,0.9586405361115304
924024,0.707472782482294
924025,0.9999716537423957
924026,0.3553957969225665
924027,0.9954166345394952
924028,0.9535580064378657
924029,0.9999795539984269
924030,0.19946939367821687
924031,0.998382835413516
924032,0.8278469795774901
924033,0.9991752430530161
924034,0.9990308166271983
924035,0.9281633917249825
924036,0.9692848023658523
924037,0.4574865336387679
924038,0.5078303216283893
924039,0.44898999263885553
924040,0.9154422043645969
924041,0.8923479786490867
924042,0.9980898866793801
924043,0.999808007381745
924044,0.99991683981603
924045,0.9995255746775054
924046,0.3814314781232838
924047,0.9925095409648051
924048,0.7482509238960937
924049,0.05347968064068433
924050,0.9995677581061975
924051,0.9909749563593366
924052,0.8699651099812913
924053,0.3616116171846768
924054,0.9805673194448877
924055,0.9999330674434197
924056,0.9936779615750766
924057,0.9986379440342341
924058,0.3543647543074305
924059,0.967537840240349
924060,0.8835827058593371
924061,0.9578279262525555
924062,0.8503100064599303
924063,0.9998698240264565
924064,0.03850025987618315
924065,0.9967061883972104
924066,0.9999700091918758
924067,0.7936579893741065
924068,0.9929439663202302
924069,0.08609866783742828
924070,0.16370727719742195
924071,0.3074548948248661
924072,0.31820948966298856
924073,0.9805305693009745
924074,0.07510657643265309
924075,0.28713440447499783
924076,0.044641116962981536
924077,0.3265145038996242
924078,0.25712049461346953
924079,0.01790199699859126
924080,0.1143440192562377
924081,0.005673246608232483
924082,0.6810366910363266
924083,0.1312426262278801
924084,0.9704731081768339
924085,0.9220555623571771
924086,0.8781060364131252
924087,0.9990658126242857
924088,0.9653354540759612
924089,0.6700521691947745
924090,0.9986267219544545
924091,0.9882619913451061
924092,0.9524609769925927
924093,0.7949113223508383
924094,0.004918366742323454
924095,0.9999374357478856
924096,0.9988839853023948
924097,0.9968428119611625
924098,0.12615245820349433
924099,0.9986447096633542
924100,0.9830311787737798
924101,0.8648517630883475
924102,0.004328407756660728
924103,0.5920866051335028
924104,0.9969291911865783
924105,0.997085567921604
924106,0.9998248636930859
924107,0.4435059120881743
924108,0.9996961101878035
924109,0.9717115839947772
924110,0.9779916195972658
924111,0.9996484651233195
924112,0.5974652478684669
924113,0.9991591197528186
924114,0.350905054976511
924115,0.8928615484679989
924116,0.9998903349998542
924117,0.007255596634975595
924118,0.06118772470976065
924119,0.040482868849588016
924120,0.9997222325867997
924121,0.6496463128695232
924122,0.8399685284859282
924123,0.23258596424717598
924124,0.99983043011898
924125,0.004942166688030467
924126,0.999327361029704
924127,0.8391491415921802
924128,0.33118318346008213
924129,0.9978009109831235
924130,0.679494062521883
924131,0.5041675705469453
924132,0.029658243383236468
924133,0.9954643598124931
924134,0.7000965298615824
924135,0.9985267041588463
924136,0.9963732318908503
924137,0.9994947705645805
924138,0.005642193611227279
924139,0.015068605794453118
924140,0.9999776858179431
924141,0.994433833836309
924142,0.9826553567831797
924143,0.7817296548502554
924144,0.4839462769775854
924145,0.8593302482181127
924146,0.9997311889433467
924147,0.9986949445970664
924148,0.9978254771938623
924149,0.3972867851227936
924150,0.9829863186362178
924151,0.8000637735250385
924152,0.6195189964667009
924153,0.8827802181693554
924154,0.9994676118155246
924155,0.9983094733635147
924156,0.9479339609737537
924157,0.07971360140079672
924158,0.7951850688855839
924159,0.4595735608380068
924160,0.9997034292384777
924161,0.9011048413767953
924162,0.1334833836740261
924163,0.9721753824904562
924164,0.9952027151799172
924165,0.9657266909420664
924166,0.9997813827852041
924167,0.9996929531333241
924168,0.09642078420333769
924169,0.3230583211513286
924170,0.9996575989710561
924171,0.9996906037283355
924172,0.9361877815862343
924173,0.9751441368213559
924174,0.5413367292663807
924175,0.9991159308867713
924176,0.997807516596751
924177,0.9153843561784829
924178,0.689453934259882
924179,0.9961149706911778
924180,0.9996111847036513
924181,0.9998740157539323
924182,0.4098671927745371
924183,0.7428336154309179
924184,0.09862977891088807
924185,0.38820832382934156
924186,0.9282086426692062
924187,0.8776252062872236
924188,0.8527336799082421
924189,0.9990337534100073
924190,0.8398951470365361
924191,0.9990001517018614
924192,0.3177843354359545
924193,0.37979133167687307
924194,0.6674071338697483
924195,0.8030442793412729
924196,0.04399999418452327
924197,0.9923500111443931
924198,0.9999893863622873
924199,0.9723342075566239
924200,0.9976790555258372
924201,0.30808659477626565
924202,0.3312336141876966
924203,0.9317088415255071
924204,0.9999815609046183
924205,0.9998760259580871
924206,0.7778258616550342
924207,0.9904756499001135
924208,0.9995709975078321
924209,0.06380662274121171
924210,0.14269252744883026
924211,0.9865449485741236
924212,0.7629130402153249
924213,0.9843386172417945
924214,0.5855917343152225
924215,0.019386703293574472
924216,0.1756721059754114
924217,0.9998950415442818
924218,0.9998651144278996
924219,0.009603361870067063
924220,0.9998681338476216
924221,0.9604585880169827
924222,0.9918535142426002
924223,0.36430215014505496
924224,0.573392645897228
924225,0.999876108626491
924226,0.21741427712885353
924227,0.9998096106872622
924228,0.8473436799928641
924229,0.9976651102875299
924230,0.9996187680963289
924231,0.9996706874621122
924232,0.34351361160127336
924233,0.9985535227988278
924234,0.9997412551818794
924235,0.9935597162215165
924236,0.1583005206337967
924237,0.24029918044225856
924238,0.9819502535658625
924239,0.2628008158028404
924240,0.9988022687647462
924241,0.9999414153215751
924242,0.9999576054465416
924243,0.9816141965845184
924244,0.997303876442606
924245,0.18216162716511106
924246,0.8520132835865689
924247,0.9994961850832973
924248,0.13674979202157947
924249,0.9979978262321816
924250,0.9974560145242999
924251,0.9968101919331592
924252,0.04059238925923138
924253,0.9213288502136603
924254,0.9989631488443025
924255,0.1764739609963805
924256,0.7403124528189174
924257,0.9984004752464257
924258,0.9237615423947332
924259,0.6649541623013456
924260,0.5727449199435841
924261,0.6040240648890445
924262,0.9110313898372503
924263,0.03645394496696547
924264,0.6303091260222301
924265,0.9405428072847174
924266,0.23257428257138893
924267,0.2487666072746207
924268,0.9043999548964055
924269,0.9589212331960187
924270,0.9400975939483194
924271,0.7220514537268428
924272,0.4715898767495589
924273,0.11545455587872039
924274,0.9993971271781577
924275,0.08703632812533402
924276,0.994266843655293
924277,0.5420046170328634
924278,0.8925323740646284
924279,0.014144377859418283
924280,0.24603334680219693
924281,0.9889700712813657
924282,0.9095529212004045
924283,0.9999856137759021
924284,0.768141964090734
924285,0.9947459435167524
924286,0.9957642015794432
924287,0.9994126161686564
924288,0.9996860593552057
924289,0.9997589342891801
924290,0.990700472940446
924291,0.8735974241752984
924292,0.9995264178894075
924293,0.9994147195229446
924294,0.33336881783938827
924295,0.5451068649146736
924296,0.49825778645540314
924297,0.999980281272631
924298,0.9998632500595181
924299,0.9972838850811525
924300,0.6534343057833296
924301,0.46639840241976827
924302,0.958304650484794
924303,0.7363656536626277
924304,0.9999475810558741
924305,0.8220318479213455
924306,0.7634049422610841
924307,0.017420851204746218
924308,0.7479338838424138
924309,0.9936387875787112
924310,0.9994821417883156
924311,0.999899986937964
924312,0.9956971511423163
924313,0.9962805941861094
924314,0.9997275616692802
924315,0.9988229747676283
924316,0.390641972093964
924317,0.9421038097223899
924318,0.6680843866846988
924319,0.13683458748102617
924320,0.5585044559356481
924321,0.002947199485478587
924322,0.9995260856879209
924323,0.38298826482315285
924324,0.9885541198167515
924325,0.08932142680433608
924326,0.9826501219697045
924327,0.5438870683373668
924328,0.4807532252359791
924329,0.9904075837159578
924330,0.9434773445353726
924331,0.3482702152709073
924332,0.995521132456421
924333,0.10430263956508458
924334,0.9998249631413438
924335,0.999691039654058
924336,0.02732440381085196
924337,0.5748503617248097
924338,0.07943230614898268
924339,0.7450352711161625
924340,0.18993397057298314
924341,0.9999912497325244
924342,0.033584869451701235
924343,0.23635012645866782
924344,0.9992445819868602
924345,0.9998034678039802
924346,0.9341447290950503
924347,0.9999382522432597
924348,0.7067448143468006
924349,0.9996328427078074
924350,0.9825725160590524
924351,0.621087399530835
924352,0.01993123066614487
924353,0.9546966971495846
924354,0.9998696922985305
924355,0.9911266519314572
924356,0.9998074947785351
924357,0.9996342102935306
924358,0.9846124341638787
924359,0.9996405361705079
924360,0.9997361613881314
924361,0.9979001439684174
924362,0.95734662772388
924363,0.5453086117747085
924364,0.993997316123121
924365,0.6184449764975652
924366,0.994049244794347
924367,0.9974259174695241
924368,0.027767668210146715
924369,0.9999400803683589
924370,0.8617250827933705
924371,0.9954226629229241
924372,0.9996865303110115
924373,0.9668156125727246
924374,0.9276797884424237
924375,0.9678921269707493
924376,0.8563600685330164
924377,0.009847842462333195
924378,0.7526920534841915
924379,0.5205135626543331
924380,0.9999123724718362
924381,0.9996470325549958
924382,0.12765412501348627
924383,0.0485148810652439
924384,0.9802360268090271
924385,0.9977354527039131
924386,0.998001999853122
924387,0.1718586156915019
924388,0.48377579354962486
924389,0.03527323655630179
924390,0.9951670276742917
924391,0.9997957642205029
924392,0.9987038197168348
924393,0.9985739958878173
924394,0.9999574610893374
924395,0.9989337161100937
924396,0.9999148977610843
924397,0.2625148520298973
924398,0.9997349740846487
924399,0.9997742862511032
924400,0.24346825740504313
924401,0.40754490742326654
924402,0.43211123495513026
924403,0.9954469126131371
924404,0.6797003680316795
924405,0.6300767489996986
924406,0.9998427309788125
924407,0.8215426424437544
924408,0.9530179069288236
924409,0.999782365908019
924410,0.9998626720162568
924411,0.9917730480242859
924412,0.9994822411049578
924413,0.9998821442730458
924414,0.9718610276679808
924415,0.09993791146947548
924416,0.8426132162117365
924417,0.9996803648804109
924418,0.9995917426835628
924419,0.9998557562527188
924420,0.3931061277515102
924421,0.99941749065519
924422,0.9957491419680518
924423,0.9992996660476481
924424,0.13657731511946944
924425,0.999920013249166
924426,0.03711564088561912
924427,0.8605752281493418
924428,0.9986300806624062
924429,0.9996082334940156
924430,0.8938281475054635
924431,0.5916367947350678
924432,0.9888017990283826
924433,0.8363278303717485
924434,0.021257188477326334
924435,0.10874215123729179
924436,0.989620135338395
924437,0.9996608184993294
924438,0.9850641405985127
924439,0.9998501186377122
924440,0.9999061277342443
924441,0.99924127293971
924442,0.015904423139675165
924443,0.6416674513534328
924444,0.4761315057905139
924445,0.19548421041268493
924446,0.6785207292146295
924447,0.9588062670116658
924448,0.029621165111535716
924449,0.1460021443018573
924450,0.10527487688963755
924451,0.7068554723961091
924452,0.9961583928512451
924453,0.2737743536489024
924454,0.9647627657603146
924455,0.9990230887201808
924456,0.005467134576225726
924457,0.9797905517785825
924458,0.9997602935479499
924459,0.9997157541360857
924460,0.9979849380143143
924461,0.9992013864019293
924462,0.9999335519520792
924463,0.9998397705085721
924464,0.9744110891877653
924465,0.7809944288120081
924466,0.9003130097786919
924467,0.9998249891471147
924468,0.7240260185610592
924469,0.682335004356042
924470,0.008092337233142679
924471,0.4683834497504278
924472,0.8594125757065969
924473,0.9890441439028184
924474,0.9982606275763062
924475,0.9689154224127509
924476,0.9992221489578536
924477,0.023381126549967067
924478,0.9991959854443366
924479,0.9992422119575819
924480,0.9463671383830314
924481,0.9998403614431752
924482,0.9985999841191482
924483,0.015175351755116435
924484,0.705560673656872
924485,0.999885989070856
924486,0.5692453045248059
924487,0.046387214888463445
924488,0.09166562590592305
924489,0.9999856781313948
924490,0.9492654281325893
924491,0.011792191915870259
924492,0.9521857892270753
924493,0.5436461314622543
924494,0.9959534441274002
924495,0.9849566299434251
924496,0.9997520263362221
924497,0.7193073715471717
924498,0.2920049264786271
924499,0.9048323968847652
924500,0.9999982377600882
924501,0.9997892257671701
924502,0.648722332278856
924503,0.9996428855958239
924504,0.9997424937894737
924505,0.8742074837311015
924506,0.1746143318169193
924507,0.9996727518741632
924508,0.9979503408130594
924509,0.44328032839573445
924510,0.12053150670950429
924511,0.011822845162369148
924512,0.9997556651516362
924513,0.9903297176241225
924514,0.995222885948569
924515,0.9984644617809608
924516,0.9470712457271766
924517,0.9284538330993215
924518,0.9871463019991588
924519,0.03997039517746428
924520,0.998776859738618
924521,0.9999147374560515
924522,0.9986050890507063
924523,0.9994090474149693
924524,0.9999843672256261
924525,0.7011203817973473
924526,0.9935249853635927
924527,0.9902548739905688
924528,0.9526547961805785
924529,0.3541647015643452
924530,0.9998475155203708
924531,0.692320614543192
924532,0.9995221638354087
924533,0.9991473924980693
924534,0.9544332065351812
924535,0.9998375981741123
924536,0.8734428894657738
924537,0.9943527670511381
924538,0.9994040775323907
924539,0.9543864883084723
924540,0.07889928182415244
924541,0.00789521450000816
924542,0.8322540351194245
924543,0.9197674353764133
924544,0.7566051730403016
924545,0.8682140124564626
924546,0.9805369155922024
924547,0.6434653624367035
924548,0.9900847913152179
924549,0.9626363122998567
924550,0.9435996227373211
924551,0.04852726538086894
924552,0.9698557806333453
924553,0.6013755685025555
924554,0.1881212144689846
924555,0.015664233165533382
924556,0.9419847541456055
924557,0.9990845943753983
924558,0.9989233701355122
924559,0.28441067248577284
924560,0.9999797602500007
924561,0.9991621174032538
924562,0.8555321506870917
924563,0.9990439322946032
924564,0.8576625984720667
924565,0.7811126562366506
924566,0.9874368397313086
924567,0.9999539318286391
924568,0.9981500215277979
924569,0.18003387944638502
924570,0.9590406372311127
924571,0.999816358423171
924572,0.7237260382561184
924573,0.9997302435410331
924574,0.09736855189781021
924575,0.968344101155705
924576,0.15584454367435632
924577,0.9998332299215538
924578,0.8526666965345214
924579,0.9016315012844776
924580,0.9357535766162004
924581,0.41200633068737336
924582,0.9999831018310106
924583,0.8085803135831245
924584,0.42429015394058167
924585,0.7040235240015202
924586,0.8715063443997284
924587,0.9996911188614612
924588,0.9977622024527302
924589,0.9999823104029515
924590,0.7274569929483885
924591,0.9926176695799288
924592,0.9998778344203713
924593,0.9568934552503103
924594,0.9985196761118768
924595,0.9384242086553667
924596,0.5101278352500241
924597,0.7731369260079206
924598,0.003510937673070082
924599,0.99856347174989
924600,0.1934060476103016
924601,0.3164461204650494
924602,0.9999372837669288
924603,0.5006588355920502
924604,0.9998582935949278
924605,0.9991343039519902
924606,0.011711437566301691
924607,0.9525533536789463
924608,0.9992478075619118
924609,0.9947056661487472
924610,0.026165470315251994
924611,0.9990041913513126
924612,0.9974254607362985
924613,0.9586905678484636
924614,0.9999059965764134
924615,0.998851526726622
924616,0.01868689897055144
924617,0.9995328348383478
924618,0.20224606474229107
924619,0.9998947717295434
924620,0.9998763225193893
924621,0.5110825305843445
924622,0.044918276224090906
924623,0.04425966557095164
924624,0.5888625995703971
924625,0.9995903329501906
924626,0.05071649271701269
924627,0.9947771929246119
924628,0.10048003509266504
924629,0.9559757273160197
924630,0.9995539501256319
924631,0.963960114909022
924632,0.32477077600224313
924633,0.988144311888381
924634,0.9189156117994817
924635,0.9815507471231754
924636,0.9999076603263177
924637,0.9991965632009242
924638,0.9978712997409194
924639,0.9964086776623544
924640,0.2747013498225165
924641,0.061559891896894474
924642,0.9593294720390462
924643,0.017769790920902317
924644,0.9978876863066279
924645,0.999931303376197
924646,0.9289626691664798
924647,0.9996217906103391
924648,0.18744898930281728
924649,0.8865077634029322
924650,0.9995643583338383
924651,0.03936070500652585
924652,0.9924984266895021
924653,0.18762197681230447
924654,0.6230881274607045
924655,0.10710686822350758
924656,0.9770102096672807
924657,0.9906624751418163
924658,0.027475968056947013
924659,0.9976207142303097
924660,0.4421859563799061
924661,0.8413532235680117
924662,0.10817481221424588
924663,0.9852115385399978
924664,0.9999856429311733
924665,0.581722295655345
924666,0.8047848560564262
924667,0.9998079710014232
924668,0.9998663260683369
924669,0.1669157050259371
924670,0.7538262057447602
924671,0.9980742424357072
924672,0.572522055686065
924673,0.9108219796493937
924674,0.17139612753143763
924675,0.9997559886383172
924676,0.09470285270313553
924677,0.9988368372321359
924678,0.9855855751746363
924679,0.046360227896392825
924680,0.9996598961329726
924681,0.408346471532946
924682,0.9998312964482143
924683,0.5219405778939845
924684,0.12592570677223625
924685,0.996356290528373
924686,0.2895931872630994
924687,0.9950140829287863
924688,0.9982002366416898
924689,0.11714878602563976
924690,0.6796790178258616
924691,0.9922443796296928
924692,0.8699187961810974
924693,0.9994065971037704
924694,0.3636780817626809
924695,0.9999058962045604
924696,0.004666160149071012
924697,0.9999149124838767
924698,0.9997113313233683
924699,0.9348661617204688
924700,0.9997907112990188
924701,0.9996076217119875
924702,0.02167252511337555
924703,0.9598615781702701
924704,0.1077797648283689
924705,0.33362002295088833
924706,0.9103684300983037
924707,0.9914049466112855
924708,0.9993102149431249
924709,0.990050973271616
924710,0.9998197643930226
924711,0.9927403603456606
924712,0.8966614617625319
924713,0.9957306608705949
924714,0.20283044234231243
924715,0.5456500634765309
924716,0.9395063905422033
924717,0.9997010466141198
924718,0.9648118818737503
924719,0.9988969753679783
924720,0.025067145610265636
924721,0.9883971660707418
924722,0.09555534005925087
924723,0.8413831968981931
924724,0.003374116123815514
924725,0.9968244734401732
924726,0.9999933226432942
924727,0.9516459691890935
924728,0.9910838737348692
924729,0.9997752480925606
924730,0.9276300011547832
924731,0.7189862455103267
924732,0.7070126167730153
924733,0.11311278269455363
924734,0.29821761772374156
924735,0.01794633549926098
924736,0.9983078071863158
924737,0.9998416449767216
924738,0.9992882266304219
924739,0.9380884029127996
924740,0.9992759368869288
924741,0.5302572167219703
924742,0.9890249950613104
924743,0.9943196791370461
924744,0.10654941998167097
924745,0.689449155862284
924746,0.9999770589143562
924747,0.9999690951385843
924748,0.9996877451085417
924749,0.016583209690003736
924750,0.9634177703748843
924751,0.3448669964173676
924752,0.9478901525645331
924753,0.9264605808360353
924754,0.9999564695304111
924755,0.06220997248661507
924756,0.9999837586015271
924757,0.4241730551092278
924758,0.6493709477405438
924759,0.08953342618210643
924760,0.9974531317386834
924761,0.7026282987030037
924762,0.5655229165386649
924763,0.9979539370516979
924764,0.00047580731117199395
924765,0.5371200877024551
924766,0.9989224091803546
924767,0.9987390478885206
924768,0.9983326968434818
924769,0.9852281833456128
924770,0.9980051905246056
924771,0.9994642759665184
924772,0.05823323601264292
924773,0.28498911535463195
924774,0.9993254122467374
924775,0.05444720352504728
924776,0.7850240180864021
924777,0.9968354296995613
924778,0.9722026281018264
924779,0.5115492021150412
924780,0.07479983455727512
924781,0.9978779441135024
924782,0.8293980621551297
924783,0.9998127907633468
924784,0.9917860386677833
924785,0.020604625660415623
924786,0.7859202400795571
924787,0.7666794713255625
924788,0.8735360959958587
924789,0.014184186757301046
924790,0.8258999962120348
924791,0.8559908205071396
924792,0.6639774999865304
924793,0.6172622142744738
924794,0.9998745289504407
924795,0.4258095529764523
924796,0.999894560849986
924797,0.9524786497903039
924798,0.9386216658320692
924799,0.9998607603549179
924800,0.9998092719663234
924801,0.9996673046778422
924802,0.9740579107374141
924803,0.03745545638934876
924804,0.9803107503016527
924805,0.8721388695562775
924806,0.8921578305975822
924807,0.08363875279150916
924808,0.9714813827741893
924809,0.07318821232603359
924810,0.9998740023184547
924811,0.918668604088404
924812,0.8906773541970788
924813,0.3167137433252473
924814,0.9292811212231754
924815,0.3750620541269253
924816,0.9965242562082686
924817,0.3145189559156247
924818,0.0013898729870472346
924819,0.969812467046617
924820,0.9396496097025603
924821,0.5651896969380441
924822,0.05369734868853347
924823,0.9958017378983652
924824,0.9936593690327208
924825,0.25913522842335357
924826,0.9972925872061267
924827,0.032896489418748995
924828,0.2739242907818621
924829,0.09910442503013907
924830,0.9986600572782437
924831,0.9984016736568786
924832,0.9995204084795843
924833,0.9999644446385239
924834,0.7361681554529473
924835,0.1921265684803649
924836,0.2482207852587064
924837,0.9539765935332053
924838,0.8404458785521335
924839,0.6980292346857363
924840,0.9620287757811365
924841,0.9944503043046578
924842,0.9997243736923945
924843,0.13024024342932214
924844,0.9997094911357932
924845,0.9989995648439258
924846,0.9995050437627921
924847,0.9468209963240601
924848,0.9998468312550776
924849,0.9998437544772334
924850,0.9997766406771219
924851,0.9999149736746233
924852,0.6430594458447187
924853,0.9819551873304508
924854,0.8711425699268186
924855,0.9210146977269418
924856,0.9993766081762743
924857,0.8274440221550294
924858,0.99935798597907
924859,0.13174037941655067
924860,0.8598360042948503
924861,0.025929146082411137
924862,0.9999856861482121
924863,0.0034203698041513205
924864,0.31837616128262736
924865,0.9999736900993679
924866,0.5230248524056949
924867,0.9999123016392236
924868,0.9997378279897482
924869,0.9999704111796257
924870,0.9972848985916137
924871,0.06330081212278253
924872,0.9800793091118336
924873,0.5494402222145451
924874,0.5285418144672559
924875,0.7322562640237003
924876,0.06473859921231981
924877,0.9997943298037699
924878,0.33353089676938763
924879,0.9253482698803449
924880,0.9996221029720372
924881,0.9995256221928464
924882,0.12174027621107783
924883,0.9992744941131523
924884,0.4741472208036953
924885,0.8754072045336208
924886,0.9993582126061753
924887,0.07198110687989445
924888,0.091899500687256
924889,0.20103968761172264
924890,0.9621672994800426
924891,0.9604421773194236
924892,0.999469484162502
924893,0.08704979374933004
924894,0.9984720347818704
924895,0.9997027335294176
924896,0.9829914508019597
924897,0.9815385418859801
924898,0.9998660841464806
924899,0.6441441883019374
924900,0.03187487085675997
924901,0.9373605939939842
924902,0.7430396947231979
924903,0.9869959490685423
924904,0.6439015144323491
924905,0.9867922510282832
924906,0.9985270584891484
924907,0.10509636436378134
924908,0.9991304646845446
924909,0.4462220698563736
924910,0.47214634707253783
924911,0.9927887278765449
924912,0.9945711515981931
924913,0.08546702124858868
924914,0.9516175369346136
924915,0.9866722155143918
924916,0.999446021517894
924917,0.9301933222967333
924918,0.9269312121870967
924919,0.6925726379817214
924920,0.005115402835047154
924921,0.9969001100039114
924922,0.04863501133869147
924923,0.9016393433063148
924924,0.8228529492172787
924925,0.9995696295565104
924926,0.9573951794220905
924927,0.6226056879946699
924928,0.913557367158108
924929,0.46311974865401595
924930,0.8907293936307011
924931,0.3185785959897818
924932,0.6583381328353608
924933,0.9999456301265811
924934,0.8487034334519807
924935,0.9618667792570845
924936,0.8520255186849977
924937,0.813634736589163
924938,0.9998171868864792
924939,0.04065955804846452
924940,0.05680387211290569
924941,0.9806791457110158
924942,0.15054830269196467
924943,0.19678851618258109
924944,0.1086505788756455
924945,0.0784130573090374
924946,0.8750997086100076
924947,0.9991761514406468
924948,0.791463157507498
924949,0.008595342045108723
924950,0.9756191614594036
924951,0.6663713877075159
924952,0.9927009056082381
924953,0.9996256598303221
924954,0.9999865760438102
924955,0.9814332158386834
924956,0.5301456301726336
924957,0.9971130319777208
924958,0.1732699305648091
924959,0.9953152802979921
924960,0.7704752149698793
924961,0.03988192035734515
924962,0.30626038787346305
924963,0.9953254038847781
924964,0.999524013097703
924965,0.6261707948130312
924966,0.013029165298636493
924967,0.2556925015041725
924968,0.5749989551536567
924969,0.4320712256539043
924970,0.8267816116627473
924971,0.9987041993985756
924972,0.21376852725250234
924973,0.9288377939856625
924974,0.12503801202396858
924975,0.9312664413434472
924976,0.5816534591422751
924977,0.5537451123323514
924978,0.9657787801769596
924979,0.9989402847370066
924980,0.6962044789202368
924981,0.9999253397659527
924982,0.5865671481219907
924983,0.9997620217234426
924984,0.9031546704278384
924985,0.9999634300731294
924986,0.9795524601876748
924987,0.9955237354626993
924988,0.3501702515700369
924989,0.9998397209958813
924990,0.5420754680072289
924991,0.008316628934899475
924992,0.7389229274714735
924993,0.9990077885114097
924994,0.4916344995460702
924995,0.5263244644668422
924996,0.999744610587873
924997,0.1556786494674114
924998,0.5106715838974392
924999,0.9999338775050426
925000,0.011696255447615654
925001,0.948436234073445
925002,0.6389081591223109
925003,0.09291783460519056
925004,0.03492301174777403
925005,0.0787043348423401
925006,0.6098787815775599
925007,0.11880096192335453
925008,0.9998230705037776
925009,0.3122624925886417
925010,0.6758155214720587
925011,0.9999854835126478
925012,0.9994438271336147
925013,0.05705562195672248
925014,0.7150091867847768
925015,0.7392449942349321
925016,0.9069576706323691
925017,0.006211085055587165
925018,0.9915507353856736
925019,0.9990989249391842
925020,0.17037994507281828
925021,0.9974336532380446
925022,0.9984364723645057
925023,0.5863888189183986
925024,0.11727767054093396
925025,0.3220430506953727
925026,0.9151490609387152
925027,0.997872998472655
925028,0.9218901130394085
925029,0.27067910729830863
925030,0.4073656331980042
925031,0.9984189989526612
925032,0.5331146504795784
925033,0.7574544813039714
925034,0.23020572107616313
925035,0.8208253213240517
925036,0.992582267649348
925037,0.9662249789085828
925038,0.9892616956346767
925039,0.006088944926174997
925040,0.9999680233856424
925041,0.9356541823596153
925042,0.5918241406625893
925043,0.18299847058573088
925044,0.017650685892564015
925045,0.7854485223548007
925046,0.34007822790018405
925047,0.9111417161868924
925048,0.21010313831631205
925049,0.9983288214742716
925050,0.9994849768624057
925051,0.18848925272447775
925052,0.9999331159446434
925053,0.9996846360996192
925054,0.017373044422307554
925055,0.999542836765137
925056,0.9990104192151698
925057,0.6076669496680586
925058,0.9127980812383156
925059,0.9927088055181608
925060,0.9271258794997712
925061,0.9994278168093917
925062,0.9956722619630674
925063,0.3378729466218925
925064,0.7357391072518307
925065,0.4784798036675393
925066,0.9993222422118838
925067,0.2209135295191474
925068,0.9767197384072122
925069,0.2392064390754527
925070,0.49879019892794657
925071,0.9191805015611576
925072,0.8553601810103144
925073,0.7315842448877212
925074,0.03304854275040211
925075,0.9857913738864834
925076,0.9979339671892431
925077,0.9518461586482725
925078,0.9959745112212998
925079,0.9933719652348841
925080,0.9963249767846432
925081,0.9999878768004751
925082,0.9999383000139865
925083,0.7056121445399028
925084,0.9425490590134207
925085,0.9999677441655368
925086,0.7786297392394623
925087,0.979252017178432
925088,0.8736801778436734
925089,0.4077207959501198
925090,0.8838096627728895
925091,0.9999768333934613
925092,0.9999800397543517
925093,0.9981522817753554
925094,0.7815367543193759
925095,0.9995576354520648
925096,0.5337707834245827
925097,0.9986743668595377
925098,0.9945761188415205
925099,0.9999745985023549
925100,0.1273513632876343
925101,0.18448820968682478
925102,0.9988318800472864
925103,0.9989180897687112
925104,0.3114289784483472
925105,0.9998751519289949
925106,0.990865452619403
925107,0.28435386712646765
925108,0.7825648500665867
925109,0.9989307231991736
925110,0.99761621431059
925111,0.8712469708931702
925112,0.7344392518304279
925113,0.7992108057114784
925114,0.893580054497505
925115,0.9762314122872866
925116,0.3593893334854308
925117,0.15233456267159068
925118,0.9998875376074298
925119,0.9961021613210674
925120,0.9993800950732782
925121,0.9399976298045141
925122,0.9993887371732002
925123,0.9845902715706687
925124,0.992889499958232
925125,0.4274001238666495
925126,0.9956278749751961
925127,0.6136018186912441
925128,0.9997545032271151
925129,0.3627442882359865
925130,0.984726524980629
925131,0.9941091148028129
925132,0.018070036485961973
925133,0.9960858997241294
925134,0.2786512811873828
925135,0.6401983011214427
925136,0.9860047935573452
925137,0.9944903609929354
925138,0.6987542866977166
925139,0.974895072898212
925140,0.9997135117048481
925141,0.9137824797777241
925142,0.49276364076482726
925143,0.14583769395145657
925144,0.012453650900778055
925145,0.6836193909287844
925146,0.9995519142120934
925147,0.9770836261760982
925148,0.9747423763596894
925149,0.0052199587541902105
925150,0.8560075355050397
925151,0.9998928663782084
925152,0.9974818536010635
925153,0.33971318196500444
925154,0.2683032974059346
925155,0.008507545454431081
925156,0.0823318606940932
925157,0.8821933821632882
925158,0.5094601318362294
925159,0.9998530420853093
925160,0.9200029693420457
925161,0.009612874464217689
925162,0.9998373192579957
925163,0.4673147488569034
925164,0.5754464822733386
925165,0.9772238686972874
925166,0.00588463831531329
925167,0.9994928049556945
925168,0.9927155430667205
925169,0.5979912526181946
925170,0.1460254422658647
925171,0.9996497008348445
925172,0.31506057221143285
925173,0.930711383954592
925174,0.9999172552893592
925175,0.6221128603634823
925176,0.9995834483784727
925177,0.7145979203179692
925178,0.9999587727119006
925179,0.031238421834520233
925180,0.9254516249688138
925181,0.7442803521295861
925182,0.0036411539360047757
925183,0.9997857644227319
925184,0.6960011826466603
925185,0.6074774518614329
925186,0.9991457468818634
925187,0.6365706839137872
925188,0.9996701088242139
925189,0.9999060254565766
925190,0.4844826251763779
925191,0.8276709798770608
925192,0.11758758555653398
925193,0.9908350157087764
925194,0.8338364711156856
925195,0.7453533602708524
925196,0.6682989916917446
925197,0.5142846088075088
925198,0.9776595628622093
925199,0.9997959864425582
925200,0.09058438479343127
925201,0.9895534466022631
925202,0.1836387951858507
925203,0.998804642352064
925204,0.010923429589846167
925205,0.9790730554004222
925206,0.10034158053043057
925207,0.9513021042282109
925208,0.8648566184178379
925209,0.9177745607943356
925210,0.9950223531246822
925211,0.8801787653466782
925212,0.9996183615549821
925213,0.8080790147195838
925214,0.015303399021364725
925215,0.9565061956701453
925216,0.831180435046376
925217,0.5263391519907079
925218,0.9999461346156466
925219,0.06355640415427333
925220,0.2786934808573709
925221,0.06317391708082241
925222,0.999350333195599
925223,0.9998272703871763
925224,0.9985454087434137
925225,0.9998742666156935
925226,0.49073963892957495
925227,0.9977048840177497
925228,0.44364158020565536
925229,0.992033640627208
925230,0.9999231690011361
925231,0.9999789050201766
925232,0.8159070061656246
925233,0.9842174910375985
925234,0.21023711527495786
925235,0.999851891004375
925236,0.1674954316382256
925237,0.9999546800862575
925238,0.210720988009933
925239,0.9966685605221812
925240,0.0726488572957927
925241,0.004428336151411279
925242,0.8427227325341893
925243,0.371621761118603
925244,0.996449690197089
925245,0.32455837352411465
925246,0.9999857092239384
925247,0.09232095255403666
925248,0.632424941580816
925249,0.5129905473171307
925250,0.3819416925026773
925251,0.06653416670839377
925252,0.03584886053645138
925253,0.9999518713820519
925254,0.9993596523605225
925255,0.9959744760581769
925256,0.010635205380333497
925257,0.9873756666959768
925258,0.9999002560199445
925259,0.999752033606443
925260,0.9993764098282947
925261,0.48280072906484806
925262,0.9980649304159658
925263,0.999887411589959
925264,0.6417915511450543
925265,0.6630942746949297
925266,0.9999759493901967
925267,0.999812109945247
925268,0.9998788955146798
925269,0.9998155438951586
925270,0.00890409051656876
925271,0.9998876410801827
925272,0.9488092124984674
925273,0.035256294033981186
925274,0.05549036111953178
925275,0.006931573090437739
925276,0.4231404154669893
925277,0.9539482729288564
925278,0.603557665135459
925279,0.6411083709630137
925280,0.8456839849707894
925281,0.9686590420502814
925282,0.9921852556047013
925283,0.4144810972710806
925284,0.999941918885194
925285,0.04877485706829339
925286,0.9992747890228355
925287,0.15443042474708848
925288,0.7223399890902318
925289,0.5239446795176957
925290,0.8101188209514993
925291,0.950389997265273
925292,0.9730564466361524
925293,0.31315742761715787
925294,0.10079773732575227
925295,0.27109450596930634
925296,0.040734337602493995
925297,0.5377198139306999
925298,0.05678515995853806
925299,0.09740153553928718
925300,0.6082814785428837
925301,0.9978174123032517
925302,0.9998089612281851
925303,0.9999855947752612
925304,0.8247691352146711
925305,0.4167855429453791
925306,0.701717642476854
925307,0.956249249555211
925308,0.9219403412941443
925309,0.1520910985950471
925310,0.9997659485627006
925311,0.9111389668349779
925312,0.9998324393974037
925313,0.9650455620835205
925314,0.9982879319948686
925315,0.999538697848695
925316,0.9999542383368356
925317,0.8760909918690687
925318,0.9998513959070778
925319,0.9997466008525604
925320,0.9965034122268002
925321,0.9998264862635899
925322,0.9303837956698796
925323,0.9078416846535371
925324,0.9799627413568901
925325,0.9021666313158887
925326,0.8318347801957486
925327,0.9983142471368334
925328,0.012271892686038477
925329,0.9999760669666924
925330,0.04997830253324395
925331,0.661268827462532
925332,0.9995179662046155
925333,0.9872236500872968
925334,0.6981267888456314
925335,0.99971928739514
925336,0.40610042235850624
925337,0.5091394079391993
925338,0.1842083105255007
925339,0.35064583183648845
925340,0.9886745562110371
925341,0.6712782004299408
925342,0.4621445820036186
925343,0.16586824300194958
925344,0.9993646332496586
925345,0.0869336487359168
925346,0.999744107620153
925347,0.9999663721103773
925348,0.9363295858011123
925349,0.41854605702308356
925350,0.9996632020200882
925351,0.9974739007106155
925352,0.99973801690531
925353,0.999684287751632
925354,0.8592560368643349
925355,0.6873997835670825
925356,0.9998664894447322
925357,0.9974408987315839
925358,0.4023132167001676
925359,0.6834263687137105
925360,0.7344580972569621
925361,0.9305652761986123
925362,0.36984929166864633
925363,0.4758105727554186
925364,0.025068645081724256
925365,0.04345993355122042
925366,0.9998954421624449
925367,0.12509819074436113
925368,0.6972577873360464
925369,0.9916143619088329
925370,0.9997091070064477
925371,0.8860682203557292
925372,0.1066035331359446
925373,0.9168463038769853
925374,0.9997321322517279
925375,0.07804129905771781
925376,0.48856802686611234
925377,0.9996968910036869
925378,0.22728814721626966
925379,0.013313330091046984
925380,0.9999754988421866
925381,0.00604201498857377
925382,0.9973597902500968
925383,0.2608380464563468
925384,0.9999133522587385
925385,0.8894259453027009
925386,0.9997247864950397
925387,0.9662185057581802
925388,0.08364755510736996
925389,0.9996265395096509
925390,0.9336131027965586
925391,0.9301959524272918
925392,0.9994638218061705
925393,0.29239103172215347
925394,0.9993122526666915
925395,0.9998825427721229
925396,0.07748556947864385
925397,0.18987488533908747
925398,0.9998823768750039
925399,0.9443080854674653
925400,0.9992071500743037
925401,0.34683837121617306
925402,0.9178135019450282
925403,0.9975249951733852
925404,0.980679951806823
925405,0.9995045861642097
925406,0.2720877266399057
925407,0.25531445246196777
925408,0.12136011592403771
925409,0.9964354985259518
925410,0.9954490668531398
925411,0.3781432058928802
925412,0.25271768305985465
925413,0.569551730965294
925414,0.0379869068073525
925415,0.5605959415022144
925416,0.9955483382709256
925417,0.9595735066564631
925418,0.9749329934649453
925419,0.9128572454295636
925420,0.0034005123527813914
925421,0.9821149188284195
925422,0.8266247258403503
925423,0.9992820037675079
925424,0.996534750840968
925425,0.9990602645681304
925426,0.9960564208488683
925427,0.9999306571558298
925428,0.9982418319040494
925429,0.9924200860094469
925430,0.9985518198696786
925431,0.5589919420205589
925432,0.9980261534121937
925433,0.31184396189726804
925434,0.9390617121871748
925435,0.9991977263184384
925436,0.999409779429048
925437,0.9965963052472734
925438,0.8454877591835531
925439,0.9818433135636421
925440,0.9848770845648024
925441,0.5880758896451584
925442,0.9932764600181669
925443,0.9371372927058599
925444,0.9989096238266197
925445,0.9986105282259026
925446,0.9483624346725461
925447,0.25991060796862003
925448,0.4077873501563099
925449,0.99989233720103
925450,0.9979377122681712
925451,0.6520000520125229
925452,0.4631094190158006
925453,0.9997265309141725
925454,0.9962066405262104
925455,0.888723600266043
925456,0.9998362924441674
925457,0.9688805800875993
925458,0.07134943007699254
925459,0.004076178399214971
925460,0.4410504543151388
925461,0.024830856877241198
925462,0.04260438297174892
925463,0.05345393133705302
925464,0.9788454011261138
925465,0.9725183590431461
925466,0.6272904095475723
925467,0.8322784215547634
925468,0.4678404162069911
925469,0.9999372050159943
925470,0.9998405756179196
925471,0.9995535773049469
925472,0.9159772277900003
925473,0.15194475096581148
925474,0.7377552569524085
925475,0.9952034015826456
925476,0.6625534688247102
925477,0.9958748008976803
925478,0.9997656318749091
925479,0.04971698662905623
925480,0.15613337117235895
925481,0.9923807608219823
925482,0.6937137876971087
925483,0.7007011806530652
925484,0.7593474487787342
925485,0.9914998730143743
925486,0.9999769572762718
925487,0.9502909026085579
925488,0.9501020996583216
925489,0.9982417039105025
925490,0.06480231894913312
925491,0.999946258506457
925492,0.01745154122736373
925493,0.9970651362414228
925494,0.9996401512997802
925495,0.9746151005261048
925496,0.995346610220456
925497,0.023241649546519916
925498,0.8358905435743065
925499,0.998960936816504
925500,0.9971670540673023
925501,0.0679580803545786
925502,0.9794965243173936
925503,0.9991672977147016
925504,0.8989193919475507
925505,0.9934204697939941
925506,0.9998567770250315
925507,0.9995349617241642
925508,0.8810563615727252
925509,0.9973110665462427
925510,0.32970884908547826
925511,0.11709505810598093
925512,0.9997659804342421
925513,0.03461048719818775
925514,0.664195790066948
925515,0.445276796391904
925516,0.9964671913545912
925517,0.9999796750990042
925518,0.9997024795697411
925519,0.998035036895526
925520,0.9316183789601165
925521,0.40694704757890643
925522,0.838451067864391
925523,0.6626124470357911
925524,0.9999532050824194
925525,0.84535592706173
925526,0.11119893496249769
925527,0.9925875661040104
925528,0.9992911072491455
925529,0.9905460112726538
925530,0.3601839222482066
925531,0.9994789185049545
925532,0.9999597670454231
925533,0.09898407771641343
925534,0.9997645114734364
925535,0.9998038275206079
925536,0.9849569564400628
925537,0.9833004967164165
925538,0.9599294780304762
925539,0.07015137914177869
925540,0.8379341070719193
925541,0.9951097379815617
925542,0.027721368132626836
925543,0.0018551474234915438
925544,0.7530985370998022
925545,0.9488305129478425
925546,0.9995386373526007
925547,0.9974794763620021
925548,0.9999965473718155
925549,0.9983290923859518
925550,0.9959370825838281
925551,0.97184787017898
925552,0.9740493801219405
925553,0.014970776537215468
925554,0.9431966929504667
925555,0.5712246251675716
925556,0.9998619165958884
925557,0.9997903960527381
925558,0.39495775620622176
925559,0.9999089871109825
925560,0.9999660291930299
925561,0.8419280496971826
925562,0.9879132581791451
925563,0.9981777971446002
925564,0.9934865242544773
925565,0.996947222689466
925566,0.21538926168396
925567,0.9997964304453342
925568,0.7863116472688602
925569,0.9999316057048758
925570,0.9986329809638688
925571,0.06150699597451298
925572,0.6274742835505667
925573,0.07148591126915328
925574,0.9963902586530997
925575,0.9991480283042333
925576,0.06503474728224196
925577,0.9687213986119987
925578,0.11952207745063562
925579,0.33942264534763245
925580,0.4304307099329914
925581,0.9975761232578361
925582,0.14584724271141383
925583,0.18401570517718857
925584,0.8700122614966744
925585,0.6652985531433504
925586,0.975654172376171
925587,0.9988029331434303
925588,0.6815339296267342
925589,0.9944191691086882
925590,0.9998631165038103
925591,0.9994821019687958
925592,0.9984312639949888
925593,0.9996081634514481
925594,0.9973726076285312
925595,0.9999256121225901
925596,0.9998024976777871
925597,0.9912414440603268
925598,0.9981417906627299
925599,0.9996353626862073
925600,0.5972771960387918
925601,0.02387783468895595
925602,0.30660862525183313
925603,0.9901117376679933
925604,0.9986788746988003
925605,0.46133518734964984
925606,0.9934842021164647
925607,0.9990930490233738
925608,0.9711585321661844
925609,0.7843282178004485
925610,0.6026880704265372
925611,0.03569750953128277
925612,0.1908964958383865
925613,0.014563719851763815
925614,0.9754744361488311
925615,0.08845783343493942
925616,0.008025960358392663
925617,0.9999349835392727
925618,0.023650422553425813
925619,0.18611626172409712
925620,0.9978525982776949
925621,0.9994227781135565
925622,0.9991657769419222
925623,0.38169468706672993
925624,0.060363871647659995
925625,0.20020192647281906
925626,0.6021413745924988
925627,0.9715167449333452
925628,0.959847718661025
925629,0.04327587555657755
925630,0.7360447883868143
925631,0.026820890081814854
925632,0.9983934380971102
925633,0.8212262130229091
925634,0.6709724406125822
925635,0.9999042174281793
925636,0.9995792636901003
925637,0.9979905971898656
925638,0.8168783688471263
925639,0.06135878411900435
925640,0.9996669654623076
925641,0.9009831484157056
925642,0.011122556837253206
925643,0.5849458989243846
925644,0.7028619984332429
925645,0.9988599533890655
925646,0.0037894945387601355
925647,0.04308482132397107
925648,0.9819028404518095
925649,0.6475609878109377
925650,0.8963417222677693
925651,0.9999019399776485
925652,0.05037240242800846
925653,0.9998001566443157
925654,0.628154606538006
925655,0.855464637183073
925656,0.6401203780637359
925657,0.9999174505367712
925658,0.013201712688571603
925659,0.9998547071074801
925660,0.9997167542250108
925661,0.9997729478212711
925662,0.9992878066268671
925663,0.43325052738039127
925664,0.8939323073495753
925665,0.9992901930180039
925666,0.9947730641654733
925667,0.9999304985134803
925668,0.9257937076841609
925669,0.9999666787487778
925670,0.7130084638084904
925671,0.9999467146029692
925672,0.6566463916434523
925673,0.9998518742375793
925674,0.8864228709815508
925675,0.012048676597771648
925676,0.9998645463125412
925677,0.9998164144777726
925678,0.5482031885988058
925679,0.9999781666850092
925680,0.9605541583359869
925681,0.9999445765587737
925682,0.028004580053932634
925683,0.35245288092897703
925684,0.9933936323286471
925685,0.999887159557248
925686,0.14587812544552864
925687,0.872424851164467
925688,0.9999640717965572
925689,0.7231610404662097
925690,0.3616044873426657
925691,0.8098185772721016
925692,0.7770901082936504
925693,0.9999917486079267
925694,0.9728434038811773
925695,0.9905574182243575
925696,0.9999832916655472
925697,0.5890386682692467
925698,0.977521086458444
925699,0.3841724583833175
925700,0.8451502884178683
925701,0.999894531102993
925702,0.7115073042443464
925703,0.03946455436260296
925704,0.9345232931778615
925705,0.21957899876404663
925706,0.07984958361611108
925707,0.9951185173669296
925708,0.7822655171133177
925709,0.908154570053307
925710,0.09805266331166025
925711,0.9998850818570788
925712,0.999233981179551
925713,0.47900211380514646
925714,0.9996243925684888
925715,0.99595025694345
925716,0.08834510435956164
925717,0.5796045985428757
925718,0.49867438234792727
925719,0.5162386849028511
925720,0.9999712112018431
925721,0.9998122308809965
925722,0.006750584961455793
925723,0.8443845263907013
925724,0.29418219694288394
925725,0.9995593574682712
925726,0.999966167054301
925727,0.24462617477595988
925728,0.31086220101860684
925729,0.9999604041395311
925730,0.9895177641928807
925731,0.9851047444390698
925732,0.9481044891587178
925733,0.9996313302730401
925734,0.7765060609208186
925735,0.9736834240189902
925736,0.9968446957980879
925737,0.9998914597909929
925738,0.0048642063461361105
925739,0.9928897094014726
925740,0.24015110138107226
925741,0.9867663529283449
925742,0.1115180048374873
925743,0.9849875721787996
925744,0.009685198753782497
925745,0.8415563581044736
925746,0.9891144458350483
925747,0.3925954908347311
925748,0.025266720586325956
925749,0.23379536490462047
925750,0.693937555119748
925751,0.9999468891721528
925752,0.9999825647689847
925753,0.020581717450652234
925754,0.5004414396689117
925755,0.7486759937568765
925756,0.05524386830316638
925757,0.9985620674262468
925758,0.9998767980645868
925759,0.9971761512873039
925760,0.2909557870906091
925761,0.9922141030717992
925762,0.8949022277865046
925763,0.9922082047910129
925764,0.9811157763526075
925765,0.8141843707089805
925766,0.04058437864323375
925767,0.9992597427847321
925768,0.9995540171751791
925769,0.9965042992629234
925770,0.7526187793595843
925771,0.9988524851205938
925772,0.9999516979971297
925773,0.9876480267498743
925774,0.9998983695440464
925775,0.4091244559640611
925776,0.9855375108423019
925777,0.9253369533033146
925778,0.4207993795257658
925779,0.8487378141367821
925780,0.9980793114472393
925781,0.6440955018214393
925782,0.8803794774956863
925783,0.18007275113177929
925784,0.9996091189287104
925785,0.2029234645588927
925786,0.9999506715067321
925787,0.7074130131284081
925788,0.9932278271252752
925789,0.7458125354307575
925790,0.8619553679812335
925791,0.9999600185395161
925792,0.9996671877389414
925793,0.0024446864945638965
925794,0.9999677407763439
925795,0.9993944911488315
925796,0.9978960996157874
925797,0.9855600134757492
925798,0.9778285704373055
925799,0.1584867797712395
925800,0.7244795610006771
925801,0.9962818714661135
925802,0.9938668331091172
925803,0.8293219211734243
925804,0.11481614463561757
925805,0.1543953869974999
925806,0.004866095309264062
925807,0.9998217011679682
925808,0.7092775960801434
925809,0.9992748522276003
925810,0.9207137850938698
925811,0.7678225836697193
925812,0.8976243116131157
925813,0.75458348632954
925814,0.9777008736917578
925815,0.641268421490214
925816,0.0188699322987908
925817,0.9782796630752061
925818,0.7449439069206745
925819,0.4827754937957638
925820,0.9977864912936838
925821,0.35502305643745213
925822,0.47646937407317874
925823,0.01749101697845755
925824,0.20349863246234162
925825,0.999827032140999
925826,0.18517987878844544
925827,0.770593688013802
925828,0.9975535089909634
925829,0.8852132419393716
925830,0.9941503178650275
925831,0.9600704278278757
925832,0.9999283989345037
925833,0.19534279556119727
925834,0.9079034929098447
925835,0.9994755826878011
925836,0.534179806041624
925837,0.8836931791387846
925838,0.9925105702343856
925839,0.9955088539320512
925840,0.7922720261538249
925841,0.9989648493987257
925842,0.4930774062803323
925843,0.9239678886086689
925844,0.9876280697941943
925845,0.9997567510917571
925846,0.01617217183524403
925847,0.9428079577669846
925848,0.9968629994662564
925849,0.9862709319528822
925850,0.02131096945848851
925851,0.9942161471486903
925852,0.36147534860434055
925853,0.9928156916638543
925854,0.9999348177851146
925855,0.9772723305552571
925856,0.7779798560177831
925857,0.5616308570737766
925858,0.9995272895436244
925859,0.9984060412683053
925860,0.9998124670114263
925861,0.6214312299156086
925862,0.9736324687099733
925863,0.50010777594818
925864,0.5385185928261358
925865,0.9994283560084554
925866,0.9991450695716944
925867,0.4079712386182244
925868,0.9291151748261618
925869,0.9981761834792606
925870,0.11887732417894008
925871,0.37761034473778365
925872,0.9999253847887825
925873,0.9966785943310916
925874,0.5669754074464511
925875,0.9996695848254009
925876,0.998619114030693
925877,0.17454494103253307
925878,0.999616601925809
925879,0.5018642263348452
925880,0.9999099152380975
925881,0.9996350465918913
925882,0.9659220796925957
925883,0.9936603876421335
925884,0.025835816635790113
925885,0.6594290002454539
925886,0.9998766840809638
925887,0.3760218975780638
925888,0.9975330717735413
925889,0.9995790182908213
925890,0.9864122060538354
925891,0.5136790274183872
925892,0.9993482677275615
925893,0.9999914625244564
925894,0.6470886539876757
925895,0.8999627195132129
925896,0.9967529560614848
925897,0.8924593412490789
925898,0.9999592130823082
925899,0.7208998747019654
925900,0.9995870241595983
925901,0.9976800054454615
925902,0.18918425046729936
925903,0.02105762804409864
925904,0.007268083502509515
925905,0.8559025828916744
925906,0.3300182067392571
925907,0.010774735333241171
925908,0.9999868060158696
925909,0.9823875102469687
925910,0.6793397939158068
925911,0.3324455317139721
925912,0.3848495895073985
925913,0.8751424560421648
925914,0.9999546333901106
925915,0.24857354493440997
925916,0.3518829126452307
925917,0.1399228133831799
925918,0.9998340280331584
925919,0.9999151418770105
925920,0.4415942100085502
925921,0.9993676822260503
925922,0.16827430421912726
925923,0.9944839066634603
925924,0.999954737785802
925925,0.9997848921178416
925926,0.14894802865711174
925927,0.9479939950789614
925928,0.02298903445281913
925929,0.9889958769109555
925930,0.40518803813531207
925931,0.4445259745297475
925932,0.9997294634405568
925933,0.998566312868827
925934,0.9998696073569258
925935,0.660845266800759
925936,0.9999695089724272
925937,0.8084464258005335
925938,0.9304392728794079
925939,0.6970065705367949
925940,0.9967510997394978
925941,0.997318171972482
925942,0.9991846260103457
925943,0.9994199352036214
925944,0.510634516960885
925945,0.4378937146867549
925946,0.7867458608913893
925947,0.9965693574337532
925948,0.705775231955769
925949,0.9992890730825943
925950,0.9997470322030038
925951,0.9999383465310774
925952,0.9999875685613501
925953,0.14216420980091982
925954,0.9956155291187414
925955,0.3397146133204896
925956,0.03326120798607768
925957,0.6062714000118097
925958,0.010077846202791839
925959,0.7052093986475143
925960,0.6857290321467882
925961,0.9999509147459991
925962,0.9999099767269585
925963,0.9996005261407271
925964,0.9036420420468572
925965,0.9473652965934373
925966,0.974354615249029
925967,0.00044334367465441676
925968,0.6879275510258764
925969,0.99990538430634
925970,0.3910157152672873
925971,0.996767520998473
925972,0.9996160631994293
925973,0.9997209527720056
925974,0.8793669487422043
925975,0.9928043939374146
925976,0.9995397696216307
925977,0.14971036401231808
925978,0.9949776348535326
925979,0.9999656689286684
925980,0.04943710592936057
925981,0.7839435776678083
925982,0.9642272913005673
925983,0.8840271262545282
925984,0.9999060051173421
925985,0.8331438584138331
925986,0.9998671124274132
925987,0.9998380546782022
925988,0.8544196201634615
925989,0.9950080344917025
925990,0.913527127764657
925991,0.9981647720153255
925992,0.8807813883071982
925993,0.16531662953311718
925994,0.7644949717653196
925995,0.24999252524600052
925996,0.9815971096649296
925997,0.9598932138670769
925998,0.9972793132561246
925999,0.8415535922526067
926000,0.8797863299739731
926001,0.009372506198963914
926002,0.9742340743833011
926003,0.9170387864629019
926004,0.6050445545974665
926005,0.1059962855570237
926006,0.9975746463024773
926007,0.9978252663694113
926008,0.9997924754799214
926009,0.8290449129767667
926010,0.533909999188151
926011,0.9996466188028
926012,0.9430530123026588
926013,0.9999953079098023
926014,0.9997952544188743
926015,0.9686481649053528
926016,0.9998550118949325
926017,0.9467373285148395
926018,0.9822973797769975
926019,0.9756585998982135
926020,0.995768153073914
926021,0.9968175781304272
926022,0.9999180649656492
926023,0.9998731120325286
926024,0.15736449275839526
926025,0.9999398159040584
926026,0.009349548321804095
926027,0.9958572749122434
926028,0.9997520710766856
926029,0.11090054861151136
926030,0.9942792468763713
926031,0.9962937136497835
926032,0.9997650849496154
926033,0.007273811225459015
926034,0.2239884117364181
926035,0.9794032538963493
926036,0.3539563886827497
926037,0.02414252718569902
926038,0.9999484204661927
926039,0.9988895293265982
926040,0.9761065165189615
926041,0.9890851404649001
926042,0.0647248523464001
926043,0.03944074038124307
926044,0.9863520614054564
926045,0.04415151507684622
926046,0.9983156711840497
926047,0.9894891280215496
926048,0.8131994792082581
926049,0.9870800155449309
926050,0.7706406806303709
926051,0.7915924300784553
926052,0.6248457880198707
926053,0.9993205348690274
926054,0.9124775932789837
926055,0.6234514948521581
926056,0.999194003426837
926057,0.9998224669911995
926058,0.5171852762681792
926059,0.38451628126329557
926060,0.929306129573916
926061,0.9977361548240232
926062,0.01264349223822534
926063,0.9999894041872742
926064,0.999781719643041
926065,0.38688935917225753
926066,0.9316420671281977
926067,0.5783844848911466
926068,0.5085613435531104
926069,0.10198825852231026
926070,0.048993106258805305
926071,0.9999541157090863
926072,0.9998508099253482
926073,0.4813055064602396
926074,0.5196543005221858
926075,0.14838369076137015
926076,0.24769131513692627
926077,0.9997681285487978
926078,0.8024699597226578
926079,0.9999887088256938
926080,0.993537683876174
926081,0.6338443686061364
926082,0.9985199434493768
926083,0.911053530741698
926084,0.4841289570078136
926085,0.9862327605368335
926086,0.9622809778319337
926087,0.9497863077896237
926088,0.9977761206373004
926089,0.9999590537169534
926090,0.989813392484497
926091,0.9153695938043341
926092,0.9972530147390516
926093,0.0526699765881979
926094,0.9787989989006008
926095,0.18310809285544277
926096,0.21590584338088842
926097,0.025148922177130703
926098,0.018002817406216953
926099,0.1499221695148148
926100,0.9997772298012496
926101,0.010987804585128493
926102,0.9987091474460965
926103,0.999673002961573
926104,0.9998822536263602
926105,0.9960092135287851
926106,0.9827402317817217
926107,0.9999650232891506
926108,0.6201673708521185
926109,0.9660879306260828
926110,0.17002994070185384
926111,0.8157115246784572
926112,0.999984458442567
926113,0.7550024389045309
926114,0.9910889727998581
926115,0.9999772010125014
926116,0.9960073780747463
926117,0.9988295529747948
926118,0.930852920848914
926119,0.4268922483838191
926120,0.44055777194985235
926121,0.9764839212058172
926122,0.9346493629251813
926123,0.01579444831117173
926124,0.03035229082866283
926125,0.9926825359128898
926126,0.6217659728785458
926127,0.9990013944521043
926128,0.7360979627037
926129,0.9997080964154184
926130,0.9542073187499974
926131,0.014785524640510748
926132,0.014722144788950679
926133,0.9823720250615068
926134,0.9988151838803866
926135,0.9997833913766423
926136,0.9956695682937977
926137,0.7376912221400014
926138,0.9991320545051827
926139,0.9996634235103319
926140,0.9984693379688339
926141,0.7764143496933961
926142,0.02504583759851209
926143,0.13823843601498062
926144,0.6118016422288971
926145,0.9925500644420344
926146,0.05465456817639193
926147,0.8877033960731203
926148,0.9977481651321236
926149,0.8949493325195674
926150,0.9875388247862181
926151,0.9689184317448915
926152,0.2078506117511872
926153,0.6937756648106272
926154,0.9348903951148957
926155,0.023474808354468708
926156,0.3231587090385397
926157,0.6938292196472182
926158,0.999203318267047
926159,0.032427391322594104
926160,0.9975123149972949
926161,0.999747085623247
926162,0.035484217776916634
926163,0.999523236256867
926164,0.9997605260405225
926165,0.40747326697561104
926166,0.8757780669545394
926167,0.9994263444618426
926168,0.9791957956972163
926169,0.9826556432376673
926170,0.8257782824849705
926171,0.9998420560373109
926172,0.7612386986731821
926173,0.9995988980008964
926174,0.9812250406004779
926175,0.9951892582029654
926176,0.01747560770237399
926177,0.8822789587619795
926178,0.9931056112776597
926179,0.8657937148260466
926180,0.9999948203543427
926181,0.6297743978284218
926182,0.9905804171204156
926183,0.10256075301029248
926184,0.9997543289674629
926185,0.22254091610388216
926186,0.7241345273753006
926187,0.02236790803300005
926188,0.932151792819306
926189,0.27648406771731393
926190,0.11554105530700685
926191,0.9982088090807575
926192,0.7543779192388853
926193,0.6681861822313718
926194,0.9682340502031437
926195,0.9930579951018079
926196,0.9998802176918531
926197,0.5266697067984946
926198,0.9984856203446624
926199,0.0874947222504337
926200,0.9481616619298701
926201,0.9997080060812227
926202,0.9998920275390826
926203,0.08663121516069075
926204,0.03268248387974945
926205,0.8788548544491244
926206,0.999924758512804
926207,0.9801295627382247
926208,0.9998530230081093
926209,0.7049343914078949
926210,0.2055807345157653
926211,0.8827803734670047
926212,0.9988214190342882
926213,0.9977769378325932
926214,0.9999822880515542
926215,0.9992554544274929
926216,0.004765547193096133
926217,0.9801893588270306
926218,0.9921962925441383
926219,0.539930075233529
926220,0.3150480250861986
926221,0.810536630200897
926222,0.32702008975888197
926223,0.862392360185011
926224,0.9993236394613425
926225,0.9997249288713569
926226,0.9999453393825392
926227,0.02797139640029321
926228,0.6940350585851908
926229,0.4382939384024641
926230,0.9994575047684074
926231,0.877175009273008
926232,0.3124063500179215
926233,0.8410243023994569
926234,0.9980545517639327
926235,0.3446801390072493
926236,0.9997704853787235
926237,0.017229686580522097
926238,0.005569769969949109
926239,0.6325350277765113
926240,0.3516765605687948
926241,0.04464966809571244
926242,0.9835028903814256
926243,0.9985608361697729
926244,0.7705370705563221
926245,0.9785261233473659
926246,0.9994226274421114
926247,0.9999160948295878
926248,0.9965381749026843
926249,0.9082486793888702
926250,0.20348910687534322
926251,0.9999605167234973
926252,0.3388205448363867
926253,0.8346044689949995
926254,0.9996220110208782
926255,0.9917103182078821
926256,0.990804103311037
926257,0.8430771787197657
926258,0.01879793927635851
926259,0.99984216176588
926260,0.9999665666287341
926261,0.7244142656876427
926262,0.9991329113946746
926263,0.9999651022432217
926264,0.988699921570007
926265,0.9999300839547617
926266,0.06151358089957587
926267,0.9999455483000254
926268,0.9960513003703811
926269,0.9998704501121061
926270,0.9992736763835682
926271,0.9393800957079897
926272,0.999404193615862
926273,0.9999266511838185
926274,0.9335128717827492
926275,0.9995584782558748
926276,0.9998661650733522
926277,0.9999112298347095
926278,0.9694259762651419
926279,0.9971490435824206
926280,0.007096383469883831
926281,0.956999249792601
926282,0.9824791075708003
926283,0.989012318860371
926284,0.2832135206417985
926285,0.9998505900059123
926286,0.3108017195301454
926287,0.08710576467349788
926288,0.18803719910034042
926289,0.058811210407248744
926290,0.9728202494518973
926291,0.9859629010099609
926292,0.9993966881070032
926293,0.999782024618393
926294,0.6454608882833416
926295,0.6461289659285341
926296,0.9692967615036071
926297,0.9293078161102261
926298,0.8062614667843437
926299,0.9999293261041038
926300,0.3792528582926492
926301,0.999983057004024
926302,0.9999897003586895
926303,0.9994276343097098
926304,0.37260551105581713
926305,0.33708076813796506
926306,0.7234829450895595
926307,0.9969902654044656
926308,0.6179876714381404
926309,0.9996727998257441
926310,0.5239092223088669
926311,0.18526592563716426
926312,0.137041854771829
926313,0.9845962768488702
926314,0.5020623034563192
926315,0.9999727849862521
926316,0.22023578438688382
926317,0.9191980912454303
926318,0.9999952005754864
926319,0.2969558062873562
926320,0.9993529866168596
926321,0.9960800043250144
926322,0.6181328265604168
926323,0.9976789034954896
926324,0.7208117656133309
926325,0.9916505466365205
926326,0.9987870450733947
926327,0.04150115004608394
926328,0.8847397558488503
926329,0.9999517628359369
926330,0.6935797376331507
926331,0.999973658408002
926332,0.5450840839892894
926333,0.013630330109315112
926334,0.01220026475728054
926335,0.18501776213743565
926336,0.9919963404416976
926337,0.9964440957201024
926338,0.9971305200760059
926339,0.9999784400574359
926340,0.09477356731111763
926341,0.8810902778729456
926342,0.8926284064059651
926343,0.9962096750382368
926344,0.07869147004749193
926345,0.9997883932367895
926346,0.9981879410375456
926347,0.9996150025596876
926348,0.01816842018824242
926349,0.9866446120987562
926350,0.9710621298657396
926351,0.14168294138809875
926352,0.9873027824586946
926353,0.999984177008804
926354,0.8088343940645146
926355,0.9999653281807143
926356,0.0055222651350826275
926357,0.9636218357722078
926358,0.995352371919104
926359,0.9870284814965864
926360,0.9813737099679414
926361,0.9999564044038707
926362,0.020560055663860884
926363,0.13430923622306495
926364,0.9995731312280258
926365,0.32857866174793326
926366,0.02416976778241733
926367,0.7183457210799277
926368,0.9994918762231666
926369,0.9996913488893855
926370,0.017980516676141707
926371,0.993455070367822
926372,0.9998124420013715
926373,0.4480042378822767
926374,0.851713840356354
926375,0.04723523876423246
926376,0.9821903663766924
926377,0.1723467332289285
926378,0.3616927086398003
926379,0.9984395166443262
926380,0.9754147072316359
926381,0.7219825008875917
926382,0.24253294082351753
926383,0.16648343555486178
926384,0.9970224003130812
926385,0.9995802645460017
926386,0.9839438784703876
926387,0.9264047788896195
926388,0.9999484309616578
926389,0.9989722040585394
926390,0.7771789732511509
926391,0.9276451988249204
926392,0.9999415379149524
926393,0.9997729356896743
926394,0.8421430937329306
926395,0.9987935754742989
926396,0.11326012178203886
926397,0.818645051710742
926398,0.0182249489433137
926399,0.0126701525332065
926400,0.7518394501458545
926401,0.9989472644068075
926402,0.9995226671391917
926403,0.7549080692305847
926404,0.9402922159136626
926405,0.5069657308303898
926406,0.9921142380963426
926407,0.9593140274410599
926408,0.9977031999326551
926409,0.976402604714646
926410,0.0653160649499566
926411,0.9982083583368528
926412,0.29914935928860786
926413,0.9998058756156434
926414,0.6110978625701416
926415,0.892747673042639
926416,0.9999179757661609
926417,0.002471956158759564
926418,0.08235937057513383
926419,0.6799357296807418
926420,0.6231024374929153
926421,0.11709393441874386
926422,0.33968262254810255
926423,0.9528000142607727
926424,0.002596412032637568
926425,0.6097564866857146
926426,0.9999749658607859
926427,0.01284540893701814
926428,0.40218149196574643
926429,0.9986586217592686
926430,0.9997672220931971
926431,0.035519994409319106
926432,0.9990569070682827
926433,0.9995687075194003
926434,0.999989737109088
926435,0.9541318610264413
926436,0.9998893112725815
926437,0.9998877872985816
926438,0.9979853120833021
926439,0.9992564598510969
926440,0.9998160672019889
926441,0.5353853004528135
926442,0.09820876121324061
926443,0.9981256717343963
926444,0.27240617312401905
926445,0.7210142714738779
926446,0.7709751878193805
926447,0.7248708149080054
926448,0.9999412266062264
926449,0.9989859380910799
926450,0.07732826593188571
926451,0.15516367442622264
926452,0.9949400659039376
926453,0.055645393656111056
926454,0.9999126289516793
926455,0.16038531936201444
926456,0.992185101177835
926457,0.18265729873583864
926458,0.09196574163621767
926459,0.999716267977383
926460,0.9996387382535532
926461,0.14258862822924098
926462,0.9979648835902354
926463,0.9998661735679195
926464,0.9999660320185695
926465,0.9997728127627226
926466,0.9948289755672852
926467,0.9924311956370627
926468,0.666258752609165
926469,0.9964163305708902
926470,0.36531682702658874
926471,0.9999877413314808
926472,0.021139506242179817
926473,0.4961371433829028
926474,0.7173937254576075
926475,0.7343666976670863
926476,0.9993818789678339
926477,0.9950816205343719
926478,0.006665175966033983
926479,0.5451734205100562
926480,0.07691216796993128
926481,0.9998717197061677
926482,0.9979488380203461
926483,0.9990913646004373
926484,0.07759825968998084
926485,0.9394718986511299
926486,0.6600180166267606
926487,0.75210196548874
926488,0.7237674871753732
926489,0.047009178698363255
926490,0.999981581328908
926491,0.7453859544732512
926492,0.044722591779895716
926493,0.9805698592767292
926494,0.21467270101402064
926495,0.2566148276942904
926496,0.286772176626249
926497,0.035939074031188935
926498,0.9382939141574151
926499,0.9991077762638175
926500,0.6207396673658051
926501,0.9999040882807455
926502,0.6967676235288647
926503,0.9926757174247314
926504,0.5139121181291096
926505,0.9937203792893362
926506,0.9962976839467986
926507,0.9897634677564096
926508,0.9972450252913674
926509,0.2494847732406414
926510,0.7008609132827545
926511,0.9984541492943144
926512,0.09432566488724331
926513,0.999856993901185
926514,0.732526546635903
926515,0.7932976488085896
926516,0.4028145778985429
926517,0.9998690859198819
926518,0.5533455823545779
926519,0.9996078228983172
926520,0.9826291365076432
926521,0.9999876869083432
926522,0.9972272964083907
926523,0.7586018040058261
926524,0.9964872182982514
926525,0.9852882301420633
926526,0.9985488593172508
926527,0.9786611604031346
926528,0.36842197930783516
926529,0.08454054264841088
926530,0.820726149329196
926531,0.8968772934878424
926532,0.8484456369681291
926533,0.06271330726154883
926534,0.06487535176506487
926535,0.9997568212136605
926536,0.04619267808510352
926537,0.9111040292966692
926538,0.9923474717236904
926539,0.9984325442179408
926540,0.9999412260778244
926541,0.9999644259645402
926542,0.038751001995694895
926543,0.6245418534094016
926544,0.9989718419509455
926545,0.19667359301729959
926546,0.988199752098895
926547,0.052361935732536474
926548,0.2429211579350377
926549,0.32441484041242535
926550,0.9975455285805968
926551,0.035061530793568656
926552,0.5936075900649241
926553,0.7499341824047377
926554,0.3518208127295985
926555,0.9999120744576446
926556,0.3000993252708239
926557,0.46483134922022445
926558,0.9995908340150357
926559,0.984674720849713
926560,0.09587387958370414
926561,0.9951751222553384
926562,0.7870624079453097
926563,0.1656939765001914
926564,0.9416860492486335
926565,0.8785856392056072
926566,0.9766478088606179
926567,0.9988805570377676
926568,0.9573023757160318
926569,0.03313898250124187
926570,0.15156721872023368
926571,0.8289490559902029
926572,0.9996378631801623
926573,0.9996077148251092
926574,0.9972242917823285
926575,0.04797610467704351
926576,0.9741166358281745
926577,0.9999579958497745
926578,0.9935304873678092
926579,0.4614559788508121
926580,0.3825234853382824
926581,0.26440305683626897
926582,0.9973792501317309
926583,0.9805519676788841
926584,0.9962069859475517
926585,0.9341793550471933
926586,0.9756058279350625
926587,0.9798401683600121
926588,0.7732940856232231
926589,0.9998064497236676
926590,0.40233045899203884
926591,0.005361896533032388
926592,0.9810793579331912
926593,0.48519480876153354
926594,0.9998136504797991
926595,0.835687990122671
926596,0.002915713286907834
926597,0.3596200935711274
926598,0.8805761901225498
926599,0.9998834898696266
926600,0.9995057043090276
926601,0.49992927489923417
926602,0.91777024122442
926603,0.9999107452329027
926604,0.9828562855512547
926605,0.025532009194080062
926606,0.9963495189806142
926607,0.9224555014395973
926608,0.9999725064332528
926609,0.9997880156563805
926610,0.7703434790947341
926611,0.026696998445853066
926612,0.04976414839859958
926613,0.11937593517768375
926614,0.017949933791397955
926615,0.9991834694009103
926616,0.9999466313074139
926617,0.04673828639461686
926618,0.03225362301396765
926619,0.07426528972754404
926620,0.39371353877327536
926621,0.22279387494301506
926622,0.9112633931876657
926623,0.9988363929284856
926624,0.5354599745959392
926625,0.9998433659837282
926626,0.3217980282146734
926627,0.008335262277354415
926628,0.41269521083111316
926629,0.4447767620852267
926630,0.9979155876230179
926631,0.992138578791163
926632,0.9211167639247924
926633,0.3093412018427393
926634,0.622947481876595
926635,0.9999903167887099
926636,0.8448113810879065
926637,0.22161359474239756
926638,0.9999727582482855
926639,0.9999657516061924
926640,0.9999625963175625
926641,0.9903546940644807
926642,0.7419739237820271
926643,0.9999211019090657
926644,0.016328049631593584
926645,0.999951853918903
926646,0.6693081483374661
926647,0.6365755088567704
926648,0.7010361812922999
926649,0.49840042268355134
926650,0.8907775281145487
926651,0.7670606767538222
926652,0.9925395943667974
926653,0.012114016924077705
926654,0.11570517401114519
926655,0.43777121756783244
926656,0.997195915717982
926657,0.9823379709873403
926658,0.8134029368646539
926659,0.9990842476495307
926660,0.9998144855070688
926661,0.7747457068891406
926662,0.6310136625376443
926663,0.7515569159799949
926664,0.9997984092529503
926665,0.9990185602587616
926666,0.9254074486114356
926667,0.044247101891719015
926668,0.9999497097649699
926669,0.9999317335145408
926670,0.999737716585432
926671,0.0056168768740267085
926672,0.9677629852892994
926673,0.9998601070054229
926674,0.970674319546798
926675,0.9975183455067409
926676,0.07682959622892165
926677,0.2618517381800294
926678,0.9999450645758843
926679,0.9991110019459973
926680,0.98806702109439
926681,0.9999168448997514
926682,0.9892139366477383
926683,0.07146505920658323
926684,0.9984896064732346
926685,0.16944290704608556
926686,0.9999152440678086
926687,0.010303672883304877
926688,0.954954307712914
926689,0.9997079396607518
926690,0.11632144501144194
926691,0.5495858349502297
926692,0.9967880532564021
926693,0.9999817660015664
926694,0.9999496717941034
926695,0.055052295059141956
926696,0.8930157136593291
926697,0.9998218868534672
926698,0.9973427332074306
926699,0.9929832002368999
926700,0.9963852791518748
926701,0.1474857752415012
926702,0.05918345052079528
926703,0.9998681066166399
926704,0.9979230495223985
926705,0.8064144938589077
926706,0.999786081275109
926707,0.6410219745213465
926708,0.994376051926871
926709,0.9932420071648367
926710,0.5789223176332277
926711,0.9902778161740928
926712,0.8472197255393173
926713,0.9996280990411135
926714,0.9997009757545032
926715,0.3825752675595616
926716,0.01697122885659427
926717,0.46727353542474404
926718,0.5989294083409776
926719,0.17299245839629188
926720,0.9998791942707501
926721,0.11634482905144351
926722,0.9933678821567745
926723,0.010383911103571081
926724,0.780883522133787
926725,0.02191086302801754
926726,0.999913535084515
926727,0.18302798434035117
926728,0.04947986113384991
926729,0.9994120457198694
926730,0.9987592857830426
926731,0.4271211618840014
926732,0.9998362255612108
926733,0.9999650924473142
926734,0.9998533565772342
926735,0.4434600719755038
926736,0.9532256918829399
926737,0.1690027723633631
926738,0.36723046803756687
926739,0.9994820073948645
926740,0.9047780055103111
926741,0.39542975275167747
926742,0.9985575278175803
926743,0.20166459664111558
926744,0.8048720378602158
926745,0.9991295981518051
926746,0.7592986078274644
926747,0.9988836945495422
926748,0.8037744691885715
926749,0.9820558858553416
926750,0.9983802487745292
926751,0.999412021086324
926752,0.41672462099217444
926753,0.9914473100823156
926754,0.9996156018021278
926755,0.35817596703882915
926756,0.9201621565400906
926757,0.9977407331728545
926758,0.9958848371715167
926759,0.9924295778951129
926760,0.9351265652726144
926761,0.9999641522443562
926762,0.146128317093879
926763,0.9999234337800373
926764,0.9997619063573308
926765,0.33368548541572063
926766,0.5889541100182822
926767,0.8995964468633343
926768,0.9814931176410627
926769,0.13494796243165627
926770,0.45541153990693145
926771,0.4375977092607309
926772,0.7922394267517447
926773,0.048530395179346486
926774,0.037186823113195634
926775,0.9634440386740314
926776,0.9999477700624176
926777,0.8596285706767278
926778,0.995646678309371
926779,0.6311287019817222
926780,0.9874350823274347
926781,0.999628834158612
926782,0.9996890255873787
926783,0.6989659467351899
926784,0.08200636520420646
926785,0.14722910163403052
926786,0.3702742534379244
926787,0.9957963470689856
926788,0.4777795141562475
926789,0.8093686358272105
926790,0.9975782453663211
926791,0.8859887449651473
926792,0.9778954881620373
926793,0.9964975065886303
926794,0.9998308397835041
926795,0.9998634033288873
926796,0.9999869998844213
926797,0.9998958368321799
926798,0.9998275467248545
926799,0.9469665056284022
926800,0.9993272217285828
926801,0.38190270195429826
926802,0.9972227147032937
926803,0.9959284788804645
926804,0.9935848980902905
926805,0.963058064471497
926806,0.7564041601741811
926807,0.020207060532451922
926808,0.13940569635603972
926809,0.9986016605539006
926810,0.9542000222326077
926811,0.9997568511160344
926812,0.38852668765509357
926813,0.9998852961222559
926814,0.9989763116365362
926815,0.1630513903130351
926816,0.9937055055723794
926817,0.022564381908708242
926818,0.9996177180612253
926819,0.9772968861361184
926820,0.9954363645864881
926821,0.9997815536248966
926822,0.9999128725807511
926823,0.24421875422607703
926824,0.33111363353348955
926825,0.9996181518821136
926826,0.9998650034685179
926827,0.9869766397761872
926828,0.991664358663253
926829,0.10882975448904358
926830,0.9996277316638802
926831,0.9999120177642997
926832,0.4009908600121459
926833,0.9991501417793889
926834,0.999728123258727
926835,0.019710332412029952
926836,0.15999186639214288
926837,0.8954207840857522
926838,0.8067878158812506
926839,0.43205020501907443
926840,0.9847859329669262
926841,0.033566931188368274
926842,0.2740595939116217
926843,0.9070717514563484
926844,0.9925046397683983
926845,0.5687112587790916
926846,0.9889269940121634
926847,0.9746010297563318
926848,0.2659689272567454
926849,0.9999673800836757
926850,0.9990824642721514
926851,0.9984506564596145
926852,0.7662733468736382
926853,0.9996064932418895
926854,0.7246396726021279
926855,0.8772896540739425
926856,0.9900345354184447
926857,0.009300429907931805
926858,0.7752470360632179
926859,0.9997116323309014
926860,0.009415419781825094
926861,0.5925722052627702
926862,0.9977360973958085
926863,0.49239878409140714
926864,0.9871698587477172
926865,0.9523620374033777
926866,0.14341504333347893
926867,0.9975490191935208
926868,0.8919102040383129
926869,0.9992933274023909
926870,0.9850187080881633
926871,0.9996584368923455
926872,0.9989769992728784
926873,0.9433296156334847
926874,0.6522638896675247
926875,0.9981453617880461
926876,0.6407825233843645
926877,0.9999826521233204
926878,0.877701375048389
926879,0.6080669601373403
926880,0.9998172771368274
926881,0.7824478024645198
926882,0.5729106234789157
926883,0.9998430290107168
926884,0.9991583691863342
926885,0.8154626712457609
926886,0.7030739166478691
926887,0.9998119320255276
926888,0.9833539667672492
926889,0.9997687260272815
926890,0.9944801339671937
926891,0.016762105101218044
926892,0.9995940883322898
926893,0.9993833193073887
926894,0.012442625321504443
926895,0.5088934866470826
926896,0.9990252441066172
926897,0.9953530454094777
926898,0.9609208537223513
926899,0.7693462349660083
926900,0.9995895080755708
926901,0.17502571097709735
926902,0.49863539564710846
926903,0.9636792066173488
926904,0.34136011576604297
926905,0.1578322900387166
926906,0.12184150991700403
926907,0.215677294153793
926908,0.6996169934531355
926909,0.9988358333361637
926910,0.8822729178465655
926911,0.9999545032497079
926912,0.9985186717395407
926913,0.8463762083590104
926914,0.9980460890188728
926915,0.986240802860024
926916,0.2211166669249243
926917,0.4062007069142787
926918,0.8456010909766201
926919,0.693455796817574
926920,0.05349218222423055
926921,0.23402558102404855
926922,0.9968673677434708
926923,0.35157568564309644
926924,0.9994036121128771
926925,0.9905213721433681
926926,0.9976338683850343
926927,0.9998545822334337
926928,0.7519203713322733
926929,0.8400085204587244
926930,0.9661614466553335
926931,0.999968478096553
926932,0.18944620445069188
926933,0.006082616378059829
926934,0.9980868718064109
926935,0.9999725462918794
926936,0.039656586562881416
926937,0.1077117625427565
926938,0.9987222542748211
926939,0.7980863931734127
926940,0.9983276389550899
926941,0.8749097669089743
926942,0.6121128196415259
926943,0.9997724686041488
926944,0.9997883462714265
926945,0.03752829636560408
926946,0.6736289392048788
926947,0.9995041069652537
926948,0.8795047405413797
926949,0.04978329266234652
926950,0.9969932956910363
926951,0.6650344087794016
926952,0.6173643781603494
926953,0.3176040581880265
926954,0.08660076215238958
926955,0.5501113285540544
926956,0.6561955714967697
926957,0.9963809156285727
926958,0.8920395473612641
926959,0.999960271917498
926960,0.21260627957260028
926961,0.6312566893490181
926962,0.9983942576617021
926963,0.9590623836773888
926964,0.9505552475687202
926965,0.901034077966202
926966,0.19250921217709496
926967,0.7166704087818541
926968,0.9998122959489362
926969,0.025426808026891196
926970,0.7009001136940862
926971,0.008389338002695913
926972,0.9999409793037378
926973,0.9943556516958171
926974,0.9975647886390271
926975,0.9743831295308119
926976,0.30746567445582984
926977,0.7807048392814198
926978,0.44970975026239224
926979,0.9995448515294256
926980,0.9997206410063757
926981,0.9998269408172664
926982,0.9995772580008062
926983,0.07808999210924764
926984,0.20787581498990187
926985,0.9991287706375176
926986,0.7203831303288186
926987,0.7215161363932078
926988,0.9963800274605641
926989,0.9847370550467185
926990,0.039563684878467315
926991,0.8700784618258596
926992,0.002028290989652251
926993,0.9999420687312204
926994,0.9997786341871429
926995,0.996044975217015
926996,0.03477986955857823
926997,0.846532643164083
926998,0.12568819595589487
926999,0.9527645834702874
927000,0.0668094993304252
927001,0.3161965735353515
927002,0.007288436800732121
927003,0.9982066713525655
927004,0.14646525633218915
927005,0.9999867257692145
927006,0.6109384515294115
927007,0.9692037723300693
927008,0.9961613338237436
927009,0.3794369393971368
927010,0.999602024740937
927011,0.9999893634718857
927012,0.9867066086769047
927013,0.022487298001467988
927014,0.9999752565378768
927015,0.6331931932085354
927016,0.9834495450390193
927017,0.9948629301609893
927018,0.999745812076855
927019,0.9847413247617471
927020,0.9998576573583515
927021,0.9992740160608162
927022,0.9971389450676121
927023,0.9581085647869034
927024,0.9986206075331924
927025,0.9974587274235391
927026,0.4604016305961081
927027,0.9469367449918678
927028,0.9649073813519289
927029,0.994792384815951
927030,0.9707249684308844
927031,0.5914316065562479
927032,0.9997843942697686
927033,0.014707384103174488
927034,0.613181014559902
927035,0.8401769547718612
927036,0.9890435293161719
927037,0.9980668887348827
927038,0.986859802288923
927039,0.9868333305765382
927040,0.9995497611105887
927041,0.9999408186502665
927042,0.9589986827504231
927043,0.9999370198872235
927044,0.999702556398681
927045,0.2513496641632213
927046,0.9457774798529337
927047,0.959507796112308
927048,0.9528740611098766
927049,0.9999137882131909
927050,0.9990676448041425
927051,0.8125699475251021
927052,0.9999845316836813
927053,0.42548822716384876
927054,0.9996393108791034
927055,0.9951061709532762
927056,0.015601145563747506
927057,0.8365709162545205
927058,0.9984776341952544
927059,0.9997632598293267
927060,0.13561049010341292
927061,0.18721320815382825
927062,0.5948049878129903
927063,0.25902178649066543
927064,0.999883228943582
927065,0.9958269541947926
927066,0.8641244848982753
927067,0.9990419639068766
927068,0.9992370438524003
927069,0.9999673722765703
927070,0.01407150359050694
927071,0.2644496043561068
927072,0.36152707253752586
927073,0.9962406993455974
927074,0.992993976559926
927075,0.9999234162287765
927076,0.8981039424710315
927077,0.9994881991309363
927078,0.09717459790814016
927079,0.6762918978934611
927080,0.04531362003685295
927081,0.9999812027672094
927082,0.999973688774689
927083,0.9349165818873953
927084,0.8744080506540003
927085,0.9882191354185326
927086,0.9998067704309316
927087,0.9970933131844668
927088,0.015946440118587146
927089,0.9964733575928065
927090,0.9946921774833497
927091,0.9998784966546858
927092,0.984719817525362
927093,0.9976722252845323
927094,0.8343461464617441
927095,0.014102548247415178
927096,0.07093810212276712
927097,0.19346249128848708
927098,0.5863895935118877
927099,0.9998200938215082
927100,0.9706337950431375
927101,0.49869079576818465
927102,0.12418496474256148
927103,0.0035307184111428103
927104,0.005928916030006802
927105,0.25615067619102333
927106,0.5194486127162576
927107,0.999934061594123
927108,0.819269412102485
927109,0.5795110375073571
927110,0.9997298628149529
927111,0.9969324127540548
927112,0.8308624726906166
927113,0.8586536449172385
927114,0.9992939162207086
927115,0.9923043754616507
927116,0.2395204153977523
927117,0.9979437662639329
927118,0.8600605866363616
927119,0.9971941575247223
927120,0.9893953821650755
927121,0.994207071945228
927122,0.03376436824238718
927123,0.23610210302750045
927124,0.2267093879512193
927125,0.07765605808160723
927126,0.7091577950055261
927127,0.8568902590147601
927128,0.999936766379239
927129,0.18549644315309322
927130,0.24987140427264215
927131,0.9040219407657317
927132,0.9930218790647563
927133,0.9890742985757528
927134,0.14455614216025758
927135,0.9997540734340242
927136,0.9633249423131812
927137,0.2940553892586622
927138,0.986595476074589
927139,0.2324970086314341
927140,0.9351746578745124
927141,0.9402840570526314
927142,0.9998892872054257
927143,0.9976920179077451
927144,0.13419535986178804
927145,0.9994853872603657
927146,0.9995836447317035
927147,0.999885709371092
927148,0.8372116560227765
927149,0.9999298165551556
927150,0.2172759786890539
927151,0.9999944747335354
927152,0.9291848305074711
927153,0.0992065244636565
927154,0.9135303129580251
927155,0.2163941574341176
927156,0.7910344717226536
927157,0.030841161261411613
927158,0.9996920713814206
927159,0.1060518470118906
927160,0.9993685870968319
927161,0.3197022972811535
927162,0.9411394368384085
927163,0.9998867416569424
927164,0.9958443361587337
927165,0.9775386075303838
927166,0.866511363816916
927167,0.3963543293173314
927168,0.9999365692343334
927169,0.4181685476849567
927170,0.9860242310188946
927171,0.2767088863737042
927172,0.7577495545248603
927173,0.7901397738727907
927174,0.6942807509459745
927175,0.9976289431080827
927176,0.9998448780562365
927177,0.9998446418553729
927178,0.9999615475721766
927179,0.9976214033013564
927180,0.8666356575359389
927181,0.8049891429254323
927182,0.07606271476993438
927183,0.9986068831174637
927184,0.04111098874497068
927185,0.9999709027074203
927186,0.6773386850939095
927187,0.9989499540150455
927188,0.9999123879424165
927189,0.45026996572530986
927190,0.996896884892227
927191,0.9997462514883089
927192,0.8965031134309955
927193,0.9998032189761592
927194,0.35505005188617356
927195,0.9945213143407665
927196,0.017518700292100686
927197,0.9999538554899857
927198,0.6018927368987832
927199,0.992775485564525
927200,0.3409337047871095
927201,0.9983630910097292
927202,0.379741033890104
927203,0.9951656390321564
927204,0.6498857845971512
927205,0.9990664743833517
927206,0.689309726398607
927207,0.06943265455149066
927208,0.9973010181301197
927209,0.022879361734297915
927210,0.9929501252725614
927211,0.9970134070937275
927212,0.7771144306550144
927213,0.999669056540527
927214,0.9971460416734075
927215,0.9985394151873251
927216,0.047823687855540885
927217,0.9999298445179082
927218,0.07034543395222867
927219,0.9997576645609862
927220,0.20384473796764913
927221,0.52625435771887
927222,0.01980851027409907
927223,0.6503755865316116
927224,0.9176649283822403
927225,0.032674422027307845
927226,0.5836978291895161
927227,0.9688265825175183
927228,0.9999003397182903
927229,0.999641027238656
927230,0.9317067425508831
927231,0.9648215042724275
927232,0.9979157553132348
927233,0.9291028502518895
927234,0.988824562640368
927235,0.9997672156531798
927236,0.9883130512400772
927237,0.9999017430244409
927238,0.9848008293574332
927239,0.8940026186414858
927240,0.9811677300222083
927241,0.9994128646662048
927242,0.9857752116396659
927243,0.40158908757467043
927244,0.9914708251737907
927245,0.9751696350057122
927246,0.9999728946535951
927247,0.5955840079260589
927248,0.9994701121000134
927249,0.9165204097738652
927250,0.05316886448706976
927251,0.6348129875999344
927252,0.8874959875486221
927253,0.22471094386581827
927254,0.07121999944440739
927255,0.9735626108655437
927256,0.9980203553056537
927257,0.9997616338532704
927258,0.8888010601152347
927259,0.8450372400900688
927260,0.9983572391751226
927261,0.836415012032485
927262,0.9529593842200692
927263,0.5022171513927237
927264,0.3356290546072682
927265,0.4283045795124376
927266,0.9771778589769103
927267,0.9980332290169006
927268,0.5481949953659392
927269,0.030892924623436145
927270,0.9998898995667065
927271,0.4218152831676708
927272,0.20164623577790036
927273,0.01292934129556459
927274,0.9817136857527058
927275,0.49155268638232313
927276,0.3122854483385408
927277,0.9994135283228394
927278,0.9620241652098174
927279,0.4400211008075071
927280,0.027900244252257657
927281,0.9999244275171626
927282,0.9998315076306656
927283,0.03538443196167632
927284,0.8328555927090631
927285,0.9995885071991165
927286,0.9962365453266758
927287,0.9993793171301051
927288,0.9126463800541714
927289,0.9999817467595473
927290,0.06323451490117801
927291,0.8955922203165784
927292,0.5706006420017272
927293,0.9998760560305313
927294,0.027037692194070283
927295,0.999988455571105
927296,0.9991039478322202
927297,0.5076977277783081
927298,0.9980854950225386
927299,0.9985583254888672
927300,0.9953904800900626
927301,0.9999575523754309
927302,0.9918103347836771
927303,0.9992827322346125
927304,0.9829928820804554
927305,0.9677104551040077
927306,0.49257654135488194
927307,0.9993246040304384
927308,0.9997726833827755
927309,0.9999827651012418
927310,0.9999705492564726
927311,0.2845579085384815
927312,0.9997377415707782
927313,0.6674200672231215
927314,0.9999857706027009
927315,0.0106456083879783
927316,0.8927356011798084
927317,0.9848358935580807
927318,0.5517609907003236
927319,0.4977768030261766
927320,0.6916045205012542
927321,0.12264589017854932
927322,0.09511692691258654
927323,0.030231221969197045
927324,0.9999854573489577
927325,0.9999539689682269
927326,0.10059190409206417
927327,0.9913401810998506
927328,0.9983693444306228
927329,0.9998164121781181
927330,0.9798352636853854
927331,0.6178702744669318
927332,0.9904231276245765
927333,0.584105672610994
927334,0.9794857651041019
927335,0.7039079256251001
927336,0.9907968054037343
927337,0.9997984263508513
927338,0.9998828520452778
927339,0.8482614665846094
927340,0.7654420542426043
927341,0.7394889176355167
927342,0.22143693641625284
927343,0.9938208731812207
927344,0.6280104462389082
927345,0.9927410323631701
927346,0.9782231249453213
927347,0.9999275680110811
927348,0.9999504723129531
927349,0.7509061152884855
927350,0.9994736466103418
927351,0.992351032598205
927352,0.686177653466375
927353,0.15332362941647704
927354,0.1582193974192613
927355,0.8304200179125416
927356,0.9790572078468516
927357,0.7307048569498138
927358,0.2815650495559659
927359,0.7217540239324539
927360,0.9998044913601398
927361,0.9997958742217379
927362,0.776770238966255
927363,0.12524739192361628
927364,0.9996147716715271
927365,0.9999385685968021
927366,0.5412107205992888
927367,0.05132937724699012
927368,0.999276501390916
927369,0.9975551032982832
927370,0.9986200379876905
927371,0.5290170428303173
927372,0.27695641228000034
927373,0.7878043532094932
927374,0.47101011254746517
927375,0.986101187751615
927376,0.4834637160081384
927377,0.995458039237135
927378,0.9999830094631083
927379,0.9995190044656121
927380,0.9987008963551586
927381,0.9733680261969755
927382,0.25581249991011595
927383,0.48616209106254166
927384,0.9988441424022916
927385,0.9999095788282335
927386,0.9993501353227905
927387,0.9999874866401721
927388,0.9498868873668062
927389,0.9866293637514213
927390,0.7841976670651286
927391,0.5976972927763002
927392,0.9915755045690617
927393,0.042749153290358805
927394,0.9998701042969216
927395,0.999734857904483
927396,0.4686677519187655
927397,0.7877224671742631
927398,0.02836652158607731
927399,0.13237232354321302
927400,0.9967945527992419
927401,0.9410744221524857
927402,0.15089908792409912
927403,0.9839787453536207
927404,0.9999788260446101
927405,0.9942534125930735
927406,0.024058259655496024
927407,0.8744693904370224
927408,0.9991896270623114
927409,0.8705670849450249
927410,0.7648064369072611
927411,0.3244684276548099
927412,0.23461612657667352
927413,0.7952346205954257
927414,0.988778584336185
927415,0.17340471654026227
927416,0.9999273806507372
927417,0.9851746456682366
927418,0.1518326900884828
927419,0.6646517450297422
927420,0.1858744590396026
927421,0.9997116589930257
927422,0.9655349338289262
927423,0.6932959053194747
927424,0.5668980334479965
927425,0.024166225715748575
927426,0.7634944985934957
927427,0.9979295986155616
927428,0.10829868749506756
927429,0.9743630911412235
927430,0.9993830387091285
927431,0.9999395913620424
927432,0.019668054889591537
927433,0.9997827480368784
927434,0.08527643737334052
927435,0.8950330156956774
927436,0.9987224191855146
927437,0.15168186933373182
927438,0.4919760123148551
927439,0.8123813429124376
927440,0.05771131760030826
927441,0.9551418047967123
927442,0.009036817126148015
927443,0.9999183812784478
927444,0.9920193702573927
927445,0.9999423724199852
927446,0.9934183804297995
927447,0.5855049334391107
927448,0.9976350499406573
927449,0.999406905259361
927450,0.8945292898803856
927451,0.9262308237979654
927452,0.35709692613941113
927453,0.9914815747702712
927454,0.8835981567718496
927455,0.999861889279022
927456,0.6849124869711876
927457,0.9958281024662943
927458,0.9134335092090005
927459,0.9908551581514693
927460,0.9999047798943101
927461,0.9997862051915222
927462,0.9964742494930667
927463,0.9997708512969665
927464,0.38116020006147494
927465,0.9443953348143852
927466,0.9892903740353282
927467,0.48104716538264636
927468,0.9996078291831626
927469,0.9998488867286934
927470,0.8746896594352116
927471,0.2558910911867969
927472,0.999922220156855
927473,0.9951729705142889
927474,0.9731726918038612
927475,0.2684663566424482
927476,0.9997996683806257
927477,0.9927359779168202
927478,0.9995266967244996
927479,0.29842838576212394
927480,0.013123487112011233
927481,0.42278662623524493
927482,0.9998523647016695
927483,0.9995877048123898
927484,0.37907068220320694
927485,0.9996849008802746
927486,0.9550564031414299
927487,0.3748257008439501
927488,0.7175577055686895
927489,0.41159623641742293
927490,0.9161609546475473
927491,0.9996085728168006
927492,0.999514283050968
927493,0.6340086244633858
927494,0.9991740433847824
927495,0.098898001768963
927496,0.04777305568564254
927497,0.9999659652453314
927498,0.7151943695891203
927499,0.08490581282968632
927500,0.9904621869698035
927501,0.9896081715633225
927502,0.999940044020943
927503,0.9975855382464973
927504,0.03233844934451176
927505,0.9996425656005996
927506,0.9485852132797863
927507,0.8373110120102036
927508,0.9987350109804884
927509,0.1440047318922142
927510,0.9999776040780888
927511,0.7171666345312329
927512,0.9990743767095722
927513,0.9985705225036262
927514,0.9999434011415139
927515,0.6480654901765401
927516,0.13935682093291438
927517,0.006013481049109691
927518,0.9995066646843389
927519,0.3148352130608968
927520,0.9998727783721262
927521,0.1404430522485014
927522,0.9723231664053233
927523,0.685902103209053
927524,0.9685257445995923
927525,0.8661047098072654
927526,0.9868991691080546
927527,0.9987515199804841
927528,0.985239585764608
927529,0.9340719776474944
927530,0.8952586667954352
927531,0.9351194047529148
927532,0.020145402744496783
927533,0.8816987941606667
927534,0.9997211690236347
927535,0.644925546963868
927536,0.9374131522178871
927537,0.21258923258156667
927538,0.3559206615031839
927539,0.35868553224948085
927540,0.1075212369057785
927541,0.45343998627070004
927542,0.9999219754227322
927543,0.763517231354423
927544,0.9895470756477082
927545,0.13117521781284663
927546,0.5714200393619958
927547,0.7112492880019177
927548,0.9996753862877392
927549,0.9994750852873369
927550,0.01661039344302518
927551,0.8745382933749097
927552,0.9999392099722101
927553,0.18793511643812782
927554,0.8417769132605487
927555,0.3876654749576916
927556,0.15999614015351457
927557,0.5260309784332929
927558,0.9915565430639159
927559,0.7255144204036761
927560,0.9997820991543294
927561,0.9874877475796351
927562,0.028937317952082934
927563,0.9999242922028588
927564,0.9742289173862028
927565,0.999986877161416
927566,0.7379007594757031
927567,0.999546225861697
927568,0.9987428037313606
927569,0.763262648803543
927570,0.021936213513070443
927571,0.9997445568336788
927572,0.7852596972676946
927573,0.12516779412439072
927574,0.9998234567061655
927575,0.9492331109568319
927576,0.9869545477211495
927577,0.9943065755165967
927578,0.924176100790606
927579,0.8109606462657977
927580,0.8957818684834962
927581,0.015495027496020665
927582,0.16658794542827424
927583,0.1379553717030017
927584,0.9963873423183616
927585,0.0796705177945045
927586,0.48762587297134924
927587,0.9996575051941293
927588,0.1708233866404944
927589,0.13602757128622953
927590,0.8925816846609582
927591,0.9998509367927095
927592,0.5884930947693319
927593,0.9994584028620546
927594,0.049092913708789196
927595,0.9991582125900047
927596,0.04184457034050617
927597,0.9999392852863704
927598,0.7536711755847505
927599,0.46518956115175775
927600,0.9999756005177003
927601,0.9999235374561448
927602,0.9835491401203962
927603,0.03749356585895533
927604,0.7093836251467676
927605,0.7350823455515834
927606,0.8007780253632233
927607,0.5880359068384371
927608,0.6242955033416866
927609,0.9998582906782346
927610,0.9998529214176701
927611,0.9999933185874216
927612,0.9997092465138389
927613,0.9970185409050533
927614,0.530123690874684
927615,0.9998899506164615
927616,0.006033605733893183
927617,0.9947938491146404
927618,0.9686681913605539
927619,0.009611218977067366
927620,0.9996621463896619
927621,0.42054226084015217
927622,0.999790659565597
927623,0.025747678474646353
927624,0.9989893115305457
927625,0.6604274950641935
927626,0.010025793316306156
927627,0.7553784426112762
927628,0.9994004530327749
927629,0.9971674982498868
927630,0.9997665995610594
927631,0.8359698803477429
927632,0.002234856357343549
927633,0.998985069455514
927634,0.9998680460973224
927635,0.9997993565503459
927636,0.9928295031962816
927637,0.5596923370970353
927638,0.9990750778762065
927639,0.5283868275436546
927640,0.6070713111398024
927641,0.9997786938611305
927642,0.7915590825823514
927643,0.9999484618307265
927644,0.9997599372198829
927645,0.09475566687596283
927646,0.04505821317860095
927647,0.8710151397800132
927648,0.5759574158422549
927649,0.7664387152721516
927650,0.09370370628413452
927651,0.6563382925872927
927652,0.9304158893018953
927653,0.4087212366104065
927654,0.882178395787774
927655,0.975815256756381
927656,0.11666953420457288
927657,0.8983815719777748
927658,0.880987314837144
927659,0.9440749482749468
927660,0.634109914225623
927661,0.0765223738491437
927662,0.9985319103959305
927663,0.9999483879589469
927664,0.8234139428939673
927665,0.009699148507382162
927666,0.973124700298097
927667,0.9997156436358923
927668,0.15195613036315145
927669,0.9961517412457546
927670,0.759271236646661
927671,0.7519669807685212
927672,0.9684281279823737
927673,0.6352977741803743
927674,0.9611446890605315
927675,0.9774540814404192
927676,0.9952952415895804
927677,0.999811070010239
927678,0.5981744827025817
927679,0.2884732992160467
927680,0.9999057749025668
927681,0.6810571375960272
927682,0.6419604740973323
927683,0.6825736985114051
927684,0.9999827324583632
927685,0.9999780620764067
927686,0.8118994009665972
927687,0.06907814793782695
927688,0.9977180982788072
927689,0.9999846756493853
927690,0.9854602809339507
927691,0.9971834553214441
927692,0.9968562146187978
927693,0.9989940904504818
927694,0.9750926005721956
927695,0.10079091030039437
927696,0.9999396801119687
927697,0.004814755850159069
927698,0.9989618379036256
927699,0.9845324446927974
927700,0.9998793113737927
927701,0.10532327544938812
927702,0.9948313793725893
927703,0.9483396840382796
927704,0.926976198192027
927705,0.9860382029043554
927706,0.9824491584910644
927707,0.04163956570852903
927708,0.9977390772567707
927709,0.9999956455580098
927710,0.9970969193092416
927711,0.3575020182320393
927712,0.7302109406467665
927713,0.9998340961393861
927714,0.05590236828915732
927715,0.02013312990974296
927716,0.0016246570625321438
927717,0.9999780494290359
927718,0.9985471830046122
927719,0.999269957787762
927720,0.02843146634595138
927721,0.15065732631490733
927722,0.9998731847454825
927723,0.026298812249732403
927724,0.7267275750491444
927725,0.9999378623441089
927726,0.673157006086966
927727,0.9999900760461868
927728,0.9999871158861016
927729,0.9662286668608006
927730,0.17717364038547406
927731,0.11152718154927312
927732,0.9992334271038874
927733,0.9993615155973243
927734,0.2207145207971264
927735,0.5282626980750729
927736,0.9999617299830035
927737,0.9986089676407337
927738,0.8759589171484441
927739,0.9964816687240573
927740,0.5986733411326206
927741,0.635134059922541
927742,0.6111368199453723
927743,0.06316797542650396
927744,0.05996224379015515
927745,0.6710553293249799
927746,0.9983128356561257
927747,0.9976020606944807
927748,0.9999546452482984
927749,0.9972796912796456
927750,0.9982580445799762
927751,0.16941821598791684
927752,0.9995688080962242
927753,0.6719600919849456
927754,0.9741225319838898
927755,0.013492202495824212
927756,0.03615142889386131
927757,0.9997539635345203
927758,0.9994468934306032
927759,0.20930477321574706
927760,0.971194955838221
927761,0.8880544820436787
927762,0.9995858794264839
927763,0.9999877918123606
927764,0.9410872673489504
927765,0.6380948502924537
927766,0.9999149845911502
927767,0.2302114242390284
927768,0.9996052291037963
927769,0.9988886433432973
927770,0.999810271031708
927771,0.5575007355629552
927772,0.42547095244996336
927773,0.9943615025735174
927774,0.9999464265708633
927775,0.9996302856477552
927776,0.9962192861981426
927777,0.9995702240842385
927778,0.0034947064368767026
927779,0.5948984396728879
927780,0.999445793419709
927781,0.6227598364514262
927782,0.1104237472395238
927783,0.9999752671774058
927784,0.0763584052871489
927785,0.9999214200657962
927786,0.3502896762279995
927787,0.9999832023780967
927788,0.9994903686058835
927789,0.9997806754916224
927790,0.981761962586323
927791,0.04508312356861118
927792,0.34166810252169977
927793,0.9902721836497845
927794,0.9608660124776263
927795,0.9795601465086377
927796,0.9999564096187952
927797,0.9543837323693372
927798,0.38637551638915135
927799,0.9910121459580457
927800,0.9309259248880829
927801,0.3054629562036482
927802,0.9990581656518709
927803,0.9991854163244323
927804,0.05477515633120721
927805,0.9701629706507984
927806,0.958007961956185
927807,0.2730151624014479
927808,0.3155868857427965
927809,0.9977835810749309
927810,0.1124456643686378
927811,0.9657568070705227
927812,0.9999494032006928
927813,0.04694849383186312
927814,0.9958817624265648
927815,0.9990797482530009
927816,0.9999147395842592
927817,0.03997758040461364
927818,0.9989070855930416
927819,0.9999307224472967
927820,0.9998229527521807
927821,0.5161356343735525
927822,0.9868414023562517
927823,0.96412027910013
927824,0.9997324650814691
927825,0.7325341380662158
927826,0.9626328279818995
927827,0.9996934738555725
927828,0.9991882727463115
927829,0.9038220619458011
927830,0.9277666103404465
927831,0.6075398025769787
927832,0.6051108766810576
927833,0.11354629982867864
927834,0.9953237003297125
927835,0.996493644331663
927836,0.9999397095348779
927837,0.999202693643401
927838,0.9997437187411002
927839,0.99844930069541
927840,0.9427673637923017
927841,0.9957248250847734
927842,0.9193822332426773
927843,0.016833063504565725
927844,0.9999275050427037
927845,0.9995862763897791
927846,0.9951528969417146
927847,0.9788037233918393
927848,0.1545087261627338
927849,0.16940097622078634
927850,0.9967967714355169
927851,0.9999766084675301
927852,0.9995713093636431
927853,0.02207050628141034
927854,0.9994023164618203
927855,0.9942081231749491
927856,0.9596235916673417
927857,0.9999544618951034
927858,0.9991298672942543
927859,0.9974757703917256
927860,0.9002953033902955
927861,0.9998955204597662
927862,0.8320342622058297
927863,0.24448355373351785
927864,0.021088779691169696
927865,0.09110227491100442
927866,0.9909877260975268
927867,0.03856897922247271
927868,0.4829891543217845
927869,0.8041018572610215
927870,0.9972485374852104
927871,0.9786087048363119
927872,0.9081631616346058
927873,0.04691782700282232
927874,0.9092691681952213
927875,0.8995315497275114
927876,0.9997221767185501
927877,0.7510566782114834
927878,0.999858731439561
927879,0.9998073151697409
927880,0.9998396417783011
927881,0.9997849859174408
927882,0.9998315447990331
927883,0.9991012818149011
927884,0.9887230373453108
927885,0.9852860659281019
927886,0.9995991873090065
927887,0.9937559462005389
927888,0.9995816232973227
927889,0.7931005144067073
927890,0.002179382869080763
927891,0.6366519998805951
927892,0.5767047822853291
927893,0.9769765517911487
927894,0.9203751752756089
927895,0.07799569015674424
927896,0.2076942357235029
927897,0.9975653466538108
927898,0.9997176477759866
927899,0.5673262738600702
927900,0.999445954841469
927901,0.9996931159873299
927902,0.8984949990682279
927903,0.6774578631716557
927904,0.8946365245527286
927905,0.43653989471603327
927906,0.9863794718739998
927907,0.14770739472721073
927908,0.9995395047941207
927909,0.44373053946585117
927910,0.31124311473507515
927911,0.22813522204875908
927912,0.9659618505197898
927913,0.9998307778253397
927914,0.9999269183185423
927915,0.9997469210527818
927916,0.996480754532368
927917,0.42033963012753384
927918,0.999829596452637
927919,0.24922421310018095
927920,0.9974447212655437
927921,0.9553855707345233
927922,0.9098163598312017
927923,0.6444819048880639
927924,0.6404018506373982
927925,0.602800190295061
927926,0.974577382987611
927927,0.03847010915417988
927928,0.013938189360205182
927929,0.875753188682324
927930,0.28511218000411964
927931,0.9976513193865099
927932,0.999956504876252
927933,0.9994233810691703
927934,0.24925408507789287
927935,0.589931283604962
927936,0.9998131847572513
927937,0.9989961851382994
927938,0.9234808405379743
927939,0.29468971206972305
927940,0.9889088392757996
927941,0.9295644679908217
927942,0.9979439621862891
927943,0.17329309207614219
927944,0.978108195645657
927945,0.9973306941405982
927946,0.3895065187951067
927947,0.9992776536148872
927948,0.9860594753106264
927949,0.9980897569959515
927950,0.9998227946785858
927951,0.4220294070380877
927952,0.9887600517598998
927953,0.05403962375057095
927954,0.0023444413340270643
927955,0.9998732157300185
927956,0.5036649100797004
927957,0.6343538809881579
927958,0.30034939872386374
927959,0.9917267734377379
927960,0.21255128093990167
927961,0.4776551215774706
927962,0.9986598878191293
927963,0.9074686455729002
927964,0.42506719685057015
927965,0.6719767326867492
927966,0.053275543241319764
927967,0.9999210986432131
927968,0.9925102332551303
927969,0.5038979478494005
927970,0.25002591056728213
927971,0.057017696269667226
927972,0.6110012185595819
927973,0.9976571639581892
927974,0.9601123293064687
927975,0.013863766801074607
927976,0.18806454760656283
927977,0.7148342905142971
927978,0.1642678935861475
927979,0.2802252544936869
927980,0.7254732514081228
927981,0.08441625935383461
927982,0.9998695321098016
927983,0.9990192617478226
927984,0.9996638220482792
927985,0.5166836116368193
927986,0.2998092816550742
927987,0.9999249533921124
927988,0.16866793086846618
927989,0.9998522329365712
927990,0.19297040748065553
927991,0.31070882414626294
927992,0.09360546026573864
927993,0.9889253102485642
927994,0.35804796217257895
927995,0.9999884404254165
927996,0.014365147088108366
927997,0.8573833493585209
927998,0.9978243537768853
927999,0.9998199978167469
928000,0.2792487132069693
928001,0.9999439025480803
928002,0.9999133786028342
928003,0.16714871998283296
928004,0.7438295181359977
928005,0.18993813805365073
928006,0.9847633386554651
928007,0.9594576920447884
928008,0.09606848157938813
928009,0.9918171651224472
928010,0.9997671706402943
928011,0.9999522544220893
928012,0.19953570549037342
928013,0.9998778926560066
928014,0.9998330675949971
928015,0.6549442735301301
928016,0.9956069022298129
928017,0.7688373061753322
928018,0.9837935764651233
928019,0.9999217473730159
928020,0.9717228157222342
928021,0.999830545631169
928022,0.5694271006720942
928023,0.32953306464119736
928024,0.996900889664879
928025,0.9984867944841262
928026,0.015784357419706345
928027,0.9972169478385526
928028,0.9997535442392835
928029,0.11778500693567996
928030,0.02178898941591157
928031,0.9995839258919643
928032,0.9999595488766722
928033,0.7771644129333017
928034,0.9986914482073516
928035,0.00517389244907082
928036,0.9760344680143187
928037,0.614668830062688
928038,0.9737632179893045
928039,0.9998289676336607
928040,0.8690394106699595
928041,0.9973430670246376
928042,0.9560296602140808
928043,0.4619448983423623
928044,0.024528657517998174
928045,0.9630783309825388
928046,0.8378773466196083
928047,0.9994927068353636
928048,0.9969283500350328
928049,0.9940120126734946
928050,0.7843850760026206
928051,0.6371747602411052
928052,0.20511618866330822
928053,0.9631626795193696
928054,0.9982133861632375
928055,0.011852572482530974
928056,0.9995548072390322
928057,0.8480646576179032
928058,0.5914123440734933
928059,0.3744605492898593
928060,0.9846296686815178
928061,0.986262301874377
928062,0.999902016289628
928063,0.9972280900062942
928064,0.7935119821965955
928065,0.8045983562079733
928066,0.999994400131006
928067,0.001293343279698982
928068,0.24832847077669756
928069,0.9997557012643142
928070,0.9246313486764947
928071,0.9999319132351472
928072,0.0723033795699058
928073,0.032362566726283126
928074,0.9981564525539466
928075,0.2787404688182737
928076,0.026340948433493428
928077,0.99975252951494
928078,0.9992562345169512
928079,0.9999590352282007
928080,0.9898761152556652
928081,0.4683576237386021
928082,0.9234735794103586
928083,0.0032124843004805704
928084,0.9999153691089914
928085,0.9999826888260637
928086,0.9421077335806871
928087,0.46382419184911317
928088,0.9996296775376462
928089,0.2020073076578187
928090,0.79644242455297
928091,0.9999854768174917
928092,0.6627833388578164
928093,0.6682299909553271
928094,0.9998009871328525
928095,0.6403961067323898
928096,0.9906949808267158
928097,0.7995077590198276
928098,0.8595434661524042
928099,0.9978193798505961
928100,0.6609479129466096
928101,0.011966909730285035
928102,0.6792291307319723
928103,0.9896331228311115
928104,0.012605254142041038
928105,0.990120219467426
928106,0.9488356298036591
928107,0.9991299902179032
928108,0.9993171992817735
928109,0.7383584393291327
928110,0.9999846921658865
928111,0.9983438211856962
928112,0.025048059480274734
928113,0.9996517742235449
928114,0.15574148203933416
928115,0.9956626758508853
928116,0.9991104513063959
928117,0.5843693953450324
928118,0.9982574422950934
928119,0.9998320864425826
928120,0.1155636259314484
928121,0.2926907188985285
928122,0.4221034865821115
928123,0.8196559416476725
928124,0.744830469789228
928125,0.999535533895784
928126,0.7253871481972515
928127,0.9933605214193892
928128,0.915537891880637
928129,0.9988383437503214
928130,0.813757754020163
928131,0.07587447534250581
928132,0.8779936157552856
928133,0.7619388149987198
928134,0.5675893325396788
928135,0.6695212872661988
928136,0.814258133380569
928137,0.9984505190031692
928138,0.03336264124693235
928139,0.5899469796595999
928140,0.834166525317214
928141,0.4314832885476488
928142,0.9920182310196818
928143,0.9980088315346123
928144,0.9097877805691592
928145,0.997450691363479
928146,0.9551079952101316
928147,0.9987308998388661
928148,0.8133869603458429
928149,0.9919994384985149
928150,0.9991749172602589
928151,0.9882340926485098
928152,0.9131780149901452
928153,0.008256599764549793
928154,0.9995939740059318
928155,0.9947958861054572
928156,0.5394087005897157
928157,0.9916388847680366
928158,0.8098449034101733
928159,0.9493418805080798
928160,0.41034027539498574
928161,0.09374894924980796
928162,0.9995609435505908
928163,0.9993375709694241
928164,0.9977605231010278
928165,0.09127845290578832
928166,0.8389735253275696
928167,0.9998227090416547
928168,0.9998287663840391
928169,0.8255154977943862
928170,0.13406000244483351
928171,0.5715640539999202
928172,0.9999774787557859
928173,0.1514807077007921
928174,0.6005089793219351
928175,0.997762960806939
928176,0.050748544257359626
928177,0.9169336191098532
928178,0.13192876212900803
928179,0.9901758371132373
928180,0.6850930230508995
928181,0.9461726813717887
928182,0.00920937343763826
928183,0.9997034142565938
928184,0.9945333464148824
928185,0.025900220901078862
928186,0.999806189129844
928187,0.5449005350039702
928188,0.99872379227039
928189,0.5481587882816237
928190,0.20808858442860462
928191,0.13385781620314327
928192,0.8918051848798365
928193,0.993577742455652
928194,0.7096411498861945
928195,0.9824917120702126
928196,0.9849209483274339
928197,0.9923514416355173
928198,0.9989713472335712
928199,0.9146434471246937
928200,0.03284652904938767
928201,0.44761108358111756
928202,0.026212747485570526
928203,0.3282019090886644
928204,0.17704928366582887
928205,0.16814069842317853
928206,0.8960769446177304
928207,0.8207038786313123
928208,0.9993064751855515
928209,0.9989399871773643
928210,0.851717749820568
928211,0.8445238771108257
928212,0.9988438998638756
928213,0.7406105036918347
928214,0.7458191462277483
928215,0.5078392534906743
928216,0.3238698742209608
928217,0.5329399128976658
928218,0.843398203879682
928219,0.03594602942616784
928220,0.9999181275436768
928221,0.9872155847569455
928222,0.908338721683667
928223,0.8381715172738113
928224,0.9964373737652217
928225,0.9970701647902043
928226,0.00856586462601314
928227,0.9897600204378718
928228,0.43909138764044503
928229,0.25168799008328085
928230,0.9998844959679019
928231,0.029395119536213238
928232,0.999984530932265
928233,0.9994238182400743
928234,0.9961951392459194
928235,0.05564790811905222
928236,0.019437652796190235
928237,0.9925611934541573
928238,0.9998392373055784
928239,0.5098076447420382
928240,0.5428426764867078
928241,0.999152148902066
928242,0.6752086460420584
928243,0.999717875603966
928244,0.9995205567394461
928245,0.9943056718423009
928246,0.9015956249629483
928247,0.9943489359369352
928248,0.9996250149638344
928249,0.5330187889813656
928250,0.0525325501512182
928251,0.07338651482244024
928252,0.27632578060622354
928253,0.9999877787304681
928254,0.6565575275936494
928255,0.9995172971070065
928256,0.9995954145922634
928257,0.942309439095006
928258,0.9999785102127343
928259,0.9317298139051197
928260,0.9991762402217518
928261,0.9999790771692048
928262,0.9999857334291217
928263,0.07380603790231023
928264,0.5099888417982076
928265,0.9999236108820745
928266,0.9996066381127129
928267,0.6125823094590179
928268,0.9993932095664727
928269,0.9818041306266982
928270,0.9902278134096993
928271,0.3647514406188208
928272,0.4537948978566424
928273,0.999630856758721
928274,0.9999658968903286
928275,0.47444823017218596
928276,0.9613456268089631
928277,0.7911415218265266
928278,0.9998639644778331
928279,0.9999377897308434
928280,0.8991926950848894
928281,0.1121701257447417
928282,0.49099700476178965
928283,0.9669272021288357
928284,0.11933837450807742
928285,0.9942412912414325
928286,0.03213009259317147
928287,0.9998303293093647
928288,0.8287224117367094
928289,0.9998183504178813
928290,0.999782072918076
928291,0.9949108098526938
928292,0.9984670604045266
928293,0.9918871569272044
928294,0.30475493521655705
928295,0.9842681679764429
928296,0.49370292255786813
928297,0.7328525079500494
928298,0.9954516027950149
928299,0.7820417238758883
928300,0.2909274540658695
928301,0.8330234410486451
928302,0.993949641895141
928303,0.054926264717527
928304,0.9998467422959217
928305,0.9998149581599913
928306,0.8637638340178434
928307,0.07690961656402209
928308,0.9998075551949931
928309,0.9283647437101323
928310,0.046169849165847744
928311,0.9975213889189352
928312,0.9938619333361856
928313,0.9918614327024801
928314,0.8574509196466471
928315,0.4831766124325698
928316,0.9998162717523754
928317,0.999969452376947
928318,0.01993826831576748
928319,0.99766517166789
928320,0.6982520731917703
928321,0.12192149497013205
928322,0.6521088928081392
928323,0.9835421122648886
928324,0.2606447029709848
928325,0.20666919804003298
928326,0.9988110636351377
928327,0.9996438462543138
928328,0.48317096883500144
928329,0.7953020213706359
928330,0.9999882663477453
928331,0.45680889655887746
928332,0.5907232425999137
928333,0.9947522708389767
928334,0.9752905193055046
928335,0.7588179946294219
928336,0.7628859332135056
928337,0.9927981280696849
928338,0.013506046082885232
928339,0.4376620578862342
928340,0.8759876727053728
928341,0.9997063149099017
928342,0.9955392668876187
928343,0.17798907852503465
928344,0.9994856498295166
928345,0.999880029147602
928346,0.9997715917193862
928347,0.7274717667123198
928348,0.11138983606232741
928349,0.9991781490247875
928350,0.9389702884389202
928351,0.10987688590366862
928352,0.32530265376634204
928353,0.05362722322776759
928354,0.9777077326323222
928355,0.2399680047863531
928356,0.9244333090177016
928357,0.663113324936742
928358,0.9979542901701186
928359,0.9658198666053321
928360,0.9999671364641559
928361,0.05321729476569783
928362,0.9955034277958467
928363,0.9674402759509313
928364,0.024984688102844634
928365,0.9510969453553624
928366,0.9879266690683257
928367,0.9531321935435497
928368,0.08790785137470039
928369,0.624043158423436
928370,0.9992029244863823
928371,0.9999055756997766
928372,0.9612380585028033
928373,0.9470822327272683
928374,0.9899519111804695
928375,0.0036696711468682756
928376,0.9998562010090446
928377,0.027391409390520843
928378,0.9907012164180513
928379,0.09810821065894089
928380,0.9754426315245719
928381,0.028198135383274602
928382,0.7194052400064574
928383,0.9962693075021612
928384,0.9032540978252602
928385,0.9744000325343976
928386,0.055759590999017575
928387,0.9998162001066813
928388,0.8917534149430957
928389,0.16868458634471498
928390,0.12776328548052068
928391,0.99995981278858
928392,0.8927843438660725
928393,0.9909496008310039
928394,0.9999732988009389
928395,0.9978378424966848
928396,0.5737309580045779
928397,0.9995115718140917
928398,0.9999901017658082
928399,0.8056460611700296
928400,0.6235840054118027
928401,0.42503618048243996
928402,0.6113969871452865
928403,0.07488031701389318
928404,0.9885472477103904
928405,0.997697467860174
928406,0.9687744848015868
928407,0.9283756677089743
928408,0.9990232612387719
928409,0.041912401737580936
928410,0.6261351481234922
928411,0.9998091751198742
928412,0.9995570211458806
928413,0.8494233692986555
928414,0.11454659171383068
928415,0.17034493702992987
928416,0.9997934204561123
928417,0.0023359879074080917
928418,0.9999200272412385
928419,0.4261968191380182
928420,0.9207560224017485
928421,0.991304264333809
928422,0.9999042783764645
928423,0.9290869980391523
928424,0.9995032356242676
928425,0.9998265109582745
928426,0.9997566301355079
928427,0.9998766511313999
928428,0.999990831604376
928429,0.9988421346330414
928430,0.06503082958365762
928431,0.6779745511036877
928432,0.5316529147088691
928433,0.9999676804281312
928434,0.9969991954948083
928435,0.7134739749821017
928436,0.8237595808150311
928437,0.20857728969290423
928438,0.9998930786003979
928439,0.9559842294371419
928440,0.17349963958282508
928441,0.9004975919546044
928442,0.9797175475446206
928443,0.9929327707160577
928444,0.9108221534561839
928445,0.9990755719745543
928446,0.9920285070071428
928447,0.7073963609163421
928448,0.9899629252461615
928449,0.9931808472328847
928450,0.4774573958725461
928451,0.9997763827773618
928452,0.9855911659688112
928453,0.999980494282297
928454,0.8981765651043958
928455,0.9909422622946874
928456,0.008502382046675394
928457,0.9983846510400777
928458,0.9996762274485353
928459,0.9957819227338831
928460,0.18170812258074293
928461,0.26032290087319543
928462,0.025017750245859775
928463,0.99993368618917
928464,0.9771702727774114
928465,0.9670440789428603
928466,0.9997330612234254
928467,0.4152100538450401
928468,0.16332039080513663
928469,0.9900678725232548
928470,0.9999442048742522
928471,0.9984590430332622
928472,0.02954910922836437
928473,0.9948890320555493
928474,0.9992743785966827
928475,0.9984129651553231
928476,0.9962534560335976
928477,0.9965992862119435
928478,0.9895372302446713
928479,0.9985339885047213
928480,0.9250940428051433
928481,0.27303278368145845
928482,0.9999446754426388
928483,0.36911066661436337
928484,0.19618000265853866
928485,0.7670521557384171
928486,0.6163158712680477
928487,0.48744268277289277
928488,0.2845303267494345
928489,0.9980470475826302
928490,0.9965822404556548
928491,0.9984764115331772
928492,0.9820128631036098
928493,0.9996219627948739
928494,0.054353549993704516
928495,0.9933481366569608
928496,0.6032095934161744
928497,0.12811665816041481
928498,0.9992063048917237
928499,0.581446343145781
928500,0.99966844056822
928501,0.9998610150307466
928502,0.12937587723873328
928503,0.9996172450923089
928504,0.21146905401575666
928505,0.3499413081251932
928506,0.7407133432915733
928507,0.9585437780561561
928508,0.08335595433304306
928509,0.9998586008075447
928510,0.9991600363323305
928511,0.9996922999342366
928512,0.7158319376970077
928513,0.6778758246900578
928514,0.9978970344822943
928515,0.9999138304483183
928516,0.1630294866195162
928517,0.9362959887908346
928518,0.9628405948959586
928519,0.9998999654766635
928520,0.8943269165653969
928521,0.978449198114775
928522,0.9995931828674585
928523,0.9998775297731665
928524,0.9853765286548264
928525,0.999431766032719
928526,0.7800985260994413
928527,0.03380555645466157
928528,0.995860210400251
928529,0.9982319407609453
928530,0.9940047650073003
928531,0.864114655653829
928532,0.8180043781776025
928533,0.8750441523846719
928534,0.9948146859099176
928535,0.06039514660863934
928536,0.9942543962699733
928537,0.19325418032335945
928538,0.9922241193696195
928539,0.9998895393248014
928540,0.682201836357258
928541,0.9227794485663481
928542,0.07672831207949456
928543,0.9997517184359219
928544,0.9256273433752986
928545,0.9998786270003854
928546,0.03315530553174074
928547,0.987087411241196
928548,0.9998735995191236
928549,0.9992015099107794
928550,0.5485532309702146
928551,0.9997565449014527
928552,0.9524968024790077
928553,0.6910096724037138
928554,0.9999768325364174
928555,0.015811036398278983
928556,0.997071691019351
928557,0.9738845866630461
928558,0.2917626330530315
928559,0.9997070014171354
928560,0.9547181575706964
928561,0.8378812518353012
928562,0.998084003681011
928563,0.9710299728448379
928564,0.5361524644906578
928565,0.39791036253236023
928566,0.9971184553189787
928567,0.9951805100191455
928568,0.5024352668469936
928569,0.8927694223564722
928570,0.9998343947218322
928571,0.9999557396073564
928572,0.9999690488407099
928573,0.03272064581453263
928574,0.6935998765001776
928575,0.15608427815185044
928576,0.9872485934029566
928577,0.9760643294546058
928578,0.5937706529122634
928579,0.9901504711391153
928580,0.997835895205329
928581,0.9985930103200694
928582,0.09955773245346762
928583,0.9982848895636195
928584,0.9999277892535585
928585,0.0154086318451983
928586,0.2615757104709929
928587,0.9892309448200666
928588,0.9330360919111789
928589,0.028520842320378798
928590,0.4277351803497411
928591,0.545649907386778
928592,0.999902405581311
928593,0.9990124116588843
928594,0.9952939501320377
928595,0.7108522425039321
928596,0.9998639576052035
928597,0.9974700375717456
928598,0.9960623805411816
928599,0.5750951859602771
928600,0.6662697916468232
928601,0.9998349314880521
928602,0.9997423423327532
928603,0.9976525627273354
928604,0.99323325619135
928605,0.999913281462067
928606,0.2544091744596434
928607,0.985586646240363
928608,0.16271255235881468
928609,0.8855801725127466
928610,0.7104113053178904
928611,0.9998690570959503
928612,0.9485046148361785
928613,0.9932353477426694
928614,0.9997457283862131
928615,0.5881755960503113
928616,0.9999383781623099
928617,0.9974676967762007
928618,0.9997332861414514
928619,0.6702891380141356
928620,0.855830479385361
928621,0.994747455064987
928622,0.9962683999343804
928623,0.07056458325661132
928624,0.8681242707313611
928625,0.9999228831216977
928626,0.7261933984255722
928627,0.957825048400766
928628,0.9998499052146149
928629,0.1711467126454611
928630,0.9983915198589454
928631,0.7777808214988853
928632,0.6913764828925735
928633,0.5778873929353744
928634,0.7256348137216848
928635,0.9716036582287247
928636,0.9998673090159224
928637,0.9998430407907382
928638,0.03213725660445692
928639,0.03268361619205628
928640,0.9994268338026031
928641,0.9986292203114646
928642,0.989752627580435
928643,0.994518813051547
928644,0.012248254472452418
928645,0.9911335196457955
928646,0.42567670273217867
928647,0.9968366664418946
928648,0.9997928497908241
928649,0.9991500429069997
928650,0.9375596125247687
928651,0.99941732790323
928652,0.9993894797082288
928653,0.9998695000663451
928654,0.9999225090098298
928655,0.8708242283765264
928656,0.9997019366590093
928657,0.8890535634520882
928658,0.6998848496466599
928659,0.3267813269776104
928660,0.7278438270786786
928661,0.5855958443236058
928662,0.9360210962936357
928663,0.9976966717386958
928664,0.14762289244858517
928665,0.008314218471973906
928666,0.8703703339072484
928667,0.10062150364033273
928668,0.7100006523820325
928669,0.9999365209337534
928670,0.9486093259527415
928671,0.9966801207269012
928672,0.4669454516236435
928673,0.7163154338478942
928674,0.9015812854986405
928675,0.9996058860408261
928676,0.9999042126238943
928677,0.14839116831567783
928678,0.999305472053325
928679,0.9782850259506286
928680,0.9993862007560886
928681,0.18611040465169798
928682,0.910113980055447
928683,0.9999903690258689
928684,0.44179065983147503
928685,0.9942187454970945
928686,0.9784111352252909
928687,0.3657099736222462
928688,0.05934751088416072
928689,0.9998221989035966
928690,0.9931494166215948
928691,0.151682530998907
928692,0.16861796152129427
928693,0.9963390204160012
928694,0.7588348160332908
928695,0.9996421566541993
928696,0.18072073873031644
928697,0.4897187204811697
928698,0.7473162150734516
928699,0.9994261657965671
928700,0.9996524447361811
928701,0.9985104034939891
928702,0.9997773054752461
928703,0.5144004131378282
928704,0.34763612846218295
928705,0.3400138389414305
928706,0.9993537847829295
928707,0.9669771268879738
928708,0.9998761206903235
928709,0.7965925614007339
928710,0.037000538969062594
928711,0.9794746626480466
928712,0.6633380733980065
928713,0.4432855074697574
928714,0.7514978276068787
928715,0.025491493468894354
928716,0.10312912894659515
928717,0.9901130685927921
928718,0.9982520014086773
928719,0.02696526856244262
928720,0.9994933782104822
928721,0.4927715300381733
928722,0.9600302074936079
928723,0.9220796557815618
928724,0.9996225524659915
928725,0.988613699526667
928726,0.9412166967995111
928727,0.9942333890273296
928728,0.9995474542433582
928729,0.9991279875620629
928730,0.12025451263340214
928731,0.9685194292237076
928732,0.10287680725132411
928733,0.019566659247859202
928734,0.811387296642961
928735,0.06407397887660155
928736,0.7082395716011878
928737,0.9986499207788583
928738,0.9991158334941216
928739,0.996051835695452
928740,0.9988778196148711
928741,0.9967023368906519
928742,0.48325466033020503
928743,0.9991781870842057
928744,0.9990508193476997
928745,0.9998273440525054
928746,0.8094151554596979
928747,0.9998989891618901
928748,0.7383746690025642
928749,0.7773034419935789
928750,0.9421222938226034
928751,0.8755339652636764
928752,0.6650310391879238
928753,0.9999759615598081
928754,0.12445343316369181
928755,0.1735321953346758
928756,0.07564248841180313
928757,0.9232655240692811
928758,0.5382970277734063
928759,0.9896310290793795
928760,0.9706021794890197
928761,0.5469585850479264
928762,0.9994711201515374
928763,0.9995635422625881
928764,0.9920997502845958
928765,0.9849902628740091
928766,0.9998304987050335
928767,0.8852660953483327
928768,0.0584817811763627
928769,0.999840673797337
928770,0.9880589647279517
928771,0.9998836142109749
928772,0.5447801995270859
928773,0.9724675325559634
928774,0.9215874282014
928775,0.720092963042154
928776,0.41385735192435047
928777,0.8523094484003622
928778,0.029659108847515943
928779,0.9856066185454544
928780,0.015950306902335818
928781,0.018026489165894086
928782,0.005165542866320966
928783,0.9890347037877205
928784,0.8028573109015615
928785,0.8111924755234978
928786,0.9947399357880026
928787,0.9991407018287508
928788,0.47695107558615224
928789,0.9813878992457841
928790,0.011886468851368473
928791,0.9790376018304547
928792,0.9454273554993652
928793,0.99992134610897
928794,0.995719860384885
928795,0.683721882675123
928796,0.6580515448323299
928797,0.9932404576558298
928798,0.1873019283528714
928799,0.08238795329710857
928800,0.06617253519492283
928801,0.13783364503460108
928802,0.4252420548820189
928803,0.4664098155835319
928804,0.6414494335329703
928805,0.9991398827643885
928806,0.9253688328214384
928807,0.9323459359501256
928808,0.9992229275849833
928809,0.9941769022927696
928810,0.9992153973300606
928811,0.016775576170568705
928812,0.9997659317086381
928813,0.9986612403698413
928814,0.9996195744376151
928815,0.9999741301285985
928816,0.9969185057025314
928817,0.9043756626324884
928818,0.4906481468625247
928819,0.20800461193883357
928820,0.14949459687081026
928821,0.9998913593989152
928822,0.9079399179437184
928823,0.9936976647007354
928824,0.99989636945835
928825,0.9960080846503323
928826,0.9864646884180814
928827,0.6638962323779012
928828,0.9876666868578338
928829,0.999672206732671
928830,0.08515621742047909
928831,0.12143780070631441
928832,0.9999049878834168
928833,0.9999645560953434
928834,0.9963351183925471
928835,0.9959068587245032
928836,0.015348260971849175
928837,0.7385850097157829
928838,0.9903760511400982
928839,0.9986068623839001
928840,0.00977273888721584
928841,0.9996937558812659
928842,0.9899863952974679
928843,0.708750996399937
928844,0.07326469160944604
928845,0.8785938521376091
928846,0.6419313566926195
928847,0.9993920272388949
928848,0.08575625130979259
928849,0.997914918001794
928850,0.7701949794434088
928851,0.9994204045065396
928852,0.8605880451121799
928853,0.6554686280214013
928854,0.9727798930829474
928855,0.9471298629346299
928856,0.9994393988883378
928857,0.01717528022430076
928858,0.027579205094739205
928859,0.9995543128734599
928860,0.07574661017086372
928861,0.7786953106288417
928862,0.1225202297747976
928863,0.9989471997737093
928864,0.9986199674818041
928865,0.9946156923240181
928866,0.02916529548344575
928867,0.9999181925969358
928868,0.7676506458030451
928869,0.31692238084357477
928870,0.9969170633270434
928871,0.9995234366509091
928872,0.7706315464731204
928873,0.02820563161579346
928874,0.43524950211352254
928875,0.9990254583783574
928876,0.999970483469204
928877,0.15845740402076655
928878,0.9999025540871518
928879,0.8628802272101652
928880,0.02717619686698517
928881,0.6314543480167056
928882,0.8555437528135144
928883,0.914338643334862
928884,0.999952201931516
928885,0.998914904414389
928886,0.5120986623564239
928887,0.011114766512187105
928888,0.9581149268142346
928889,0.8259879507328245
928890,0.025513458841990175
928891,0.9978389262297722
928892,0.999977477627455
928893,0.9143519602315562
928894,0.4242448260049023
928895,0.9647095893794857
928896,0.9997714872494771
928897,0.7330748988675748
928898,0.3455934683095016
928899,0.18097254905920562
928900,0.9296630530990359
928901,0.9993974077273027
928902,0.995447295841708
928903,0.015389428126890358
928904,0.507383790296149
928905,0.9980353919624394
928906,0.15813906780257467
928907,0.9994000204398205
928908,0.003619997403929649
928909,0.9333602914522023
928910,0.9999178310212957
928911,0.9997392705180743
928912,0.8941994296141356
928913,0.9801646213702049
928914,0.5191143853957477
928915,0.2959325337893206
928916,0.9978916126914552
928917,0.45717587609587923
928918,0.9999704044579929
928919,0.9995160485686445
928920,0.03792785594453364
928921,0.7698102634583569
928922,0.9998586520275083
928923,0.20607706681705495
928924,0.26502127328468356
928925,0.05630746611218069
928926,0.999699266142948
928927,0.9590314658903951
928928,0.9991338429605795
928929,0.9478139225818344
928930,0.9999819851011458
928931,0.999671653706786
928932,0.999873881120025
928933,0.3492576023513573
928934,0.15110620621941787
928935,0.9954610041692393
928936,0.21005893411469717
928937,0.0016402148882412684
928938,0.9999456973671648
928939,0.49350171255213165
928940,0.9933844850428033
928941,0.9996906321079176
928942,0.9997676134953528
928943,0.9993535810510273
928944,0.9775490012566748
928945,0.0582262817984677
928946,0.121341749629307
928947,0.827515394718646
928948,0.9993833368213898
928949,0.9997055524040077
928950,0.9997786921763164
928951,0.9973374628354821
928952,0.4172084912335501
928953,0.1627042297204192
928954,0.8730968467432128
928955,0.573671728009291
928956,0.9962556260574107
928957,0.9950503697151075
928958,0.9997539846650685
928959,0.9955799802357418
928960,0.9980224689096049
928961,0.911341981107838
928962,0.9994924463229801
928963,0.7560099356866914
928964,0.6421056460406249
928965,0.9231230617083485
928966,0.9856618437968754
928967,0.31208026657021987
928968,0.9728156223594848
928969,0.7025240948841431
928970,0.9995388235403795
928971,0.9996094828321853
928972,0.9999513628378724
928973,0.5230620340606608
928974,0.8634241835058796
928975,0.0654156166007175
928976,0.7056134952126183
928977,0.8816416281638824
928978,0.38669119824697284
928979,0.999577702952267
928980,0.9925788044249297
928981,0.9983828689499616
928982,0.6123103836239622
928983,0.7750137882043127
928984,0.6756707300284749
928985,0.9505034070682943
928986,0.9862680022002059
928987,0.9999639044193995
928988,0.9998202109215235
928989,0.9999719638504225
928990,0.23373380623863246
928991,0.4026468028756123
928992,0.9958452950637449
928993,0.07241781121942342
928994,0.9999755392482412
928995,0.46371565699094314
928996,0.004230251587577677
928997,0.5472544624975573
928998,0.9960703259676682
928999,0.637166217117608
929000,0.10855477371724541
929001,0.38224386127578264
929002,0.992487260388351
929003,0.9109080427017782
929004,0.5886497213868809
929005,0.9998879042650397
929006,0.9941290931364372
929007,0.8017525321359518
929008,0.6552836124355881
929009,0.24012891016736662
929010,0.9986680063329613
929011,0.1450593387159486
929012,0.016880477797112672
929013,0.997110220472878
929014,0.9755473923307888
929015,0.03923565690580827
929016,0.9989752175999522
929017,0.8506388049251496
929018,0.6650568889715078
929019,0.17135948445871438
929020,0.004187335909903797
929021,0.9999309966782393
929022,0.6149265053397738
929023,0.9878408808020979
929024,0.047485166829711004
929025,0.9999558684522503
929026,0.9381955194963368
929027,0.999979980009003
929028,0.9121546241634338
929029,0.9731890816107159
929030,0.9604381733501242
929031,0.9932191515612115
929032,0.9987933688834905
929033,0.9277241645434955
929034,0.2898174142572862
929035,0.46146607231469094
929036,0.9994567830619423
929037,0.019684381416619205
929038,0.8084927386451322
929039,0.9999778801227786
929040,0.12911416031596418
929041,0.9984724803576159
929042,0.025687218855663548
929043,0.23067705760234622
929044,0.994985377689385
929045,0.9990827103378085
929046,0.9994986453529953
929047,0.6730579602458561
929048,0.9987157855102748
929049,0.9994639433478989
929050,0.9997437287449684
929051,0.9990541543506926
929052,0.999919533235291
929053,0.08845605004677375
929054,0.9996607203556911
929055,0.9916933790731914
929056,0.9997854260094003
929057,0.620670310026683
929058,0.847130121953447
929059,0.9943244921267651
929060,0.9981479190098497
929061,0.27322469097974467
929062,0.9997770888197746
929063,0.9912009556845363
929064,0.9996042765991591
929065,0.7026161590738604
929066,0.9994206719893346
929067,0.9999306188199242
929068,0.0628108994949048
929069,0.9866793717217492
929070,0.8810514786812873
929071,0.04138944124401455
929072,0.997869810661873
929073,0.9994667522494406
929074,0.033736127485480355
929075,0.4373787261947349
929076,0.9999160425372953
929077,0.9657300354536902
929078,0.6342116319675128
929079,0.9944256927319536
929080,0.3588385544970386
929081,0.6886520741307691
929082,0.40204241616322745
929083,0.5746945590228311
929084,0.3326716529864308
929085,0.9956216561810767
929086,0.15677615776013953
929087,0.9999224507974991
929088,0.7085348548911647
929089,0.20425469806210933
929090,0.7291915253415941
929091,0.650248946207147
929092,0.9983859069629224
929093,0.9999954124737414
929094,0.8499520103102121
929095,0.9903086065596954
929096,0.6376418833788264
929097,0.9265818534807905
929098,0.014668773115947312
929099,0.9823521237748378
929100,0.6410647243432841
929101,0.2542172906368416
929102,0.9889145168304032
929103,0.14615179391717165
929104,0.13662986604356597
929105,0.9884270447511829
929106,0.9999895620769931
929107,0.9832761680903583
929108,0.8662758006922858
929109,0.0033137391356671065
929110,0.12844621758478197
929111,0.3131129140177026
929112,0.9916351889574544
929113,0.896113478545292
929114,0.9985662055939813
929115,0.9100209896695268
929116,0.9965103858603661
929117,0.5943579583431545
929118,0.06260986540802231
929119,0.9973061636565134
929120,0.990766283997505
929121,0.9955271970366909
929122,0.9824082138190479
929123,0.9980320933227379
929124,0.3919725446309184
929125,0.9133844712022231
929126,0.9863504315692727
929127,0.9626549554963818
929128,0.9735920256996274
929129,0.9976448816286649
929130,0.01357328983813588
929131,0.17099288412948035
929132,0.8518083339715821
929133,0.9997549298772601
929134,0.9931052079003209
929135,0.9998457526728118
929136,0.5761893530435489
929137,0.9999686023682769
929138,0.818697436453148
929139,0.9998187113959796
929140,0.2387625420522487
929141,0.9987937446002391
929142,0.9993658569104509
929143,0.9834783951076498
929144,0.9993046556928946
929145,0.7190341704149168
929146,0.9862508829849125
929147,0.9948255004000128
929148,0.9993942487323859
929149,0.009301565750974409
929150,0.9950925827721091
929151,0.9161670983546963
929152,0.683406362993461
929153,0.012933532528075727
929154,0.9957243565562152
929155,0.9968407113365523
929156,0.4384272144436896
929157,0.9953314034542897
929158,0.03128130872035181
929159,0.7944507176306972
929160,0.9872913252330174
929161,0.9998561096225906
929162,0.9489287344105328
929163,0.10220733154944896
929164,0.2046914305585235
929165,0.3631456436890831
929166,0.9991943157291046
929167,0.9623387844135505
929168,0.9569851413488615
929169,0.9997200886860607
929170,0.9782724592898491
929171,0.9985182300098298
929172,0.17188373762556047
929173,0.057447252066890095
929174,0.11573283919993446
929175,0.9999522300862924
929176,0.70262339553263
929177,0.988023490027141
929178,0.999640294871962
929179,0.6036476261956344
929180,0.6628030256579713
929181,0.29575303601824904
929182,0.9993768636974485
929183,0.8024009035342341
929184,0.9195901036959596
929185,0.6120895404894714
929186,0.011855546080629938
929187,0.46658309370499734
929188,0.8149129173298459
929189,0.2902084364419432
929190,0.9749840241065741
929191,0.9995188902233503
929192,0.999741740475699
929193,0.9896996311854163
929194,0.26389270809732324
929195,0.9985020988695517
929196,0.32207228763082263
929197,0.2910357050399054
929198,0.8774205153558154
929199,0.7703574214440034
929200,0.9963026101574646
929201,0.987282698926967
929202,0.8216047295458051
929203,0.9999219339218257
929204,0.9984460205783823
929205,0.999950977563568
929206,0.37863450186091663
929207,0.8725954702765654
929208,0.7474827153253909
929209,0.9915155913222314
929210,0.9983645985636218
929211,0.02789877637699406
929212,0.798903958028998
929213,0.999511381979229
929214,0.9997612821509854
929215,0.8685153854226253
929216,0.9942014733506741
929217,0.9995992959645512
929218,0.9301035612820512
929219,0.005092258939243411
929220,0.9996384444569656
929221,0.9984180503411373
929222,0.9882002069847757
929223,0.8496160497014074
929224,0.9469988658996177
929225,0.06503696366364038
929226,0.0038486136420559534
929227,0.997354823403253
929228,0.999261873613344
929229,0.14435131538223314
929230,0.9991667205854623
929231,0.9998433507292341
929232,0.9997825676129365
929233,0.578405980708983
929234,0.9589162317413302
929235,0.9998172764272513
929236,0.9993876321245172
929237,0.9953217669414803
929238,0.9944606779815736
929239,0.6875284736481182
929240,0.9994708168497908
929241,0.9994915082578435
929242,0.44787365911995
929243,0.9031075307974563
929244,0.9941851896814782
929245,0.9990076060794275
929246,0.02387561607483133
929247,0.7722803010524024
929248,0.9329095074838435
929249,0.9815629490497542
929250,0.15678080443328107
929251,0.9549120408520224
929252,0.9137170229731612
929253,0.9977733967750871
929254,0.9998306063210484
929255,0.9978547123535224
929256,0.03133547045436656
929257,0.16795995572502226
929258,0.9915305771767426
929259,0.999903514573893
929260,0.5643478809053821
929261,0.15608210983129306
929262,0.9963780836352
929263,0.6235558061445011
929264,0.7279174593293425
929265,0.9999073774603686
929266,0.9146417441034348
929267,0.9838674313927986
929268,0.7002142318965722
929269,0.07088250442112556
929270,0.5906772785356524
929271,0.9999558014561584
929272,0.32642498898636074
929273,0.06615546472565208
929274,0.9997921250460483
929275,0.6073818223390476
929276,0.12389043716593429
929277,0.9999257369737149
929278,0.9999321650229944
929279,0.41663157292977104
929280,0.3491449486491649
929281,0.9658623002871168
929282,0.027693652326817225
929283,0.9992725123862107
929284,0.7649168670872306
929285,0.9967168252374112
929286,0.22697466497980723
929287,0.9699691245212347
929288,0.999950651223514
929289,0.04964380040456905
929290,0.26229984856793304
929291,0.2574797954639242
929292,0.1329587684814088
929293,0.35623499275320386
929294,0.29230600984709254
929295,0.991325176598763
929296,0.9999764060183441
929297,0.48483373307066513
929298,0.9997157249240693
929299,0.4872142986159457
929300,0.11520910418878513
929301,0.9963568549879345
929302,0.9973048665800681
929303,0.9999679666639123
929304,0.11037329801858582
929305,0.9993151725044933
929306,0.974349540914655
929307,0.9923267443260699
929308,0.5785677749160506
929309,0.9992656378034103
929310,0.9999567264391815
929311,0.23031822013604686
929312,0.0070245002449432
929313,0.010352390111661771
929314,0.6657660388646989
929315,0.9999045711360521
929316,0.9997906138466102
929317,0.9998326561089438
929318,0.8637723403421742
929319,0.021510940412517082
929320,0.998969527939212
929321,0.9996894129511926
929322,0.31585008596265046
929323,0.9485067752021248
929324,0.9996939742301285
929325,0.999979364491558
929326,0.9998563092112932
929327,0.9671927611602782
929328,0.5847119206331366
929329,0.8593850994772433
929330,0.9501428486899277
929331,0.9993442302301858
929332,0.9956280298057476
929333,0.702886500484191
929334,0.9973324559701946
929335,0.14670458074602405
929336,0.8024947312643453
929337,0.999618583365291
929338,0.714641361330308
929339,0.10877364997035122
929340,0.7512983029456757
929341,0.6769000385627988
929342,0.8769477095176301
929343,0.9759777910277359
929344,0.9986589380315951
929345,0.9277095428081958
929346,0.08685114018014872
929347,0.9586768133491149
929348,0.9999240352176186
929349,0.006037351836531867
929350,0.999987614566386
929351,0.5686442554422605
929352,0.9992092943949732
929353,0.7182972098639879
929354,0.9933272592457917
929355,0.6820130808841074
929356,0.8994236463752857
929357,0.9292868636383007
929358,0.010203668414307525
929359,0.4150700594040832
929360,0.9998509109774685
929361,0.9973117504642031
929362,0.9992287909643318
929363,0.117972300553398
929364,0.25240182624594354
929365,0.9988390060651302
929366,0.9762538284176849
929367,0.09046202951620813
929368,0.009220926568134497
929369,0.9995464151287763
929370,0.9998087376383171
929371,0.9999195064755801
929372,0.030825368655183844
929373,0.0014645595044221475
929374,0.9994722449314417
929375,0.4086733930698664
929376,0.0290598774570902
929377,0.5667990566329909
929378,0.9998147251880309
929379,0.9952849644388373
929380,0.9993919590078073
929381,0.9999587632760354
929382,0.9999270344693398
929383,0.9999694149972919
929384,0.9998333571254546
929385,0.9991087304545705
929386,0.9965690886985342
929387,0.02852632614786965
929388,0.31364396711613723
929389,0.9999797363837265
929390,0.9999651350819909
929391,0.9997957451050788
929392,0.0981272255843244
929393,0.999984923178895
929394,0.9999787338709338
929395,0.015237478375387015
929396,0.8349957636594738
929397,0.15601915576364994
929398,0.9979486371165776
929399,0.9968935260019178
929400,0.9755569517713552
929401,0.4483877267946939
929402,0.9999619685868997
929403,0.9999618485006955
929404,0.9998216033649443
929405,0.2962679723401272
929406,0.9968628145010707
929407,0.29115416227803803
929408,0.45443763392384695
929409,0.9747487319057266
929410,0.599320364653775
929411,0.9948437203808402
929412,0.914557407842589
929413,0.6052281457916074
929414,0.48271301166350766
929415,0.99995159017867
929416,0.99969698518426
929417,0.7634013099937156
929418,0.9999917258625901
929419,0.9993334402429799
929420,0.28749073877451053
929421,0.8549196996560287
929422,0.9961417111971518
929423,0.9536021684179211
929424,0.041653131258932066
929425,0.06342721966703765
929426,0.8589709329455132
929427,0.961161553349246
929428,0.5397052261993238
929429,0.5649947696235554
929430,0.9992733670542226
929431,0.9934913255347309
929432,0.9998145395322531
929433,0.9780764983947503
929434,0.9955909955486992
929435,0.9854500212912042
929436,0.7169184482837605
929437,0.08718235900274116
929438,0.5321075010295304
929439,0.19481300961096776
929440,0.8208837395625976
929441,0.9994324921673421
929442,0.0027297288654192196
929443,0.9957467798365791
929444,0.29164503093507554
929445,0.999938446440261
929446,0.9998863698653204
929447,0.9999264838309551
929448,0.7470809686521547
929449,0.9778127336817486
929450,0.9989823394359887
929451,0.40415121488477945
929452,0.8859911065377948
929453,0.9994825395622725
929454,0.7398775461130245
929455,0.999851953699875
929456,0.9066378589410066
929457,0.929346284570628
929458,0.35456018003076706
929459,0.4929286117268714
929460,0.25113969980741946
929461,0.9996704270106168
929462,0.9997922300355093
929463,0.3520805530920237
929464,0.9929419940259605
929465,0.04201540554158348
929466,0.9975219112837806
929467,0.657751130974694
929468,0.9975108082013039
929469,0.9998733828202053
929470,0.9858323871716813
929471,0.9336390789231976
929472,0.9754013456547032
929473,0.8017555812859845
929474,0.6584656803021582
929475,0.6588449835582616
929476,0.9998728581556549
929477,0.9998733137856166
929478,0.8875593696365641
929479,0.7482675939683964
929480,0.12889929148740625
929481,0.9924152544771414
929482,0.887471646422744
929483,0.997396098739233
929484,0.10587385753684775
929485,0.9999656696028217
929486,0.9998387241081567
929487,0.061634496121855405
929488,0.6234901361052381
929489,0.9638281330723504
929490,0.999952539312378
929491,0.9999230567056225
929492,0.999885732282309
929493,0.70210724958619
929494,0.9996053749606442
929495,0.5589957717953324
929496,0.9985058928625522
929497,0.9189926652401124
929498,0.9989992859729524
929499,0.877734884883611
929500,0.3888178474779457
929501,0.9998629719888259
929502,0.999941711061799
929503,0.87168761259097
929504,0.8358718470326729
929505,0.2835123931746466
929506,0.9992969705748267
929507,0.9060819917705855
929508,0.503900026724293
929509,0.7481025705237596
929510,0.9996649700518401
929511,0.9997917181084178
929512,0.9997693575770099
929513,0.9980487379372813
929514,0.9599175489004543
929515,0.7090329527023838
929516,0.7167355642261216
929517,0.9542466305864409
929518,0.9977548172339574
929519,0.99837423062242
929520,0.982627011585399
929521,0.9997358990922673
929522,0.9997329642878549
929523,0.998630066072011
929524,0.9998418659766182
929525,0.9953785548439109
929526,0.9451513978122057
929527,0.9998124888763837
929528,0.9999546579503205
929529,0.6772883754385025
929530,0.9996209621396648
929531,0.9992878702288783
929532,0.9998526434741737
929533,0.014975211847306321
929534,0.9994258380641133
929535,0.5682760989574128
929536,0.6034230657391738
929537,0.9999807112725133
929538,0.606449537818128
929539,0.12532147288019135
929540,0.8567408579844195
929541,0.8971896608839485
929542,0.2671820698023242
929543,0.999903643503121
929544,0.27240744556764174
929545,0.9146450621866669
929546,0.1878196403123623
929547,0.2832467902701879
929548,0.1674909532011179
929549,0.11147230117072228
929550,0.11113792188172546
929551,0.9994954481892315
929552,0.9256776278146694
929553,0.9875376822906753
929554,0.9925475904865793
929555,0.9899104937970681
929556,0.9747087030559477
929557,0.022784317510656224
929558,0.05099587307309092
929559,0.9336383170258714
929560,0.999829065965306
929561,0.8255994386932561
929562,0.7956466018610375
929563,0.5170531286602655
929564,0.999827433495199
929565,0.9959810631498887
929566,0.9999336035581586
929567,0.1060283912478849
929568,0.6087467436698288
929569,0.9978383880935944
929570,0.9995060066292705
929571,0.999792140526564
929572,0.9962505472234082
929573,0.9051673780981764
929574,0.9647158484487657
929575,0.6419463577886464
929576,0.9988050024709529
929577,0.9990567726533994
929578,0.9997782120365684
929579,0.9989061035035129
929580,0.2650695240191727
929581,0.9199391812210538
929582,0.3803785468953709
929583,0.9907850096214377
929584,0.9997005087448814
929585,0.7826502494072869
929586,0.6394509185157895
929587,0.9973549825662398
929588,0.15245575354925456
929589,0.9998592050388779
929590,0.9058402444738107
929591,0.9970349092678783
929592,0.028459355891325637
929593,0.9987826393124601
929594,0.49232515978246777
929595,0.9999307608996335
929596,0.46810468246825904
929597,0.9952030027964585
929598,0.5328926697122449
929599,0.9996764934216951
929600,0.9993819009075082
929601,0.9348684081630121
929602,0.7671133841194258
929603,0.9996162239952452
929604,0.9996589620451511
929605,0.2328568645693083
929606,0.9877833692189812
929607,0.5742882569189712
929608,0.8896348744942343
929609,0.9866202943331785
929610,0.5590599925256188
929611,0.9801105854607046
929612,0.999848783742444
929613,0.1227846684396867
929614,0.1371927129356622
929615,0.999746064613267
929616,0.3892812130772268
929617,0.9963539724507278
929618,0.9702441021757973
929619,0.9996819500604771
929620,0.9999887398696344
929621,0.0094407050679892
929622,0.5916334422395588
929623,0.7656271476524443
929624,0.9999099632011597
929625,0.37411324527277434
929626,0.7511414802764678
929627,0.9498249541552422
929628,0.09414599140180827
929629,0.7847279743998179
929630,0.9977904225790768
929631,0.9997528144977235
929632,0.9871963799914669
929633,0.012128892943986811
929634,0.9994191567143896
929635,0.9990536480196608
929636,0.9990609286634549
929637,0.8949133278403916
929638,0.9966827992856254
929639,0.9966469418335271
929640,0.05167498056891659
929641,0.9473729617576463
929642,0.9766881457740701
929643,0.7488432302929042
929644,0.9826072374690424
929645,0.46485281175991783
929646,0.9998781645618371
929647,0.7440314050543859
929648,0.015378168812082527
929649,0.9968595976604299
929650,0.999900477660575
929651,0.9921491002593678
929652,0.9977342502510459
929653,0.9862568482710361
929654,0.2562114198271644
929655,0.9890456390700053
929656,0.9960046484955889
929657,0.9996834703709543
929658,0.9832558376802825
929659,0.1634925729557779
929660,0.9609033642645641
929661,0.9243577614600018
929662,0.9651197499058943
929663,0.6508491145787965
929664,0.9946645618851242
929665,0.9881168647021139
929666,0.9999689720032081
929667,0.16772347866111506
929668,0.9998162453087803
929669,0.9811276290919
929670,0.9999823243853212
929671,0.1709038232582796
929672,0.42641636282695716
929673,0.3891808822375217
929674,0.6195633717457066
929675,0.8654615490506102
929676,0.7080357083814504
929677,0.22817724707518097
929678,0.9544572063643999
929679,0.9998989174369083
929680,0.90366473604055
929681,0.9996710170337162
929682,0.9996418575475083
929683,0.5422800578165023
929684,0.049038755385724137
929685,0.9368467007088663
929686,0.9712963698560677
929687,0.8324153123084318
929688,0.0855980850399071
929689,0.9768688353440902
929690,0.9981656257311345
929691,0.9981061747978272
929692,0.7340832362629328
929693,0.03138091285351744
929694,0.06145245173310359
929695,0.05413543506060749
929696,0.4338986760480407
929697,0.5404643104868522
929698,0.9997109865347548
929699,0.985998022900092
929700,0.16284777709951467
929701,0.9950447216797765
929702,0.9999440982454814
929703,0.40793806871068716
929704,0.9996535443981015
929705,0.9998348431901696
929706,0.10036386076058232
929707,0.01731643181728924
929708,0.9990887415340293
929709,0.8145911106750295
929710,0.0406399404149232
929711,0.0039061121937036896
929712,0.9390836282619923
929713,0.32125089037269017
929714,0.9986728347183224
929715,0.9989640233816246
929716,0.040682833790078456
929717,0.2578580432179775
929718,0.8916353556483988
929719,0.4909308553585834
929720,0.9994881590889093
929721,0.9998813292892282
929722,0.43454036360752424
929723,0.14081395823528448
929724,0.9987706882115528
929725,0.9984934864833477
929726,0.9998636767061094
929727,0.9998401447139578
929728,0.02353485224803866
929729,0.995552831404464
929730,0.7136098695202253
929731,0.698615045939853
929732,0.9996111343710775
929733,0.036883605712804655
929734,0.17685166555226342
929735,0.9251008549235286
929736,0.7881296702275449
929737,0.999523311869295
929738,0.9964224506894725
929739,0.9962396874659222
929740,0.8614838166401981
929741,0.9992091774913175
929742,0.9932686404646458
929743,0.04625527830476729
929744,0.9998712009354703
929745,0.9998597054613413
929746,0.9791479838707215
929747,0.9642574425685217
929748,0.46571449540503046
929749,0.9998053421895118
929750,0.9998986577174882
929751,0.9999104600077336
929752,0.9990277208315548
929753,0.9997837708736883
929754,0.8693610630212595
929755,0.009863104883004755
929756,0.9999200624765687
929757,0.670803768691747
929758,0.999658522124216
929759,0.06151145764103015
929760,0.9982278054195358
929761,0.058665892770327195
929762,0.44821475840767777
929763,0.9999629959603982
929764,0.9999925559451432
929765,0.6848174001217956
929766,0.9970443294846736
929767,0.4843907381101476
929768,0.17274284799111359
929769,0.9970277783007548
929770,0.9857216230575913
929771,0.036893372841830356
929772,0.8033778100366258
929773,0.6271444770604009
929774,0.8066999491483877
929775,0.013488568275076458
929776,0.9800731791931041
929777,0.9951807403881789
929778,0.9998894891920902
929779,0.9998550143111278
929780,0.9996853989756869
929781,0.7393560021772119
929782,0.9922999691585568
929783,0.07744407167746155
929784,0.5249680996950987
929785,0.026271270285334436
929786,0.9929514811242478
929787,0.8287768566856903
929788,0.836709402289427
929789,0.9991384597813755
929790,0.9951640512974915
929791,0.9866358134159217
929792,0.19970442613421813
929793,0.7719667580868517
929794,0.8773847649029437
929795,0.9988141849907908
929796,0.999949745091079
929797,0.9900787845833472
929798,0.21047820017335145
929799,0.9998965352133351
929800,0.9982535497014375
929801,0.9532180155529026
929802,0.6415286928339612
929803,0.9993151713226043
929804,0.3083300851462168
929805,0.0690222019754525
929806,0.9220464179855149
929807,0.8338761610679801
929808,0.9997907817689184
929809,0.8195018436302721
929810,0.20575973980913903
929811,0.9810943838304609
929812,0.9998825814718291
929813,0.04406247950377401
929814,0.849578098368645
929815,0.9947150761240251
929816,0.9978566082532765
929817,0.16788906251255853
929818,0.9572271341726348
929819,0.40046771778962814
929820,0.999223127080973
929821,0.9993939786898152
929822,0.9586053752589097
929823,0.9982099708007006
929824,0.5099911661516695
929825,0.8757929548403067
929826,0.9996368173969694
929827,0.5721152843583948
929828,0.13000851508928654
929829,0.12452813524989764
929830,0.9664959655625045
929831,0.19797995475119928
929832,0.9985075944895304
929833,0.999484864670785
929834,0.9539734774488398
929835,0.9874170789063205
929836,0.9986089034382222
929837,0.6663076590579141
929838,0.999957783147998
929839,0.9998688330224434
929840,0.9886701559961754
929841,0.9266355774171374
929842,0.9996299047951189
929843,0.7304062860731838
929844,0.9999723311810043
929845,0.9999380259604745
929846,0.46543218410994797
929847,0.11559677336621905
929848,0.1970173735974838
929849,0.633348580618645
929850,0.4316388979824765
929851,0.4170690808421518
929852,0.9997155643064631
929853,0.3310015595691772
929854,0.9393450977802489
929855,0.7773939022947911
929856,0.6936412189709507
929857,0.9988132319181483
929858,0.11721964670952527
929859,0.9996615812639339
929860,0.2401487465781872
929861,0.9994650799423206
929862,0.9999253316910461
929863,0.7454586396879087
929864,0.9954657359974364
929865,0.9991725915076319
929866,0.9989664373010317
929867,0.032720617661221314
929868,0.9843025034788075
929869,0.45569737878921
929870,0.14693600752817845
929871,0.6345446610112601
929872,0.9965193163267287
929873,0.9997897946971259
929874,0.9923852840895925
929875,0.5502368412108842
929876,0.9999773824207188
929877,0.9998803794257146
929878,0.9349155608096671
929879,0.3777474891719346
929880,0.999755213812107
929881,0.992291182641172
929882,0.6115184918157346
929883,0.33288250817386894
929884,0.5082095642657891
929885,0.9890509636469507
929886,0.9949934127918056
929887,0.9951228673559243
929888,0.37455138014361283
929889,0.20403302284754443
929890,0.09657622147669369
929891,0.9808332192666112
929892,0.08256572507139925
929893,0.9983685988519793
929894,0.9854401131930988
929895,0.9784251886880497
929896,0.21503037052559892
929897,0.9884718019930572
929898,0.9842595904016954
929899,0.9998588463329376
929900,0.4796402477720122
929901,0.9643972063916953
929902,0.9990810677591051
929903,0.17994301307940253
929904,0.007005779192005826
929905,0.9968800471311041
929906,0.9944139334915767
929907,0.5344467865147198
929908,0.9879408411143067
929909,0.9183777133644142
929910,0.08922883657627506
929911,0.6061289856295391
929912,0.9999833641274123
929913,0.9999466460228553
929914,0.9993425612156478
929915,0.9990890145548987
929916,0.09791399040272139
929917,0.83182594888686
929918,0.9987300229309246
929919,0.9500481482016496
929920,0.8647912041856395
929921,0.9998203365826523
929922,0.9950184618436454
929923,0.05810522581895263
929924,0.47049462641252143
929925,0.9995363717469208
929926,0.9232481700240663
929927,0.04215787930113603
929928,0.5964739985013346
929929,0.6693697394699764
929930,0.9076821695144878
929931,0.9998769236208145
929932,0.999724254460072
929933,0.9993847598162819
929934,0.8386950351169405
929935,0.999921910597832
929936,0.845654698564063
929937,0.999691830360956
929938,0.9991759075741616
929939,0.46298285196862454
929940,0.9227195990097974
929941,0.9585955597567595
929942,0.0818404107652866
929943,0.9998002218307533
929944,0.02080540468256303
929945,0.9996866040326828
929946,0.9919296311435403
929947,0.9875125526918906
929948,0.041730425418152306
929949,0.42424344574292105
929950,0.9994285067622632
929951,0.9297826016787605
929952,0.9996723745147282
929953,0.03803814203582229
929954,0.9999919685095102
929955,0.388662607877725
929956,0.01937690027778131
929957,0.12070905056370886
929958,0.9881500446841691
929959,0.028579778681675022
929960,0.07524377356300171
929961,0.8722696184746161
929962,0.20331473739422595
929963,0.050541089185629856
929964,0.28028108977646415
929965,0.9990278999025202
929966,0.9970536882681693
929967,0.4071653932793219
929968,0.9965523597199863
929969,0.720510849074318
929970,0.9999788604050863
929971,0.6314597424802565
929972,0.5332636956874699
929973,0.4820166455941135
929974,0.9996974226493776
929975,0.9995704819014791
929976,0.9999498303419796
929977,0.3942642132766732
929978,0.9258041477658696
929979,0.4944831476103121
929980,0.9998967558442232
929981,0.9471394056043435
929982,0.23328984809629275
929983,0.026127556771934915
929984,0.9696102871895302
929985,0.4117300311765519
929986,0.9997821753087166
929987,0.6545156805249808
929988,0.999935375598707
929989,0.9824847019128657
929990,0.999895565034584
929991,0.2862231696979088
929992,0.9396385529679576
929993,0.8705037655519395
929994,0.9998658524609398
929995,0.998729597181282
929996,0.9885259787639882
929997,0.9520437624566276
929998,0.08826525355028134
929999,0.9999103963108559
930000,0.9308377933144226
930001,0.8670137202117344
930002,0.4748456920540668
930003,0.980591510505049
930004,0.999908089678752
930005,0.9252106301101154
930006,0.9997543442428349
930007,0.27834767986059344
930008,0.8940075759265504
930009,0.9973064005557438
930010,0.34247940890330864
930011,0.14375393314033258
930012,0.0738910596008176
930013,0.9995776636109432
930014,0.9998245805750737
930015,0.9999415279784922
930016,0.485282071944632
930017,0.9956738029695145
930018,0.025271103539087243
930019,0.9986091160090542
930020,0.7929651743395894
930021,0.3067665838557971
930022,0.20641919790985516
930023,0.14367736408073967
930024,0.2323722210283191
930025,0.5390723020067133
930026,0.7958315730133546
930027,0.9979380974228556
930028,0.15379009934985535
930029,0.9319442453422244
930030,0.37152838025627566
930031,0.8873425570554574
930032,0.9935550268239366
930033,0.24700130656748082
930034,0.6025081191028326
930035,0.22848545137604875
930036,0.6184862762777936
930037,0.9999342678698392
930038,0.6673450046193974
930039,0.8548116423820387
930040,0.9999304878481097
930041,0.9994858922813465
930042,0.7839908747195095
930043,0.7939480091399851
930044,0.9998929620676341
930045,0.9948375454701897
930046,0.010724320613027364
930047,0.8121460601873141
930048,0.3023081491392074
930049,0.6858549888991119
930050,0.9989716754605273
930051,0.9997806503978853
930052,0.06346736613113857
930053,0.9612884868400114
930054,0.9203341546694964
930055,0.0026726795061448347
930056,0.8204551853508311
930057,0.9998989355875703
930058,0.1740088881376425
930059,0.9221643333423117
930060,0.99932899620701
930061,0.6890853198399697
930062,0.6844147800740722
930063,0.9999840275651692
930064,0.9955306849433041
930065,0.7565028173004467
930066,0.9993352178195225
930067,0.9999065035907951
930068,0.7752245786083622
930069,0.9999208462752294
930070,0.2641851555705491
930071,0.966891010096057
930072,0.9999765471043105
930073,0.9995116034692363
930074,0.9999904089749528
930075,0.9912458005660703
930076,0.6934251539318737
930077,0.5052381656319843
930078,0.906674583533487
930079,0.31304999975802383
930080,0.9999903752991157
930081,0.9992060508163177
930082,0.25970453806015226
930083,0.8828784848074007
930084,0.9624600967524317
930085,0.9994300038631291
930086,0.15925560047284515
930087,0.5414099529828588
930088,0.7950865984715076
930089,0.9936070308785254
930090,0.7237474295497769
930091,0.31720458660692086
930092,0.9984386257027313
930093,0.10570094533237911
930094,0.9997399250422323
930095,0.9883311098936334
930096,0.9995161310765737
930097,0.14584975495464467
930098,0.6034741418546273
930099,0.9999370484710988
930100,0.9994439701927433
930101,0.2497882224604875
930102,0.127990330880903
930103,0.9992222649551994
930104,0.985325520592405
930105,0.005219304930656704
930106,0.999826751048697
930107,0.9999895424462135
930108,0.9439425374997921
930109,0.990488423185764
930110,0.9999627045455248
930111,0.2295422709403479
930112,0.9993581471759563
930113,0.6899289325971539
930114,0.28934158063591964
930115,0.9995874085498866
930116,0.9999035025526573
930117,0.8478254881172009
930118,0.7709305053461255
930119,0.9998868641894685
930120,0.9598421316253354
930121,0.014671720991045639
930122,0.9910756925706647
930123,0.9996368877360953
930124,0.8244616719505742
930125,0.8392139094586004
930126,0.5401515405362369
930127,0.24700924894177403
930128,0.9063254219943773
930129,0.3448292171471063
930130,0.9999585940158306
930131,0.03596657816984602
930132,0.935074151313369
930133,0.9948484747239346
930134,0.9996482964799549
930135,0.2679610329650585
930136,0.14846760272298185
930137,0.025697152649791697
930138,0.06660188432454697
930139,0.20593032451191184
930140,0.9907738383879379
930141,0.0506048954112326
930142,0.8274666684170431
930143,0.9978752092954611
930144,0.9813966129564395
930145,0.3667117365300189
930146,0.6772154886295967
930147,0.9995796447779909
930148,0.998180822828388
930149,0.6680851685093984
930150,0.9993569347310154
930151,0.8702258578269526
930152,0.9860496089805654
930153,0.9737578457549916
930154,0.10722861843050976
930155,0.4803513533075252
930156,0.9934171758989414
930157,0.6744266581270617
930158,0.9514688978196474
930159,0.9514412594163086
930160,0.6794527302723365
930161,0.9991948449891432
930162,0.5806200862349267
930163,0.8329532370826086
930164,0.9720105746311384
930165,0.9943569969106509
930166,0.9988903503459563
930167,0.9999941101174996
930168,0.9483328777757898
930169,0.8369774738695563
930170,0.7442904612997143
930171,0.21194638671723684
930172,0.9999478236173236
930173,0.030440157913528318
930174,0.12097697468984273
930175,0.3157236528808543
930176,0.961375473306017
930177,0.07580622714422353
930178,0.05468350361126237
930179,0.9507864835247104
930180,0.9870899230185526
930181,0.9838531581618605
930182,0.9998599148209615
930183,0.07629746186905202
930184,0.9746753870039745
930185,0.9993882870438302
930186,0.48052010378549526
930187,0.9997455310101235
930188,0.9999235611508097
930189,0.8632357346095134
930190,0.38526078291237414
930191,0.008389986195849635
930192,0.9965583256213035
930193,0.9989292271645589
930194,0.26372087107456477
930195,0.769765222981502
930196,0.6660192163496697
930197,0.35654957086325456
930198,0.8386996607283584
930199,0.9952661730097925
930200,0.9964039111309193
930201,0.5124602711764964
930202,0.9989135647598532
930203,0.7060283014758337
930204,0.9996884452832435
930205,0.9991197036990903
930206,0.9970126210327059
930207,0.8599276960037887
930208,0.13591737611254157
930209,0.9416297387406327
930210,0.01560965601306963
930211,0.03927479422141042
930212,0.9947927869912823
930213,0.9996966973738859
930214,0.14909747913291518
930215,0.3750369753218374
930216,0.11728076386031883
930217,0.8661678771097501
930218,0.9969418559521827
930219,0.7381518302951422
930220,0.5270252952723773
930221,0.9992349772906518
930222,0.6392140770174686
930223,0.010989113581394181
930224,0.9999371154414345
930225,0.9997037998047236
930226,0.6423976561223996
930227,0.9999501716072582
930228,0.008850429191564596
930229,0.793975494951259
930230,0.23703461271358334
930231,0.9999785229797502
930232,0.9828604169497259
930233,0.9998809003058222
930234,0.9664826402952825
930235,0.9997407498432009
930236,0.9997268598550919
930237,0.1661896281075816
930238,0.9938309712047628
930239,0.40982943568183905
930240,0.940989537766251
930241,0.9999798799805759
930242,0.9732864367998831
930243,0.939385966532758
930244,0.9903062781051466
930245,0.8817397212284145
930246,0.04907538247843475
930247,0.651876183988398
930248,0.9577660579262072
930249,0.9999504880880886
930250,0.9013963399465793
930251,0.03630249629685281
930252,0.9975973839953055
930253,0.23535649700956668
930254,0.9971447026141872
930255,0.9997322430552843
930256,0.9998049017850938
930257,0.9997811357722239
930258,0.016284522870715305
930259,0.9752866195391335
930260,0.9983606404449743
930261,0.2688505547850815
930262,0.9873670911120955
930263,0.4433289109216169
930264,0.2127030023149704
930265,0.9997675834384883
930266,0.9988797695925925
930267,0.3393927145144047
930268,0.8105607559061061
930269,0.3456573168218216
930270,0.9994928841351911
930271,0.7914126079301755
930272,0.9991304658563934
930273,0.9976962409468836
930274,0.553663009815539
930275,0.09795362999561354
930276,0.996290726912321
930277,0.9988323002811303
930278,0.5627029720550081
930279,0.14232071675978067
930280,0.2389793157227899
930281,0.8800143645194675
930282,0.9501675136444303
930283,0.7449536796640543
930284,0.5741408317434191
930285,0.9994312927439967
930286,0.7643994705031546
930287,0.9995347602260587
930288,0.6018771845021498
930289,0.14288736615381858
930290,0.999497632176199
930291,0.9983682810494436
930292,0.03695712739132324
930293,0.7063836407640527
930294,0.9795444357806613
930295,0.9951245175872401
930296,0.039124612614836275
930297,0.29850737683806866
930298,0.9975297207769136
930299,0.3621096887177726
930300,0.9988496988648186
930301,0.928521598539881
930302,0.9334549631656545
930303,0.9695748042261993
930304,0.9949068685663338
930305,0.9990412627289786
930306,0.7162516678884774
930307,0.9986652602128874
930308,0.32552713456005006
930309,0.9996813646745939
930310,0.9999420193534316
930311,0.9986888079350669
930312,0.999952736798803
930313,0.781651113510048
930314,0.11960764014651556
930315,0.03716755420154588
930316,0.9984182186830322
930317,0.9998405705817214
930318,0.9981318629648149
930319,0.9214225624947092
930320,0.9788755894557393
930321,0.999867325526892
930322,0.10162558121731761
930323,0.9997413481998187
930324,0.33475766831217346
930325,0.14970939893699278
930326,0.999942640767728
930327,0.999808061072812
930328,0.7299197549687643
930329,0.9987214356177039
930330,0.9984811987910635
930331,0.9871524322510699
930332,0.9994941491731847
930333,0.3655313792748169
930334,0.7783276027618968
930335,0.5298808858098132
930336,0.9622391046707008
930337,0.13662014400798822
930338,0.13741447027199585
930339,0.6712740385203756
930340,0.07553137646021986
930341,0.6006544337871276
930342,0.6303785576659388
930343,0.9995687199397916
930344,0.3938899558533063
930345,0.65865563132464
930346,0.9993356764644434
930347,0.7548717742733531
930348,0.9993907158171746
930349,0.16883068774954046
930350,0.9999522376719434
930351,0.4280198497972931
930352,0.13235800665194694
930353,0.9890566827211034
930354,0.14012387696478185
930355,0.2649491639694784
930356,0.9996227131484406
930357,0.9998613190620852
930358,0.47356232716840807
930359,0.9996733418526367
930360,0.9836023274304195
930361,0.8746430855792846
930362,0.4274223303083504
930363,0.7022521697197885
930364,0.0069655711303565765
930365,0.08305623444928256
930366,0.9986656427601268
930367,0.999804598919617
930368,0.9999721668970513
930369,0.1452116306680004
930370,0.9801434078621928
930371,0.9937051739807884
930372,0.999775268921109
930373,0.9884022476282839
930374,0.0016238237890158136
930375,0.9958529204325813
930376,0.9981546047952734
930377,0.9979038016943067
930378,0.9938270080715529
930379,0.34702661190699635
930380,0.1055021177684512
930381,0.3500558902496778
930382,0.13447190784330243
930383,0.998260832935508
930384,0.9996343371122633
930385,0.9988870142590359
930386,0.8695735256354384
930387,0.9999499386009338
930388,0.9998351669087633
930389,0.9192702335620366
930390,0.9761866309155494
930391,0.09259265584823101
930392,0.8130249089137396
930393,0.9851102220290738
930394,0.9983707393559544
930395,0.9999094114218567
930396,0.9301157327631261
930397,0.06805276448238515
930398,0.923964268894539
930399,0.28425945224233606
930400,0.9980419475222606
930401,0.04700821401074631
930402,0.13654464521826357
930403,0.9999827332569029
930404,0.9826695561478831
930405,0.993627230904935
930406,0.4869913041436164
930407,0.10402436133281963
930408,0.15544976499242583
930409,0.5284393651534975
930410,0.4529611513666206
930411,0.5380913905379352
930412,0.7807462940981802
930413,0.7451994559327114
930414,0.9676095823438134
930415,0.6487918606111847
930416,0.5303159039639906
930417,0.7874657115858439
930418,0.9985458382027044
930419,0.2589729732873305
930420,0.9083900206599984
930421,0.022687606884090068
930422,0.9956869224145408
930423,0.7548746843165797
930424,0.1739064262529979
930425,0.9999862957050578
930426,0.9747995862323001
930427,0.9963702182609522
930428,0.8139119886149773
930429,0.9974165833695267
930430,0.22848544416768918
930431,0.9346344544174412
930432,0.012967561428189325
930433,0.9305105562050869
930434,0.9991187726161392
930435,0.4251519674622995
930436,0.5733986495934915
930437,0.9996826782626771
930438,0.9990493636670781
930439,0.9743482290742445
930440,0.9337710835526591
930441,0.9728339895280731
930442,0.9999631896008004
930443,0.7374737745356921
930444,0.999613047004521
930445,0.2712688469469032
930446,0.8723678557170511
930447,0.8052054670107919
930448,0.0966039307570244
930449,0.9580814670340092
930450,0.9995295516280847
930451,0.9830893036619397
930452,0.9974383925431567
930453,0.008363893108884479
930454,0.8939940721854904
930455,0.9970716536134147
930456,0.31505597700936494
930457,0.20039220528193508
930458,0.9974884358056217
930459,0.21669057774409797
930460,0.29314796845749674
930461,0.25015948600778254
930462,0.0021806572620132287
930463,0.9787372389218141
930464,0.9999503581410608
930465,0.013590698431981591
930466,0.999910057092147
930467,0.8994945123069086
930468,0.9922041230916886
930469,0.8215351258775345
930470,0.9998353214831166
930471,0.9999368797434294
930472,0.999466972683288
930473,0.22563957184593217
930474,0.9268709284932753
930475,0.05602857235854884
930476,0.8923005785452335
930477,0.9877423579524246
930478,0.9826423833537337
930479,0.8698566099991186
930480,0.15528735488643905
930481,0.13947059694873337
930482,0.003808716211009955
930483,0.9999840784028513
930484,0.38122640800398516
930485,0.9982715984301191
930486,0.34741413349888095
930487,0.9999304679166312
930488,0.7557795163931252
930489,0.8778568229243285
930490,0.9028949712853498
930491,0.9684084793165445
930492,0.999754081639673
930493,0.7572762213054023
930494,0.9997133315958822
930495,0.9999724913699142
930496,0.9999953161994726
930497,0.7537188595526073
930498,0.999541466016727
930499,0.920066169910462
930500,0.02023692863146423
930501,0.9999604065035371
930502,0.9983729393967125
930503,0.9984200796919522
930504,0.8996520231528251
930505,0.9997057684045972
930506,0.9923731614113398
930507,0.8920399820250076
930508,0.9999678500483047
930509,0.9944204565742272
930510,0.10239851337889992
930511,0.3139519202255745
930512,0.43351022280862506
930513,0.6995055322145992
930514,0.9597371857929848
930515,0.4967763219611226
930516,0.1352990192450182
930517,0.025051373212667274
930518,0.31726068344925673
930519,0.9901104481103757
930520,0.7557824736301485
930521,0.336706163155046
930522,0.6131987950797421
930523,0.3420280669640011
930524,0.016919921459125357
930525,0.5281524633783155
930526,0.9997890605036723
930527,0.9878116415565875
930528,0.10996699780842012
930529,0.18451439259597696
930530,0.9997518930438789
930531,0.13064709489023876
930532,0.8517251971369979
930533,0.9931473651315346
930534,0.7497395565781642
930535,0.016289481999176483
930536,0.9999946193917888
930537,0.6533706501481711
930538,0.013774048547065388
930539,0.9964310071508766
930540,0.8085445601560466
930541,0.9413053161116858
930542,0.3297907685024095
930543,0.9674961592778092
930544,0.020462795481652602
930545,0.6335351762698733
930546,0.056071628645399635
930547,0.9999634488262656
930548,0.9853992321115113
930549,0.9190818629141428
930550,0.9953464042019999
930551,0.9990991694615681
930552,0.20263337738201392
930553,0.9893648632519293
930554,0.999932585735098
930555,0.9999795510658418
930556,0.9998168215327479
930557,0.4680485010391131
930558,0.999799128407934
930559,0.006507606260882024
930560,0.9965953541156942
930561,0.6149018231926204
930562,0.9999703189332363
930563,0.4087567328427415
930564,0.9997382012186168
930565,0.7228355990888229
930566,0.9838093319299224
930567,0.9330084734853037
930568,0.9999297756075712
930569,0.9997426064683455
930570,0.7077320641892563
930571,0.9994221530728893
930572,0.006419547430133911
930573,0.664892486319326
930574,0.9998471976330294
930575,0.9949646644546977
930576,0.04817807909851944
930577,0.528769700720848
930578,0.6269009303445282
930579,0.9999693054620493
930580,0.2347249936251482
930581,0.998923692909354
930582,0.15310537353910175
930583,0.6830105760225491
930584,0.6066685580981723
930585,0.07912751214306314
930586,0.9999527525841063
930587,0.9939214651246921
930588,0.724251388760035
930589,0.9996680360214031
930590,0.9999718259900531
930591,0.9998844454902198
930592,0.9996717707327374
930593,0.9999680102698034
930594,0.028795992638836903
930595,0.993780098206126
930596,0.9982218988381194
930597,0.922892265906816
930598,0.8598401167778478
930599,0.3961877953620622
930600,0.2729053162819814
930601,0.29956330805639614
930602,0.997670424893416
930603,0.9999771463678089
930604,0.33429958269303583
930605,0.870949354270159
930606,0.9999223183091952
930607,0.7271182324765206
930608,0.999839716390326
930609,0.8055314603658131
930610,0.05154559966822075
930611,0.7413963215059154
930612,0.999669938184179
930613,0.4316747599876132
930614,0.9996709031325843
930615,0.9330915000554016
930616,0.5244446846450097
930617,0.9999491376204863
930618,0.807605561098832
930619,0.9952703791403619
930620,0.9852640851355638
930621,0.21672959211923057
930622,0.9989509952141236
930623,0.35519116772380854
930624,0.03568157581923484
930625,0.04971806385684986
930626,0.9965250386327267
930627,0.03619030285983736
930628,0.9996568850702929
930629,0.993059131683203
930630,0.76037960558494
930631,0.4823731473713746
930632,0.9852495536568744
930633,0.034721589419224534
930634,0.0829552974370016
930635,0.9901195482340305
930636,0.9964657957254492
930637,0.9856369366362631
930638,0.05820573117239608
930639,0.9997301042167059
930640,0.7845899812962186
930641,0.9999136108743985
930642,0.9847791112613825
930643,0.9998190289179325
930644,0.6019276879528301
930645,0.9998766954105067
930646,0.9975060585725326
930647,0.9971403023738152
930648,0.3775349552124904
930649,0.34306043983200746
930650,0.7507099182997126
930651,0.9966951188477842
930652,0.012752683352363643
930653,0.952190618084922
930654,0.6596487851953436
930655,0.9641439840318784
930656,0.9861762367076794
930657,0.6291096164093759
930658,0.9532901838035945
930659,0.979130819760293
930660,0.9990478210194518
930661,0.9984835175556951
930662,0.3235450771699714
930663,0.35820165473293775
930664,0.7883704814533985
930665,0.8861722652434537
930666,0.03431131217196708
930667,0.9679720235657541
930668,0.012439745430618859
930669,0.9649582258941208
930670,0.9996357943857095
930671,0.9995466192836466
930672,0.38616616760214023
930673,0.9999271340718489
930674,0.36313697245188575
930675,0.9956081708942076
930676,0.20628585686154863
930677,0.4419893593716113
930678,0.9996663284238312
930679,0.9938366477120151
930680,0.9945108502145857
930681,0.9995201054493628
930682,0.8944397222109567
930683,0.9783928572702858
930684,0.3672588916427302
930685,0.9855935520214312
930686,0.7475045129165224
930687,0.9573615684954417
930688,0.48376938742269016
930689,0.9878901616602942
930690,0.8680611985225277
930691,0.6002211234473076
930692,0.9999224474896432
930693,0.10966091144661257
930694,0.9940629245586238
930695,0.9990780484615163
930696,0.8067746439620482
930697,0.8405466597786302
930698,0.914257525291319
930699,0.989673201284481
930700,0.9982070018688058
930701,0.0244291587392024
930702,0.9967284893777995
930703,0.013726959825639887
930704,0.999419110009311
930705,0.9999834791648847
930706,0.6058041752537832
930707,0.9954410729425072
930708,0.9584262162838122
930709,0.4365391467781831
930710,0.15763831118466348
930711,0.9991319579716997
930712,0.9999737169948741
930713,0.503542597612792
930714,0.5617848725466632
930715,0.44336826944680396
930716,0.9617027959052131
930717,0.03204106025632006
930718,0.8997572424537646
930719,0.6228979434037317
930720,0.4038176564960235
930721,0.9951558935151115
930722,0.9978588862639125
930723,0.9999455638668391
930724,0.9423374840266678
930725,0.09577463736046798
930726,0.4163338214722795
930727,0.6732260686705022
930728,0.022355373153485725
930729,0.7245493351897696
930730,0.12061439755994333
930731,0.01014493592481702
930732,0.6132036991588266
930733,0.9199701408303644
930734,0.9972320411833563
930735,0.9994222304059619
930736,0.031600051396915414
930737,0.985969913430479
930738,0.9695905003591303
930739,0.8383295944795894
930740,0.9806494108874294
930741,0.11823667956416735
930742,0.99667879101681
930743,0.9999182465326544
930744,0.29413457657480246
930745,0.6610614445960469
930746,0.9707694982818702
930747,0.5497313417865468
930748,0.9756294489669487
930749,0.02839160534825804
930750,0.014882230777093124
930751,0.851778304172521
930752,0.454663984013584
930753,0.2054203659076757
930754,0.07807691171389983
930755,0.06147056273499749
930756,0.9995095323834366
930757,0.8300271794774227
930758,0.17290323206146718
930759,0.5184317699162765
930760,0.08451225322737543
930761,0.04515283956971383
930762,0.2770634822503639
930763,0.9997341080397648
930764,0.2263973099713212
930765,0.9966349283459051
930766,0.9861109616541479
930767,0.9832285380802055
930768,0.2544043772071023
930769,0.825027433702084
930770,0.9849050542778607
930771,0.24981063396022785
930772,0.007843513303845638
930773,0.9931524502568888
930774,0.2692323919613872
930775,0.9994540815920451
930776,0.4853171822050132
930777,0.023494434308449337
930778,0.23375599805932704
930779,0.9998720889819386
930780,0.9981020557180958
930781,0.983813479314436
930782,0.8760826644407145
930783,0.9996875350589023
930784,0.9993826188285528
930785,0.9795051669291388
930786,0.0022831149638304813
930787,0.9998025996731488
930788,0.988785591876139
930789,0.9997591054369881
930790,0.20753395362842175
930791,0.9980162683829645
930792,0.9584290407797398
930793,0.999640522164901
930794,0.9998784596790589
930795,0.6061015116283913
930796,0.9999548526493368
930797,0.029749449244314895
930798,0.05053523579710899
930799,0.07960612441771864
930800,0.9966262639967443
930801,0.5878558911294368
930802,0.9978836537925617
930803,0.9988804818995067
930804,0.9998977609099852
930805,0.06890227629307451
930806,0.9715917610521521
930807,0.7044205685281338
930808,0.9997673548837864
930809,0.6287612739000834
930810,0.6399962837319315
930811,0.9653611992569092
930812,0.5833468390104956
930813,0.9883400430550022
930814,0.06668158980749189
930815,0.12057905506510001
930816,0.9790501580632401
930817,0.9993025788904419
930818,0.9984397282292663
930819,0.9999300239900285
930820,0.9984574513949347
930821,0.9999902284715133
930822,0.9996689587219143
930823,0.9999349709528126
930824,0.9998812119321621
930825,0.9998566024408319
930826,0.6146952225939298
930827,0.9996912734719545
930828,0.9398923585826194
930829,0.9993112192829673
930830,0.9994236252759734
930831,0.999954637301707
930832,0.7380180549476123
930833,0.4823785743390649
930834,0.9079410364538981
930835,0.8929661734487878
930836,0.5889062698644225
930837,0.7597406981112804
930838,0.062361163716761384
930839,0.8835801804883856
930840,0.999596362754795
930841,0.0173220596200798
930842,0.9996716061231722
930843,0.9256252450853064
930844,0.013504923448547248
930845,0.8400402129394037
930846,0.9981805510096698
930847,0.9943808545815929
930848,0.9751501176627806
930849,0.9967609175587406
930850,0.44265079156655684
930851,0.22554665612539354
930852,0.9950065358905926
930853,0.5251198932637949
930854,0.20995639325025084
930855,0.8625244463344968
930856,0.19528051430272697
930857,0.9997761643594241
930858,0.9997599269008688
930859,0.3533209598713547
930860,0.8988552257384033
930861,0.999657193419395
930862,0.9989718561243379
930863,0.5338578439966835
930864,0.9907369643540388
930865,0.999877705900277
930866,0.01846337934277425
930867,0.9741708737939809
930868,0.9998822661650131
930869,0.03924918061154538
930870,0.45788510479093913
930871,0.9999168582997803
930872,0.027258382338017494
930873,0.9916270552419448
930874,0.8673360895270104
930875,0.0417910961328886
930876,0.3118945571250177
930877,0.997918801857952
930878,0.6908911313019488
930879,0.9981416270137149
930880,0.1098768527529241
930881,0.6786255815422215
930882,0.6449359637673238
930883,0.022112455007981233
930884,0.08861938648702035
930885,0.7744366165368815
930886,0.32618620409297694
930887,0.9995073533380574
930888,0.10730208032789312
930889,0.9188839814616245
930890,0.34748580309624055
930891,0.999948173223134
930892,0.8464872472177913
930893,0.9949803155423729
930894,0.9725995699603798
930895,0.693074708322
930896,0.9999182529808615
930897,0.9714919658655532
930898,0.9998740517502656
930899,0.6148200736427754
930900,0.0371986599331067
930901,0.9999476014073223
930902,0.8760721144020539
930903,0.4739557727693179
930904,0.0056233886344376005
930905,0.5449025233958212
930906,0.99972533063553
930907,0.9991071523088096
930908,0.9941917381039095
930909,0.9999578879425994
930910,0.9994984211977499
930911,0.99825306722867
930912,0.7599987318563637
930913,0.9998880632315504
930914,0.7246363355332441
930915,0.882173127712968
930916,0.4203580781784332
930917,0.8811093268827095
930918,0.019193413419110884
930919,0.014642447804940699
930920,0.9801216020290008
930921,0.7039402042977716
930922,0.048525448568799506
930923,0.9313848278792596
930924,0.9878176776905283
930925,0.5628468794848569
930926,0.9981101028123056
930927,0.9997967326902077
930928,0.3124301796939645
930929,0.9998749567981338
930930,0.17141283330722185
930931,0.9986464595929576
930932,0.5846103286297395
930933,0.999749469497563
930934,0.9999539932024675
930935,0.9998172902235207
930936,0.399852146517367
930937,0.9981440328484474
930938,0.6102176422857427
930939,0.9998891558473971
930940,0.9993676512173646
930941,0.9839104625064751
930942,0.7532508737689353
930943,0.9997967456513587
930944,0.07501359111792442
930945,0.8162254401556113
930946,0.8663046329513362
930947,0.9996903942158205
930948,0.9702883912876321
930949,0.9901475883239883
930950,0.36396296696810787
930951,0.9520875735835164
930952,0.5129862264531235
930953,0.9990034649597994
930954,0.9999502811921153
930955,0.9970229333429284
930956,0.07812776481176788
930957,0.9463830965105291
930958,0.14775650598017817
930959,0.997551470912046
930960,0.9997452164780161
930961,0.4165213706335319
930962,0.9989307960097538
930963,0.8735213561971309
930964,0.9988217788455354
930965,0.22628199418829392
930966,0.4531608831159825
930967,0.6559378418238153
930968,0.9942171851799285
930969,0.5900221261863425
930970,0.8411633861916024
930971,0.9705949014333553
930972,0.08758030376644377
930973,0.3077624260421188
930974,0.9987561993196883
930975,0.7213380228973312
930976,0.9947740904144102
930977,0.9604194348994475
930978,0.5886662742122947
930979,0.6600773805303144
930980,0.056717849610371227
930981,0.999388581180848
930982,0.7255318348776401
930983,0.9997741799776114
930984,0.9970699417870489
930985,0.9990470656256878
930986,0.9996336007856292
930987,0.09139200975508549
930988,0.995180181577809
930989,0.999846953227451
930990,0.14868236279764357
930991,0.045148294785609375
930992,0.9999191242734567
930993,0.9987842605628185
930994,0.9967865607043418
930995,0.3130474712475885
930996,0.0064573177957388175
930997,0.9983804269873658
930998,0.9987063922659734
930999,0.6493860353218535
931000,0.9986176332988724
931001,0.6956762418040725
931002,0.4168288627129465
931003,0.999887762575018
931004,0.27575803181103997
931005,0.9983404204116427
931006,0.40626231595221507
931007,0.9302443653170938
931008,0.9995737753869502
931009,0.9972703857549161
931010,0.4848980730467536
931011,0.9942209224140439
931012,0.9986318074262841
931013,0.8945296331302477
931014,0.8589391666915496
931015,0.9992512191613546
931016,0.024640655382984336
931017,0.9997230627620188
931018,0.721127392722073
931019,0.9998602456585324
931020,0.9881854755370951
931021,0.002744383698381116
931022,0.9981835633237275
931023,0.994588138508076
931024,0.9991274805671664
931025,0.9930005984854313
931026,0.3831309405193977
931027,0.8315548288318699
931028,0.9761984903854604
931029,0.23853028833709125
931030,0.9998819617147756
931031,0.9655547960223978
931032,0.9995530041191889
931033,0.3186976265411541
931034,0.11206053814054434
931035,0.9995149780257337
931036,0.9999832288992012
931037,0.8144922052562712
931038,0.9880001223313433
931039,0.7857745942245483
931040,0.9998643977687535
931041,0.9985830855181148
931042,0.018589218393269144
931043,0.7023851406228563
931044,0.01602383587069848
931045,0.9990307381945509
931046,0.17156633242571676
931047,0.03022694809010102
931048,0.8549457072382252
931049,0.6930842791731421
931050,0.26928710632397673
931051,0.766788016667789
931052,0.9998626482391093
931053,0.9964368648464794
931054,0.9752366254856355
931055,0.9955493564839494
931056,0.8652463960949293
931057,0.969047569333625
931058,0.9999867579143034
931059,0.631801432195048
931060,0.2266048964783
931061,0.9963655416934392
931062,0.999986678024382
931063,0.9994545737894566
931064,0.11146300352907236
931065,0.3968391960974014
931066,0.5166503568863721
931067,0.7881902386205915
931068,0.9997355946962208
931069,0.9998351954657972
931070,0.9669550759152253
931071,0.6515069983405276
931072,0.6495465974457386
931073,0.998533251306833
931074,0.2845041080333192
931075,0.12445833757697736
931076,0.9997922697320735
931077,0.9998489028129776
931078,0.9975217482745643
931079,0.9946702550095725
931080,0.4410758381540731
931081,0.06648072953780833
931082,0.3416340849465437
931083,0.992046224072113
931084,0.570669792927956
931085,0.9985817378465992
931086,0.9822672595981166
931087,0.27666677232870845
931088,0.9999386866491741
931089,0.08826108167367061
931090,0.912701329464768
931091,0.04909792888269437
931092,0.9888275278350009
931093,0.9991419259759873
931094,0.02986741544883339
931095,0.9722679988920107
931096,0.5275725591369562
931097,0.9999755796499457
931098,0.013385947949225985
931099,0.8508765026926592
931100,0.9944711680743379
931101,0.006737213473329793
931102,0.010022872761311632
931103,0.57068825542793
931104,0.02134886598274066
931105,0.9897335249693446
931106,0.9996575815215085
931107,0.007529047511945823
931108,0.963034698700006
931109,0.995775160269424
931110,0.9997422421402908
931111,0.7911958394141876
931112,0.9995668014924559
931113,0.24476792134918168
931114,0.23676243277190007
931115,0.10154890044665435
931116,0.9996819591967221
931117,0.999977315433334
931118,0.9786525505056234
931119,0.8331756222202858
931120,0.996187235548168
931121,0.018664145960723053
931122,0.7324777768414437
931123,0.4855025352683967
931124,0.0779059492173405
931125,0.07715319473679852
931126,0.9932443558263022
931127,0.9906372431572832
931128,0.8102936207202842
931129,0.98176634803931
931130,0.9018752060414748
931131,0.9826612942858919
931132,0.9997058586127037
931133,0.9902403047652202
931134,0.520646384761187
931135,0.05573839337975439
931136,0.9476117901036996
931137,0.8833852699658824
931138,0.9992241355949397
931139,0.9985386406427108
931140,0.11781124352625226
931141,0.9998428791054351
931142,0.8438357035993554
931143,0.9999010306361218
931144,0.9846271324080731
931145,0.2075920672398144
931146,0.4231217831171048
931147,0.9976826287401936
931148,0.9997850145733698
931149,0.999465890339176
931150,0.9945495061908806
931151,0.9346443596827586
931152,0.9535518036883275
931153,0.029346798721822706
931154,0.06835677870158566
931155,0.7796103970650977
931156,0.05593278398317821
931157,0.028437687052362364
931158,0.9900561366851275
931159,0.12789339673147
931160,0.6424800721097048
931161,0.05735986502059795
931162,0.8899927121491978
931163,0.03874779298367258
931164,0.8023894077945054
931165,0.9940994115053413
931166,0.1825882628125961
931167,0.2774673497238085
931168,0.6773378320513261
931169,0.47296282367776693
931170,0.5172587710370107
931171,0.3955073265443073
931172,0.5980356152265776
931173,0.9955492721088863
931174,0.9992739326704851
931175,0.8531134213411352
931176,0.6990826262765253
931177,0.48965774932709766
931178,0.9807045027863259
931179,0.9995830103514116
931180,0.9949651881164779
931181,0.999731945807108
931182,0.9997693810108378
931183,0.9998134384349182
931184,0.8529335761905082
931185,0.9286245374735633
931186,0.3866023800704327
931187,0.9760275068076947
931188,0.9997810158920827
931189,0.9998830178209797
931190,0.9989582010836038
931191,0.9999650149198702
931192,0.9770176810047954
931193,0.9999596467034162
931194,0.9991480145681915
931195,0.11585731044038428
931196,0.9988868848602781
931197,0.012634366148226165
931198,0.9959285921704135
931199,0.9441434421178112
931200,0.9962821230664152
931201,0.35125912290031525
931202,0.8605325112483062
931203,0.9945881004443655
931204,0.9999108588604032
931205,0.9998493996335882
931206,0.7376295810633811
931207,0.9994943542664743
931208,0.800241283782066
931209,0.9992494314510189
931210,0.02832164209226311
931211,0.9914376578017426
931212,0.8425268978288287
931213,0.999829931812019
931214,0.012545965551860487
931215,0.9993458511944638
931216,0.7096607025442344
931217,0.03111337391770102
931218,0.3546465848848316
931219,0.9987803022873754
931220,0.9992294857949457
931221,0.9998547319677931
931222,0.9975296126198331
931223,0.9999735538786514
931224,0.9829984631155495
931225,0.9856625985718733
931226,0.09857575669046068
931227,0.9965914141125232
931228,0.9980095896938195
931229,0.031035987625767956
931230,0.5083333380583621
931231,0.24112312846279227
931232,0.6979026019749914
931233,0.9952638284828237
931234,0.6262037434412855
931235,0.9998150348590126
931236,0.9998009583998982
931237,0.9749735500390185
931238,0.008250674400100192
931239,0.9837760045522888
931240,0.9999953359930285
931241,0.9998972335889922
931242,0.9992104292020821
931243,0.34214090912132156
931244,0.31627529623475337
931245,0.6615732357502213
931246,0.3945091866194167
931247,0.4711561988368107
931248,0.3601645553930444
931249,0.36768293149464837
931250,0.8782989261979063
931251,0.9999069366708102
931252,0.4968286412196754
931253,0.9986815294930017
931254,0.6113310012447289
931255,0.06485978598091782
931256,0.9999427554216627
931257,0.4491558474422546
931258,0.28541913109518885
931259,0.9265903958071245
931260,0.5209366082130642
931261,0.20746592727566998
931262,0.0775142757092518
931263,0.9997422820716035
931264,0.07672949294841985
931265,0.9991817400819225
931266,0.8330159946791202
931267,0.9999666227142741
931268,0.961171459607383
931269,0.9993117758573755
931270,0.9984791338341328
931271,0.6828832571969751
931272,0.029257432300722357
931273,0.9995928952637386
931274,0.8637892829662464
931275,0.9998028243963879
931276,0.9990861664371258
931277,0.8093545467540622
931278,0.999388927184657
931279,0.357656570863248
931280,0.42509327980216605
931281,0.8881560511550588
931282,0.505257739836562
931283,0.9960327984257322
931284,0.9287937846655109
931285,0.3853782953894014
931286,0.9951705517046091
931287,0.9915737576676057
931288,0.942603331431628
931289,0.9714497144531451
931290,0.259280705312964
931291,0.9986421210613202
931292,0.9999491588960497
931293,0.019894262606751326
931294,0.9768742829553216
931295,0.9986975358861729
931296,0.9890570834184953
931297,0.996240357716237
931298,0.9946993753167924
931299,0.13897711889464986
931300,0.6560897793187885
931301,0.6258431413262511
931302,0.4224588296786918
931303,0.9936585544612115
931304,0.9511280723798026
931305,0.8523881310328212
931306,0.8503710714649212
931307,0.1011291450331972
931308,0.5430716510718928
931309,0.9499607382761239
931310,0.9851450766852973
931311,0.9671334212789081
931312,0.9998394671111912
931313,0.9912653579775246
931314,0.9973236750951345
931315,0.14207147555719113
931316,0.25762459831874357
931317,0.9869772588609149
931318,0.046439170869457716
931319,0.9996519556279968
931320,0.446904529606433
931321,0.9983835981384839
931322,0.9990459898106245
931323,0.16376136228843216
931324,0.05041818942633909
931325,0.9983929961931728
931326,0.30604384150044195
931327,0.11201610760243334
931328,0.999681276527308
931329,0.9602524716093827
931330,0.13291939613341847
931331,0.5642058872934395
931332,0.9996664690606571
931333,0.9926641281541114
931334,0.9999879766183528
931335,0.9980583666807177
931336,0.9998819839776594
931337,0.956902057199748
931338,0.6222294586416122
931339,0.9272635004320066
931340,0.9989331980088638
931341,0.5897042534496196
931342,0.019389966962016565
931343,0.9999473993632655
931344,0.8644470334643314
931345,0.9933770209896562
931346,0.6360691182118376
931347,0.0106801348391567
931348,0.6219573486524951
931349,0.5477227448065906
931350,0.9938842497267892
931351,0.4038916174876815
931352,0.9997700729445737
931353,0.9938516591683844
931354,0.9872911594887164
931355,0.09479902885351009
931356,0.9977882929599187
931357,0.606465997671179
931358,0.9988479422883162
931359,0.9879848871781693
931360,0.9999174060538913
931361,0.9954463729912466
931362,0.005845021024915364
931363,0.9880658541770592
931364,0.8909361781899612
931365,0.9998480652921832
931366,0.8045937871712132
931367,0.9997929630983211
931368,0.9629877028607023
931369,0.923812331081685
931370,0.22173825070406744
931371,0.840605301706865
931372,0.9977103224814877
931373,0.9984723154445307
931374,0.716324103534947
931375,0.9951945611053483
931376,0.11791281120674688
931377,0.980027373744887
931378,0.8794543473108092
931379,0.9240253268670484
931380,0.07549035655361433
931381,0.9473961114905831
931382,0.9627980293228323
931383,0.9969580438051604
931384,0.8895149648958158
931385,0.10454161742355529
931386,0.7056436872852365
931387,0.8572966551972565
931388,0.9997865739757922
931389,0.9976893598175789
931390,0.18865441349009332
931391,0.08638606340461791
931392,0.090885425165456
931393,0.8066216796509145
931394,0.5064070653976809
931395,0.3198378388527132
931396,0.49954088300737165
931397,0.9984932470561182
931398,0.9029778250473348
931399,0.7175230206595948
931400,0.39960793191336946
931401,0.999969191448029
931402,0.9884362750517426
931403,0.9995761341900837
931404,0.9990439981922579
931405,0.0479206255802162
931406,0.2205136872542522
931407,0.9986159929269125
931408,0.5168537337003561
931409,0.7692672235401358
931410,0.24906465501664654
931411,0.9931632581822556
931412,0.06036929696232907
931413,0.8867084742764684
931414,0.07207926998358803
931415,0.0326438615920466
931416,0.1239795097702091
931417,0.4799883002968982
931418,0.9985452961792095
931419,0.1019934670805082
931420,0.999618725984154
931421,0.6419480867946327
931422,0.12245744066604985
931423,0.8856508713622729
931424,0.7883531311935212
931425,0.025769722501298945
931426,0.9996228849443474
931427,0.8746102471597298
931428,0.11940123251698728
931429,0.1008754828866002
931430,0.9999924578412692
931431,0.9994088949476536
931432,0.0017199249406945076
931433,0.989743411162632
931434,0.999442881840648
931435,0.6950102124305161
931436,0.08914615673576219
931437,0.05459252717109497
931438,0.8207923077973746
931439,0.18317776447641032
931440,0.9985319763737142
931441,0.0025005183423230373
931442,0.9258041406125933
931443,0.5670429626979727
931444,0.9998409547162994
931445,0.9999886386158527
931446,0.8376797232564333
931447,0.9981286533089919
931448,0.997206968303188
931449,0.9989041672429578
931450,0.9995540904544801
931451,0.6623570974406479
931452,0.8959147645488308
931453,0.8897962215410408
931454,0.9875682094158222
931455,0.908547780473802
931456,0.6696160900373088
931457,0.07911393334824407
931458,0.0431118490442112
931459,0.020167179702673878
931460,0.6053179160982539
931461,0.12394029147473416
931462,0.19979432095604419
931463,0.9173531966020425
931464,0.7553241599258845
931465,0.9929462863273377
931466,0.9996980432336686
931467,0.9985167172912219
931468,0.9950000871598023
931469,0.999120069254872
931470,0.6057277948738762
931471,0.9955737607859105
931472,0.6161242163687003
931473,0.0876597145957618
931474,0.9313429919567426
931475,0.999420035911817
931476,0.18912176369910316
931477,0.9999448476868675
931478,0.9986314931831549
931479,0.9999462102196444
931480,0.9998142059968531
931481,0.017140233616965494
931482,0.10744542987448255
931483,0.9993054539772859
931484,0.9954434900726759
931485,0.9978766607667432
931486,0.21426107119293133
931487,0.00611624295167023
931488,0.9974147610524319
931489,0.9997281543675547
931490,0.17812576639098765
931491,0.999609932135548
931492,0.04565490752187079
931493,0.9913909962222228
931494,0.9975587558559231
931495,0.9996257016686148
931496,0.06664777156367524
931497,0.700722578457135
931498,0.9747004381133061
931499,0.056459051997768385
931500,0.14598617897272706
931501,0.9997215322369033
931502,0.3475428450510653
931503,0.9798760272344657
931504,0.9996593439098217
931505,0.5061925801875158
931506,0.03697684390381143
931507,0.4316853954571758
931508,0.9992374142994092
931509,0.010712197440764385
931510,0.950233107137433
931511,0.6584960340376808
931512,0.9586345502362095
931513,0.9180941058405472
931514,0.03377320291135252
931515,0.9935923226158374
931516,0.5144625013571855
931517,0.7921191986793574
931518,0.9985713318903
931519,0.9181822651694095
931520,0.9045084410073028
931521,0.9997080050067075
931522,0.5867897959238366
931523,0.8714935675994623
931524,0.9989684799351809
931525,0.93246958016424
931526,0.02679239287216051
931527,0.9781524672919695
931528,0.9997111387319082
931529,0.06757517116096193
931530,0.07551771283068853
931531,0.7400750383386873
931532,0.9812504472630857
931533,0.9977924545148462
931534,0.4817336125950207
931535,0.0999896478742311
931536,0.9999000803290049
931537,0.7715696378962877
931538,0.014345253072134466
931539,0.2573382232641279
931540,0.4659865518797482
931541,0.037716427921631
931542,0.9126955010740279
931543,0.7811770198945773
931544,0.9602955008016227
931545,0.6084655788611052
931546,0.9999865525528191
931547,0.9999391117959513
931548,0.991342199131202
931549,0.9999921664103916
931550,0.9980009231436867
931551,0.9541595910195448
931552,0.9994852636243701
931553,0.8686145763255333
931554,0.9985046121742697
931555,0.9960790934804664
931556,0.9665192568638886
931557,0.42011636829249965
931558,0.3421659809713755
931559,0.007508980062805528
931560,0.9969278408253036
931561,0.8537485494398822
931562,0.9182381403327314
931563,0.6858980479385134
931564,0.9471639099023876
931565,0.01012249224395397
931566,0.34448989666892355
931567,0.998355759635918
931568,0.9986981420966434
931569,0.29980740121798494
931570,0.571258262695445
931571,0.9899898330705839
931572,0.986346771649002
931573,0.5654537518088787
931574,0.8574797063905929
931575,0.998838515855504
931576,0.9995928544881507
931577,0.9997212720531251
931578,0.9999121332463026
931579,0.5249661368584538
931580,0.9109749534804288
931581,0.9997390848151608
931582,0.06188136632978883
931583,0.9671159312930426
931584,0.5429978575552665
931585,0.9997471835263322
931586,0.005194629398982244
931587,0.99984784620496
931588,0.9922984907341903
931589,0.025571460477753973
931590,0.9998720223747125
931591,0.9886488351031271
931592,0.6566350666190743
931593,0.9183221814661582
931594,0.27940576593330185
931595,0.09637043428946074
931596,0.018829534453695094
931597,0.9999601097377753
931598,0.9922415552257521
931599,0.9977217915291966
931600,0.0682870052935391
931601,0.6217042078013986
931602,0.9904173938822375
931603,0.7814944540509678
931604,0.9938325722730824
931605,0.9999808479345804
931606,0.9996893177770168
931607,0.5044231447714523
931608,0.9991978002880666
931609,0.997982857071277
931610,0.9485709274362369
931611,0.9999849767718679
931612,0.9951772349924302
931613,0.9997933278891322
931614,0.6301763818975126
931615,0.08962494659866116
931616,0.9812729158568124
931617,0.9265083022796154
931618,0.6755950757176945
931619,0.9999042677761474
931620,0.9440792743445223
931621,0.9998889054021125
931622,0.9999752718137769
931623,0.9133558478751652
931624,0.9453438313868677
931625,0.9986521137353594
931626,0.9211073482300054
931627,0.08460350759068795
931628,0.43586785033738673
931629,0.7569495780427499
931630,0.5019503645318716
931631,0.8914306123734567
931632,0.48339299149640635
931633,0.7662926281129203
931634,0.9984120878688028
931635,0.9998853048628245
931636,0.013200529293562331
931637,0.822999301817648
931638,0.2834876670285188
931639,0.9998698513884952
931640,0.45185361215839603
931641,0.015261498362036165
931642,0.5849669812316566
931643,0.8693631569614713
931644,0.093070853186843
931645,0.9975319906956412
931646,0.5917425581117549
931647,0.9998816017165251
931648,0.881567381664548
931649,0.9955350019378466
931650,0.9949438482110051
931651,0.9931104407424616
931652,0.9995196149009855
931653,0.9987059088041328
931654,0.9714661020550395
931655,0.9775947183552862
931656,0.9948076836255617
931657,0.2915613962804926
931658,0.9999783478829813
931659,0.369973893438329
931660,0.513531618851633
931661,0.2350563788523647
931662,0.9637348947103945
931663,0.26575414980471646
931664,0.9996305912028901
931665,0.9969324908646329
931666,0.03815427964546208
931667,0.6083155761413088
931668,0.9776828257329522
931669,0.9998255340230349
931670,0.9997961377679421
931671,0.9657030218150485
931672,0.4747717227096117
931673,0.02891267456583002
931674,0.017292489265791987
931675,0.830090344179693
931676,0.9281854374237596
931677,0.6152999873031679
931678,0.9999509336956318
931679,0.5064102746484562
931680,0.2506620742122403
931681,0.9942646691775352
931682,0.7736361028399346
931683,0.9998955468621368
931684,0.6264936873292627
931685,0.2576611567310208
931686,0.05811897418769184
931687,0.10602702700717359
931688,0.44339978338966407
931689,0.9455920006130646
931690,0.007323673333020936
931691,0.7638582994663441
931692,0.7140349565201528
931693,0.9951815954902178
931694,0.9355430143595692
931695,0.9992432521549907
931696,0.5363724799698145
931697,0.9649593648262506
931698,0.9783871303971285
931699,0.01049079704725114
931700,0.003895228808541184
931701,0.4169839391021895
931702,0.24249638485009478
931703,0.70309893326371
931704,0.9975071860832134
931705,0.9999481070479215
931706,0.5589427920549125
931707,0.8496021914014461
931708,0.7582323314888778
931709,0.9763182840971616
931710,0.0430489390746498
931711,0.9871636225628713
931712,0.278187183880829
931713,0.056309718993530336
931714,0.0582368645274802
931715,0.9989375450370198
931716,0.9997525651990692
931717,0.8835989057579133
931718,0.9802956919861081
931719,0.9974028513222369
931720,0.3487550287984636
931721,0.12830433011144898
931722,0.16014961536391017
931723,0.04785954947253364
931724,0.3286314172791797
931725,0.9942487215072567
931726,0.19329980489305412
931727,0.9977906519030278
931728,0.9722385591799455
931729,0.2100526159612185
931730,0.999974832686489
931731,0.09066030820481191
931732,0.2919264775650289
931733,0.9958640151195404
931734,0.8475375846759239
931735,0.9759795604991204
931736,0.9629976891312664
931737,0.9998040137069613
931738,0.9991314713874679
931739,0.8297147927685515
931740,0.4295357469670591
931741,0.013748823448861896
931742,0.9999459085286613
931743,0.9965233387988901
931744,0.9993995270761687
931745,0.9999396573963952
931746,0.999949379812805
931747,0.9995576756630555
931748,0.9982627184168591
931749,0.9953769531374984
931750,0.996311484788011
931751,0.04690976049645563
931752,0.01632505677862186
931753,0.9998225725825912
931754,0.08552623494942095
931755,0.996163496951964
931756,0.1161983681781234
931757,0.17454588248731995
931758,0.999382316821751
931759,0.13401058933024226
931760,0.9998830934791101
931761,0.9997238196352242
931762,0.22244837484138175
931763,0.5586188780864464
931764,0.9997222908960239
931765,0.3344631998174213
931766,0.9990359566595461
931767,0.9955030837628798
931768,0.4351480145994914
931769,0.08284144249677769
931770,0.9991933240850561
931771,0.9996107104093286
931772,0.8426630087379222
931773,0.46300790488720434
931774,0.17151030690837427
931775,0.5970155966430281
931776,0.09208884710229125
931777,0.64969444000306
931778,0.21653182555302428
931779,0.9998806979825025
931780,0.44053833843279117
931781,0.9985618137608491
931782,0.9975872302613908
931783,0.864067932836771
931784,0.22613559986295062
931785,0.9989443583869508
931786,0.9998862355653108
931787,0.8775690562095347
931788,0.9717261011197474
931789,0.6570535815592647
931790,0.9976611721612956
931791,0.20857672873532662
931792,0.988323383360756
931793,0.4777257674365157
931794,0.025984641901113138
931795,0.998906035798526
931796,0.9973990739800478
931797,0.41854032551289877
931798,0.9997031151494318
931799,0.10533225106786132
931800,0.9781513999147906
931801,0.999776925257915
931802,0.9999462671946537
931803,0.0760018565057195
931804,0.3657486285493365
931805,0.998229210599521
931806,0.93627506876732
931807,0.04703785236771754
931808,0.9878258954061951
931809,0.9962016959765984
931810,0.9972625650931987
931811,0.4271286282600578
931812,0.7108306934288312
931813,0.8223673321173048
931814,0.9951299330377923
931815,0.9360121295344248
931816,0.9428730124885114
931817,0.02405315117717044
931818,0.9010298557882611
931819,0.7109218109747729
931820,0.7391432463310673
931821,0.9997578963828315
931822,0.4545974480675461
931823,0.8050405850396367
931824,0.9996726444877083
931825,0.9994142592316724
931826,0.7788283498814261
931827,0.03522293368862451
931828,0.9998438961624732
931829,0.9713617889754451
931830,0.19844458279961108
931831,0.9744361800646852
931832,0.1186871023447626
931833,0.999951401667293
931834,0.870343657326851
931835,0.017764983736837183
931836,0.3924423179714768
931837,0.6395723610685089
931838,0.013408608704074176
931839,0.9997133996133853
931840,0.9998974798746132
931841,0.9707755915004019
931842,0.9994893869401422
931843,0.9990056055290149
931844,0.9993315118022327
931845,0.31720895883005307
931846,0.9762169046401655
931847,0.08872478332650195
931848,0.00847324999671058
931849,0.9722528189457692
931850,0.9999721013895946
931851,0.9726760896192146
931852,0.037230651568481904
931853,0.5342186214347592
931854,0.9939230058952544
931855,0.9985058296402933
931856,0.7412520380545246
931857,0.9566860241367596
931858,0.5067670599247737
931859,0.4186854104265278
931860,0.9974648542176254
931861,0.5021217404276964
931862,0.4406541098184759
931863,0.1710245946476756
931864,0.9233292108874529
931865,0.9999863772462542
931866,0.0803744150724789
931867,0.10279553257775813
931868,0.9024072444000416
931869,0.862301913583688
931870,0.9988519411065124
931871,0.9973444022090292
931872,0.9983005326342766
931873,0.9866582451911095
931874,0.9999794405684526
931875,0.9997326983405077
931876,0.469778496536241
931877,0.998754581437113
931878,0.9987777201873861
931879,0.019825619755891255
931880,0.989940046289899
931881,0.9998103159517573
931882,0.917846807254928
931883,0.3367409186208281
931884,0.509554658260948
931885,0.8029505308450613
931886,0.9616950158808818
931887,0.9980615278237713
931888,0.6428621001071617
931889,0.9434074404573309
931890,0.01126558453685023
931891,0.9999796557506359
931892,0.8908729502156196
931893,0.916581691457404
931894,0.999984088152934
931895,0.19253887468101882
931896,0.9958511598104591
931897,0.23656659663942692
931898,0.935411148422573
931899,0.8984471187328997
931900,0.186759068566904
931901,0.9184217519722342
931902,0.06429965204085805
931903,0.9999649203816208
931904,0.6025276502800848
931905,0.026201443008906738
931906,0.813862767383754
931907,0.9284868026050145
931908,0.698494693875428
931909,0.009289018266276265
931910,0.9587138116861178
931911,0.9160060554713446
931912,0.6327351110971937
931913,0.9990683333849141
931914,0.9794956652250341
931915,0.9995376559058341
931916,0.9469920547069064
931917,0.588596838285847
931918,0.894714008939837
931919,0.9413225607042657
931920,0.9977597468747192
931921,0.9997037441594611
931922,0.9881023119499781
931923,0.9999345260458203
931924,0.97813241247594
931925,0.9998674506280376
931926,0.9987943403568961
931927,0.4565456566672931
931928,0.9994986738578784
931929,0.999729635496763
931930,0.6858581052547654
931931,0.9847084689686786
931932,0.9998972436565949
931933,0.9995424061216864
931934,0.9615031310292816
931935,0.9894771240602578
931936,0.8969192450795607
931937,0.6619321967363423
931938,0.9999235940158806
931939,0.9973847922776107
931940,0.8458517294632093
931941,0.9975259289875273
931942,0.2424044215949433
931943,0.1753505406311497
931944,0.02677279960117197
931945,0.9965290869224289
931946,0.2968759611010267
931947,0.9926574085859717
931948,0.9977802260513386
931949,0.5440630656813285
931950,0.8119830996915669
931951,0.9983799742155314
931952,0.9510175946287995
931953,0.9867436200557684
931954,0.0274192948839218
931955,0.9472671542897663
931956,0.009580868178619598
931957,0.9928011344547375
931958,0.034651743995372866
931959,0.9064559732287385
931960,0.9995551640194195
931961,0.9945976612941065
931962,0.9994680294556187
931963,0.9998347787229186
931964,0.999939006579804
931965,0.9991118871509626
931966,0.8706794876892818
931967,0.8270385105506554
931968,0.4331484596821835
931969,0.9950415402299398
931970,0.39834501621052953
931971,0.9965262639813253
931972,0.9764084835742655
931973,0.765747695146163
931974,0.998632298917844
931975,0.9682295672408046
931976,0.9065680370251942
931977,0.6288190632763025
931978,0.34802605392981556
931979,0.9885398163471897
931980,0.04102301668210254
931981,0.05535997123442671
931982,0.9994228653062522
931983,0.9984214177044328
931984,0.6956195876747964
931985,0.972929417884553
931986,0.9998949441090793
931987,0.9998616397224174
931988,0.9983416801885762
931989,0.03815177163812552
931990,0.9999104740752034
931991,0.9995677562292336
931992,0.007771978656207703
931993,0.9999713837078736
931994,0.8195819584974494
931995,0.032977886165021765
931996,0.9541424520258116
931997,0.9216008566884855
931998,0.24848105227432948
931999,0.6030255419004701
932000,0.9742041257180253
932001,0.8609612600928351
932002,0.9999780265552747
932003,0.994090112101301
932004,0.9999864626433133
932005,0.10440674679842554
932006,0.9941971053414882
932007,0.7648448436612756
932008,0.9940420588078832
932009,0.4162388365024353
932010,0.9995751102651431
932011,0.999759072757021
932012,0.9978436040463259
932013,0.9793697031314017
932014,0.9977695083679057
932015,0.46229870823773633
932016,0.8184166468153853
932017,0.9444744641278693
932018,0.004797298674177571
932019,0.02410965251021037
932020,0.9609184310149745
932021,0.999820066760054
932022,0.4202002557408737
932023,0.11454561089859674
932024,0.9998787587429422
932025,0.9998534495165946
932026,0.9999150151530258
932027,0.035330825127041686
932028,0.9986168079350504
932029,0.9878740610101073
932030,0.9888287122817108
932031,0.9881201589602084
932032,0.9833025962116022
932033,0.05212457455266312
932034,0.9981522998330776
932035,0.9997182375780159
932036,0.7900440110273612
932037,0.05129316426239612
932038,0.14137373136940148
932039,0.242089232812127
932040,0.9997801940026714
932041,0.19214418895789373
932042,0.8592939975545857
932043,0.999400396786347
932044,0.7835238961350668
932045,0.9989360495181825
932046,0.9984663715017537
932047,0.27646496419716465
932048,0.9998572193994644
932049,0.04465701948614295
932050,0.999971740377377
932051,0.05224291577460338
932052,0.999761830866635
932053,0.998871984651906
932054,0.9470242466495334
932055,0.1450296541420192
932056,0.1520825577956189
932057,0.23434414174871648
932058,0.9900715640864084
932059,0.5765950460663237
932060,0.2623238181826536
932061,0.9995858891174976
932062,0.8805704669481849
932063,0.9381459242462704
932064,0.9969869514009498
932065,0.0853382997292741
932066,0.9998171652260625
932067,0.9918100997387799
932068,0.9147850555729913
932069,0.0014769089758491305
932070,0.1646967932109223
932071,0.9988009629053451
932072,0.9985452394032949
932073,0.9998910923527904
932074,0.901786393911043
932075,0.3940719873807605
932076,0.9969165741840731
932077,0.9684633065753754
932078,0.9989386909737328
932079,0.24878618353235582
932080,0.2024212308330927
932081,0.898294698804609
932082,0.9905943960372794
932083,0.46440210576979946
932084,0.2973082713177012
932085,0.7633950871528565
932086,0.9963821447983829
932087,0.04156787009679655
932088,0.9999861034955467
932089,0.8604632646372111
932090,0.9999698606472287
932091,0.896155963119025
932092,0.5195002312109751
932093,0.9999410843228257
932094,0.049518523883761725
932095,0.6250630641846071
932096,0.9997911308075428
932097,0.14430389682818756
932098,0.005413489825135948
932099,0.020475231323545333
932100,0.9999658013385746
932101,0.9983330116889103
932102,0.999829959075473
932103,0.4311278823968213
932104,0.1899896617298746
932105,0.9917037368092626
932106,0.9954631539316914
932107,0.9998343786335069
932108,0.9877756408974545
932109,0.9467883159215458
932110,0.9998304348963454
932111,0.032995297442871906
932112,0.24802943208309336
932113,0.0062746285467307275
932114,0.9893208428114284
932115,0.6892914318947935
932116,0.9999427676556021
932117,0.9998342910436226
932118,0.010147107567613493
932119,0.18249805841953132
932120,0.9997000625635889
932121,0.8111800031217393
932122,0.17675631731008573
932123,0.999897462330349
932124,0.25849549297244895
932125,0.7070277127648406
932126,0.9998986228243976
932127,0.4169493168455805
932128,0.9880980135594597
932129,0.04508774505284246
932130,0.9989645575529387
932131,0.00250070230444834
932132,0.6508770414092883
932133,0.7270401343110513
932134,0.9786541390817773
932135,0.9997404548331921
932136,0.7406689805822259
932137,0.9902187778490307
932138,0.9995630752856675
932139,0.19776425190204044
932140,0.9160705864109282
932141,0.9999818981137658
932142,0.9998774324963251
932143,0.9998877794628539
932144,0.9469861762395411
932145,0.17005156517406808
932146,0.9997297491525523
932147,0.6572692490843398
932148,0.9997378026436607
932149,0.7780126158311442
932150,0.9950228639691128
932151,0.5955152721283912
932152,0.987632127020827
932153,0.8715826066290486
932154,0.9994897255491135
932155,0.9619017296597521
932156,0.035953639493273314
932157,0.14426121835833525
932158,0.9999802573645855
932159,0.003949323199363967
932160,0.997819197100974
932161,0.01488954094251205
932162,0.1493391706601557
932163,0.9996619057877771
932164,0.761429931061016
932165,0.9076918715457056
932166,0.6713882677696928
932167,0.618803855411949
932168,0.9999939070929986
932169,0.08463485980505259
932170,0.09466120549888182
932171,0.9999746484611499
932172,0.9999410518788546
932173,0.829206967099112
932174,0.7952220016003559
932175,0.821896332196636
932176,0.006919203162357062
932177,0.9037634847657494
932178,0.38705992817996837
932179,0.9968396950964354
932180,0.9999618555062586
932181,0.5624114150462328
932182,0.0031346999276280086
932183,0.9956569492712993
932184,0.8734745404885216
932185,0.9999256827802455
932186,0.3923513002911541
932187,0.13124496067655614
932188,0.16739500976875407
932189,0.8375622202826614
932190,0.11920012333897248
932191,0.5647631737547872
932192,0.9865093642133052
932193,0.9991083281843045
932194,0.9893149784520932
932195,0.3421016162547325
932196,0.9996194394201219
932197,0.04221022525291685
932198,0.5936961674325216
932199,0.016001049941308253
932200,0.9995484417387916
932201,0.9892414952961155
932202,0.9997585240293219
932203,0.9993098813207033
932204,0.9997759508132218
932205,0.0774723797018163
932206,0.9992964418419622
932207,0.9994246063001462
932208,0.2819442482713224
932209,0.9941895804361707
932210,0.9983085586472329
932211,0.0024260543734482146
932212,0.2016155922049147
932213,0.8701335012320566
932214,0.8336036961700188
932215,0.999899911382103
932216,0.14754525224142753
932217,0.9996642078753807
932218,0.8754196741194284
932219,0.9309151912657254
932220,0.9774117911427675
932221,0.9999870387588276
932222,0.9998854540251993
932223,0.9793921640067542
932224,0.7387891107885711
932225,0.9999049799836967
932226,0.9999928834695826
932227,0.07417259935014622
932228,0.32068827272105016
932229,0.7707178451990039
932230,0.9998055874910124
932231,0.994157820099114
932232,0.29736374254218817
932233,0.9999443383397731
932234,0.6509651056846937
932235,0.17617443888910114
932236,0.9996678768920683
932237,0.9999451621815019
932238,0.998614020246197
932239,0.6387381812795235
932240,0.9994921674722526
932241,0.07337117907480169
932242,0.844606536659874
932243,0.9455371649047459
932244,0.742896960511126
932245,0.9965520970103222
932246,0.9861411070228129
932247,0.5079985580733102
932248,0.9748397238445516
932249,0.6230863149597573
932250,0.07590612476536662
932251,0.10601480654170961
932252,0.6323217083256144
932253,0.9999005529821278
932254,0.18688284858945503
932255,0.9982056649845832
932256,0.9999451163076658
932257,0.010595350571792611
932258,0.8074282779969226
932259,0.9989869804097913
932260,0.9998094699794333
932261,0.3830351424602175
932262,0.0921424274831178
932263,0.9997782152894276
932264,0.9930904303852802
932265,0.9996098596380896
932266,0.9660626516691704
932267,0.9996909469567309
932268,0.9994533071212114
932269,0.02489025712435291
932270,0.8652247072851982
932271,0.4417567652918539
932272,0.9970191157634852
932273,0.9969844187275164
932274,0.9975583524165024
932275,0.9824460516210143
932276,0.9975913537921046
932277,0.9999281328932781
932278,0.9434402442235439
932279,0.9899204496398812
932280,0.9732713219366411
932281,0.8756412955460406
932282,0.032318859499615195
932283,0.7885541147166215
932284,0.8277530684143378
932285,0.999969955092711
932286,0.6870145366494729
932287,0.9863942811047843
932288,0.9954782359921316
932289,0.9534245740404532
932290,0.7306827438227208
932291,0.9989935784863011
932292,0.9552255936801426
932293,0.917347757166149
932294,0.4822394970263615
932295,0.9928538213770344
932296,0.9996321342068369
932297,0.9995817030453304
932298,0.4430066371530781
932299,0.49903972772489114
932300,0.6361309099249519
932301,0.07018841451774964
932302,0.10706167615465104
932303,0.9322183736831561
932304,0.8549958453417105
932305,0.6510032549410552
932306,0.43072048331696866
932307,0.9991430607812135
932308,0.9998335394285602
932309,0.9881504626656352
932310,0.806561770175229
932311,0.9803720097751882
932312,0.999898518035183
932313,0.8013418176058253
932314,0.8533488337003701
932315,0.9959999110359102
932316,0.9985561310981936
932317,0.9999778842514746
932318,0.06128650807532924
932319,0.9979567850294057
932320,0.9204423327774646
932321,0.9999464054584073
932322,0.41354318276422847
932323,0.8821568662756594
932324,0.9969704418486087
932325,0.06261030936039375
932326,0.9576598844665372
932327,0.9983620612387198
932328,0.9994392202357114
932329,0.9850896309385814
932330,0.9891086069634961
932331,0.7803968233628029
932332,0.9111643127063117
932333,0.08738755676398471
932334,0.8168287020488787
932335,0.999936668644617
932336,0.7664534077872588
932337,0.036822914366463136
932338,0.9565223825251417
932339,0.9998317436091464
932340,0.6766863200416002
932341,0.07073463845530323
932342,0.22385205598596936
932343,0.9998786925388892
932344,0.2034058549970934
932345,0.959161104293357
932346,0.6969514269875878
932347,0.5907599710619954
932348,0.9999848785876697
932349,0.0631653476442312
932350,0.8141136463080945
932351,0.3982208971094629
932352,0.9700396179505499
932353,0.9980459877136751
932354,0.6288631076450675
932355,0.8116836798432232
932356,0.7851389849151817
932357,0.6888624118918911
932358,0.9997675502643819
932359,0.42964465578067645
932360,0.9186834525832471
932361,0.8587349844864052
932362,0.9912529897404821
932363,0.9959987244890687
932364,0.015680565355945787
932365,0.05146568480588187
932366,0.01931507598098977
932367,0.9994142767523002
932368,0.9995227186408184
932369,0.9997978454617233
932370,0.3493978913263327
932371,0.8244019761890929
932372,0.5851483717016523
932373,0.4756795301722392
932374,0.04249711530488082
932375,0.9902196830029736
932376,0.07324951007906463
932377,0.6209740529488612
932378,0.98665685999653
932379,0.6502029031172071
932380,0.9962553901813477
932381,0.9996403384464272
932382,0.8659384906206347
932383,0.998634460426316
932384,0.4656533164411398
932385,0.18797919538884394
932386,0.5742901833674832
932387,0.9997910780369712
932388,0.9943210718985995
932389,0.8832043162774548
932390,0.9999821403371629
932391,0.9984804976693036
932392,0.9800151970565356
932393,0.975837865738846
932394,0.9635223369852159
932395,0.9573800028156637
932396,0.8692090252634253
932397,0.9998692153065352
932398,0.15341539791226746
932399,0.9974180386235026
932400,0.9977331419784887
932401,0.9995293741613971
932402,0.7916544402754031
932403,0.008011159013297183
932404,0.16195730401229022
932405,0.008942697070178519
932406,0.7121896026903262
932407,0.9997409273946051
932408,0.25399428228009296
932409,0.4649946280414898
932410,0.3294183994446486
932411,0.9998833647882965
932412,0.9586555799558668
932413,0.40901344032730347
932414,0.9996619174551495
932415,0.3490264697339608
932416,0.9998598453480544
932417,0.9438286460912255
932418,0.006873314104362161
932419,0.9945265248946453
932420,0.18998594068869323
932421,0.871754810682216
932422,0.9834065766101329
932423,0.9224700329080588
932424,0.07339155926670014
932425,0.9631166258262875
932426,0.6657101990910643
932427,0.999855947732604
932428,0.1936336658548966
932429,0.41261770652717267
932430,0.999928466408244
932431,0.9998161440932134
932432,0.9999658876123899
932433,0.05962741612768774
932434,0.9995539673087379
932435,0.9967733433158924
932436,0.9887658025643586
932437,0.1603106945865024
932438,0.8208816241155609
932439,0.6494880884272816
932440,0.061108488500299686
932441,0.22964768174781142
932442,0.20976930262566046
932443,0.9678261977148037
932444,0.7884027962574127
932445,0.16192319967706065
932446,0.9087920508901751
932447,0.1870049100481289
932448,0.9856436889778661
932449,0.31249380612560296
932450,0.8874091491133955
932451,0.9417882191538758
932452,0.6279569920409176
932453,0.9996735197668384
932454,0.0015099614766924967
932455,0.9989699029896775
932456,0.7762859559892827
932457,0.9901923577362786
932458,0.9902155776686449
932459,0.025274902804979522
932460,0.06529709748582661
932461,0.9999373246384808
932462,0.9993783945885311
932463,0.9998359759471265
932464,0.9965551741157592
932465,0.9993617567566482
932466,0.07346201678267794
932467,0.7891500887863798
932468,0.45444143428212724
932469,0.7421209936853778
932470,0.3916669619974278
932471,0.9998442486612658
932472,0.5634611517001675
932473,0.49974906726106505
932474,0.9951041696071968
932475,0.9366331182378447
932476,0.030812980317307385
932477,0.8744148227551849
932478,0.7341713809017925
932479,0.6215954676227555
932480,0.2404747996007136
932481,0.031133584066478114
932482,0.8456359673200837
932483,0.3540364531125367
932484,0.9407092943994121
932485,0.3467610994165129
932486,0.5293284787463427
932487,0.8698535421663403
932488,0.9999237095176091
932489,0.4615774998468874
932490,0.999973599764648
932491,0.2814034556413586
932492,0.9991309928952896
932493,0.009930466831125214
932494,0.9987100189648777
932495,0.6462525558831451
932496,0.8544228315659832
932497,0.9229750800927954
932498,0.9890786944276726
932499,0.9955605071819957
932500,0.0851653081018903
932501,0.015003409673862388
932502,0.9451424082388622
932503,0.9853750142884984
932504,0.9287983492443326
932505,0.7999343331795761
932506,0.5630717536856007
932507,0.7065228548361949
932508,0.9999170575932351
932509,0.36194249250110583
932510,0.9955733626804039
932511,0.35959988603506277
932512,0.46076708224369806
932513,0.9993801549073047
932514,0.9991690710927049
932515,0.9900067071195207
932516,0.8347451593614776
932517,0.99955876390095
932518,0.8304626601952345
932519,0.007672060283472783
932520,0.11391880537546535
932521,0.5556593295252111
932522,0.99959106737647
932523,0.1408360449238973
932524,0.9981052866527602
932525,0.6153654652193021
932526,0.9245079576185777
932527,0.25352909777390165
932528,0.9995227173366684
932529,0.9998938681387814
932530,0.925673777415214
932531,0.3895345662265768
932532,0.8753367502457798
932533,0.7769362034506629
932534,0.7380989129992772
932535,0.5007784953257778
932536,0.6837929617528424
932537,0.998907061251598
932538,0.9348249405701228
932539,0.8822693693050139
932540,0.8101289505883656
932541,0.8720361039834701
932542,0.005152624268358565
932543,0.6402928107449342
932544,0.1513212912592097
932545,0.8582700634428679
932546,0.9425163670581891
932547,0.35389165683436197
932548,0.997852101830697
932549,0.3121868243710607
932550,0.017325434115706743
932551,0.9989246105010687
932552,0.07866377524155016
932553,0.9974631138602295
932554,0.9736632520929394
932555,0.9965135905042484
932556,0.7979245053677904
932557,0.41628259184130756
932558,0.998197730718403
932559,0.9904086663446339
932560,0.8248022564961116
932561,0.9997225567991741
932562,0.9903603178937239
932563,0.9998961042701464
932564,0.9981244653624284
932565,0.3931260232124098
932566,0.9988312686877996
932567,0.9994124634156134
932568,0.9689137713708612
932569,0.9985467410284632
932570,0.998118685912518
932571,0.9999450175244244
932572,0.9151454889429236
932573,0.0033821940579138966
932574,0.9912086420249646
932575,0.11037701890166125
932576,0.998299983332197
932577,0.9994705680020011
932578,0.9968761824454525
932579,0.009474086470505256
932580,0.9966761141693072
932581,0.47188945420725614
932582,0.9887148605109036
932583,0.8805200494999628
932584,0.1009094097158955
932585,0.035079950955824724
932586,0.9604036057650297
932587,0.994643647688139
932588,0.5723158087410813
932589,0.8255300770188583
932590,0.9866931234665758
932591,0.9995705491421716
932592,0.07424074344048397
932593,0.30882807775617604
932594,0.9664244869165919
932595,0.9999714776242026
932596,0.37410894942860173
932597,0.9657097544313789
932598,0.9525769239655415
932599,0.999881558357775
932600,0.9996656884137494
932601,0.7932847624697121
932602,0.999885811208161
932603,0.9913050935089083
932604,0.033393505337330306
932605,0.9988577283689579
932606,0.9944395842340744
932607,0.9058722513644237
932608,0.33365708854296644
932609,0.292469234689836
932610,0.5534790351244503
932611,0.9998969801799424
932612,0.790019813745596
932613,0.2010961395334885
932614,0.991452539444902
932615,0.8337073791612425
932616,0.5727579065706536
932617,0.004780624681115274
932618,0.8407411799315864
932619,0.06906487694148514
932620,0.07044766997840085
932621,0.07806594055886087
932622,0.9946648532373534
932623,0.839646841459349
932624,0.9966621904227648
932625,0.9715211179024309
932626,0.9115912741850131
932627,0.021481270138304066
932628,0.9715196343264594
932629,0.3780404332242119
932630,0.9999585859304848
932631,0.8262448893724293
932632,0.03541411967050468
932633,0.5108069353347497
932634,0.16093062003814568
932635,0.0020803057703842782
932636,0.14718373704347779
932637,0.12094802084470888
932638,0.5983003177103845
932639,0.9977125890969579
932640,0.8756468169814295
932641,0.9960995121635092
932642,0.9999063868254356
932643,0.09128366541607019
932644,0.9750572854859135
932645,0.07734707937838596
932646,0.402819226159025
932647,0.9876304315444072
932648,0.7138376007231756
932649,0.6012157858339854
932650,0.9951021186215481
932651,0.8091929727173921
932652,0.9907790635792484
932653,0.40447485535951133
932654,0.991003302635783
932655,0.9998747328825824
932656,0.9987330751830161
932657,0.9992983528831234
932658,0.9999974601575228
932659,0.03671207750303106
932660,0.9505813936020349
932661,0.8584445547270545
932662,0.8192767053734712
932663,0.12043731381221812
932664,0.9988981060029767
932665,0.8325024432444349
932666,0.9839695196315742
932667,0.9996972448137732
932668,0.32609568451761894
932669,0.9387271168560598
932670,0.9979767321906693
932671,0.33550817057514504
932672,0.9999905893763139
932673,0.9998542528406222
932674,0.2681830085466005
932675,0.641838076518865
932676,0.011018351499991665
932677,0.9997664879185867
932678,0.9998739890037164
932679,0.1713080323134769
932680,0.5546851728650186
932681,0.9996938879405795
932682,0.8873449896007564
932683,0.9981681277590753
932684,0.24994151125946792
932685,0.30553891818785106
932686,0.9999176529767233
932687,0.06837942348528185
932688,0.9999657127728886
932689,0.9997555273701555
932690,0.021367790840981418
932691,0.6746644763181848
932692,0.9961665371937137
932693,0.9997925292175495
932694,0.999454964622122
932695,0.4195919156448899
932696,0.9794258121393854
932697,0.5618389251540337
932698,0.9753813601892358
932699,0.9912876627084152
932700,0.5705681170948292
932701,0.4639872651510585
932702,0.9999507096748452
932703,0.9645101918110397
932704,0.7307713801510471
932705,0.06469275729719949
932706,0.7483851098136101
932707,0.9999501356904428
932708,0.9748501032191315
932709,0.1039434756166356
932710,0.4573789397568808
932711,0.9993308682042181
932712,0.9988196160697214
932713,0.9908931836474741
932714,0.9417180462153436
932715,0.9684735925561467
932716,0.4875038638705806
932717,0.9974510275980173
932718,0.8988691615563336
932719,0.9736820227737696
932720,0.009733063922664873
932721,0.9758431730500395
932722,0.9983762336737014
932723,0.7702204654573087
932724,0.9997569965056621
932725,0.9797674023027683
932726,0.7390823933790466
932727,0.08550674107588846
932728,0.7674804597794036
932729,0.6493576415555691
932730,0.9999392278275663
932731,0.9986728515529386
932732,0.9996945585425601
932733,0.8703486829815535
932734,0.9608075569988328
932735,0.1746529085843294
932736,0.06997735982809129
932737,0.03466178739802109
932738,0.057325059786165936
932739,0.8881521918831154
932740,0.07589986592647993
932741,0.20788931535249228
932742,0.886886764913508
932743,0.9698158224952176
932744,0.9893798255921404
932745,0.2881783711174163
932746,0.8171829208872894
932747,0.4627086005576422
932748,0.6038994540625154
932749,0.741636415903477
932750,0.933370396849614
932751,0.5840291770693468
932752,0.8007323095404277
932753,0.9934597205567461
932754,0.9999702465759258
932755,0.5843304867906882
932756,0.999710309647555
932757,0.013705084062898618
932758,0.015253723842073352
932759,0.9938642152658337
932760,0.992967963374455
932761,0.5409902247143104
932762,0.9999508494608537
932763,0.7906200255180036
932764,0.880011054838618
932765,0.013872785804718294
932766,0.9386189461369121
932767,0.997832107385844
932768,0.9850706795980246
932769,0.6487347811899911
932770,0.28773190648003705
932771,0.5902472667916175
932772,0.9898604490788012
932773,0.6792196928815475
932774,0.9996677039222857
932775,0.9223982613926617
932776,0.8734211930848442
932777,0.9118373750613097
932778,0.009725690443252093
932779,0.9971632902945009
932780,0.9797092937495913
932781,0.9993645179193755
932782,0.3360798181465564
932783,0.9998757300938367
932784,0.9964081072719957
932785,0.9993311331514332
932786,0.22753534357822608
932787,0.997002698531432
932788,0.17703836276463616
932789,0.9996478278801626
932790,0.8054181652326342
932791,0.8164792973044133
932792,0.9999732097436547
932793,0.9927858222155233
932794,0.9898514567949679
932795,0.4380227195217168
932796,0.988100525896831
932797,0.9948586900954924
932798,0.9999315846124132
932799,0.9995731488223069
932800,0.9955170660039436
932801,0.3354653512095086
932802,0.9925645665455478
932803,0.9159599975105076
932804,0.9991646183395249
932805,0.0555659680007734
932806,0.7669722686022942
932807,0.3940729024724796
932808,0.9968190800130956
932809,0.99981372043092
932810,0.12195707770225761
932811,0.9752796669341789
932812,0.9875667311569863
932813,0.015515184933173692
932814,0.9992402437373413
932815,0.9999103182838411
932816,0.007616520004562096
932817,0.9999739633829139
932818,0.0024032902294767967
932819,0.03090574425085605
932820,0.9965079038503586
932821,0.6162808286742881
932822,0.24214584220572746
932823,0.6963719595471825
932824,0.19378566424515203
932825,0.05910055424787625
932826,0.999923603971966
932827,0.9309754491738008
932828,0.47017035435889276
932829,0.7365169389065362
932830,0.8821276939584318
932831,0.999049889592113
932832,0.9998144243576119
932833,0.005225664088847183
932834,0.9903263001643077
932835,0.083972136262213
932836,0.9998181627278707
932837,0.9998596487949758
932838,0.9965848693141752
932839,0.18356954872435358
932840,0.4574502500946176
932841,0.9836056454221065
932842,0.10698722602866563
932843,0.6159900974998003
932844,0.11954698561808638
932845,0.9885844528333445
932846,0.28061720676772584
932847,0.9997264286695597
932848,0.7439810656911658
932849,0.7040720717612086
932850,0.9999149414964414
932851,0.9936964664945624
932852,0.9957199685058256
932853,0.42313149885607754
932854,0.9964693244254211
932855,0.9387792336675211
932856,0.5081251965088809
932857,0.4305135135985776
932858,0.037067986374249906
932859,0.4289910399631076
932860,0.9919082763372005
932861,0.9928189025055939
932862,0.9994552884846609
932863,0.9996449699560925
932864,0.8832860423835526
932865,0.030100928971018848
932866,0.9334812187891103
932867,0.8790951662547715
932868,0.6201342528732868
932869,0.014009203210454508
932870,0.09756561090577681
932871,0.9863656168352698
932872,0.046834072217411676
932873,0.9738244127559157
932874,0.9257630527528657
932875,0.966666826675118
932876,0.999873406342837
932877,0.9980839000123634
932878,0.9506959199110077
932879,0.052942803452289716
932880,0.9997397880419359
932881,0.9889079959250651
932882,0.9505331165851394
932883,0.6497390190179744
932884,0.9999127737583376
932885,0.9996985414590752
932886,0.999811418735013
932887,0.5622906015659138
932888,0.8063028990047768
932889,0.11639544611953659
932890,0.9997557770542083
932891,0.9981929439243573
932892,0.9999199718250312
932893,0.7962154134495544
932894,0.9995414321761156
932895,0.9663588014976952
932896,0.5353552784647732
932897,0.9999644915700465
932898,0.9995739002133092
932899,0.9316529102808868
932900,0.999952971472251
932901,0.9998238011238273
932902,0.4203014913423335
932903,0.01748991034669728
932904,0.7208330611951376
932905,0.02176271806149154
932906,0.994340617520923
932907,0.984322759182124
932908,0.9999426395443785
932909,0.49860159717636976
932910,0.02742381247386261
932911,0.999771872468358
932912,0.516450638614106
932913,0.9785551646360879
932914,0.2575404605024244
932915,0.9949488571601864
932916,0.6296790487517131
932917,0.656717817751122
932918,0.8396051649003157
932919,0.9645979029994689
932920,0.7441219327845023
932921,0.993837329700721
932922,0.03695670293992375
932923,0.9998936416492437
932924,0.9999547711149708
932925,0.9997353386345018
932926,0.07144983609895957
932927,0.9936726179805494
932928,0.8405130793871483
932929,0.9996680928997583
932930,0.059614328054401665
932931,0.9965872033468128
932932,0.06015528872504963
932933,0.2909714132874735
932934,0.015036404480853879
932935,0.9989632223502241
932936,0.04010059432626615
932937,0.010447757782647931
932938,0.9757770117589682
932939,0.946899871856398
932940,0.5947200097494286
932941,0.9900052582783019
932942,0.9998986059819724
932943,0.9661993716725721
932944,0.9992630373892504
932945,0.2667206899909341
932946,0.9997910906014913
932947,0.37437743057482065
932948,0.9964477107735442
932949,0.6799156173223637
932950,0.9991142556896266
932951,0.9992447529174789
932952,0.999942685080118
932953,0.5182395866433782
932954,0.9427607615980262
932955,0.9999802388491958
932956,0.045897730885896854
932957,0.9930804474094876
932958,0.14330527846465846
932959,0.9995469494104299
932960,0.23248892374162933
932961,0.9995279207626007
932962,0.5872082561180768
932963,0.9509837408579287
932964,0.9995406805586708
932965,0.9991024537359704
932966,0.9999041252644586
932967,0.7253767056130418
932968,0.9994593155724354
932969,0.8128437569938827
932970,0.8377847183755754
932971,0.965074381833287
932972,0.7189633279705077
932973,0.9939975666766782
932974,0.9998310339252712
932975,0.14918365343019113
932976,0.38613581468393915
932977,0.9996873262531565
932978,0.8380451459309766
932979,0.9999872754464081
932980,0.9998314393975045
932981,0.35499734496616675
932982,0.9936422231328921
932983,0.9257790779056791
932984,0.0706429395744476
932985,0.9886852070228423
932986,0.44661639516118534
932987,0.9997911738490685
932988,0.9999265626887328
932989,0.09774118774454169
932990,0.031077623510413835
932991,0.4483984520285459
932992,0.9914280791024173
932993,0.9999588096228528
932994,0.19297409054231046
932995,0.9999739057219009
932996,0.5553844116412725
932997,0.22697056780772723
932998,0.9339828426474619
932999,0.9998680434829884
933000,0.8743236729182384
933001,0.9972978815711514
933002,0.9988587545452869
933003,0.10580300797222314
933004,0.4338261333473067
933005,0.9999860905747233
933006,0.9989140509941372
933007,0.5704220258805374
933008,0.18446018592045227
933009,0.9697891067332595
933010,0.8526355141785071
933011,0.1427155751900663
933012,0.9390282960117732
933013,0.9968782396578377
933014,0.5484242567497608
933015,0.9999510101546432
933016,0.9830750818874177
933017,0.009838939454996781
933018,0.055471294951033145
933019,0.08547086148031426
933020,0.37561056227451867
933021,0.9888810630431759
933022,0.9989739337834753
933023,0.9996726669796727
933024,0.9980665865518241
933025,0.6473199879926141
933026,0.998641551410405
933027,0.9998782902564094
933028,0.9963410400232044
933029,0.1788136786544794
933030,0.9752216933159076
933031,0.5676123885933122
933032,0.9889531637238713
933033,0.7960808134770254
933034,0.028945152577681686
933035,0.31421330948181636
933036,0.36326981804876207
933037,0.977123815944013
933038,0.06317271995101488
933039,0.5404380721013903
933040,0.9832659013935775
933041,0.010946403537502886
933042,0.9998803250624132
933043,0.33835425375953465
933044,0.9959346086118215
933045,0.9091309354237476
933046,0.5701438757489867
933047,0.9998556955311269
933048,0.9709073727584137
933049,0.9293754835928556
933050,0.9970032874651944
933051,0.5454688687317745
933052,0.9945816251081186
933053,0.961435287568979
933054,0.9967504643087342
933055,0.08257672141111423
933056,0.1946171214360073
933057,0.16888673595991827
933058,0.46276358637799847
933059,0.23144594549603822
933060,0.4457362906532777
933061,0.05657644209116454
933062,0.9999216543063651
933063,0.9975064647288585
933064,0.015495675798502924
933065,0.9987263053708241
933066,0.6824274633034217
933067,0.9956441218235058
933068,0.9997917154693399
933069,0.9998849581080049
933070,0.017482421761936203
933071,0.999605332935576
933072,0.0020047515813856236
933073,0.46523886795388864
933074,0.9997885145612535
933075,0.9970919771591094
933076,0.7412927833335003
933077,0.6830525675727306
933078,0.9946518313985913
933079,0.9989864605917258
933080,0.999782377780263
933081,0.8916917233372469
933082,0.030987058524482865
933083,0.9967398692402509
933084,0.8571045272545977
933085,0.0858976815774628
933086,0.7627859923541469
933087,0.7167847627653627
933088,0.1083791660608544
933089,0.9859137324161842
933090,0.994507647330471
933091,0.9139452425915466
933092,0.8984251376312881
933093,0.8116820501340123
933094,0.8968921264894494
933095,0.9678972661062624
933096,0.39680829500403236
933097,0.9975431122166878
933098,0.9970217722392076
933099,0.5649128852564002
933100,0.9197875961064745
933101,0.9999427924878531
933102,0.959063558517816
933103,0.6824718819788564
933104,0.4918232043469922
933105,0.4842780781083479
933106,0.012514276159338584
933107,0.8462557529489954
933108,0.9690917641113286
933109,0.2620203134380901
933110,0.9909617518198426
933111,0.7279790739667107
933112,0.9575107370919793
933113,0.9588670421268576
933114,0.9999585211179478
933115,0.9909415931995975
933116,0.48655729614683263
933117,0.392708941861552
933118,0.9393502565288454
933119,0.07488304053217289
933120,0.37226151302057603
933121,0.9988929243356486
933122,0.9526372585082175
933123,0.9812192193372862
933124,0.9995057605229005
933125,0.9647328482220692
933126,0.999328994340452
933127,0.9999758019659597
933128,0.9879227523768566
933129,0.23230620178958006
933130,0.9833687402193309
933131,0.984640014327147
933132,0.14149151646338667
933133,0.9992880433324862
933134,0.8922225906696084
933135,0.9952615422817928
933136,0.9916480995578132
933137,0.03485625300517709
933138,0.6831729882907125
933139,0.8349047646591697
933140,0.9962684782291162
933141,0.9972683686652148
933142,0.947808490581013
933143,0.9904842704680434
933144,0.999941291717293
933145,0.9014387177874063
933146,0.9993005645442573
933147,0.19580752917602323
933148,0.9995284514062576
933149,0.9992941341313479
933150,0.9984971522406196
933151,0.4300874520976615
933152,0.617138651893234
933153,0.9997098521659129
933154,0.058718150930723086
933155,0.9958933998896321
933156,0.18273396008271198
933157,0.9935763803067997
933158,0.42847944400923427
933159,0.999904628168568
933160,0.9983767722937071
933161,0.006799757431392588
933162,0.9888801186840283
933163,0.9996542766058567
933164,0.07643093940272627
933165,0.1132912464088833
933166,0.5728523604165158
933167,0.9996720641563555
933168,0.9906391573175457
933169,0.0026168519045509184
933170,0.9998245399643544
933171,0.5828494359130573
933172,0.007908077486607287
933173,0.7162125341408367
933174,0.690633651040759
933175,0.5942104962361091
933176,0.923083575928288
933177,0.9706098305983155
933178,0.9961287724219086
933179,0.013821026831184554
933180,0.971090828776091
933181,0.9998580527234464
933182,0.9985972291234926
933183,0.11401041875485088
933184,0.9978063813901502
933185,0.9999785575291703
933186,0.6989098857839888
933187,0.005378996533175898
933188,0.8347885743519152
933189,0.7732979768388852
933190,0.9979952406502426
933191,0.8874298246937691
933192,0.866530245176787
933193,0.9926301139027203
933194,0.2224702944550803
933195,0.5283329855092765
933196,0.993781519211046
933197,0.4951922646328477
933198,0.9991381616945669
933199,0.9547093123089877
933200,0.0480103821492608
933201,0.968733817386805
933202,0.4628014022927679
933203,0.07517055427543651
933204,0.9991116300970311
933205,0.7703065864694751
933206,0.9999295019485418
933207,0.9620016913064484
933208,0.9968364375379115
933209,0.29944937146140876
933210,0.9923381879458569
933211,0.9732444042444683
933212,0.9995757184104994
933213,0.9937525365711215
933214,0.9620677772253019
933215,0.524698564644126
933216,0.8727953572158669
933217,0.926487014252097
933218,0.1426258082823639
933219,0.9996193000405771
933220,0.9914474338504027
933221,0.9997439612465394
933222,0.9919859546787628
933223,0.24295818549064827
933224,0.2592385667991123
933225,0.9999421305946103
933226,0.27535903848731685
933227,0.9998245796010319
933228,0.08708182236499343
933229,0.999897322722867
933230,0.9972313769954213
933231,0.9999519096163629
933232,0.07577713666364302
933233,0.881884403402794
933234,0.38875683952143536
933235,0.7781351299755174
933236,0.9999607294353654
933237,0.9991189721647484
933238,0.9998494676293863
933239,0.6674754714440753
933240,0.047840092075974686
933241,0.840830704038281
933242,0.9998675689517239
933243,0.9973931048995365
933244,0.19674033779817168
933245,0.9984500999697834
933246,0.9745355586344595
933247,0.9986107309912232
933248,0.9987234016410305
933249,0.9836743803099268
933250,0.9870586556943826
933251,0.044179903102268644
933252,0.9971196961281295
933253,0.614875386756164
933254,0.17768037891619137
933255,0.9097230532112697
933256,0.6205660504075372
933257,0.3621589852770396
933258,0.47187370710692805
933259,0.04869306616925923
933260,0.9265357026412983
933261,0.928966219775665
933262,0.9862140382502198
933263,0.9948255761617091
933264,0.9206103651865858
933265,0.009812687019517078
933266,0.07657643781732396
933267,0.9997362507511385
933268,0.9939121249869993
933269,0.05982974343821032
933270,0.8335603144696475
933271,0.9999370725013271
933272,0.7029601440218418
933273,0.9986932148320237
933274,0.011774220417963204
933275,0.037438695220452865
933276,0.18808929088153015
933277,0.999958888953229
933278,0.2747594620956443
933279,0.01184047437248999
933280,0.9982970474288604
933281,0.8379056436642434
933282,0.9995388809676387
933283,0.9986130006490502
933284,0.9999580462960793
933285,0.9966199246682402
933286,0.5743336164201086
933287,0.3024203246724863
933288,0.01871554306913146
933289,0.7966426523909608
933290,0.9281317651579143
933291,0.9998296428405351
933292,0.9940315242225863
933293,0.9958405282723413
933294,0.10245209245796646
933295,0.9793084434456194
933296,0.9201203602577788
933297,0.667942655285285
933298,0.9836292590879429
933299,0.884994089441157
933300,0.9947612033275597
933301,0.9921517189004216
933302,0.9929367160951843
933303,0.26473616491221036
933304,0.9993911222030287
933305,0.9196353769737982
933306,0.755341323685738
933307,0.9999442424074129
933308,0.682341476663258
933309,0.9441542240598535
933310,0.9998479174582597
933311,0.2380835195572501
933312,0.7576604106494659
933313,0.3981198878913948
933314,0.9998607048776939
933315,0.9990418089443036
933316,0.9974809528616226
933317,0.0955115349602163
933318,0.12833099182869162
933319,0.9999078048895031
933320,0.954285381694249
933321,0.8924181048552976
933322,0.32629809584569736
933323,0.8548256446859269
933324,0.4117672116377191
933325,0.9996572485950835
933326,0.9649723487927655
933327,0.9929528886320899
933328,0.07356636766516547
933329,0.03818922591174045
933330,0.9950421709986423
933331,0.7644555978072688
933332,0.8676072224731601
933333,0.0632120103518048
933334,0.999973983552964
933335,0.9994763671665678
933336,0.13741427406240808
933337,0.9798879228972044
933338,0.9994193556715264
933339,0.9997311922187735
933340,0.9998823547418234
933341,0.8487219534752719
933342,0.9010007038493799
933343,0.008421815748163211
933344,0.5872480185576997
933345,0.16118306674170435
933346,0.9997118333558725
933347,0.8983756393824678
933348,0.8454028371976146
933349,0.06120300637888515
933350,0.9782850200372593
933351,0.9997793869176756
933352,0.9998379282902288
933353,0.8337764238055256
933354,0.9999366644157482
933355,0.7344435680634384
933356,0.9384370296237585
933357,0.9939736333188225
933358,0.47576274411857833
933359,0.04410957897657228
933360,0.9998511339390126
933361,0.9993383612957303
933362,0.9641579224063915
933363,0.3740814475843919
933364,0.8989061121527805
933365,0.19110675786878176
933366,0.7694834323399726
933367,0.6086527581397105
933368,0.33357052791475716
933369,0.9944265271426544
933370,0.6631878698104725
933371,0.9994479859819745
933372,0.9997449604574593
933373,0.9999084234100152
933374,0.5853629563635935
933375,0.3616565258485498
933376,0.5421660297036223
933377,0.5197744887317997
933378,0.018176226919956386
933379,0.9986478690950056
933380,0.955348636194554
933381,0.8423772764699432
933382,0.5861276100942
933383,0.9764245224105508
933384,0.9978898643302594
933385,0.9349677079734301
933386,0.9688058904791486
933387,0.8144163370704776
933388,0.719922405360984
933389,0.9971200981727895
933390,0.9934754720043897
933391,0.9944568801864964
933392,0.8960331584901459
933393,0.27588362035079117
933394,0.7779444423231422
933395,0.9995109938452524
933396,0.06359855186110386
933397,0.999773464188592
933398,0.9991716851002831
933399,0.35620113182101176
933400,0.9261991163402924
933401,0.8588802759119687
933402,0.8343903129546871
933403,0.257533712037811
933404,0.00451869987265524
933405,0.16771398988062186
933406,0.8754037182801949
933407,0.15755170215072067
933408,0.4366361747200568
933409,0.9943006102078532
933410,0.991744502062786
933411,0.9930134212771302
933412,0.9939580877606832
933413,0.8302158982708798
933414,0.9624095713480534
933415,0.039149486880179704
933416,0.9982241602903575
933417,0.9999461821494211
933418,0.9459288232393546
933419,0.9998711648787171
933420,0.9997956475871832
933421,0.9551725454032354
933422,0.9996362475320884
933423,0.9995791929535076
933424,0.9994207749091422
933425,0.995708898359837
933426,0.9997932127352351
933427,0.9995637753626629
933428,0.9985409859108317
933429,0.9947058586611297
933430,0.9957106233199331
933431,0.9999844051683835
933432,0.7183420620123829
933433,0.2386999840306002
933434,0.7589488023639146
933435,0.08499245709185724
933436,0.988835443945931
933437,0.9922838001411989
933438,0.9587702758050829
933439,0.03178311158304836
933440,0.008390498003890193
933441,0.9766152191814178
933442,0.7535610581778551
933443,0.9163616665310657
933444,0.9999008950367414
933445,0.5562387529345537
933446,0.86054745123142
933447,0.9995228179104441
933448,0.9875503827408691
933449,0.8077689412526997
933450,0.9943770835351515
933451,0.9999599216023256
933452,0.9999181789543156
933453,0.5189976892051495
933454,0.10309582909785087
933455,0.9977719072313586
933456,0.46818241740191935
933457,0.9996820148862755
933458,0.9959142153592684
933459,0.992077245929122
933460,0.9995591951978235
933461,0.47012448610885443
933462,0.1875012288955747
933463,0.9867327646192808
933464,0.9997057224256387
933465,0.20265729038151656
933466,0.07681295517960413
933467,0.9998326256695262
933468,0.9879974762369673
933469,0.9788102158391672
933470,0.33391072772449293
933471,0.08205223749696501
933472,0.6853144126544918
933473,0.9993138838020006
933474,0.9997553415195974
933475,0.5831697651516643
933476,0.9988822372362819
933477,0.0200293830563755
933478,0.9998655713567065
933479,0.04494859716175988
933480,0.9121441216740711
933481,0.9867103877465939
933482,0.03332440900791131
933483,0.8560227831846803
933484,0.99983235161786
933485,0.27718704829165874
933486,0.033382247161947404
933487,0.8905068311088148
933488,0.9997418751319314
933489,0.842947087796384
933490,0.9902642709564051
933491,0.9997445416719888
933492,0.9996896491916285
933493,0.027718264649908148
933494,0.005169780961525007
933495,0.523549846981794
933496,0.9798399968492463
933497,0.8583964681616669
933498,0.9986612792995813
933499,0.4600789352675755
933500,0.6609996187191587
933501,0.7702599514045506
933502,0.8466791372690612
933503,0.9999496436683195
933504,0.44099621902173813
933505,0.9314420482970247
933506,0.3207062542385122
933507,0.20059814543132853
933508,0.9827426850278129
933509,0.9814987359105352
933510,0.5670740039630446
933511,0.3393730265203782
933512,0.9961796558703433
933513,0.06810037329497469
933514,0.5578697905110386
933515,0.8234226495951866
933516,0.9998564728228636
933517,0.020347057203753575
933518,0.9996126851798114
933519,0.9927772884889592
933520,0.8469472847662123
933521,0.04121529967441922
933522,0.014170349498914998
933523,0.07356551649550076
933524,0.03867180647085442
933525,0.9996078263053529
933526,0.8558856533207633
933527,0.9830307877272061
933528,0.5080271749162667
933529,0.20102003585477407
933530,0.9970906348067059
933531,0.9996588296030591
933532,0.034915913777193566
933533,0.9963852604787555
933534,0.9993074313592285
933535,0.9998414927090242
933536,0.02941115624311063
933537,0.5640378043815647
933538,0.9980312810738328
933539,0.9373789474780366
933540,0.15371530812205797
933541,0.9996920096605222
933542,0.4235613199543585
933543,0.9993050685010537
933544,0.9997764083501359
933545,0.99973130291361
933546,0.002389419628040108
933547,0.5646992031054965
933548,0.9989563461899298
933549,0.992158368331456
933550,0.9995141850602227
933551,0.9999072601877346
933552,0.9963401647701013
933553,0.9996070024642497
933554,0.4846069973180521
933555,0.9999717794579857
933556,0.9996870642390143
933557,0.19076568458575735
933558,0.9999493748318564
933559,0.36200422008629857
933560,0.9973201324072888
933561,0.7721530905623205
933562,0.9980866241690187
933563,0.9931536384724042
933564,0.999910589049861
933565,0.9995179881685325
933566,0.9994300258817446
933567,0.981627595064105
933568,0.034525596468969494
933569,0.7648133144302648
933570,0.999557315849558
933571,0.5094569030048055
933572,0.9995968539278466
933573,0.9995900240044286
933574,0.986173598108865
933575,0.6005052007495053
933576,0.9624331292255628
933577,0.4455423047561273
933578,0.9981686621949604
933579,0.7625910170073483
933580,0.8391055966262688
933581,0.46430946264864403
933582,0.9998553879827038
933583,0.996259515924844
933584,0.9303873677111967
933585,0.8792569194566151
933586,0.8640567055340324
933587,0.7138806234603929
933588,0.27541752628119603
933589,0.5137923582178503
933590,0.9987505172713876
933591,0.3697705916997158
933592,0.5152927095549635
933593,0.3780638811462664
933594,0.9992032133441929
933595,0.9999716266470602
933596,0.9999834916123973
933597,0.9565125071424785
933598,0.999828016118598
933599,0.9990689183973448
933600,0.632852968427019
933601,0.999725386001466
933602,0.9999365315866116
933603,0.9903382829736361
933604,0.9970387040461035
933605,0.9959421924121504
933606,0.9999179103070577
933607,0.9977179769719801
933608,0.8987053736198036
933609,0.8800946902682485
933610,0.9998126063282051
933611,0.9890408131881679
933612,0.9319739950313204
933613,0.6604524211162456
933614,0.6814115586547784
933615,0.7591895411032407
933616,0.9350785543122949
933617,0.21638862035679907
933618,0.9616542420127805
933619,0.7411199502521213
933620,0.9937045331071521
933621,0.9999649669699789
933622,0.7890776814460039
933623,0.18088245526449603
933624,0.9519770005545664
933625,0.21086718668612053
933626,0.9950278273252038
933627,0.9999363530766463
933628,0.9999232177716193
933629,0.16862150321393643
933630,0.9995941512266906
933631,0.9999861661537022
933632,0.7458739105697931
933633,0.9992060766007465
933634,0.41512833327248916
933635,0.9998772606662669
933636,0.9999821251608005
933637,0.04091107262154481
933638,0.999759967791738
933639,0.9988529112034508
933640,0.99969861941263
933641,0.5226384021593977
933642,0.7201169228688273
933643,0.028001361766622615
933644,0.8916937850464173
933645,0.10642675077871827
933646,0.10224931641928373
933647,0.9999465325236983
933648,0.9995043171339173
933649,0.9673198196734354
933650,0.8680972951844579
933651,0.8808615410387295
933652,0.8844844132775391
933653,0.6919710716160807
933654,0.23446288842428056
933655,0.9992394644333122
933656,0.9996638445014565
933657,0.6108659989499876
933658,0.07508934260528967
933659,0.9998353616553336
933660,0.9987500708812731
933661,0.49025198946881215
933662,0.6530765843665438
933663,0.5901512158715898
933664,0.9997494291030204
933665,0.08602757763559132
933666,0.9966720556215667
933667,0.30347269058883364
933668,0.9999286660839088
933669,0.9999613297003702
933670,0.9455021799842429
933671,0.8231062862558381
933672,0.9785220158935072
933673,0.9945523622731726
933674,0.9940319030163475
933675,0.0685248875926363
933676,0.998669205346433
933677,0.9998851382031585
933678,0.999607816993248
933679,0.9999221885345797
933680,0.15318717192218534
933681,0.9994248794485442
933682,0.7513007232077433
933683,0.25446775608238326
933684,0.03292795292023818
933685,0.9998668779193536
933686,0.23144253738349707
933687,0.040330332760588616
933688,0.3781152798243206
933689,0.9966062140293257
933690,0.011170229775404867
933691,0.9993938852106169
933692,0.9689957537697106
933693,0.9988736893443207
933694,0.6240376491194398
933695,0.9556180896546485
933696,0.9938478178189514
933697,0.9975437680942498
933698,0.03516793767814432
933699,0.5607634648410631
933700,0.05540767538252883
933701,0.563406279508555
933702,0.9993224217638967
933703,0.5245963565896923
933704,0.7628556516076823
933705,0.29435992161064095
933706,0.045408150855792986
933707,0.41245234774563894
933708,0.7741998059258941
933709,0.9125395982960373
933710,0.5443247583717318
933711,0.9707407904336807
933712,0.645171623715788
933713,0.6974691047462392
933714,0.12353899784035849
933715,0.7749839102057556
933716,0.9549554552010313
933717,0.4053967469839733
933718,0.9999143016718502
933719,0.5125971897630004
933720,0.8121677489261063
933721,0.9981044833018713
933722,0.9998395176044146
933723,0.2530843744337792
933724,0.9985789396577966
933725,0.5813376212163051
933726,0.7742280808090353
933727,0.8252369326353275
933728,0.9886099105862094
933729,0.8171295585097498
933730,0.999957165441947
933731,0.9865668312854878
933732,0.9998512657222843
933733,0.6619670002601993
933734,0.40884759192338016
933735,0.9183483934479866
933736,0.9999635659095332
933737,0.996661546104258
933738,0.9993294240387325
933739,0.9995218065730257
933740,0.2724783829330627
933741,0.5508019682206621
933742,0.8056476152049724
933743,0.19731576060232509
933744,0.9976537348981809
933745,0.9427907727934431
933746,0.8147870472606894
933747,0.7589262580832857
933748,0.9829623893931977
933749,0.9989444256862883
933750,0.9997400618771998
933751,0.675297107937844
933752,0.6843946445592606
933753,0.9753434053984098
933754,0.7912635882007372
933755,0.999965645147604
933756,0.9999509819575692
933757,0.3704111852940982
933758,0.9991210041123397
933759,0.9970301329510662
933760,0.8912156577461883
933761,0.9948258933762635
933762,0.9998754289006379
933763,0.9999859785682466
933764,0.9960424341014773
933765,0.9905275849689477
933766,0.8866685306403699
933767,0.9948032009253274
933768,0.9995348202667393
933769,0.9416824617689782
933770,0.10915632575084026
933771,0.9680000348972112
933772,0.9999284507869912
933773,0.9705323048644813
933774,0.9867788335281563
933775,0.9996486483658533
933776,0.37777802335565225
933777,0.9996342479819105
933778,0.9999917277596587
933779,0.993657834457003
933780,0.8995558819159857
933781,0.9954612526635837
933782,0.9993823419898575
933783,0.11787338441237868
933784,0.975344922684941
933785,0.9737335699826832
933786,0.92012580889321
933787,0.9595424260813811
933788,0.23028620994275595
933789,0.9997322201128773
933790,0.37997393841726335
933791,0.7681626928775616
933792,0.9995845597173937
933793,0.8977346467354661
933794,0.9994482393925399
933795,0.5988037127854081
933796,0.941334975896968
933797,0.8446887656218447
933798,0.32876834314296344
933799,0.6098776037754192
933800,0.005448833679183596
933801,0.8685518800881626
933802,0.6911168598135446
933803,0.036140051978190785
933804,0.9982636887297177
933805,0.7827304162180202
933806,0.8642280427417564
933807,0.9973986863177962
933808,0.20924044703112787
933809,0.997791019494302
933810,0.9998149992819275
933811,0.09469400921677737
933812,0.8567120987211683
933813,0.9961511419127531
933814,0.9806735689844565
933815,0.908437928380224
933816,0.11325058680731002
933817,0.9110846941895612
933818,0.9918184916287383
933819,0.8795005738155519
933820,0.7342156332634014
933821,0.07297285394976247
933822,0.013504244316607843
933823,0.9998059744726838
933824,0.9120284752409736
933825,0.732915876850929
933826,0.9986403151081501
933827,0.017823663821549596
933828,0.38464236357581943
933829,0.6255205295864215
933830,0.9998830914997322
933831,0.9996226824930031
933832,0.9753453518767974
933833,0.107215017568961
933834,0.9982712086322435
933835,0.9999109949920277
933836,0.9997112844055087
933837,0.43613593433779496
933838,0.5033559674968179
933839,0.3373763272987939
933840,0.9788380468323323
933841,0.9706325481475584
933842,0.2703815879299963
933843,0.9998952029917123
933844,0.4916717432419606
933845,0.1589188610761662
933846,0.7568917149577962
933847,0.5569238339122876
933848,0.99394239205041
933849,0.99925221808617
933850,0.9814051130906132
933851,0.9986550777124233
933852,0.6457892035330317
933853,0.9999295069987042
933854,0.011092668974142919
933855,0.9997399253705251
933856,0.17152242863161432
933857,0.999719479212193
933858,0.8536524744937519
933859,0.06283913485877884
933860,0.6679781038002579
933861,0.9974565580518275
933862,0.9993927404334468
933863,0.6095662517827479
933864,0.6848449062574928
933865,0.540489151465126
933866,0.9838272186053052
933867,0.9999727525680556
933868,0.522796835631176
933869,0.9972832828770293
933870,0.9939537688100538
933871,0.9616994050572867
933872,0.035432584128180386
933873,0.2620084350281972
933874,0.9997903969423598
933875,0.9995007580944484
933876,0.9931148114579674
933877,0.858739270926495
933878,0.8571122478148208
933879,0.27741883395463046
933880,0.9936323408210954
933881,0.9522934695259082
933882,0.8589234113709161
933883,0.9673072320190892
933884,0.0819170636736133
933885,0.9262390923216517
933886,0.427834367299493
933887,0.030043223327700205
933888,0.9990105153540139
933889,0.9510839163005453
933890,0.003049519339921293
933891,0.9998850875264995
933892,0.05855338824204062
933893,0.998903654412597
933894,0.20910133397752087
933895,0.7021266082203392
933896,0.9991001409564839
933897,0.1509890495726894
933898,0.8555567213921597
933899,0.08265833873016737
933900,0.5569881962721387
933901,0.4330212504169059
933902,0.8801278399797112
933903,0.6808954436378936
933904,0.9998565587311595
933905,0.9997872354909247
933906,0.9900471420301704
933907,0.09696988068124053
933908,0.9971385527273235
933909,0.9993035022402733
933910,0.945526470760574
933911,0.8815981850308716
933912,0.9999741874249533
933913,0.8889972380643372
933914,0.44322303192235885
933915,0.4488432523458591
933916,0.9994966092322765
933917,0.24242308427949288
933918,0.9776760598386596
933919,0.10544857388408413
933920,0.7116660799085339
933921,0.8582187373979938
933922,0.9976303806421205
933923,0.021414410503897422
933924,0.6592673862929471
933925,0.9864206627696548
933926,0.005848986634832142
933927,0.7119511599413556
933928,0.0011651652268177258
933929,0.9998897456116234
933930,0.9580639755131926
933931,0.9987381253546246
933932,0.4022354709242728
933933,0.9291760798169808
933934,0.9938140923242151
933935,0.5763155454341629
933936,0.8306420916497141
933937,0.9994219406849577
933938,0.886080505188504
933939,0.9995281615115521
933940,0.9998284369297373
933941,0.9999498917664422
933942,0.868316075195608
933943,0.9995696639530278
933944,0.9987019766324634
933945,0.9996477246090634
933946,0.9056063212157901
933947,0.06843797544384093
933948,0.9053182674874221
933949,0.14970009608160897
933950,0.10048906935268961
933951,0.051201756044487165
933952,0.9978358961451921
933953,0.11942655192437364
933954,0.07954974886019212
933955,0.227598283110917
933956,0.9998059384798261
933957,0.9986630258498137
933958,0.9998900833501019
933959,0.9997845201382707
933960,0.9999052372855946
933961,0.12032711578149227
933962,0.8023338543634386
933963,0.9992599948393357
933964,0.9998953318780466
933965,0.6798757230807668
933966,0.9999741724594744
933967,0.9985705602447676
933968,0.9970854968275824
933969,0.07264479702780512
933970,0.992261107140776
933971,0.9781490455195181
933972,0.27090339088407045
933973,0.9940296740972547
933974,0.6996915224796397
933975,0.15186750301666913
933976,0.4964355440280117
933977,0.8860439815000655
933978,0.981404928214648
933979,0.9919817428202785
933980,0.9997592174607064
933981,0.0751597496984037
933982,0.9991825792561924
933983,0.8454201090829765
933984,0.07625266197615206
933985,0.4839911178346338
933986,0.9979359419561594
933987,0.9990623210298362
933988,0.26609098511319007
933989,0.9998938588252034
933990,0.3650156147087136
933991,0.1549559839149676
933992,0.2726157717721237
933993,0.9989846318335476
933994,0.03636790372494092
933995,0.26070358725853376
933996,0.3890195009850137
933997,0.014881173407811484
933998,0.7974975619951385
933999,0.7297564539470163
934000,0.9998201513696332
934001,0.9848595063548687
934002,0.9999011854006035
934003,0.33154183717859165
934004,0.9930279714421189
934005,0.9975141234603866
934006,0.3820073233935573
934007,0.9995570219190405
934008,0.5546988792348074
934009,0.011335490589026376
934010,0.556321733900222
934011,0.9996003764809696
934012,0.9998584308988665
934013,0.5254219675976097
934014,0.09464339925899479
934015,0.9973409601967491
934016,0.9997476104271517
934017,0.9998100071904167
934018,0.7200861794263138
934019,0.9861987679693849
934020,0.12789203112584785
934021,0.5578933633284342
934022,0.02091180092806887
934023,0.7450461419756966
934024,0.9771225550524681
934025,0.9655266164799081
934026,0.9935687213874655
934027,0.8751684068283098
934028,0.6955251068414953
934029,0.7259083610263563
934030,0.9297425050205522
934031,0.9465442112983894
934032,0.8781605238805412
934033,0.9989026642617949
934034,0.9302792185812636
934035,0.9988269722142664
934036,0.9987403564925275
934037,0.9944478929912592
934038,0.004370811288745054
934039,0.9999691799856254
934040,0.8383804813482005
934041,0.9864558155429954
934042,0.10191919641381142
934043,0.9947184687705573
934044,0.9885379709677817
934045,0.13751893239436924
934046,0.9136281037650203
934047,0.9999202160335441
934048,0.9997432189434245
934049,0.9961802122911476
934050,0.9977135207433871
934051,0.9202731228835628
934052,0.9988147756101268
934053,0.793195714078529
934054,0.9834220217817455
934055,0.3088436312429728
934056,0.9939727013255223
934057,0.999466216641137
934058,0.9999562156099722
934059,0.9998846027280324
934060,0.689467760841736
934061,0.9998496154758274
934062,0.9998899315358248
934063,0.5723297668102933
934064,0.9979890986303309
934065,0.9992970798722802
934066,0.9998118144133573
934067,0.03324582419541953
934068,0.5369680575979469
934069,0.9981876416411732
934070,0.9592695625626708
934071,0.03326531854677359
934072,0.5395201879173125
934073,0.9991413718083262
934074,0.9091979653530274
934075,0.9880849028252543
934076,0.37744400527101907
934077,0.017394868015457678
934078,0.3197014699511767
934079,0.9999230014658211
934080,0.9998645609727684
934081,0.027418204705224766
934082,0.9877682879754889
934083,0.844395439507909
934084,0.8517031035560723
934085,0.9948938720903977
934086,0.9896873595062443
934087,0.9997861230336795
934088,0.9977462607715399
934089,0.01390818000921849
934090,0.39918668067310514
934091,0.9998224098260011
934092,0.9950549363770159
934093,0.999946245308784
934094,0.9994286067002538
934095,0.9622916744207707
934096,0.9979270923751835
934097,0.1441864023788056
934098,0.007951161705050185
934099,0.999404628583082
934100,0.9997812400390229
934101,0.8431492108910436
934102,0.9842055721091991
934103,0.9926384255465777
934104,0.9468893977502297
934105,0.753661179417436
934106,0.9948373276121071
934107,0.9997550442435309
934108,0.9945970908529285
934109,0.9954550832599036
934110,0.9997987952100063
934111,0.567656601441375
934112,0.17762211301647476
934113,0.4114586055802063
934114,0.07433508237732092
934115,0.4160670391357093
934116,0.03449506436506031
934117,0.9829086761054417
934118,0.9997687383239049
934119,0.9942134856809274
934120,0.9996402873171288
934121,0.9951960633003332
934122,0.96509083141941
934123,0.3738752936147424
934124,0.2451111419467042
934125,0.5532470119525656
934126,0.6927448888545786
934127,0.031037227881721863
934128,0.1976538485383204
934129,0.8603686612444297
934130,0.1855099076031323
934131,0.4837100896423697
934132,0.8791914265749197
934133,0.9670721694528792
934134,0.9997847106026354
934135,0.8281284397743864
934136,0.9978199472298148
934137,0.9933053396374868
934138,0.9998047868504418
934139,0.21805265030609078
934140,0.755084299299188
934141,0.481492297754226
934142,0.9996434530843439
934143,0.8956121511984285
934144,0.07092906350569167
934145,0.9987429218793256
934146,0.8194904494746229
934147,0.9997697794431751
934148,0.0008708276640126267
934149,0.9999885850298377
934150,0.6549806136558918
934151,0.31738755863648455
934152,0.42143055922747263
934153,0.9673512770044104
934154,0.8732514832203739
934155,0.6404609919055323
934156,0.9998323491174973
934157,0.9915958279059827
934158,0.7449363286994116
934159,0.9999515187259035
934160,0.9769073578496565
934161,0.9998447153982961
934162,0.9995414136052474
934163,0.9999811719977005
934164,0.9901371488923524
934165,0.9543081893980494
934166,0.940411338430548
934167,0.9745107658712058
934168,0.28015344046490687
934169,0.45806873233304524
934170,0.9994461405621313
934171,0.9682910412356043
934172,0.5681228898994424
934173,0.9948675949575538
934174,0.3454674674478063
934175,0.9996464756576819
934176,0.985130776821804
934177,0.9918314806241606
934178,0.9999290616434937
934179,0.4126254819195846
934180,0.9475712925328323
934181,0.42152297772431846
934182,0.9995044533818327
934183,0.9809840834162562
934184,0.3458241791000275
934185,0.9993916930365796
934186,0.9993023084259957
934187,0.9999465845867168
934188,0.4845510440449289
934189,0.9996722263216977
934190,0.9980658792206867
934191,0.5074855938865591
934192,0.9996822253588618
934193,0.8949561988280604
934194,0.5259508056674385
934195,0.965019622559081
934196,0.9748957382672352
934197,0.95602172159129
934198,0.9995247452144663
934199,0.6034031955729846
934200,0.9928295397035268
934201,0.9650275132806778
934202,0.9912447908717336
934203,0.995823487020436
934204,0.5641210584118489
934205,0.9996881912232909
934206,0.999931354902047
934207,0.29803395002752686
934208,0.7557375277510274
934209,0.999757994737654
934210,0.9268011562714142
934211,0.8671492270298877
934212,0.9976985077948362
934213,0.6813044241707453
934214,0.9941040331575917
934215,0.9997168929781666
934216,0.7511473991078744
934217,0.9997603834559496
934218,0.9985361638031194
934219,0.9999471189162339
934220,0.9297146676954399
934221,0.9959080788233985
934222,0.7421589424702703
934223,0.9201706772280982
934224,0.9998937949675235
934225,0.9999324776012054
934226,0.9949872815555735
934227,0.998183233462048
934228,0.9998812018715293
934229,0.9199136874020338
934230,0.9835918192306234
934231,0.9939641088154654
934232,0.010888602102447733
934233,0.5634908751639711
934234,0.9995627724896086
934235,0.7954798257691928
934236,0.9975017220624991
934237,0.5903617910165994
934238,0.9984741910544261
934239,0.9080158179155825
934240,0.8522448429210545
934241,0.7751280939209373
934242,0.9944989514113439
934243,0.9991957454033518
934244,0.23611664552201866
934245,0.3604808210795243
934246,0.8113518688911299
934247,0.9978570081694451
934248,0.9970899130730893
934249,0.1275449993654446
934250,0.9999760559169375
934251,0.9462292232740652
934252,0.9758213906825073
934253,0.9322508683916269
934254,0.9999930481504854
934255,0.9999115545532022
934256,0.5392189769724146
934257,0.9872892586586409
934258,0.6689717919957846
934259,0.9999874315611972
934260,0.08700301518077394
934261,0.06694000501436466
934262,0.9999198100930746
934263,0.9998597230920925
934264,0.02150381172776438
934265,0.07066699027049356
934266,0.8311789144480284
934267,0.9773566036547974
934268,0.9999803192064373
934269,0.9954124851366275
934270,0.9957711557846709
934271,0.9499864757161236
934272,0.9991365191843635
934273,0.999927713285124
934274,0.9986897916929819
934275,0.9994554533988184
934276,0.8876513032042808
934277,0.5204932240122043
934278,0.7123054076313258
934279,0.9267019911741955
934280,0.9760982834080203
934281,0.3423248789137989
934282,0.9998537896958668
934283,0.6497230690132703
934284,0.08953209879255587
934285,0.8623608580534579
934286,0.9905050448570798
934287,0.9975772236410301
934288,0.9873185351627558
934289,0.9991628214645132
934290,0.999587928504282
934291,0.4749503566420184
934292,0.9997836945279018
934293,0.9906443665325573
934294,0.6959377938799092
934295,0.9996095322335109
934296,0.6463764537405933
934297,0.22421520998821068
934298,0.021586971780924797
934299,0.8329831654222628
934300,0.9986846236688249
934301,0.9998185494670031
934302,0.9990758786432494
934303,0.956776138422333
934304,0.6702294445465709
934305,0.9948044596864963
934306,0.9938436707952987
934307,0.9876773627690072
934308,0.9996169931694752
934309,0.7092078446250715
934310,0.9976474460429318
934311,0.016354179278994355
934312,0.9665143047454081
934313,0.20852960424812028
934314,0.10779227106215765
934315,0.6835894342388127
934316,0.9660156137548498
934317,0.568770094301811
934318,0.7025961713137552
934319,0.9737011579543271
934320,0.8135823974968103
934321,0.3771376024612012
934322,0.833496615489228
934323,0.9749084278444258
934324,0.9992503067144961
934325,0.9989205299223398
934326,0.9997751034377131
934327,0.9958920584111688
934328,0.9983807433024854
934329,0.9992719623161921
934330,0.9915019794302325
934331,0.00979483324053864
934332,0.9510217704812713
934333,0.5556424939286839
934334,0.9998739702490886
934335,0.8845833869208386
934336,0.9998536682411447
934337,0.9993624240705303
934338,0.9243287280256349
934339,0.977454428626223
934340,0.04797452359929545
934341,0.0746486113767115
934342,0.9103218261137545
934343,0.8662151917025387
934344,0.4703335078132077
934345,0.9157117034027007
934346,0.9719500670338813
934347,0.9770749815887607
934348,0.5869062064306503
934349,0.7629300834242764
934350,0.9996141763839308
934351,0.0060410264520148575
934352,0.9453879939830334
934353,0.9998563375761949
934354,0.0943905172760717
934355,0.0041216118462601425
934356,0.6922734304177398
934357,0.2515613566699292
934358,0.23959784181483212
934359,0.9995722474866895
934360,0.9999261109171149
934361,0.9998991600102971
934362,0.9980984394129884
934363,0.8556310436488082
934364,0.9973168918669257
934365,0.7563322469765519
934366,0.9994980867831109
934367,0.1995706065755805
934368,0.9998329931494954
934369,0.7654872639012
934370,0.9997898025275106
934371,0.9999940234887749
934372,0.9720089802322976
934373,0.9976213119245758
934374,0.9522565027780271
934375,0.9885585600877034
934376,0.32531311574006827
934377,0.9771212631306267
934378,0.9997663906262472
934379,0.9921547826347825
934380,0.9979691843963412
934381,0.8673908534304469
934382,0.49568244344986323
934383,0.016105980308424497
934384,0.4911426308244602
934385,0.9720973126299566
934386,0.9997920495403483
934387,0.975232871257872
934388,0.9994183214308979
934389,0.7900029556320158
934390,0.9964755709593555
934391,0.7928301872422495
934392,0.32434060542370813
934393,0.9968203800781656
934394,0.9563492934854101
934395,0.5795242440758948
934396,0.010006086717900306
934397,0.9962451378626611
934398,0.9634901486310763
934399,0.22788002014745015
934400,0.9999083419147509
934401,0.9995003702096981
934402,0.020532484691288537
934403,0.7428035627027458
934404,0.8806181679959717
934405,0.7946510041600741
934406,0.99998672338529
934407,0.9997815772345894
934408,0.9415152358471242
934409,0.9992161019577115
934410,0.7698423932676757
934411,0.9998442385788961
934412,0.9958585232273096
934413,0.9999837980444367
934414,0.001804046994644398
934415,0.9886988030751422
934416,0.9996028866940749
934417,0.7121618397915428
934418,0.9508054884273127
934419,0.9718241050276166
934420,0.9995869401477131
934421,0.9999824962772721
934422,0.16468497755022954
934423,0.8823163906417495
934424,0.9992755014155787
934425,0.9952289964961223
934426,0.9997939662207422
934427,0.9527397577933163
934428,0.9993657820193229
934429,0.1188843725272333
934430,0.895810863604423
934431,0.9996016344269685
934432,0.6360134812745415
934433,0.3344694031031502
934434,0.940875728677308
934435,0.9977005600914415
934436,0.15601045236723193
934437,0.03869412476411674
934438,0.9773984160329738
934439,0.9984552318592552
934440,0.9993571245161217
934441,0.9956899804073238
934442,0.9871294723244872
934443,0.9992629031546341
934444,0.9420836966554669
934445,0.9993932099684615
934446,0.9987419408651312
934447,0.03669823352891528
934448,0.02885763343859777
934449,0.06259411342656718
934450,0.9976517825979274
934451,0.8023101597330735
934452,0.9996252796605349
934453,0.5261799237917134
934454,0.9959901266208754
934455,0.9995339730528077
934456,0.9991379335296882
934457,0.9943383763807483
934458,0.7883766319227817
934459,0.9838123616118378
934460,0.8491762538831384
934461,0.7583344248477016
934462,0.7698849967901792
934463,0.2618108495046917
934464,0.997422957643818
934465,0.6337032190408496
934466,0.9990850629856465
934467,0.990099447058522
934468,0.993462220245216
934469,0.6796547662439991
934470,0.05303524547767026
934471,0.9084913961003823
934472,0.52675910215318
934473,0.996390207639344
934474,0.9678094367378633
934475,0.008214758096622764
934476,0.8747261317375389
934477,0.9993755905547805
934478,0.9974654649335916
934479,0.03847733748900987
934480,0.0004999489549785667
934481,0.8697859525834237
934482,0.21294777730013845
934483,0.9311103313620405
934484,0.9957890920553774
934485,0.9930678709224137
934486,0.9970305007698832
934487,0.997023377902204
934488,0.9998440462924305
934489,0.9999392671632472
934490,0.9524292418602835
934491,0.1293000327676106
934492,0.9969318616914529
934493,0.9410385468880822
934494,0.6865700085524726
934495,0.5672191458598361
934496,0.7618338420201296
934497,0.589656540324475
934498,0.36378384217926846
934499,0.999817428643037
934500,0.9876011508945151
934501,0.28958638370494844
934502,0.286510411585314
934503,0.9999495488483299
934504,0.8531309608710693
934505,0.9764820886477471
934506,0.9887840001611646
934507,0.9989965746701985
934508,0.960481616199438
934509,0.9999138849432446
934510,0.010266855530614842
934511,0.29476059444790353
934512,0.9993666112986619
934513,0.10510847589821098
934514,0.9998796790241327
934515,0.03645911173871031
934516,0.034020039195274715
934517,0.5227338996430317
934518,0.9982975616492081
934519,0.9992829598304802
934520,0.9996594199518296
934521,0.04543758802841706
934522,0.7305878203630178
934523,0.9990757068696563
934524,0.9849457708323488
934525,0.40163988939727135
934526,0.7234476675706143
934527,0.9984563878611359
934528,0.9995671777746251
934529,0.5888351177065774
934530,0.9998718737859689
934531,0.9995162319301417
934532,0.050018152576621525
934533,0.8998412209696662
934534,0.9999747004461751
934535,0.9999211468864289
934536,0.5128434365121157
934537,0.9539034290601389
934538,0.9825584506138163
934539,0.981152887868745
934540,0.02085651771389533
934541,0.9996161454140293
934542,0.9965695138337514
934543,0.9712327765351809
934544,0.9942971700840751
934545,0.9218803786505823
934546,0.9995703930779694
934547,0.9942907712712026
934548,0.9984821468910103
934549,0.8843367052279505
934550,0.7295342719005161
934551,0.4085554352176729
934552,0.9902700821741248
934553,0.3228573552221795
934554,0.5299526820108572
934555,0.8328181863837694
934556,0.9997214234355485
934557,0.9937298242268682
934558,0.8311336796811957
934559,0.9992116171208153
934560,0.2493634349089575
934561,0.9997916801626909
934562,0.9918846324452961
934563,0.999837433042966
934564,0.701416993699379
934565,0.9946008381706282
934566,0.11166653993172483
934567,0.848581247143442
934568,0.8454844596491182
934569,0.9983858636648228
934570,0.012968074156276614
934571,0.022389651724506115
934572,0.219620857161563
934573,0.31826776684518837
934574,0.9263330405244061
934575,0.9843839728066401
934576,0.9999661911172129
934577,0.014920548778959973
934578,0.5025401291994931
934579,0.9945100223761674
934580,0.9245310419767585
934581,0.9963463351653403
934582,0.8354030012002296
934583,0.9999831678879056
934584,0.9662547861871807
934585,0.9999501617972286
934586,0.21558527732288332
934587,0.9317322864400164
934588,0.8931283349219957
934589,0.9974954756985318
934590,0.8608711037294814
934591,0.9997127955446956
934592,0.7075756515799404
934593,0.9905068364008429
934594,0.9900183123518961
934595,0.09659301635962605
934596,0.784155257413234
934597,0.9991957574087883
934598,0.9999510592631581
934599,0.9992871763249717
934600,0.934085626835164
934601,0.042898099178475244
934602,0.9122021705930474
934603,0.06888290403846303
934604,0.9129702267705286
934605,0.6211580124682772
934606,0.9888039129659241
934607,0.7070283363105572
934608,0.1910692592134816
934609,0.9914471996174421
934610,0.9967411992494781
934611,0.003954966238503272
934612,0.9996258080464644
934613,0.11047528031395995
934614,0.052147272946820894
934615,0.014410057088520152
934616,0.17262337979145526
934617,0.17807579763313572
934618,0.9325949290799759
934619,0.020831328604465463
934620,0.8970305557597462
934621,0.7728404215680583
934622,0.9113851710855091
934623,0.44902338373116435
934624,0.9999413347732777
934625,0.8425722470915383
934626,0.17214012695685718
934627,0.09711691483639695
934628,0.43807911464524246
934629,0.9915510369294227
934630,0.9969071990156538
934631,0.9931639944646525
934632,0.8399367883793827
934633,0.06833662645801636
934634,0.9977589250937928
934635,0.3136810276431981
934636,0.02943731627059766
934637,0.9999371630487549
934638,0.9999816464968807
934639,0.9999775278215568
934640,0.9985109935785287
934641,0.7970374334567559
934642,0.42236732255008924
934643,0.9997593405371743
934644,0.9991945766833552
934645,0.9978150885379437
934646,0.999172550516787
934647,0.8492406024817694
934648,0.9998597993806433
934649,0.0024490913405894143
934650,0.9999850638252111
934651,0.09221516927876866
934652,0.8924725931544264
934653,0.35198037824769624
934654,0.9997449477536088
934655,0.9935613594200163
934656,0.6978427827680318
934657,0.9942912596833616
934658,0.2943384577970357
934659,0.7229069768849545
934660,0.03593902667375642
934661,0.7714952163319626
934662,0.9910405595057697
934663,0.6645439393739037
934664,0.3375697730528415
934665,0.9996170434497764
934666,0.9955081476591858
934667,0.5146006175737764
934668,0.9990022064844138
934669,0.8209865992308235
934670,0.37973364018803596
934671,0.35917252311052006
934672,0.42304742957833463
934673,0.9999806768741577
934674,0.886861142088673
934675,0.9684628191546676
934676,0.9967234198802934
934677,0.6731317332954577
934678,0.9999473032296656
934679,0.31376040019051127
934680,0.9998424953561953
934681,0.7244208666814596
934682,0.9679786533389545
934683,0.806404170600802
934684,0.9911053000686957
934685,0.9977205343686506
934686,0.9277040042076654
934687,0.9996893007516547
934688,0.8102450313547441
934689,0.9999637859233812
934690,0.31622200055431754
934691,0.9602810208269658
934692,0.018755586848983784
934693,0.9970937059000147
934694,0.8686959709782567
934695,0.3841237696957255
934696,0.020288096672224996
934697,0.012436737555092992
934698,0.9820132202697716
934699,0.8324729528167198
934700,0.029503952595149797
934701,0.02685330705105829
934702,0.9879651158693074
934703,0.9998634118869597
934704,0.9998976143954352
934705,0.25098143269867007
934706,0.06866634325262241
934707,0.9029847285255332
934708,0.9998222850468761
934709,0.14215348628406532
934710,0.9447381821714554
934711,0.46290200087206884
934712,0.007455975750730044
934713,0.8417471834536383
934714,0.8219900629829655
934715,0.2886435255841196
934716,0.8887837773478706
934717,0.9760834367720745
934718,0.8718530177412265
934719,0.04952852875665493
934720,0.9999562892161672
934721,0.7198238548280538
934722,0.9805656422083227
934723,0.9898827724228598
934724,0.1035706278304517
934725,0.9930665108209984
934726,0.9976874896466406
934727,0.8490225212262632
934728,0.9997507074972503
934729,0.9997606556277085
934730,0.9851851367776276
934731,0.9993599953495679
934732,0.07610999343269777
934733,0.9965679897003948
934734,0.9864135904138074
934735,0.9918237044081148
934736,0.9988690187434011
934737,0.9981454846748636
934738,0.7795660790965415
934739,0.011701504568213986
934740,0.5020108812714842
934741,0.05387016481970689
934742,0.9837221625822181
934743,0.9970752897206595
934744,0.999986639497308
934745,0.6477414378796256
934746,0.9994792315744455
934747,0.9056662494497574
934748,0.881563501959856
934749,0.24049380355798528
934750,0.9995521083324352
934751,0.9277073420318156
934752,0.7177203224286275
934753,0.7140569727033237
934754,0.24775906211883514
934755,0.9996242736193952
934756,0.9925499010526628
934757,0.9159194245984803
934758,0.9961546546472615
934759,0.5434509274913715
934760,0.9832586480371399
934761,0.831636568255427
934762,0.7892372141549323
934763,0.7365826200453787
934764,0.9953793207837631
934765,0.8196183673787194
934766,0.151476099109568
934767,0.0073622480072268025
934768,0.9888312940681974
934769,0.999676169334155
934770,0.8476852106817595
934771,0.7707683122286131
934772,0.7350538441422095
934773,0.9999022619643112
934774,0.21902193304736806
934775,0.9999773564039525
934776,0.9999467362892567
934777,0.9999255214458327
934778,0.6497731129698201
934779,0.9996333558976918
934780,0.9572194586718143
934781,0.016109343658047504
934782,0.9983112603791231
934783,0.9995487866437676
934784,0.36903027392022264
934785,0.9992186332967439
934786,0.006087306614741826
934787,0.99803819323719
934788,0.10107543345081499
934789,0.9991962907188003
934790,0.9985552152223066
934791,0.7832286655683152
934792,0.7455170854285649
934793,0.038033210204994235
934794,0.012068280083146095
934795,0.9972209398624112
934796,0.8803096494421785
934797,0.9981488863361382
934798,0.14807701747707805
934799,0.0485619389178175
934800,0.06719709986863295
934801,0.8663871990750467
934802,0.03795714904161912
934803,0.9992611550738995
934804,0.8536174298859687
934805,0.9962426853356738
934806,0.060642436428250075
934807,0.9995732765470842
934808,0.9925463782108072
934809,0.9356978280556106
934810,0.35870960581872424
934811,0.9940961449294669
934812,0.5891927208214924
934813,0.9988997248837748
934814,0.008035026235413934
934815,0.5325887099104611
934816,0.0603097671956154
934817,0.991969874678172
934818,0.9998219803401761
934819,0.9935935553514662
934820,0.22375241788744968
934821,0.9997517370800383
934822,0.9933867154315954
934823,0.9996002303651783
934824,0.21083368156310817
934825,0.7744162560144788
934826,0.9998797227959804
934827,0.16380849553178306
934828,0.2209094651689707
934829,0.6445151528044574
934830,0.9998397592836028
934831,0.8895891896448597
934832,0.9384590103298385
934833,0.11985025512871689
934834,0.9691406385827499
934835,0.8043754524123781
934836,0.7396970009443372
934837,0.11302884784913014
934838,0.7779183693767735
934839,0.035036341655694414
934840,0.988583465431227
934841,0.10735637220110382
934842,0.6519509329053403
934843,0.9986058468192155
934844,0.9957061861803644
934845,0.6033385920855515
934846,0.9989073873483041
934847,0.7283057882029436
934848,0.04583401800763885
934849,0.916769998910608
934850,0.9999682016437275
934851,0.9999580852069188
934852,0.9846711249054403
934853,0.837674946928609
934854,0.9997411763296251
934855,0.7494235697154754
934856,0.3301309763967978
934857,0.14158756659815083
934858,0.12692600968734752
934859,0.9999842641478675
934860,0.9847288546155073
934861,0.7807979173796231
934862,0.9962556024462191
934863,0.8942164758416147
934864,0.04494562544436288
934865,0.9999460930512055
934866,0.8960689853706343
934867,0.8764859067622373
934868,0.861034649915739
934869,0.9860163309881189
934870,0.9996312543658992
934871,0.9995010864549491
934872,0.9784621198163057
934873,0.9981733989835668
934874,0.05716621345288309
934875,0.022845363046347534
934876,0.9731092383962884
934877,0.7308075389328401
934878,0.986456924734816
934879,0.6702132763027007
934880,0.5701015393734935
934881,0.9999600846470776
934882,0.013309156561428979
934883,0.4129985515685394
934884,0.9998135787732592
934885,0.6190230840240706
934886,0.9993907739678913
934887,0.8095775511035109
934888,0.9995399406382148
934889,0.26140895075756065
934890,0.2415180809130682
934891,0.9844699851449459
934892,0.06503386225745124
934893,0.7452339928912067
934894,0.8576031671641086
934895,0.9998795234664355
934896,0.9978848724494188
934897,0.7932695484440637
934898,0.7059028674654725
934899,0.7450246498446388
934900,0.9656800912687147
934901,0.9997925597569928
934902,0.12338977840425594
934903,0.9986949732903835
934904,0.9993004506982591
934905,0.9992383682874937
934906,0.9975002801232248
934907,0.933842439064184
934908,0.8985393223639256
934909,0.3814876126718136
934910,0.9996134360276161
934911,0.8756024495460089
934912,0.9997924912498923
934913,0.9971767597080449
934914,0.8881028223725977
934915,0.3234448689419751
934916,0.328032165511163
934917,0.05211755695418228
934918,0.9980282809039143
934919,0.9965149356181247
934920,0.9967422985067341
934921,0.998954717184056
934922,0.9977155766474208
934923,0.5718521245778464
934924,0.9103453428560591
934925,0.5971250615282732
934926,0.2263567444180975
934927,0.04668075486115594
934928,0.99960006337963
934929,0.9870398027256067
934930,0.9915807354905424
934931,0.010999149794353336
934932,0.9998998934957156
934933,0.9429843213420692
934934,0.9869338238687477
934935,0.9994776938418606
934936,0.9998043001904304
934937,0.9837883329407247
934938,0.9999112814328011
934939,0.6254042340597321
934940,0.15884399686619458
934941,0.9999729807032616
934942,0.00624680912073084
934943,0.8427682052598909
934944,0.03354603036214215
934945,0.9149257534987109
934946,0.08861376156492101
934947,0.999955601460033
934948,0.9999501368910888
934949,0.9744465698088179
934950,0.9326542772268189
934951,0.4604543558977998
934952,0.03768628163865057
934953,0.9999268992453205
934954,0.9957845187981554
934955,0.08338548793645158
934956,0.9990589578154652
934957,0.6017474065188997
934958,0.8544305564046466
934959,0.02405850007592052
934960,0.9737633796276013
934961,0.9907907780904988
934962,0.13162294347864045
934963,0.10894468977803812
934964,0.4674473735870167
934965,0.9973803239174823
934966,0.6326543667642988
934967,0.01816125911207039
934968,0.07874241953746866
934969,0.9999145745594049
934970,0.9956755925557806
934971,0.14327789077325695
934972,0.9999318136529292
934973,0.9925354349543725
934974,0.9996331717624899
934975,0.3193158451121536
934976,0.9990057048568589
934977,0.9659155126390552
934978,0.9940294198262865
934979,0.9895663022019694
934980,0.99990692883141
934981,0.9989747958949136
934982,0.26728635286704777
934983,0.8694804236360545
934984,0.9997063228778758
934985,0.5220356484859765
934986,0.9999166573671676
934987,0.9440351159277895
934988,0.6350517283498652
934989,0.9987083895720951
934990,0.9988769758756579
934991,0.5442165142377221
934992,0.9794848169657099
934993,0.9969965258652518
934994,0.6286352281978062
934995,0.422780778226506
934996,0.38605422033902526
934997,0.9938206881848388
934998,0.9997526702862616
934999,0.0291362634147835
935000,0.9998729186192017
935001,0.7317376607490628
935002,0.99998671736659
935003,0.030655848903040645
935004,0.9688280204770445
935005,0.9991833744161875
935006,0.9413843917858009
935007,0.9924926423391338
935008,0.9993305751552387
935009,0.9972597015200322
935010,0.9998196215228619
935011,0.6998162357720836
935012,0.9996212488220468
935013,0.03444046261348067
935014,0.007906689752996538
935015,0.9165689731575373
935016,0.9999857029037524
935017,0.9985799108540507
935018,0.1336026170205097
935019,0.3386320149884953
935020,0.05048846791255905
935021,0.015116088640401993
935022,0.9678868487354434
935023,0.4556493765586397
935024,0.23537507507484934
935025,0.8084251426313506
935026,0.7537762543566046
935027,0.8242215124419066
935028,0.8047159052365113
935029,0.999951047929837
935030,0.9497062920186095
935031,0.010349237586605723
935032,0.9759338489374412
935033,0.9812678878614967
935034,0.9996037855532389
935035,0.7582109190953705
935036,0.9997757780708477
935037,0.6192922195879649
935038,0.8761029788579436
935039,0.18920511352417327
935040,0.9999219891428108
935041,0.3713979586189841
935042,0.006535533360452997
935043,0.33714549849226066
935044,0.7112627933749235
935045,0.9985719241861345
935046,0.16475667918101375
935047,0.9999678695344284
935048,0.9998581946479109
935049,0.7462448320792098
935050,0.9957917203329221
935051,0.7423753753342995
935052,0.41695937272118677
935053,0.9983747349190244
935054,0.9999529852761313
935055,0.01228500826231476
935056,0.9996449835138627
935057,0.7258667562171899
935058,0.9996316138595202
935059,0.9797557760453629
935060,0.9696055875799521
935061,0.04958704822426607
935062,0.9998248270696158
935063,0.7378332431056065
935064,0.04827107788886643
935065,0.24404375162889905
935066,0.9997965240795507
935067,0.9998993537107584
935068,0.06247703557669051
935069,0.5396147495594881
935070,0.6675247728597519
935071,0.999973656184401
935072,0.9992012266135081
935073,0.9999287455186017
935074,0.9896546588926205
935075,0.7081648977178165
935076,0.5713622060953388
935077,0.8692113853164538
935078,0.9755854262337227
935079,0.9998698528859735
935080,0.9933542017977791
935081,0.4698226184647989
935082,0.21886692584476075
935083,0.999538668573379
935084,0.735943344410313
935085,0.16902116984323248
935086,0.9822018603754106
935087,0.9714577094292345
935088,0.5323976319508746
935089,0.3702266038386123
935090,0.997678471008421
935091,0.9999020134023957
935092,0.3810339579606122
935093,0.039797536010711246
935094,0.23783155921339225
935095,0.7478599982632113
935096,0.8179102889837155
935097,0.055903998999362575
935098,0.5700157934834236
935099,0.9999810336686455
935100,0.9989407160709795
935101,0.9998244743732869
935102,0.02642100759258239
935103,0.3900458588758514
935104,0.9998269167116558
935105,0.024336891944565182
935106,0.831158321221558
935107,0.953555399836342
935108,0.034606073050069984
935109,0.1671321794145159
935110,0.9999125835196391
935111,0.9997945545870637
935112,0.9978095825644699
935113,0.9983112348528396
935114,0.024841323911271265
935115,0.9228875631435338
935116,0.0044106982875673564
935117,0.2543676262070693
935118,0.6913648169035995
935119,0.9999446018281248
935120,0.6355280103625892
935121,0.20779279465734013
935122,0.8514546394505581
935123,0.9999476014439569
935124,0.06937833722484522
935125,0.4686716332006585
935126,0.955486821760992
935127,0.010254093214086839
935128,0.9166828517335461
935129,0.3458597544973049
935130,0.9965690805170453
935131,0.8325516247932525
935132,0.9990017795058246
935133,0.5303956453356523
935134,0.9996117119630921
935135,0.007648680556615789
935136,0.9985718007502302
935137,0.4732965269547398
935138,0.06916450066258795
935139,0.06828846749676123
935140,0.5081451465508963
935141,0.9992022949936623
935142,0.9995335546134013
935143,0.9993245570414178
935144,0.9995819669042612
935145,0.9997177165781574
935146,0.5295877890594347
935147,0.6839954389544084
935148,0.9993660055553633
935149,0.9996882975499046
935150,0.9975382426163774
935151,0.9970725727975579
935152,0.9246250817610491
935153,0.9998734840918728
935154,0.997324087287242
935155,0.5604129017945416
935156,0.9984870634819261
935157,0.015098085654825379
935158,0.9996454790551899
935159,0.9998174131651427
935160,0.896195584479975
935161,0.9998174834359292
935162,0.026972177293343398
935163,0.999328186812253
935164,0.9996917657820514
935165,0.999204637660833
935166,0.8463923355685196
935167,0.9995157437540791
935168,0.003044900740907468
935169,0.062287025243089655
935170,0.5069293456361608
935171,0.9997805523063419
935172,0.8718566926054435
935173,0.9995254220745884
935174,0.9996260041534013
935175,0.9099591545452246
935176,0.998594662292515
935177,0.0755274526800844
935178,0.9998396415472433
935179,0.976927712947463
935180,0.017999729022073523
935181,0.3379534946542871
935182,0.022458553840084765
935183,0.9340806272824462
935184,0.5058579352643778
935185,0.9347705397508708
935186,0.3550638293268853
935187,0.9996772901926391
935188,0.20454009408009335
935189,0.9999362472422857
935190,0.661190939874538
935191,0.647538588445417
935192,0.9965160396689505
935193,0.9886296326023395
935194,0.9996816964523627
935195,0.9994690872610239
935196,0.4482891958683033
935197,0.99974965007612
935198,0.41519007854616535
935199,0.397390036045958
935200,0.9822468630883594
935201,0.999739481667387
935202,0.19707117716077496
935203,0.8254533285917076
935204,0.6441068796684459
935205,0.999621989015766
935206,0.1485085866490774
935207,0.9999622538631946
935208,0.9992697955785232
935209,0.9997662647450136
935210,0.9999207928439131
935211,0.9995895804879464
935212,0.9329692405239263
935213,0.99957272030309
935214,0.9863460497799248
935215,0.9455677020588202
935216,0.8903743019463717
935217,0.02984356288726365
935218,0.04048733331763017
935219,0.9456272230246934
935220,0.967402462764567
935221,0.576534413816205
935222,0.9996033034748648
935223,0.5502700906504105
935224,0.8778156144605089
935225,0.8691752875475373
935226,0.38369219821654665
935227,0.9995096672014063
935228,0.9999498452222693
935229,0.08295268554425476
935230,0.9998372216904592
935231,0.2738066868113534
935232,0.40449945101215945
935233,0.9862302901460187
935234,0.9877823368153557
935235,0.9999377847366087
935236,0.8991834157086238
935237,0.9084325947040093
935238,0.06818851479708284
935239,0.9842764296515006
935240,0.4494438611462169
935241,0.999345461955151
935242,0.858259400749694
935243,0.9999878246895609
935244,0.009553287450326096
935245,0.6190333228818891
935246,0.9999869529334608
935247,0.9221750636597316
935248,0.9445951603087546
935249,0.020801885448057486
935250,0.9650393895612008
935251,0.9997856292899403
935252,0.2576519721249662
935253,0.9049270251053527
935254,0.9806043198948433
935255,0.9998445912845663
935256,0.9996967974054245
935257,0.106217297358135
935258,0.624928322424336
935259,0.9998472528602225
935260,0.9996006301340374
935261,0.01238150118244986
935262,0.047153968309034
935263,0.0730183856866896
935264,0.999970946959407
935265,0.6670006047942864
935266,0.9883078042087485
935267,0.6448400025480072
935268,0.8339013834973261
935269,0.42961264168591373
935270,0.8840741202867124
935271,0.53098421161024
935272,0.9981030673546446
935273,0.9991627221377921
935274,0.9998193279361255
935275,0.02986364543482612
935276,0.7770017664797941
935277,0.9908363920276362
935278,0.021310763123628472
935279,0.07046299984154185
935280,0.98853425704086
935281,0.9157231981342286
935282,0.9994051461406007
935283,0.8899639546052598
935284,0.9999498587205965
935285,0.8306793527751639
935286,0.09928021875126193
935287,0.9457983508891314
935288,0.21077223000137893
935289,0.7584786367997425
935290,0.3790769018660187
935291,0.9976012008866445
935292,0.9936302448607394
935293,0.9599248904215197
935294,0.9999124741197265
935295,0.9998309360150744
935296,0.9999812203704034
935297,0.9997372880646777
935298,0.9994241306289786
935299,0.9997913309297646
935300,0.429974249633979
935301,0.008312687054686178
935302,0.9998576292839909
935303,0.0011288103551446167
935304,0.9998337637727832
935305,0.9624008684466789
935306,0.9990193198555499
935307,0.9858372461201215
935308,0.9999203525920102
935309,0.9995766603041197
935310,0.1255277488434451
935311,0.924334317385342
935312,0.8225397312676972
935313,0.9296334399377463
935314,0.017482334351925866
935315,0.999811157098168
935316,0.33826318245985204
935317,0.9989016656203656
935318,0.6217843149011355
935319,0.9997763896124651
935320,0.2057977167956565
935321,0.9129902569940834
935322,0.9730873779317644
935323,0.999898169710802
935324,0.30193912063224
935325,0.06606127373285106
935326,0.9995722778577463
935327,0.518549878398675
935328,0.3103927254471628
935329,0.9997300409431539
935330,0.5954141829627727
935331,0.6627148449797782
935332,0.3617614885036571
935333,0.5805560879494308
935334,0.9252703702720879
935335,0.999876774330229
935336,0.9986238252770336
935337,0.9997835094748866
935338,0.8021784193970173
935339,0.9988041877550129
935340,0.6886195818625724
935341,0.997972531015904
935342,0.4487044919685765
935343,0.9883582984471337
935344,0.9728004378186508
935345,0.9996693320219319
935346,0.23886019837434475
935347,0.9969985066812023
935348,0.9999351455680583
935349,0.6914421749897343
935350,0.04963595682644879
935351,0.11450210131790406
935352,0.08025994753929837
935353,0.9993046330676052
935354,0.4392940423197819
935355,0.9842482627872267
935356,0.4156608686932483
935357,0.3384550952141766
935358,0.35969167097931665
935359,0.11657636762149469
935360,0.8813294789893684
935361,0.9997884660728713
935362,0.9991850451871958
935363,0.9998138755454657
935364,0.009986735413820915
935365,0.5493967339323843
935366,0.9999178101143456
935367,0.02039784861986434
935368,0.9953860919530483
935369,0.9993488048555486
935370,0.9950119676722824
935371,0.014142686143018317
935372,0.37984108857692533
935373,0.967634009111331
935374,0.9972114655234895
935375,0.8682705891923961
935376,0.2653512311401044
935377,0.9683653843097059
935378,0.9899105747168566
935379,0.17590695674048096
935380,0.9909432288333
935381,0.6835104098108122
935382,0.999137219192286
935383,0.8914306966298058
935384,0.06301797620175661
935385,0.9950712030909267
935386,0.5126478371341386
935387,0.8616961132332267
935388,0.20878202487880593
935389,0.159455151054775
935390,0.7356197331234472
935391,0.9459822353340157
935392,0.035943084996195876
935393,0.9947733904977609
935394,0.11007343850000455
935395,0.9491464807428995
935396,0.9998336288457262
935397,0.9929288479916061
935398,0.9379068323784923
935399,0.9097582105981663
935400,0.9984073330654476
935401,0.1634414491039889
935402,0.9974478139202569
935403,0.14887867166024707
935404,0.09845720049166817
935405,0.9974942362948146
935406,0.9989948371059694
935407,0.01235953346602403
935408,0.9989696633770793
935409,0.9782494660539575
935410,0.2106732654716154
935411,0.9896613422082552
935412,0.06491732149251021
935413,0.988184643818486
935414,0.09345925080236323
935415,0.9906606132963939
935416,0.9966891776264482
935417,0.2823841135605892
935418,0.9992399832417511
935419,0.14628407171491592
935420,0.08159061512077345
935421,0.020603965779210653
935422,0.9988154000799748
935423,0.27426221036190407
935424,0.9999217538551005
935425,0.9936326523457956
935426,0.9783228099413073
935427,0.9978282873043498
935428,0.9996837897126784
935429,0.9995811368689103
935430,0.9305839413668667
935431,0.9968772851253705
935432,0.6353124111191419
935433,0.45962045952975483
935434,0.9690226955052547
935435,0.9984567087802394
935436,0.9999906206624103
935437,0.6861833949999383
935438,0.9977279951921687
935439,0.016041019081717817
935440,0.999951162628089
935441,0.9968936779575812
935442,0.9999347603633766
935443,0.2080952449058462
935444,0.27480102955614866
935445,0.014684140996582988
935446,0.9999117058175109
935447,0.7008247241954957
935448,0.9999640823899697
935449,0.42314165109401614
935450,0.9957724055174432
935451,0.9998140098048802
935452,0.9435995882645465
935453,0.033883195492753204
935454,0.3656150615807069
935455,0.9999886086974816
935456,0.9447436071864898
935457,0.5319857553283549
935458,0.9999838439218717
935459,0.999970419715225
935460,0.9784310318263705
935461,0.9715063930174508
935462,0.9998284349016033
935463,0.9994669372189229
935464,0.9560863580073024
935465,0.43605366097270243
935466,0.9186398748541633
935467,0.516195700069606
935468,0.9995810811312463
935469,0.9986802731065714
935470,0.9962027964121558
935471,0.06832184979163516
935472,0.999911006744139
935473,0.7382706632637045
935474,0.981940114894637
935475,0.059322940442925826
935476,0.958591030891051
935477,0.4721405731707683
935478,0.756395416201321
935479,0.9999892957556192
935480,0.6234953917496753
935481,0.15959866336588785
935482,0.012587996773436383
935483,0.43383195772930383
935484,0.9999698721873196
935485,0.07258431687343607
935486,0.515560231488738
935487,0.07329732095750836
935488,0.8423757672869701
935489,0.9910983973089105
935490,0.284721087858661
935491,0.9359282441267758
935492,0.7489177272031288
935493,0.8086243480963232
935494,0.9908660831051117
935495,0.9996825260692819
935496,0.5368821427731315
935497,0.995240074810612
935498,0.9121397272495702
935499,0.8980947270110748
935500,0.9996538105858397
935501,0.9998029327894665
935502,0.17725920053734356
935503,0.9924437610833418
935504,0.9999620545214674
935505,0.035551822743362355
935506,0.6593042404067234
935507,0.998979084915327
935508,0.11468455349420108
935509,0.9983563812638938
935510,0.41471247657253857
935511,0.9970492317092448
935512,0.00912234890508244
935513,0.9998966902610064
935514,0.011340496331146636
935515,0.99977939280354
935516,0.9290965538837275
935517,0.7054595072653468
935518,0.916849389132762
935519,0.9980681843801036
935520,0.9999745014326444
935521,0.9997890851566369
935522,0.9998304188319309
935523,0.9960092749562006
935524,0.8726688657937862
935525,0.9260198903413634
935526,0.9999764118483665
935527,0.026157924660928943
935528,0.9956593256528824
935529,0.9891277164629357
935530,0.9997489268515722
935531,0.9134449358401925
935532,0.856783772793389
935533,0.19429122710261132
935534,0.9980554867315454
935535,0.998467132874656
935536,0.07585078689344898
935537,0.9966255778026736
935538,0.37324101925173103
935539,0.9998258665417195
935540,0.10285856951216123
935541,0.5671429206390499
935542,0.9998885240888229
935543,0.29450838554305103
935544,0.335271978393911
935545,0.5581714004356441
935546,0.9329502373652586
935547,0.36265286444120065
935548,0.3286622275317227
935549,0.974740354122449
935550,0.9978447172657551
935551,0.9997337465685333
935552,0.9997688360524999
935553,0.0547515909753476
935554,0.2009212454949469
935555,0.20613365968364455
935556,0.9860595498163234
935557,0.9998468268716861
935558,0.9975819359895611
935559,0.9999180142564728
935560,0.08621780545306333
935561,0.46077112973867884
935562,0.9967955667599311
935563,0.7920458211562664
935564,0.08720332265353822
935565,0.7631905105548535
935566,0.9590091820777412
935567,0.8187380656287317
935568,0.9352749539653388
935569,0.9945387518435416
935570,0.3559673341446123
935571,0.9998901070737467
935572,0.7040364984393502
935573,0.995854518443674
935574,0.36326075730706
935575,0.9999047186744424
935576,0.008714442946931928
935577,0.11254784626071332
935578,0.9994970748440115
935579,0.9923417642237408
935580,0.9550796444417453
935581,0.29593856854535905
935582,0.029762570500271958
935583,0.05542429939974612
935584,0.597081375004484
935585,0.33427808408916293
935586,0.38124338653148965
935587,0.03252797036984592
935588,0.99974730184542
935589,0.9993607120045027
935590,0.9468076472015682
935591,0.34565410962615983
935592,0.999813208238975
935593,0.06254557766047256
935594,0.9634133646090959
935595,0.06592796582113165
935596,0.9999172201190001
935597,0.9972200609167275
935598,0.9194725178897412
935599,0.8788849909020788
935600,0.9381449550713132
935601,0.9992478595755937
935602,0.336506438931099
935603,0.8196133510766932
935604,0.46139736448718727
935605,0.1878036463433092
935606,0.13921820732506762
935607,0.9567543933396884
935608,0.013382504308983668
935609,0.9658377038822542
935610,0.5733959573162891
935611,0.9870794485835763
935612,0.9941595782945734
935613,0.9991556930426645
935614,0.6181517748359208
935615,0.6860731572484959
935616,0.9974540162048806
935617,0.017723002565793556
935618,0.2711929655909422
935619,0.11608067644587972
935620,0.055590243790171225
935621,0.9645345742040509
935622,0.4456070568699509
935623,0.966098210216171
935624,0.9067562938588639
935625,0.921840021342827
935626,0.5956922220378739
935627,0.9990210771101954
935628,0.8717006442778276
935629,0.9988109090989674
935630,0.17815887163706262
935631,0.02996503583369367
935632,0.9680368636561207
935633,0.999301955482512
935634,0.6830559631066347
935635,0.9777168921641195
935636,0.031275639866357646
935637,0.9869668841903055
935638,0.01376784944707696
935639,0.9988935676062888
935640,0.7279320963120556
935641,0.932492419612688
935642,0.883929503088144
935643,0.4353907472239362
935644,0.6841743502312869
935645,0.9991470264827023
935646,0.9952445264595379
935647,0.9981898804110936
935648,0.9993252182841186
935649,0.18956458315858155
935650,0.9994163399248019
935651,0.9990677209030446
935652,0.27855504595182823
935653,0.9871332048190073
935654,0.039858770329675434
935655,0.20620540004968002
935656,0.9999646922496577
935657,0.9674687952289482
935658,0.8588275918824818
935659,0.998651835465292
935660,0.9999612599941583
935661,0.7967771873973163
935662,0.40891794093054534
935663,0.9992875017247562
935664,0.012237268727339778
935665,0.9994679765302183
935666,0.9990960142711484
935667,0.9990007267439718
935668,0.9624810857310667
935669,0.997582377219506
935670,0.9564821391166598
935671,0.9998499231284148
935672,0.8858391861384023
935673,0.9998547847871696
935674,0.8823592567772092
935675,0.46668656190772473
935676,0.008932238717458543
935677,0.9996680953522912
935678,0.738383586018343
935679,0.09658291757498844
935680,0.6990472257565817
935681,0.9999088072604501
935682,0.22659102415682905
935683,0.9672350704345756
935684,0.7351021912858631
935685,0.7606888062882164
935686,0.9775319046056062
935687,0.06186081169720267
935688,0.5853240308764194
935689,0.9995331612959789
935690,0.9259534736016051
935691,0.9999579568402364
935692,0.09555982704476701
935693,0.6771563157867382
935694,0.8305386076095467
935695,0.9998894034208903
935696,0.30172560997340836
935697,0.9993143951631696
935698,0.630222305487677
935699,0.11929905088000106
935700,0.9998935333113219
935701,0.992563365335933
935702,0.7003801131165054
935703,0.993837521753598
935704,0.6705586206970865
935705,0.9915107201544633
935706,0.6640325979285511
935707,0.8308857389388399
935708,0.09264934540737382
935709,0.6998636838077525
935710,0.5238208318730416
935711,0.9999889896301819
935712,0.9662620459916728
935713,0.9999864975041971
935714,0.9997786665016178
935715,0.9926551312192393
935716,0.15955030064345294
935717,0.9999829627517626
935718,0.9997734114233578
935719,0.6846804252884716
935720,0.9972175136143935
935721,0.9908647435711119
935722,0.8881502445234456
935723,0.9995617831091672
935724,0.9835578928721277
935725,0.9999393519093129
935726,0.9969335436340458
935727,0.8584654928711745
935728,0.13529253757074403
935729,0.9966035187656117
935730,0.030338194580633866
935731,0.13506571586823485
935732,0.02390347327656422
935733,0.9995827012316008
935734,0.02338009151389809
935735,0.8050190712354677
935736,0.14194635809683942
935737,0.031519952231980154
935738,0.5388137623080246
935739,0.43482149552223076
935740,0.7399667740856019
935741,0.039070761105625705
935742,0.8048866800953502
935743,0.5242835860181513
935744,0.9948545803100541
935745,0.05806775731604839
935746,0.13903741610052425
935747,0.20074975686138682
935748,0.20549829756218213
935749,0.9999979986807748
935750,0.9714199765888338
935751,0.040744615607796825
935752,0.018886425443768912
935753,0.9950827157872288
935754,0.9511057533897478
935755,0.9995581549438115
935756,0.01074684183304598
935757,0.999235726835687
935758,0.9811502853580246
935759,0.9982416299822461
935760,0.11805234241852561
935761,0.9973021619200915
935762,0.6391328301003398
935763,0.8652699583283665
935764,0.9997212698853438
935765,0.19114446181735884
935766,0.9996735977295902
935767,0.9075768490681326
935768,0.6969104845819849
935769,0.9998059605003116
935770,0.9999764350429912
935771,0.9997930378704283
935772,0.8125363970074715
935773,0.9999126359275512
935774,0.9428343180778178
935775,0.9044329143375568
935776,0.9978621400506047
935777,0.7690911252364369
935778,0.1495970339299368
935779,0.5853295038414036
935780,0.19120662411940292
935781,0.9996870034785881
935782,0.9386177753672792
935783,0.9995340356001192
935784,0.9984319045290533
935785,0.3920354943491378
935786,0.9904320477525473
935787,0.023457938878249776
935788,0.006999917394943277
935789,0.6117688898240463
935790,0.4427715447271483
935791,0.9975164778908899
935792,0.3158946501122946
935793,0.8940136127271904
935794,0.9997669366552395
935795,0.28658274592494754
935796,0.8907402964261321
935797,0.734761648718085
935798,0.9959810409248695
935799,0.6327787150335278
935800,0.9995105191037872
935801,0.9980906349412038
935802,0.9996001655773616
935803,0.025477114267262603
935804,0.4139476163257695
935805,0.09164767882962556
935806,0.983994455303252
935807,0.999452032621292
935808,0.9332628932228504
935809,0.450325623801891
935810,0.9435656534078437
935811,0.34461759388877594
935812,0.2886604269931215
935813,0.5749528365757226
935814,0.999970927049993
935815,0.9923241254488606
935816,0.9999474037316793
935817,0.0945366232533007
935818,0.7110911240635047
935819,0.8708652760059785
935820,0.9850380000106456
935821,0.9969952045224292
935822,0.9994986527561281
935823,0.9962947634571118
935824,0.8349499330968113
935825,0.8537122806756765
935826,0.17452191485032686
935827,0.9949943747599385
935828,0.9410741385262111
935829,0.999232992992041
935830,0.474585720473347
935831,0.8594014211374812
935832,0.5179029351777109
935833,0.32300318923361315
935834,0.9997693727965216
935835,0.010206397113691548
935836,0.5854539058548798
935837,0.9995438654934026
935838,0.021198998342032923
935839,0.9979373176431487
935840,0.9999350193489163
935841,0.8814211752448264
935842,0.6334849847268164
935843,0.9926268142861772
935844,0.9949898638480679
935845,0.7010019084323172
935846,0.6859674926291602
935847,0.752366730613938
935848,0.999926705407014
935849,0.9994412804073352
935850,0.0777969570978469
935851,0.44004803330134445
935852,0.9998568123765333
935853,0.9984551325803069
935854,0.8310215344490919
935855,0.037090825219978016
935856,0.9140514432035809
935857,0.9998207953977113
935858,0.9995689552901006
935859,0.999878894271869
935860,0.9998503700584445
935861,0.9527362146830398
935862,0.03734620455585517
935863,0.9999542702456612
935864,0.09215162266389598
935865,0.9777181947025558
935866,0.06826268002332579
935867,0.7016666206458456
935868,0.9495325728178143
935869,0.6062160649176008
935870,0.6457556964113902
935871,0.8697304207002756
935872,0.9934880706036462
935873,0.9953279214982946
935874,0.301757717368968
935875,0.9936360249068945
935876,0.9999750721717117
935877,0.9990568166822779
935878,0.983309148097771
935879,0.9655407270450513
935880,0.9824434953449626
935881,0.6455297012052341
935882,0.9997873277747343
935883,0.9929294669725716
935884,0.2804049990541519
935885,0.015995627224519506
935886,0.988936531925002
935887,0.9074778165203385
935888,0.6282879952312641
935889,0.9975321555192911
935890,0.4680521323222042
935891,0.9907248197612974
935892,0.9999409686255152
935893,0.7698171335496762
935894,0.08869897990748991
935895,0.012917786940872446
935896,0.9300279090568022
935897,0.9996606808901918
935898,0.9959297056784749
935899,0.9903789293333496
935900,0.005814578765648258
935901,0.007740510542976289
935902,0.9777659009221945
935903,0.9995206383420188
935904,0.7308623478636458
935905,0.9468019197452227
935906,0.9986512179435683
935907,0.8120608049803563
935908,0.9999459719224011
935909,0.9800976751924847
935910,0.897784337301927
935911,0.9995472909141839
935912,0.7103605822963779
935913,0.8341664733054934
935914,0.9942865438156054
935915,0.4905986022927555
935916,0.49710184293305437
935917,0.9412314263857551
935918,0.7041347108258184
935919,0.9855333222560048
935920,0.5229125447846574
935921,0.8112359391833182
935922,0.9998421527490351
935923,0.4776629322869591
935924,0.9163120443322452
935925,0.9997442756558983
935926,0.06074934063743198
935927,0.19383913974956704
935928,0.999896027353804
935929,0.9933245025070339
935930,0.999451261702662
935931,0.0031551286822122044
935932,0.9755757690728994
935933,0.06338520927676466
935934,0.796911335131297
935935,0.9967077311604131
935936,0.4208576602056753
935937,0.9301927972842663
935938,0.9140745199580262
935939,0.9913347988885188
935940,0.9998440505299837
935941,0.45727599213603265
935942,0.44258111384114984
935943,0.9943768565032971
935944,0.9823865817674013
935945,0.7244000944288451
935946,0.9996649750484503
935947,0.9477627642354511
935948,0.822975875752872
935949,0.005321471333941409
935950,0.9999565934848622
935951,0.9861943752493401
935952,0.1659896717540832
935953,0.9944888428265357
935954,0.9645561777575923
935955,0.9980461939420424
935956,0.9995217272298305
935957,0.1406960695196998
935958,0.28109884250504263
935959,0.9999834217507738
935960,0.9362014053229771
935961,0.9956196828107529
935962,0.999380748258738
935963,0.9981662573034191
935964,0.9982333689915033
935965,0.3876674073908119
935966,0.9709640798164626
935967,0.9444776128363073
935968,0.999928207161402
935969,0.9973636600681394
935970,0.7923796617859817
935971,0.9999550332219108
935972,0.9989980417178836
935973,0.9525810437876492
935974,0.9844531278441357
935975,0.9993235924849406
935976,0.984503634042279
935977,0.9999666065033006
935978,0.890572660056579
935979,0.8287231874792562
935980,0.9934543021867169
935981,0.01307557759725588
935982,0.999894728669269
935983,0.7059923435302675
935984,0.7023988165374391
935985,0.4286966857104908
935986,0.9999750026951078
935987,0.888131483731276
935988,0.004405942658961598
935989,0.9996422774693405
935990,0.6640053167836715
935991,0.9921774835442183
935992,0.999378711329302
935993,0.9913483071059962
935994,0.9999461700720484
935995,0.9998017926120126
935996,0.09721446005148976
935997,0.4142467598568237
935998,0.8824939130556639
935999,0.997952559503599
936000,0.03482237258395306
936001,0.2848212532676858
936002,0.04530555983924813
936003,0.9976472875890268
936004,0.9991792234139628
936005,0.5462872207385756
936006,0.9868443337847628
936007,0.9958654779759231
936008,0.999854569785524
936009,0.9986211217857585
936010,0.5787536114484289
936011,0.0051391773797561475
936012,0.9989558112548291
936013,0.95935476235808
936014,0.481096636683548
936015,0.9955516976493184
936016,0.9996923114916509
936017,0.7450621885155484
936018,0.9999755623694587
936019,0.9448682575758901
936020,0.802226167056262
936021,0.0051982724559540726
936022,0.9999560019550715
936023,0.9881596713950034
936024,0.5254611450741106
936025,0.5597254595960524
936026,0.9962326972229926
936027,0.03243187990652648
936028,0.996742055948429
936029,0.004652133767995648
936030,0.9996807496912933
936031,0.10401075124867813
936032,0.9745580727448668
936033,0.6245530186238274
936034,0.11080346219066689
936035,0.9997364561064097
936036,0.9831204450237192
936037,0.626906072483586
936038,0.9871810297682235
936039,0.99944276011334
936040,0.9998291805622749
936041,0.30086816380157816
936042,0.999953500610414
936043,0.997961007245323
936044,0.06537707057562267
936045,0.08623899616729498
936046,0.9974009630443365
936047,0.8471943287367873
936048,0.6343414994756991
936049,0.9991413140843973
936050,0.9999417189329132
936051,0.7043326157241137
936052,0.9414915217898528
936053,0.9998698898407332
936054,0.7614891414908969
936055,0.9999710957525481
936056,0.757354404429078
936057,0.6606007884975519
936058,0.9902066691806393
936059,0.5940764619730647
936060,0.9999005986826853
936061,0.9995484954007515
936062,0.3714531627541774
936063,0.9979180048033112
936064,0.7323248517521734
936065,0.03817527831585982
936066,0.036978463307244934
936067,0.15554683029518504
936068,0.5247938644471379
936069,0.9894185335027412
936070,0.9994074546095684
936071,0.9996453285622918
936072,0.994491897180219
936073,0.9999366139951145
936074,0.9999638090869103
936075,0.07624784273605356
936076,0.1363937280989268
936077,0.17088629892451984
936078,0.6626935079105637
936079,0.9996534196652771
936080,0.9989501145190134
936081,0.025041201572132958
936082,0.6966686321285394
936083,0.7694118711345431
936084,0.7572511353792
936085,0.5148090303204401
936086,0.03555295101478681
936087,0.8233204262682237
936088,0.9833682879345358
936089,0.9369502029691451
936090,0.9959714663697032
936091,0.03961534327474706
936092,0.6560231002976973
936093,0.618749658619865
936094,0.9740718510448934
936095,0.6136086667806402
936096,0.348806545580116
936097,0.9998097541712261
936098,0.9999837446683478
936099,0.43423038973488887
936100,0.996959149088566
936101,0.9974818551168403
936102,0.7254805357408837
936103,0.9993282555790657
936104,0.0892917576269525
936105,0.9998830793075849
936106,0.9961748192473479
936107,0.9990612900754643
936108,0.568341841356892
936109,0.46599714476064946
936110,0.6180978449232042
936111,0.9989881089922522
936112,0.10615414336290564
936113,0.976740541918903
936114,0.3413803210208365
936115,0.9991900818881991
936116,0.5797005043890836
936117,0.041901076975345876
936118,0.998281000546576
936119,0.9754232860287543
936120,0.21724650185728045
936121,0.8440940636408729
936122,0.9943151379771049
936123,0.5160774875381539
936124,0.9996189047121706
936125,0.38349435059278747
936126,0.935200404469281
936127,0.9545039263126098
936128,0.9997857593779187
936129,0.9627142059362117
936130,0.08262313484682693
936131,0.988119608503208
936132,0.9999379673953149
936133,0.8345595850882512
936134,0.9984914182885578
936135,0.6687706741714674
936136,0.5282926286775556
936137,0.1356842938126764
936138,0.9857444242687639
936139,0.183516044418903
936140,0.57012035048522
936141,0.9974824221547713
936142,0.9981814586740316
936143,0.8230709775807661
936144,0.9978237394622376
936145,0.9919866548986582
936146,0.9988044843946793
936147,0.9998917488243021
936148,0.588599420249986
936149,0.20781901744096587
936150,0.9992428091186562
936151,0.7990232846844916
936152,0.99988631500186
936153,0.9967468722647923
936154,0.9910554666897036
936155,0.987609531658179
936156,0.31566392478737393
936157,0.9998220585584953
936158,0.7787291946997172
936159,0.767013887392364
936160,0.6612946478932228
936161,0.9038600684611214
936162,0.9997897524423629
936163,0.9974526247691888
936164,0.9999494378723406
936165,0.9999863058972704
936166,0.7897632994059369
936167,0.9997965950571125
936168,0.23033067287895526
936169,0.2164405599523676
936170,0.6636877680214168
936171,0.6512704354300957
936172,0.9575684292419637
936173,0.7808794731744455
936174,0.9996248758729993
936175,0.9725001533843836
936176,0.23769335558726187
936177,0.03229305474159694
936178,0.8547964684723766
936179,0.9999422879602523
936180,0.976187899846116
936181,0.15053915028313544
936182,0.002809653910530804
936183,0.6889964455673128
936184,0.8723099098483111
936185,0.9992114152537364
936186,0.26352013927766804
936187,0.9997220648752635
936188,0.9250065114576562
936189,0.9999690107298134
936190,0.9848182302102562
936191,0.9997017926250086
936192,0.22934736037683423
936193,0.9991018594857898
936194,0.08908574938010455
936195,0.03668197683929098
936196,0.999260760175556
936197,0.9999537983540561
936198,0.04696123180631972
936199,0.8376899739460517
936200,0.9726965495946783
936201,0.9997160656677904
936202,0.9812486675479655
936203,0.9195014993512403
936204,0.626134889945221
936205,0.08270185211148401
936206,0.8769829807649543
936207,0.9999616403773247
936208,0.9950829297699332
936209,0.9996096207476182
936210,0.9998424041645786
936211,0.7826970762322594
936212,0.009284924188982193
936213,0.8375029256703359
936214,0.9995664465289653
936215,0.009297318042757264
936216,0.9966100680670915
936217,0.9947298813935952
936218,0.32655980466542744
936219,0.9093554772391175
936220,0.9880801452091621
936221,0.31946580677774117
936222,0.9815953151162512
936223,0.8027257139035776
936224,0.024881762927220406
936225,0.8954205338029585
936226,0.9977002279252318
936227,0.7381025149227909
936228,0.9961846478934975
936229,0.04602628781098651
936230,0.9998721679002897
936231,0.14374848549076227
936232,0.3068156796960085
936233,0.9996074484646839
936234,0.033860553636277116
936235,0.9999869598331396
936236,0.9822451723078119
936237,0.9989716555284578
936238,0.8753640112067471
936239,0.7224424139865805
936240,0.9996229140481205
936241,0.9885134303806576
936242,0.9999356913515574
936243,0.3966038766980926
936244,0.7806565711809731
936245,0.9999539514784825
936246,0.9917540229958156
936247,0.9980104331660173
936248,0.6817916652450576
936249,0.1634646415499178
936250,0.9978246545400586
936251,0.5157254569060331
936252,0.9999728042649045
936253,0.4854686888902938
936254,0.41779013734194487
936255,0.8430828282026179
936256,0.4217025126377496
936257,0.9997163505812161
936258,0.9511696024176707
936259,0.9999569230503877
936260,0.9456302751807321
936261,0.9341150682200462
936262,0.3877408935746731
936263,0.9984523883539945
936264,0.9940181870971679
936265,0.9993317178903576
936266,0.9969747137660114
936267,0.999690818858486
936268,0.08172458718362106
936269,0.9012171638045927
936270,0.13546409611027174
936271,0.6764963232830383
936272,0.9992046954194302
936273,0.9998316139023915
936274,0.967112155506092
936275,0.04617097958062395
936276,0.35201973940617387
936277,0.4928476498570824
936278,0.0023103321365677693
936279,0.4604173892810907
936280,0.5864923078681133
936281,0.9999278861074565
936282,0.9979325541812971
936283,0.9990681060407993
936284,0.9998629263183647
936285,0.9998850755856623
936286,0.999742057811187
936287,0.9836456866556516
936288,0.9788086301352827
936289,0.39739598760437234
936290,0.5103084301492673
936291,0.43688956264868456
936292,0.9550705195579277
936293,0.9998496399575596
936294,0.9964081528185584
936295,0.168391236620663
936296,0.9999886721834459
936297,0.004338123098154307
936298,0.9999337435908711
936299,0.7460129145113231
936300,0.9624328180200171
936301,0.9999559271977059
936302,0.711288038245512
936303,0.9520858734501897
936304,0.8651749469214234
936305,0.9959794493089971
936306,0.9994519609959822
936307,0.8004497588285779
936308,0.7034595482842685
936309,0.9999332877089162
936310,0.999450290362998
936311,0.6313651200975405
936312,0.9342026147306526
936313,0.09564931731986014
936314,0.9988181528529677
936315,0.9995678539103464
936316,0.9873056723438239
936317,0.07199641762449092
936318,0.40417969535396003
936319,0.8494505983913514
936320,0.059189099330168166
936321,0.9998543422940877
936322,0.9981109234522043
936323,0.9999736410556437
936324,0.9999635579437018
936325,0.6555846304137501
936326,0.999871770841527
936327,0.23485446974076418
936328,0.9996860758975052
936329,0.007670907135331978
936330,0.998659290214458
936331,0.0022839225543859103
936332,0.8659721163097103
936333,0.9966158466648372
936334,0.99897016189741
936335,0.09172517196438881
936336,0.9985535630175468
936337,0.9590369501960969
936338,0.879724971281592
936339,0.9955866221457428
936340,0.05394323508471197
936341,0.9997503800946358
936342,0.9872423345663943
936343,0.4518794334524961
936344,0.20436682420126773
936345,0.8299427297180304
936346,0.9942052874730376
936347,0.9999709956020064
936348,0.9996591614080574
936349,0.32914017664253
936350,0.47427930697647713
936351,0.9970110762435083
936352,0.7775334594855925
936353,0.9995349875987449
936354,0.9972161532910435
936355,0.9977437965103622
936356,0.4555291438157555
936357,0.9707243364210008
936358,0.052830454653950046
936359,0.9996717292672745
936360,0.15237769959707617
936361,0.9252151540053033
936362,0.37477409568049297
936363,0.05610121027309467
936364,0.9667008429278572
936365,0.9997439084482758
936366,0.9921325278805262
936367,0.9865116097238872
936368,0.5144173157787439
936369,0.9234241423022913
936370,0.9998412513520805
936371,0.9996904421133409
936372,0.36100063607367316
936373,0.9540275507792698
936374,0.9995980376673473
936375,0.9179643981803569
936376,0.15485820078438473
936377,0.9884332280938419
936378,0.9991373552852789
936379,0.995483059136385
936380,0.8566992719136927
936381,0.9896376480078317
936382,0.8940669566782196
936383,0.9950090374226599
936384,0.9925242040260598
936385,0.9999401446377343
936386,0.924907450239558
936387,0.6357863797651903
936388,0.7236684689146506
936389,0.649688930883608
936390,0.4305384494457506
936391,0.2119514398028202
936392,0.9840881307228073
936393,0.07963125510246605
936394,0.4136127069130972
936395,0.010105860539503343
936396,0.9449348491891338
936397,0.9797227376907962
936398,0.7365511524571366
936399,0.9999119847288256
936400,0.4792553873757136
936401,0.9574476422617231
936402,0.9954922314467183
936403,0.9989255018378378
936404,0.9997320668076565
936405,0.3056357164760023
936406,0.01450570236206681
936407,0.9487129064621561
936408,0.9995202307384489
936409,0.9981257982252569
936410,0.3782192532740453
936411,0.9997529870576172
936412,0.6539050934548023
936413,0.999972200892642
936414,0.4991675127721762
936415,0.016983259432787567
936416,0.999773566935239
936417,0.9915869382051328
936418,0.9981402648487073
936419,0.781666081715456
936420,0.9869503061607319
936421,0.9723431730675508
936422,0.9981134214687277
936423,0.003379083296231502
936424,0.591100519126429
936425,0.9391874624262374
936426,0.9962941785001066
936427,0.8873888432753253
936428,0.36932131181602823
936429,0.16646652673836648
936430,0.9998855176133525
936431,0.9964093328965884
936432,0.054155401316661425
936433,0.045971638000078405
936434,0.4309101127722371
936435,0.9916682060422344
936436,0.8932394888737145
936437,0.9997856331632953
936438,0.1118829394683357
936439,0.9995229058691375
936440,0.024190037644729746
936441,0.006043059220874211
936442,0.6235941519753609
936443,0.23102126808186665
936444,0.9999796019700431
936445,0.951488649959795
936446,0.8336828123769104
936447,0.013555124167843612
936448,0.9977788488186627
936449,0.6244243110349124
936450,0.11715512858596652
936451,0.9971679776461095
936452,0.9997512376604516
936453,0.9982834172377331
936454,0.019239113389716275
936455,0.681874810646082
936456,0.8150734141149463
936457,0.2408996565226132
936458,0.9989867896817404
936459,0.889152377695451
936460,0.9986890711046854
936461,0.27701508673610375
936462,0.9719417453428021
936463,0.9859023018722815
936464,0.2891198223859356
936465,0.9999398900806834
936466,0.9462886200867165
936467,0.9834440397828412
936468,0.9811077594280131
936469,0.05806859567273154
936470,0.9997909922652826
936471,0.9998740720849413
936472,0.026644272759523392
936473,0.6348651843751154
936474,0.2379964875323157
936475,0.985378225234923
936476,0.9999358442980022
936477,0.7884953728493558
936478,0.9981822041537143
936479,0.43994993660714976
936480,0.4120602988161131
936481,0.9994980083670455
936482,0.8827615234086621
936483,0.9999818526135125
936484,0.1512282422118308
936485,0.1982923247330336
936486,0.9923743913917505
936487,0.9792682759354933
936488,0.6821276116182203
936489,0.9993968010134461
936490,0.01671796209976292
936491,0.28408655743694744
936492,0.9987467297345332
936493,0.6915489984189966
936494,0.2075318798386499
936495,0.9989407560951495
936496,0.9922286451430152
936497,0.9948244798430443
936498,0.9996255238399754
936499,0.2711306048389771
936500,0.3572799589327086
936501,0.9999084938011547
936502,0.9949956094585438
936503,0.8454567980382526
936504,0.012977010575049179
936505,0.9837049469191113
936506,0.9463039674577465
936507,0.8523046749265296
936508,0.6313012775331797
936509,0.49187825582080535
936510,0.8434898640556419
936511,0.0017330498890920298
936512,0.09462383894066095
936513,0.6328141331014435
936514,0.6232514107734003
936515,0.9998184110575279
936516,0.010319616016316311
936517,0.9921511656885658
936518,0.9983353273053239
936519,0.989220206713596
936520,0.9995635227187848
936521,0.41972369103650076
936522,0.6618493647047868
936523,0.9974937485130956
936524,0.20722799257914898
936525,0.9907372998071245
936526,0.058366122417216885
936527,0.9336066443465522
936528,0.9998610741798623
936529,0.7428735295557112
936530,0.9816994620972511
936531,0.9689330443686832
936532,0.34437545749777065
936533,0.9831725298275089
936534,0.9980931796307138
936535,0.9991137877310325
936536,0.9998374593213293
936537,0.9995243091955266
936538,0.9884116489906134
936539,0.9999458586717632
936540,0.9998181032765918
936541,0.9999706077651667
936542,0.5114944086011136
936543,0.9987149748307775
936544,0.0029694096781540903
936545,0.7175276784778819
936546,0.999877736617282
936547,0.6891527271978779
936548,0.9998298027528558
936549,0.9962968968089871
936550,0.9114880162771333
936551,0.9995268752424108
936552,0.2143756378895805
936553,0.3549064761268322
936554,0.9998499579543556
936555,0.7240368833325008
936556,0.45455849615390737
936557,0.8162438755767997
936558,0.9457650024922397
936559,0.702327474577011
936560,0.9567925548565235
936561,0.6887564300807778
936562,0.9320436564301144
936563,0.4288843466047495
936564,0.8801306509955851
936565,0.9995872528365801
936566,0.9995231711741988
936567,0.9249445056543875
936568,0.9970340741432517
936569,0.34394065637091964
936570,0.999395331824537
936571,0.5982497474874209
936572,0.38798031023790375
936573,0.08050671275383103
936574,0.9961286826790414
936575,0.9537419824225966
936576,0.9968752086499469
936577,0.02819478923139842
936578,0.999349932185873
936579,0.020324404589354975
936580,0.9990439256312805
936581,0.41648450001572007
936582,0.9848794787215353
936583,0.9995719070123044
936584,0.9999725828286723
936585,0.535275037178433
936586,0.9933810713159512
936587,0.8406545033425676
936588,0.9412240043896468
936589,0.21139450106404617
936590,0.5847207025041721
936591,0.9998784288572387
936592,0.5096713316105049
936593,0.9998505717014861
936594,0.8925700735285694
936595,0.9012716982182001
936596,0.020078125058593372
936597,0.40956250072402195
936598,0.40086004712021284
936599,0.9508888815783799
936600,0.9949393038693766
936601,0.6436014250122928
936602,0.9998587335666151
936603,0.41258883120883083
936604,0.9994993420661649
936605,0.9977015634531932
936606,0.2637976964573264
936607,0.9976695597546144
936608,0.8451307588693312
936609,0.9962634117643123
936610,0.9995505819959457
936611,0.036942095845001646
936612,0.998705672694332
936613,0.7974506231654668
936614,0.7169926869837535
936615,0.8533552862816562
936616,0.7054256854190364
936617,0.9952183486617905
936618,0.9776694561542312
936619,0.4924141988978816
936620,0.9639888953514052
936621,0.45432703216851655
936622,0.9791916908186518
936623,0.8586340523617855
936624,0.06693116884848427
936625,0.19823523711920088
936626,0.775377997617456
936627,0.937058486078379
936628,0.998812101977098
936629,0.04655291123159177
936630,0.2697543677497811
936631,0.8556474997696855
936632,0.9994042576985553
936633,0.9964230586337475
936634,0.9990093962900873
936635,0.9960371486153659
936636,0.7868705289602511
936637,0.014101544052128018
936638,0.3547610092098839
936639,0.2996363173314345
936640,0.9994490018095366
936641,0.9878714422749566
936642,0.40312506464643105
936643,0.8292416870920679
936644,0.020113827337320887
936645,0.7439676847793908
936646,0.23222519612059517
936647,0.2533399991056598
936648,0.10974487001248276
936649,0.7449546940400503
936650,0.9650664652246259
936651,0.7562651979442376
936652,0.9442808838625749
936653,0.9991255432589787
936654,0.9998378808866102
936655,0.9720237401956373
936656,0.09262792629218244
936657,0.9914301873921016
936658,0.9900630821840983
936659,0.05605232482591823
936660,0.9959513103197107
936661,0.9979306227459097
936662,0.7339813171363446
936663,0.996115209242312
936664,0.9991372336047311
936665,0.9190231957188506
936666,0.9994670010460573
936667,0.9992587644014163
936668,0.0190809222177568
936669,0.9961797323674975
936670,0.9999179423264035
936671,0.7241614245909263
936672,0.8853941927947755
936673,0.032398084826006
936674,0.9996804659020951
936675,0.9981101516462971
936676,0.9255139326281523
936677,0.145013916693986
936678,0.9987644289023082
936679,0.011004455915505758
936680,0.9978312358735074
936681,0.07818046079619119
936682,0.1605411266676134
936683,0.13374772310061223
936684,0.9997744595022107
936685,0.9999714816970164
936686,0.6504771651608069
936687,0.9636158637865164
936688,0.18944155151897576
936689,0.9999642793920706
936690,0.8880833801411567
936691,0.9999305493954436
936692,0.7670764548170111
936693,0.999697198654643
936694,0.9089052935358155
936695,0.05282106291867562
936696,0.3967385515131558
936697,0.9998923886102498
936698,0.4542427688762917
936699,0.978794081556603
936700,0.16382579660406033
936701,0.12940025900760807
936702,0.05516209885516929
936703,0.7543415242505483
936704,0.7167757805801234
936705,0.9876317989404326
936706,0.9088344282018863
936707,0.924310728911707
936708,0.08476431037666056
936709,0.9382316410260978
936710,0.99972735585775
936711,0.015235073499662488
936712,0.8696913056220893
936713,0.9544974339752217
936714,0.9999343299223697
936715,0.999642098780787
936716,0.9977112734240923
936717,0.999932662538572
936718,0.9652739968770668
936719,0.9975043145924718
936720,0.9988721177212303
936721,0.6607692713196038
936722,0.7643320740350409
936723,0.9972858953369079
936724,0.9972746685299927
936725,0.9997854672250543
936726,0.022600273986511276
936727,0.9968801716398326
936728,0.7874275820786782
936729,0.6030073024863644
936730,0.9708745693163717
936731,0.5970928551845563
936732,0.4833802073119885
936733,0.7141054029405516
936734,0.9999910943749695
936735,0.028886179381664993
936736,0.9974381267777161
936737,0.6284914911501086
936738,0.1581590227493462
936739,0.12258402202317781
936740,0.5484094372941396
936741,0.999775441281104
936742,0.49741495492489074
936743,0.9027616167236082
936744,0.08537695568225455
936745,0.9187365769309264
936746,0.6245754562661623
936747,0.9994626804980539
936748,0.8063842981171793
936749,0.5406123072608646
936750,0.8631003716883606
936751,0.26528280018503225
936752,0.9913333085906373
936753,0.049233474209277664
936754,0.9978278534673127
936755,0.9078904398375328
936756,0.5517027576314117
936757,0.996804744379002
936758,0.7980531287866908
936759,0.9998046832551452
936760,0.9998847559918882
936761,0.9999205543479697
936762,0.12394335629511054
936763,0.9997072881843049
936764,0.9999439087609675
936765,0.9995234766060748
936766,0.999273464148541
936767,0.9790704470724814
936768,0.884638667334422
936769,0.9950935218701884
936770,0.7508477134780216
936771,0.189874072031528
936772,0.9997227624675313
936773,0.03850489903562753
936774,0.9999387521414118
936775,0.9960207431451652
936776,0.9999682845797317
936777,0.007790543905810545
936778,0.2131406381782781
936779,0.3476574724848028
936780,0.3937518394750511
936781,0.30249750496585337
936782,0.9435495810769085
936783,0.9799017038233689
936784,0.9946447686782114
936785,0.9944869786980866
936786,0.5376787895019176
936787,0.5361578027424858
936788,0.9993533536302724
936789,0.9973881657870665
936790,0.9985843057131405
936791,0.9996698329504129
936792,0.9993920592494145
936793,0.9997978719864533
936794,0.9999354547354671
936795,0.9913163624866825
936796,0.002510404049248044
936797,0.9994303449901005
936798,0.40226280842771306
936799,0.9999805274640945
936800,0.657714713410767
936801,0.9998757430013983
936802,0.11608406215395775
936803,0.5283553702935956
936804,0.848043766007
936805,0.5887536865200378
936806,0.9999751967933249
936807,0.03680887274732562
936808,0.18123099152544825
936809,0.18508932778705572
936810,0.9511616012357118
936811,0.9997212144443121
936812,0.9998125937287515
936813,0.5366421125092959
936814,0.9997700773954921
936815,0.8342984583048862
936816,0.12749886217035508
936817,0.9970037083685855
936818,0.9996060478159299
936819,0.8715306548337236
936820,0.9982387725615665
936821,0.545858792406295
936822,0.8258369945228172
936823,0.9996838572545219
936824,0.19728944058308556
936825,0.9534568518876945
936826,0.02927081029335478
936827,0.24097006399215676
936828,0.9935543966352329
936829,0.9926036807233007
936830,0.9989478177855124
936831,0.9995471240330316
936832,0.9562600913291013
936833,0.9959131426694836
936834,0.9993934556119348
936835,0.5695018434714216
936836,0.10538271700605598
936837,0.8846040425300923
936838,0.6597779020515686
936839,0.8861981841797608
936840,0.2343299899122629
936841,0.9996868177823656
936842,0.7906583173265987
936843,0.8737460729050119
936844,0.9999173480672585
936845,0.2689191723160941
936846,0.02226720508977259
936847,0.9998697732240144
936848,0.9998970361635241
936849,0.9984613336897556
936850,0.9999747066813909
936851,0.008084107689887763
936852,0.6594782407568796
936853,0.9997621147257233
936854,0.35343976533489596
936855,0.007119408427211573
936856,0.07723781200043937
936857,0.9990370893169441
936858,0.8568671127176877
936859,0.9433154586304363
936860,0.12127941928362695
936861,0.9211764889022714
936862,0.9054408701214812
936863,0.856502730654785
936864,0.9970797153934678
936865,0.999955630667303
936866,0.4367886025412208
936867,0.7640544655502511
936868,0.9747539719142259
936869,0.9968683166233694
936870,0.6988535116680605
936871,0.5885187867339958
936872,0.8116508822478288
936873,0.061980639707092264
936874,0.4716525412211734
936875,0.9978283638374281
936876,0.8403502574464259
936877,0.3904895841600251
936878,0.9997053349473761
936879,0.9220957717672515
936880,0.9758368995862907
936881,0.9847882898808263
936882,0.9587006826352742
936883,0.9972391038388579
936884,0.9994683205676586
936885,0.9999109412683691
936886,0.9901014609974447
936887,0.31869243365268807
936888,0.999973665496789
936889,0.56379042530592
936890,0.9998048035704523
936891,0.9998229792544717
936892,0.9904894817734431
936893,0.45371804018769557
936894,0.9258505431732298
936895,0.9996420843037903
936896,0.008806925636728028
936897,0.5191460104846428
936898,0.9988371150287695
936899,0.9958708322722827
936900,0.4511376796867582
936901,0.9942189771355154
936902,0.042117553329482554
936903,0.9618620348686677
936904,0.9998915636796979
936905,0.911987931858046
936906,0.07637494161259487
936907,0.9978504725368083
936908,0.9921020263584317
936909,0.15761983510423003
936910,0.9951118843656137
936911,0.9997643962763522
936912,0.8544854287684032
936913,0.973261711597724
936914,0.9999682801170893
936915,0.9996269976307794
936916,0.9994334704138085
936917,0.9998389017679564
936918,0.7530203435973195
936919,0.9999606500499918
936920,0.9947878336466671
936921,0.00548639806812668
936922,0.9790995692794793
936923,0.9997366300531771
936924,0.9996764434088683
936925,0.294188094537767
936926,0.9992590586643169
936927,0.9996316888943215
936928,0.9992994878921444
936929,0.9622647399029081
936930,0.8970044750336561
936931,0.37866534591144274
936932,0.5982032693705394
936933,0.9307399419448504
936934,0.437177464485463
936935,0.9620887051390671
936936,0.4516606800645471
936937,0.9997216149033519
936938,0.9998459744752937
936939,0.8396354676506694
936940,0.8861358527252297
936941,0.2552615499027481
936942,0.9997180361677451
936943,0.9814788645838641
936944,0.9993982854511421
936945,0.12369357689067449
936946,0.7090892092852485
936947,0.999715241917615
936948,0.0019617040836231226
936949,0.6865727871994849
936950,0.9172444187601237
936951,0.9999735700833758
936952,0.9996532407014995
936953,0.2763009513628551
936954,0.21330109299546812
936955,0.984359235899902
936956,0.9997241825140605
936957,0.9771312510383173
936958,0.5028976886729268
936959,0.9984499148553805
936960,0.9945301826276394
936961,0.9995328615613697
936962,0.9997967646288803
936963,0.9871094215527202
936964,0.9968362310872221
936965,0.46825266615726424
936966,0.6287789298095017
936967,0.35568794757780453
936968,0.025202795092753444
936969,0.9959239826581994
936970,0.8909458011059812
936971,0.9987000316203437
936972,0.8695912524455998
936973,0.8780539444656467
936974,0.9993953343421568
936975,0.7395371455162782
936976,0.08802159454896866
936977,0.9998288517134779
936978,0.9998395781178379
936979,0.9985836101131165
936980,0.28654429423829825
936981,0.994896545383271
936982,0.9995059223288578
936983,0.9901444967472485
936984,0.005961679448867479
936985,0.9948478285200496
936986,0.9692071047875535
936987,0.012919976993785897
936988,0.9936205013111652
936989,0.9997729177821206
936990,0.9999733423343057
936991,0.6477503094584791
936992,0.8790963171577744
936993,0.9998556106613757
936994,0.8941437369482738
936995,0.7412888636087714
936996,0.8879786865418275
936997,0.99998902504207
936998,0.9992077202725607
936999,0.9962843596966262
937000,0.3142156404492571
937001,0.7559586309757309
937002,0.8575555894446178
937003,0.8196745365627252
937004,0.999927270156848
937005,0.4002082787566382
937006,0.8220186852249427
937007,0.017257541905381923
937008,0.9900225159346725
937009,0.019903547335849047
937010,0.820971636561359
937011,0.999446923373023
937012,0.9999307652072944
937013,0.4335869133034851
937014,0.957273675499849
937015,0.9999587685827973
937016,0.17838396844812962
937017,0.9942100293719786
937018,0.0706550486054822
937019,0.9999532639028152
937020,0.999023256574294
937021,0.7449067065436941
937022,0.9967465167928448
937023,0.994399534768599
937024,0.9935821763104993
937025,0.9849734914875243
937026,0.6690664226900599
937027,0.0014256411576967364
937028,0.28130073716087056
937029,0.9992387565999437
937030,0.4898483094820244
937031,0.8092841490924712
937032,0.6621796190283067
937033,0.777959523575909
937034,0.9977689907148011
937035,0.1339331979668385
937036,0.9998081845510838
937037,0.43284273580783383
937038,0.8346256404854251
937039,0.2707388441811655
937040,0.9993945184388081
937041,0.9921458187681478
937042,0.6033147896628384
937043,0.765828665668195
937044,0.502899828410018
937045,0.042282479936209046
937046,0.6715425159560516
937047,0.9947749001908952
937048,0.9926260643580914
937049,0.9992961355865811
937050,0.9997976494384497
937051,0.9958023654180006
937052,0.8905532692598643
937053,0.9760762517831149
937054,0.1978414433347735
937055,0.48246889834149725
937056,0.9843588431786988
937057,0.9949795216161437
937058,0.9446487143876262
937059,0.044095763941975875
937060,0.9999035893267727
937061,0.9999733397622855
937062,0.9948320968380968
937063,0.8348953855176713
937064,0.9965698447696845
937065,0.9998967230897142
937066,0.9673105371944294
937067,0.9955510969110087
937068,0.9748923697012473
937069,0.3942020758338574
937070,0.12681207222630994
937071,0.996157658723868
937072,0.9256400616080958
937073,0.98712402646449
937074,0.9971193905701172
937075,0.9940806292167168
937076,0.9999150203280629
937077,0.9998690168332096
937078,0.8488304699418127
937079,0.9998817964589402
937080,0.38581147540032157
937081,0.9229928230580005
937082,0.8556271974227863
937083,0.7358373177687645
937084,0.14516844944711935
937085,0.9992938750288469
937086,0.9998225393878194
937087,0.9999939208592556
937088,0.7841598758475911
937089,0.5984853422734259
937090,0.9998409310817892
937091,0.3031200948367862
937092,0.9990100261349582
937093,0.812907338743597
937094,0.11842828828854549
937095,0.9999790276177313
937096,0.15562720851614106
937097,0.9998743473294149
937098,0.9999609760879374
937099,0.9898702815001151
937100,0.4765683761940577
937101,0.9990031880977092
937102,0.05753958770583898
937103,0.7414703412633001
937104,0.9983769771835991
937105,0.2436967834374902
937106,0.15795807313309057
937107,0.9741171448322357
937108,0.999743245442623
937109,0.03281465675532792
937110,0.9257506018025123
937111,0.9084404875817731
937112,0.9995707108732313
937113,0.8970440216915181
937114,0.99962037137163
937115,0.9802714577577873
937116,0.9839759008398277
937117,0.18142443689441656
937118,0.9925747843183323
937119,0.9240446762024379
937120,0.9876328405220419
937121,0.9998210468382898
937122,0.5654984689636368
937123,0.0693080520732947
937124,0.12875825260047724
937125,0.9944822474579404
937126,0.15423702479805523
937127,0.9844581960391834
937128,0.9999302327540016
937129,0.549451220873246
937130,0.08251845300728691
937131,0.22442959438558138
937132,0.24051061981468586
937133,0.898891900299763
937134,0.9996523460265538
937135,0.9980261405718593
937136,0.02903612557004614
937137,0.7534880653853007
937138,0.2565623728580413
937139,0.5457812346955633
937140,0.013386698209478921
937141,0.9981470702142043
937142,0.629880642730982
937143,0.9371873945361296
937144,0.04560709074475368
937145,0.9625222559246558
937146,0.9198343788598491
937147,0.44746523935192406
937148,0.8862468400918688
937149,0.4961568194539516
937150,0.014362403717847012
937151,0.06881842798336661
937152,0.22537386157945782
937153,0.7777753175235496
937154,0.05767294445284127
937155,0.1093991049703991
937156,0.9995337350243505
937157,0.16446426064499656
937158,0.9999706356203689
937159,0.9813705776255779
937160,0.999210228118196
937161,0.8650633662089282
937162,0.9998212206110126
937163,0.7355576833478639
937164,0.9999866716944406
937165,0.1747366435089785
937166,0.4306105857339275
937167,0.13956632421624474
937168,0.9982374238250165
937169,0.8280164534733652
937170,0.042099567039751484
937171,0.9923617427289114
937172,0.050361503158647035
937173,0.8034334090745248
937174,0.8332588994177481
937175,0.9996430893250816
937176,0.991439308750439
937177,0.9999109673962827
937178,0.9468309209270902
937179,0.9996234862261163
937180,0.9998502386293221
937181,0.027852834301866247
937182,0.0026055599272206734
937183,0.9576257556518458
937184,0.9999146916349904
937185,0.24948716825694514
937186,0.9998278539247956
937187,0.9837537556635434
937188,0.12136195925753747
937189,0.7518387836500655
937190,0.7767977320927578
937191,0.10131000847138583
937192,0.9917637264373784
937193,0.9999362326737129
937194,0.9976026372865228
937195,0.8896566065955264
937196,0.6789817787831083
937197,0.03911443475882669
937198,0.9863870121775056
937199,0.8449949641990615
937200,0.9998851537257398
937201,0.9988905964663495
937202,0.9961142710379263
937203,0.05907162554008255
937204,0.9996432122638105
937205,0.45164044314100515
937206,0.9999676858822625
937207,0.6216937574052328
937208,0.9798128913201949
937209,0.9343507358767851
937210,0.01910489131400842
937211,0.9983663241850463
937212,0.6463132531998386
937213,0.9999473363500688
937214,0.0404859118029846
937215,0.1726697178513079
937216,0.9991840100601712
937217,0.9999903219802595
937218,0.9019251723532751
937219,0.9819262549961961
937220,0.9417794990604291
937221,0.24077070530112943
937222,0.9938792084232749
937223,0.6449737240116777
937224,0.165101633286888
937225,0.4776534465549378
937226,0.9388368349242335
937227,0.1687390890427906
937228,0.9259986237501099
937229,0.1258251263077604
937230,0.999968838659045
937231,0.6464252480823853
937232,0.5326674024567847
937233,0.9999917550971921
937234,0.776673073662947
937235,0.9992308870987051
937236,0.9991468112843624
937237,0.021073365169807068
937238,0.7159108677433522
937239,0.9324166593641023
937240,0.19270017164133094
937241,0.99852619086695
937242,0.9479440876624601
937243,0.9281103707559331
937244,0.013916772017300336
937245,0.9996735538243972
937246,0.37974384463031235
937247,0.5888343833167309
937248,0.9944000163093039
937249,0.9996744956672795
937250,0.999830913401988
937251,0.08373751926229886
937252,0.10365977762829087
937253,0.9999570915368716
937254,0.1984001665002268
937255,0.9996438567467814
937256,0.5945187096791515
937257,0.7840576745942813
937258,0.999530818481931
937259,0.9997815569999098
937260,0.9985113494026915
937261,0.9996370477643156
937262,0.012794663669826635
937263,0.9171093658625684
937264,0.9946582202227685
937265,0.9564962654749495
937266,0.9861246069374345
937267,0.9985498772516523
937268,0.8236163924667745
937269,0.30780263508082395
937270,0.9997593099249509
937271,0.7552838702497339
937272,0.059201887202492254
937273,0.8042322981720382
937274,0.9993555774137168
937275,0.9531585187837893
937276,0.9999703384981677
937277,0.9595516463862679
937278,0.9438833718364171
937279,0.8605148151413464
937280,0.9888035264475421
937281,0.9997888310870836
937282,0.9999815244003296
937283,0.26051353245768105
937284,0.834232052017873
937285,0.024533567941459965
937286,0.19729018238890922
937287,0.9823972286826346
937288,0.8632545387806805
937289,0.9798279244293053
937290,0.05893240098898411
937291,0.9998693484671557
937292,0.9991428128093707
937293,0.874435790285792
937294,0.7856777583853811
937295,0.99966897250519
937296,0.23593250598037752
937297,0.78338184355894
937298,0.015016021570604545
937299,0.006137148022698548
937300,0.0313429813064989
937301,0.999860268417256
937302,0.9998300582492445
937303,0.40147757878191825
937304,0.7612979556695725
937305,0.9990654596109926
937306,0.9996968208737398
937307,0.5210174973524223
937308,0.997779934123802
937309,0.9994408398500734
937310,0.9992313059478596
937311,0.9790886049199584
937312,0.293715565615541
937313,0.12542537393755912
937314,0.09779909544460447
937315,0.9999755914265952
937316,0.994098797894093
937317,0.9986681355395084
937318,0.3571952462994163
937319,0.5628590063904516
937320,0.08766753471076486
937321,0.9995857162558173
937322,0.9996058087016537
937323,0.9681428416559201
937324,0.9493070576941567
937325,0.952635920906618
937326,0.0434624233087173
937327,0.8468218169941709
937328,0.18864592663863913
937329,0.034717906445905375
937330,0.9862382800928631
937331,0.998745650930446
937332,0.4152623901441794
937333,0.5087219891773083
937334,0.5789659624980656
937335,0.9846402560075428
937336,0.12184384060681647
937337,0.9988763902679005
937338,0.6807702475527291
937339,0.9999673406686688
937340,0.998015670707152
937341,0.04374870266002478
937342,0.9996946513049279
937343,0.994612979156564
937344,0.19039228526897092
937345,0.9994375448311149
937346,0.9634987483925939
937347,0.02323076221454407
937348,0.7571286532401211
937349,0.9999826331108489
937350,0.9848386000014525
937351,0.009199622508447828
937352,0.9998263510886403
937353,0.8315194006041395
937354,0.3007753630817702
937355,0.32250326287819114
937356,0.09033519672981982
937357,0.9702345484420662
937358,0.9134056891318925
937359,0.9987435852513136
937360,0.3860953282635874
937361,0.9763092324685672
937362,0.9997530874712729
937363,0.9924580967155725
937364,0.507665191635043
937365,0.011432044488600395
937366,0.08879345815347842
937367,0.9999125483257512
937368,0.9811195631139608
937369,0.9999736056634526
937370,0.15371322456209424
937371,0.9141059583248303
937372,0.9996926340673515
937373,0.7662522725084138
937374,0.42511027461467754
937375,0.9998267827295606
937376,0.029664028839511445
937377,0.4629069020485991
937378,0.9998801557005397
937379,0.5635406269920966
937380,0.9968948949007587
937381,0.9997574507001883
937382,0.9995998130345336
937383,0.019423919756792113
937384,0.9997216288683187
937385,0.9844918737858095
937386,0.4988471361409544
937387,0.18416848972485197
937388,0.8894219081404551
937389,0.03255154942519582
937390,0.9996425779874821
937391,0.061010393120499815
937392,0.08586263578116314
937393,0.9716226885029344
937394,0.9997311079734515
937395,0.864323825873063
937396,0.034958122173498
937397,0.9554709624085725
937398,0.9969642785177002
937399,0.999357999183087
937400,0.4634114054941598
937401,0.9853640494551656
937402,0.4853340011514347
937403,0.99757455365083
937404,0.9935322776517963
937405,0.9398773259546125
937406,0.07373267871406465
937407,0.9219103885026101
937408,0.9948212562823195
937409,0.9999671681601572
937410,0.5831837483819631
937411,0.3756273141365697
937412,0.8653247261864982
937413,0.5757388395353885
937414,0.9990857892498484
937415,0.9239258425717605
937416,0.043112212895933005
937417,0.9943155402620361
937418,0.9999266500521602
937419,0.993781812931044
937420,0.8402789738268427
937421,0.9989348414454886
937422,0.9605611590777303
937423,0.8119023946151162
937424,0.05997375858769192
937425,0.5793810153164263
937426,0.009075094205691817
937427,0.9648573649741814
937428,0.6621656020405057
937429,0.9993506532218424
937430,0.5568323453365132
937431,0.2573632131722924
937432,0.2762180117474995
937433,0.9931249253410388
937434,0.5054274914576868
937435,0.7144046063029355
937436,0.9999393730435467
937437,0.9998984663545614
937438,0.8928628362838963
937439,0.8612706673801316
937440,0.6200563218785614
937441,0.9998552251965731
937442,0.06728699159433726
937443,0.9961059928289793
937444,0.14209089439121053
937445,0.998906793427524
937446,0.5636624718242212
937447,0.8578025329964275
937448,0.033933220735185184
937449,0.6484130598508531
937450,0.9990746332389431
937451,0.5876585195451252
937452,0.92273575776752
937453,0.468369390010402
937454,0.9995604159733932
937455,0.9997128022760451
937456,0.39027189259368644
937457,0.20276757810831958
937458,0.9956300107471874
937459,0.7916076144024906
937460,0.0538888519353186
937461,0.6979775697247099
937462,0.19873468684248682
937463,0.9253046530589373
937464,0.9910649207098827
937465,0.9038953282556996
937466,0.006320402431133736
937467,0.9544447488526275
937468,0.20848405730677683
937469,0.9998856732689971
937470,0.9736649924637895
937471,0.9911407440305205
937472,0.9973152926199246
937473,0.2738130485009006
937474,0.8717535887836529
937475,0.9965767869188484
937476,0.9608004701106978
937477,0.8784046847466351
937478,0.11265539329117719
937479,0.6612205211061915
937480,0.5910367187519745
937481,0.9998458811335591
937482,0.7425232270974036
937483,0.021918959598655727
937484,0.9760858228564838
937485,0.9595269649195353
937486,0.953082409696635
937487,0.9977739882974315
937488,0.9998006029453208
937489,0.975929375162268
937490,0.8970612523707742
937491,0.9848058839756159
937492,0.8170466259312072
937493,0.029268558731542993
937494,0.9826928263222824
937495,0.9997593757960024
937496,0.5885899079964175
937497,0.6616155407214366
937498,0.32948015205643366
937499,0.9998980269589505
937500,0.9999476927056524
937501,0.9999192165319415
937502,0.9830295614721942
937503,0.9999558718083961
937504,0.6673965747474604
937505,0.9993648103954172
937506,0.15512857369330757
937507,0.08775535317181818
937508,0.2823034537485342
937509,0.9987486205983396
937510,0.9951790311636723
937511,0.7381438358104289
937512,0.5892579652754009
937513,0.9980296292343079
937514,0.5980674179792641
937515,0.9955497004300093
937516,0.7016857234532383
937517,0.9391453084192455
937518,0.6486534899490581
937519,0.9997705574607993
937520,0.9997155667866278
937521,0.6271374138132173
937522,0.9759915154247893
937523,0.922218579375465
937524,0.6483090033531964
937525,0.990154782116324
937526,0.9998257523720206
937527,0.0012393264284716347
937528,0.9940408210639939
937529,0.9953321215584223
937530,0.9977068613360598
937531,0.0362046954060297
937532,0.05383494031017437
937533,0.9996179290047209
937534,0.9517421816452655
937535,0.9917323556485347
937536,0.6662256464968679
937537,0.8422009544758207
937538,0.9997902663899927
937539,0.9857663106661962
937540,0.9522520468778712
937541,0.9720715068184591
937542,0.3969086814052539
937543,0.04780137546156503
937544,0.9996678461547369
937545,0.009311723615624686
937546,0.9995099365009936
937547,0.7672188463899574
937548,0.9997416903028888
937549,0.7132935889851517
937550,0.10417467038711231
937551,0.5022745097593575
937552,0.8337194774185576
937553,0.5203573964322978
937554,0.9998486986413777
937555,0.4775899000252779
937556,0.9766609080483267
937557,0.9997249063304032
937558,0.9999400454242479
937559,0.7709944064345012
937560,0.9987687148957064
937561,0.6073608322742025
937562,0.9983815316965052
937563,0.9980499959167253
937564,0.026937119177446307
937565,0.09833015393391595
937566,0.93859252763082
937567,0.906006172218208
937568,0.5469130935355292
937569,0.03761912019757575
937570,0.20626616216246457
937571,0.4205563829051886
937572,0.883274800027779
937573,0.999876546653077
937574,0.01629298477253835
937575,0.9997052334259757
937576,0.006479712777662253
937577,0.9855176332850276
937578,0.9739360557990882
937579,0.6310112501444898
937580,0.9793179826709006
937581,0.9994941272789135
937582,0.9996931017623898
937583,0.9915944251166142
937584,0.9994483118625165
937585,0.999566130066313
937586,0.9915294643634253
937587,0.9968225530500981
937588,0.9988036322990225
937589,0.9606697065076231
937590,0.9998473851300198
937591,0.9999398567919335
937592,0.47401593589895497
937593,0.9997651451602245
937594,0.6883977182453679
937595,0.9997799525976208
937596,0.9955130051516917
937597,0.9990952428688058
937598,0.9995136147613927
937599,0.995433495960548
937600,0.9995868621597281
937601,0.6076431383362614
937602,0.055513495840379304
937603,0.5562180208653519
937604,0.9909452521617228
937605,0.9988650300132933
937606,0.999826715938487
937607,0.9948968188091367
937608,0.38887320639963263
937609,0.9998545373782982
937610,0.00809332347737327
937611,0.9903904217158896
937612,0.9850969666227829
937613,0.9885338757177312
937614,0.9996513258550636
937615,0.057109292935703854
937616,0.9995431038753564
937617,0.5698924652667027
937618,0.6774805041232053
937619,0.9997975656962012
937620,0.9708474066873114
937621,0.9991924049202983
937622,0.9837056083785897
937623,0.47528762489565335
937624,0.9995642392912123
937625,0.9861645709425906
937626,0.9147457247040215
937627,0.7623720672880321
937628,0.9893874089789825
937629,0.21982297336690784
937630,0.003206311752649906
937631,0.9997146129366444
937632,0.7664130169242203
937633,0.9999521614045197
937634,0.007894715637061529
937635,0.9997261334568778
937636,0.20431009911572767
937637,0.6515001912449787
937638,0.9985729737163297
937639,0.9998112356957012
937640,0.9442366993991446
937641,0.9721450442944664
937642,0.2743479019829918
937643,0.07242436423275198
937644,0.7707618968190051
937645,0.03786148513269762
937646,0.8819562404617173
937647,0.9896848958225882
937648,0.9620755320913044
937649,0.9955523316112045
937650,0.2454590694811275
937651,0.6069535374502856
937652,0.9857828951615415
937653,0.17396615656841252
937654,0.06685227718832798
937655,0.9998010615601048
937656,0.7352686425142243
937657,0.35334526731564253
937658,0.999916236301507
937659,0.9966229573357565
937660,0.015961329146827984
937661,0.9997012606151051
937662,0.08759207304822547
937663,0.9081180568010838
937664,0.999978575248076
937665,0.9993856227941309
937666,0.999682646297547
937667,0.6554867552772904
937668,0.2837837229953519
937669,0.9685896809132739
937670,0.9952426012858077
937671,0.9999067790821141
937672,0.4104976665627965
937673,0.22991528118908747
937674,0.9998328978281316
937675,0.7720172433637258
937676,0.5527598504039539
937677,0.8186157654679724
937678,0.985749888110715
937679,0.9490274880813254
937680,0.13404352168917247
937681,0.8816358442526202
937682,0.23683278651903103
937683,0.9580327510929549
937684,0.4635656841896956
937685,0.02162708649513249
937686,0.9994863657416574
937687,0.1789527194427354
937688,0.9569266810939536
937689,0.999465254543325
937690,0.9923790257521521
937691,0.995880180126142
937692,0.011023947290765307
937693,0.9983511901706039
937694,0.9942396387233534
937695,0.277745441939303
937696,0.9807830577943767
937697,0.2921615114610453
937698,0.9988966736379672
937699,0.08325388911224027
937700,0.126050975690979
937701,0.005222465162463953
937702,0.21805215922665447
937703,0.9955456793096938
937704,0.7971080414485701
937705,0.683419232953983
937706,0.9201568452544889
937707,0.9957786738487439
937708,0.871795048368476
937709,0.05498620056915443
937710,0.9991918784513487
937711,0.9932651310901713
937712,0.0851620379292937
937713,0.9999492123917759
937714,0.9625441026778021
937715,0.9998836537452952
937716,0.8941499933431087
937717,0.009046675345899577
937718,0.9969665764060941
937719,0.9966223186952805
937720,0.9989153467700422
937721,0.9986012087034313
937722,0.1212290057271973
937723,0.17910181438682063
937724,0.7860282883266424
937725,0.9869846615736835
937726,0.9990947959077532
937727,0.9956853636693909
937728,0.5559544174878573
937729,0.9954338590395478
937730,0.9991840713218358
937731,0.029097394742571434
937732,0.027249422626187444
937733,0.9881588834764969
937734,0.08050422530175114
937735,0.9994374625478114
937736,0.9993322850580686
937737,0.14155428051868033
937738,0.7029054821514162
937739,0.9920753217984117
937740,0.9915378603992597
937741,0.1347490787040159
937742,0.7336990014167424
937743,0.8024759703496318
937744,0.033431473781695545
937745,0.06903076833137252
937746,0.9626475008083667
937747,0.018309714023501057
937748,0.8256794123411846
937749,0.9873953562396455
937750,0.995503175399392
937751,0.9993120546020857
937752,0.9997488483656619
937753,0.9998994227449509
937754,0.3676127501885439
937755,0.999370401287003
937756,0.9954823168255513
937757,0.018455882818570774
937758,0.9534795976158248
937759,0.9948860791894925
937760,0.02163362675907017
937761,0.02376834540209375
937762,0.9677796322222532
937763,0.5977950763473805
937764,0.7728389467762624
937765,0.99977220472821
937766,0.9828158792325662
937767,0.3629437099019542
937768,0.9404780198034312
937769,0.9767576082433529
937770,0.9997649129311386
937771,0.9994417752216533
937772,0.9998675899151133
937773,0.10288068250415336
937774,0.9261583157721818
937775,0.9988397537293557
937776,0.9694260244286497
937777,0.9091048379976421
937778,0.9991283823146728
937779,0.999867657391271
937780,0.020934520306619867
937781,0.1854577962518194
937782,0.9999286610431366
937783,0.496612606035967
937784,0.351145449627161
937785,0.9997228626185424
937786,0.047818862754087976
937787,0.9803583606673218
937788,0.5098077788056348
937789,0.8782232225476587
937790,0.8192798073822823
937791,0.8540997028699217
937792,0.9995999615585651
937793,0.5352778222445385
937794,0.17069217950377313
937795,0.9991914478547596
937796,0.9996766899031869
937797,0.8539567507775
937798,0.949711048303582
937799,0.045961703552981126
937800,0.20472961375263488
937801,0.49591895251814777
937802,0.3606019076065798
937803,0.9959696417928549
937804,0.820405852092691
937805,0.9120935175370999
937806,0.6184430203017777
937807,0.9415496100112467
937808,0.04209874764016064
937809,0.04931187217944379
937810,0.9992210764613654
937811,0.7780640231980993
937812,0.02044639523398788
937813,0.5959380717936296
937814,0.9968722121708684
937815,0.7141393225995283
937816,0.9983264611065509
937817,0.9176272133881815
937818,0.9914614544326503
937819,0.5094986367556732
937820,0.062097520754753874
937821,0.4974349378563917
937822,0.0051290311825416745
937823,0.999832627843672
937824,0.34558529811696304
937825,0.9999577792433475
937826,0.9997022823163894
937827,0.9999209288809277
937828,0.9966687662628697
937829,0.5843766318658583
937830,0.997731138973319
937831,0.9993954149483546
937832,0.999498045931797
937833,0.9963232643965496
937834,0.9996319404100501
937835,0.5426132968168467
937836,0.9998176891724898
937837,0.999495600900755
937838,0.9996921992465084
937839,0.9961099003273807
937840,0.9997295043666024
937841,0.9689607219839056
937842,0.9648964139806365
937843,0.9900298389311963
937844,0.9730556775770084
937845,0.9224974167153639
937846,0.9650209989911924
937847,0.8739236060470805
937848,0.9992325366588763
937849,0.7763397392130589
937850,0.8385942698885267
937851,0.9929274023157626
937852,0.9998351763585019
937853,0.998936114432796
937854,0.9983062031045813
937855,0.9175134859264277
937856,0.9999871351831119
937857,0.09187665642296101
937858,0.668673593526116
937859,0.9992148752784762
937860,0.9964396702677412
937861,0.1366839449457839
937862,0.9199309516730589
937863,0.9994542075372007
937864,0.9833167873028925
937865,0.9995711449705333
937866,0.9999892256133387
937867,0.9991573913897589
937868,0.9998457335947536
937869,0.7913537006526974
937870,0.9999322749294879
937871,0.2847330395133117
937872,0.1256687511566245
937873,0.975928839391484
937874,0.0724901232384782
937875,0.9963875171099115
937876,0.2669397583062879
937877,0.9379771608149838
937878,0.04959171480042742
937879,0.2270146280676691
937880,0.22794503206732067
937881,0.2662677296538458
937882,0.36379559830954034
937883,0.9919514333182988
937884,0.9988482318930257
937885,0.24629617516316404
937886,0.9990641861032773
937887,0.9495065654281448
937888,0.871139774732012
937889,0.9408421520966466
937890,0.25665401183070885
937891,0.9915127045638878
937892,0.9989197882260805
937893,0.9999787399919301
937894,0.7146836492120634
937895,0.08546215562896757
937896,0.0009593085200012234
937897,0.23569991940021526
937898,0.258982728087431
937899,0.9945405135133472
937900,0.9973898140511912
937901,0.008632633179177942
937902,0.1934021890364523
937903,0.851322281439191
937904,0.9998217405583821
937905,0.9874208244432501
937906,0.05205743719749814
937907,0.461012286891475
937908,0.17398960870926564
937909,0.998700171913491
937910,0.6639130908785538
937911,0.9991953555748462
937912,0.9989812067478354
937913,0.9724549711025996
937914,0.8938921496558716
937915,0.999745018859752
937916,0.938911036112667
937917,0.39192967250171507
937918,0.07750864372404866
937919,0.055475225448281235
937920,0.6433548244934709
937921,0.9999707963343041
937922,0.9996844614559908
937923,0.9967027924669982
937924,0.002167483259680708
937925,0.1451333614356689
937926,0.698600512649512
937927,0.09324134585950794
937928,0.9990442654129166
937929,0.9998355563791439
937930,0.9902565145669194
937931,0.9965864538063269
937932,0.9998950955337927
937933,0.8001672908206319
937934,0.3278386699323054
937935,0.9999337572119491
937936,0.9996424881356281
937937,0.9999147795109878
937938,0.9958843468529935
937939,0.7026886819497166
937940,0.9997660130398658
937941,0.9999209477381957
937942,0.9996004366377869
937943,0.9997912245924665
937944,0.23530046854224396
937945,0.9852985447515228
937946,0.8797940550302298
937947,0.9998530798609649
937948,0.027079172037173263
937949,0.056602445049135655
937950,0.10785938573773757
937951,0.10098163604047375
937952,0.999878454857781
937953,0.4446437945287079
937954,0.33823815013673053
937955,0.7000590090056282
937956,0.8573564394806875
937957,0.3930594348544154
937958,0.999284588911793
937959,0.9999468521709359
937960,0.0404317729455591
937961,0.06001828800266999
937962,0.999280278476975
937963,0.9456158448240235
937964,0.8039765039263795
937965,0.7904647587989999
937966,0.9993389900919236
937967,0.8696561475011965
937968,0.8055270184856781
937969,0.3992656715978657
937970,0.9999609234017139
937971,0.997179698975821
937972,0.17400290377697453
937973,0.34021271353248
937974,0.9999753851634552
937975,0.004990983253885089
937976,0.9632431878376776
937977,0.2288357302762538
937978,0.9997704384089917
937979,0.34609149836714426
937980,0.9996259798325661
937981,0.9999337781385751
937982,0.0891405618142892
937983,0.017349751341350556
937984,0.9993691518956291
937985,0.9993441915541544
937986,0.8685794236842558
937987,0.9713893215216722
937988,0.9999433438189549
937989,0.9894345287259907
937990,0.9997827163844386
937991,0.9984070734823045
937992,0.9935312219868445
937993,0.057823134044014186
937994,0.999910003432824
937995,0.430228450966503
937996,0.9894587385667375
937997,0.9995983553403416
937998,0.15429026395160705
937999,0.9582839392839386
938000,0.8003950400807598
938001,0.9996063637280717
938002,0.24915103181197001
938003,0.05035933399450833
938004,0.4311076750511539
938005,0.9998229125956132
938006,0.8656648113451852
938007,0.8449855495014738
938008,0.9996245868865198
938009,0.9994128319244148
938010,0.9993526320625232
938011,0.999674026753543
938012,0.9982173647783346
938013,0.9994978401004264
938014,0.9863861949309325
938015,0.04493785175417506
938016,0.9993900342184157
938017,0.4993952205832421
938018,0.10219050939262853
938019,0.7309384083073742
938020,0.12025237777276965
938021,0.9362977183908598
938022,0.9945404649020281
938023,0.29022568024334827
938024,0.999364703763447
938025,0.06928426183014098
938026,0.9995819840158737
938027,0.6326941638390176
938028,0.27207532455727146
938029,0.4466186530786632
938030,0.9997073809516965
938031,0.999094076468702
938032,0.9997076315480634
938033,0.9999645858810753
938034,0.14894774445561143
938035,0.9994879855290313
938036,0.06955261498163257
938037,0.4371817294305117
938038,0.9911559585889482
938039,0.9997329214129254
938040,0.9993754168113766
938041,0.7388316685553347
938042,0.8637382261644978
938043,0.6003808268715249
938044,0.9996593451030756
938045,0.38703330678318115
938046,0.9999356060738414
938047,0.99979912981194
938048,0.5204353935469025
938049,0.9999258666240551
938050,0.4038676144871733
938051,0.9974102576339414
938052,0.9996137129635332
938053,0.7213635524742861
938054,0.13395941156899435
938055,0.6243796311898345
938056,0.4207833465206236
938057,0.8783161503179853
938058,0.8280527202464257
938059,0.08414572212443731
938060,0.9810951690478331
938061,0.9572120310314411
938062,0.632618501531071
938063,0.1369459143832087
938064,0.08024808231727354
938065,0.9179022827268575
938066,0.9917827413928464
938067,0.08494902547687082
938068,0.99809154700468
938069,0.9991508544998862
938070,0.810990149434651
938071,0.8947201960593372
938072,0.9383269875325022
938073,0.9189700061166752
938074,0.9920959059786525
938075,0.8341112215658171
938076,0.9991798015787878
938077,0.459426331009693
938078,0.22500182985678624
938079,0.9560942013040692
938080,0.999179431402813
938081,0.040924709370087416
938082,0.9791192808819368
938083,0.006796013461315201
938084,0.5629600867983692
938085,0.9937554478330644
938086,0.12422498757260089
938087,0.04885053152395149
938088,0.8332243063083777
938089,0.7184929557016293
938090,0.9358651790648295
938091,0.9999348805163699
938092,0.9999527741065101
938093,0.9997623318399371
938094,0.9999719013803525
938095,0.9990404903789525
938096,0.5608567129016232
938097,0.9994507227972558
938098,0.70044256527266
938099,0.06946463576525741
938100,0.005146654619375435
938101,0.7043895612612179
938102,0.9999477835217876
938103,0.3404160232038327
938104,0.6532973728609456
938105,0.04463457858715817
938106,0.697098251648474
938107,0.8846010343498409
938108,0.03611083233312331
938109,0.9999634893934017
938110,0.8731674026204957
938111,0.3213725236046901
938112,0.9999604545155281
938113,0.024318510004851517
938114,0.9999161844859915
938115,0.17205943323776263
938116,0.9999891991308631
938117,0.0976157758768705
938118,0.6424257035472687
938119,0.9968911827839522
938120,0.8073255744694678
938121,0.9997243816072459
938122,0.9999845358922452
938123,0.9999475225894545
938124,0.41098380704107507
938125,0.02709691694551867
938126,0.9999811728923593
938127,0.1999971812517242
938128,0.9998870026614981
938129,0.999723752049756
938130,0.8899448854761725
938131,0.9996260438283727
938132,0.9980135719478946
938133,0.5098638534504177
938134,0.9247810398755385
938135,0.835359779616564
938136,0.9998262601116432
938137,0.8846041215160142
938138,0.99966555649321
938139,0.012687520194614645
938140,0.6219435339985192
938141,0.9981471449598516
938142,0.9962041282201259
938143,0.9996886801948137
938144,0.6626477438706021
938145,0.29626148584724177
938146,0.47179099236422395
938147,0.08441752362370364
938148,0.997284775585026
938149,0.16799619307431138
938150,0.9899223444689386
938151,0.7185885693249778
938152,0.9997746440722779
938153,0.9529125992164501
938154,0.9787427841044988
938155,0.9999959723674096
938156,0.8496922883960474
938157,0.04630293885511604
938158,0.9998477081480516
938159,0.999949717508978
938160,0.9401539913896484
938161,0.652954029693573
938162,0.9999848034491153
938163,0.9975757595872631
938164,0.9993968115966506
938165,0.4100689536448152
938166,0.06052721989213844
938167,0.9999793488423121
938168,0.99989329910848
938169,0.11122211944353823
938170,0.002699592287884454
938171,0.9999704488369213
938172,0.2752428841102249
938173,0.9904423989336472
938174,0.1066909642299422
938175,0.2634149835116294
938176,0.9688329441849584
938177,0.11298004138890591
938178,0.1705843450012483
938179,0.9915373251154678
938180,0.4512121507574522
938181,0.9892749088652707
938182,0.9998824168720248
938183,0.9999410208594715
938184,0.9999718884133602
938185,0.061471851642544095
938186,0.013714449245965595
938187,0.01480395226671403
938188,0.9998159796128541
938189,0.9998780372706031
938190,0.946913199724009
938191,0.01625437305787725
938192,0.9999783287126216
938193,0.997360931179529
938194,0.9548504419273222
938195,0.9979360454631635
938196,0.18194739431879636
938197,0.9999614836606263
938198,0.9950573014041076
938199,0.3326522892137509
938200,0.9999870155626956
938201,0.9712734597851795
938202,0.001268399556228197
938203,0.999876247924704
938204,0.8949766558709653
938205,0.9998541768293108
938206,0.9998582145261297
938207,0.028755449500148803
938208,0.6557153564450849
938209,0.7008041569540486
938210,0.6933146477100753
938211,0.0499545882395048
938212,0.03296330614372032
938213,0.20611216504687152
938214,0.3144370934520731
938215,0.9997193695794959
938216,0.4607001241281359
938217,0.9571060102687904
938218,0.963578077839299
938219,0.9746343801670182
938220,0.998078212145294
938221,0.999958621917502
938222,0.04255787502981065
938223,0.28399427486050427
938224,0.6091365329360312
938225,0.9968827060282412
938226,0.48190129253712904
938227,0.5382777095471484
938228,0.3634629393504313
938229,0.4551184451865995
938230,0.8998478014588434
938231,0.926914544620427
938232,0.18171770373328952
938233,0.9846435015566555
938234,0.06448463750076926
938235,0.2616615076863964
938236,0.02992637812524053
938237,0.3039579545393646
938238,0.32812405038073544
938239,0.07641478846104063
938240,0.29192260146843774
938241,0.3968620837961999
938242,0.9992657826785547
938243,0.39469250939928036
938244,0.9996161958171075
938245,0.9408270179321813
938246,0.6168505326435195
938247,0.10157357904076225
938248,0.9976382772861166
938249,0.005368543116827339
938250,0.9999631291748308
938251,0.6193883223913522
938252,0.0544006092779363
938253,0.04014239857396396
938254,0.30133814791865654
938255,0.9931567566302139
938256,0.4763699729371338
938257,0.4053691015750941
938258,0.9999754472119136
938259,0.99982171697204
938260,0.9965125101231094
938261,0.8961384362126383
938262,0.03774139541027673
938263,0.9959575167524586
938264,0.9534800665004209
938265,0.999713334808669
938266,0.9982420607986859
938267,0.8610832659491234
938268,0.09615841847288836
938269,0.9999433016516431
938270,0.9970878237810374
938271,0.9753375362626939
938272,0.01387045525793345
938273,0.8833397113876905
938274,0.408366179707513
938275,0.006883405877928001
938276,0.9920293500314616
938277,0.9382043516496951
938278,0.9896095793864699
938279,0.9996971855387422
938280,0.9976402766345517
938281,0.9999215739824301
938282,0.04955499518657033
938283,0.9762776397959647
938284,0.12044167567798436
938285,0.8880147526227951
938286,0.988676323052736
938287,0.012591266176049457
938288,0.21849902153662856
938289,0.9965765430667519
938290,0.7978280390213943
938291,0.3164381963127203
938292,0.9984932535978572
938293,0.745562033022056
938294,0.9998084280742416
938295,0.9937380484371027
938296,0.8501515678573832
938297,0.2544257579724195
938298,0.8699984983564403
938299,0.27041418942334106
938300,0.9939420082679682
938301,0.05964840393161597
938302,0.03473066099397311
938303,0.980272609676988
938304,0.22110280896723722
938305,0.7999793082350075
938306,0.017751687959219508
938307,0.8966538843686309
938308,0.7689713144034442
938309,0.9989828308371578
938310,0.8364599887770612
938311,0.32734656765061987
938312,0.9989526697571168
938313,0.9730527907065705
938314,0.9979640657218991
938315,0.9998014096364735
938316,0.9976254372545026
938317,0.006577862094895628
938318,0.6643565350493402
938319,0.9975426350650931
938320,0.48706641464663475
938321,0.9961324505818638
938322,0.04552266271805601
938323,0.9958791127430834
938324,0.2916537964464652
938325,0.567839261313053
938326,0.06661088288916082
938327,0.7547042841370911
938328,0.9985371815213471
938329,0.9980005505355232
938330,0.09689102066172253
938331,0.5000198950891745
938332,0.9988804555175728
938333,0.9725065014648056
938334,0.6217106286687564
938335,0.9746361404180837
938336,0.023841237445400353
938337,0.9502278504416308
938338,0.9999076508616191
938339,0.2542337270919295
938340,0.3779696597195017
938341,0.9985436691435419
938342,0.4884633227918437
938343,0.9965283732160107
938344,0.9957954628207653
938345,0.9994251444759661
938346,0.9988956205389196
938347,0.9637440606504166
938348,0.997648361265316
938349,0.6451487739294686
938350,0.9996720430824858
938351,0.9998552954020763
938352,0.17743976040232573
938353,0.9399351375669077
938354,0.6082419817845995
938355,0.9055366651041357
938356,0.7645963930654573
938357,0.9996950198145842
938358,0.9949612505373386
938359,0.19129881202691806
938360,0.32802494082355643
938361,0.9988216874474096
938362,0.3935449508624917
938363,0.9362163500348946
938364,0.9993656882344586
938365,0.9969399608447436
938366,0.9951909326774546
938367,0.9993726445295144
938368,0.26736593072804854
938369,0.5789307952267262
938370,0.1170573053670485
938371,0.6535669513338513
938372,0.04642182249773655
938373,0.9999670029889967
938374,0.9618124223089544
938375,0.7749233985920446
938376,0.1984570266689839
938377,0.8871089669232629
938378,0.9999164781693727
938379,0.9992744781378848
938380,0.8645746331428927
938381,0.999932331046605
938382,0.9628335036055798
938383,0.007078733720597004
938384,0.8364120495004795
938385,0.0087735508964061
938386,0.9196719174251403
938387,0.9999474891331914
938388,0.10298632424063035
938389,0.9856259041702784
938390,0.17725120451391432
938391,0.999917169523874
938392,0.9992583717584289
938393,0.9997592493235257
938394,0.053569045771456
938395,0.7629264092217657
938396,0.9998169593039301
938397,0.9557698586221941
938398,0.9974585734384576
938399,0.9998912831728562
938400,0.9974131732095419
938401,0.027462487274512594
938402,0.9988253164218184
938403,0.05863520232082664
938404,0.9999921853580168
938405,0.9997210671333048
938406,0.03064362987519593
938407,0.30278753475444925
938408,0.2624901965120859
938409,0.07993720054822802
938410,0.5373659734377887
938411,0.9997471406462963
938412,0.9533756726612665
938413,0.664663290801929
938414,0.9936273336813346
938415,0.6166995896137342
938416,0.9984358437930991
938417,0.9999680493627368
938418,0.998814335792414
938419,0.8810655949018968
938420,0.4726444984588071
938421,0.08889709931314346
938422,0.3175100343916534
938423,0.9298348550205098
938424,0.636090952842487
938425,0.0148437244237743
938426,0.8280245150444829
938427,0.28991356170093013
938428,0.3020123647518885
938429,0.9998492176277977
938430,0.9955837010662786
938431,0.44569129863809864
938432,0.9998417967739126
938433,0.999421216489163
938434,0.3213165499326325
938435,0.9950273634727731
938436,0.24987415420890713
938437,0.9937328663571801
938438,0.9985331132494751
938439,0.9997199220634839
938440,0.9999359509100453
938441,0.9111619947064393
938442,0.8984028784454579
938443,0.9869251604980194
938444,0.9995048848692029
938445,0.012737614760854951
938446,0.8977969748466108
938447,0.029180960896824454
938448,0.9897574708399297
938449,0.24418753666324666
938450,0.9990586930101805
938451,0.9995258104352656
938452,0.994391075994487
938453,0.06054861745793435
938454,0.9996544136636019
938455,0.9682470569018785
938456,0.7603189277626761
938457,0.9908762161667143
938458,0.9332972101472942
938459,0.9999212112668994
938460,0.9998865194750437
938461,0.9995553063321503
938462,0.9972658089755101
938463,0.9697080088505352
938464,0.9903442463424968
938465,0.9997276878668395
938466,0.9993875860284755
938467,0.999870977956087
938468,0.9955652482098716
938469,0.09430166187135572
938470,0.9598473154297145
938471,0.8796871266770714
938472,0.9998741577402073
938473,0.708244565005852
938474,0.9986046537346317
938475,0.9977488953615326
938476,0.009338980508194978
938477,0.9997207749447266
938478,0.9997530719640977
938479,0.9856546360388709
938480,0.7644030417198887
938481,0.3546908623256201
938482,0.7421610948524613
938483,0.5138915574477048
938484,0.6402360181078258
938485,0.6527494205308046
938486,0.28985408078516933
938487,0.9890318946343468
938488,0.9967069859521098
938489,0.9008476090051594
938490,0.999901219878004
938491,0.6251582059618128
938492,0.999948073421034
938493,0.9998860957654151
938494,0.998847041578782
938495,0.6012730201283031
938496,0.9997388123261959
938497,0.7687937392945475
938498,0.016374320878341744
938499,0.9818098534132631
938500,0.9995887593898396
938501,0.48783091610444973
938502,0.9999623147319845
938503,0.9976461410468215
938504,0.5112333955465859
938505,0.9992978464721335
938506,0.9388116693737079
938507,0.9989556081528208
938508,0.0880705144904185
938509,0.9984406319388948
938510,0.990876848156818
938511,0.9991416663183852
938512,0.9999389261805693
938513,0.999990974482597
938514,0.5996345420532813
938515,0.7637347900125662
938516,0.9938408259462935
938517,0.9972280122524559
938518,0.9066519016597877
938519,0.534789368952493
938520,0.9941770207208305
938521,0.9963222808363728
938522,0.46820070306336115
938523,0.41828850386882344
938524,0.9998021442598981
938525,0.7482769099290634
938526,0.9679654838381968
938527,0.9997704279760191
938528,0.9998308156659729
938529,0.022600795677610627
938530,0.4690851603709054
938531,0.09169368649952903
938532,0.7439113436890068
938533,0.6606292723887639
938534,0.4032563406776415
938535,0.233439155687496
938536,0.2540744102291319
938537,0.6823160454741367
938538,0.48808846122904975
938539,0.9785295106590206
938540,0.99981373757708
938541,0.0664506028115055
938542,0.8115388457933652
938543,0.3142063536889706
938544,0.9999394576127991
938545,0.05271146042315859
938546,0.9834498497661703
938547,0.9983585347326014
938548,0.6654201333188868
938549,0.9772331071212274
938550,0.9998614407065779
938551,0.7465804259061077
938552,0.9975847693340734
938553,0.18563769230714133
938554,0.996245069813249
938555,0.9334006701657444
938556,0.33139253863755747
938557,0.8356754309460653
938558,0.9589761039816713
938559,0.9441092083403669
938560,0.6919680592924065
938561,0.43752288119728777
938562,0.9989580370653521
938563,0.3898873128084084
938564,0.9789364440706951
938565,0.6214374670841201
938566,0.9997757475955292
938567,0.9998768567527273
938568,0.9930814479297336
938569,0.9999794942976928
938570,0.9415750033860455
938571,0.6027027291420269
938572,0.9994057283130648
938573,0.9726751601514538
938574,0.8204122243067917
938575,0.1519649464182195
938576,0.5442406496957493
938577,0.9964661666003907
938578,0.9990445171211892
938579,0.21996143808415852
938580,0.4240492107084044
938581,0.9955813999214443
938582,0.7134071180594246
938583,0.9996182417191257
938584,0.9493154413515066
938585,0.997385731192445
938586,0.9997804457472265
938587,0.9987647380413462
938588,0.9991175033705053
938589,0.004782786847209522
938590,0.9803121422640129
938591,0.9880460496662066
938592,0.8705507315092889
938593,0.9296451974294605
938594,0.92949685845893
938595,0.9996941499551972
938596,0.2817399822632376
938597,0.3763890776611135
938598,0.9961875924080019
938599,0.9998628610680662
938600,0.9080692654291653
938601,0.12170632015916587
938602,0.5318790987821732
938603,0.24116196780121651
938604,0.999908889635194
938605,0.8587537676977413
938606,0.7103793144115136
938607,0.9998688587045222
938608,0.855329898569178
938609,0.048128973130273506
938610,0.8339550677828367
938611,0.6801542996130446
938612,0.11122400696966527
938613,0.9994761374381969
938614,0.9997538428519308
938615,0.45115637994343405
938616,0.06383108879599517
938617,0.999509336074474
938618,0.9985251043374004
938619,0.36363139053774884
938620,0.9815368144890375
938621,0.9950693867396295
938622,0.9781737838962965
938623,0.910895102723015
938624,0.13745319928284352
938625,0.7581841323475722
938626,0.2736483608211171
938627,0.3655900108776454
938628,0.9997492517414373
938629,0.9982979963242962
938630,0.9999873256061196
938631,0.17574244915290138
938632,0.9998876525478568
938633,0.9990024594949745
938634,0.8241783611915625
938635,0.737213697837378
938636,0.9378184093567099
938637,0.999932883419971
938638,0.7693560649860596
938639,0.9999528261825987
938640,0.993147438415062
938641,0.9994989376754342
938642,0.8673685062820096
938643,0.9974191830327412
938644,0.9996147882441255
938645,0.9999576859473973
938646,0.9862489653306614
938647,0.38809680160101667
938648,0.9999608684936325
938649,0.20113206739016587
938650,0.10812175161471793
938651,0.0971538838036798
938652,0.9997341232088449
938653,0.8207202607380705
938654,0.4666803592370057
938655,0.9605440576345332
938656,0.9992617601759799
938657,0.9766703626079458
938658,0.016884469650903115
938659,0.38757792260991286
938660,0.8105298437072476
938661,0.43618954972555674
938662,0.316644096440596
938663,0.1399789266984955
938664,0.04118921202758635
938665,0.02767247042466872
938666,0.9999403235631286
938667,0.7156382430049215
938668,0.9999737014377201
938669,0.8398403068136429
938670,0.04306515172738995
938671,0.15130985533241667
938672,0.5855836244570792
938673,0.4675095135375523
938674,0.9998301231886758
938675,0.003307377362532531
938676,0.9999686941496264
938677,0.1855184481335796
938678,0.9548041802780325
938679,0.1160671966515369
938680,0.6446038491154503
938681,0.40179948751200545
938682,0.21590310469085222
938683,0.9903281123503702
938684,0.9986966763677723
938685,0.9998027899831012
938686,0.9998092189068957
938687,0.9995662082618502
938688,0.0014296665818529877
938689,0.009933912204820754
938690,0.9994877443830077
938691,0.9997842403209609
938692,0.010832690552486994
938693,0.1126223074754436
938694,0.5259270365597728
938695,0.9440756496449602
938696,0.7987100219282333
938697,0.7374154910522848
938698,0.9543011576870263
938699,0.9998728264652316
938700,0.6696795836596898
938701,0.9997327808938186
938702,0.3829225385454891
938703,0.9979013470416538
938704,0.9999107952888832
938705,0.9996071289876366
938706,0.16478997201336165
938707,0.9387574148330631
938708,0.28706780784103425
938709,0.9010164306365966
938710,0.11536488265497671
938711,0.2434498687448377
938712,0.905821128576472
938713,0.6460110564947279
938714,0.4359674251347955
938715,0.26117975452984377
938716,0.06058771835233471
938717,0.9999541756333041
938718,0.053528659393433826
938719,0.9999537967963339
938720,0.3847563900043281
938721,0.999512773340119
938722,0.2397715465670413
938723,0.9983567961054041
938724,0.896394931692531
938725,0.8415177591416932
938726,0.9986084621756053
938727,0.9759886809334357
938728,0.903192890611314
938729,0.35375914730843405
938730,0.6123746914860337
938731,0.18703112500536012
938732,0.8776587034186821
938733,0.9404536211980394
938734,0.8718530256722576
938735,0.9991285720368681
938736,0.9993751476588117
938737,0.09270071912556431
938738,0.6306340966861954
938739,0.9999290984320042
938740,0.9999587459415744
938741,0.9990887828357005
938742,0.5775950426305428
938743,0.9841101601058457
938744,0.8998631760837942
938745,0.9997913089068134
938746,0.9999597770889421
938747,0.18371346437932323
938748,0.2413887509662586
938749,0.8454426539979415
938750,0.9983426493514579
938751,0.9987771216608089
938752,0.9999726460058121
938753,0.16063308754854766
938754,0.9957611491781841
938755,0.9909946236726102
938756,0.980875200327851
938757,0.966249847664937
938758,0.9289524081997139
938759,0.9736536889976746
938760,0.9999901873760697
938761,0.9998212640861668
938762,0.2750891244929209
938763,0.002594341023355471
938764,0.9981616521330747
938765,0.9999720410032316
938766,0.016065400057215552
938767,0.938787421249001
938768,0.9935665929586206
938769,0.31956417696429945
938770,0.5367053910142154
938771,0.6089960203048579
938772,0.840090964329975
938773,0.9996430407441375
938774,0.8980330247123411
938775,0.02297857631190363
938776,0.19056688784501774
938777,0.999866050311758
938778,0.9999394727501649
938779,0.14314362687531584
938780,0.9998929664637383
938781,0.028709006113535246
938782,0.447240076381618
938783,0.15609784404958071
938784,0.9998708068442423
938785,0.6851721349509845
938786,0.9998700143120128
938787,0.23090075672247096
938788,0.6861401767931727
938789,0.8029260737122146
938790,0.39197706799486226
938791,0.9996568666339956
938792,0.9999693576039548
938793,0.7171368268888827
938794,0.9999776250226744
938795,0.9993625760881097
938796,0.9989777232480221
938797,0.9795465263774
938798,0.3767141364240832
938799,0.9998248476259967
938800,0.22853229606386008
938801,0.9998178215507798
938802,0.3873546933189501
938803,0.06969463631748762
938804,0.9952181224445393
938805,0.6139479898881954
938806,0.9592847032280454
938807,0.9985642008094717
938808,0.11403574327618461
938809,0.2075393564217128
938810,0.6636733966357432
938811,0.9944897828281778
938812,0.11108401714415997
938813,0.9995850299325683
938814,0.14659932893028854
938815,0.998553919180221
938816,0.22984766950078273
938817,0.9994897886036547
938818,0.919487589112695
938819,0.9998897452072144
938820,0.01345246615121655
938821,0.9994343223797357
938822,0.9984966044141748
938823,0.9711993600767839
938824,0.9981097709798696
938825,0.008384450923859026
938826,0.9028277828610479
938827,0.3562399252913724
938828,0.9996016605102516
938829,0.8278354579471676
938830,0.9996004057964911
938831,0.00923856321339728
938832,0.10100135546555913
938833,0.9998515924886465
938834,0.5181573570558408
938835,0.99607664178728
938836,0.5151436988795948
938837,0.8922141939312997
938838,0.7109689343094161
938839,0.012936257012799424
938840,0.9999066222394072
938841,0.976725484897145
938842,0.15390177432990768
938843,0.015725398000305087
938844,0.2505379818163937
938845,0.8876573244260286
938846,0.5427415701269329
938847,0.04695418145461992
938848,0.9715609762743342
938849,0.9982425494387713
938850,0.9883557367890834
938851,0.9026700028023869
938852,0.20482942875127425
938853,0.02993768914612645
938854,0.9999313863307546
938855,0.9996908911733358
938856,0.9998732715003396
938857,0.7709317143297654
938858,0.9998489754239546
938859,0.9993007363595996
938860,0.3070174239102107
938861,0.9991980480402143
938862,0.9868345615111818
938863,0.9937604745083262
938864,0.8185975180439685
938865,0.9972682554713924
938866,0.7679703009077063
938867,0.8497178606593261
938868,0.9998379664109812
938869,0.07861108852224054
938870,0.914035462829341
938871,0.999600688094632
938872,0.9432805491214311
938873,0.22419938187264407
938874,0.003760303264192897
938875,0.9990074120220519
938876,0.2509402355969178
938877,0.9997381528333824
938878,0.9802644525959856
938879,0.08189306589439993
938880,0.9994821841324882
938881,0.2346331496409233
938882,0.02013482733273905
938883,0.7120930525447007
938884,0.02773974634470791
938885,0.9999801641162849
938886,0.9976525650746761
938887,0.999974016281131
938888,0.025916540765620156
938889,0.9982917998449508
938890,0.9822188615180929
938891,0.20841969703314123
938892,0.9820147490157899
938893,0.9999596049598048
938894,0.34705977916495023
938895,0.021048249672964446
938896,0.9828291404240624
938897,0.8121661884178619
938898,0.027282162732545828
938899,0.1877927271039374
938900,0.5821809231540422
938901,0.6683228506107551
938902,0.9999009160829269
938903,0.9999159454670501
938904,0.7373584982918993
938905,0.9996616943209257
938906,0.049534545345832195
938907,0.12659763535977678
938908,0.9998106127084181
938909,0.9958791898093948
938910,0.9998331790403489
938911,0.020467379037172436
938912,0.6231085556093682
938913,0.3868960430597609
938914,0.9835552437344524
938915,0.7205688785208548
938916,0.3770527087410467
938917,0.9999627846686671
938918,0.2537021044503156
938919,0.1987071258593909
938920,0.9975911315821462
938921,0.9980918725400207
938922,0.19288458330224242
938923,0.7800468615365784
938924,0.0779517924040243
938925,0.13202781311384806
938926,0.552310710519753
938927,0.8700607563746163
938928,0.8987413907039781
938929,0.9843305791039074
938930,0.9992036356864817
938931,0.9997650581563646
938932,0.0311069179474401
938933,0.9864048862534643
938934,0.9956410174658741
938935,0.9958948661595939
938936,0.9967228450177124
938937,0.15869498271187696
938938,0.831332377542641
938939,0.9661090740037911
938940,0.9997055800076851
938941,0.18073821335583956
938942,0.8656071172957054
938943,0.8158308320754373
938944,0.23660621162239476
938945,0.6268868024818575
938946,0.9783325723450197
938947,0.9523051017712131
938948,0.23466867503655986
938949,0.9989426153631664
938950,0.47044697183158835
938951,0.10354947028506195
938952,0.8142735473098979
938953,0.6758101500167251
938954,0.9999539295108302
938955,0.9990421017691388
938956,0.9999357115594395
938957,0.9181543587661313
938958,0.3256118708796882
938959,0.9817708747283067
938960,0.9998046015468554
938961,0.05214915132233564
938962,0.8205479895846073
938963,0.9947811971425304
938964,0.9214205847930477
938965,0.06265185288854298
938966,0.9999436173941749
938967,0.9953741472626325
938968,0.00935178749667288
938969,0.999326119715366
938970,0.9980557849319762
938971,0.9772598929102023
938972,0.9800877338586469
938973,0.9997401046015544
938974,0.9987091580991385
938975,0.1070172136185117
938976,0.253793296328418
938977,0.9218422634966008
938978,0.01942175654856203
938979,0.9994800561983475
938980,0.9996191615694359
938981,0.9800659170604025
938982,0.9999379959913464
938983,0.7228406782243679
938984,0.7569958084773198
938985,0.5972905286260971
938986,0.997906180097405
938987,0.33218639033093295
938988,0.9993339270721641
938989,0.8469769310549323
938990,0.9981193067418715
938991,0.9999236591687417
938992,0.7962052285768524
938993,0.6997451330363857
938994,0.8729193724525854
938995,0.9996907958866944
938996,0.9989015582526822
938997,0.9999756719612184
938998,0.028996355251105624
938999,0.9985131305885624
939000,0.827320924066814
939001,0.042247676485964246
939002,0.0020669526820255154
939003,0.9372922286791323
939004,0.9969081786295797
939005,0.014972612814130318
939006,0.9999013160657955
939007,0.9985447498477676
939008,0.27503371018278133
939009,0.9862840086174838
939010,0.9998013244146443
939011,0.9337538336085391
939012,0.999960894090747
939013,0.23908810370740896
939014,0.9942307574151853
939015,0.9996839107735707
939016,0.9973518588608751
939017,0.07500143606557794
939018,0.8363456351555709
939019,0.9999637305246478
939020,0.006205200853899925
939021,0.8745871147890742
939022,0.9552142915686879
939023,0.12409215896062081
939024,0.9939142415210482
939025,0.9941019872865775
939026,0.9183267990468121
939027,0.7498632305891524
939028,0.6721142799869244
939029,0.9976764267178408
939030,0.42971378734030774
939031,0.9430423108357997
939032,0.7223753002468123
939033,0.9999390581601184
939034,0.5274691621721982
939035,0.17894130146227885
939036,0.9980581825226351
939037,0.8222375655812133
939038,0.0196821269736854
939039,0.9778530560114496
939040,0.6359934491218111
939041,0.38289827676047794
939042,0.4904618806771983
939043,0.8893474024403367
939044,0.9998896558657089
939045,0.06009973163209864
939046,0.9998655996307234
939047,0.9948140859412989
939048,0.9942287440286797
939049,0.7078155747400019
939050,0.9941227496167765
939051,0.9970148739121849
939052,0.061320140973225114
939053,0.7910482603831024
939054,0.9988433664796399
939055,0.4414297616832588
939056,0.24318251975589208
939057,0.17731878130307674
939058,0.7569679431558689
939059,0.9997633210237933
939060,0.05801451737238174
939061,0.9998575788419582
939062,0.08180240638850778
939063,0.5002855293868606
939064,0.09576232065026306
939065,0.9996349362005504
939066,0.9299973753934216
939067,0.9878787370484834
939068,0.9994615479382563
939069,0.9998941153705698
939070,0.9942118638538109
939071,0.5391352564746166
939072,0.9977105399091606
939073,0.9905159269748374
939074,0.14235321132307813
939075,0.9999109417380555
939076,0.9600835397426288
939077,0.7880666896302193
939078,0.9999423614995122
939079,0.4333033787000483
939080,0.9995422939812688
939081,0.6734237205612458
939082,0.8744243356401158
939083,0.9937720774899902
939084,0.06350663365347498
939085,0.9961074565787755
939086,0.5315184952739086
939087,0.15428693624131629
939088,0.999964533505243
939089,0.9999286621622054
939090,0.9560312196895476
939091,0.8694679750777451
939092,0.6257202178094011
939093,0.9523412661929895
939094,0.32321208754850117
939095,0.9698469306347315
939096,0.9698785307217495
939097,0.9998675136698963
939098,0.8067771838279425
939099,0.3146386465202111
939100,0.4845727932137573
939101,0.9998030974175631
939102,0.904928272422932
939103,0.6302869357271591
939104,0.7729817970987118
939105,0.9999809487756659
939106,0.9993901687314235
939107,0.04360067834741024
939108,0.6252446009583187
939109,0.9998864918461172
939110,0.4177386983059802
939111,0.2428653889508556
939112,0.42391975354457273
939113,0.8561638995262242
939114,0.12921946927516728
939115,0.9988523642313945
939116,0.05756554842478501
939117,0.6041079589672996
939118,0.046951365833998206
939119,0.6169729700204314
939120,0.9999917322499128
939121,0.3775896862886382
939122,0.9968946745021143
939123,0.9623459791155878
939124,0.6989745035930852
939125,0.9998630233228322
939126,0.05109936636123308
939127,0.9142858134173271
939128,0.9914606445163316
939129,0.0370173349198316
939130,0.2931590792123701
939131,0.5477531602766987
939132,0.9977820779029891
939133,0.9810953555723168
939134,0.2536137757886888
939135,0.7642298544649984
939136,0.4774484651518385
939137,0.9993529957221967
939138,0.9991730915995094
939139,0.9999030620651069
939140,0.9998260193861324
939141,0.9636777888677013
939142,0.008127113699359506
939143,0.9957531789129244
939144,0.7757513317903632
939145,0.7905246748886259
939146,0.998705512594833
939147,0.8604835327497933
939148,0.6581638183988121
939149,0.756359320186772
939150,0.29053340837284103
939151,0.8923548418355387
939152,0.24115122545094345
939153,0.9841012135070044
939154,0.5461789302699062
939155,0.9994481198077378
939156,0.21850668224156383
939157,0.8303576260974169
939158,0.006896953651353877
939159,0.017755647081323222
939160,0.40994596947193457
939161,0.2466926287154243
939162,0.14641590599303145
939163,0.8468629004012638
939164,0.999833002271856
939165,0.2730365217657215
939166,0.9985957126624376
939167,0.9997388575219146
939168,0.02194249314066118
939169,0.42964000541709024
939170,0.13875649674606494
939171,0.013620240718921085
939172,0.0858960758657568
939173,0.8384952111577103
939174,0.5943946724371874
939175,0.5838809738469679
939176,0.8139528539506049
939177,0.9953823907924366
939178,0.9965371426468482
939179,0.9998838285022388
939180,0.5435403665068339
939181,0.16923980105347353
939182,0.986601751092635
939183,0.49928677130018856
939184,0.1647800384007741
939185,0.33549627897300216
939186,0.9992348712695029
939187,0.731905711597653
939188,0.9997632737131852
939189,0.804367681458984
939190,0.2231776528120265
939191,0.9998212941102801
939192,0.9580275857960825
939193,0.8552921300548355
939194,0.7265888239527617
939195,0.007841290323655395
939196,0.9860294602573156
939197,0.9948093970964641
939198,0.4646787351469386
939199,0.3025043416583692
939200,0.0343439708931901
939201,0.4757062724011804
939202,0.999752733048598
939203,0.9993820016406647
939204,0.9097281442197834
939205,0.8085990025695454
939206,0.9998769397021767
939207,0.8823680598367336
939208,0.9996066390092542
939209,0.8978063165083401
939210,0.9994966756419901
939211,0.9941494044432779
939212,0.6378695838629851
939213,0.9360630786642112
939214,0.9988811363326807
939215,0.03683186525876501
939216,0.9996753178856386
939217,0.8215520716505949
939218,0.9999683956677138
939219,0.1089645028041667
939220,0.9889426246875668
939221,0.7920155467249297
939222,0.24511125899719727
939223,0.8976668310489273
939224,0.375557452172311
939225,0.012619848589920872
939226,0.6877800775553191
939227,0.9945916146457079
939228,0.003157730837870859
939229,0.9990952866262065
939230,0.6817248221373466
939231,0.999826636959802
939232,0.9997182173272859
939233,0.8425867960061659
939234,0.8369065982923152
939235,0.7851272154947961
939236,0.9312637784834414
939237,0.08057107182444503
939238,0.7854898688222826
939239,0.809310921166861
939240,0.1695688130228334
939241,0.9919721139559572
939242,0.9995905717057256
939243,0.03076056862621221
939244,0.023438733264517286
939245,0.06398862296387027
939246,0.815678189836195
939247,0.9550270155565976
939248,0.04769812454487437
939249,0.09974118916811879
939250,0.049378682976256985
939251,0.9612898515954794
939252,0.9984076943080247
939253,0.9884801899500899
939254,0.9988113635243836
939255,0.9993165740641117
939256,0.7796298599664762
939257,0.9997026632859871
939258,0.9997885326138387
939259,0.9998112194251954
939260,0.999982180829975
939261,0.5855087205642904
939262,0.9998966997712668
939263,0.8561934350365947
939264,0.513105801921786
939265,0.9807216597699713
939266,0.9972244128101435
939267,0.027582171385413336
939268,0.5002841247224308
939269,0.16233149189754134
939270,0.5306541126678154
939271,0.9524684589467407
939272,0.7628103432998964
939273,0.05100384613942678
939274,0.4087224689172492
939275,0.8857361324507707
939276,0.9996035049460823
939277,0.19972982341689038
939278,0.9598767039750645
939279,0.9991905031833633
939280,0.9997515612535897
939281,0.09843339622843258
939282,0.05367550258723948
939283,0.08733023490803148
939284,0.9984760624187019
939285,0.9999620777090881
939286,0.19867170458288294
939287,0.9880190283370701
939288,0.7983291328590747
939289,0.556787704935026
939290,0.9958152311295121
939291,0.8429233037390964
939292,0.9589931088891792
939293,0.07783654474568384
939294,0.8430520443462888
939295,0.992546000312009
939296,0.9787727998539607
939297,0.9997610516190805
939298,0.9967173426834689
939299,0.9998835572365952
939300,0.6494508276326698
939301,0.3813982174307652
939302,0.9578588371885415
939303,0.9509836439944412
939304,0.021709349782739758
939305,0.13846125699038186
939306,0.9979887204049201
939307,0.9999856936410653
939308,0.9999169834032497
939309,0.00214221990904355
939310,0.9962827702167526
939311,0.5751858789109696
939312,0.9633763546272249
939313,0.9988536128772612
939314,0.999517378988749
939315,0.9958035640888989
939316,0.9998599988060375
939317,0.4074416591844992
939318,0.74893091695635
939319,0.002327201146356514
939320,0.9998055462019247
939321,0.9983009235343889
939322,0.7139794659509235
939323,0.0638463787630719
939324,0.9999628983016775
939325,0.8253919737492832
939326,0.19256156865912452
939327,0.4059309221714547
939328,0.15448576774650508
939329,0.2722291701103851
939330,0.9981195711485471
939331,0.9998752453258082
939332,0.003693513931529171
939333,0.9959213249063283
939334,0.9999250470950292
939335,0.9930829364101792
939336,0.06135927858812186
939337,0.273377262760791
939338,0.2592760682490175
939339,0.6426303913137981
939340,0.0027753064123484886
939341,0.999700806869384
939342,0.9996010024474726
939343,0.9995986411371147
939344,0.928693214983425
939345,0.1913947066142224
939346,0.5056240313325281
939347,0.638308888195422
939348,0.9979987884487398
939349,0.7778240562328751
939350,0.0036838509996475095
939351,0.830504460093753
939352,0.948481061212859
939353,0.7549151398925555
939354,0.9541170840634892
939355,0.7497894146666813
939356,0.48552142710548585
939357,0.8060665935483333
939358,0.03476676715152873
939359,0.46906412943333253
939360,0.6979075031820006
939361,0.7579333242137558
939362,0.9999587077832859
939363,0.1861601012056141
939364,0.9998513649606469
939365,0.9917203789005717
939366,0.9973131136858585
939367,0.95993564353041
939368,0.9997956520273763
939369,0.2008188361350007
939370,0.1437631958257189
939371,0.9684550290998768
939372,0.04874761491308441
939373,0.8918657344931634
939374,0.9999435397762513
939375,0.9859363650690133
939376,0.7627611092659016
939377,0.9999794805886406
939378,0.9991756181065288
939379,0.6707940714496987
939380,0.8786014689918193
939381,0.8837677628596919
939382,0.09963954253764802
939383,0.12095671213238302
939384,0.7242574624538043
939385,0.07039149448368849
939386,0.996461250597442
939387,0.9998447496696292
939388,0.9683108361685075
939389,0.035599983654714916
939390,0.9998217054415046
939391,0.9991990581926262
939392,0.9052214268803587
939393,0.195155259924972
939394,0.9969394329110637
939395,0.8634519664946916
939396,0.21719816260340413
939397,0.9979622925098608
939398,0.022695405857616965
939399,0.9983378123200033
939400,0.8967415390554248
939401,0.999988653297804
939402,0.9778837770702045
939403,0.8393346982797261
939404,0.5705973384845997
939405,0.9981231080096302
939406,0.16929566838469512
939407,0.9999907183262126
939408,0.9969719196182287
939409,0.999969474222483
939410,0.9916273738168617
939411,0.3057161888681417
939412,0.3350804010931001
939413,0.9999173991696836
939414,0.9924980559814538
939415,0.20390168171101547
939416,0.9995861972338891
939417,0.05658851568102563
939418,0.9954000485525416
939419,0.9999560569956243
939420,0.4523581375431898
939421,0.5970019673511532
939422,0.31967906087730713
939423,0.9928157702521709
939424,0.9947877727326627
939425,0.9532267888476618
939426,0.7141935951647521
939427,0.9999272208910236
939428,0.999944022431406
939429,0.998548774464212
939430,0.8670733060459366
939431,0.9973062879590597
939432,0.9989658950667197
939433,0.999498723561062
939434,0.9999260829344103
939435,0.712783751280627
939436,0.052461118740843776
939437,0.2292926372713496
939438,0.040724723694692155
939439,0.9761095512507966
939440,0.022773514306290973
939441,0.19329116248185185
939442,0.5195829278522273
939443,0.047281380252746454
939444,0.17293016512796866
939445,0.385426234706437
939446,0.09338021889569718
939447,0.9999155315099133
939448,0.812109946926584
939449,0.14792600897839708
939450,0.9914540810752973
939451,0.9997789222103215
939452,0.28165079795487413
939453,0.999413832535637
939454,0.9998898210615317
939455,0.03956705672282478
939456,0.9933864728178978
939457,0.9074711380513237
939458,0.9153054939656134
939459,0.9997602905174656
939460,0.9998903638098842
939461,0.9982576376008163
939462,0.8233376061784968
939463,0.9776131908496648
939464,0.9989751810184232
939465,0.9967692978111613
939466,0.7229645278152844
939467,0.44998297106674706
939468,0.994699014980948
939469,0.21077358718548198
939470,0.0343975852433123
939471,0.1636537155629793
939472,0.33772510875722295
939473,0.9675040862635301
939474,0.09828910707428815
939475,0.8876459328550791
939476,0.22325775754145163
939477,0.9214173697896417
939478,0.9986984046052699
939479,0.037376904357779614
939480,0.948403035128343
939481,0.9942043444040194
939482,0.996047784289942
939483,0.018174972121481784
939484,0.9980726205836387
939485,0.009065872263223222
939486,0.7256055511604693
939487,0.9999148549256577
939488,0.2647069685856859
939489,0.9997808049285961
939490,0.8825087668633523
939491,0.9986141649138404
939492,0.0389740915270233
939493,0.9942651528357214
939494,0.05835294464460777
939495,0.7384874296780555
939496,0.9931666599561504
939497,0.41809716552410214
939498,0.9962150651738582
939499,0.2660994306685623
939500,0.00356577212930033
939501,0.9920154520991422
939502,0.8138116347977798
939503,0.7550999272516516
939504,0.043114880125160626
939505,0.9999628107729885
939506,0.9992985382173165
939507,0.04708732376815292
939508,0.606170715080866
939509,0.9999114529611903
939510,0.4725357178545063
939511,0.9998938908659332
939512,0.9798972633222824
939513,0.0016579587035847833
939514,0.9934695819920996
939515,0.90993097749771
939516,0.01565003395825515
939517,0.9982587693883911
939518,0.9683179960305986
939519,0.9966433620327135
939520,0.8500750666889327
939521,0.9994881082254021
939522,0.041527935960806256
939523,0.536675050095837
939524,0.9950867202276772
939525,0.6863080983766634
939526,0.23516049267109024
939527,0.9994244185411174
939528,0.4257161876931801
939529,0.9999726321485104
939530,0.9993678650903339
939531,0.9998078496182529
939532,0.516264807121162
939533,0.04023741534253487
939534,0.9994967138793815
939535,0.9947923479657677
939536,0.999943174398625
939537,0.35230638238978246
939538,0.40736824201214317
939539,0.70607685675145
939540,0.9999901767077387
939541,0.9992330672661156
939542,0.9283056353942261
939543,0.11302095989096089
939544,0.5893137306992664
939545,0.14312215651130616
939546,0.5771900548688044
939547,0.8225832998043769
939548,0.46484479173653104
939549,0.9990691425337302
939550,0.9976981293880374
939551,0.9941361053571687
939552,0.7444831148855819
939553,0.998588280526419
939554,0.9504004092550009
939555,0.7287883743937327
939556,0.9999381573531884
939557,0.9964042257032316
939558,0.9999525085883161
939559,0.14864167889424887
939560,0.9821811940209495
939561,0.9999666467462381
939562,0.023091526536156932
939563,0.9888196999941787
939564,0.5401202721116856
939565,0.012201077998625036
939566,0.9998849654801241
939567,0.7509005225168724
939568,0.9996141633822339
939569,0.9975379202434036
939570,0.9970239699746504
939571,0.9808314894088024
939572,0.7241614067479321
939573,0.010329174815011628
939574,0.6860283609265916
939575,0.9999575612036559
939576,0.9998342272244428
939577,0.9999870813101694
939578,0.9972643834994003
939579,0.16154855364422843
939580,0.26672650377804435
939581,0.17450547209979758
939582,0.9897830653942665
939583,0.9993067023981187
939584,0.3033302200755543
939585,0.9999310733197292
939586,0.009710894068328205
939587,0.5129416123644354
939588,0.9077628870922879
939589,0.9958868752795702
939590,0.07588619357800044
939591,0.9997494832548649
939592,0.2093131673231753
939593,0.9994985443338376
939594,0.9995979264080874
939595,0.7350440881336914
939596,0.9707169571197896
939597,0.9988313608222998
939598,0.8123236331589
939599,0.04865718694800501
939600,0.9976250531627979
939601,0.9999887454208218
939602,0.4853741426124894
939603,0.8722470461789369
939604,0.025728524792105967
939605,0.2709093774504924
939606,0.010487782551417591
939607,0.42413175663269576
939608,0.740531792982942
939609,0.99980857106752
939610,0.946088085952859
939611,0.9991839179442862
939612,0.6130738182310986
939613,0.999836709943372
939614,0.9994843320129536
939615,0.9999136476934045
939616,0.45465573245077423
939617,0.9836278557978858
939618,0.13922886162727463
939619,0.7720209698503091
939620,0.9612645897608166
939621,0.9999253404463067
939622,0.9978256080229374
939623,0.8166692493819432
939624,0.9982459306123561
939625,0.47734532892751436
939626,0.9998408910638327
939627,0.0219659533842006
939628,0.6790085393607088
939629,0.02292255082418878
939630,0.011071432115609035
939631,0.5826063738546599
939632,0.04380504363770882
939633,0.9967650120600333
939634,0.3938031174039672
939635,0.9983155323923929
939636,0.029718390768002263
939637,0.9550197403265931
939638,0.9963545669397275
939639,0.10039061231860777
939640,0.050438553684508204
939641,0.624332909791678
939642,0.8044313774993381
939643,0.9970526686481251
939644,0.9890829845935352
939645,0.15901501259378942
939646,0.9936132540611768
939647,0.22561387378005737
939648,0.9991137286185745
939649,0.9999661535463762
939650,0.893793055233417
939651,0.9995493128380064
939652,0.9991198746207894
939653,0.9953368392964685
939654,0.991494714120017
939655,0.6251337772397255
939656,0.39633686016488884
939657,0.9163634905692142
939658,0.0955176138959149
939659,0.9971257492380876
939660,0.9735742930594843
939661,0.3208971492521657
939662,0.8388997288760023
939663,0.9997325635562632
939664,0.9996053839890147
939665,0.999680777540249
939666,0.9888932522652549
939667,0.5092048797462789
939668,0.8749884078535486
939669,0.4570152323865052
939670,0.994274823964056
939671,0.9905531656019735
939672,0.37911352954980204
939673,0.9954670879253416
939674,0.34042414694488765
939675,0.7445884122313727
939676,0.6740511860115953
939677,0.9995623530202647
939678,0.9286711935711235
939679,0.8803772394729426
939680,0.9898292090487847
939681,0.8649686745652294
939682,0.8415397311953151
939683,0.999681507107695
939684,0.9995664332280442
939685,0.6924932897250639
939686,0.03840517143027216
939687,0.9996693206941993
939688,0.5590604285362973
939689,0.3469717193852871
939690,0.4927575734915298
939691,0.9990598704087321
939692,0.8394284695153009
939693,0.971818611687812
939694,0.12828949095065073
939695,0.9943535655906642
939696,0.9073655990431937
939697,0.1677123835525248
939698,0.864536862614194
939699,0.999927168097342
939700,0.9993788835578763
939701,0.8489278054641638
939702,0.017240531191799306
939703,0.8984991515495009
939704,0.2940113748103834
939705,0.7938854908803329
939706,0.9969492988758641
939707,0.9922116164846213
939708,0.5560864806530031
939709,0.39114664582895
939710,0.04030249433405392
939711,0.8596408488688174
939712,0.8414865994830794
939713,0.6232531303294238
939714,0.8836190688178291
939715,0.0587835356745942
939716,0.10840660387474832
939717,0.05275705902527342
939718,0.7740956900248142
939719,0.9972330675340171
939720,0.10774865946437205
939721,0.9995867906103518
939722,0.15050797572433255
939723,0.15433140650592292
939724,0.11819050346409046
939725,0.9213602721518506
939726,0.999575441854472
939727,0.8246414861022684
939728,0.41577397989636133
939729,0.9988875574158949
939730,0.999119660779404
939731,0.999971298482839
939732,0.9998136959442101
939733,0.35454974032768344
939734,0.021180835282798842
939735,0.999578750370243
939736,0.34126334534334013
939737,0.3779579034932843
939738,0.995862550902546
939739,0.746696868007632
939740,0.7912053008218616
939741,0.9981192869794915
939742,0.06056481791042227
939743,0.648350051221442
939744,0.9955517984661328
939745,0.9864960229906643
939746,0.0994094009052581
939747,0.9993609487686799
939748,0.999785951684288
939749,0.06826459482756377
939750,0.9995507543119457
939751,0.9687692266238889
939752,0.06697235672355863
939753,0.9998032510490721
939754,0.9997941601667927
939755,0.49108985158430263
939756,0.010193498839220182
939757,0.9999297077159207
939758,0.9911351463695669
939759,0.0346399698406651
939760,0.9671312489597031
939761,0.998414259057735
939762,0.9996602986770116
939763,0.8994951376065531
939764,0.941915233337821
939765,0.617074114933005
939766,0.7349109722074458
939767,0.9944653008610321
939768,0.029717546057251566
939769,0.8832483394750117
939770,0.671609240815576
939771,0.9744014990865354
939772,0.8229404184998769
939773,0.04552793882494022
939774,0.06516323451811512
939775,0.999885151978883
939776,0.7751388565172711
939777,0.7604085135780397
939778,0.9996565285103607
939779,0.9995732209057152
939780,0.9993468425579802
939781,0.9954199467406335
939782,0.9996586357261118
939783,0.6783712577394352
939784,0.1898591540927811
939785,0.9999570180811788
939786,0.9998492185311509
939787,0.9793330478566417
939788,0.7463547064131456
939789,0.998581468276888
939790,0.8770251620686642
939791,0.9548028452962651
939792,0.7534219481758272
939793,0.9993843094920344
939794,0.9998870255429502
939795,0.568685163319717
939796,0.8168316178972118
939797,0.9024782095726632
939798,0.9882251075349502
939799,0.9895666872965253
939800,0.9999252085198731
939801,0.9989714184994289
939802,0.05965196004338643
939803,0.9981723680615351
939804,0.021517693471219398
939805,0.8148272859022045
939806,0.5917493971039745
939807,0.9946104450838988
939808,0.9996387429333222
939809,0.9993538998251699
939810,0.47256968549497397
939811,0.5338843965699402
939812,0.3918749559481419
939813,0.025151217462678524
939814,0.18092567442157642
939815,0.43649378020753626
939816,0.9993822856264373
939817,0.9926272671265167
939818,0.9994163047024379
939819,0.9999663978686978
939820,0.9865470306912411
939821,0.9990704189434678
939822,0.6743834199473269
939823,0.9248125589055569
939824,0.999633862350447
939825,0.22697741188865733
939826,0.010832664928234998
939827,0.9962772938876752
939828,0.1808560023121979
939829,0.999909290931571
939830,0.8348892056257846
939831,0.43893889996023255
939832,0.07375771862706991
939833,0.08034727471647254
939834,0.9991801701443213
939835,0.5680776216005661
939836,0.999726789718427
939837,0.9996324140409993
939838,0.8842140728702282
939839,0.39533611994298995
939840,0.9998966329785554
939841,0.9908247996912165
939842,0.9999555730464154
939843,0.5944807233922937
939844,0.9997708704042051
939845,0.9996272316620598
939846,0.19697468588169198
939847,0.05808155876978673
939848,0.3226964165808107
939849,0.9944994684440956
939850,0.0777475924929299
939851,0.8358939697838663
939852,0.1810140603068802
939853,0.9985797570101582
939854,0.9999528484775324
939855,0.13135302839087756
939856,0.9999495763846
939857,0.6194921585056782
939858,0.9978183456219434
939859,0.6955230955819864
939860,0.19545068560331974
939861,0.9849859227872233
939862,0.9776870302988991
939863,0.020200702035062194
939864,0.9976565423493986
939865,0.42596958535003254
939866,0.9626734816206006
939867,0.9999660868817436
939868,0.9659985725618171
939869,0.2464765024688957
939870,0.9999821163383751
939871,0.9979842369055086
939872,0.07783996829977279
939873,0.9902241337350625
939874,0.9998538157768111
939875,0.4777904433216889
939876,0.9982279889556798
939877,0.809919489039713
939878,0.999928390680428
939879,0.8492005933759548
939880,0.9991209088090622
939881,0.998102372665739
939882,0.00535214079297779
939883,0.028276717600771953
939884,0.9999203984839768
939885,0.9988088140792639
939886,0.23265033017528572
939887,0.03654962028299743
939888,0.9653488104311239
939889,0.9707613712278508
939890,0.07981753840323394
939891,0.9999304855660489
939892,0.6436105059177416
939893,0.8563441804837131
939894,0.9878442029450732
939895,0.8177016154012224
939896,0.9649913034322766
939897,0.9977829510056002
939898,0.14743154247409337
939899,0.9986371031206722
939900,0.9853846986467966
939901,0.8158971255455483
939902,0.03453226855214117
939903,0.9993074186871036
939904,0.9998535048109499
939905,0.9999882348389951
939906,0.8542927715685253
939907,0.8447892615578648
939908,0.08279662446923253
939909,0.970721557299832
939910,0.9877962776412313
939911,0.9995045201691635
939912,0.9886461560623918
939913,0.8208553917738859
939914,0.9999792295117731
939915,0.9959039121257529
939916,0.7476886942305785
939917,0.9945763164680756
939918,0.7772843760542612
939919,0.04053503019305448
939920,0.9772857882375572
939921,0.9359856349462394
939922,0.9998046833026685
939923,0.9999644533698765
939924,0.9052923786101456
939925,0.9964469988938449
939926,0.9079850969769303
939927,0.9682100327299077
939928,0.7031600581624653
939929,0.9987277355892108
939930,0.7401514059283235
939931,0.6761063350486533
939932,0.9980676594897194
939933,0.2930976722300305
939934,0.9998836077697693
939935,0.9216862681858418
939936,0.005118922385997315
939937,0.9999718937662069
939938,0.9980204992775285
939939,0.701953942618448
939940,0.9996324364541105
939941,0.5093066085504574
939942,0.9251060568674955
939943,0.27909515427885256
939944,0.11612152439295965
939945,0.3367477780404094
939946,0.9893923379752421
939947,0.9994232222144761
939948,0.9994366805237929
939949,0.9303598275509504
939950,0.10633833868057416
939951,0.9999175801290445
939952,0.9993320074296191
939953,0.9989880200022462
939954,0.9510627726834204
939955,0.6357702035846162
939956,0.9911077419796288
939957,0.1437595399840997
939958,0.9084837817010739
939959,0.9999307355988679
939960,0.9994212114055155
939961,0.027286718533843003
939962,0.535468992424255
939963,0.9951699519286547
939964,0.8360685457970577
939965,0.9998110132027188
939966,0.9998790028246283
939967,0.9997809142607639
939968,0.9998367780759754
939969,0.9903957777585289
939970,0.9999591302026687
939971,0.8758514863500331
939972,0.9997939297823242
939973,0.9503657514256796
939974,0.9997721784600548
939975,0.08295845434237688
939976,0.48309584049166754
939977,0.7655775267137126
939978,0.9818042033017076
939979,0.976695574678883
939980,0.25197410397655956
939981,0.9550622290652697
939982,0.9778396808859641
939983,0.02737226550703071
939984,0.21411511374658357
939985,0.6663984213525449
939986,0.3532298223809762
939987,0.9997729114856532
939988,0.19380650072060465
939989,0.8464809352706253
939990,0.801983658778533
939991,0.9991064741096793
939992,0.8564748535467028
939993,0.9999537057117449
939994,0.9650324888411075
939995,0.03857648425042931
939996,0.9998793538343846
939997,0.3128489761185217
939998,0.1370400515117814
939999,0.10269205244282592
940000,0.4510171352165462
940001,0.026462457221073585
940002,0.9997642098016082
940003,0.670888574538501
940004,0.20439961377808488
940005,0.9994558329171113
940006,0.9588680586433753
940007,0.7082304003949049
940008,0.975095596160239
940009,0.999057528303532
940010,0.9975857830832784
940011,0.9250233375970418
940012,0.8551026705222151
940013,0.6752889329108787
940014,0.9990958641606615
940015,0.9987905791618212
940016,0.4746506215406416
940017,0.9665533376038791
940018,0.9344722823297256
940019,0.016076821893048588
940020,0.46630197322516903
940021,0.9945743661333533
940022,0.9999604686777832
940023,0.6691042652940978
940024,0.4962783921750735
940025,0.9999756206031207
940026,0.04450883053378589
940027,0.14739320028498706
940028,0.9998320079067964
940029,0.9998034069161932
940030,0.7879096200782658
940031,0.7623676506213163
940032,0.9303958485599445
940033,0.9983790545922642
940034,0.20161363900170956
940035,0.010447881535005404
940036,0.9918277812511763
940037,0.9997150451892214
940038,0.12424468530583639
940039,0.9996347897779394
940040,0.9976271093999058
940041,0.9994816070309576
940042,0.31320852645074865
940043,0.9996251699797805
940044,0.8951013636985592
940045,0.9997371908301264
940046,0.5533250115439445
940047,0.8118381668410177
940048,0.06209474377647259
940049,0.9993045048922279
940050,0.6696390467357682
940051,0.9994724545662153
940052,0.5811085979120263
940053,0.8206099902324506
940054,0.9963378752376603
940055,0.295821784143643
940056,0.5428438236910764
940057,0.999569484575566
940058,0.10408947997368351
940059,0.6430300730495457
940060,0.9980005449528255
940061,0.9868582532283651
940062,0.9998420606297189
940063,0.8431293664268364
940064,0.9993759600700908
940065,0.21040294798218281
940066,0.5493712332277141
940067,0.03247305074189307
940068,0.0026680799319694286
940069,0.9999052670083741
940070,0.9998223979534393
940071,0.3564043353448174
940072,0.8989022448304087
940073,0.07128230377319383
940074,0.7960043426111076
940075,0.003135456563552692
940076,0.9997927766922989
940077,0.9997884650243114
940078,0.9998125928460885
940079,0.9999719394503862
940080,0.9998116066604819
940081,0.9987917831369972
940082,0.9016556248901798
940083,0.755429455927296
940084,0.9999822959534551
940085,0.9996732279054291
940086,0.3175409751942214
940087,0.3613786282858604
940088,0.5003373314226789
940089,0.9997110631151683
940090,0.495618705641369
940091,0.01904571409590448
940092,0.9997076967562835
940093,0.9999886037832771
940094,0.005770448016694474
940095,0.7992444858661051
940096,0.07444841329455523
940097,0.9955134300017623
940098,0.5584257336024468
940099,0.22251011132938148
940100,0.8159084056393366
940101,0.5718996752184955
940102,0.9995247891051908
940103,0.8392482956074706
940104,0.9971621386732292
940105,0.78683945520741
940106,0.5066291980387841
940107,0.10479001014239916
940108,0.07779259895995996
940109,0.5828048536519875
940110,0.0053857576589693016
940111,0.6406883892824928
940112,0.9932791715208484
940113,0.8677905077813772
940114,0.9999826191136649
940115,0.9993166531797429
940116,0.8246584754091513
940117,0.9971834797357582
940118,0.9886107301065528
940119,0.9998891884683011
940120,0.8867421365054082
940121,0.8620023013519438
940122,0.18347619285622466
940123,0.9995712709032378
940124,0.08083983960913829
940125,0.48528474488261575
940126,0.08629484887087653
940127,0.14442088761032293
940128,0.7689030488396176
940129,0.9978693037375682
940130,0.9999372456980009
940131,0.9997017734540871
940132,0.9871106441477208
940133,0.05256262014900288
940134,0.999935595351265
940135,0.8238786544986867
940136,0.7699676287296278
940137,0.9552019557032162
940138,0.7293289148814205
940139,0.37872057417973604
940140,0.9991723537689028
940141,0.8264567637542248
940142,0.9999260002485841
940143,0.8467792143994837
940144,0.05372407637389165
940145,0.968128679680436
940146,0.9994013600694531
940147,0.9875685461595384
940148,0.5950046947150885
940149,0.7786239415148236
940150,0.43173736881725344
940151,0.1889782165579209
940152,0.31767313766859817
940153,0.3503141465045405
940154,0.04201469957744171
940155,0.4793485871403353
940156,0.9999464911441474
940157,0.9926811571431465
940158,0.845962580057245
940159,0.04019377735364047
940160,0.9952600136206998
940161,0.45828256365379044
940162,0.9531043808028501
940163,0.9881766363635134
940164,0.02717608307772568
940165,0.8576970408506875
940166,0.9997057422331449
940167,0.7182962372872909
940168,0.29861754147186537
940169,0.9545730776149849
940170,0.9945899409159566
940171,0.9981581377345297
940172,0.6424792252057812
940173,0.9999432792576974
940174,0.9943363622605981
940175,0.9993167262832388
940176,0.9961178538143465
940177,0.0013062684688300472
940178,0.9995573073806213
940179,0.9990754178996818
940180,0.3288658175006409
940181,0.11716570664593493
940182,0.9997089571767304
940183,0.8506375811754829
940184,0.9998393988248135
940185,0.07056985699632132
940186,0.9684718845600205
940187,0.9998150968342555
940188,0.043158896556916855
940189,0.9950993632185834
940190,0.02911153291908381
940191,0.6329582247243218
940192,0.9927346459923835
940193,0.9843485070263943
940194,0.22881734569005277
940195,0.32575166346283957
940196,0.9991599838802729
940197,0.9976199619190935
940198,0.9998638383217812
940199,0.9945269948659827
940200,0.9994547109660837
940201,0.07216538029747012
940202,0.9087926711513128
940203,0.04156158975607435
940204,0.01576059156384651
940205,0.0645166932951723
940206,0.9992343765308325
940207,0.937414848852458
940208,0.995066859646195
940209,0.9852411204407374
940210,0.022564403014959555
940211,0.9994424580965189
940212,0.17619303786023655
940213,0.34633684360650896
940214,0.07944067839661015
940215,0.9994089632796939
940216,0.016586129281619406
940217,0.9997465730861383
940218,0.9964614962853106
940219,0.9128013728379676
940220,0.9411174440689164
940221,0.012586499771563335
940222,0.545582358399946
940223,0.06819409216244023
940224,0.0802534742977204
940225,0.9759990684442291
940226,0.9861874193110529
940227,0.9998489314276516
940228,0.6180771235897653
940229,0.980882074588572
940230,0.005369748388026738
940231,0.39648259583168327
940232,0.999928922948728
940233,0.9988364177118925
940234,0.9995613527833076
940235,0.9852427874637943
940236,0.9664529395517294
940237,0.9999453794837796
940238,0.2836753327352075
940239,0.020850611236484955
940240,0.2723021445246549
940241,0.9497015185879845
940242,0.18858186775601776
940243,0.9999636344855865
940244,0.9981654626505343
940245,0.9999400292357423
940246,0.8672304845465297
940247,0.822494711018812
940248,0.4964617457748683
940249,0.6592641986623289
940250,0.885338451954681
940251,0.9635245045623286
940252,0.011626506357370916
940253,0.9995260493455791
940254,0.005579922854148962
940255,0.27573352683511626
940256,0.9965356148814792
940257,0.07102429158950209
940258,0.9997051278402703
940259,0.5593591428263658
940260,0.9974076292079068
940261,0.9996745847185234
940262,0.9872282574137063
940263,0.9918404615103328
940264,0.6878212079546895
940265,0.7985889603879469
940266,0.99525973236151
940267,0.9422892283487896
940268,0.9837376222402696
940269,0.335977851592962
940270,0.9988366825852478
940271,0.8308836579461513
940272,0.6593752290590789
940273,0.8349954371430648
940274,0.9975463690267087
940275,0.9189666776730292
940276,0.9440456792218576
940277,0.9212094404925091
940278,0.9717080149570674
940279,0.9989725634709188
940280,0.1468372886457705
940281,0.999449172902364
940282,0.940872853172871
940283,0.16285153938184563
940284,0.05519569115899078
940285,0.9930259290248347
940286,0.9814254628545598
940287,0.9985631698926607
940288,0.9995444102287435
940289,0.999546938283769
940290,0.05032172677151989
940291,0.15480078858256766
940292,0.9985471390950118
940293,0.032753873331243945
940294,0.9995997199108181
940295,0.98420184578869
940296,0.9871213670894574
940297,0.0473946690559619
940298,0.9994856808197832
940299,0.06988915724577985
940300,0.9915027181585447
940301,0.9999610323124504
940302,0.9996965487020559
940303,0.7752869987239885
940304,0.9947720069496481
940305,0.9923309068959788
940306,0.8978459095541621
940307,0.09519533479313341
940308,0.8872107661560767
940309,0.967961654108004
940310,0.5980840943710989
940311,0.717314800815189
940312,0.9972125304396652
940313,0.5663152723017573
940314,0.9520264628899145
940315,0.958693909916956
940316,0.9973944650898735
940317,0.997447462074447
940318,0.999803197169463
940319,0.9994336951644138
940320,0.1437223729896076
940321,0.9987850188989146
940322,0.46326928670893375
940323,0.9783954619781485
940324,0.34439067848959076
940325,0.4883193381514418
940326,0.9740893661728856
940327,0.9991488659868417
940328,0.9968958206278764
940329,0.9999303951570828
940330,0.5527350190186066
940331,0.29366765663837063
940332,0.4164312462766505
940333,0.9996677889705508
940334,0.7946971580591496
940335,0.9621899866452075
940336,0.021999509416409553
940337,0.997488935387587
940338,0.9940560948558277
940339,0.5813035137391206
940340,0.8843507032349307
940341,0.9957580809865545
940342,0.2253000862201368
940343,0.7207794755638133
940344,0.10231256709635819
940345,0.018122785786197013
940346,0.9515633029921101
940347,0.8483876209417672
940348,0.009207790358170823
940349,0.9997624425663629
940350,0.999849455921116
940351,0.8580267909080036
940352,0.9576590874822877
940353,0.08089783060573069
940354,0.013785138256448845
940355,0.9795572415496374
940356,0.9909899719692381
940357,0.037263756451462134
940358,0.34001850888257507
940359,0.2807301165248993
940360,0.006498559178128697
940361,0.9996083954336159
940362,0.9993440792128389
940363,0.8232787260601758
940364,0.4803578752914146
940365,0.09796007341101204
940366,0.9999548398401787
940367,0.3644400210881536
940368,0.42485080166315115
940369,0.9979894929158206
940370,0.2835455749267365
940371,0.812249752996684
940372,0.9999699780931913
940373,0.03570954095236481
940374,0.9999782762392182
940375,0.9995925840077473
940376,0.998551543206698
940377,0.07124969188561592
940378,0.9996322059221463
940379,0.8732471123839944
940380,0.7664322759725123
940381,0.8828723862948598
940382,0.9981781485805666
940383,0.9997813839341789
940384,0.339441160791246
940385,0.9569805618156066
940386,0.7591105607652402
940387,0.005198644557597783
940388,0.3060980976415036
940389,0.995512119229338
940390,0.13567123045367122
940391,0.047465541274310935
940392,0.6481608718668104
940393,0.027121303246726527
940394,0.09086290399197403
940395,0.9318786752977193
940396,0.503512847584511
940397,0.268459131688898
940398,0.9978977129200133
940399,0.9998550905422862
940400,0.9850651345525179
940401,0.41283347705863493
940402,0.860253943966496
940403,0.8342626172420875
940404,0.7709673068790088
940405,0.9993208297959324
940406,0.03819008187319341
940407,0.9999313699899006
940408,0.8881290254726195
940409,0.805952338991339
940410,0.9821813038139923
940411,0.9773487991230301
940412,0.983732355706403
940413,0.9989960444622321
940414,0.9999560638716161
940415,0.999260120527408
940416,0.9156350679738126
940417,0.8932469716329312
940418,0.9971940599498319
940419,0.9965912290919374
940420,0.8610469033357977
940421,0.996049822256851
940422,0.7766395893006033
940423,0.9911203328018735
940424,0.9996717671164904
940425,0.021887371559204206
940426,0.9487579862477555
940427,0.9998467081111841
940428,0.9857186425013853
940429,0.6606776121703045
940430,0.9998666127925951
940431,0.5471497637683229
940432,0.845889229807966
940433,0.27148689430135853
940434,0.9997339787998503
940435,0.0816669689916712
940436,0.047571206143052325
940437,0.22926059973283847
940438,0.7201131266484968
940439,0.9957202061233903
940440,0.7296364749490767
940441,0.023753709086770637
940442,0.3899859214699085
940443,0.2135165635732475
940444,0.9982252353015536
940445,0.9990264304662473
940446,0.9992537508307131
940447,0.9037118133563816
940448,0.9999494205032471
940449,0.03898301368121297
940450,0.5284215669454827
940451,0.9980418984252648
940452,0.19874772455619805
940453,0.11403187186117172
940454,0.9997775467284857
940455,0.6620404297906812
940456,0.9831646861529916
940457,0.9380155291265541
940458,0.5686941454414634
940459,0.3718898983110058
940460,0.9940569156299839
940461,0.9995441228314426
940462,0.996011968776634
940463,0.8239903932520916
940464,0.9382462693378899
940465,0.5590786476373389
940466,0.9861290110286881
940467,0.08996756098143016
940468,0.998434488444879
940469,0.006380788600947245
940470,0.06585025724060299
940471,0.998050171885211
940472,0.9995517215536025
940473,0.9995015854326721
940474,0.9998842506443506
940475,0.9988413118619596
940476,0.9959549031151799
940477,0.9995432792812522
940478,0.013724298160886087
940479,0.6602559775370049
940480,0.9992562109249736
940481,0.4205626421739268
940482,0.03573330588872379
940483,0.9956656702188069
940484,0.009919346784097512
940485,0.9991214188554419
940486,0.05168057650018728
940487,0.7075097663846068
940488,0.9669990433746893
940489,0.9993609068321163
940490,0.9997884327411914
940491,0.19790511168868685
940492,0.18202757852296525
940493,0.7624511824604998
940494,0.9970879093952827
940495,0.998376059056763
940496,0.9987842495468013
940497,0.6356052577912108
940498,0.9998650972497148
940499,0.2531556012295108
940500,0.9289603857157659
940501,0.9842876685057604
940502,0.7331512735696148
940503,0.9999730640749015
940504,0.9561342369918722
940505,0.1565198608335545
940506,0.8384004787532656
940507,0.8997720502262755
940508,0.9977442315520173
940509,0.9538672909844945
940510,0.9970191095496186
940511,0.9999904939461093
940512,0.9885072647092942
940513,0.5638595602264453
940514,0.3450524080443109
940515,0.6179206090315461
940516,0.15992770673510567
940517,0.0067309196605223115
940518,0.14444130967847746
940519,0.005905734347407956
940520,0.5861195395864762
940521,0.9662189987589012
940522,0.9547627315393665
940523,0.3100726490664353
940524,0.03198585825291269
940525,0.841949914045925
940526,0.9999501950227998
940527,0.9956560869421384
940528,0.9144935437780026
940529,0.9851842042018636
940530,0.3256828015909842
940531,0.5194814286654296
940532,0.9862198698813818
940533,0.9997715879140048
940534,0.9783374610088688
940535,0.07471338982850323
940536,0.9912986151489287
940537,0.5462354007648083
940538,0.22432311251421533
940539,0.14658179061251295
940540,0.9997458272201297
940541,0.9985858295633989
940542,0.6463834896750462
940543,0.38196193233334697
940544,0.08048274668397468
940545,0.4467988607033841
940546,0.9971469529563706
940547,0.9855176466266837
940548,0.7811998814326169
940549,0.6482828566026704
940550,0.40907580084168105
940551,0.40215695785123656
940552,0.5618320104270466
940553,0.9999252181678013
940554,0.36767190522545
940555,0.9999369957914681
940556,0.9995955272053092
940557,0.9998160227013618
940558,0.005013309882119822
940559,0.033970059690024625
940560,0.9997925930392364
940561,0.9998269075744091
940562,0.9999669682398584
940563,0.9867478671070382
940564,0.9954910102934593
940565,0.309430918438937
940566,0.11542900612058775
940567,0.47396730638842155
940568,0.9999693191160842
940569,0.03290568278357733
940570,0.960827588887325
940571,0.9342047996872065
940572,0.04193126493141623
940573,0.6261915374121502
940574,0.9987412418281587
940575,0.9894374372821071
940576,0.9998076023634747
940577,0.9957474269942506
940578,0.999581169192296
940579,0.9908269685224806
940580,0.9996826330095014
940581,0.9903159771753467
940582,0.9910195795489825
940583,0.9991016777518487
940584,0.9998890226481724
940585,0.8743648517814853
940586,0.9986491326130079
940587,0.9998110023251088
940588,0.9986556367086881
940589,0.5240920649859636
940590,0.11637088255171496
940591,0.9975259688408343
940592,0.9932550460062901
940593,0.9999562857614304
940594,0.9933161101454101
940595,0.026396422033092767
940596,0.0028761094245615703
940597,0.7344886575667071
940598,0.9998016365743654
940599,0.9992568334950251
940600,0.9986757616044071
940601,0.956665021119181
940602,0.022127311456335876
940603,0.4711986576695324
940604,0.9997154985856184
940605,0.9959860514005561
940606,0.6461010225239135
940607,0.9896724788263751
940608,0.9509912307708058
940609,0.8833603497901794
940610,0.9996156388624323
940611,0.6793306384573182
940612,0.9986663618596261
940613,0.9995961722778168
940614,0.9989763887009095
940615,0.6396616455060461
940616,0.3607532429765027
940617,0.9993135800815218
940618,0.9100070530189832
940619,0.28880284171600645
940620,0.9992024820839454
940621,0.8322908026892952
940622,0.8474909637994282
940623,0.8845949665133966
940624,0.7868507235792617
940625,0.9987774990166151
940626,0.9999828640578132
940627,0.9789183741767189
940628,0.01700429371710626
940629,0.026052596431714814
940630,0.9881115308947768
940631,0.05653427288499288
940632,0.9969047360154819
940633,0.9995616874167368
940634,0.8993154059005177
940635,0.9998441184795288
940636,0.7180867595819872
940637,0.5313506526480002
940638,0.7407894199042048
940639,0.2812487691475079
940640,0.9999400969288315
940641,0.17240504311722984
940642,0.8963355231377412
940643,0.9613003140877814
940644,0.9999393661146102
940645,0.2605682331417357
940646,0.9996654959337832
940647,0.962323525109942
940648,0.27754545721848295
940649,0.9960053418621614
940650,0.9999156464926315
940651,0.9983257710609752
940652,0.31713068658795285
940653,0.9246820345409202
940654,0.05274603936793654
940655,0.2150604879830455
940656,0.06429251276135702
940657,0.9123885907015283
940658,0.7979953573080463
940659,0.04745554077106472
940660,0.9947079168067103
940661,0.9999081408489656
940662,0.99992911109426
940663,0.999795231718728
940664,0.9985831562638519
940665,0.8692988168920035
940666,0.6012011714734239
940667,0.9988325695809908
940668,0.9983010129368173
940669,0.6520885999773609
940670,0.21631771567683591
940671,0.9979533039832786
940672,0.9913794901154183
940673,0.16993436251602662
940674,0.17157253906034617
940675,0.9855801602523093
940676,0.9701893687402865
940677,0.9915802377932863
940678,0.9425501709938268
940679,0.574234991498567
940680,0.9982221384193557
940681,0.8668783422635583
940682,0.29761197872611644
940683,0.39581880753772325
940684,0.45955022784155886
940685,0.9988141524529237
940686,0.9782132973332216
940687,0.9761870484368889
940688,0.9996782315378596
940689,0.7187155532087494
940690,0.18596870073695287
940691,0.9998349029838625
940692,0.5547312456194411
940693,0.9998570483497357
940694,0.9934571560602287
940695,0.07511215389452804
940696,0.9998686987390374
940697,0.9966528586698189
940698,0.6231987645803914
940699,0.9995223807594382
940700,0.9998690797407285
940701,0.9999251816943491
940702,0.9998976150048562
940703,0.9999162625395988
940704,0.14929096663101366
940705,0.006715259419680443
940706,0.13744164842133924
940707,0.7798940231394582
940708,0.9822030028721002
940709,0.9039300220168127
940710,0.9516263894253787
940711,0.3401901817519465
940712,0.9733941551661657
940713,0.9616657299594927
940714,0.4514494416044542
940715,0.8811898160908828
940716,0.9912550382188914
940717,0.9991356319497607
940718,0.9999298478826326
940719,0.9742187596512604
940720,0.17033341597823143
940721,0.9993591327017657
940722,0.15398346596700824
940723,0.9996666500031055
940724,0.9991973232801552
940725,0.9856119782427111
940726,0.997189370571163
940727,0.9605750472735509
940728,0.6667861223665684
940729,0.9998216245642368
940730,0.05565433573575098
940731,0.9538915832259853
940732,0.9997755744993699
940733,0.3155935567652718
940734,0.9328819937243426
940735,0.9993258392814982
940736,0.9999176036778779
940737,0.9996856001823147
940738,0.9997779725438298
940739,0.24737137436973367
940740,0.8506847633115057
940741,0.9998267901424034
940742,0.37395807329723085
940743,0.9787362506428207
940744,0.40839303450308834
940745,0.9998912929179804
940746,0.26985507720731516
940747,0.9999903523691931
940748,0.9996557813918641
940749,0.9996928867971215
940750,0.999705244603855
940751,0.9994853680498471
940752,0.7250637737272014
940753,0.7743652101618533
940754,0.8407887569910739
940755,0.9632757476836807
940756,0.9991676518443395
940757,0.9998949471605874
940758,0.9999586504922426
940759,0.18955953253651575
940760,0.8027807957886832
940761,0.09789797053527173
940762,0.9998718423510812
940763,0.5464138109431703
940764,0.9992952222696803
940765,0.9762296102309804
940766,0.9793698256322109
940767,0.904893586375768
940768,0.9996797193841939
940769,0.9999805557062129
940770,0.987532949205862
940771,0.1498091684062305
940772,0.986641071734914
940773,0.9997813383206957
940774,0.9995245487554767
940775,0.7143059479809122
940776,0.9359923721786264
940777,0.031557372073629186
940778,0.08861617471475224
940779,0.9995925088749353
940780,0.9951638416209414
940781,0.995684593126813
940782,0.9982263423659312
940783,0.9970630614276816
940784,0.6495766016803319
940785,0.10806137910932875
940786,0.9047630973982562
940787,0.8932070954578835
940788,0.9117968283363942
940789,0.11948865866735084
940790,0.9849323146369093
940791,0.965373367543849
940792,0.40668496924395947
940793,0.8061764316245387
940794,0.7139024392581603
940795,0.5765052752100961
940796,0.9154824730611457
940797,0.4898363471812061
940798,0.91226966346234
940799,0.37045057525950764
940800,0.06977995693037298
940801,0.046441292254343236
940802,0.3277960755543163
940803,0.0750997908586709
940804,0.9943261367735832
940805,0.04501608566978724
940806,0.04861868053687935
940807,0.8940956749587174
940808,0.3351248065778575
940809,0.4352815729429517
940810,0.9998166110656928
940811,0.27269273388499976
940812,0.9902257419070853
940813,0.88104772940482
940814,0.0213301392094092
940815,0.9981951044169346
940816,0.5490139890879804
940817,0.9745224085558272
940818,0.18281938493558908
940819,0.9950892899493118
940820,0.9970202594937156
940821,0.0737413020552728
940822,0.9973326715885421
940823,0.09651904876140177
940824,0.9997221943002267
940825,0.9952315550685165
940826,0.9999662918799197
940827,0.9982907037456531
940828,0.8737672096828586
940829,0.9993478964555073
940830,0.99892879337408
940831,0.9996945474582174
940832,0.2963301259178987
940833,0.7871681221570643
940834,0.9990451004995011
940835,0.42785662027162125
940836,0.1936001925226264
940837,0.9978376316795374
940838,0.9996056949400913
940839,0.9799185996337693
940840,0.13944342717693553
940841,0.9886059278130226
940842,0.37617488431629814
940843,0.9995743918805337
940844,0.9996629073881333
940845,0.9999086684534686
940846,0.9988416109224014
940847,0.7799590831473869
940848,0.0751205491810876
940849,0.16782897043700978
940850,0.047939661647563914
940851,0.6431785450822446
940852,0.9986451499120585
940853,0.6806727845603031
940854,0.9998870632814154
940855,0.9972256202831988
940856,0.43704849068576024
940857,0.9767134085000657
940858,0.9984809817172482
940859,0.01301566780510156
940860,0.9996416948573972
940861,0.892532037970959
940862,0.9971388973301165
940863,0.9999925522731883
940864,0.9998937766927917
940865,0.024348761062756692
940866,0.9317473325730498
940867,0.9217759957326224
940868,0.9980787001407317
940869,0.019326112803914164
940870,0.991068465357164
940871,0.026457175942689266
940872,0.6124824682448765
940873,0.021595254951116753
940874,0.17675296928687417
940875,0.9999589045077525
940876,0.9965511642712098
940877,0.9271131613322556
940878,0.9674064933417615
940879,0.9991487942870192
940880,0.2601627707126368
940881,0.9899279333083215
940882,0.16460455314809935
940883,0.99950083077848
940884,0.999791941725312
940885,0.9857842509193178
940886,0.9998852688557598
940887,0.9999341003314988
940888,0.9996335245869261
940889,0.05459537987924595
940890,0.8003757192572589
940891,0.9998550789431537
940892,0.902222786850099
940893,0.9254805543505396
940894,0.6586977839625585
940895,0.5706221833428747
940896,0.947005429573109
940897,0.9923881031352384
940898,0.999989946618621
940899,0.980663424093063
940900,0.6958278319518864
940901,0.394772680958016
940902,0.9982439688985258
940903,0.9988612258890485
940904,0.05654305064507987
940905,0.9846659688170786
940906,0.6804179607841173
940907,0.9502187921473089
940908,0.22116228637974866
940909,0.3904557226811062
940910,0.904154358580423
940911,0.44892973144899095
940912,0.9985677761037315
940913,0.9503108468672388
940914,0.9950449966157264
940915,0.9753184114267515
940916,0.999924128412488
940917,0.45697668955722665
940918,0.8879285736856593
940919,0.28015493176390766
940920,0.9349546013603441
940921,0.9995714754369376
940922,0.7904201313585117
940923,0.05154658377144164
940924,0.7501211012574267
940925,0.32905643982603466
940926,0.5549719713576322
940927,0.007763900631873099
940928,0.9999383641479491
940929,0.44490626549889056
940930,0.8081806254954353
940931,0.886800066614689
940932,0.9994989710548821
940933,0.9972698337062315
940934,0.8720474861049883
940935,0.9997330189591326
940936,0.2101437461268558
940937,0.8349807101255421
940938,0.04909102973301876
940939,0.9998492073256209
940940,0.6420761722160107
940941,0.5995063685124998
940942,0.999732785938049
940943,0.9976816193592917
940944,0.00435775593734892
940945,0.35152753900970907
940946,0.9265849301673729
940947,0.9932958831914371
940948,0.9997695919139857
940949,0.03304051500693272
940950,0.999741746295522
940951,0.018705469144087397
940952,0.9996271325906047
940953,0.8390387414052061
940954,0.999786537184882
940955,0.9997356005629692
940956,0.9993202941365363
940957,0.623029353407272
940958,0.9999302901971163
940959,0.22430532264419833
940960,0.9440979699201324
940961,0.9997307125150832
940962,0.7627063505471514
940963,0.9592968687722978
940964,0.9177265120001538
940965,0.9847227575863936
940966,0.9999394279379374
940967,0.1952211448586814
940968,0.9997855132365832
940969,0.9926641848016199
940970,0.009744671133688678
940971,0.11245364673374471
940972,0.9279138662462671
940973,0.9999913315328053
940974,0.009636724300631254
940975,0.9555475668626767
940976,0.012676634205020128
940977,0.6599641965740912
940978,0.004548098266306835
940979,0.9974961117818587
940980,0.9973443662803255
940981,0.4580516417177766
940982,0.071263336579607
940983,0.8821704248340705
940984,0.3848502038628234
940985,0.29966767677348327
940986,0.8618363105490543
940987,0.999485200367598
940988,0.9834116099199198
940989,0.9998833046348119
940990,0.7196195088106176
940991,0.9937661072486697
940992,0.22046846991091373
940993,0.7297244464970465
940994,0.6399763156896272
940995,0.5164818117632726
940996,0.9998292243874529
940997,0.9998188962411253
940998,0.03972283075356708
940999,0.9996985202586899
941000,0.6996761688889109
941001,0.009047181390800001
941002,0.9966639590755386
941003,0.14649131970832524
941004,0.999356184012395
941005,0.905750220075179
941006,0.003344942960090482
941007,0.5204754155490706
941008,0.7317552559013402
941009,0.6783466476561082
941010,0.9900287781204563
941011,0.07279193819897367
941012,0.06326255799504305
941013,0.999992699177194
941014,0.15213479882742983
941015,0.9829213469194464
941016,0.9937827625625667
941017,0.3418006482935861
941018,0.9498450706142967
941019,0.858438178809829
941020,0.04262745488451914
941021,0.9999559425906472
941022,0.0438327968331421
941023,0.9998389597019757
941024,0.9938556594191225
941025,0.9657398472988579
941026,0.9975983033000931
941027,0.9690961868254742
941028,0.9502401812603548
941029,0.9985072409384501
941030,0.9999003352980302
941031,0.960364537991456
941032,0.01832304854793453
941033,0.9996887145603685
941034,0.9914809262193357
941035,0.06017504669462161
941036,0.9989037580371929
941037,0.0063405270880380745
941038,0.9994301423292282
941039,0.80612118060655
941040,0.23115221821101878
941041,0.5692514228994782
941042,0.18497317948000697
941043,0.9230964392488068
941044,0.07351568501007223
941045,0.8589361290803632
941046,0.1169715170152233
941047,0.9126548875999545
941048,0.9998530795155581
941049,0.999877010848719
941050,0.03223321354482408
941051,0.9968290801390165
941052,0.6746619121930517
941053,0.2447784165135741
941054,0.9985750472806855
941055,0.0818161157961235
941056,0.9999114031823004
941057,0.9934789098772675
941058,0.7232665141442147
941059,0.2930321858406481
941060,0.9997057692505044
941061,0.9947038991647549
941062,0.16100337697491096
941063,0.9999300697656253
941064,0.9954246112352075
941065,0.9995944675957751
941066,0.9942455958365993
941067,0.9925428894363963
941068,0.9996662347776712
941069,0.037447627432990745
941070,0.9930578605165581
941071,0.9745860864694161
941072,0.5744460714988657
941073,0.19799458892902094
941074,0.9998710125260181
941075,0.999624407738708
941076,0.1946587177897337
941077,0.8267899677620123
941078,0.9993789640302964
941079,0.9999770774571454
941080,0.998480633649776
941081,0.012275330933432438
941082,0.9999192909732518
941083,0.7843362158685179
941084,0.9680499611274345
941085,0.9999308766099677
941086,0.8933417243857951
941087,0.9990431396606019
941088,0.9990497519811679
941089,0.998011866659412
941090,0.7889301285691812
941091,0.9094414752766717
941092,0.9854292147688269
941093,0.3548285989267619
941094,0.9997929652007603
941095,0.5003873704330444
941096,0.9556263764030639
941097,0.6609834648861007
941098,0.9994688395359912
941099,0.08443624025616187
941100,0.03791562689381896
941101,0.03116380338960322
941102,0.7162252086751999
941103,0.9990974145671586
941104,0.07342173850943935
941105,0.999556450955494
941106,0.8300590510712451
941107,0.9304300866715842
941108,0.9178861605887636
941109,0.9971996016820182
941110,0.9998314626053602
941111,0.3906146038413006
941112,0.8764498109427921
941113,0.540331326757156
941114,0.28397550473579725
941115,0.9977750670719256
941116,0.2097060209286789
941117,0.9998441534467659
941118,0.9254889503306253
941119,0.971738599749431
941120,0.2747954414838357
941121,0.3843866686360575
941122,0.013488590248606673
941123,0.9860161303247823
941124,0.9999332009863465
941125,0.9764382711832356
941126,0.9773716506342274
941127,0.9999589452976589
941128,0.8960534649052883
941129,0.4957050611339773
941130,0.9999467962799955
941131,0.9995522987153778
941132,0.6713073119563624
941133,0.9746638425261993
941134,0.8097302396613031
941135,0.01171720915181803
941136,0.7248071944688151
941137,0.18841436046179233
941138,0.36186030319351514
941139,0.2153084181317361
941140,0.3564879551786614
941141,0.9996035885936344
941142,0.7707475339243857
941143,0.8041849229158928
941144,0.9430714869410972
941145,0.9999608722618714
941146,0.8421183875658711
941147,0.9989352925201795
941148,0.9999854229816802
941149,0.005134741715530187
941150,0.9639789238829257
941151,0.9578131213190052
941152,0.9999745041059255
941153,0.7310993804350377
941154,0.3670140916240043
941155,0.7316326227228426
941156,0.9980436116757276
941157,0.09328670815674217
941158,0.7423295919292199
941159,0.5966168571328428
941160,0.3892816344230603
941161,0.09276623151769267
941162,0.9996788122879665
941163,0.9992607130856241
941164,0.9963089808814524
941165,0.22818996566142932
941166,0.787935345715375
941167,0.6684024139201037
941168,0.13596519911176572
941169,0.9917568030669485
941170,0.017767006947719717
941171,0.9766109810786567
941172,0.342654511762559
941173,0.9999578280203332
941174,0.9937861897297251
941175,0.9283881071606889
941176,0.9987740981342695
941177,0.2886414572984063
941178,0.9998881665941551
941179,0.16543289308364917
941180,0.9997719932932813
941181,0.9720470642957126
941182,0.0771816571013517
941183,0.9694419954950371
941184,0.08937043000993533
941185,0.9999805591878042
941186,0.9098991233791506
941187,0.9962730372739268
941188,0.99991156853686
941189,0.09321813655858358
941190,0.9801109286331386
941191,0.9988343612186377
941192,0.9992754678564686
941193,0.9999797611648067
941194,0.46747431043283816
941195,0.014126589220125312
941196,0.0038370034322972152
941197,0.3430561408879058
941198,0.8007480555172545
941199,0.9998204443347126
941200,0.729541981086614
941201,0.5133785504249893
941202,0.9995034029128016
941203,0.9913546048932487
941204,0.9887114824267742
941205,0.9999793758636439
941206,0.9998503330196757
941207,0.9947958957546554
941208,0.38022797634486516
941209,0.9983715694061392
941210,0.999884276689414
941211,0.9907343414292542
941212,0.9998998523877779
941213,0.003037284902758854
941214,0.8398183174087839
941215,0.7965667741489348
941216,0.9998097726223287
941217,0.9604977943728461
941218,0.5170056368226355
941219,0.1032179797093039
941220,0.17857535851174983
941221,0.9506665659517064
941222,0.9499198560852133
941223,0.999562626080364
941224,0.9997899590255597
941225,0.011006833636810213
941226,0.9775627945326046
941227,0.0537019511703856
941228,0.07805210992138702
941229,0.9818151392535824
941230,0.9594554290961517
941231,0.23974133836951567
941232,0.011734186486170544
941233,0.08259896267479382
941234,0.0926737443108378
941235,0.9870605927997383
941236,0.9982802732546032
941237,0.9706819366816444
941238,0.10847370256881711
941239,0.023052441748807648
941240,0.9357833824461059
941241,0.9637497485901322
941242,0.8430907698792625
941243,0.7333272969235715
941244,0.7785863182306234
941245,0.9998368243825548
941246,0.2739437310292575
941247,0.9952961898261502
941248,0.8081735421264509
941249,0.8884086546729797
941250,0.999917297875069
941251,0.02902883100032734
941252,0.994714250613802
941253,0.8512298927416859
941254,0.9998800116520379
941255,0.7825323367286441
941256,0.3996860778935698
941257,0.9889530718138593
941258,0.9999922624019358
941259,0.6763746646813228
941260,0.9985079825706074
941261,0.6462588347401816
941262,0.003519547702102249
941263,0.6784636948465573
941264,0.5847875354233583
941265,0.812142424484826
941266,0.9896798250762804
941267,0.022292238987941422
941268,0.7883262647334464
941269,0.9886117452938205
941270,0.9348176942845052
941271,0.03592533417003036
941272,0.059395686674507425
941273,0.04390759818133169
941274,0.9614985138710408
941275,0.9990220397173992
941276,0.9991657414365117
941277,0.47898650444110913
941278,0.9998319452890884
941279,0.9996344012665023
941280,0.06531863410418863
941281,0.11996730546186439
941282,0.010975663958638108
941283,0.8529039612441749
941284,0.9992004669396868
941285,0.486343391627835
941286,0.025135763043572318
941287,0.7665277665860224
941288,0.5148628309551894
941289,0.0876439387048415
941290,0.08383413289805436
941291,0.24488970938035892
941292,0.9437674553238701
941293,0.9984125335955254
941294,0.568335328315116
941295,0.00979091447217272
941296,0.9755286929567009
941297,0.07889899870508821
941298,0.9924788154358377
941299,0.16853056567611932
941300,0.9998945495474126
941301,0.9296289816583726
941302,0.9999517666164256
941303,0.1559791069404884
941304,0.26855840410714077
941305,0.003806728426524464
941306,0.5015154191511072
941307,0.3481987393146217
941308,0.03657663303687568
941309,0.08512754409908238
941310,0.9824357263792425
941311,0.6680155181894544
941312,0.5114854778897076
941313,0.5947587003312323
941314,0.9940574317442092
941315,0.9340215738500899
941316,0.9999600586912509
941317,0.2771897906275178
941318,0.9494707858997811
941319,0.9440644625071922
941320,0.07074080327605678
941321,0.9998762714403838
941322,0.9996177449246586
941323,0.9997951486159533
941324,0.9988857192732759
941325,0.9996231305596783
941326,0.5356480549822336
941327,0.9973407410146398
941328,0.5299982772056702
941329,0.029861073417320437
941330,0.8917590255461865
941331,0.32370562369602696
941332,0.9839619293039118
941333,0.005842408716397159
941334,0.531927896623758
941335,0.7300592964154574
941336,0.011901360831766421
941337,0.5877674290747791
941338,0.9880762896908202
941339,0.3180039772254984
941340,0.8522370680014721
941341,0.9999916822412899
941342,0.7760061853134228
941343,0.9992297242819375
941344,0.9966715250758615
941345,0.597849434795781
941346,0.9968734044502798
941347,0.9637459206577883
941348,0.5873404202558499
941349,0.8568071960883394
941350,0.3952630307917738
941351,0.9999754934553011
941352,0.01915495608488304
941353,0.9857347996398798
941354,0.9998468369213074
941355,0.9998116655689693
941356,0.9995123584879751
941357,0.021824985727842895
941358,0.5072874861088509
941359,0.9984644882748233
941360,0.999985046981851
941361,0.9998772836496266
941362,0.9036230809600267
941363,0.9777837819929072
941364,0.39579428555653806
941365,0.22953583658511806
941366,0.9982983140024932
941367,0.10658316586541694
941368,0.6068253738072766
941369,0.29127503714512604
941370,0.8047680130614838
941371,0.9065030283927837
941372,0.9566944868372549
941373,0.9408461703157237
941374,0.9506026575269195
941375,0.14583105753914785
941376,0.43943442356473417
941377,0.9906299241850531
941378,0.060654479168732914
941379,0.9489442665983714
941380,0.5636069893549958
941381,0.6770675975236272
941382,0.9975731569923358
941383,0.9999149657138664
941384,0.9959645458693225
941385,0.5132675962700265
941386,0.9980894535914344
941387,0.06056260323406029
941388,0.9453949326066663
941389,0.9996382000288366
941390,0.9895297952403797
941391,0.9999277913928272
941392,0.9999452080997244
941393,0.9984687867305199
941394,0.9983477397285645
941395,0.9998419448975474
941396,0.9997605271009542
941397,0.9998700868562969
941398,0.9950331473521243
941399,0.9870573953652986
941400,0.9997288240603056
941401,0.9084696320454442
941402,0.9253198809175089
941403,0.5623810788902978
941404,0.9877553605558305
941405,0.8562299516143221
941406,0.9979630095271823
941407,0.9997482394505446
941408,0.9882384897279135
941409,0.1648539995836178
941410,0.039755297080431476
941411,0.999921426415488
941412,0.925517288565745
941413,0.4186151661232137
941414,0.9991192678621313
941415,0.9995539877596851
941416,0.9933168587461654
941417,0.9999593226188918
941418,0.9999805269678715
941419,0.9142109170484227
941420,0.9999494427408321
941421,0.08572838186680821
941422,0.9369330678985739
941423,0.3835287767161131
941424,0.7371202798688785
941425,0.9999263114340994
941426,0.9732241218300399
941427,0.08389242348841616
941428,0.7624643418607042
941429,0.6387499733441964
941430,0.9999228345965808
941431,0.9996175385075475
941432,0.9998972474664671
941433,0.7137645388782021
941434,0.21891323089681491
941435,0.02055081040110763
941436,0.9550594047673922
941437,0.06695485957737286
941438,0.0005173608689943631
941439,0.9942369512371572
941440,0.9878681700767228
941441,0.9766645205147052
941442,0.9998124160347308
941443,0.28438510171869974
941444,0.8020875760291705
941445,0.9999251415679656
941446,0.2524366478432172
941447,0.7236303208102455
941448,0.9976981464524556
941449,0.9945603621160439
941450,0.2611053858284216
941451,0.9217195432791658
941452,0.9057821896833931
941453,0.9035031915443523
941454,0.9963132353775064
941455,0.9784927020362691
941456,0.4651219506921276
941457,0.9993592161180159
941458,0.994181965400617
941459,0.28938078425116087
941460,0.8266763196253899
941461,0.012816686244748517
941462,0.017627312813527075
941463,0.9998783947840311
941464,0.3078363997185089
941465,0.9993459367798353
941466,0.9991683198585664
941467,0.1232944211335683
941468,0.9963192127303286
941469,0.9629855628911284
941470,0.962878752465429
941471,0.35957723305459527
941472,0.028862256182843875
941473,0.8135180855729943
941474,0.7069531344257052
941475,0.9742883296090483
941476,0.999453708054513
941477,0.9998397446027278
941478,0.7346950989601646
941479,0.9994557173931119
941480,0.9989939287374007
941481,0.007565281271217338
941482,0.9999830663093722
941483,0.9550200929603896
941484,0.027242633741848925
941485,0.9849244892075923
941486,0.41053014899762974
941487,0.01712122345095092
941488,0.37597972383632605
941489,0.9991624297806315
941490,0.9987805993907461
941491,0.9623124574760213
941492,0.03099139888791697
941493,0.8173264327785134
941494,0.9999461979515692
941495,0.024055201688805372
941496,0.7601917985027938
941497,0.9994585004155536
941498,0.8744974629871336
941499,0.964199911638737
941500,0.054828688516999464
941501,0.6063188559130878
941502,0.921278707513105
941503,0.9996996795449757
941504,0.9377265271295999
941505,0.9991325777074996
941506,0.9981803840947383
941507,0.06023231799788209
941508,0.053515846121327565
941509,0.9971115273810942
941510,0.9272896303317435
941511,0.9998807936814728
941512,0.9682038715335693
941513,0.999284544367786
941514,0.8189083130150612
941515,0.11481417605747936
941516,0.9911255179398928
941517,0.04214990729492693
941518,0.9747887434768601
941519,0.7741831442145866
941520,0.9982480020613875
941521,0.9997050276779083
941522,0.03763539068680066
941523,0.9927354846922221
941524,0.7186501358790605
941525,0.574590241480444
941526,0.21037485374065357
941527,0.009047344142801037
941528,0.10031999635970243
941529,0.9878162462025964
941530,0.9999837567470153
941531,0.6104164591584548
941532,0.7113892415835863
941533,0.9930691559746464
941534,0.24906714004652714
941535,0.999636375538135
941536,0.9997861319178971
941537,0.9912061024985248
941538,0.999821161169111
941539,0.45711690726440113
941540,0.9829154370825387
941541,0.8662332568432106
941542,0.9195760967669896
941543,0.005087172812928216
941544,0.0542587088215767
941545,0.9997998071353061
941546,0.21021169352318453
941547,0.02056066626969496
941548,0.9954557080696784
941549,0.7749071636600108
941550,0.383659223638548
941551,0.9813520202499483
941552,0.9925757356609604
941553,0.6729032801373394
941554,0.1946683144984251
941555,0.9850644181017785
941556,0.5982244300934259
941557,0.9994002783387164
941558,0.9707390457548666
941559,0.9944617465253562
941560,0.11769742656162953
941561,0.855878075502934
941562,0.999825700491012
941563,0.664144034019624
941564,0.9982171118891523
941565,0.9544345565586538
941566,0.9999170842939414
941567,0.9914174984970114
941568,0.20851064178045947
941569,0.998565200224994
941570,0.9275246393645982
941571,0.9679500310465263
941572,0.23687935728569876
941573,0.11106826621373991
941574,0.117563529402862
941575,0.13566131557715555
941576,0.9975112812269631
941577,0.47151953253754
941578,0.978173629287908
941579,0.2975339895533506
941580,0.010666123403795696
941581,0.995117131454307
941582,0.9998998377442029
941583,0.9277168732055225
941584,0.9991809039746227
941585,0.5599324455996235
941586,0.0395023767237728
941587,0.23843764968320005
941588,0.99691128155398
941589,0.8826318217412807
941590,0.144612383714214
941591,0.9993727358208091
941592,0.8278188190619987
941593,0.9995658554170196
941594,0.29510479849475657
941595,0.9832914625240191
941596,0.9993639436188752
941597,0.9997057602502032
941598,0.9739151006189916
941599,0.9929802082595558
941600,0.8419140368782542
941601,0.9952611673194307
941602,0.999705704371822
941603,0.9994375402317602
941604,0.9985474024787906
941605,0.6108715037647046
941606,0.44051903473839404
941607,0.9997716585590496
941608,0.7809331682137592
941609,0.46771973626526064
941610,0.8809635349745408
941611,0.9913981346377887
941612,0.12810989124274047
941613,0.9989996257679803
941614,0.17934182981441021
941615,0.9998877388416967
941616,0.4206858181217963
941617,0.46880817828229987
941618,0.9262501544138094
941619,0.9997470019601177
941620,0.03975576397820356
941621,0.5695341646802935
941622,0.03426930210010599
941623,0.746571114119263
941624,0.9964808950359725
941625,0.9946878117704951
941626,0.33292727379929377
941627,0.9866257454150987
941628,0.9997304280066008
941629,0.26642923750904196
941630,0.9999947981261545
941631,0.891056677884456
941632,0.11907746161937999
941633,0.999860950148335
941634,0.7188468046887232
941635,0.999496872531809
941636,0.9948860681232861
941637,0.08081540248433793
941638,0.3334808356458392
941639,0.058835468158551715
941640,0.9998373212977096
941641,0.9999816257003113
941642,0.8974147256608935
941643,0.9967689351080278
941644,0.9977245619795174
941645,0.9944943579273751
941646,0.9981311889570432
941647,0.4233903263177173
941648,0.9993388257277773
941649,0.13074104123192437
941650,0.07544409820461404
941651,0.8844087575038203
941652,0.9995480810524859
941653,0.9898442907160657
941654,0.9540739257636184
941655,0.0803001431553153
941656,0.9997574983082307
941657,0.9997229333758617
941658,0.14111587976897438
941659,0.9989993616130188
941660,0.9520272352563928
941661,0.9964218241367773
941662,0.24941941582578733
941663,0.9143007927284265
941664,0.17213172155875367
941665,0.9927003765494422
941666,0.16099592045947034
941667,0.9972171205707345
941668,0.9978773830176491
941669,0.7233661921540331
941670,0.9943900058564809
941671,0.6331419232852072
941672,0.2670696418988234
941673,0.20404496933190688
941674,0.9998206388425225
941675,0.016323794655527742
941676,0.9768073256063211
941677,0.9991036488838648
941678,0.6753976497851178
941679,0.9998760579784093
941680,0.9998810618687408
941681,0.9944745027611412
941682,0.9997088491744153
941683,0.9999868730789188
941684,0.9999236542003369
941685,0.583041765661316
941686,0.9944741692403563
941687,0.9088278564290923
941688,0.9998379216173613
941689,0.7529500294537039
941690,0.39276249857623513
941691,0.9998862140410685
941692,0.8371900099154016
941693,0.9999430183532192
941694,0.9524051808969115
941695,0.9995410440151418
941696,0.9022585671330782
941697,0.8922431909648892
941698,0.9994829552563639
941699,0.8392966301346908
941700,0.2514685582539233
941701,0.4868443703867846
941702,0.9296684030829712
941703,0.09257835215443319
941704,0.055789250447330734
941705,0.9984200111085123
941706,0.9974730332139835
941707,0.9998392523475296
941708,0.0809629824774547
941709,0.9983485294319762
941710,0.9746831134380243
941711,0.8194336655289793
941712,0.999781046643303
941713,0.9982608006284258
941714,0.0264047538367426
941715,0.29979376179031036
941716,0.009880862008917402
941717,0.9999543851893866
941718,0.13458370709877474
941719,0.9987043484043601
941720,0.47895806251422546
941721,0.9998576477412219
941722,0.7352844237835544
941723,0.998314882653341
941724,0.8816974910497082
941725,0.9956744159940687
941726,0.9873383390466297
941727,0.9996372247529877
941728,0.04017884450075024
941729,0.9904661114743284
941730,0.12659544647635537
941731,0.9999842592835673
941732,0.015259884885964201
941733,0.9965965426223853
941734,0.999412225636577
941735,0.9996137539661456
941736,0.8815499261751002
941737,0.7383109119463485
941738,0.801086610659737
941739,0.4777602675016167
941740,0.9998672699200294
941741,0.8150999329772188
941742,0.9999599500242174
941743,0.11355722574845395
941744,0.9265365187175623
941745,0.8445437571565132
941746,0.42859163288734325
941747,0.7919158898134311
941748,0.6586316382001303
941749,0.9955392206180265
941750,0.9997386415403939
941751,0.9972683625681507
941752,0.0326665093750116
941753,0.37151444339620726
941754,0.9985541764583186
941755,0.7062305375902972
941756,0.031139507606091944
941757,0.9455987142729324
941758,0.30019627769084467
941759,0.056466528585888555
941760,0.9947556858449531
941761,0.99983639499576
941762,0.9885416404785655
941763,0.00583212865629344
941764,0.9966349141736831
941765,0.9997405119731729
941766,0.9919462443723761
941767,0.7257496534989878
941768,0.9192262328857708
941769,0.9999425904624328
941770,0.9459672221344939
941771,0.9998072937044253
941772,0.999524198248114
941773,0.9542166967784951
941774,0.20311429207086346
941775,0.9998610623091343
941776,0.6868194806889419
941777,0.9931818544459018
941778,0.9819503788410998
941779,0.9885310698921657
941780,0.9995082868143135
941781,0.9998005836599551
941782,0.6386318409909189
941783,0.9995827481305041
941784,0.07438331115851794
941785,0.9999582514621569
941786,0.13149413706906463
941787,0.5653258371590183
941788,0.9997866108334696
941789,0.051231954205158865
941790,0.9707142997312579
941791,0.27392897502123303
941792,0.5587480301829255
941793,0.7673446437654929
941794,0.9960809603696892
941795,0.05112469780699465
941796,0.22522251548404945
941797,0.9979114792172994
941798,0.999981559408401
941799,0.5640120839966734
941800,0.9998365326015788
941801,0.14114743511131028
941802,0.8132379761228051
941803,0.6986646228114528
941804,0.07197374682452114
941805,0.01457955037707364
941806,0.9533050238241702
941807,0.9999859936154749
941808,0.9724355377455716
941809,0.4034540882936942
941810,0.8012866219359733
941811,0.9205897284625288
941812,0.9624239248834103
941813,0.9983339132278284
941814,0.9840725342046317
941815,0.8330723899050576
941816,0.4549532624226349
941817,0.9615316503571304
941818,0.9930945854836782
941819,0.5922975737782282
941820,0.5066101372743764
941821,0.9984814771279584
941822,0.6686557913250043
941823,0.5805295092584739
941824,0.9997103674483396
941825,0.9998751445605953
941826,0.9700415045341747
941827,0.5787256110100133
941828,0.0911922592325064
941829,0.9996822246105125
941830,0.999954422662488
941831,0.08094596833000291
941832,0.9512872862327493
941833,0.2442562093053629
941834,0.9996779100037179
941835,0.7712494523378435
941836,0.9998429035077676
941837,0.37840617422238576
941838,0.03964244516361093
941839,0.9552972053896636
941840,0.9994199021204737
941841,0.8474822603243207
941842,0.23564702522602593
941843,0.9999759613657934
941844,0.47894880094734205
941845,0.9962623345298796
941846,0.9946287381925852
941847,0.010603950932406082
941848,0.9729706560559535
941849,0.6211585999706123
941850,0.999644653804672
941851,0.9970656392599031
941852,0.9996210430273476
941853,0.6912225106676269
941854,0.9999717059886107
941855,0.9977690517352181
941856,0.9981058519203692
941857,0.9997030767646605
941858,0.08140799110387276
941859,0.9507333018706895
941860,0.7139744579256125
941861,0.2530833456640805
941862,0.9142224868744355
941863,0.9823555022382444
941864,0.8928156886772538
941865,0.9982697322815257
941866,0.9997452585327604
941867,0.0892103887408088
941868,0.9998890594506337
941869,0.006472560770408629
941870,0.9994759935094555
941871,0.9935092205643867
941872,0.9971170736519197
941873,0.5184625930101159
941874,0.8764027456675474
941875,0.7246675838297454
941876,0.7552401321359246
941877,0.9935474690574487
941878,0.22577211791073715
941879,0.9973472435788989
941880,0.7903278384818628
941881,0.8931406814949879
941882,0.47422308985437667
941883,0.9998143206792007
941884,0.5628143008378892
941885,0.023971459614325542
941886,0.10905720893422452
941887,0.7219555065386953
941888,0.4271529694618056
941889,0.9999134914333885
941890,0.1672937381104193
941891,0.9999543501826083
941892,0.1597736428122467
941893,0.8624552662013996
941894,0.8838428876951901
941895,0.9994487401568608
941896,0.1503856022852961
941897,0.5645248194432854
941898,0.9928834297540665
941899,0.9967710741776552
941900,0.7683487850330719
941901,0.5443753020843926
941902,0.5562198869744235
941903,0.05945417676532392
941904,0.04521249979522885
941905,0.005844786157213134
941906,0.8517301122078651
941907,0.9999552462693817
941908,0.9967994499795815
941909,0.3889105577371792
941910,0.9715163682881646
941911,0.9988596744914632
941912,0.9990352630516859
941913,0.9998535935974113
941914,0.9996841003562693
941915,0.8902111991777004
941916,0.9625012014973793
941917,0.5269842040149337
941918,0.2167698572906727
941919,0.8088046546367904
941920,0.3126054142746978
941921,0.7991314027963579
941922,0.6401731756450424
941923,0.9999923674249864
941924,0.003464487044709231
941925,0.8966007217308427
941926,0.98433845667467
941927,0.7570790386156365
941928,0.9811682708162286
941929,0.8716073018201116
941930,0.826610302650098
941931,0.9999344584782944
941932,0.9995020494574803
941933,0.3553438817507279
941934,0.1239572381075734
941935,0.5513755696044054
941936,0.8711810710829171
941937,0.9999660756929659
941938,0.5284257502303759
941939,0.9910346713969787
941940,0.9998169411649616
941941,0.9985465065172887
941942,0.4546630706425232
941943,0.05873951674347327
941944,0.04714805872429258
941945,0.9984710723273118
941946,0.9809416104546222
941947,0.3693906232758162
941948,0.6424189647424094
941949,0.021686090359425876
941950,0.02481294484617861
941951,0.13420945458784453
941952,0.013378164504032754
941953,0.29546687069350097
941954,0.999803064903479
941955,0.9928821626106804
941956,0.2138614512394626
941957,0.9147853029192532
941958,0.06981575313589798
941959,0.9999923217721373
941960,0.9995905292358127
941961,0.02762285152785994
941962,0.5423789342503734
941963,0.19880093602302445
941964,0.19580220786463493
941965,0.9996704367442467
941966,0.9858388204153625
941967,0.5813703019869487
941968,0.7108467011551709
941969,0.00549081545996268
941970,0.9993559377444636
941971,0.9999705381683768
941972,0.9986306656850594
941973,0.17477703320581073
941974,0.858998762839136
941975,0.9926677746859331
941976,0.9949616270115306
941977,0.46539071508840335
941978,0.9997615065365935
941979,0.004049119890497917
941980,0.9261428891802205
941981,0.21463460654252126
941982,0.9987885507535488
941983,0.04066027762556823
941984,0.4079546228888489
941985,0.9999507260379694
941986,0.45417544205648497
941987,0.9996252244683175
941988,0.8583750981465427
941989,0.9946814791947022
941990,0.018567073812513116
941991,0.9997890259185405
941992,0.9997505081019706
941993,0.9993228310636864
941994,0.03151066859645138
941995,0.8227887561762502
941996,0.42073760595055265
941997,0.9862012835358913
941998,0.6909981830614862
941999,0.9999821102244856
942000,0.9997150465197122
942001,0.7324731430742091
942002,0.9999877713983223
942003,0.9396127684222779
942004,0.0075486131098898394
942005,0.35518298792855457
942006,0.2723832821260589
942007,0.3077402411642327
942008,0.5581767100045032
942009,0.9995590092211831
942010,0.9537280727335793
942011,0.6955917993532356
942012,0.9997881494629248
942013,0.14523247937220055
942014,0.9968137297997527
942015,0.9978621089698405
942016,0.9656287878657475
942017,0.12146704134093962
942018,0.9589230755851165
942019,0.9989251519351471
942020,0.29135851294457726
942021,0.012631980118910615
942022,0.865460802380601
942023,0.4955304362022153
942024,0.9998813737457213
942025,0.9260062409923455
942026,0.02847082803698391
942027,0.4273434376351101
942028,0.6303254046376177
942029,0.9965435172659814
942030,0.6137723831244448
942031,0.9998180134585496
942032,0.9933230171375546
942033,0.7613152275250972
942034,0.9856078812375568
942035,0.9590861155694863
942036,0.1825459271890792
942037,0.9276325566961918
942038,0.151085745451625
942039,0.9999571418199316
942040,0.06303851154267662
942041,0.007968251689034431
942042,0.9155178940901191
942043,0.9739080901593697
942044,0.9568006735262942
942045,0.03175280208371803
942046,0.9997727222272871
942047,0.6877997652571053
942048,0.01041170781917742
942049,0.9999186456091576
942050,0.8943507897292522
942051,0.9983013987195348
942052,0.9997341712867878
942053,0.3900790509807641
942054,0.9996986121895426
942055,0.9989911299752796
942056,0.9060906841090837
942057,0.19589919698859576
942058,0.9973014824058283
942059,0.1766675352937273
942060,0.9976253254287464
942061,0.08165336902023501
942062,0.23883765513434466
942063,0.2121211699184095
942064,0.1087416951233619
942065,0.9999884042079006
942066,0.9957411530716849
942067,0.044772268837656434
942068,0.263692166966651
942069,0.9992337325448933
942070,0.9983319496219951
942071,0.9206548979977818
942072,0.7852141112035518
942073,0.5839842195494296
942074,0.47278534645034304
942075,0.4827801064683296
942076,0.13351608498279607
942077,0.9939732865758486
942078,0.4564465520130133
942079,0.7193708008798382
942080,0.951947967173707
942081,0.9101801931835919
942082,0.44812285689059617
942083,0.7541572585005925
942084,0.9994987916771699
942085,0.9982482767013866
942086,0.9994589230954745
942087,0.9530978860577064
942088,0.9991887515964509
942089,0.5026174078720017
942090,0.5421398292478016
942091,0.9999437163236395
942092,0.11192835795276694
942093,0.392282687828703
942094,0.9989583362071893
942095,0.7790644612395698
942096,0.9995590944254439
942097,0.9988399486254549
942098,0.11164692160539902
942099,0.9683278200248984
942100,0.6738195719467215
942101,0.9995433896044745
942102,0.4393754112327569
942103,0.9138232446689967
942104,0.797886700081335
942105,0.8165486971185993
942106,0.9977524202431498
942107,0.9512715541533676
942108,0.0855814118134861
942109,0.7493761849030164
942110,0.20868347950098032
942111,0.012451341113321376
942112,0.9975046351976017
942113,0.3077703417982332
942114,0.34789661278853923
942115,0.6032619762681967
942116,0.4725946032446166
942117,0.8492531287493947
942118,0.9998949836273731
942119,0.6512910758587936
942120,0.9993302070235566
942121,0.9999621275908173
942122,0.9999875049964281
942123,0.09211864580951662
942124,0.8152944019704043
942125,0.9993603199496781
942126,0.9992275543992867
942127,0.982987108872754
942128,0.9740095850043937
942129,0.6821489875715051
942130,0.6547749233141769
942131,0.14091795002483845
942132,0.9898120906685101
942133,0.07063600961493371
942134,0.2581825700572765
942135,0.3209513466192892
942136,0.9985022860610475
942137,0.9052581007578023
942138,0.999989442885847
942139,0.7071903224727585
942140,0.7817090438547133
942141,0.9953680574188916
942142,0.9287329184842424
942143,0.616942731051897
942144,0.9995385531890215
942145,0.9988939843038238
942146,0.761192483801906
942147,0.03426774303046933
942148,0.9999014308286643
942149,0.9997348465957872
942150,0.983232862906033
942151,0.9998153278757961
942152,0.999881437755095
942153,0.026277185595327254
942154,0.8681188062036724
942155,0.7766947156849139
942156,0.9998041492717744
942157,0.12324970064779156
942158,0.16275452971398663
942159,0.9660183996208416
942160,0.9999662167585299
942161,0.8065353490442342
942162,0.07529858794117247
942163,0.9999896542677271
942164,0.6929529983714136
942165,0.7681780205541358
942166,0.9982613783581789
942167,0.02013186177764533
942168,0.9743173936237881
942169,0.2645916245607855
942170,0.46104722408863297
942171,0.058208674511722645
942172,0.8617554345969789
942173,0.9998537483300061
942174,0.9981327162222375
942175,0.985734810224772
942176,0.9836743654602724
942177,0.9998753642132475
942178,0.7505351502625119
942179,0.8986313535602947
942180,0.9169241184482422
942181,0.999862192987018
942182,0.7953282190064834
942183,0.9717005246002247
942184,0.9998113015116256
942185,0.9999556004058627
942186,0.9997864268545675
942187,0.9735921187720329
942188,0.04356870125328335
942189,0.946732423933519
942190,0.9993008946434625
942191,0.7920492006446815
942192,0.9466751947856173
942193,0.9999627286787701
942194,0.9988996299173315
942195,0.29643816936071476
942196,0.9760421444713203
942197,0.9946355731138199
942198,0.9993407976768957
942199,0.6074836229106606
942200,0.37545695796900824
942201,0.999990144480514
942202,0.9992456841659105
942203,0.996243176921258
942204,0.7544665123388894
942205,0.5780175610247413
942206,0.8240522682210358
942207,0.027850868074260238
942208,0.8357795456039314
942209,0.999370271142718
942210,0.9054667137885666
942211,0.5600814910280191
942212,0.824819911012691
942213,0.728982847860685
942214,0.9990978809875719
942215,0.9998308556401371
942216,0.9978460346858806
942217,0.9999591639734164
942218,0.9221058122184251
942219,0.984559041052474
942220,0.04553494330888725
942221,0.2320115255427331
942222,0.9985796330140548
942223,0.07264000428069547
942224,0.9973295374236141
942225,0.5021290803736249
942226,0.5044713038276463
942227,0.9999672448812942
942228,0.8987689777006265
942229,0.9467194163912487
942230,0.972348703858483
942231,0.9999798852219197
942232,0.9999027358934662
942233,0.9788095355355428
942234,0.9999781435760186
942235,0.46862877886937515
942236,0.9995752821432303
942237,0.5111025086101925
942238,0.013057472609978952
942239,0.006431213870756369
942240,0.5257516891873529
942241,0.992378679000069
942242,0.9903158304794697
942243,0.9810056641171936
942244,0.9948913218619913
942245,0.9995917618929152
942246,0.9988895491696026
942247,0.05998290860956604
942248,0.010264350223594107
942249,0.9999582263485498
942250,0.9997830715720449
942251,0.37043806091096043
942252,0.9989694565183218
942253,0.8134793953480464
942254,0.0379670449434691
942255,0.6868710575622937
942256,0.27596132721143724
942257,0.3235105098229954
942258,0.024643885758914283
942259,0.42563969078382957
942260,0.999548599812714
942261,0.7271504444891903
942262,0.06256700613489807
942263,0.9999183132681826
942264,0.9996625275804765
942265,0.027568595625372172
942266,0.9392593869327257
942267,0.9996956507587933
942268,0.6171332546577161
942269,0.7271731722090051
942270,0.16982777314800968
942271,0.5589986091890524
942272,0.17889341081885382
942273,0.9936591744193832
942274,0.07681849367931882
942275,0.9444652162124787
942276,0.9982107868006291
942277,0.9764586208420276
942278,0.7960154405817834
942279,0.9910182497207769
942280,0.8457745374475168
942281,0.4601257433921044
942282,0.9947637698457221
942283,0.9983976143803074
942284,0.9987947071901653
942285,0.995922738541418
942286,0.5860051795006509
942287,0.9677115700815344
942288,0.6835007240619158
942289,0.32106399658789353
942290,0.9996677837421383
942291,0.9998671129351139
942292,0.9899522007422106
942293,0.9701785604413995
942294,0.9999779937862852
942295,0.028878875189695778
942296,0.04306299749280423
942297,0.999516945531286
942298,0.9998565726980635
942299,0.4882103612802362
942300,0.6818218726746809
942301,0.9937521171079524
942302,0.10515963253417246
942303,0.9944387979161291
942304,0.02361639058952176
942305,0.12772052036785922
942306,0.9239600517067503
942307,0.1963944712017003
942308,0.9423699314998469
942309,0.999989632730848
942310,0.0890754217597047
942311,0.5254670428524916
942312,0.9762512777782109
942313,0.9955904089995903
942314,0.9664543092469122
942315,0.03920085627438306
942316,0.07089760091527678
942317,0.9997044616691004
942318,0.9986074981974074
942319,0.9997691820094949
942320,0.7468788710802036
942321,0.43380445892028163
942322,0.04252632484808437
942323,0.9999600597341461
942324,0.9165953919625022
942325,0.9917619671655
942326,0.9999367551277225
942327,0.8614186052388146
942328,0.011801588127418557
942329,0.9998918444235021
942330,0.9993422282525226
942331,0.00462852592246941
942332,0.9983221073584652
942333,0.9499994641710544
942334,0.025565998994762328
942335,0.9841771641032744
942336,0.9997623725964566
942337,0.0669638197115586
942338,0.9960808399391405
942339,0.9997636286684507
942340,0.9997544599063093
942341,0.9982356952609378
942342,0.7868217563022064
942343,0.999676261001656
942344,0.9433931669866168
942345,0.9990588685890305
942346,0.999878138188748
942347,0.6905035272054305
942348,0.99250397323371
942349,0.06408749276604143
942350,0.6306592230843128
942351,0.003998300612033307
942352,0.2252007791118778
942353,0.9995033980900634
942354,0.9999317630177138
942355,0.999205592825339
942356,0.9339527822946035
942357,0.9866640272629236
942358,0.5775415677684358
942359,0.3724285208038661
942360,0.9951541537363626
942361,0.07971968301971429
942362,0.9999638174515351
942363,0.9998201122491017
942364,0.07673762898515861
942365,0.19116303695904607
942366,0.3229858021303935
942367,0.9999317129928662
942368,0.019395853372316304
942369,0.999923608453299
942370,0.013593030040718171
942371,0.8694815484512126
942372,0.9998827065641183
942373,0.9998808244299984
942374,0.8815714499912594
942375,0.9990602792790799
942376,0.9992134828704526
942377,0.4541891307516429
942378,0.08768150406826791
942379,0.022738697405299862
942380,0.9998364834648863
942381,0.9895372825571442
942382,0.7968300527549356
942383,0.9996802589187658
942384,0.8679375554616586
942385,0.03709678737510489
942386,0.9989177283780866
942387,0.9999936395153329
942388,0.23090132557881787
942389,0.9974358941477446
942390,0.011964788752547332
942391,0.997887779661413
942392,0.9992431345570294
942393,0.872218196938926
942394,0.9999434248363792
942395,0.9942077891818055
942396,0.9947436372669705
942397,0.9999293148642683
942398,0.9893049195251943
942399,0.005524252607786744
942400,0.1791778076538144
942401,0.9878648015596041
942402,0.013577245894535756
942403,0.9993374621745508
942404,0.9992465894404603
942405,0.9166889045691605
942406,0.38991126131477827
942407,0.9995752436871456
942408,0.07715075389814172
942409,0.0014173291495683314
942410,0.4786111843798202
942411,0.5716158785317542
942412,0.34231480590761
942413,0.9960505181273017
942414,0.9908300848249663
942415,0.9988826737115023
942416,0.9998156667503885
942417,0.23871606440432094
942418,0.8838132329938148
942419,0.9791169471257353
942420,0.011758170396684788
942421,0.11267265084702768
942422,0.5704295468757478
942423,0.24351376580684483
942424,0.006523213680723033
942425,0.6226204304336649
942426,0.9982568941270478
942427,0.7696837122172313
942428,0.30335784101566055
942429,0.07911199910559352
942430,0.9599261435880444
942431,0.9998352816713125
942432,0.9959305388989365
942433,0.09015072296703605
942434,0.28450123145025547
942435,0.9811369565547632
942436,0.9996993548131529
942437,0.037082975594438974
942438,0.33768710983284567
942439,0.9999373702780033
942440,0.003235199544453739
942441,0.9989953669909573
942442,0.8124286621133414
942443,0.644811832734701
942444,0.9996780137728107
942445,0.5498761182975449
942446,0.9994748982804299
942447,0.99905390969082
942448,0.09709064055624309
942449,0.9926964921158098
942450,0.9401564965443224
942451,0.9951439830240911
942452,0.015507085351124678
942453,0.9985153583271398
942454,0.9998261693832537
942455,0.95510178183483
942456,0.47566203728589734
942457,0.673018460094515
942458,0.3023072852626677
942459,0.9793286539484976
942460,0.9914309189585355
942461,0.1718470868685641
942462,0.9974169646938851
942463,0.09787569255849482
942464,0.984726600108311
942465,0.5203064646684248
942466,0.2224771683710734
942467,0.03746605136612291
942468,0.9995622006282352
942469,0.9706021494480429
942470,0.989023528825566
942471,0.9883739501515466
942472,0.9997427948610119
942473,0.9993972546126912
942474,0.7029313007516563
942475,0.9996974063482517
942476,0.5932716998394565
942477,0.9999524263115513
942478,0.9879421278341765
942479,0.9999544333181777
942480,0.5072716607262444
942481,0.9994787314333342
942482,0.9998834697434251
942483,0.5586283571673758
942484,0.8352311876172394
942485,0.9991892688029458
942486,0.2562789557736103
942487,0.8899154016846933
942488,0.9983764669381794
942489,0.9999020798719032
942490,0.9473041539193354
942491,0.6609429900414239
942492,0.21753422825922245
942493,0.8322590622484396
942494,0.9031933290820121
942495,0.6868466328835825
942496,0.9988435636740374
942497,0.9999826384355114
942498,0.9982559840047766
942499,0.9558706403015039
942500,0.03284111859529649
942501,0.9924277748409942
942502,0.059644445776665236
942503,0.9999684512031798
942504,0.9999725916041811
942505,0.6515716700765324
942506,0.9966393614008439
942507,0.9964041603902344
942508,0.028105249746378964
942509,0.9995351639619561
942510,0.6087028554222388
942511,0.9950370002220528
942512,0.7479123982711
942513,0.9998394182184537
942514,0.22994663908452975
942515,0.9273357368369513
942516,0.8552845317512318
942517,0.9999186474866099
942518,0.9984717500508595
942519,0.993257844652395
942520,0.9995837944149419
942521,0.8572949649952337
942522,0.08755157012602555
942523,0.2498977120555907
942524,0.17045489036981895
942525,0.13316231817012894
942526,0.9954849516121833
942527,0.6970220936581604
942528,0.9165633584934672
942529,0.7392249079932685
942530,0.9977107758587757
942531,0.5815530461207146
942532,0.995996232843898
942533,0.9987684904003092
942534,0.9979911844168625
942535,0.01574443023054578
942536,0.9994267079939072
942537,0.007165420774271873
942538,0.9997448287574724
942539,0.0951538198109062
942540,0.41916689366637416
942541,0.9998248964188916
942542,0.1191222742368375
942543,0.9688226148181911
942544,0.18249741281198528
942545,0.9969695639260904
942546,0.7671504451772293
942547,0.9802930322015785
942548,0.6923890975031407
942549,0.040267950318404966
942550,0.9998661815258998
942551,0.9998405213737325
942552,0.901127511072541
942553,0.9992157083946348
942554,0.997215607186939
942555,0.7872452696188679
942556,0.05232999362052751
942557,0.9992222778143045
942558,0.7992541579755342
942559,0.010823230484569096
942560,0.993957314447505
942561,0.9948179102618672
942562,0.9993180400193287
942563,0.0394812823694086
942564,0.9999348704787068
942565,0.9705879067966829
942566,0.9921298873197959
942567,0.28012918322699776
942568,0.917137773872654
942569,0.7066602986008327
942570,0.825040335445697
942571,0.9932598985073668
942572,0.9993994168734747
942573,0.09134240673822258
942574,0.9772928557723543
942575,0.9998523705989957
942576,0.8414455877386715
942577,0.45760967935593977
942578,0.9834188655300754
942579,0.8105546664922816
942580,0.499723565082862
942581,0.98892704787055
942582,0.8576131772434419
942583,0.7054022783637098
942584,0.0038476338123392025
942585,0.5194221397558918
942586,0.5633889979105687
942587,0.37473025684642347
942588,0.8664229818021865
942589,0.9962594341000519
942590,0.9636075210045913
942591,0.9719493487948874
942592,0.6752780643982658
942593,0.6774128338116687
942594,0.9665187297141383
942595,0.8972092365727511
942596,0.5786004848432504
942597,0.9801974250718515
942598,0.9999370625952793
942599,0.999911950180287
942600,0.016916664668373493
942601,0.06372665196661108
942602,0.8980047901293722
942603,0.031061821140136815
942604,0.8977306563857312
942605,0.9978578029208218
942606,0.9817784016645641
942607,0.9938684772783344
942608,0.9874615079263063
942609,0.024449241563834663
942610,0.6515939764181526
942611,0.9802151248613975
942612,0.5038172282531183
942613,0.9617337201259952
942614,0.9999569840589321
942615,0.06452069302961157
942616,0.9983745859197226
942617,0.02974246186742857
942618,0.12546673669898156
942619,0.7994703898664581
942620,0.8144417836199411
942621,0.2661395324656493
942622,0.7247908272404675
942623,0.7399057329005879
942624,0.9958668996679819
942625,0.054178216695637896
942626,0.9617434337998128
942627,0.7609508918511556
942628,0.23673498525653766
942629,0.9991561861738101
942630,0.7810454668184079
942631,0.898846548984235
942632,0.9994128800275046
942633,0.6317635652931798
942634,0.020085332836006914
942635,0.9998746173701397
942636,0.9294460330495015
942637,0.9997399884695148
942638,0.9943691269284414
942639,0.9997810606275969
942640,0.9640112698510778
942641,0.1416635235916411
942642,0.8074523192612217
942643,0.9853255433817556
942644,0.9997433533073276
942645,0.9762060645119361
942646,0.9998882297839335
942647,0.9971539693444329
942648,0.007762662602668247
942649,0.03940718737715225
942650,0.31609878930198515
942651,0.052156730742441114
942652,0.8416892868822821
942653,0.9952626268911136
942654,0.6581956556474854
942655,0.9667837589132695
942656,0.11371495006192829
942657,0.9995233508232071
942658,0.9999348972910231
942659,0.13216371135726962
942660,0.9996318501432169
942661,0.9982563419013402
942662,0.9979559650027006
942663,0.10950515427088119
942664,0.09220238018004721
942665,0.025009914592823698
942666,0.48159446969421027
942667,0.8727595973045037
942668,0.1537013607168272
942669,0.9651309368391197
942670,0.8667420764500882
942671,0.9847077447717262
942672,0.012243803140235921
942673,0.628888295651871
942674,0.9953516884041818
942675,0.9255577383467397
942676,0.9876862639431403
942677,0.04578403098507655
942678,0.7780365787983801
942679,0.4328700778322184
942680,0.08319581759209754
942681,0.9995240887288093
942682,0.998169882111447
942683,0.9947063338910314
942684,0.9998216179540571
942685,0.032351914730376595
942686,0.9338632978404539
942687,0.8615807140351437
942688,0.9981330310100209
942689,0.11194001351586602
942690,0.9996827226923775
942691,0.9873222161924848
942692,0.30490240802437674
942693,0.938825617929155
942694,0.9999841306819579
942695,0.999882701352727
942696,0.03163452834685033
942697,0.9999600598059497
942698,0.7259142642404997
942699,0.0462421034527468
942700,0.9925811499912934
942701,0.9992507623179249
942702,0.9983534956216713
942703,0.408227498248504
942704,0.9900575897476148
942705,0.758950329240074
942706,0.6407463829949529
942707,0.9403679804906281
942708,0.01726926869323797
942709,0.9880405734831265
942710,0.12233652637124665
942711,0.8111845838700775
942712,0.2705015472621115
942713,0.9999414231633104
942714,0.9944820811808383
942715,0.9636780467186419
942716,0.9928607897369666
942717,0.7431611480372744
942718,0.8031501448138019
942719,0.9249113699521945
942720,0.1606085365724479
942721,0.7067055293984941
942722,0.9989495460507132
942723,0.9891547771793082
942724,0.9950131901065571
942725,0.9659552971044065
942726,0.9910785633236431
942727,0.9993938242634757
942728,0.5831559898672304
942729,0.05477937506359058
942730,0.9900919273178745
942731,0.05910240021407201
942732,0.2226827118686099
942733,0.9990892803669498
942734,0.16027602688092193
942735,0.9903312118776204
942736,0.9944306922432825
942737,0.03881194766767091
942738,0.24391345471996367
942739,0.9906158520445711
942740,0.6317784979709018
942741,0.3077518915366501
942742,0.9896036116592635
942743,0.9912205964611145
942744,0.0687485622980545
942745,0.973216901698731
942746,0.999420166915455
942747,0.817743351463184
942748,0.387396849987796
942749,0.9996018319482767
942750,0.017510750611811364
942751,0.9977546730526677
942752,0.9998787590368676
942753,0.9963096226299695
942754,0.7394569262540278
942755,0.8524336949563793
942756,0.3298387487250851
942757,0.9127717949295018
942758,0.8827764702877027
942759,0.9999307956540373
942760,0.9998705646477883
942761,0.9998256176494043
942762,0.9996085479363438
942763,0.8307168310127192
942764,0.005528528324640113
942765,0.9998649779064777
942766,0.5362946436541233
942767,0.9703539052294519
942768,0.9987246597715334
942769,0.9607849018009974
942770,0.998247953560945
942771,0.1505808790354076
942772,0.9817167487967711
942773,0.9938845885633106
942774,0.9994027018128919
942775,0.9997430709956083
942776,0.999730526836925
942777,0.9996142970003901
942778,0.9246033369617215
942779,0.30743290888905805
942780,0.0382481121251628
942781,0.1364311405838896
942782,0.9962207397208659
942783,0.9961346279706239
942784,0.9999157236235354
942785,0.9384390877101465
942786,0.4668392300402881
942787,0.9953051572611258
942788,0.9877380399706106
942789,0.07432046472835553
942790,0.09614734011491305
942791,0.15347584475139836
942792,0.99537400296482
942793,0.9998526868699971
942794,0.6311908730992122
942795,0.997904150219638
942796,0.8645411488166027
942797,0.46922713820010037
942798,0.021030262641039084
942799,0.7183330754178332
942800,0.28007528788234165
942801,0.9105053580718119
942802,0.9994544831513317
942803,0.994483894286777
942804,0.9900384077350995
942805,0.9999392293872009
942806,0.999896339669607
942807,0.8269667375357699
942808,0.9970785222011915
942809,0.22187415478806966
942810,0.8923256386901627
942811,0.33868274954973243
942812,0.8602372579597239
942813,0.8652268763222382
942814,0.0033279956226383405
942815,0.959909864384989
942816,0.7788596269526266
942817,0.9991630910745846
942818,0.999912172777233
942819,0.6959962698508709
942820,0.8430674260969615
942821,0.9993194915350372
942822,0.9960410455346203
942823,0.03219073640639385
942824,0.9341182413696346
942825,0.9995696294870304
942826,0.9119273946836361
942827,0.9564176292168483
942828,0.9999711452237701
942829,0.6030105356375745
942830,0.9935807668892045
942831,0.022714980423073107
942832,0.9993484450430826
942833,0.9999428769133126
942834,0.15143137991439734
942835,0.022609060131842003
942836,0.994382264789806
942837,0.08398368318744895
942838,0.8850819559724128
942839,0.2895959003232895
942840,0.01336273925945332
942841,0.9134138141403816
942842,0.9998728767253665
942843,0.5812206042662893
942844,0.010390361361533328
942845,0.9205370990499611
942846,0.9999764325900349
942847,0.996789754926792
942848,0.997323764571098
942849,0.9972919026454488
942850,0.9987776560037128
942851,0.9944858567317032
942852,0.9018727213208767
942853,0.5767627428417984
942854,0.994799486126724
942855,0.13339665894158936
942856,0.14650464032865412
942857,0.9975376936157285
942858,0.9996576601230673
942859,0.9498392367959775
942860,0.9994991821268825
942861,0.01715392747480762
942862,0.9996971798562894
942863,0.6324273591352506
942864,0.808766891619455
942865,0.08393506847672962
942866,0.20080390713169224
942867,0.3471665389077987
942868,0.020074890152894903
942869,0.9938367502316137
942870,0.028631618399005614
942871,0.9293364676468293
942872,0.3079776666016676
942873,0.9998273076311639
942874,0.6619172828735904
942875,0.9423852823010642
942876,0.998106757126688
942877,0.9996524354066165
942878,0.9803580070187153
942879,0.9752274950845626
942880,0.5168545225554634
942881,0.9997801727593619
942882,0.8422521681893982
942883,0.9893081755050045
942884,0.2526151670096972
942885,0.5091504515954784
942886,0.5139520817349794
942887,0.5181766387903051
942888,0.9992486651459443
942889,0.9986887183840236
942890,0.2919582814813237
942891,0.9904076731860763
942892,0.021760417266088947
942893,0.007374667268692569
942894,0.5335700909773057
942895,0.9545006873694362
942896,0.04296258209591312
942897,0.7478976831830322
942898,0.04579474712796494
942899,0.6458955340991721
942900,0.9964514007985052
942901,0.9984797869564819
942902,0.9925654406996796
942903,0.9958424168896789
942904,0.027583613148029432
942905,0.9999579933278617
942906,0.2400947756285392
942907,0.9999729049715879
942908,0.08150493241828574
942909,0.9883869188466908
942910,0.9459335005135573
942911,0.156536196374248
942912,0.1620041092199606
942913,0.40968001039908203
942914,0.634779446086821
942915,0.9999250993346569
942916,0.9976854740494965
942917,0.6694314455275967
942918,0.9062888037785588
942919,0.10563325011914684
942920,0.5536772810583345
942921,0.8225241856166114
942922,0.998737591045221
942923,0.15033897287062514
942924,0.3241039084507743
942925,0.5766450072134796
942926,0.8753340641800829
942927,0.9983815616053013
942928,0.9994719817792586
942929,0.9944867700950009
942930,0.8980567350837102
942931,0.6217720023110023
942932,0.9978791560045519
942933,0.9581018748886445
942934,0.7587417942578865
942935,0.9736504897454743
942936,0.7323620595813474
942937,0.9984990834894014
942938,0.9545521158134421
942939,0.9440074247710857
942940,0.5004855730280061
942941,0.9921563417169774
942942,0.9931477337460627
942943,0.9997955666779577
942944,0.9971644116722639
942945,0.40861702208002065
942946,0.9999785917476978
942947,0.9991616656876044
942948,0.015005858004911958
942949,0.9996410281450276
942950,0.4280737334112675
942951,0.9996105780366598
942952,0.9998615156245523
942953,0.9966946044952442
942954,0.001592801789657771
942955,0.9997804293432184
942956,0.11833427887421348
942957,0.999510211024212
942958,0.4316173976780612
942959,0.975956291781416
942960,0.6677738641276465
942961,0.8005363189261279
942962,0.013592124840657884
942963,0.9997777960789741
942964,0.9962447007614779
942965,0.9147996262180413
942966,0.5702784488919199
942967,0.9996394002230324
942968,0.2847273624356396
942969,0.8589664872225145
942970,0.30174894935398605
942971,0.9994580801121206
942972,0.9990091963096217
942973,0.9887687934498252
942974,0.018742389536767004
942975,0.9997620240089354
942976,0.1243827196604004
942977,0.9923148399276891
942978,0.9993872097598513
942979,0.8125689527241464
942980,0.016093724856674874
942981,0.9998673530735274
942982,0.9978987586930482
942983,0.039405430880629186
942984,0.9999217800256037
942985,0.6243214729022077
942986,0.5144116458174153
942987,0.9996761121851155
942988,0.9992751682455958
942989,0.9981469296242469
942990,0.9998248394572786
942991,0.15343077116936996
942992,0.4854480912270483
942993,0.9997466403848181
942994,0.18514044032482435
942995,0.9998047496398373
942996,0.14083296151508137
942997,0.8615600817740374
942998,0.7049217847964903
942999,0.20988530054376003
943000,0.017147422261729887
943001,0.5236309467793799
943002,0.7651184307050499
943003,0.7868703060667255
943004,0.9978800984223788
943005,0.9908793143761686
943006,0.9998478453611631
943007,0.9994355894847493
943008,0.056768805950049295
943009,0.9962482034254554
943010,0.9992579748416344
943011,0.9987713089437513
943012,0.9997054520568268
943013,0.897058796280586
943014,0.9917215151417833
943015,0.4003995568983349
943016,0.9956873470014362
943017,0.9896604939837137
943018,0.9764166793298847
943019,0.43037703964293217
943020,0.7381885960132264
943021,0.9733409400495151
943022,0.9928976664618501
943023,0.22723555291478303
943024,0.905360210531678
943025,0.9994766391285682
943026,0.629668216771206
943027,0.06600468559016154
943028,0.9994396280427962
943029,0.9987087000506956
943030,0.029825337044763554
943031,0.20986956595940914
943032,0.998602543758524
943033,0.9890213338636981
943034,0.9989359970473838
943035,0.15871536040864329
943036,0.3577140319261447
943037,0.34536825057281884
943038,0.5772617309177889
943039,0.1477831649929357
943040,0.9946504197545126
943041,0.999374731937636
943042,0.9991023081239461
943043,0.9998351371505473
943044,0.7842236095412786
943045,0.4019258152562969
943046,0.6781634672823162
943047,0.1503436715813572
943048,0.6865176059514987
943049,0.16332224728871328
943050,0.7441676556799401
943051,0.9987653147997932
943052,0.9990474345688622
943053,0.030483737517384254
943054,0.4380114997104142
943055,0.5325931115086722
943056,0.993883929244051
943057,0.13293223768970014
943058,0.9995372851245143
943059,0.8210235821568317
943060,0.9987465590074187
943061,0.3725415019857362
943062,0.9999687741267788
943063,0.6546460084834574
943064,0.18259158741769624
943065,0.9999188306946524
943066,0.9158251093678798
943067,0.7070522796327994
943068,0.03625783023480991
943069,0.9998077859546037
943070,0.9944739858211966
943071,0.8513666844095433
943072,0.8223789713392409
943073,0.9990928566074464
943074,0.03809035296724406
943075,0.9189357038751345
943076,0.9655250167043419
943077,0.3782996448190891
943078,0.8748368479430977
943079,0.8242323938197333
943080,0.9983575975382013
943081,0.9999784543024883
943082,0.5837368392109561
943083,0.9996933855939959
943084,0.9791302413276504
943085,0.2735617361000057
943086,0.21591489441511136
943087,0.3643455595728802
943088,0.9665117274405075
943089,0.9848683058577161
943090,0.9999143164090275
943091,0.22706612945574073
943092,0.10166721459577628
943093,0.07708053426586375
943094,0.999413673137403
943095,0.5825478348334164
943096,0.6788372685457167
943097,0.9997994587216388
943098,0.9873495139401647
943099,0.7896381059986002
943100,0.994535871209771
943101,0.0698876750415444
943102,0.1375882383347693
943103,0.9980039089167951
943104,0.13051686272352753
943105,0.08490916284200975
943106,0.7653546528162246
943107,0.9937626631802623
943108,0.9844309182172875
943109,0.0057491590838188705
943110,0.019162915393650296
943111,0.32658053391640907
943112,0.7873221991497033
943113,0.20976691539862063
943114,0.81066468150334
943115,0.46263778210424367
943116,0.7218077902770177
943117,0.9861217186413612
943118,0.9962527520175601
943119,0.8985588502043025
943120,0.9997282995853746
943121,0.9998537742917623
943122,0.999811571829579
943123,0.9999552783760427
943124,0.9997164206558038
943125,0.5999689918235769
943126,0.99580126205348
943127,0.2892466709139465
943128,0.9945312868719174
943129,0.46820975152277144
943130,0.9901580327739049
943131,0.990475867244069
943132,0.9998309012744369
943133,0.3633882701471534
943134,0.9998907161542095
943135,0.9753666759007282
943136,0.9569517422440138
943137,0.9541636260067002
943138,0.34669024929485914
943139,0.9947232976655795
943140,0.9964381518474985
943141,0.9892098853669846
943142,0.06489595190592087
943143,0.9994710986795708
943144,0.279906416263508
943145,0.7131309901878129
943146,0.012204476278939481
943147,0.5615299132905477
943148,0.9998177135108717
943149,0.9993450284944876
943150,0.9998783057508644
943151,0.051921942697767974
943152,0.22057620463985933
943153,0.6264823740027289
943154,0.014037269412306628
943155,0.9968905312409602
943156,0.3937975245947372
943157,0.9909528660436162
943158,0.09393176044630905
943159,0.9996899019281413
943160,0.9999146441448469
943161,0.15622534065390353
943162,0.8616288209320917
943163,0.10282786587176924
943164,0.9996971910527641
943165,0.9569495406032196
943166,0.22604509861586308
943167,0.9993532276109829
943168,0.7550198096773186
943169,0.9998896161618751
943170,0.9934044152999615
943171,0.9987462613708237
943172,0.9840442271424472
943173,0.1683545614484595
943174,0.9342373283875067
943175,0.9920747110457019
943176,0.9161220061757266
943177,0.6880804892681402
943178,0.999912538320576
943179,0.8048286605111735
943180,0.9905338336722705
943181,0.1535608667020877
943182,0.03756145446734491
943183,0.70403708820598
943184,0.9968453730916369
943185,0.07083491672185509
943186,0.38527129217117506
943187,0.09832453828738039
943188,0.9860910881977663
943189,0.016890124045590222
943190,0.7926375887478068
943191,0.999809436080332
943192,0.9995632687592647
943193,0.9999571229356876
943194,0.090194966659511
943195,0.9999880542333927
943196,0.4307967909957211
943197,0.9734398724201668
943198,0.9998612293442503
943199,0.9997956043677148
943200,0.9990580609066442
943201,0.9968693103004138
943202,0.9055807571004977
943203,0.46702878566688877
943204,0.9997143666575561
943205,0.5072274397431124
943206,0.24329586771349132
943207,0.9783401213539069
943208,0.6696889198433404
943209,0.9937725422340001
943210,0.9894850299373668
943211,0.9995288622007454
943212,0.24054353336886947
943213,0.9221118818670777
943214,0.022784612156221826
943215,0.8948549111931654
943216,0.9992965642765507
943217,0.29644275579638746
943218,0.13298717945115543
943219,0.4549289164287922
943220,0.9998411166300508
943221,0.14156438999945284
943222,0.9970490054598061
943223,0.12211421177969094
943224,0.6534932689778187
943225,0.9999914380600965
943226,0.9785222423650044
943227,0.39741078458517315
943228,0.9999300018203571
943229,0.41203778349804854
943230,0.9988600764030298
943231,0.1542712461925216
943232,0.997385795213352
943233,0.663328570444426
943234,0.9999311785776825
943235,0.6034310496327792
943236,0.9999220779294926
943237,0.32669474204182614
943238,0.579203093531959
943239,0.3622342284899446
943240,0.32718429480451433
943241,0.5935907588407366
943242,0.4833348520914357
943243,0.8765725128658262
943244,0.9941143868878091
943245,0.8228951894725692
943246,0.28386784391706715
943247,0.9776338565178939
943248,0.9991938369931064
943249,0.6604340717904399
943250,0.9999833423937832
943251,0.8984035973762641
943252,0.9990068546751905
943253,0.9997755331434095
943254,0.9995597700870338
943255,0.23598724190469567
943256,0.9553232987008435
943257,0.02921406026422636
943258,0.9993233143652143
943259,0.8512259051291997
943260,0.999599425388844
943261,0.09232414367342526
943262,0.5781903806483776
943263,0.9996816355872599
943264,0.9990820154251586
943265,0.12683253419626236
943266,0.06050297721954903
943267,0.023034349918486036
943268,0.027198374731861784
943269,0.9998526727094765
943270,0.42417804863596986
943271,0.2995059346943204
943272,0.9110332538212512
943273,0.9999906153161211
943274,0.17651692096908614
943275,0.9999849148882552
943276,0.5663745727454794
943277,0.8301142993326536
943278,0.9889313037234196
943279,0.9999139049562581
943280,0.9992090539482491
943281,0.6313670183101487
943282,0.999879593964266
943283,0.981046365119423
943284,0.964757833593995
943285,0.513760594838321
943286,0.9998592500905914
943287,0.9935190725193928
943288,0.9990082695304656
943289,0.9995572140597871
943290,0.7750360036658523
943291,0.9810271760331737
943292,0.03774801954353863
943293,0.995107895359322
943294,0.9469181477737147
943295,0.9920950002950681
943296,0.9990471331497516
943297,0.9997383812924003
943298,0.26158338991005353
943299,0.9995046206180693
943300,0.999971172677387
943301,0.8716977050717877
943302,0.29598494572791667
943303,0.6607538488571914
943304,0.9995322384106583
943305,0.9995061574347295
943306,0.347373478685719
943307,0.992438812636562
943308,0.25157691816738387
943309,0.3359204324587709
943310,0.9917831372345436
943311,0.9972255561319631
943312,0.9886666390898287
943313,0.9999736462114317
943314,0.5431701711202914
943315,0.3261133698767533
943316,0.3154655164187521
943317,0.9991016971649693
943318,0.16723308848098634
943319,0.4361004140804413
943320,0.01600076980970588
943321,0.09298887605990414
943322,0.9043433708177471
943323,0.9004016098368226
943324,0.9962536861358086
943325,0.31530874474730886
943326,0.8372199782468851
943327,0.9998587651134481
943328,0.9998433628388183
943329,0.9983004901999878
943330,0.9952802048907099
943331,0.010721344233122425
943332,0.3566921641169299
943333,0.995835415412182
943334,0.849820863309178
943335,0.9949377329669178
943336,0.9995069081572471
943337,0.9847546763872908
943338,0.009815320661928906
943339,0.049137952092045384
943340,0.0020926770503151993
943341,0.9999698246961264
943342,0.9758189572773718
943343,0.6997580566319282
943344,0.969061527365169
943345,0.944374592175167
943346,0.9979945117715054
943347,0.2117037764991033
943348,0.9973565827539107
943349,0.45717222395822743
943350,0.9428974314936225
943351,0.9998769523397552
943352,0.9999440291518638
943353,0.2589474628229599
943354,0.9998583785655555
943355,0.9997865848134571
943356,0.4054376769410689
943357,0.9999843672630606
943358,0.9998967693989401
943359,0.8467154345390053
943360,0.9998290324738376
943361,0.9999889463694047
943362,0.9979725682559575
943363,0.995855101013353
943364,0.9892542896164813
943365,0.9988715425745531
943366,0.8720352962986694
943367,0.9998837108084844
943368,0.9901959252268319
943369,0.9996472233693596
943370,0.26687620211865043
943371,0.9971746750969948
943372,0.14505181138187898
943373,0.01833992298265819
943374,0.9475512640578909
943375,0.2813252041987246
943376,0.09780730277124076
943377,0.9997654917217069
943378,0.9828082047231858
943379,0.9994531902278079
943380,0.2762808228484596
943381,0.8377882654415556
943382,0.9997975458800674
943383,0.713776416865084
943384,0.8877757594020796
943385,0.5221693187853506
943386,0.9934351180208012
943387,0.9923671140306061
943388,0.9996788714534901
943389,0.999931315707121
943390,0.9776398060838415
943391,0.999778728173509
943392,0.9651494084450273
943393,0.1944978214813773
943394,0.9997899200748144
943395,0.34392953418943994
943396,0.13283598212766548
943397,0.9425147516603242
943398,0.9999403166634505
943399,0.3766623223599218
943400,0.9786784580872812
943401,0.39454968115516553
943402,0.05487431619244641
943403,0.04831826959358701
943404,0.9999154713961746
943405,0.01828066693753209
943406,0.999070799913985
943407,0.508237038198206
943408,0.9761575182891995
943409,0.7813566268400745
943410,0.8147946102700276
943411,0.48505702230412145
943412,0.9999082573378079
943413,0.9996513387779468
943414,0.9220445538200371
943415,0.999362854375138
943416,0.4471042066854567
943417,0.9290228352070304
943418,0.9963081978331374
943419,0.10770430017989144
943420,0.9999864410830397
943421,0.9991189489737081
943422,0.8185390012077177
943423,0.9987681555171746
943424,0.9926520551281305
943425,0.11100835154682484
943426,0.11090819308107748
943427,0.9998907739240595
943428,0.48643634070121533
943429,0.9926048991270139
943430,0.9720821313100485
943431,0.9627264930348257
943432,0.04353694797401651
943433,0.9981759761289306
943434,0.9825672010948459
943435,0.9980204097298835
943436,0.9971117149128119
943437,0.17817831065394407
943438,0.00911078935604817
943439,0.7588069004166416
943440,0.9997560490960453
943441,0.02378187049486744
943442,0.9940143339134179
943443,0.9663340899543521
943444,0.9999609822714046
943445,0.1792570310466205
943446,0.8733600675928078
943447,0.9983975323559009
943448,0.9996491991861658
943449,0.99986615444612
943450,0.7311504821294008
943451,0.08730110991541905
943452,0.9982609284037953
943453,0.9412710511132973
943454,0.9366747773875028
943455,0.9990498393541085
943456,0.060871294155447175
943457,0.9997741167793468
943458,0.7631393700355714
943459,0.6009570281800675
943460,0.8945299918078469
943461,0.01996554933270917
943462,0.40435872627943154
943463,0.005695344208678945
943464,0.9267265687196808
943465,0.02386548661686579
943466,0.2559893263388982
943467,0.9995218376893438
943468,0.5608870186678565
943469,0.45369716136618043
943470,0.03892602598796388
943471,0.9994651958445107
943472,0.9989892246457714
943473,0.766420457844134
943474,0.9995537801829303
943475,0.9328290294582116
943476,0.14529187579610994
943477,0.8014373305584428
943478,0.002172948028674658
943479,0.04578863869935419
943480,0.22185998568939844
943481,0.8725234227391703
943482,0.015438992527281904
943483,0.9991420803261379
943484,0.6448108478258622
943485,0.6181954259637988
943486,0.9958045611426158
943487,0.9991236139651452
943488,0.3772510540585905
943489,0.9969173992199425
943490,0.775258363730728
943491,0.02871064409074781
943492,0.9999181665320671
943493,0.46320814053790305
943494,0.8678950904378404
943495,0.7323841561653593
943496,0.9880607261306107
943497,0.16936331513646666
943498,0.9771489930627868
943499,0.9537755552778384
943500,0.030773431692131415
943501,0.4158462969901989
943502,0.999918370493821
943503,0.9427350174363717
943504,0.19961667237600098
943505,0.9912986641048227
943506,0.994574334175408
943507,0.7147327218170388
943508,0.9999846157356818
943509,0.01949472726671842
943510,0.5335075594573365
943511,0.12281950641857735
943512,0.4485379279537286
943513,0.04054684565684814
943514,0.8163087358798016
943515,0.9994890004967515
943516,0.009964560229391083
943517,0.6572759202845402
943518,0.9992697422739899
943519,0.9268331317414529
943520,0.9999670181643512
943521,0.9099694417634228
943522,0.6639959930935089
943523,0.9996659046725966
943524,0.10867785880370204
943525,0.9998969026689526
943526,0.9979553313136658
943527,0.9999683602544338
943528,0.12691210541357273
943529,0.6655967945700918
943530,0.9981795681145849
943531,0.8705361894529121
943532,0.0542730786771496
943533,0.9870836728531998
943534,0.9999547555159157
943535,0.9998008608169685
943536,0.15613581204074267
943537,0.8700812859905802
943538,0.2515292079924107
943539,0.5035854404904684
943540,0.33681241423063335
943541,0.9994216735941422
943542,0.7281116419852933
943543,0.9507993555464349
943544,0.9013665744098374
943545,0.878710281511357
943546,0.6388709878596428
943547,0.9999300325840631
943548,0.7367962675487681
943549,0.9996896739744584
943550,0.21157407701148184
943551,0.9999118860452549
943552,0.9980892839016532
943553,0.31959800612021916
943554,0.7115922423394958
943555,0.9077729643382382
943556,0.996974699812181
943557,0.9999945835250665
943558,0.9993112088180458
943559,0.9999639857780132
943560,0.5791665202624792
943561,0.28521531586097315
943562,0.9951086388515319
943563,0.8182326366174
943564,0.9976501681922432
943565,0.9349352051261174
943566,0.9997583727904329
943567,0.7153342309437152
943568,0.9993913672719632
943569,0.9999635881300193
943570,0.7278646372538857
943571,0.040588898441841104
943572,0.9992075286052526
943573,0.12689689058381004
943574,0.6637382131414191
943575,0.9998666691060937
943576,0.42318682969204907
943577,0.9247677647590324
943578,0.4597024133863625
943579,0.9977859472877986
943580,0.9996404865523688
943581,0.34816458231208847
943582,0.025700935995090612
943583,0.5563701541679084
943584,0.8964860488738398
943585,0.9994189974297585
943586,0.9987844756417941
943587,0.64468652136633
943588,0.9184008008958342
943589,0.28109318818780293
943590,0.8573785594503317
943591,0.06065078308480642
943592,0.07373326863418904
943593,0.27317548156424754
943594,0.9185743891286456
943595,0.9944357618656767
943596,0.9998006739776588
943597,0.06853393841826216
943598,0.10364994298190114
943599,0.42582020011597893
943600,0.06721160497540546
943601,0.9978657037102869
943602,0.9975961838752055
943603,0.5161930747364186
943604,0.4164355137155679
943605,0.6339752541457331
943606,0.999923611753068
943607,0.5440785390148775
943608,0.9995596348685334
943609,0.9997793624635094
943610,0.017928547536311443
943611,0.9962844429397869
943612,0.9986857749838767
943613,0.48540707230472924
943614,0.9980048137705437
943615,0.07119902172419884
943616,0.6958546038974734
943617,0.7269194462996257
943618,0.9625170971678667
943619,0.22883178615773037
943620,0.9758461962457307
943621,0.4566663684828821
943622,0.9994731443603223
943623,0.999560726427846
943624,0.9934364258976394
943625,0.00945240594070884
943626,0.7671149324956771
943627,0.9986899524010673
943628,0.9993804611411852
943629,0.8444907129870196
943630,0.9672397651087989
943631,0.9998968834163792
943632,0.05793188930708283
943633,0.9999763392203267
943634,0.9989364907345851
943635,0.9997068027431418
943636,0.998916883910047
943637,0.010709602983653513
943638,0.2709106650040768
943639,0.6396059731770561
943640,0.3288708912940078
943641,0.9999703838827183
943642,0.03179369399602131
943643,0.9421384533242919
943644,0.999373624065462
943645,0.9999193487024263
943646,0.8353696177291785
943647,0.6862991099964137
943648,0.46847482103421834
943649,0.13497757614338393
943650,0.9824349980763742
943651,0.4613295629662064
943652,0.8004292919992428
943653,0.9968376308468113
943654,0.9995373449963441
943655,0.7487804596631813
943656,0.8955497126060457
943657,0.9993131931746538
943658,0.9996632181665748
943659,0.999809420991219
943660,0.7567232095364078
943661,0.9964194131331571
943662,0.9062602860696094
943663,0.16457267472394915
943664,0.9999596725311528
943665,0.6264581443915309
943666,0.3955441530556253
943667,0.750129940964211
943668,0.57148254838932
943669,0.9712911800871602
943670,0.999971584828238
943671,0.29758243226640757
943672,0.0228052777830483
943673,0.16717965685599329
943674,0.998555651699111
943675,0.4085738406548711
943676,0.998992100027858
943677,0.8027002786529074
943678,0.01928054794152306
943679,0.021143574455633335
943680,0.9998033662790942
943681,0.815720888214039
943682,0.2878515492399851
943683,0.998678016591382
943684,0.8087874034372274
943685,0.050414430298249935
943686,0.7269472503199632
943687,0.7737291030659321
943688,0.9999832384757817
943689,0.9874805519913283
943690,0.00672995717588123
943691,0.8394940649407487
943692,0.9999310059869813
943693,0.9996797602439034
943694,0.9181595049047874
943695,0.6579938293637567
943696,0.9997416077064483
943697,0.07354656964897309
943698,0.9999688103025968
943699,0.999756011432891
943700,0.9997256047228842
943701,0.7733813978415209
943702,0.9998356045403165
943703,0.9025000075823295
943704,0.912714540064498
943705,0.024906664095116927
943706,0.48121445270322
943707,0.974234695003467
943708,0.0913114483983257
943709,0.012171894939117842
943710,0.5187102133162101
943711,0.5990301127196502
943712,0.8336617152101191
943713,0.9997125123016641
943714,0.8773694349581829
943715,0.013893670600741436
943716,0.9946750436991036
943717,0.36421923955437124
943718,0.32930774037866617
943719,0.5294695710714589
943720,0.5494526692717063
943721,0.018571453908131922
943722,0.9948646013201737
943723,0.8473808494699187
943724,0.870354101050856
943725,0.9999352219367645
943726,0.7889527239368883
943727,0.9402296519135286
943728,0.038789096435616316
943729,0.8884381792866223
943730,0.08916548647783706
943731,0.999650261198356
943732,0.8934909376556424
943733,0.4751537091756992
943734,0.8888025681022755
943735,0.9993434204442708
943736,0.8749587181500535
943737,0.8006592985660548
943738,0.9980368234165727
943739,0.9986935887346772
943740,0.33741371770878625
943741,0.6500808768227377
943742,0.3199792340820396
943743,0.4266489853234426
943744,0.02560493166984721
943745,0.001960874749385424
943746,0.9154927704022922
943747,0.7422665120984558
943748,0.48248871646884084
943749,0.4150285365021247
943750,0.7913105202683802
943751,0.9997266409330059
943752,0.7768127822654958
943753,0.9992668070640672
943754,0.9998669039648408
943755,0.05904124705516281
943756,0.9928693747446374
943757,0.017336107256489538
943758,0.8629297189470335
943759,0.6928106990227831
943760,0.029461433607088704
943761,0.82047068673696
943762,0.9940491143237403
943763,0.8700169979197543
943764,0.003369006033263118
943765,0.03408838432166289
943766,0.3489748327199127
943767,0.9993165424046734
943768,0.9998904234244739
943769,0.9205369268000307
943770,0.9770541989005732
943771,0.04197800969709649
943772,0.997299931820234
943773,0.09046195714395941
943774,0.9977927217811811
943775,0.9709743943401813
943776,0.7196003148496977
943777,0.990831668715092
943778,0.013063404794063906
943779,0.6749641713662009
943780,0.997851248941604
943781,0.999688655562392
943782,0.9989430750875267
943783,0.9993736978122721
943784,0.7635809850528528
943785,0.9999639070828759
943786,0.06621025791873071
943787,0.26396345501181245
943788,0.6602883316687616
943789,0.9996055371908739
943790,0.8326630887979625
943791,0.9962964584927732
943792,0.951702623061189
943793,0.7144331645288315
943794,0.885244006324436
943795,0.8236240584993842
943796,0.871638841933208
943797,0.999886519079961
943798,0.885662329547241
943799,0.9990343502466165
943800,0.12166515346126595
943801,0.7749595990068701
943802,0.5412823242757884
943803,0.8307118627499246
943804,0.9979401305553981
943805,0.9954543897146655
943806,0.7221710316236931
943807,0.9997253284526645
943808,0.9768646718145753
943809,0.6176275189138556
943810,0.8491618624847946
943811,0.9938599277392955
943812,0.8049806513052147
943813,0.998225507908219
943814,0.9855995265066064
943815,0.9930804449471758
943816,0.8086627927654277
943817,0.9950837942208154
943818,0.9944011668067754
943819,0.220593606743208
943820,0.993271857606359
943821,0.989653867751952
943822,0.9990101387750183
943823,0.8081926442764913
943824,0.999954447502202
943825,0.9999666604333751
943826,0.05345995967671733
943827,0.9976058484286527
943828,0.828370609252203
943829,0.9960305243078968
943830,0.1440652830702955
943831,0.9970187107313593
943832,0.02847148079407239
943833,0.17508863539599595
943834,0.34548939470495577
943835,0.999331640349547
943836,0.9902122574018466
943837,0.22744912781858048
943838,0.9998570872475834
943839,0.02950823943109418
943840,0.6170175868082817
943841,0.6625393548242456
943842,0.9949462036067632
943843,0.11163864772991713
943844,0.34115583699649094
943845,0.999897656190881
943846,0.652022608581651
943847,0.9803229851426367
943848,0.9998932797149825
943849,0.9999021186858428
943850,0.2888065084547532
943851,0.9903735096052769
943852,0.9967815710269647
943853,0.9991254122532515
943854,0.04280545998515184
943855,0.9995961331467613
943856,0.011977064461494397
943857,0.9995296047542424
943858,0.9996110283104627
943859,0.8265748351089299
943860,0.9998705046333405
943861,0.9995919480060288
943862,0.9999624708216126
943863,0.13895224646455911
943864,0.06680664650457285
943865,0.9987966565119015
943866,0.9999603026794085
943867,0.9998758849841296
943868,0.8946680222435457
943869,0.07328373965342233
943870,0.22312884722502413
943871,0.9995778725927063
943872,0.21238456620449364
943873,0.636059196614688
943874,0.9967959606772606
943875,0.8972428922982753
943876,0.9999463954968139
943877,0.9999633866971774
943878,0.42656564490195326
943879,0.5405637167534028
943880,0.6918415285017677
943881,0.490567782433429
943882,0.9939942762221633
943883,0.9459711707244751
943884,0.04290974109184498
943885,0.42909926749162197
943886,0.9806722237870592
943887,0.9023682094491123
943888,0.25838101906535405
943889,0.9988941672841721
943890,0.9999823874458356
943891,0.9996367505636145
943892,0.5838501657400275
943893,0.4002721499063752
943894,0.9996324301590352
943895,0.17929254818077153
943896,0.1422627616391576
943897,0.9994016866167252
943898,0.0233343161998105
943899,0.9990464251365175
943900,0.9997090063423355
943901,0.8649491405392302
943902,0.141754167233374
943903,0.9998664794024661
943904,0.9998352112557187
943905,0.3968808829501991
943906,0.5966400337353842
943907,0.9998888071441776
943908,0.9631904756656949
943909,0.03575586931480382
943910,0.9998862997977775
943911,0.15546576890711536
943912,0.7663280249836233
943913,0.9991329123960592
943914,0.010053085530310282
943915,0.9314554168759438
943916,0.4226294594355151
943917,0.9082342726456588
943918,0.34338917341915287
943919,0.5412222945069872
943920,0.9897156914292919
943921,0.9995486026404139
943922,0.9886871110884538
943923,0.9998517348385166
943924,0.8993749845078829
943925,0.8613083949841722
943926,0.9997941872609011
943927,0.06052384810208506
943928,0.8328978641897542
943929,0.9077723346554658
943930,0.9995650938138676
943931,0.5388012808115761
943932,0.04414432081198899
943933,0.13304524019861996
943934,0.31473992940547074
943935,0.7728217783302509
943936,0.9756416177443117
943937,0.93849526502968
943938,0.9998013973839861
943939,0.10580716214089003
943940,0.9982252808330736
943941,0.5181103326822051
943942,0.20480781108034452
943943,0.5711361308439905
943944,0.7945592220166775
943945,0.9989016174476641
943946,0.38634058287661754
943947,0.28708872446571715
943948,0.8790733043360586
943949,0.9738934454623094
943950,0.9792370393086391
943951,0.9967785474510195
943952,0.10084350923139164
943953,0.9960632373477163
943954,0.9997947405017392
943955,0.9958163948841164
943956,0.9587738149805998
943957,0.06109726972421159
943958,0.999466840917447
943959,0.9687043416451059
943960,0.24857472009602685
943961,0.9703813558050546
943962,0.9934724912093418
943963,0.9970123051092264
943964,0.9980802083261775
943965,0.03132251961897707
943966,0.40618096200149584
943967,0.17935044549394547
943968,0.9258172569933304
943969,0.03507791778826377
943970,0.0036431930548793826
943971,0.9998654544567578
943972,0.005670158891167004
943973,0.9929768831295314
943974,0.22231950358292307
943975,0.5607251972265506
943976,0.9998753843892705
943977,0.9990453209738922
943978,0.99642044092525
943979,0.730886964496509
943980,0.9999540598659623
943981,0.41977690502756404
943982,0.9997325710892306
943983,0.5491571036868911
943984,0.9998253760969279
943985,0.011294006002664125
943986,0.39810736307724426
943987,0.4649785131564411
943988,0.9997610234598204
943989,0.060643450138829165
943990,0.29561848405127095
943991,0.00988905444189411
943992,0.9713744559457961
943993,0.9998187657880223
943994,0.9985946879692009
943995,0.7536438237768168
943996,0.8701688418123938
943997,0.6802286950202698
943998,0.02036568851084683
943999,0.9866629568075391
944000,0.9493699782296765
944001,0.30060368659380643
944002,0.5722278056108323
944003,0.9992132390114521
944004,0.9999126257921682
944005,0.9988202948324485
944006,0.6291540219841333
944007,0.9996325071171712
944008,0.997172634420467
944009,0.18599386438859722
944010,0.4838571678943143
944011,0.9721667491043534
944012,0.02199915343903972
944013,0.9957658658103823
944014,0.9959713704703927
944015,0.995487197152231
944016,0.028309671373597974
944017,0.8315081398897486
944018,0.9913023268238603
944019,0.9373854927482665
944020,0.999377538768498
944021,0.9618425589302305
944022,0.03228957404207825
944023,0.9994383945857173
944024,0.45758493277960777
944025,0.8927745265438563
944026,0.9469996306465626
944027,0.9939134861725858
944028,0.9997145718030165
944029,0.3504068213539103
944030,0.008750468700976089
944031,0.997327817660711
944032,0.34435134661590927
944033,0.034579964239952125
944034,0.2831160465374453
944035,0.005188159666376058
944036,0.14753252770925926
944037,0.26231076692083316
944038,0.7628841386517848
944039,0.04342702360457061
944040,0.9990247216932011
944041,0.9446842225438605
944042,0.8694074604460276
944043,0.9656355893453947
944044,0.9992046407826689
944045,0.9756200242416719
944046,0.3356131288589837
944047,0.054650498420633575
944048,0.055576167450824346
944049,0.9954933640256336
944050,0.9978156399143093
944051,0.9984156580174716
944052,0.9618484828917764
944053,0.7275626181600994
944054,0.9982885321202658
944055,0.909875667791274
944056,0.5801770010276135
944057,0.026285466556518543
944058,0.9776965927710792
944059,0.981516497141377
944060,0.13561403399525557
944061,0.9836753699886247
944062,0.7817777185919711
944063,0.998944069296201
944064,0.9969663928922639
944065,0.9971050694620616
944066,0.6343065758984177
944067,0.9909914457607005
944068,0.9965979989240915
944069,0.9976107851730076
944070,0.9999936557269216
944071,0.9988547835692582
944072,0.999844168581225
944073,0.6658444003599846
944074,0.7924726671961706
944075,0.9996626021179065
944076,0.9993850323514968
944077,0.999944743894755
944078,0.035229520026694924
944079,0.705325527490127
944080,0.17540737017418373
944081,0.006065678286089919
944082,0.9985355010013358
944083,0.9997403260348776
944084,0.137102265309619
944085,0.7736054418437164
944086,0.08928650918266934
944087,0.8866586435804884
944088,0.997814875184925
944089,0.017735883035379513
944090,0.8681059364432939
944091,0.15862565469870807
944092,0.9996894255990569
944093,0.9996059665148699
944094,0.9246916673152845
944095,0.38398773501737926
944096,0.9799553032327933
944097,0.9872355877669565
944098,0.9958638437508938
944099,0.2537673943079069
944100,0.7499325401389176
944101,0.07283863022426271
944102,0.643401317225645
944103,0.9979310311223071
944104,0.9841771927105846
944105,0.9991976853637607
944106,0.006166860040808887
944107,0.9094435680620072
944108,0.9950662560727912
944109,0.2143280147092938
944110,0.9948502478194565
944111,0.9997383753126117
944112,0.9389037863226881
944113,0.9985343457655089
944114,0.9999276038747641
944115,0.26358298656486373
944116,0.9919971344508673
944117,0.9997965387818679
944118,0.0642332537160408
944119,0.08494184809942115
944120,0.997284545675876
944121,0.42437022209541037
944122,0.1925483317607347
944123,0.9721076274159952
944124,0.9998644832147245
944125,0.9991986836813889
944126,0.9999608741913817
944127,0.9802326777211761
944128,0.29609825047082455
944129,0.5006539551950666
944130,0.5736636267069944
944131,0.998328320695443
944132,0.45617218799726433
944133,0.9723788244031781
944134,0.993250311513918
944135,0.019775057170081413
944136,0.9871860490584308
944137,0.9825689706615038
944138,0.9999530020765198
944139,0.06508459213151677
944140,0.9998382055619608
944141,0.4833959191366849
944142,0.9809938299517645
944143,0.9787634619216363
944144,0.9999102054138892
944145,0.060089574705318734
944146,0.8952232519369612
944147,0.6790849806876612
944148,0.9407884098505227
944149,0.9994150572102736
944150,0.9999670236146194
944151,0.9971657384552425
944152,0.9996700062915909
944153,0.9595275242562286
944154,0.33588445757936847
944155,0.010800113208130943
944156,0.9222920689161223
944157,0.46179101845756804
944158,0.44847662967294266
944159,0.7285002344216184
944160,0.9950539471522707
944161,0.999760286103281
944162,0.9838252300883645
944163,0.9988315530101752
944164,0.9824455189144906
944165,0.5673338778582281
944166,0.9997382613268481
944167,0.9003316121690141
944168,0.9865810522520748
944169,0.20335206114430235
944170,0.9968730706893055
944171,0.9658937601549106
944172,0.6298044316813166
944173,0.9821135521411243
944174,0.9915244209194128
944175,0.9987151130623835
944176,0.9980890103088988
944177,0.9998794064237234
944178,0.8565800030134401
944179,0.9756105915084436
944180,0.2109579077433519
944181,0.17761406332769059
944182,0.9997551299082051
944183,0.4178446822809714
944184,0.7596959975671574
944185,0.9990166387666612
944186,0.9996606295538875
944187,0.26303667547463777
944188,0.4814999677005779
944189,0.9990708637343406
944190,0.7043702900462223
944191,0.9698811044852556
944192,0.1598465317974552
944193,0.9998457839044734
944194,0.9972172418868152
944195,0.9601443496916922
944196,0.9974200659871484
944197,0.9991536828005882
944198,0.014750085721498959
944199,0.9969673159888932
944200,0.15158668422953214
944201,0.6798108707995427
944202,0.24210641880045952
944203,0.99981268595457
944204,0.2813677150496691
944205,0.011792200486488293
944206,0.9957621805358728
944207,0.9995648996185038
944208,0.8481541008972526
944209,0.053075583399135734
944210,0.08602775324370218
944211,0.9999117599077596
944212,0.16112533055925835
944213,0.9999782550813485
944214,0.9985018428217491
944215,0.7443230082900902
944216,0.999940344638299
944217,0.7675695612683968
944218,0.9852014745626052
944219,0.9997180686846066
944220,0.9969592827371048
944221,0.9998363799883593
944222,0.027577213276706952
944223,0.8074430658943963
944224,0.6666582687414773
944225,0.9924269719381904
944226,0.019340961276700264
944227,0.015198485035123863
944228,0.1086253258912258
944229,0.10608725697757225
944230,0.5710654141017161
944231,0.34481831531391605
944232,0.9987784524006176
944233,0.002520406594702167
944234,0.29713863439128535
944235,0.4370473056009808
944236,0.0041987758088840805
944237,0.7803523675407797
944238,0.09685110550436574
944239,0.9997982149607294
944240,0.9472992734074248
944241,0.3460773870862397
944242,0.9839540486424612
944243,0.9986113430137992
944244,0.9990630277815761
944245,0.5603823351942843
944246,0.08353370570963925
944247,0.8089196739920956
944248,0.843187770477071
944249,0.9998371716936691
944250,0.994738957568284
944251,0.9992464615473882
944252,0.2874365662402388
944253,0.002478886669109105
944254,0.966788435320694
944255,0.9956287910663406
944256,0.9838612054686182
944257,0.8789392575701379
944258,0.9672830331325872
944259,0.07289478753130915
944260,0.9995711955757139
944261,0.7630616693120968
944262,0.8960362274736
944263,0.8755692991123433
944264,0.9997643695772537
944265,0.7468239422044274
944266,0.3227435857694213
944267,0.9793577427815574
944268,0.46888522530387144
944269,0.8936988847804063
944270,0.8492485773737157
944271,0.9993193752424225
944272,0.8984468517929811
944273,0.9327841521633586
944274,0.10911518902061679
944275,0.9996504647055046
944276,0.8855443994829575
944277,0.9283045022033778
944278,0.9981310593121919
944279,0.43186487882224045
944280,0.7686044227869644
944281,0.9966249490838253
944282,0.9902543040044658
944283,0.9940322965214841
944284,0.8992760470451486
944285,0.09375945327578572
944286,0.9967821128035006
944287,0.9998385644596933
944288,0.5567516612896944
944289,0.22637731145892412
944290,0.46691986130320773
944291,0.7176578245788355
944292,0.21036839476961822
944293,0.9996346212432679
944294,0.5386729549828649
944295,0.8197105724650104
944296,0.18484519905310992
944297,0.9979529356313444
944298,0.6105641747296755
944299,0.9925871962362565
944300,0.907761277742511
944301,0.15719474867434063
944302,0.22540883628712532
944303,0.056068289436325594
944304,0.49326313582942305
944305,0.9956917525742257
944306,0.9999262566267688
944307,0.9818067833266861
944308,0.8671203007933794
944309,0.9895164978494373
944310,0.898884944163288
944311,0.04604854331431294
944312,0.9990982076186053
944313,0.998986793479173
944314,0.9997158516102493
944315,0.9997710028106962
944316,0.9983138464885775
944317,0.9852309920422209
944318,0.20701854797337904
944319,0.9999582667884421
944320,0.9162079761717199
944321,0.9999673711967776
944322,0.5492857391843244
944323,0.6171049137237851
944324,0.867119787302636
944325,0.9990699451714555
944326,0.9992464787406516
944327,0.9995970197002677
944328,0.9595471288009461
944329,0.27707706364713913
944330,0.6313900474686098
944331,0.9988461231644257
944332,0.9495331618488965
944333,0.3247018299143185
944334,0.9988124860051946
944335,0.9996967574711991
944336,0.9997209090016123
944337,0.9999666358021362
944338,0.7785189750469116
944339,0.6727876009044381
944340,0.09752060748533006
944341,0.8225039379769845
944342,0.019633620727904783
944343,0.9997833689081079
944344,0.8989798682560445
944345,0.6502767318943459
944346,0.9998796811778047
944347,0.47690799580486015
944348,0.97896733172699
944349,0.0022415478259114395
944350,0.2864921251527913
944351,0.999862368136359
944352,0.9999023635348993
944353,0.9999804605185063
944354,0.9843481244719987
944355,0.12262810026574952
944356,0.9891270060294366
944357,0.9958644224861523
944358,0.31545606137103127
944359,0.2843397953945993
944360,0.9764548894394
944361,0.63569845150879
944362,0.21416997990149372
944363,0.9999855887043044
944364,0.938500489109716
944365,0.9779571663004987
944366,0.9993883855723573
944367,0.5369780835663538
944368,0.8999861348164351
944369,0.9855811489805701
944370,0.9848202247615558
944371,0.9969070108209834
944372,0.9875718322115262
944373,0.09039749245323148
944374,0.02274749465726526
944375,0.3849388816666259
944376,0.06841447706513705
944377,0.997857474173099
944378,0.9995919123231694
944379,0.03698924927343104
944380,0.8960346665493586
944381,0.999308538256229
944382,0.9982928822086136
944383,0.9786320532170252
944384,0.03536955537363453
944385,0.9966335965236259
944386,0.4378578351343657
944387,0.9490548358068049
944388,0.9998172197061064
944389,0.12093956296832929
944390,0.9111669587770196
944391,0.9509704231727218
944392,0.9183066771440385
944393,0.17620208150944328
944394,0.07046156125886396
944395,0.9999028998849532
944396,0.999851165993975
944397,0.9999463178182465
944398,0.9999347252507993
944399,0.9257075384592022
944400,0.9998608698308526
944401,0.7546982295283664
944402,0.9719372582553352
944403,0.6867480129723815
944404,0.9994398817272956
944405,0.2907271404988784
944406,0.7587443371955847
944407,0.8981982148844654
944408,0.5390030447355306
944409,0.9730582421456959
944410,0.9715772319026854
944411,0.976383826485465
944412,0.9871636324189689
944413,0.9283540067241725
944414,0.6853677586485234
944415,0.024186838346481644
944416,0.009364021366810948
944417,0.32289534546524135
944418,0.9857850983856263
944419,0.06368491488165243
944420,0.9326744747063991
944421,0.9824889047787816
944422,0.960022784192833
944423,0.9921909594962255
944424,0.5126083402971271
944425,0.9938840778617208
944426,0.9999545401678203
944427,0.6779654794937178
944428,0.0473892010332286
944429,0.044618393538920775
944430,0.9998929020731782
944431,0.9570971622280829
944432,0.9964547069760255
944433,0.5081681910827459
944434,0.9999513547838211
944435,0.9999083686410585
944436,0.9454940297289001
944437,0.7063370227410237
944438,0.7350223857024931
944439,0.9758236436209182
944440,0.8551592118415703
944441,0.42387708018566117
944442,0.9993002159478838
944443,0.9983151110770951
944444,0.17633306121375597
944445,0.9991077152905761
944446,0.9998974554129002
944447,0.004327537189080675
944448,0.8794088772154777
944449,0.00866720782245685
944450,0.02360707218573755
944451,0.6979718563473564
944452,0.9417204195139384
944453,0.3815414703581497
944454,0.9278974825498512
944455,0.9998592540149063
944456,0.9998587595752508
944457,0.24193410058721349
944458,0.4238722809574079
944459,0.999933187599694
944460,0.5556154521830896
944461,0.9998028697723467
944462,0.1682577313955
944463,0.12250856491195813
944464,0.9697120890516672
944465,0.9390347366576719
944466,0.9999423304860073
944467,0.9999513606663891
944468,0.998708567157315
944469,0.007629014818566952
944470,0.14104730003442098
944471,0.937994879438419
944472,0.799003946819743
944473,0.999985771790439
944474,0.9272563592479566
944475,0.9806334279903534
944476,0.06640979514311843
944477,0.01274837048294742
944478,0.9988810370381764
944479,0.908016408083819
944480,0.9954791773917735
944481,0.8933498016599598
944482,0.9994425848247153
944483,0.7444086058523247
944484,0.7380377614350984
944485,0.9993377169543736
944486,0.009435470351239643
944487,0.9173715683397012
944488,0.03864564690799927
944489,0.9998716479821994
944490,0.04991438473655048
944491,0.9994103857131131
944492,0.9987754645957325
944493,0.9979470394415619
944494,0.9900606365171811
944495,0.7214918070538535
944496,0.03505253517971704
944497,0.9569781242889978
944498,0.8361931807955618
944499,0.2894659522948787
944500,0.24701273782046837
944501,0.9435679557082449
944502,0.587413820872624
944503,0.9972725874813526
944504,0.9956391110047067
944505,0.9973056920925992
944506,0.45679576129971583
944507,0.0474392315454084
944508,0.12313947597153158
944509,0.27601149035896927
944510,0.9998896077783818
944511,0.007865149960461712
944512,0.9952220815212012
944513,0.012189254053746115
944514,0.9996893026759797
944515,0.3124883041482611
944516,0.22705541156297865
944517,0.9998969476039086
944518,0.9994968099438695
944519,0.161314199236951
944520,0.9610815290011978
944521,0.3679253560365933
944522,0.7116537371524956
944523,0.761353204394895
944524,0.3177364314344852
944525,0.9997270742562423
944526,0.3374753552890516
944527,0.5175819995590425
944528,0.9857899802929029
944529,0.997410299849314
944530,0.9999125098889151
944531,0.999901020467867
944532,0.9944965593160507
944533,0.9971935229729196
944534,0.6382644026326179
944535,0.9998121877123518
944536,0.5825083704413958
944537,0.6284824960133167
944538,0.9940483275989864
944539,0.9405856887259396
944540,0.9996237097503871
944541,0.011323407139717035
944542,0.9998936095353106
944543,0.028008045871848998
944544,0.35433099696993275
944545,0.8176871507221768
944546,0.9991327792927991
944547,0.6502647387931362
944548,0.9231238765645393
944549,0.2724198234795612
944550,0.7873316700313139
944551,0.9889315219737295
944552,0.9947771003169771
944553,0.857097786794504
944554,0.9529031159162253
944555,0.6806843622964827
944556,0.21644812094289734
944557,0.9033532893064369
944558,0.9994362903113827
944559,0.9998802170656707
944560,0.02350934144534402
944561,0.9858873188603507
944562,0.8765877367903826
944563,0.1791691609080916
944564,0.9929068340164366
944565,0.9409267063563371
944566,0.01530966655029794
944567,0.4381154581589146
944568,0.9998220699972775
944569,0.9998361777041092
944570,0.9997195754251109
944571,0.9982328868160246
944572,0.7603705086231509
944573,0.7708856714269177
944574,0.9999170295387239
944575,0.9992519931729363
944576,0.9999709774025194
944577,0.30691746698834393
944578,0.9928629827254497
944579,0.4942584106137995
944580,0.8124318944916952
944581,0.9999180950589086
944582,0.9995370114072694
944583,0.997393130945893
944584,0.9998910184970418
944585,0.7485670166938982
944586,0.9954306152492227
944587,0.6935643058812532
944588,0.16063712375736483
944589,0.9999485545397805
944590,0.9978051772436123
944591,0.521517550926342
944592,0.9961667225395473
944593,0.9998442454440484
944594,0.6788189735645076
944595,0.9991694684219304
944596,0.9995672838375489
944597,0.9999164942348073
944598,0.34863178360245456
944599,0.11105760226691831
944600,0.21342754281477047
944601,0.9929530192965964
944602,0.032079615974038474
944603,0.3637905263284397
944604,0.9994110724548962
944605,0.8460180681250441
944606,0.8566846443432392
944607,0.9999581435576946
944608,0.5767198653660273
944609,0.2184404868098369
944610,0.7562055021879568
944611,0.0945210572885002
944612,0.9046387648587053
944613,0.9978359356339255
944614,0.9999796831628678
944615,0.9994160762605226
944616,0.08174041086817069
944617,0.9999467717783743
944618,0.8618365188147629
944619,0.9981641196689377
944620,0.9998308225653192
944621,0.9625543620628951
944622,0.9989759363128801
944623,0.9998610627469277
944624,0.9979797340264325
944625,0.8592969724101163
944626,0.999965431137251
944627,0.20064683943181683
944628,0.08352109769491145
944629,0.9923670707205386
944630,0.004244717482860019
944631,0.6565282192382653
944632,0.3418052159102335
944633,0.22321553426802118
944634,0.9995799795610638
944635,0.22062593431127372
944636,0.9996141125188864
944637,0.9999146140735167
944638,0.9989457429512417
944639,0.9934289905712474
944640,0.20381574714671707
944641,0.128833392083175
944642,0.12029513284947327
944643,0.18680587257555725
944644,0.02864497012081662
944645,0.9998196054716563
944646,0.06635941039901182
944647,0.9998618137108732
944648,0.41097218782025036
944649,0.8751942082045945
944650,0.9942362735370931
944651,0.6106823511820456
944652,0.9994466793374372
944653,0.8710637399028467
944654,0.9989341003660728
944655,0.9031177499995168
944656,0.1152219764968622
944657,0.6523050848276162
944658,0.057986273894323107
944659,0.0019059924058954095
944660,0.9990270793393361
944661,0.8711741755289146
944662,0.04608152391381219
944663,0.10340330977173719
944664,0.9639686434841617
944665,0.9988527376833382
944666,0.5049177375174667
944667,0.999926096897609
944668,0.03191293159030139
944669,0.9958541388426199
944670,0.8290195066730561
944671,0.08111234062085876
944672,0.9992994317383251
944673,0.9761090871152128
944674,0.9960988308517855
944675,0.26271903218246456
944676,0.027074050687000507
944677,0.9763400946912504
944678,0.8256759910759515
944679,0.20580808215579224
944680,0.9997699354667172
944681,0.9998967043590952
944682,0.3824746088064723
944683,0.9969665477493954
944684,0.9997513944948803
944685,0.007596549373748892
944686,0.9996011502223099
944687,0.005920780558940678
944688,0.0022095109778944447
944689,0.8502554008002416
944690,0.5569986664610898
944691,0.555842903806523
944692,0.9999573233279688
944693,0.36226477449184086
944694,0.5511394886563796
944695,0.9997968398346055
944696,0.9073616148305961
944697,0.9749382836489623
944698,0.3071058054201977
944699,0.9151510117837655
944700,0.9998559765180629
944701,0.9998765262406744
944702,0.9990716258508037
944703,0.8909558696768423
944704,0.9959085660913249
944705,0.9997699778229514
944706,0.027849457223958412
944707,0.9065252072076674
944708,0.9996635601073766
944709,0.9981679310721379
944710,0.9998004242145032
944711,0.23877088942635838
944712,0.12444417286910499
944713,0.9931264078568796
944714,0.9995590885220014
944715,0.06002188150321104
944716,0.9183068930428053
944717,0.9973881031525231
944718,0.9999506631200472
944719,0.030985695969202275
944720,0.9996702407730417
944721,0.9997763486004163
944722,0.5430916383701707
944723,0.9885866080902741
944724,0.9429897431426135
944725,0.9922453582384156
944726,0.07576800129021193
944727,0.9623710244646991
944728,0.8246764078775154
944729,0.9994610811585036
944730,0.997513058163351
944731,0.05711748854471681
944732,0.583366983385996
944733,0.6507169819164109
944734,0.9994811571871176
944735,0.9976017314793246
944736,0.9041997487762203
944737,0.383342397840099
944738,0.4099688175702698
944739,0.981123436586117
944740,0.0697713571565
944741,0.5713872574734692
944742,0.9991144179031003
944743,0.9700629645322087
944744,0.20579208725539186
944745,0.9974226425292751
944746,0.7553366534862449
944747,0.7175818851134591
944748,0.1048939001498686
944749,0.9995632932604738
944750,0.9326924681505293
944751,0.022374904054434562
944752,0.999975361082407
944753,0.7215661216300873
944754,0.9999018283065502
944755,0.24164729128229956
944756,0.15028159055499232
944757,0.2984959102885957
944758,0.3795934325399463
944759,0.4296388638710086
944760,0.2313997388476689
944761,0.9999421271545184
944762,0.038975425195085504
944763,0.9837617599877241
944764,0.43277035544924136
944765,0.5530818130724576
944766,0.7616323507837277
944767,0.9972242411550429
944768,0.999230209198723
944769,0.22125164316452095
944770,0.8013320651336786
944771,0.5425023625000113
944772,0.3405763684817941
944773,0.998562044174088
944774,0.9997817600805106
944775,0.20495799372313594
944776,0.046822505283181895
944777,0.9662717039045581
944778,0.31228058322464125
944779,0.9970048230452631
944780,0.27832510441327574
944781,0.5961186668768099
944782,0.8848870785819503
944783,0.9605843010790291
944784,0.9970133422674188
944785,0.9987001808445125
944786,0.07633925120025307
944787,0.9998327347603795
944788,0.6177401243351018
944789,0.7941829170981529
944790,0.13869300649357885
944791,0.9962553108372518
944792,0.14692572306756957
944793,0.999855652772057
944794,0.10903373787538007
944795,0.9474461289385236
944796,0.36896720873928407
944797,0.712237491168767
944798,0.9982194423121927
944799,0.9990526518459266
944800,0.9540031453482165
944801,0.06565788577402659
944802,0.9988221428462396
944803,0.5053992589200283
944804,0.16731454651356278
944805,0.015342736220711608
944806,0.9985553984577047
944807,0.9697202717813944
944808,0.9976516547824182
944809,0.9739825492442261
944810,0.5732284936452279
944811,0.8258240781225203
944812,0.8111177836864245
944813,0.9955173566565687
944814,0.9914391110825117
944815,0.9973660378459539
944816,0.7667507024477167
944817,0.6076899070025141
944818,0.5259533266644121
944819,0.04160302737728281
944820,0.8065425133617229
944821,0.9389211074418796
944822,0.10785104940233421
944823,0.39094134361802096
944824,0.9999611960655856
944825,0.42797641209298876
944826,0.9948717757371298
944827,0.9873453420206286
944828,0.8350478467681571
944829,0.9012316263363119
944830,0.8760215306346862
944831,0.998814359246766
944832,0.016197120328841984
944833,0.9999060056185796
944834,0.9373391109520592
944835,0.13906984379460036
944836,0.9526127576801968
944837,0.18328265375591382
944838,0.9915595465068292
944839,0.4875659578866035
944840,0.9976243057781082
944841,0.5117301988398018
944842,0.1280318182995064
944843,0.9851182739525793
944844,0.5836106414542561
944845,0.10985995447017885
944846,0.5068795186162928
944847,0.9998165730760952
944848,0.8160764383201506
944849,0.0028294988386948212
944850,0.9870214863325055
944851,0.816662519653468
944852,0.9995961313474995
944853,0.9997860536389498
944854,0.9848640601579159
944855,0.9992312750828192
944856,0.9996885740076266
944857,0.2580065878628516
944858,0.2942880303790296
944859,0.19095261519951817
944860,0.9995681702711092
944861,0.7489722252766016
944862,0.13890641797358694
944863,0.7961075975892886
944864,0.9662038461496073
944865,0.8964909008435394
944866,0.9131974169767454
944867,0.16478959470889987
944868,0.052995342517645885
944869,0.9175154311597067
944870,0.999111462602371
944871,0.9893484872495297
944872,0.9837764769669692
944873,0.8545002078689322
944874,0.14644880782576067
944875,0.9999854055346791
944876,0.9998653283741753
944877,0.9388483121941666
944878,0.9754062304288484
944879,0.6186179179856636
944880,0.999962050605783
944881,0.9020114597777791
944882,0.059127387370553904
944883,0.9998268885243927
944884,0.08398891144432821
944885,0.9939194153822197
944886,0.9888502590253971
944887,0.9998872011557447
944888,0.8551495306602944
944889,0.8917492881491842
944890,0.4365115729929482
944891,0.7315329567440358
944892,0.6844986795966121
944893,0.9717725545609386
944894,0.01716743444887807
944895,0.004124481257435447
944896,0.1114266681617697
944897,0.6848519613423567
944898,0.9945735818826102
944899,0.9819456659126811
944900,0.6080458777805596
944901,0.8832776773490354
944902,0.9949287126939399
944903,0.9950058726012981
944904,0.9989109291985697
944905,0.6118870780753265
944906,0.0028926825032524707
944907,0.7675584982002427
944908,0.8951406409642045
944909,0.5446059519736306
944910,0.1350537070329201
944911,0.9999759131904615
944912,0.9997728860982353
944913,0.26812058545088574
944914,0.04228372545455457
944915,0.008049316252634836
944916,0.9702215435103931
944917,0.6591750130444862
944918,0.9990414689692704
944919,0.10236640332999873
944920,0.9900906915884979
944921,0.997176252831754
944922,0.9240136244914874
944923,0.9974698560962133
944924,0.980905486434535
944925,0.02530392674918843
944926,0.9991280311978189
944927,0.8411436106505124
944928,0.9971173544978169
944929,0.9943479952317484
944930,0.6688709356677452
944931,0.08789981705976561
944932,0.011686052118665174
944933,0.9515874651389316
944934,0.9994383102829347
944935,0.5794409985692502
944936,0.08691306070555906
944937,0.9997594545105054
944938,0.20845718317388084
944939,0.7452501533209701
944940,0.9985882831236829
944941,0.9959019683552719
944942,0.41450164997325123
944943,0.1596918049057029
944944,0.9921228380123224
944945,0.9995253149873252
944946,0.9999060917186287
944947,0.007155875922896526
944948,0.999684060472463
944949,0.9929803177892096
944950,0.029340092390642718
944951,0.6680284844745108
944952,0.9993693071050196
944953,0.6732378595986
944954,0.9983883554745272
944955,0.847308136919231
944956,0.7599680879999525
944957,0.9801824408868347
944958,0.9923992839358652
944959,0.9998863467142411
944960,0.999775721653305
944961,0.9934473589849742
944962,0.7572379283429375
944963,0.9998399851091468
944964,0.9144745314062315
944965,0.5194081226569036
944966,0.9790368783602721
944967,0.9989315788198112
944968,0.5042881040817784
944969,0.21925636870838916
944970,0.5259073821939314
944971,0.9981843468155743
944972,0.6222715124941697
944973,0.7913857130891949
944974,0.9996046257485185
944975,0.94260916701749
944976,0.9997912640042519
944977,0.4568486886865085
944978,0.9982686961210967
944979,0.9750754896994989
944980,0.9998858485928303
944981,0.9937441178586288
944982,0.22080712138102226
944983,0.7797883412701775
944984,0.9998947825602151
944985,0.9984956184192463
944986,0.9999266096370196
944987,0.9964171245173136
944988,0.9984126279018337
944989,0.0710973924976897
944990,0.8744225302820327
944991,0.04691940949044467
944992,0.9511116728832154
944993,0.10107713400912241
944994,0.04031983124790472
944995,0.009386616342958004
944996,0.9997398613229205
944997,0.2803679923288785
944998,0.004047833384263155
944999,0.09870079010184153
945000,0.3319755768192807
945001,0.9988735330824932
945002,0.44601148149402525
945003,0.9091319910848562
945004,0.9998367578463099
945005,0.3091423398703133
945006,0.9729127437337912
945007,0.9967896506051961
945008,0.999676101241856
945009,0.9979522481850298
945010,0.9999376821291706
945011,0.9978508410169294
945012,0.567183555478649
945013,0.9999784281954833
945014,0.937396015488769
945015,0.9995187540321824
945016,0.32287089991180956
945017,0.6715703646450978
945018,0.4748644783461513
945019,0.014698485783605258
945020,0.9968217816256353
945021,0.883934614020187
945022,0.9921372092775247
945023,0.9922723278336733
945024,0.999922332693653
945025,0.47676237455229675
945026,0.6201734001749433
945027,0.9735157773503177
945028,0.9769767886998026
945029,0.9485217536438998
945030,0.995071033970464
945031,0.8359978528511955
945032,0.9739366163559526
945033,0.9997067124473429
945034,0.9973067986786879
945035,0.9996473255547134
945036,0.011794982823823134
945037,0.1176223231615921
945038,0.1283356803035704
945039,0.06964103398551152
945040,0.16872502757937194
945041,0.4354903948055839
945042,0.8691184459476606
945043,0.7671147795998681
945044,0.972163334109444
945045,0.919850667189954
945046,0.9531754726555891
945047,0.005206289450497347
945048,0.8056204701903236
945049,0.9999820965696091
945050,0.27932809839239664
945051,0.9511650935668561
945052,0.038471195907067
945053,0.9701299905244004
945054,0.8942699330163382
945055,0.2770712783880664
945056,0.9993960834231863
945057,0.995358053192741
945058,0.016196529247077207
945059,0.497110739719712
945060,0.36702290970254203
945061,0.724525444094376
945062,0.586403647501603
945063,0.9999687844890754
945064,0.9989122531082284
945065,0.9710478606677255
945066,0.0030513840781431247
945067,0.01505094499211847
945068,0.9998094838992346
945069,0.6842414693383237
945070,0.9997899477133657
945071,0.32916641203846175
945072,0.9999233523712299
945073,0.5738685423669462
945074,0.5542172075750175
945075,0.5840808029628684
945076,0.8061813144772063
945077,0.028977751490203922
945078,0.9997599304377837
945079,0.5440322221208795
945080,0.012232437673095712
945081,0.8926756646717232
945082,0.7380578021271109
945083,0.9987677319173663
945084,0.2016887618127871
945085,0.6911782606213797
945086,0.4544136554315227
945087,0.979889123586736
945088,0.15665536101608946
945089,0.049846073561943295
945090,0.22172011043545747
945091,0.994751969918888
945092,0.29839005876488317
945093,0.05261666081305684
945094,0.2960536327739254
945095,0.9163390962695838
945096,0.9992820910669196
945097,0.9999722753959679
945098,0.4843544853488007
945099,0.9938599833204289
945100,0.970241719614222
945101,0.9986595328134092
945102,0.011243005780084393
945103,0.012809299870003888
945104,0.39240973116938266
945105,0.9959007419431174
945106,0.9958064641758797
945107,0.045236709892218216
945108,0.4256398465481114
945109,0.7652219117799232
945110,0.9990729989547398
945111,0.9981240255858854
945112,0.7957969770585691
945113,0.8657907252868353
945114,0.9995394586343546
945115,0.9996635004100838
945116,0.9994837579992454
945117,0.9946454513605938
945118,0.9996171010998771
945119,0.18461520485065214
945120,0.9705133781696066
945121,0.11651891714404246
945122,0.12711779900123887
945123,0.5233355390217629
945124,0.9164274686525327
945125,0.999954684371344
945126,0.8970289573013692
945127,0.9985604432393264
945128,0.008407351963159924
945129,0.004651688404832857
945130,0.047162433079056605
945131,0.99889779963369
945132,0.17010646453876263
945133,0.053924571827561864
945134,0.9998389485657553
945135,0.9751060245946346
945136,0.9995499471787244
945137,0.2327588853875406
945138,0.9996799412952768
945139,0.9998968180320364
945140,0.374452631413084
945141,0.8417438566651703
945142,0.5060510495237786
945143,0.9967540738619483
945144,0.9999364614180135
945145,0.9967540430944759
945146,0.29081404473501327
945147,0.9995362496562963
945148,0.4628410391694884
945149,0.999964966413063
945150,0.994007365340694
945151,0.3355650150574707
945152,0.9995337826828439
945153,0.8042811019145083
945154,0.10889249298481615
945155,0.9590849483379102
945156,0.9980278634235522
945157,0.16081063451317418
945158,0.04935397661218435
945159,0.9991457419591794
945160,0.9577535015885745
945161,0.2500177514863932
945162,0.9989498313168648
945163,0.9810229597197293
945164,0.0530091518996381
945165,0.9707585840724648
945166,0.6392788335523095
945167,0.9892455801622304
945168,0.8809661930350592
945169,0.27675447227051114
945170,0.9969696357708251
945171,0.9944288936422777
945172,0.9982198364227387
945173,0.998274206008265
945174,0.9395349251242654
945175,0.9492535487226463
945176,0.9962236904931762
945177,0.948507212567995
945178,0.9587992792040083
945179,0.2824845949516068
945180,0.999172463303669
945181,0.9959970951410836
945182,0.9986828338984308
945183,0.7807192058432225
945184,0.9996661159314619
945185,0.9994615168328608
945186,0.8677231700873106
945187,0.9999753276787552
945188,0.9998209517301244
945189,0.9999898742937822
945190,0.06451966040209023
945191,0.9279834197165682
945192,0.7695831081762697
945193,0.9997227455135691
945194,0.970195082411847
945195,0.9990352124308504
945196,0.8056526752426763
945197,0.026206402725912275
945198,0.2947410244045122
945199,0.43431843404591164
945200,0.3076395111112157
945201,0.4391250928421193
945202,0.333861295821468
945203,0.02127867452426268
945204,0.9999799249107912
945205,0.9992666044829852
945206,0.9493678247933133
945207,0.4920388045173621
945208,0.027679057871456816
945209,0.5836620929587074
945210,0.512096637447497
945211,0.9991445045708334
945212,0.045573558141518006
945213,0.9520416087392816
945214,0.9867515535317403
945215,0.9998948962135795
945216,0.007967290419381878
945217,0.9999432333841606
945218,0.7979884590089625
945219,0.010161245046699095
945220,0.9980190937238724
945221,0.9999203165900639
945222,0.9832112922332841
945223,0.9966140276453168
945224,0.9997654406780104
945225,0.9882695009517182
945226,0.9993245987891339
945227,0.990478286225783
945228,0.9995848476624597
945229,0.44492164563499575
945230,0.9998592377347384
945231,0.8180730248203422
945232,0.9999364354523437
945233,0.8978627662633898
945234,0.7075449195001269
945235,0.9999895905293305
945236,0.5788035770055473
945237,0.046797152637359236
945238,0.9807916868652578
945239,0.9992084674082269
945240,0.6806384060895749
945241,0.04635717504410847
945242,0.9755484888367316
945243,0.9784649826055971
945244,0.013998826116586253
945245,0.9996835226091297
945246,0.9995198402311116
945247,0.7944116914900228
945248,0.02858066301734513
945249,0.3701736913538099
945250,0.5514797349268253
945251,0.9980319018890547
945252,0.999721013988863
945253,0.9996838637384797
945254,0.9653373557882206
945255,0.9998593754733303
945256,0.9999776009525873
945257,0.9997552202286168
945258,0.03934621055050036
945259,0.9997553544444536
945260,0.25559206562758097
945261,0.439772553372405
945262,0.9995841652114779
945263,0.44968062221649396
945264,0.10795558621363488
945265,0.5844177152259326
945266,0.9909575577434714
945267,0.9971802699808429
945268,0.6699313653214167
945269,0.9999667673103816
945270,0.9984759284624497
945271,0.9825823449810333
945272,0.9290167268977877
945273,0.0661278666884756
945274,0.5734073544282143
945275,0.14233216049502415
945276,0.9996485508516737
945277,0.5053366011677607
945278,0.9978299418378467
945279,0.9999494992806679
945280,0.9862140844169807
945281,0.996638607711411
945282,0.9993820662045242
945283,0.9994429443925026
945284,0.9999874898013206
945285,0.9992235387475232
945286,0.8224307809006797
945287,0.9969821551861519
945288,0.7215722495823809
945289,0.9914728329133999
945290,0.6894595088306257
945291,0.9985789202265021
945292,0.6342109187309197
945293,0.9995380744378136
945294,0.6004284186393105
945295,0.9207015597780478
945296,0.2018833127229757
945297,0.9921804802103951
945298,0.8890096301201372
945299,0.7785599819327945
945300,0.9997488535597432
945301,0.9925086656770223
945302,0.9999665708734791
945303,0.9825750344557185
945304,0.9989610461194327
945305,0.017596232536672828
945306,0.9409492153520002
945307,0.9834507717484238
945308,0.9994181223828589
945309,0.9971389947731214
945310,0.9999229222875445
945311,0.9611911787705194
945312,0.006063247397381956
945313,0.999708796069634
945314,0.9969410580087196
945315,0.9895872432830513
945316,0.04610579917449743
945317,0.9995259146869306
945318,0.17345697288226614
945319,0.999563207378607
945320,0.9993381861534176
945321,0.4615983140762092
945322,0.994563333281053
945323,0.9793523596897729
945324,0.9998716362932296
945325,0.9955836354270486
945326,0.7786964071402974
945327,0.9950496620623219
945328,0.3993533725221718
945329,0.9547930489797626
945330,0.6336589730959673
945331,0.8437756434750247
945332,0.7246624336789277
945333,0.4943122913013005
945334,0.9881520835281513
945335,0.8501640295109489
945336,0.2422352223517517
945337,0.9905992114205392
945338,0.4867996291970552
945339,0.9807494179677039
945340,0.9967551389834713
945341,0.9982296042520251
945342,0.6145860742287423
945343,0.05982388431513563
945344,0.1262694952161255
945345,0.9999588719855693
945346,0.9989752372743432
945347,0.999045529942751
945348,0.26430929910858814
945349,0.9899716042831301
945350,0.002172958560557415
945351,0.9958587695909091
945352,0.9959952481234926
945353,0.9999758971857253
945354,0.4960425548720364
945355,0.727339234041084
945356,0.9969559295904793
945357,0.013065367166317048
945358,0.09056089827880315
945359,0.9999206815284175
945360,0.015538726047149908
945361,0.9999378101767669
945362,0.1493015425767121
945363,0.6510413099052332
945364,0.9992056032820094
945365,0.9998530356956582
945366,0.8858410184671108
945367,0.9997928141565574
945368,0.9932404599454097
945369,0.9999114892378113
945370,0.9999701464526838
945371,0.026446581223818752
945372,0.8157554997017622
945373,0.9793789284797318
945374,0.6922149411910494
945375,0.2617507516133286
945376,0.9995477434200815
945377,0.9999531736949563
945378,0.9998933320993412
945379,0.9998527492503924
945380,0.6987759443398139
945381,0.9998804332871678
945382,0.9996600168622549
945383,0.2982047653125206
945384,0.29127404868669604
945385,0.9999443517729819
945386,0.9998748391999305
945387,0.19520253202937166
945388,0.9931667812329092
945389,0.993120546934799
945390,0.9999815308848284
945391,0.6294400877175562
945392,0.999990765134979
945393,0.9997709247487272
945394,0.1436902379820516
945395,0.9957013006288353
945396,0.4679333891377975
945397,0.4837677959346246
945398,0.9987291555972297
945399,0.9989914850146457
945400,0.35245728358791706
945401,0.09105788821930008
945402,0.08170820630706052
945403,0.9999682989442178
945404,0.9998817793123304
945405,0.8908439122965488
945406,0.9999001793856956
945407,0.9974498798080939
945408,0.9985395829614625
945409,0.42705887948275867
945410,0.2135901459335643
945411,0.9999867912797353
945412,0.6535237919255422
945413,0.9999405190428672
945414,0.9975574526994522
945415,0.9997931379850259
945416,0.9998065432620058
945417,0.8681621163674514
945418,0.9517665502833486
945419,0.06561243780987541
945420,0.01739084326344547
945421,0.014819854821691895
945422,0.9797159407276281
945423,0.9330415624054185
945424,0.2932129004409775
945425,0.9458598798216249
945426,0.9999841874142679
945427,0.37564799632191687
945428,0.9456787669680349
945429,0.9773217038529254
945430,0.9948060130219653
945431,0.6425781618088151
945432,0.2462665919961048
945433,0.659310962321983
945434,0.7964650796988086
945435,0.03679393673698462
945436,0.999790432533881
945437,0.1070224613145216
945438,0.9998050315484381
945439,0.47569467837342694
945440,0.6967127298254194
945441,0.9987856403187254
945442,0.8541897796645903
945443,0.996620571643261
945444,0.9884393426474942
945445,0.999941875987958
945446,0.9920760196601712
945447,0.9850525157130775
945448,0.9964962494231491
945449,0.7933923686579334
945450,0.999976767332595
945451,0.011614697373055597
945452,0.8591999216420156
945453,0.6387458832646353
945454,0.993152946317294
945455,0.6377055219751582
945456,0.9991339946122623
945457,0.22445236420153353
945458,0.991585002738155
945459,0.12397081685721392
945460,0.9237911500554303
945461,0.9896474317482058
945462,0.7290163789882198
945463,0.9745200401544893
945464,0.9886715678031861
945465,0.9733676823651294
945466,0.09363430475245611
945467,0.30294480936691753
945468,0.17366980671051663
945469,0.4495438112859246
945470,0.18399162763609575
945471,0.591455813141732
945472,0.7136980162469159
945473,0.4875107411392624
945474,0.999041672814392
945475,0.9354101524959588
945476,0.04994048939574544
945477,0.05913150697211323
945478,0.9614659745626867
945479,0.005899873389995431
945480,0.9999279289876764
945481,0.09181088961282953
945482,0.9863657610470512
945483,0.858453160766256
945484,0.7102307677745396
945485,0.9910845072785996
945486,0.9571149573557245
945487,0.9998400673232468
945488,0.9998336437813349
945489,0.8616711685781464
945490,0.08836287134026656
945491,0.00903941592959804
945492,0.9984990593644467
945493,0.9999036457773464
945494,0.1950795504751196
945495,0.9992222491046218
945496,0.999970986179221
945497,0.5798952294235947
945498,0.9848457265202191
945499,0.9992966116600882
945500,0.9046566299598982
945501,0.9398602060798001
945502,0.2853508535582688
945503,0.9909341136590297
945504,0.1373916185010707
945505,0.9847244683826165
945506,0.9965433101713905
945507,0.7077107461163301
945508,0.9985634393734008
945509,0.9999616005196634
945510,0.4560380740065634
945511,0.03536275698014808
945512,0.7746887927795869
945513,0.015449374348182356
945514,0.5455319739211467
945515,0.5852305442012
945516,0.2301481735945541
945517,0.8012913576153697
945518,0.9036883148722068
945519,0.07953554403053205
945520,0.22377762211769284
945521,0.9994823986630554
945522,0.690539977574486
945523,0.6130328644253277
945524,0.9781770684594878
945525,0.08696135048835492
945526,0.9989898644586139
945527,0.9996332544214552
945528,0.4514407950018617
945529,0.045256820470166506
945530,0.7937625699574954
945531,0.56375447935885
945532,0.9930329955661883
945533,0.9937948246381305
945534,0.15456515848649863
945535,0.21033188742770392
945536,0.9997694085025616
945537,0.9997117690591262
945538,0.5289364974618723
945539,0.08359472781489508
945540,0.9997366567428766
945541,0.8986946558458121
945542,0.985241258828036
945543,0.9999859295765434
945544,0.9009549777305493
945545,0.995228492324905
945546,0.9988668332213045
945547,0.35682780833249106
945548,0.7965664295332782
945549,0.27508870884704034
945550,0.8734023449243551
945551,0.8496922675323282
945552,0.2932346524521411
945553,0.48800797367494336
945554,0.18944381905998087
945555,0.9999254607892529
945556,0.818017891082133
945557,0.2055674575455778
945558,0.9916092561910239
945559,0.23169923732501163
945560,0.8930487028148293
945561,0.8662951073565227
945562,0.3755456828480333
945563,0.9962411554525549
945564,0.8416027550641322
945565,0.9722552714417918
945566,0.9979410437063909
945567,0.8029219772340058
945568,0.8969035359338944
945569,0.15577527890703324
945570,0.9999574617632402
945571,0.7277466981224414
945572,0.020219845896229702
945573,0.5236665389480332
945574,0.9955806891165069
945575,0.16242817755035083
945576,0.5684887483867501
945577,0.6360813628328976
945578,0.911272811132636
945579,0.999932054957382
945580,0.7721536369520836
945581,0.28882115107666395
945582,0.7362279085133091
945583,0.8918554943775352
945584,0.98825665691005
945585,0.9998464719606056
945586,0.28159785587511965
945587,0.9262590645539182
945588,0.9999873346627377
945589,0.5606631106227624
945590,0.9993181880836035
945591,0.9994816792801418
945592,0.6993005150671785
945593,0.09370366391943463
945594,0.17630826025418722
945595,0.9971104793781507
945596,0.768692989822613
945597,0.5357853544050605
945598,0.20774750124198038
945599,0.9968924415096262
945600,0.05360517913838683
945601,0.31224387040931495
945602,0.8532716534127527
945603,0.9999674731178312
945604,0.9997055213585552
945605,0.9450620553523822
945606,0.3378678575187649
945607,0.8441048965578798
945608,0.9999234464473533
945609,0.9998892575373055
945610,0.024677951226520202
945611,0.9996701698789572
945612,0.9180091493827107
945613,0.8676566267893471
945614,0.9998452962057768
945615,0.9998899443314864
945616,0.9857708976392098
945617,0.9997005021547618
945618,0.9998279747487795
945619,0.9999698036369606
945620,0.966328547975293
945621,0.998345648295506
945622,0.9971705332772236
945623,0.7343827146030459
945624,0.9992132681336723
945625,0.497811573901464
945626,0.1309772426002255
945627,0.9929776956649685
945628,0.9930087004261691
945629,0.9805225590188171
945630,0.954234408063127
945631,0.5713389704167102
945632,0.9998972827301676
945633,0.9996416599808451
945634,0.9996739593349478
945635,0.9998976041670928
945636,0.9469115721694839
945637,0.9982973856694237
945638,0.7548735331131312
945639,0.8655575240556879
945640,0.4921000473658812
945641,0.2577360616107366
945642,0.9999455632923526
945643,0.4879008836362784
945644,0.5852456372413143
945645,0.9999558044376704
945646,0.3835347733701052
945647,0.9664072277374538
945648,0.9999535214375329
945649,0.6486069489492168
945650,0.28030006966556603
945651,0.9997804501191249
945652,0.9900758139373173
945653,0.9982486351159082
945654,0.8286239139465276
945655,0.959129426513703
945656,0.4612798706661536
945657,0.011738778688593233
945658,0.6639184724972574
945659,0.9997255151180034
945660,0.9999642118881746
945661,0.1044437188626776
945662,0.9977890302660373
945663,0.999878556534198
945664,0.3073861141454275
945665,0.9876055269793578
945666,0.8269478531592149
945667,0.6744007251424032
945668,0.8565192805594806
945669,0.995258705921741
945670,0.9852749480871859
945671,0.1519808918758017
945672,0.9991174830478595
945673,0.0848148090478249
945674,0.9477722447690532
945675,0.21931143096004954
945676,0.8983622834195706
945677,0.008066852891966939
945678,0.7927778761565163
945679,0.9997530353981408
945680,0.8845661694878235
945681,0.9945475234198768
945682,0.9998335661824724
945683,0.9872685597090609
945684,0.7620389481872402
945685,0.13754680627675603
945686,0.9999197240439252
945687,0.9999705168532743
945688,0.9834834676364702
945689,0.7301241757199857
945690,0.9999052560079225
945691,0.7585329574894332
945692,0.48248729631512
945693,0.9996138723320563
945694,0.955114815100655
945695,0.16307475375342884
945696,0.41795564535101815
945697,0.9999282877208842
945698,0.7315433709560637
945699,0.9994887554192625
945700,0.9994970874523061
945701,0.7575499840033151
945702,0.24537735279313813
945703,0.5266287536613892
945704,0.9849050166029361
945705,0.4058679035664888
945706,0.013047849150901198
945707,0.9995693505100824
945708,0.03275761511768377
945709,0.9988216984538014
945710,0.9572317122997702
945711,0.999589444837254
945712,0.224055625337252
945713,0.37184503078111486
945714,0.12607098810975667
945715,0.9969273728582303
945716,0.9993683319770066
945717,0.06551441915471988
945718,0.9113405933114126
945719,0.2883010288398585
945720,0.9996314082980655
945721,0.7997354510126944
945722,0.10342017691276284
945723,0.9712181929379015
945724,0.9246601389431348
945725,0.9996829604652867
945726,0.4280994967243171
945727,0.8316692911585639
945728,0.04177449774683788
945729,0.5841056240373002
945730,0.16961413050990945
945731,0.9999805032827218
945732,0.44800476579408754
945733,0.7318591172713595
945734,0.026783309484012995
945735,0.7187092397346961
945736,0.18962707129650058
945737,0.6395173146649217
945738,0.9862739463389268
945739,0.9941441015587069
945740,0.14856035876620566
945741,0.9923965244663826
945742,0.8479418685120573
945743,0.9995985982753649
945744,0.8352847723983887
945745,0.40421387830881134
945746,0.3459769201187535
945747,0.9990028234359487
945748,0.6351290601659294
945749,0.9998641743556218
945750,0.9978382946935336
945751,0.9999482062997274
945752,0.9608937221684518
945753,0.9999713635288943
945754,0.34747089687750665
945755,0.9993805707985388
945756,0.7080423172384214
945757,0.05092362333926681
945758,0.4526800581857453
945759,0.9997248996908346
945760,0.6261892928440377
945761,0.9999780573556218
945762,0.970304940376691
945763,0.2709149728005998
945764,0.5595032586154084
945765,0.42263183265028503
945766,0.008070419535391893
945767,0.31272100282655513
945768,0.8634726864419003
945769,0.9580721823232803
945770,0.9996710093857185
945771,0.8445434270303799
945772,0.9481007875348313
945773,0.88283989311486
945774,0.9998909138829825
945775,0.6660295838549809
945776,0.9993730644881358
945777,0.6065432283701983
945778,0.6775027976282041
945779,0.9466973201821078
945780,0.8874131826119243
945781,0.9997006052403838
945782,0.9985691371794196
945783,0.9978139417592936
945784,0.05154104019490577
945785,0.9963656056535388
945786,0.9864868688277476
945787,0.9999184119796608
945788,0.04392629368304125
945789,0.5819732637858489
945790,0.9998421502168884
945791,0.9988524145009243
945792,0.9590309428812585
945793,0.9711309540775654
945794,0.9903545364829414
945795,0.05590445864743045
945796,0.48464341187798354
945797,0.9992897779941304
945798,0.15448289761730666
945799,0.9683488053961667
945800,0.9987818932187933
945801,0.8466422661143251
945802,0.1786447346183963
945803,0.9993866220675054
945804,0.9982882142938211
945805,0.9044346337181708
945806,0.8130660223676619
945807,0.9994790284078174
945808,0.9888022218854089
945809,0.1734673561062855
945810,0.999550111508308
945811,0.999157369592073
945812,0.033583175663481325
945813,0.01519776604604587
945814,0.9997570937207951
945815,0.393016716734615
945816,0.3630234463093277
945817,0.4389987832807868
945818,0.9963829207092
945819,0.9790779724257538
945820,0.6080272751056321
945821,0.10444353383536129
945822,0.9999169334304208
945823,0.9019659800713289
945824,0.48244963726578616
945825,0.191101493845182
945826,0.9998667404163742
945827,0.9996560636869094
945828,0.9993494744670143
945829,0.9462172022580889
945830,0.045327961531535496
945831,0.9401192043484119
945832,0.9958009846824449
945833,0.3810492490043797
945834,0.3313504751762116
945835,0.13139638128121806
945836,0.003994508152144925
945837,0.004734241579419745
945838,0.9186597641033306
945839,0.7938901422891059
945840,0.7709981486960213
945841,0.01782964956973551
945842,0.482169224405231
945843,0.996327479770526
945844,0.7082353093228926
945845,0.5481264100499744
945846,0.014409359088659788
945847,0.2826791173910238
945848,0.9931541650231086
945849,0.9995416360939801
945850,0.9960024897089851
945851,0.9992680152451476
945852,0.9971264017383761
945853,0.9981367262713637
945854,0.5749175538369465
945855,0.9999354745562835
945856,0.9971110300890549
945857,0.9981901685665757
945858,0.9998373295600689
945859,0.4945517537637993
945860,0.9997392906727997
945861,0.8616305454747203
945862,0.999904655317755
945863,0.9981129604070045
945864,0.14183559048474925
945865,0.5479936123223363
945866,0.9989082057938761
945867,0.27704376253876417
945868,0.9981077127875004
945869,0.4805074754291392
945870,0.9997996527483122
945871,0.9981350013690047
945872,0.6097933246395699
945873,0.9988448524155669
945874,0.8449597407900415
945875,0.9546298635123942
945876,0.8177200797000765
945877,0.9985137508083074
945878,0.9159550070764051
945879,0.9998646668752236
945880,0.9997561253901036
945881,0.9994502120788102
945882,0.4884833166830569
945883,0.9975805933345938
945884,0.9992200874881018
945885,0.9315576270928378
945886,0.9988201708148234
945887,0.9766064002966107
945888,0.5225164632504813
945889,0.010402540922527398
945890,0.9983278445198793
945891,0.9868747630721196
945892,0.009481702933073554
945893,0.9995609484914106
945894,0.4380636472107399
945895,0.9313978619324526
945896,0.05697952219493874
945897,0.9996046054452861
945898,0.9132409242627597
945899,0.8320710796486337
945900,0.7403946211938692
945901,0.995484147164766
945902,0.9873270979394173
945903,0.8563337426327601
945904,0.8104021700888496
945905,0.9980396986061421
945906,0.06914345552963795
945907,0.9999266909286517
945908,0.9985837361774159
945909,0.9974820460557848
945910,0.4244916662632327
945911,0.11886411341412856
945912,0.6575365843385717
945913,0.008421370653899305
945914,0.6858244022532065
945915,0.1515149225847008
945916,0.9999494513102654
945917,0.9259098095730511
945918,0.14022216598794857
945919,0.9985337539136445
945920,0.8180176062833338
945921,0.650401546943421
945922,0.9982053210521674
945923,0.913463263069697
945924,0.616224560825613
945925,0.9984429674932558
945926,0.6109692069102346
945927,0.9976237706619083
945928,0.9971870984770942
945929,0.11695898164873564
945930,0.02910942175069192
945931,0.6811136244560746
945932,0.9773939065161257
945933,0.9999741949697394
945934,0.7168768847629001
945935,0.015119216565356704
945936,0.9965536387471038
945937,0.07500629526069767
945938,0.9760502013365179
945939,0.9691099618378622
945940,0.9996076678586162
945941,0.9996082381446021
945942,0.21295863539874577
945943,0.9249893137240454
945944,0.7810935544522004
945945,0.9101667907859684
945946,0.9966459933539421
945947,0.3949381116829762
945948,0.30500202031170603
945949,0.008887857278066992
945950,0.26154135883626334
945951,0.3731856545070796
945952,0.19409436266055347
945953,0.3003684148894418
945954,0.9821985594210652
945955,0.9998760307223324
945956,0.014755730023365396
945957,0.9859813554569354
945958,0.9833072861453563
945959,0.35205499821041364
945960,0.9786856556578635
945961,0.6192636451926566
945962,0.9966496600727457
945963,0.6662711401263174
945964,0.9791199383373879
945965,0.029820307997513267
945966,0.9995486531171507
945967,0.9657677609187758
945968,0.9992734157530847
945969,0.9918624843283883
945970,0.9980980707182914
945971,0.23804233488174825
945972,0.9934727966646106
945973,0.058261020739413735
945974,0.9996619601191896
945975,0.5556131737784444
945976,0.9895530195371661
945977,0.20152726543431362
945978,0.7979416146297202
945979,0.9996310499615244
945980,0.09305187278366486
945981,0.999766092962132
945982,0.995035540308987
945983,0.9996953769762494
945984,0.9883277797871104
945985,0.9995672990356225
945986,0.1002581849697797
945987,0.9178354308580503
945988,0.7085846643667576
945989,0.9383304002878702
945990,0.9153421303934086
945991,0.9993587862100297
945992,0.51492302595472
945993,0.9969827038334667
945994,0.9999798892212788
945995,0.5796396419096237
945996,0.5925923746660993
945997,0.9903027303248566
945998,0.8527535677366631
945999,0.9975243242899057
946000,0.9998170769398671
946001,0.9971261622021086
946002,0.9998887114239294
946003,0.9907748351002028
946004,0.5658581969807936
946005,0.9995916923694833
946006,0.8478570827002044
946007,0.9993616989847861
946008,0.9869406688626735
946009,0.6485834736120335
946010,0.9882054573912094
946011,0.9992162964944747
946012,0.03584841044820889
946013,0.7071226985616608
946014,0.18489720771104723
946015,0.9995679195957177
946016,0.25183297894062445
946017,0.3887083159931616
946018,0.905196919559979
946019,0.9869587670837743
946020,0.30787644348059634
946021,0.999560458509938
946022,0.9920552844047607
946023,0.9204578315351875
946024,0.8261130113665673
946025,0.9687035992505761
946026,0.001851224360699915
946027,0.9989075964954541
946028,0.09340563938830976
946029,0.8824813155846123
946030,0.11233571616755972
946031,0.5840328364994174
946032,0.9947643413596939
946033,0.6280546887592081
946034,0.9061737206461096
946035,0.999976312911592
946036,0.9404285777399048
946037,0.9806195239597962
946038,0.976710409775569
946039,0.9989675390730172
946040,0.9998635549334811
946041,0.8485821195015933
946042,0.9976757009408859
946043,0.04695251482805217
946044,0.9998691539074891
946045,0.1395852097545864
946046,0.9999901908089986
946047,0.9999399035690446
946048,0.6335111687012169
946049,0.4527313834322369
946050,0.10661780505421375
946051,0.9907993861980611
946052,0.9970953528345841
946053,0.02511956814081186
946054,0.9999888530679722
946055,0.9999011682124317
946056,0.8710772423250288
946057,0.7957443941916424
946058,0.22195070445062678
946059,0.4681312611368289
946060,0.9997641238180782
946061,0.9371460483006859
946062,0.9998075981722732
946063,0.9698141085707987
946064,0.9995042417474961
946065,0.9620641741717556
946066,0.999937260365577
946067,0.9833048097040218
946068,0.6239467974073682
946069,0.9814409118307603
946070,0.09797389870595438
946071,0.994548012728377
946072,0.5628971891619564
946073,0.004029498313833557
946074,0.9825827423201208
946075,0.16271690139367895
946076,0.38599622401965283
946077,0.9991682904174866
946078,0.9965438162281416
946079,0.7415338770138953
946080,0.9987592374825544
946081,0.1796058817472761
946082,0.9037250353483355
946083,0.9041510518856606
946084,0.9999523344624877
946085,0.9978647485987492
946086,0.803588043820878
946087,0.878965602973256
946088,0.9994345943080066
946089,0.995497900137079
946090,0.9790454952125551
946091,0.9913382789520528
946092,0.2533994283299461
946093,0.05785353801178193
946094,0.0030688860665924
946095,0.9518842912483165
946096,0.9899921177945961
946097,0.9999593189011218
946098,0.9999161513817114
946099,0.8265373619939989
946100,0.014870143206247641
946101,0.9998134307890933
946102,0.7587603910534061
946103,0.9946745670645103
946104,0.0449186493066702
946105,0.05349082671207396
946106,0.9996092318905312
946107,0.9874003459683733
946108,0.2901982342579202
946109,0.017343271905376365
946110,0.02161488898198309
946111,0.23966958859358845
946112,0.35997336147447967
946113,0.8585605278109835
946114,0.9599709701789098
946115,0.04228295519957989
946116,0.024625576058568167
946117,0.8411095050039387
946118,0.7741025563445767
946119,0.08016756601452238
946120,0.7281003041644184
946121,0.9944741268535422
946122,0.5040912266400904
946123,0.9926488500104821
946124,0.6069960099484706
946125,0.004534199743649174
946126,0.9991027087156061
946127,0.005026316969159789
946128,0.9992529160653244
946129,0.5538772789819398
946130,0.9999780995163522
946131,0.029596372193878777
946132,0.7675309438306583
946133,0.8325868288656306
946134,0.9967051380256631
946135,0.12175745221446747
946136,0.9090031541050808
946137,0.4998737828217675
946138,0.6163511263725583
946139,0.04538294561120028
946140,0.9878310361308946
946141,0.999963760205208
946142,0.999967716466144
946143,0.05804658806652746
946144,0.021789783622219047
946145,0.7339010514086073
946146,0.7196244537893017
946147,0.9814585807637852
946148,0.9949977823269978
946149,0.9999738039192555
946150,0.99784081588867
946151,0.46843909875167566
946152,0.8371107950835273
946153,0.5759256735382497
946154,0.9999096792156399
946155,0.9997539749364333
946156,0.9979645434806612
946157,0.04441605607057285
946158,0.9533711964641074
946159,0.9986360401344644
946160,0.04442611252031265
946161,0.11527577575834502
946162,0.047766902625576965
946163,0.980733361983577
946164,0.018625031236561677
946165,0.999890612922834
946166,0.0715503908825689
946167,0.018712234783339596
946168,0.6013216852622664
946169,0.09753486767651952
946170,0.9964367997074732
946171,0.09446911548468566
946172,0.9919289858963563
946173,0.9999337745330711
946174,0.6268775845201746
946175,0.16746348933215754
946176,0.2024071668421163
946177,0.013013455576720456
946178,0.031045943953111388
946179,0.889304134139526
946180,0.9999258676592508
946181,0.8731752039556442
946182,0.9990085379511686
946183,0.9809085525218628
946184,0.8487178697143294
946185,0.999862706057836
946186,0.5399521111279495
946187,0.9989124542544334
946188,0.20513079421252117
946189,0.42168293050095074
946190,0.5880546171963195
946191,0.999412144632692
946192,0.9840801197925408
946193,0.4446992160292997
946194,0.04997546702929452
946195,0.801641218061764
946196,0.718324733817059
946197,0.9998369584424909
946198,0.9980821572095884
946199,0.9961788764129211
946200,0.6037503847107921
946201,0.16754380086837595
946202,0.24016894975703895
946203,0.33816966793670966
946204,0.9873392376698855
946205,0.7238978660414126
946206,0.448683741969925
946207,0.9996002931240746
946208,0.9696102278449154
946209,0.9984814677487197
946210,0.03492996282276892
946211,0.91504450237723
946212,0.9897948566993084
946213,0.3116794735533175
946214,0.9999275287155364
946215,0.6366677660949991
946216,0.7860314820713481
946217,0.9602212060882325
946218,0.9997819689678612
946219,0.9987894657303581
946220,0.49832119241758993
946221,0.9963279497659403
946222,0.29529555466098684
946223,0.9820241412668496
946224,0.026177529115510835
946225,0.06558399674571819
946226,0.9188114232078615
946227,0.9805756450137935
946228,0.8870560170253785
946229,0.34821465976923605
946230,0.372769937370511
946231,0.9951381662356764
946232,0.09301949450970648
946233,0.99950473775574
946234,0.9979640875723175
946235,0.9991432303176434
946236,0.9996175777662804
946237,0.98803472711178
946238,0.9998861410111967
946239,0.07468468091570044
946240,0.9983698774314467
946241,0.4273725826894721
946242,0.03179011071430752
946243,0.9990781772991817
946244,0.41519340569944707
946245,0.9998465968797778
946246,0.213662864003132
946247,0.9928660259001668
946248,0.9962066896893984
946249,0.04210734528403948
946250,0.9522771948789226
946251,0.9516982998558806
946252,0.9794597173306918
946253,0.9997079116924985
946254,0.9596685893584379
946255,0.9934646486967447
946256,0.99988601475936
946257,0.9998329413925975
946258,0.9999632502996632
946259,0.08070125110843016
946260,0.7143350915822873
946261,0.9893976536289906
946262,0.5420252756703894
946263,0.9996421011599945
946264,0.12492215393512726
946265,0.9998296407785694
946266,0.9982114852211411
946267,0.9929073569011403
946268,0.9471639398752262
946269,0.9302625635320152
946270,0.35157881324142737
946271,0.44333185303134376
946272,0.008983485072781329
946273,0.00857163486517194
946274,0.999261384512866
946275,0.27110312580633855
946276,0.9992824786440815
946277,0.9557428108168722
946278,0.5385159879325825
946279,0.5586030469046442
946280,0.9994190468774027
946281,0.01588298638098648
946282,0.9969150054931034
946283,0.9446095818800414
946284,0.008598431224761224
946285,0.9983416284500435
946286,0.9999434880519632
946287,0.24884326187154437
946288,0.5575757759875904
946289,0.9831273744269227
946290,0.9998761632734653
946291,0.3079771518358556
946292,0.7494927464147438
946293,0.993061929658986
946294,0.9625691975887081
946295,0.9038455496056526
946296,0.9916296522646404
946297,0.9998017192517293
946298,0.9589369357083275
946299,0.7802685158616026
946300,0.6674257560390202
946301,0.9901052147011427
946302,0.006987011362878879
946303,0.07361709925110207
946304,0.9999921896981938
946305,0.21973054088177624
946306,0.9976828862339192
946307,0.9998086674059563
946308,0.9990388644469961
946309,0.942783603913494
946310,0.9221274522563561
946311,0.9999951226511349
946312,0.7063276947795775
946313,0.9693525349218062
946314,0.15151671583057308
946315,0.9999759342248441
946316,0.9184515571777039
946317,0.4368848960540807
946318,0.0757502061494995
946319,0.9794745710662102
946320,0.5011284701387049
946321,0.993821839788848
946322,0.045233675721029154
946323,0.3943317935502676
946324,0.9998925437475695
946325,0.9961109757544961
946326,0.4631604925616582
946327,0.940697015339577
946328,0.9644919155413638
946329,0.8229030872385733
946330,0.7609877641844894
946331,0.12571198778285203
946332,0.4319591561127989
946333,0.9998570859916398
946334,0.7023786523969222
946335,0.0885079871424111
946336,0.99928666207451
946337,0.9980166568197782
946338,0.2534028887794
946339,0.8084535217744865
946340,0.18487354590565144
946341,0.7181466751445245
946342,0.999847374476512
946343,0.9999935030681032
946344,0.9960408936862984
946345,0.9991954326495136
946346,0.0492931618664026
946347,0.7347847803808214
946348,0.6626312415465769
946349,0.8104398317444379
946350,0.10095154050654936
946351,0.9882970107284664
946352,0.12011002773620812
946353,0.8930613302608671
946354,0.9868602005053062
946355,0.9993161845856862
946356,0.9961530376772129
946357,0.9999897926267758
946358,0.999815712116746
946359,0.9666653261687044
946360,0.9966366021124353
946361,0.9919928341131721
946362,0.6918067658315814
946363,0.9967587413051213
946364,0.027330719684834245
946365,0.9942789118937337
946366,0.6108238967601916
946367,0.9998812090306893
946368,0.3253646760162489
946369,0.2992276298955681
946370,0.9981688817431431
946371,0.6238734317146208
946372,0.9988050717784782
946373,0.9989747907185487
946374,0.9451884388675246
946375,0.9993577932976727
946376,0.1050887521953042
946377,0.3666135363288533
946378,0.9999796096030484
946379,0.33012372567428505
946380,0.9995968873635437
946381,0.08658801713974261
946382,0.8639125319078829
946383,0.01048642065593478
946384,0.24744739142732058
946385,0.21332203127071064
946386,0.8965919699333498
946387,0.030132716418947506
946388,0.5606269036805277
946389,0.9994513361525267
946390,0.9998241663101644
946391,0.8754572761802657
946392,0.9817465029254332
946393,0.9993280322667821
946394,0.9999338021278683
946395,0.9999892116298821
946396,0.06942543883036954
946397,0.7830856208405236
946398,0.9994548886682333
946399,0.9914835961509949
946400,0.9633026551706123
946401,0.9071147276442089
946402,0.993470659496374
946403,0.005155581547675287
946404,0.9933606419476972
946405,0.9448769956965045
946406,0.9914294655579985
946407,0.8124458078467651
946408,0.008933276579978281
946409,0.9999427774327021
946410,0.36546481326053837
946411,0.997994620183038
946412,0.9982803811521486
946413,0.9966457609528667
946414,0.5493825330722863
946415,0.5844894092869464
946416,0.7974449796204075
946417,0.9399063885344321
946418,0.03850758835807199
946419,0.3373768399269326
946420,0.02150130516476077
946421,0.5324255111377557
946422,0.9438537357858625
946423,0.9522962656114908
946424,0.9767397617829892
946425,0.9992884588603215
946426,0.9986372195172192
946427,0.05259338694550163
946428,0.9994150972108304
946429,0.9958333511838661
946430,0.9638808520284025
946431,0.9969723809726205
946432,0.8397262353939299
946433,0.9998863361903436
946434,0.999934149742862
946435,0.9999897081003764
946436,0.3523741471010817
946437,0.9948196878417034
946438,0.5818733632522005
946439,0.9999043276676652
946440,0.9999603190728157
946441,0.0220832167247402
946442,0.030632603582224034
946443,0.9070303036650627
946444,0.9906709032685813
946445,0.999891326804093
946446,0.845205659942911
946447,0.341755547023652
946448,0.9980903492099324
946449,0.0033850591063628423
946450,0.9750164316491705
946451,0.4529846198686609
946452,0.999951953373181
946453,0.9999828179518722
946454,0.1397663646646577
946455,0.9983629517086945
946456,0.10236702481418847
946457,0.9990728640359291
946458,0.3620266588389458
946459,0.9998646055386933
946460,0.953740475747326
946461,0.7581936558430298
946462,0.9996431832973347
946463,0.9474687442057759
946464,0.00968320014099226
946465,0.9999841995248938
946466,0.9693824413634973
946467,0.33203056983051593
946468,0.9979011720547999
946469,0.9633175662803273
946470,0.7798857739080742
946471,0.5090358424778418
946472,0.9934167916381025
946473,0.8775882059668974
946474,0.9999744223142786
946475,0.25893428816170616
946476,0.9998908491158147
946477,0.7830474726953482
946478,0.9934778398898408
946479,0.1901296044428655
946480,0.9917660656766307
946481,0.3991521389778042
946482,0.9999201061523597
946483,0.9920921469139624
946484,0.9999287975797662
946485,0.026228962062257027
946486,0.7470254994987593
946487,0.4213028247502165
946488,0.014280735842654385
946489,0.023972555066864576
946490,0.9977299035122569
946491,0.7700887897856015
946492,0.9693585596238953
946493,0.996556503332739
946494,0.9995998704989153
946495,0.9997903600698385
946496,0.6378538642604761
946497,0.9998245938392346
946498,0.4713191160621997
946499,0.44052646231010323
946500,0.6981744979301883
946501,0.9972601561187063
946502,0.9998685198954682
946503,0.01658007663748496
946504,0.7452373286121232
946505,0.6067186351090406
946506,0.9998987783069484
946507,0.15433685185070256
946508,0.706404564947702
946509,0.8558626918244863
946510,0.819187924365212
946511,0.33827428824434314
946512,0.9983441830326614
946513,0.9999766420278473
946514,0.9999889892863738
946515,0.6292875966294141
946516,0.4117388340744123
946517,0.8190916191991767
946518,0.9998506302797152
946519,0.9990874040002824
946520,0.21270144344446731
946521,0.9999198698746348
946522,0.7119196702915844
946523,0.995893083239427
946524,0.999840879639919
946525,0.8116617593103534
946526,0.6579049042152573
946527,0.5634158191525304
946528,0.9527310423776749
946529,0.9998577320702315
946530,0.7413335193883114
946531,0.6261108174276375
946532,0.02128937505806725
946533,0.5875760094800303
946534,0.9978942337805013
946535,0.9996031881857113
946536,0.894952953618694
946537,0.9699033056366586
946538,0.9546164425158131
946539,0.5821195894117901
946540,0.9999797080378999
946541,0.9997526538504014
946542,0.5505423990496712
946543,0.9996957217621478
946544,0.07614584063612044
946545,0.42393335839884383
946546,0.8446102744610748
946547,0.278723951798817
946548,0.9999716864340777
946549,0.9404419039928359
946550,0.9999055880326684
946551,0.2954806392831616
946552,0.45639527824031156
946553,0.9434461446284877
946554,0.39494932575718217
946555,0.7725432192070276
946556,0.9797037285513366
946557,0.6695534873376507
946558,0.8075256993465132
946559,0.9022309276879981
946560,0.9988759852180881
946561,0.006302378980267141
946562,0.01648439240462537
946563,0.9994077066442376
946564,0.1524130633316675
946565,0.9999842288776714
946566,0.997211166017839
946567,0.998207222539739
946568,0.8942879950626211
946569,0.9957383951486131
946570,0.9926718964474257
946571,0.037723786026426606
946572,0.5599996131840531
946573,0.9999323132973207
946574,0.9991951901864704
946575,0.9756230971780648
946576,0.9826925592146625
946577,0.41343122721090747
946578,0.9228917007200659
946579,0.9828706910832543
946580,0.32090619430206957
946581,0.7209898728562947
946582,0.985058149660407
946583,0.7055652590447263
946584,0.06612239704670651
946585,0.4498937794281829
946586,0.874542310364941
946587,0.215550221509496
946588,0.9758596736524126
946589,0.9982926813823012
946590,0.9866805769238863
946591,0.9995722128637881
946592,0.9999836312375714
946593,0.9997229012980253
946594,0.8954430963669696
946595,0.7579054374916976
946596,0.657756458771508
946597,0.14660396334276948
946598,0.9989483125646195
946599,0.6085230126570486
946600,0.026598628679952743
946601,0.9992955149812455
946602,0.9994460861724068
946603,0.8452089086513587
946604,0.5164850144856253
946605,0.44850562120418447
946606,0.9997840378135414
946607,0.6805081049256065
946608,0.42290819285148373
946609,0.2092283299538192
946610,0.5438732978277264
946611,0.48704164247048753
946612,0.8823854799661852
946613,0.8839368669334
946614,0.6929562646371848
946615,0.9998849396755818
946616,0.9207068866598777
946617,0.9997192232052247
946618,0.3631706653903968
946619,0.7268239982423954
946620,0.9899710367963797
946621,0.7666194877167338
946622,0.1671189181654868
946623,0.9999418670965818
946624,0.9544902950741517
946625,0.04977296953827544
946626,0.9998950299555829
946627,0.9999320390459696
946628,0.83480323424971
946629,0.5143691074853436
946630,0.9994918974036539
946631,0.8609869499095761
946632,0.9861426174571934
946633,0.2180658992487784
946634,0.002275616622260292
946635,0.609066349615935
946636,0.9997040279120109
946637,0.9902604388144612
946638,0.9402215232465269
946639,0.9999014587369836
946640,0.9981679617673859
946641,0.8890817919458367
946642,0.996258625748077
946643,0.9385670383529043
946644,0.39034929389357376
946645,0.9986464713072973
946646,0.9772322332863401
946647,0.959370769956148
946648,0.7267588616747707
946649,0.8936410044441758
946650,0.01851953217668295
946651,0.996316461418078
946652,0.10926703210862895
946653,0.08237574339418947
946654,0.9999569705178278
946655,0.9900555382911571
946656,0.9984470466060789
946657,0.7137280734713373
946658,0.7901943439784893
946659,0.999923477798828
946660,0.4604707719448923
946661,0.7017129409746063
946662,0.7112815037226095
946663,0.5639545182517833
946664,0.39661977020758793
946665,0.2662651595814279
946666,0.9999914877615341
946667,0.9997868631587109
946668,0.9998495184820957
946669,0.9996777474512847
946670,0.21861835606158103
946671,0.998638068977399
946672,0.9998377535817479
946673,0.5543188420166283
946674,0.8846774888543728
946675,0.9931681357517519
946676,0.3931652102441058
946677,0.9504165578788288
946678,0.9962430703558955
946679,0.743977069583448
946680,0.07215193190455027
946681,0.08922120120538926
946682,0.9998215346027939
946683,0.9946669066974685
946684,0.9999966046763268
946685,0.9981184460795443
946686,0.15964540302592195
946687,0.2570255916724788
946688,0.06905649693809264
946689,0.8932128130983154
946690,0.31260310328783475
946691,0.24923477457082785
946692,0.9982425757198612
946693,0.006964215679847702
946694,0.8330981344968014
946695,0.994943235546798
946696,0.1884570405958229
946697,0.9300999008011465
946698,0.7377248271863821
946699,0.9999543348725284
946700,0.9954161350585315
946701,0.9998855248739904
946702,0.5550511692181483
946703,0.8278715740369282
946704,0.0498138237275441
946705,0.7626950817957326
946706,0.7886817953279175
946707,0.9976195865151697
946708,0.4338279426431153
946709,0.09091949033127855
946710,0.6246896745070016
946711,0.9999670038260708
946712,0.9811060861403955
946713,0.9745467115351181
946714,0.9361143430067087
946715,0.7544588516036291
946716,0.9999523164092027
946717,0.9986959230124148
946718,0.9995704580860334
946719,0.9985752546653162
946720,0.7913230286246529
946721,0.976459825593057
946722,0.9961317451483718
946723,0.9999558100983594
946724,0.9843850758372893
946725,0.9996950006237896
946726,0.8336122699927181
946727,0.8895904843335927
946728,0.8657477530123924
946729,0.7647262628264505
946730,0.17424696158155448
946731,0.9995804585492332
946732,0.16718602786122586
946733,0.9375002488608899
946734,0.03807173227957013
946735,0.32553700040955924
946736,0.9030266916793879
946737,0.04860738170107079
946738,0.9988644302570076
946739,0.9996559287517943
946740,0.10766763511621519
946741,0.9998535829880032
946742,0.5000660950349833
946743,0.6287202651156472
946744,0.9887868944838816
946745,0.9856251820143488
946746,0.9998644220101429
946747,0.8480071001533518
946748,0.5131758175680562
946749,0.12923863100949107
946750,0.3594457619682528
946751,0.5599003673970835
946752,0.014733220881560663
946753,0.9996704356350208
946754,0.35280248132468456
946755,0.9994288741092092
946756,0.9352555898877881
946757,0.9814183925462894
946758,0.004361964036542035
946759,0.009684037847724081
946760,0.9996313352216277
946761,0.4633379600406078
946762,0.473479580953121
946763,0.6601412022325623
946764,0.9992837787288205
946765,0.9955696281129685
946766,0.9993125982807987
946767,0.999825090155659
946768,0.5872878058962395
946769,0.9924093335099891
946770,0.06473097187478356
946771,0.05130192147745246
946772,0.99973296123658
946773,0.5303319554689443
946774,0.10752573051844881
946775,0.9999711201825753
946776,0.9996967570590187
946777,0.666152772462203
946778,0.010441696623674503
946779,0.4147909705790812
946780,0.7963786763802808
946781,0.9991093431865072
946782,0.9999819663221847
946783,0.03913920723984021
946784,0.5023917977429042
946785,0.010493873969850262
946786,0.060459825437547965
946787,0.9999450013054128
946788,0.01397322496781471
946789,0.992238014726011
946790,0.9545346475950165
946791,0.592655013754958
946792,0.02838439984679606
946793,0.09724906813650364
946794,0.11622946071575939
946795,0.9998578602019271
946796,0.03312382840022113
946797,0.30259208683587674
946798,0.998990581415822
946799,0.9948773023119519
946800,0.9252754314134385
946801,0.9061433173279007
946802,0.01874875902024076
946803,0.7226504760794819
946804,0.9999949665761556
946805,0.1255584060943438
946806,0.9989509767941068
946807,0.49405895262767086
946808,0.2826608159248214
946809,0.8631858441427835
946810,0.9999694544913105
946811,0.9932201577196925
946812,0.9998512761839669
946813,0.137037972320199
946814,0.005098111238977683
946815,0.9989322211639613
946816,0.8092711516656792
946817,0.9873999248196598
946818,0.8966330248061114
946819,0.041993925154164946
946820,0.5519998648944563
946821,0.4828504678420088
946822,0.6959121468802694
946823,0.07627749947811668
946824,0.9997467540922049
946825,0.9645705068239352
946826,0.9998631429385473
946827,0.9426647751039167
946828,0.9619037325152371
946829,0.0634050695156283
946830,0.9698546272774511
946831,0.717972581701889
946832,0.973552316635232
946833,0.9997436663458719
946834,0.8860212003188739
946835,0.9999953241507922
946836,0.9965143758304587
946837,0.9153910587572645
946838,0.247441110664701
946839,0.42454555341513106
946840,0.8164266304624868
946841,0.9196535924970839
946842,0.42418294833498427
946843,0.9629811863671491
946844,0.715978460348312
946845,0.9779845320827119
946846,0.9880384710244638
946847,0.5144288125063916
946848,0.9984871513329108
946849,0.9969736634267671
946850,0.0718534762687563
946851,0.9849515846262653
946852,0.9999172848072377
946853,0.9918985576967185
946854,0.9777572078169352
946855,0.9975154833555062
946856,0.2137168385688523
946857,0.0100206150482905
946858,0.9875064464182834
946859,0.870284316704474
946860,0.9682207386644491
946861,0.009579604302896522
946862,0.9703350320372721
946863,0.7651236410099524
946864,0.9995323554175766
946865,0.999695563324082
946866,0.8423868446715408
946867,0.8783779378896988
946868,0.9992140673257548
946869,0.15962538128114495
946870,0.954160456342428
946871,0.99127340860436
946872,0.96150208633647
946873,0.9991347174137271
946874,0.29336283839877314
946875,0.9474806760428852
946876,0.9999364520311707
946877,0.04192688668455691
946878,0.9998019592064062
946879,0.26248530827844074
946880,0.998680254277231
946881,0.9943282919380347
946882,0.15790551271681708
946883,0.9696598665989857
946884,0.014485057267451184
946885,0.9363516615494799
946886,0.9602223266359453
946887,0.4194922654916592
946888,0.16461985394852707
946889,0.9999164616882347
946890,0.007972902489284095
946891,0.03117939373965132
946892,0.8046341236342327
946893,0.9936308185573964
946894,0.9945045529933911
946895,0.8478721990367629
946896,0.9999155125422778
946897,0.259938250047512
946898,0.004913248916382575
946899,0.992713291619951
946900,0.10450241306802185
946901,0.8801147667888949
946902,0.9634677516592116
946903,0.903228383587151
946904,0.9219396065198178
946905,0.992941401694119
946906,0.7996429496903088
946907,0.7444433042209522
946908,0.9999500092874972
946909,0.26536340495375604
946910,0.8923532572947146
946911,0.977523900146607
946912,0.14844832363597046
946913,0.031083085933619598
946914,0.9999646161245764
946915,0.8112568372006348
946916,0.9991403981392608
946917,0.06737468145950513
946918,0.6571513485055267
946919,0.8601464183773753
946920,0.9522254837515352
946921,0.8723163807915055
946922,0.7135988386892572
946923,0.9998617448506617
946924,0.999925261113435
946925,0.9631526750406005
946926,0.8492374655818524
946927,0.9829527459406036
946928,0.9959907284228925
946929,0.16393022985784944
946930,0.11535207952257878
946931,0.998079441537395
946932,0.10115441277565877
946933,0.9973828339953872
946934,0.9989174397661826
946935,0.11663063919560446
946936,0.9956487787366586
946937,0.6269391470414758
946938,0.9984491834413156
946939,0.9656712245258064
946940,0.6952434510711814
946941,0.24033404209140852
946942,0.9996501747946372
946943,0.9223820440166236
946944,0.2791776726857622
946945,0.9957793766664689
946946,0.9940924497641028
946947,0.8556013595451002
946948,0.9999120802711845
946949,0.9949886071757275
946950,0.9995225598865294
946951,0.9997578988196922
946952,0.9999895194008528
946953,0.8491486756713247
946954,0.9994455841368696
946955,0.5694481171026885
946956,0.7414411560588341
946957,0.14421134372530145
946958,0.1582278173275584
946959,0.28174168600154303
946960,0.9998781594662524
946961,0.9904342054568569
946962,0.9997106789676354
946963,0.9914069519193305
946964,0.9730527903591213
946965,0.9940038535966007
946966,0.1905573698518392
946967,0.22162391022373484
946968,0.9192359279193436
946969,0.9999287315826924
946970,0.9965280543555491
946971,0.9292620220347965
946972,0.9704072510036221
946973,0.3287650007342655
946974,0.9061394677038315
946975,0.9997677951122639
946976,0.014355319146691546
946977,0.993704491626533
946978,0.9829635620840123
946979,0.49034657291115824
946980,0.9999132328723609
946981,0.9185637203640784
946982,0.10017767142094694
946983,0.8477046761220828
946984,0.9998591755650693
946985,0.20222513201960035
946986,0.0624604078943969
946987,0.11335307838007391
946988,0.9458746482359317
946989,0.10707663532604547
946990,0.6952072967102616
946991,0.9999970802475351
946992,0.9998642502632129
946993,0.9760353397465773
946994,0.05851861351616801
946995,0.9999790450287358
946996,0.9888123547196331
946997,0.2780188888104999
946998,0.998388178660264
946999,0.13430395338203485
947000,0.9975246819490061
947001,0.08652650481886318
947002,0.9987044736639676
947003,0.9979165977783606
947004,0.039257391847244194
947005,0.9999748499553018
947006,0.944886491021077
947007,0.023257386802034763
947008,0.17651499593015915
947009,0.5678539172797659
947010,0.9745853926046312
947011,0.845632085789298
947012,0.21005346974349215
947013,0.9463611463882131
947014,0.2842920151197173
947015,0.9999014616732271
947016,0.9996825099178581
947017,0.3442723720369017
947018,0.9025211252012526
947019,0.4904263017668225
947020,0.8500944090234904
947021,0.9859519151080487
947022,0.037073811012315015
947023,0.9998233899941215
947024,0.5750298538646157
947025,0.1719724382443015
947026,0.8518427411629994
947027,0.9995510619938353
947028,0.9935710898269926
947029,0.511805545799749
947030,0.9980686636158675
947031,0.9643743895633554
947032,0.9999210210817882
947033,0.29080085270051
947034,0.5592235726033759
947035,0.9966253198307033
947036,0.999367269360312
947037,0.9940344608788644
947038,0.4667798579376063
947039,0.9995554063035637
947040,0.9999865089285729
947041,0.3458597409289269
947042,0.9713106792071975
947043,0.41704996703096586
947044,0.9412455945432778
947045,0.8169513364808532
947046,0.5130396706135453
947047,0.9932742872920433
947048,0.23543032053784266
947049,0.9986416751387578
947050,0.9780606949633793
947051,0.9990175437415747
947052,0.9303030247068167
947053,0.9891657636428823
947054,0.9998463554494001
947055,0.996962841047691
947056,0.4374881792309311
947057,0.9770438511599591
947058,0.9996545261786375
947059,0.998322385883625
947060,0.04352466635111947
947061,0.9999514148765499
947062,0.9989526229349492
947063,0.9351814149020737
947064,0.12118060886115498
947065,0.7144731659018468
947066,0.21743543445631475
947067,0.9986793786557189
947068,0.14032417239119319
947069,0.9695847300010182
947070,0.002783779934151444
947071,0.8267896213550645
947072,0.9596260759569912
947073,0.03348715787005237
947074,0.9997920049971495
947075,0.9980213142744461
947076,0.9991238303277545
947077,0.9694626641785715
947078,0.9999443306098033
947079,0.5435691535388609
947080,0.5075453510971497
947081,0.9973836509511524
947082,0.9974062943533437
947083,0.48694112160788594
947084,0.883457905042041
947085,0.9996961475549265
947086,0.9719126006092903
947087,0.9998716659287605
947088,0.5010343975210985
947089,0.9861684266393995
947090,0.9770064152723766
947091,0.4971695014936714
947092,0.07039026861872358
947093,0.8119077635929935
947094,0.9996157888642341
947095,0.30396261316805595
947096,0.9998760980622858
947097,0.30723872672158326
947098,0.5910590390045497
947099,0.9860059917054712
947100,0.9932526007884865
947101,0.999863346564067
947102,0.48350896268476135
947103,0.9588421707001933
947104,0.9999546823236325
947105,0.9998644217665043
947106,0.8709412225685709
947107,0.9997683359199722
947108,0.47739586763917796
947109,0.9981726998568241
947110,0.6102925752184722
947111,0.9993353845024688
947112,0.9864459813993112
947113,0.9990065092235055
947114,0.9998495307104144
947115,0.8607919055270989
947116,0.9999202363818223
947117,0.999042396941021
947118,0.07409445600745158
947119,0.8429010289706249
947120,0.9946970179173232
947121,0.9999011931386546
947122,0.27349007644242057
947123,0.017433945238110874
947124,0.9963303607469206
947125,0.9993866093629173
947126,0.7780558002518877
947127,0.29041421572900233
947128,0.5977320356281075
947129,0.9975156884474335
947130,0.06588208080262759
947131,0.6008500016100669
947132,0.7269864603068357
947133,0.02767892136601399
947134,0.9999646384944805
947135,0.9999937919234899
947136,0.996287638051518
947137,0.9998488615109471
947138,0.10928356229541646
947139,0.6480879966968591
947140,0.8872775585059105
947141,0.8148556607873445
947142,0.9993626311559256
947143,0.8968269516320254
947144,0.3966051986390456
947145,0.8837004901742438
947146,0.38450163265255544
947147,0.999975314357205
947148,0.5342508477641291
947149,0.491830245839982
947150,0.9799576554598284
947151,0.37811182348762407
947152,0.1304851752179843
947153,0.9979830031560359
947154,0.06142351588689303
947155,0.8879646761202172
947156,0.19838809070132307
947157,0.1523593066248038
947158,0.11994303368577017
947159,0.9980768648861778
947160,0.9999349163146134
947161,0.904671063710371
947162,0.1882874215583355
947163,0.9865900241292518
947164,0.028502223003056534
947165,0.9988138936731883
947166,0.9203373728330962
947167,0.9999623340601218
947168,0.9775765317614403
947169,0.9961179732893582
947170,0.6941232811478926
947171,0.01147798260216739
947172,0.8703960379173404
947173,0.7265527633354054
947174,0.7225818106797973
947175,0.9762832776988137
947176,0.051148507841330265
947177,0.45114701634882587
947178,0.5183228485728154
947179,0.9928003441653444
947180,0.9991425152141933
947181,0.9002427828496029
947182,0.99982610204051
947183,0.7755511296934552
947184,0.9999906297278945
947185,0.9143564672249779
947186,0.6741298870180752
947187,0.9979619194422794
947188,0.09838110740229195
947189,0.9529251948096054
947190,0.9980724788609259
947191,0.9734427102675767
947192,0.20400598146317847
947193,0.999832687585408
947194,0.3590836283476044
947195,0.9645129104893626
947196,0.9264641214616113
947197,0.983330967877145
947198,0.9578371653606681
947199,0.9982664546744616
947200,0.9888716120419954
947201,0.9993819395006136
947202,0.2648149572269989
947203,0.7953597808741514
947204,0.015303646944603004
947205,0.8767428244088349
947206,0.6473777270488319
947207,0.8330811322166485
947208,0.9584002514806077
947209,0.999290450771703
947210,0.9912804573007148
947211,0.12120027754878662
947212,0.9999230497805223
947213,0.9970392829806609
947214,0.7996247008260391
947215,0.9693137541515708
947216,0.5619442798248975
947217,0.7794068048050389
947218,0.9997299722830705
947219,0.19576281871509918
947220,0.9398694899067495
947221,0.9849000967585109
947222,0.954753707818712
947223,0.8123239068780577
947224,0.6857290210917932
947225,0.4454455206437544
947226,0.8666004810586034
947227,0.9679716705203805
947228,0.9999807052731551
947229,0.9998000629777894
947230,0.9435224689631425
947231,0.9998661334677512
947232,0.07797955176854879
947233,0.28392500328639364
947234,0.9986255027438145
947235,0.9144584377250666
947236,0.9967634995337871
947237,0.9902543506381074
947238,0.9998411810332164
947239,0.2545740770467932
947240,0.999906583449862
947241,0.9866406787331401
947242,0.9995459141447907
947243,0.9997359687312968
947244,0.9998843081101663
947245,0.007771889355122427
947246,0.9744749411581557
947247,0.9943610830237467
947248,0.9982568895482637
947249,0.9381223752872266
947250,0.3087457233307364
947251,0.9998592474551691
947252,0.5860195591953367
947253,0.012708452954635413
947254,0.5367272575259003
947255,0.017418084688036205
947256,0.23362547312223494
947257,0.5800334639885921
947258,0.5415559422094517
947259,0.463307746774787
947260,0.9209746156424963
947261,0.580736173517155
947262,0.9998699277717288
947263,0.9982235304965306
947264,0.6430146799743259
947265,0.9978074863131957
947266,0.9951602555840617
947267,0.9727102161408449
947268,0.9990204878038245
947269,0.4117684167153367
947270,0.596587591689915
947271,0.9998244256270322
947272,0.9120819861361764
947273,0.6731090199500372
947274,0.9308253243857738
947275,0.9996935924884361
947276,0.4120080088750511
947277,0.4159730281508777
947278,0.6147402400036572
947279,0.8795213157815478
947280,0.9913626518075429
947281,0.9586823810617645
947282,0.9863720684686208
947283,0.017069865762943046
947284,0.9997368720965626
947285,0.4048806827465815
947286,0.7770440502159822
947287,0.09577194328368235
947288,0.9997285925470274
947289,0.5089385800196866
947290,0.9247396470502407
947291,0.9990396715713831
947292,0.8422558906641824
947293,0.9781177844331025
947294,0.06609216189926764
947295,0.4425652397053623
947296,0.9989666567631749
947297,0.9476898344041875
947298,0.5771296549161066
947299,0.9999914903095165
947300,0.014690903012988477
947301,0.5306558819503734
947302,0.9689321828861288
947303,0.6589913527634423
947304,0.22194732471696454
947305,0.8493448848979961
947306,0.027006638540478915
947307,0.9997002464369875
947308,0.9998429058402085
947309,0.9999606140378174
947310,0.669507294472142
947311,0.999654015963229
947312,0.8896038961564166
947313,0.9994839012011989
947314,0.6940183919017935
947315,0.3331740216029398
947316,0.2643834504156436
947317,0.35735779397900436
947318,0.48753975258629273
947319,0.14660226402072174
947320,0.0058263213872693275
947321,0.9971410354907799
947322,0.5911359388319073
947323,0.04329313909395806
947324,0.9996053281088065
947325,0.48175927691627546
947326,0.8117175135737118
947327,0.999990286153003
947328,0.5960433611602097
947329,0.9877952679091908
947330,0.9289162633163228
947331,0.9995734991500105
947332,0.9999312037806765
947333,0.9999372857350153
947334,0.9678412883002496
947335,0.03278765438190024
947336,0.9680449581796547
947337,0.9977656861986814
947338,0.003988865064483442
947339,0.9997588903668868
947340,0.21268994774529837
947341,0.9447168203323605
947342,0.9957167142223009
947343,0.22720401870609283
947344,0.9999758551706908
947345,0.9949868849683188
947346,0.99294001691486
947347,0.9992141747355556
947348,0.593032631075689
947349,0.9993944100165124
947350,0.9991714252987693
947351,0.9014920240181791
947352,0.007353145866475711
947353,0.01956352662674523
947354,0.9999409950203746
947355,0.015495296423863108
947356,0.9906333836211667
947357,0.7161501028597932
947358,0.16957625486887365
947359,0.04887923842452893
947360,0.9999808976380647
947361,0.4032545141237238
947362,0.9998959753935854
947363,0.9993605305476198
947364,0.9982135207910947
947365,0.9890648904233379
947366,0.9917222813726783
947367,0.9833727644051302
947368,0.9943230675717276
947369,0.5098613404232689
947370,0.8406568609368292
947371,0.2005506017660269
947372,0.9995364436361044
947373,0.18171273790101483
947374,0.007760582296770831
947375,0.8611777830784735
947376,0.9550667520694109
947377,0.8307792248342496
947378,0.9227161037309886
947379,0.8969446999758064
947380,0.9992590782713996
947381,0.09927378340271997
947382,0.7554342908509425
947383,0.007547824593127297
947384,0.766933165612109
947385,0.9999180325938264
947386,0.07609494579784837
947387,0.857087020037598
947388,0.9744404651196403
947389,0.9974539059785436
947390,0.49858612325001694
947391,0.9984784767489603
947392,0.9995475917327912
947393,0.9998350634681303
947394,0.9999296045979778
947395,0.44723047784549946
947396,0.06072656939038527
947397,0.797016201870256
947398,0.2776570482610002
947399,0.48908862483485754
947400,0.16626266105232712
947401,0.2727219679770026
947402,0.4775919455959944
947403,0.18212712526807073
947404,0.30909897028319977
947405,0.999785483418544
947406,0.9321642278392062
947407,0.755086587548063
947408,0.9987880173628688
947409,0.9999883316539029
947410,0.9949957604527067
947411,0.5234306146202516
947412,0.9944239788979863
947413,0.7481472541870989
947414,0.7070249187442449
947415,0.9933308188103774
947416,0.9373438546925679
947417,0.9988618843880508
947418,0.9996594885294081
947419,0.9985970860556889
947420,0.9999241044852746
947421,0.9985065265672297
947422,0.08290293935038304
947423,0.9976086755306082
947424,0.999915762361734
947425,0.560129490044662
947426,0.11303632446594089
947427,0.9994594195115198
947428,0.18419430864386688
947429,0.7694438951245788
947430,0.046468017441701245
947431,0.9962547325153546
947432,0.7819559485543779
947433,0.9793579603908781
947434,0.9997555280259421
947435,0.9999621403873105
947436,0.03779172393911471
947437,0.9982737488888294
947438,0.9927403886340953
947439,0.7781194226273509
947440,0.26963134987350407
947441,0.0041118324273401435
947442,0.8413086203177633
947443,0.9984352361961213
947444,0.08007675340450135
947445,0.7557738026459488
947446,0.9917322939838354
947447,0.7134662029927625
947448,0.9949814098500835
947449,0.9983716450826197
947450,0.979133889778952
947451,0.9355852997004239
947452,0.6361246900501426
947453,0.9437415643577742
947454,0.11008657484706517
947455,0.18788061438790427
947456,0.027865215540418074
947457,0.9999322014322992
947458,0.7306849482580416
947459,0.869905980512558
947460,0.7504226792263988
947461,0.9996161158888034
947462,0.9999392328709531
947463,0.9642697384774643
947464,0.38375623305502543
947465,0.9793216193505119
947466,0.682834812596536
947467,0.3458123979183477
947468,0.7574012102924939
947469,0.20291363081033084
947470,0.999819351784442
947471,0.21144378429846056
947472,0.6176267452632753
947473,0.9997961183757058
947474,0.019889364530309983
947475,0.9233041994944469
947476,0.9996294319625826
947477,0.9571597166811204
947478,0.01773568770378259
947479,0.9995876140494857
947480,0.7635900940603721
947481,0.41326290056441894
947482,0.05108469783756722
947483,0.48405646851000195
947484,0.10722861417534223
947485,0.9993250495541249
947486,0.9928268857410644
947487,0.9998187633288123
947488,0.9998333463141281
947489,0.8280598802362474
947490,0.9996839994124596
947491,0.7603822482100754
947492,0.0476945658709976
947493,0.9999545136193152
947494,0.9997062973559673
947495,0.9999100599619485
947496,0.5077437204943933
947497,0.9995516684202571
947498,0.9999764957209416
947499,0.9995863423271601
947500,0.9881018170362532
947501,0.9237521483835773
947502,0.7465439301069204
947503,0.2392635127810246
947504,0.9994036373926041
947505,0.0840522231939927
947506,0.9993403817513968
947507,0.9648735364762492
947508,0.057137589060507074
947509,0.9997179068942539
947510,0.9999157412291657
947511,0.9999160840806681
947512,0.02673678380897216
947513,0.2604115784870472
947514,0.9976089140028621
947515,0.998636773128652
947516,0.9996172961455427
947517,0.9820278479874396
947518,0.8473398254413973
947519,0.36901472521750883
947520,0.9995405471939245
947521,0.9999647778834315
947522,0.3133326398885345
947523,0.9993231739147421
947524,0.9637812503738696
947525,0.9962424922865736
947526,0.04319991064542488
947527,0.026766855000531806
947528,0.5626688754718624
947529,0.9466132887898656
947530,0.999976991280097
947531,0.10819484481588637
947532,0.6703291794270558
947533,0.9889516112300452
947534,0.9227996005800733
947535,0.16578256527886281
947536,0.026001880671129525
947537,0.9943969496127029
947538,0.9827714697908754
947539,0.9775359126107133
947540,0.9973725698593843
947541,0.9987612490487567
947542,0.9999751223127956
947543,0.5220511252893659
947544,0.33207069165696834
947545,0.7894351506662304
947546,0.9999341767384733
947547,0.1985975940470111
947548,0.39948115172263854
947549,0.9881518133870532
947550,0.8438753969265197
947551,0.9981101279170275
947552,0.9994179285779177
947553,0.9926676225599931
947554,0.9997576433928215
947555,0.09091430139594255
947556,0.6183821779831827
947557,0.9949873072845501
947558,0.9968039415609241
947559,0.04417451083171789
947560,0.8726689169534156
947561,0.7861646483156133
947562,0.9996727496490083
947563,0.7832083321919157
947564,0.9908742758148508
947565,0.9998217669211313
947566,0.13836803308297752
947567,0.03148074432845733
947568,0.9988450734797207
947569,0.2127539958186808
947570,0.4377223895098881
947571,0.11482485278532707
947572,0.2107505945390431
947573,0.4003900587475713
947574,0.9992751312929089
947575,0.9420555858108177
947576,0.2945142297055877
947577,0.6685936519654109
947578,0.9984122286277433
947579,0.0006005064334174325
947580,0.06752019049757514
947581,0.8104685901318529
947582,0.020064877276987955
947583,0.0062969183953697615
947584,0.894877636085005
947585,0.3315587457331417
947586,0.7578905759223169
947587,0.9999316343957156
947588,0.9996868636374288
947589,0.9958693486908885
947590,0.47591733011824366
947591,0.9920924454539858
947592,0.3591447380483759
947593,0.5393043246062467
947594,0.39391873358011487
947595,0.9997261296086504
947596,0.9999698363423052
947597,0.9971837883508003
947598,0.02838776924492428
947599,0.9987820801556624
947600,0.6312639195708146
947601,0.47439299621685793
947602,0.8208923641296373
947603,0.9993381225128457
947604,0.9990322308218648
947605,0.9998984732280205
947606,0.999934422813799
947607,0.8835956125405233
947608,0.34338638735071114
947609,0.7553870593937548
947610,0.5232918977379355
947611,0.5259710928168859
947612,0.9998725954942855
947613,0.6265282597623426
947614,0.9847451698426646
947615,0.9159871252690914
947616,0.9999608920870232
947617,0.9999141678778396
947618,0.9998330832752459
947619,0.8334086852691628
947620,0.9918798083947571
947621,0.995760347598407
947622,0.014896756369005077
947623,0.026474721403835177
947624,0.9999831755349058
947625,0.9969576334477376
947626,0.09397181714566118
947627,0.9999912120359344
947628,0.962532749376652
947629,0.9274262640266402
947630,0.9996100197145308
947631,0.4643713692314879
947632,0.9999352929302481
947633,0.9997405319275802
947634,0.32297031133016396
947635,0.959911817021269
947636,0.8807269191921108
947637,0.06738050139932585
947638,0.944035903258641
947639,0.9995380880232346
947640,0.9996079357608507
947641,0.0006264575807925118
947642,0.9968797103773142
947643,0.0771461235207775
947644,0.3329420978823502
947645,0.9722751595149297
947646,0.9578313621003567
947647,0.15361378767871695
947648,0.9971051774749959
947649,0.9994655603113749
947650,0.02813767986822236
947651,0.9989262608560383
947652,0.8272110532787356
947653,0.22179338025871356
947654,0.9634064229476083
947655,0.9986650870297265
947656,0.5992664220578815
947657,0.9998650715564139
947658,0.7535809899244914
947659,0.16645004460313392
947660,0.9997985918385347
947661,0.9989240384385517
947662,0.9988540884255188
947663,0.9979985034877711
947664,0.02919072627006275
947665,0.9998296170286038
947666,0.034552829656939656
947667,0.9999635271380622
947668,0.09839122967697062
947669,0.9942702758493212
947670,0.9993045433839032
947671,0.636544320531754
947672,0.8884264979267669
947673,0.9913365149984449
947674,0.998951163986562
947675,0.9984553157550233
947676,0.6567061713978444
947677,0.9988216833454584
947678,0.713001345236751
947679,0.9830575351861395
947680,0.9996106990893243
947681,0.9611512935586641
947682,0.017889714305416887
947683,0.032775914322039815
947684,0.9997119030826866
947685,0.6988372573839277
947686,0.9999467662454142
947687,0.999696824525169
947688,0.1703521535884929
947689,0.9999602387873368
947690,0.6335342916692817
947691,0.9994917615643502
947692,0.9993816407495628
947693,0.9796368143223385
947694,0.996283868308806
947695,0.2661110534675181
947696,0.0032781310435989522
947697,0.6400199332404766
947698,0.9964155524188616
947699,0.9995118461960821
947700,0.9992851738302118
947701,0.04290238569108894
947702,0.9997671674702756
947703,0.9526182165647918
947704,0.5427493223887849
947705,0.99974359967258
947706,0.6701375417615953
947707,0.9910519062603014
947708,0.36486981301645727
947709,0.9991239511572149
947710,0.995532628330661
947711,0.9996268450179923
947712,0.9999465068733537
947713,0.4217200084429137
947714,0.9913517309691944
947715,0.7586143610687957
947716,0.04326110192004082
947717,0.8030883418521022
947718,0.6447056417393571
947719,0.6778064899629993
947720,0.9990818587596266
947721,0.99992447064215
947722,0.8492120955421125
947723,0.9885631952984247
947724,0.9985412266700976
947725,0.10557989551179056
947726,0.36749068473817503
947727,0.013881142905845316
947728,0.13623783610321424
947729,0.8296599414303025
947730,0.9953946726450494
947731,0.8721667885319958
947732,0.7933698983765931
947733,0.9778092818574847
947734,0.9897835891551908
947735,0.9997422865855108
947736,0.9959300002819362
947737,0.8518254949184318
947738,0.8796304971370184
947739,0.6099938199133905
947740,0.9999526192932703
947741,0.9885768140426067
947742,0.9992044771393821
947743,0.9938680562875453
947744,0.3724367337714486
947745,0.9972856297609674
947746,0.1814346067162548
947747,0.2251749796255168
947748,0.18758588967059642
947749,0.08642300109332517
947750,0.9738332907594027
947751,0.9929604232740097
947752,0.9995535409226008
947753,0.5670723384180687
947754,0.04745974036050475
947755,0.43982892847463567
947756,0.384311666840882
947757,0.9998058539659826
947758,0.9456692504205721
947759,0.20614275561558423
947760,0.9737177195045648
947761,0.2502660009280162
947762,0.9410620286080771
947763,0.7462882176606198
947764,0.9878255010079101
947765,0.3599872489459596
947766,0.98655871359147
947767,0.7269594051778016
947768,0.9998749409762581
947769,0.8826157459838513
947770,0.7078708947333499
947771,0.9928993548184346
947772,0.9771584454884941
947773,0.8969632685708513
947774,0.9998547758399097
947775,0.7858861006609319
947776,0.9879667561817973
947777,0.8947608520807604
947778,0.9998212424865605
947779,0.16633795908224605
947780,0.9998037674975612
947781,0.7291141479840954
947782,0.8788658104698599
947783,0.9954616614956905
947784,0.7394536797960984
947785,0.5632124676920195
947786,0.9999197965724349
947787,0.6673020357677507
947788,0.9998059207552445
947789,0.9974489955025467
947790,0.9981116927923057
947791,0.9898796584580098
947792,0.9965319135651471
947793,0.007674438555645071
947794,0.9993623900222073
947795,0.7208689278456586
947796,0.6195443677246647
947797,0.9999764561131022
947798,0.5791542889268094
947799,0.9986381730044834
947800,0.999781198101225
947801,0.9998689336192557
947802,0.9999275108637868
947803,0.9998009769549228
947804,0.28897479904861123
947805,0.9997265233184995
947806,0.9619724918739245
947807,0.9999405352327777
947808,0.9999404495381495
947809,0.9597474270634867
947810,0.25629616442720393
947811,0.998868169083934
947812,0.9995381167307644
947813,0.20495769239062436
947814,0.9945080254647829
947815,0.8773392438090613
947816,0.9999528189978022
947817,0.5526951564886636
947818,0.9529710098650219
947819,0.9781836711883938
947820,0.1271112952149748
947821,0.9961483167551579
947822,0.024199277414680125
947823,0.04755633814033955
947824,0.7228158097510426
947825,0.9990161849986308
947826,0.9774879089331279
947827,0.40111464763929777
947828,0.9999385668048109
947829,0.8076427383957789
947830,0.7262515719142002
947831,0.05070430187531412
947832,0.00349128416847214
947833,0.4979538603193414
947834,0.9350065322699658
947835,0.9966105397490328
947836,0.999606142266448
947837,0.949333813279859
947838,0.9997470068319068
947839,0.9914564637724601
947840,0.9998279629860949
947841,0.9988984131573267
947842,0.9814103283126977
947843,0.6342126486756379
947844,0.9999483701788918
947845,0.9844026872227809
947846,0.9949336341003906
947847,0.8979594532534947
947848,0.9954969917294595
947849,0.7907828844231859
947850,0.3417360827142113
947851,0.4481646338058308
947852,0.9878902412068247
947853,0.4986668128441326
947854,0.9994584762850206
947855,0.9893318902148962
947856,0.1974341545922828
947857,0.2259885915224358
947858,0.9997150640381665
947859,0.9992089932513595
947860,0.007721649694170852
947861,0.9995361819120915
947862,0.08912744786430277
947863,0.8762313869968428
947864,0.9999657690180809
947865,0.9926339842123499
947866,0.03939010295912243
947867,0.9999088151379869
947868,0.5230012622969074
947869,0.9946350656847216
947870,0.798842722749984
947871,0.9993399643762277
947872,0.9468793199852698
947873,0.9996942029554678
947874,0.8901904268453886
947875,0.9158150828377971
947876,0.999328507549571
947877,0.9995356772851565
947878,0.992440691766665
947879,0.9999050165744381
947880,0.11813033570343118
947881,0.9996662890312951
947882,0.9999933451978362
947883,0.9072022430719173
947884,0.6339605254834396
947885,0.0412845268072254
947886,0.5486412104555115
947887,0.9999906289590719
947888,0.5670946112778662
947889,0.22272551686362912
947890,0.9948236745670903
947891,0.9997783389144395
947892,0.8868221440143271
947893,0.5159474689053859
947894,0.8518585364597555
947895,0.9997815440681178
947896,0.11382381965001648
947897,0.359509914334373
947898,0.9317603022715338
947899,0.9989074089721472
947900,0.9556285991771215
947901,0.10615406979181741
947902,0.28919907928797534
947903,0.9993179276421751
947904,0.6606007199139524
947905,0.6451609867465838
947906,0.004122990321859821
947907,0.8579899882137811
947908,0.5497555182634107
947909,0.6984518477513841
947910,0.9998869088525324
947911,0.6574321421903693
947912,0.5108722342652232
947913,0.0063832636343731375
947914,0.9989572689931143
947915,0.27712679045027727
947916,0.9999751137323721
947917,0.999733061160035
947918,0.8988653499648511
947919,0.9986444854699477
947920,0.6567007048413404
947921,0.9990185844435011
947922,0.6871586062833432
947923,0.5774573961441264
947924,0.8255669471368605
947925,0.9989558791518417
947926,0.29165575829837687
947927,0.9999565320662578
947928,0.999158862160493
947929,0.26158665059474
947930,0.9913453523628812
947931,0.9876309211183321
947932,0.989855525673135
947933,0.9737541970550065
947934,0.991509586709194
947935,0.9999139850816083
947936,0.08019132749969182
947937,0.02432755431539848
947938,0.6304869741297298
947939,0.9997929533496688
947940,0.9997105727104096
947941,0.9874730264309829
947942,0.08147551744742715
947943,0.8894501214685763
947944,0.21940452991662998
947945,0.8870299036008689
947946,0.9698476545501051
947947,0.5243319418105011
947948,0.983873575433187
947949,0.9999348648760358
947950,0.8334669728536239
947951,0.6904573562010445
947952,0.45741906625178397
947953,0.9563763740756536
947954,0.3910676229125145
947955,0.9482864011353019
947956,0.9999061704540383
947957,0.9999247313762519
947958,0.666934247282269
947959,0.9999775097807014
947960,0.2356488136805644
947961,0.9977694489100285
947962,0.03724609732954127
947963,0.9996578433084029
947964,0.5391951891235318
947965,0.4436231258620418
947966,0.7262003036431715
947967,0.9790032068656962
947968,0.5079454383448966
947969,0.9972097476359003
947970,0.9846719021513968
947971,0.08882140942714305
947972,0.9996162543019396
947973,0.997790356762752
947974,0.9975398467541496
947975,0.7401822000988509
947976,0.9999478627058774
947977,0.8410654147159777
947978,0.3467501651810314
947979,0.9147654981518893
947980,0.9316040491329628
947981,0.9962537059794614
947982,0.8778047758025324
947983,0.020282163802353474
947984,0.03609085932201888
947985,0.9658873871412867
947986,0.9960654664879011
947987,0.9886556244865712
947988,0.5453565524297017
947989,0.9957864280072706
947990,0.04120536049135871
947991,0.9999016883142432
947992,0.03654585275043655
947993,0.9979037641271736
947994,0.9994987055730512
947995,0.00857132598890267
947996,0.943219977548185
947997,0.6746419500844831
947998,0.9999125610537885
947999,0.8981915638829094
948000,0.4944351351698187
948001,0.9999220984822037
948002,0.15048548586416122
948003,0.012353236049188539
948004,0.999862603472672
948005,0.554029595869975
948006,0.7560504751848307
948007,0.9509326497108053
948008,0.08662685629145706
948009,0.8466343652827782
948010,0.4333504159930926
948011,0.9995038607275668
948012,0.6052589405798665
948013,0.9982739256993787
948014,0.9989092894369571
948015,0.027695014157418194
948016,0.9921121817378544
948017,0.9918029657675465
948018,0.750571864028096
948019,0.9832598699446643
948020,0.9999061203537658
948021,0.9934548878128017
948022,0.03817202272511255
948023,0.9983738832207278
948024,0.3280344183305746
948025,0.8424837633610226
948026,0.9983636233802675
948027,0.9059281597523845
948028,0.9965039722886091
948029,0.9998023784182577
948030,0.9985718553100432
948031,0.9998084766687956
948032,0.6849186987035827
948033,0.9997641278272777
948034,0.8165428764543254
948035,0.051157947824436945
948036,0.9955017415046425
948037,0.15810139223056577
948038,0.9999654010262495
948039,0.9580155729298281
948040,0.7828119137584044
948041,0.020103312533034687
948042,0.999925973775004
948043,0.3766362234402116
948044,0.9908488203998391
948045,0.9996489417352368
948046,0.9111805581181431
948047,0.6020569909214013
948048,0.6376293395827518
948049,0.7169748906686388
948050,0.9115900242146895
948051,0.663130920545804
948052,0.2022683085207127
948053,0.9991650655602717
948054,0.03299130542546426
948055,0.9991174559985154
948056,0.9991891482825852
948057,0.7505262012431964
948058,0.9651263398976864
948059,0.9997780396882454
948060,0.6397633846563234
948061,0.6327424745032274
948062,0.9497331374569387
948063,0.6887547139472431
948064,0.7436623945384286
948065,0.9998078570522387
948066,0.9758916478591636
948067,0.5628332089940188
948068,0.44883602318410376
948069,0.6011009909128835
948070,0.7722438016827519
948071,0.577969656461348
948072,0.997010216270269
948073,0.32517219470772923
948074,0.9084124999203519
948075,0.9999884252925737
948076,0.9936475046508466
948077,0.9990038303447552
948078,0.998654286078396
948079,0.1733557275979944
948080,0.9993740242345388
948081,0.7613194791260327
948082,0.9983153972208701
948083,0.998077619844564
948084,0.4540518449405071
948085,0.8642100997504046
948086,0.2072354836204071
948087,0.10166785839953106
948088,0.9981299011984252
948089,0.9934797739020714
948090,0.9999587351052576
948091,0.9999561416023537
948092,0.8212192058385724
948093,0.9897517835475336
948094,0.5770073190624272
948095,0.661733952646131
948096,0.0675926509603411
948097,0.9972218376244562
948098,0.7701355521217543
948099,0.023381117879057996
948100,0.4907940044469699
948101,0.9997783405194958
948102,0.015211851873396208
948103,0.12350201573215339
948104,0.9611864772009053
948105,0.4052399778281557
948106,0.5510350626806481
948107,0.4757054354120298
948108,0.02195970635005598
948109,0.9993859859625525
948110,0.9999607594478529
948111,0.5771626009180981
948112,0.21695810111501312
948113,0.9985271372561162
948114,0.9999854217243445
948115,0.6565858561695381
948116,0.006875060686258089
948117,0.9998837107456124
948118,0.9841548102945099
948119,0.5901041686711829
948120,0.10580242187741427
948121,0.9964558546716948
948122,0.87051951331932
948123,0.6195617353296163
948124,0.8553954067802642
948125,0.18875318387003048
948126,0.546568524091194
948127,0.99935467958316
948128,0.8870245392482115
948129,0.9998285424787035
948130,0.07287024418871058
948131,0.5112171754176071
948132,0.9947112724566965
948133,0.926786890899955
948134,0.9998873235401947
948135,0.03655131481339443
948136,0.7248766992660962
948137,0.9859904565467574
948138,0.9989139934548679
948139,0.9983802756378239
948140,0.45371633279838985
948141,0.6001575799038563
948142,0.8304425874717679
948143,0.6544198879217344
948144,0.9998731171267379
948145,0.9944127661074899
948146,0.9999648685671796
948147,0.5073640110973925
948148,0.45001342450675386
948149,0.9724696177219165
948150,0.999602479143629
948151,0.9952437190864524
948152,0.11476884814411087
948153,0.9562509555840744
948154,0.27313647875194097
948155,0.28160642387187107
948156,0.9102686834496417
948157,0.7051967871375859
948158,0.27517699419281344
948159,0.9944067187424988
948160,0.996628971471984
948161,0.13019136634360384
948162,0.5787905171622424
948163,0.4306059301410712
948164,0.10364056118172321
948165,0.3267251591115836
948166,0.9747743136787463
948167,0.9996856913182735
948168,0.6611907712272256
948169,0.11081151762754718
948170,0.012592965576156807
948171,0.7850799974064412
948172,0.4484976082231137
948173,0.9968519356444889
948174,0.9807308942209889
948175,0.9991995351973696
948176,0.23512081394856707
948177,0.04779375314942105
948178,0.9943259643158348
948179,0.09821817879906111
948180,0.9995835167891103
948181,0.9976220402669422
948182,0.9989898980858847
948183,0.9971131105843662
948184,0.9999393501199614
948185,0.9480269222243286
948186,0.7886055412101347
948187,0.9994235383375387
948188,0.17406787223601272
948189,0.8360804283885517
948190,0.998542204751601
948191,0.9973671275399327
948192,0.08317729666458011
948193,0.9974744003643666
948194,0.9977524326667451
948195,0.8578396170012967
948196,0.8767457000729013
948197,0.857858790990724
948198,0.9994977665977416
948199,0.9709310096549998
948200,0.22038712942806452
948201,0.9993251350775434
948202,0.5784459833063582
948203,0.9212772156553626
948204,0.046243288731500576
948205,0.9999733655850973
948206,0.9903740140218888
948207,0.1875628853721953
948208,0.033244009077517345
948209,0.28560791474198693
948210,0.4156292551502402
948211,0.279471543101233
948212,0.999089912562265
948213,0.1343108903936333
948214,0.8059630887623936
948215,0.9954502053611232
948216,0.29400626082999126
948217,0.9158967813466519
948218,0.9732027175975227
948219,0.8968248491246036
948220,0.20770459762251506
948221,0.9686767855768968
948222,0.8658031433535947
948223,0.6522810026751875
948224,0.16143478429223257
948225,0.9996204388160437
948226,0.9780081764281966
948227,0.9443491221841024
948228,0.9998482244709189
948229,0.14443952418379466
948230,0.7871974998545398
948231,0.9940562927842321
948232,0.9999107935527978
948233,0.9999157339239237
948234,0.9976146644714114
948235,0.9989582582414966
948236,0.0869846658225854
948237,0.5200071870006657
948238,0.9995614108861393
948239,0.9963665955729086
948240,0.5863360101570829
948241,0.38700242970764875
948242,0.7516137945302058
948243,0.5781598291854728
948244,0.23101369131035232
948245,0.048049604767804815
948246,0.6102888536354605
948247,0.9754800131750394
948248,0.9974248791298073
948249,0.9139696100217156
948250,0.26941644255090536
948251,0.7562796213707703
948252,0.9997977268869038
948253,0.8031810394360985
948254,0.9590595962518396
948255,0.9744832750586195
948256,0.9998054278873088
948257,0.9025063520360244
948258,0.2004252161114234
948259,0.995679591828976
948260,0.8976508372453023
948261,0.669588193593767
948262,0.3526514186575359
948263,0.8806406215225356
948264,0.9387876371335417
948265,0.9997108394188932
948266,0.9822844344773942
948267,0.21510713603535048
948268,0.5116957813683876
948269,0.9999632721506656
948270,0.9994113525474708
948271,0.9824626652855153
948272,0.8780361847526388
948273,0.06398282659794406
948274,0.004874812513806627
948275,0.4134070098685436
948276,0.9995973474985702
948277,0.17924759039153274
948278,0.9972687225615746
948279,0.7783843627738996
948280,0.9953767578990227
948281,0.9999854706437679
948282,0.9999686881603023
948283,0.5759849749273481
948284,0.9990418395145017
948285,0.9997833822954865
948286,0.9997685541292359
948287,0.9831780218761057
948288,0.943715133313463
948289,0.9913906675335877
948290,0.4429091510317302
948291,0.9914542164223998
948292,0.585661372716893
948293,0.9954173113450943
948294,0.3080575203139783
948295,0.9993681561107279
948296,0.999909434168337
948297,0.9857241183256341
948298,0.9862327745713844
948299,0.9999052506659198
948300,0.9924161808095682
948301,0.35056309762965193
948302,0.9993908303881885
948303,0.9882791284786749
948304,0.9790014289808109
948305,0.07679931307750837
948306,0.9964881894294955
948307,0.012513454928267536
948308,0.44021211029603086
948309,0.9976991291781208
948310,0.9979732339658168
948311,0.007974099147783327
948312,0.8143812669203006
948313,0.9999086755606791
948314,0.4337338150386082
948315,0.9996570518814144
948316,0.9994722222996275
948317,0.9677618750598389
948318,0.9983293866389348
948319,0.9983272573159719
948320,0.8299183151642169
948321,0.9931471540107293
948322,0.017648879725451327
948323,0.043409696756260274
948324,0.584427053170219
948325,0.5369287328668477
948326,0.2610409247800736
948327,0.06327771205458309
948328,0.995713097530378
948329,0.2940292284113468
948330,0.18230174701878327
948331,0.5765406892218947
948332,0.05811107437957225
948333,0.5019603819851766
948334,0.22498913523578332
948335,0.9933994042523338
948336,0.07698997663755519
948337,0.9999540858183793
948338,0.8769697524880711
948339,0.33696380098481876
948340,0.8903089448055675
948341,0.043694808705433366
948342,0.29317946066924033
948343,0.4149519439102639
948344,0.9855412180200085
948345,0.67968426947071
948346,0.576686759130952
948347,0.7848249816086525
948348,0.9908581150202724
948349,0.19830242445087715
948350,0.8273881459148701
948351,0.064863540895826
948352,0.9178070848055124
948353,0.5115599358953599
948354,0.997828569461122
948355,0.942001963549187
948356,0.0029108483750486863
948357,0.48594372409566894
948358,0.016986467920538945
948359,0.9878465423654765
948360,0.07412640879830266
948361,0.9996367819983786
948362,0.9999706443270427
948363,0.9998474241293805
948364,0.9998879695528127
948365,0.8908344401372699
948366,0.07674944470821188
948367,0.9986048894869306
948368,0.9919808938702991
948369,0.9999411003020531
948370,0.7151214551987202
948371,0.6994051402101181
948372,0.20769978978524942
948373,0.6778542522937383
948374,0.9986397495382802
948375,0.9972202528658639
948376,0.9947182502298713
948377,0.5826394709617172
948378,0.9630576309229975
948379,0.9670125684830888
948380,0.9971603962007369
948381,0.011542004336998294
948382,0.10169173256789919
948383,0.8838734950738887
948384,0.8505773887700353
948385,0.9983950599953724
948386,0.9987614075569932
948387,0.6135188166356671
948388,0.9986234713459035
948389,0.10371678363249588
948390,0.9994861433815576
948391,0.019073533109172456
948392,0.1023328804683036
948393,0.9956015378593515
948394,0.026079789187393766
948395,0.6976990343291881
948396,0.9998653523461929
948397,0.9988228813657356
948398,0.9999906839856731
948399,0.06429168791517426
948400,0.08783787469397829
948401,0.15032684260912405
948402,0.9985401637747446
948403,0.007695256408376191
948404,0.9985626173133505
948405,0.9997548137784186
948406,0.9995714831089966
948407,0.9382191188782898
948408,0.9991114248489635
948409,0.06388639377504043
948410,0.9999392592034368
948411,0.15378250565317764
948412,0.9997639072216922
948413,0.3304159245423589
948414,0.9792883139082029
948415,0.7698670143640516
948416,0.3763916221178084
948417,0.41686054911138953
948418,0.8238019511291316
948419,0.9999904265040807
948420,0.6758364898372875
948421,0.9996185888451005
948422,0.9617482761377576
948423,0.2916274986142051
948424,0.9695717926882064
948425,0.9471534523179929
948426,0.9996964226870978
948427,0.5284721946881943
948428,0.9961675544939832
948429,0.21172574394157934
948430,0.7545782833286381
948431,0.027638499715987842
948432,0.3008222635026205
948433,0.9917265039643288
948434,0.9096964520619637
948435,0.4990564675867835
948436,0.43366806462103924
948437,0.10753183081139707
948438,0.2245314156097028
948439,0.9996783486766179
948440,0.8362709558677581
948441,0.9957113371902702
948442,0.9945358537522581
948443,0.999713981917175
948444,0.9998584222941448
948445,0.9873088558525144
948446,0.9982483500275336
948447,0.7767901112295164
948448,0.2912128674854761
948449,0.9948984879441053
948450,0.6983082983413578
948451,0.1957333941353085
948452,0.8362775538942664
948453,0.999889027656812
948454,0.47817817622207476
948455,0.9998639514975662
948456,0.15571132731721998
948457,0.99987348888729
948458,0.9868598043651129
948459,0.06744424028326532
948460,0.023266356762047465
948461,0.3128205007200911
948462,0.10666436315382409
948463,0.841606532876892
948464,0.06573652501738135
948465,0.9658398296418915
948466,0.09995746350391918
948467,0.9899856264491125
948468,0.9997693525692742
948469,0.8623616212716059
948470,0.7041116607579776
948471,0.9680344757032132
948472,0.9953060406102041
948473,0.5697138801749617
948474,0.6494664626429207
948475,0.06380762510167816
948476,0.7301648508078923
948477,0.23000113879320055
948478,0.9996768337734144
948479,0.2541220675592792
948480,0.3645367114133295
948481,0.9960113033114473
948482,0.39321525357605125
948483,0.8134105849336271
948484,0.9956302519603225
948485,0.5127923777984575
948486,0.7468738735542291
948487,0.9915660898647602
948488,0.258872565454395
948489,0.47589821128225757
948490,0.8534039287174726
948491,0.9993524893467293
948492,0.997168322501843
948493,0.9998904648881612
948494,0.5780732461099607
948495,0.47901843009170353
948496,0.3772081273717267
948497,0.5110982166151449
948498,0.6851652890941113
948499,0.9958968656592238
948500,0.6327339575578788
948501,0.7946373200787958
948502,0.04247354223776782
948503,0.9999249294908836
948504,0.9989124775758078
948505,0.024720459634869227
948506,0.929198303152875
948507,0.9442673520308685
948508,0.8590820060584452
948509,0.999088241981864
948510,0.999949206277148
948511,0.9998393386537259
948512,0.9998519168518895
948513,0.33858085128922977
948514,0.9935912644372973
948515,0.9999116547823017
948516,0.704649978757894
948517,0.031242244065496146
948518,0.9985094703170162
948519,0.9999662612039519
948520,0.6451739665163131
948521,0.6440447870356942
948522,0.9999187024881927
948523,0.9539311046871496
948524,0.7557342835266434
948525,0.5217939210034092
948526,0.4044702605956584
948527,0.9999120120171487
948528,0.9987928262299162
948529,0.39459599586638533
948530,0.9998963220740626
948531,0.9989671967319425
948532,0.9445980976049282
948533,0.9112439735204682
948534,0.9959102399532866
948535,0.9927299119309054
948536,0.9999449692606656
948537,0.002496732786397029
948538,0.9964865678824215
948539,0.001047852287713209
948540,0.45026237538348735
948541,0.0941072824109116
948542,0.9998854928555292
948543,0.169310889636059
948544,0.47198277983605685
948545,0.9999290974480116
948546,0.19643082279124696
948547,0.5757883200514604
948548,0.9987124228291284
948549,0.0023205919674647263
948550,0.18380090108938427
948551,0.5036707035502896
948552,0.8309456710071492
948553,0.08673089613745266
948554,0.9979157436690773
948555,0.9987311535784733
948556,0.7004157126080747
948557,0.9986054978902198
948558,0.01888141218590251
948559,0.9998871047839595
948560,0.9387429109223036
948561,0.26039453284616393
948562,0.9995748443673211
948563,0.9997531882815075
948564,0.7746520163504327
948565,0.983927781065112
948566,0.34431892692018945
948567,0.7256581352947683
948568,0.9334322685403332
948569,0.6985667219962286
948570,0.7395370162757668
948571,0.9996334442695911
948572,0.36316443272771304
948573,0.9155105809130748
948574,0.998301773802931
948575,0.9997487963038667
948576,0.9997059891160034
948577,0.7128837050801641
948578,0.08212326153980587
948579,0.9721638887429535
948580,0.9999503247308998
948581,0.3487226151250487
948582,0.9642708430804232
948583,0.9975338888911631
948584,0.9997269651022798
948585,0.9997930995415789
948586,0.8772768242396973
948587,0.1904134960363865
948588,0.5631586712372549
948589,0.7170510379633348
948590,0.98387562668581
948591,0.16312984714513445
948592,0.9991241436404938
948593,0.9999209437463041
948594,0.7748129284223032
948595,0.9514531266137043
948596,0.9996324861732264
948597,0.699220058574604
948598,0.02533353560473635
948599,0.18327111060995016
948600,0.5563719559648387
948601,0.1815703912726675
948602,0.004471202440287834
948603,0.9994946026885223
948604,0.9993455643121993
948605,0.020090611506500197
948606,0.25695206994820313
948607,0.9995741935703548
948608,0.8066254880140599
948609,0.9987372142498583
948610,0.9997484906090802
948611,0.9117054183017625
948612,0.40860850275446264
948613,0.9998456538886211
948614,0.18758036464413186
948615,0.02937049014630249
948616,0.014564363519833961
948617,0.9992600300543002
948618,0.3483660937908083
948619,0.009923934663459684
948620,0.9402907086323451
948621,0.019108820254008767
948622,0.9969755909757664
948623,0.8672726557386499
948624,0.9993537625893343
948625,0.4062965154987869
948626,0.3373601593045528
948627,0.9990904761226465
948628,0.2585650700363813
948629,0.14817237592765511
948630,0.9997883338977682
948631,0.3314299197336452
948632,0.39486416338224684
948633,0.9828722035285486
948634,0.693682629674871
948635,0.9837398739718698
948636,0.20438889600349483
948637,0.9000461019009038
948638,0.9080981030091609
948639,0.4619323454135707
948640,0.837509631497644
948641,0.9986104854756118
948642,0.998929747798354
948643,0.9407184453327293
948644,0.9986719194878115
948645,0.9995387765352723
948646,0.9870590805658487
948647,0.999539173721824
948648,0.9970403639233716
948649,0.38901708660688
948650,0.006412911773088875
948651,0.9999535641122284
948652,0.36283379480852507
948653,0.4499774251235201
948654,0.28712084040462005
948655,0.1280213991579863
948656,0.999482539964977
948657,0.7704719781854787
948658,0.8776548624611261
948659,0.03754712029709739
948660,0.03977653011392125
948661,0.6320869610608586
948662,0.9989476440635594
948663,0.793755964647705
948664,0.9999600435130612
948665,0.9985934223869193
948666,0.7110908725239835
948667,0.8779699454202806
948668,0.9960978967740002
948669,0.9999266738572801
948670,0.9999603214724344
948671,0.9998310497305354
948672,0.9999306937697228
948673,0.9999673158269415
948674,0.9974657164177008
948675,0.8960788553294939
948676,0.001909322102392428
948677,0.14421407097831077
948678,0.2928870462697811
948679,0.7134976992382283
948680,0.08228852145644622
948681,0.8551857085663697
948682,0.9997060316493942
948683,0.8537424868280377
948684,0.9772224404961174
948685,0.9988264199707417
948686,0.8805732999914847
948687,0.998940669588515
948688,0.9864817930925144
948689,0.05411768286453304
948690,0.6929389699698468
948691,0.8698831310383683
948692,0.00977258661563848
948693,0.9999664360016022
948694,0.3697211138060044
948695,0.9935364167461245
948696,0.11169234480422476
948697,0.6931923532022458
948698,0.353497473944508
948699,0.9987209119814404
948700,0.9955321002618758
948701,0.003031090225756241
948702,0.9998765038064069
948703,0.9079626777603798
948704,0.9656471310057525
948705,0.8808825969148253
948706,0.6014605306394953
948707,0.4273884536569384
948708,0.41595012445119345
948709,0.41162762343428094
948710,0.9999355919944197
948711,0.7353239511725465
948712,0.8807238398626134
948713,0.9592834782558102
948714,0.9999546689158226
948715,0.5397381423673425
948716,0.9668295654701937
948717,0.9998574897840757
948718,0.999836682650902
948719,0.9999668057961164
948720,0.9999525988592467
948721,0.9974138482255344
948722,0.06319402322897284
948723,0.9984472661092195
948724,0.9773052843611117
948725,0.9994269085219407
948726,0.47016453612862014
948727,0.9965186458618688
948728,0.995205495202641
948729,0.11223914467059959
948730,0.0021683471674242517
948731,0.7509514613879624
948732,0.495059879767085
948733,0.9515944446057027
948734,0.9827732519213992
948735,0.10408164595018357
948736,0.4277882110287231
948737,0.7310330604917774
948738,0.904569401629077
948739,0.9999136441747574
948740,0.9730450270391264
948741,0.3863596222336374
948742,0.9961312034753663
948743,0.794015396779798
948744,0.1030687485966128
948745,0.4548813634303635
948746,0.7209464009765414
948747,0.9297164737363832
948748,0.04793180729635864
948749,0.1452001269871195
948750,0.08132402289733452
948751,0.8693263629275733
948752,0.37889481065692376
948753,0.4681804872002637
948754,0.0038443093366362004
948755,0.5157399860137085
948756,0.5741391845554403
948757,0.9981874466113532
948758,0.999986395764547
948759,0.7389936225311563
948760,0.7110633367691421
948761,0.9997540600633403
948762,0.999721687626071
948763,0.03078466227188044
948764,0.7282309106231635
948765,0.9999133474820359
948766,0.3553858596163312
948767,0.9999533915790304
948768,0.3901887972781385
948769,0.9998850996190618
948770,0.9894402871750624
948771,0.9975650546667998
948772,0.9204171025485098
948773,0.9989753765340252
948774,0.9998667452233818
948775,0.5319949536463201
948776,0.98312570934583
948777,0.9994561388113452
948778,0.3161779874282589
948779,0.998733022240595
948780,0.07888938847858676
948781,0.999441806250218
948782,0.8563311163516677
948783,0.04150512729081922
948784,0.07647359608710422
948785,0.9999416876182707
948786,0.08562499268068195
948787,0.9987883475549897
948788,0.9971808553497903
948789,0.3263842982731164
948790,0.9827118127316318
948791,0.3739065106012805
948792,0.7545446516729822
948793,0.9823338092876172
948794,0.5398833856040469
948795,0.26096887486614584
948796,0.9998911186531965
948797,0.999414895678932
948798,0.08158601326462529
948799,0.9875040641984862
948800,0.9889294609066802
948801,0.9921731715872363
948802,0.9999332014097807
948803,0.9972317541935614
948804,0.8893532364827175
948805,0.9999488284056117
948806,0.4229796693724537
948807,0.927344677670756
948808,0.13050522497761366
948809,0.9983958498349378
948810,0.9996353605545178
948811,0.9702459168460916
948812,0.8003185118390661
948813,0.9997316835386838
948814,0.6269988903721573
948815,0.5406616669858708
948816,0.9997298246487738
948817,0.9971966830355292
948818,0.3823915451080968
948819,0.9586437541445314
948820,0.16067702029465777
948821,0.9983417774649886
948822,0.018320791338101324
948823,0.150607594036932
948824,0.4130988545769261
948825,0.9936914083662262
948826,0.9816215707512574
948827,0.9986678108947737
948828,0.04367043219998693
948829,0.3964775349544217
948830,0.999802687879683
948831,0.8208070945000716
948832,0.009746136398541015
948833,0.7142344534298591
948834,0.6599277456641468
948835,0.9999652805330097
948836,0.9976078797113991
948837,0.5233797774370161
948838,0.9996914902837697
948839,0.837151914207472
948840,0.9999825956472503
948841,0.3441116183773708
948842,0.8783613752056977
948843,0.9999207161526553
948844,0.01966005501140927
948845,0.9927729274840951
948846,0.9999116644569435
948847,0.9747631822126007
948848,0.9316904302504836
948849,0.019475376489523792
948850,0.7976855389559279
948851,0.3152867693077708
948852,0.9999492134200527
948853,0.7622104852566491
948854,0.4914215665021382
948855,0.16999033136059777
948856,0.010024745633299161
948857,0.5372759903275528
948858,0.8790897358256355
948859,0.006668743688968151
948860,0.9996591054967255
948861,0.9585847237397949
948862,0.38120550108974594
948863,0.9998792823135096
948864,0.7163978733613114
948865,0.9716067072322216
948866,0.999052944770235
948867,0.9961764075105325
948868,0.9743433255184237
948869,0.953779880840566
948870,0.9490072704042999
948871,0.01286159693581947
948872,0.9984044780303294
948873,0.8888942680485659
948874,0.9132039132030338
948875,0.9999382435168316
948876,0.9733464453083136
948877,0.9051774169682185
948878,0.21259762814850902
948879,0.9998432675683337
948880,0.168645418501785
948881,0.9898632009569547
948882,0.3157597321285925
948883,0.6856649229213023
948884,0.9999948135023639
948885,0.343345144017171
948886,0.9997713462960744
948887,0.9997051455005525
948888,0.9996093320485767
948889,0.9948505439960547
948890,0.8900221595899117
948891,0.029946992653582947
948892,0.999807043362634
948893,0.9264304819953438
948894,0.992549687798381
948895,0.9998865488487338
948896,0.9952912192466608
948897,0.9985182232959221
948898,0.04641995760511624
948899,0.7355331412673973
948900,0.9411450160714083
948901,0.9996578218977581
948902,0.6892161850867354
948903,0.9996832920959777
948904,0.9998048770651373
948905,0.23066445334538588
948906,0.9999833321496385
948907,0.9978321545576778
948908,0.4590312780548278
948909,0.9967964735139647
948910,0.8361904299750476
948911,0.9364703579470118
948912,0.03519297962022068
948913,0.9998862384527073
948914,0.07251117265902778
948915,0.9997606575359853
948916,0.008098401114135928
948917,0.9994382035756235
948918,0.9955620962881879
948919,0.9996729105968236
948920,0.4852883628584261
948921,0.5631045809484327
948922,0.9994411830772909
948923,0.1460004477163781
948924,0.9433377662952591
948925,0.3490424244673138
948926,0.9999816355813466
948927,0.9917727780563441
948928,0.9474929944423225
948929,0.0193397248539918
948930,0.7090444957645449
948931,0.07885400721999777
948932,0.2361889588089802
948933,0.534727779948577
948934,0.23149906753838728
948935,0.9993538801415224
948936,0.8441336110140469
948937,0.4743456936807502
948938,0.42014371988232124
948939,0.27033088760268603
948940,0.9899618527336793
948941,0.9862844559087026
948942,0.5712296180434665
948943,0.002764189363855656
948944,0.9960517441859359
948945,0.0137384651784914
948946,0.03257619944378957
948947,0.9984218732581738
948948,0.9995905440932046
948949,0.999901715067169
948950,0.10401008729720762
948951,0.9999098556657218
948952,0.15062403069636413
948953,0.9999243595758472
948954,0.06544389525030218
948955,0.8443817683683958
948956,0.03739341559505068
948957,0.999738395906171
948958,0.3126689557829003
948959,0.9354306322551851
948960,0.9863873635562133
948961,0.9980131033014221
948962,0.01987188423014621
948963,0.030977960606154917
948964,0.7054124063655426
948965,0.997520091884412
948966,0.9968759351311844
948967,0.9966248504884303
948968,0.999605472999741
948969,0.10972015833353432
948970,0.18343457199518026
948971,0.9999899076245405
948972,0.9939148385244809
948973,0.9976795625970072
948974,0.9986647267976991
948975,0.9560083528406318
948976,0.9996166431720233
948977,0.9822494024027316
948978,0.9996404616257175
948979,0.9977319554258267
948980,0.9999317815314641
948981,0.9196869048322681
948982,0.990582698095444
948983,0.9997080005426195
948984,0.9994593112954828
948985,0.9724470756629382
948986,0.9998206002854895
948987,0.8178109705753107
948988,0.5978665720618095
948989,0.9994187834430708
948990,0.7938205543649405
948991,0.4144287179757362
948992,0.6430024461421255
948993,0.04076834977748467
948994,0.26590566408500566
948995,0.8852757528676296
948996,0.4187649682614789
948997,0.9977128482622939
948998,0.9996644704597322
948999,0.9999940495736861
949000,0.6511441430601848
949001,0.9997877450113293
949002,0.9999011350896809
949003,0.29143486459302953
949004,0.9999113583629617
949005,0.9991597092399785
949006,0.5715842046913318
949007,0.12994225540967824
949008,0.5799223340602893
949009,0.01696108389214656
949010,0.3088959727821581
949011,0.0036177314554966763
949012,0.007081643609628458
949013,0.9999728734928831
949014,0.2683923680414406
949015,0.27595604464524387
949016,0.14295063966445654
949017,0.3432818640442843
949018,0.5170457227159043
949019,0.9893417986233173
949020,0.9986118036927056
949021,0.9993926756016946
949022,0.2511592471269203
949023,0.9997381646746634
949024,0.9811962582730331
949025,0.27097286591157216
949026,0.9968249594449425
949027,0.9990568332161497
949028,0.9983612502757367
949029,0.9815260622642621
949030,0.12476336147584605
949031,0.9684155204648631
949032,0.06779695972427023
949033,0.9998274031012002
949034,0.22863421262933734
949035,0.9719871003403671
949036,0.9993608338811643
949037,0.16158682547035358
949038,0.09322910195262608
949039,0.6266556436456784
949040,0.8862871967632404
949041,0.9777222570908184
949042,0.9989056586228775
949043,0.80733178252485
949044,0.9999554425790955
949045,0.1567489533453021
949046,0.9997931935744881
949047,0.999968402289655
949048,0.9999537666981484
949049,0.9992449902710817
949050,0.10851860932006135
949051,0.9998939742760924
949052,0.7721883047775321
949053,0.2836867452994165
949054,0.9657436290729142
949055,0.9967233242049243
949056,0.6281925603135936
949057,0.9998076046202238
949058,0.49801807325641945
949059,0.9986564256940702
949060,0.013938620490845863
949061,0.005489138286011042
949062,0.9360287210813197
949063,0.6155448086283424
949064,0.802165487669399
949065,0.999535361550836
949066,0.9014427980162697
949067,0.8342013605807503
949068,0.9609742641808949
949069,0.9737315838599288
949070,0.996012694411238
949071,0.7267909883547268
949072,0.31462144040758566
949073,0.9703372932860184
949074,0.3415784512172565
949075,0.20976499091025824
949076,0.9997102172344292
949077,0.9998843378079952
949078,0.05578045369379901
949079,0.05995764136541684
949080,0.7991827951863568
949081,0.9261825868263672
949082,0.7103676806380135
949083,0.5524997476888819
949084,0.9983582882446526
949085,0.25700306434418657
949086,0.9989930220391139
949087,0.999673746905348
949088,0.9953059625925897
949089,0.9985468385382246
949090,0.9927439089787404
949091,0.08549193476166739
949092,0.9997155758811722
949093,0.16814485151918832
949094,0.03304383654634643
949095,0.9104739141653346
949096,0.9999340773104188
949097,0.8231204982799003
949098,0.9476303079631606
949099,0.9996669746978896
949100,0.9458154773371203
949101,0.3024941837008461
949102,0.9336168660167711
949103,0.9257857358082793
949104,0.9998807961917373
949105,0.9999481398184404
949106,0.12647942183065158
949107,0.9994609778440469
949108,0.9995789566774014
949109,0.9998270072626207
949110,0.3923572937626442
949111,0.8663009111660438
949112,0.9997997541086294
949113,0.9516707811574459
949114,0.7391964823461694
949115,0.9948036056442313
949116,0.8763264928272521
949117,0.991254663129115
949118,0.9989302581022187
949119,0.9199138684256117
949120,0.021971607008663588
949121,0.8984447003474423
949122,0.9997860679334158
949123,0.03876895498027298
949124,0.9998793459462123
949125,0.2481268064656072
949126,0.99979361164545
949127,0.29118728987313314
949128,0.15167341712610105
949129,0.9942176246510219
949130,0.7834765864205231
949131,0.8714463464335226
949132,0.9984060501897286
949133,0.9998691573265346
949134,0.15940245249674434
949135,0.46048050875282964
949136,0.7394677008649214
949137,0.9958117600709058
949138,0.6704467584941617
949139,0.9999222015921936
949140,0.27169340094265515
949141,0.7078402317179242
949142,0.8925994121170215
949143,0.02632766631952737
949144,0.9897674698134572
949145,0.016305002705183445
949146,0.9997894044616662
949147,0.2399677470680386
949148,0.9998977862723523
949149,0.9163607559671807
949150,0.9709401165363185
949151,0.849575170494426
949152,0.7680987329743286
949153,0.9999655925580824
949154,0.6006177388857126
949155,0.8937206139236634
949156,0.4985569561250891
949157,0.9999181182206889
949158,0.9482039813391003
949159,0.8956103168609565
949160,0.1260206226412891
949161,0.9997695344159353
949162,0.6931358012125042
949163,0.9998118973410002
949164,0.9978776948116445
949165,0.2660199502521582
949166,0.04064138341476581
949167,0.9997287558156445
949168,0.010254077164495445
949169,0.9770955457687105
949170,0.8982662132264702
949171,0.9939717365327844
949172,0.9069872748048494
949173,0.17140876214087025
949174,0.9062589697878426
949175,0.00957618900524579
949176,0.9982359961010797
949177,0.9987361581013241
949178,0.7409832499857807
949179,0.9973042386007508
949180,0.9906219270636079
949181,0.026431452661807072
949182,0.9998883350442742
949183,0.9979565228801031
949184,0.17451176727307632
949185,0.2911962554387225
949186,0.8066961307595992
949187,0.9996239748429958
949188,0.04219903935391542
949189,0.6340860019393195
949190,0.72291927479829
949191,0.9997613281124655
949192,0.9506605423815686
949193,0.99174539848705
949194,0.9967841929226582
949195,0.9902600950822873
949196,0.9996838028740472
949197,0.6377056368851116
949198,0.9998531022442649
949199,0.8616692693560678
949200,0.10070504116025597
949201,0.9999712491171684
949202,0.5611351770820968
949203,0.9996837794845906
949204,0.9985930727795815
949205,0.90955703100757
949206,0.9993833010697815
949207,0.7296882331648515
949208,0.9980460034973534
949209,0.8319821614207804
949210,0.9998483332131507
949211,0.02259027329501149
949212,0.605439973865757
949213,0.12296490463544181
949214,0.0013088941144788941
949215,0.80427180883277
949216,0.47483388946221394
949217,0.5393624934337143
949218,0.998261155514684
949219,0.5390497775319822
949220,0.5454062813749939
949221,0.99937651846478
949222,0.01758189289104612
949223,0.9880718281899216
949224,0.9992965136416326
949225,0.9895929901284004
949226,0.02420109276814398
949227,0.11345359914711273
949228,0.9978187338397845
949229,0.14810705308293046
949230,0.9998737561414486
949231,0.14969216028024077
949232,0.5222572916797683
949233,0.7023543807525499
949234,0.12894681250100956
949235,0.9989945453244553
949236,0.9963245636949694
949237,0.01015990944285044
949238,0.9998436179146099
949239,0.6115363465009728
949240,0.2226255005651494
949241,0.5969685646264328
949242,0.19605465126107324
949243,0.7232135888536781
949244,0.9995704033740442
949245,0.5769016054204549
949246,0.9849626365613933
949247,0.9997329324974493
949248,0.8809462415735771
949249,0.8568082104036806
949250,0.8574501762186304
949251,0.9997921601608936
949252,0.013086563846947136
949253,0.25402707105899336
949254,0.4724656099405695
949255,0.4429714327803074
949256,0.06896218848958179
949257,0.035352875752868905
949258,0.30745597843547995
949259,0.7719996583255928
949260,0.999465519600101
949261,0.7336114579597293
949262,0.23440740665021872
949263,0.04659291592437205
949264,0.10163663442586021
949265,0.9527842470020276
949266,0.9747967190099793
949267,0.8329343215579602
949268,0.9804517494611475
949269,0.09922573686193727
949270,0.8104410045957944
949271,0.8806455098133323
949272,0.9905458107783269
949273,0.02570192149049043
949274,0.5673682859890941
949275,0.9983512035710285
949276,0.6664581378359506
949277,0.852265556050469
949278,0.9936657871402816
949279,0.4469508669637168
949280,0.5941863444506074
949281,0.999924927409736
949282,0.924199687948533
949283,0.9855721176361125
949284,0.9959920396038457
949285,0.08399460832778079
949286,0.10297312373006257
949287,0.33799504330759444
949288,0.9971847752144669
949289,0.9993344826201902
949290,0.8574139160953849
949291,0.9970377267211867
949292,0.39484532812161816
949293,0.37908085089047694
949294,0.9995199273741171
949295,0.9915926302486598
949296,0.9966204753875849
949297,0.9908859585916461
949298,0.9325377389785106
949299,0.99947552341976
949300,0.9407716665887765
949301,0.9999722539735407
949302,0.33324732525187883
949303,0.99683681121421
949304,0.9786912236208122
949305,0.1805261755575372
949306,0.8180675842438608
949307,0.9971991333581414
949308,0.999633511594601
949309,0.9980867279333436
949310,0.9998864861883461
949311,0.9852045080788605
949312,0.9999832460589009
949313,0.19354387996741573
949314,0.9999413748255539
949315,0.9999628563702898
949316,0.0167706626634571
949317,0.9990459984581569
949318,0.9614831211588999
949319,0.9874127079270285
949320,0.9967854528018105
949321,0.8193643374096774
949322,0.7787820797976828
949323,0.030727649849181648
949324,0.03644160389184475
949325,0.11707949147986385
949326,0.07983990508032349
949327,0.7153808954540932
949328,0.3631565162868734
949329,0.8499502878022602
949330,0.26320135428581015
949331,0.549890706824397
949332,0.028947369254014706
949333,0.11300560970200008
949334,0.26245010541303726
949335,0.9988873345745879
949336,0.9994709204874548
949337,0.09569879060824865
949338,0.04506052345842923
949339,0.9972558256670848
949340,0.9993854923385899
949341,0.6561588519319714
949342,0.40901383995974483
949343,0.7596303744822964
949344,0.2960653274662855
949345,0.9938497556809709
949346,0.161434236195441
949347,0.9994711869562198
949348,0.9995490049705029
949349,0.9997043353537212
949350,0.618430308885652
949351,0.9965051570810746
949352,0.5364726986592003
949353,0.999977521671306
949354,0.047256514187116065
949355,0.9989566236416969
949356,0.1497067511194251
949357,0.010577010647818377
949358,0.038606822263933666
949359,0.5164349912871481
949360,0.4483959763997394
949361,0.7345636409159998
949362,0.13724175214379852
949363,0.9956462768652465
949364,0.30378438388262957
949365,0.20558309859574392
949366,0.9784885774136459
949367,0.9046915361810901
949368,0.39516117888264873
949369,0.9794039912693722
949370,0.11732216011167554
949371,0.9982952851622944
949372,0.7707489177609028
949373,0.24723963181170777
949374,0.9998039764908117
949375,0.9957225560387135
949376,0.02015429855784204
949377,0.818215482602402
949378,0.5505348538530374
949379,0.17797976280810437
949380,0.10158487790832667
949381,0.9998881934004287
949382,0.899308409280364
949383,0.9980530015819324
949384,0.9547593197407241
949385,0.47505026617871043
949386,0.9986451924783607
949387,0.796105902192225
949388,0.36595254380143
949389,0.9999406234626846
949390,0.9998966044751427
949391,0.24137189947065346
949392,0.5254250194076958
949393,0.33822038453846687
949394,0.999106773778019
949395,0.9073682907885723
949396,0.996631499684953
949397,0.9999414417421121
949398,0.9305833375662067
949399,0.9844673345929766
949400,0.9995843235829294
949401,0.9916681765506585
949402,0.7329303067430384
949403,0.9914672755839529
949404,0.39923537781720086
949405,0.9935441637634375
949406,0.4568856117988316
949407,0.9830330644721714
949408,0.9999665894208106
949409,0.5354450065031156
949410,0.9994003845400143
949411,0.6088390829016228
949412,0.9366133344750298
949413,0.9959226760739325
949414,0.10996368332326198
949415,0.15279418605378184
949416,0.8988891800774857
949417,0.323168857829524
949418,0.9999610565837446
949419,0.7566628972902352
949420,0.99969389335272
949421,0.04316170915127561
949422,0.8384700900348214
949423,0.8171395754332818
949424,0.3873752964331648
949425,0.3074068931849614
949426,0.9992734967750836
949427,0.9999649446871718
949428,0.8633021325060246
949429,0.9995767899215429
949430,0.9811942456225111
949431,0.9986165743181739
949432,0.9554305562822365
949433,0.7038211935965485
949434,0.9996731212065135
949435,0.6066782233062935
949436,0.9983887471777113
949437,0.17126392137648946
949438,0.802605475930511
949439,0.9992076753293576
949440,0.6929667932673228
949441,0.9272652646549447
949442,0.5270771536265656
949443,0.8719690153728845
949444,0.20682625929446724
949445,0.9998605227323804
949446,0.9999324661629878
949447,0.41304686346488984
949448,0.8346629792556192
949449,0.43159907090938215
949450,0.9934975866842078
949451,0.9998292347377509
949452,0.9627502923048327
949453,0.9956161642466805
949454,0.905171156597126
949455,0.9998985472180815
949456,0.012345945879724063
949457,0.999952521832111
949458,0.9999398785173144
949459,0.998387313987738
949460,0.005668213653937128
949461,0.17710618258853678
949462,0.018140615342051764
949463,0.05888361850541396
949464,0.9827415355547012
949465,0.9997318331739246
949466,0.9897806858617558
949467,0.6085880209186358
949468,0.9995967149009075
949469,0.006870304798271481
949470,0.9863640946663419
949471,0.5650663070507365
949472,0.5036284404180847
949473,0.9927676531643264
949474,0.9988323757754569
949475,0.2609451681922276
949476,0.535560348388845
949477,0.07499524948790193
949478,0.33589441449810925
949479,0.6348485671925238
949480,0.9177447099524265
949481,0.19442086327756386
949482,0.4391400101492696
949483,0.9998872072790801
949484,0.5796201855706815
949485,0.9954439572640211
949486,0.5214486743506853
949487,0.9999805425870248
949488,0.8711074464636561
949489,0.9999288437521994
949490,0.3996659023404454
949491,0.9999236944749282
949492,0.8674949305824087
949493,0.47253545045847833
949494,0.7238621486888908
949495,0.5328428348761757
949496,0.03415939780720533
949497,0.9994708404286352
949498,0.9967552972076964
949499,0.4164388371791612
949500,0.997327231353739
949501,0.9893017118122774
949502,0.9995944637595535
949503,0.9999822047918212
949504,0.9844159097459297
949505,0.9994451872700688
949506,0.01980416050836547
949507,0.9676362145367933
949508,0.33691234238580897
949509,0.9876613954338578
949510,0.018921664510562514
949511,0.9933607104661403
949512,0.18311185399979135
949513,0.9991851897684217
949514,0.9999863869826731
949515,0.8717044179258245
949516,0.020946894479870134
949517,0.08110441282147074
949518,0.5064812027538778
949519,0.9998899928864116
949520,0.963076595044607
949521,0.15402190866411866
949522,0.6665763279966443
949523,0.9966241905972105
949524,0.9998903696592086
949525,0.22631387041683285
949526,0.09677927768682079
949527,0.9737187972808503
949528,0.3402710201761967
949529,0.02526100150185022
949530,0.026500844575110157
949531,0.5514797719264127
949532,0.999948778873113
949533,0.16361164709967435
949534,0.156840780199764
949535,0.9998564134421375
949536,0.7566771401035928
949537,0.9363125285894023
949538,0.9999456257848661
949539,0.9947805983237884
949540,0.999651755804412
949541,0.9996872785307559
949542,0.19113315086405624
949543,0.5704307073786802
949544,0.9930831137130414
949545,0.9998988996281611
949546,0.8919427555262343
949547,0.9980902220932826
949548,0.6867353856894853
949549,0.9510473983064522
949550,0.974127264756205
949551,0.9999591658247977
949552,0.044577559194881586
949553,0.03196905092467579
949554,0.9985593108584342
949555,0.9381331420130847
949556,0.9984265859501791
949557,0.6977987601061882
949558,0.9980993299495616
949559,0.32123237844660224
949560,0.07925005107865613
949561,0.9999540324932604
949562,0.8152571279113778
949563,0.5622862710797609
949564,0.4652133120638614
949565,0.7503469789568271
949566,0.7583837638421131
949567,0.9998550257565146
949568,0.9998036634203662
949569,0.9568120273477908
949570,0.6602682735988487
949571,0.993140524933146
949572,0.9441220617119556
949573,0.9997331699451819
949574,0.7666870196198825
949575,0.3150634806933673
949576,0.9980563356530194
949577,0.8538798250103465
949578,0.06085712599857955
949579,0.11816712034224014
949580,0.9966444031313063
949581,0.3072474751285447
949582,0.07440279810269115
949583,0.9998907021775741
949584,0.14065281908771818
949585,0.9997186615246427
949586,0.9892131483339908
949587,0.8957989441106935
949588,0.22677634907331645
949589,0.06282418056523162
949590,0.006759318478762601
949591,0.49055680432602977
949592,0.9392864169761694
949593,0.895022806888268
949594,0.9988038266968959
949595,0.1353985947520715
949596,0.4469246475259293
949597,0.9928269334814974
949598,0.0779284678710943
949599,0.999945213447608
949600,0.2940720352045984
949601,0.3241843905411723
949602,0.9975619661752453
949603,0.9994457366524635
949604,0.999860218416332
949605,0.999935013456713
949606,0.9350643895722803
949607,0.2119440804662593
949608,0.999926798839593
949609,0.10507412017919057
949610,0.9996420138564243
949611,0.980951425381991
949612,0.3979231969233009
949613,0.9022790501343694
949614,0.9134613912950316
949615,0.8663718086469988
949616,0.8039830809509334
949617,0.9998694107788596
949618,0.9982601991962983
949619,0.1412841563639279
949620,0.9654328955853191
949621,0.9999750557244707
949622,0.9914982521644354
949623,0.5785240226318559
949624,0.04882329033697604
949625,0.9661112268507271
949626,0.9983959550398572
949627,0.6005834795648973
949628,0.8958034421294836
949629,0.026013228484961216
949630,0.4096558108918311
949631,0.02219946596966505
949632,0.26288178858648675
949633,0.9951889439837518
949634,0.7519713247693701
949635,0.6665964359659338
949636,0.8887128575037611
949637,0.024111158940083952
949638,0.03635635252243092
949639,0.9997247400275444
949640,0.9745709877945772
949641,0.987348176820405
949642,0.06436715726740029
949643,0.981717563626433
949644,0.9990408070636345
949645,0.902307345427998
949646,0.18990060091565697
949647,0.9992713021683521
949648,0.9996774841276213
949649,0.8076192391708399
949650,0.9775090746737451
949651,0.9541857004945724
949652,0.006189636018850473
949653,0.9999698554511602
949654,0.21758450024040216
949655,0.030898899481585303
949656,0.9284769869045566
949657,0.1985859381323859
949658,0.8869207011851432
949659,0.9998410266356259
949660,0.13069107548651293
949661,0.8301547219329826
949662,0.9975524844281265
949663,0.13810096788415613
949664,0.9998009566175685
949665,0.2984914813914631
949666,0.05215687582623556
949667,0.9298527851279073
949668,0.08678131394383842
949669,0.907797959193211
949670,0.9995330926597763
949671,0.20006209447523537
949672,0.707756517287983
949673,0.9997569979286156
949674,0.5613034608182271
949675,0.6547053428769363
949676,0.1866810267721259
949677,0.04355060798179096
949678,0.012431801191685708
949679,0.9999514086841852
949680,0.754618229282279
949681,0.46414347966522307
949682,0.9948348950299021
949683,0.2867630749124465
949684,0.2606684242184648
949685,0.6188215306845147
949686,0.0226735587409337
949687,0.9994764169685734
949688,0.9973174174621154
949689,0.9996159422647912
949690,0.12682183930857388
949691,0.9928379817246789
949692,0.9978152014807398
949693,0.961826756638793
949694,0.11789736613868923
949695,0.18709188219741177
949696,0.9999615351502681
949697,0.9910616062337725
949698,0.12154143624722283
949699,0.7692752293884542
949700,0.9978904495723049
949701,0.999970481430926
949702,0.6940838647927411
949703,0.7166731278737182
949704,0.13421015823252216
949705,0.30052755237664613
949706,0.9913802925207524
949707,0.9995866365819628
949708,0.7813312983592721
949709,0.7194357451985358
949710,0.9996965959530802
949711,0.01894005256815309
949712,0.9902359993411199
949713,0.9934861172187325
949714,0.9967453101779439
949715,0.9998304898670638
949716,0.9999535245847097
949717,0.3961715331672539
949718,0.9990810592162165
949719,0.9977762344701158
949720,0.9999772283771796
949721,0.9985800638418273
949722,0.9994992307290186
949723,0.9711483247064515
949724,0.9987839026508745
949725,0.03520970458838861
949726,0.5000030474463877
949727,0.17144302903535646
949728,0.7294826777590511
949729,0.9332438358045204
949730,0.9979176729239922
949731,0.9576558580938089
949732,0.9997970272224777
949733,0.40537128167335545
949734,0.6752342490638137
949735,0.4569021552444618
949736,0.9998897265323639
949737,0.9997440071074698
949738,0.41612373154069604
949739,0.999948624287033
949740,0.038418796986436
949741,0.08554720070349996
949742,0.005350490226150993
949743,0.999154657545503
949744,0.8602063872497215
949745,0.9995572300952118
949746,0.9540624378623606
949747,0.9997603886673035
949748,0.6398289374786823
949749,0.03363794528273947
949750,0.9564864854945195
949751,0.0584153968316788
949752,0.9199453700360465
949753,0.99617837163799
949754,0.7581944922710104
949755,0.9913448242465553
949756,0.9831050820718678
949757,0.9980782513100602
949758,0.9143320883135633
949759,0.9778699251557503
949760,0.195198851220641
949761,0.9985275949908801
949762,0.9966755944758106
949763,0.04768727354210875
949764,0.10539518048353261
949765,0.01137996024571699
949766,0.4540597041799994
949767,0.5825614954724185
949768,0.8129770829849734
949769,0.9998661253647281
949770,0.9813298715992709
949771,0.9930017828676603
949772,0.9995156827192024
949773,0.9999321745313556
949774,0.9992119691743605
949775,0.999581611550163
949776,0.012563721328665543
949777,0.9999357424618076
949778,0.9999503172877392
949779,0.9402552625336978
949780,0.9997532609426043
949781,0.9997177631515572
949782,0.9872272964699955
949783,0.8034368138310543
949784,0.7857699429502067
949785,0.49044358142991057
949786,0.9071449913212026
949787,0.8889225740769005
949788,0.003635845358419057
949789,0.030008629561699404
949790,0.9996789674110689
949791,0.9658184092275219
949792,0.0903501219342317
949793,0.7190959615520147
949794,0.6949986349773409
949795,0.9479919522448756
949796,0.5803609924205726
949797,0.6417757315704561
949798,0.5717567610117902
949799,0.9996087986773003
949800,0.5138843440654943
949801,0.996654111890155
949802,0.9989889435002983
949803,0.9998954184761347
949804,0.96592193940512
949805,0.9983359847379829
949806,0.654718427967159
949807,0.5757780236108462
949808,0.9848395261193582
949809,0.48738881503464176
949810,0.013562341273701827
949811,0.053991918964492874
949812,0.993392227426924
949813,0.631808653022825
949814,0.47874297835327945
949815,0.0942177627716856
949816,0.7161198847000372
949817,0.24639383629615239
949818,0.9864163455927366
949819,0.9973237053888087
949820,0.9959314674871392
949821,0.9997781628114297
949822,0.8635027524937876
949823,0.9998306397054352
949824,0.9997221556116381
949825,0.3499939066649845
949826,0.7284202218122293
949827,0.4466968631410878
949828,0.9876654853613593
949829,0.006739999706494061
949830,0.9952238531935598
949831,0.29205737426216005
949832,0.999827488929632
949833,0.9750138873175596
949834,0.9865418565957309
949835,0.02264591071979222
949836,0.019269561436419842
949837,0.9981675851040068
949838,0.2745337715051677
949839,0.9995161822198335
949840,0.5982122484707666
949841,0.19711876725521665
949842,0.8913170621410549
949843,0.9990234290912954
949844,0.9756395414205272
949845,0.9999042623756258
949846,0.949708866104982
949847,0.9991643934160677
949848,0.9952837179656029
949849,0.9871709030259616
949850,0.1268464363538701
949851,0.9997947558409632
949852,0.0501802152080269
949853,0.7732900302554071
949854,0.91272776057375
949855,0.9982620096121262
949856,0.010031847563482502
949857,0.2040719214373576
949858,0.9575872981464344
949859,0.9993982331311906
949860,0.9974422334918189
949861,0.9188776125121385
949862,0.999953609249604
949863,0.39707991617606453
949864,0.09576866627880526
949865,0.22311759097170336
949866,0.9905265274300659
949867,0.021332792811307073
949868,0.9917842075227583
949869,0.008954896199954557
949870,0.8599711207110546
949871,0.0978953445944413
949872,0.9987667918979425
949873,0.9968160459448527
949874,0.9880818261343316
949875,0.9991436964569755
949876,0.9925741116548983
949877,0.00758781398543555
949878,0.5237971949172379
949879,0.9986358172664139
949880,0.059010230325029944
949881,0.028487653243588464
949882,0.9190914430866672
949883,0.9999838051970608
949884,0.2190569937918658
949885,0.9554900707580078
949886,0.9076755887761401
949887,0.7543734914932412
949888,0.9966621630174133
949889,0.010253669958806347
949890,0.9118207861921064
949891,0.8332733972604303
949892,0.060492480383062826
949893,0.9951193361583786
949894,0.9802249481893222
949895,0.9999747733044795
949896,0.9998542009577749
949897,0.31183805258308667
949898,0.9449618730258593
949899,0.22575827861474962
949900,0.9998638611158521
949901,0.48139900750564574
949902,0.9999809626339731
949903,0.9981064012393968
949904,0.0103804225582937
949905,0.7479677579120079
949906,0.10629873601717844
949907,0.7087183765125853
949908,0.03987830398161938
949909,0.9135435681797451
949910,0.7440843241393369
949911,0.999279699524631
949912,0.837097737161675
949913,0.7811626418613119
949914,0.9998091736891488
949915,0.9411341922801439
949916,0.9964756982799257
949917,0.999852041596828
949918,0.9983231055823638
949919,0.6581535354924218
949920,0.9997662449802114
949921,0.026423985222017998
949922,0.99809067822442
949923,0.8822368353793386
949924,0.9991600105694676
949925,0.9992210408428613
949926,0.9997974801002648
949927,0.0712996146145316
949928,0.44401516445610206
949929,0.6465457081379947
949930,0.9955973079036007
949931,0.07017325877866742
949932,0.9990615256723622
949933,0.856773622913231
949934,0.9647686769012966
949935,0.49663526175282174
949936,0.9824793671565684
949937,0.987434282590494
949938,0.9472316068513862
949939,0.5489478466620823
949940,0.9603188621403895
949941,0.9996891135211996
949942,0.5693675579305835
949943,0.3476392588626822
949944,0.9999637412139963
949945,0.7230956367649914
949946,0.7942635840094072
949947,0.9999371497247935
949948,0.09166924526971573
949949,0.9993704930250803
949950,0.9782333107097796
949951,0.9998062861267538
949952,0.16746342274457382
949953,0.9998440300692997
949954,0.9146956086415208
949955,0.07003986083953265
949956,0.5046952240714317
949957,0.9996153366730807
949958,0.3207223019208687
949959,0.6691625891859754
949960,0.29577620759310597
949961,0.9910984733810986
949962,0.7977170360183417
949963,0.9999013345569794
949964,0.8468090329329085
949965,0.8249282302030443
949966,0.9921085814473873
949967,0.9804588543415469
949968,0.9672094415658283
949969,0.9985106849512212
949970,0.9996048659239436
949971,0.9927590394129928
949972,0.27052033001372394
949973,0.3153840370914602
949974,0.9992352416427672
949975,0.9999030518875648
949976,0.9998865466104349
949977,0.8151515448186537
949978,0.13703540327579974
949979,0.8358377247081366
949980,0.9977804202623513
949981,0.7428761608681271
949982,0.6497490326482727
949983,0.9862405210191676
949984,0.9995252901958946
949985,0.050468712753200855
949986,0.9975091825280197
949987,0.6603238402605867
949988,0.8773655654322279
949989,0.9350915153185162
949990,0.4571525189775279
949991,0.9103055287281283
949992,0.022684710347424305
949993,0.9997217180431304
949994,0.7788438172892465
949995,0.11128819767547202
949996,0.9989514728712386
949997,0.986881979820807
949998,0.9902895555168968
949999,0.9994901265567222
950000,0.7534850675882776
950001,0.9996511867191251
950002,0.992905186440063
950003,0.04452513968650862
950004,0.9999774365153283
950005,0.8269814124163153
950006,0.7044528145415369
950007,0.6815153006008312
950008,0.9885652437481016
950009,0.9997014357312697
950010,0.945389404357847
950011,0.9997787129321585
950012,0.6600769669640981
950013,0.8163139587652352
950014,0.20701978934708629
950015,0.9457612551557769
950016,0.053082652375291514
950017,0.46491181275095317
950018,0.43240762806411215
950019,0.9348217845418405
950020,0.48219549999355543
950021,0.8942297169371798
950022,0.9694311149399231
950023,0.99999519805835
950024,0.9990057227214768
950025,0.8181808234076542
950026,0.9994183040030435
950027,0.9999885140560005
950028,0.9892752500513387
950029,0.8394752805827851
950030,0.9995098397646647
950031,0.9991996629344504
950032,0.3626676053690352
950033,0.09872493037509872
950034,0.08038930381984828
950035,0.9999153368545666
950036,0.9564809393239815
950037,0.9986355885748963
950038,0.9997059967640434
950039,0.9996255154961576
950040,0.8391337987351646
950041,0.09561189889470735
950042,0.06173547249104966
950043,0.9996298324065225
950044,0.9999768904766859
950045,0.9478595014477971
950046,0.21341960027766338
950047,0.9992655890966976
950048,0.28710190779201256
950049,0.9992695556922419
950050,0.8723139775414488
950051,0.06152887301864224
950052,0.792932252881269
950053,0.9940447307253373
950054,0.17498875946142659
950055,0.9022297117642821
950056,0.9980804992974326
950057,0.978977322703773
950058,0.9789057820214155
950059,0.9870089485889548
950060,0.999893263271121
950061,0.5195186925932667
950062,0.9917118870746828
950063,0.6305764688487047
950064,0.9999170561421469
950065,0.9972176489337199
950066,0.3005616451392421
950067,0.9927135645444722
950068,0.9999741645073839
950069,0.9998323157537037
950070,0.9998713950460167
950071,0.008103010061415613
950072,0.1271314133400186
950073,0.9820004388230907
950074,0.9501479442804374
950075,0.9999270807129581
950076,0.9991724757134184
950077,0.004000089895477097
950078,0.9994139620058978
950079,0.9846810996673621
950080,0.19293224933704667
950081,0.09590636653273947
950082,0.703966316236995
950083,0.9999549284500587
950084,0.9885058306035386
950085,0.9281150026722595
950086,0.9546840314384748
950087,0.9992909103533444
950088,0.8607143742528439
950089,0.9999705128875447
950090,0.7082789751392015
950091,0.9959110750307159
950092,0.9959855138798565
950093,0.3057963136242614
950094,0.9365937749871374
950095,0.999275708389977
950096,0.1227474159263556
950097,0.38327724686664894
950098,0.969929503247632
950099,0.8712795538778175
950100,0.999287609901852
950101,0.9395178291696396
950102,0.08982953484780529
950103,0.4076134813997287
950104,0.9889652341503298
950105,0.9999408540837958
950106,0.71733330170367
950107,0.21304073226981957
950108,0.90973078142906
950109,0.9898957487036417
950110,0.00497077474835976
950111,0.6353041482964403
950112,0.9998419084369843
950113,0.8694371031246861
950114,0.9996148008889013
950115,0.8938013202507429
950116,0.5587345659597716
950117,0.9997228830066125
950118,0.7692891785109519
950119,0.8975394108836285
950120,0.015272021674734258
950121,0.9895881742149863
950122,0.8838372974101629
950123,0.9999681391167201
950124,0.9985788065185175
950125,0.9878191167260737
950126,0.9157154148785418
950127,0.9998803754218877
950128,0.4673905658337675
950129,0.5523258296017942
950130,0.8765540319116881
950131,0.30567299716425417
950132,0.6194300824325378
950133,0.9974325123899236
950134,0.9886117463997707
950135,0.9996421553804622
950136,0.7992285118591685
950137,0.9711348624972838
950138,0.9999582767280855
950139,0.997973407778272
950140,0.6801376782273647
950141,0.9999871370484893
950142,0.9995789464031446
950143,0.8400773258823804
950144,0.921850793673205
950145,0.9994389247459966
950146,0.9999814794874349
950147,0.843424858303407
950148,0.9981904836725441
950149,0.015575964812839776
950150,0.9992283380397126
950151,0.3074384492283966
950152,0.894877345809294
950153,0.9965300304264983
950154,0.9987608928288709
950155,0.8255169451531907
950156,0.9980859009005485
950157,0.9999655837922066
950158,0.9987991604452813
950159,0.9982588644311556
950160,0.9482765454851658
950161,0.9991505682422933
950162,0.5775335086893248
950163,0.9980097506036336
950164,0.9919229468045772
950165,0.17861358485134426
950166,0.3516583647390932
950167,0.9999630549567863
950168,0.7545791948038486
950169,0.9991370596093088
950170,0.9995728508732187
950171,0.997908576153534
950172,0.2239160068397332
950173,0.9999903806731036
950174,0.6769180165547954
950175,0.6898862113446635
950176,0.9999251205777437
950177,0.9999823952496605
950178,0.9653920275231501
950179,0.9861017246489037
950180,0.9997325321779497
950181,0.8504982570839913
950182,0.08584434752345452
950183,0.9977992100465101
950184,0.018405386141968696
950185,0.8691626330375348
950186,0.9942429456531388
950187,0.007814708595111526
950188,0.3969698049847986
950189,0.7421131751820117
950190,0.46104125012430963
950191,0.9998169012954894
950192,0.9989841963123622
950193,0.9998989610247511
950194,0.9998075726186421
950195,0.9995842612652406
950196,0.9104108472229631
950197,0.9977962849435545
950198,0.7354146414488156
950199,0.979988735621236
950200,0.38669226262535494
950201,0.9449529080114356
950202,0.9976642147650847
950203,0.00803624437227115
950204,0.9999578898247493
950205,0.26172308526343085
950206,0.9992544829939551
950207,0.9998745841885357
950208,0.20468487068426347
950209,0.2482613795571939
950210,0.5775692579153932
950211,0.006150566171735609
950212,0.9670722775649274
950213,0.094478705729096
950214,0.8097660899182582
950215,0.9990282822243998
950216,0.9963799568332179
950217,0.9998055708820903
950218,0.028650538424963297
950219,0.07664459160322677
950220,0.30854478365092625
950221,0.7208238988884561
950222,0.9704573481720749
950223,0.679278456994789
950224,0.6767186516458981
950225,0.9522113773786536
950226,0.9993639208983521
950227,0.9999589598436748
950228,0.9956582660485681
950229,0.9927644431579463
950230,0.9999553721590926
950231,0.8430559264706856
950232,0.00412396001685723
950233,0.7900308155709896
950234,0.4436271318329421
950235,0.9954810508299085
950236,0.8247724193383215
950237,0.9999043744138068
950238,0.05404463443330338
950239,0.9926296878369009
950240,0.007930894506234505
950241,0.9670377296683385
950242,0.6547284268920405
950243,0.2994747776266079
950244,0.8886075461557609
950245,0.8537468807560924
950246,0.9995569364186168
950247,0.979590502325824
950248,0.9961854598777085
950249,0.3867767838593006
950250,0.9996556249720254
950251,0.992665851500366
950252,0.6167076923942767
950253,0.9997793731222091
950254,0.7984709642705544
950255,0.9980323502032917
950256,0.984772406955198
950257,0.999977252569292
950258,0.539811376830258
950259,0.25971826325147296
950260,0.09626541786727481
950261,0.8826840234637727
950262,0.32117787822028576
950263,0.0329825542211903
950264,0.08722661860653808
950265,0.9992786779000329
950266,0.9999077429019108
950267,0.9993199477168306
950268,0.9997834948776522
950269,0.9777159149354853
950270,0.9998527705507825
950271,0.9999025202263627
950272,0.16264238221383712
950273,0.9905795028333699
950274,0.9636475300909125
950275,0.4068473895323418
950276,0.999457553007555
950277,0.9995726398284199
950278,0.8418133364950304
950279,0.45034747048824536
950280,0.9924075091010871
950281,0.9999864326985477
950282,0.9244442163857993
950283,0.9999362650519692
950284,0.7777768548437027
950285,0.9993916407703776
950286,0.1585520347935523
950287,0.12767444138396716
950288,0.4684425927473146
950289,0.9998479060811369
950290,0.8718484268511264
950291,0.9983282394733721
950292,0.7293313721215315
950293,0.1369002203644592
950294,0.9998680147713046
950295,0.9899692691394755
950296,0.2660746240452871
950297,0.9996355642676731
950298,0.5388107901523539
950299,0.9950270541666426
950300,0.9986159308660293
950301,0.7491045552273536
950302,0.9925162177999891
950303,0.18479191699017755
950304,0.6489131404156856
950305,0.43884811537423163
950306,0.8327691420708271
950307,0.09620767363377875
950308,0.9999034901203824
950309,0.9977688462046297
950310,0.007501233201587278
950311,0.9951510414402994
950312,0.0045599812925279535
950313,0.06339981567060163
950314,0.9985485060406816
950315,0.9895861846580691
950316,0.09593478049155456
950317,0.9997860650968071
950318,0.10768188874317253
950319,0.8758777082844309
950320,0.7738876752716988
950321,0.056645507190916586
950322,0.2045134379285576
950323,0.9782087203347857
950324,0.999961167577742
950325,0.46795954839472853
950326,0.9980184565418078
950327,0.9978812211833763
950328,0.9657446283105944
950329,0.7068679482584415
950330,0.9987655593493308
950331,0.9355463133447295
950332,0.7029829230583609
950333,0.9838207598230054
950334,0.9691755355416929
950335,0.024919245684456852
950336,0.9986926164219716
950337,0.09963531653886416
950338,0.10477753217796894
950339,0.9588945732219061
950340,0.0018208938998637196
950341,0.9206373864138067
950342,0.9989215029419054
950343,0.9971535571220247
950344,0.93327273012525
950345,0.999595186951619
950346,0.005959848881344187
950347,0.11672908755361466
950348,0.9999849596391668
950349,0.9980893306221899
950350,0.9662354946292515
950351,0.9911776874123577
950352,0.04372325751283902
950353,0.0924519757624974
950354,0.965170950327167
950355,0.4211594380916327
950356,0.03232807033333139
950357,0.9929181493260462
950358,0.2627667163269989
950359,0.9798488843658213
950360,0.07492266022166066
950361,0.03356266631743339
950362,0.8755256671067408
950363,0.999975632165483
950364,0.04753159916513755
950365,0.08631384285799383
950366,0.6315048175867684
950367,0.9518615769850094
950368,0.051947817950397476
950369,0.9971204322908906
950370,0.7134940355348222
950371,0.9843562692609144
950372,0.9995013826399235
950373,0.8547001986576647
950374,0.9977940893163549
950375,0.9587129415421479
950376,0.999218345236895
950377,0.41355006687470786
950378,0.8154032073113837
950379,0.9596089815453774
950380,0.9993649304702663
950381,0.6814258877992172
950382,0.9998640897016117
950383,0.824234495828025
950384,0.06917537903653127
950385,0.9999253233179595
950386,0.9997211448609775
950387,0.9545066096321053
950388,0.9999730861861902
950389,0.9986897070062868
950390,0.9332025460181317
950391,0.1197411841688873
950392,0.9746332978544932
950393,0.3187191869107423
950394,0.9988610204390468
950395,0.7504439104494263
950396,0.5063684693388111
950397,0.9995656210862878
950398,0.9991729548093289
950399,0.8799358204771607
950400,0.9997435544799065
950401,0.013979824211547219
950402,0.4863200588120471
950403,0.9544871816882479
950404,0.9870762454636575
950405,0.23069812097406672
950406,0.9998913809830952
950407,0.9996540648361933
950408,0.4644869047493336
950409,0.9997764094418683
950410,0.4451704863826834
950411,0.9593325831681655
950412,0.9999397919785648
950413,0.6901045033966802
950414,0.994455083254681
950415,0.9862014795214484
950416,0.9999220646655116
950417,0.8400410673176127
950418,0.9999916113106957
950419,0.9986425846764145
950420,0.8986606847082079
950421,0.9999674670630029
950422,0.9931204476725155
950423,0.6530785300411234
950424,0.53031485932367
950425,0.4180872361173243
950426,0.8150671324597516
950427,0.7753593006979786
950428,0.8127341497773599
950429,0.11786700561544691
950430,0.0628204125896129
950431,0.9988881051957939
950432,0.226006366022492
950433,0.33199421611869084
950434,0.9022715791066679
950435,0.7300766519295996
950436,0.1294124922743005
950437,0.8994878351251044
950438,0.03965742138832562
950439,0.07446846633243699
950440,0.9965728944887782
950441,0.9204904345009326
950442,0.008098303529503094
950443,0.9921792107434676
950444,0.8955563635419259
950445,0.997807516763732
950446,0.884733427526206
950447,0.9418704362069307
950448,0.944583005805268
950449,0.7350279026740196
950450,0.9504017991439615
950451,0.07931321272087322
950452,0.9914058451447341
950453,0.9811626787471619
950454,0.9180884759719998
950455,0.03339341160740862
950456,0.9979696820698117
950457,0.9999592373889318
950458,0.9672117210802105
950459,0.9960988786026792
950460,0.050269184042388976
950461,0.04626137844112568
950462,0.9999056571819674
950463,0.9993614723157096
950464,0.9999855433155264
950465,0.7852865480281754
950466,0.9992412011789262
950467,0.9995337490230447
950468,0.6990416098827859
950469,0.9142933387176732
950470,0.9877060994794736
950471,0.8978334254337068
950472,0.9944830659996823
950473,0.005319572667035725
950474,0.9103904512979837
950475,0.8120990179936133
950476,0.9901323043941429
950477,0.9966536413055287
950478,0.9348242760527704
950479,0.9980865429211376
950480,0.6892822324301979
950481,0.9999018518734986
950482,0.9803607503066226
950483,0.3954068967453571
950484,0.9377242158601806
950485,0.9955427770273857
950486,0.008024944168617683
950487,0.9757922885916225
950488,0.8178204898850673
950489,0.9999618203057361
950490,0.010497122858902213
950491,0.9961384212639335
950492,0.9207343250828598
950493,0.17737823181188922
950494,0.9998219515992226
950495,0.999125284439255
950496,0.7825711935831576
950497,0.4001003802160472
950498,0.9971334573783663
950499,0.8669355453687189
950500,0.9975683127611151
950501,0.9455661704742608
950502,0.997848954777367
950503,0.38701074665160273
950504,0.9987541727486156
950505,0.9987756903153469
950506,0.9995881539687209
950507,0.9996783879395057
950508,0.2439113966044132
950509,0.03512274920378909
950510,0.9972649461971839
950511,0.005976405669165873
950512,0.9988510432716278
950513,0.783292962066049
950514,0.999192676046025
950515,0.0725926316282613
950516,0.750184224972296
950517,0.6425077111713365
950518,0.4665826090799804
950519,0.4947579590633408
950520,0.9997880939263869
950521,0.6203078015070616
950522,0.3029841490908132
950523,0.9997952992870536
950524,0.99996064317852
950525,0.9998693016113719
950526,0.9558473663078075
950527,0.9990412178714709
950528,0.9999736718296073
950529,0.9999530537407437
950530,0.9970628805952331
950531,0.969747791915931
950532,0.11823108846107637
950533,0.9730076768042135
950534,0.8687414649595802
950535,0.2406321108498335
950536,0.997000105685676
950537,0.9987669289433572
950538,0.757078591632457
950539,0.15994843309404483
950540,0.9997912538564067
950541,0.025964878064489764
950542,0.9157400019832438
950543,0.47067513325573035
950544,0.999797306278301
950545,0.8496674308340939
950546,0.9580326817008946
950547,0.7156640293829523
950548,0.9776274042471906
950549,0.9998689351330983
950550,0.06742380188596087
950551,0.9987491198898222
950552,0.8010607473346525
950553,0.8031877631681219
950554,0.7998725673930623
950555,0.03556228084535699
950556,0.994343246503079
950557,0.9997643233752456
950558,0.18649842245244755
950559,0.9924580969476637
950560,0.9996173830133703
950561,0.6672072852267423
950562,0.9414177256087812
950563,0.9998247989323344
950564,0.6133682502403046
950565,0.9999575920274744
950566,0.9960287968452719
950567,0.9985238178166278
950568,0.9996020057741064
950569,0.8347868015730139
950570,0.6052350130054456
950571,0.9213114123720783
950572,0.8798240924332221
950573,0.999814811327863
950574,0.7222155049430921
950575,0.9967880642100296
950576,0.4500741609114902
950577,0.39951811453953323
950578,0.006888209361318847
950579,0.7901224427763784
950580,0.8677512371612222
950581,0.9998750267845288
950582,0.523098942184589
950583,0.49733398763630815
950584,0.9994307536561546
950585,0.4691082334332465
950586,0.9568415090524872
950587,0.999982986526148
950588,0.999823214577966
950589,0.6556101816302455
950590,0.33446788961034823
950591,0.29457634369932173
950592,0.9539487102126503
950593,0.9933513010167223
950594,0.9821992625377395
950595,0.8137551291155236
950596,0.8968096957774467
950597,0.013473430602582787
950598,0.8939463191871615
950599,0.9958865365424308
950600,0.9996092636657226
950601,0.5610982347945344
950602,0.9852863900114511
950603,0.8578373123302444
950604,0.06440523170799185
950605,0.041822004807258846
950606,0.7540661768256045
950607,0.7764042640689062
950608,0.9202683780664331
950609,0.8652194766332739
950610,0.39119102907820913
950611,0.9999875668182349
950612,0.989964851006081
950613,0.6618537290359607
950614,0.9975124513171766
950615,0.21994407774404182
950616,0.9930731689095362
950617,0.016129139630366753
950618,0.977657592255553
950619,0.004519071043453574
950620,0.06760554876116692
950621,0.04292959751430266
950622,0.08574133422108163
950623,0.5071746577032636
950624,0.7848154169387124
950625,0.25842010974995694
950626,0.3644538373019236
950627,0.09963981852419948
950628,0.6036343352673676
950629,0.5594550669822769
950630,0.9977248149765323
950631,0.9872599057034321
950632,0.9996619455410174
950633,0.18685542115524068
950634,0.9995746311582447
950635,0.39587325861448663
950636,0.8543202740763575
950637,0.9541797510586078
950638,0.9953539896237131
950639,0.24820883811299288
950640,0.9856889211036034
950641,0.9932143094188388
950642,0.48982344977037684
950643,0.9997573127038928
950644,0.7087275027702887
950645,0.9769238265794016
950646,0.9938579549019204
950647,0.9992269829765026
950648,0.700870945074004
950649,0.9972136812472855
950650,0.9999839727277291
950651,0.6276632866830854
950652,0.03305521101645967
950653,0.7271624367716766
950654,0.014688129022137078
950655,0.9996522907218937
950656,0.9336589083488656
950657,0.013123688833025535
950658,0.7901636851689795
950659,0.5802551417968639
950660,0.08842695354615507
950661,0.8345835686509564
950662,0.32862329799027906
950663,0.9989782197471841
950664,0.8218077662699923
950665,0.05011102099231214
950666,0.9996204634240047
950667,0.9999395530391852
950668,0.9996995926485333
950669,0.9989323068763609
950670,0.9730116995673095
950671,0.9741317488315977
950672,0.6037278712180182
950673,0.9919687296954931
950674,0.9658293809120628
950675,0.75746745026126
950676,0.40778865559627986
950677,0.9285963909874105
950678,0.5421189910564874
950679,0.9992597803448551
950680,0.9678533044855142
950681,0.640608417639779
950682,0.9319997412546343
950683,0.9997616973871126
950684,0.9993177073240951
950685,0.00935248062569963
950686,0.9999437906631506
950687,0.8870448141240892
950688,0.6127910281320382
950689,0.9998546376623059
950690,0.9934581249311167
950691,0.014313324423720804
950692,0.9994195558461464
950693,0.48881028243610697
950694,0.35209944834942886
950695,0.4850072827986992
950696,0.7804047020339993
950697,0.9963942791676452
950698,0.9697149912805539
950699,0.010126311374053955
950700,0.9997430030669708
950701,0.9764366026796554
950702,0.601491570565812
950703,0.9900642154869785
950704,0.9994254281661679
950705,0.09678756432538044
950706,0.004659215747971875
950707,0.9996303263720654
950708,0.999850921427623
950709,0.9979705213157566
950710,0.9913432352392728
950711,0.6522269850917739
950712,0.6717741184817927
950713,0.9841939389667989
950714,0.8027452479426533
950715,0.005038361423935134
950716,0.9953630756384892
950717,0.9825533530554817
950718,0.4074773169660867
950719,0.09545987733475358
950720,0.9685534878114723
950721,0.5871791663356796
950722,0.31448143798701617
950723,0.9860495498677286
950724,0.09109647253976584
950725,0.055939819641867033
950726,0.2519948755572941
950727,0.7048653199810584
950728,0.9999631520705278
950729,0.007152991850094694
950730,0.9952926353392842
950731,0.9988877310629704
950732,0.6617579463966816
950733,0.9998875269381061
950734,0.26598858065211456
950735,0.5763060958872377
950736,0.4715990169138359
950737,0.8825552867352757
950738,0.4335722665745672
950739,0.01575402925122812
950740,0.7384085247962596
950741,0.9998385636676811
950742,0.9957954046772882
950743,0.17856156716518515
950744,0.06699871180809723
950745,0.45949107469372735
950746,0.998422385973736
950747,0.9881469251977502
950748,0.8716065247675784
950749,0.5394604508862532
950750,0.9039290322729537
950751,0.7031374623436357
950752,0.9995985331041906
950753,0.9957724185000788
950754,0.6427872815511787
950755,0.9999773650098872
950756,0.025528877673833935
950757,0.5300362939965688
950758,0.06805086419999251
950759,0.9997770472867997
950760,0.02658451788050779
950761,0.6247857833967404
950762,0.9352030173970234
950763,0.7577448813887364
950764,0.5617334119112279
950765,0.9802302160284913
950766,0.7998139198808911
950767,0.9991777521082545
950768,0.9971549523479974
950769,0.2838799405480359
950770,0.33507735699371
950771,0.2805510496613673
950772,0.9293481250099779
950773,0.9664534241999405
950774,0.07419244790152582
950775,0.9990011243373971
950776,0.6667325964892743
950777,0.5931746487311741
950778,0.7815197538046472
950779,0.2809031902661385
950780,0.9183779638799922
950781,0.9213419708384443
950782,0.8958204337504712
950783,0.9979033796748396
950784,0.6083656325024648
950785,0.9995682726214925
950786,0.03957295821858815
950787,0.14071466473460165
950788,0.6211315240064881
950789,0.9991558030462822
950790,0.6231820442402994
950791,0.624849841270043
950792,0.3728138186802703
950793,0.13831508765902353
950794,0.47441907545936823
950795,0.9875855871948989
950796,0.893615855283211
950797,0.9998762027313598
950798,0.9998602404256863
950799,0.8713807862923633
950800,0.08958947101717016
950801,0.9999137251798775
950802,0.9985159251448227
950803,0.9923354003019185
950804,0.9339776726416873
950805,0.9319147035358835
950806,0.9996774227414145
950807,0.5706144996842368
950808,0.9996700032334007
950809,0.9996338911321996
950810,0.9729965861927684
950811,0.32213273588498864
950812,0.978108363211341
950813,0.9999384483664873
950814,0.09576375340598672
950815,0.998596025820748
950816,0.9918565029254681
950817,0.9996533885296454
950818,0.07612620390686504
950819,0.7919051754313946
950820,0.2258079865994782
950821,0.744585322263718
950822,0.9306424341337549
950823,0.2951007657834447
950824,0.996123831842144
950825,0.07244632179458746
950826,0.9956580921629181
950827,0.792900561358813
950828,0.999568119352384
950829,0.05686170555737978
950830,0.7090022981932869
950831,0.9901869220480299
950832,0.26132135160108844
950833,0.8736399492990525
950834,0.20049573105510704
950835,0.9998687274327762
950836,0.007413433580398766
950837,0.7738154181683855
950838,0.9999690424455305
950839,0.997227032002781
950840,0.9999565439308764
950841,0.9998291569431246
950842,0.11611634808588989
950843,0.9995826120014377
950844,0.14006698526878733
950845,0.9972243702719881
950846,0.9998942198278092
950847,0.9988939661337196
950848,0.1192451272297658
950849,0.9982869688702265
950850,0.8115948777367158
950851,0.9168420434072173
950852,0.08841746211569332
950853,0.2607354828452528
950854,0.9998818234439759
950855,0.824987953716378
950856,0.9965662334967009
950857,0.9991156514324742
950858,0.9547990425892631
950859,0.9847874716351156
950860,0.9995632079761119
950861,0.6168377661312888
950862,0.9700043835937612
950863,0.8399415165216594
950864,0.9760736516044439
950865,0.030202915401973344
950866,0.6746621779941706
950867,0.8508948971080161
950868,0.36795806731409
950869,0.2400430471539045
950870,0.7808836848353603
950871,0.9607544218400328
950872,0.9995529289283845
950873,0.9995453759444459
950874,0.2708475461365353
950875,0.3823593397717293
950876,0.999980368962782
950877,0.9997800317420495
950878,0.6864665848562652
950879,0.9952373629607373
950880,0.9365721737189989
950881,0.45961728780179434
950882,0.999642877885428
950883,0.9446964457588859
950884,0.982193585865468
950885,0.7674047090457641
950886,0.0148245997839733
950887,0.007817049987488531
950888,0.3136655753521928
950889,0.4456218134131136
950890,0.9489635453352003
950891,0.1143519982162962
950892,0.5983747049625452
950893,0.5264642758231503
950894,0.9999852826993811
950895,0.9793161514834439
950896,0.061100463538730956
950897,0.9590876826984446
950898,0.8688319966129037
950899,0.24228452731300942
950900,0.9992794553448694
950901,0.9766852697418128
950902,0.8034028550794988
950903,0.9955507953730862
950904,0.9999915568328255
950905,0.9997927472086019
950906,0.12049120857151316
950907,0.9986977140468347
950908,0.29819746486444665
950909,0.9262540522739777
950910,0.9987962438695249
950911,0.9971521579080924
950912,0.9929561699241781
950913,0.3168790448373239
950914,0.10881688517550923
950915,0.2945428590582235
950916,0.995522144064144
950917,0.558453974302265
950918,0.8971257797854095
950919,0.9881623767786042
950920,0.9996545498555179
950921,0.9999378106034904
950922,0.9997613795978852
950923,0.9943624336257634
950924,0.1161851504607152
950925,0.9371122225499916
950926,0.9928001328742053
950927,0.6049591246089174
950928,0.9609119799290718
950929,0.08246063303205714
950930,0.9995623172344024
950931,0.9995900126903199
950932,0.9938101161703009
950933,0.9994637431597027
950934,0.08537555250269244
950935,0.9994004237014719
950936,0.3155051408183019
950937,0.8850406539571133
950938,0.4716762234090886
950939,0.999892253659859
950940,0.8153415010763013
950941,0.9986052164853684
950942,0.9464712924931353
950943,0.7922145424002989
950944,0.8466727005554275
950945,0.06393026329391394
950946,0.9999847598805784
950947,0.9648347959168955
950948,0.5121077523482667
950949,0.998810366774654
950950,0.63868906041945
950951,0.12893924761489473
950952,0.9999614395744154
950953,0.9993361835663548
950954,0.04493178816960395
950955,0.9892793057555639
950956,0.9284391368946974
950957,0.9986856763821989
950958,0.9978121863802318
950959,0.05576122008632273
950960,0.15261509660705186
950961,0.9994979502763559
950962,0.8408936854665245
950963,0.7241420198824855
950964,0.14343817212827348
950965,0.010903016947460003
950966,0.012692867827808851
950967,0.9540668353454191
950968,0.6761941403054057
950969,0.010114796748996818
950970,0.9980526271843451
950971,0.5548719985406518
950972,0.9985046744784882
950973,0.9966584288376757
950974,0.9558248871240491
950975,0.9446905753008796
950976,0.6301616116979805
950977,0.9673306065091284
950978,0.9852145835373489
950979,0.8274702272238024
950980,0.9117542450684636
950981,0.9989512604643438
950982,0.5623230635955718
950983,0.22209318242517978
950984,0.7818524072256482
950985,0.9722046867106662
950986,0.008186693132030251
950987,0.8940101214792775
950988,0.9999028657057878
950989,0.5610987425168915
950990,0.24300573338438736
950991,0.999801241810224
950992,0.9985699555551877
950993,0.9998124735536515
950994,0.9997776395845708
950995,0.34876388581708195
950996,0.9418205608349663
950997,0.9999817659910619
950998,0.9407187278754126
950999,0.618147708461316
951000,0.9011226465422562
951001,0.10713624745780326
951002,0.5718414686212322
951003,0.9952515273038733
951004,0.8520798000747294
951005,0.04204933718328899
951006,0.21753386418536597
951007,0.9159284029752028
951008,0.3996998089532713
951009,0.3264970357902235
951010,0.9999840701568954
951011,0.609987260166091
951012,0.9997451215200601
951013,0.05296195570987491
951014,0.3568609018644143
951015,0.9999576155040747
951016,0.99985272735246
951017,0.9999213481533596
951018,0.9990653582979783
951019,0.0090638740516509
951020,0.9992668399386214
951021,0.3933994816413569
951022,0.9358826469187749
951023,0.9931257027555493
951024,0.5411447620958973
951025,0.9940990622246035
951026,0.7806605498944261
951027,0.9999658342848777
951028,0.9460357693742529
951029,0.5872832761771583
951030,0.9998976382989078
951031,0.9999915923567054
951032,0.021250603168954826
951033,0.06459882521554478
951034,0.9858324534601588
951035,0.9960206671336056
951036,0.8393872617113463
951037,0.22780848274493265
951038,0.9994770732521618
951039,0.11621292267062358
951040,0.9998032036645874
951041,0.4921091288586476
951042,0.9995112676618376
951043,0.9987757533535278
951044,0.999704234228204
951045,0.9998426715942561
951046,0.9636202988200561
951047,0.04631936023954575
951048,0.9977965942595997
951049,0.9993375737873224
951050,0.9902577183840664
951051,0.9992688555003975
951052,0.3392215760723966
951053,0.9248021678206606
951054,0.9917477578572358
951055,0.5091847512961949
951056,0.999725060796879
951057,0.9821710866116469
951058,0.3410632886108229
951059,0.37248299577444355
951060,0.8841190805285578
951061,0.9998425340210944
951062,0.9998973090575989
951063,0.9997949212080856
951064,0.19528831165166058
951065,0.555907485550072
951066,0.4312552560848906
951067,0.9755062222315931
951068,0.13029727715018474
951069,0.9625875751109632
951070,0.9979314842586384
951071,0.7742911598407498
951072,0.9901686564689075
951073,0.05090567802437092
951074,0.037854978706970466
951075,0.9999101266752908
951076,0.06876612603641824
951077,0.9999557333342974
951078,0.987557355467076
951079,0.2588274315839562
951080,0.9999137975196244
951081,0.1472887198539206
951082,0.9999334008653412
951083,0.9991334245022805
951084,0.9972765926615439
951085,0.9999395071943513
951086,0.0671502013695931
951087,0.9999801354008083
951088,0.9363453228772237
951089,0.8764114652716659
951090,0.9983227480939549
951091,0.014546341383806421
951092,0.5024428004073993
951093,0.9995945385010101
951094,0.9960348099784601
951095,0.9527664658863078
951096,0.9995250120250379
951097,0.9967918176129055
951098,0.00455373872953597
951099,0.9796045673400876
951100,0.9987911312791906
951101,0.9934503363766876
951102,0.5101940820232946
951103,0.06480798840017112
951104,0.030977228871895447
951105,0.9958216049317629
951106,0.9991684237317828
951107,0.003748644622893654
951108,0.5547223160134723
951109,0.980834825808405
951110,0.1503106025251344
951111,0.1950688326870218
951112,0.9377205856232254
951113,0.9446233350678581
951114,0.02890160913238748
951115,0.9944174624046174
951116,0.6892188693636954
951117,0.999977992455162
951118,0.971871893692943
951119,0.37584590434871895
951120,0.9991700664625651
951121,0.5427178920644917
951122,0.8116244554248324
951123,0.933611099462125
951124,0.9729748386277107
951125,0.9934006585359259
951126,0.9811185953655296
951127,0.16509256369031872
951128,0.9999370088584958
951129,0.9462253626512089
951130,0.9425570516903828
951131,0.9990459363842061
951132,0.9388745311030802
951133,0.19885600233777856
951134,0.9262981501269
951135,0.7244100027142872
951136,0.99462409969458
951137,0.2184686779760892
951138,0.9999134323874765
951139,0.1438716490512316
951140,0.026490673853715223
951141,0.9995814700640433
951142,0.6028695169006043
951143,0.9997875982299798
951144,0.76683907028995
951145,0.9105797700062521
951146,0.9879674642618737
951147,0.9046200606988779
951148,0.9983227271168911
951149,0.9999468833204023
951150,0.9999393476724937
951151,0.7805425918702824
951152,0.46231790176961307
951153,0.9977119216709205
951154,0.966633130405629
951155,0.9979569960124051
951156,0.9996986102964396
951157,0.9999575290343656
951158,0.0022717272433185553
951159,0.20659696506743805
951160,0.8756171893971254
951161,0.9690914586493562
951162,0.3606723044645166
951163,0.9998657356239963
951164,0.9997173102934649
951165,0.11641348984198373
951166,0.7331918197959704
951167,0.9993095533360095
951168,0.2041820750985115
951169,0.9565495160365518
951170,0.9377080445182169
951171,0.21413255888453275
951172,0.9774225073226517
951173,0.561073606861645
951174,0.04491043127592812
951175,0.9998322077909125
951176,0.9998692017207746
951177,0.42432527027442646
951178,0.9985279664141058
951179,0.9988781232121077
951180,0.29531634357369896
951181,0.9993039750405474
951182,0.9997704048164365
951183,0.5541018873178989
951184,0.5026291233194087
951185,0.5346014349733558
951186,0.9806256394161688
951187,0.27897317089118784
951188,0.10548317372995121
951189,0.9809341623006702
951190,0.9506020972833313
951191,0.603409183962426
951192,0.9417410217167457
951193,0.9853837063295937
951194,0.9006463682420541
951195,0.9967493136700782
951196,0.9833530125719121
951197,0.9999669029325148
951198,0.9998763820672849
951199,0.9827221771081682
951200,0.08043498315391183
951201,0.9958778241535398
951202,0.384406576940732
951203,0.9749193990184759
951204,0.9306314071069123
951205,0.9948510555534509
951206,0.028732287420025107
951207,0.9966289461702562
951208,0.9075305095582245
951209,0.9698024128088489
951210,0.9990524647087045
951211,0.9998196699198071
951212,0.7698556693122693
951213,0.5402013489083871
951214,0.9639101809561939
951215,0.947221455130755
951216,0.07555569013968133
951217,0.8562846068334796
951218,0.9999653519046756
951219,0.09731317398023372
951220,0.5564364391630661
951221,0.9929345646575862
951222,0.8196475523212169
951223,0.9992805970018867
951224,0.9998808043396323
951225,0.41222933106289567
951226,0.9996320938897543
951227,0.1479064786181603
951228,0.9974418968464704
951229,0.49229337812303914
951230,0.9978891518640309
951231,0.027361553995927622
951232,0.9582616480815445
951233,0.03021635905360379
951234,0.9832751894626894
951235,0.10442440490350595
951236,0.19068952997452362
951237,0.6920291829008758
951238,0.20448642202528555
951239,0.9997669205997738
951240,0.9999822981201684
951241,0.053960265282193026
951242,0.9998294452692911
951243,0.8672609578529007
951244,0.4200756180140962
951245,0.08576076685844913
951246,0.9921468285609822
951247,0.9992680563378895
951248,0.9559860165681271
951249,0.9978580529037806
951250,0.9999514680319366
951251,0.9926641172105708
951252,0.5340720465563592
951253,0.9998102264218257
951254,0.9994373944935151
951255,0.19205140947363242
951256,0.9987916353606999
951257,0.9941643170834074
951258,0.08119773266051934
951259,0.9999722784491201
951260,0.4598727019877664
951261,0.9986525696502586
951262,0.5850043036621432
951263,0.9991339076356452
951264,0.9995546005944511
951265,0.9993671938676938
951266,0.6492984240775598
951267,0.9561574551555758
951268,0.9586900205509288
951269,0.9999580286920835
951270,0.8998373591829582
951271,0.9982900534800425
951272,0.8237772605330248
951273,0.8606716976034876
951274,0.4214413569953508
951275,0.9991362383883553
951276,0.9534779879917114
951277,0.9993989790844183
951278,0.020267440523499096
951279,0.986895424928126
951280,0.9999350540684988
951281,0.9969913804188695
951282,0.034199568825861476
951283,0.27349767572775785
951284,0.9998248719631039
951285,0.008258468519784849
951286,0.9998667945174328
951287,0.4697685340376663
951288,0.2835356056216758
951289,0.40900833229485456
951290,0.7126631721999929
951291,0.9996488719910057
951292,0.9996006046494041
951293,0.9897240999194696
951294,0.9841565611736016
951295,0.7519295320513281
951296,0.9808797124975992
951297,0.9999621350065726
951298,0.953335914689367
951299,0.9994310090254752
951300,0.9992508363954415
951301,0.8138007738705215
951302,0.9992230333318461
951303,0.6906637897367376
951304,0.9997506838359215
951305,0.9983988735137255
951306,0.7719403095245223
951307,0.9999454738166489
951308,0.9989044906833268
951309,0.9997892416306016
951310,0.6244458787159548
951311,0.9999498348618883
951312,0.9961506941763771
951313,0.8232514396337132
951314,0.9970777216518039
951315,0.9999026317350967
951316,0.925847491165035
951317,0.999918431133219
951318,0.9972578265102856
951319,0.9997161959071348
951320,0.20495775930409324
951321,0.9944821042607588
951322,0.397901763652046
951323,0.48420313485793526
951324,0.884522082834561
951325,0.992708911768755
951326,0.9347545336117922
951327,0.9995621682356229
951328,0.9957091644580722
951329,0.7635825312925233
951330,0.8618880757347831
951331,0.9761913468238361
951332,0.9538961608146732
951333,0.8832093050997663
951334,0.790422295542748
951335,0.018202914762218327
951336,0.29724831206606867
951337,0.9088252210763366
951338,0.41554234375388965
951339,0.9746614929100876
951340,0.9994851243901294
951341,0.7939297486047352
951342,0.988141809312255
951343,0.9999157214270384
951344,0.3946941815951973
951345,0.9079431585545126
951346,0.7835785783191476
951347,0.7777147817044429
951348,0.3806361468267663
951349,0.49664398427621703
951350,0.02012735700021471
951351,0.999870978597484
951352,0.9999919837142239
951353,0.0445926391876732
951354,0.9997529696564336
951355,0.2259563910689931
951356,0.25424590285131304
951357,0.3672006299262871
951358,0.9999127663661891
951359,0.9974814739107238
951360,0.01614352987049652
951361,0.9999876621674278
951362,0.9792840414759506
951363,0.9500516442282787
951364,0.9998736321404976
951365,0.9996123074147656
951366,0.9977516732717311
951367,0.9723967698197219
951368,0.4625061429353821
951369,0.9542853631855783
951370,0.01715516724726
951371,0.9999128314984299
951372,0.523702762697451
951373,0.9937827217440536
951374,0.8998506879553827
951375,0.36522555156437764
951376,0.9995181653710419
951377,0.9992598524343123
951378,0.9929163376395641
951379,0.9795092154688179
951380,0.9821315104410726
951381,0.8135679784515384
951382,0.5286387294201971
951383,0.9993768371523628
951384,0.4306144969679652
951385,0.9925662072870736
951386,0.9968999680397115
951387,0.30072216282599945
951388,0.9979555313030142
951389,0.9788273042753814
951390,0.9998549279490595
951391,0.3909346886430606
951392,0.5884016545744912
951393,0.06692100662089209
951394,0.9990591593593795
951395,0.9987781454483025
951396,0.8953056067321047
951397,0.988372697929686
951398,0.9969792955112811
951399,0.9854635929197402
951400,0.2071941521077925
951401,0.9928698609515969
951402,0.07847749003012744
951403,0.6445305661494786
951404,0.15033428996744175
951405,0.9998759999878714
951406,0.016645349269589636
951407,0.9038475307267901
951408,0.10540118744507665
951409,0.9989553907950135
951410,0.9999884889011046
951411,0.6807653257351725
951412,0.4376033717400074
951413,0.9883759728195065
951414,0.9285108852160023
951415,0.9994380815184084
951416,0.9998874975373754
951417,0.3731857412762513
951418,0.9999716046252063
951419,0.9998975953096243
951420,0.10213269907255934
951421,0.9508103898421618
951422,0.8712554736922767
951423,0.9998913349126144
951424,0.9649601014239305
951425,0.5086752945646644
951426,0.9877334272252293
951427,0.99967735808109
951428,0.04891852624144301
951429,0.9993537031609212
951430,0.9991040908172664
951431,0.99983750293909
951432,0.9998441760887313
951433,0.9799393226389288
951434,0.42729105912594334
951435,0.9999790499130625
951436,0.07715555477916619
951437,0.9998801018793895
951438,0.6813497132062789
951439,0.22917232446677793
951440,0.9044306789887322
951441,0.9995602444223315
951442,0.020189788376199738
951443,0.9996462333942178
951444,0.7397508204374335
951445,0.9994512350665498
951446,0.1331270693141703
951447,0.2868926786128834
951448,0.996298239568933
951449,0.7146889559303486
951450,0.9997370525331122
951451,0.9999657646429436
951452,0.7715533273201338
951453,0.970030980972882
951454,0.04001631879345219
951455,0.9911105433050718
951456,0.024077172317624726
951457,0.3527550674898024
951458,0.3321806600353318
951459,0.9997232342125049
951460,0.9946304768148604
951461,0.027732790184394146
951462,0.08361362583615366
951463,0.999699133552622
951464,0.9997964830336371
951465,0.7623126997871874
951466,0.03744513269657435
951467,0.7992366958546678
951468,0.6806203161087538
951469,0.7442413459414055
951470,0.061734866008133556
951471,0.9992661422122847
951472,0.6012913186875353
951473,0.9993314534710489
951474,0.8898240063588012
951475,0.9990475017494617
951476,0.038324434627459714
951477,0.83436680094917
951478,0.4250351079256731
951479,0.999751915051583
951480,0.46289546903848555
951481,0.8707990569899043
951482,0.9451218041387021
951483,0.7773639771548572
951484,0.3165230071677242
951485,0.9991141724132517
951486,0.6359503372957136
951487,0.9989392248813243
951488,0.32062658724465903
951489,0.057741774228947225
951490,0.8434832759741497
951491,0.02286823376112904
951492,0.011655038564389862
951493,0.9791270746997673
951494,0.9996978519798686
951495,0.9997986599081885
951496,0.9987937094888497
951497,0.9965908991918574
951498,0.42213691126743436
951499,0.9996302858377853
951500,0.629783662552674
951501,0.9999357186896212
951502,0.9998767623251257
951503,0.7000744615503489
951504,0.9997752361457213
951505,0.9999530365397171
951506,0.1470072785761194
951507,0.31751616874990324
951508,0.9336905947080563
951509,0.9997490098228888
951510,0.12193290498209186
951511,0.9997239382842724
951512,0.01320764203407008
951513,0.8708199787914007
951514,0.5698348658823134
951515,0.8741281155012706
951516,0.9998018184508303
951517,0.007974913410791465
951518,0.8183407004098437
951519,0.9208546511771497
951520,0.9947438165564697
951521,0.005876738843483829
951522,0.9016061966614431
951523,0.999797363293415
951524,0.7257443208776252
951525,0.02587490676646563
951526,0.4803882099724903
951527,0.9999772662537514
951528,0.7532540595182053
951529,0.9989242895744135
951530,0.7870833668218217
951531,0.9087134691339561
951532,0.2934867051854584
951533,0.999462015534377
951534,0.9950261990020057
951535,0.5658032155652117
951536,0.9996962887177825
951537,0.9527584152734884
951538,0.5373641349350174
951539,0.5968110964795958
951540,0.9991686356533767
951541,0.9929938687807355
951542,0.3421200898600756
951543,0.8889843410499855
951544,0.9662899359246979
951545,0.07036756727971163
951546,0.04753516199374314
951547,0.9626021336128865
951548,0.9998568483836965
951549,0.6998261451428383
951550,0.6796459686186039
951551,0.02140899122299187
951552,0.9723460414678186
951553,0.990502993131348
951554,0.025820321742958192
951555,0.00489010558081657
951556,0.32301587179610297
951557,0.5179979953139148
951558,0.6110904164776564
951559,0.6392364897632001
951560,0.026919243484488962
951561,0.9982224135986173
951562,0.8842599186652713
951563,0.023400534449442435
951564,0.2321950604484504
951565,0.9992147182924054
951566,0.9996591232497916
951567,0.9975522684921001
951568,0.3634901272994778
951569,0.08435738511517002
951570,0.5019707280982487
951571,0.001825346423117789
951572,0.9359685142938152
951573,0.9983947467534736
951574,0.6560107804577688
951575,0.9170924577304265
951576,0.8952452342628949
951577,0.14995253917405152
951578,0.9340173589269476
951579,0.9998955433225727
951580,0.9921050640079403
951581,0.6811013465836433
951582,0.9177107220662011
951583,0.9998560943029464
951584,0.999786919750265
951585,0.2571095036364394
951586,0.16633202739470992
951587,0.9997769643694726
951588,0.28020868580252845
951589,0.821452147914374
951590,0.3517471034685713
951591,0.9631433014640595
951592,0.7711859001142792
951593,0.9999000668720146
951594,0.9998912541488977
951595,0.9691513711609585
951596,0.99973701275086
951597,0.6207159100174404
951598,0.9999686307626067
951599,0.992294462534259
951600,0.09859622095238257
951601,0.9941453149048104
951602,0.06074279829486484
951603,0.9999715381772509
951604,0.263126321049455
951605,0.9996043189619536
951606,0.5035988258707659
951607,0.999434296696295
951608,0.9978893549750554
951609,0.4618291753177942
951610,0.17773900248508345
951611,0.9925770422043996
951612,0.9994697581854264
951613,0.9999304340140394
951614,0.8580001584307337
951615,0.9538379946084037
951616,0.999924908213529
951617,0.2305209816552905
951618,0.9999607758321847
951619,0.6353266131550219
951620,0.998661193701569
951621,0.9714049282703712
951622,0.7611582315141575
951623,0.04319727836739606
951624,0.9952695396642447
951625,0.9997092760941737
951626,0.9421129713278314
951627,0.5076303988859892
951628,0.6631324568853447
951629,0.999672109616969
951630,0.7950683642954604
951631,0.9999681066808084
951632,0.9988365247755764
951633,0.8424429822926913
951634,0.9933610593770268
951635,0.04273849353684079
951636,0.43079881287987454
951637,0.9811537821734692
951638,0.7920572422375103
951639,0.9984097771915713
951640,0.9999723914772511
951641,0.02756738601394003
951642,0.3502380575911251
951643,0.9983258223350511
951644,0.9412495925646428
951645,0.6298578795651242
951646,0.9901475400729047
951647,0.9988963700778739
951648,0.05175496251281452
951649,0.5876488841573121
951650,0.9983595508161082
951651,0.3471727739479495
951652,0.997773633712197
951653,0.20128589206019376
951654,0.9999890522347432
951655,0.9751085658779746
951656,0.9576475437683285
951657,0.9994022066170452
951658,0.9942251689351915
951659,0.9981978384786638
951660,0.9998881612386932
951661,0.4017263427078622
951662,0.8741458798045045
951663,0.9993863468024382
951664,0.3429185954012968
951665,0.8651641769225555
951666,0.9836036260968446
951667,0.009039101500581957
951668,0.9999059175154416
951669,0.524763005489696
951670,0.999890400434034
951671,0.9917858597799187
951672,0.9970554380967104
951673,0.9993432327540144
951674,0.6326707623891251
951675,0.9913495908485451
951676,0.9995238788527394
951677,0.9922950289349526
951678,0.9669248584474073
951679,0.45619987587119293
951680,0.8749413470947132
951681,0.35332061910431184
951682,0.9009471930240565
951683,0.8220039486545829
951684,0.487641628731045
951685,0.9717870993645741
951686,0.503790735124519
951687,0.9180058256283004
951688,0.9996839815420696
951689,0.997999190118541
951690,0.11638123933247121
951691,0.0796255696373517
951692,0.9487427189942597
951693,0.02512685885412167
951694,0.9997968943399865
951695,0.013643621882557197
951696,0.998971561435019
951697,0.800064888034701
951698,0.06131983894387173
951699,0.8273549822968371
951700,0.36246806139542587
951701,0.9998998773990477
951702,0.9689566678138938
951703,0.40017553129382855
951704,0.10790102232481918
951705,0.7102432869049191
951706,0.10087687469149564
951707,0.07503495719683609
951708,0.9998635013439426
951709,0.9508913451927794
951710,0.18270365590310467
951711,0.8400546822538613
951712,0.2740113643784488
951713,0.9930308548084131
951714,0.952039851544592
951715,0.9206654458045701
951716,0.9981525619481459
951717,0.902390061100394
951718,0.8432408597148127
951719,0.02641635538130324
951720,0.020908001759298685
951721,0.5914046735028338
951722,0.9969658072076604
951723,0.9990655800987835
951724,0.7619555409204202
951725,0.8808676100791155
951726,0.9998558442688261
951727,0.9992713755029818
951728,0.9992720416177229
951729,0.8070070877108431
951730,0.5830666483040372
951731,0.26673501627008106
951732,0.022693129221571896
951733,0.9996211895636751
951734,0.995704321875142
951735,0.9970649298156911
951736,0.08936420894189834
951737,0.017848387179980895
951738,0.03852906138213941
951739,0.7271039072440135
951740,0.06140697424930943
951741,0.8722381374224861
951742,0.9248476978472078
951743,0.8552430134497195
951744,0.8373069786742382
951745,0.9877391131030863
951746,0.40148808584887496
951747,0.7498067640186852
951748,0.6887804028683975
951749,0.6185256356800714
951750,0.13597178138920699
951751,0.8734456705426865
951752,0.7159030292140133
951753,0.9999839014479719
951754,0.17173039642498758
951755,0.9240167823872012
951756,0.9973069303321843
951757,0.7651693742772101
951758,0.06261269429917866
951759,0.06886794550439708
951760,0.0459635135199893
951761,0.7730150759828607
951762,0.9943698557683475
951763,0.9980804741399953
951764,0.9997672381096467
951765,0.4811625110867925
951766,0.025752567059898594
951767,0.42457586543174786
951768,0.91669547909213
951769,0.9995783624213677
951770,0.5687127351578701
951771,0.9997360160689686
951772,0.7119571475395876
951773,0.9979404493922648
951774,0.9014039039056683
951775,0.00532032308881157
951776,0.9992343122487766
951777,0.6272115184327611
951778,0.9999072784853983
951779,0.9979012471472601
951780,0.3441893225228625
951781,0.9711118608729246
951782,0.9991385182989065
951783,0.38380616092129693
951784,0.5606592537946379
951785,0.22533461545454941
951786,0.007134615335968047
951787,0.11088416568610086
951788,0.19776812548178743
951789,0.4494836508619711
951790,0.9998372442735516
951791,0.9998402136181532
951792,0.014318945073118521
951793,0.9170420507174245
951794,0.05531481012659338
951795,0.3692609658311587
951796,0.8635563702919999
951797,0.9991328020406784
951798,0.9996777666645572
951799,0.9888194648686431
951800,0.016724499401235684
951801,0.049031157959153
951802,0.9991041675764131
951803,0.9999727099645179
951804,0.3523840024760939
951805,0.8591684136765965
951806,0.4374343316881729
951807,0.9998864929584057
951808,0.9997797529670545
951809,0.9995991015286976
951810,0.9995916871124424
951811,0.9854265302590872
951812,0.32807985103385173
951813,0.9772782086093523
951814,0.9997740076524531
951815,0.8204487634824473
951816,0.0872439105944135
951817,0.9224814131402402
951818,0.9983751586338876
951819,0.970980717523934
951820,0.9996698429099147
951821,0.9934011397073228
951822,0.9890268385160719
951823,0.27994129554090674
951824,0.6643991314950247
951825,0.47954462144325294
951826,0.24162469528864144
951827,0.9942606849736271
951828,0.5661375732175927
951829,0.3083839499793172
951830,0.9954759871046983
951831,0.09121005158482076
951832,0.9999417032960473
951833,0.002713149150516201
951834,0.6948229281511716
951835,0.9997068339355294
951836,0.09406405375267439
951837,0.9998336478146759
951838,0.33948733110443086
951839,0.998523629655535
951840,0.999801202321003
951841,0.999603282316784
951842,0.036961019430839154
951843,0.9930632747176393
951844,0.9996678332893207
951845,0.9801332373592548
951846,0.16793684701215572
951847,0.9986313165017098
951848,0.9153203248814581
951849,0.020803361540334964
951850,0.43668078911118674
951851,0.8752928109075291
951852,0.999980575701608
951853,0.3658139723731175
951854,0.2713578643833417
951855,0.03259176911765281
951856,0.9982446264556619
951857,0.9968889647949181
951858,0.5400249631401443
951859,0.9999313801679774
951860,0.9954309238686432
951861,0.7016904295197885
951862,0.5464120201247863
951863,0.02318034156167486
951864,0.8658600299856651
951865,0.9995923952262842
951866,0.44834236304711217
951867,0.23114988760654723
951868,0.6041087702362057
951869,0.11133947288496665
951870,0.9955207121863456
951871,0.9634408026731744
951872,0.8929752774099772
951873,0.8961134589259225
951874,0.9946623166621287
951875,0.7735420500355918
951876,0.8453073100577371
951877,0.9995616171338775
951878,0.4240269865300683
951879,0.6596453990078006
951880,0.9913177059913668
951881,0.6668305311606549
951882,0.9072488086288101
951883,0.9996500132087288
951884,0.6247444278794321
951885,0.5942699168116462
951886,0.0630020803908688
951887,0.9400238318164462
951888,0.9923547553476506
951889,0.9993574608967721
951890,0.3108350004630573
951891,0.9961088619146552
951892,0.06970570961174934
951893,0.2220580995063521
951894,0.9995752687866065
951895,0.047515297924415584
951896,0.9628359347015524
951897,0.030434949863614315
951898,0.9999817732647944
951899,0.999107632126623
951900,0.1096503204177707
951901,0.9996407284007087
951902,0.9988512638827725
951903,0.028029409425308183
951904,0.24130380686058386
951905,0.9520311873412838
951906,0.997888528165349
951907,0.999482524303589
951908,0.5210915108458787
951909,0.03823535898693925
951910,0.03152594257577698
951911,0.1051798929852353
951912,0.9997677390414794
951913,0.47199159894885956
951914,0.9281166905534228
951915,0.9998454367253897
951916,0.556754132409979
951917,0.7794315391504025
951918,0.9998714245620672
951919,0.7400371839216344
951920,0.829682331853984
951921,0.999919032101434
951922,0.06358724803833146
951923,0.9996110699650014
951924,0.8125016237916503
951925,0.2057273853603786
951926,0.5888305846353807
951927,0.9829434617902802
951928,0.989833268358983
951929,0.9987233637703832
951930,0.5806611265425181
951931,0.9996988494677381
951932,0.7452303858542867
951933,0.37601088606379157
951934,0.9311086296766773
951935,0.343718052491055
951936,0.28344726088015165
951937,0.8809692075381541
951938,0.6825588373485267
951939,0.9727707995216814
951940,0.9904008919968337
951941,0.8329226546874366
951942,0.9999787683333352
951943,0.5216621066393468
951944,0.4417329925138677
951945,0.9999680370856874
951946,0.747439648625176
951947,0.9999442685494696
951948,0.9998903751430224
951949,0.13645441111754694
951950,0.9242446441651748
951951,0.4838973923489712
951952,0.45800859663145355
951953,0.9676937145824462
951954,0.4355096549812769
951955,0.03767194259631257
951956,0.2687976942334081
951957,0.9994233266220621
951958,0.9998310409360571
951959,0.6341775962531161
951960,0.9972772700868846
951961,0.7839982452761945
951962,0.983714298224269
951963,0.9997383195498664
951964,0.2668046127660954
951965,0.9996975584574526
951966,0.5299349921618115
951967,0.9991781460753102
951968,0.44384986595541814
951969,0.9539708372367817
951970,0.7208186282785144
951971,0.7538590099308595
951972,0.9998921804010054
951973,0.33125384733755936
951974,0.9995984150457518
951975,0.5530416042609025
951976,0.9996311666240354
951977,0.9844813005898494
951978,0.06053563679057027
951979,0.9987095836341595
951980,0.9848001229840747
951981,0.5564381259733866
951982,0.9956619357622307
951983,0.9994726761012352
951984,0.9998571678401937
951985,0.007725533974601008
951986,0.9888304340799507
951987,0.999620927795613
951988,0.9999455914251605
951989,0.825985098517164
951990,0.45379292341486144
951991,0.9943910976837678
951992,0.9289657903906361
951993,0.8787348064573374
951994,0.5941261801690049
951995,0.2749548977848041
951996,0.9995639616539864
951997,0.7756631092287187
951998,0.22246187183283628
951999,0.2518961082881443
952000,0.019933144625938638
952001,0.45783950482990704
952002,0.4774889489521309
952003,0.8306734944747154
952004,0.99916709369458
952005,0.9995897387710375
952006,0.06152363379284839
952007,0.6308773523578058
952008,0.8800624990792273
952009,0.9615871723209589
952010,0.018458342684842293
952011,0.6031025985562092
952012,0.999857942244611
952013,0.9998349216979526
952014,0.4609085365958483
952015,0.9879038235381219
952016,0.08566160513300138
952017,0.9912788383031517
952018,0.9928228802888657
952019,0.9998027282432508
952020,0.9269542455552441
952021,0.9999819418886742
952022,0.008235538374614016
952023,0.01023669850028585
952024,0.9891901902897517
952025,0.9272597933947399
952026,0.7531691239556062
952027,0.9798969659107106
952028,0.2673268514124345
952029,0.9999675282039169
952030,0.9992637420475565
952031,0.999762572109822
952032,0.9991874984740771
952033,0.541826720990705
952034,0.9992728238265627
952035,0.03542445815255019
952036,0.4994088284355702
952037,0.9999866690774469
952038,0.9961199706775038
952039,0.9943250335556582
952040,0.995387635915766
952041,0.9998809229303837
952042,0.5201987774816234
952043,0.9999551334909876
952044,0.6614839788196026
952045,0.9998067488914977
952046,0.15819502517609196
952047,0.9997729583380828
952048,0.2879953142116487
952049,0.9892929975418203
952050,0.9998318071174845
952051,0.0959839837621757
952052,0.008238592421749848
952053,0.01187153129863539
952054,0.9999708065848781
952055,0.9983358815855939
952056,0.14387647070737636
952057,0.9340142657063142
952058,0.7757798271193239
952059,0.021601627321842957
952060,0.41924531706779733
952061,0.022667445834207503
952062,0.5588449877222745
952063,0.24068375699182798
952064,0.013656864036653796
952065,0.2532447353163747
952066,0.5676790610923917
952067,0.19818071525673087
952068,0.4862994953131794
952069,0.9983760076980515
952070,0.9885632171951975
952071,0.9993153753940273
952072,0.5309037302823547
952073,0.998339321865682
952074,0.29384455935585707
952075,0.9967056262042477
952076,0.9690797953881208
952077,0.14164786401690613
952078,0.9997732884105643
952079,0.9325569106987837
952080,0.22384952891283794
952081,0.10735952985670512
952082,0.999968055698597
952083,0.7493080880017615
952084,0.9987346361783256
952085,0.9996768261459968
952086,0.9991365658134512
952087,0.378117963259536
952088,0.874212998312161
952089,0.05602688500767293
952090,0.007345766819824077
952091,0.5863102562978659
952092,0.9996297396719013
952093,0.1501623257661198
952094,0.038904479190180585
952095,0.9923245227999946
952096,0.7881133970619618
952097,0.9999782880078129
952098,0.38113289730550637
952099,0.9997457324806943
952100,0.9994062248886442
952101,0.933989832724144
952102,0.061843968676978674
952103,0.04034039095429849
952104,0.31904570416431943
952105,0.7297692204231503
952106,0.8876490648155214
952107,0.9991882138698472
952108,0.7383138825773888
952109,0.025765085498267712
952110,0.911458445910758
952111,0.9452361683219752
952112,0.9954156738985784
952113,0.6014799501508852
952114,0.9824803008001965
952115,0.046148443553346644
952116,0.999982521757276
952117,0.16797441058213972
952118,0.7579490214412372
952119,0.4094270221615164
952120,0.9993965470012829
952121,0.7078145804630194
952122,0.5760585901616229
952123,0.13702778489896666
952124,0.998627591366392
952125,0.44929906413333653
952126,0.9678770163845414
952127,0.7524304128345805
952128,0.8752502754881752
952129,0.20203030207908265
952130,0.9998812733878018
952131,0.9994606626819462
952132,0.45578873556450605
952133,0.12583815437021842
952134,0.9865198289634893
952135,0.35896937145892427
952136,0.995788746712855
952137,0.5000409854210277
952138,0.028720140879056347
952139,0.9990549337319004
952140,0.054324416328816294
952141,0.8324148588747234
952142,0.9997218192213586
952143,0.9817305213246552
952144,0.9984385644923772
952145,0.9993379825287104
952146,0.9996142478135484
952147,0.8624467626447572
952148,0.9998209226944876
952149,0.045555880797884106
952150,0.9747261109770491
952151,0.41698750071372603
952152,0.9999586895235656
952153,0.9432815424593903
952154,0.9999888960069685
952155,0.8432536018280782
952156,0.9999377616090755
952157,0.023830390713724132
952158,0.11476675043288673
952159,0.9935431771249802
952160,0.8130764035286109
952161,0.9996662855240537
952162,0.4315035261096492
952163,0.3106347933985988
952164,0.9674051679298403
952165,0.01187790078718606
952166,0.9982858218723202
952167,0.9896150406516335
952168,0.9999419768534907
952169,0.9727429311442555
952170,0.6388059827284562
952171,0.2676573590338582
952172,0.9977739424612418
952173,0.10530516409362417
952174,0.9313930701509157
952175,0.006130382409853907
952176,0.5451803386712626
952177,0.9998611402365695
952178,0.5180449675593062
952179,0.03727549219573394
952180,0.9999332211901613
952181,0.9996905541320812
952182,0.6426763888231751
952183,0.07319877387500602
952184,0.36729591522524235
952185,0.6216412190947014
952186,0.012593062745375236
952187,0.9992717301816103
952188,0.4654632930756819
952189,0.9934196617511686
952190,0.6551704288594249
952191,0.9527386948503163
952192,0.23135271781053757
952193,0.44725474289769046
952194,0.38593679046716045
952195,0.9504630850875593
952196,0.9945234389260696
952197,0.09852131768865602
952198,0.322764836944373
952199,0.9990080459358228
952200,0.9999427891313623
952201,0.05776886533876019
952202,0.9989238091327014
952203,0.42838036304613814
952204,0.9984149716077119
952205,0.8991877792326467
952206,0.9996148811908003
952207,0.21313802251907865
952208,0.385344936344609
952209,0.7412786495884636
952210,0.7185586945569339
952211,0.44765692932147283
952212,0.8205322274512384
952213,0.9999408143067541
952214,0.9995013139857792
952215,0.12004121430990405
952216,0.6772712864651989
952217,0.742285873907981
952218,0.9936572183237984
952219,0.9969468421554172
952220,0.9671808877848931
952221,0.8448333937084689
952222,0.9994468878562289
952223,0.8934743727522739
952224,0.999130763356028
952225,0.8492043876791201
952226,0.751147955684097
952227,0.9997894376430168
952228,0.9991911114867311
952229,0.19944034574775446
952230,0.9966649983940297
952231,0.9585293582486079
952232,0.9997897321235972
952233,0.9993197974323696
952234,0.9967667767657901
952235,0.04038531191643035
952236,0.8080228549187201
952237,0.7522108972246797
952238,0.9999624152395703
952239,0.70648225086078
952240,0.22920360801840067
952241,0.9474550571560132
952242,0.9999717825377663
952243,0.9987315415266522
952244,0.8669570615299625
952245,0.9998813001983178
952246,0.995342396010936
952247,0.010206778950286745
952248,0.9999110767565729
952249,0.9997969890315448
952250,0.054670317732500515
952251,0.992397264098454
952252,0.9999948712783393
952253,0.9902289438505649
952254,0.9995460312289555
952255,0.9986861915506882
952256,0.9472205221393636
952257,0.9868803001118414
952258,0.015016365887729262
952259,0.9997392086971895
952260,0.9998578566859735
952261,0.992640136643853
952262,0.9383433978049494
952263,0.4673782529403594
952264,0.015597816109755285
952265,0.9549680198034309
952266,0.9999644278479819
952267,0.9966801771880947
952268,0.9620062798903968
952269,0.9994696714226187
952270,0.6794799944054002
952271,0.5731220353567048
952272,0.9983343552020885
952273,0.9997293030074939
952274,0.7050724204043168
952275,0.8731142719706803
952276,0.9993185250407722
952277,0.999239963962381
952278,0.6465805075856845
952279,0.9968346558291996
952280,0.9960419393064953
952281,0.5100404724604716
952282,0.8196056391652746
952283,0.9998255229678974
952284,0.995164624748303
952285,0.9966779791661113
952286,0.8196595787113392
952287,0.048688889489714664
952288,0.9954798051404907
952289,0.9997077110479048
952290,0.11322246205431075
952291,0.9960256392678886
952292,0.14939693623805125
952293,0.08935504726076018
952294,0.9560502862896137
952295,0.9978045110743883
952296,0.9723867363606813
952297,0.9789270796976726
952298,0.8593704090533802
952299,0.9630665789716046
952300,0.9562296045275028
952301,0.9999757977563741
952302,0.10901272231188253
952303,0.9995567542183356
952304,0.045365546873736035
952305,0.983207733278985
952306,0.893599876511608
952307,0.7514045806889346
952308,0.9841453057330765
952309,0.9936711523760413
952310,0.9999634097587936
952311,0.7192228167365136
952312,0.9998317763162337
952313,0.9247471542348484
952314,0.999847847561314
952315,0.7029538771933843
952316,0.808969298375859
952317,0.7964621005598262
952318,0.9996887196586134
952319,0.7947882500974209
952320,0.86672241644957
952321,0.9997703990462716
952322,0.9962880410337491
952323,0.9999104832948835
952324,0.19432393245832355
952325,0.9941235542738598
952326,0.031252785699354635
952327,0.46895115652015085
952328,0.2137125795004195
952329,0.7808979774776055
952330,0.9995090029776047
952331,0.9907251942915878
952332,0.28343998113816093
952333,0.4633476345944268
952334,0.7997485842523145
952335,0.08975747370752937
952336,0.925672470825196
952337,0.9999482234767179
952338,0.15662778413593267
952339,0.49038793932183555
952340,0.9999957759953882
952341,0.9997886270946236
952342,0.9990456663476511
952343,0.969081406294866
952344,0.15962099557657286
952345,0.9995432108530143
952346,0.20312443676617514
952347,0.998300258136632
952348,0.913487874047139
952349,0.8345359687581337
952350,0.9936279175783256
952351,0.036179734731636354
952352,0.1570457392938885
952353,0.9998941567512247
952354,0.9999475868405564
952355,0.9988601165244118
952356,0.2180658728762786
952357,0.9978810354927253
952358,0.9892279776615808
952359,0.021023791131410473
952360,0.021402690208548944
952361,0.001780354085958989
952362,0.9955650407197717
952363,0.838114853876053
952364,0.40510650201184467
952365,0.9922880483553803
952366,0.9944450763642452
952367,0.5423353765418333
952368,0.9995400061293189
952369,0.9995489245678877
952370,0.7125726983821291
952371,0.993542542615168
952372,0.11414254231148094
952373,0.05414670776874232
952374,0.9990581548400022
952375,0.8523214792652234
952376,0.06417886396538466
952377,0.9929550965483834
952378,0.9997686341315991
952379,0.9997236101972136
952380,0.7795652514414799
952381,0.9785390590804252
952382,0.6931159329663938
952383,0.8724231913880482
952384,0.7142195282494059
952385,0.6528477750727196
952386,0.859609867503312
952387,0.9388742306353398
952388,0.9965669389004674
952389,0.8349210514381465
952390,0.9690146732529634
952391,0.08669341723030334
952392,0.9993812996528801
952393,0.19191966084088546
952394,0.9997897843048902
952395,0.2786307161744342
952396,0.9140602585975794
952397,0.9942696290236642
952398,0.9634066064062197
952399,0.9983323938401689
952400,0.9986601389931475
952401,0.9998781755765642
952402,0.999900518541409
952403,0.9999809591250853
952404,0.9421742011544294
952405,0.439997539864275
952406,0.9999379036278058
952407,0.9953613979972253
952408,0.269944992264739
952409,0.9435573043387812
952410,0.02448895105477928
952411,0.5738262682908429
952412,0.9591280337828549
952413,0.029688415835891824
952414,0.7146793627154284
952415,0.99934301351202
952416,0.9247894690236063
952417,0.8035205514618913
952418,0.9970202532862639
952419,0.7643055562262892
952420,0.09704298660771704
952421,0.9431777188430339
952422,0.9810721080568652
952423,0.2990325189293399
952424,0.0329007566468662
952425,0.9945951956148873
952426,0.9987413650503789
952427,0.998346467420355
952428,0.9972012213567131
952429,0.9845575768059427
952430,0.8396430287391701
952431,0.9083290646915748
952432,0.9957853399533743
952433,0.5416661327303781
952434,0.5807179315020714
952435,0.8847341825870302
952436,0.023391759947748367
952437,0.9959627914365714
952438,0.006124502299455408
952439,0.5858493993149954
952440,0.720185743461385
952441,0.11760476894702179
952442,0.45353582667270415
952443,0.9573863380711212
952444,0.9998222166749926
952445,0.9894786249687345
952446,0.7756551267696662
952447,0.999929227854164
952448,0.8263842000530368
952449,0.9630575679451985
952450,0.11237482720980635
952451,0.9967550730246769
952452,0.15680204580874788
952453,0.9997395700243592
952454,0.9343945602122532
952455,0.03317254709878869
952456,0.9992124359956658
952457,0.9996614164461468
952458,0.9999609326086311
952459,0.7153485258560417
952460,0.9837495512641794
952461,0.8569920609357463
952462,0.8656684057665083
952463,0.9962674246601972
952464,0.9967373912683019
952465,0.99675734841451
952466,0.20969807703453072
952467,0.01978213107912581
952468,0.07405301696312788
952469,0.1006133223435283
952470,0.8438386013005952
952471,0.9999602265047867
952472,0.9999765659584545
952473,0.9919754268709429
952474,0.9167465196691015
952475,0.9940699449585781
952476,0.9895543607030491
952477,0.999747965701159
952478,0.49704058306884114
952479,0.0939165421746507
952480,0.7393942245428191
952481,0.892404366363236
952482,0.99929323461893
952483,0.03380537595713247
952484,0.9981778822974823
952485,0.9879525372725195
952486,0.3734275919071871
952487,0.47478775118427197
952488,0.9999893052724297
952489,0.9911573973943733
952490,0.28477193725907524
952491,0.9996167429581508
952492,0.6379874882735284
952493,0.06914341378886096
952494,0.3058562296573425
952495,0.7130919019465247
952496,0.9999544965908057
952497,0.7316932645878118
952498,0.997900650359701
952499,0.9999706680051468
952500,0.5611550899099558
952501,0.9971569314308398
952502,0.9991432439257061
952503,0.9564307716822701
952504,0.11359909969694518
952505,0.28321507629061904
952506,0.7805108967857494
952507,0.9996356827966182
952508,0.8972505563121299
952509,0.6859704379465705
952510,0.48489518240779045
952511,0.8698382611025144
952512,0.10604397357316139
952513,0.3142090558714896
952514,0.9998954015964998
952515,0.006299969439288712
952516,0.9867904578337204
952517,0.9996989519164794
952518,0.27734742330130074
952519,0.07624833972765316
952520,0.6867731429615964
952521,0.9910483906101287
952522,0.4260513284695462
952523,0.9998397841104718
952524,0.9994049095877233
952525,0.9809565509403313
952526,0.04986354383940036
952527,0.9998288477518965
952528,0.9981445456578908
952529,0.999966239831804
952530,0.9729148372241887
952531,0.9667933905915045
952532,0.9951670815989461
952533,0.4360871140605962
952534,0.9992942350466341
952535,0.43704344913025983
952536,0.9999913637177184
952537,0.6204469838889127
952538,0.11287054038235
952539,0.4767592459031352
952540,0.07977059563604648
952541,0.9884189166453432
952542,0.9843516332981194
952543,0.02933296242323937
952544,0.9997640186517365
952545,0.793791046101993
952546,0.9972557245639384
952547,0.6533584919804897
952548,0.2250348038249117
952549,0.9983223785877521
952550,0.7253297493157589
952551,0.32825031921235115
952552,0.308258175480493
952553,0.9997964263297026
952554,0.6744611745292981
952555,0.9999844519730146
952556,0.9958403095673434
952557,0.0380183472227734
952558,0.996742503143043
952559,0.23953462527710376
952560,0.5030293028999597
952561,0.15082859660345163
952562,0.7721880519658039
952563,0.11467705321204055
952564,0.26864022528103365
952565,0.4570418694097677
952566,0.7560586135385545
952567,0.6522628851325056
952568,0.9993637576397936
952569,0.9619505509113028
952570,0.8174014301350361
952571,0.7550821215886502
952572,0.9998778579904333
952573,0.9998668792464414
952574,0.2952063329042921
952575,0.9084742386223221
952576,0.809096270830495
952577,0.31956022000478024
952578,0.9995784848585765
952579,0.999973024304618
952580,0.8305533843973665
952581,0.9892696002749937
952582,0.9997485944327158
952583,0.02898377643473035
952584,0.9816459445658693
952585,0.2999586333247356
952586,0.9900159273445936
952587,0.9989532924457395
952588,0.9212786704805003
952589,0.04465544041336199
952590,0.3507077878657505
952591,0.9797047394632961
952592,0.9998126459439165
952593,0.06929976007430462
952594,0.9865086458134706
952595,0.9892885834677422
952596,0.9999959706495133
952597,0.6957796139567145
952598,0.984683789832153
952599,0.13017266775014683
952600,0.8596852698535085
952601,0.030292998578210655
952602,0.9998656473359049
952603,0.4247223756935582
952604,0.32862500916380366
952605,0.9959828052476359
952606,0.006450313883745165
952607,0.04113498486950594
952608,0.9998559687712505
952609,0.021717099595945387
952610,0.9999490821242305
952611,0.3765136572257236
952612,0.5285057038651075
952613,0.9990067080959603
952614,0.9996695860001541
952615,0.9996581374604554
952616,0.12728062534546672
952617,0.058058587202775624
952618,0.13853656068535306
952619,0.9689545907970523
952620,0.10824913115221549
952621,0.9988256748055364
952622,0.9998967794699924
952623,0.5081783307411875
952624,0.1087638214282143
952625,0.5008619412708271
952626,0.03777412845284385
952627,0.2652324768719221
952628,0.9538176670137638
952629,0.9867913378737811
952630,0.9726837867664775
952631,0.9437575278413659
952632,0.9932892115911606
952633,0.7109753851175429
952634,0.3738651599841192
952635,0.491935458218186
952636,0.06656453235760848
952637,0.9888608949044351
952638,0.999863322101738
952639,0.9980365094113743
952640,0.9954385129925072
952641,0.005757853450049878
952642,0.9973461349988579
952643,0.9998793868314524
952644,0.5578433194007836
952645,0.9989066964460664
952646,0.9207383136164964
952647,0.1569907383271889
952648,0.7365626395804834
952649,0.8192288998585627
952650,0.9989855845497759
952651,0.9350678997458988
952652,0.8326219886771113
952653,0.9999831533523772
952654,0.1256447719017091
952655,0.029109438815222898
952656,0.9990951744482499
952657,0.9606239208643074
952658,0.9999295299124067
952659,0.2627976259270222
952660,0.5977483715054012
952661,0.9747459190095389
952662,0.07398195081590149
952663,0.9772470447934577
952664,0.9993462266175734
952665,0.45181776148383485
952666,0.43644263185697196
952667,0.16287828933839493
952668,0.9998621164745913
952669,0.9992086351154826
952670,0.014822483645650532
952671,0.9925220571172354
952672,0.7980688140823409
952673,0.9998172556843669
952674,0.9908347153244479
952675,0.47953391626270137
952676,0.2009803250742221
952677,0.9757055656461904
952678,0.9971169961423744
952679,0.9981836625488619
952680,0.9951459468958097
952681,0.7935084187678979
952682,0.9990888972931593
952683,0.48785692830623417
952684,0.9668045186861425
952685,0.13045712656031982
952686,0.9992901477062641
952687,0.983970230038431
952688,0.9716452436852763
952689,0.23107818040356926
952690,0.9982804947291282
952691,0.49165528316188983
952692,0.6420726765874554
952693,0.05954805829620489
952694,0.8647688284070371
952695,0.014773474775223314
952696,0.4417598542547826
952697,0.0461257905433645
952698,0.9999079971143832
952699,0.44072401428180313
952700,0.9770128005959411
952701,0.5361164627686841
952702,0.5658500066050225
952703,0.024596784223874357
952704,0.45375884984167186
952705,0.6296540747133892
952706,0.9165305221334138
952707,0.9997757002216887
952708,0.9990847256855907
952709,0.09198569296967435
952710,0.9996057555387912
952711,0.9991535122850412
952712,0.9997271146753537
952713,0.5463786257910287
952714,0.9801538848760614
952715,0.6471227569175568
952716,0.9230699954704837
952717,0.03533609847169995
952718,0.7718738693870917
952719,0.01183293406086413
952720,0.004661527367147937
952721,0.48310030445358576
952722,0.9991234323746807
952723,0.8465148333932135
952724,0.46192726910027126
952725,0.9957212191016209
952726,0.7263363749135195
952727,0.9996505907423957
952728,0.8400436538007079
952729,0.9998036967091576
952730,0.9998849385988411
952731,0.9988863116867825
952732,0.5876389073323733
952733,0.9997810019483884
952734,0.5581594819417872
952735,0.9999451998136818
952736,0.297423355990603
952737,0.07324044576426059
952738,0.786427811739382
952739,0.5944151172395443
952740,0.9998420249909937
952741,0.9999723166869745
952742,0.9984305508525989
952743,0.17777836419147802
952744,0.9988784915972644
952745,0.9933936167777124
952746,0.9994877877886605
952747,0.49094910704098393
952748,0.9818138789679737
952749,0.017150553399000235
952750,0.9983657653332206
952751,0.1448583281119869
952752,0.9999026069971544
952753,0.9992662900846606
952754,0.9998833744292244
952755,0.7628986779047741
952756,0.018074140044687464
952757,0.021884386824528913
952758,0.9999818222628579
952759,0.999972339024352
952760,0.9962385901900574
952761,0.9710652309324693
952762,0.9565761745291439
952763,0.3957698660410973
952764,0.06369132438866996
952765,0.06275785247201657
952766,0.6669824707539771
952767,0.02860191801152623
952768,0.9153464546011855
952769,0.4551361596688517
952770,0.9998454955061559
952771,0.08511288312501264
952772,0.9953486807269549
952773,0.6736298229667598
952774,0.10338117258408705
952775,0.9837614513094411
952776,0.029488385854061383
952777,0.6419087680033094
952778,0.9319265758245939
952779,0.7273393702046133
952780,0.999969058558277
952781,0.9969445682108575
952782,0.8812102706768685
952783,0.9998857361295077
952784,0.9966890233202317
952785,0.9953575335866003
952786,0.6002243201540617
952787,0.6153982624354354
952788,0.9993527902741658
952789,0.4262119606020761
952790,0.8752133533817412
952791,0.13752886731118152
952792,0.07887525352855872
952793,0.9996200023234811
952794,0.999472940917886
952795,0.9705442784722829
952796,0.807741579479744
952797,0.9757114902321427
952798,0.10662839575070704
952799,0.04480040916237444
952800,0.9994450255143686
952801,0.09368424068547321
952802,0.9906788656792038
952803,0.7929889269992578
952804,0.955295030657415
952805,0.9997452748977715
952806,0.9999791920672827
952807,0.9703335049774441
952808,0.17889301039933775
952809,0.12529829228313605
952810,0.3679055870078268
952811,0.4168254107737413
952812,0.9996937055485556
952813,0.9744532768531178
952814,0.053671253067982615
952815,0.9998241502154739
952816,0.5432711455526797
952817,0.9997866996265943
952818,0.9403249112829801
952819,0.016208091895584163
952820,0.7358460787810611
952821,0.021124235914820558
952822,0.8228028393210511
952823,0.4115160907355848
952824,0.2686107302663039
952825,0.7578973890225887
952826,0.8611193278347011
952827,0.6981848825336027
952828,0.9989902332043266
952829,0.6918367291475025
952830,0.024272127398063205
952831,0.9945426879006286
952832,0.9999708262773264
952833,0.9983465559217348
952834,0.9999347851454583
952835,0.9998168234347348
952836,0.010375810960557064
952837,0.9997021407934954
952838,0.06405936569926388
952839,0.06799316657078519
952840,0.9986596447671522
952841,0.9158897610838204
952842,0.9995653178454377
952843,0.6425807863469867
952844,0.9994551600705635
952845,0.9210562110060783
952846,0.9798809141504069
952847,0.8028446940708354
952848,0.9009898440447119
952849,0.9997211102042121
952850,0.0015820835168701647
952851,0.4966751203046488
952852,0.5772638092933795
952853,0.5134027497994496
952854,0.9997645976030399
952855,0.031133811835141068
952856,0.9843336761322379
952857,0.022662967009726497
952858,0.702058755114372
952859,0.994805506091983
952860,0.09703294804590845
952861,0.7393724160204753
952862,0.9999020830166143
952863,0.5140608087133985
952864,0.14619217966647755
952865,0.9998995952581842
952866,0.9067686327039389
952867,0.6304561041686629
952868,0.9999682107098786
952869,0.9921756517080196
952870,0.0065035910026897525
952871,0.3393965112750289
952872,0.9961724616698632
952873,0.9998835968277275
952874,0.9903049073797104
952875,0.4727370032166432
952876,0.999108792749774
952877,0.7959645807991379
952878,0.9998733760472925
952879,0.327402806884127
952880,0.9990016894443361
952881,0.25537763020402254
952882,0.25834947650226875
952883,0.9993933917344432
952884,0.999934211579591
952885,0.8512979073143526
952886,0.8343489524957777
952887,0.7078409324133016
952888,0.9973568996538216
952889,0.9966777248589138
952890,0.8811535088686324
952891,0.05499027003652093
952892,0.6241257372263145
952893,0.8010828674224416
952894,0.9824479252983286
952895,0.01227115059402956
952896,0.9894562915364866
952897,0.708866936355816
952898,0.9435547306223783
952899,0.6915213618138132
952900,0.7201453904853556
952901,0.7482310851579643
952902,0.45205459288016603
952903,0.4499393523893707
952904,0.9696571228707593
952905,0.9999839151124588
952906,0.0039035882299531272
952907,0.30711382344302346
952908,0.6231485525102838
952909,0.38312110536265
952910,0.9990666419026077
952911,0.9999405674284685
952912,0.0069197501816349065
952913,0.9910186966700868
952914,0.9988332935663864
952915,0.9969571812378475
952916,0.1642355567219354
952917,0.9950091616774908
952918,0.2941847779828588
952919,0.9999719412938852
952920,0.9999647171354488
952921,0.6333968589472264
952922,0.7434624517993098
952923,0.03284017522780433
952924,0.01924711103884774
952925,0.9999414037229293
952926,0.9989961452737603
952927,0.007476384108104061
952928,0.9989271908662241
952929,0.35168202213256894
952930,0.01750632625407302
952931,0.21383429414069793
952932,0.9990344946748536
952933,0.7056921005225081
952934,0.9998025712964009
952935,0.04141618622873781
952936,0.10991587960156754
952937,0.3226297222385434
952938,0.10152406394257914
952939,0.9998557302315692
952940,0.14518246759939185
952941,0.1048016705234886
952942,0.388224122333115
952943,0.5784470813724664
952944,0.1424071289153457
952945,0.3251616417431824
952946,0.9893248783332478
952947,0.9991185576936183
952948,0.317836242150648
952949,0.9997384513931813
952950,0.024539919802373997
952951,0.9999533998185478
952952,0.9999566448365385
952953,0.8181417170871053
952954,0.9999504732421786
952955,0.5986860064038694
952956,0.9994170080675464
952957,0.1317824903167418
952958,0.24359849808988351
952959,0.9582762970541677
952960,0.9918334082402063
952961,0.9982292812351987
952962,0.8261766307254658
952963,0.999318687684855
952964,0.7766608916109503
952965,0.9998050701597962
952966,0.15890353493531215
952967,0.046720696570060095
952968,0.6911965469679703
952969,0.9999586876192118
952970,0.999772424416554
952971,0.9820692929313509
952972,0.7997426963798769
952973,0.9941543296706026
952974,0.9990022226146531
952975,0.9849771848944537
952976,0.7072940519703957
952977,0.6086526964745322
952978,0.9823010530778555
952979,0.9999290882307151
952980,0.9855193363929343
952981,0.9284468921471626
952982,0.9993664427540829
952983,0.999749359122702
952984,0.650559592981166
952985,0.1905333977699875
952986,0.9972787666385421
952987,0.999876161800237
952988,0.9831732094015999
952989,0.9992384191660248
952990,0.9814464673173079
952991,0.14879504031526558
952992,0.019866433209575724
952993,0.6669255256169928
952994,0.12500227055995455
952995,0.4733190971595592
952996,0.8966885707036717
952997,0.027753146711043335
952998,0.8790916402378144
952999,0.8135416207102768
953000,0.4384187380523731
953001,0.9999166229802072
953002,0.9925060139907919
953003,0.9996310237097861
953004,0.01936818230890671
953005,0.9992148757160888
953006,0.14784368228424366
953007,0.9999229419022342
953008,0.9999035532682923
953009,0.9663393965332503
953010,0.9990979326275753
953011,0.8681011867954787
953012,0.985513298913428
953013,0.22153824960851526
953014,0.27107458346197666
953015,0.9958284535148736
953016,0.5852753822219534
953017,0.07840749103557798
953018,0.2317772993726224
953019,0.14385114868202378
953020,0.20464592408429602
953021,0.3830451592080303
953022,0.9997202831169949
953023,0.7927306764385609
953024,0.7744280729294262
953025,0.9706103820525744
953026,0.23189811412757935
953027,0.9994691809541898
953028,0.15263339323337238
953029,0.971097749441663
953030,0.3895466202392395
953031,0.9954280998765228
953032,0.9017002259203597
953033,0.7737480906274459
953034,0.9999944576755999
953035,0.9166376651653595
953036,0.8350892720422344
953037,0.9998908859238675
953038,0.49755776211450076
953039,0.9998061851121949
953040,0.6434084411899353
953041,0.9819504850792333
953042,0.9997455081081139
953043,0.9985193777233492
953044,0.9793314198189033
953045,0.528410802050305
953046,0.9995153739103733
953047,0.01702089342562298
953048,0.2479606261826559
953049,0.9997946354173268
953050,0.011567912766493538
953051,0.9967526884326039
953052,0.7462249351480297
953053,0.9702420767301149
953054,0.006077481396616613
953055,0.9993515482298365
953056,0.0035714283334543837
953057,0.9993393481179802
953058,0.842287731674283
953059,0.9280295408135455
953060,0.970642852150497
953061,0.9999586127463667
953062,0.9988940581197998
953063,0.9999255759413324
953064,0.9999044752811751
953065,0.4645461921727736
953066,0.44581389252550374
953067,0.9395050164063056
953068,0.9922361219412194
953069,0.38167093223067894
953070,0.9849114354820523
953071,0.978444164251917
953072,0.8229083849673873
953073,0.35340637475879133
953074,0.9999935117034968
953075,0.9999141877535789
953076,0.8073151838227377
953077,0.4442213444298972
953078,0.08674060806700995
953079,0.06050010240809181
953080,0.9999620065073453
953081,0.09614122268897864
953082,0.6267181632193827
953083,0.9984848068246499
953084,0.9799160649683969
953085,0.9985886959695123
953086,0.7122280391329976
953087,0.9978894200994171
953088,0.6243265437654635
953089,0.9998675977019822
953090,0.4435586188722016
953091,0.4030763885279379
953092,0.15864114488078399
953093,0.01266797125431057
953094,0.9976377799620564
953095,0.9539994118646585
953096,0.10350762557189952
953097,0.8708223167754334
953098,0.9984224220790016
953099,0.999904119163505
953100,0.6716783346668206
953101,0.8744858993135463
953102,0.9950719642073289
953103,0.998630011132902
953104,0.059649007733490404
953105,0.9976494319630437
953106,0.7672738787241578
953107,0.012431307073322155
953108,0.017517221201841664
953109,0.9991946421973318
953110,0.11864656887626071
953111,0.9868658066024584
953112,0.3065041745204413
953113,0.12086106695759251
953114,0.9566699655870782
953115,0.9912894316093468
953116,0.9995370661784464
953117,0.5946058512286535
953118,0.9988428534114087
953119,0.9813497406755745
953120,0.8071122379765425
953121,0.9539413554148002
953122,0.980611347013187
953123,0.9997653417278014
953124,0.9999693356450028
953125,0.28080640531618883
953126,0.98145507231568
953127,0.9982100717020737
953128,0.9988505406227874
953129,0.9994395901055014
953130,0.9316722898770544
953131,0.991395739473166
953132,0.12822045102020432
953133,0.9982813122556251
953134,0.08448115981528621
953135,0.3527296826901978
953136,0.14236283047845852
953137,0.39662436194528794
953138,0.99992627455891
953139,0.4402149383675449
953140,0.8173265375571284
953141,0.35105607218758583
953142,0.9984377226934207
953143,0.9994351254924184
953144,0.11853722660587342
953145,0.9912237488732077
953146,0.9978451936872526
953147,0.6104212991561128
953148,0.0025325013756952674
953149,0.1336363232177974
953150,0.7908093692702743
953151,0.7197787264802354
953152,0.5795939622051288
953153,0.6126663133840099
953154,0.9987807434506364
953155,0.9964119577779644
953156,0.999842346223057
953157,0.6345214405928779
953158,0.9999736596240597
953159,0.17246803570766656
953160,0.9426872446115504
953161,0.9910284974950665
953162,0.6178664048230662
953163,0.9992389515175715
953164,0.9997546828735373
953165,0.9952489263654847
953166,0.08293932731581528
953167,0.9999024179646439
953168,0.6260230311702897
953169,0.9855414571615745
953170,0.5686273141534406
953171,0.9981516684882894
953172,0.7555004068423202
953173,0.9999725720624051
953174,0.9619488736847029
953175,0.999913101511685
953176,0.06880757662032255
953177,0.9991156917848631
953178,0.98897917182367
953179,0.13452438983027593
953180,0.37438408760363073
953181,0.4014220808737315
953182,0.9154347897153627
953183,0.9961966512833458
953184,0.8924919591305737
953185,0.6993168429884185
953186,0.998305659089177
953187,0.019825661082263954
953188,0.9998031431317114
953189,0.9999075221079194
953190,0.03741003292793477
953191,0.04245455594744669
953192,0.9860618639560906
953193,0.9998694673785157
953194,0.9999451893729998
953195,0.9951974471046049
953196,0.277198915761729
953197,0.9974985952957793
953198,0.9995782945153474
953199,0.987810536719276
953200,0.07699535184799583
953201,0.1307934673332273
953202,0.9977700331104735
953203,0.12023982495273525
953204,0.013710282875451382
953205,0.9996230939245314
953206,0.9993880411442186
953207,0.677905062225883
953208,0.21664840004185731
953209,0.996414767441944
953210,0.999955359415551
953211,0.02639659436739836
953212,0.38386576734781475
953213,0.9999587123704803
953214,0.89754267092402
953215,0.9806330460191995
953216,0.8739217285705903
953217,0.545841783742864
953218,0.9990702993307627
953219,0.28264331140582066
953220,0.4786587705838954
953221,0.09189285783287258
953222,0.9999198990684197
953223,0.9993688358975958
953224,0.919123805150038
953225,0.28272955258287763
953226,0.9976405797316996
953227,0.30526858932557627
953228,0.022657584062838024
953229,0.9786940851745012
953230,0.30858734011799466
953231,0.9993431802195625
953232,0.9728725401544666
953233,0.954449367755456
953234,0.9997970470881743
953235,0.9996977905097695
953236,0.9906905052797856
953237,0.9936000373543765
953238,0.9809981472910065
953239,0.9220452944125124
953240,0.9641223405682429
953241,0.7553061983280231
953242,0.9999826579496852
953243,0.8747446848609952
953244,0.00293888377669985
953245,0.9999687751975861
953246,0.9998474766457881
953247,0.8088935918405495
953248,0.9462962350006502
953249,0.8079111988475279
953250,0.9857746445583377
953251,0.9982526116483319
953252,0.8952046577346444
953253,0.9998298923968936
953254,0.9999312077343447
953255,0.7583951341351842
953256,0.7644247611571309
953257,0.2691397555291724
953258,0.9953752887969268
953259,0.4934720939552919
953260,0.9992632590468188
953261,0.9971456030770682
953262,0.9644064351421027
953263,0.14173840103619242
953264,0.06719611916157518
953265,0.9998495284520759
953266,0.9992459053784302
953267,0.984146109639904
953268,0.026065938475818957
953269,0.8638778660831837
953270,0.1865062402034071
953271,0.004432633516349175
953272,0.7775529790309661
953273,0.5097198170991054
953274,0.28644207847136516
953275,0.30632897871718745
953276,0.9995350054221785
953277,0.9998325982302867
953278,0.8630875799230445
953279,0.998858192544397
953280,0.3102009006801053
953281,0.9984141801794741
953282,0.2279525937697697
953283,0.970835418813299
953284,0.12547960966217625
953285,0.970978042102262
953286,0.9999683436381642
953287,0.20954529562837568
953288,0.9969791657760954
953289,0.9998413341175676
953290,0.11270726751754978
953291,0.9998815718979734
953292,0.9963892700831263
953293,0.021908108626408254
953294,0.21612813907822742
953295,0.999805713749983
953296,0.8968218797998195
953297,0.007677103319843389
953298,0.35575380995334316
953299,0.10967845922946065
953300,0.08238121425235967
953301,0.67348634268769
953302,0.13502081687707163
953303,0.019248071716686764
953304,0.5324075337830507
953305,0.9997753379429544
953306,0.34654833384878886
953307,0.9181651770723707
953308,0.9867369632603347
953309,0.9999545040296978
953310,0.9999252841092446
953311,0.9236946112427874
953312,0.9448007433799073
953313,0.9998071081082494
953314,0.03787287358525282
953315,0.9997912263797307
953316,0.9999871566761094
953317,0.9715412326063703
953318,0.7701171824802533
953319,0.8179187563560081
953320,0.48501407642389815
953321,0.9998835366282135
953322,0.7668789117555204
953323,0.026445210460051157
953324,0.9999253814063793
953325,0.9995506700555052
953326,0.041215060391034494
953327,0.9995430003788788
953328,0.17736786528973258
953329,0.044489431872580656
953330,0.99401126480258
953331,0.15297613766110194
953332,0.9876820891913223
953333,0.9991662005264258
953334,0.8961400691651507
953335,0.05033159763080519
953336,0.9859921956071158
953337,0.9838031195859858
953338,0.9999298120543585
953339,0.940811797295829
953340,0.017232106202886042
953341,0.9989434107214819
953342,0.9997005069156569
953343,0.9482582910191693
953344,0.9882221964999955
953345,0.9970507399672155
953346,0.9956545692759331
953347,0.41568928289806345
953348,0.9899932879444586
953349,0.9961807900676617
953350,0.7796524759857917
953351,0.6037066387324205
953352,0.848785240950527
953353,0.9998870966316621
953354,0.026492693923793303
953355,0.9990285379229507
953356,0.9997900564396407
953357,0.7387336554894686
953358,0.950958281830427
953359,0.9999213832045413
953360,0.9945117186459532
953361,0.998484339683745
953362,0.9910125935712657
953363,0.988125467717712
953364,0.9698908375602244
953365,0.21367675154851795
953366,0.31002946946188814
953367,0.04489274643172421
953368,0.9974238596666399
953369,0.9996974494121872
953370,0.2192742878598573
953371,0.9902178611649234
953372,0.016340749740674274
953373,0.8957821001594719
953374,0.49879134912905276
953375,0.9996867631392512
953376,0.8299409755640985
953377,0.10950903365996711
953378,0.535718394889713
953379,0.9972703552102796
953380,0.9998109285883678
953381,0.22531233055665545
953382,0.38865924307428845
953383,0.2919516923655384
953384,0.999667724419117
953385,0.9984766381327568
953386,0.08436965463654943
953387,0.9529263228690754
953388,0.6176023961306017
953389,0.997836870037671
953390,0.857512625868337
953391,0.09930566793247501
953392,0.9511738408799159
953393,0.9776556401511142
953394,0.9879510720955784
953395,0.9999564142188233
953396,0.37380613751935055
953397,0.9222418490758184
953398,0.9991047292476766
953399,0.9999908555397459
953400,0.14675018704252923
953401,0.6930340676911806
953402,0.978128246110234
953403,0.997648153280425
953404,0.9994835663911628
953405,0.12231827484478751
953406,0.4363377912269628
953407,0.47423208596121713
953408,0.9712014822340405
953409,0.09154174999207211
953410,0.9999441080411597
953411,0.014673283191268042
953412,0.9246771843844369
953413,0.9968337772916653
953414,0.02459604919676782
953415,0.9986711271656402
953416,0.6740430709680454
953417,0.6689673241910192
953418,0.3777445995361219
953419,0.9967459697142023
953420,0.7700342259999788
953421,0.2752262953180044
953422,0.9949639125952807
953423,0.999956317587408
953424,0.06518701851472
953425,0.9999753930482553
953426,0.9999440284256056
953427,0.9990159945014343
953428,0.601684710374663
953429,0.9999817042089243
953430,0.9997825224063541
953431,0.9661049725732995
953432,0.9823213646697643
953433,0.8982450701270455
953434,0.536404848912821
953435,0.10852460483418234
953436,0.9617714043089711
953437,0.9984781543109937
953438,0.6631840435952419
953439,0.09519656899072257
953440,0.9980328631539488
953441,0.24519496194489176
953442,0.9818294748767131
953443,0.0971979606884818
953444,0.9612850021653077
953445,0.9819218185353191
953446,0.04314707507768446
953447,0.8172882572999337
953448,0.5051291413767989
953449,0.12848685719383893
953450,0.8759514723947712
953451,0.3995876324325945
953452,0.2574034340306661
953453,0.9987593352018724
953454,0.7504611713682898
953455,0.9868765067982188
953456,0.9933590505409204
953457,0.6656656592710579
953458,0.9999517376030144
953459,0.9923240445632985
953460,0.7098462437072799
953461,0.014089372381882813
953462,0.9666182033935765
953463,0.48077294986343694
953464,0.4336453089192771
953465,0.9935093358347311
953466,0.8942018984086016
953467,0.9792864827654788
953468,0.9972772689464773
953469,0.9781644513174554
953470,0.01712678424783736
953471,0.9998700459640555
953472,0.19588497601160712
953473,0.7134620502803797
953474,0.9998358072725118
953475,0.031471754324972345
953476,0.9085769735731238
953477,0.781243789301301
953478,0.9961989328840772
953479,0.9962768120681816
953480,0.3886312959113175
953481,0.614120539424296
953482,0.997552192655067
953483,0.383377917423366
953484,0.8306424679756352
953485,0.0828224039609851
953486,0.488633517669022
953487,0.999952763691144
953488,0.43378386017194803
953489,0.9999701273062384
953490,0.9998837731058042
953491,0.999600056651089
953492,0.9900803290751674
953493,0.9960147800183228
953494,0.9823974720686302
953495,0.02403388651144358
953496,0.9966389696515963
953497,0.22675012230677588
953498,0.0154717280784878
953499,0.9998398394350203
953500,0.9995846624418083
953501,0.8987646201917949
953502,0.7478306967313901
953503,0.9982341273833253
953504,0.9764558371001293
953505,0.9997016559033394
953506,0.12255829159105605
953507,0.9995956222244075
953508,0.9952735496212557
953509,0.9996493586720407
953510,0.8369978547623249
953511,0.018999615617383944
953512,0.999750738421898
953513,0.8523749683793481
953514,0.9606177259157043
953515,0.7077836860488138
953516,0.9997638314216591
953517,0.029702202717324273
953518,0.8441439370109487
953519,0.9970088905917243
953520,0.9999708226793091
953521,0.9316855081903987
953522,0.9958748038009617
953523,0.9725862543435115
953524,0.06179567110608018
953525,0.9999162797464434
953526,0.27565011557984587
953527,0.9984386799053848
953528,0.1400224139094445
953529,0.2373614225612179
953530,0.9935657286617247
953531,0.7513183756578246
953532,0.6009293458590397
953533,0.9861578979880381
953534,0.9650688847255657
953535,0.951884456255907
953536,0.9955903317622354
953537,0.5825322064294914
953538,0.9950317855014047
953539,0.976310899222037
953540,0.9072816175230427
953541,0.9825089687573196
953542,0.7226083646602459
953543,0.9991905187308853
953544,0.05998757946055795
953545,0.9201252255530015
953546,0.024802804307602858
953547,0.9999107535131303
953548,0.9154340951108957
953549,0.4362975024249578
953550,0.8609141176710154
953551,0.5979494897515112
953552,0.05728332301062153
953553,0.995308017416454
953554,0.9995612845321148
953555,0.9999366617834011
953556,0.7963306891270414
953557,0.06331353460606995
953558,0.4260957339662058
953559,0.9979285556572757
953560,0.9871674813079372
953561,0.7752600383343187
953562,0.9999358728782073
953563,0.11262309123928979
953564,0.8169054667483076
953565,0.8946901377355149
953566,0.9999934338811336
953567,0.9999457727308945
953568,0.9300083642264383
953569,0.9997895849984596
953570,0.9980549268070533
953571,0.9995947478879148
953572,0.9871427738254226
953573,0.9999934491222884
953574,0.9985447423407229
953575,0.19234291805782097
953576,0.5121792407234509
953577,0.9945470441731004
953578,0.10591088276643132
953579,0.9367694424183504
953580,0.9995578295166158
953581,0.8278814068572168
953582,0.994450433762123
953583,0.9967805601886588
953584,0.9997158143921715
953585,0.9286729022235433
953586,0.7311235594391963
953587,0.06955206564644027
953588,0.9999672645404016
953589,0.12001310815336982
953590,0.9896903785909141
953591,0.991951197492914
953592,0.8713791969210005
953593,0.909252447593597
953594,0.9947167143217129
953595,0.98638772490722
953596,0.8959505707283109
953597,0.9996330297556509
953598,0.11326704723071868
953599,0.550594851664804
953600,0.4038543666453388
953601,0.01004875490222882
953602,0.9994718490977339
953603,0.9565059834390441
953604,0.24428591557726764
953605,0.992947252949898
953606,0.9995110804539469
953607,0.7347916796462186
953608,0.9469034129684077
953609,0.9063721774666682
953610,0.14272362627267043
953611,0.9988962951482265
953612,0.8372268022877442
953613,0.9988955871672205
953614,0.04148341563855585
953615,0.9526978948812834
953616,0.9999389648512349
953617,0.9561559572571258
953618,0.9858934966144199
953619,0.5236533744872951
953620,0.9999747153328551
953621,0.9368834158069175
953622,0.9999490184570072
953623,0.9761450727722245
953624,0.9980494060567049
953625,0.9987721759010881
953626,0.999516436969992
953627,0.9996187322181638
953628,0.9999810653273646
953629,0.9989713582648325
953630,0.9999045954569956
953631,0.9990481639028796
953632,0.9982353171824732
953633,0.9732232667722283
953634,0.9999489411265579
953635,0.019731754699835777
953636,0.9986636398993234
953637,0.7755939757719226
953638,0.5878121726303327
953639,0.19966487058061771
953640,0.0005915058817195847
953641,0.10286427656261599
953642,0.9998333645824365
953643,0.7862223749239623
953644,0.9991948982665999
953645,0.97611846937391
953646,0.29046726651935656
953647,0.9409931011729438
953648,0.4126844396870073
953649,0.7165013750077118
953650,0.9406691908017408
953651,0.05876059156614471
953652,0.9997961987614832
953653,0.1678600712662416
953654,0.9997284366056745
953655,0.9907336262036094
953656,0.07056011778413471
953657,0.944569171204641
953658,0.8004572998001469
953659,0.9993599927967534
953660,0.37679897490471936
953661,0.9974382449493746
953662,0.9153208928771771
953663,0.11155839129567152
953664,0.9994706607795574
953665,0.9794283406596567
953666,0.9989578192924551
953667,0.9087902932635634
953668,0.025275488057771783
953669,0.7790594734424556
953670,0.9998517661303835
953671,0.9915050672249779
953672,0.9994829805381754
953673,0.999583973950945
953674,0.15487295215210578
953675,0.8967255365280922
953676,0.9992055560482238
953677,0.9999790141642865
953678,0.9119975050462887
953679,0.16001416028648757
953680,0.02693538781619818
953681,0.9996372095575571
953682,0.47889743932054096
953683,0.3041443493486494
953684,0.9997038218144167
953685,0.9998929955670512
953686,0.9991083950083717
953687,0.9884299150518856
953688,0.15585879726810936
953689,0.9943984106768211
953690,0.535296297343907
953691,0.924698976802612
953692,0.5025523139723217
953693,0.9996484039951595
953694,0.8059558095196122
953695,0.627145996221108
953696,0.9815792362385771
953697,0.9982269284145526
953698,0.9996104425659941
953699,0.9995025918759028
953700,0.9977165772437936
953701,0.8174386686806631
953702,0.9999516340301683
953703,0.6170627488640995
953704,0.988634397746497
953705,0.1447365433190172
953706,0.9935052157005076
953707,0.25178186038399725
953708,0.9996932465966166
953709,0.9961806445271957
953710,0.6085409068114245
953711,0.70416839011609
953712,0.6012763281400824
953713,0.9995320921755598
953714,0.9996968884084662
953715,0.9994496559405739
953716,0.9478177247708203
953717,0.9995949576502168
953718,0.9999540553493944
953719,0.823774417008429
953720,0.9804404172729299
953721,0.9961640420693115
953722,0.4308053816543664
953723,0.9999415520225065
953724,0.8189029257031184
953725,0.016063990373217287
953726,0.7498761789747695
953727,0.9733163088851718
953728,0.743985177045931
953729,0.01304675384790179
953730,0.9922235194234929
953731,0.8202594517963437
953732,0.45946129908078104
953733,0.9960266227296585
953734,0.7759966471290797
953735,0.9909681466981001
953736,0.770207674000289
953737,0.5865477467336551
953738,0.5257337104204901
953739,0.9238918840487484
953740,0.9999472510909619
953741,0.6542492887466796
953742,0.016244627729782114
953743,0.9436228666637424
953744,0.9658103805645674
953745,0.9895598088981507
953746,0.5238695614668116
953747,0.9756816829157335
953748,0.9977476876132729
953749,0.9965094140521311
953750,0.8185033775618442
953751,0.9994943519344796
953752,0.6036346368012111
953753,0.9998007986320825
953754,0.027744891241554964
953755,0.9790487905471483
953756,0.9832516371261601
953757,0.9997232590760472
953758,0.9999352767279401
953759,0.03157254353470874
953760,0.8007493698443936
953761,0.12344551195680731
953762,0.05931624514691317
953763,0.9996416657769118
953764,0.6132574296228436
953765,0.8146220373742302
953766,0.9512217801443823
953767,0.9999606090509172
953768,0.91492742627397
953769,0.7795375599947199
953770,0.99970143427953
953771,0.9989959577121194
953772,0.3891995669722724
953773,0.8349940383596125
953774,0.6144353478647943
953775,0.36945594891939215
953776,0.6505061141408626
953777,0.856267729151711
953778,0.801580700595421
953779,0.9998325430302333
953780,0.733459492790595
953781,0.9996689282094432
953782,0.9999173660963834
953783,0.9995158338603192
953784,0.8991560453948612
953785,0.9940332493452405
953786,0.9928880410775014
953787,0.9291238814292231
953788,0.6419626474936362
953789,0.1151175842976419
953790,0.9814527365543255
953791,0.9990948022230701
953792,0.22653174303417287
953793,0.5596726630873194
953794,0.6857802756798834
953795,0.9962305656094468
953796,0.9600650576655847
953797,0.9778056680287275
953798,0.9382086815289572
953799,0.0827192508481222
953800,0.9963170940124887
953801,0.2825212977399779
953802,0.20137380101815283
953803,0.04025363676208721
953804,0.15827570707374558
953805,0.434633147209569
953806,0.8416541753486754
953807,0.999654037178724
953808,0.902040175915529
953809,0.4271508354816728
953810,0.28619345577340993
953811,0.35861161258533636
953812,0.9988711389146461
953813,0.08298365548585249
953814,0.9996573703301898
953815,0.9659744961001708
953816,0.8940004749643018
953817,0.009895940983013777
953818,0.842560300546024
953819,0.7978096411303038
953820,0.8793864307469341
953821,0.999491592655465
953822,0.7975679954341348
953823,0.6962535902175031
953824,0.9996584966064921
953825,0.9996401691415338
953826,0.046415134744542924
953827,0.9987615525568212
953828,0.9267855872349153
953829,0.26244714368090616
953830,0.29222921701829985
953831,0.06231090018522577
953832,0.9955704972938055
953833,0.6241868571662252
953834,0.7393401764293226
953835,0.011099869850247485
953836,0.5591815769068158
953837,0.9985979574680228
953838,0.9802128522529379
953839,0.9813763831316833
953840,0.9939497195520923
953841,0.9107590922915454
953842,0.44976287455785835
953843,0.1237191271190388
953844,0.9945870530887414
953845,0.6829031051450738
953846,0.9696006736895754
953847,0.8882598080605386
953848,0.9999473975669263
953849,0.9553716984499714
953850,0.9940567880596174
953851,0.9998893011254424
953852,0.9983109402128656
953853,0.996432146835281
953854,0.9998267159594154
953855,0.9952142353281745
953856,0.9998698844480667
953857,0.9986163709326699
953858,0.982123881581662
953859,0.44262955619523736
953860,0.999613364570732
953861,0.9772068260772601
953862,0.9998292753583795
953863,0.9984974305062999
953864,0.27667569223238697
953865,0.9955716424675396
953866,0.7236256879078433
953867,0.04216022062785546
953868,0.11160183498495421
953869,0.019284262941175054
953870,0.07976241226365906
953871,0.15755112089075052
953872,0.9982536832108049
953873,0.24332613051843513
953874,0.02893552286955752
953875,0.9999030121721082
953876,0.8894532907437747
953877,0.9419988085494093
953878,0.9616838158489576
953879,0.9954056491832295
953880,0.9997827515890456
953881,0.2446620945741415
953882,0.9928931129538392
953883,0.8312064594005042
953884,0.9980944117254078
953885,0.9999900070503737
953886,0.9995838642269163
953887,0.9724901706358291
953888,0.9999615664462256
953889,0.6127438251480178
953890,0.9998313553070453
953891,0.04253498788366391
953892,0.9999230372379339
953893,0.999684661023857
953894,0.9981887565944676
953895,0.01531586784902281
953896,0.6550224184407597
953897,0.9992748611067009
953898,0.8823305768375664
953899,0.9992290116194891
953900,0.9986445632917467
953901,0.9998877080438393
953902,0.899121484796366
953903,0.011771008416314063
953904,0.9996917348314278
953905,0.9936936791062425
953906,0.9999155217408406
953907,0.8558548982081062
953908,0.27450543134190264
953909,0.9762503971729006
953910,0.7938868539411514
953911,0.9995952642844151
953912,0.9995243520236456
953913,0.17639483286459837
953914,0.5945164445235843
953915,0.2206765699722007
953916,0.9996397537083058
953917,0.9997814458805003
953918,0.9997430125466746
953919,0.029811161141580857
953920,0.9994838240631105
953921,0.9996453558764986
953922,0.9995504869917313
953923,0.999594619648261
953924,0.6809095592070842
953925,0.9997837983411251
953926,0.5809818589201898
953927,0.9986449842535611
953928,0.006358765373946729
953929,0.9996317461228169
953930,0.5103307388763868
953931,0.9760553464403228
953932,0.9830394687005446
953933,0.36299045549019116
953934,0.9389919144656338
953935,0.04161291530737089
953936,0.8683086337293197
953937,0.8926855495106626
953938,0.07962703397856571
953939,0.9530946128975583
953940,0.269985463023798
953941,0.7669948760169703
953942,0.453614681583546
953943,0.8719337153010285
953944,0.8315091923696116
953945,0.11340601173296051
953946,0.9106010095632782
953947,0.9998466135299731
953948,0.569184113073187
953949,0.9989300773100895
953950,0.9999690599981262
953951,0.9999008337777611
953952,0.9997377961701088
953953,0.9997164722256319
953954,0.9906273190104256
953955,0.9653582063725291
953956,0.9966605809300702
953957,0.9965323890349157
953958,0.693711508870756
953959,0.8627944893499008
953960,0.21203564131025873
953961,0.9997631783410368
953962,0.9941402006617215
953963,0.9398879528227536
953964,0.3017944892602544
953965,0.3930039265201226
953966,0.5503624694088549
953967,0.027769760328000843
953968,0.7062067807927199
953969,0.8389701252727519
953970,0.9992487491599811
953971,0.03651598418375726
953972,0.9134439342850235
953973,0.021132229859656237
953974,0.9162049764614384
953975,0.06709514662634078
953976,0.9679475063889119
953977,0.6174377356207987
953978,0.3400034357824454
953979,0.05393236118453916
953980,0.9985554306552612
953981,0.8426042379027416
953982,0.9999173743528794
953983,0.7905364844182339
953984,0.9998946964266389
953985,0.999775816013646
953986,0.9997978881544272
953987,0.9967461096262845
953988,0.027908117535587938
953989,0.2576378274952889
953990,0.9997920822309475
953991,0.3719504730095284
953992,0.8441991045598377
953993,0.7745495641152336
953994,0.9652613455217949
953995,0.9946577266094079
953996,0.9993758027045672
953997,0.9936599184466837
953998,0.533492222306429
953999,0.9973735210719357
954000,0.6072786111742131
954001,0.38281414303054606
954002,0.9999936982232986
954003,0.9999481095648532
954004,0.99731399099801
954005,0.5776567921292105
954006,0.09064171604683995
954007,0.04414667821649061
954008,0.9988793758788157
954009,0.18902367240218476
954010,0.8787281528118791
954011,0.9738191275510639
954012,0.2612048483631313
954013,0.9992618014272698
954014,0.9985126027511413
954015,0.9490440025676308
954016,0.07648119342807147
954017,0.778367873167877
954018,0.09813263236926206
954019,0.8681214063178342
954020,0.16274752125001954
954021,0.9919034412995877
954022,0.16577334902954854
954023,0.8335876159158901
954024,0.8186074055554642
954025,0.9986188321450036
954026,0.9997115887692165
954027,0.9976723211384388
954028,0.08289366414234063
954029,0.9546756500125746
954030,0.9999682905821023
954031,0.9091881518940617
954032,0.017934846745108618
954033,0.18171015441648153
954034,0.564252233764638
954035,0.9888698664458639
954036,0.9960576641199592
954037,0.9942187654898904
954038,0.9999556442994171
954039,0.09285249935990719
954040,0.999982160988486
954041,0.9806148701197519
954042,0.9995132450309095
954043,0.9992461598362963
954044,0.9971363264214119
954045,0.9985558815414076
954046,0.9997824607275461
954047,0.7859099412596771
954048,0.9997835287096384
954049,0.9993261649095115
954050,0.83270502606752
954051,0.9997938433171155
954052,0.8549745576424236
954053,0.9454549402839919
954054,0.14123058063995306
954055,0.9986563848098136
954056,0.07393799237614518
954057,0.9890625399986072
954058,0.9999841201348365
954059,0.6857859702355374
954060,0.12950185989699192
954061,0.9635711766963087
954062,0.9994316384980284
954063,0.9996490176348033
954064,0.9537335887880052
954065,0.9958675606770448
954066,0.9985772999166465
954067,0.9996944179363709
954068,0.10598213336877561
954069,0.8312300688735298
954070,0.9575843706206328
954071,0.9975272441294278
954072,0.9994384369184508
954073,0.9885379704845833
954074,0.27349707846462723
954075,0.17077512760086094
954076,0.9996931079255762
954077,0.6186829509399565
954078,0.9998760067751666
954079,0.997654127932841
954080,0.8979889145829684
954081,0.9999413305104933
954082,0.9678714262737509
954083,0.9999804687497778
954084,0.9993525643230068
954085,0.9984106242637187
954086,0.9999899597544744
954087,0.9989208816444863
954088,0.9942430246332838
954089,0.7039813717397645
954090,0.388530915406863
954091,0.999949759734412
954092,0.60779455963225
954093,0.8094942440364213
954094,0.9903130111319056
954095,0.9999433450756124
954096,0.15899339714359945
954097,0.9986066603219754
954098,0.9995304358031737
954099,0.9651105414828262
954100,0.3240718347904548
954101,0.3483821603820463
954102,0.9992239116089496
954103,0.0026254680962374847
954104,0.9283184418145063
954105,0.9880954303376209
954106,0.6609632937157641
954107,0.22574276612763275
954108,0.942099122123348
954109,0.01705160254635996
954110,0.8215541124835364
954111,0.8637970085631883
954112,0.9998372733316265
954113,0.3920774382803618
954114,0.28455272418061167
954115,0.6502469817679449
954116,0.9884758229261743
954117,0.5539968694310706
954118,0.5837290975203142
954119,0.9991377919723208
954120,0.9995910117573976
954121,0.9995478603891698
954122,0.9999172951635749
954123,0.9999777412051745
954124,0.29135151638373574
954125,0.9461118250875198
954126,0.15921253350702574
954127,0.9994723354668549
954128,0.5764151703861545
954129,0.9940985825428362
954130,0.0064288410713835105
954131,0.9974399473418702
954132,0.45980523988077465
954133,0.9540737539002915
954134,0.40056585315937526
954135,0.991875162408355
954136,0.4756288406367134
954137,0.8825859745073955
954138,0.3148934993186538
954139,0.8604764751401164
954140,0.9817989729786438
954141,0.25427183194513625
954142,0.09106003222866865
954143,0.9999760100646577
954144,0.9975348715684799
954145,0.17718331953356736
954146,0.1544451355199994
954147,0.9976104634712358
954148,0.6126601784264092
954149,0.04205628066411306
954150,0.9479542614898935
954151,0.034270093764604166
954152,0.21790366064783342
954153,0.9999539551677498
954154,0.21701032449241217
954155,0.27389081977645413
954156,0.06377009022920484
954157,0.0027234175190951077
954158,0.9907651254920846
954159,0.1352754167982681
954160,0.999869781277535
954161,0.008825311257066742
954162,0.0806649725458811
954163,0.013440957270162191
954164,0.9997299625539101
954165,0.8714696866151412
954166,0.9999860201168944
954167,0.9998236912143093
954168,0.13860242630460498
954169,0.37125613755102593
954170,0.3802836435105493
954171,0.9297192512240507
954172,0.4774181684622954
954173,0.999670898183447
954174,0.30184817277091885
954175,0.9991641258125882
954176,0.9994868172902203
954177,0.9997359282974005
954178,0.9997295542281883
954179,0.9998324342654699
954180,0.788148671042808
954181,0.9998511200229478
954182,0.01771553461615436
954183,0.9975339628950916
954184,0.1658451893745982
954185,0.3608388037175427
954186,0.8362329866496162
954187,0.999974378404969
954188,0.9999469794351231
954189,0.12223459177934262
954190,0.9997562633508297
954191,0.0035697895909387023
954192,0.9909480753295715
954193,0.5107789289409879
954194,0.9090469085813622
954195,0.07452247226765787
954196,0.29020254084477576
954197,0.9905821731014095
954198,0.9869811030121358
954199,0.9823404886808025
954200,0.012000927746022568
954201,0.9948872970296408
954202,0.8833832504066871
954203,0.9993361583329492
954204,0.999767276431146
954205,0.9956230193963765
954206,0.9999630550033383
954207,0.9667999366553814
954208,0.9996673605832537
954209,0.42207983667625293
954210,0.1818620206532865
954211,0.9981074648552045
954212,0.9998202989564804
954213,0.9612040792836508
954214,0.003541083941479349
954215,0.9836022751404812
954216,0.3217335915967885
954217,0.9998088392336868
954218,0.9886867472242362
954219,0.2570494466111722
954220,0.9732904879522106
954221,0.9997727953118019
954222,0.02509986832027785
954223,0.9999780825670483
954224,0.717569953887004
954225,0.9236116425394953
954226,0.4802806327795922
954227,0.999650474615223
954228,0.9998243297424558
954229,0.9999381149593191
954230,0.9979039102844155
954231,0.9928890270444831
954232,0.9743622272229724
954233,0.999070410879354
954234,0.5875082318325058
954235,0.5583798533599597
954236,0.34827779132087605
954237,0.4172237821035397
954238,0.6771294200497245
954239,0.2993365028126362
954240,0.9954007537392413
954241,0.02863151793405327
954242,0.9994099187796648
954243,0.9483379892498731
954244,0.5898068074185223
954245,0.996207046403102
954246,0.8700967140651131
954247,0.38344960236052705
954248,0.9995419695054836
954249,0.881644278223434
954250,0.9994742526584228
954251,0.24327005298334384
954252,0.4418724435309796
954253,0.027763040483054814
954254,0.8160461159066594
954255,0.9834485999791114
954256,0.13124116914635453
954257,0.999956270403529
954258,0.9929098000633735
954259,0.9995338360513106
954260,0.9989310655473835
954261,0.6160835591194966
954262,0.9993540763651885
954263,0.9999680876566397
954264,0.7733358998206378
954265,0.9999709497065064
954266,0.06746961847289555
954267,0.5685328809498247
954268,0.500429771512109
954269,0.9912459973845734
954270,0.9997705935120136
954271,0.19588353497503813
954272,0.9984697495834163
954273,0.9941724265124529
954274,0.6793204659748318
954275,0.6620432670072492
954276,0.8388345216072314
954277,0.9998631597765424
954278,0.5883625637314986
954279,0.9397527931786311
954280,0.9999809482862854
954281,0.7172478557366568
954282,0.17138239864377314
954283,0.999458056961385
954284,0.03440013869139984
954285,0.9936906424018752
954286,0.9999291495081579
954287,0.9910556051034832
954288,0.19305985637624173
954289,0.5972233306822862
954290,0.8536840436246242
954291,0.9385017488983449
954292,0.8426244340062761
954293,0.9999405117841738
954294,0.537981341807938
954295,0.9962489866138572
954296,0.2426293185508102
954297,0.9816504176653442
954298,0.9998120642554514
954299,0.9999798384711026
954300,0.6707710077626883
954301,0.9227644589520909
954302,0.5753154591080478
954303,0.5735038390750714
954304,0.9997031394722484
954305,0.7498844078755943
954306,0.5060737358366255
954307,0.9906528582674553
954308,0.11187794866216055
954309,0.9546616301169581
954310,0.9987946182092322
954311,0.1792441383226069
954312,0.9961801584891665
954313,0.9151630846962902
954314,0.0512897668356092
954315,0.9688986723742787
954316,0.9999417221460234
954317,0.9999216788320042
954318,0.008012875119496311
954319,0.798683336647082
954320,0.9999390809136999
954321,0.6340535772473771
954322,0.42721398930954757
954323,0.09267039299018123
954324,0.012448746142657298
954325,0.9996681118575426
954326,0.870280049553944
954327,0.3569388077614274
954328,0.9963411282528029
954329,0.7706395610684733
954330,0.32419713363555336
954331,0.9657189163166913
954332,0.9983953948557842
954333,0.99015803886337
954334,0.9997275754585204
954335,0.10284034819550612
954336,0.999970075724494
954337,0.9990566571631012
954338,0.9582983890798153
954339,0.6629467463723362
954340,0.9817994308914453
954341,0.9063681120852158
954342,0.4536845171486745
954343,0.9980422410958663
954344,0.9994716175297113
954345,0.018265509137595705
954346,0.9946722810300839
954347,0.9996975892775151
954348,0.9996241338263382
954349,0.03066103324434026
954350,0.9144102676487682
954351,0.9952594990354479
954352,0.029209168531943254
954353,0.7077429286401122
954354,0.10133752831304385
954355,0.36187756416990097
954356,0.6481636938725511
954357,0.04859395381406619
954358,0.9808513204305176
954359,0.5983595942304016
954360,0.044953610011851226
954361,0.1610520709719446
954362,0.995792269114487
954363,0.9899585383711182
954364,0.5080233407439877
954365,0.9903794221567772
954366,0.986404559786853
954367,0.019566654566383842
954368,0.9719092525433962
954369,0.5234610289342392
954370,0.9983451970200301
954371,0.8358662998368682
954372,0.9990066194599452
954373,0.08656944975708625
954374,0.9995640669676729
954375,0.9854314182965279
954376,0.7812970805547774
954377,0.22117147134675882
954378,0.043373831918015256
954379,0.8670868382121385
954380,0.9380331106674271
954381,0.24012490857257823
954382,0.9999305281832251
954383,0.89222456063822
954384,0.03962315078496691
954385,0.11057410290549455
954386,0.9999898704455553
954387,0.9972205577582937
954388,0.09145450916888404
954389,0.048175193226864074
954390,0.9967038695636556
954391,0.8365199155198534
954392,0.214028229264718
954393,0.19238092964360035
954394,0.9980318476592396
954395,0.9990475615341965
954396,0.014172763648919402
954397,0.3998200596285125
954398,0.9993594685876384
954399,0.9997016632453724
954400,0.999807763175022
954401,0.7601359323474265
954402,0.26770336998713046
954403,0.9953466072122583
954404,0.9963982451309294
954405,0.9978994632856109
954406,0.5152058648118214
954407,0.9996050946438819
954408,0.9999460742820339
954409,0.9959207405513253
954410,0.47710254389510265
954411,0.9906051595398957
954412,0.9930390743112777
954413,0.9814333638604067
954414,0.9985497282833241
954415,0.9999491363449904
954416,0.9828657024901064
954417,0.7217263948345648
954418,0.9349386007845122
954419,0.6161594003658241
954420,0.24565121018651676
954421,0.997429515478192
954422,0.16249096424968426
954423,0.9972948659140242
954424,0.9995640920687053
954425,0.12689335589822534
954426,0.4282428827529784
954427,0.8250589323464711
954428,0.9998957266671438
954429,0.8007086994511223
954430,0.6820934679799069
954431,0.9091562248690559
954432,0.5871098623690418
954433,0.9999789171620463
954434,0.04986149269551041
954435,0.999988653472559
954436,0.6534681075114527
954437,0.9259510884887823
954438,0.8215737943237661
954439,0.5288336194950127
954440,0.9998629686698369
954441,0.9880148171562799
954442,0.36147506570832755
954443,0.049127569531542
954444,0.1970236561026927
954445,0.9999326947171241
954446,0.3525716982516312
954447,0.5968862565934339
954448,0.9877516101940131
954449,0.9993840359637002
954450,0.3471617970057911
954451,0.9995684941330099
954452,0.9682245821412722
954453,0.9989281250519525
954454,0.17620234057396506
954455,0.9997628098087921
954456,0.2700203013458414
954457,0.9987097631110748
954458,0.9132926763369776
954459,0.9999364469163843
954460,0.7551427285904627
954461,0.283057801591741
954462,0.995524965712287
954463,0.030860465662572466
954464,0.9989467459504102
954465,0.04615282279056507
954466,0.998314222472228
954467,0.9998248500456315
954468,0.35401623158079737
954469,0.34151135482296874
954470,0.9144834591396402
954471,0.9998498275516083
954472,0.9974070212752429
954473,0.9486605639332844
954474,0.9999603821803739
954475,0.9991577968072709
954476,0.2447018353803016
954477,0.9999001399864019
954478,0.4722349245076666
954479,0.7563512492168001
954480,0.9999697512499943
954481,0.1636656518263389
954482,0.9954009040485958
954483,0.4790064066179734
954484,0.9487269855062271
954485,0.9976438000099461
954486,0.8830594919514749
954487,0.9999607526787233
954488,0.996071843760806
954489,0.44512221299611454
954490,0.2599835308227988
954491,0.4738813145057312
954492,0.10602490862571659
954493,0.9722593075597141
954494,0.8851105558968924
954495,0.3436549563028148
954496,0.5174593591946961
954497,0.9988060392307029
954498,0.9999862076518091
954499,0.795467527444254
954500,0.9997987194777984
954501,0.16676035840400913
954502,0.9973007259477301
954503,0.029683020093173113
954504,0.02987374393123445
954505,0.9999716720362136
954506,0.7853321182342006
954507,0.9997156248939811
954508,0.9991693601861247
954509,0.9999603670053772
954510,0.018290465867273512
954511,0.24362045256328915
954512,0.9995659703931692
954513,0.9964064378874065
954514,0.9998293564453595
954515,0.999983256638399
954516,0.8232358338248198
954517,0.8977508903680204
954518,0.03385215966427043
954519,0.04242154055952572
954520,0.03768892157617217
954521,0.2724120241993177
954522,0.9867630719787082
954523,0.9585701572952555
954524,0.992214597062933
954525,0.23356800199041144
954526,0.9994905021073661
954527,0.9944050460199592
954528,0.921621546180049
954529,0.09228746405653081
954530,0.986546593747307
954531,0.9591753376335344
954532,0.9999702561631447
954533,0.9989903266805424
954534,0.9180889164946187
954535,0.9542948357441412
954536,0.9932407800558922
954537,0.9935774415782977
954538,0.016959827886548526
954539,0.8235991535848913
954540,0.9942757964523812
954541,0.9963364882825929
954542,0.9996585038469643
954543,0.5369775198642632
954544,0.057045797589250505
954545,0.03687610003094307
954546,0.5331702726121109
954547,0.8323560072365477
954548,0.9999247738556538
954549,0.005282610148504846
954550,0.9902725517874508
954551,0.20395414660602956
954552,0.3960630439367524
954553,0.9979561003032362
954554,0.13618013936019052
954555,0.9995452080598755
954556,0.6782745100137969
954557,0.6929162286989741
954558,0.9976981115735546
954559,0.9960232239530016
954560,0.020793489398762882
954561,0.9990088873134519
954562,0.9996577818231552
954563,0.9233174019293524
954564,0.9836873888500921
954565,0.9938599952691276
954566,0.9999009973564751
954567,0.9998865534293825
954568,0.9999268430210256
954569,0.005676251842978654
954570,0.35459772711689896
954571,0.9897000348034315
954572,0.4550750155608586
954573,0.9998751028789707
954574,0.16957370396501356
954575,0.2500218151609117
954576,0.0045912327082025
954577,0.8540971920732039
954578,0.6599306298106302
954579,0.9999396845561741
954580,0.1914830826094669
954581,0.9792432953341985
954582,0.2929241390489164
954583,0.9992281129720532
954584,0.9994271627426182
954585,0.9999775265669986
954586,0.8675720990462273
954587,0.2506838650790383
954588,0.98309477815992
954589,0.7278610539526353
954590,0.9201055746289545
954591,0.02245394967052322
954592,0.9776896672271793
954593,0.1457823030167482
954594,0.99992693573723
954595,0.9998918866222216
954596,0.02151383511525973
954597,0.8894267359366825
954598,0.2706370722611545
954599,0.7899734927605031
954600,0.9998194536055268
954601,0.14878442567588898
954602,0.9869573973298129
954603,0.9959629474807256
954604,0.5891253587016486
954605,0.9679151219819653
954606,0.04744644098552034
954607,0.00919060408339325
954608,0.9967498405759319
954609,0.9996822344219323
954610,0.9748265639489253
954611,0.5902990646470175
954612,0.596443286754284
954613,0.9979678953600528
954614,0.9955064072514779
954615,0.45067274870753726
954616,0.930553658536915
954617,0.9535915450147296
954618,0.9994926905865877
954619,0.9975019728570396
954620,0.9999930002677329
954621,0.6940567779485773
954622,0.9991754640553878
954623,0.9606600192383603
954624,0.9997867065406214
954625,0.9887146347009927
954626,0.9994376671672116
954627,0.9995140645988926
954628,0.3403839240466194
954629,0.05814468967100965
954630,0.9754488660935936
954631,0.05092042320083747
954632,0.02842421479147349
954633,0.9980485333679798
954634,0.004380015050633374
954635,0.9995655550394292
954636,0.9996633282553682
954637,0.8642444439811374
954638,0.6138246684992241
954639,0.012232965412805264
954640,0.9999896632984089
954641,0.9897576338185697
954642,0.9948304654785356
954643,0.999296938143757
954644,0.9994805672465146
954645,0.997729648439811
954646,0.47686423581780335
954647,0.7286237433104343
954648,0.6870295778589559
954649,0.7057212096073451
954650,0.9999024452782763
954651,0.9993945062553953
954652,0.8585863118785413
954653,0.9987533605526939
954654,0.013558449918304977
954655,0.9993197946172169
954656,0.9996981418400468
954657,0.9999532830127094
954658,0.9151968916857064
954659,0.052245405729168554
954660,0.9993943421250197
954661,0.8372199139067129
954662,0.9996150474751924
954663,0.4248758402199103
954664,0.6990700005856713
954665,0.9979536383626948
954666,0.10771753107842238
954667,0.1972276280916159
954668,0.9587066859481229
954669,0.8646830218754551
954670,0.19231933477585483
954671,0.11617151532037903
954672,0.9728397949091973
954673,0.9998145456642997
954674,0.9996313803922292
954675,0.07917601455575171
954676,0.34813270078830716
954677,0.1767455431296463
954678,0.9998570015687424
954679,0.9981779281890812
954680,0.9659906274569297
954681,0.8916333525147255
954682,0.6055808218324255
954683,0.9997468350722802
954684,0.8304712263437906
954685,0.5273626004808648
954686,0.9940590605267273
954687,0.7190865184459488
954688,0.9988905302855188
954689,0.9838941999044897
954690,0.05277170683951901
954691,0.029370340471236434
954692,0.9998974444298245
954693,0.9965634562527302
954694,0.44082056074517867
954695,0.501065969917991
954696,0.0803283348207077
954697,0.6705399044677477
954698,0.3546945755955239
954699,0.2590132058793219
954700,0.5350706685567407
954701,0.7224040485753336
954702,0.999751697372842
954703,0.9999754918752695
954704,0.5290335472585
954705,0.8618366761701083
954706,0.5166562936123628
954707,0.9917392751285385
954708,0.23805007841643505
954709,0.317329127062549
954710,0.9613992184865278
954711,0.9997139066124288
954712,0.9082099096955035
954713,0.8917643530534106
954714,0.9998358058673289
954715,0.9484173273917399
954716,0.9882088297797089
954717,0.07540214970165171
954718,0.9993999864033796
954719,0.01694226688069281
954720,0.9996613694058747
954721,0.5215963959058943
954722,0.35855512517889193
954723,0.3385307576783994
954724,0.009891352733649661
954725,0.1827982240106851
954726,0.9974240458603056
954727,0.8635956569858836
954728,0.9921923795709411
954729,0.5005648641712831
954730,0.9979518973084036
954731,0.9999427720857135
954732,0.12990890944695388
954733,0.9942194091844563
954734,0.7751294569614782
954735,0.014242819907109591
954736,0.9999522840332571
954737,0.01956909613678125
954738,0.9051238876870626
954739,0.9995637248916031
954740,0.1027248320450928
954741,0.0210353195385707
954742,0.9976682807106633
954743,0.9541449503809751
954744,0.722424946711326
954745,0.997997773339483
954746,0.9999910641582104
954747,0.9994469672921548
954748,0.9999713646170747
954749,0.9238873758656712
954750,0.9801617241697941
954751,0.8302663019371006
954752,0.988991598956542
954753,0.9992499502465585
954754,0.34574663798332805
954755,0.30794923999120905
954756,0.6655378411937893
954757,0.9997096299089356
954758,0.027442560857317704
954759,0.9958424203656842
954760,0.8224874805418056
954761,0.9986963334821279
954762,0.11489047005680202
954763,0.9943751456852267
954764,0.9999221484131482
954765,0.9975136584414892
954766,0.20433073431215695
954767,0.999723026732869
954768,0.0459738907649587
954769,0.7561371523269955
954770,0.9981975168258899
954771,0.6974073728847425
954772,0.7524447671702964
954773,0.9020493076444026
954774,0.9997879507794378
954775,0.2067058110682209
954776,0.9946369372705907
954777,0.9181248476470221
954778,0.161817821096747
954779,0.285853990784954
954780,0.28869025131812953
954781,0.08117566441057249
954782,0.045115230518562484
954783,0.41852374581828233
954784,0.6100867077884525
954785,0.9223531132039744
954786,0.9999382502890758
954787,0.0501062611206057
954788,0.9992416367103929
954789,0.22476077987305554
954790,0.8205431313132248
954791,0.9739068992716918
954792,0.9976534383633444
954793,0.018352900635723642
954794,0.25126390595829506
954795,0.9844125196273128
954796,0.8202722840591858
954797,0.9961439960401723
954798,0.9999267144744174
954799,0.6082909025967995
954800,0.4790047111329986
954801,0.9999947699581713
954802,0.04839511492618258
954803,0.9984752024434177
954804,0.44740712378627023
954805,0.9669748505284523
954806,0.6686503356778245
954807,0.40083337594193
954808,0.9996043501715679
954809,0.9079108070710242
954810,0.9630634402491935
954811,0.12905459513346215
954812,0.9938410308586338
954813,0.6779867363834187
954814,0.036908453412727846
954815,0.976097719999861
954816,0.9999441610867147
954817,0.9868275991635984
954818,0.5054132675418206
954819,0.7944003449954075
954820,0.8672928414538061
954821,0.9574003383504024
954822,0.9558422825804818
954823,0.016643357743840962
954824,0.9986288034372959
954825,0.954442896334093
954826,0.9309951249453148
954827,0.9938672301348067
954828,0.9995474490043708
954829,0.7455374932038521
954830,0.9997491255109694
954831,0.9998514334395228
954832,0.999872548448292
954833,0.9932662119140332
954834,0.9998022458485959
954835,0.9957380914038096
954836,0.503782132888723
954837,0.9966289618664184
954838,0.993345176979415
954839,0.18800723741802225
954840,0.9682418006917619
954841,0.01830386721489572
954842,0.45852262645189024
954843,0.9999700969729173
954844,0.7842639300772745
954845,0.013908856143850257
954846,0.031326478493241106
954847,0.9999179869416126
954848,0.9999402782562996
954849,0.6682914059741749
954850,0.9943245926260927
954851,0.9993999676831655
954852,0.9996785404757671
954853,0.16065164499786283
954854,0.012619591870715352
954855,0.9998374703166834
954856,0.9990702576122197
954857,0.9995298095683449
954858,0.9973846337591351
954859,0.9925530285273148
954860,0.9521682873742628
954861,0.7524805862370552
954862,0.9489637175456359
954863,0.058693660509410814
954864,0.9990950782689118
954865,0.9522019449679079
954866,0.935011046047479
954867,0.9671716426445208
954868,0.2934167604327955
954869,0.9997817020957385
954870,0.9780224928908565
954871,0.9248964490650811
954872,0.8036110712466921
954873,0.6960261469593672
954874,0.3352205230513001
954875,0.49535762081188656
954876,0.9999800839594954
954877,0.9999765142245429
954878,0.9972716526552441
954879,0.7049200057487975
954880,0.25201783747266365
954881,0.9944524855305329
954882,0.9983899316446327
954883,0.16571655412375047
954884,0.6964903164104363
954885,0.6933922346537319
954886,0.9986674147370733
954887,0.9987068584599286
954888,0.6344374739637686
954889,0.9988272567349726
954890,0.03383392860022885
954891,0.9955736194309461
954892,0.7271173365324872
954893,0.9816583455986457
954894,0.0708304540225902
954895,0.946592976846939
954896,0.9698644383687203
954897,0.9990213064229903
954898,0.9841777332221162
954899,0.610766700415591
954900,0.9996313392079315
954901,0.9993827009455827
954902,0.873700548623117
954903,0.04052409931048065
954904,0.5858158456413419
954905,0.9996340127322982
954906,0.8624708025004486
954907,0.9999524840572402
954908,0.9964166169201847
954909,0.9294203407995277
954910,0.9991161337292778
954911,0.9999459595390696
954912,0.04648577450607738
954913,0.4895741859217195
954914,0.9993855627725907
954915,0.999992145563293
954916,0.07774267845375224
954917,0.9989204775685789
954918,0.9302355879345594
954919,0.9818958695823122
954920,0.9386919517664299
954921,0.9994113961074442
954922,0.9987815606418684
954923,0.999808166690456
954924,0.9999904748830886
954925,0.9986544829104617
954926,0.5169836032097496
954927,0.9995310880705922
954928,0.9998235528274535
954929,0.36832747506741526
954930,0.9461295896853739
954931,0.9981599148085709
954932,0.999972194670089
954933,0.9999167820472452
954934,0.9902250549708322
954935,0.6554457066165478
954936,0.9999093429548155
954937,0.9326901550042745
954938,0.027714448211724238
954939,0.28103159881549256
954940,0.9229898376728579
954941,0.5772980328182946
954942,0.8559965315168888
954943,0.9999796231706226
954944,0.5275625196682711
954945,0.9998760244459873
954946,0.010899320131717492
954947,0.18743886443973545
954948,0.06342916621639186
954949,0.9943125674313467
954950,0.9995457655906095
954951,0.9985126586592514
954952,0.3552631625086583
954953,0.9442173373430476
954954,0.9993184680204992
954955,0.002442838182583265
954956,0.9998590902895934
954957,0.9977973445201899
954958,0.4090064163819008
954959,0.9999535042341972
954960,0.6742836578389748
954961,0.9986818151169727
954962,0.999714984658039
954963,0.3306540886445075
954964,0.01632647566988731
954965,0.02850545803832892
954966,0.9914736016578249
954967,0.7422020412105675
954968,0.7693831726737002
954969,0.37589901949541193
954970,0.9848191696434315
954971,0.0034114454370555982
954972,0.8694639610211098
954973,0.9994052113924721
954974,0.35825885152401016
954975,0.7501302456773682
954976,0.9989633484815605
954977,0.9996639003429495
954978,0.997430663573694
954979,0.21646684705760708
954980,0.028613150990251492
954981,0.9996878636237383
954982,0.8162448904536308
954983,0.24021218720182522
954984,0.9965800547391315
954985,0.965087565089225
954986,0.29462273757700547
954987,0.8822597235610441
954988,0.51644266863627
954989,0.015451777139884021
954990,0.9999393778223691
954991,0.9999631463489904
954992,0.9132772811975748
954993,0.9996899663417484
954994,0.9780131398459366
954995,0.9703401038086046
954996,0.21910632927460744
954997,0.033153543799138235
954998,0.989210107025789
954999,0.5284351461028767
955000,0.9852229634899008
955001,0.9988907666742536
955002,0.004906045173845174
955003,0.999991376606626
955004,0.31842868145391023
955005,0.5010105196689613
955006,0.08094002697178614
955007,0.524700962919211
955008,0.9984962798986458
955009,0.9988519090111605
955010,0.05670198160992186
955011,0.9916161971753077
955012,0.9919848029748535
955013,0.9995132773855944
955014,0.6985910976673911
955015,0.9610855292925857
955016,0.9984557841559569
955017,0.9964834756141441
955018,0.977582220279045
955019,0.9979173348013257
955020,0.9999615191712024
955021,0.9979108019714886
955022,0.9954776329395287
955023,0.08364478985936405
955024,0.9975422001938732
955025,0.9894423274687282
955026,0.9930462629634407
955027,0.9999517836604346
955028,0.8790170179882449
955029,0.9999518276531234
955030,0.999867898801549
955031,0.9933591851180283
955032,0.01558619680182623
955033,0.4572308941473443
955034,0.7313104703732449
955035,0.9143265185751379
955036,0.9988617891887572
955037,0.9998867128506022
955038,0.9975919919328837
955039,0.07844664654757308
955040,0.9626957853027381
955041,0.6841114553149775
955042,0.5690771231158364
955043,0.21409016251294571
955044,0.3232433621441384
955045,0.6620994745505158
955046,0.8659823427344855
955047,0.8159472326572685
955048,0.9998337559882373
955049,0.3790915379748376
955050,0.9993871033866972
955051,0.9447985561862409
955052,0.9925625879225946
955053,0.4535819904550768
955054,0.09721309943591269
955055,0.979133718346439
955056,0.9996828181704127
955057,0.9977060910531446
955058,0.9988038122611335
955059,0.9988120322371675
955060,0.9992305954571461
955061,0.9774031335900624
955062,0.6340329749806213
955063,0.8170506874182025
955064,0.9977520328144158
955065,0.9076739411384276
955066,0.9996143610882167
955067,0.9970836988027421
955068,0.9999116282445104
955069,0.999888350584523
955070,0.999866795482179
955071,0.00892988344911243
955072,0.22339956392776877
955073,0.999945368958582
955074,0.9981309004522587
955075,0.9948890833474023
955076,0.9989469305948349
955077,0.9933982977138218
955078,0.9997338564449465
955079,0.9998858768753752
955080,0.703166391097888
955081,0.945558937126816
955082,0.20898481435759697
955083,0.9959535191523947
955084,0.9982834986247023
955085,0.9055665773420281
955086,0.9996850675903561
955087,0.04755747461231309
955088,0.2384318085049695
955089,0.9602871280182306
955090,0.9945548480848343
955091,0.6393805443354359
955092,0.44287284428601104
955093,0.9717082417199303
955094,0.04635885396135721
955095,0.9992245352715255
955096,0.9890840621963335
955097,0.03201063020233309
955098,0.04500635792805154
955099,0.9997025676852558
955100,0.9974292635476226
955101,0.4780593685823963
955102,0.013511573504855344
955103,0.9995740196890068
955104,0.6972152950024325
955105,0.9994427208844778
955106,0.9639122957774475
955107,0.7555346731228767
955108,0.26087686826977335
955109,0.9997267868459861
955110,0.8296254573011075
955111,0.32090041889874116
955112,0.9400580035428795
955113,0.09103122499619977
955114,0.980514955954872
955115,0.9940150505462203
955116,0.9997562243083735
955117,0.6167633874019532
955118,0.8941590193325579
955119,0.3116734745318013
955120,0.9998894379691254
955121,0.9999211399115759
955122,0.9999768196937817
955123,0.5178484874689865
955124,0.938956330966891
955125,0.9994245511768065
955126,0.9966930404427223
955127,0.5018998925177779
955128,0.787816930405151
955129,0.9980002999167281
955130,0.9999722155252369
955131,0.9997265635085826
955132,0.9983019230921248
955133,0.9998724753417426
955134,0.06406689639830235
955135,0.31770734517748994
955136,0.862459926955481
955137,0.1612752203160746
955138,0.9763797171340893
955139,0.9083294428514597
955140,0.2977756642915276
955141,0.9998171657350323
955142,0.017185591897844577
955143,0.9965384279162994
955144,0.9999664059707768
955145,0.9996036290939272
955146,0.22836751903681823
955147,0.9986603828628557
955148,0.9985072776709487
955149,0.77099139294653
955150,0.06929798786767309
955151,0.9939398873897085
955152,0.9891976440443575
955153,0.9732446178642775
955154,0.9981286984500584
955155,0.9859923930417283
955156,0.9999579258441034
955157,0.9273141968029928
955158,0.9955477453353689
955159,0.6681033768418363
955160,0.9967628544611646
955161,0.8490612223447795
955162,0.02408700302958696
955163,0.009230738551625083
955164,0.050884090914309454
955165,0.9997234742804908
955166,0.998750065862039
955167,0.04638280613187985
955168,0.997232557540485
955169,0.008427120776822445
955170,0.9724117937907978
955171,0.05455205552213601
955172,0.992650718880121
955173,0.33482850097326355
955174,0.503412210028871
955175,0.680011895046913
955176,0.480137560571745
955177,0.818283218876596
955178,0.0033215451223354954
955179,0.03832632051969783
955180,0.005709244069118941
955181,0.08990678564726225
955182,0.9993178651124761
955183,0.6344353540805605
955184,0.9374168098710693
955185,0.9999199195290454
955186,0.9920293176448577
955187,0.9985672838551117
955188,0.9299265182486354
955189,0.003474773238052538
955190,0.02447584701169207
955191,0.6829577043927265
955192,0.9999664521279017
955193,0.9997274249897199
955194,0.7268403922078726
955195,0.8198849755716159
955196,0.18041876967290538
955197,0.9996006760917265
955198,0.990346094347005
955199,0.8391439792730728
955200,0.8382977583771346
955201,0.22283824850571468
955202,0.9946642428106682
955203,0.7863004450925564
955204,0.4794737944764629
955205,0.9861450712756105
955206,0.8961440038534878
955207,0.999585838826713
955208,0.8967964841437894
955209,0.25446185148804584
955210,0.9990856051763555
955211,0.843888315506022
955212,0.9992386807328408
955213,0.997770932393287
955214,0.3796267313251641
955215,0.8049319090426389
955216,0.011530180243948626
955217,0.891716957453011
955218,0.5502987064212334
955219,0.9999839115945434
955220,0.9871339624354738
955221,0.006558003664944034
955222,0.7434239414635213
955223,0.9743520419253666
955224,0.035252894994433986
955225,0.9977519758085053
955226,0.7526933128071559
955227,0.4607890104299478
955228,0.8506154713881714
955229,0.9999777538177177
955230,0.4556816683843928
955231,0.9729021956175246
955232,0.9285156711786611
955233,0.999821156938938
955234,0.738518408527373
955235,0.9998415162961162
955236,0.9993060385153778
955237,0.24505091598188816
955238,0.8512629708048314
955239,0.10631074259697293
955240,0.9999872525389637
955241,0.9995288644083687
955242,0.03820380350245301
955243,0.9941900277082201
955244,0.9804112398038243
955245,0.009778378427590616
955246,0.024706174557827858
955247,0.1138565259638921
955248,0.5271274643929684
955249,0.8339154086984875
955250,0.9999211824108727
955251,0.9998133402095515
955252,0.898683579207464
955253,0.99701218541856
955254,0.9600588719481514
955255,0.9999692136224467
955256,0.0030703128064798572
955257,0.994641025008779
955258,0.9996420269387349
955259,0.9598755559319663
955260,0.999837879470264
955261,0.9979670126866478
955262,0.07216890700265098
955263,0.2666557281331074
955264,0.9513618174677947
955265,0.9992803381487252
955266,0.9994102097613644
955267,0.9997524897381567
955268,0.9997828319180769
955269,0.8939333845964015
955270,0.9883850044048652
955271,0.9996255818752005
955272,0.5772338471031124
955273,0.00843214970420555
955274,0.703059889971642
955275,0.6836321968677774
955276,0.9995366039577065
955277,0.12313378622251225
955278,0.05405231180238914
955279,0.9334770157383928
955280,0.9332936447782527
955281,0.00656333449113519
955282,0.3400880557187244
955283,0.9699242057417956
955284,0.9985148941831186
955285,0.9998642065564778
955286,0.9995314915371298
955287,0.6498439575538677
955288,0.7611110504825618
955289,0.07121069116844006
955290,0.9452064535052015
955291,0.9976352297254324
955292,0.8812905021134747
955293,0.9998353180035672
955294,0.5739719702126147
955295,0.999931315013514
955296,0.9998823358346116
955297,0.02080792344356324
955298,0.38429805467130823
955299,0.9997768379588539
955300,0.1174907339994828
955301,0.9982530150204425
955302,0.9822086515820552
955303,0.998531010844644
955304,0.989454180647478
955305,0.9212356778409609
955306,0.03342205320289281
955307,0.17416877150923907
955308,0.938522396938926
955309,0.9796045040091613
955310,0.8324634470309684
955311,0.9563332708955965
955312,0.6976457866875265
955313,0.9984553719254239
955314,0.9989148074872822
955315,0.23822477492430272
955316,0.16138024749273966
955317,0.12458804340530434
955318,0.4723386445937784
955319,0.1223248911086957
955320,0.9971299822044062
955321,0.9999606947369176
955322,0.9834128315616528
955323,0.8934033005897438
955324,0.7314177889887916
955325,0.22632147346329512
955326,0.02374703391458978
955327,0.9931475397501441
955328,0.7353661980855355
955329,0.48412135921122734
955330,0.014276982008678312
955331,0.9176102188257924
955332,0.9916767894505483
955333,0.9988746371217361
955334,0.17780232033692397
955335,0.20627741318536832
955336,0.16931673691448662
955337,0.9976488543792683
955338,0.02166710697711887
955339,0.9986941426425103
955340,0.9999869475649341
955341,0.8256922862879947
955342,0.9927994283651065
955343,0.9669818927315551
955344,0.5432398147035611
955345,0.0817310769447886
955346,0.9519741690555763
955347,0.6373896564337156
955348,0.09203362539725905
955349,0.9998368655837553
955350,0.9399734687720055
955351,0.20276372300022089
955352,0.32104484303662106
955353,0.9965810467846037
955354,0.9997242487435577
955355,0.12021597023242828
955356,0.001055110105376279
955357,0.999800761457083
955358,0.061539483367781124
955359,0.40169580616818157
955360,0.018298996888329692
955361,0.4013422648945846
955362,0.9999693979758795
955363,0.998465031203559
955364,0.16171572091742026
955365,0.4155212039638144
955366,0.8563340586525081
955367,0.9998932665067599
955368,0.3770151478853907
955369,0.7060245067300422
955370,0.998336993463441
955371,0.8350716962674496
955372,0.008764015013552172
955373,0.9999707184633932
955374,0.005241291203632819
955375,0.9998941778556907
955376,0.9886696647313244
955377,0.9994016282877911
955378,0.9869267666034174
955379,0.5761661566669743
955380,0.7368186976942428
955381,0.9987207508298513
955382,0.7518820034017628
955383,0.8857590599518911
955384,0.08150534136288715
955385,0.36985646308838893
955386,0.9947973854144796
955387,0.9999732454561598
955388,0.9924403122746687
955389,0.9997479330405615
955390,0.9998099686533692
955391,0.9973429805231581
955392,0.9990229178781747
955393,0.19164346021152862
955394,0.9994479166588296
955395,0.4688348237318861
955396,0.732120742044057
955397,0.9996706892697422
955398,0.9849509302860174
955399,0.9989298545438926
955400,0.2881089787884744
955401,0.9984896259958309
955402,0.9987048647362183
955403,0.5231771963784279
955404,0.35701341829737476
955405,0.3637866467953522
955406,0.8997880644006996
955407,0.9944695566169077
955408,0.9995449660151545
955409,0.9915018340508199
955410,0.22960759766207178
955411,0.6509371427270114
955412,0.8628231717294387
955413,0.877926691768601
955414,0.9998312364654706
955415,0.05519081197887538
955416,0.9745110379607882
955417,0.0031241123445736613
955418,0.9930531088535866
955419,0.9951921657067051
955420,0.051577143734484854
955421,0.7343626562064974
955422,0.999561343760174
955423,0.971257486612124
955424,0.9999887017587399
955425,0.509420687930722
955426,0.9998839077511222
955427,0.9865958018401083
955428,0.9993400864023742
955429,0.2567988844906765
955430,0.6059589549446944
955431,0.9991610095442878
955432,0.5134366995486261
955433,0.8267547235340915
955434,0.35269717720475446
955435,0.23132774331082218
955436,0.9989014600882596
955437,0.952454689984367
955438,0.978800943342661
955439,0.2891508709465386
955440,0.9997856029263845
955441,0.14854009587606926
955442,0.9977812752912767
955443,0.015986892132561485
955444,0.9970028828116675
955445,0.9995129669297755
955446,0.46522553278620093
955447,0.9519229265609495
955448,0.2876634889095855
955449,0.0083315023352935
955450,0.12731006732439776
955451,0.09803002669240232
955452,0.9982718069481618
955453,0.5435220787173336
955454,0.10120451385050112
955455,0.9999719352644384
955456,0.9999161593348008
955457,0.1831713358278434
955458,0.24377863749922418
955459,0.018805460479133118
955460,0.008391512729556424
955461,0.28958298952387984
955462,0.9995302297512618
955463,0.9878342607513014
955464,0.9917443786705793
955465,0.504820914118826
955466,0.7170943542728476
955467,0.6045896703557023
955468,0.9860624386029395
955469,0.9963526108217465
955470,0.22128856263798422
955471,0.0013634181671884197
955472,0.9994606373026119
955473,0.9348770544248948
955474,0.9993758653059329
955475,0.999815019227128
955476,0.9996339026997662
955477,0.9911260880995275
955478,0.0530623734739339
955479,0.9994978851634003
955480,0.009517810524170549
955481,0.05226902966242744
955482,0.01711499859980368
955483,0.9947067926011608
955484,0.6967337193566225
955485,0.12551926707422856
955486,0.9994853703575575
955487,0.990040178139356
955488,0.9996015701792319
955489,0.9999279622124289
955490,0.9201988315668925
955491,0.3411487103270898
955492,0.14666836514040663
955493,0.2875917872108664
955494,0.9991889344759846
955495,0.40643341134563604
955496,0.21663056381230872
955497,0.07424252496056627
955498,0.5857641939123746
955499,0.3768764806668017
955500,0.9535830810729884
955501,0.9512279564484927
955502,0.2303817835801275
955503,0.03757377745643196
955504,0.9980546920297468
955505,0.7073637774912576
955506,0.9982451099122178
955507,0.32797721535024194
955508,0.9612744162541789
955509,0.9999217353071101
955510,0.8568289838603075
955511,0.2291680036013581
955512,0.7061095407034819
955513,0.9989661333028104
955514,0.00844917158984662
955515,0.2186712660203437
955516,0.4678731204622799
955517,0.9976835646717996
955518,0.9996535018125612
955519,0.10418318432337831
955520,0.6641563663741266
955521,0.9979881522778702
955522,0.1296649033239765
955523,0.9989057092022365
955524,0.3898541301181988
955525,0.06859060200805292
955526,0.9655708094492916
955527,0.9942479869520763
955528,0.9329087986123978
955529,0.9999763911395576
955530,0.026741608075072684
955531,0.922870659143561
955532,0.024841718072541066
955533,0.9996076090344186
955534,0.8298357149664711
955535,0.9998898826945576
955536,0.1718985083316802
955537,0.9998240285044125
955538,0.9986731381058039
955539,0.9996804557814245
955540,0.6226788810796076
955541,0.756754863182936
955542,0.9999539173538584
955543,0.9037202561368937
955544,0.35577849828536234
955545,0.20190040795217074
955546,0.7158452487502354
955547,0.9587617542769894
955548,0.9995329869050582
955549,0.9898448269794571
955550,0.9971627743777649
955551,0.2838532733060216
955552,0.1034197084673879
955553,0.9081937972762717
955554,0.999420383767044
955555,0.005214536675858104
955556,0.8573229906828437
955557,0.9852457392002643
955558,0.9950790050618747
955559,0.9982212351029887
955560,0.9195091733404666
955561,0.2543922275566986
955562,0.9275170019864347
955563,0.6705697753631652
955564,0.9977140340032957
955565,0.13025088762787762
955566,0.4336253577988573
955567,0.26130125308366636
955568,0.8884277283339902
955569,0.9999709435993203
955570,0.019045114785977618
955571,0.025354942437197284
955572,0.13735550939174065
955573,0.9519806672839558
955574,0.8025032949819495
955575,0.2796844116375824
955576,0.9953357334996267
955577,0.5518693930375593
955578,0.022340582075416712
955579,0.17793209519969855
955580,0.033787481533176456
955581,0.9966073274015373
955582,0.6856477068991261
955583,0.9966849750044449
955584,0.032060751544859184
955585,0.9999536754775835
955586,0.7706774357302582
955587,0.12543968297406993
955588,0.59460193729193
955589,0.9981335364708086
955590,0.9999261282024594
955591,0.2515775407826637
955592,0.9999868443921132
955593,0.8016152073977991
955594,0.9992683871995333
955595,0.9923571459297769
955596,0.9714523720831848
955597,0.9846676066347091
955598,0.9999162331357128
955599,0.9999923120646556
955600,0.999610021734027
955601,0.5734748525156537
955602,0.9614679553180534
955603,0.7659100232727729
955604,0.9963058399345479
955605,0.9980481938519626
955606,0.2483788188545433
955607,0.9999093791469584
955608,0.9999253208992771
955609,0.9992786439704511
955610,0.9996948295727504
955611,0.3522979720132751
955612,0.8573502008573478
955613,0.9970585217527608
955614,0.33486679738810377
955615,0.057035279332869074
955616,0.9980890143954553
955617,0.9999182091616083
955618,0.9974126740946133
955619,0.40591995148572774
955620,0.9489519295356983
955621,0.28223674511528934
955622,0.9998851251099562
955623,0.9998842387460868
955624,0.534356860543086
955625,0.9769278197342299
955626,0.5466504565002686
955627,0.9999466078392905
955628,0.9997961309560197
955629,0.8114975366945547
955630,0.08765593417774262
955631,0.9992663623081353
955632,0.5700594354745488
955633,0.9992100733156216
955634,0.9990224816447997
955635,0.8573201742393846
955636,0.9999697509783754
955637,0.9999694234401593
955638,0.9361670326397288
955639,0.377498739277012
955640,0.999617073580054
955641,0.8578579998472038
955642,0.7689647174965444
955643,0.9939032347162644
955644,0.5984436514315875
955645,0.9999813465934139
955646,0.030616069761200654
955647,0.9685641662278033
955648,0.8723722818044433
955649,0.10281272710591172
955650,0.9974449734072081
955651,0.7499664739479486
955652,0.9998988888928635
955653,0.027463392269310733
955654,0.9957609553218754
955655,0.07558275558933636
955656,0.11064538024417894
955657,0.9989496333088272
955658,0.07580747736336821
955659,0.9994641453065798
955660,0.22064007531869972
955661,0.371801291543263
955662,0.9592201085956196
955663,0.9951838243058677
955664,0.9854491791364217
955665,0.6517258303279625
955666,0.9191691040140919
955667,0.9997042514095744
955668,0.9949766341673967
955669,0.8815092044084291
955670,0.9043480412434509
955671,0.9973149992577095
955672,0.6707732081942634
955673,0.9998952475566637
955674,0.338256043087543
955675,0.7511675524570374
955676,0.528759825120232
955677,0.994194364249457
955678,0.7733079929313786
955679,0.9994485445480994
955680,0.920719492836284
955681,0.19995154316397762
955682,0.9997791130242506
955683,0.11947622413707477
955684,0.9996506227102808
955685,0.22113465618992698
955686,0.5712924580038454
955687,0.9997289290054431
955688,0.2409691315030033
955689,0.9138409492435964
955690,0.8136923934373861
955691,0.2643631542308604
955692,0.8661792738172749
955693,0.9744483562383155
955694,0.9968056126789495
955695,0.02993745607381104
955696,0.9939654634381198
955697,0.10219539520290959
955698,0.9438061067321131
955699,0.9961720800189617
955700,0.9996058512427357
955701,0.9995088002116987
955702,0.99696107063168
955703,0.09090240230951858
955704,0.714230740232082
955705,0.9664830494657229
955706,0.7833745719301961
955707,0.9997977808553823
955708,0.014293353343274473
955709,0.9999371834724071
955710,0.8889394211094594
955711,0.024660860708922143
955712,0.5193501609419777
955713,0.9761020708342725
955714,0.9998416581083402
955715,0.9919444246796993
955716,0.38778232863711953
955717,0.24785033115630875
955718,0.9965114476951751
955719,0.13550154783209817
955720,0.022164866389619932
955721,0.9726342909104083
955722,0.9999223553419644
955723,0.9791939692654865
955724,0.7044618473501785
955725,0.7415162971131379
955726,0.9996326035224576
955727,0.9999781362643307
955728,0.756864645834525
955729,0.9991644092878281
955730,0.9980216343228179
955731,0.8641414903200674
955732,0.9987591691991178
955733,0.8006288184988972
955734,0.9987250688815277
955735,0.422501659067431
955736,0.9997402618611971
955737,0.04181980346813855
955738,0.6147123051475248
955739,0.46323115335083676
955740,0.9970520388071633
955741,0.9976839133588636
955742,0.45846139832872357
955743,0.9340546526961884
955744,0.9999523506213414
955745,0.22311686916337892
955746,0.09165908472040704
955747,0.5894109734827636
955748,0.9816323739126736
955749,0.32571053342458395
955750,0.12597392581261205
955751,0.8818469724352828
955752,0.02424179880385035
955753,0.026113463372067207
955754,0.1422178265758458
955755,0.9980887150454931
955756,0.9904749708431522
955757,0.9992864355734253
955758,0.9957025936715678
955759,0.9998274371689906
955760,0.993961365987089
955761,0.9999648333556804
955762,0.713985132855761
955763,0.0015886324021450319
955764,0.591695087560318
955765,0.9992951208593877
955766,0.9992043939130392
955767,0.5660095998737543
955768,0.6355094380002417
955769,0.9997283548234477
955770,0.11542182003487526
955771,0.9947030599655174
955772,0.9999895989430571
955773,0.6760029895393761
955774,0.9332606118530222
955775,0.4311749542387408
955776,0.8386080305358551
955777,0.999204535068311
955778,0.9991268566193561
955779,0.9993270771526056
955780,0.9993366056580641
955781,0.9999365987366149
955782,0.6907482799019563
955783,0.7198011896757647
955784,0.5386712538396771
955785,0.012374328024238553
955786,0.9987193847112593
955787,0.9676878018126641
955788,0.9999047975616194
955789,0.9997336856965333
955790,0.042700307133349165
955791,0.9976373095452525
955792,0.8902195093586864
955793,0.17119058207956356
955794,0.9893217521015618
955795,0.6715629732084517
955796,0.9995678988319491
955797,0.936108364260924
955798,0.9998150985337174
955799,0.14231724652700903
955800,0.9595023618627458
955801,0.9999024401384684
955802,0.7654920507496616
955803,0.9248765184784401
955804,0.14822059846166677
955805,0.9988113667417814
955806,0.9941415278608176
955807,0.9999084469319179
955808,0.20803537803608493
955809,0.8765312968077634
955810,0.9281658094304875
955811,0.9996558949610495
955812,0.3096630812665316
955813,0.9681232783358069
955814,0.9984657881117436
955815,0.20512548186666804
955816,0.9995882274437353
955817,0.9993492594821486
955818,0.9659627501299579
955819,0.9361946904730738
955820,0.9995252623281723
955821,0.7344544077981181
955822,0.28190409009246575
955823,0.10380910790510137
955824,0.9955096241752351
955825,0.9914251592621594
955826,0.2890522797875445
955827,0.9991814579828739
955828,0.8515614470479758
955829,0.2895248279089581
955830,0.998250262567138
955831,0.3690202227593413
955832,0.9633889400322597
955833,0.12629580482205546
955834,0.06188500305027901
955835,0.7487891275126256
955836,0.9931025939546242
955837,0.06630168187223276
955838,0.3453374889394339
955839,0.5359221799636157
955840,0.7142243672542183
955841,0.9998578231750044
955842,0.3628187337797371
955843,0.7446454672038832
955844,0.9999304642113511
955845,0.562765267136671
955846,0.8378195571329569
955847,0.05623490668702645
955848,0.9984838217446822
955849,0.8409542846844202
955850,0.75605672884884
955851,0.3066593947666365
955852,0.9995976537351461
955853,0.9908431079432255
955854,0.9997679472446693
955855,0.960789239680675
955856,0.9999384776968232
955857,0.999429627151027
955858,0.989245845698839
955859,0.30513267949984596
955860,0.9992500954452648
955861,0.9999337450023934
955862,0.9996192183591868
955863,0.9981075410005658
955864,0.9988540754898108
955865,0.9996123114817556
955866,0.38636505876712635
955867,0.9998954640478482
955868,0.036877325646531456
955869,0.5559333006856724
955870,0.01108683623652585
955871,0.9992069686952536
955872,0.9968137658555856
955873,0.6260556628939191
955874,0.02646827992857867
955875,0.9926123436937284
955876,0.9794357202612402
955877,0.9999469827007349
955878,0.9306060130474001
955879,0.9592574155218418
955880,0.9692348474186868
955881,0.9999113521024736
955882,0.9995401672036117
955883,0.9752324658435256
955884,0.010660333133739172
955885,0.09160436468071281
955886,0.7435672344713254
955887,0.9999348700710733
955888,0.5468230983120329
955889,0.8630656740961877
955890,0.9999205864538385
955891,0.9781289422174777
955892,0.6567212082408761
955893,0.988466101590507
955894,0.3895950982951432
955895,0.9977026253355915
955896,0.9622835061150714
955897,0.8990996590781499
955898,0.7699770721007551
955899,0.757252087836442
955900,0.5385306216228753
955901,0.684670718986746
955902,0.9994726495983346
955903,0.9915814486259198
955904,0.9999783751923268
955905,0.954988337767801
955906,0.9989141485977783
955907,0.5493626502357111
955908,0.7237743626781414
955909,0.7315359168845273
955910,0.999988457489481
955911,0.9985447177328935
955912,0.9965826857663791
955913,0.5178592136824103
955914,0.9575879267513949
955915,0.9974317584649033
955916,0.8229280341499134
955917,0.9999839115297107
955918,0.9998558676238285
955919,0.9999909688668793
955920,0.9999784759368064
955921,0.017294254219674936
955922,0.9998063807526774
955923,0.07906369734749012
955924,0.9942558491883934
955925,0.9823785805138864
955926,0.8900562552237441
955927,0.16905027938832784
955928,0.999431180329152
955929,0.9965193400104723
955930,0.0580081384465521
955931,0.999777796480888
955932,0.9858242026179964
955933,0.9990355674193117
955934,0.44833062891187747
955935,0.9289486077059673
955936,0.353058979492866
955937,0.15203154007272113
955938,0.33629948934185583
955939,0.25994739709181997
955940,0.9998903953893001
955941,0.8852543686144081
955942,0.0640749465751154
955943,0.07931814228892317
955944,0.8546142537915384
955945,0.9990270743691398
955946,0.9943453517377724
955947,0.999916351511052
955948,0.8539883548727383
955949,0.9990694927335672
955950,0.1202026097358749
955951,0.9948176194276872
955952,0.9939890862730658
955953,0.8777178405084225
955954,0.9661874727742408
955955,0.9947261740710303
955956,0.957178942926755
955957,0.07815496734079899
955958,0.7499481095580143
955959,0.171883479596173
955960,0.04527186822162547
955961,0.9990078187157811
955962,0.1410245027434993
955963,0.9997500928306152
955964,0.9998916722508002
955965,0.9999832751468142
955966,0.9857064216812528
955967,0.3276535093493991
955968,0.9997470374393334
955969,0.37901813229465475
955970,0.04880530805370917
955971,0.8540753439673118
955972,0.9576956736371748
955973,0.23166367964751636
955974,0.9985944343401345
955975,0.8885825377728248
955976,0.8386113326948972
955977,0.994996776740747
955978,0.9915000629391046
955979,0.02978300629795285
955980,0.897466559511469
955981,0.9884996474742944
955982,0.9978846132231376
955983,0.9138176560376023
955984,0.9998968908705476
955985,0.9973532373014912
955986,0.6174431083728653
955987,0.9969333812761226
955988,0.7154466017297061
955989,0.843035538274375
955990,0.9998796103419275
955991,0.4107636718067227
955992,0.561011953136127
955993,0.2659069837027829
955994,0.999956941276704
955995,0.9998419951538459
955996,0.9118258192723456
955997,0.9997857139571975
955998,0.9999902969218901
955999,0.7595880720660817
956000,0.9999436746764518
956001,0.8357005957468471
956002,0.9054685674709966
956003,0.9999742815882569
956004,0.24429313630189092
956005,0.07035385934276572
956006,0.9326055689034305
956007,0.9999698316695786
956008,0.12355896274801001
956009,0.9999142040086129
956010,0.9982915460256155
956011,0.9985229733475274
956012,0.29636870979051794
956013,0.9983716501849105
956014,0.3750113007470013
956015,0.9903985399183557
956016,0.999906133660661
956017,0.9995710697461077
956018,0.10733294162109232
956019,0.3767838093836806
956020,0.9976993788679598
956021,0.9925143155707787
956022,0.9998781972964402
956023,0.050651129735080846
956024,0.9999309348411655
956025,0.9999752993656108
956026,0.9994174997727474
956027,0.257436072409524
956028,0.03504838319073701
956029,0.9656082257271263
956030,0.039196544439827286
956031,0.9888805878053794
956032,0.3795711059217245
956033,0.23763433906465542
956034,0.03300166068084113
956035,0.7114115233980047
956036,0.8604821826440867
956037,0.5296333708320672
956038,0.9956278484623431
956039,0.48129684265791645
956040,0.41504686429982474
956041,0.9965440500610764
956042,0.9998129500509411
956043,0.9948234638120396
956044,0.9982504191864976
956045,0.9992767306282675
956046,0.9364057324847331
956047,0.1563146446547046
956048,0.015780850559575312
956049,0.9999219259492251
956050,0.8827785115129181
956051,0.9553217337449105
956052,0.04084597553250029
956053,0.37895501598485126
956054,0.1965873393570319
956055,0.9993836365407263
956056,0.8756992582959623
956057,0.24131128488573939
956058,0.31975038258324173
956059,0.8080564364014187
956060,0.9783218210749224
956061,0.1640939362653045
956062,0.999351207023905
956063,0.38759568130314864
956064,0.9920010624628186
956065,0.999877882604647
956066,0.998747717815178
956067,0.9803860075014936
956068,0.24113731299070285
956069,0.05715556683903358
956070,0.9994080260483389
956071,0.9999926403490824
956072,0.13595855652913058
956073,0.8589963748807907
956074,0.9997493831264425
956075,0.3513637717809613
956076,0.5055069805914085
956077,0.9799187077838485
956078,0.9827724525205916
956079,0.7151163147105237
956080,0.9914261924282398
956081,0.9937832417431884
956082,0.9596630998033309
956083,0.2854212467413885
956084,0.9934663072298249
956085,0.9657847286740449
956086,0.9584076477523283
956087,0.14732210751157448
956088,0.1351658234727055
956089,0.9998993627198498
956090,0.9942540206167861
956091,0.9579539432971304
956092,0.9286666182955402
956093,0.9924299803479582
956094,0.8368030574619463
956095,0.9993887638424453
956096,0.8436800398253221
956097,0.8716937924258857
956098,0.9977092839166175
956099,0.9941886857246831
956100,0.9984767009269546
956101,0.46623805236738775
956102,0.999563478149736
956103,0.9933042238899537
956104,0.9614629489724228
956105,0.42508759461351847
956106,0.9956711121665018
956107,0.9620764589970539
956108,0.9992838749796522
956109,0.3421725178446237
956110,0.03513738030699251
956111,0.12648374671074156
956112,0.9909820973575322
956113,0.9962797485293176
956114,0.7147089574271496
956115,0.460297625297933
956116,0.7091010007309553
956117,0.9317048859389945
956118,0.14781841487206382
956119,0.9548731258781695
956120,0.6795985707172816
956121,0.6898428882762879
956122,0.9905928072592055
956123,0.9998042707556747
956124,0.9998816708277007
956125,0.9998799474607583
956126,0.7810919220822261
956127,0.00873575802398735
956128,0.8362359468466223
956129,0.8837327508415389
956130,0.9998587956430435
956131,0.9976984742970243
956132,0.9566744998790323
956133,0.18039907089299617
956134,0.037501104314654206
956135,0.9754901590197607
956136,0.053508285729385596
956137,0.9691912632964566
956138,0.9996152552967097
956139,0.6068234400604682
956140,0.9990699304014522
956141,0.9998306453901957
956142,0.7731755150883379
956143,0.1344114804733852
956144,0.9995303344818499
956145,0.8944074953364283
956146,0.9995941923062863
956147,0.9983619917881712
956148,0.7699927827492735
956149,0.032264010524515
956150,0.6599722332805193
956151,0.9177515616954175
956152,0.9971286348409025
956153,0.929695389547595
956154,0.9982810871547712
956155,0.6928270000814979
956156,0.9489768022512718
956157,0.9133720151740623
956158,0.9998920194932779
956159,0.8486317866899389
956160,0.008332588533614464
956161,0.9998311069575624
956162,0.14406960243725772
956163,0.6680909648880433
956164,0.07056985075051732
956165,0.46429497309852985
956166,0.3026880409685547
956167,0.8159262390813777
956168,0.16406544605365708
956169,0.9968386005172314
956170,0.2593465511462791
956171,0.553706235847451
956172,0.08048933163090832
956173,0.9993887391643392
956174,0.4681853216624392
956175,0.9951906637832161
956176,0.10021688272394189
956177,0.3015481883965669
956178,0.8378166616330792
956179,0.9866358689236603
956180,0.9961625360265853
956181,0.9897494555053925
956182,0.36330735425041194
956183,0.9475502849004724
956184,0.7448220885667003
956185,0.9317935159505935
956186,0.6487379665934236
956187,0.9863855510587601
956188,0.999828062759324
956189,0.9823109530368989
956190,0.9998476659222946
956191,0.006654027753188354
956192,0.7162221491931199
956193,0.15244998976980095
956194,0.9976425671765898
956195,0.999826784285623
956196,0.9999801945954117
956197,0.32323392372946896
956198,0.9434687467280239
956199,0.9469120587255415
956200,0.1520027626560245
956201,0.8441634069404544
956202,0.9992329850932868
956203,0.9997326213181721
956204,0.9721617725497771
956205,0.29186064776078924
956206,0.9960339712311534
956207,0.9798681833194405
956208,0.9987066381539147
956209,0.06371742623577152
956210,0.99503259397561
956211,0.9995336358129617
956212,0.9985945696404993
956213,0.9683197706372386
956214,0.48322770892903777
956215,0.7890894131047919
956216,0.9950116888578093
956217,0.9993118058732657
956218,0.012268297302907231
956219,0.41755939653322094
956220,0.9998982382633135
956221,0.015910413179402758
956222,0.990111193416082
956223,0.347572752407426
956224,0.3761896846784379
956225,0.9996926488069815
956226,0.9987276670384719
956227,0.9984166394760461
956228,0.9999687880209078
956229,0.9978569430351405
956230,0.6107857563845762
956231,0.9950264553575767
956232,0.04851443044691761
956233,0.9414620652327688
956234,0.7108123183726722
956235,0.9915845975716553
956236,0.9824620112057416
956237,0.9229339671129488
956238,0.842241895045553
956239,0.999872687521262
956240,0.957660775218143
956241,0.9927452022576326
956242,0.009041045053107037
956243,0.7983576856971584
956244,0.8049565763382993
956245,0.8706120007179937
956246,0.5618362900297718
956247,0.26917877982097327
956248,0.9797310774488979
956249,0.7972379278382974
956250,0.7157511855799974
956251,0.9999657526018686
956252,0.647249442226915
956253,0.9958993608157035
956254,0.9998702430048283
956255,0.4634529356066698
956256,0.07689513343310105
956257,0.6350217592872655
956258,0.9999904587920243
956259,0.8106785182845699
956260,0.9999926955292328
956261,0.9904706177616085
956262,0.9996354037004347
956263,0.8286301553990295
956264,0.7067391036182911
956265,0.9999331711161947
956266,0.9827681392381904
956267,0.9999797868152376
956268,0.9837853960588647
956269,0.04189551801573656
956270,0.9888118219745304
956271,0.9976471479968533
956272,0.12264913151151333
956273,0.39021453065144435
956274,0.12054069269485766
956275,0.4012259932107542
956276,0.7029609358624832
956277,0.9999371822615124
956278,0.9793484377877486
956279,0.8380827697185096
956280,0.8331701190066477
956281,0.49002540353793517
956282,0.951561113432537
956283,0.8060669521553677
956284,0.3636422245022548
956285,0.2962893974724261
956286,0.9904702859561254
956287,0.9982670863944512
956288,0.9996324467712728
956289,0.9997518287132637
956290,0.005809637918073081
956291,0.9429701552830361
956292,0.9997740356571039
956293,0.9009804817734396
956294,0.999842506012445
956295,0.9933416766908967
956296,0.9996702158747085
956297,0.830544585396018
956298,0.043762020211933275
956299,0.04204372239310674
956300,0.9991548565388717
956301,0.4852602009436136
956302,0.9998578118476693
956303,0.9999748203238361
956304,0.871931160273044
956305,0.9891108243487581
956306,0.9865226802395968
956307,0.9944617622800068
956308,0.996022395325298
956309,0.15661845042166792
956310,0.9979097046691291
956311,0.6344879892663738
956312,0.962615492083551
956313,0.672871639996119
956314,0.8278864347797019
956315,0.6173166720602843
956316,0.9999530945941802
956317,0.999992780239249
956318,0.451349631163386
956319,0.9999897054848744
956320,0.9997643412186619
956321,0.5734734751954591
956322,0.8112787152566829
956323,0.05248602266452915
956324,0.4619346409578787
956325,0.9059351367509444
956326,0.9928537375174508
956327,0.9994097272247359
956328,0.9998820036279359
956329,0.9533155991740416
956330,0.9992377134184113
956331,0.23541156088489262
956332,0.7964212734718317
956333,0.863893388223943
956334,0.9998650908322784
956335,0.04966937787210222
956336,0.9999657167756693
956337,0.9743633301712928
956338,0.9985658508766638
956339,0.9995734866209672
956340,0.2922934337984608
956341,0.8776135395595056
956342,0.8830792984784585
956343,0.9259004704884123
956344,0.9979878600406948
956345,0.9242395941730692
956346,0.5522218975427183
956347,0.9994560816212101
956348,0.9859011901115822
956349,0.9999354200661832
956350,0.9996759519583803
956351,0.6440129838524027
956352,0.4490540936589318
956353,0.9998259155168928
956354,0.9598276521525854
956355,0.22832142886112378
956356,0.9999678520738127
956357,0.5899151311141416
956358,0.014046365433698142
956359,0.7937091350501624
956360,0.9520392538291023
956361,0.9994597611766971
956362,0.2208385302427179
956363,0.9995377953337776
956364,0.11281139515435876
956365,0.4588905115701238
956366,0.7308825659733281
956367,0.7583736558624643
956368,0.9880827350750063
956369,0.49965538687584105
956370,0.9996656879162541
956371,0.999888033926011
956372,0.23913889170557773
956373,0.36679943361474887
956374,0.9999763716757997
956375,0.9971019674583985
956376,0.5767238077346237
956377,0.9949189825585623
956378,0.9999903645482717
956379,0.9999304220850077
956380,0.9993392743431319
956381,0.9997347984674484
956382,0.99994600640406
956383,0.6113725786390932
956384,0.9968491130684245
956385,0.8773666450847748
956386,0.6671365262598368
956387,0.7959497495186455
956388,0.9992506188856543
956389,0.6219584310589212
956390,0.9646379547302018
956391,0.8635987145372016
956392,0.999985434205905
956393,0.9922060750745674
956394,0.9990394604435489
956395,0.9871874058781849
956396,0.9956414147848069
956397,0.10196642150598753
956398,0.9657318752776112
956399,0.9531964642632861
956400,0.18692538147705004
956401,0.6519570109380162
956402,0.25202121927727866
956403,0.07531436307168457
956404,0.9753086097859271
956405,0.03228802085974788
956406,0.9998771269218447
956407,0.8019455311121508
956408,0.2125147599997267
956409,0.9998273371363318
956410,0.22024712332976248
956411,0.0909920720856407
956412,0.029682806584961904
956413,0.10713688219594737
956414,0.6431863475202
956415,0.21827998861100995
956416,0.9997600848322379
956417,0.7343297185977018
956418,0.7008698274142062
956419,0.997284448921766
956420,0.9346748664944937
956421,0.98821184750905
956422,0.7563865295273362
956423,0.9998485880631887
956424,0.9465238552810871
956425,0.9412924333215845
956426,0.9286846413097403
956427,0.3540858225372888
956428,0.08792711070924313
956429,0.12039692861749596
956430,0.9906232201964329
956431,0.0376345170545672
956432,0.9393664279610336
956433,0.025439664547624204
956434,0.00759745126417329
956435,0.9998873302718077
956436,0.9995824789138072
956437,0.9916471578848911
956438,0.978829132224849
956439,0.9875989412115419
956440,0.9532756216302072
956441,0.9996238780618012
956442,0.7990008210501203
956443,0.8532688566862364
956444,0.6059654875308548
956445,0.908315655301839
956446,0.9998034076112257
956447,0.959308352193249
956448,0.9999758864087116
956449,0.9988771967631584
956450,0.564173273985505
956451,0.9999565888160973
956452,0.9896239187083041
956453,0.9967298128628987
956454,0.36491139900928915
956455,0.9999562773437096
956456,0.01802466373549855
956457,0.4050647478696275
956458,0.2506405226427608
956459,0.9999711787350323
956460,0.9996002511712576
956461,0.9997958646645158
956462,0.9310688117941668
956463,0.9976197434271452
956464,0.6655020937010474
956465,0.6664375582233037
956466,0.9991957372940011
956467,0.8399558858978582
956468,0.8778130117519395
956469,0.9722303481439498
956470,0.8422729448246787
956471,0.9999620421055241
956472,0.9969051972078584
956473,0.8109305348862497
956474,0.7387435742157321
956475,0.9994281858478078
956476,0.9995804871658157
956477,0.9998170324519994
956478,0.9963240718021833
956479,0.9712256050149457
956480,0.8931704424031188
956481,0.7217480934615222
956482,0.2958514607325057
956483,0.9991467954760516
956484,0.9693517335371529
956485,0.03161835675773279
956486,0.9512531041358379
956487,0.8450248036289667
956488,0.9999487481512985
956489,0.03772761310708219
956490,0.9990633802025715
956491,0.634821510345117
956492,0.9426014700483327
956493,0.08685991130632728
956494,0.4528247429768663
956495,0.6689592427329947
956496,0.9932334696187064
956497,0.05688808713567234
956498,0.9996394288229231
956499,0.22458474079873875
956500,0.9452556587187809
956501,0.9998844687483892
956502,0.9994023321196535
956503,0.14190949924360804
956504,0.9997395873514305
956505,0.9994168983722345
956506,0.6877942763004619
956507,0.9993092671529922
956508,0.968583198838131
956509,0.4342834269845772
956510,0.6786229227422889
956511,0.9697212506343993
956512,0.9726009330578497
956513,0.9988837362247209
956514,0.9997634625097458
956515,0.6045749343539364
956516,0.46388852169589373
956517,0.9994290391247247
956518,0.9999377754866394
956519,0.8601237931172706
956520,0.9981783638497709
956521,0.01363060587391188
956522,0.9998556873318316
956523,0.9971107507462583
956524,0.8750784811722179
956525,0.00794970001550644
956526,0.9991078422457594
956527,0.9974860240129416
956528,0.351600940298386
956529,0.999810174687851
956530,0.01389428972881426
956531,0.007071913251366621
956532,0.998257596771236
956533,0.4978723641785455
956534,0.957170355019026
956535,0.7023624763459956
956536,0.31092621209491084
956537,0.4206494956554121
956538,0.607598935471894
956539,0.9935658480084213
956540,0.9867292040124916
956541,0.29017662117341453
956542,0.9998802895202366
956543,0.9919187101934115
956544,0.9483999793732467
956545,0.9983697135099943
956546,0.2383620396179273
956547,0.9999249349583049
956548,0.4979121300266942
956549,0.5680398647298568
956550,0.9992358437927531
956551,0.9726418397148197
956552,0.2837468498923322
956553,0.6275005252246089
956554,0.9997204938967332
956555,0.9527380750237247
956556,0.03308412450513908
956557,0.6358398269253942
956558,0.12635216129749255
956559,0.942543806151356
956560,0.7164763660640877
956561,0.997967968963694
956562,0.9992871149416753
956563,0.16900024320950086
956564,0.7756243342074423
956565,0.46095892773008273
956566,0.0063713685835661196
956567,0.8010512016949909
956568,0.9998515273500322
956569,0.9847155724389817
956570,0.9999052802857131
956571,0.9997486526317095
956572,0.9997813593892824
956573,0.8075144051872822
956574,0.9526746024458693
956575,0.29412883458012434
956576,0.8641459851565538
956577,0.9415215347555282
956578,0.20613898165493194
956579,0.8946839517468432
956580,0.7555629418865224
956581,0.9996789500629102
956582,0.9778625558423387
956583,0.9864205388337111
956584,0.9994671744760726
956585,0.41615301095278096
956586,0.9991669902804381
956587,0.999829904286722
956588,0.4241327990673641
956589,0.7433092498750835
956590,0.9992567018767149
956591,0.8245302479277902
956592,0.9995648611199928
956593,0.9999581155425297
956594,0.38327766039947037
956595,0.9997778788552244
956596,0.9973523833808389
956597,0.9999760242943427
956598,0.23594417173893487
956599,0.9996022898586656
956600,0.43545212134269984
956601,0.5365400369820947
956602,0.7287390435272479
956603,0.8800409181958486
956604,0.7592268178375083
956605,0.08102920414545535
956606,0.9206050831524197
956607,0.8835705048958593
956608,0.6242963126513655
956609,0.9999450292895646
956610,0.7624031785858854
956611,0.999447875144831
956612,0.9981648063487991
956613,0.9771144769027981
956614,0.9993089740237576
956615,0.9996097123510588
956616,0.7182349276743839
956617,0.8804240378113456
956618,0.6148202643096802
956619,0.9998572629314615
956620,0.9324480656598433
956621,0.998502635448647
956622,0.4129525917633031
956623,0.9996213903241719
956624,0.9998311116392203
956625,0.9999275867209223
956626,0.9992585556186038
956627,0.22352561961327058
956628,0.9969266687324853
956629,0.9996966116475585
956630,0.8745762125475873
956631,0.9997122334310082
956632,0.2002302377118242
956633,0.993906115531966
956634,0.9868993165415818
956635,0.9986001544566089
956636,0.5820741743966403
956637,0.7455145252830594
956638,0.999967536603178
956639,0.9967380942938888
956640,0.34941257907533535
956641,0.9995926866400101
956642,0.99926525214624
956643,0.9999548278404821
956644,0.2648126049708192
956645,0.999988157097803
956646,0.9998878321222218
956647,0.9996382712697369
956648,0.9797453522503932
956649,0.09547674742381534
956650,0.9767973331575037
956651,0.9612385320492493
956652,0.4330268115384074
956653,0.8930159452724141
956654,0.997331467160949
956655,0.55948457536053
956656,0.3617865761460052
956657,0.11354009006290619
956658,0.9998147612224865
956659,0.9997350665875491
956660,0.9992140035121786
956661,0.5387726767560627
956662,0.9718088108915579
956663,0.13537377335681494
956664,0.9897329179163862
956665,0.8188578852616653
956666,0.34190023722498264
956667,0.9601732650058266
956668,0.01322933859676444
956669,0.3892930059726085
956670,0.9893124709694885
956671,0.12046019380347284
956672,0.8895426465725709
956673,0.9965346433001379
956674,0.9534233960078771
956675,0.033937613157868946
956676,0.006865874355432023
956677,0.9971852712706741
956678,0.003866532076672663
956679,0.09533339323118602
956680,0.10571345225311828
956681,0.9361248704878127
956682,0.9648780352931254
956683,0.8181375802140807
956684,0.9999691586292405
956685,0.9951783577558562
956686,0.8550806239428482
956687,0.9997267142119683
956688,0.859480637761688
956689,0.999844813415627
956690,0.7492022579707349
956691,0.16783082916324227
956692,0.5841036855119173
956693,0.9983852693993177
956694,0.9998950475018197
956695,0.4016536919407032
956696,0.8258025615811584
956697,0.9969596195694652
956698,0.8465709074370156
956699,0.460913191275938
956700,0.7475101452833447
956701,0.958275646578774
956702,0.9519701414183157
956703,0.9681155560345646
956704,0.9990665864391606
956705,0.9949769913150348
956706,0.23138658394892228
956707,0.009720835301972893
956708,0.01995991906460932
956709,0.9693581164742426
956710,0.9995256719966241
956711,0.9939746426157337
956712,0.9960990736329358
956713,0.9999897345848003
956714,0.8468289505495371
956715,0.99980800708077
956716,0.15944162878285129
956717,0.9992431201415624
956718,0.9338653962305927
956719,0.9999165375526893
956720,0.272711477246368
956721,0.852142614699481
956722,0.999755525432093
956723,0.9999181057663565
956724,0.9875157744549934
956725,0.9999500389216107
956726,0.9998351934201419
956727,0.9502822512571085
956728,0.9999682042807981
956729,0.999972019960015
956730,0.005463480426856865
956731,0.7657514807063066
956732,0.07217809058182749
956733,0.9994079489380083
956734,0.031016756035275594
956735,0.10411633386813537
956736,0.9997519358833671
956737,0.29048908832352455
956738,0.24493443490584466
956739,0.9948261688938635
956740,0.7592260540413145
956741,0.9902672733016961
956742,0.9981290906044644
956743,0.9533154436104927
956744,0.49283274386164966
956745,0.9973778534833498
956746,0.9978148679946253
956747,0.9986583331004749
956748,0.9998101922919683
956749,0.9866012666494163
956750,0.7712790452384798
956751,0.08133996718698103
956752,0.9999830281004826
956753,0.9998371952268057
956754,0.1692506487069978
956755,0.12583528160562651
956756,0.9998687304494858
956757,0.006407622931950172
956758,0.1409619459390647
956759,0.9510154236704542
956760,0.6667705992288507
956761,0.9835015371725887
956762,0.5792035739464364
956763,0.9998417619142599
956764,0.016174146610006455
956765,0.9985950113020375
956766,0.1551882420860367
956767,0.9999384524665024
956768,0.9635246609664625
956769,0.6599954523582934
956770,0.9912576680720747
956771,0.9979867739417472
956772,0.9996305092096818
956773,0.021246129964736928
956774,0.9995303704398346
956775,0.9986457434438436
956776,0.2416336309509805
956777,0.99933443762297
956778,0.9901947794713022
956779,0.08756699353391392
956780,0.9996415421304721
956781,0.9880602881522184
956782,0.979694285871003
956783,0.9359161841688269
956784,0.5707427740954483
956785,0.9998487864100185
956786,0.5652006489946131
956787,0.9925007623715549
956788,0.9989289157312105
956789,0.9997345005152245
956790,0.9976544146690239
956791,0.9996902042053146
956792,0.3692922879955269
956793,0.9634547547509495
956794,0.4088967363484086
956795,0.6469681719281042
956796,0.9880674696128106
956797,0.9997598763332667
956798,0.35994668648278194
956799,0.9617812395689713
956800,0.6339352099266508
956801,0.9903483544665181
956802,0.8619395784123989
956803,0.2224987272418498
956804,0.4836470251649295
956805,0.8798287466330704
956806,0.17102749508429543
956807,0.98241731109461
956808,0.9999209116780552
956809,0.9975732347734585
956810,0.8256890112950577
956811,0.48430665657557087
956812,0.9999371032943551
956813,0.999462663900694
956814,0.9998267679548375
956815,0.979433131684569
956816,0.997765115644379
956817,0.9710865835797566
956818,0.032022697585611756
956819,0.992946151814389
956820,0.9995655242218572
956821,0.09000394458820976
956822,0.9999240353786678
956823,0.9999712315809339
956824,0.004328890594095219
956825,0.9994945471418559
956826,0.9962222806521319
956827,0.9999191396234968
956828,0.998660245581678
956829,0.9923540882608749
956830,0.9855580904117774
956831,0.05622360482472028
956832,0.9972308034777435
956833,0.1421533606821357
956834,0.01855684377649151
956835,0.9668515011277348
956836,0.2998872282674113
956837,0.873184262423619
956838,0.7950717925137905
956839,0.9994779892039808
956840,0.9991180091367623
956841,0.6978374277999825
956842,0.01627139219684909
956843,0.5045467255644562
956844,0.9920303928289873
956845,0.7399327253474688
956846,0.7088894651864319
956847,0.3120065313377835
956848,0.5644334243669614
956849,0.3711577368249239
956850,0.20878136610456366
956851,0.9985174452989553
956852,0.9961150664964888
956853,0.9908061217354984
956854,0.5829398751739175
956855,0.9529475631202325
956856,0.8411023111759076
956857,0.019474017786030244
956858,0.9999604492457494
956859,0.9998363550659852
956860,0.9930930841653557
956861,0.004545958116598801
956862,0.9993543293756633
956863,0.9995626333096645
956864,0.026881373042758373
956865,0.9039842325231087
956866,0.5937006756742751
956867,0.9969141550501472
956868,0.9992983379221232
956869,0.4468363357974091
956870,0.9961065823786015
956871,0.8777346450257384
956872,0.02409608713987955
956873,0.998819947668192
956874,0.9993231976099277
956875,0.9389370655945961
956876,0.9820604052204502
956877,0.9807972713085391
956878,0.606792272955661
956879,0.018839342757241452
956880,0.8193545585852546
956881,0.7277731147025458
956882,0.3781181976787007
956883,0.13924285793217575
956884,0.4203801746311408
956885,0.2120532616735325
956886,0.9956342011296117
956887,0.9973014206800763
956888,0.9913271865715236
956889,0.24275382740747045
956890,0.9670854803204485
956891,0.9959340757560574
956892,0.009245122062901436
956893,0.33139561730792766
956894,0.9999588447326049
956895,0.9756204559071396
956896,0.2078822517842638
956897,0.9887319135860015
956898,0.993073293672804
956899,0.04813633049784473
956900,0.3697801782201593
956901,0.16761443612318572
956902,0.1433834411118202
956903,0.9921907166955038
956904,0.11295042937513014
956905,0.882066135922968
956906,0.2985485709839499
956907,0.8446215070784728
956908,0.0744914037110209
956909,0.03077556110409257
956910,0.24419234918988791
956911,0.9888470566182062
956912,0.38420600907141483
956913,0.4081361447169256
956914,0.9993817460503694
956915,0.9919391760370944
956916,0.9884647297552759
956917,0.960079544892972
956918,0.9720960672204461
956919,0.9805350059486775
956920,0.703503531967772
956921,0.9708906482556916
956922,0.9258257996837957
956923,0.7107231416236528
956924,0.9994202078573003
956925,0.28384195865333167
956926,0.9893870746161779
956927,0.9766357941300046
956928,0.8872878784659219
956929,0.4075097837177841
956930,0.5711852424591405
956931,0.9995710499925314
956932,0.10416198017283312
956933,0.9999257989668818
956934,0.16631482176219278
956935,0.9998964327875981
956936,0.9123002490292464
956937,0.9995901051680127
956938,0.06445427512923312
956939,0.02644351625637701
956940,0.9461305211726255
956941,0.6733726104971194
956942,0.36091404697828355
956943,0.84145696590263
956944,0.13569309347515174
956945,0.5160558014640526
956946,0.9997128694015407
956947,0.9999587104870111
956948,0.9991569724284395
956949,0.9980762575737336
956950,0.04887481863793039
956951,0.9867513835621127
956952,0.2920280987152756
956953,0.16461685171070964
956954,0.999917343530172
956955,0.9996794837510089
956956,0.940997414053943
956957,0.999722488613562
956958,0.9894322344700099
956959,0.9998797931091816
956960,0.9977742617761407
956961,0.36783118970822143
956962,0.9999919392761666
956963,0.9966812888136238
956964,0.9997733574282839
956965,0.00609110187057938
956966,0.06020487905284948
956967,0.4553559382128206
956968,0.9568347647166042
956969,0.545933246252226
956970,0.10312956003135293
956971,0.3678987334590834
956972,0.9509439461869842
956973,0.9998641636670892
956974,0.45240825692760783
956975,0.9983468126077437
956976,0.6654677235122499
956977,0.24467231445441137
956978,0.9968997618747839
956979,0.04477341404333749
956980,0.9940961266748306
956981,0.18441157312651707
956982,0.13705252670853288
956983,0.9999186653099499
956984,0.12221513697153033
956985,0.9998070672290341
956986,0.5829335086805287
956987,0.5753697679690516
956988,0.44202493804913556
956989,0.880600773562308
956990,0.9873322375115834
956991,0.7882588030801891
956992,0.9995746442489393
956993,0.997416245253192
956994,0.999980616457408
956995,0.9999158564726459
956996,0.9992223147175942
956997,0.8302494938831855
956998,0.9997085073720522
956999,0.1408159868856983
957000,0.999393826277114
957001,0.9955356836227751
957002,0.9997383025411747
957003,0.09314208234078064
957004,0.9999760801702
957005,0.9998990490199356
957006,0.9812050599188393
957007,0.8806237493675751
957008,0.9962468520006755
957009,0.9996649213975959
957010,0.9963537155112927
957011,0.9992605546497222
957012,0.03556391719070249
957013,0.9994344537515036
957014,0.7267479424978076
957015,0.999980341688252
957016,0.7890707224856477
957017,0.9993601327206754
957018,0.999712340253287
957019,0.17591326381075076
957020,0.8157377459128031
957021,0.1429571557363598
957022,0.3849186349761921
957023,0.9822179561250239
957024,0.9969793517593435
957025,0.9263921374522661
957026,0.9998881468126477
957027,0.024871423291946734
957028,0.3363604853168391
957029,0.9997383280760154
957030,0.9806030812313582
957031,0.7395967503781915
957032,0.13496061961583472
957033,0.03292037826563245
957034,0.6112512904479781
957035,0.9971304924528481
957036,0.999470062160294
957037,0.9999132104514687
957038,0.7193086495663066
957039,0.9994262749965354
957040,0.9999459577215463
957041,0.9998739251585403
957042,0.02595154744507506
957043,0.9989890753926272
957044,0.9940782840953841
957045,0.017181883154326602
957046,0.9942713693027864
957047,0.9962105561805195
957048,0.9999936247080159
957049,0.9999849429670804
957050,0.999971659530159
957051,0.021383439063714475
957052,0.9993748727269556
957053,0.702831530923828
957054,0.888559699224805
957055,0.9992611348409812
957056,0.8620271017528816
957057,0.2356194971644372
957058,0.21342699523974015
957059,0.9241813529382122
957060,0.9989879485632072
957061,0.9002585271647032
957062,0.9999157078264405
957063,0.28069039424783465
957064,0.27282016932661957
957065,0.6258623553154645
957066,0.9989582692139626
957067,0.9584494284923338
957068,0.3707852938488918
957069,0.7669109880662214
957070,0.543628212621192
957071,0.6141810279615136
957072,0.9934440641328981
957073,0.9996754207624403
957074,0.23183208109659828
957075,0.9701618224771246
957076,0.9999126267589773
957077,0.9866278216337807
957078,0.998815240058498
957079,0.9998836485553106
957080,0.9154954109226154
957081,0.9999578900519892
957082,0.9971527374864644
957083,0.20321095718690102
957084,0.9873809173301261
957085,0.9996404258828492
957086,0.9992203781714325
957087,0.14864645942200194
957088,0.3193838018878118
957089,0.999522958537845
957090,0.9999598239848773
957091,0.2309885176149964
957092,0.9956940414876
957093,0.9763334835208797
957094,0.9992271779878538
957095,0.96374283782116
957096,0.9012405383231104
957097,0.9997591632899124
957098,0.9986319635248373
957099,0.571730790108865
957100,0.5195923888443555
957101,0.9847578230206859
957102,0.9974812969825042
957103,0.35964710376741255
957104,0.47864793407992645
957105,0.99864427092344
957106,0.8818487424118426
957107,0.9998367503090558
957108,0.752443104360691
957109,0.32198356546073015
957110,0.9999675485594697
957111,0.9415786487891817
957112,0.9340533897223859
957113,0.998682858544004
957114,0.8291561411118475
957115,0.42971554313994675
957116,0.9998189986807967
957117,0.9963846295708818
957118,0.4184064137335278
957119,0.998749148746301
957120,0.9977730199900451
957121,0.2100295553512086
957122,0.05394245085317756
957123,0.8443227185722322
957124,0.9983577000052436
957125,0.618714595488608
957126,0.9994045777198508
957127,0.9999654883464936
957128,0.5423412115192295
957129,0.9999084101540772
957130,0.013202771157308979
957131,0.9999154374266781
957132,0.9999919056474056
957133,0.9980785418841184
957134,0.04374360598166019
957135,0.9536023905909246
957136,0.29611463594232057
957137,0.9995946155849709
957138,0.9994268011483673
957139,0.16383519162630286
957140,0.01764599610828201
957141,0.9928484671582133
957142,0.019317999847486444
957143,0.42046002545073213
957144,0.9867882591303379
957145,0.305993437010738
957146,0.9629711873936891
957147,0.010558164062218815
957148,0.9999067254747503
957149,0.9949726756153572
957150,0.5159844413323577
957151,0.23150426735180984
957152,0.559704030047786
957153,0.9995009186091598
957154,0.8678766151121668
957155,0.8866385314419336
957156,0.9978406045862428
957157,0.9998804507231152
957158,0.999272367448534
957159,0.99964511419535
957160,0.9998632111634118
957161,0.8008463025512381
957162,0.9638299678430087
957163,0.9972220199520577
957164,0.9998451536899746
957165,0.8983076394878478
957166,0.7945752764172767
957167,0.29355108604512425
957168,0.39327622164615034
957169,0.9937209166696571
957170,0.7488140435921188
957171,0.9985225202001622
957172,0.9999677534386706
957173,0.9996451878186434
957174,0.08889935706180697
957175,0.9996981811669893
957176,0.03400372860400364
957177,0.9922484355584786
957178,0.7545667178233992
957179,0.9522055930245892
957180,0.9849577822686154
957181,0.9985472432947593
957182,0.2260354780676629
957183,0.6242209776369366
957184,0.44268853948650283
957185,0.06844908262624899
957186,0.9606504260772989
957187,0.9999551604585195
957188,0.9995005883009989
957189,0.8600092354109405
957190,0.9999540500230377
957191,0.9999495016290136
957192,0.09509485489137741
957193,0.9603041603871771
957194,0.9994901721091863
957195,0.999884558948853
957196,0.9992314158152731
957197,0.652260150701329
957198,0.0098898587494088
957199,0.999989240763743
957200,0.7803151316896692
957201,0.968559049106282
957202,0.7738424636185328
957203,0.9710948821438832
957204,0.7606344097789599
957205,0.9713123314176487
957206,0.004316878885061893
957207,0.9985737990210559
957208,0.6465644735535653
957209,0.999959528422236
957210,0.999085173771129
957211,0.07381996135642645
957212,0.9999778972853358
957213,0.9985325598353395
957214,0.9682604279114937
957215,0.1187335150835893
957216,0.9999505420924054
957217,0.9997957334969716
957218,0.8439768810136237
957219,0.9998527379220008
957220,0.9883235469628557
957221,0.9972232789152067
957222,0.9866229417727541
957223,0.9999045691656574
957224,0.9981144910085203
957225,0.440168161862649
957226,0.9993288304393382
957227,0.8624883866774093
957228,0.029709063963553113
957229,0.057655011044368196
957230,0.8841351147395837
957231,0.05913392175906916
957232,0.9994413499527868
957233,0.23121122949284048
957234,0.9816314006492715
957235,0.008534049945455844
957236,0.46278046934171535
957237,0.9999719459439405
957238,0.9563970509595261
957239,0.9999179730855341
957240,0.9973811063181434
957241,0.9966493980725482
957242,0.005437635662895157
957243,0.99993080270634
957244,0.9998627612581763
957245,0.9998980736408569
957246,0.9991383635617219
957247,0.9788199271456541
957248,0.9654770849585349
957249,0.49973725918841516
957250,0.7425030556963429
957251,0.61396745232783
957252,0.9972313604469274
957253,0.9992233597517046
957254,0.9697014963370038
957255,0.03996566548775951
957256,0.40230129900287825
957257,0.9999876072993796
957258,0.921948472810725
957259,0.28643896268247815
957260,0.003823321217616337
957261,0.42856851957666653
957262,0.9998509857145133
957263,0.9857851491503308
957264,0.9899799712538054
957265,0.002118589655027412
957266,0.0957948662871679
957267,0.9968243167398483
957268,0.6950619787570018
957269,0.8751880698331821
957270,0.99992659955307
957271,0.9970556996753005
957272,0.991754894299836
957273,0.779525115057561
957274,0.5011006465917986
957275,0.7551552901776748
957276,0.7227342697699003
957277,0.28500461178002356
957278,0.9991287290164302
957279,0.21990531953882073
957280,0.12704314198028596
957281,0.9992224517536205
957282,0.27682416427562745
957283,0.8565051876291362
957284,0.984775563655069
957285,0.9997544841992583
957286,0.3227301839303473
957287,0.14308920276394968
957288,0.9793574565482784
957289,0.9326027528769785
957290,0.8794195108213122
957291,0.6634139317086774
957292,0.02135505311556917
957293,0.9888400245750468
957294,0.8902438844409787
957295,0.014068701165324977
957296,0.9558150675582315
957297,0.9320542180973732
957298,0.1972644770449884
957299,0.8723730548964117
957300,0.6422140280829576
957301,0.9997327011774951
957302,0.9611690294798951
957303,0.014022858380564811
957304,0.9996767827720034
957305,0.8092870739625638
957306,0.6200102814830898
957307,0.671935237875587
957308,0.8993073388364978
957309,0.5246727027395593
957310,0.9356957207244023
957311,0.9998933227418298
957312,0.9989147135157677
957313,0.3080459517519289
957314,0.9979303722283146
957315,0.26847555015314783
957316,0.787872723905473
957317,0.9011940041176372
957318,0.03117676920853905
957319,0.9999562117191559
957320,0.9091399971962918
957321,0.00800732462061311
957322,0.0731513470031909
957323,0.9898077494134356
957324,0.929709754934557
957325,0.9962163187323394
957326,0.3915552488064422
957327,0.9997756620079318
957328,0.22366509210086527
957329,0.4341498840458251
957330,0.9922042146067152
957331,0.9880059619140706
957332,0.23600642086951096
957333,0.9999442430649228
957334,0.17609147526168725
957335,0.9989204887061153
957336,0.9993945177939695
957337,0.9999257137948938
957338,0.9943685604774175
957339,0.8794553487551996
957340,0.9998159534584651
957341,0.7457608289084054
957342,0.9982327992627427
957343,0.9750754512569786
957344,0.6940222653388621
957345,0.945148631426123
957346,0.6602723188346793
957347,0.9219383514931637
957348,0.9993523937919403
957349,0.4993602987390325
957350,0.9481991065166215
957351,0.9494003973978046
957352,0.9992741353311954
957353,0.659372987901696
957354,0.9681287935112436
957355,0.8652372585290937
957356,0.8709023501992705
957357,0.9906395739082217
957358,0.999363353194383
957359,0.9996674605968844
957360,0.8833118808168559
957361,0.9817064486690311
957362,0.759067848385133
957363,0.3044755671117292
957364,0.11156924441892789
957365,0.998034482415818
957366,0.9043381667532892
957367,0.9824296783621506
957368,0.9995703494826756
957369,0.01175590657219521
957370,0.006036848857225928
957371,0.7976418409209989
957372,0.9999050211541306
957373,0.5459713440372569
957374,0.9874873781848846
957375,0.04497218481726305
957376,0.990112643893414
957377,0.9835848092757552
957378,0.00595520419155909
957379,0.9996976073257202
957380,0.9967312879138985
957381,0.16493584444394677
957382,0.9999534456567668
957383,0.9992441947355404
957384,0.8343044587558763
957385,0.9995201120091656
957386,0.9991345023820606
957387,0.9995030713873123
957388,0.9990703620776571
957389,0.5193590962385222
957390,0.6048910922121297
957391,0.8548687325830996
957392,0.004234978072899278
957393,0.3633391027500562
957394,0.03022329051843331
957395,0.9992629905840593
957396,0.9990210628217828
957397,0.03256462226694179
957398,0.9994598600166275
957399,0.9968466832274052
957400,0.9997070935010266
957401,0.9999599522508097
957402,0.9984638255874512
957403,0.9999408797144564
957404,0.8528099923298741
957405,0.764934493202204
957406,0.8114344749677254
957407,0.7574483667293768
957408,0.04575996577176604
957409,0.9958808916441189
957410,0.7620375620231435
957411,0.9927526157334179
957412,0.9213131646230919
957413,0.9998090207685333
957414,0.9921269753651565
957415,0.9982171354554832
957416,0.9997287478499776
957417,0.9846267743058696
957418,0.6167903289411562
957419,0.7201805861022357
957420,0.5937021583100243
957421,0.007160349229825219
957422,0.9991969150823687
957423,0.08811123142023326
957424,0.32194347121723205
957425,0.16592875480488667
957426,0.9618327695628519
957427,0.8244324224016424
957428,0.7716258909216928
957429,0.8708506267909588
957430,0.996349113066247
957431,0.9999603179522929
957432,0.9998299834280858
957433,0.07847515253417467
957434,0.9849288434280117
957435,0.9899689356498532
957436,0.006046553997922849
957437,0.9999151797890571
957438,0.3682913717720937
957439,0.6655536949391212
957440,0.9948924027518886
957441,0.08074994739371588
957442,0.33357315025302936
957443,0.1014209656763964
957444,0.04469225905575423
957445,0.9749420941686406
957446,0.058383566575710096
957447,0.010461715794413861
957448,0.08726800422299143
957449,0.9974959155392372
957450,0.0035285738338221165
957451,0.999400380561958
957452,0.8564040139359318
957453,0.9819917183891334
957454,0.9999310413235141
957455,0.9959877815627154
957456,0.9383868865151187
957457,0.9998860804582163
957458,0.042496621261087025
957459,0.9995745073800546
957460,0.9995998149871523
957461,0.9999918874100826
957462,0.9988780907702538
957463,0.9996204442334622
957464,0.9962714133713502
957465,0.999679450944402
957466,0.9999424088965558
957467,0.999879651445584
957468,0.008691007392725858
957469,0.009758369860560119
957470,0.9997605879281335
957471,0.03679431503072862
957472,0.19928031067071167
957473,0.9992670843816145
957474,0.10556478336835882
957475,0.9998167590682902
957476,0.9397222379033734
957477,0.9999530383754907
957478,0.861823212918079
957479,0.9877291045021105
957480,0.9985579547027092
957481,0.4603499176623421
957482,0.9200578671635103
957483,0.034180755867286916
957484,0.9998449879973375
957485,0.05382216609814043
957486,0.9734629090405688
957487,0.0206353501993451
957488,0.9842771518099468
957489,0.9992998301521017
957490,0.3008854630148429
957491,0.0312792123895557
957492,0.9996619040378769
957493,0.019090655469476234
957494,0.8934911942456444
957495,0.9158599081069867
957496,0.9884932185012686
957497,0.2485750218564078
957498,0.9989304914815391
957499,0.7707611762774439
957500,0.9993825150691167
957501,0.9998517274145975
957502,0.9999855569693186
957503,0.710575572737424
957504,0.23509152043363143
957505,0.006957349766624108
957506,0.035032376243035186
957507,0.998190726414714
957508,0.9995602371899617
957509,0.9999132407028375
957510,0.9999662507931462
957511,0.03507339231440593
957512,0.08177928460605817
957513,0.854261495272019
957514,0.19459873880427944
957515,0.2631330268173577
957516,0.8555235235194506
957517,0.9973287675930473
957518,0.09682216798356807
957519,0.5805991163407036
957520,0.9510473752712307
957521,0.9999883354206867
957522,0.2523447456086268
957523,0.9874902882962387
957524,0.8203217856603311
957525,0.9998161946761033
957526,0.33270296812991074
957527,0.9931469391862757
957528,0.9947407182068161
957529,0.999596256422901
957530,0.6135933879013984
957531,0.9925655441408912
957532,0.9838425545093886
957533,0.9999128352379849
957534,0.9892338685687193
957535,0.5498269709801507
957536,0.021127870439785652
957537,0.9993564913060305
957538,0.9982365485483309
957539,0.7650085503511974
957540,0.9983948530771938
957541,0.6080133177537181
957542,0.9998370576917114
957543,0.9997607101358859
957544,0.9998842088448722
957545,0.9998891235687292
957546,0.9944126910088532
957547,0.9203915627217591
957548,0.9997982406630617
957549,0.30398492147329476
957550,0.8999671350271341
957551,0.7193657061578957
957552,0.4465925575585042
957553,0.992403434382675
957554,0.042871217565481186
957555,0.316684083347546
957556,0.9999919895951804
957557,0.9999222274263975
957558,0.0221140661739156
957559,0.04508025993937869
957560,0.8701989683956365
957561,0.07311106864795777
957562,0.998338902310639
957563,0.9970286493259788
957564,0.14796144035830647
957565,0.5023153437850084
957566,0.9991788009335032
957567,0.9992731651638115
957568,0.9908103877301061
957569,0.779296385727227
957570,0.3612603521928348
957571,0.9924582677549164
957572,0.11290418622382477
957573,0.9781376445804151
957574,0.09992511262320522
957575,0.055538970614916174
957576,0.05144213789899733
957577,0.9988382258467354
957578,0.8944344283573451
957579,0.9994177039586438
957580,0.9997224546494643
957581,0.9876245229251885
957582,0.9993106311470494
957583,0.8603049231196157
957584,0.9998964324018849
957585,0.6959638981157544
957586,0.45933364497882906
957587,0.5552937053312111
957588,0.2691263068783831
957589,0.49242357833437056
957590,0.9996786676075938
957591,0.7293811862085939
957592,0.32467683357571436
957593,0.7724393508325308
957594,0.9999684596097672
957595,0.9941006097368603
957596,0.9798557667977041
957597,0.20988650503675765
957598,0.5754678866468214
957599,0.9967842628041141
957600,0.3980967326010214
957601,0.956453707914363
957602,0.5171084805112542
957603,0.42943920043727346
957604,0.9988459000629949
957605,0.5321989294363753
957606,0.9997630574548995
957607,0.9996519913069211
957608,0.9960310086282559
957609,0.7085649794298683
957610,0.9423984929042071
957611,0.3800966685587767
957612,0.2687686757967466
957613,0.12571021962613013
957614,0.9994629403950185
957615,0.4886304048444696
957616,0.9988554953056596
957617,0.9834742971122322
957618,0.6492511882632945
957619,0.47084375331143435
957620,0.9850745773682918
957621,0.28145280962344427
957622,0.986972987627093
957623,0.783546614235706
957624,0.9995167223222952
957625,0.49051441673327334
957626,0.9998980959952818
957627,0.9994920857267184
957628,0.1551674797554147
957629,0.9509913325910111
957630,0.7680142723451782
957631,0.9995935629257768
957632,0.9996822455576544
957633,0.5689373890641217
957634,0.9999393268604813
957635,0.6033440645611279
957636,0.9950045108580654
957637,0.45472592360406405
957638,0.922709138954311
957639,0.044029434539927484
957640,0.06541327642742224
957641,0.2906196441636424
957642,0.9999203877798905
957643,0.8406171973692398
957644,0.6069246034877
957645,0.9637672908837889
957646,0.9999782221694098
957647,0.04786202328322402
957648,0.9915689135042389
957649,0.3696504906112317
957650,0.9857122561080859
957651,0.9809752397250511
957652,0.9972833927536302
957653,0.9974523680250614
957654,0.6148948447535967
957655,0.9996971856731902
957656,0.06782204270949534
957657,0.03763463368160755
957658,0.2707887720320939
957659,0.9993949422449346
957660,0.9999604520894766
957661,0.9982817833477088
957662,0.9827053918072979
957663,0.9998215527951926
957664,0.9822161431835111
957665,0.2010834927404511
957666,0.9986539337298348
957667,0.9973204171202269
957668,0.9999743956268854
957669,0.8518103922660755
957670,0.9916289714990152
957671,0.9962693919823564
957672,0.1192177880723529
957673,0.9898245541431667
957674,0.8174356812002259
957675,0.8614959629394676
957676,0.999539019791511
957677,0.9996342727618137
957678,0.5870680407476289
957679,0.9543470366266589
957680,0.9882218337504587
957681,0.5525951246069309
957682,0.9949241228110963
957683,0.5198769685978198
957684,0.9980358259763163
957685,0.9572546605956878
957686,0.9999893312358039
957687,0.9999827199504692
957688,0.24198131838855905
957689,0.09477718927473193
957690,0.9532226467819087
957691,0.9997346731420831
957692,0.9984780343609466
957693,0.9976076716868427
957694,0.7156542608202263
957695,0.9456924108518638
957696,0.9998026578953891
957697,0.9998612748970872
957698,0.9919669488870888
957699,0.8844073096966552
957700,0.18421398041818177
957701,0.996574606725657
957702,0.24519106533699422
957703,0.3923897924215456
957704,0.9145461241799218
957705,0.9958693895061618
957706,0.17755261852915621
957707,0.95187167794049
957708,0.9979824320916892
957709,0.9983937356743807
957710,0.9991423166175332
957711,0.5570374453103393
957712,0.9998612082547567
957713,0.36711811383732806
957714,0.28825699015479067
957715,0.1993335943504394
957716,0.9857004140715545
957717,0.49344350846056345
957718,0.5460943489461935
957719,0.3679830750438995
957720,0.99538525420182
957721,0.2752367700497769
957722,0.8016701709708824
957723,0.9991955089343761
957724,0.19446697729992046
957725,0.9470633908321349
957726,0.9396232887040686
957727,0.9943610261454178
957728,0.9999545841382964
957729,0.4494625382058166
957730,0.9813575708564333
957731,0.03875046880871365
957732,0.08547282291764516
957733,0.9958549305421305
957734,0.945066115321084
957735,0.9433366253398601
957736,0.9329828432534353
957737,0.9999529355961845
957738,0.9969947319943906
957739,0.23071399482743593
957740,0.999995232617855
957741,0.9593543264664758
957742,0.7944881764116334
957743,0.9991773917621168
957744,0.09265871760543733
957745,0.7294573831672961
957746,0.9997505483268843
957747,0.9907076148219613
957748,0.9999893535530135
957749,0.9996761834242371
957750,0.9999725033779623
957751,0.7769956168676522
957752,0.944159856564127
957753,0.9999723155343622
957754,0.7038357720092351
957755,0.9931131285932759
957756,0.9977466546723901
957757,0.9072783314557634
957758,0.9722069549374961
957759,0.12183661331596944
957760,0.9965756924434843
957761,0.4640831716147128
957762,0.9909152783403427
957763,0.8470332596548642
957764,0.9991915738505944
957765,0.9282156309819608
957766,0.9996317426851226
957767,0.42623527330690525
957768,0.9997533637278826
957769,0.15190821769910604
957770,0.9936164171787119
957771,0.9994227778234391
957772,0.9928207230358492
957773,0.998084686044088
957774,0.9970103220665222
957775,0.9557978564954117
957776,0.974845358244357
957777,0.9999253928825065
957778,0.9996749325197449
957779,0.6544527719331181
957780,0.1336301428832019
957781,0.9982689679180723
957782,0.9849735128726695
957783,0.6792252055962594
957784,0.06255670504348465
957785,0.9997497073378638
957786,0.9641857748717679
957787,0.9980053645852833
957788,0.6586517889746784
957789,0.9997932018466507
957790,0.020342522508710312
957791,0.956837087860949
957792,0.9924984452200267
957793,0.009562420572448922
957794,0.9955893077133533
957795,0.8766134249110812
957796,0.9999247012364191
957797,0.8134292812870072
957798,0.965320765617208
957799,0.06712667256698913
957800,0.9987697830815496
957801,0.9996996675045541
957802,0.9999143134991558
957803,0.9368929904289669
957804,0.8241425924177987
957805,0.9688818077164438
957806,0.08784489892381553
957807,0.9998761917617991
957808,0.9253378360017855
957809,0.9984763934682933
957810,0.9999446588685112
957811,0.9987009984489306
957812,0.9991714660498655
957813,0.816990177921935
957814,0.986995100991967
957815,0.9999211118129228
957816,0.2553549769240686
957817,0.7026815743059874
957818,0.9996691677524523
957819,0.999312258684304
957820,0.04404307554057204
957821,0.9982918269749371
957822,0.607879889246527
957823,0.9679621516463573
957824,0.45100352000728405
957825,0.08187271790786706
957826,0.14919925484974325
957827,0.8261158616329185
957828,0.7685504604634965
957829,0.5497562804254149
957830,0.9817039115228768
957831,0.9807472752971647
957832,0.02610330951616236
957833,0.9192497631764313
957834,0.9997390232565438
957835,0.9843573320116994
957836,0.999309374937052
957837,0.15336365728643597
957838,0.32080435667386975
957839,0.9773910544221279
957840,0.9939582746581757
957841,0.0032971107784103954
957842,0.9976932871033708
957843,0.6821558878339196
957844,0.18387072225025664
957845,0.9892587033047999
957846,0.8755482741275058
957847,0.6681098643654608
957848,0.01670974148915652
957849,0.9996295632886499
957850,0.6715157988462519
957851,0.10004382067621204
957852,0.9877195613696721
957853,0.5223816066369602
957854,0.9999805600157257
957855,0.49631249607973826
957856,0.7366660897520245
957857,0.018421461191039743
957858,0.9690548226959157
957859,0.9441034098786041
957860,0.9999306345970215
957861,0.2990380865373806
957862,0.9775926437986577
957863,0.9439805295819033
957864,0.7039132367175271
957865,0.999758696245814
957866,0.2379785876587245
957867,0.2956152478591205
957868,0.9994856887079845
957869,0.9946455940420238
957870,0.9906481588183134
957871,0.9960015583374102
957872,0.02158594137104433
957873,0.9974083562636682
957874,0.9216212379970341
957875,0.010935598525670352
957876,0.9998656292102706
957877,0.9037302621106116
957878,0.9994562662738948
957879,0.9999654137523917
957880,0.7337075537529514
957881,0.4761864721776867
957882,0.9999788346493369
957883,0.5032616020465266
957884,0.571916982850134
957885,0.9923083451071186
957886,0.8168953400597218
957887,0.9995686265720277
957888,0.9967433364500453
957889,0.08578580748577343
957890,0.02982834264719779
957891,0.9181885393955534
957892,0.5711162773674757
957893,0.9999683641952655
957894,0.9990932149835954
957895,0.9926397036026691
957896,0.6316943703573256
957897,0.8702736381582686
957898,0.999767899459538
957899,0.49611254440842434
957900,0.009508884267875817
957901,0.9999870737799276
957902,0.47105670970977476
957903,0.999428935662604
957904,0.9999940996143789
957905,0.999680772951577
957906,0.9999511534260939
957907,0.8923089011659195
957908,0.8540350183511562
957909,0.9947336051379803
957910,0.9995788612037972
957911,0.4214632499883896
957912,0.9980914730522663
957913,0.998781280605309
957914,0.9962641925826268
957915,0.8142362362956179
957916,0.9095926754847197
957917,0.9122265607073619
957918,0.1907415311334399
957919,0.7885251988197284
957920,0.9999339165938583
957921,0.6235164904306545
957922,0.9998007077239444
957923,0.9991019795980277
957924,0.9830766037267383
957925,0.9289454826738335
957926,0.7477687993630442
957927,0.354898875356429
957928,0.9966346713263871
957929,0.7690948786070709
957930,0.9985869575764494
957931,0.9996102619732017
957932,0.8834842300748769
957933,0.10167769574829634
957934,0.9158813171051825
957935,0.46370041749049196
957936,0.9282583374332216
957937,0.19365975851152853
957938,0.9461758043539096
957939,0.9150743265380831
957940,0.9999007543708152
957941,0.997227019685244
957942,0.1507636418029042
957943,0.5273699255474962
957944,0.9997591335810821
957945,0.015655366331035273
957946,0.31327577631982584
957947,0.9964748021506495
957948,0.4009479182230461
957949,0.9960319943827696
957950,0.9900796047242009
957951,0.28896199044686477
957952,0.2588081929814333
957953,0.8683690474584371
957954,0.140151783611506
957955,0.17389811700584107
957956,0.9997033645852749
957957,0.027118966016180707
957958,0.9979020223322688
957959,0.9780360275029891
957960,0.9772117629597274
957961,0.5939493712551231
957962,0.9998903647740873
957963,0.9647812154144374
957964,0.9997840512707971
957965,0.999984574133729
957966,0.9201285168447577
957967,0.9994513385574999
957968,0.9024860305633478
957969,0.8931038145161762
957970,0.11584085489032162
957971,0.5883023087433332
957972,0.9998054709211017
957973,0.9958520073243595
957974,0.8482599465950226
957975,0.9976168508562985
957976,0.9999511423559964
957977,0.10373668552863627
957978,0.09743564430420415
957979,0.998683515266656
957980,0.7623207133536949
957981,0.46028502368462354
957982,0.06266034971766626
957983,0.14753077812955082
957984,0.010591379041361792
957985,0.4980692547543994
957986,0.9999762806655026
957987,0.9996255911134664
957988,0.9999213521389294
957989,0.9747131182010469
957990,0.9981965333567369
957991,0.36478735799232304
957992,0.9985611332298443
957993,0.04078139919163502
957994,0.9392407403124384
957995,0.584056283054066
957996,0.9929538478543903
957997,0.9996479671938461
957998,0.08253871462953387
957999,0.999720866130569
958000,0.18811676256475543
958001,0.5193453701637798
958002,0.9919563995480307
958003,0.9999470322263119
958004,0.9994266192322243
958005,0.9734540643562432
958006,0.1449717525825081
958007,0.5521905339826154
958008,0.27104624154258894
958009,0.9801783356793596
958010,0.9999681740906508
958011,0.9949512443100743
958012,0.9999344926083049
958013,0.9999228737640301
958014,0.6955276391404561
958015,0.9949225083967039
958016,0.008401233048368276
958017,0.9845416929874495
958018,0.4528169702303657
958019,0.5353626277696591
958020,0.6203150546289293
958021,0.9130094353914762
958022,0.25104670821526553
958023,0.9993352770494406
958024,0.01343296767263292
958025,0.9962519846999079
958026,0.5491731169874174
958027,0.1701190288201119
958028,0.3223440398190321
958029,0.050773056831810215
958030,0.9894900611269717
958031,0.9957577698607412
958032,0.5476824554974338
958033,0.5946231916173017
958034,0.11720555507545069
958035,0.13124782128937484
958036,0.9731250764138333
958037,0.9974645196817401
958038,0.921262195428642
958039,0.7721467029103599
958040,0.9266115674219144
958041,0.19997027539142442
958042,0.4982967051827028
958043,0.7458187301686361
958044,0.9978395735975651
958045,0.971791346054083
958046,0.01382280534332489
958047,0.961086532359682
958048,0.919535450398969
958049,0.9999428260677727
958050,0.2104684294337856
958051,0.5719115183548763
958052,0.5856091657308191
958053,0.9986830153362517
958054,0.9941689891091972
958055,0.09287846153481398
958056,0.9880174893169035
958057,0.999276561850461
958058,0.9918723293192917
958059,0.9996079294790626
958060,0.9995535723879156
958061,0.9871177629453141
958062,0.9794334373780021
958063,0.9940200662617648
958064,0.9989429300558705
958065,0.9885412647915978
958066,0.5014251746491689
958067,0.09914680259399115
958068,0.9997148781632711
958069,0.7450568739677379
958070,0.9990393576732904
958071,0.7509223262975285
958072,0.9740009756387669
958073,0.6505278651472802
958074,0.9978726758530511
958075,0.02336853806045799
958076,0.06933975834589373
958077,0.44203255759079685
958078,0.9979641955751245
958079,0.9897941026564383
958080,0.8729953060568159
958081,0.8146889214207664
958082,0.021890503910464477
958083,0.9998832574164309
958084,0.9985068247546077
958085,0.5786611573965835
958086,0.7920070436824285
958087,0.9999105223031272
958088,0.9963060599594555
958089,0.5427798046443817
958090,0.7907684220631351
958091,0.12324703849875379
958092,0.9957102433524682
958093,0.9997325193114457
958094,0.9429271564827573
958095,0.1798724844883265
958096,0.9997994334327456
958097,0.9999013736904683
958098,0.9992766754281214
958099,0.15274370155119055
958100,0.9205940592354012
958101,0.9978003503735803
958102,0.6009517826466103
958103,0.9843023703909883
958104,0.9884022626656501
958105,0.9958113340182055
958106,0.9196486776466083
958107,0.048794220277015056
958108,0.996978603393607
958109,0.9978671645656749
958110,0.9978697766577183
958111,0.33293033623125834
958112,0.8041582231641844
958113,0.9999533505801513
958114,0.916492206067745
958115,0.2388056854083916
958116,0.9446994896895277
958117,0.0054162903574234604
958118,0.9968510570260445
958119,0.538746205847765
958120,0.04223528424775025
958121,0.9983378023980564
958122,0.9797936144183024
958123,0.20163017207610634
958124,0.025928264896620923
958125,0.8280130578267562
958126,0.5475584472354488
958127,0.10849426761769174
958128,0.08291556328647728
958129,0.025716451332022057
958130,0.6525732473301743
958131,0.752963326529532
958132,0.9997042763838373
958133,0.8869061607754427
958134,0.9959776540964724
958135,0.9984139037418156
958136,0.02660654345993306
958137,0.7922286153982723
958138,0.9336918115461477
958139,0.028989776090817515
958140,0.31553432369827744
958141,0.04668355322851138
958142,0.9996884776254588
958143,0.6953670387797726
958144,0.9999831543253743
958145,0.21556646330390133
958146,0.9999104062336294
958147,0.2551789020497636
958148,0.12992828754473384
958149,0.25076400698602347
958150,0.9368042671580699
958151,0.6796178123134018
958152,0.41881598379631085
958153,0.9997783661570814
958154,0.7477297072451463
958155,0.3044351307691997
958156,0.21724745400294204
958157,0.9998333645987084
958158,0.9993419028018016
958159,0.37554614012293375
958160,0.9937031459924733
958161,0.9994497212574007
958162,0.9994722240266974
958163,0.9997617937072929
958164,0.9998571383882101
958165,0.9999710336560085
958166,0.14815271740844027
958167,0.9982137614190773
958168,0.9983167040837342
958169,0.906785856852502
958170,0.1701143478555401
958171,0.9998581340743651
958172,0.9912813302025411
958173,0.2954391155637641
958174,0.9981382513110725
958175,0.42945670609564274
958176,0.29997038110396834
958177,0.25240762417005624
958178,0.9999023711445895
958179,0.20249945358058502
958180,0.3209904294151422
958181,0.009068601746106453
958182,0.999676782894877
958183,0.9037586635515995
958184,0.46787171012253176
958185,0.9211064968646474
958186,0.9999226299130584
958187,0.2410997839048229
958188,0.9999533859874687
958189,0.7946077828011926
958190,0.02832916259100579
958191,0.7171848063417051
958192,0.013840105797012336
958193,0.9982194090852083
958194,0.37759398465521354
958195,0.3402944126171135
958196,0.8216732896834937
958197,0.9991075571942464
958198,0.9978585185409767
958199,0.5681237522895214
958200,0.49563290308471225
958201,0.4903946189864892
958202,0.3317198445575303
958203,0.004695168215272208
958204,0.9996280249549729
958205,0.9973702959479632
958206,0.9975374059858029
958207,0.9139659486259528
958208,0.023346768724135804
958209,0.9999670549711417
958210,0.9974498011166164
958211,0.41064862665803925
958212,0.9999397269309596
958213,0.9999353268064852
958214,0.06960130043394758
958215,0.6612996425715673
958216,0.677862621934665
958217,0.9999580076596599
958218,0.24624992206403318
958219,0.9988196493498157
958220,0.057584311949441525
958221,0.9998651197420323
958222,0.999947679052952
958223,0.9996938434653482
958224,0.6045211157356642
958225,0.9992547072185571
958226,0.9984627978993093
958227,0.9989324490898677
958228,0.9982722815029743
958229,0.1424044149086045
958230,0.011548467526775703
958231,0.15208777894023126
958232,0.9998136387280825
958233,0.7669175036368642
958234,0.8455178266465719
958235,0.9994924963152056
958236,0.9996735548259414
958237,0.27814118313965847
958238,0.998841226339925
958239,0.999831420099099
958240,0.9993354071800635
958241,0.027860096344904658
958242,0.9995748868359404
958243,0.049516815908931165
958244,0.5920137949337242
958245,0.9999518326998244
958246,0.00891556393780202
958247,0.03238732026656113
958248,0.10892586737675176
958249,0.13577530151296932
958250,0.9991819439112072
958251,0.9999235352542575
958252,0.18054242258133074
958253,0.14369541470962488
958254,0.9994647816024655
958255,0.9951047059981178
958256,0.009862377393688816
958257,0.09243561862730021
958258,0.22678371785523152
958259,0.9917467483233317
958260,0.7566208229237006
958261,0.4352269195928622
958262,0.9187918139982428
958263,0.2795933057575023
958264,0.9984856405774445
958265,0.11450532845755305
958266,0.7372514847918266
958267,0.997473190053459
958268,0.06574507464996915
958269,0.5396381694771335
958270,0.03068962387233916
958271,0.8323537144067789
958272,0.9860840720815494
958273,0.9950106269336401
958274,0.42784237075428466
958275,0.9985993430806173
958276,0.008240434321202077
958277,0.9999642209062384
958278,0.2761290501051032
958279,0.08706523705023081
958280,0.18620517720163265
958281,0.993805851841952
958282,0.9999355722749017
958283,0.9999744727950501
958284,0.9982991064732567
958285,0.8923155510695696
958286,0.9694084010046623
958287,0.9999339263690783
958288,0.20646260775294586
958289,0.7167765157716084
958290,0.02257287857193435
958291,0.3950056925823874
958292,0.9860796689840516
958293,0.2626511357895688
958294,0.9988890269488984
958295,0.9926901309480497
958296,0.986164612823728
958297,0.10168549909395719
958298,0.4215328097109602
958299,0.9003251385466533
958300,0.9961841316286166
958301,0.7238768586859476
958302,0.998662709215727
958303,0.9997893909794602
958304,0.2303405860113964
958305,0.9952410682602402
958306,0.9996600877279558
958307,0.9996145043769077
958308,0.9823300105602246
958309,0.2859971464400356
958310,0.9971535767034487
958311,0.3120428026170321
958312,0.48705084149329103
958313,0.9999522286250893
958314,0.8483782358538623
958315,0.9999280103289322
958316,0.7010487711402813
958317,0.045882066454459386
958318,0.9996060393477966
958319,0.051548496428237424
958320,0.9965013234120841
958321,0.976103918851928
958322,0.33030519160887595
958323,0.03589123281307029
958324,0.9978985479053645
958325,0.9999131618666113
958326,0.9991202323542282
958327,0.9421832737142429
958328,0.9363541640242934
958329,0.9996853213921297
958330,0.9938705827162745
958331,0.7234353047399568
958332,0.07259199577318502
958333,0.9998328220303359
958334,0.10879933889530376
958335,0.9997120283400835
958336,0.1417954865204708
958337,0.9796369324005765
958338,0.012339354493882546
958339,0.8190744136573688
958340,0.9998845079173502
958341,0.47119588471023144
958342,0.24678742773479712
958343,0.9967295184824461
958344,0.8444350099451448
958345,0.9974759178655621
958346,0.8077674674786359
958347,0.9993712974330532
958348,0.8586807258149144
958349,0.9996526797718884
958350,0.9939175837559282
958351,0.014491742732985402
958352,0.9999861370784979
958353,0.9999689273093966
958354,0.7691435768265487
958355,0.9954925593937608
958356,0.9750675481174107
958357,0.9997419816104622
958358,0.999773178659436
958359,0.6630471005772086
958360,0.55082036690483
958361,0.01811316903266143
958362,0.32471776796581925
958363,0.9997550621824169
958364,0.9999384372919222
958365,0.8111128704682191
958366,0.9982738056713065
958367,0.5687715814311387
958368,0.27034901317413956
958369,0.5384397044244614
958370,0.08388470125758034
958371,0.9879911245142055
958372,0.027283351958457845
958373,0.9583056193683247
958374,0.1677918965518133
958375,0.5252548233331721
958376,0.022351819422447565
958377,0.4763152197935673
958378,0.6291779451599773
958379,0.999375406435988
958380,0.9999789648498041
958381,0.9993634461491967
958382,0.9969315326748465
958383,0.11243154962378239
958384,0.9990823482333978
958385,0.9951050059105695
958386,0.9493333290503773
958387,0.9995321348026247
958388,0.37967040998671703
958389,0.9763602040601942
958390,0.9739810492528912
958391,0.9999266640807827
958392,0.8977446073900945
958393,0.008177097910041752
958394,0.9838637434178765
958395,0.8724502910809444
958396,0.5316799579907323
958397,0.4996795595860429
958398,0.9786514421979458
958399,0.9671317638186789
958400,0.9999946347727575
958401,0.6763477438930059
958402,0.98604596494862
958403,0.9512206771338996
958404,0.9606387766653863
958405,0.2681804680502283
958406,0.6812857721298193
958407,0.9991967267023525
958408,0.9964886503465051
958409,0.017243184334399423
958410,0.7661465978822386
958411,0.9994719415626967
958412,0.01400049410787277
958413,0.11207831048815892
958414,0.7765828345734053
958415,0.9999802070483945
958416,0.925197626952782
958417,0.9577636781857137
958418,0.5184177268151199
958419,0.9999489645642565
958420,0.26824107304793415
958421,0.4690755716032777
958422,0.9994782215950538
958423,0.4161552042809602
958424,0.10901623145939446
958425,0.7711826477307566
958426,0.9326194351421824
958427,0.9167785621490723
958428,0.9998171209001567
958429,0.2262992164283254
958430,0.9999873968486758
958431,0.38778468781983855
958432,0.9482829218850872
958433,0.9988976339521327
958434,0.9756877407360466
958435,0.9999373839119409
958436,0.22666082765518722
958437,0.9981221870032495
958438,0.0069764806608427895
958439,0.9999830698616811
958440,0.9996794062180847
958441,0.5218454785357928
958442,0.9505214509574602
958443,0.999919610283828
958444,0.9992395384533862
958445,0.9971313609709705
958446,0.8755533717230184
958447,0.6241355818214305
958448,0.9999760355560572
958449,0.9993490653873074
958450,0.15262138953345114
958451,0.8749928609717841
958452,0.1092826126207749
958453,0.1431170951483988
958454,0.17183367729262178
958455,0.08513889137397915
958456,0.9999700209457255
958457,0.9997818434469345
958458,0.9075068477325003
958459,0.20859545623332915
958460,0.05304238352685542
958461,0.06581808242659704
958462,0.35813609359774806
958463,0.9994683963961746
958464,0.9995436783629106
958465,0.19733575799316566
958466,0.5625106181989281
958467,0.9991940655087628
958468,0.9457661441174223
958469,0.9371445272913856
958470,0.18687285667342302
958471,0.8386355281729592
958472,0.9923202514840359
958473,0.11719989153083538
958474,0.8793698241398902
958475,0.9995525564581165
958476,0.9870877890694092
958477,0.9732834505876906
958478,0.4438394833811552
958479,0.9847236001250634
958480,0.9857804551651879
958481,0.9759694560842588
958482,0.6985177762353021
958483,0.6583830463017077
958484,0.9688196604801698
958485,0.050570473510128895
958486,0.9722289101489843
958487,0.9376742316279378
958488,0.093674628885071
958489,0.948038579290502
958490,0.02216989271840827
958491,0.9978604451274522
958492,0.8397952245638425
958493,0.9995369168884556
958494,0.9991127429926738
958495,0.9999073342947368
958496,0.1758931720083467
958497,0.9997603758701862
958498,0.9979623218637093
958499,0.2371485760315962
958500,0.47988919030933275
958501,0.9999268241839941
958502,0.8941348280011581
958503,0.9986335945558362
958504,0.21198585333943362
958505,0.4142311532564404
958506,0.05631981005887145
958507,0.057109780338444736
958508,0.9956097799798749
958509,0.010870674640014866
958510,0.9999812324602352
958511,0.9866505728634203
958512,0.7301152009763803
958513,0.9998627062491716
958514,0.9933691111438651
958515,0.9995242477781916
958516,0.999977485458454
958517,0.08212296418738033
958518,0.99018239840612
958519,0.8173429824426371
958520,0.9999494694390467
958521,0.0943217034478472
958522,0.9906526111304977
958523,0.7875926950582708
958524,0.9999562955157455
958525,0.889522394892556
958526,0.9933238103040932
958527,0.9999467871342556
958528,0.9999237782265863
958529,0.6276397651797909
958530,0.9953008632242906
958531,0.9999861725340486
958532,0.7570854959816361
958533,0.08289419727836193
958534,0.004238533206300849
958535,0.013104901413495743
958536,0.7060548046813501
958537,0.9999556132127488
958538,0.9999051248153865
958539,0.9982756628127907
958540,0.9998694794678776
958541,0.07794345864264585
958542,0.9909633876814987
958543,0.9900929816874428
958544,0.14596498606000285
958545,0.8560186719495969
958546,0.058753522013695866
958547,0.7298824503297711
958548,0.9967937461821554
958549,0.7906401585798369
958550,0.018779516443065573
958551,0.015039754015356833
958552,0.02084066838456982
958553,0.04547436171115907
958554,0.9999844218498901
958555,0.9999861594427323
958556,0.9997893260387981
958557,0.35600103218855256
958558,0.26169265603754
958559,0.7449158540998793
958560,0.9911200643936555
958561,0.999642290949304
958562,0.06021352340240646
958563,0.9999740243814884
958564,0.9998368437774476
958565,0.6006169363051836
958566,0.8937115453619293
958567,0.9983815978800616
958568,0.037877015980624894
958569,0.01880078368882212
958570,0.9947487132600534
958571,0.8621098497151118
958572,0.1308284992238264
958573,0.4493722287153662
958574,0.7501383718736867
958575,0.9980356042079703
958576,0.992080903044703
958577,0.4179129203007384
958578,0.9973027253225624
958579,0.006803959190610692
958580,0.6603978371703232
958581,0.87231660843504
958582,0.8802494342491023
958583,0.5280028828534853
958584,0.9997178447196107
958585,0.9998435617505201
958586,0.999393731300088
958587,0.5037932652742042
958588,0.9316222224592703
958589,0.9997684171254073
958590,0.9143754612966254
958591,0.8734749322448363
958592,0.9689154188000629
958593,0.999982958328424
958594,0.9632855251641914
958595,0.9993795471947844
958596,0.372379933781515
958597,0.9995412351668369
958598,0.9931093161479353
958599,0.011843882809759574
958600,0.1898915645051653
958601,0.9987296196993183
958602,0.9998753988383
958603,0.9985140609187009
958604,0.9807323814721439
958605,0.2358513822847778
958606,0.9999183317370738
958607,0.9999782338336429
958608,0.030892696490989947
958609,0.17321326810195792
958610,0.9943871473632997
958611,0.9999263150234762
958612,0.8901534343610061
958613,0.16343349314257166
958614,0.9827169621097211
958615,0.4405820852000917
958616,0.976937942121504
958617,0.6334424694381343
958618,0.9999797613165877
958619,0.9185019494822512
958620,0.6674823254229683
958621,0.988049515521799
958622,0.9997317028214481
958623,0.16612787245960953
958624,0.86710811153643
958625,0.9999762943570719
958626,0.9999642372030267
958627,0.9998890667550298
958628,0.9671386566685083
958629,0.8658842770287041
958630,0.9952397446803294
958631,0.036454469028556175
958632,0.9931801869099647
958633,0.715677231295871
958634,0.14777011176327362
958635,0.8737458720267187
958636,0.9986733642150092
958637,0.22840922246238266
958638,0.40221491863428194
958639,0.9850917800567561
958640,0.9187762255396106
958641,0.9998977289107203
958642,0.8437702788732958
958643,0.9992677624284783
958644,0.43328597345234765
958645,0.9999759706262984
958646,0.9995234010589373
958647,0.762349925981004
958648,0.9945479656455468
958649,0.544226006982495
958650,0.3374943206193374
958651,0.9990803479713928
958652,0.999632522669262
958653,0.9997973985782886
958654,0.9666899018856947
958655,0.07961757770648158
958656,0.9996611890802544
958657,0.6337026523773919
958658,0.9621540342878101
958659,0.387239994114734
958660,0.981536307058187
958661,0.999766329719221
958662,0.9914627376318341
958663,0.8324900620380646
958664,0.9998220276468004
958665,0.05484337926268887
958666,0.6664431389982461
958667,0.014533568769373006
958668,0.5137227948565235
958669,0.915789667632332
958670,0.9993832070492692
958671,0.9219029093827638
958672,0.5845984985739858
958673,0.4513899504267287
958674,0.9992223664626059
958675,0.9997843873552746
958676,0.999884210132941
958677,0.947101029766005
958678,0.24753900197019904
958679,0.9998529135230643
958680,0.9999547624668153
958681,0.41433115072887505
958682,0.03881417399265882
958683,0.959097319135052
958684,0.8996282643152753
958685,0.8713847840249201
958686,0.3524620052250073
958687,0.01810958013711806
958688,0.7748704344061185
958689,0.07476353038934493
958690,0.9981770253454691
958691,0.9995168970155832
958692,0.9993922707697707
958693,0.9182269711059581
958694,0.9995493742751925
958695,0.9998339500383588
958696,0.9999890152206645
958697,0.9599515753576393
958698,0.998357669598793
958699,0.14536532716725506
958700,0.2343312994140423
958701,0.2732726074810274
958702,0.6283452197335742
958703,0.9989395494691318
958704,0.9146630834684428
958705,0.9989437021757257
958706,0.13901496554076062
958707,0.9099979713761986
958708,0.9999403499770917
958709,0.17174110505900989
958710,0.5410194550126505
958711,0.9952184122080254
958712,0.8087721131946191
958713,0.838749103671744
958714,0.9217222679092949
958715,0.620413701051685
958716,0.9599522654137256
958717,0.9998872801681377
958718,0.9812363904345116
958719,0.38379881958188056
958720,0.9999824579488904
958721,0.9976935291954261
958722,0.9977823486223192
958723,0.9994583854291273
958724,0.1023690210355851
958725,0.9997519086770819
958726,0.2759829344718015
958727,0.9940533074614037
958728,0.9315283192002508
958729,0.7210575180165939
958730,0.9176558351758516
958731,0.9999938809214519
958732,0.999708889135952
958733,0.9238242515448478
958734,0.006983754393871006
958735,0.9989839918382282
958736,0.3098855323293053
958737,0.8024604601750511
958738,0.9981581138034105
958739,0.19902073451924687
958740,0.32628354725282505
958741,0.7394728252137366
958742,0.9942134164638341
958743,0.9924876232288944
958744,0.9985096902348521
958745,0.9998777673749746
958746,0.8213748992194596
958747,0.1673284407091576
958748,0.07453805289431613
958749,0.9728827175280541
958750,0.9999672678414333
958751,0.9999208423455317
958752,0.9999666032773626
958753,0.9999393223712383
958754,0.20633772778112763
958755,0.8861401896858607
958756,0.40115507191683936
958757,0.8097394263516722
958758,0.016565994459926594
958759,0.9233648145571068
958760,0.038778034315466184
958761,0.2849265653951665
958762,0.18481681425876068
958763,0.9999883125489635
958764,0.6756928903652183
958765,0.001997667221070804
958766,0.04170175030249616
958767,0.6469042426190837
958768,0.6529179785404355
958769,0.9940668306561755
958770,0.6441221091923728
958771,0.392018279192779
958772,0.8661018700172576
958773,0.986053855523039
958774,0.02794526746065708
958775,0.999904522456887
958776,0.8269047338225323
958777,0.1667700570393041
958778,0.45180107814965986
958779,0.11431424929621425
958780,0.9997643264583972
958781,0.7699096503125917
958782,0.9884357266844648
958783,0.8722475851070133
958784,0.06660485065943032
958785,0.9995324071373395
958786,0.9998770212671162
958787,0.9978813150727806
958788,0.23932077559234144
958789,0.9997321256575147
958790,0.9973971578624754
958791,0.9928955946878802
958792,0.9964565035083919
958793,0.3596956537351791
958794,0.9999840058652809
958795,0.5113063698424144
958796,0.0453889814500975
958797,0.974185907417841
958798,0.03728076704615297
958799,0.40686747461841943
958800,0.9996221954202333
958801,0.9999834905357061
958802,0.9947344326020489
958803,0.9937744245926042
958804,0.999591762190735
958805,0.8367845842728537
958806,0.004146825149191735
958807,0.4925500084383448
958808,0.5664419944612042
958809,0.9952548224537019
958810,0.8289532775604844
958811,0.9961530607492318
958812,0.6385294296180077
958813,0.9218702396043227
958814,0.9457642874933473
958815,0.1469587152471888
958816,0.02434237540478197
958817,0.9995602795130645
958818,0.9983630114982491
958819,0.999056689630321
958820,0.8913465560742992
958821,0.17224017380865853
958822,0.9995853700655917
958823,0.9992105150095685
958824,0.999135120073725
958825,0.931156797248551
958826,0.9458765199292688
958827,0.9974141875745474
958828,0.45583079214310557
958829,0.9790088268658428
958830,0.999509384707751
958831,0.849988554338361
958832,0.9836024835920387
958833,0.40379138272762694
958834,0.9999040148895546
958835,0.9901593037371972
958836,0.7531025761350345
958837,0.9317320521213271
958838,0.9969294866558749
958839,0.4379964422611243
958840,0.04068106738236632
958841,0.8395341525030038
958842,0.6693677630439662
958843,0.9863254859290054
958844,0.5760449636706535
958845,0.6485068930844151
958846,0.999908783047458
958847,0.9464964772953821
958848,0.8964535846975739
958849,0.9871984319918068
958850,0.9986144555591423
958851,0.9588063880893113
958852,0.9916243343876844
958853,0.9945790989317733
958854,0.02478077671340465
958855,0.9091786146974176
958856,0.2324239558793818
958857,0.8486263547868182
958858,0.6669046697195139
958859,0.999608169950601
958860,0.858167112418962
958861,0.9882378774240856
958862,0.9908851232952237
958863,0.9997428959544328
958864,0.9998241023061152
958865,0.28600103128532467
958866,0.03423436228724598
958867,0.45910456302846836
958868,0.9844440956639494
958869,0.49836965130184935
958870,0.22328169686076024
958871,0.9998295922653383
958872,0.9816828866485285
958873,0.9988781957559869
958874,0.4513993848312861
958875,0.9277907214973053
958876,0.9942614607245743
958877,0.9832794347227733
958878,0.8140393499465501
958879,0.8876914611315675
958880,0.5101164151400136
958881,0.9643137306358064
958882,0.9990607205629224
958883,0.8889335326761827
958884,0.03396374738836193
958885,0.9999300144981051
958886,0.9997573258171117
958887,0.18911015930109604
958888,0.9071781164695112
958889,0.9999729185093522
958890,0.7002374981978842
958891,0.9998131078638388
958892,0.9690499036130823
958893,0.9716705792119228
958894,0.7663984986216645
958895,0.9842912035903121
958896,0.7611862645886058
958897,0.9790670070648524
958898,0.9999238882509698
958899,0.999976691658707
958900,0.9999602004796341
958901,0.9999164342373096
958902,0.9999472861470616
958903,0.38058801333306386
958904,0.9949870309057461
958905,0.02290390825688233
958906,0.6405365446689766
958907,0.06320354849617929
958908,0.5787325182488021
958909,0.029100932087885115
958910,0.3820534621074064
958911,0.9928870001666132
958912,0.04306885845585277
958913,0.8330890813960086
958914,0.28258886130653865
958915,0.3034635101450577
958916,0.23194374476527915
958917,0.7454417668196252
958918,0.9998720322715463
958919,0.4979691206212797
958920,0.9999204903396326
958921,0.040131184065093174
958922,0.4722838364198362
958923,0.2104294624007137
958924,0.7783737055605255
958925,0.8459845591902151
958926,0.016088080504337913
958927,0.6798908707003382
958928,0.9999439034090412
958929,0.674883489361364
958930,0.9292653723734954
958931,0.9238616195248666
958932,0.008025876421157485
958933,0.24477011625165263
958934,0.999538357902452
958935,0.9998305717922741
958936,0.5622181301723025
958937,0.6481430683153547
958938,0.001403747890391186
958939,0.9993672667160677
958940,0.723168350072287
958941,0.9969359464936844
958942,0.9979455201020236
958943,0.9997414541953678
958944,0.5802397960424154
958945,0.33286819635180376
958946,0.8502027136358377
958947,0.7983651314152372
958948,0.9997798012909593
958949,0.036185294554607304
958950,0.9889914726910037
958951,0.8852853581418372
958952,0.10711856555598723
958953,0.999954234052332
958954,0.2978225842624095
958955,0.898219121680029
958956,0.9966709981339104
958957,0.9998456063856456
958958,0.9998082515528395
958959,0.9999741154099664
958960,0.010583500788236475
958961,0.9969951160139399
958962,0.9986495899610945
958963,0.9999385976148011
958964,0.40588634823826664
958965,0.015142900030250084
958966,0.9997284370583803
958967,0.564292032884594
958968,0.3335238569951051
958969,0.0922313358475123
958970,0.047749772261609716
958971,0.13022083741035045
958972,0.9850042645038541
958973,0.010529574456497635
958974,0.10345461672837027
958975,0.037833793067388266
958976,0.9846531176116188
958977,0.9998506171303267
958978,0.9251396407588977
958979,0.9979279905919514
958980,0.9999110365649131
958981,0.997962951837684
958982,0.048087009826113185
958983,0.9045949292021965
958984,0.9836911049356984
958985,0.9996143151184324
958986,0.9982359386740418
958987,0.29941628649095503
958988,0.9994725432397134
958989,0.4609363745165308
958990,0.03245221701345015
958991,0.8976990008761497
958992,0.861257476341578
958993,0.7954526976824783
958994,0.05990725749166849
958995,0.4354392224508005
958996,0.9995316340988151
958997,0.9995198384218265
958998,0.2877663859326415
958999,0.9913125732382686
959000,0.3068392315883182
959001,0.9968907582485165
959002,0.9342651197447923
959003,0.1310426601494517
959004,0.044781006888048536
959005,0.9890562439922672
959006,0.9999547047154048
959007,0.9637374057560408
959008,0.5542972874133126
959009,0.8764409102519529
959010,0.9637782542633887
959011,0.9491984610324632
959012,0.9481256259622235
959013,0.759973976181946
959014,0.9549859620334797
959015,0.04827534420499424
959016,0.4679243713525155
959017,0.7963973237893032
959018,0.9967517789681203
959019,0.9986278077986014
959020,0.9996653581070408
959021,0.992866948143764
959022,0.8246133006392435
959023,0.9998286048326764
959024,0.2868815704639123
959025,0.9991092778975208
959026,0.9604033407956356
959027,0.9050603255752991
959028,0.630466881432403
959029,0.41760537958956295
959030,0.28389294212758176
959031,0.9900286984960909
959032,0.964971622354479
959033,0.9996434179837433
959034,0.9999797103127325
959035,0.027869554858941277
959036,0.523712333984759
959037,0.995902546620673
959038,0.06536659271350143
959039,0.9994241197200908
959040,0.9994342398025755
959041,0.02723434394469272
959042,0.024762901287543125
959043,0.08443639895811977
959044,0.3577414919419465
959045,0.998333044168183
959046,0.6926816205296296
959047,0.9998639688555392
959048,0.5528465245479005
959049,0.28536065575996106
959050,0.9932078230871271
959051,0.9998316938182213
959052,0.9663699824515015
959053,0.7774027515105733
959054,0.5468468667908369
959055,0.166751674929132
959056,0.5090584793737969
959057,0.5728002053169288
959058,0.11492098446184824
959059,0.797026452557225
959060,0.856970877918209
959061,0.920895935537444
959062,0.6714253013011469
959063,0.996970955931482
959064,0.05298536770489534
959065,0.5855032362568862
959066,0.5058166461615616
959067,0.9999586377884855
959068,0.16667042744279875
959069,0.4496563821526345
959070,0.07543800818234672
959071,0.4632965683698328
959072,0.998417062154845
959073,0.04142927218804591
959074,0.020611178750177036
959075,0.9999394005958218
959076,0.9995764975298204
959077,0.16439481221504096
959078,0.3502492958993019
959079,0.9579027863163394
959080,0.02503743815537674
959081,0.8478008421464547
959082,0.8285001467898199
959083,0.2494644495145582
959084,0.5956265238419111
959085,0.04579911105681661
959086,0.9994059396067243
959087,0.910566636099781
959088,0.9983077995999283
959089,0.7002978979382182
959090,0.9989518557605122
959091,0.9957040128911745
959092,0.964868511374964
959093,0.9996497632159581
959094,0.2177340588286295
959095,0.9673916521956287
959096,0.7659557908584411
959097,0.8291453381403436
959098,0.9763504676912
959099,0.7082229201055206
959100,0.8958017673760681
959101,0.28339807427750946
959102,0.993090109061811
959103,0.4422163809307109
959104,0.9996246367289252
959105,0.9967528066860333
959106,0.9964205459043711
959107,0.999227013525843
959108,0.9999383871568028
959109,0.7782651924683833
959110,0.38040171735351114
959111,0.047567637914313364
959112,0.9683170379683462
959113,0.9748050606098893
959114,0.9994762846318253
959115,0.9886749203123026
959116,0.9995223668080926
959117,0.9996942529427391
959118,0.9999407187889697
959119,0.953081973258491
959120,0.17571482949261494
959121,0.9943616326159678
959122,0.9996569703039602
959123,0.9394737717546
959124,0.6225981297480632
959125,0.16964624941924442
959126,0.9888859984345465
959127,0.9996604948520024
959128,0.3818612645748121
959129,0.019681357065721987
959130,0.9997001931828187
959131,0.08577056507878356
959132,0.05615930696262145
959133,0.9989133342375562
959134,0.4678409754631501
959135,0.9844060820992167
959136,0.009207219697190697
959137,0.3568293452276333
959138,0.9999651653253496
959139,0.8996391352838033
959140,0.9124581272805209
959141,0.8511581128021988
959142,0.999631633134886
959143,0.9997451111738772
959144,0.9995718003798026
959145,0.016749206426448882
959146,0.9103436382206863
959147,0.012002104358091552
959148,0.31601250756095706
959149,0.5812806553778234
959150,0.9995563109598913
959151,0.9996960534516424
959152,0.4166302581781426
959153,0.9843710944844365
959154,0.21010815401390193
959155,0.9985599304695195
959156,0.5950057594376137
959157,0.8458035567585404
959158,0.13224012086791842
959159,0.22161215505411228
959160,0.8223223520594332
959161,0.9986378189516416
959162,0.48292734363051726
959163,0.9998882293298055
959164,0.8004292886012828
959165,0.07820888048704223
959166,0.9475380286771559
959167,0.7781134550568891
959168,0.6643724033738381
959169,0.1424352690715813
959170,0.999990359597591
959171,0.5600320868921332
959172,0.9997441716758726
959173,0.9995899967790821
959174,0.9998194872400292
959175,0.6239281539783562
959176,0.9762131142122003
959177,0.6660322353973983
959178,0.2768317833993005
959179,0.037758178244190845
959180,0.936916990420467
959181,0.7296617089883859
959182,0.9822263299146103
959183,0.6758021809552306
959184,0.1743385244153755
959185,0.8865430523463174
959186,0.9686722483746688
959187,0.1271237379238663
959188,0.5368623019305818
959189,0.2916406936209235
959190,0.9987941610680813
959191,0.04759232659281036
959192,0.024141664600797735
959193,0.69650089134301
959194,0.9997146044447964
959195,0.6261860477132087
959196,0.5813496792836756
959197,0.7792037625109551
959198,0.42955364497941095
959199,0.999965014630035
959200,0.006639483540535111
959201,0.465662299264917
959202,0.9815156779612305
959203,0.3535900742219889
959204,0.9990690100399848
959205,0.9984311369620179
959206,0.3177579406404277
959207,0.9890075472877247
959208,0.9033886022291672
959209,0.8087353024813442
959210,0.9997409966147768
959211,0.8849822254930955
959212,0.9641109475099912
959213,0.9759109075421396
959214,0.2741549893691268
959215,0.9999235496210788
959216,0.9809268006759071
959217,0.9998573643083483
959218,0.0170993334930744
959219,0.06996395019966674
959220,0.03937515859179239
959221,0.0967386468355388
959222,0.9051091250241841
959223,0.9993485615687145
959224,0.08171419096293164
959225,0.9162343953370928
959226,0.6857895854837988
959227,0.36990219852883166
959228,0.9748089550270548
959229,0.9989058900481806
959230,0.14936035759333213
959231,0.9539098883548841
959232,0.30944460949205077
959233,0.8725035989959269
959234,0.6754265852924404
959235,0.01255328794541638
959236,0.9987075158724019
959237,0.896984438960533
959238,0.002991466375659513
959239,0.9989882307014362
959240,0.9988378808601609
959241,0.03536390519728565
959242,0.6800790914846168
959243,0.9395259465620276
959244,0.9998451703903971
959245,0.9979786156628189
959246,0.18273801699965775
959247,0.999279717465544
959248,0.9962614453569592
959249,0.9992029957986167
959250,0.5018461696689345
959251,0.008533982898495853
959252,0.3344019606648353
959253,0.9999746387141877
959254,0.9978883208096069
959255,0.9044507536397718
959256,0.9996225029735556
959257,0.9995011100220637
959258,0.9906431495394887
959259,0.9990923169659327
959260,0.999520585567856
959261,0.06853368117247687
959262,0.5901852090895233
959263,0.9928220133892667
959264,0.26855050018257137
959265,0.999623486063469
959266,0.9722136084716264
959267,0.671518891814599
959268,0.9990997304094611
959269,0.9868621201730559
959270,0.09463134719092615
959271,0.2218938186061013
959272,0.7348499019647454
959273,0.999946378393171
959274,0.402391136459886
959275,0.99972388993761
959276,0.9943810935742703
959277,0.6054657701798459
959278,0.9994416444314619
959279,0.6568712898822917
959280,0.8820436136821908
959281,0.9462994065279391
959282,0.5598831385979008
959283,0.02371515131900652
959284,0.9998584542875716
959285,0.9992499436417658
959286,0.2203679601336173
959287,0.9239869714124856
959288,0.9689211888619166
959289,0.9927516039025995
959290,0.3507679598528621
959291,0.6499127624350916
959292,0.7357765189070709
959293,0.5625586013337031
959294,0.3964147675179428
959295,0.9989361571383322
959296,0.09894996415003851
959297,0.9321837948925007
959298,0.9978003901848109
959299,0.5107195637009936
959300,0.8290183167266569
959301,0.17076218776199886
959302,0.9961450578558098
959303,0.9982515167147055
959304,0.4662019178986542
959305,0.9989512898217581
959306,0.9999906344117377
959307,0.6975317589273122
959308,0.9999357998470171
959309,0.9992400574040244
959310,0.6999387192104356
959311,0.9984507674862242
959312,0.4483545502216297
959313,0.7452314140738598
959314,0.06951931449077285
959315,0.9997822959324076
959316,0.4167408876159452
959317,0.9997822113854384
959318,0.9999392265420786
959319,0.999640903757354
959320,0.7872851110771621
959321,0.9999755471929003
959322,0.9952954284088378
959323,0.986023187849196
959324,0.9998922174112639
959325,0.07885505721083352
959326,0.4862613448467707
959327,0.9181631996126893
959328,0.9995736981973907
959329,0.2504099575943815
959330,0.9902110811711644
959331,0.2641607917154002
959332,0.1311768244693944
959333,0.020862740334924884
959334,0.9640777722946388
959335,0.9993526772762537
959336,0.9971256907154551
959337,0.8731340522826593
959338,0.46169360387051017
959339,0.9955551001382481
959340,0.017961555573360162
959341,0.8651349559382431
959342,0.24448763562320774
959343,0.9962441377118934
959344,0.3400305739442655
959345,0.0348577822174279
959346,0.9085217739777462
959347,0.9980312446123067
959348,0.5474915635379658
959349,0.9999188869075324
959350,0.9591036507732201
959351,0.16898336773234143
959352,0.02510859332326092
959353,0.2041783582678472
959354,0.229909034059603
959355,0.3162630807346292
959356,0.8567114879156431
959357,0.16081047449119384
959358,0.31759608881162305
959359,0.0075619877620429765
959360,0.6656611118180843
959361,0.037517839469298805
959362,0.9795611068950796
959363,0.02930411097685867
959364,0.37813206102523556
959365,0.9999865532528306
959366,0.9999052166351468
959367,0.9999861709093008
959368,0.9976504718291863
959369,0.10518127792102508
959370,0.9993326527546575
959371,0.9998669909159182
959372,0.029383558971321833
959373,0.9999304576941221
959374,0.8079023303797109
959375,0.14089580706099974
959376,0.10079922836221358
959377,0.6783482319624591
959378,0.34573782207622017
959379,0.9993095881470847
959380,0.9871355226000228
959381,0.8872061604370209
959382,0.9999926908669108
959383,0.42972137099174623
959384,0.9431558498337923
959385,0.9999707556977818
959386,0.948874974121114
959387,0.46483238961657924
959388,0.7757011121057747
959389,0.2193823101025654
959390,0.333976356575597
959391,0.9993079840065446
959392,0.7455233116402445
959393,0.6031756231903607
959394,0.9788174756913937
959395,0.093695728212785
959396,0.4958918968455982
959397,0.9955998341607766
959398,0.9999953576405647
959399,0.0452373426708324
959400,0.9956681235926297
959401,0.1500976897110724
959402,0.7396215328266683
959403,0.9965302179537344
959404,0.9996321324256217
959405,0.5645872708853747
959406,0.809785717446181
959407,0.9991199871911444
959408,0.2670973596807924
959409,0.9455305719993652
959410,0.3436883607585284
959411,0.999791401978972
959412,0.99702598455667
959413,0.09769302797415447
959414,0.9997729288162935
959415,0.40218917809948923
959416,0.991153350195242
959417,0.9975468297100127
959418,0.9855139662292358
959419,0.9473344835432138
959420,0.9998729942440638
959421,0.9351906224052355
959422,0.039236660481516444
959423,0.9960545909237053
959424,0.9886625196542908
959425,0.052368590947230204
959426,0.9621842510614657
959427,0.999550473943333
959428,0.9956928266690035
959429,0.9908543597370166
959430,0.9999492750779511
959431,0.9736031509230658
959432,0.9982621846320977
959433,0.12200109565449228
959434,0.8249158259013436
959435,0.9963311078132246
959436,0.38758509687323633
959437,0.7421151453037019
959438,0.9994702654539254
959439,0.9113456513929945
959440,0.8599980497913714
959441,0.9778557961226768
959442,0.9062382831326955
959443,0.45115284721129045
959444,0.9994671693861782
959445,0.6756331133514386
959446,0.006738265553593029
959447,0.7178249511675021
959448,0.9933624686634684
959449,0.9905892488827386
959450,0.22083571559112203
959451,0.9999630718517138
959452,0.2776090189598359
959453,0.9609004813889144
959454,0.9913605959092112
959455,0.44755002457344156
959456,0.9987008405059028
959457,0.19553323062342767
959458,0.7507789756652694
959459,0.9260082059623296
959460,0.5747964988858684
959461,0.8955138061915184
959462,0.9747209284670493
959463,0.8963584431825306
959464,0.9998585977811485
959465,0.8348752489390088
959466,0.9999229020908555
959467,0.9964871281388162
959468,0.9996791687133656
959469,0.9512518248874294
959470,0.9870921002940969
959471,0.9997408198388329
959472,0.6207868979202239
959473,0.995963974740925
959474,0.48689689613963105
959475,0.5153067653834231
959476,0.18417344824139714
959477,0.9843551385061039
959478,0.9998557068071707
959479,0.2504838161577427
959480,0.9996546448351284
959481,0.8131751357489388
959482,0.9956966814987792
959483,0.5186651579003076
959484,0.9875968706865623
959485,0.9996071217422935
959486,0.9993112915486864
959487,0.9992920513800359
959488,0.00696620902726338
959489,0.7457882801259823
959490,0.014132039491278262
959491,0.11107411736099465
959492,0.6884564291193884
959493,0.7295605779569962
959494,0.9832356156227657
959495,0.9992420375421502
959496,0.8922447399005771
959497,0.9994919997204097
959498,0.3313517408933699
959499,0.121438907405447
959500,0.9995242421372272
959501,0.9993860703031334
959502,0.913473475235221
959503,0.1513401400723555
959504,0.6880851543119157
959505,0.9925513709183487
959506,0.013478119361687812
959507,0.9753183855457754
959508,0.999977500045744
959509,0.9844908639689659
959510,0.2535957952314939
959511,0.9489737741661946
959512,0.9980513623692628
959513,0.024674146938629044
959514,0.9999836520943725
959515,0.8488197019454149
959516,0.8543455987540006
959517,0.7611888224403743
959518,0.9999124962490258
959519,0.39326466748002487
959520,0.1953569741740546
959521,0.6373802316134091
959522,0.9994939630837074
959523,0.7714010731008578
959524,0.8502610637928039
959525,0.8954164530854776
959526,0.853420168344969
959527,0.5318937684839673
959528,0.09058914375105298
959529,0.9961210664796076
959530,0.9119661889652517
959531,0.9958283674707825
959532,0.5049464233424981
959533,0.932619771744941
959534,0.8498161368711744
959535,0.00375626631602434
959536,0.8198871920629497
959537,0.9998618563486231
959538,0.9798672878124557
959539,0.6683633604270579
959540,0.6438953290778374
959541,0.9990849539653491
959542,0.4590382218184979
959543,0.6209393865953274
959544,0.9999162112745483
959545,0.1362213021472505
959546,0.999131005276404
959547,0.998265652473428
959548,0.9800148520021872
959549,0.9955328719346395
959550,0.7552805897554257
959551,0.6633491180157997
959552,0.6647015484815633
959553,0.9898823887246556
959554,0.9759018078582807
959555,0.8806286674373585
959556,0.27353858936821507
959557,0.9999864134776066
959558,0.3537242894199565
959559,0.8570159735295125
959560,0.9999110330402596
959561,0.003398479408835045
959562,0.014720512872656279
959563,0.9552979451261557
959564,0.9970880037609458
959565,0.9997597280624918
959566,0.9995965059965248
959567,0.997177213297955
959568,0.7603087784609713
959569,0.018635453929893957
959570,0.6543595471506322
959571,0.2973411598078212
959572,0.9973100001595507
959573,0.9288421730928133
959574,0.9825457618240514
959575,0.014136664783527488
959576,0.9599527407314041
959577,0.7300834775451366
959578,0.11831913520048717
959579,0.9958070084044446
959580,0.9968074850233384
959581,0.11835657879999362
959582,0.9953467524837362
959583,0.9970380623107774
959584,0.9974191595701751
959585,0.9990098622898851
959586,0.9998186900207885
959587,0.9715654961290038
959588,0.17104926496634795
959589,0.9997944078489405
959590,0.013585552617836706
959591,0.9293888214005254
959592,0.028961841815643458
959593,0.8772667584168641
959594,0.9940386653536984
959595,0.46675120481383525
959596,0.9919531154116914
959597,0.8283507917733197
959598,0.9771712123016054
959599,0.2080630295928265
959600,0.9995955991885371
959601,0.3356031868886985
959602,0.9994526200044206
959603,0.7995059493343402
959604,0.11621239007234055
959605,0.9992919831812579
959606,0.09048664428787372
959607,0.9906867814129972
959608,0.03212514389329359
959609,0.6060498287996496
959610,0.9944275376704157
959611,0.014908463193155613
959612,0.4945584049942279
959613,0.9998737115224315
959614,0.9997283059192398
959615,0.9999782680709997
959616,0.7059580991927589
959617,0.998626067556263
959618,0.015153661796921316
959619,0.31589735270952785
959620,0.08276873563010312
959621,0.09690209092692013
959622,0.999895436277572
959623,0.10259110061573923
959624,0.9998913946697168
959625,0.9205330527667801
959626,0.39272616176704506
959627,0.138412627553627
959628,0.5343163774122652
959629,0.9979908284111603
959630,0.999754171980634
959631,0.07685251832591677
959632,0.9994227302114203
959633,0.9991068874786406
959634,0.045531028002688524
959635,0.9310287308056511
959636,0.9998488199137536
959637,0.6184339727709458
959638,0.9943869257949063
959639,0.9698625360141448
959640,0.9987583146765475
959641,0.9945749747344834
959642,0.14762682264339916
959643,0.026628643768644142
959644,0.9970278246381142
959645,0.73151015017875
959646,0.995692767076302
959647,0.010646418968257812
959648,0.9515867529836084
959649,0.9714300183495103
959650,0.9568948001583412
959651,0.26460634667377886
959652,0.9959514148637792
959653,0.9991548002687847
959654,0.16156954446191577
959655,0.5724760679362051
959656,0.9937409078383328
959657,0.9200508143996027
959658,0.9900749145156715
959659,0.8876291682309636
959660,0.9320590615754936
959661,0.9917252088492639
959662,0.9934643100345066
959663,0.9990427840733621
959664,0.9998809811388385
959665,0.09564822128410747
959666,0.9892260210225474
959667,0.9875902420939425
959668,0.43604858935475477
959669,0.7357279236425829
959670,0.9995674143827435
959671,0.8842659550775684
959672,0.12345085250088317
959673,0.9619717611490365
959674,0.9998548611767802
959675,0.9996314749058552
959676,0.9916614160148968
959677,0.9804689423901425
959678,0.2990234026857029
959679,0.7779860447658796
959680,0.9917258883379183
959681,0.9908136570603984
959682,0.740037824984936
959683,0.8544284947454716
959684,0.016375923805490765
959685,0.15790109411546005
959686,0.9929703499527354
959687,0.022295728343167148
959688,0.9871709549382135
959689,0.9991977460305399
959690,0.999996257996203
959691,0.9999714045785282
959692,0.999533717677663
959693,0.516333310605303
959694,0.9901255279745449
959695,0.7429024824690078
959696,0.7716571678263751
959697,0.670447434201833
959698,0.8531286126578947
959699,0.9808851659598254
959700,0.999965802100008
959701,0.07990368067183173
959702,0.99739195546743
959703,0.7731266603105765
959704,0.998977202073182
959705,0.9999829900901116
959706,0.9307160202409162
959707,0.9795499900026428
959708,0.3748435919813093
959709,0.9999058334102895
959710,0.9457910859320084
959711,0.9965672039252131
959712,0.05780545009472429
959713,0.9959068723909595
959714,0.9989713874322544
959715,0.02719001148140283
959716,0.17895265834062543
959717,0.9996936234735891
959718,0.9868940078882198
959719,0.9996774366739442
959720,0.9958003660341892
959721,0.9999652578727443
959722,0.99744519189524
959723,0.9951826722360866
959724,0.9990562080098084
959725,0.9999562063709126
959726,0.23394656159856536
959727,0.35859744519431086
959728,0.8261519942556096
959729,0.9972247297643169
959730,0.9996994729242936
959731,0.9998841900094355
959732,0.7784651312573417
959733,0.9994057519732786
959734,0.09914897344480526
959735,0.9165659016150494
959736,0.22657084221178864
959737,0.5751483428639571
959738,0.03603142916727812
959739,0.7476250128949647
959740,0.34319251553658586
959741,0.312469879424055
959742,0.9758742459977237
959743,0.5780319111382087
959744,0.01902991294200394
959745,0.9999084335223863
959746,0.868697657697065
959747,0.771969860293385
959748,0.9999495066135413
959749,0.11514928800560968
959750,0.9837254750856865
959751,0.9999420749141241
959752,0.992961683524513
959753,0.009171886416247773
959754,0.12146697444649777
959755,0.9999374688119209
959756,0.9970639728369906
959757,0.9950085881751041
959758,0.7947248190788809
959759,0.5516949837060819
959760,0.8622306817505341
959761,0.9983105640116616
959762,0.9991251555558098
959763,0.314190405559095
959764,0.9985909650562388
959765,0.06378987672066411
959766,0.2731108161824187
959767,0.9999881244484361
959768,0.5884434782647707
959769,0.9999103016705628
959770,0.35448251604756953
959771,0.9544159289129068
959772,0.5132275306611477
959773,0.023690143779434625
959774,0.9276024307155502
959775,0.9990676325496071
959776,0.9972345040116886
959777,0.9998946211542217
959778,0.9978343483650264
959779,0.9999939775632166
959780,0.8247476811426755
959781,0.7248648318160584
959782,0.9921682350922706
959783,0.9753072440717667
959784,0.7776274402879582
959785,0.10596291365183186
959786,0.059198114097822614
959787,0.0720527460162549
959788,0.9996266886247194
959789,0.2350845687497523
959790,0.9604622268796845
959791,0.008589102012243364
959792,0.9999733891186374
959793,0.847505930349111
959794,0.9882612859823066
959795,0.2807283581352493
959796,0.9998211493491398
959797,0.5788402614233634
959798,0.7277605839404837
959799,0.9998850022225358
959800,0.038865380304797116
959801,0.4043265619640383
959802,0.5532958765344459
959803,0.9935862704157917
959804,0.9998918764010389
959805,0.04007205347173394
959806,0.8966871229132238
959807,0.035866780085186775
959808,0.9996302227030163
959809,0.9986072208187151
959810,0.8826216204380793
959811,0.7918599415765694
959812,0.9088166212099474
959813,0.9278225380621543
959814,0.4266230697518192
959815,0.9938788721215126
959816,0.7907289300611926
959817,0.6149347511227207
959818,0.7549622207818575
959819,0.04006748914600526
959820,0.030502430483662437
959821,0.97301493430289
959822,0.9999083611480618
959823,0.9900259360687288
959824,0.9755430572930106
959825,0.3561899362714562
959826,0.970013935999159
959827,0.9979512707063046
959828,0.05579974457156356
959829,0.7539886387293635
959830,0.9999806647188164
959831,0.04774991989601458
959832,0.024652915632109997
959833,0.9998988193513204
959834,0.9621864999708423
959835,0.2457721925581392
959836,0.10670883005352555
959837,0.6922507788133825
959838,0.23662780674091521
959839,0.3101032787300081
959840,0.9726543838489672
959841,0.23613533429995728
959842,0.8678021441868559
959843,0.2245742572428986
959844,0.9996722596309129
959845,0.8560450348838446
959846,0.5795113622210117
959847,0.05704481650077773
959848,0.8605377745249598
959849,0.7802414975915808
959850,0.7112209342818244
959851,0.564883132400597
959852,0.9991805844114332
959853,0.9347320950948279
959854,0.9998759725666786
959855,0.8219947541713014
959856,0.9695074921690507
959857,0.9869805127131146
959858,0.16911410739573407
959859,0.9791506805255977
959860,0.9997420785993785
959861,0.998705162531488
959862,0.7540488537274677
959863,0.22955972621102316
959864,0.24418830342076864
959865,0.9999668875879797
959866,0.9906888546139607
959867,0.25551232879392555
959868,0.9997694598046585
959869,0.3301230674317417
959870,0.9995501579833389
959871,0.9967762365597397
959872,0.9960783519213914
959873,0.9993450147073457
959874,0.9999217853263211
959875,0.5234355840531505
959876,0.9496304294789393
959877,0.9963240290300113
959878,0.9998244024098646
959879,0.8708747525390856
959880,0.9975497948828147
959881,0.9899101676344778
959882,0.9999133485411149
959883,0.7106650978552065
959884,0.9999244874717973
959885,0.9866154090069198
959886,0.9860205409502801
959887,0.15352167014668258
959888,0.9874308970063324
959889,0.2528483113200382
959890,0.7374934875718724
959891,0.6770580383953267
959892,0.6049151241611402
959893,0.0382682654996051
959894,0.6600779161695538
959895,0.8274478865905814
959896,0.6077592122188136
959897,0.5091368950291393
959898,0.14977244359887074
959899,0.999908106364199
959900,0.8843678595224508
959901,0.32832167577945204
959902,0.9991915405566427
959903,0.646623829928906
959904,0.9975852989689851
959905,0.2972859854031697
959906,0.7698106995826153
959907,0.99689423673147
959908,0.02709907177632288
959909,0.422143647490502
959910,0.9625303546605357
959911,0.9999016347587907
959912,0.0913134462513574
959913,0.17603357147559207
959914,0.9994375909456943
959915,0.9940070486011344
959916,0.9998477244686211
959917,0.9995114504387633
959918,0.7440185332422514
959919,0.9999807634619202
959920,0.99302553535849
959921,0.9903209804026365
959922,0.9997682607848233
959923,0.9997940829873262
959924,0.5103739941992259
959925,0.8142825278961303
959926,0.9997991074964698
959927,0.1936745357078615
959928,0.9998999188535329
959929,0.8370262139976552
959930,0.25185669907565894
959931,0.3886847315359128
959932,0.9984269243239188
959933,0.9997698762934298
959934,0.9046612286466662
959935,0.3556710400682864
959936,0.5559018063065968
959937,0.0036962101352752625
959938,0.883874905716856
959939,0.9997512574896708
959940,0.9799186318594385
959941,0.9651792075194157
959942,0.9998955522808844
959943,0.9999404393777411
959944,0.9487690273628575
959945,0.9827963359219192
959946,0.011128031629662059
959947,0.04471683432027721
959948,0.021693215436723687
959949,0.0054486382049634095
959950,0.999875181774187
959951,0.8404434126544427
959952,0.9649175169954747
959953,0.5894499074635444
959954,0.9997680041923521
959955,0.997762331277465
959956,0.9982725963142536
959957,0.937932022651049
959958,0.00772239410211238
959959,0.9997172968186364
959960,0.953487088428447
959961,0.9425866501893612
959962,0.9495573675555404
959963,0.9922019057479797
959964,0.9927135448986981
959965,0.9987130319060695
959966,0.2968878103690873
959967,0.9148602273455844
959968,0.9963231307754224
959969,0.17637807481092754
959970,0.9982868242943652
959971,0.08956901009533166
959972,0.9990293352183086
959973,0.5151575396971303
959974,0.568442826464497
959975,0.819867471466496
959976,0.33953072435003284
959977,0.8260397293694453
959978,0.5224002925135088
959979,0.7640424240838628
959980,0.9998254923780152
959981,0.998985612342772
959982,0.9999818927196213
959983,0.9994710744343291
959984,0.5625507783843653
959985,0.9983647421721673
959986,0.9995190477003699
959987,0.985252865873838
959988,0.9216152239241531
959989,0.07137797375730207
959990,0.9999358026015657
959991,0.9998704663070992
959992,0.9998405607757093
959993,0.965970229307486
959994,0.5958979586435713
959995,0.3514131374123859
959996,0.846783471311426
959997,0.9973933682957005
959998,0.01269410434331999
959999,0.7779456143877785
960000,0.8909923959460033
960001,0.9971044260230117
960002,0.9994964754765114
960003,0.21038216106750093
960004,0.9999494480821507
960005,0.125209650699222
960006,0.999767162754883
960007,0.999024275619385
960008,0.43929532872330435
960009,0.9859594152528803
960010,0.8531254112493387
960011,0.3369514763940969
960012,0.8622769491341051
960013,0.9991802476882312
960014,0.004479953236671121
960015,0.997098820711993
960016,0.5674552302215414
960017,0.2657426490981387
960018,0.22435433574414343
960019,0.11148816171029834
960020,0.0036163686042746906
960021,0.979536927832694
960022,0.0146814494387667
960023,0.9999700236356875
960024,0.9958681631201847
960025,0.42337540564631393
960026,0.07752062097221576
960027,0.6896474104437352
960028,0.33446122759693026
960029,0.9995529926400691
960030,0.8248931178955692
960031,0.07903375655667372
960032,0.893057995186542
960033,0.9957183061721523
960034,0.28046331146888126
960035,0.9758368640225722
960036,0.06052033788011337
960037,0.808013523473213
960038,0.9999934240026633
960039,0.9926762799494223
960040,0.906054400446707
960041,0.9577406981836105
960042,0.9997378909025341
960043,0.03287382906690162
960044,0.3688347485152704
960045,0.35701620188830313
960046,0.9880302056102857
960047,0.8855024121714555
960048,0.9993703607740214
960049,0.9760679553372784
960050,0.9982939433173834
960051,0.731475660345904
960052,0.9996894394167871
960053,0.9989542126448376
960054,0.9994003570623158
960055,0.9958657354083158
960056,0.9592917380291432
960057,0.19414520322379658
960058,0.5083530990774434
960059,0.9949899569767138
960060,0.9983956533503715
960061,0.043020233002597594
960062,0.9996582255993227
960063,0.14814433073042152
960064,0.9999419511127609
960065,0.992862236479312
960066,0.6237622423758463
960067,0.7587839590244554
960068,0.3128475343268165
960069,0.992967603944618
960070,0.8128860109207439
960071,0.9999375434637416
960072,0.9902335715222458
960073,0.8461453383822733
960074,0.490952212289471
960075,0.9991834572589298
960076,0.7918440878750785
960077,0.9977351640732185
960078,0.9519086528538738
960079,0.9187906011212428
960080,0.9987877326361607
960081,0.6954932591580523
960082,0.05695963290222668
960083,0.997176643878374
960084,0.9963018425687153
960085,0.9997416222097362
960086,0.5255331709455064
960087,0.9819434680445869
960088,0.9931282085998225
960089,0.9987727633278656
960090,0.9948975970201833
960091,0.9989257766499424
960092,0.6654369548606219
960093,0.9644195627843062
960094,0.05912042951648744
960095,0.24449489060983076
960096,0.14871002129327035
960097,0.42789557803906086
960098,0.9999606744373882
960099,0.9687782203399803
960100,0.9999918406062945
960101,0.9998587003475403
960102,0.9994263565379347
960103,0.999190270657927
960104,0.9999293600770169
960105,0.9413565993235695
960106,0.43757118331525524
960107,0.9143566012703201
960108,0.311134663695644
960109,0.5540210700829981
960110,0.9970282234543377
960111,0.9996324802937764
960112,0.9443016706324826
960113,0.9999387885322775
960114,0.009183650597738678
960115,0.4894772440372257
960116,0.7032015784589161
960117,0.960132374973113
960118,0.9999794362406005
960119,0.22279589397591293
960120,0.9924095223538278
960121,0.9859933510964483
960122,0.8369039490888097
960123,0.9995281944963594
960124,0.8238471537743072
960125,0.6835106432167315
960126,0.9962003127177497
960127,0.998601346854683
960128,0.9998131646653063
960129,0.02162084062120858
960130,0.999196701094224
960131,0.9993021858712557
960132,0.32635917186598756
960133,0.765125997063149
960134,0.9271025531816226
960135,0.3024889663481371
960136,0.4851002052990102
960137,0.4453988455880105
960138,0.09983023401370722
960139,0.9984078545959443
960140,0.9998285723096596
960141,0.028100227268573908
960142,0.9998158038553686
960143,0.9996843629288534
960144,0.9991409034606902
960145,0.28310182136221085
960146,0.00674910861839912
960147,0.9997070156311529
960148,0.040146972453599154
960149,0.8852315303188161
960150,0.3099761424173185
960151,0.9998899325056255
960152,0.9957844540566094
960153,0.9970829732123321
960154,0.8391236898107399
960155,0.8856297902498362
960156,0.8510513056928024
960157,0.9997812687439027
960158,0.9998670375114405
960159,0.9999001797243766
960160,0.9999663706840387
960161,0.999947442600331
960162,0.02024558586848721
960163,0.019391387558804173
960164,0.9419584789325653
960165,0.9502544632167675
960166,0.030321044113638566
960167,0.9998930209952684
960168,0.05032554411503503
960169,0.999971319889836
960170,0.5349423903520797
960171,0.5222173461810451
960172,0.8529941710771581
960173,0.5107176906190455
960174,0.4728998782085043
960175,0.00944397536415327
960176,0.999262825097653
960177,0.9999154255189373
960178,0.9999100607682743
960179,0.999973024818338
960180,0.7900537469075758
960181,0.9243069864119475
960182,0.997908405221882
960183,0.9995528358358549
960184,0.999718676412475
960185,0.9994662386484328
960186,0.1694854209232686
960187,0.11179027501346753
960188,0.9957197541678933
960189,0.5373919895389886
960190,0.999237099009249
960191,0.9904325107526375
960192,0.39670311272586367
960193,0.633428196190865
960194,0.5300717309190345
960195,0.9999703509941663
960196,0.9375563963772215
960197,0.2771131486175707
960198,0.9980418863970004
960199,0.2698077411099563
960200,0.496183461610048
960201,0.9999740313271757
960202,0.24492842991083572
960203,0.9428349278102772
960204,0.8177192402871442
960205,0.7604227107299485
960206,0.13876068218510856
960207,0.9930210821681773
960208,0.44897854368393186
960209,0.015076342724083926
960210,0.9936497930325051
960211,0.427759439825517
960212,0.9999817245638889
960213,0.995627671207423
960214,0.997950277210873
960215,0.6457101472160106
960216,0.8349186214592681
960217,0.06849824094571529
960218,0.9978853154777616
960219,0.5876483561744994
960220,0.007765883659546221
960221,0.8378996807069519
960222,0.9969925498159516
960223,0.9980501924314191
960224,0.6305852226621287
960225,0.27992078955563643
960226,0.3597603574895608
960227,0.9998476131751365
960228,0.015806208049229102
960229,0.9998764433636047
960230,0.9996339194124503
960231,0.8818193055844655
960232,0.9961498632568574
960233,0.7182307072379399
960234,0.9548488451542136
960235,0.8648044707981934
960236,0.6546820001934991
960237,0.4536205740933181
960238,0.9990926547031027
960239,0.0420784517465085
960240,0.46500084315724666
960241,0.9999356580554802
960242,0.9998012336390518
960243,0.539690372859373
960244,0.9998160264925974
960245,0.9983942963855406
960246,0.9998658850657585
960247,0.5449542440177418
960248,0.7400371317315624
960249,0.9828060596644717
960250,0.9999400212145009
960251,0.14060100463153957
960252,0.9998930913149591
960253,0.9840103213870168
960254,0.999895093675958
960255,0.9960820629468025
960256,0.30669175570546264
960257,0.9998613339577473
960258,0.9994914035881526
960259,0.9994083441549306
960260,0.991821735604602
960261,0.011812366044997512
960262,0.9996427741591966
960263,0.9991789214205108
960264,0.9977369453200908
960265,0.4711663343677408
960266,0.9997545869763961
960267,0.009300924906979436
960268,0.9998047553007463
960269,0.9594705905890439
960270,0.09948853474296623
960271,0.1977565473292623
960272,0.7272738713857889
960273,0.6664723862144382
960274,0.7336044176322306
960275,0.99591632261869
960276,0.7913946760059954
960277,0.0029850704139683035
960278,0.5915877402797551
960279,0.9882894597353475
960280,0.5113064615507701
960281,0.2495657281712593
960282,0.16435458492335403
960283,0.4579371201520037
960284,0.963086530893122
960285,0.9588072224631985
960286,0.9999234325701081
960287,0.2290113599903954
960288,0.9999212034841635
960289,0.7737734414961621
960290,0.7312492885236819
960291,0.688645894934084
960292,0.27651746439876185
960293,0.9988330057777348
960294,0.966777140710595
960295,0.9992558763609347
960296,0.09559204087678547
960297,0.9998604946135199
960298,0.9970184296265219
960299,0.9985851711387357
960300,0.9995935680560886
960301,0.3111240380152412
960302,0.9989444398093142
960303,0.011474402519379447
960304,0.9960969944932391
960305,0.734401087742463
960306,0.24656832605428317
960307,0.036352573120911266
960308,0.5519360602738368
960309,0.5691348504940825
960310,0.03950113807919518
960311,0.9339545950296697
960312,0.060562981539354396
960313,0.9967716499866063
960314,0.32398688527103414
960315,0.9979895729744002
960316,0.9985974307092234
960317,0.9894593754535654
960318,0.9996497046322815
960319,0.9981423531775606
960320,0.5695162238625042
960321,0.5440818341796301
960322,0.9946979825730579
960323,0.936402491848342
960324,0.9959943768478665
960325,0.9644612094549627
960326,0.399121701802777
960327,0.17855178471660862
960328,0.9854665614680183
960329,0.7532469828159288
960330,0.8097496262916075
960331,0.9940631084179514
960332,0.9996192034209127
960333,0.6887078885647664
960334,0.9988211042537307
960335,0.926507231056131
960336,0.9997567607885958
960337,0.018414881779601305
960338,0.22959844543115898
960339,0.9949966758567129
960340,0.9983881798964713
960341,0.9493377429373947
960342,0.9587200443222362
960343,0.9991476190639621
960344,0.8913614825137289
960345,0.7003742323133294
960346,0.9261945936993188
960347,0.9998196444033667
960348,0.26562963799865774
960349,0.9785933808154929
960350,0.09487734584842009
960351,0.9908697006281499
960352,0.014644605033864284
960353,0.9999373627574717
960354,0.9973011401756281
960355,0.999975653447913
960356,0.9903577932524498
960357,0.04754604889052762
960358,0.8397501225564895
960359,0.9725493074858225
960360,0.335159707583517
960361,0.7629658354096924
960362,0.9985998198168251
960363,0.999964940638527
960364,0.9972584646847509
960365,0.5948666234396447
960366,0.9958737903626873
960367,0.8260258033801064
960368,0.026204723339793227
960369,0.9999158136036148
960370,0.5819868944065767
960371,0.9228536096262364
960372,0.9999575582024987
960373,0.9999419838369792
960374,0.7034282940046948
960375,0.9999808602832361
960376,0.5353449150414465
960377,0.616230738633615
960378,0.9994179330855599
960379,0.9740953824299705
960380,0.9313897381691947
960381,0.8903939423643606
960382,0.4693382951084084
960383,0.438065692724218
960384,0.10391114529616732
960385,0.8804143743371695
960386,0.8541309832062627
960387,0.0156755437176575
960388,0.0044687187384102
960389,0.18359322365407374
960390,0.9991194792059359
960391,0.10558001003904913
960392,0.9993791808328812
960393,0.9900046260451947
960394,0.7000750131693283
960395,0.9752197262214637
960396,0.16675017882199683
960397,0.9288669447264739
960398,0.17861441032188988
960399,0.9789033580695818
960400,0.5132218256888771
960401,0.7407978030006604
960402,0.7191159808898923
960403,0.8840370148571167
960404,0.9981094215651123
960405,0.4913119722446678
960406,0.21671174222142897
960407,0.9999219372638422
960408,0.9985857790683401
960409,0.8871639182757514
960410,0.9996492413859271
960411,0.998685947591916
960412,0.9976867813934815
960413,0.9990728188792062
960414,0.9713315333990656
960415,0.9908612471867584
960416,0.9998527903058954
960417,0.7574459553473969
960418,0.9994791097328497
960419,0.9948154716387219
960420,0.22591664975181824
960421,0.9977068839002771
960422,0.9990719872648515
960423,0.35459208625377997
960424,0.382099814268511
960425,0.9293012319859895
960426,0.9998182117990878
960427,0.9986844020250406
960428,0.014094476945428128
960429,0.9999301732715082
960430,0.6392538124398921
960431,0.972533278555056
960432,0.9959977639672488
960433,0.47878701383250266
960434,0.8594256099453481
960435,0.8907781996051303
960436,0.7925735221454963
960437,0.9995404981613019
960438,0.042305923984009335
960439,0.026280710181564717
960440,0.6271922121235649
960441,0.43930277334239665
960442,0.38024696661664015
960443,0.9956768252821966
960444,0.9973887784308182
960445,0.28994879843010835
960446,0.9998274785393058
960447,0.29934063837311875
960448,0.9993156024056886
960449,0.9878469586589429
960450,0.9785864917904297
960451,0.9979627652847454
960452,0.983403695629413
960453,0.9953154456312783
960454,0.9992875705000218
960455,0.9999549011663633
960456,0.9963325175270616
960457,0.9987231290488441
960458,0.034575419951968236
960459,0.2374218717451832
960460,0.19739439725524643
960461,0.9985144580599564
960462,0.9971708756961468
960463,0.9974410471137487
960464,0.4331505697383303
960465,0.4258877894313379
960466,0.036876603787694626
960467,0.8104788133674172
960468,0.7960140407894425
960469,0.9959382280923674
960470,0.7611795674398003
960471,0.9876562398824044
960472,0.9998211001876249
960473,0.7875603444008242
960474,0.820694287389037
960475,0.806209965709255
960476,0.9408588132066393
960477,0.023897508960665673
960478,0.9999859844652292
960479,0.06087688027037396
960480,0.2611157565375258
960481,0.5885528992646175
960482,0.9335540529526365
960483,0.8895412363085528
960484,0.01847220884886622
960485,0.9995123226771501
960486,0.9317154531227688
960487,0.3267408773653555
960488,0.6892721967861088
960489,0.7884368300665047
960490,0.018384693149033886
960491,0.4550404995165277
960492,0.9243993473875325
960493,0.07218161564941977
960494,0.26819099944529456
960495,0.6768649787564271
960496,0.7150666239315988
960497,0.9637645678823987
960498,0.6806785652040179
960499,0.9979778419959819
960500,0.9993305788736154
960501,0.9825242779787905
960502,0.9998829945628687
960503,0.31651703610943227
960504,0.8902876965872168
960505,0.8610547809825972
960506,0.10639347379894944
960507,0.9998511326218285
960508,0.8986595469593723
960509,0.9969975562246235
960510,0.4046502205243845
960511,0.36785207274687975
960512,0.5708372842063704
960513,0.9421814896595395
960514,0.954639802952614
960515,0.34391892630375115
960516,0.9977108543688076
960517,0.46227019323911583
960518,0.9993537881009297
960519,0.3686825931734226
960520,0.87815962367114
960521,0.8470598124283213
960522,0.8600771576498302
960523,0.42662226620691157
960524,0.8747082047070484
960525,0.8318993837828967
960526,0.9413220296619819
960527,0.99969201698293
960528,0.07959770435646435
960529,0.9910811736104632
960530,0.5554357962996556
960531,0.9998703992907854
960532,0.037962427046537496
960533,0.37438860102583016
960534,0.5126200327478174
960535,0.5952248931920335
960536,0.654004914289217
960537,0.013374018794654663
960538,0.5321482220054771
960539,0.9998273389542534
960540,0.9982870372699383
960541,0.623415109195074
960542,0.4346779523116604
960543,0.9514925004980973
960544,0.7675024150640471
960545,0.386700693615895
960546,0.8949480120655299
960547,0.9948311498315352
960548,0.16574656767013746
960549,0.9966419916815425
960550,0.9999895780953664
960551,0.2767994249640034
960552,0.08773707416410552
960553,0.17502241427401966
960554,0.6575353412901039
960555,0.2828808191542167
960556,0.9326205944446558
960557,0.994806592401839
960558,0.999911744035379
960559,0.9990917591771558
960560,0.9998837718713063
960561,0.8550404194547702
960562,0.9554250898816277
960563,0.24257427018204017
960564,0.9996608889989809
960565,0.040392476282514536
960566,0.9478561786540177
960567,0.6369496481772725
960568,0.9999574760047533
960569,0.999804764491597
960570,0.06500908163079124
960571,0.1971271687110519
960572,0.861532767536114
960573,0.00645434798739841
960574,0.7883036205840397
960575,0.8357931942964125
960576,0.9999356439721744
960577,0.9994562504002034
960578,0.7528752713140027
960579,0.14664848604020034
960580,0.9197777612987723
960581,0.9277156259190414
960582,0.9903005496964967
960583,0.5846607857936823
960584,0.03255773065595448
960585,0.01807030160328103
960586,0.9999068819610725
960587,0.9972705153987464
960588,0.9999922551262747
960589,0.999728168097531
960590,0.998234621000422
960591,0.0458090223409474
960592,0.9997728285090787
960593,0.734026524833755
960594,0.19590320057961974
960595,0.9997908685257806
960596,0.9957770485009153
960597,0.6615189942014489
960598,0.9999850871918835
960599,0.9983015747891012
960600,0.9973915566412674
960601,0.6134007450398533
960602,0.673960947223816
960603,0.1996051603277707
960604,0.14883314130017022
960605,0.9998684198750614
960606,0.6551550943432656
960607,0.9999031949008503
960608,0.5328605085824032
960609,0.9981113837645768
960610,0.9973598566538143
960611,0.8077432563279208
960612,0.3671335602526686
960613,0.9998805442875962
960614,0.9991504998648201
960615,0.2430358612121426
960616,0.9950055607153793
960617,0.1611050583467164
960618,0.9949352332889569
960619,0.06839870462417912
960620,0.933703773887075
960621,0.9998936719251521
960622,0.9454187334720816
960623,0.37730624870461166
960624,0.90382882503352
960625,0.23272407238964693
960626,0.9929318662755621
960627,0.9990801108489644
960628,0.25071260926652467
960629,0.6458168884415398
960630,0.9997118732801085
960631,0.9996728753381043
960632,0.9999548838723336
960633,0.13273166911740664
960634,0.26443782516522674
960635,0.01740156751837519
960636,0.15889833320213553
960637,0.1977351269406702
960638,0.24529457018047623
960639,0.0917460935440888
960640,0.013264032011450287
960641,0.9352765275862612
960642,0.0073842441008005865
960643,0.9993801034359107
960644,0.9997875231227882
960645,0.9984950312732136
960646,0.2160989472740531
960647,0.027803517435929147
960648,0.14372879740097966
960649,0.9286125256475087
960650,0.7707552234305006
960651,0.9859444348836579
960652,0.949370638119996
960653,0.8359354901687599
960654,0.0026144763048252836
960655,0.9997346681365353
960656,0.9916287668983952
960657,0.9999213124540931
960658,0.7020796063548916
960659,0.9133449716929656
960660,0.9975411022839775
960661,0.09427765596468904
960662,0.9967806350013375
960663,0.7904438152195847
960664,0.9615619879763178
960665,0.922596673156116
960666,0.999733287441668
960667,0.633405268337711
960668,0.7257598803373894
960669,0.9997953613162059
960670,0.6363899276236127
960671,0.9495710051778341
960672,0.9998078060943696
960673,0.9999025133229795
960674,0.999722071719476
960675,0.061060323695686106
960676,0.7622905370487203
960677,0.2371940789754616
960678,0.835968279274309
960679,0.3888300706487722
960680,0.5703685535540033
960681,0.15476202403803294
960682,0.4852324360031792
960683,0.9994618728904334
960684,0.7042616322399662
960685,0.9994887295221322
960686,0.20810263184207828
960687,0.4670550856408643
960688,0.08367263206125936
960689,0.9740000769797941
960690,0.5449336420091843
960691,0.9999563090590724
960692,0.999593289184108
960693,0.4671125242572636
960694,0.8876006783087574
960695,0.9997027415936763
960696,0.9581438282924315
960697,0.9993133982041715
960698,0.9999698836754451
960699,0.974377355591127
960700,0.14093107198555274
960701,0.9997132295853954
960702,0.5751034352844516
960703,0.0453349568993711
960704,0.6754129545694658
960705,0.7643867834432161
960706,0.6579300547829989
960707,0.9995530951171673
960708,0.94838562855146
960709,0.6661352437896604
960710,0.03182049011736848
960711,0.05733180729032056
960712,0.9565391466409778
960713,0.9985019665979109
960714,0.9995368828066422
960715,0.30253772604733303
960716,0.044090157433151145
960717,0.9410254550633217
960718,0.9986068529598771
960719,0.8550843053881929
960720,0.02590611182747917
960721,0.23399048885868562
960722,0.9996140590977086
960723,0.8223273650431966
960724,0.18439984039565613
960725,0.7656820284788441
960726,0.7183498849474045
960727,0.9994496271589832
960728,0.9197448445436478
960729,0.315474185931596
960730,0.2861775879419632
960731,0.051369858737745924
960732,0.9995824104645363
960733,0.3959133692474294
960734,0.9995761133620384
960735,0.10768732408635087
960736,0.08865999957801438
960737,0.5350372724766583
960738,0.9967879184743695
960739,0.981334222256936
960740,0.9929424227063843
960741,0.528031472218823
960742,0.9991775545851926
960743,0.9987721221595165
960744,0.8684684894419549
960745,0.9999550646254417
960746,0.9682162420347353
960747,0.9804978665185234
960748,0.9691203436605429
960749,0.9980146478367546
960750,0.999816458480998
960751,0.9993335876819598
960752,0.9325741632468578
960753,0.919844293933049
960754,0.9999756658228774
960755,0.3465874844118291
960756,0.9930022655837973
960757,0.9995191043593333
960758,0.9624222283734603
960759,0.7934666174602348
960760,0.1733884414348159
960761,0.9998077459877248
960762,0.9991479073348492
960763,0.948339658259576
960764,0.9999179821916002
960765,0.9283997965934359
960766,0.38243670259921114
960767,0.9992970966172064
960768,0.5614325700187636
960769,0.034393620303836706
960770,0.999796790642341
960771,0.018495768674327298
960772,0.15254618847586845
960773,0.9978245999584983
960774,0.9999914315784048
960775,0.9922349610222625
960776,0.9524315717361436
960777,0.6123179454750812
960778,0.5577959400384718
960779,0.3320400658653778
960780,0.9996938204896
960781,0.9998144868292469
960782,0.9878432353914237
960783,0.9999668837656792
960784,0.9999618865367854
960785,0.5994369512664249
960786,0.009104977221371031
960787,0.1007063059298266
960788,0.9999719943604046
960789,0.3157622812615043
960790,0.9082190452209364
960791,0.9905408524110246
960792,0.09919415244961463
960793,0.9886161081760344
960794,0.04546547604734205
960795,0.9999463848762962
960796,0.979594859167563
960797,0.9930853187201795
960798,0.9978623112936833
960799,0.9998669451774884
960800,0.9999915138656077
960801,0.012813335801361111
960802,0.9995225495639829
960803,0.9977716952902533
960804,0.9692074532297922
960805,0.9790061747432279
960806,0.8629017287176486
960807,0.761106665107198
960808,0.8970480748444869
960809,0.9986095372975903
960810,0.9600889622348396
960811,0.34265408721400076
960812,0.2256989216237433
960813,0.8224079408636511
960814,0.21167630366797702
960815,0.6465316620097508
960816,0.9885008467212878
960817,0.9999456020607231
960818,0.6508617049612985
960819,0.9323660823162503
960820,0.9760188191760976
960821,0.73120126988943
960822,0.9971977204536547
960823,0.9999767783482252
960824,0.0027713321737599
960825,0.9950436369987792
960826,0.9972551090271633
960827,0.9996446320467192
960828,0.1725454049011406
960829,0.041102194166587745
960830,0.999637886009676
960831,0.44380997489041046
960832,0.14269764917156758
960833,0.9963293046840197
960834,0.9871909234540434
960835,0.5939871487763501
960836,0.9943348938063297
960837,0.05512273003308631
960838,0.9986966647771762
960839,0.9965064884089156
960840,0.8907096374941533
960841,0.0330955760027623
960842,0.9997189689048982
960843,0.028787908193774876
960844,0.9993922985431536
960845,0.9994355496865156
960846,0.9710013385338897
960847,0.030893645182380376
960848,0.9999778164735855
960849,0.9999717504632275
960850,0.9987020837526123
960851,0.9972587301638306
960852,0.6401863718636014
960853,0.9876573913953273
960854,0.9663973543020681
960855,0.13032947149346072
960856,0.08484726956302593
960857,0.9965818969090919
960858,0.0013534535279291693
960859,0.9650610972398481
960860,0.9999869606220935
960861,0.17397017470382126
960862,0.9978179493657057
960863,0.9991194998185102
960864,0.06290797608348761
960865,0.02897703165590535
960866,0.9879517333791161
960867,0.9955538756620567
960868,0.9337136568839386
960869,0.9997980764924462
960870,0.009954907330140865
960871,0.9997419559029638
960872,0.07182493401973873
960873,0.5749293507069475
960874,0.9988825591486687
960875,0.9981255283934467
960876,0.845937880668191
960877,0.9993978581300302
960878,0.520606689485236
960879,0.9972523301930342
960880,0.9521176592642506
960881,0.9992804238569949
960882,0.999904646466267
960883,0.9939109340923662
960884,0.9985442814177782
960885,0.08309776270657251
960886,0.2817032663156883
960887,0.3995163591279263
960888,0.02922833912578119
960889,0.9973261151067621
960890,0.998984264183832
960891,0.9995288943989507
960892,0.9937177536837022
960893,0.9998579473714373
960894,0.9997905370796232
960895,0.9481388136655892
960896,0.3058106643595153
960897,0.9990006098366917
960898,0.9951145101518838
960899,0.48713088302265733
960900,0.9891648170467776
960901,0.6322170217341206
960902,0.4785641938213345
960903,0.9991615118779735
960904,0.9516363404159695
960905,0.999931800081566
960906,0.24590856595462163
960907,0.8315968865776857
960908,0.9998988390903205
960909,0.3541919458658316
960910,0.9658248025365024
960911,0.3371432809528277
960912,0.9767123552547308
960913,0.9998469129919754
960914,0.6193842798931024
960915,0.5472840256740671
960916,0.021995255305498704
960917,0.8790047252901729
960918,0.4248879900037424
960919,0.8092602539082099
960920,0.9992028727118806
960921,0.9732356640523367
960922,0.6210698038755929
960923,0.9970703442016389
960924,0.17143437396791528
960925,0.9999767433215542
960926,0.9684706679985817
960927,0.9993689922771513
960928,0.4147093373402998
960929,0.994490564401973
960930,0.02275378325264302
960931,0.9999491316970414
960932,0.9988350119434626
960933,0.9998714136484266
960934,0.019321214907432147
960935,0.8469753701849445
960936,0.48369898751601914
960937,0.7353203239086255
960938,0.259782349175151
960939,0.8070616338399663
960940,0.9682499646284344
960941,0.9994584037743592
960942,0.9997048270056037
960943,0.9985281974877664
960944,0.29562436696083744
960945,0.020649933116903604
960946,0.7571646874175366
960947,0.7935082773034805
960948,0.7524654982279639
960949,0.8942462958453639
960950,0.9998932365812125
960951,0.9999813026397737
960952,0.0505424489639067
960953,0.9975447237851324
960954,0.7293719049263516
960955,0.9989693455923706
960956,0.8623130589489129
960957,0.40162692023636754
960958,0.9980873557362865
960959,0.9907279841368637
960960,0.08838947175783823
960961,0.24539133664181634
960962,0.7208930907261984
960963,0.9878887595960102
960964,0.8406747724051893
960965,0.9984379757002833
960966,0.9806797314476365
960967,0.011913494299697413
960968,0.04745818601295716
960969,0.9996803989319848
960970,0.8478985662962846
960971,0.9739720360500903
960972,0.9988085107556184
960973,0.9973523107228521
960974,0.9997540838708842
960975,0.013199448116703899
960976,0.2991446620880806
960977,0.9926919552371688
960978,0.3767186962358273
960979,0.9761009224667794
960980,0.10787417776891088
960981,0.999539841288964
960982,0.009726311461346107
960983,0.9827430628849858
960984,0.9968599007640537
960985,0.6154453883463178
960986,0.9999674332258859
960987,0.5112444132698496
960988,0.990933981894869
960989,0.9461116384456802
960990,0.004831559948013295
960991,0.9952949515853708
960992,0.9738553809965997
960993,0.9841226893768102
960994,0.9896686079354177
960995,0.03753158319756503
960996,0.7603097534417415
960997,0.9998700256952971
960998,0.9991669471943786
960999,0.023089544273885584
961000,0.9935027793439966
961001,0.9965825059164934
961002,0.6860071190403326
961003,0.9981614299135168
961004,0.9997904326056937
961005,0.8812012079976941
961006,0.7443173741496754
961007,0.9998790233152614
961008,0.6060788161372126
961009,0.04118768141075031
961010,0.9997864003993775
961011,0.28024830449510746
961012,0.03250785043002006
961013,0.9991077110390219
961014,0.9996650100835478
961015,0.9467019289992752
961016,0.7783928842499457
961017,0.45043896630243657
961018,0.08969726820300813
961019,0.10195013997409874
961020,0.9773459082886709
961021,0.015229068973867083
961022,0.564750952942926
961023,0.4093760730143443
961024,0.8746930970958116
961025,0.9913244249981342
961026,0.9998557609740091
961027,0.8978030621791201
961028,0.7251771650632631
961029,0.5577201892895927
961030,0.24045797134655322
961031,0.95604743981624
961032,0.9999518824411289
961033,0.9736045401012794
961034,0.9994311302778806
961035,0.8257457704587072
961036,0.4560037676792522
961037,0.5310995966263811
961038,0.9992580839439537
961039,0.999812778652635
961040,0.9998919281145899
961041,0.9977825716288365
961042,0.13279285863702836
961043,0.9139355286645771
961044,0.11773323686882284
961045,0.9719603218196013
961046,0.35816068038463744
961047,0.3229522219475655
961048,0.04707017684229415
961049,0.9999247622936345
961050,0.9999476203503027
961051,0.9004244078096993
961052,0.9960576315954868
961053,0.9999342535299436
961054,0.9918892731136921
961055,0.11663105400324798
961056,0.048760618647429574
961057,0.5571837766928082
961058,0.5643002017600818
961059,0.999908170761254
961060,0.9967764321333994
961061,0.0972388851965926
961062,0.9383035311729429
961063,0.9936894594187642
961064,0.8299130112910805
961065,0.9998842421454366
961066,0.6397174696390201
961067,0.19969322316204866
961068,0.9966863338262624
961069,0.9998979452302653
961070,0.03809449069182126
961071,0.8481676918228439
961072,0.9978020514782794
961073,0.9968768642997314
961074,0.6810540974575862
961075,0.9469317554086639
961076,0.40508262477612844
961077,0.9999449340724621
961078,0.999825730226002
961079,0.9970052682015214
961080,0.7567474426284843
961081,0.5361220446018846
961082,0.9948020803581425
961083,0.9146345579818329
961084,0.9998462608739239
961085,0.006103588431415601
961086,0.18626446375139644
961087,0.7483091561192291
961088,0.799305723868556
961089,0.8948386822591143
961090,0.8910299359610048
961091,0.4840018373094841
961092,0.9992964047828599
961093,0.9998808522441097
961094,0.9993730067258144
961095,0.8332961399146438
961096,0.11977885968800994
961097,0.297805032251895
961098,0.08458046120164764
961099,0.999606289842
961100,0.9826636574477587
961101,0.9996142907879221
961102,0.8548464710094934
961103,0.016261694538389635
961104,0.9708276715262456
961105,0.993714635959162
961106,0.9996915917451943
961107,0.5975167880667434
961108,0.9998810459043677
961109,0.9264758064594489
961110,0.1418829114788851
961111,0.9858589290316253
961112,0.9989470350673526
961113,0.9937799069967481
961114,0.9997684597083578
961115,0.08498186984187533
961116,0.8485554725781839
961117,0.960304792630894
961118,0.9329566670894799
961119,0.9974875807558498
961120,0.998928135706438
961121,0.6150149164670794
961122,0.7318853580650274
961123,0.9612331262823778
961124,0.45441608158159047
961125,0.9965438055139223
961126,0.255753579587158
961127,0.9736555135400766
961128,0.999776128842893
961129,0.12637485949901453
961130,0.6743192649090156
961131,0.4257306326197988
961132,0.11807149336249363
961133,0.9896121548953758
961134,0.9937502420761875
961135,0.9991887819622352
961136,0.05562465723301693
961137,0.9996917934879221
961138,0.7640579860474475
961139,0.9997472249265233
961140,0.006764539744318927
961141,0.9914511920630549
961142,0.9786659068599766
961143,0.822189177601522
961144,0.9997127429710584
961145,0.6744195749342257
961146,0.16680247660291966
961147,0.9999242965451267
961148,0.9956382521058669
961149,0.011806859455983695
961150,0.4045955499003974
961151,0.253885221108628
961152,0.9997289846143255
961153,0.9999784616967605
961154,0.35960950574098427
961155,0.8487164224519838
961156,0.9561375393932368
961157,0.01894514614280207
961158,0.9938294760399877
961159,0.9836138616494416
961160,0.9987315917247713
961161,0.5382462179828589
961162,0.9999525315696247
961163,0.5804501100797852
961164,0.9778095627699158
961165,0.11545397192271765
961166,0.7979914332307456
961167,0.9944358570102816
961168,0.7419128212535986
961169,0.9891886906273029
961170,0.08860734030115437
961171,0.9998218236600629
961172,0.5858387737892121
961173,0.6736325688336791
961174,0.02338906550554753
961175,0.03758729032533825
961176,0.9999592975123015
961177,0.01123507158020048
961178,0.9997729887608434
961179,0.640359288789088
961180,0.9998015455932328
961181,0.9999881684098166
961182,0.9589788252998095
961183,0.7523102734492456
961184,0.04146407197830508
961185,0.9892258725994632
961186,0.005342044052529435
961187,0.8315903626644516
961188,0.9409213832362153
961189,0.06894287640753767
961190,0.7859171940181595
961191,0.8832589765542327
961192,0.31590072176017475
961193,0.9989179073049349
961194,0.8515587821571962
961195,0.17941941853557816
961196,0.9957249467680491
961197,0.008633183780009285
961198,0.8378510760240339
961199,0.9996115861322898
961200,0.9999752667333373
961201,0.9998301229201401
961202,0.9956330779119034
961203,0.9684351283437718
961204,0.9851837031684443
961205,0.9279466999512473
961206,0.9553403921461944
961207,0.05272632047214534
961208,0.9364638803497389
961209,0.999823824015739
961210,0.9997807492015142
961211,0.9998557252830109
961212,0.32317667456455834
961213,0.5540707247830008
961214,0.21122009928347746
961215,0.09238824876218305
961216,0.9713884366180578
961217,0.8592961522505138
961218,0.9996632022130565
961219,0.14655554956013153
961220,0.9998328545699758
961221,0.07352296179951509
961222,0.9966692082816346
961223,0.07377258724551873
961224,0.9995357950040336
961225,0.9999756523187511
961226,0.9976056043530657
961227,0.6130482229440604
961228,0.9995118223490067
961229,0.9945006829381782
961230,0.5424060364189285
961231,0.9125493162033689
961232,0.7990659397954661
961233,0.992730327872108
961234,0.9999018217236136
961235,0.9994073604192278
961236,0.1895488997985517
961237,0.9998266626840442
961238,0.9154596985120514
961239,0.25093703483777463
961240,0.983681383158215
961241,0.7784247273025929
961242,0.49879472874061026
961243,0.9687437501688648
961244,0.3759930795070225
961245,0.06398571253986259
961246,0.4688924834302456
961247,0.9619631366834074
961248,0.0067380699541444156
961249,0.7057618307534441
961250,0.15890645559235078
961251,0.9999325078195513
961252,0.9937313919414795
961253,0.9908316819398493
961254,0.7135216679395044
961255,0.991903640285739
961256,0.501967625222507
961257,0.08746372311908748
961258,0.8561829264512564
961259,0.5662972626915018
961260,0.9884779963415239
961261,0.15546734748696012
961262,0.611434655305056
961263,0.9999670390527913
961264,0.3802031301476314
961265,0.9966173527379761
961266,0.8454331877803257
961267,0.2586533833364284
961268,0.8099631815640711
961269,0.9754276242991496
961270,0.9999324835200137
961271,0.880720661014208
961272,0.34844519169537264
961273,0.054497601596685256
961274,0.3828452602668253
961275,0.4720108174288017
961276,0.5381270215629796
961277,0.564441807799134
961278,0.10905912147650297
961279,0.9998537431517163
961280,0.20900160812345847
961281,0.9998313477225853
961282,0.055675605079866144
961283,0.022399127297494898
961284,0.9997469889193344
961285,0.5592939102639197
961286,0.9953877789419581
961287,0.9997955824410901
961288,0.995767837797706
961289,0.9999905424060744
961290,0.9994298775517143
961291,0.9269666669253603
961292,0.999861863719578
961293,0.9900170925770617
961294,0.9990569532993603
961295,0.9999255384188378
961296,0.998344951395254
961297,0.6296229256460397
961298,0.9301447171081104
961299,0.999879628139573
961300,0.9960652183682202
961301,0.9998203473034082
961302,0.9805741102708605
961303,0.9920814671372505
961304,0.9996212231781678
961305,0.759449981269702
961306,0.9997076182128177
961307,0.9941605821980741
961308,0.11160884004777935
961309,0.6132092932030995
961310,0.4558784659838656
961311,0.970060497366251
961312,0.9808837746785424
961313,0.986547499429433
961314,0.46857599788060733
961315,0.25893489670252523
961316,0.4051177106180117
961317,0.5211335656227088
961318,0.9975796467586899
961319,0.23142469428176388
961320,0.9997902803312899
961321,0.9948432386131154
961322,0.9999383965860444
961323,0.7616608608327651
961324,0.8762917841513562
961325,0.03354004387966327
961326,0.9966580418206255
961327,0.9915154663018433
961328,0.4218270279799262
961329,0.9999785188414922
961330,0.5954407853184961
961331,0.9996317724570905
961332,0.4997820686773504
961333,0.9998666832577452
961334,0.9453393147805867
961335,0.9647558382441439
961336,0.6880843832214689
961337,0.9997704284013089
961338,0.9997723113811767
961339,0.9705974959958191
961340,0.9998108561946457
961341,0.9990573162495496
961342,0.658805945211764
961343,0.9989482250619441
961344,0.20719556094829716
961345,0.9813472420114389
961346,0.9733749269011889
961347,0.9994794373047368
961348,0.7041018086865596
961349,0.1119444226588408
961350,0.9996709719961715
961351,0.9983561594919552
961352,0.9997468695527799
961353,0.4124900896442071
961354,0.8695935838422093
961355,0.9999816676321083
961356,0.9972988684833071
961357,0.04272122704075172
961358,0.9805283467521948
961359,0.9565917567208487
961360,0.9990693186854996
961361,0.9999839229555201
961362,0.1799238001417455
961363,0.14451633425394422
961364,0.9995383566963307
961365,0.9893486993670034
961366,0.9968215259616515
961367,0.9599208643580921
961368,0.8267270681578176
961369,0.989565331528513
961370,0.6245073231927145
961371,0.9995498663659154
961372,0.510970378542198
961373,0.3499919663241458
961374,0.9300842533439142
961375,0.9567437211295777
961376,0.9237054047882662
961377,0.11854026128905112
961378,0.9876807690831042
961379,0.9998847920117063
961380,0.9999702468508274
961381,0.9865417070047224
961382,0.998140123932632
961383,0.9002377296329556
961384,0.8509222494936151
961385,0.9996656037977895
961386,0.9992288321014513
961387,0.04811837117924105
961388,0.9984440170754036
961389,0.644072024781017
961390,0.9997752113428928
961391,0.23624065776111977
961392,0.9618416850165459
961393,0.1224604555876278
961394,0.999804916256148
961395,0.0226408377697984
961396,0.9918635669683424
961397,0.03970908155516026
961398,0.9585912032255612
961399,0.9999738938783642
961400,0.9962147138985926
961401,0.7721397007348054
961402,0.9997685427475818
961403,0.9752030402995447
961404,0.9999969337005323
961405,0.79955122569327
961406,0.9990311316255742
961407,0.9989655085583992
961408,0.9999591141116131
961409,0.9938743921709547
961410,0.3745239987875296
961411,0.956268520811774
961412,0.21463780738299276
961413,0.9988761012833149
961414,0.2960241636978522
961415,0.11108496357685134
961416,0.9997874379649553
961417,0.0743561459172647
961418,0.4350657010916642
961419,0.07177308265166686
961420,0.9833294840191301
961421,0.8120320693371721
961422,0.9991286907567797
961423,0.4286453756271592
961424,0.05513321600456426
961425,0.9986590768151535
961426,0.03580511927515355
961427,0.9999611769692396
961428,0.9999395981075001
961429,0.9998059804551953
961430,0.9999135401259123
961431,0.9216137006460687
961432,0.2023217912477241
961433,0.9957531810919071
961434,0.999923121661267
961435,0.3915347787801068
961436,0.9995316056993029
961437,0.0864454927016297
961438,0.9990330748864156
961439,0.9952843093838759
961440,0.9539760942913864
961441,0.3452534768686977
961442,0.1608223850876315
961443,0.9609141780996048
961444,0.9485107527954165
961445,0.2876287653397888
961446,0.19580709139158026
961447,0.9999223821625289
961448,0.6255568700667016
961449,0.995392867382831
961450,0.9999341143651559
961451,0.1258979946853634
961452,0.9978992033398724
961453,0.3511388703964582
961454,0.9999084048897682
961455,0.3457350515957939
961456,0.9980505939316382
961457,0.9790620834472022
961458,0.9728358473134298
961459,0.9995621406212926
961460,0.0851927375524348
961461,0.9967312247775537
961462,0.999914283361308
961463,0.9998526050125351
961464,0.9257043309328805
961465,0.01693998931034457
961466,0.4977769403692206
961467,0.29384480378229993
961468,0.06342179426891817
961469,0.9961650904962848
961470,0.19745207472623233
961471,0.9195891538920817
961472,0.7932222681720009
961473,0.030905482633917652
961474,0.9242044329437259
961475,0.05292522338497545
961476,0.9998598918499982
961477,0.9996411029038492
961478,0.9838464773079445
961479,0.6434565239149282
961480,0.9997604466668135
961481,0.21120280293177704
961482,0.9999355992961108
961483,0.9998580270964168
961484,0.9624346486504741
961485,0.9996539565060378
961486,0.224572283961524
961487,0.18452883705924394
961488,0.9816034488768276
961489,0.44853971517020974
961490,0.9992480566283617
961491,0.4319610652029289
961492,0.7610811219299134
961493,0.2242757069926651
961494,0.9977167131469709
961495,0.5772955061901169
961496,0.9997798589537434
961497,0.9999093241510517
961498,0.9982657932728554
961499,0.9998021308573664
961500,0.9998799470029627
961501,0.6335245489459679
961502,0.4720909303462804
961503,0.40972136118864316
961504,0.9953262476905782
961505,0.9949212846406699
961506,0.8726943334766237
961507,0.9968237102995481
961508,0.9749261552107408
961509,0.5732752883895194
961510,0.3621314590131879
961511,0.020175391546698025
961512,0.607185521056522
961513,0.026495986186989548
961514,0.4042532883047279
961515,0.9996082435468991
961516,0.9151841071516018
961517,0.9999009115235488
961518,0.9597913475402908
961519,0.023465945844620584
961520,0.6693598042354489
961521,0.14870198887632002
961522,0.100974574137589
961523,0.1664144101818295
961524,0.9996468539993953
961525,0.07646657423710253
961526,0.9984403616029746
961527,0.9512841321060185
961528,0.07610009776895002
961529,0.9124194784556345
961530,0.9993644765819767
961531,0.5635145179640928
961532,0.03464450358721852
961533,0.9998147177063341
961534,0.06164613816584351
961535,0.8156917770686176
961536,0.022805123456204165
961537,0.2868560618724178
961538,0.808109501860947
961539,0.7472967494127125
961540,0.9999213621775168
961541,0.7088807324784179
961542,0.9955962836058194
961543,0.9878648810938075
961544,0.998287783679733
961545,0.6705149959335592
961546,0.9136227897427212
961547,0.9989248668871551
961548,0.8182058089547511
961549,0.08756434744878505
961550,0.9999509414229009
961551,0.9999749840009249
961552,0.11347089008312228
961553,0.9991451642255674
961554,0.16740136065402583
961555,0.9984866648847295
961556,0.14692117796100504
961557,0.24529150977301983
961558,0.3732173499855694
961559,0.9998648694948071
961560,0.7392766579052175
961561,0.9993519671024864
961562,0.9702058005544714
961563,0.9992941652753706
961564,0.9967385462402406
961565,0.8311464495609767
961566,0.9550215696980641
961567,0.38496692876594474
961568,0.9982830346359539
961569,0.9199851382693569
961570,0.9999196185322858
961571,0.9995441182399498
961572,0.7529033611209897
961573,0.9912718537313755
961574,0.8891432440930249
961575,0.9961565427965691
961576,0.9123398738247578
961577,0.9999877578419298
961578,0.9998823640451024
961579,0.6475062400639924
961580,0.647167405665435
961581,0.999934279465886
961582,0.9958635236697911
961583,0.9498654263702477
961584,0.3228690951171368
961585,0.9999701389189157
961586,0.1821214933063461
961587,0.417399182284262
961588,0.1071984135551668
961589,0.8253976323408232
961590,0.1972262486850699
961591,0.9921164742590569
961592,0.9542700946650312
961593,0.8179036613352839
961594,0.14809194005949836
961595,0.2084614578489395
961596,0.7157873948071067
961597,0.9998416281106759
961598,0.9999794606923929
961599,0.7722088237500675
961600,0.07846555794060217
961601,0.11571015290077649
961602,0.9993061819523857
961603,0.030340406570749073
961604,0.6672640621094363
961605,0.9763050082007456
961606,0.9647056133547186
961607,0.006148260207110351
961608,0.9999676155855537
961609,0.468999796118711
961610,0.9959938185389476
961611,0.9998763196515772
961612,0.9934970749491668
961613,0.7590593171326612
961614,0.7915737445096994
961615,0.17021038319416848
961616,0.9707141004537929
961617,0.9999596204677736
961618,0.9585001826899141
961619,0.9993865206750002
961620,0.09336306864198007
961621,0.9997675878330344
961622,0.9999911413520081
961623,0.3706011497871131
961624,0.9380830647213304
961625,0.0064213706327859
961626,0.27733959317738516
961627,0.9995812999085469
961628,0.27829148701738665
961629,0.9924724485436004
961630,0.9998957864063949
961631,0.050366619377997815
961632,0.014328879148638271
961633,0.7774375237346827
961634,0.9997901682981917
961635,0.9999881492392075
961636,0.9971471264009649
961637,0.9968092994600377
961638,0.03452838116880044
961639,0.9997614719507859
961640,0.032208361852210626
961641,0.9998312225180173
961642,0.2675174938837142
961643,0.9420487846253892
961644,0.15665105291538292
961645,0.996857562890595
961646,0.06783271428927447
961647,0.8561493564381388
961648,0.236807380243369
961649,0.029665894618775168
961650,0.12975914914901343
961651,0.9998961392448372
961652,0.9840763843924847
961653,0.9997662748592846
961654,0.9476274207329898
961655,0.025939911883511545
961656,0.4306753455513629
961657,0.03829143581386506
961658,0.9993627313708235
961659,0.9999033487305745
961660,0.45953919262351106
961661,0.7966273697332168
961662,0.2842415595291343
961663,0.9045088312148677
961664,0.9885762880080703
961665,0.820963144920877
961666,0.026434720066523257
961667,0.9986445014076527
961668,0.05426575370866146
961669,0.25599396515388817
961670,0.9992921975626763
961671,0.9475169772295877
961672,0.8241146323145181
961673,0.9845457599331026
961674,0.9809539558523495
961675,0.999836443623536
961676,0.8099963916098513
961677,0.04490350270661727
961678,0.014035501955300858
961679,0.837302897413394
961680,0.02203116510513181
961681,0.3054728427745393
961682,0.20523007457934808
961683,0.9998389215885528
961684,0.9324297039691563
961685,0.804723923996745
961686,0.6592300422120572
961687,0.990094673802059
961688,0.047234803194181316
961689,0.9591429155359322
961690,0.6196404804996094
961691,0.9904684590186059
961692,0.9999254423799429
961693,0.9999495367483138
961694,0.969533664638454
961695,0.9221657110870622
961696,0.25911822379713
961697,0.9994222633383754
961698,0.9997745177710302
961699,0.9918044387776421
961700,0.9999422142708654
961701,0.6144200599602895
961702,0.832905825569644
961703,0.9997794148987184
961704,0.9994199292903878
961705,0.9705625309216741
961706,0.8030194554433759
961707,0.8350959726637923
961708,0.09717992042121877
961709,0.7498588230472749
961710,0.859210912814337
961711,0.3796063142700693
961712,0.13642976246409352
961713,0.7298853546427262
961714,0.999991869816216
961715,0.9999316955388372
961716,0.9950229104228814
961717,0.9973204363228955
961718,0.9943176008275205
961719,0.9995253536630786
961720,0.9999682473600258
961721,0.9942395219342267
961722,0.9308559497167247
961723,0.9044568332105111
961724,0.9914425613237968
961725,0.9999759432241089
961726,0.29801399384041793
961727,0.8134097218497025
961728,0.9993505404969112
961729,0.9964471242543502
961730,0.9880277392312965
961731,0.9996346830740526
961732,0.8675173162812053
961733,0.9891884815349418
961734,0.9999529941852168
961735,0.9051227353055853
961736,0.999885503379893
961737,0.46819361663633796
961738,0.9988122759147254
961739,0.688196440073003
961740,0.6481178506311795
961741,0.9994392032061238
961742,0.517237606843147
961743,0.023150513666245504
961744,0.5835912286814184
961745,0.5617260892856781
961746,0.9999752113329037
961747,0.1593906523254503
961748,0.1969600612436222
961749,0.053385667835266826
961750,0.759389574823361
961751,0.9998488787465374
961752,0.9986183320737475
961753,0.9985616859473324
961754,0.008868964254639702
961755,0.3545063428658352
961756,0.246149091692541
961757,0.9845780274945048
961758,0.9968526676958146
961759,0.9894004720099077
961760,0.9999939232924373
961761,0.9997830981985254
961762,0.9995215853460426
961763,0.9308801420719168
961764,0.9997755110568856
961765,0.9994925085202532
961766,0.9990197847131996
961767,0.014315269394020629
961768,0.9999017787339808
961769,0.33503281044302036
961770,0.10395917753171888
961771,0.7676682935657452
961772,0.8927741437202508
961773,0.06120149067326793
961774,0.9999799169090121
961775,0.01336295906568051
961776,0.9998854462380484
961777,0.8299777829512465
961778,0.047463105480927956
961779,0.010769850833114231
961780,0.32981659949190123
961781,0.6512111167793027
961782,0.9976388824802973
961783,0.9997138831356713
961784,0.9658003591881543
961785,0.9998057943623081
961786,0.18122474766018104
961787,0.2795082727964575
961788,0.47581904234999994
961789,0.34836936537967733
961790,0.9342299836756116
961791,0.9994482253867641
961792,0.669357363151077
961793,0.8073694520344962
961794,0.04000480566867463
961795,0.05363143931607937
961796,0.9999826950073838
961797,0.9998778778457982
961798,0.8169452352866184
961799,0.2723980660334434
961800,0.23245915887440047
961801,0.5960421844723702
961802,0.7291074597796066
961803,0.9981621709733517
961804,0.7974765507008357
961805,0.9998078419795615
961806,0.9638867586924316
961807,0.19403346593246878
961808,0.48422675397701753
961809,0.08493111031468856
961810,0.8302717094910141
961811,0.9999647007124004
961812,0.04274564418167417
961813,0.7552807437547723
961814,0.5901795979427058
961815,0.9847521035498765
961816,0.990695885350773
961817,0.998367489879423
961818,0.21261266800570924
961819,0.9875069393097088
961820,0.999833470116935
961821,0.06727874772281286
961822,0.5012081009366833
961823,0.9996496094320431
961824,0.8708890294540607
961825,0.9865116039253582
961826,0.14354366412664657
961827,0.9787352291592265
961828,0.28522896475941073
961829,0.3131219552157258
961830,0.9997198076396949
961831,0.9999367664293974
961832,0.9997002830717642
961833,0.8890103584987322
961834,0.9999066972897828
961835,0.7291467758071959
961836,0.9999302511562131
961837,0.9974106431175549
961838,0.44890990892503546
961839,0.1970400009393321
961840,0.5966716074130436
961841,0.5946253343834164
961842,0.9993408997074666
961843,0.9978264041780593
961844,0.4928630151282863
961845,0.4034502015598302
961846,0.032794912948249336
961847,0.9997495758893966
961848,0.32073326458022233
961849,0.9998882241164813
961850,0.8641535028132993
961851,0.31720692542853046
961852,0.9999701942304284
961853,0.7685425253782991
961854,0.9995284325892285
961855,0.31123946719419127
961856,0.9719135177289362
961857,0.05639907209318126
961858,0.12684738497548007
961859,0.15900635437441996
961860,0.9997555970889684
961861,0.9964724044909741
961862,0.9991421869079515
961863,0.9981125348867308
961864,0.999499968231993
961865,0.025616096792221252
961866,0.24507541999807608
961867,0.9997518416335851
961868,0.999765831826678
961869,0.7389484690790838
961870,0.6571207449026619
961871,0.9996821843701624
961872,0.9282130539359763
961873,0.17853148916605605
961874,0.9704439096590984
961875,0.9657965887553135
961876,0.7839550318494835
961877,0.999449269887289
961878,0.9985473045450284
961879,0.9994462767119099
961880,0.36500368466666766
961881,0.18429371940000097
961882,0.8675522643683762
961883,0.913297379265708
961884,0.9890246632483494
961885,0.413429710389752
961886,0.9998414191809291
961887,0.9980999291008674
961888,0.391761814491163
961889,0.9998103516893955
961890,0.03604485560858473
961891,0.9993761772687796
961892,0.9992547042750572
961893,0.9993401481627517
961894,0.9997834225458931
961895,0.005316121422645114
961896,0.6678067284037659
961897,0.8422950862406859
961898,0.9997672687792986
961899,0.9999128774864963
961900,0.12840285852162442
961901,0.9992443842596633
961902,0.11189414606780855
961903,0.9898406607348287
961904,0.14835251450032358
961905,0.8297885099721521
961906,0.9998443353118005
961907,0.9608422276139493
961908,0.03581718847675551
961909,0.9989376250741834
961910,0.9995620294758314
961911,0.7068929801870696
961912,0.9455326712367457
961913,0.9998558075101693
961914,0.7258038559767668
961915,0.9999616876641874
961916,0.23218604141878543
961917,0.6280187166730021
961918,0.1932379197007823
961919,0.7660918446241695
961920,0.2370343625993761
961921,0.9972875324061548
961922,0.8902321953605131
961923,0.9995942053024662
961924,0.9976984796397124
961925,0.9994209650026893
961926,0.8633602236920875
961927,0.13745839619414468
961928,0.4518920665628663
961929,0.8660931781783477
961930,0.015080368176404083
961931,0.6004170561845897
961932,0.09925535930413769
961933,0.01319715669149885
961934,0.9992000252406021
961935,0.3009238111253494
961936,0.9851443116310925
961937,0.7800913654060264
961938,0.9992649984559688
961939,0.9983622592263983
961940,0.9998900546395435
961941,0.9581320759428742
961942,0.11704434745866783
961943,0.6563330213208383
961944,0.990168682603426
961945,0.04121762112043341
961946,0.8651557773855822
961947,0.9997965999504926
961948,0.9998914755471964
961949,0.9992148777460963
961950,0.9642309340961286
961951,0.10683761158353235
961952,0.332450348019137
961953,0.9739909220219605
961954,0.9999419703732124
961955,0.44343151764533495
961956,0.9903680986307247
961957,0.5952481876704546
961958,0.3897675190953535
961959,0.9906858795765279
961960,0.9983405210525726
961961,0.9998716829730412
961962,0.6239190086481254
961963,0.997946568126358
961964,0.04953244586203566
961965,0.09548819350019978
961966,0.9965123967671263
961967,0.5520531263862302
961968,0.6956222063776698
961969,0.9992998326589506
961970,0.9994901738633895
961971,0.1896089421375018
961972,0.05739037295818868
961973,0.8525731708300845
961974,0.9993116521821925
961975,0.9971754481302136
961976,0.9995028349020176
961977,0.7311343570168376
961978,0.8377670062060608
961979,0.797775897432688
961980,0.8404726243565676
961981,0.41720854075129143
961982,0.495765885119686
961983,0.999985677581305
961984,0.9995612609821316
961985,0.9978257211620262
961986,0.9997207923168139
961987,0.18776586252135835
961988,0.988952893278386
961989,0.6664241672554052
961990,0.9994312073551541
961991,0.9998465461409283
961992,0.5599973145165025
961993,0.7543727312675736
961994,0.998359623145948
961995,0.029171224154097418
961996,0.29037937138869796
961997,0.09769320177008348
961998,0.9997419874782474
961999,0.9959777641674457
962000,0.8510503383325705
962001,0.6075723846515132
962002,0.4860784328259835
962003,0.9021963228251579
962004,0.9960387077989454
962005,0.6806031187739191
962006,0.9999550979541982
962007,0.055803350599977215
962008,0.9982387212697733
962009,0.6912710837936593
962010,0.999938373407242
962011,0.999826698063508
962012,0.9999950232882602
962013,0.9997579745339078
962014,0.9997033995258164
962015,0.2305338604498659
962016,0.9993149832762649
962017,0.7262819210828186
962018,0.021015618433094692
962019,0.006303263338338698
962020,0.053157153065657214
962021,0.9999621917684255
962022,0.9993370465666411
962023,0.998132477322199
962024,0.890446894043413
962025,0.9988336783461891
962026,0.9999294620193149
962027,0.9999861908008172
962028,0.11233522480087002
962029,0.04121377992350801
962030,0.9999039838779495
962031,0.08526687701511357
962032,0.1774596965582942
962033,0.008479704459456377
962034,0.5290203811683009
962035,0.42605986138358387
962036,0.9811583767086257
962037,0.9972429487868332
962038,0.036306586526926754
962039,0.17122996253814482
962040,0.311179954832541
962041,0.1289222754335687
962042,0.016235023236899727
962043,0.9959969702060403
962044,0.9740165733985162
962045,0.3383824677797686
962046,0.9987517682930175
962047,0.9011083419483161
962048,0.11767480356795038
962049,0.9899211398526802
962050,0.7486593096930196
962051,0.9998343830436146
962052,0.8038742618822329
962053,0.15001594473025937
962054,0.19408030360426012
962055,0.9978740400123436
962056,0.9968098482883154
962057,0.9987222346677989
962058,0.9998256207503902
962059,0.22871162481045726
962060,0.20832156606943242
962061,0.4101555829359999
962062,0.9901365893186687
962063,0.5620236543526845
962064,0.35274868602803794
962065,0.36256560570508856
962066,0.8294733360035498
962067,0.9998157683609462
962068,0.9899886194472148
962069,0.9995700043989779
962070,0.967941241140981
962071,0.9998525007213298
962072,0.994432845970945
962073,0.9737789456695982
962074,0.3711403341715338
962075,0.747529865374965
962076,0.9999540970989536
962077,0.5627924994889596
962078,0.14784554655578752
962079,0.2602677692867514
962080,0.1986846470466478
962081,0.05233939936214908
962082,0.23272349705330175
962083,0.9991379856902204
962084,0.832474263945168
962085,0.9982973286387617
962086,0.9998371907963179
962087,0.9999058854750941
962088,0.08829956858136086
962089,0.8129747074027661
962090,0.4442563748160442
962091,0.999621975940072
962092,0.9998250844306609
962093,0.9778413307904292
962094,0.999959018798886
962095,0.9998087245868912
962096,0.9999325259579825
962097,0.9364802103940599
962098,0.05440959105951651
962099,0.9998896131715687
962100,0.6366866374377493
962101,0.999899710028967
962102,0.9999368097288148
962103,0.0692914136956636
962104,0.6183103304433066
962105,0.43088153971215115
962106,0.04294633837425184
962107,0.43848687595160324
962108,0.9345654112594812
962109,0.9988325048239801
962110,0.20692166166606052
962111,0.0038097014497384977
962112,0.9098770529644347
962113,0.9961560248895449
962114,0.43235052733884854
962115,0.999991963724961
962116,0.8278581509675693
962117,0.2638756785778705
962118,0.9945667357615368
962119,0.8943820760325893
962120,0.00816038251007991
962121,0.9892488849785291
962122,0.9997291686199367
962123,0.12199891078598518
962124,0.35278410724372833
962125,0.9998746739569113
962126,0.9975871656384554
962127,0.509894807055772
962128,0.9999354155552869
962129,0.0906019430046756
962130,0.1017862976884806
962131,0.9999879099838842
962132,0.9202230900484871
962133,0.9829282528613208
962134,0.9942978945801775
962135,0.9997265071889283
962136,0.78145607877507
962137,0.12859242633151324
962138,0.66917343778785
962139,0.10868162878556661
962140,0.9814401662500645
962141,0.8471505093820642
962142,0.1317925388648277
962143,0.8371548522014463
962144,0.98385497395416
962145,0.9997889049097213
962146,0.9143909765258467
962147,0.3706431047159944
962148,0.9999383163049574
962149,0.7043788750215882
962150,0.99578247434486
962151,0.16976004266002004
962152,0.7401258231154558
962153,0.9966901901845262
962154,0.9993202519392733
962155,0.2597971287527094
962156,0.9999729482971783
962157,0.9984623136471691
962158,0.9989682478092259
962159,0.9643483732343875
962160,0.9993088300510455
962161,0.9997242997044997
962162,0.9907941576557796
962163,0.19068100595543955
962164,0.8847571364171374
962165,0.9997485283550228
962166,0.9651172092784649
962167,0.9995955463319597
962168,0.6596601567225318
962169,0.9992539418314588
962170,0.8942118078933177
962171,0.02928371312110651
962172,0.44863825659431755
962173,0.9980822129726119
962174,0.6006062786326783
962175,0.30856655293501317
962176,0.5554041833088161
962177,0.039252486706228405
962178,0.9853701517658298
962179,0.9997522898886713
962180,0.9999034036294256
962181,0.1679102211490388
962182,0.9857536544857677
962183,0.9976707882131963
962184,0.9998041590358042
962185,0.5606493909144732
962186,0.7604664797467293
962187,0.9535313974954256
962188,0.9987018938154602
962189,0.985048781526914
962190,0.999169108762175
962191,0.9813046409286368
962192,0.5354490969449432
962193,0.9763116933066975
962194,0.16971951410181224
962195,0.9941467211291102
962196,0.9984672018768417
962197,0.9978726890033166
962198,0.6721501188351405
962199,0.9994232198114175
962200,0.9778055455874362
962201,0.831135037258587
962202,0.9997378606392271
962203,0.033036488923387036
962204,0.9311999156775235
962205,0.5068746848969645
962206,0.8850383562266609
962207,0.015601474304767248
962208,0.9674262717696459
962209,0.32184481926566805
962210,0.9980674084862613
962211,0.605630514198512
962212,0.9985890295973538
962213,0.9962678047670116
962214,0.8077556497149003
962215,0.7249675030200546
962216,0.9939189615111235
962217,0.9318609920643383
962218,0.998993676693709
962219,0.9999884948782831
962220,0.9998542844495553
962221,0.7351440330968325
962222,0.990670899822488
962223,0.9977447093142628
962224,0.4496487104267342
962225,0.04289423694962264
962226,0.1642392488215015
962227,0.9988513893507828
962228,0.9990362934189214
962229,0.992284844102806
962230,0.9820466099980798
962231,0.9995484754225747
962232,0.14873585562283329
962233,0.045980770221977524
962234,0.966113147417847
962235,0.5614257732503268
962236,0.9993961344042728
962237,0.18683427830628202
962238,0.9064124296181821
962239,0.2600774537000301
962240,0.998621929963409
962241,0.7043405941028156
962242,0.9999132782893734
962243,0.9994992282224174
962244,0.9998869012666789
962245,0.9998477735754827
962246,0.13269404849810934
962247,0.9992205613826455
962248,0.9948396715675081
962249,0.644430532506961
962250,0.9998845230194859
962251,0.5937181859286365
962252,0.24324638215206892
962253,0.9994413095436524
962254,0.09293280971376386
962255,0.9979332392613693
962256,0.9998686392263423
962257,0.9963219795740479
962258,0.034121429818562636
962259,0.9897103877921616
962260,0.7465904036755441
962261,0.04104909160820644
962262,0.0036168618595546005
962263,0.9997389047098653
962264,0.9995572376207279
962265,0.7010166579446757
962266,0.304356396528804
962267,0.6454665384267606
962268,0.029295598338001532
962269,0.9806326511919035
962270,0.13925949852872593
962271,0.4594527111983957
962272,0.5966996370785759
962273,0.451989160395185
962274,0.20296087485682301
962275,0.4994427129405037
962276,0.9961000793826433
962277,0.4618601522840976
962278,0.9993331038702745
962279,0.9245077978315992
962280,0.9967829220550214
962281,0.7399258639726398
962282,0.9998923324477031
962283,0.24674604277543385
962284,0.9538594293890498
962285,0.06054156586541744
962286,0.992441975220933
962287,0.3179739733836675
962288,0.054923349650268634
962289,0.49893265602217357
962290,0.030826323622491558
962291,0.999618817597572
962292,0.9389415895996629
962293,0.21324555183647537
962294,0.9993017401490394
962295,0.9999912664353074
962296,0.7117904512633078
962297,0.9979339437280161
962298,0.5507644295541825
962299,0.015935034187135547
962300,0.9984325080872525
962301,0.9992890482945185
962302,0.8820122987795738
962303,0.9998375310042139
962304,0.06273985161334725
962305,0.9999487574932812
962306,0.9999737560327253
962307,0.9214331540313162
962308,0.9998498581281716
962309,0.9999905599938032
962310,0.3424611345208178
962311,0.9999541070403309
962312,0.7814729598689304
962313,0.2569334717458048
962314,0.9996053279240407
962315,0.10963081962927386
962316,0.9399873259977467
962317,0.7342012460086993
962318,0.8911008596514804
962319,0.539030204658762
962320,0.9960117207383301
962321,0.015953392966963346
962322,0.996419950224841
962323,0.2995183325627943
962324,0.6864167886420451
962325,0.9058211492665713
962326,0.2382521110449055
962327,0.03171885033120209
962328,0.9943004376803891
962329,0.7167090607899658
962330,0.7491434499365268
962331,0.9997488737954784
962332,0.9485629863533594
962333,0.12841624539308202
962334,0.29124517068153416
962335,0.6671125423631153
962336,0.9984344009137971
962337,0.14555632062250576
962338,0.6992138015408137
962339,0.994940907213541
962340,0.1124193252039783
962341,0.9998688296952789
962342,0.9920575153348756
962343,0.7825781219228323
962344,0.025929296519899662
962345,0.996969722999736
962346,0.9980577609421053
962347,0.9711387710484276
962348,0.9973799922981711
962349,0.8528593721541353
962350,0.999948941941812
962351,0.11391490509595753
962352,0.4062530033215973
962353,0.6719133107573323
962354,0.26828155867721476
962355,0.9503330385033726
962356,0.9998818513811782
962357,0.26125968642102954
962358,0.9999156960664732
962359,0.997319680922136
962360,0.8793715780589735
962361,0.26377775482728705
962362,0.8700953224652945
962363,0.4629132599690249
962364,0.999488639862769
962365,0.9963675519758937
962366,0.7104667655850008
962367,0.9997233359941526
962368,0.9955022580901931
962369,0.99989844790408
962370,0.17134377000968745
962371,0.16869137757846722
962372,0.9521788301358779
962373,0.6976536002128519
962374,0.9348345927228376
962375,0.030795816187549646
962376,0.9997217942391836
962377,0.9999319376761417
962378,0.9975349145621046
962379,0.999694839820614
962380,0.9959587747694003
962381,0.9981061379098733
962382,0.9974345109385643
962383,0.23006215439036154
962384,0.9915241245918174
962385,0.70671220787035
962386,0.06200792882990784
962387,0.9665388195339538
962388,0.7252832090007968
962389,0.694380760291468
962390,0.9999810841398633
962391,0.5463965455121101
962392,0.985432248235575
962393,0.9998839288616891
962394,0.011593920016830427
962395,0.9709926577797121
962396,0.9999939014182042
962397,0.22455931575018617
962398,0.10485013304126253
962399,0.9995706469831325
962400,0.930006450607854
962401,0.9997084056708017
962402,0.9845071946153743
962403,0.9997511809649733
962404,0.1664295063649094
962405,0.3324837578992854
962406,0.994549257693178
962407,0.0653829574887969
962408,0.09764187247505428
962409,0.7726994591329948
962410,0.9850970036405058
962411,0.8088870532008927
962412,0.7209420734031118
962413,0.9931866149205484
962414,0.9424194240963172
962415,0.8698517580716602
962416,0.9994664220842217
962417,0.999991612335988
962418,0.880887059601607
962419,0.9999093885626669
962420,0.9778642667396629
962421,0.0012321640829686179
962422,0.9995336269672533
962423,0.9808137021502474
962424,0.9978196229855072
962425,0.31445759699418724
962426,0.513465303503223
962427,0.6196756720806511
962428,0.021235760147713813
962429,0.9999436532816365
962430,0.9999596418390231
962431,0.9998673467426251
962432,0.9999634762914694
962433,0.1781640774443367
962434,0.9260751635002187
962435,0.9620876770828788
962436,0.39568883850833014
962437,0.9977503555747322
962438,0.17918378206460478
962439,0.9987276234318485
962440,0.8537802158993961
962441,0.9936848712187458
962442,0.9996199384388572
962443,0.9884309330421295
962444,0.9991352349258633
962445,0.9444079178517439
962446,0.9972120101940988
962447,0.9982280026246576
962448,0.9991443354849795
962449,0.8072464510747083
962450,0.08761649707029506
962451,0.0037901181902618123
962452,0.05737563921748864
962453,0.7121852467602315
962454,0.9995319015529551
962455,0.061830293587603606
962456,0.24422516020741183
962457,0.9877606384256921
962458,0.9981466467048041
962459,0.025618066251822152
962460,0.9505219586776907
962461,0.009757245640442147
962462,0.008107188039872695
962463,0.9999859073260333
962464,0.9074735197175925
962465,0.9823803515961534
962466,0.46233445647442983
962467,0.9953767920399054
962468,0.4625587245838335
962469,0.9996180069946947
962470,0.061835497192036556
962471,0.9646040864156149
962472,0.43381898189267987
962473,0.9711696522423394
962474,0.029205384882185607
962475,0.9884812232966753
962476,0.6831110891355563
962477,0.5038091594772907
962478,0.7532505435536809
962479,0.9998184694740284
962480,0.8154102079917007
962481,0.9976187121504736
962482,0.09332689844687961
962483,0.9728467056722243
962484,0.8231519362849472
962485,0.3854586644733956
962486,0.4788726479516423
962487,0.050577929137926574
962488,0.4716594117873417
962489,0.044271147942685475
962490,0.4436650782904471
962491,0.9913393490841218
962492,0.5037827902289664
962493,0.9995229179687544
962494,0.9991224957150648
962495,0.9997259951270094
962496,0.48958187622633403
962497,0.007653310656878956
962498,0.9994288957128007
962499,0.06988723409855595
962500,0.9999847831112035
962501,0.014827320243882582
962502,0.9999327254716772
962503,0.8844593353771799
962504,0.9994419473079171
962505,0.5073319748187755
962506,0.9598730887263249
962507,0.5451418158180243
962508,0.012035965244468396
962509,0.49097864802010627
962510,0.15517250427267026
962511,0.9927351799683468
962512,0.9967062948988454
962513,0.9997028930471543
962514,0.9943005684168713
962515,0.9604806590310245
962516,0.9999742551674998
962517,0.8411169154113438
962518,0.3710552904983163
962519,0.9994038351996928
962520,0.9999723174108722
962521,0.9999077672177069
962522,0.17715536011545904
962523,0.7691064627698712
962524,0.003932633029083374
962525,0.7922161277305717
962526,0.49533972485270067
962527,0.003661769552484485
962528,0.42747990946096515
962529,0.053956509975446605
962530,0.7456352502630268
962531,0.9686494331526867
962532,0.9997765197180263
962533,0.4192660141915241
962534,0.9990982420122794
962535,0.9985997782377891
962536,0.09657758138466088
962537,0.9695750731783543
962538,0.9985666697527029
962539,0.9999737809082706
962540,0.998102491139987
962541,0.9997963331979777
962542,0.9996160186412872
962543,0.02260543582031411
962544,0.9967380681202955
962545,0.9525431594761595
962546,0.06968518273197555
962547,0.23398630281974575
962548,0.6761798449675145
962549,0.9406843120052357
962550,0.8064207939659562
962551,0.9998666048410363
962552,0.9979233607607184
962553,0.9802118859956255
962554,0.7919078123610758
962555,0.007343474731212395
962556,0.33771786234238665
962557,0.9989896919403606
962558,0.9999467868032261
962559,0.596643044821385
962560,0.9882473252255315
962561,0.9999093541688547
962562,0.8516388068843666
962563,0.989161621170954
962564,0.18712256127698024
962565,0.16850424417113385
962566,0.5189621119134977
962567,0.996508782420622
962568,0.6860062543087307
962569,0.5005521436421922
962570,0.6617183601001652
962571,0.999813894780382
962572,0.9995202982785367
962573,0.9998668053991382
962574,0.04358857227461879
962575,0.9863584534653904
962576,0.9999846866243819
962577,0.8489423253297634
962578,0.9997548500655355
962579,0.05302728634307328
962580,0.685157145710804
962581,0.8008479656244367
962582,0.9999580482701247
962583,0.9982910133070949
962584,0.9891620476883529
962585,0.9963108329296695
962586,0.6584574818462178
962587,0.009545564907715819
962588,0.4486187909502586
962589,0.007085660384675819
962590,0.02979207833335094
962591,0.6189764259413129
962592,0.5990259335218446
962593,0.9956565335541863
962594,0.5418540140468768
962595,0.17183582200399727
962596,0.15731057145072738
962597,0.9046745911383197
962598,0.23485383117064662
962599,0.12923949819639025
962600,0.9999337380324778
962601,0.9991043252927782
962602,0.49896875884990843
962603,0.9789637159056732
962604,0.9703144186904996
962605,0.9999833327466106
962606,0.9813032432008978
962607,0.20074651261252963
962608,0.9998611746097661
962609,0.7636863502409446
962610,0.021145262266902165
962611,0.996399327659947
962612,0.9999130881473562
962613,0.7686271379000393
962614,0.0056271205165489314
962615,0.9998111610294635
962616,0.28931898012300367
962617,0.8628168713003276
962618,0.665360947231048
962619,0.9999090756215073
962620,0.9995319883093072
962621,0.9377354758830454
962622,0.06428895778059819
962623,0.994535304776184
962624,0.8949666447374806
962625,0.999494927893992
962626,0.0636659360080623
962627,0.12117236495092513
962628,0.03933870704174494
962629,0.9996757488567851
962630,0.11690036292705942
962631,0.9998151407851166
962632,0.9992846654634204
962633,0.32180798398025695
962634,0.9993372039986179
962635,0.5739926753119858
962636,0.7933595177928173
962637,0.01975186337739436
962638,0.10334132887160499
962639,0.999820657743266
962640,0.28238942181486276
962641,0.05260214370476747
962642,0.9999427854671531
962643,0.9996016153208783
962644,0.978923853958155
962645,0.9482784272567004
962646,0.035459853970654355
962647,0.055519735097498926
962648,0.9239321223830218
962649,0.9999434695014043
962650,0.8034067285862012
962651,0.9997084505093085
962652,0.9958174184008122
962653,0.9940675119880764
962654,0.4763946478791656
962655,0.45592018149408997
962656,0.056744268298569364
962657,0.9985009717255209
962658,0.9408787314161896
962659,0.9995165827975144
962660,0.5349539603373056
962661,0.04334738789470064
962662,0.8382359240659685
962663,0.997455113227844
962664,0.06624847273706988
962665,0.9984136025347814
962666,0.9992850731684466
962667,0.5321788545600316
962668,0.6945579789339213
962669,0.20308255127501323
962670,0.9978180770181627
962671,0.9949277246978827
962672,0.09260558429053035
962673,0.9999259156275454
962674,0.11551677218377204
962675,0.9996369991406955
962676,0.9999723802112594
962677,0.2518843019872835
962678,0.645688203137344
962679,0.9999568059204174
962680,0.9935446585165734
962681,0.22202096341308208
962682,0.9998974663024198
962683,0.9997530507103469
962684,0.9884825989343898
962685,0.1243911362716374
962686,0.7454370073116303
962687,0.999286812669794
962688,0.9777301241905851
962689,0.5801904303727694
962690,0.9939198473017025
962691,0.7976238562224383
962692,0.5150834316983613
962693,0.9999591784496984
962694,0.18800706742279294
962695,0.9973436955543702
962696,0.9998437222671889
962697,0.10652181779601595
962698,0.9995862997698413
962699,0.9604888710595212
962700,0.9997756465012565
962701,0.38821038399962465
962702,0.9953186824327502
962703,0.7729572496236253
962704,0.26652903431138425
962705,0.999342860898028
962706,0.9752485015220441
962707,0.9990732922881564
962708,0.9990733267658045
962709,0.7944443993236106
962710,0.1984817429457739
962711,0.9968357969848954
962712,0.9056425238324972
962713,0.9999842219618701
962714,0.999343227505243
962715,0.9977549259465618
962716,0.017098663800997754
962717,0.0176402572924025
962718,0.9999705306436892
962719,0.9972598823333355
962720,0.8795869130793758
962721,0.9971856086783182
962722,0.010709017737293967
962723,0.20927552367895608
962724,0.6361683142186165
962725,0.9999159170387566
962726,0.034446673949304576
962727,0.9171277203990175
962728,0.9999697622840074
962729,0.9998006702260951
962730,0.27790297795941926
962731,0.9985105795690604
962732,0.9623843719766179
962733,0.9999073357728672
962734,0.9985767949896391
962735,0.18159918672042147
962736,0.23400787372903836
962737,0.9365491631602184
962738,0.5035721916727319
962739,0.0966405272041711
962740,0.7175909996316701
962741,0.10001386710255553
962742,0.980727782536029
962743,0.9814291125944751
962744,0.8645962367091119
962745,0.9991219731033988
962746,0.6833443993547941
962747,0.9954907842755136
962748,0.9992547816080147
962749,0.9823472925522165
962750,0.9936765733871429
962751,0.4498398649257659
962752,0.3346400205876382
962753,0.9979585204652595
962754,0.38069791646800755
962755,0.9998512502578334
962756,0.9994401982524744
962757,0.9987683153661187
962758,0.06773544630543624
962759,0.9995949194546798
962760,0.9996297182962339
962761,0.9988387533930239
962762,0.9575271065070177
962763,0.9999174815872212
962764,0.9983378430767658
962765,0.18470851223423917
962766,0.9998555774453021
962767,0.9991901882537195
962768,0.6597226889551528
962769,0.9999510930457982
962770,0.9982376170843259
962771,0.9297818801680432
962772,0.9973564912414938
962773,0.004836445175148767
962774,0.012917530055292626
962775,0.9997300219083328
962776,0.2061188977418322
962777,0.9923325511987499
962778,0.9994277830084735
962779,0.9999522527933347
962780,0.06458424898480575
962781,0.17638530824308618
962782,0.9632250573404486
962783,0.9998206250337311
962784,0.999978958100177
962785,0.018535523582004547
962786,0.43548622430988265
962787,0.7237764756924282
962788,0.8147439711323521
962789,0.9142684725865587
962790,0.2542022488895541
962791,0.9995358695539818
962792,0.054201008781485975
962793,0.9951886307338759
962794,0.01923250969277864
962795,0.7448624823934172
962796,0.5593568074544548
962797,0.7785156722313817
962798,0.9999805724693624
962799,0.1552222491834483
962800,0.9999911903286807
962801,0.2033481095570786
962802,0.9994510145346407
962803,0.06609753584590927
962804,0.992357427980161
962805,0.780872079405848
962806,0.14795650038889624
962807,0.6522461230148184
962808,0.9995116028392392
962809,0.997979265840339
962810,0.9175898680180103
962811,0.17529221874464967
962812,0.999128649270157
962813,0.6219095000281716
962814,0.9963288472430435
962815,0.9983316476036914
962816,0.9784637067074318
962817,0.9737437219804486
962818,0.9993508056884545
962819,0.7261737973125477
962820,0.3011251011353831
962821,0.9990521647310406
962822,0.892376582419944
962823,0.3410864257383042
962824,0.4250745216422778
962825,0.9973919694425117
962826,0.18276478265457763
962827,0.9445585588897819
962828,0.9309429655527104
962829,0.7121447526908118
962830,0.5516667064629323
962831,0.6661073322941143
962832,0.09006801306762773
962833,0.9636412328792552
962834,0.9805986829280657
962835,0.9839543694308743
962836,0.9997964394097858
962837,0.9994721609704935
962838,0.784168801915395
962839,0.9995196032698017
962840,0.8685568901073434
962841,0.9994106393332727
962842,0.23095962415636262
962843,0.47661448942592155
962844,0.028925067069288365
962845,0.9995839470611841
962846,0.04813852024456014
962847,0.9995972737378415
962848,0.9585124499285417
962849,0.9534138637450646
962850,0.7278266976092351
962851,0.09337998918713399
962852,0.8449889559894248
962853,0.9951283135569139
962854,0.9997449610674092
962855,0.9996713314516827
962856,0.03001556681773585
962857,0.015112998343699181
962858,0.999939859870008
962859,0.1720112210639543
962860,0.9999399517236227
962861,0.9617149852183148
962862,0.2737819264631155
962863,0.46934641097108587
962864,0.4886463807515913
962865,0.9875072610263512
962866,0.025243595179699034
962867,0.9999939735396246
962868,0.99984298524826
962869,0.6504671458155652
962870,0.9913136302467593
962871,0.016071193697594268
962872,0.9949190816331495
962873,0.9976821849528902
962874,0.11129263937908287
962875,0.9997957764849053
962876,0.17347533004425894
962877,0.9276933223710642
962878,0.9988632528672857
962879,0.9995700974760691
962880,0.9992979532822317
962881,0.3953856555263737
962882,0.9987484637058517
962883,0.9999448401684013
962884,0.9993261331760019
962885,0.919366106294248
962886,0.9192410090837362
962887,0.9849682570116645
962888,0.21169131202685704
962889,0.9997254129816676
962890,0.2956799410869807
962891,0.8372595928249701
962892,0.8088161902259392
962893,0.9936379909926032
962894,0.5444937820162284
962895,0.992810326783151
962896,0.05029473537060966
962897,0.9998654844075211
962898,0.7701588578140737
962899,0.6352197832863565
962900,0.6547817632552273
962901,0.9995414146089603
962902,0.9973200462758066
962903,0.6026279880491489
962904,0.5997325712825219
962905,0.8023190627062707
962906,0.9633920002648309
962907,0.999982031964913
962908,0.9068275216011472
962909,0.45258903074964535
962910,0.1779789083883095
962911,0.7659336920292967
962912,0.9997405095432427
962913,0.4316530267530296
962914,0.999563884590212
962915,0.5166682185218535
962916,0.29282194527049976
962917,0.9983388137699137
962918,0.999742585299622
962919,0.187320083886692
962920,0.9656933716962638
962921,0.9980902791924763
962922,0.9997511825148526
962923,0.9995420687240234
962924,0.09992792745066326
962925,0.9994689934183859
962926,0.3291658125029081
962927,0.9925790183102075
962928,0.9995742723886427
962929,0.08758306259133135
962930,0.9998138684021299
962931,0.9467122741380423
962932,0.010977006495787145
962933,0.11820399284734498
962934,0.8835303471361752
962935,0.9403383483519042
962936,0.9938934000820441
962937,0.9600225718002815
962938,0.9960151482899778
962939,0.7057715151485552
962940,0.9998734919907681
962941,0.9934268633074355
962942,0.9997513794540016
962943,0.9995731284843048
962944,0.9983845583682716
962945,0.6833932758310041
962946,0.04189959221990383
962947,0.9042865574637
962948,0.9999673095894989
962949,0.022572625517736603
962950,0.22254706067348773
962951,0.9939216771676388
962952,0.844911855466623
962953,0.9994920367878088
962954,0.3353497836813531
962955,0.9998060796706367
962956,0.9664273639464366
962957,0.08732225997977408
962958,0.9972965642118479
962959,0.5646458454158301
962960,0.9992805512609724
962961,0.8249450867956947
962962,0.9998956980677627
962963,0.2211362522203194
962964,0.9564831611959783
962965,0.5820550208072909
962966,0.9999595329199499
962967,0.4313923153737155
962968,0.999148534886525
962969,0.4080054608701253
962970,0.9995098878314812
962971,0.07812889345498113
962972,0.9999233340808161
962973,0.3345448331739025
962974,0.3056757262904582
962975,0.7897125694120708
962976,0.8607949052530255
962977,0.14218559702603714
962978,0.7960299111337953
962979,0.3925716910425325
962980,0.10128064089507947
962981,0.9999191774621519
962982,0.0981645486807399
962983,0.2566644607788572
962984,0.9611169143275418
962985,0.9998543030256345
962986,0.5554588894208896
962987,0.9897612808599832
962988,0.32874197758661394
962989,0.8863838024106188
962990,0.9997849809437325
962991,0.9524439657939865
962992,0.36643154883229817
962993,0.999696434541306
962994,0.999736934820686
962995,0.006454933331654318
962996,0.6701860321291426
962997,0.937886772331077
962998,0.9997411903027743
962999,0.3009381990866786
963000,0.9242379130815993
963001,0.06603229812913279
963002,0.9999654341446778
963003,0.06426529531783765
963004,0.9999289343584961
963005,0.997340045476088
963006,0.23445377199626027
963007,0.8157330614424311
963008,0.9939465268032793
963009,0.9987150167362343
963010,0.9889130474355843
963011,0.9834338692440416
963012,0.9370365941142609
963013,0.0077692198478358674
963014,0.9987531576758897
963015,0.20503930998757958
963016,0.5365318706041983
963017,0.9999204821746386
963018,0.9971318938821938
963019,0.8795633620492375
963020,0.5687494905091045
963021,0.13250225272234478
963022,0.9971884304571157
963023,0.7186434535178663
963024,0.8129551617034153
963025,0.999698253447568
963026,0.9815016001427375
963027,0.012755887619564362
963028,0.8729563951766695
963029,0.8274456444821159
963030,0.9999779650674807
963031,0.9996655127476093
963032,0.49833910127143694
963033,0.9911914481840464
963034,0.9999306519860325
963035,0.9942713696028164
963036,0.6396302858764229
963037,0.9262642050764737
963038,0.03726066860232802
963039,0.13656237939016172
963040,0.03070789782994571
963041,0.9993984504411364
963042,0.9998464399731826
963043,0.9995804317599061
963044,0.9978614153605557
963045,0.28063794390587016
963046,0.999521643008301
963047,0.04602521348228083
963048,0.26606003791012434
963049,0.988572782835857
963050,0.7649940345919239
963051,0.24287208381210312
963052,0.9998320088867649
963053,0.99927612057012
963054,0.20751961733843727
963055,0.9686220389699999
963056,0.10035896926585433
963057,0.8482085464846588
963058,0.28835722840946487
963059,0.9999309028802108
963060,0.9466923057435911
963061,0.9998932292009985
963062,0.9665982381083225
963063,0.9993504724108029
963064,0.9995327146453022
963065,0.9980024110529856
963066,0.9968343533908965
963067,0.997594501417512
963068,0.704325686011841
963069,0.5277169021833491
963070,0.02036082715166548
963071,0.4899613810364967
963072,0.9995626662483781
963073,0.6114087507569446
963074,0.08919788630680406
963075,0.6641857202269187
963076,0.24234943599176928
963077,0.999908154913933
963078,0.9977154291654311
963079,0.9938664140717607
963080,0.5933740036277368
963081,0.9965863655242051
963082,0.7366012287745124
963083,0.2510248262113177
963084,0.998060527736678
963085,0.959832929256387
963086,0.9997640201335622
963087,0.9084039470151499
963088,0.9780646634190913
963089,0.9994135178687368
963090,0.9921900413757095
963091,0.4598161837811575
963092,0.04702384224834171
963093,0.9197368770638663
963094,0.4368090283162302
963095,0.9992596807400085
963096,0.10283667013922135
963097,0.9920619826317614
963098,0.9982668756834536
963099,0.999949590212857
963100,0.9979497635869964
963101,0.988555588165561
963102,0.06436254536321828
963103,0.9999796443003675
963104,0.23608265024604025
963105,0.933472471349222
963106,0.9994222778981547
963107,0.7157963743086282
963108,0.9992926786544403
963109,0.954202905284294
963110,0.9999917667679983
963111,0.9992067151470965
963112,0.34598894490682763
963113,0.06219578463540021
963114,0.25510618378951144
963115,0.9997833682152908
963116,0.9300825485402628
963117,0.7809627224848803
963118,0.7954970643941608
963119,0.5592669708772416
963120,0.7573976296260636
963121,0.015211368271686322
963122,0.09591266722433
963123,0.9146598807215631
963124,0.5186971151414645
963125,0.9093683897080276
963126,0.9997305641934183
963127,0.9992049837433505
963128,0.1255351427647776
963129,0.5499110936765896
963130,0.9800106211849958
963131,0.999970922609215
963132,0.9991334818250206
963133,0.9997570910557805
963134,0.39295458727488114
963135,0.8753617145765924
963136,0.9976200677216958
963137,0.9922034470629026
963138,0.9994908353772805
963139,0.999836822197359
963140,0.9997367007068587
963141,0.9231837377281272
963142,0.9979943998388336
963143,0.02549006766469169
963144,0.9540285105576378
963145,0.9999295428828687
963146,0.9933954426406767
963147,0.7604436810796693
963148,0.9641141826070604
963149,0.9997496782512979
963150,0.9996696989354817
963151,0.027346282450666552
963152,0.999685927170228
963153,0.8750533604272559
963154,0.6831472506430527
963155,0.05650583136074005
963156,0.9997514246221179
963157,0.6229256777197053
963158,0.9998374622048807
963159,0.9996082575503518
963160,0.9999926423640552
963161,0.9816312349561889
963162,0.999716768915471
963163,0.2746078496948661
963164,0.8322493387738126
963165,0.5337583147829154
963166,0.998790681340024
963167,0.8007616585244556
963168,0.9718129165861964
963169,0.6663996049499952
963170,0.9990955201583016
963171,0.9761130487410574
963172,0.9996214502468262
963173,0.9998482076103276
963174,0.1096198067389528
963175,0.9988256460259335
963176,0.15101549934144012
963177,0.008904844176393676
963178,0.997820997009303
963179,0.8224045570091273
963180,0.6426499151134968
963181,0.10197270348957418
963182,0.9975484960688072
963183,0.9401205266203553
963184,0.9997833205059121
963185,0.9989357496656441
963186,0.955067522908021
963187,0.935700598768384
963188,0.044237641428908875
963189,0.8543421551881275
963190,0.7960508002815733
963191,0.999860290315194
963192,0.9993561420889601
963193,0.9796969518798496
963194,0.057342487873981024
963195,0.25328669892944194
963196,0.6136396013952014
963197,0.9983458264736823
963198,0.0248938737860814
963199,0.9999930430462153
963200,0.6630867145567481
963201,0.9966884997472678
963202,0.757448450494506
963203,0.3196747166447127
963204,0.9999762288203827
963205,0.5559339048499609
963206,0.3556270518302333
963207,0.3792599897736814
963208,0.027597334391907688
963209,0.9460827426591948
963210,0.026761548669179916
963211,0.35940624593143355
963212,0.9282601086474624
963213,0.9999268833858639
963214,0.9997162750532316
963215,0.9889023722395394
963216,0.9995984714963031
963217,0.7457040793479718
963218,0.7321915828320544
963219,0.9895574632748922
963220,0.9996755916389761
963221,0.856295378670253
963222,0.14194807564385026
963223,0.999702881519941
963224,0.9993787987825626
963225,0.8962157982931546
963226,0.380795933742336
963227,0.9150091666650579
963228,0.03346791994803523
963229,0.9842372117174728
963230,0.9997729152100794
963231,0.007241864746378016
963232,0.5092624789202987
963233,0.8402011136657939
963234,0.33677906938930363
963235,0.9972350324933793
963236,0.03185617172091574
963237,0.09590683945038278
963238,0.19173658283478512
963239,0.9999609611372904
963240,0.38092682219549406
963241,0.9566101477278754
963242,0.00784286345712561
963243,0.837336210202359
963244,0.9989508694317517
963245,0.17575431607713116
963246,0.19653357107218664
963247,0.957207630553682
963248,0.9972883604150184
963249,0.9991217840033075
963250,0.8501148381210178
963251,0.9687467714286304
963252,0.06795509826058306
963253,0.9980330388526837
963254,0.8940998376986308
963255,0.9857674683087938
963256,0.9996690257772676
963257,0.8053793270244292
963258,0.03501592413170528
963259,0.0568651437669805
963260,0.05693612588655379
963261,0.5117012225033891
963262,0.9066442189481686
963263,0.01613732968488448
963264,0.12141360663070747
963265,0.9999766672351084
963266,0.00778985669816847
963267,0.9998620172403369
963268,0.8021050239943411
963269,0.025601789537437122
963270,0.9589301702307315
963271,0.14198379820452708
963272,0.287892261060906
963273,0.9741026920972957
963274,0.8947276309316725
963275,0.4139554140789554
963276,0.7903302980658492
963277,0.7250369977212153
963278,0.9997619059063345
963279,0.8246583599944601
963280,0.8450514993418026
963281,0.6927093170011274
963282,0.5990405393787941
963283,0.19248739679942223
963284,0.7094279904974399
963285,0.9995672664108473
963286,0.933132024659014
963287,0.9880530714723901
963288,0.9542319362616706
963289,0.9947608874032938
963290,0.9986734296840587
963291,0.9996689118981194
963292,0.9555942593474408
963293,0.4341063646387513
963294,0.9937266719128208
963295,0.9868073299830473
963296,0.9995744184462296
963297,0.9937705985039567
963298,0.9989619885289162
963299,0.9991891817079949
963300,0.9986560063219423
963301,0.17957166424907073
963302,0.721227979555064
963303,0.5178799843730413
963304,0.9997290504626171
963305,0.953101169934308
963306,0.9999498486507672
963307,0.9994837355488283
963308,0.9999420659446563
963309,0.9318054864914579
963310,0.9760373277077017
963311,0.9999708577304497
963312,0.6481114154303946
963313,0.9966303814560515
963314,0.9783368095859452
963315,0.06389785687141362
963316,0.1479575056321925
963317,0.9988561652128876
963318,0.29592940188889366
963319,0.04112491262600557
963320,0.22383510453018993
963321,0.9993551651064726
963322,0.9928112689013123
963323,0.9996442058698187
963324,0.9991644155295891
963325,0.21370393424737835
963326,0.210871954179906
963327,0.5686871376712129
963328,0.9999501311012378
963329,0.9997750645523571
963330,0.9681545164931422
963331,0.9717400628089601
963332,0.9813816489714215
963333,0.27956663848748287
963334,0.624950712976512
963335,0.687020263916364
963336,0.9999266078383179
963337,0.234620878585489
963338,0.8552651622918216
963339,0.999877671457736
963340,0.9974071059403594
963341,0.19390292692431935
963342,0.8883993342750643
963343,0.7869450530979298
963344,0.9985492383860726
963345,0.08030180965274326
963346,0.7829292459821352
963347,0.9850693486524092
963348,0.1627652290878908
963349,0.0852083269304578
963350,0.998844960581024
963351,0.9981272795476953
963352,0.9986858994884722
963353,0.029629992462820755
963354,0.8440782085154472
963355,0.3193133436671451
963356,0.057935310989932536
963357,0.9998495008812852
963358,0.21381851597349083
963359,0.9997262515810759
963360,0.6465063045340009
963361,0.9172683496612335
963362,0.7543269722148166
963363,0.06872363372151898
963364,0.008878584195307007
963365,0.9992028291808457
963366,0.9152010264254984
963367,0.9850897149487989
963368,0.4174191476725396
963369,0.4343781391316342
963370,0.9482034967722175
963371,0.030700874824689254
963372,0.8256874230083804
963373,0.9932444289365686
963374,0.8492160509428989
963375,0.9951297490890517
963376,0.9999779573233549
963377,0.9989670690464486
963378,0.9994085717781163
963379,0.9541561864545981
963380,0.9568046507248142
963381,0.9577993010723749
963382,0.999465847496843
963383,0.6532676925713499
963384,0.9278818455765803
963385,0.5673485434212419
963386,0.9977450932729106
963387,0.9995143507844401
963388,0.9998720255140257
963389,0.9683726108399611
963390,0.9430688778014864
963391,0.34431914397057073
963392,0.9997619008122373
963393,0.40730125943545437
963394,0.9382482062344107
963395,0.9577382404266824
963396,0.2787966154615006
963397,0.9924327258962251
963398,0.9985351263774109
963399,0.9871952847669946
963400,0.20874677348575163
963401,0.7309436252673747
963402,0.7725658233219225
963403,0.7098523471695722
963404,0.6758917371417903
963405,0.9999652740687878
963406,0.999958956692133
963407,0.9691253331845062
963408,0.9997617404018773
963409,0.9999777736091277
963410,0.9069078644311726
963411,0.999940751504375
963412,0.46030631041122744
963413,0.9231620771535671
963414,0.8372963513013512
963415,0.9190460742257922
963416,0.05848164388574155
963417,0.9998961380945477
963418,0.9997640632910316
963419,0.9985865723584741
963420,0.7326110711477096
963421,0.5020830310643896
963422,0.9946184348050553
963423,0.9294893902849733
963424,0.506896925020481
963425,0.9821543392574104
963426,0.9999331916889501
963427,0.9773274427641618
963428,0.9997987105638846
963429,0.994537316107243
963430,0.9998481864623429
963431,0.13194245067505272
963432,0.8467948067714559
963433,0.9970314748448139
963434,0.5914750268039359
963435,0.03322663638841303
963436,0.6811400476910869
963437,0.05777463842753749
963438,0.8257063233980767
963439,0.9827360874338407
963440,0.0855912945205334
963441,0.4880055484567555
963442,0.9320065702300275
963443,0.9997801065397256
963444,0.997645801706827
963445,0.983970858436203
963446,0.3617796547389782
963447,0.9953679929349304
963448,0.7179031172564273
963449,0.9991641939669864
963450,0.9998204579063771
963451,0.9856416835524038
963452,0.9977763680248749
963453,0.9998095441034016
963454,0.6230591312003549
963455,0.9993337558540045
963456,0.6721797957497591
963457,0.9996558066708148
963458,0.9999415328906294
963459,0.244604678558425
963460,0.999904007762785
963461,0.9998451970594292
963462,0.2236048836367721
963463,0.939214988558738
963464,0.999984495160441
963465,0.8206100608307515
963466,0.3260232488839223
963467,0.9323385299967711
963468,0.9999675760029134
963469,0.999776691929154
963470,0.5684343635947139
963471,0.3119663278962085
963472,0.9993266733614254
963473,0.9998548630582267
963474,0.9928858875183262
963475,0.9955677511100939
963476,0.9994579536154415
963477,0.9991790803837277
963478,0.12259721439720624
963479,0.9999702777280643
963480,0.8757048721236934
963481,0.9995939515698228
963482,0.9997377766896978
963483,0.9996959661057442
963484,0.9801299948899387
963485,0.0404809011857878
963486,0.9999723552645599
963487,0.9318841848755561
963488,0.6201544369185288
963489,0.8147320551681736
963490,0.9986551258210565
963491,0.4494766518148827
963492,0.6465525444067728
963493,0.029044550988612937
963494,0.9998699107596462
963495,0.462435954970291
963496,0.9996304283637952
963497,0.3629667083700181
963498,0.9999673817818767
963499,0.9962056027558803
963500,0.9957630486040305
963501,0.41603226322325765
963502,0.9995223074214377
963503,0.992492948831625
963504,0.9192123402161858
963505,0.038301723039322264
963506,0.93483233754975
963507,0.9559094457964914
963508,0.9891945791300198
963509,0.041024623566669034
963510,0.9835704438606755
963511,0.37958700331561024
963512,0.034353673828850365
963513,0.9522360626726301
963514,0.5401686556729165
963515,0.7462754782446315
963516,0.942362750156429
963517,0.13646753486774882
963518,0.021605672724050107
963519,0.10169282111144803
963520,0.9253130202831397
963521,0.992978718285566
963522,0.9999098753010365
963523,0.20806452310677087
963524,0.9653213639379141
963525,0.7229410335481661
963526,0.9999747077716737
963527,0.9978871601205396
963528,0.9999146886636803
963529,0.9142392657723386
963530,0.9999903219293397
963531,0.9953866785753422
963532,0.9954996927237816
963533,0.3164240903722256
963534,0.4021201537925378
963535,0.01692981342697103
963536,0.9999778339240118
963537,0.16889613253253502
963538,0.9999909910383881
963539,0.4564835025146585
963540,0.6783934495649315
963541,0.9981661676601609
963542,0.04796294105557661
963543,0.9996735256044963
963544,0.5695904964183729
963545,0.9812487159715096
963546,0.998016546712122
963547,0.999551987877777
963548,0.14081108140237275
963549,0.9772095944127401
963550,0.9998703795790498
963551,0.6719436440348783
963552,0.9399188211972941
963553,0.7465725916151699
963554,0.0820656551780002
963555,0.9144668309419614
963556,0.8669213456617659
963557,0.6410376909565279
963558,0.9951044649791521
963559,0.9999955787596593
963560,0.9995969546759844
963561,0.12661126258002217
963562,0.8866179242134917
963563,0.9090499882810913
963564,0.9999877984972767
963565,0.09250788536263102
963566,0.9991706063864159
963567,0.025292110175974596
963568,0.8919294014847049
963569,0.01773490835410619
963570,0.9998795967567561
963571,0.989321420208935
963572,0.4817719765614856
963573,0.0897419384909113
963574,0.9999509417146994
963575,0.9399989596121061
963576,0.5120142325294209
963577,0.5815104302162999
963578,0.1870172934537156
963579,0.8318716995060327
963580,0.17956356090812042
963581,0.9898335274652059
963582,0.9961517007782527
963583,0.999844604048431
963584,0.9857456019211006
963585,0.03509464841227816
963586,0.4611240785936246
963587,0.983002221269959
963588,0.996367008698261
963589,0.08091530543941107
963590,0.10689636066740962
963591,0.2744820777107608
963592,0.9331179952468232
963593,0.3191358457901745
963594,0.4085466644622918
963595,0.0556652443854391
963596,0.9996438512964623
963597,0.9998160378005719
963598,0.9998276603320732
963599,0.6077866042855771
963600,0.9758548567407082
963601,0.9646296701541385
963602,0.12539416100460576
963603,0.999975489309627
963604,0.9972979374350158
963605,0.8937865216590712
963606,0.015452182689413032
963607,0.924285581362139
963608,0.9999845659565101
963609,0.9474267045939286
963610,0.09059924355956044
963611,0.9999704760668702
963612,0.04974320052052293
963613,0.9605449565955985
963614,0.9996781838598929
963615,0.5979167122821718
963616,0.8892853602618823
963617,0.9964436979768136
963618,0.25424556609018534
963619,0.518172380834975
963620,0.623590128781874
963621,0.9001851584175651
963622,0.4905225955510209
963623,0.999817416396452
963624,0.9998483504811013
963625,0.47459168428821374
963626,0.9970268645811271
963627,0.5261606970075985
963628,0.9990600283186928
963629,0.9999541589921268
963630,0.3536297985227067
963631,0.9251605833099983
963632,0.9998909557829005
963633,0.4592387733799193
963634,0.9999029764619346
963635,0.998936577610795
963636,0.6924626497959564
963637,0.8752045978978815
963638,0.9946322361466342
963639,0.4016018510080754
963640,0.9998674047494329
963641,0.037681603391281134
963642,0.9068743908585193
963643,0.4847130460659216
963644,0.9991343366459629
963645,0.7811938910891428
963646,0.9378249576662167
963647,0.9032661386647454
963648,0.9991581499927389
963649,0.12856305643817628
963650,0.335475524463477
963651,0.9933522902231748
963652,0.166050501240323
963653,0.48602919393453853
963654,0.35624144603472474
963655,0.9939415622617427
963656,0.9997936837817312
963657,0.843673554695054
963658,0.9883593701689026
963659,0.9588037243264205
963660,0.9944127055666003
963661,0.9999923901564295
963662,0.9998921413306773
963663,0.8891227849541983
963664,0.7688906784102325
963665,0.9999586973113852
963666,0.24332606930060044
963667,0.987899411557883
963668,0.5535036872316978
963669,0.8786336697106593
963670,0.12036377742653459
963671,0.721274947570496
963672,0.9938787739513979
963673,0.922989308427082
963674,0.29524341408417665
963675,0.15359509406645744
963676,0.7138921818248646
963677,0.867775490750435
963678,0.2722851920128891
963679,0.9999774579813598
963680,0.8980803708521357
963681,0.8904031019800034
963682,0.03050125659729798
963683,0.9968627331055533
963684,0.9714645368758159
963685,0.07590013070211238
963686,0.9993156089467417
963687,0.9799113806415887
963688,0.9970621717302345
963689,0.9979214600738329
963690,0.9944680005281648
963691,0.23018139487241585
963692,0.9989931809977011
963693,0.9997736775747114
963694,0.47648259684523336
963695,0.13313163045496193
963696,0.870772959551504
963697,0.7615190761362032
963698,0.9996768605873836
963699,0.12916726516091784
963700,0.998587062251295
963701,0.22028350320901802
963702,0.7670374722707562
963703,0.9730916444399779
963704,0.14681094760358604
963705,0.07582991599014946
963706,0.9990179856233341
963707,0.9997724609703059
963708,0.9995932544387707
963709,0.9994839698462077
963710,0.9996263235382925
963711,0.42044313987947324
963712,0.49180981580816485
963713,0.956978300642417
963714,0.9988511877880497
963715,0.03696655700173908
963716,0.19088417013242265
963717,0.08861642908416546
963718,0.9739388520976677
963719,0.9993345083636774
963720,0.7885109097426828
963721,0.6345597510310151
963722,0.9026339847191023
963723,0.999976473034938
963724,0.03440074916640083
963725,0.9996456405781504
963726,0.022429245705630742
963727,0.9994705937856972
963728,0.14346220774411234
963729,0.9982342811555193
963730,0.9894061499674767
963731,0.04013485982140606
963732,0.9994340006194598
963733,0.819042133975672
963734,0.74808039411762
963735,0.6589830596460072
963736,0.8224119485215193
963737,0.02506024392334834
963738,0.1269849124325281
963739,0.998586908555156
963740,0.9871828092498416
963741,0.9920926850220239
963742,0.547973432218804
963743,0.17507219972327742
963744,0.6745858998091341
963745,0.9998983666809685
963746,0.41630308047280545
963747,0.5355572115723742
963748,0.9958734307154877
963749,0.0907490622769647
963750,0.9972464055044583
963751,0.6248229551629795
963752,0.9999860179548519
963753,0.9163763481073987
963754,0.007294949721200521
963755,0.999952355164454
963756,0.9984983994739706
963757,0.989794496771548
963758,0.2544580310406719
963759,0.04151289201113851
963760,0.3886809915458596
963761,0.8419093533448019
963762,0.06193938385673317
963763,0.45603399919581744
963764,0.9992493754729888
963765,0.9997382493388283
963766,0.007006416842399074
963767,0.8830924040971289
963768,0.9940119487121178
963769,0.13667608083403718
963770,0.9943850644634786
963771,0.9999750893067056
963772,0.9997512314036499
963773,0.997923607464067
963774,0.9533036182406102
963775,0.8526354484525529
963776,0.9999442930644329
963777,0.9999766553053119
963778,0.7679731769501887
963779,0.9998286666690441
963780,0.3199636392666251
963781,0.11567787845966399
963782,0.9991802389604586
963783,0.9998589741877153
963784,0.9995421649566238
963785,0.9974614480197066
963786,0.9995709791767518
963787,0.8730215002379216
963788,0.999423881853532
963789,0.04438354126778237
963790,0.38383638426784716
963791,0.99363367267186
963792,0.9899292085771396
963793,0.5127993073149786
963794,0.9977572819721124
963795,0.9568529384997784
963796,0.38427217000123515
963797,0.9999082819486053
963798,0.9997853432172061
963799,0.9682840959021703
963800,0.9983539357026856
963801,0.9999937109607968
963802,0.7432380871979233
963803,0.9874769950613141
963804,0.08686895009873973
963805,0.6731654921032133
963806,0.932434887456081
963807,0.9113707919619779
963808,0.9991693131622335
963809,0.9952057083875645
963810,0.9161744122198641
963811,0.9963251003833364
963812,0.41501771441814855
963813,0.9723222758241709
963814,0.7634072602419169
963815,0.9905113173946821
963816,0.5001877515537344
963817,0.4560594445816367
963818,0.9998435556560019
963819,0.9972656724224641
963820,0.999810502705524
963821,0.9999339579081066
963822,0.9998216200816232
963823,0.8419337521461467
963824,0.5411347890444064
963825,0.9632544807081018
963826,0.9998586450391491
963827,0.48866614942891984
963828,0.3795035885170054
963829,0.9849333752015198
963830,0.2865880070289314
963831,0.7875724407398018
963832,0.9983069565365974
963833,0.14513347270591476
963834,0.5932889956712567
963835,0.08666646857895596
963836,0.9996515802341979
963837,0.9995843847033721
963838,0.9999193530447563
963839,0.1790704188352064
963840,0.9857827000225744
963841,0.4017200460257584
963842,0.36207583662241377
963843,0.8760835971523401
963844,0.9972847276255391
963845,0.9994054420508829
963846,0.9999463705453022
963847,0.9671783700478375
963848,0.47530840987738643
963849,0.9999528298364233
963850,0.022580201513674722
963851,0.48150845766086947
963852,0.5753557896870523
963853,0.998301331349766
963854,0.9533548943497716
963855,0.9993859514661597
963856,0.21616346078255486
963857,0.9996114496964227
963858,0.9529597586231968
963859,0.5883694707479811
963860,0.18198462542893534
963861,0.06363255131620008
963862,0.09177277899098962
963863,0.9997120417039853
963864,0.10861330147800106
963865,0.1129543660204935
963866,0.9951509040728787
963867,0.4113591862601611
963868,0.18732531596656155
963869,0.9998140850823791
963870,0.9969761153349403
963871,0.999930981948316
963872,0.9948739339860211
963873,0.19877098994802966
963874,0.036187967399264075
963875,0.25832118725602937
963876,0.0229726186443601
963877,0.7355287763760088
963878,0.9982280999705179
963879,0.9169388691248791
963880,0.16813495532146866
963881,0.2550389197700268
963882,0.9987289650547734
963883,0.999866021040558
963884,0.7313376450565661
963885,0.9998711079922769
963886,0.540499915567267
963887,0.9446018893678763
963888,0.1037973915084396
963889,0.9999465260097584
963890,0.010141698290592985
963891,0.9998400389025555
963892,0.5249705354284292
963893,0.3496300374273302
963894,0.9997195460479208
963895,0.9988846540127302
963896,0.9999847500767902
963897,0.033113925827578425
963898,0.7337516143103711
963899,0.9999824801337938
963900,0.9953500582427174
963901,0.9965803949926835
963902,0.9999184176719779
963903,0.9997067280177833
963904,0.9680838961298318
963905,0.503571620349803
963906,0.6895048497384331
963907,0.8346000735904973
963908,0.6589715469336745
963909,0.5485960050379165
963910,0.011210465768263449
963911,0.7182652922851813
963912,0.9997573303701863
963913,0.026982220363347485
963914,0.9976716038058615
963915,0.02461198325731917
963916,0.004430433013012247
963917,0.8908460145663454
963918,0.990702881546807
963919,0.4487601121500342
963920,0.994622364130726
963921,0.9752381160375887
963922,0.36982742696254806
963923,0.9975450140303648
963924,0.0741244650293557
963925,0.8753134000061991
963926,0.9998548475774386
963927,0.5369866595551038
963928,0.9837915456735664
963929,0.30613094248961015
963930,0.8518229665626963
963931,0.9999909544725313
963932,0.9998872587973227
963933,0.9881720918135987
963934,0.999942696565421
963935,0.9977390050614037
963936,0.9995376504278857
963937,0.6458979918510694
963938,0.9990348044157781
963939,0.18415043354113347
963940,0.046166420691519286
963941,0.650013308426163
963942,0.9996605254334333
963943,0.15654484207837577
963944,0.9998742995176362
963945,0.03716943299144304
963946,0.9133845521113959
963947,0.9319902356323109
963948,0.6360147495824806
963949,0.9999298893228925
963950,0.519891292852291
963951,0.0687210796094306
963952,0.9998107247392132
963953,0.19998755600682272
963954,0.2217004045282584
963955,0.9985860535006055
963956,0.9488408135950585
963957,0.9870400603337721
963958,0.7598203192289997
963959,0.9998692245902845
963960,0.9949840347609233
963961,0.2859402777407085
963962,0.999541290639619
963963,0.9997110018972637
963964,0.9979578409355978
963965,0.9923504953968725
963966,0.387694415630201
963967,0.9923028074518845
963968,0.806785559381598
963969,0.9963836750197785
963970,0.509548040726978
963971,0.9923489338175093
963972,0.5561844218484113
963973,0.995152518408007
963974,0.9990308280239074
963975,0.9520397479863995
963976,0.011280055758325403
963977,0.9645948447452272
963978,0.557787947896963
963979,0.9397416944579822
963980,0.5106857914011543
963981,0.9994047552553584
963982,0.43011771629642714
963983,0.9731135568854509
963984,0.11688216385781887
963985,0.6771726476959268
963986,0.8252983805624705
963987,0.9999025318030051
963988,0.746294094388321
963989,0.9993381136588636
963990,0.36343169555158367
963991,0.057914728265087076
963992,0.9999707359518349
963993,0.9955291919494704
963994,0.44274820726555075
963995,0.017034214723103767
963996,0.8590892148230677
963997,0.796037373716411
963998,0.2727002487142085
963999,0.25745693671437425
964000,0.9997419448756342
964001,0.9999327597661669
964002,0.9976012498177615
964003,0.27169067921132123
964004,0.09462253327323639
964005,0.007216942233562503
964006,0.2519391604846489
964007,0.90689781456623
964008,0.999954216097958
964009,0.9780148829665456
964010,0.972592654102421
964011,0.9913654175852126
964012,0.9976018062873415
964013,0.29294447060038586
964014,0.12384765691021035
964015,0.7760822401773542
964016,0.9999458819354605
964017,0.503788712546636
964018,0.09689030801119784
964019,0.9491338054837692
964020,0.9968119864301223
964021,0.8905868198000608
964022,0.810584831396018
964023,0.8992721147422137
964024,0.9978007461403853
964025,0.9473318118709977
964026,0.9980502502406489
964027,0.3902395366572484
964028,0.3009286079870598
964029,0.9978999273132476
964030,0.4042157064917453
964031,0.3786114704022938
964032,0.5486202793441655
964033,0.9387305983606722
964034,0.022398186031275535
964035,0.4127488233713812
964036,0.9997025976179894
964037,0.4820345192148112
964038,0.4004583269912269
964039,0.013050154387817503
964040,0.6278057714197893
964041,0.9998631365724604
964042,0.6911740299136098
964043,0.020006325198351067
964044,0.07638172998274882
964045,0.9999859007098364
964046,0.9860718296905482
964047,0.9994896990912663
964048,0.999623822780516
964049,0.9342053349090436
964050,0.9692729609676086
964051,0.12686238764814114
964052,0.615992778434416
964053,0.5440108124690418
964054,0.8319830922978229
964055,0.032052843615579626
964056,0.9974733441433923
964057,0.8883642760711363
964058,0.9958904259728721
964059,0.053155324770201656
964060,0.18871176314056873
964061,0.9614412016223373
964062,0.23953068029833685
964063,0.7245440645631595
964064,0.6144524517343454
964065,0.7019186639585852
964066,0.028929197379673255
964067,0.9999552036365136
964068,0.9996173361080096
964069,0.37911293483733055
964070,0.999259665398725
964071,0.9996084182753983
964072,0.999100832019485
964073,0.9980466624531978
964074,0.999929140505093
964075,0.9390825631125146
964076,0.1202879951356112
964077,0.9908523159750728
964078,0.03938948425307059
964079,0.999657685186995
964080,0.9739902501525899
964081,0.4137708182654042
964082,0.3180581570967034
964083,0.26283932502075336
964084,0.9883933034955112
964085,0.08246119956220227
964086,0.9304514105386582
964087,0.051233972075387046
964088,0.9996505241614378
964089,0.999891707664771
964090,0.977265718496181
964091,0.9974948740198702
964092,0.38914511311236505
964093,0.8633632708692693
964094,0.884287802997882
964095,0.9994639576666964
964096,0.14043995953616584
964097,0.9936884477032253
964098,0.03843944983874392
964099,0.04121770485530368
964100,0.8748136147250629
964101,0.999177749152627
964102,0.3618389300628987
964103,0.6639302070504594
964104,0.5325686488307597
964105,0.9999355741317177
964106,0.9587732718429998
964107,0.903969003903774
964108,0.9781171626401597
964109,0.018981291922086363
964110,0.9998631126441753
964111,0.8393240623910144
964112,0.9965059626928534
964113,0.9996404800437013
964114,0.9974165948443348
964115,0.893345225264497
964116,0.9982283310259727
964117,0.9984468504027297
964118,0.9326750101356984
964119,0.24814103296132797
964120,0.6128662302149745
964121,0.9994936653830697
964122,0.9936715022113864
964123,0.6300540449350333
964124,0.9735784504002413
964125,0.7546208667217247
964126,0.04730133420019155
964127,0.9999666194324451
964128,0.08552304621476292
964129,0.26077157744043244
964130,0.9974503061852794
964131,0.9991387395505222
964132,0.999995102378224
964133,0.9978082776937798
964134,0.9999492807454047
964135,0.1864487869658856
964136,0.9998639136962475
964137,0.8325273313037158
964138,0.999673354732506
964139,0.09227742352532982
964140,0.12740942854935472
964141,0.6611586204812839
964142,0.2368923966386733
964143,0.9997514072033576
964144,0.881193077102669
964145,0.45835026480225727
964146,0.7077289445154066
964147,0.9992443490544818
964148,0.35182131253948357
964149,0.9975850875395793
964150,0.9974200288580036
964151,0.9998272535736238
964152,0.9999065889379213
964153,0.016429807544320944
964154,0.3895133778809786
964155,0.9810827420587327
964156,0.011554451288543391
964157,0.17773479145537863
964158,0.046992773519940245
964159,0.9192728212328565
964160,0.9994528118769666
964161,0.9964449074694973
964162,0.97470609486983
964163,0.9958277619565171
964164,0.999992647968043
964165,0.004707498503158779
964166,0.9123503835078476
964167,0.6001809256734354
964168,0.819143833725248
964169,0.03992625088764007
964170,0.8925177542122604
964171,0.999735033953915
964172,0.9636548691038787
964173,0.9997274441417567
964174,0.9227517668452193
964175,0.061949171595558114
964176,0.9995701050631813
964177,0.10921049294773799
964178,0.7345258874004732
964179,0.9989311967338663
964180,0.9994788820491876
964181,0.01203110600671755
964182,0.050022463320611776
964183,0.015274342151309097
964184,0.12861675623096872
964185,0.9990849178150547
964186,0.9855712091431272
964187,0.49223199413084145
964188,0.9997828580651629
964189,0.9997452744581087
964190,0.9828496593432201
964191,0.9991883971189159
964192,0.2720430952007398
964193,0.6043222766508013
964194,0.9994435926792444
964195,0.9999404447120146
964196,0.9887895649735781
964197,0.048814316442932604
964198,0.9996906592271277
964199,0.9838057450981874
964200,0.9999329438230146
964201,0.9741222465654782
964202,0.9991055508347224
964203,0.9998619703281182
964204,0.9989311398612166
964205,0.9968262186906598
964206,0.01619501466645223
964207,0.9999768036077707
964208,0.666657564535914
964209,0.9667587657218384
964210,0.8712448344307704
964211,0.007203201141090951
964212,0.9881842186547121
964213,0.9995624040910844
964214,0.9997850493206696
964215,0.9997596493057648
964216,0.9998826008963447
964217,0.5355455778715967
964218,0.893559368342975
964219,0.9996808783451173
964220,0.632062437760537
964221,0.9569972877761097
964222,0.5383217586249572
964223,0.28426658782707054
964224,0.9995109965364033
964225,0.04815548926614729
964226,0.9997886497637904
964227,0.9916577151047514
964228,0.6590768391729624
964229,0.0831923096648244
964230,0.9998991355571236
964231,0.9990838523763664
964232,0.08646595564054302
964233,0.8128956349896241
964234,0.9205491510058341
964235,0.9878604275436769
964236,0.9314560449878064
964237,0.9985712080669151
964238,0.9997180072612246
964239,0.9998624119071986
964240,0.9367752275826182
964241,0.5150102876439482
964242,0.9999624220956044
964243,0.12005521697025234
964244,0.9940724455294414
964245,0.7840086547108056
964246,0.9999371316461892
964247,0.5697093065953777
964248,0.5984270948223485
964249,0.006648691644249203
964250,0.8236528816081146
964251,0.9989677441099407
964252,0.7290700455831498
964253,0.8107113213792772
964254,0.982676834802556
964255,0.9995785311834302
964256,0.011034146510407518
964257,0.9763858442047727
964258,0.9988760791662827
964259,0.9694586996097936
964260,0.8061396883701851
964261,0.694568432154794
964262,0.04617626896902663
964263,0.9972760647818724
964264,0.20546482968489826
964265,0.9599420673028738
964266,0.9997163097408444
964267,0.9771009163614673
964268,0.24914058373634768
964269,0.4584252456024678
964270,0.0041994833126228134
964271,0.9654975093890401
964272,0.9993632064569665
964273,0.04988806259578376
964274,0.9998111430587673
964275,0.37941858168351505
964276,0.9995770024673845
964277,0.32265891979395583
964278,0.9972815048735479
964279,0.9024505987295242
964280,0.9049058120710257
964281,0.19047833687632737
964282,0.9356643342444023
964283,0.3414441182039286
964284,0.5834020263943556
964285,0.9999439412770182
964286,0.999968465038513
964287,0.08920886389916159
964288,0.9986525733368216
964289,0.14935417934729756
964290,0.026689989427007114
964291,0.9997098616729423
964292,0.9971113337001116
964293,0.7821269693400928
964294,0.004451539843182086
964295,0.8501083830324954
964296,0.999634669642185
964297,0.9978300073946427
964298,0.3983947123363284
964299,0.8597086325412715
964300,0.2737057307720076
964301,0.9318883287706752
964302,0.004328067481362736
964303,0.9993666537162271
964304,0.9999817232080755
964305,0.9128230063771798
964306,0.9868680258424278
964307,0.20329740152606957
964308,0.5580140559599399
964309,0.9999060001690152
964310,0.998710040368016
964311,0.36701510478204413
964312,0.9721866460787318
964313,0.9463133276134785
964314,0.4193460743694146
964315,0.9854370225851972
964316,0.7378316804621525
964317,0.9959184244765018
964318,0.996403776564137
964319,0.994252992114935
964320,0.9999713714150713
964321,0.9999729700195106
964322,0.01733847292052291
964323,0.6954568181932841
964324,0.9922479822575181
964325,0.8435118114410303
964326,0.6616156095328571
964327,0.9999830350322763
964328,0.3846074887306896
964329,0.9999070398150732
964330,0.5124350738689201
964331,0.9804726207237937
964332,0.8528257866158762
964333,0.4254043664568639
964334,0.968478959534244
964335,0.9999220420677283
964336,0.6225925288121943
964337,0.015311739868696193
964338,0.7194860650401715
964339,0.006780167602123084
964340,0.45877330940858896
964341,0.9988938715503586
964342,0.999958773140776
964343,0.942757626338701
964344,0.011463869590317609
964345,0.6005036901740728
964346,0.46389428124855636
964347,0.9998910564659632
964348,0.2685393035057746
964349,0.9774190860190104
964350,0.9951546007554828
964351,0.6870552241758793
964352,0.012133177939473605
964353,0.49055042765114076
964354,0.8451767470132316
964355,0.9999930475719051
964356,0.00771375848540179
964357,0.9990969989912413
964358,0.15706426580772825
964359,0.018802895519777804
964360,0.9998901963234885
964361,0.9953368710771264
964362,0.9894291232410106
964363,0.9283386593250171
964364,0.9991327227242327
964365,0.999677675870936
964366,0.9968531223932836
964367,0.9883196995697568
964368,0.9999265715358241
964369,0.41122574631248193
964370,0.9999566943715373
964371,0.9932135488176863
964372,0.9422517182137127
964373,0.9990867545709716
964374,0.5374428563714425
964375,0.0672971230942392
964376,0.9998992192659162
964377,0.5926949558274677
964378,0.9999726328614007
964379,0.9998074833425203
964380,0.884699231337984
964381,0.9992186191037615
964382,0.36278530556569755
964383,0.76343852099172
964384,0.935280306332241
964385,0.9988997561138919
964386,0.055052011109394734
964387,0.9998247571231876
964388,0.9991282655923008
964389,0.999398429455892
964390,0.9977491677403029
964391,0.6940190190083204
964392,0.34025516806152284
964393,0.8760995351864811
964394,0.9999791274177958
964395,0.5707654064024498
964396,0.01899226148830691
964397,0.9995982267199077
964398,0.8819470011521545
964399,0.9995200121824076
964400,0.9989950269908534
964401,0.7115854688616134
964402,0.999769770244405
964403,0.018610009739509763
964404,0.3187340068679041
964405,0.9990080660870291
964406,0.9909477383881702
964407,0.7112543166318924
964408,0.7449976819009478
964409,0.06156961919298626
964410,0.8162418129649269
964411,0.9959935973532348
964412,0.3133687280770764
964413,0.9170592600964289
964414,0.6945821582921179
964415,0.999752290868043
964416,0.2226891889468095
964417,0.9984932011371153
964418,0.9896095295061231
964419,0.944144093942061
964420,0.9987793828148905
964421,0.9961682526060055
964422,0.07384220584714607
964423,0.9956582911336758
964424,0.9994098483469265
964425,0.999049926794798
964426,0.9408909950164223
964427,0.9998757731810306
964428,0.9996328335769282
964429,0.6275831254281279
964430,0.046201667462266754
964431,0.9998797131414354
964432,0.9971145399477441
964433,0.7774414431704078
964434,0.998761499409005
964435,0.961183222126383
964436,0.9998867915624163
964437,0.414903468930955
964438,0.9997882414142095
964439,0.8354879103447624
964440,0.02944342081440581
964441,0.999899711354224
964442,0.47995243566877327
964443,0.15539108091466391
964444,0.9998650858558581
964445,0.9847281245760673
964446,0.9996829285555697
964447,0.999841199363215
964448,0.9998826746502357
964449,0.9927493429090946
964450,0.9993011718350168
964451,0.9994195869690227
964452,0.9998025796579108
964453,0.3537397742802765
964454,0.8690250262383241
964455,0.8057744864439801
964456,0.39887943297701534
964457,0.2967854514334277
964458,0.9917475442441165
964459,0.9993741737307239
964460,0.9999215048593675
964461,0.8957077650239644
964462,0.737733074231413
964463,0.9862090044276733
964464,0.9992245372105122
964465,0.9998581321256932
964466,0.9999768295365858
964467,0.9828755987908563
964468,0.9954731139794329
964469,0.9984744457605195
964470,0.998537680769068
964471,0.3474443428505709
964472,0.5752294533026885
964473,0.9999791201573085
964474,0.9920203927049469
964475,0.9578996707113301
964476,0.9936052675733439
964477,0.9993874736712259
964478,0.9332428063862672
964479,0.9995324944550652
964480,0.026577281141147133
964481,0.33390377722699366
964482,0.9998753039252674
964483,0.5437480340863579
964484,0.9569327951187894
964485,0.8786050930643485
964486,0.9996962921360084
964487,0.9995580534153006
964488,0.9527051692189094
964489,0.9984501374425614
964490,0.9998762655847728
964491,0.08951597972821532
964492,0.30852263780480194
964493,0.984438535584343
964494,0.9953991041909702
964495,0.9978697743624769
964496,0.9990822960666468
964497,0.005299546242812547
964498,0.019441179778205808
964499,0.999987436622287
964500,0.9968624779981018
964501,0.9912465512177404
964502,0.034530819224269205
964503,0.5101654978710605
964504,0.8158947053122196
964505,0.9995884808564861
964506,0.9965398876583458
964507,0.1791644502353367
964508,0.49089994687344185
964509,0.026139360191921455
964510,0.9997132633259849
964511,0.49557816233316265
964512,0.2961498604390397
964513,0.8528391375129616
964514,0.9103444602627593
964515,0.991317825901496
964516,0.9990095763451168
964517,0.5500751891264601
964518,0.8286780103951025
964519,0.9936257831742259
964520,0.9122524756950294
964521,0.4197682414755366
964522,0.20669876755493094
964523,0.06253368901683318
964524,0.9537580912025148
964525,0.9294962405474402
964526,0.9688991635399524
964527,0.9999400319723916
964528,0.9978964242109456
964529,0.9988918343964868
964530,0.451678703380902
964531,0.24985822875004673
964532,0.9107988406994849
964533,0.9997213259282538
964534,0.3187224030531226
964535,0.9960073189366694
964536,0.7519994812541733
964537,0.3992815941677807
964538,0.9998920860467082
964539,0.9953054620097742
964540,0.9971010818833159
964541,0.10917379231569463
964542,0.999831396442441
964543,0.999966187474978
964544,0.9907295839245446
964545,0.9241786610084909
964546,0.15661846089994808
964547,0.9957603314401879
964548,0.9997223535361042
964549,0.7686873905977902
964550,0.9818741711529801
964551,0.08593180635097951
964552,0.025792093310024505
964553,0.03822093712579643
964554,0.47705213770678323
964555,0.9991257286634603
964556,0.9998079927316817
964557,0.8557974872937988
964558,0.9997046917527455
964559,0.9385810826673497
964560,0.8679237320828825
964561,0.9999594862928195
964562,0.1526377296585709
964563,0.9637043472256439
964564,0.9971496531717531
964565,0.7499858679702104
964566,0.990190907628621
964567,0.2533300986057793
964568,0.3937911483830183
964569,0.9999264870356126
964570,0.032148646242468173
964571,0.9992794104494225
964572,0.9869066524272416
964573,0.9980517087523573
964574,0.7940707479971154
964575,0.566873728951341
964576,0.9962303972069431
964577,0.41499991947987064
964578,0.9688894589588546
964579,0.9911009211227002
964580,0.999981471357761
964581,0.9995296178685347
964582,0.9990591653311319
964583,0.9984115135738048
964584,0.19640260130704854
964585,0.9998000830635405
964586,0.990035790210855
964587,0.9556120360454881
964588,0.7275369762901291
964589,0.3325724186286291
964590,0.11947831262974344
964591,0.789791269005192
964592,0.09601878603229344
964593,0.9998847670370534
964594,0.9996927443458723
964595,0.03958987928558833
964596,0.9758904380819589
964597,0.46210899685624224
964598,0.7091589961920867
964599,0.9998753699468262
964600,0.029846539397275867
964601,0.9986745660216643
964602,0.9995761215100132
964603,0.2591613647149649
964604,0.07368992421678443
964605,0.999060404703817
964606,0.9999448363226426
964607,0.78815688612484
964608,0.21314959323400628
964609,0.8264113925272024
964610,0.9994586089321571
964611,0.9973941280923758
964612,0.9926487391508751
964613,0.999824676508811
964614,0.999931086560174
964615,0.9991196290917465
964616,0.9999718147720341
964617,0.9990062162822695
964618,0.9996517200199089
964619,0.99402900719286
964620,0.9772606441178533
964621,0.8409584521656254
964622,0.6571362491468055
964623,0.9125808111452209
964624,0.9954639534269848
964625,0.5085212145988829
964626,0.9990781208055581
964627,0.29135901578683027
964628,0.9945148866849393
964629,0.31399201597565574
964630,0.9982720800943542
964631,0.9087266078997376
964632,0.8389461040303046
964633,0.880316690780398
964634,0.13920703898217557
964635,0.9945528970445925
964636,0.9975030805733794
964637,0.3115551235439718
964638,0.7936179618382213
964639,0.7504618765356923
964640,0.9999749753879624
964641,0.7839687649821655
964642,0.9999364687048118
964643,0.7875276192774198
964644,0.9954925731439772
964645,0.9996467264920936
964646,0.010998564817964651
964647,0.9992402099986972
964648,0.48043975821948204
964649,0.11236179725925834
964650,0.8614802377021187
964651,0.0725532473279424
964652,0.6063125381906035
964653,0.6084621724744866
964654,0.062394071326866446
964655,0.9199672631331063
964656,0.9773369954801031
964657,0.8609074860248124
964658,0.9993372393823743
964659,0.998370055375549
964660,0.9997024197971878
964661,0.9996474808137185
964662,0.24026268854825866
964663,0.9997395288413305
964664,0.19332313533392317
964665,0.7296636760176629
964666,0.9997737527342425
964667,0.9982981615578415
964668,0.9993794550578996
964669,0.7850095452813908
964670,0.9955930145008571
964671,0.8586411850854134
964672,0.9940584769816851
964673,0.9984882976709865
964674,0.9995134841322378
964675,0.9998739814840505
964676,0.09612830691422958
964677,0.8466076477971054
964678,0.9998045709833137
964679,0.9999475566401733
964680,0.9993541056368545
964681,0.9997517686383035
964682,0.9990727917300297
964683,0.49364779787572965
964684,0.7592503175657708
964685,0.095681693235291
964686,0.15757788835595984
964687,0.024120349195600833
964688,0.45508140137765857
964689,0.9962316159168252
964690,0.9960938845188423
964691,0.999046043285113
964692,0.06277592719158999
964693,0.9289355291011248
964694,0.3544300273733242
964695,0.46510524898455424
964696,0.9998908733506833
964697,0.9920666494795436
964698,0.9125995665075275
964699,0.06446528291024983
964700,0.28568218989336863
964701,0.02531986688106494
964702,0.973746897499103
964703,0.9994943283152598
964704,0.011094329895464277
964705,0.9989085561183831
964706,0.8763429410466523
964707,0.1332631893799325
964708,0.7003838037094993
964709,0.9989608713564128
964710,0.46969504277380547
964711,0.0334997313595997
964712,0.7902243823531981
964713,0.8466966516354022
964714,0.9999218759057784
964715,0.994132932994411
964716,0.9979413861645903
964717,0.8714682833631491
964718,0.9994501492527349
964719,0.2060702606007541
964720,0.08549581978337897
964721,0.5833499884738372
964722,0.6128548051880065
964723,0.4660533845043906
964724,0.9953829881190437
964725,0.8409963636856886
964726,0.9996299794040577
964727,0.7888678922798283
964728,0.6320510107920585
964729,0.8730531750289545
964730,0.7094326336086789
964731,0.9460883060487564
964732,0.9999812790708547
964733,0.02741621606618474
964734,0.9999675398703033
964735,0.44851824155076825
964736,0.9947062992126203
964737,0.9890851756376803
964738,0.10260863106673464
964739,0.7159702108771313
964740,0.2831955929608592
964741,0.9983257917529824
964742,0.9996607620690773
964743,0.9301190039205082
964744,0.01633500813321437
964745,0.8066283319563204
964746,0.9998691522809622
964747,0.9742679141484223
964748,0.9841322828768702
964749,0.9969015396965558
964750,0.14949856824389368
964751,0.011816787015958001
964752,0.999890065888562
964753,0.9699066022994495
964754,0.053789070559343385
964755,0.035456069488592805
964756,0.5674700232949578
964757,0.99121097708971
964758,0.028008648205846448
964759,0.9998874238544391
964760,0.9973390041360559
964761,0.9990267460436135
964762,0.019595179624817986
964763,0.9999150280506286
964764,0.46530475603740656
964765,0.999537911793922
964766,0.9997137255456875
964767,0.017405129941238877
964768,0.8563859624485396
964769,0.5993385981870781
964770,0.9998757946656737
964771,0.9997870759101679
964772,0.9990431993475535
964773,0.9999190027911423
964774,0.1694610771875143
964775,0.03995505898592884
964776,0.7908334867548301
964777,0.010162309808566618
964778,0.9996103465836473
964779,0.9993276736679378
964780,0.9998496267936553
964781,0.9762824106853123
964782,0.08778858469465707
964783,0.9992870937625017
964784,0.5327165820757542
964785,0.019000222586415587
964786,0.9962122939943663
964787,0.07145031999829088
964788,0.9999391675925764
964789,0.9071292068275035
964790,0.9898022941832312
964791,0.999987360513904
964792,0.999625751893147
964793,0.9922506128679849
964794,0.9999699068637452
964795,0.7125793427824616
964796,0.17211449120827393
964797,0.2777247097581598
964798,0.9985199498405473
964799,0.9996775929927999
964800,0.9997381971172521
964801,0.994596066172508
964802,0.5714948478063336
964803,0.944002014263092
964804,0.9997992472278161
964805,0.0638535521945626
964806,0.9998629319178561
964807,0.9999903280044288
964808,0.12871447507095404
964809,0.5986071040656272
964810,0.16831847708182543
964811,0.6759119355801724
964812,0.5217741239378374
964813,0.3373815520665406
964814,0.9961959897609965
964815,0.997505888028092
964816,0.09605458204984219
964817,0.9995052368587771
964818,0.9664671468863126
964819,0.8450648973161257
964820,0.8433306549022541
964821,0.9989274091215556
964822,0.08048299735688576
964823,0.08482714806645594
964824,0.9997219372796357
964825,0.7572518579833963
964826,0.9904284177528848
964827,0.04846498923006046
964828,0.9999461665235458
964829,0.9979751781348902
964830,0.07619823168905603
964831,0.995603610680304
964832,0.18989819197781688
964833,0.5327128995042707
964834,0.0072287861014091875
964835,0.027891622385563683
964836,0.2843522827520647
964837,0.9998857689982619
964838,0.99996754322677
964839,0.7040612398422623
964840,0.9986546966791843
964841,0.999085953199626
964842,0.9999756812154105
964843,0.02278814522906702
964844,0.99972389720106
964845,0.6308653411795365
964846,0.9998037418818297
964847,0.9999626854050366
964848,0.44917898122853817
964849,0.9997510006305379
964850,0.9641192224536641
964851,0.9998916643166302
964852,0.9437546830415879
964853,0.9695111967326824
964854,0.3233871727969482
964855,0.9903296891722565
964856,0.9936258843411159
964857,0.9999812266939503
964858,0.6619811857508082
964859,0.9998631099457311
964860,0.9999332184187697
964861,0.9997884596437743
964862,0.9980079104985301
964863,0.9990923329600153
964864,0.5349207442347438
964865,0.24361896972972252
964866,0.9989714264226495
964867,0.9994172274676631
964868,0.9886441192155226
964869,0.9988960983567773
964870,0.9999533326908749
964871,0.04706903800678656
964872,0.9995301020541731
964873,0.025263555456581203
964874,0.9961145366818498
964875,0.9996704817838993
964876,0.5444888435030545
964877,0.7620817560497208
964878,0.04128115492696082
964879,0.9931531431100467
964880,0.9994708879097829
964881,0.4161428344232576
964882,0.9921386314100875
964883,0.1375405106124753
964884,0.996604465883781
964885,0.11482725722080678
964886,0.9763884089026792
964887,0.9389791369716023
964888,0.41022954594932487
964889,0.9999497661168764
964890,0.9997420012141742
964891,0.03279586181392113
964892,0.9365501075830249
964893,0.9878746523179585
964894,0.03217517749928236
964895,0.9972517486121221
964896,0.48660579762005707
964897,0.9969240588767403
964898,0.9998585445620907
964899,0.9926171356144204
964900,0.6542818304625091
964901,0.5907962257717465
964902,0.24817585360705985
964903,0.9998645078038169
964904,0.07457692904370797
964905,0.9998206580255715
964906,0.5999423875141616
964907,0.99982886206444
964908,0.9809520968790131
964909,0.09771783360749861
964910,0.09497863976260537
964911,0.005498138786038205
964912,0.7728574774612935
964913,0.18752368793658758
964914,0.9885537444996505
964915,0.782453803010025
964916,0.20928714745066684
964917,0.1000977802012871
964918,0.9999422376060851
964919,0.994297214269366
964920,0.9997310688337241
964921,0.9940666230652897
964922,0.9369996561087542
964923,0.9956434367940985
964924,0.2669959824702599
964925,0.07113411998884873
964926,0.9745269915290635
964927,0.6324580022947486
964928,0.9987140259121914
964929,0.9999831992355301
964930,0.9982338316634312
964931,0.31478550859884946
964932,0.8190920687292031
964933,0.008779994710057663
964934,0.06712858199862237
964935,0.00551994862205314
964936,0.7323390009473695
964937,0.39975244918137437
964938,0.29874491366188605
964939,0.9999135790667251
964940,0.3611515224573645
964941,0.9965362805582241
964942,0.8162459265343691
964943,0.9987561840159798
964944,0.9808380533386047
964945,0.9999738512907141
964946,0.9354094165698696
964947,0.9462129056901325
964948,0.9989698531711675
964949,0.9980674280381394
964950,0.9667687864334229
964951,0.9191807101857828
964952,0.9943065886299275
964953,0.10159788046920423
964954,0.999836740896572
964955,0.15422756068681465
964956,0.8562955137166656
964957,0.9997160840529434
964958,0.08282701243509943
964959,0.03968629407835826
964960,0.9997280217490659
964961,0.9482363167934769
964962,0.9641032809461932
964963,0.11503430521034616
964964,0.9303793959943808
964965,0.980140487869053
964966,0.9952922239344175
964967,0.4207845353259525
964968,0.7130671758613281
964969,0.2053369263781214
964970,0.011461804478639023
964971,0.9109655522417077
964972,0.9650808331006766
964973,0.6503542319549871
964974,0.12185820336428128
964975,0.8527035875718469
964976,0.03646069014441421
964977,0.8056734746490652
964978,0.360791086518849
964979,0.8924949592200481
964980,0.9986480983553108
964981,0.3140874941131297
964982,0.9968894786821796
964983,0.8321937957409509
964984,0.06555855166015366
964985,0.007154985719002875
964986,0.9589128244556273
964987,0.99247847384031
964988,0.9990543827194311
964989,0.9705083541296076
964990,0.12652355230500203
964991,0.9710993870579627
964992,0.9997807512827516
964993,0.8414035126626914
964994,0.6648752807154283
964995,0.03161494928846822
964996,0.13816508762275015
964997,0.9998817510495313
964998,0.3659382663449535
964999,0.7898831430495041
965000,0.8489863025099409
965001,0.046761201220587495
965002,0.700278142705246
965003,0.7471611396283863
965004,0.8230354360138203
965005,0.1825194724757197
965006,0.999540928572305
965007,0.50000933801968
965008,0.3625550087583088
965009,0.9983103004728687
965010,0.9970005810286183
965011,0.39712546575063573
965012,0.9891383268047009
965013,0.5190779598221573
965014,0.9998858023948864
965015,0.7552194597317277
965016,0.9906070177166351
965017,0.30279431902088894
965018,0.10439549034575407
965019,0.030150083722518227
965020,0.8834832567347773
965021,0.3307096348347359
965022,0.9944044378684118
965023,0.00496278576033871
965024,0.13004713833360104
965025,0.9568704053360533
965026,0.14662998003467606
965027,0.43506891929784525
965028,0.9833298357150088
965029,0.999169836875983
965030,0.1831855863610115
965031,0.9327074208397741
965032,0.7589112643760996
965033,0.9522279318916367
965034,0.9997319437243296
965035,0.9999869372931143
965036,0.9942907597376465
965037,0.9986050517104322
965038,0.0689462065622673
965039,0.9996224422057631
965040,0.6314692751877202
965041,0.9999745003588937
965042,0.6152341740010344
965043,0.9999425282620232
965044,0.8214587666491519
965045,0.5006173551261027
965046,0.999777910496177
965047,0.5689101913425765
965048,0.9874456760698793
965049,0.9999930492337004
965050,0.003928454713382431
965051,0.2659532411955701
965052,0.9839635081929856
965053,0.8951885682380394
965054,0.42611575623223397
965055,0.9980379633577137
965056,0.6990450711414494
965057,0.9821791909324151
965058,0.9999052438498575
965059,0.9886719125180835
965060,0.9984090719350043
965061,0.9481559239404125
965062,0.9920192942200377
965063,0.7942428522422904
965064,0.9998027443132319
965065,0.9983729105844417
965066,0.1628333470532364
965067,0.9998983253171818
965068,0.999670381347826
965069,0.9995607423082276
965070,0.9926522907212509
965071,0.8637814152073662
965072,0.9998315842050394
965073,0.022045903521550524
965074,0.952056878822011
965075,0.9989090490468218
965076,0.9963205778594767
965077,0.9999907278541955
965078,0.9998448930989383
965079,0.9975625312564727
965080,0.7235218357838883
965081,0.07997688080528105
965082,0.06015092607512308
965083,0.9975070653563274
965084,0.7487526739086654
965085,0.1717381786827556
965086,0.9999502881617736
965087,0.9999523692848531
965088,0.10139723829231509
965089,0.14938350581117013
965090,0.8780516839385939
965091,0.9028424937872174
965092,0.6970848673628361
965093,0.5511413039289084
965094,0.9995809331940373
965095,0.9998397483495279
965096,0.0581944604791062
965097,0.9985326744180643
965098,0.5893355734192097
965099,0.6806030275412512
965100,0.020003760123430893
965101,0.9945942985522889
965102,0.6139421608899416
965103,0.5751860532752101
965104,0.9998142099778096
965105,0.059784134695704025
965106,0.03204559219567142
965107,0.49426341424644743
965108,0.03281736103267927
965109,0.9143558093608778
965110,0.963997450637384
965111,0.5476726169442732
965112,0.9294386604806218
965113,0.9995628051501357
965114,0.8333774660235995
965115,0.9555574062037457
965116,0.10274360380834288
965117,0.5198541783171347
965118,0.06368778645567301
965119,0.9992894709811646
965120,0.9997383889372775
965121,0.9961141890309713
965122,0.9998714032734689
965123,0.3591773878032528
965124,0.9999160361005018
965125,0.906916311356061
965126,0.9933768786619088
965127,0.9996593162452458
965128,0.9993068262078996
965129,0.19392825856200727
965130,0.9951637457909314
965131,0.9355164141694384
965132,0.19988238382258366
965133,0.9976087621348679
965134,0.05130993500123538
965135,0.9999331392773928
965136,0.947341091473815
965137,0.027017657348985893
965138,0.9991718670653685
965139,0.5778998287424808
965140,0.9999717368273874
965141,0.9815754615972804
965142,0.9991091270557154
965143,0.8171076945655722
965144,0.9808979764080692
965145,0.00800204342190034
965146,0.7013129876358704
965147,0.03685494510145615
965148,0.9853008431231134
965149,0.6190786451046474
965150,0.9375647448574728
965151,0.027947695345817335
965152,0.020562997149074176
965153,0.9999448592550965
965154,0.8826840449004254
965155,0.8721593250370303
965156,0.026561176067040324
965157,0.9992813389396777
965158,0.3193799787848444
965159,0.2447898837265242
965160,0.6118811157837591
965161,0.13530399116603278
965162,0.9881997520669823
965163,0.9998914887766477
965164,0.42207565446298423
965165,0.9998101587186202
965166,0.4504040412568576
965167,0.6639266030497653
965168,0.07983180268928372
965169,0.9974846971494521
965170,0.21174319176492507
965171,0.03611112943724173
965172,0.9998547118863271
965173,0.28919969509216636
965174,0.19801682101374302
965175,0.8295765723021364
965176,0.9983945780306355
965177,0.9996954049658152
965178,0.08984639024251947
965179,0.999876543010979
965180,0.6466842927988676
965181,0.9998626411450373
965182,0.6196023119130765
965183,0.9999708047818043
965184,0.989555933938151
965185,0.997716693326756
965186,0.8226857035185007
965187,0.9999180117164587
965188,0.9999265179019234
965189,0.999926381854466
965190,0.9880155877218662
965191,0.9911317052783299
965192,0.9933589172440539
965193,0.09965895307220277
965194,0.5292850166417357
965195,0.9998155770648312
965196,0.5234269879068757
965197,0.06604419936391899
965198,0.02818381183213914
965199,0.007577979102577338
965200,0.07184660455729877
965201,0.9998189789207919
965202,0.7187175630710319
965203,0.9572134733651364
965204,0.9996924807767008
965205,0.28423969044726954
965206,0.9995529110532617
965207,0.27364110502398165
965208,0.9512649225048304
965209,0.7777484420645734
965210,0.9996083166290819
965211,0.9946876779005217
965212,0.9952629858225319
965213,0.9999613063601438
965214,0.13082430787606708
965215,0.5884974157259985
965216,0.8817724636258851
965217,0.5256891849368075
965218,0.16740291243449382
965219,0.9770542193276615
965220,0.9991589096223568
965221,0.9857017764745659
965222,0.03125367187807726
965223,0.9992716150283939
965224,0.09826351528373937
965225,0.14074664022190447
965226,0.024998066964212463
965227,0.99892058444118
965228,0.32013003441768917
965229,0.994144211090831
965230,0.8196358990495041
965231,0.9999798002395739
965232,0.9957004471975812
965233,0.9998771424780521
965234,0.9988094180126765
965235,0.9953668230772874
965236,0.7046930489674801
965237,0.8453008468248511
965238,0.22190510552218481
965239,0.40567324570993546
965240,0.9999812942930288
965241,0.9998491246952833
965242,0.9994778199387069
965243,0.8478277897654498
965244,0.9948253669718838
965245,0.9998437327318246
965246,0.9996551572720712
965247,0.15306674502967846
965248,0.6557145927125888
965249,0.19307133259291281
965250,0.9548223668062956
965251,0.952971911640214
965252,0.9814266286900057
965253,0.9964183085996687
965254,0.7834901634564535
965255,0.9995990062919942
965256,0.9994613852423552
965257,0.29757828781511114
965258,0.06848146813545433
965259,0.7284333527034594
965260,0.09989009647187405
965261,0.9998239413071575
965262,0.458243313757087
965263,0.9992179727908161
965264,0.8364487504993705
965265,0.014115770483633303
965266,0.9699701003356254
965267,0.6230690111364229
965268,0.9998847815656136
965269,0.9999027499353005
965270,0.8574396164819393
965271,0.885626110944659
965272,0.3572555093855374
965273,0.7874921375594462
965274,0.24433048801282128
965275,0.999956695220675
965276,0.9692451810482758
965277,0.9997349978962566
965278,0.9971279261673823
965279,0.46989875270738835
965280,0.9983482507735205
965281,0.038824983025733395
965282,0.9925467892348458
965283,0.9999036746507473
965284,0.85827680731106
965285,0.9999774202132716
965286,0.28761759882851845
965287,0.9999670017286528
965288,0.4992491799698249
965289,0.9346644568748115
965290,0.9999854266522449
965291,0.8594388583260308
965292,0.020334654653212488
965293,0.7768903537856993
965294,0.004985130344248212
965295,0.9994876807886135
965296,0.9944131681940427
965297,0.9856657109313902
965298,0.9593053284315294
965299,0.7889293144375412
965300,0.5733129352541559
965301,0.28336823113896165
965302,0.8374801539722766
965303,0.12973461470020503
965304,0.9538954001953395
965305,0.9143331223829537
965306,0.9998932355957706
965307,0.8857317510911972
965308,0.05914875889054429
965309,0.9999367448680692
965310,0.9976050842293338
965311,0.9997442205218744
965312,0.16647660590706426
965313,0.4943980305839623
965314,0.579686869191546
965315,0.9931610183171091
965316,0.8429046671171411
965317,0.959381699201813
965318,0.9989689009476135
965319,0.5466152387721088
965320,0.9994563959343052
965321,0.8812276622446571
965322,0.24337448209562815
965323,0.9996494295752733
965324,0.016502597047956404
965325,0.9976484066014819
965326,0.9600825073588856
965327,0.16388512736949568
965328,0.9935667092735501
965329,0.9991501774424898
965330,0.7257700665745944
965331,0.9947939289744435
965332,0.7532463000158225
965333,0.865594736717215
965334,0.8362385837905127
965335,0.9245571263827874
965336,0.5366435362704122
965337,0.0421577318860459
965338,0.6309838188886718
965339,0.9994853036356623
965340,0.9047436376437503
965341,0.9983994316569574
965342,0.9991909209703151
965343,0.9987971980281682
965344,0.7922864877345138
965345,0.6039527223803128
965346,0.9981661514734174
965347,0.604218520753741
965348,0.7808922345305049
965349,0.9455839486883707
965350,0.9998965821307317
965351,0.9305828723183968
965352,0.9998025320939924
965353,0.9527207556249448
965354,0.043896126154003574
965355,0.051482360872192476
965356,0.752033750402344
965357,0.9742872752242902
965358,0.6791159339830498
965359,0.9995839598431612
965360,0.618778923771904
965361,0.9992329221938354
965362,0.3535575688050401
965363,0.9999509679441609
965364,0.06440993121215666
965365,0.7379280408787834
965366,0.99684286863048
965367,0.7241656796898477
965368,0.9999774382214339
965369,0.9952192130356019
965370,0.9805601709837414
965371,0.9372410320876022
965372,0.7035397464778093
965373,0.9999359922105874
965374,0.033294535863860435
965375,0.9977868226833013
965376,0.99997085905785
965377,0.9970667876632634
965378,0.26341956917549436
965379,0.002785061848424442
965380,0.9999545809668426
965381,0.49105475972582424
965382,0.30556547943947693
965383,0.25898501789052714
965384,0.5464543074356084
965385,0.9989627673181252
965386,0.9932150319397273
965387,0.927661014039749
965388,0.2644804342660048
965389,0.5244337857555783
965390,0.9999202529633028
965391,0.9750708568848763
965392,0.981137774222096
965393,0.8870694330991179
965394,0.996479968332578
965395,0.99973241023285
965396,0.16353569142414515
965397,0.9998306827148835
965398,0.8643214237012458
965399,0.9983313445479602
965400,0.7557013806385999
965401,0.08947343134570412
965402,0.9865783726283643
965403,0.9896897210995403
965404,0.999326742594455
965405,0.9917377187879698
965406,0.8224364162360158
965407,0.5909977751980201
965408,0.9999576726007967
965409,0.9953509582274276
965410,0.9758573679369119
965411,0.20264048578148453
965412,0.10858985064087251
965413,0.6325277259571742
965414,0.8130355245267491
965415,0.9809254952357197
965416,0.9937187662337297
965417,0.9180024573480493
965418,0.9481847321673164
965419,0.9987920829139972
965420,0.9999833236823236
965421,0.8277446031395792
965422,0.7161580284008728
965423,0.966796451144631
965424,0.29233278752076153
965425,0.22027509389824784
965426,0.9999842621701682
965427,0.9996095683977803
965428,0.3982663406755329
965429,0.9941422635376563
965430,0.2199199713340012
965431,0.9852074418676908
965432,0.02990859683273254
965433,0.2405908422312749
965434,0.6874579969952475
965435,0.9999444312558297
965436,0.9981483721256253
965437,0.07881192213730437
965438,0.005948612431205036
965439,0.09126187251592432
965440,0.9974719178279735
965441,0.6388521569788947
965442,0.9998603127084726
965443,0.9980584500319294
965444,0.9999767901245902
965445,0.9999205347234781
965446,0.9996012843685407
965447,0.11932227364038787
965448,0.36199781090717587
965449,0.2719527472635331
965450,0.04177779701082787
965451,0.5704840482768899
965452,0.04147857887645311
965453,0.9778516271179349
965454,0.996369829748527
965455,0.37154544716882437
965456,0.8924653966021927
965457,0.9195636541759069
965458,0.1507859837134165
965459,0.0918675129343933
965460,0.7846802898394152
965461,0.002714984016759176
965462,0.8506423108950956
965463,0.04722960963669239
965464,0.9998899304012652
965465,0.024901515697526064
965466,0.44517237788932673
965467,0.8773298094447085
965468,0.999873927851479
965469,0.9999083641744599
965470,0.9997795188472056
965471,0.3528343784753039
965472,0.9544022231595887
965473,0.9998284880083388
965474,0.9996256191861368
965475,0.6413556167999614
965476,0.9006111098456246
965477,0.5963926960100259
965478,0.9999142975317041
965479,0.12812241019729498
965480,0.07624947362081978
965481,0.8470721442842811
965482,0.07488218342436403
965483,0.053369463523590364
965484,0.5858497092407069
965485,0.9990452085117522
965486,0.995916260329938
965487,0.9999819870663411
965488,0.9732231587453002
965489,0.9998825417136354
965490,0.35305724911427316
965491,0.24462184158454464
965492,0.9606698168330938
965493,0.9990677532757151
965494,0.002065549449027859
965495,0.9906608936436561
965496,0.9954740940591851
965497,0.5851627120471561
965498,0.9530329776405141
965499,0.2391582519172392
965500,0.9995003645555053
965501,0.9087376846799207
965502,0.8769829132914795
965503,0.07667849630496582
965504,0.9942022890947404
965505,0.9999191704713917
965506,0.0729509365274193
965507,0.6289959529624671
965508,0.9293843880135505
965509,0.7188790589144247
965510,0.5398619411784039
965511,0.7239162740000886
965512,0.960983243639792
965513,0.7600132827550135
965514,0.9935042661140321
965515,0.9996651424621388
965516,0.017514381612627458
965517,0.47164507842735465
965518,0.9988422938773875
965519,0.9056971566988035
965520,0.9840139999158493
965521,0.9999451348649371
965522,0.9998249692878156
965523,0.3721882059214074
965524,0.9995590254498969
965525,0.770328660252189
965526,0.22449280207623878
965527,0.9819350299369217
965528,0.17297307791831368
965529,0.9905100170304062
965530,0.9999793478890221
965531,0.011311318939671343
965532,0.9866322881769964
965533,0.9998096528868927
965534,0.9883917078537612
965535,0.9999952062165208
965536,0.9342321551133113
965537,0.055767623578260185
965538,0.9998763847966257
965539,0.3369876494701488
965540,0.9998118607703312
965541,0.2731549748139153
965542,0.9990734547931166
965543,0.874203243291142
965544,0.004071888509943835
965545,0.9997161990347005
965546,0.2340092112920753
965547,0.9914487151615521
965548,0.9897472402706935
965549,0.049744729732108896
965550,0.01772104378584042
965551,0.8497620824649834
965552,0.9982132620166009
965553,0.8965303103550499
965554,0.9998995628359741
965555,0.3248902080582328
965556,0.9996806303090683
965557,0.9995946492245196
965558,0.9988348655373595
965559,0.997751482134327
965560,0.07020260011346836
965561,0.3631778552450454
965562,0.9991507641383406
965563,0.9999767544777994
965564,0.8399936832091848
965565,0.9934003315706459
965566,0.9731180155534704
965567,0.97804576861431
965568,0.08167097820378665
965569,0.7025631906358002
965570,0.9998867329749479
965571,0.9999789101078667
965572,0.9998288731674096
965573,0.9039345747726627
965574,0.33297468960311766
965575,0.9643543646553319
965576,0.9998545069945328
965577,0.12362409383877296
965578,0.9968807165461637
965579,0.22092045187588327
965580,0.9917168625683518
965581,0.9992500903873075
965582,0.9990661428688765
965583,0.35176953302093683
965584,0.8081786020489741
965585,0.7926028171449323
965586,0.14968515729952653
965587,0.9994519989029325
965588,0.9982500849996039
965589,0.998599598551027
965590,0.9997250804316726
965591,0.9999755805937502
965592,0.04415277670349836
965593,0.9987795784150381
965594,0.5726618487557141
965595,0.9810844501201813
965596,0.978725767374836
965597,0.16797643214087898
965598,0.9985570673780491
965599,0.9943569350517157
965600,0.5431592204485975
965601,0.9998455797174606
965602,0.6358019628579379
965603,0.806739494906004
965604,0.7629397621487816
965605,0.9219860530309147
965606,0.9974148229706031
965607,0.14584734485888082
965608,0.9998945280298921
965609,0.06750980433595638
965610,0.638418767681594
965611,0.9999018467350311
965612,0.9997635891337575
965613,0.21180813644495758
965614,0.09247909687962333
965615,0.9997960708244134
965616,0.9961440014632479
965617,0.9946171310378954
965618,0.8354185175729794
965619,0.969603650943592
965620,0.9974624604771756
965621,0.47622192368158767
965622,0.9970666610324408
965623,0.9968898707075672
965624,0.8199885268383067
965625,0.9951516006269063
965626,0.8159754984148073
965627,0.9999404166302245
965628,0.027290509890555065
965629,0.23527054932973954
965630,0.9984023811390328
965631,0.9982425719445179
965632,0.9971465779516713
965633,0.9028195274954411
965634,0.592383334092752
965635,0.8342892231194479
965636,0.8413431127163072
965637,0.9998913507434657
965638,0.02732636181798475
965639,0.6089786738934053
965640,0.2904201292914782
965641,0.5369705016722011
965642,0.9912691492783972
965643,0.6843130140369493
965644,0.8189274656530521
965645,0.9998104297870838
965646,0.34311156579546603
965647,0.9190701384368826
965648,0.7899281177538104
965649,0.0801670803964264
965650,0.9994575313712132
965651,0.8188455699651821
965652,0.02110996389880948
965653,0.5563033436411488
965654,0.42195372709543155
965655,0.3777281692112059
965656,0.029127908439629376
965657,0.024809104851136
965658,0.031071115306607354
965659,0.8644155551212305
965660,0.4396692892427437
965661,0.9331104828680872
965662,0.010955155065765826
965663,0.043666181583243854
965664,0.9998354539468723
965665,0.2683132077763111
965666,0.6032275859892816
965667,0.9968374277542486
965668,0.5602161648626445
965669,0.888294840799834
965670,0.9999924684484237
965671,0.6242367246318274
965672,0.9930283669975216
965673,0.9914421657576598
965674,0.9994000440173497
965675,0.25295059556175215
965676,0.9998088791693436
965677,0.9970726314560174
965678,0.06251493836543885
965679,0.08703716547070398
965680,0.1375698907123372
965681,0.9999388487517733
965682,0.39915579919948485
965683,0.6246139163662638
965684,0.9999332516099237
965685,0.9989973546589223
965686,0.9998276017199665
965687,0.9997800194345852
965688,0.999725501022078
965689,0.9885990479685723
965690,0.6910364952849428
965691,0.9919798191757292
965692,0.998010553730703
965693,0.9965902252963013
965694,0.08437670331077962
965695,0.6837503082982606
965696,0.14350158368237523
965697,0.9975781590453208
965698,0.9680460125577562
965699,0.9965969186551558
965700,0.17878094104267786
965701,0.07195834275368929
965702,0.03038595766040568
965703,0.4287780475007222
965704,0.9786072922916762
965705,0.998450605748912
965706,0.4292551162690388
965707,0.7457190104249167
965708,0.3545860469117629
965709,0.9745418091754989
965710,0.10766098857664495
965711,0.027515666549527105
965712,0.9999771270260553
965713,0.9980085666215458
965714,0.9824392222719632
965715,0.6312918933469329
965716,0.9998479267873848
965717,0.9963110586622118
965718,0.009740164277469644
965719,0.9984838019579216
965720,0.7620006066187985
965721,0.9995104763606838
965722,0.4218417545062894
965723,0.07430113087280613
965724,0.45222195411110266
965725,0.05154922735806075
965726,0.999721757456324
965727,0.9568943408408646
965728,0.9996927200114276
965729,0.14123976142920885
965730,0.9993644010514204
965731,0.5774302334194997
965732,0.998127510422463
965733,0.9999212103008726
965734,0.32424336210640725
965735,0.98869154358279
965736,0.02689852392655619
965737,0.9998773568525168
965738,0.9980751144360539
965739,0.09728773966759746
965740,0.29895670528148105
965741,0.9980158141277561
965742,0.8134947031357076
965743,0.09330034447711408
965744,0.0766568488998896
965745,0.9998917600535477
965746,0.9999843591435967
965747,0.4074072738139073
965748,0.9995232988612108
965749,0.9174316033998252
965750,0.9762752499315797
965751,0.06588799542036693
965752,0.05813745149578076
965753,0.40534024614249897
965754,0.9996516769582998
965755,0.9981451734224807
965756,0.5276021733214576
965757,0.7703552909191227
965758,0.9971878728904908
965759,0.028427229278706993
965760,0.9582281774775538
965761,0.9997591135459454
965762,0.9996176312419327
965763,0.9860546911033707
965764,0.019807754208687467
965765,0.9998053915524575
965766,0.9900785145122744
965767,0.9996041678695944
965768,0.999720677280894
965769,0.007877532852193152
965770,0.9983106314340593
965771,0.9932327372151603
965772,0.8276155815783015
965773,0.9994617359715998
965774,0.07409178363393132
965775,0.36147534012377436
965776,0.9287750983014835
965777,0.13080102687973985
965778,0.007663338419884246
965779,0.9974015857072103
965780,0.6715420200248077
965781,0.870381174627032
965782,0.99573931422312
965783,0.515085366642932
965784,0.9279431989225346
965785,0.9107461647245958
965786,0.0490198627831864
965787,0.5081751167340085
965788,0.36281074505890476
965789,0.7977121751496943
965790,0.6741943798582178
965791,0.9997962195763206
965792,0.9504729626386403
965793,0.896042025141945
965794,0.007380892970764826
965795,0.9655082539151232
965796,0.6673557490972024
965797,0.9999532068079309
965798,0.7920558892552818
965799,0.9973045686466708
965800,0.9860984780569418
965801,0.7705608739109371
965802,0.22097171034358057
965803,0.9920013889508106
965804,0.029450942666093757
965805,0.1324151827062799
965806,0.035623988239275726
965807,0.9982527181260494
965808,0.03631485411755639
965809,0.43013082441738326
965810,0.8424511211095984
965811,0.37430884283006133
965812,0.8740019466937639
965813,0.590270042882759
965814,0.7679883996053929
965815,0.9998993849200231
965816,0.9928849666291024
965817,0.9373234756053692
965818,0.8783800531391909
965819,0.998269419169717
965820,0.9994507168494423
965821,0.3191358838119244
965822,0.999745844397881
965823,0.6518593097939784
965824,0.12826033921542812
965825,0.09594729162441396
965826,0.11768013136122937
965827,0.004226571289215812
965828,0.9990754413807325
965829,0.9989747524149515
965830,0.8813428536702997
965831,0.022845441710270545
965832,0.17874168088670572
965833,0.9996788847720569
965834,0.9932998453875462
965835,0.9996950788684691
965836,0.6658503707990071
965837,0.7651359131501149
965838,0.9957435415594071
965839,0.879710260706456
965840,0.9621428838218641
965841,0.8683938476247558
965842,0.9837349675536131
965843,0.7828082471772528
965844,0.47501205013043807
965845,0.9994894133173087
965846,0.9999893520225991
965847,0.9997070814641413
965848,0.07654649068373405
965849,0.6995203052061685
965850,0.7168779438797931
965851,0.032230076221163494
965852,0.014315675141556562
965853,0.8255200967000245
965854,0.999543334723112
965855,0.4963751350751155
965856,0.998054344141064
965857,0.1682433141294854
965858,0.7171447094962171
965859,0.4839718436201156
965860,0.430531008348053
965861,0.8953112194712256
965862,0.740040695038553
965863,0.00852249144333424
965864,0.0338681821216751
965865,0.9985423404870213
965866,0.9998441603213801
965867,0.9989423871786745
965868,0.21666785329192964
965869,0.007020461489414683
965870,0.972747293312765
965871,0.4524678771163945
965872,0.9531423113563902
965873,0.006757904888955661
965874,0.9960740864162706
965875,0.9947648498703613
965876,0.99997179355546
965877,0.855729884262816
965878,0.9994049241801408
965879,0.044746111959206705
965880,0.010075468619404636
965881,0.9999314112182955
965882,0.9915940855839055
965883,0.8532910938931841
965884,0.9999922949834759
965885,0.9810324639465694
965886,0.9136634587384898
965887,0.6665555089896935
965888,0.9993239916283474
965889,0.983804532804577
965890,0.9980817899492183
965891,0.33979024262138724
965892,0.9990782170652668
965893,0.9895661967806475
965894,0.9999768218972411
965895,0.9819282711343154
965896,0.9735455585962254
965897,0.028168223473615202
965898,0.9996618976965789
965899,0.9952754220483652
965900,0.9995022034497192
965901,0.9997184409678943
965902,0.004623607163225463
965903,0.3297802911566171
965904,0.6771172104164694
965905,0.035873690713955214
965906,0.9255385588183991
965907,0.0935073078846467
965908,0.693691258586766
965909,0.2880882290855362
965910,0.3709496486173194
965911,0.8753755960909082
965912,0.9996069541416517
965913,0.9878139248667772
965914,0.358765511194445
965915,0.0024765904070858566
965916,0.9158471966598953
965917,0.9894519712890999
965918,0.9714305697110336
965919,0.15105985775530195
965920,0.2912229451215875
965921,0.9964398445603367
965922,0.40280774573852773
965923,0.8854036249569708
965924,0.8635804832305946
965925,0.9911954759861399
965926,0.9951079635804396
965927,0.18888497174500024
965928,0.9996854817791824
965929,0.999920433464266
965930,0.9044187597453942
965931,0.9903538102445713
965932,0.9998851530955815
965933,0.5395493388440019
965934,0.5648303888771009
965935,0.13743866700327606
965936,0.9936779908621506
965937,0.026252788776269402
965938,0.3345602380248096
965939,0.9999618610300924
965940,0.9311508422080034
965941,0.9998928720489284
965942,0.9958031261260737
965943,0.4641025575884735
965944,0.9990176053805795
965945,0.9988822080913607
965946,0.060128258774457405
965947,0.9784841552512734
965948,0.9987345451507289
965949,0.5896453058829858
965950,0.9698692794929351
965951,0.6344528401705782
965952,0.999718161157655
965953,0.9998931574142549
965954,0.9971291817248986
965955,0.9998263295715004
965956,0.3981386347107734
965957,0.9994760032298957
965958,0.5730065609697136
965959,0.8901601928462319
965960,0.9986283213383853
965961,0.988668642348997
965962,0.9948360216497435
965963,0.0244537986597644
965964,0.999898318313179
965965,0.9995894065256055
965966,0.15025900975370177
965967,0.8503126782772541
965968,0.9979823114945119
965969,0.43545723668559544
965970,0.9969136945989951
965971,0.9961570695085908
965972,0.9981086130861987
965973,0.1873901358643924
965974,0.05928874503964962
965975,0.355440032614858
965976,0.730903909319307
965977,0.9974021946309967
965978,0.3761377276653482
965979,0.5093708554531673
965980,0.1957777275256431
965981,0.21858789728431144
965982,0.20283141304543723
965983,0.9999897893804739
965984,0.030485780260578813
965985,0.1942348499073655
965986,0.9598760180314507
965987,0.9991209617613306
965988,0.17802195474696517
965989,0.23761201288022082
965990,0.9870334149236717
965991,0.13763954302412532
965992,0.8437089364498229
965993,0.8112531896448085
965994,0.505980848483675
965995,0.9982650047404723
965996,0.9943542873384413
965997,0.14178905671551087
965998,0.8885907263233308
965999,0.9962623512489317
966000,0.6986242422612425
966001,0.7346233836651378
966002,0.9993485221110849
966003,0.0028262965416620263
966004,0.6158363299461206
966005,0.7657760183066494
966006,0.9998337498898433
966007,0.9717630020436685
966008,0.32562533109128927
966009,0.994245140577575
966010,0.9041817714992166
966011,0.9999656619120951
966012,0.9953209778719105
966013,0.14863035135773747
966014,0.6453098933564602
966015,0.9980334944196049
966016,0.9870511945037153
966017,0.9941013755053851
966018,0.8565955266246167
966019,0.14590051505639537
966020,0.14546205010290997
966021,0.9997139236237103
966022,0.0075012651163134
966023,0.09616768238119676
966024,0.12601676028514996
966025,0.9986164643458575
966026,0.907803353200441
966027,0.041611678767894685
966028,0.7930066597746679
966029,0.6157497925535829
966030,0.9997686083345011
966031,0.7032317467732287
966032,0.46680510572663814
966033,0.9821299153836941
966034,0.5938249645140038
966035,0.039917618034864405
966036,0.9988903558220927
966037,0.7638230811757575
966038,0.9968611684361957
966039,0.342104603501666
966040,0.9914493803291933
966041,0.9994712527958409
966042,0.9997583264184063
966043,0.9949405525758167
966044,0.9555533899143595
966045,0.9965809154866213
966046,0.9988641268599918
966047,0.999283662295829
966048,0.3601095803578105
966049,0.6002851846483955
966050,0.9989706978691767
966051,0.9999611788049101
966052,0.9999917902264455
966053,0.4973188232648205
966054,0.9964993038904826
966055,0.5308459573904873
966056,0.9915047424943351
966057,0.988717400274187
966058,0.8205381959501072
966059,0.999567043727908
966060,0.9094358512024255
966061,0.9986464425008552
966062,0.05140626907327207
966063,0.9977875784158436
966064,0.9994707276838284
966065,0.3330606641011078
966066,0.2284100261557836
966067,0.9956067233273835
966068,0.24866332392041762
966069,0.5239870551628852
966070,0.9927150045223221
966071,0.9998320114084334
966072,0.9470328532927117
966073,0.08767200471537964
966074,0.9999764159829673
966075,0.9999814054757049
966076,0.4258655027664311
966077,0.8069820436941615
966078,0.9999581423548864
966079,0.09294051096888613
966080,0.9997882372898403
966081,0.5516808955136745
966082,0.9890163268957062
966083,0.026429557715800488
966084,0.32088198263939216
966085,0.9999035401568879
966086,0.013797208431029034
966087,0.9995140582320453
966088,0.9688283962821596
966089,0.9977586963140296
966090,0.060533164700364184
966091,0.9964210370875333
966092,0.9965189192778983
966093,0.9995958896380888
966094,0.8706261539079395
966095,0.3642950888907227
966096,0.1303832610242163
966097,0.9999596061177262
966098,0.5583294000641831
966099,0.9998648114722551
966100,0.45119485725148567
966101,0.9999176981744242
966102,0.6343618151008468
966103,0.023329387305319846
966104,0.00951299599647697
966105,0.8992421497958967
966106,0.9988398617135663
966107,0.9996583046670975
966108,0.9931113694854196
966109,0.999871917144126
966110,0.9998203114057767
966111,0.3702333929987296
966112,0.6850969813806964
966113,0.9953843406015197
966114,0.9979553189978508
966115,0.5623768092041668
966116,0.7170325497586147
966117,0.9977543202798447
966118,0.6770064871689848
966119,0.4234767133959887
966120,0.9999735891374842
966121,0.9572700490591142
966122,0.9986044772464283
966123,0.999921853988438
966124,0.999600287540118
966125,0.7819701478198327
966126,0.9987233652926099
966127,0.656164818149502
966128,0.9902047967712301
966129,0.9994426862049743
966130,0.9988549123232635
966131,0.9004311852966832
966132,0.9963436118296819
966133,0.6435908905022296
966134,0.9973776871796941
966135,0.055009545166126494
966136,0.07742110274849617
966137,0.2077454583119565
966138,0.3396760343481636
966139,0.9976993137044173
966140,0.9982536589584258
966141,0.983387956423751
966142,0.9948735692581288
966143,0.9999865797778333
966144,0.6313726566164797
966145,0.7448948309832906
966146,0.9691013477286484
966147,0.24901815637876673
966148,0.8963249222010635
966149,0.7996405352865307
966150,0.9651679255681092
966151,0.9550280086360634
966152,0.5516795011872939
966153,0.9883319431051694
966154,0.8747205513289822
966155,0.9804999540782549
966156,0.15662615408324054
966157,0.9995891068272327
966158,0.9995317752098901
966159,0.9941588290473544
966160,0.3514164866369722
966161,0.19480037570000425
966162,0.919146870109088
966163,0.14904166897194077
966164,0.7529852827509577
966165,0.8979269974156394
966166,0.9999302982347045
966167,0.9940392208353628
966168,0.3193011852560189
966169,0.11468659058965633
966170,0.9998074986137007
966171,0.07930415383250464
966172,0.30251380675309286
966173,0.45516124022416204
966174,0.45927915005265074
966175,0.23339711650727268
966176,0.9909956467517369
966177,0.9986283032101755
966178,0.9481806289734973
966179,0.9572938877955376
966180,0.9966101119647228
966181,0.08980764571252495
966182,0.7394996604901205
966183,0.05702456463538659
966184,0.048093627941629344
966185,0.9591725472418884
966186,0.1004937973641325
966187,0.9991375330070208
966188,0.4980861188483775
966189,0.9630037912603046
966190,0.005572829761658141
966191,0.9423148444630046
966192,0.9434444968646357
966193,0.4398368785543184
966194,0.14679108830126247
966195,0.9999187432838672
966196,0.9956012728443112
966197,0.5917578832718156
966198,0.9780754784465656
966199,0.9907077558048523
966200,0.9905150834244569
966201,0.9999278402185122
966202,0.44586918669743425
966203,0.9962107098339188
966204,0.8771919390293687
966205,0.6515181580365397
966206,0.9581559051446207
966207,0.6165154091127704
966208,0.9989337056301673
966209,0.9989041629493147
966210,0.1665925134893252
966211,0.9999826784974946
966212,0.07350430061407114
966213,0.21205119627795832
966214,0.9971071799912408
966215,0.5278406763907881
966216,0.7287718844376155
966217,0.978340488657517
966218,0.0353808983550323
966219,0.764155018383596
966220,0.7701527754034403
966221,0.9902798618237816
966222,0.04251875301203048
966223,0.16749290606159792
966224,0.1000556494399428
966225,0.3187163700573522
966226,0.030840368491057396
966227,0.9271564783857382
966228,0.9974879185376793
966229,0.9998997668707725
966230,0.020691702555245634
966231,0.9999581660619623
966232,0.9929229871457299
966233,0.9999887284569365
966234,0.07513788297729025
966235,0.7167284539143685
966236,0.055267577783808405
966237,0.7346975188858267
966238,0.5712725671352612
966239,0.9827678014803263
966240,0.36976306616736965
966241,0.9996881893283383
966242,0.9996575107447336
966243,0.9999666372480985
966244,0.6534328686572044
966245,0.06252505302841824
966246,0.9997345197817338
966247,0.9997938008474734
966248,0.9998801099216897
966249,0.8389735139256855
966250,0.21874906515891224
966251,0.7018781461143704
966252,0.9951587768032668
966253,0.940940089272706
966254,0.9999940541177217
966255,0.9967619336767548
966256,0.24226230229353576
966257,0.7920263429839087
966258,0.5110678373650306
966259,0.13084771867442255
966260,0.012277055506064859
966261,0.6783025495506345
966262,0.013869302044975057
966263,0.999890195616493
966264,0.0922679840002984
966265,0.9954756854990112
966266,0.9985937185213203
966267,0.07660361262999506
966268,0.9995539241065212
966269,0.9994087029935774
966270,0.938752110393839
966271,0.9933598103689381
966272,0.9019288217364598
966273,0.8829898365624524
966274,0.9990816012357135
966275,0.6674426328697214
966276,0.549188559521295
966277,0.988796632417773
966278,0.9957990586335943
966279,0.9647197559091867
966280,0.999391545478006
966281,0.9862820701145876
966282,0.14388617983225765
966283,0.021759404660873786
966284,0.9585637075153065
966285,0.8687603550659859
966286,0.23805457939204133
966287,0.9999117502994901
966288,0.7487315708013571
966289,0.6001558514285913
966290,0.5884259353740751
966291,0.9155190695413495
966292,0.13274373181228633
966293,0.9996451002842685
966294,0.9999546292087653
966295,0.03079394904369879
966296,0.9999703409774221
966297,0.996659487874193
966298,0.9991611643741607
966299,0.8552331687692297
966300,0.9593350562405317
966301,0.9945693753583047
966302,0.20140566511051272
966303,0.9384561800168407
966304,0.023420320773940198
966305,0.993366342244824
966306,0.9984444576872045
966307,0.9817344901658086
966308,0.9968999201651256
966309,0.8234597194973765
966310,0.5002261509171129
966311,0.9997257187027232
966312,0.9998740284434084
966313,0.7468009061638092
966314,0.9990679791536312
966315,0.9998608904511316
966316,0.9999370361009189
966317,0.9948490758282014
966318,0.9998311285632999
966319,0.4353661773307923
966320,0.9996239799402258
966321,0.9999166421051546
966322,0.946803942267896
966323,0.9996088313839063
966324,0.5202698733986316
966325,0.07019184636092149
966326,0.9961917522764395
966327,0.9356798968824793
966328,0.9961382604327087
966329,0.9972546537856068
966330,0.9973551674457961
966331,0.03899435958670945
966332,0.9850132376289475
966333,0.9996229960074443
966334,0.029687785469540557
966335,0.999943449592763
966336,0.998541289019624
966337,0.9999040881286654
966338,0.9989253792949107
966339,0.9997160828592595
966340,0.9999056363237022
966341,0.09910632656924039
966342,0.9989210998886242
966343,0.004346376952800185
966344,0.010934942909773239
966345,0.9998191746272409
966346,0.2749982785525975
966347,0.11107584118368083
966348,0.9981889362346515
966349,0.9999350397143406
966350,0.5657508335514745
966351,0.574466825886464
966352,0.32285482720480874
966353,0.6177974221779292
966354,0.993887121131007
966355,0.40726865123876277
966356,0.7339872954516233
966357,0.012316186475942742
966358,0.8227534838485954
966359,0.999946269945873
966360,0.999923196311314
966361,0.02965830136410315
966362,0.04473034082148203
966363,0.8834740235265582
966364,0.9985813085276471
966365,0.950767141048888
966366,0.7215646817653931
966367,0.9860551909864159
966368,0.9899838472379922
966369,0.9999442226872581
966370,0.839846897280261
966371,0.004209496932196565
966372,0.9959503623932938
966373,0.9999854015999653
966374,0.016148162196583597
966375,0.03890846198146048
966376,0.9988931982289728
966377,0.9998220021281196
966378,0.9995083643971414
966379,0.8346456935309107
966380,0.9989695907443576
966381,0.9998957816281574
966382,0.9995939312678745
966383,0.005739562020804707
966384,0.006919907041200943
966385,0.9996246642900812
966386,0.9997388872534767
966387,0.8571540917308608
966388,0.9977164386291004
966389,0.9819460040670508
966390,0.07085925730827933
966391,0.0014983332478787947
966392,0.6221558462621348
966393,0.9997402389178347
966394,0.9999851524754987
966395,0.9996993889842849
966396,0.5845502220358094
966397,0.9991096505541436
966398,0.21923326199794166
966399,0.9922310904552356
966400,0.9496235515477817
966401,0.9990303783179683
966402,0.4451798315727751
966403,0.544031730500674
966404,0.6341313084873647
966405,0.8968376220400206
966406,0.9282504952488588
966407,0.8635818605067034
966408,0.17336963994463667
966409,0.9996446000993665
966410,0.8740264658808123
966411,0.4795606983050551
966412,0.9999423539297106
966413,0.9997838114165648
966414,0.9954600928700745
966415,0.9998478364086711
966416,0.35399350099086857
966417,0.8992051662573282
966418,0.9995633204036953
966419,0.9982620301196734
966420,0.9999593751966489
966421,0.9925402736150608
966422,0.9994605878843719
966423,0.7626878269849455
966424,0.9507662595757351
966425,0.6695239235141344
966426,0.9999433116807259
966427,0.7491824621356398
966428,0.495543451232002
966429,0.9985783741997294
966430,0.5183203897814216
966431,0.17322471580438592
966432,0.9884877763144573
966433,0.0044956489927415
966434,0.9959475447522608
966435,0.05423465701643688
966436,0.9217471941293112
966437,0.9962445967988292
966438,0.9998046464347683
966439,0.9995548813448372
966440,0.9999619600206111
966441,0.9996476629017206
966442,0.9999834189206311
966443,0.9973277812257032
966444,0.9997047418046475
966445,0.41105046151682256
966446,0.7413273517156077
966447,0.9772753862879109
966448,0.9993299005796681
966449,0.5258622565760562
966450,0.8177489286008763
966451,0.6317785196304685
966452,0.9997972367217376
966453,0.9030625813599371
966454,0.9979209295006115
966455,0.9999720856055972
966456,0.992254575757215
966457,0.007146688712354109
966458,0.9999344938167175
966459,0.9083899928960621
966460,0.614905519130413
966461,0.32468035949945295
966462,0.9993321533001309
966463,0.8734809698629411
966464,0.7044046502407398
966465,0.998964076519897
966466,0.015692171961399562
966467,0.43783705912060017
966468,0.02114278418661788
966469,0.28423981400014586
966470,0.03408909478417631
966471,0.017250897563196296
966472,0.9986843359912341
966473,0.998886349709857
966474,0.9996188352930513
966475,0.18956264280999785
966476,0.9988946832252357
966477,0.08756216953269033
966478,0.9873760988603242
966479,0.9993613067958624
966480,0.559278306511981
966481,0.9970298019089818
966482,0.9985655426056723
966483,0.40195703533803057
966484,0.9751069449922849
966485,0.9233274740328123
966486,0.9430266559943182
966487,0.9999153473923404
966488,0.6891782344149298
966489,0.1005197876178848
966490,0.9999387539691944
966491,0.9996626883727506
966492,0.9992569589693927
966493,0.9961876474780029
966494,0.0678188148233028
966495,0.3210303835848819
966496,0.9956096945553059
966497,0.9999931602351673
966498,0.664896661297933
966499,0.9889367634292088
966500,0.7916935796996819
966501,0.11032389767055134
966502,0.8734504775024291
966503,0.004262541885613051
966504,0.9967659635093613
966505,0.3130571142477216
966506,0.9999773852183648
966507,0.08017051908149948
966508,0.5376611007877928
966509,0.9908614265065006
966510,0.016978137955286556
966511,0.9999584192853256
966512,0.9993133511275459
966513,0.9940842819606588
966514,0.9999883335650854
966515,0.9908988142207762
966516,0.8796301043606403
966517,0.9998848652183019
966518,0.9999464228669372
966519,0.5651745019083729
966520,0.9991570440616848
966521,0.5040811716119351
966522,0.9999054117608444
966523,0.01424522494303083
966524,0.9941611113042668
966525,0.9090513806263125
966526,0.9966816788013854
966527,0.7467085737990036
966528,0.13391543987672763
966529,0.4379648040630545
966530,0.9999472886539418
966531,0.782033794884172
966532,0.9155432185455951
966533,0.9993675017211774
966534,0.4345884815690028
966535,0.3582256733102722
966536,0.9982389547407525
966537,0.7817252918910207
966538,0.9950681548797842
966539,0.9992313690245266
966540,0.7290011908711125
966541,0.9884803020312363
966542,0.9997663993927749
966543,0.98783991299867
966544,0.9999066652671327
966545,0.930148345765044
966546,0.37058558969918093
966547,0.17144779022537077
966548,0.3012816836488505
966549,0.9998605957088975
966550,0.04821550748495538
966551,0.048746054956587744
966552,0.999860406994266
966553,0.9999472536270932
966554,0.09704914872608594
966555,0.9997606003209785
966556,0.9996914483738568
966557,0.6113236167543173
966558,0.03404130767916222
966559,0.9999827790252238
966560,0.9995857172158396
966561,0.9822311531849934
966562,0.9987382272073921
966563,0.96972809234035
966564,0.9999202267008522
966565,0.07404049777934331
966566,0.9998945558098182
966567,0.6642907788061808
966568,0.9976383643231108
966569,0.9953770364728712
966570,0.9993720155170114
966571,0.006542015566217472
966572,0.2866948690125301
966573,0.18049099050509515
966574,0.5592645107554696
966575,0.9647796525755608
966576,0.9999226572810429
966577,0.48234783004297144
966578,0.010088645226592887
966579,0.9996185123690239
966580,0.6678997667413631
966581,0.056637603897437536
966582,0.22002984542148968
966583,0.6757237791872197
966584,0.7819132761312804
966585,0.0030666576785901745
966586,0.39482460864628366
966587,0.9327112468170597
966588,0.03025944856644129
966589,0.9214153234960147
966590,0.03671232115192102
966591,0.6349793106346415
966592,0.9999405823759941
966593,0.9995851778656808
966594,0.25548238444974763
966595,0.9999455397438477
966596,0.3167213429495333
966597,0.7898196216179083
966598,0.4976245996977514
966599,0.9371252310857036
966600,0.7978020122982977
966601,0.9999003714861401
966602,0.9186946605621097
966603,0.6588275488303621
966604,0.9034190199324834
966605,0.9813424606891368
966606,0.9988331862792901
966607,0.9729049280148384
966608,0.04713641553489363
966609,0.9993788893270715
966610,0.3200395239611748
966611,0.7872866948899134
966612,0.9956145660813698
966613,0.9997659828077281
966614,0.019611864496535607
966615,0.019714272027813062
966616,0.9329162799771828
966617,0.999846828952111
966618,0.8731438235533378
966619,0.9997174730610991
966620,0.8148772457330445
966621,0.5707171827634266
966622,0.9317681372753078
966623,0.4356717039220737
966624,0.36977280659151157
966625,0.9994837575862054
966626,0.9999442808580219
966627,0.8825126971527345
966628,0.04328349101609171
966629,0.998352345235069
966630,0.9999235019196997
966631,0.4967083317423851
966632,0.3471375623218059
966633,0.9998120695128996
966634,0.875640786501255
966635,0.9913034884959566
966636,0.8445444261330683
966637,0.25573809349344284
966638,0.999194451063349
966639,0.23075346579180273
966640,0.8857444013028618
966641,0.9982287322020487
966642,0.9526868898971694
966643,0.8044192433123984
966644,0.997925315835253
966645,0.9828167883591747
966646,0.9039999936420791
966647,0.9963281319887654
966648,0.9821779091517472
966649,0.9934008141966579
966650,0.999808503464453
966651,0.8487742710814271
966652,0.9998975392946834
966653,0.9980184597822656
966654,0.6077466711710457
966655,0.9991850496049302
966656,0.9952807490131299
966657,0.15863850597648638
966658,0.9757199072895243
966659,0.4209836853078455
966660,0.6152580441443632
966661,0.9784499993121651
966662,0.9267848085222424
966663,0.5317985980485157
966664,0.9977501575408707
966665,0.9792139032857352
966666,0.3999812594795937
966667,0.9258016247319322
966668,0.9999957977524456
966669,0.0069142607151551055
966670,0.9931809357943142
966671,0.9993714576551512
966672,0.999651598379673
966673,0.9997947683370002
966674,0.9245769172342888
966675,0.39670817718877993
966676,0.9877437792590876
966677,0.07436668362281548
966678,0.9990916458266037
966679,0.9505693828371724
966680,0.994647159912908
966681,0.9591381093178839
966682,0.94050697789538
966683,0.12064150759572527
966684,0.9750765182675127
966685,0.4295906098460987
966686,0.771274838748477
966687,0.9869907113173292
966688,0.7442040256672755
966689,0.008827806418574693
966690,0.0315151575461334
966691,0.9983316198030683
966692,0.9755310646874421
966693,0.008700920050125452
966694,0.9999919339985242
966695,0.9945543205955948
966696,0.6407620432701504
966697,0.9355380294289001
966698,0.9760179683553101
966699,0.9925706351947063
966700,0.8777809669806828
966701,0.9006797627000678
966702,0.21515592659065877
966703,0.9955566610343949
966704,0.01977069763569676
966705,0.999277059751146
966706,0.8682846268039567
966707,0.14358595703411536
966708,0.38799060327804835
966709,0.8356626793923336
966710,0.998442300483092
966711,0.9999517157473685
966712,0.09874978775508128
966713,0.9992560111726887
966714,0.9988471135605739
966715,0.9996911538112925
966716,0.8027742564536724
966717,0.12318424757860204
966718,0.9411922323252824
966719,0.9999531009314524
966720,0.006181764188749567
966721,0.9999481108263768
966722,0.027405624340560784
966723,0.9994132823562948
966724,0.09351955988468136
966725,0.3257110656476012
966726,0.9385240138444785
966727,0.9997512703177887
966728,0.935888948234763
966729,0.9953024314085179
966730,0.7738908595205568
966731,0.9995103697227143
966732,0.4467871846918573
966733,0.6968137185675451
966734,0.5905548635279863
966735,0.7642590362159577
966736,0.005304417674140228
966737,0.9726590317333891
966738,0.17129207356005438
966739,0.9999784891580136
966740,0.9752319503180658
966741,0.42368631952236085
966742,0.7504186180043768
966743,0.011228996929563095
966744,0.2087904256190498
966745,0.050228975179811675
966746,0.8438671191541827
966747,0.03553904195891655
966748,0.9232298503684387
966749,0.01046687726972605
966750,0.9998624097287245
966751,0.9268509017689747
966752,0.09091481118909706
966753,0.9964605453192266
966754,0.9999632858966878
966755,0.6240885596556396
966756,0.8202440838212626
966757,0.8238349167655978
966758,0.5751842359851905
966759,0.9999643242026943
966760,0.4512294997596008
966761,0.7190959680272274
966762,0.10698904904947798
966763,0.005047023215255724
966764,0.8831354557055152
966765,0.899809120112775
966766,0.9971710284375693
966767,0.9944018958736789
966768,0.9999579884415781
966769,0.6068340962055736
966770,0.9999499506812759
966771,0.2733609151726364
966772,0.8932563174148033
966773,0.8987477865267233
966774,0.6708344426185129
966775,0.005541422057401064
966776,0.5818981437632588
966777,0.999960119235518
966778,0.9994990352226234
966779,0.8094046697899139
966780,0.9902876774268216
966781,0.9979038076084586
966782,0.9881017934517519
966783,0.999988052212744
966784,0.9988414024632037
966785,0.998327009720735
966786,0.999986250549403
966787,0.10579723364589713
966788,0.9999721049707927
966789,0.9997623119414293
966790,0.023284926817518592
966791,0.7065730146125099
966792,0.006564296846178692
966793,0.48745470617781717
966794,0.837130527003074
966795,0.9999300277655245
966796,0.6551114988912368
966797,0.8260677165554534
966798,0.9697499537886762
966799,0.9713205823219284
966800,0.9999880136339787
966801,0.30402175601171244
966802,0.9990273658907469
966803,0.5040615013578583
966804,0.33540615302620697
966805,0.9998581409544276
966806,0.9995332651577891
966807,0.016812686694684078
966808,0.6863709588731495
966809,0.9999322383374831
966810,0.9950553884558664
966811,0.9994201892356172
966812,0.2886666618181752
966813,0.8586264124209253
966814,0.9996477158928446
966815,0.9756297060581454
966816,0.6055114153801402
966817,0.7802938671024038
966818,0.9979616494797016
966819,0.9999083534479689
966820,0.9846916511432985
966821,0.9999830148190347
966822,0.9980369579884574
966823,0.31740571944257323
966824,0.08432267394525966
966825,0.01586586867438258
966826,0.9351310414773183
966827,0.9864665673555055
966828,0.9956713116077831
966829,0.7352715160688832
966830,0.8786174316981757
966831,0.9454478182690551
966832,0.9057893293169552
966833,0.07341525082506592
966834,0.1414202651853351
966835,0.9902918820956418
966836,0.9409046955642033
966837,0.044811917499419165
966838,0.9848349001629686
966839,0.11977474546377746
966840,0.9998468479236556
966841,0.9989540135438457
966842,0.9997962543195315
966843,0.8212016652045109
966844,0.9997115592192924
966845,0.38492494943307715
966846,0.9930422673571692
966847,0.12901744989642672
966848,0.32060994829693884
966849,0.524656562568618
966850,0.8099694030579971
966851,0.8974460273853853
966852,0.1442211121775949
966853,0.9970543569655707
966854,0.7920355572218867
966855,0.8642881268167508
966856,0.901106943256494
966857,0.0870910762420327
966858,0.9341685540506415
966859,0.9994852687582917
966860,0.9999891959587912
966861,0.9962267765054504
966862,0.9949222407556972
966863,0.3993947121342293
966864,0.9966391691989871
966865,0.8537115094272857
966866,0.5547668343476172
966867,0.999906667367775
966868,0.06220481086761176
966869,0.999908965408673
966870,0.9982568616991001
966871,0.6988707088523854
966872,0.5028051196952759
966873,0.9476949670275664
966874,0.6991536679671964
966875,0.7760065032419943
966876,0.9353604930536576
966877,0.999889731811935
966878,0.976204732091947
966879,0.9755465198680456
966880,0.2226267545162235
966881,0.997977145412942
966882,0.1630207404027002
966883,0.9999390403744985
966884,0.9767617491912981
966885,0.7485655289356861
966886,0.9954905082485993
966887,0.1466237383340346
966888,0.9997760031264376
966889,0.8647274231581342
966890,0.1305288834428589
966891,0.03281832123529036
966892,0.9592120800027422
966893,0.28333566530713233
966894,0.5720835235868984
966895,0.9958910461284847
966896,0.17664738184384537
966897,0.5977567301033382
966898,0.9977250704714395
966899,0.8153132090157652
966900,0.7796834921646999
966901,0.9999499197943469
966902,0.9848115856990747
966903,0.5846372328354612
966904,0.8122874125834216
966905,0.9970071020300559
966906,0.8433408132684594
966907,0.9991290393675308
966908,0.5879178440305821
966909,0.9998542002693391
966910,0.9999244498180488
966911,0.866379031196127
966912,0.6715213288030919
966913,0.9776641570108309
966914,0.01801603812894256
966915,0.9913227224288189
966916,0.9947309042976746
966917,0.9995618242027808
966918,0.6325293085751142
966919,0.901626266365632
966920,0.14116668296414003
966921,0.9999834536435857
966922,0.577692345070009
966923,0.054009731259208195
966924,0.9851292916477936
966925,0.9995661505461284
966926,0.9912670965218926
966927,0.3906840428133165
966928,0.9999658710675798
966929,0.9998055102448826
966930,0.9999097258597848
966931,0.9998157968238846
966932,0.011829191008109315
966933,0.1369257705598502
966934,0.47647643097692916
966935,0.9983186157186519
966936,0.4427610377827812
966937,0.03071326920838428
966938,0.6712120229703936
966939,0.9998610227474172
966940,0.9999683487716917
966941,0.9964503486535665
966942,0.9930785957284077
966943,0.5086271738048849
966944,0.9753336359098408
966945,0.9993139300865982
966946,0.9983522621574588
966947,0.16762156045573873
966948,0.7074221478302244
966949,0.9941182681741165
966950,0.9902931072654451
966951,0.34372782468969304
966952,0.5448913385420073
966953,0.9998854645588879
966954,0.025779600699878225
966955,0.9996442019948537
966956,0.4878322469406714
966957,0.147928630069446
966958,0.8727082873351999
966959,0.8834659139196949
966960,0.9967065170112823
966961,0.03381466488664783
966962,0.9130490801334308
966963,0.37184618202226616
966964,0.9991905495929838
966965,0.46045696623057175
966966,0.09580005888730025
966967,0.3229103909666356
966968,0.9882061575371547
966969,0.8940326004728427
966970,0.9999710442342531
966971,0.7803122520523342
966972,0.11173647081213324
966973,0.42119145992371965
966974,0.11194818414163935
966975,0.999553602668608
966976,0.9087480444634254
966977,0.9998984128618627
966978,0.1349216486810532
966979,0.27261058607776023
966980,0.016221865707302732
966981,0.3324582602291245
966982,0.9682750703569638
966983,0.03778812475967105
966984,0.7894724201897272
966985,0.13310919635742122
966986,0.8266318188102375
966987,0.9588518876904735
966988,0.7901037296430269
966989,0.9997290309346913
966990,0.9948027496172094
966991,0.9204858265502667
966992,0.8843797658818393
966993,0.04530663414133411
966994,0.999907998280549
966995,0.9967204995299674
966996,0.7494176891399335
966997,0.8460547505030485
966998,0.9902736722190073
966999,0.9948360013485764
967000,0.7699921253808156
967001,0.9760739472481459
967002,0.8367590485624631
967003,0.9119122174395207
967004,0.9728837444313735
967005,0.999631883596365
967006,0.999937628376645
967007,0.9948336745667496
967008,0.9998285575844181
967009,0.9963681577606923
967010,0.9998343475022788
967011,0.8087937290023727
967012,0.9993186035576147
967013,0.34805104354531297
967014,0.8489392935276898
967015,0.7086586000878206
967016,0.6602980703536091
967017,0.02630908900437732
967018,0.9990874711518962
967019,0.10251450977331844
967020,0.99978951268888
967021,0.9985192325283957
967022,0.606112654297422
967023,0.7709694549448648
967024,0.49383029097349784
967025,0.9823827308159989
967026,0.04669995738044891
967027,0.9988662484690995
967028,0.9998762366554415
967029,0.033922453796477535
967030,0.9350589120181704
967031,0.9998524942145921
967032,0.9997685541172685
967033,0.9999895554056447
967034,0.9695382753488396
967035,0.9998903503704839
967036,0.9033087183732076
967037,0.839545660030833
967038,0.6361316993504533
967039,0.9993064767592744
967040,0.9610831783890159
967041,0.05337222260495203
967042,0.6886827287258324
967043,0.011415561497840145
967044,0.9999803096504261
967045,0.9998560060426758
967046,0.9994018977044166
967047,0.9607281771851428
967048,0.9982335521018222
967049,0.9825926966796061
967050,0.1105366379633704
967051,0.9997787830282747
967052,0.9236512376207117
967053,0.9965027547712243
967054,0.41974523675896064
967055,0.999544324860997
967056,0.015298954680300743
967057,0.9737891197644575
967058,0.2314346600270943
967059,0.6109972190825304
967060,0.9973935248295672
967061,0.9991914910093527
967062,0.9966649584832156
967063,0.21479248737145365
967064,0.2930871533465381
967065,0.16938124397688378
967066,0.9878744842310858
967067,0.9662903123414436
967068,0.9998918183984291
967069,0.9313521281390091
967070,0.8745584339488396
967071,0.9940290548084697
967072,0.9998403632392486
967073,0.2402168933905058
967074,0.22586391537584954
967075,0.9022882959446279
967076,0.2489628955472541
967077,0.8844066650825522
967078,0.9999756126835586
967079,0.934691239606751
967080,0.7942604891923212
967081,0.010315601390600799
967082,0.016981942208259146
967083,0.32075744609547263
967084,0.7980759813586408
967085,0.026327487615011212
967086,0.7820870277404286
967087,0.2834658284286523
967088,0.00229334565426171
967089,0.9860357230162654
967090,0.17209836900832617
967091,0.6410518873549864
967092,0.9860651325855387
967093,0.16954462747665253
967094,0.9999329567484905
967095,0.02306490208812582
967096,0.3909904679526126
967097,0.8860123684663134
967098,0.9951902266125877
967099,0.9998392384989399
967100,0.03041969366466057
967101,0.21111370028748438
967102,0.20365018061276263
967103,0.9998676377743585
967104,0.9996903780332116
967105,0.11284004611988938
967106,0.9941674742404847
967107,0.1493801937973912
967108,0.05516145566632957
967109,0.910761793672226
967110,0.2853517232112426
967111,0.9997418869397995
967112,0.23124058886239554
967113,0.9998537559480358
967114,0.986697796192787
967115,0.94048708313474
967116,0.01665799796073231
967117,0.9975112073819005
967118,0.9728525596280106
967119,0.9820860666869337
967120,0.9984993089544386
967121,0.9999945556641013
967122,0.03763417987638057
967123,0.9515233215990198
967124,0.9998227628149929
967125,0.38657980835736616
967126,0.8660629334101781
967127,0.9998342812026624
967128,0.9840370956444691
967129,0.273484053307502
967130,0.9983791054844418
967131,0.9937946558283233
967132,0.9979496271154236
967133,0.9216380179722139
967134,0.9996835079999818
967135,0.9754059695468634
967136,0.035668250821078516
967137,0.8774540765239751
967138,0.999725371102501
967139,0.9996494950880036
967140,0.8965509189216374
967141,0.9844238869931192
967142,0.9966209157240038
967143,0.3858268931984826
967144,0.997756573689719
967145,0.9471529689505735
967146,0.4256959153807015
967147,0.645509436964167
967148,0.9999061043418283
967149,0.9831548274309534
967150,0.9946388082974216
967151,0.2340200975714738
967152,0.9968500036666732
967153,0.986040820731006
967154,0.22052611359699498
967155,0.9666936768120342
967156,0.6147296317564342
967157,0.999927812204446
967158,0.9997653943681384
967159,0.9999925325448534
967160,0.6185971658638023
967161,0.49905329757835937
967162,0.008494149720926944
967163,0.997336604440217
967164,0.9995380719353828
967165,0.050350316051232115
967166,0.5863394797002249
967167,0.7658908379419918
967168,0.6971510493451758
967169,0.9458454970427126
967170,0.9990190487985091
967171,0.9954336963277322
967172,0.4444359839753028
967173,0.9993494299430692
967174,0.0095778458889202
967175,0.9971911137947523
967176,0.995370729058948
967177,0.8232757149286019
967178,0.6827374917550758
967179,0.9893409467810595
967180,0.019930373030389786
967181,0.8026497538714911
967182,0.9997546644855122
967183,0.9999208788740286
967184,0.9055661886481247
967185,0.9999303893291618
967186,0.9716912136931707
967187,0.9997993339067925
967188,0.9999679229027727
967189,0.9981348621109722
967190,0.5267558907491455
967191,0.9916796359475534
967192,0.9218876360390635
967193,0.18121543393494388
967194,0.0035030132433590943
967195,0.9999099725853616
967196,0.9969834859998381
967197,0.19048264122349023
967198,0.019089234511661404
967199,0.9993667375040891
967200,0.01903493313841794
967201,0.9999820189731963
967202,0.5282681906745113
967203,0.9996709787820297
967204,0.21313546008501677
967205,0.07429052656950333
967206,0.6947917799053772
967207,0.999407897339754
967208,0.29331215467533334
967209,0.23402163352347483
967210,0.9549891150814307
967211,0.9985876222947261
967212,0.8258515315364927
967213,0.07510432317935746
967214,0.16715652322104013
967215,0.999947293967741
967216,0.9998520540387398
967217,0.8359341252892284
967218,0.9992050494453459
967219,0.012350350224526584
967220,0.9979916899405017
967221,0.525094730656799
967222,0.9957496914326698
967223,0.9957116473081132
967224,0.6321345181827148
967225,0.9760397743337204
967226,0.05479803629762234
967227,0.8927041739414486
967228,0.49231352735617934
967229,0.34516755904882424
967230,0.9984532920399987
967231,0.09594733123831542
967232,0.9546739326878868
967233,0.992376127246467
967234,0.8497582146186258
967235,0.16778393195572522
967236,0.39144756721247953
967237,0.04771760161166233
967238,0.9554445706259102
967239,0.8957136345295649
967240,0.5931328028033376
967241,0.8443614061988678
967242,0.027079884768474245
967243,0.6179359011369163
967244,0.9279696255500103
967245,0.9994552403058402
967246,0.09238700665447733
967247,0.9697078135476953
967248,0.5066061303006758
967249,0.9998253219308331
967250,0.9929406468525097
967251,0.9999512380564513
967252,0.06598761350631699
967253,0.9989175666534055
967254,0.12336237784989801
967255,0.999513804358902
967256,0.9859331868829346
967257,0.009663769876404642
967258,0.8643166038316945
967259,0.3618987999861123
967260,0.9770486998910063
967261,0.9990858027596924
967262,0.9164284741891504
967263,0.9984194722496958
967264,0.9999793051303656
967265,0.9200480044383068
967266,0.9951976167994276
967267,0.99823096149245
967268,0.8738294149120565
967269,0.9997587486634144
967270,0.6463398314738078
967271,0.9999031620011634
967272,0.9992421560299463
967273,0.20079282309378715
967274,0.10070437833344428
967275,0.9999473700981585
967276,0.639214699276458
967277,0.8867524068445833
967278,0.3556437166739015
967279,0.013581351009648478
967280,0.029830641529275316
967281,0.39392161034054796
967282,0.9999136621001306
967283,0.9996379270340819
967284,0.9976424980891341
967285,0.33386138007804167
967286,0.9999679479404966
967287,0.9999777536345122
967288,0.9862961661330694
967289,0.9983284518694509
967290,0.9997230483015325
967291,0.1636349928244278
967292,0.5400784026391848
967293,0.7535259333910229
967294,0.05732740466904009
967295,0.9380452986689394
967296,0.6937259168169974
967297,0.9997638283008032
967298,0.9932370126974348
967299,0.9438685512501596
967300,0.42669672471278186
967301,0.8052509920331017
967302,0.014796220261127582
967303,0.9998436652038685
967304,0.9931462085550431
967305,0.708908696558751
967306,0.9999375871709998
967307,0.6470308924815938
967308,0.7082169402281964
967309,0.0217215990741429
967310,0.6227666240372132
967311,0.06265987425561181
967312,0.9998394330822062
967313,0.035951256825808645
967314,0.9517561946888229
967315,0.5826415349047491
967316,0.9997365128141287
967317,0.9989490669676494
967318,0.9991832249055013
967319,0.9991537718645314
967320,0.9988517967360342
967321,0.9997683463712503
967322,0.1768530214144683
967323,0.9968007662060112
967324,0.9838798764958909
967325,0.9993864134367784
967326,0.03751694989929327
967327,0.9994995469401398
967328,0.9997273607439435
967329,0.9999698033564995
967330,0.9996866377395217
967331,0.7105346530088761
967332,0.999974306979794
967333,0.9318124629376698
967334,0.9766811702176005
967335,0.8096159747337985
967336,0.15451435771459243
967337,0.1519012009484751
967338,0.007272576425656322
967339,0.9899965792286523
967340,0.24808860248267467
967341,0.21136177439041778
967342,0.9790807685714653
967343,0.1256502000089966
967344,0.9998418103056455
967345,0.11566893999072259
967346,0.9782910251427073
967347,0.9981538781397801
967348,0.9645801025154719
967349,0.9934437243335602
967350,0.999873574017813
967351,0.735893036034742
967352,0.9998198628066726
967353,0.9950905958099356
967354,0.8721004356637636
967355,0.8349500009321082
967356,0.9986611329371557
967357,0.940430350239949
967358,0.4559298598554037
967359,0.9995882200121623
967360,0.9998653479796292
967361,0.4802999148339594
967362,0.9993100914799616
967363,0.6320566147129995
967364,0.9992700779923649
967365,0.16873418074198926
967366,0.04620924549233237
967367,0.5434026491353081
967368,0.129651368496604
967369,0.9996451343488635
967370,0.10555235730754968
967371,0.6901863537789217
967372,0.9998741584963641
967373,0.02699366737835542
967374,0.9996507908132886
967375,0.75816892383219
967376,0.8196863748530077
967377,0.9961833747149379
967378,0.8742161280873033
967379,0.44980717399768444
967380,0.9999838421117107
967381,0.9720116313724102
967382,0.06312855085425084
967383,0.9999773353980415
967384,0.9979463781530246
967385,0.9995098424163447
967386,0.6937932846930235
967387,0.8052632666130368
967388,0.3000282608368943
967389,0.9969317383805323
967390,0.9999143988331956
967391,0.9881205673717598
967392,0.9882345743245912
967393,0.9999173325855515
967394,0.9473389024942134
967395,0.12564841120802356
967396,0.9999285516911578
967397,0.9379396107198741
967398,0.7677044582723844
967399,0.05293102256014376
967400,0.8246928719927129
967401,0.935594914730921
967402,0.9998449798983223
967403,0.9149489864047611
967404,0.7059027862197125
967405,0.7248287589268645
967406,0.011948138617897548
967407,0.9946258223223673
967408,0.6920360101655492
967409,0.9995683596773756
967410,0.8980163357106394
967411,0.8057633542456962
967412,0.9688476258735064
967413,0.9954440067806505
967414,0.9997972767530781
967415,0.9988841243899074
967416,0.00874080134787697
967417,0.9940746482301068
967418,0.9988590591015359
967419,0.9998239865834997
967420,0.9993231502598695
967421,0.7671555058348754
967422,0.999842599764232
967423,0.8376546129890889
967424,0.12357174441441307
967425,0.42482040256676945
967426,0.010587847174579983
967427,0.9997252333890954
967428,0.9813624109962502
967429,0.9997223579554593
967430,0.9998784991573584
967431,0.8541916474458289
967432,0.9293573742463612
967433,0.6116825424308385
967434,0.19006768188491857
967435,0.3187486274385213
967436,0.6902086329507298
967437,0.9999729184268789
967438,0.9738485618075121
967439,0.7273393827413468
967440,0.995632899177203
967441,0.9937585809784111
967442,0.8593734621731176
967443,0.9993737470407467
967444,0.783175084786158
967445,0.0022010381579304523
967446,0.07661801544791691
967447,0.993777613928043
967448,0.9777855077041293
967449,0.74936484030893
967450,0.9998482171436537
967451,0.9975647921898365
967452,0.5839378348199552
967453,0.995668593026137
967454,0.9922486287283314
967455,0.9998904329275276
967456,0.7563693597392642
967457,0.4679018794158717
967458,0.9189771205890692
967459,0.9897225016225156
967460,0.6754937303872484
967461,0.9966600752356738
967462,0.9997396984268198
967463,0.501438726121938
967464,0.9999142815807107
967465,0.9997018988813209
967466,0.8098390746882629
967467,0.7239771982182726
967468,0.47823700995323454
967469,0.8960869710357642
967470,0.020465229546647604
967471,0.16684808781485963
967472,0.37665425193120217
967473,0.8044051046830076
967474,0.74458856912246
967475,0.9999229187225329
967476,0.9897247446622578
967477,0.8227811989762988
967478,0.29613845422391233
967479,0.9874232813846682
967480,0.9958603085862547
967481,0.2646922247962575
967482,0.9999479971620888
967483,0.7055180832325316
967484,0.48937124086061773
967485,0.6945772185865501
967486,0.025192054272934916
967487,0.9994077222107892
967488,0.4392059894072653
967489,0.9754627882000195
967490,0.5251464603353689
967491,0.9991719586791896
967492,0.35570925741571013
967493,0.22070864622377856
967494,0.999979767184174
967495,0.576746259353299
967496,0.9997155436013873
967497,0.04030078755719651
967498,0.9285930758828002
967499,0.7906972061640438
967500,0.9349859733167643
967501,0.1318949934836387
967502,0.2308952108421248
967503,0.33900556849705765
967504,0.9998416271217316
967505,0.970096275128852
967506,0.9941332197043794
967507,0.995249151165178
967508,0.06879184765320412
967509,0.7859082194578024
967510,0.9999283903541134
967511,0.9986673859697338
967512,0.017091765354375857
967513,0.7195542260729388
967514,0.9967592409626514
967515,0.4224548302527986
967516,0.053744921999891476
967517,0.9942659793602227
967518,0.23792863300695977
967519,0.30169865892753017
967520,0.16369491176935794
967521,0.9960955278991782
967522,0.1903323766032534
967523,0.39010459125380526
967524,0.9936425384162333
967525,0.9943801057509701
967526,0.10168498563802032
967527,0.899602627536155
967528,0.07747744878458354
967529,0.03995460889160882
967530,0.817228244671246
967531,0.8310081175156071
967532,0.9164579192268396
967533,0.9987219649031404
967534,0.9988793915895926
967535,0.4782954620506018
967536,0.10304249141423967
967537,0.9998967969904398
967538,0.917765737622023
967539,0.9986946208065496
967540,0.6013835003017657
967541,0.9997629065437451
967542,0.9997415309406713
967543,0.9614882359139878
967544,0.9984348407697509
967545,0.24045852859766753
967546,0.09796044735397258
967547,0.829169130435844
967548,0.9995811994408802
967549,0.9997000913447593
967550,0.21937458674381705
967551,0.994847074877253
967552,0.5421401530969668
967553,0.6030717736978993
967554,0.3139077833516402
967555,0.9964215794365064
967556,0.929115409697616
967557,0.006928779255330527
967558,0.9990918754855133
967559,0.633487799912687
967560,0.9999147176066309
967561,0.9991150804011255
967562,0.9998989723624236
967563,0.01657755333778126
967564,0.5080185094406715
967565,0.9969980187870043
967566,0.9999604811445024
967567,0.9999533500417974
967568,0.8301490308598067
967569,0.048304307460854616
967570,0.9711364811688677
967571,0.9994002449716854
967572,0.008810519915244105
967573,0.007227023345560855
967574,0.2567682962330792
967575,0.9591229514682325
967576,0.9998005080423895
967577,0.863597738632749
967578,0.9998347939890683
967579,0.936424084368179
967580,0.040662488957502775
967581,0.963894996613484
967582,0.999752839314791
967583,0.9998247801359549
967584,0.9993828820959554
967585,0.8426914817229301
967586,0.8780418293288215
967587,0.5872267783868548
967588,0.46941750151326544
967589,0.9996697415511682
967590,0.8091565055460582
967591,0.97105288349598
967592,0.9605633230148831
967593,0.04962135424052294
967594,0.9931318784955161
967595,0.9955711084817119
967596,0.9956031353369317
967597,0.9995563861939774
967598,0.9999033810726121
967599,0.9659182888587854
967600,0.9478050837750425
967601,0.1028818899795753
967602,0.9688328944748928
967603,0.9996338457919939
967604,0.9471997862764798
967605,0.9999718847263712
967606,0.07458286449198515
967607,0.5862746469938254
967608,0.011063661610776961
967609,0.959431379649671
967610,0.34183411023893184
967611,0.9981165101787662
967612,0.30372680923164175
967613,0.3150383616317292
967614,0.9997451499316582
967615,0.9679229798722662
967616,0.7006347400016244
967617,0.9996099136773728
967618,0.9981721815751338
967619,0.955103926804433
967620,0.9970875148298552
967621,0.999396602930992
967622,0.029943273760124598
967623,0.9839003009122987
967624,0.9993584380362421
967625,0.9406015559159899
967626,0.6131452658286716
967627,0.9993852630693428
967628,0.5729319679471249
967629,0.9999850099534469
967630,0.998927886159775
967631,0.05282513705551728
967632,0.8856235793791227
967633,0.8002928233273817
967634,0.7761960790474376
967635,0.9999560411278421
967636,0.8253611979862436
967637,0.9993615148859729
967638,0.21496682532692118
967639,0.8426755186777375
967640,0.9997574074063194
967641,0.644906297784636
967642,0.9949477354288514
967643,0.8470229252604903
967644,0.839000106681148
967645,0.9977365239629207
967646,0.9417401822098843
967647,0.9996527030970908
967648,0.9997984009106592
967649,0.9998971390306172
967650,0.10537539466884045
967651,0.9999860744682014
967652,0.9073379569798519
967653,0.01989012859646676
967654,0.9992305712274779
967655,0.9998205578086721
967656,0.9998208984098343
967657,0.9982359054550765
967658,0.1264470760379537
967659,0.9986974180411052
967660,0.7800552558965683
967661,0.9536790539123077
967662,0.7639630741704253
967663,0.989167120041524
967664,0.9990408891643912
967665,0.9109540735121372
967666,0.01312197766844976
967667,0.9983781810438745
967668,0.991144080531371
967669,0.4858541259717888
967670,0.7710299428103594
967671,0.7771672127430729
967672,0.3512190484410264
967673,0.7685270726834197
967674,0.9990895813038387
967675,0.9994973982676886
967676,0.9999565782000663
967677,0.9985533132305688
967678,0.24063199102101648
967679,0.987221400634396
967680,0.9991753009279789
967681,0.3192502613037367
967682,0.944988267941286
967683,0.5737955322525233
967684,0.02600649613766874
967685,0.9243418028075865
967686,0.7933822823909888
967687,0.8157213595283656
967688,0.9982919363649148
967689,0.3333022188954031
967690,0.741610513077116
967691,0.9599313288441783
967692,0.029094721004213217
967693,0.9999086308997953
967694,0.9997587541009295
967695,0.5748264218821456
967696,0.999709747420883
967697,0.9998884130663301
967698,0.4234164111177378
967699,0.3732562566967223
967700,0.35800396154636954
967701,0.9990353025754795
967702,0.999945371954829
967703,0.9976940023268757
967704,0.9997388141477825
967705,0.9845537636900549
967706,0.9896089406549438
967707,0.9997339478552404
967708,0.9983169769233876
967709,0.483099369713479
967710,0.9911657606657815
967711,0.9994043137387784
967712,0.999985910796328
967713,0.1437682418915038
967714,0.5142492552156444
967715,0.974338142355123
967716,0.030073920385817958
967717,0.1469857272988617
967718,0.38799706794314964
967719,0.681726786332372
967720,0.9994348109589393
967721,0.15058912713919909
967722,0.9594168926771081
967723,0.9999692650287643
967724,0.9998633417257253
967725,0.9419527886651666
967726,0.9989529800110206
967727,0.9723846203221305
967728,0.999844909759054
967729,0.9999543368304221
967730,0.9282295697631937
967731,0.9981454371780353
967732,0.027793824203496673
967733,0.27172374681653294
967734,0.9679266255313641
967735,0.6471324488061593
967736,0.9996932399886436
967737,0.7807617892659316
967738,0.9999892775756924
967739,0.999850038582745
967740,0.5655653116322068
967741,0.9980609402783479
967742,0.45414303620252544
967743,0.9989673015190739
967744,0.9991127423348195
967745,0.7696173929304435
967746,0.7654200411367822
967747,0.9997094930108434
967748,0.09884194996067389
967749,0.9998844639879895
967750,0.6707861443172897
967751,0.8909459146361423
967752,0.9759217093231987
967753,0.9208994750176668
967754,0.9073045122016801
967755,0.15180931390607902
967756,0.039966685716012876
967757,0.8702896374477388
967758,0.05888943988752572
967759,0.9994380291323804
967760,0.675350837616989
967761,0.9995514735692277
967762,0.29195754154511955
967763,0.5345059838544792
967764,0.9997210757639474
967765,0.04375093491427565
967766,0.9992901059615265
967767,0.9839525761670506
967768,0.6960953351405655
967769,0.9959717828368564
967770,0.08031212591950579
967771,0.997626843879685
967772,0.363232571897692
967773,0.9999023831302707
967774,0.8208715732867543
967775,0.9640111734295563
967776,0.09999395605382053
967777,0.773526159084847
967778,0.6194402671336476
967779,0.8164995497048845
967780,0.9983176291980905
967781,0.031512049225466535
967782,0.5890217601233554
967783,0.9996111173045331
967784,0.9997307080633573
967785,0.8052857398723389
967786,0.0828982611798069
967787,0.9593775156947277
967788,0.9996565326154523
967789,0.9765644314587111
967790,0.9967121740079977
967791,0.13111077892659243
967792,0.9608781609276578
967793,0.9230811206375031
967794,0.9433033257606427
967795,0.06274551104846665
967796,0.9998563565867524
967797,0.1649983196132271
967798,0.1654191883024828
967799,0.01852719025430273
967800,0.9987403584090412
967801,0.8312157661848922
967802,0.9916591602441529
967803,0.9148438633140459
967804,0.0345265614732062
967805,0.10744509233165767
967806,0.9481402309856439
967807,0.997344186438673
967808,0.010278233133618633
967809,0.055599841109196996
967810,0.2353374361850328
967811,0.02310349839704872
967812,0.04696312033505118
967813,0.5650036266479057
967814,0.9376657146323075
967815,0.893459310272415
967816,0.4348294134398485
967817,0.039912137151452094
967818,0.996455885331172
967819,0.9632502150422222
967820,0.5117558257493563
967821,0.9996069006587758
967822,0.6419970858208301
967823,0.9977155872433733
967824,0.9971530417172605
967825,0.27786243652664927
967826,0.12612780521476571
967827,0.999989966969349
967828,0.6736140288409123
967829,0.9917605383993547
967830,0.999933664394512
967831,0.999976826897595
967832,0.5592306472683685
967833,0.9949407532006265
967834,0.9991545915439207
967835,0.38907629201345817
967836,0.9962582912926715
967837,0.4255863641143688
967838,0.9364535508664088
967839,0.990312380994576
967840,0.018955813295321235
967841,0.9322092135204086
967842,0.30683689931278335
967843,0.9958229360923451
967844,0.9989430562120344
967845,0.28945816870488006
967846,0.6313186237818168
967847,0.43819032549107495
967848,0.14631003505352408
967849,0.9989212585622574
967850,0.9989952033872318
967851,0.9999764208900488
967852,0.99860685740471
967853,0.7772564056229411
967854,0.999941747115963
967855,0.9523414031593138
967856,0.49147031800227725
967857,0.9999698612638894
967858,0.8935345245929469
967859,0.6017083459690047
967860,0.6033227910577155
967861,0.9207332288729364
967862,0.009464860834684837
967863,0.9976151827452694
967864,0.8165943010694399
967865,0.009583541543310172
967866,0.23314640033992043
967867,0.9887562730172388
967868,0.9994294507913464
967869,0.9998760061423518
967870,0.571929790270259
967871,0.9913532706005582
967872,0.9996544788722882
967873,0.2703830243567987
967874,0.9998354984828584
967875,0.8806046104476231
967876,0.6881482937062613
967877,0.29582157712201035
967878,0.2628999395363509
967879,0.9954523865201296
967880,0.9945072023390203
967881,0.010427520707983093
967882,0.9962933132616694
967883,0.9993305114650217
967884,0.9955809489059769
967885,0.9991842499349627
967886,0.6483932101793703
967887,0.7226227097161683
967888,0.9977434549090807
967889,0.8029618560051677
967890,0.9999275894621324
967891,0.9998494540073681
967892,0.9963114949677908
967893,0.044639945342153244
967894,0.9986621654216112
967895,0.9987988827985412
967896,0.011089301251132645
967897,0.5940084287684156
967898,0.04166670774156573
967899,0.9998763919815159
967900,0.9958758196079863
967901,0.05440438485747871
967902,0.9216662038173442
967903,0.12143937172202834
967904,0.8110235536650167
967905,0.9714449700316945
967906,0.07539150539344941
967907,0.9965975346282093
967908,0.9650096536587998
967909,0.9987353533071001
967910,0.9999512584329447
967911,0.8514490561186419
967912,0.676806861469545
967913,0.4350002057420889
967914,0.044969835442050084
967915,0.6644558630644276
967916,0.9091740271269061
967917,0.9965014225140778
967918,0.7185348163573669
967919,0.9993497448203136
967920,0.9876362017687884
967921,0.9997945824005583
967922,0.7571289993894399
967923,0.9426095351744548
967924,0.9977403842617127
967925,0.9919577717880745
967926,0.9367712846867576
967927,0.07412963080082763
967928,0.8515334153964729
967929,0.9995902449321276
967930,0.9799835202571736
967931,0.9954610947271085
967932,0.8048046649242082
967933,0.1126854324167367
967934,0.9999174241109157
967935,0.1593940354405799
967936,0.963947376826845
967937,0.011940164247284005
967938,0.9999784526914371
967939,0.9953991086736029
967940,0.9995948748494153
967941,0.999505907658194
967942,0.9999183631820149
967943,0.9931081753108962
967944,0.9806203100024973
967945,0.9997953757479752
967946,0.99998106605228
967947,0.922658661200519
967948,0.6235637622685615
967949,0.7761710575475732
967950,0.998930741052592
967951,0.9052488875073357
967952,0.9994635633660738
967953,0.999754481264732
967954,0.998949224036271
967955,0.4272973546766177
967956,0.9993460555441668
967957,0.8649704434028658
967958,0.9730616914288361
967959,0.9967179223884375
967960,0.9858062686227449
967961,0.7429239354045037
967962,0.9999336894702207
967963,0.9173684726545022
967964,0.91325432864183
967965,0.999693466736449
967966,0.9996031645945884
967967,0.9803158944668116
967968,0.0014040459734096648
967969,0.8322928163868212
967970,0.9989785484121447
967971,0.02848361510272214
967972,0.9999678410560218
967973,0.2474486905544473
967974,0.9999943852884705
967975,0.8770826855682726
967976,0.452282265022229
967977,0.9997730826670761
967978,0.03992566813476853
967979,0.20068583957788544
967980,0.004109373244383382
967981,0.9999844178179095
967982,0.2066188901704679
967983,0.6743142667106583
967984,0.9984520769897185
967985,0.99661104278876
967986,0.9999631922595266
967987,0.9999965193817779
967988,0.32948334168736093
967989,0.03033573709694786
967990,0.9998084539066838
967991,0.8856553048384499
967992,0.9999614017006551
967993,0.8841241700362306
967994,0.46412255499192845
967995,0.038172554089212524
967996,0.999731648834185
967997,0.019553740984200547
967998,0.8979133909084415
967999,0.9999826589711207
968000,0.0663460884890737
968001,0.9990066541011593
968002,0.9975461892213562
968003,0.09949522993809123
968004,0.8527169840571189
968005,0.9679609678904348
968006,0.9999026019527579
968007,0.024605473266307847
968008,0.4842041935056528
968009,0.2333257502147485
968010,0.9993942344706659
968011,0.9998246663870602
968012,0.8489489209074926
968013,0.9999194329491219
968014,0.9540352309341679
968015,0.9996342414854824
968016,0.2203042934075557
968017,0.7254837514768862
968018,0.03223861824698765
968019,0.028232361556187663
968020,0.9998242532991912
968021,0.5035547033635362
968022,0.9998982719254395
968023,0.968248030905479
968024,0.5838322354260569
968025,0.7421603769037052
968026,0.014043955376501395
968027,0.9951698641603016
968028,0.6792885157977819
968029,0.9986069098338808
968030,0.9791042953133018
968031,0.9814743054922859
968032,0.9999093701203146
968033,0.3739522468622316
968034,0.9998769653789916
968035,0.9783633128555554
968036,0.9859765300522982
968037,0.5958788176027994
968038,0.28381936254851386
968039,0.832079711696403
968040,0.27409822580152643
968041,0.04148469911817811
968042,0.1320327045267134
968043,0.3347284671717109
968044,0.6356986558792809
968045,0.9999259886828198
968046,0.9964987876938692
968047,0.581696565094021
968048,0.9333054834401355
968049,0.4507875528580222
968050,0.9806280044127113
968051,0.20153797791717845
968052,0.7247610693178437
968053,0.9961626168570203
968054,0.9997716215362937
968055,0.03892474277874875
968056,0.9999546146309803
968057,0.4169513508718147
968058,0.9998384059256797
968059,0.1948642557684217
968060,0.15944278332629905
968061,0.6258273580788367
968062,0.5032135524783707
968063,0.9997957825966031
968064,0.9971416957958699
968065,0.9995374410059377
968066,0.15401640742740422
968067,0.9479404247593761
968068,0.9235668880781731
968069,0.998454523004131
968070,0.08653413580918727
968071,0.8392165551917903
968072,0.9999852726006497
968073,0.9778534221522395
968074,0.7696840116732038
968075,0.9999743379682579
968076,0.9964974277410925
968077,0.9351661131189748
968078,0.6310222939877035
968079,0.9210147594474871
968080,0.9703982073633546
968081,0.03568771976703423
968082,0.9937236993787517
968083,0.9777715708014587
968084,0.9608281719811295
968085,0.944992325723284
968086,0.9800695440863728
968087,0.10639661946118359
968088,0.9939333458051577
968089,0.02453388490575563
968090,0.9933276098983332
968091,0.3416514100908661
968092,0.9996100046214411
968093,0.9991733126774921
968094,0.9012516744248512
968095,0.9997839394032215
968096,0.9871149042347327
968097,0.7398000112103905
968098,0.8244152951281434
968099,0.9862934059840194
968100,0.04908858250487581
968101,0.9934756536902571
968102,0.9999775689100803
968103,0.9882127079584881
968104,0.9999064612634481
968105,0.9958430201883772
968106,0.6596857426611624
968107,0.7935419286175083
968108,0.9988348699524847
968109,0.486630313745852
968110,0.08282052349635725
968111,0.9990439833847912
968112,0.3940403023536056
968113,0.8450756801484135
968114,0.4369793041602128
968115,0.8690867063320036
968116,0.987857994301057
968117,0.9999345549017989
968118,0.0031282641760213177
968119,0.01641012425656888
968120,0.8903629090562821
968121,0.06928977655394963
968122,0.8548818990070537
968123,0.9999705856892656
968124,0.9997543489344638
968125,0.5943472932940574
968126,0.9998681793572698
968127,0.999281630524687
968128,0.06403326284416526
968129,0.4864634017069738
968130,0.021166068128237063
968131,0.9998553494091007
968132,0.9999912522153287
968133,0.9899787340901781
968134,0.8488212950620602
968135,0.05355841170671368
968136,0.7143917303304204
968137,0.38932155673061586
968138,0.9991308992261
968139,0.29918813883413314
968140,0.8873045858708125
968141,0.4849001720498418
968142,0.9998752567271044
968143,0.3038730642853214
968144,0.9993772646069788
968145,0.1558861841009534
968146,0.012150335143742565
968147,0.3272024915202624
968148,0.931352720650708
968149,0.9984020554532083
968150,0.2891841168329395
968151,0.9996379837387469
968152,0.005495269706998989
968153,0.3588892922754459
968154,0.8560923479422873
968155,0.9438889165011035
968156,0.9909566975745063
968157,0.9979954778994387
968158,0.9639635681604528
968159,0.5559580023038568
968160,0.6273278612638624
968161,0.9790503645334192
968162,0.9993894923020873
968163,0.9995400492353241
968164,0.9933435296477857
968165,0.9975904839321967
968166,0.4625846303441812
968167,0.9976071511997717
968168,0.9612549152067751
968169,0.8776519325512807
968170,0.9200145394513815
968171,0.9979364592109986
968172,0.8277678853122253
968173,0.43217689715272894
968174,0.6013785547670646
968175,0.3844945186533012
968176,0.1051137168002518
968177,0.5275943998951171
968178,0.26219282595919574
968179,0.999813860555428
968180,0.9997738231969073
968181,0.6965131131592861
968182,0.9956010959146909
968183,0.5487516574669447
968184,0.549997314895893
968185,0.999992787509943
968186,0.9995284813540066
968187,0.04596589387644098
968188,0.18905387979864052
968189,0.028480761650410975
968190,0.9985989397409453
968191,0.44920591243167274
968192,0.9999171863297801
968193,0.3117706397693487
968194,0.6799556633270183
968195,0.9999675755287243
968196,0.9999060271336526
968197,0.8449835239244461
968198,0.780024807892053
968199,0.9998326962876729
968200,0.9447760232647131
968201,0.9985598394576762
968202,0.9252638655450103
968203,0.7055031500367688
968204,0.9999516750954616
968205,0.9999493374246796
968206,0.998075899514597
968207,0.9970071990305791
968208,0.9922968696522052
968209,0.10285063667503329
968210,0.8990898911045567
968211,0.9999875328427208
968212,0.7760287872757895
968213,0.50817172868853
968214,0.9835352959934551
968215,0.967522926259933
968216,0.4307730369556586
968217,0.03894361543018033
968218,0.3656408852861749
968219,0.031100765764610436
968220,0.9998367859427473
968221,0.9995627910368123
968222,0.9931026180639488
968223,0.9997265970221612
968224,0.9649167435482611
968225,0.9997928836480758
968226,0.9601142903812626
968227,0.3431797608658862
968228,0.9998214219764926
968229,0.0012085906410957117
968230,0.999979499301083
968231,0.012267688648255452
968232,0.9972023995247727
968233,0.9997192505848951
968234,0.5431863142330197
968235,0.9903595751407527
968236,0.9997725413341356
968237,0.9997245737942134
968238,0.9922743483000543
968239,0.0287865350369126
968240,0.9975871589681069
968241,0.38114006495589303
968242,0.9996053652490563
968243,0.6820085901911942
968244,0.5263078024974456
968245,0.7306474105856838
968246,0.9868536693204496
968247,0.9957039660601267
968248,0.9997003798223323
968249,0.12005972910145478
968250,0.8492099685367324
968251,0.3672556194372812
968252,0.10207711086154532
968253,0.9999919599293673
968254,0.9789702046344648
968255,0.12074386173584023
968256,0.9998002841061233
968257,0.9808389838682192
968258,0.22050398848960812
968259,0.20750965670570024
968260,0.20923798303283736
968261,0.40128306159418253
968262,0.9940451322940922
968263,0.999246547291605
968264,0.527878369556813
968265,0.7894976826044757
968266,0.3597358671607425
968267,0.9981875062685088
968268,0.11682596201757792
968269,0.96331399863265
968270,0.9854935509328904
968271,0.22018872976838227
968272,0.9973879752212015
968273,0.7317958269248164
968274,0.007390610961333592
968275,0.9983412910251075
968276,0.1008993511067055
968277,0.9990114491310171
968278,0.37538146200808997
968279,0.4722799118817701
968280,0.9996984344277877
968281,0.979437860430199
968282,0.8710182252617017
968283,0.9998112008855031
968284,0.9998496606703224
968285,0.9404186249164446
968286,0.22975071647000972
968287,0.13205647112873287
968288,0.9958714620026348
968289,0.7937011141833092
968290,0.9691954898685388
968291,0.9430429816023198
968292,0.5935015686177623
968293,0.22397156106149907
968294,0.9997637759931886
968295,0.9917148018902608
968296,0.9998692820757241
968297,0.999733512802242
968298,0.08958232990416003
968299,0.11777984791985704
968300,0.9966327844904683
968301,0.9948331272729903
968302,0.9086110329915246
968303,0.5039908851363067
968304,0.7776746895873223
968305,0.9995914084161666
968306,0.2797431849014314
968307,0.08353191622940553
968308,0.9998011103237052
968309,0.9714292965623916
968310,0.9999723662185418
968311,0.9993855806953594
968312,0.9879962548594321
968313,0.9995611087728412
968314,0.9753050796207495
968315,0.996338506753304
968316,0.9998213149405728
968317,0.03778579138481851
968318,0.999639889181822
968319,0.10088942054139381
968320,0.09719740554243242
968321,0.9992415292644934
968322,0.9998679034823772
968323,0.1977556585233831
968324,0.6891688114611736
968325,0.998386892065626
968326,0.9999434013550669
968327,0.3634751197151353
968328,0.9997666771706318
968329,0.9910391045680209
968330,0.7243307070424001
968331,0.9972927319851235
968332,0.27987918462731787
968333,0.9956829070350204
968334,0.9450516337741149
968335,0.5038935600606008
968336,0.03167117364664342
968337,0.950546459315363
968338,0.9999912284013712
968339,0.7581308282475874
968340,0.0687197915062659
968341,0.9994997201897244
968342,0.9992152091883282
968343,0.5629688722193403
968344,0.9989778580800368
968345,0.999989197494964
968346,0.5815878020316151
968347,0.9995548107175954
968348,0.9918573694670689
968349,0.8929723168376815
968350,0.026509918180056255
968351,0.9998054493987988
968352,0.2967287878182455
968353,0.00962904444052765
968354,0.9702676095537983
968355,0.9559304393985422
968356,0.005819377371478919
968357,0.8444610337348033
968358,0.3229640891034693
968359,0.03971618806590871
968360,0.9941482264208072
968361,0.9992609614508237
968362,0.9935780357486572
968363,0.9999510958585186
968364,0.22878644613620747
968365,0.7636179201484299
968366,0.7187220022666784
968367,0.9992441841304316
968368,0.9996084815485953
968369,0.8176061693689972
968370,0.4045495629449094
968371,0.002595684616201935
968372,0.16766017185758675
968373,0.9174068526442154
968374,0.4888453643370716
968375,0.321868196516078
968376,0.9996397998788116
968377,0.022453048746113886
968378,0.6314290227815533
968379,0.99952830926248
968380,0.9826714431117056
968381,0.9999940076143898
968382,0.203749664758543
968383,0.9995202296950226
968384,0.999777925855448
968385,0.8845725017852227
968386,0.9997645377805088
968387,0.9770828419977904
968388,0.4881333303554717
968389,0.02914776835347739
968390,0.7154808901100209
968391,0.5887309713615322
968392,0.7534453772046402
968393,0.597976834307608
968394,0.9463608613523131
968395,0.07062330990013442
968396,0.9978597883272979
968397,0.893249767695365
968398,0.9595367471536106
968399,0.9777376229317233
968400,0.6014507486186957
968401,0.8689908895699199
968402,0.7990234460745711
968403,0.9859724901272244
968404,0.8838600267972643
968405,0.6527100494753559
968406,0.9917320798636517
968407,0.9963796258285406
968408,0.9999618355813615
968409,0.5511532226912266
968410,0.9843901471252741
968411,0.3367574428867406
968412,0.9999846639736878
968413,0.7307532210649427
968414,0.9998666421156676
968415,0.4727837507029494
968416,0.39628472452309604
968417,0.8993461809163622
968418,0.9998669053670348
968419,0.9996196807120785
968420,0.9972223874312426
968421,0.9998335109985844
968422,0.9945312712720159
968423,0.9910438689834371
968424,0.8892685490143093
968425,0.9991942543821424
968426,0.998777830464084
968427,0.9081530529285529
968428,0.3948945438310062
968429,0.9997954643147012
968430,0.3280126037692168
968431,0.9996623708535447
968432,0.914934992552682
968433,0.9997943078215302
968434,0.07313736316885441
968435,0.9995407822143652
968436,0.9974737265816945
968437,0.5366185974537362
968438,0.999166261671609
968439,0.29373102311797505
968440,0.7729527069938222
968441,0.9201293999614819
968442,0.9902578369249462
968443,0.012431271787554432
968444,0.9993833932109711
968445,0.9998913591588844
968446,0.8191538534624893
968447,0.9999560737106561
968448,0.0025364912371015846
968449,0.9978581987538985
968450,0.9683246516816368
968451,0.4350208663923532
968452,0.2940894767525897
968453,0.8220604593582681
968454,0.944526166432988
968455,0.8321706004153999
968456,0.9999230693714644
968457,0.9984984152867517
968458,0.9907096630523711
968459,0.9533979075529756
968460,0.9985437747551872
968461,0.988935699328359
968462,0.8485836833648708
968463,0.9698051145287214
968464,0.9987298260905455
968465,0.5174073316121575
968466,0.9462597798379696
968467,0.9964667951504798
968468,0.9999336452806351
968469,0.6731566706875793
968470,0.6364428766968202
968471,0.19956360201962192
968472,0.395250549500068
968473,0.027150091907072273
968474,0.7787116326822232
968475,0.8292378805011035
968476,0.9195437530531657
968477,0.9999695652034808
968478,0.49030574363860374
968479,0.9999120600268048
968480,0.6082335658229133
968481,0.20792984365424705
968482,0.9999117080136997
968483,0.22826984886034607
968484,0.9995565680730435
968485,0.9971491664801657
968486,0.9995750788536035
968487,0.9943728585593891
968488,0.18583154456541032
968489,0.9996348906787391
968490,0.9995381226112164
968491,0.003790859550345835
968492,0.9949640780075055
968493,0.41922706181453334
968494,0.9979222584816849
968495,0.1134544706877678
968496,0.03565122422238241
968497,0.9984589628852893
968498,0.9999452236077453
968499,0.13341587282848785
968500,0.9949682231140433
968501,0.9999149193246544
968502,0.8893995476290673
968503,0.14874239666865935
968504,0.9999782614064553
968505,0.9999536805576916
968506,0.9995308729120567
968507,0.3507043355966889
968508,0.9999578096147765
968509,0.9787905831518462
968510,0.3376785017466606
968511,0.5944792260976202
968512,0.15945139282816218
968513,0.3164036370763505
968514,0.2551336612752665
968515,0.9958211816105571
968516,0.5849489032887193
968517,0.9999747321655426
968518,0.5902979537813386
968519,0.9990839937010966
968520,0.8588907834272663
968521,0.5674341535688654
968522,0.9997127554252209
968523,0.9984561114832163
968524,0.9992286555390836
968525,0.157638499564401
968526,0.7994243232820857
968527,0.7973061337452337
968528,0.4802792597766977
968529,0.9894012302966744
968530,0.9999767284297617
968531,0.02648190791379617
968532,0.99930740335829
968533,0.5028420418924855
968534,0.0890657362627472
968535,0.9796714873599865
968536,0.021609765319469076
968537,0.9994701755375619
968538,0.9962105297414612
968539,0.7306269415191101
968540,0.9997990976458292
968541,0.2449739536797631
968542,0.999754385971225
968543,0.980695394256679
968544,0.4764026178459112
968545,0.9993230274119006
968546,0.1964253281991696
968547,0.46557985115748723
968548,0.06874961191223374
968549,0.0027736851818662522
968550,0.2069370523405464
968551,0.8604058755155171
968552,0.9998608724568856
968553,0.9893977688880748
968554,0.04809831006194161
968555,0.03835509164573801
968556,0.9993998572180538
968557,0.9994468834224007
968558,0.04355683237577675
968559,0.9990000114579638
968560,0.9223815794107927
968561,0.9445687531355523
968562,0.9999143902836036
968563,0.9993635318247787
968564,0.9999378719061102
968565,0.8254201978417598
968566,0.24469605028503494
968567,0.9869198079523968
968568,0.9950489789453568
968569,0.999974340173867
968570,0.9967055965732302
968571,0.9997992233147465
968572,0.8080727640257865
968573,0.7437574429286792
968574,0.974326667594237
968575,0.7545561290144686
968576,0.8348034618630085
968577,0.9994274213870113
968578,0.9758348039236262
968579,0.9994352946529048
968580,0.7455989154707422
968581,0.9930144020258844
968582,0.8585552824739529
968583,0.9996294107290172
968584,0.4215214171480883
968585,0.9993950417324029
968586,0.9108491195627384
968587,0.9994599337380905
968588,0.992005838255023
968589,0.9913487479366861
968590,0.9998989558272882
968591,0.9989945864489648
968592,0.9998131631933798
968593,0.7661253566938357
968594,0.8791508484368028
968595,0.40598369745477175
968596,0.45473326578544976
968597,0.8524471757462551
968598,0.19344896406149842
968599,0.4423903883469574
968600,0.32927723407912124
968601,0.03219001832024281
968602,0.9999591071148158
968603,0.9827004015788812
968604,0.5909733054747223
968605,0.999796626220659
968606,0.9406003918400818
968607,0.7318045133709211
968608,0.9800255370204141
968609,0.043369178508608164
968610,0.9922585711148604
968611,0.970139481629571
968612,0.9993548460783344
968613,0.4014304805940495
968614,0.28123950065667497
968615,0.9282852011659857
968616,0.9554470455208114
968617,0.9990447068515045
968618,0.996122043086193
968619,0.9961928411643938
968620,0.8467315292602616
968621,0.7073819500192973
968622,0.8774423059360787
968623,0.9996940748672917
968624,0.998596144824471
968625,0.991375631419731
968626,0.9999506012556775
968627,0.7284192107039579
968628,0.3375127014618209
968629,0.9631484577630556
968630,0.9976344508251933
968631,0.9956300775182076
968632,0.9990488339307346
968633,0.017154435633339987
968634,0.9993997745646688
968635,0.4598544598291042
968636,0.8947706265772353
968637,0.9903876314818465
968638,0.9997904820136899
968639,0.4629745000438051
968640,0.7833346418963578
968641,0.8766864620325927
968642,0.11697118784748757
968643,0.9736946932182949
968644,0.12147310341994594
968645,0.9994800040255423
968646,0.2752102302971903
968647,0.2599118885586543
968648,0.25175013150168213
968649,0.2802512277766898
968650,0.3148855787315003
968651,0.021853169937497953
968652,0.9997794349450246
968653,0.1932092412128032
968654,0.1944248797093157
968655,0.6443690599710263
968656,0.4234474831347884
968657,0.9982114821497527
968658,0.1968469898026482
968659,0.9437227152584076
968660,0.4122803365165606
968661,0.9439058748861507
968662,0.035066564696338384
968663,0.999178343349802
968664,0.9983213650792897
968665,0.006863392478408671
968666,0.9982394202372582
968667,0.9991326757616019
968668,0.9997496052830693
968669,0.9998717878018233
968670,0.999976792588692
968671,0.9965255794876176
968672,0.8006832240312987
968673,0.0035566642560710617
968674,0.45951402578769834
968675,0.988779429192763
968676,0.9994300455426939
968677,0.048335344737194086
968678,0.9958649962001385
968679,0.9954260645671497
968680,0.5402011072728963
968681,0.9996217419386639
968682,0.9806920343690337
968683,0.9546495455435328
968684,0.9598889533014108
968685,0.11323264872784825
968686,0.9991017960333157
968687,0.7520594428884655
968688,0.9487659690694241
968689,0.8901517658347172
968690,0.7933539681927693
968691,0.917400085930516
968692,0.9997930572673448
968693,0.9975451501568073
968694,0.27085757802572524
968695,0.03902035111667379
968696,0.9987414794033797
968697,0.9118721471822475
968698,0.9971161664189329
968699,0.5816991888955629
968700,0.302512358257692
968701,0.9995734492012356
968702,0.9536542754252668
968703,0.5906997645841487
968704,0.9728029396072371
968705,0.9903202936531199
968706,0.9998967231580014
968707,0.1438695193620636
968708,0.420156679563177
968709,0.06062066239813628
968710,0.9267448959832116
968711,0.9999577168623739
968712,0.9753376628443473
968713,0.9994537880022974
968714,0.3855726543347303
968715,0.7462274079697381
968716,0.9548849463112361
968717,0.02956581702094694
968718,0.2008294184081728
968719,0.9982113816474344
968720,0.9999708820135673
968721,0.4939800027271055
968722,0.896133824010587
968723,0.41999276397537727
968724,0.9941137115181249
968725,0.9903920761888625
968726,0.36462567811713914
968727,0.3763785667802395
968728,0.8316499922823031
968729,0.9999017772949732
968730,0.15787469226075365
968731,0.999535528481284
968732,0.020203399223240364
968733,0.4374858161760739
968734,0.03790023626140423
968735,0.6591596627216377
968736,0.0606597864270469
968737,0.11441196228820387
968738,0.9987936127936203
968739,0.9999409866863247
968740,0.29129152573645
968741,0.7604658754823116
968742,0.9985057113461134
968743,0.9993083574186202
968744,0.999950878885843
968745,0.9997813870569155
968746,0.9996666448551719
968747,0.1040198876060354
968748,0.9757220330420182
968749,0.9806603741108542
968750,0.053035767287598304
968751,0.9991656152605868
968752,0.999526876918543
968753,0.032117651289249996
968754,0.9709468276141353
968755,0.9996364405583087
968756,0.30272610550769774
968757,0.9956889321819722
968758,0.16083399847251872
968759,0.9999734941619117
968760,0.9988740825117586
968761,0.9997829735720025
968762,0.9996991151726814
968763,0.9994828547293487
968764,0.6925503742246011
968765,0.9829645057248075
968766,0.6090283760830648
968767,0.9903784822466797
968768,0.9939536803031439
968769,0.9422676375607885
968770,0.999851152505252
968771,0.7572642921068611
968772,0.9999389484819603
968773,0.21128636728162176
968774,0.617523360391661
968775,0.6288484112873687
968776,0.9995469146046595
968777,0.9994330012505759
968778,0.0009685591261788132
968779,0.07401395941845751
968780,0.8134679599922571
968781,0.9922397180657644
968782,0.9995811638661543
968783,0.0037642774854548125
968784,0.0626336121737448
968785,0.2908569935550955
968786,0.9981068438196566
968787,0.3745332189072185
968788,0.9972826967280134
968789,0.9998904894922497
968790,0.8736121286513492
968791,0.999918271171394
968792,0.9032580517041287
968793,0.17750833420252257
968794,0.40003526978078346
968795,0.25911554134509746
968796,0.49887203844574296
968797,0.9995067279772538
968798,0.9996267678189
968799,0.998869223963448
968800,0.9989205841992567
968801,0.9998164963488382
968802,0.9686164043181835
968803,0.3430140632086848
968804,0.10729391834852214
968805,0.9807709770590423
968806,0.39183019394462254
968807,0.1691259484024057
968808,0.7456953196421702
968809,0.9997218973668391
968810,0.73027809769091
968811,0.9867481193748686
968812,0.90476083682185
968813,0.11450811253651083
968814,0.28994740563101457
968815,0.029073232174694166
968816,0.9999201976767559
968817,0.9991793264190479
968818,0.5085730540401268
968819,0.4888565069878664
968820,0.9980499082814477
968821,0.3115121114034119
968822,0.47840731995063734
968823,0.9999364396028143
968824,0.7412108448259971
968825,0.0936784961571382
968826,0.33124725266195065
968827,0.0301282644346064
968828,0.8879861866235776
968829,0.5700122073735059
968830,0.10016721702298115
968831,0.9998683929572634
968832,0.9911668372648224
968833,0.2824776197782571
968834,0.8234682263681874
968835,0.3511578200764106
968836,0.7644453273422812
968837,0.4865264351101073
968838,0.9998793378452254
968839,0.19986666798270908
968840,0.7531208849817075
968841,0.028130148722033406
968842,0.8913713830971397
968843,0.9987103070594754
968844,0.999712363133266
968845,0.685430797322675
968846,0.19532118363537437
968847,0.7651452988361456
968848,0.08576538843516872
968849,0.9999105991061741
968850,0.028253947937548228
968851,0.1654280364056479
968852,0.997989420867753
968853,0.4334243501284676
968854,0.9998619794236137
968855,0.040132102117303045
968856,0.995892844296292
968857,0.7251585397993301
968858,0.008803435311081468
968859,0.9697671899365531
968860,0.8550426141043563
968861,0.4277664891592168
968862,0.492256909266882
968863,0.9923825433145711
968864,0.5533187416863667
968865,0.948904134920284
968866,0.9998287754550254
968867,0.013017111981509101
968868,0.9896877617618846
968869,0.9765594889743707
968870,0.9947693743945911
968871,0.99624257694511
968872,0.9994369026471985
968873,0.19026488640374545
968874,0.08219942775581929
968875,0.9999890358609689
968876,0.9996120593447991
968877,0.995017353945692
968878,0.9992322631570172
968879,0.7578626918883644
968880,0.6978432853538097
968881,0.9947615979595816
968882,0.02900458989787382
968883,0.9999552715598106
968884,0.9304345748369789
968885,0.99223588974979
968886,0.9993964941072884
968887,0.9997672116550974
968888,0.9992528711696735
968889,0.9787195413426726
968890,0.9750288434570916
968891,0.999644916231849
968892,0.02415971756457124
968893,0.023123085302610542
968894,0.9355293017774217
968895,0.471576629060985
968896,0.27513679937720437
968897,0.9996877588209415
968898,0.9999598327415935
968899,0.24160290574652754
968900,0.9998508080796338
968901,0.9984858994521049
968902,0.9976156728239391
968903,0.04377104602202556
968904,0.347189733426224
968905,0.880823721384173
968906,0.778819615103016
968907,0.9685243742602687
968908,0.11182546634048006
968909,0.9817249782282075
968910,0.020348369552500065
968911,0.7115836080046364
968912,0.9996429835190417
968913,0.9996727611723402
968914,0.999968166555179
968915,0.43129676603508055
968916,0.9265901490881292
968917,0.46773023090985355
968918,0.992349456524621
968919,0.998601865486191
968920,0.07130825670553703
968921,0.9998829533935923
968922,0.01712365014468535
968923,0.946439964212219
968924,0.9998617887946933
968925,0.9996225171961197
968926,0.9980075938918853
968927,0.9153787845171192
968928,0.999947832398383
968929,0.8971081670007311
968930,0.9967055076077542
968931,0.0548482762543591
968932,0.6645839246921051
968933,0.9991178184421756
968934,0.16780498092699067
968935,0.3965118267606967
968936,0.9997950068704241
968937,0.04258683086612068
968938,0.0799708181004424
968939,0.9998995124242918
968940,0.7004519263258504
968941,0.9919613985297699
968942,0.6053259175849278
968943,0.9986163321767811
968944,0.9989345774005476
968945,0.9635592416223766
968946,0.9926849179279529
968947,0.9999303559533034
968948,0.5384247636035775
968949,0.999861455666115
968950,0.6374805425892507
968951,0.9999817025867677
968952,0.08731938381477089
968953,0.3088104509399683
968954,0.9870338557059268
968955,0.9999027075259672
968956,0.5614027426314753
968957,0.5144455638731645
968958,0.999963306137008
968959,0.3656296401422172
968960,0.9099677696646122
968961,0.6981162372241154
968962,0.6054791256577614
968963,0.9949628052606042
968964,0.6082642829695498
968965,0.4786531646231051
968966,0.6764802744950966
968967,0.8905910552959514
968968,0.990512661845003
968969,0.12076946130608682
968970,0.9999808376511949
968971,0.9948414547652397
968972,0.013935942687056354
968973,0.30690925078963605
968974,0.022149439609913446
968975,0.9766749167944048
968976,0.9999542722744514
968977,0.571987900723647
968978,0.9965900485070794
968979,0.08729769867714754
968980,0.9999684720652884
968981,0.8096714695923155
968982,0.5902583046319931
968983,0.44247324391958487
968984,0.9997522439870521
968985,0.8210839731854647
968986,0.9486330376099487
968987,0.5085659030154153
968988,0.40043909800429023
968989,0.9993715789231857
968990,0.9898696321377953
968991,0.40311328837260596
968992,0.9998834706959461
968993,0.4994993156176277
968994,0.7819144250850215
968995,0.8090455674093929
968996,0.05838142483626131
968997,0.8855049399653642
968998,0.8724045644147331
968999,0.9999805096389186
969000,0.0361086954960084
969001,0.985133856388777
969002,0.27913482111642157
969003,0.989800368590372
969004,0.6543709828788624
969005,0.4094663883090171
969006,0.7977971665318907
969007,0.9851077234780696
969008,0.27506723154370777
969009,0.9999348519471519
969010,0.998424515218134
969011,0.9989204784844702
969012,0.9999601231143422
969013,0.9993922016540371
969014,0.07688109858681953
969015,0.18935985305065095
969016,0.9995081624712312
969017,0.3927811549456188
969018,0.9763340498964528
969019,0.00562835902704515
969020,0.8117453401365721
969021,0.9811157059457227
969022,0.808140329850473
969023,0.5266806646123154
969024,0.999041697680748
969025,0.916103293794905
969026,0.9999172111620505
969027,0.9999812663471532
969028,0.16334793398045702
969029,0.3956392244143887
969030,0.9995542826794743
969031,0.9985153280702705
969032,0.999526109201877
969033,0.9990413466277617
969034,0.9997830479682321
969035,0.9995793231537762
969036,0.1434188122281794
969037,0.781775297887108
969038,0.3182716472325852
969039,0.051622959731745084
969040,0.9992164402848824
969041,0.6097715342563894
969042,0.03541053364924211
969043,0.9927799919273347
969044,0.07168759087923371
969045,0.0403476858687903
969046,0.9753436022177585
969047,0.9993930678228699
969048,0.08501271077377649
969049,0.9991386406169971
969050,0.6979110101650647
969051,0.9993194153428238
969052,0.9983796326305001
969053,0.9996480430731269
969054,0.9996706402686029
969055,0.04631409501670131
969056,0.026004906604409787
969057,0.9556904083802344
969058,0.989545441642962
969059,0.9989950359871308
969060,0.9952963763350521
969061,0.48522834872930243
969062,0.9990655990193548
969063,0.9998381168261636
969064,0.9999200151681991
969065,0.9994510307065613
969066,0.9996941537723599
969067,0.6404576850472696
969068,0.6924412020221655
969069,0.8448914215749521
969070,0.9981192728799588
969071,0.9293967906601172
969072,0.9611531945475777
969073,0.6323278431083844
969074,0.9989733821742749
969075,0.4698799610615492
969076,0.9999461797536263
969077,0.7476959091942084
969078,0.7880203069969501
969079,0.13548573643754788
969080,0.9502910573419038
969081,0.9999663073675642
969082,0.5854463126307697
969083,0.5340575364189173
969084,0.9999858752255768
969085,0.9998793557957835
969086,0.029237998036884875
969087,0.9999212339955506
969088,0.5467378542510597
969089,0.6887373261950746
969090,0.9976895200887035
969091,0.9999783462603822
969092,0.999848469840229
969093,0.9471736262404662
969094,0.9910837236557665
969095,0.9996456211204567
969096,0.9880075817952462
969097,0.9994422908730333
969098,0.0010687760404027777
969099,0.9446300478795211
969100,0.9591347703390408
969101,0.8988422116400292
969102,0.1598573177948712
969103,0.5970764283588559
969104,0.9893280142608294
969105,0.5658697058938008
969106,0.4289123256629209
969107,0.9997311407537537
969108,0.9997462139570791
969109,0.3492626015922527
969110,0.7870462212667125
969111,0.9887597983496821
969112,0.06047225126172858
969113,0.9959919310470883
969114,0.9998319358401356
969115,0.9999396323964037
969116,0.16951969062600328
969117,0.9803206083529962
969118,0.34995841426078106
969119,0.9966742881386339
969120,0.9994311910925828
969121,0.999098318536355
969122,0.5133982246037462
969123,0.9939762682455199
969124,0.4416340018626783
969125,0.9981503341873288
969126,0.999984231136144
969127,0.9999280900240075
969128,0.9997734451294962
969129,0.6698720377640898
969130,0.09642229917574738
969131,0.6342362242568893
969132,0.9996296292476374
969133,0.5440731891522202
969134,0.4479362078779723
969135,0.919267472613581
969136,0.4927508604219676
969137,0.7969237854100444
969138,0.572482144215203
969139,0.9961827551705753
969140,0.6814988865256275
969141,0.5135121741648253
969142,0.9740321701919024
969143,0.4565473167538142
969144,0.9979548392389824
969145,0.020231018733167707
969146,0.999061538968083
969147,0.8538381358057947
969148,0.003072910752802206
969149,0.9978902798480516
969150,0.8999891137223985
969151,0.9994875597200821
969152,0.907700354162202
969153,0.9999251483538928
969154,0.9939188657358606
969155,0.3179164012182161
969156,0.06262348416262954
969157,0.9972044435131353
969158,0.4294338619041255
969159,0.024110806450381186
969160,0.9769295794364135
969161,0.9999393415854702
969162,0.8996403544849828
969163,0.9999253421521567
969164,0.6788487234326968
969165,0.9991543599309276
969166,0.4020959713581458
969167,0.9998782549731766
969168,0.33772145480848353
969169,0.9990544725979513
969170,0.9991246571910828
969171,0.8593860219843692
969172,0.39512681815923734
969173,0.5155030086081748
969174,0.02764762344747723
969175,0.39645833617376913
969176,0.09962599559616761
969177,0.9598026246055007
969178,0.038864954322020556
969179,0.9633806257247088
969180,0.9444373363359295
969181,0.9981749570350094
969182,0.1262151412004885
969183,0.15057101084447827
969184,0.40971335410066856
969185,0.10631072734888933
969186,0.49011711439096695
969187,0.024235265983375814
969188,0.3985091407491681
969189,0.005352494461849723
969190,0.9764680854335965
969191,0.9872149523634323
969192,0.9211798095331343
969193,0.44951010652705053
969194,0.1389098932837113
969195,0.6834649028746711
969196,0.8204746455856844
969197,0.9988083414565414
969198,0.9988913291639191
969199,0.998155452915001
969200,0.11427388025401326
969201,0.238342464435908
969202,0.9944592576500255
969203,0.8242118332865771
969204,0.4710233058384027
969205,0.5368773512411965
969206,0.007344368795862057
969207,0.9994600087727996
969208,0.10687040767217268
969209,0.9995076220786778
969210,0.965199983898321
969211,0.026007772282518063
969212,0.4407343402482887
969213,0.04138875474861382
969214,0.7615477195579192
969215,0.9994039976483451
969216,0.008574482488557023
969217,0.9999504419295246
969218,0.9845553302988673
969219,0.3305376979636681
969220,0.996090849456868
969221,0.5683524818789584
969222,0.7059673458885711
969223,0.9972002928950721
969224,0.2845800727693517
969225,0.9996577599788833
969226,0.9997398573112402
969227,0.998440870714128
969228,0.8984527601774057
969229,0.9983330605001834
969230,0.8912071205777155
969231,0.9975782657249253
969232,0.9999762676210774
969233,0.416641077183949
969234,0.9927931007237436
969235,0.10386281779119577
969236,0.979618526369527
969237,0.8674346651849266
969238,0.44614424357701693
969239,0.9653983849986332
969240,0.9998471459472177
969241,0.9993643255307147
969242,0.8965785159133233
969243,0.9914978882981608
969244,0.9995979676357878
969245,0.9952543269688677
969246,0.9979447415208667
969247,0.6103936466131078
969248,0.9970070842668225
969249,0.9992878299670398
969250,0.9979878010120757
969251,0.8194168045159593
969252,0.29225638709858553
969253,0.8834874592942448
969254,0.05378722218054265
969255,0.9999091001762488
969256,0.9998314489622173
969257,0.5870607248139081
969258,0.9998649619675455
969259,0.009653740794512658
969260,0.7731904440484593
969261,0.9969848785667947
969262,0.999844312627205
969263,0.9876977739627573
969264,0.47757388852105775
969265,0.6593376980739958
969266,0.01480122534556888
969267,0.35889030449873677
969268,0.9673282678354498
969269,0.986872990320865
969270,0.029758048625071545
969271,0.9984490546222984
969272,0.9927334864578372
969273,0.9960716381209733
969274,0.21998341664540327
969275,0.8430574481275989
969276,0.029606739180449412
969277,0.028172545904987426
969278,0.9507237875394001
969279,0.7780560621514822
969280,0.9711083412099499
969281,0.03382652042455052
969282,0.9948099407040645
969283,0.3359693634055554
969284,0.9973332684084255
969285,0.12967635297061353
969286,0.011612478656031258
969287,0.9092253733842127
969288,0.991942977958762
969289,0.9986922133637129
969290,0.997682911428981
969291,0.999761435822123
969292,0.9967665199738429
969293,0.9999864051615637
969294,0.9996055317379101
969295,0.9861713436944652
969296,0.9330938096124881
969297,0.5349140650313648
969298,0.3387481893163321
969299,0.8501179660372904
969300,0.9998726568710239
969301,0.9814823160939349
969302,0.5462823768001568
969303,0.999922871595944
969304,0.8484009530539112
969305,0.9914569337051361
969306,0.06604010576863982
969307,0.4611804684318995
969308,0.8255838710967283
969309,0.18474240060119662
969310,0.21495588221041315
969311,0.8704005081549548
969312,0.7732214953325145
969313,0.954742640854283
969314,0.10867729516777332
969315,0.7249396586135666
969316,0.999978855405395
969317,0.999010730762246
969318,0.462844327665616
969319,0.9919268860040306
969320,0.994396425160855
969321,0.9857703443468451
969322,0.6008834667551207
969323,0.08715027496533648
969324,0.9958235865778229
969325,0.13292301696380857
969326,0.2179119606426325
969327,0.719129739667864
969328,0.22413270611378208
969329,0.5509092360754343
969330,0.9979245735046663
969331,0.028089036167889485
969332,0.8411843651444398
969333,0.9472944356648235
969334,0.5417983729280101
969335,0.6501218218751446
969336,0.9792294525256774
969337,0.8581513368284268
969338,0.9903794320712668
969339,0.9998562600060401
969340,0.9999702146470432
969341,0.41863855048147325
969342,0.44703264388309016
969343,0.6096800492737563
969344,0.9896902249310618
969345,0.9711829943778727
969346,0.03848951366527148
969347,0.9997482357761469
969348,0.9999133465599093
969349,0.9982540957225607
969350,0.8682793886316373
969351,0.9649236170005127
969352,0.6469241660340992
969353,0.020581814892734814
969354,0.9979704913614893
969355,0.9993776527153724
969356,0.45731630991877936
969357,0.9997523936900292
969358,0.5386345789400617
969359,0.044819781581263984
969360,0.014008150812520243
969361,0.04881167633180329
969362,0.9798082879285904
969363,0.32006143442448204
969364,0.999492481442986
969365,0.877336817642189
969366,0.9677164779572581
969367,0.828974001303048
969368,0.9917901518120427
969369,0.14535611923570202
969370,0.9999746574186525
969371,0.9998989363410081
969372,0.9952194707312694
969373,0.9999103609252016
969374,0.9987947017953447
969375,0.9078210892802427
969376,0.9998673781246591
969377,0.997875199342674
969378,0.9999471659545571
969379,0.9999457164781025
969380,0.8702709129058044
969381,0.49006847534911735
969382,0.7441237136362657
969383,0.999829673782916
969384,0.24688586436360277
969385,0.9992337554825107
969386,0.9998703991730435
969387,0.4266503290725655
969388,0.8419206303409054
969389,0.9973828363573108
969390,0.07037517058876924
969391,0.05872474944116855
969392,0.00743173412126675
969393,0.999526061573297
969394,0.700848708223087
969395,0.9181034529462425
969396,0.9999754148285361
969397,0.9967839573507484
969398,0.13053782869818867
969399,0.6413856544694102
969400,0.9997309181868641
969401,0.9807299048540434
969402,0.7101018666527572
969403,0.9594117719371213
969404,0.926670825718548
969405,0.1018381016207883
969406,0.9945262736992818
969407,0.5453915272241721
969408,0.11210028111279913
969409,0.8032776188753885
969410,0.9898269881258831
969411,0.9997607980277983
969412,0.9889774055508075
969413,0.028783496649137562
969414,0.023320320150010992
969415,0.998667021418026
969416,0.8584231839702564
969417,0.42470162496643993
969418,0.9965261037788271
969419,0.2474651515002156
969420,0.9851891932133694
969421,0.9940871857848276
969422,0.9998113071800527
969423,0.031948165317219876
969424,0.9986240015352198
969425,0.8145261337709645
969426,0.9998806812485461
969427,0.8436957271351926
969428,0.9991060516454553
969429,0.9940399064413655
969430,0.9982560052284264
969431,0.019677133112450305
969432,0.18089626100603945
969433,0.9628268729771726
969434,0.9997169850491532
969435,0.8039998811576423
969436,0.9989907171059469
969437,0.9877963600150947
969438,0.9998947162862312
969439,0.9992249958122732
969440,0.9999801730783013
969441,0.13567792474728604
969442,0.9107555507345572
969443,0.019278832535663207
969444,0.8609964631882776
969445,0.9164387689333489
969446,0.9894064787172228
969447,0.8954346028287145
969448,0.6959028834808112
969449,0.942115342503058
969450,0.9998914044559342
969451,0.9854852707712027
969452,0.903019808649804
969453,0.012104543277299568
969454,0.7691387610596525
969455,0.47452802345051526
969456,0.7569157401086977
969457,0.995270885762441
969458,0.23722292614565946
969459,0.03887495604443118
969460,0.9995898832162424
969461,0.9999850530282105
969462,0.9996546212686437
969463,0.848715471806287
969464,0.996746351754251
969465,0.999801929321498
969466,0.9999366082639695
969467,0.998848558137444
969468,0.4591570861286787
969469,0.846316791293925
969470,0.9991610519514473
969471,0.9999567811640651
969472,0.9990082887635072
969473,0.9968598814179729
969474,0.7657486397595343
969475,0.8248898670165814
969476,0.9880658116414403
969477,0.9998294860850664
969478,0.9993826147791434
969479,0.12580762489212963
969480,0.6304532861501799
969481,0.9997122316978955
969482,0.01205964204846497
969483,0.01443992653017229
969484,0.0112273800542509
969485,0.9968745733341442
969486,0.5618291836485539
969487,0.9095842433519727
969488,0.38939565701836265
969489,0.9997125395990412
969490,0.8020211376748769
969491,0.01306226980624196
969492,0.5762728876852997
969493,0.8734494467817231
969494,0.9976677707063726
969495,0.4557940460740738
969496,0.9155386449823012
969497,0.8343652690712939
969498,0.12477704249033911
969499,0.9310109448322366
969500,0.9999736151557912
969501,0.7924351500275346
969502,0.9990678328046821
969503,0.5895363089692686
969504,0.9997596020769167
969505,0.006782578537794294
969506,0.3788305131469127
969507,0.9999408798671789
969508,0.9960741666469499
969509,0.9994703091608406
969510,0.9844294510437346
969511,0.2721095374376836
969512,0.9974995848610408
969513,0.9999485547404041
969514,0.9953916132482037
969515,0.9977625763584372
969516,0.6095366657208546
969517,0.9997763980567665
969518,0.9681921351138387
969519,0.8482363490891756
969520,0.9999348015809659
969521,0.9938580584751824
969522,0.6139418037474844
969523,0.9999930038720817
969524,0.2671720690657611
969525,0.9999737978674629
969526,0.6081692812777417
969527,0.27459057674433024
969528,0.9921447693369967
969529,0.8832843501456301
969530,0.9998845946214063
969531,0.2980933276392594
969532,0.969237631485683
969533,0.9998689965123716
969534,0.23066402399365185
969535,0.9972228075949364
969536,0.8740932333398546
969537,0.6869278359827942
969538,0.914478255453434
969539,0.9999728324433057
969540,0.9998120700295663
969541,0.9998012170291376
969542,0.6959157822940053
969543,0.08255993268581999
969544,0.9522042834192017
969545,0.5192793252272829
969546,0.011279437821676628
969547,0.9995641932537231
969548,0.9999790017820852
969549,0.25435468718831156
969550,0.9990335156941468
969551,0.4145935464450212
969552,0.9890263942629344
969553,0.9915015809950045
969554,0.9995592468361103
969555,0.9999337819839358
969556,0.9520833863091442
969557,0.982031738427775
969558,0.999754217728452
969559,0.6640326232836115
969560,0.9999679429316224
969561,0.9691485180130393
969562,0.9996912627402672
969563,0.33044221968189436
969564,0.7860831025314634
969565,0.001821647688711273
969566,0.9892943013583217
969567,0.9971439985616148
969568,0.9971070674438312
969569,0.9127134853132823
969570,0.9792471022259561
969571,0.9148626766677349
969572,0.9990627818478544
969573,0.6802610185444197
969574,0.43625353060747124
969575,0.9688653585620352
969576,0.9946832546711377
969577,0.8914425269987081
969578,0.7751715499219871
969579,0.2329247941964328
969580,0.9580765682072314
969581,0.9888489403474201
969582,0.8943238224651203
969583,0.9999222499298417
969584,0.042707157812019066
969585,0.992389321552839
969586,0.48763891031911183
969587,0.43006086838843843
969588,0.9978343144179721
969589,0.15394873725577946
969590,0.9983980902333349
969591,0.8333318373793279
969592,0.9853995756140256
969593,0.9989753306856635
969594,0.3264660643949685
969595,0.9978415939481189
969596,0.6172014098534164
969597,0.9367623084621781
969598,0.9999469124691718
969599,0.19728218931485508
969600,0.02653479232937137
969601,0.7503071689563683
969602,0.9994870712488522
969603,0.07050843363496362
969604,0.9911340792182224
969605,0.22018282059525612
969606,0.05514635328637783
969607,0.02799056725671285
969608,0.9998779575492998
969609,0.6561488959375648
969610,0.9982346435027983
969611,0.9971286175422305
969612,0.9763736604122439
969613,0.9990647204268004
969614,0.630842371130517
969615,0.08267707935652913
969616,0.9995432562854141
969617,0.9224471496375465
969618,0.9999552271805345
969619,0.9799803909030769
969620,0.5599036843638152
969621,0.9999142824202115
969622,0.9916673135808994
969623,0.05559740390329242
969624,0.7409881253514287
969625,0.9998339470428053
969626,0.9996943940435987
969627,0.4589426022710051
969628,0.5810911429636069
969629,0.985182155999575
969630,0.9479335176020732
969631,0.07486663052695461
969632,0.9998450254716832
969633,0.9992222069351321
969634,0.9490568349078662
969635,0.03594494050118543
969636,0.9321126282918982
969637,0.564112623190393
969638,0.9998792345309678
969639,0.9961055776625016
969640,0.8337345532301483
969641,0.999809006406884
969642,0.6525391232550781
969643,0.7081248329023545
969644,0.9999690838957388
969645,0.9993497667525317
969646,0.8828254880231181
969647,0.01932144857616505
969648,0.9687283358016608
969649,0.3745565700872941
969650,0.6601821937595158
969651,0.6548531187458795
969652,0.99872668202857
969653,0.9996652393601716
969654,0.9136393186135636
969655,0.931724198467973
969656,0.2066061688479398
969657,0.7637620840354198
969658,0.1894856587123216
969659,0.984644974392757
969660,0.9997253740489167
969661,0.9988061247118336
969662,0.9968241478903239
969663,0.8873554290606273
969664,0.9999056930063229
969665,0.9994171936735299
969666,0.940561265003218
969667,0.9992891064172711
969668,0.39794565307767
969669,0.7044275287206162
969670,0.3883250158397269
969671,0.9995760705894896
969672,0.9339069193255742
969673,0.9682220192909707
969674,0.05966229369672637
969675,0.2966281037444868
969676,0.9996424399985866
969677,0.9634242224580829
969678,0.9951134641618893
969679,0.5048691881492571
969680,0.8813496144674445
969681,0.06552853682491615
969682,0.9998853873943233
969683,0.7253222686514395
969684,0.395028795735117
969685,0.9999884969432424
969686,0.9904525226648748
969687,0.24295453469507872
969688,0.9066069689125197
969689,0.05409570024273316
969690,0.9823811407304759
969691,0.9977604931440427
969692,0.5183160645857519
969693,0.8111353366036247
969694,0.3012983942999848
969695,0.871343361409889
969696,0.032034323563813014
969697,0.9634692365744277
969698,0.13981641139261985
969699,0.9349465193091873
969700,0.9998844843608541
969701,0.3629674958024211
969702,0.8463703999634051
969703,0.9998420326224347
969704,0.9916377090430156
969705,0.14089365540519472
969706,0.9991217654145922
969707,0.999988054859549
969708,0.9997536936458385
969709,0.997713424467694
969710,0.9922928782281059
969711,0.568047348570675
969712,0.9996032411347456
969713,0.8168603338032044
969714,0.9999436235535591
969715,0.9871588278053729
969716,0.999875241058073
969717,0.9864060515183769
969718,0.9968656367653412
969719,0.9999517074955473
969720,0.27788825918412574
969721,0.980646048742333
969722,0.957100050710726
969723,0.22743074571603317
969724,0.9995737861887588
969725,0.999251017879964
969726,0.003530356771215977
969727,0.9998921980410009
969728,0.999956349112745
969729,0.9995038476987725
969730,0.9973718344268692
969731,0.1798725634466948
969732,0.6341748494619821
969733,0.573851974016302
969734,0.9986939779499759
969735,0.999899480665114
969736,0.06788406509239847
969737,0.83239371120574
969738,0.9992712424970673
969739,0.9474869516747005
969740,0.996079681051018
969741,0.9996601596261184
969742,0.9998116606459867
969743,0.21960015758240495
969744,0.99942799423188
969745,0.9996232707725816
969746,0.9999893089749472
969747,0.15842620557133824
969748,0.0735847886879093
969749,0.9844284450440983
969750,0.9949029234577691
969751,0.9987226925507187
969752,0.4814054796497693
969753,0.25003776808436984
969754,0.9849207510845646
969755,0.05220460839730746
969756,0.9998413659240467
969757,0.9996033267684908
969758,0.963758394585188
969759,0.3718395856887032
969760,0.15024019795365606
969761,0.9995835784981774
969762,0.9798235325158093
969763,0.7666990566000355
969764,0.9839626056358344
969765,0.7657548532585381
969766,0.7414188289533621
969767,0.9919676482731794
969768,0.9994616110178347
969769,0.9744095200172384
969770,0.15650838862951055
969771,0.04749444644686228
969772,0.9997683342267123
969773,0.013329132918416225
969774,0.05647415981542025
969775,0.18047713425353482
969776,0.999741228596733
969777,0.04581693717378735
969778,0.9986298744291368
969779,0.99974380174468
969780,0.9984691624539151
969781,0.9998621545849676
969782,0.8452173773710506
969783,0.6243738569298138
969784,0.37103393305427684
969785,0.9982601516468408
969786,0.9398928229625513
969787,0.05429160936218253
969788,0.9728374780463361
969789,0.9895506167532178
969790,0.7628632508947915
969791,0.9999812227769547
969792,0.9999240428584768
969793,0.09572560454195495
969794,0.07148546569517455
969795,0.9989715246018924
969796,0.01741624304179106
969797,0.057462195294125884
969798,0.999861518382926
969799,0.42999315676880606
969800,0.8675593517551893
969801,0.9933893155087921
969802,0.9998723947994073
969803,0.9582905818784315
969804,0.9965322406372235
969805,0.9998323958433823
969806,0.1161618299798228
969807,0.9996357924593801
969808,0.9959011374313838
969809,0.48707424249601966
969810,0.9935687576599165
969811,0.9997384710861608
969812,0.03294026803679179
969813,0.9846937671722906
969814,0.02640317087923042
969815,0.5853997213333302
969816,0.015609903250441554
969817,0.6860496552251524
969818,0.5874560481004302
969819,0.6989429289232871
969820,0.13796536988406305
969821,0.3611728496628795
969822,0.21596697688895794
969823,0.999970115504553
969824,0.9926641819547742
969825,0.9985118902687691
969826,0.9989088338018384
969827,0.7363355658353924
969828,0.9991319208686624
969829,0.032754623367929815
969830,0.9452878376424183
969831,0.9828632857535047
969832,0.9996547337554749
969833,0.003670454048096262
969834,0.9999753723469035
969835,0.9975515849473945
969836,0.01999483428465888
969837,0.9338489161320439
969838,0.5469187813617514
969839,0.11626239595615268
969840,0.7917032763989005
969841,0.9600243032041642
969842,0.9640799748253133
969843,0.9997785897604781
969844,0.9942962766092235
969845,0.7225034942637074
969846,0.9998648400948325
969847,0.05140187910587653
969848,0.9999284025755192
969849,0.8378541916349795
969850,0.9999787941532352
969851,0.6576546185258678
969852,0.3578878499591439
969853,0.5552355678226203
969854,0.40923196776522375
969855,0.07822886963324044
969856,0.17114270483303604
969857,0.9997304837578129
969858,0.9990653939290228
969859,0.9999827944759376
969860,0.8537902133219921
969861,0.9425222533808493
969862,0.39047419415064544
969863,0.47943990794443114
969864,0.9943403397233498
969865,0.5877206845583886
969866,0.06728316319229333
969867,0.07132765354432624
969868,0.9999512638504923
969869,0.9828276546264647
969870,0.9999627023357811
969871,0.9871904889604948
969872,0.1280987096582882
969873,0.9997414173032264
969874,0.9993262661047799
969875,0.9995155898620963
969876,0.9869667935166773
969877,0.8810895165187581
969878,0.9994111278370559
969879,0.9999595909189338
969880,0.9992524849964666
969881,0.9977561844344003
969882,0.5817358494043076
969883,0.8280554473546828
969884,0.9952633030834918
969885,0.9981917286525228
969886,0.9999929454196888
969887,0.999823573449335
969888,0.9972496807381022
969889,0.26017439784596047
969890,0.998597191884783
969891,0.664980833116586
969892,0.17677753905369034
969893,0.6407232054136391
969894,0.9995500947067901
969895,0.9997040589841399
969896,0.2136055336001601
969897,0.9728081616568184
969898,0.9722303994675572
969899,0.4348782689060576
969900,0.05794192739198513
969901,0.9929014241144983
969902,0.9934230863567952
969903,0.026170777961161334
969904,0.9997296131422857
969905,0.5544047528856135
969906,0.5222582831793775
969907,0.1772536074318305
969908,0.9998910091453099
969909,0.1691313698817576
969910,0.9652340114418505
969911,0.0021909713400396214
969912,0.7050271761723017
969913,0.993752523871416
969914,0.801500758766204
969915,0.9947418305963707
969916,0.1403556464118685
969917,0.00798846753764933
969918,0.8966215252749572
969919,0.30017029403954115
969920,0.9935087647156362
969921,0.9663453000946216
969922,0.9993030725591554
969923,0.9996571938171386
969924,0.9999889381556029
969925,0.9881978320776297
969926,0.99959150521309
969927,0.7290068528769947
969928,0.027151918582408088
969929,0.9997804770454892
969930,0.20931362200451936
969931,0.9950075468646988
969932,0.9996025114349991
969933,0.9996909965427436
969934,0.02066290171959384
969935,0.9273411027778233
969936,0.9938743132270091
969937,0.5677765889287064
969938,0.07507165361979908
969939,0.9967071032691907
969940,0.005785763352882185
969941,0.6738051150054121
969942,0.5731241057523649
969943,0.8769493399716248
969944,0.9802169905551132
969945,0.0668647260276077
969946,0.8615059896844711
969947,0.9998849837671084
969948,0.010400543982008952
969949,0.9988656079144729
969950,0.05017501120418619
969951,0.36754194182820454
969952,0.4320345585778359
969953,0.7447071696350892
969954,0.9994524726289236
969955,0.09891646105668997
969956,0.4358107630725751
969957,0.06242532487747296
969958,0.49660949993824755
969959,0.9996886312444275
969960,0.08426731043506017
969961,0.8221436916701119
969962,0.9911359557196627
969963,0.9996837629505395
969964,0.8922315553864087
969965,0.8925021465088194
969966,0.47567696079154165
969967,0.35124666304821445
969968,0.9827627270025574
969969,0.5048390169384381
969970,0.08560707443299717
969971,0.9044577928595512
969972,0.9931187635333065
969973,0.9967547848602969
969974,0.9995869184543081
969975,0.4274236702873234
969976,0.8079179021664209
969977,0.22667642178209563
969978,0.644024086822658
969979,0.9965910223130259
969980,0.0760616270129888
969981,0.024346900967897427
969982,0.9673870091925814
969983,0.996938946487621
969984,0.9998394700060389
969985,0.96686790748415
969986,0.8449121220530568
969987,0.9414040094215256
969988,0.017181458288211965
969989,0.02978869567362176
969990,0.9997082528334541
969991,0.9996764651269154
969992,0.3390552754845875
969993,0.04148090779900278
969994,0.6121198655018532
969995,0.9566273901954254
969996,0.9935569241539479
969997,0.9998236765613366
969998,0.5159698008921842
969999,0.09898461977592199
970000,0.9999141573945398
970001,0.9908066455305915
970002,0.9948025960204916
970003,0.9923573467473801
970004,0.999978016433155
970005,0.09777152122421177
970006,0.5841510655416438
970007,0.7210835622262726
970008,0.998970298727279
970009,0.9755075136941256
970010,0.9998437827394538
970011,0.39898199992732075
970012,0.9999238608109177
970013,0.9997544685479417
970014,0.9995947278624744
970015,0.05220963615041957
970016,0.9943237800866714
970017,0.9999733152500208
970018,0.9997743110998132
970019,0.9996702982855212
970020,0.24381621172345283
970021,0.17649105652500535
970022,0.9957196212447865
970023,0.9999209599206241
970024,0.9998889430232285
970025,0.9672570616629749
970026,0.8821259088243147
970027,0.7625835672491894
970028,0.9979995220508024
970029,0.9998122712931026
970030,0.9995898670912526
970031,0.9970753645218293
970032,0.9965032508423693
970033,0.9993016528290203
970034,0.988344056312287
970035,0.9724709041102712
970036,0.9952103979155824
970037,0.9944129040376605
970038,0.9999655320815918
970039,0.9068221870418138
970040,0.9997472619745139
970041,0.9021903743230808
970042,0.9747193200407696
970043,0.9534838337928901
970044,0.45557692986784604
970045,0.9987230164598441
970046,0.7344802683360903
970047,0.9837204445008385
970048,0.9995639462199917
970049,0.2778825510645887
970050,0.9393393084537451
970051,0.5007194635098701
970052,0.9977448164416373
970053,0.02249077952776176
970054,0.9996822180139384
970055,0.9972845298487951
970056,0.6987819020729514
970057,0.020330635177595004
970058,0.40869885457992366
970059,0.9998519795011263
970060,0.9218771651164944
970061,0.9998284848178928
970062,0.9994941946117386
970063,0.9572908481259066
970064,0.13412194498490027
970065,0.6848274652098683
970066,0.9962067281365635
970067,0.943972868666336
970068,0.9966799993484529
970069,0.9994588171011826
970070,0.8960802611125913
970071,0.0748089015082407
970072,0.8855749055942583
970073,0.6168933291772116
970074,0.42013401221851554
970075,0.6064698199417738
970076,0.0866873504664252
970077,0.12621180215690853
970078,0.5841665340146478
970079,0.28704187529557035
970080,0.2790492681286207
970081,0.9998153523248416
970082,0.5575287966212953
970083,0.8245586790691994
970084,0.41813848898050987
970085,0.24354909211368814
970086,0.9845245295377846
970087,0.013585487466559461
970088,0.9993587846636882
970089,0.9999078849809218
970090,0.9999731500770346
970091,0.9989612330810047
970092,0.8945210007749569
970093,0.08178990637507634
970094,0.11470478577091638
970095,0.03869608679264799
970096,0.4474500192845433
970097,0.010026876106341382
970098,0.013487073503110635
970099,0.42670647124750566
970100,0.023864779249733518
970101,0.6361157734988497
970102,0.18575906192664676
970103,0.9341833492018458
970104,0.7937174161805982
970105,0.8958986078829806
970106,0.13362999533157352
970107,0.6828945474869144
970108,0.860959515889292
970109,0.8353974735782292
970110,0.9995410075443317
970111,0.9926318678545183
970112,0.013602766149973033
970113,0.8433798979483409
970114,0.12405969207830582
970115,0.8054834437401455
970116,0.8064955679158943
970117,0.960404388668578
970118,0.9957230029810413
970119,0.9994526696307989
970120,0.9999960827479808
970121,0.9971041473046574
970122,0.9886644249382286
970123,0.9990162915954435
970124,0.37647580357989596
970125,0.37377175928041917
970126,0.9992879798000813
970127,0.999943208550435
970128,0.8380341731739644
970129,0.27314062847027887
970130,0.9997853838197347
970131,0.994989351199884
970132,0.9999043564137462
970133,0.09124387394024405
970134,0.8994358821190722
970135,0.9796785413244855
970136,0.19815760112223174
970137,0.51128095652779
970138,0.8953333001544513
970139,0.9053254929825791
970140,0.9999146860321151
970141,0.9995234082396522
970142,0.8879378813719768
970143,0.06989467515047644
970144,0.999742566021651
970145,0.9999858075813441
970146,0.25100651821321524
970147,0.15559726788957204
970148,0.9998667131213492
970149,0.2955739908830902
970150,0.01858528080547426
970151,0.9985693931485409
970152,0.9995529277420435
970153,0.7447550152012259
970154,0.10116594511603794
970155,0.06498386034603386
970156,0.9991072166420907
970157,0.03291181397983476
970158,0.9972094412914345
970159,0.9995882751161123
970160,0.999277995000011
970161,0.9997933704961678
970162,0.999908767895255
970163,0.9998404364760121
970164,0.9998465702719166
970165,0.985899622118946
970166,0.9176993687982673
970167,0.7983778684760459
970168,0.025119329339476457
970169,0.8396391643046968
970170,0.10972940816932955
970171,0.9993111232696611
970172,0.029202041245526233
970173,0.5773560834260141
970174,0.9996220456410164
970175,0.9686737637856719
970176,0.9807069100749489
970177,0.9999321311738755
970178,0.9995530597069991
970179,0.5125917637400712
970180,0.9993665032199002
970181,0.6698554385940405
970182,0.9996114773297003
970183,0.6524811093632314
970184,0.9955205982305922
970185,0.1979957163231703
970186,0.8330095920841587
970187,0.9996182784636074
970188,0.9997836968750672
970189,0.9998976453610531
970190,0.9446974341070273
970191,0.31350163486787314
970192,0.9999369260143794
970193,0.1371360113411298
970194,0.9977611579054038
970195,0.8707997755220079
970196,0.1975846550486815
970197,0.5084165493211862
970198,0.9658662907878064
970199,0.9998469783695634
970200,0.9809136787460842
970201,0.9853326347197703
970202,0.8399515989869464
970203,0.9999884595077428
970204,0.2120740580021795
970205,0.9756218699930861
970206,0.9998029615350286
970207,0.8726944845847787
970208,0.005274451377230106
970209,0.4431431087989533
970210,0.4049055405563412
970211,0.9997963077590544
970212,0.18822507689538232
970213,0.8949565940342157
970214,0.5869722849487572
970215,0.4147403129167563
970216,0.9998219620186204
970217,0.9999321866121619
970218,0.9999857791305304
970219,0.34650503085936185
970220,0.9994091887422238
970221,0.5308092913243471
970222,0.9992509506835827
970223,0.009444581686950636
970224,0.9971220223936085
970225,0.21235104096761048
970226,0.045998692214393
970227,0.9414693483281171
970228,0.9997738494101086
970229,0.9998753878251547
970230,0.2672356028643503
970231,0.9981990385901033
970232,0.9999599427403827
970233,0.38782304804530027
970234,0.936194958442812
970235,0.9998743071616579
970236,0.9008246850189574
970237,0.5344121346745542
970238,0.9833852559484347
970239,0.627925121631148
970240,0.026631238995372196
970241,0.779067650436862
970242,0.339190889589952
970243,0.07731357878146505
970244,0.6048876792517834
970245,0.12035338705996904
970246,0.14016503170536254
970247,0.00857207756988832
970248,0.4623558468855389
970249,0.9999979350199866
970250,0.9991560981290415
970251,0.4428902921648623
970252,0.9952148523476245
970253,0.9996197479203837
970254,0.9999159111780442
970255,0.08215094111440302
970256,0.989275619266711
970257,0.819383571449765
970258,0.9998293640206035
970259,0.9999879735587013
970260,0.14227887277947257
970261,0.9669827305463958
970262,0.7543336293027375
970263,0.9999114804329922
970264,0.9981532162256918
970265,0.9999524404757278
970266,0.04710289340244103
970267,0.04117930318949554
970268,0.9999921253130806
970269,0.30265773552839326
970270,0.9998071508213222
970271,0.09145117302885583
970272,0.9999124339845846
970273,0.9993731097859794
970274,0.9921987688629597
970275,0.9531959687041794
970276,0.48794776247950183
970277,0.9950013926519413
970278,0.9985636863476497
970279,0.2865108227026391
970280,0.8798233663186068
970281,0.9832844944145915
970282,0.9636355855657179
970283,0.0011472358230488699
970284,0.9955754041847296
970285,0.9840742462552985
970286,0.9956572035803407
970287,0.9999071123616565
970288,0.34225707439817993
970289,0.9999641293273424
970290,0.9997914962365481
970291,0.90382567856964
970292,0.9814457520566886
970293,0.22826565510225968
970294,0.6990698616573677
970295,0.8130018664415292
970296,0.16619094805885493
970297,0.016243356068621324
970298,0.9960394940855324
970299,0.006193990744897254
970300,0.9995483136392493
970301,0.030603251678901912
970302,0.46993092099526224
970303,0.8889794627486318
970304,0.6765269032517509
970305,0.9884338439781213
970306,0.9983678496981434
970307,0.051112145712629724
970308,0.9998873997271049
970309,0.9994797151962161
970310,0.9991430896181472
970311,0.9273841098299737
970312,0.9955807908154154
970313,0.7322217233856364
970314,0.8741497223047149
970315,0.5789006597755375
970316,0.9996496091462195
970317,0.9211913765375351
970318,0.5752081826920893
970319,0.9992393287056184
970320,0.9742116651519581
970321,0.10782367732556236
970322,0.9954530511957739
970323,0.7699422086391245
970324,0.2037326849884109
970325,0.9264784611078564
970326,0.9998840767806618
970327,0.9999249775162291
970328,0.9992995321702597
970329,0.9194301833280212
970330,0.6947977732936738
970331,0.9999244182339475
970332,0.09126945128332273
970333,0.9414578719300588
970334,0.08379470935294464
970335,0.10764167598418602
970336,0.018569117591218987
970337,0.9897274163459079
970338,0.9717437019462069
970339,0.033875376902796246
970340,0.8420749809758756
970341,0.5562557384174903
970342,0.9999356571587541
970343,0.9999688379123509
970344,0.026641408682806744
970345,0.9993926204782103
970346,0.9998228715205171
970347,0.04666186870258568
970348,0.031593719762518215
970349,0.9358892867017476
970350,0.9465902945607263
970351,0.952394319678738
970352,0.9997161016477942
970353,0.9995759066439145
970354,0.12590012024157263
970355,0.999877507309752
970356,0.05213068716341869
970357,0.9807940796784456
970358,0.9997317962765592
970359,0.023075004192124646
970360,0.3414740656318317
970361,0.9890874966534802
970362,0.21870988455621915
970363,0.9982155321530191
970364,0.14056673640190798
970365,0.2920817934697855
970366,0.9999735787030468
970367,0.9999195336249647
970368,0.5981728107862088
970369,0.9731562842169262
970370,0.9747576513948645
970371,0.1863816164293859
970372,0.3718484187097315
970373,0.9998482573524923
970374,0.9984152732806034
970375,0.2935193330796407
970376,0.9997946683255918
970377,0.9998197555032616
970378,0.9027840857390955
970379,0.9943276327223264
970380,0.6462090345880122
970381,0.9999484153429833
970382,0.05894330103526908
970383,0.2616060878539686
970384,0.14095549363206814
970385,0.998411135212101
970386,0.9792295228498218
970387,0.3708531081967295
970388,0.9115265661475112
970389,0.7064823672062772
970390,0.04346428940124063
970391,0.790499394521154
970392,0.8544833907177515
970393,0.00273184220692677
970394,0.9902671137525283
970395,0.9084549090947757
970396,0.9595817033965044
970397,0.9995010652353727
970398,0.9989447154646542
970399,0.9994331398472867
970400,0.013297453197602924
970401,0.999660776336685
970402,0.9984061164683061
970403,0.4091564561515141
970404,0.9997030840540799
970405,0.467861199090844
970406,0.016643707549274
970407,0.9995709611222964
970408,0.748680771932696
970409,0.9282298610133248
970410,0.9998033898065922
970411,0.9999755379528732
970412,0.9999488644926322
970413,0.9987601460228921
970414,0.9909078697399146
970415,0.9998554198009425
970416,0.9998715161082256
970417,0.5276300720362087
970418,0.16550918472935505
970419,0.038773014655924164
970420,0.9990547221109373
970421,0.013088092029606598
970422,0.9997099325322298
970423,0.9984983952379721
970424,0.9986881167728823
970425,0.9936304036050254
970426,0.998752020378754
970427,0.657690546945336
970428,0.9995264616602118
970429,0.8713999934577505
970430,0.2807533962066016
970431,0.9997054587707883
970432,0.9989875259960093
970433,0.48994115969820834
970434,0.9999280309393928
970435,0.9991760618212617
970436,0.9999621678410993
970437,0.999477784381322
970438,0.19392318535363806
970439,0.20042747883950923
970440,0.9996159376413868
970441,0.9980845323835972
970442,0.9681526241262302
970443,0.816181188961894
970444,0.9931940025852617
970445,0.9999203597713315
970446,0.46261522768379026
970447,0.9994794320089904
970448,0.9660148396339123
970449,0.22356998990936464
970450,0.9997078179153114
970451,0.5283935772384919
970452,0.022519242649742643
970453,0.01080422375414583
970454,0.9992796885391413
970455,0.9877407977094989
970456,0.9604110001756601
970457,0.5849472344533713
970458,0.8567091270830103
970459,0.9997855678107372
970460,0.9906093260479145
970461,0.7754701862275022
970462,0.43182085524715347
970463,0.01256080366484349
970464,0.03675311159404186
970465,0.9874890699598633
970466,0.22222946305682037
970467,0.9919687578457463
970468,0.9897942656323144
970469,0.31778764820654526
970470,0.9811500437449987
970471,0.9673975867687447
970472,0.9898515708454065
970473,0.4604233801456058
970474,0.060387574953777196
970475,0.7722655633340842
970476,0.02858369594705134
970477,0.18088941472061942
970478,0.08565408996628153
970479,0.007148602964292858
970480,0.9528215434479236
970481,0.9991792225989622
970482,0.44022293213292585
970483,0.4534414448108584
970484,0.9876059791231592
970485,0.9649013117505523
970486,0.6858588834810238
970487,0.007617686853201299
970488,0.6344169078843788
970489,0.03837645807142533
970490,0.02263965866713634
970491,0.9466584235499147
970492,0.08939988699131082
970493,0.9994360358185099
970494,0.09087687612435347
970495,0.9929690393955384
970496,0.854629182996402
970497,0.9969935077778858
970498,0.57775310136453
970499,0.9994900806454794
970500,0.9380184568154468
970501,0.9998325877054302
970502,0.9998294149573649
970503,0.5823634642932459
970504,0.7868979895385049
970505,0.99996952848709
970506,0.995544498307035
970507,0.6240646213455003
970508,0.9978874768618884
970509,0.7941675920965627
970510,0.9451194520618507
970511,0.03897630249568577
970512,0.08572180065629702
970513,0.9999362105135594
970514,0.999984662111828
970515,0.9042742704231193
970516,0.8492104604133334
970517,0.8167032919718962
970518,0.9994204511343213
970519,0.9998321131136186
970520,0.051034868826772654
970521,0.756294224697821
970522,0.6539208845270731
970523,0.622332438846171
970524,0.11529593442284719
970525,0.9998362401830991
970526,0.9980974668001987
970527,0.42227675243619783
970528,0.9111951401603248
970529,0.9999518081831861
970530,0.9976460816392605
970531,0.6763616422513297
970532,0.9999226253961482
970533,0.9936782524744915
970534,0.2449845639080903
970535,0.011613808825343514
970536,0.9913456859785392
970537,0.9987908184613528
970538,0.9749206242631557
970539,0.023928172458842295
970540,0.7329087141438173
970541,0.961999270541172
970542,0.020082422312390498
970543,0.08917731826994382
970544,0.3351159044785461
970545,0.9998995813347666
970546,0.7550170340985582
970547,0.9999150617449806
970548,0.6010377258386699
970549,0.49744850830369425
970550,0.8062147641963531
970551,0.9622560403462013
970552,0.9786749326337862
970553,0.154649046443592
970554,0.8797806025931474
970555,0.9540315149387848
970556,0.6462536695858881
970557,0.5933961151636087
970558,0.986317511044025
970559,0.9987900919243532
970560,0.9958095153268061
970561,0.6200024720552509
970562,0.9998518181559316
970563,0.9999704310070524
970564,0.972847197511526
970565,0.9992998421717935
970566,0.026177029462343473
970567,0.015666692977942407
970568,0.9997286827618818
970569,0.14827511440028704
970570,0.8876287221760999
970571,0.11327361976152237
970572,0.7392741693279146
970573,0.9795155262823633
970574,0.5597986050021178
970575,0.9994790149718249
970576,0.014329842767658625
970577,0.9084205502153551
970578,0.9998369518859471
970579,0.9999965458236771
970580,0.9995453232554943
970581,0.9992306485006571
970582,0.9467322968655274
970583,0.9998880664456786
970584,0.5699488349270004
970585,0.997155765938758
970586,0.9902213205135406
970587,0.9999629257929896
970588,0.8986466098754402
970589,0.46757867358078675
970590,0.9998901602843508
970591,0.9945141273948112
970592,0.9999417917773723
970593,0.9974108708340342
970594,0.11103443272794926
970595,0.9999792169935444
970596,0.9997308923232275
970597,0.9951877538837578
970598,0.9892390700598135
970599,0.9695575979305877
970600,0.6680100677706928
970601,0.9996252285724239
970602,0.999582178150607
970603,0.23481577242233667
970604,0.32717136477351
970605,0.9794906132427668
970606,0.9268693158298427
970607,0.988591667943892
970608,0.022649138952996136
970609,0.7301527624082962
970610,0.99921280397878
970611,0.8827301516470127
970612,0.9948427230325336
970613,0.9996605233779831
970614,0.5818059396255
970615,0.6222430715340049
970616,0.09612178327748208
970617,0.9993661393768072
970618,0.062333111851544415
970619,0.6098545255284121
970620,0.47314453314391225
970621,0.1972391223587995
970622,0.8821555809330682
970623,0.9995458865190494
970624,0.9996173437175386
970625,0.14220769246623047
970626,0.6313413098494004
970627,0.19497205410755297
970628,0.9999228528334705
970629,0.028590120343829066
970630,0.9852399397691355
970631,0.052854045034550844
970632,0.9997815851734018
970633,0.998807042672343
970634,0.9998730707254395
970635,0.004258816848809731
970636,0.8320701223286167
970637,0.6323896320277589
970638,0.013002741509967164
970639,0.9997697958693919
970640,0.9842690148871983
970641,0.9950126066039245
970642,0.9798663538670667
970643,0.9999601746386576
970644,0.011095308102870982
970645,0.20375202145124088
970646,0.5887609966822418
970647,0.9998120268344465
970648,0.5267733193923604
970649,0.9795197283918216
970650,0.9910873008944106
970651,0.9888354442702881
970652,0.4299396906315731
970653,0.9428747229787198
970654,0.8948768938859123
970655,0.9999895111138182
970656,0.07774814041866247
970657,0.9963222398210697
970658,0.7771289985919272
970659,0.7351631747621885
970660,0.6174620942891507
970661,0.9999811474306164
970662,0.9439424355403625
970663,0.4493046695559739
970664,0.4309393515722013
970665,0.9999026522602956
970666,0.08517922268889158
970667,0.8622823265533766
970668,0.9935166739975452
970669,0.0012297504771019347
970670,0.9999450992221257
970671,0.998940333982467
970672,0.14748033168577437
970673,0.9649918118152903
970674,0.9352105601864052
970675,0.40540635054058455
970676,0.9826142260152619
970677,0.0139128391561656
970678,0.5866064379725886
970679,0.7247343946228826
970680,0.9056907006371704
970681,0.7324546233384768
970682,0.9999855223873642
970683,0.9958099685732005
970684,0.9999788008926127
970685,0.9994394242847571
970686,0.9985385904932752
970687,0.9817483302837932
970688,0.8631765910370983
970689,0.9992277071529976
970690,0.9995971028846318
970691,0.35739934876220897
970692,0.9729495906344586
970693,0.9998694298913988
970694,0.1321860295710716
970695,0.22456826319414003
970696,0.5113879959342977
970697,0.7752457553089226
970698,0.8092020489330807
970699,0.1936449879451144
970700,0.6085383467486138
970701,0.8507995361066036
970702,0.9992892421619041
970703,0.41852447054145214
970704,0.10120218541859274
970705,0.7524976872811259
970706,0.99727792494242
970707,0.48936087456504895
970708,0.9983552195679457
970709,0.98319188476036
970710,0.9999551724873708
970711,0.9773945478813223
970712,0.9995821921761728
970713,0.3883071141149066
970714,0.07567646958948787
970715,0.7377616748634547
970716,0.31958080736614863
970717,0.9988870600151993
970718,0.9993076413760229
970719,0.8179439263405505
970720,0.9989965665231597
970721,0.9997650971868124
970722,0.9974012458043555
970723,0.535175730183989
970724,0.9042760075005142
970725,0.9990445880134177
970726,0.22941610995411874
970727,0.018930657209366465
970728,0.8326321657029219
970729,0.9896862094018855
970730,0.9634218069665207
970731,0.11748680798677813
970732,0.9998839545978593
970733,0.8524772623850606
970734,0.9999279110732444
970735,0.16791880212419358
970736,0.008052129671522591
970737,0.9699267304194357
970738,0.9843330002917554
970739,0.9982490136259061
970740,0.9934220687806535
970741,0.9996347931893971
970742,0.024008429990478867
970743,0.2752207726999584
970744,0.9966257381192637
970745,0.9996596096901371
970746,0.9800347140315422
970747,0.18622566570656815
970748,0.03419322988836268
970749,0.9627446253419849
970750,0.9330936437447919
970751,0.9996479849431597
970752,0.9590041741750774
970753,0.9998200318908024
970754,0.9999821548292616
970755,0.992242111772915
970756,0.9988614554513002
970757,0.9989227597117178
970758,0.8741648091189873
970759,0.052767140587929945
970760,0.9999802155477573
970761,0.6150155740739904
970762,0.9999753219953883
970763,0.08915497176650436
970764,0.8059282779721648
970765,0.11474575312911595
970766,0.34770488370895836
970767,0.8074350755304541
970768,0.7723608676524027
970769,0.5570603046226243
970770,0.19212800008962527
970771,0.8459260469371579
970772,0.9010208469275329
970773,0.9696592637639401
970774,0.9718721488357298
970775,0.052655688589680893
970776,0.6057550617551231
970777,0.9999782604896172
970778,0.16791932610601962
970779,0.9997348684887086
970780,0.10445216894209249
970781,0.14487457047506253
970782,0.9994000710666837
970783,0.007859808022104543
970784,0.2983633404725446
970785,0.8489505537716102
970786,0.9979159645199611
970787,0.07462058909667468
970788,0.9999402015516724
970789,0.005745385792693423
970790,0.01646509279337567
970791,0.26035847820969443
970792,0.9968815421162365
970793,0.05668329485255408
970794,0.999619936853854
970795,0.9979622275817556
970796,0.40765332922356934
970797,0.6322555635320615
970798,0.31148492190588817
970799,0.23715229885633893
970800,0.9996255752395903
970801,0.09594631695449352
970802,0.13538717384322754
970803,0.9998380801507247
970804,0.9914020841353786
970805,0.8516176428488476
970806,0.7165515226835605
970807,0.747069171427773
970808,0.9997578080499161
970809,0.7768200299049888
970810,0.37449707210254846
970811,0.7829011653439075
970812,0.9815314898213561
970813,0.6914684405003593
970814,0.9651482851584459
970815,0.9589408109947098
970816,0.363898070369889
970817,0.6492016356305391
970818,0.5633188006689234
970819,0.38299977603019086
970820,0.9996325995365798
970821,0.9843493320316099
970822,0.9970389066154838
970823,0.27016421244020644
970824,0.3275231766943375
970825,0.46961807020389423
970826,0.9999308118297348
970827,0.8342802060805291
970828,0.9600119153372711
970829,0.27689175817814116
970830,0.6766913480154154
970831,0.9999889648348943
970832,0.6974087158402968
970833,0.8676502396004075
970834,0.5178419230585187
970835,0.13860713611550105
970836,0.6931251692088839
970837,0.7987367771827919
970838,0.7428193077526613
970839,0.758509668181287
970840,0.9997254617371554
970841,0.8097137633146808
970842,0.6556855549332854
970843,0.006166754105103979
970844,0.45759426295157785
970845,0.9997670407826382
970846,0.9999741745008087
970847,0.030470608078107746
970848,0.010790952460520867
970849,0.9099901767749095
970850,0.10979501835683345
970851,0.01724249017950521
970852,0.05736335815832231
970853,0.9998173789342824
970854,0.7376052919671174
970855,0.9697696665865558
970856,0.40366929833353926
970857,0.9999882849226274
970858,0.8016347615751981
970859,0.8915648322349551
970860,0.17778403370230447
970861,0.9991643753980258
970862,0.7979430390615345
970863,0.6468163756239795
970864,0.9995955588460965
970865,0.9999537397326731
970866,0.9509955832068506
970867,0.9999672777538744
970868,0.03827350935412658
970869,0.9998542463457254
970870,0.9993079134248224
970871,0.9998800578058092
970872,0.9999731102284795
970873,0.9987072985410844
970874,0.9997208586227149
970875,0.7696043673932191
970876,0.21606328635326988
970877,0.9999291047327168
970878,0.3051334301645182
970879,0.18093652252633952
970880,0.019731403313943185
970881,0.6158507162459063
970882,0.03155050168683771
970883,0.9999863733635577
970884,0.9905778683417745
970885,0.9981980744977361
970886,0.9978810698296765
970887,0.9989371693927321
970888,0.9997052095351818
970889,0.13022289677626298
970890,0.4169375396025624
970891,0.4344102578421695
970892,0.9025041749932372
970893,0.5777526621156611
970894,0.0038764911915569796
970895,0.2923001251360976
970896,0.9927518704617695
970897,0.9705076235687204
970898,0.9765747367006274
970899,0.5487514748070687
970900,0.9976630032523044
970901,0.996218393432008
970902,0.9697423514167653
970903,0.9998926755621858
970904,0.08965045967866084
970905,0.9996967035733031
970906,0.35123574308945327
970907,0.2945328235015583
970908,0.49765621193726695
970909,0.4917251671100108
970910,0.9999304654274532
970911,0.9961497663234109
970912,0.9983427968896328
970913,0.9931662989420249
970914,0.9999523375270157
970915,0.03902494338559402
970916,0.9508976593052652
970917,0.9998045510131724
970918,0.9999237508242711
970919,0.9557246604478009
970920,0.6017623602012125
970921,0.32361978687419746
970922,0.010257991087969903
970923,0.9999402526615271
970924,0.9652072165542986
970925,0.9752978877601947
970926,0.9697108658930618
970927,0.9904756496848565
970928,0.9732842848388175
970929,0.9842774784349566
970930,0.307219643317479
970931,0.9991749148043824
970932,0.5493434306402145
970933,0.21913915352955057
970934,0.7560012776371561
970935,0.0067456795381270465
970936,0.42365475202907626
970937,0.6086648091344279
970938,0.9976891465080718
970939,0.9959173355478113
970940,0.0352742061682061
970941,0.0386167492178165
970942,0.9977653043080138
970943,0.5568190404486888
970944,0.740259870491618
970945,0.738225393481973
970946,0.5018505304792963
970947,0.9885849857831612
970948,0.9997003982483998
970949,0.9993707725611245
970950,0.99939965542643
970951,0.3151926993887497
970952,0.9753474236867039
970953,0.11664581105736435
970954,0.9989838773241999
970955,0.8183917238893508
970956,0.949425528014119
970957,0.4997754733991517
970958,0.07344829733003777
970959,0.028650892760375146
970960,0.9997175902886728
970961,0.9857977373558419
970962,0.6035080105095819
970963,0.008188811749764083
970964,0.9991588780683618
970965,0.9924714688606382
970966,0.8652217879672134
970967,0.9847568742030717
970968,0.2995790384582525
970969,0.9999821358679016
970970,0.7944381352510652
970971,0.42057336294764047
970972,0.9983751430625922
970973,0.9999015070897945
970974,0.9632754944198214
970975,0.7810291674616188
970976,0.9684253141126539
970977,0.5862478327821553
970978,0.87943427642913
970979,0.9982896516113248
970980,0.025316386231604086
970981,0.9997799489966279
970982,0.16055832381117086
970983,0.9950507447554751
970984,0.9617798077306488
970985,0.6720751004541052
970986,0.0063982743539130246
970987,0.6840801241004183
970988,0.9829231732488677
970989,0.009122851663001391
970990,0.9994409936184285
970991,0.9981146860791322
970992,0.24120177686935013
970993,0.9510858875856935
970994,0.36632126980206225
970995,0.9999224000417313
970996,0.9993677453157608
970997,0.5958625889362587
970998,0.9994582324010884
970999,0.5699407521702371
971000,0.33670761275435435
971001,0.9472611893906062
971002,0.828716619633942
971003,0.9996401993706687
971004,0.9645707873402032
971005,0.24924302292839692
971006,0.04012670966910975
971007,0.008733960181268919
971008,0.9088910762534095
971009,0.9926739751551927
971010,0.05580739220539821
971011,0.10896513964097895
971012,0.9944185769033463
971013,0.9210552137007999
971014,0.9678591926320987
971015,0.9963730075677162
971016,0.9430404238643956
971017,0.038921342761729344
971018,0.9924682029109552
971019,0.9057373482836821
971020,0.9980930729655851
971021,0.9985868932096883
971022,0.02167858580173231
971023,0.9993648348962256
971024,0.8309363393117798
971025,0.5653903439254714
971026,0.9999402570956313
971027,0.9993982934491674
971028,0.9201068570363746
971029,0.9857165675830886
971030,0.9998613176417932
971031,0.999982053620449
971032,0.8592244833319349
971033,0.9956542994973705
971034,0.910655565197598
971035,0.9981408144586736
971036,0.22117651374326408
971037,0.2496393263058935
971038,0.3118968907190746
971039,0.7566727812071744
971040,0.2725179862986833
971041,0.9999833016053953
971042,0.9959247126374048
971043,0.02599000058948747
971044,0.9740012067000481
971045,0.9812187605375239
971046,0.9998407510032898
971047,0.2914057496017597
971048,0.9976496279168882
971049,0.9349700170822953
971050,0.9945459617649117
971051,0.5656679098473846
971052,0.6787059066645466
971053,0.558503480105075
971054,0.03284931761445424
971055,0.9995864797140248
971056,0.9394907576018807
971057,0.9989715679984241
971058,0.9607324033671778
971059,0.04484950901400361
971060,0.5569748632740796
971061,0.02924123141443805
971062,0.9257723073840336
971063,0.9980572929513423
971064,0.9977266119422245
971065,0.06521936105729974
971066,0.9605108016104202
971067,0.9999089256659391
971068,0.695099582053591
971069,0.6851935471812434
971070,0.2674039083941295
971071,0.4962841445342087
971072,0.9917142929902774
971073,0.9683457582066155
971074,0.9999274905340672
971075,0.999365907456282
971076,0.9993716192945497
971077,0.015725564524969187
971078,0.5288936152194532
971079,0.9874110176756022
971080,0.9968641058950276
971081,0.9997063653575136
971082,0.9988303884536955
971083,0.7166853049041431
971084,0.9891921475423884
971085,0.9716155002704523
971086,0.9995723828843623
971087,0.05924991890699567
971088,0.33884372945918
971089,0.46870864317454575
971090,0.027500805093688463
971091,0.32347749759175404
971092,0.5576842476467823
971093,0.5702052727283926
971094,0.8105748547549723
971095,0.04179182063097735
971096,0.9555386488381514
971097,0.11171128227183652
971098,0.7140983190741343
971099,0.6041895550675707
971100,0.49345863036083815
971101,0.9998303783924058
971102,0.9252942005387117
971103,0.9835171947600458
971104,0.4350670543858167
971105,0.023386918946541074
971106,0.7168210625956843
971107,0.7194624332464505
971108,0.9999261150266295
971109,0.8222932954009592
971110,0.4038473211058794
971111,0.6251023679050834
971112,0.15491115709817377
971113,0.3818817039224683
971114,0.5396421241189883
971115,0.08611890714539819
971116,0.9996921588404293
971117,0.999957476932499
971118,0.2797876304273739
971119,0.9970121899049557
971120,0.3530423566511846
971121,0.04335945610472982
971122,0.9671295441523384
971123,0.9989445479802752
971124,0.9947164433014872
971125,0.13713669280898771
971126,0.9964960992352841
971127,0.8700994103934663
971128,0.9961543142500211
971129,0.9300840775772947
971130,0.9972431262949029
971131,0.07905257640965095
971132,0.9960134648368315
971133,0.7045459285840343
971134,0.7502154586852907
971135,0.006853287843511681
971136,0.5187185309701553
971137,0.9998976601166663
971138,0.5087889073472962
971139,0.9999792145019308
971140,0.9710628984058645
971141,0.9760678265719351
971142,0.9999230549886872
971143,0.04713175932463505
971144,0.9631826250881395
971145,0.9999656074549594
971146,0.9980870387721872
971147,0.2630215761313947
971148,0.2772553188324296
971149,0.9694924762205155
971150,0.9984432193648023
971151,0.8835418014669816
971152,0.9492273814922334
971153,0.37792175881902446
971154,0.9999605313234581
971155,0.9998949529452088
971156,0.8274240546305379
971157,0.999907058498424
971158,0.9247664863098747
971159,0.9002215377352435
971160,0.5238894078126243
971161,0.9999109789302922
971162,0.3038380858253817
971163,0.9913088733676994
971164,0.9998359217504984
971165,0.8693859607776933
971166,0.9861847440181571
971167,0.9999451609332782
971168,0.5460503303694224
971169,0.055473350494123365
971170,0.8878457700800347
971171,0.9999695088199493
971172,0.9995345814698319
971173,0.9997412065437139
971174,0.9669499147461309
971175,0.999849384659393
971176,0.9994200817119466
971177,0.882226558814474
971178,0.9335949820401706
971179,0.09787766462508465
971180,0.6972036715221313
971181,0.6565641149948076
971182,0.9998210318753569
971183,0.9887927124472202
971184,0.6206365332359804
971185,0.8249700901930059
971186,0.33469831756108603
971187,0.9602632282456529
971188,0.7153525343603567
971189,0.054937518851982683
971190,0.9992286883357792
971191,0.9962647416606575
971192,0.9102883860260137
971193,0.9709537386018889
971194,0.05815232747303498
971195,0.9999828546325458
971196,0.990856072793675
971197,0.1835017245833426
971198,0.557852028896501
971199,0.9999790927527172
971200,0.9806582227978056
971201,0.9994869153790553
971202,0.8422425097554475
971203,0.5162391474085425
971204,0.18276424955002313
971205,0.9999590321689156
971206,0.9998564847420309
971207,0.9595130658669218
971208,0.9999770216082975
971209,0.9993425074921243
971210,0.024144760325731804
971211,0.9999882265303252
971212,0.9233678851688749
971213,0.9941522622611015
971214,0.9969311222647227
971215,0.9981909413780505
971216,0.8659961431629811
971217,0.8488985812136742
971218,0.9416410290259878
971219,0.9277271772288683
971220,0.9995519859297926
971221,0.9991167776555652
971222,0.8893361015761956
971223,0.9996948865583306
971224,0.9988907905502523
971225,0.7579391595090871
971226,0.9069676487934639
971227,0.9998559589766749
971228,0.9992909862634516
971229,0.02303632409468202
971230,0.08285939849569025
971231,0.006914068961966348
971232,0.9998154704221647
971233,0.9995627148135559
971234,0.4081457784972904
971235,0.9995785158126144
971236,0.9997706943332778
971237,0.8069629762333759
971238,0.10296282236097776
971239,0.012421854286056208
971240,0.9990016002889821
971241,0.9549464787157051
971242,0.08241724190380073
971243,0.9998813427270812
971244,0.832742130605778
971245,0.8499850698285442
971246,0.03063290234129961
971247,0.10224941542854388
971248,0.8035217564744488
971249,0.9999547476675655
971250,0.9998413170283031
971251,0.8908894723306563
971252,0.1231089399125819
971253,0.9636923872141498
971254,0.02678742713622249
971255,0.9999496691063963
971256,0.04318383993860487
971257,0.5095865949564282
971258,0.07700497242731719
971259,0.16572961021337826
971260,0.9992259577127791
971261,0.8113765602048671
971262,0.1360159753771007
971263,0.9983426539445498
971264,0.9988630219688889
971265,0.9962183484008563
971266,0.9492773836375408
971267,0.06012766273644948
971268,0.992925852272349
971269,0.6214348728331018
971270,0.3269528787866496
971271,0.9960461504717518
971272,0.23916508243582518
971273,0.9422320149560041
971274,0.9970047468078046
971275,0.925707163131112
971276,0.9994445426896521
971277,0.23429126519950058
971278,0.995415088334194
971279,0.2210920193833771
971280,0.039750755373438654
971281,0.9442587573653265
971282,0.9638615043782967
971283,0.9694798704024259
971284,0.9996843671384468
971285,0.9999084199262702
971286,0.998739797298098
971287,0.006491217463176038
971288,0.9997728398173845
971289,0.7225867668277655
971290,0.9998419403397394
971291,0.09422113740600208
971292,0.9956134159251404
971293,0.9967939803304537
971294,0.9998362722945592
971295,0.998613128025611
971296,0.99967354368348
971297,0.8475406158568368
971298,0.061315231701766434
971299,0.9993977258957959
971300,0.9609668528930491
971301,0.9993428462055072
971302,0.341652722949197
971303,0.22952996762314282
971304,0.9987741877812572
971305,0.9996742166546442
971306,0.8548559439884902
971307,0.9034445845184043
971308,0.9940709590303423
971309,0.990817600249648
971310,0.9917629249923257
971311,0.21203664287609436
971312,0.8304745457195477
971313,0.950080427329393
971314,0.999983429309746
971315,0.8645166639777672
971316,0.3963046544004795
971317,0.9986756729837216
971318,0.9763900086398294
971319,0.0823512783745142
971320,0.2461898184696426
971321,0.030976268430358285
971322,0.9998340576594034
971323,0.9603247511393844
971324,0.1281464953413245
971325,0.9231458050392352
971326,0.5893583298185081
971327,0.9947018253380684
971328,0.8957703780515459
971329,0.2681467517362957
971330,0.9997269714973029
971331,0.9962191666201378
971332,0.998894225701322
971333,0.035828669296324986
971334,0.016947362386372823
971335,0.8124039327320209
971336,0.9998833958422125
971337,0.9560375856733274
971338,0.011472679886431377
971339,0.9984163206445678
971340,0.9623076659837946
971341,0.9756052894767606
971342,0.47582546820236415
971343,0.023436306427266802
971344,0.05075051082333674
971345,0.9993693628435731
971346,0.9345172234560952
971347,0.6821096220161776
971348,0.016427786687344854
971349,0.03186971980188644
971350,0.9781836979160707
971351,0.9486643462195028
971352,0.8957601937403792
971353,0.998937041339702
971354,0.16218539423498018
971355,0.03734863637511764
971356,0.36132482914614394
971357,0.7233162773774963
971358,0.03537605050935643
971359,0.9969661861231925
971360,0.9996432439299257
971361,0.12428299795592153
971362,0.7285563341012268
971363,0.9997866874668384
971364,0.8163730627689918
971365,0.996851479305358
971366,0.9982198099531892
971367,0.99672834841445
971368,0.4639396544747806
971369,0.9995438098319643
971370,0.9997218364875362
971371,0.878241833531932
971372,0.22450764889408187
971373,0.7597772543235921
971374,0.3825936929292566
971375,0.9848372534922883
971376,0.996821982497208
971377,0.8026044224294928
971378,0.9925545964321989
971379,0.9379813488023248
971380,0.9996552576721572
971381,0.04602201765861197
971382,0.9993255281279048
971383,0.33052943797247714
971384,0.7035497869843977
971385,0.9942358665890582
971386,0.9999761029502199
971387,0.9997289216389811
971388,0.8546497341017318
971389,0.18140266706708558
971390,0.9997995813948228
971391,0.9984434020109008
971392,0.9414972820976455
971393,0.030971118263508287
971394,0.9764964600581523
971395,0.7785367432391257
971396,0.9874920691407023
971397,0.9987119695058944
971398,0.9967977100899383
971399,0.9998145623138652
971400,0.8739948660480737
971401,0.10209617725585918
971402,0.228474577362406
971403,0.9998254767373688
971404,0.915808250564228
971405,0.06253682570199151
971406,0.9996638742491756
971407,0.999799113370887
971408,0.3008704333243681
971409,0.999604052695868
971410,0.9975407618556738
971411,0.9999166746271173
971412,0.5179919765075753
971413,0.9984325918731181
971414,0.03580282494315273
971415,0.815219339501263
971416,0.1111677571155618
971417,0.9243418293003869
971418,0.9992213000711725
971419,0.48516456576572986
971420,0.9987113659640563
971421,0.9928394278748423
971422,0.9994415666143424
971423,0.999859890376346
971424,0.9997893575545622
971425,0.844441401922479
971426,0.7587027810976001
971427,0.04374115347369954
971428,0.43194920453204877
971429,0.8584244460071071
971430,0.1720267309067372
971431,0.08345858911030017
971432,0.9999830098538454
971433,0.6253504328757965
971434,0.6806571347531594
971435,0.894758077496081
971436,0.817071000634982
971437,0.9198725398916663
971438,0.9696550730618443
971439,0.9998688810076417
971440,0.8814440826965806
971441,0.6109123979799205
971442,0.9850042927519843
971443,0.9943732763065887
971444,0.31772951742842565
971445,0.6847871303948233
971446,0.5308253440708579
971447,0.9999729278118824
971448,0.8661972228679377
971449,0.9984508439679263
971450,0.7990394321531491
971451,0.8247560093961712
971452,0.17309243390474421
971453,0.9977604221938361
971454,0.9997448081998448
971455,0.025363402357649688
971456,0.1482913125937261
971457,0.9999916110706077
971458,0.39952414337687336
971459,0.019439931913143804
971460,0.5118810643454986
971461,0.9998880190271495
971462,0.04146455461375026
971463,0.9999897917898455
971464,0.2142612188773111
971465,0.9998081720357013
971466,0.9999857874333864
971467,0.9999068748884493
971468,0.9998923655240837
971469,0.9999227509431579
971470,0.9961508847346588
971471,0.5603795714685328
971472,0.9564418381114341
971473,0.9776708682966422
971474,0.9699563996748599
971475,0.1375854448341608
971476,0.3005301935526814
971477,0.9992009064810536
971478,0.004976516979910774
971479,0.9998833022018823
971480,0.9998778617523616
971481,0.7413553815734807
971482,0.8363425646677539
971483,0.9956340688792514
971484,0.3553602979868635
971485,0.7947535621797117
971486,0.751614805148596
971487,0.9998883052122953
971488,0.999733626715887
971489,0.09463240605336583
971490,0.9739243237817039
971491,0.5102825484573075
971492,0.9997733890720473
971493,0.615634631306335
971494,0.5218368039554814
971495,0.9841611113439965
971496,0.008815680620475936
971497,0.9999630872725852
971498,0.9999121073151135
971499,0.9179404249237251
971500,0.9430684046480047
971501,0.9999691185417183
971502,0.5979979771337396
971503,0.9997570913130136
971504,0.9983787088624605
971505,0.14150039486005198
971506,0.9999567663505835
971507,0.9999803450713854
971508,0.1527780961384919
971509,0.07177157374413547
971510,0.9999235337238361
971511,0.04465747867019112
971512,0.8782035678807146
971513,0.9943486596035551
971514,0.994425814498842
971515,0.9997908769009737
971516,0.6809430759041488
971517,0.2768401752429531
971518,0.9977041705797652
971519,0.019891481243531035
971520,0.9918970312528673
971521,0.6211908443384131
971522,0.9997550374133158
971523,0.21210805377342623
971524,0.9967819087860199
971525,0.8879938155809246
971526,0.9999739637854743
971527,0.999855675836723
971528,0.9994151589431198
971529,0.019415347175981763
971530,0.8294809938462495
971531,0.9994377375035678
971532,0.7930583082095968
971533,0.2651700313390167
971534,0.5131859136754474
971535,0.6558865989046281
971536,0.9576262869559431
971537,0.6543934329623472
971538,0.782930982565941
971539,0.9941310404226824
971540,0.9999768914805096
971541,0.039702885954353034
971542,0.9834585702620087
971543,0.9934874490884871
971544,0.7091619329508783
971545,0.9734487359043986
971546,0.047207658742612416
971547,0.1822411902410494
971548,0.9998465176293159
971549,0.9990746699174172
971550,0.9997794248566891
971551,0.9995132784291415
971552,0.5466544326442186
971553,0.8975995321224682
971554,0.7704387685301278
971555,0.5912518975561096
971556,0.6343404819396796
971557,0.9217657111304142
971558,0.5141877804088727
971559,0.8911068805666312
971560,0.9943186403527259
971561,0.07928000358944874
971562,0.9993268120331383
971563,0.10116128123189522
971564,0.9997260706966142
971565,0.9998543724762963
971566,0.9853868784648002
971567,0.7663623709677927
971568,0.9909781265455097
971569,0.9999091710722764
971570,0.7776665900544097
971571,0.9999491632868942
971572,0.990272451595331
971573,0.04636045223188269
971574,0.9999743798176635
971575,0.8636048466856967
971576,0.27653094025839065
971577,0.9997195806743933
971578,0.9984296365742276
971579,0.999989364914385
971580,0.9898769338827984
971581,0.8889659389356002
971582,0.9900019418875902
971583,0.2609682927024475
971584,0.9992562334799728
971585,0.9739480054401083
971586,0.999904049878826
971587,0.7130324485176496
971588,0.2580327380989397
971589,0.13365092401307813
971590,0.9990537554840189
971591,0.8578782162735983
971592,0.17982322534740408
971593,0.8220095062798245
971594,0.2590766205603008
971595,0.9543772229044807
971596,0.07786618652382168
971597,0.9998863751120384
971598,0.9995402750530528
971599,0.9995406790320212
971600,0.9122339123837782
971601,0.9997091042647204
971602,0.9975044965338246
971603,0.6446474359731749
971604,0.9973687363927551
971605,0.9574542492166906
971606,0.28134712672475337
971607,0.9999745519982786
971608,0.8750555220565017
971609,0.9999507392681808
971610,0.9993715318282714
971611,0.580214534158262
971612,0.9996228456726782
971613,0.5258530317109953
971614,0.5439499108202226
971615,0.06073750441401014
971616,0.12534305940573173
971617,0.049779593310024975
971618,0.9997308920492554
971619,0.9961331055730289
971620,0.9999680735973226
971621,0.9994271613114595
971622,0.9994319412886274
971623,0.9999702960951237
971624,0.9978049780020075
971625,0.008631919076183986
971626,0.25371413074932997
971627,0.999680414672038
971628,0.00380704942183219
971629,0.999940257139997
971630,0.14695476906380428
971631,0.9992693129347235
971632,0.999464850278007
971633,0.9936971555782952
971634,0.016238702746416988
971635,0.8702087013877922
971636,0.12106090403177562
971637,0.9997249805968345
971638,0.2101541734707203
971639,0.17815796071389828
971640,0.999571456234432
971641,0.5995048194162651
971642,0.2924470224481303
971643,0.5757559686179555
971644,0.8974239831035021
971645,0.9995029578444944
971646,0.5731675710865589
971647,0.9991900333637425
971648,0.6166760821967658
971649,0.9469687121289554
971650,0.41742613687363145
971651,0.11310361182235226
971652,0.681606799762789
971653,0.9999616569299792
971654,0.43863274209639636
971655,0.4580254372403627
971656,0.027160729433118286
971657,0.9842454383057293
971658,0.992977568093836
971659,0.0046515614104136235
971660,0.8494607166802313
971661,0.8990682588655847
971662,0.521654439443838
971663,0.9977477701883726
971664,0.9999506748656977
971665,0.9995201070587453
971666,0.0707464610632035
971667,0.2768374539881263
971668,0.9997563977095085
971669,0.8113017635866796
971670,0.616416594892883
971671,0.9992410065422108
971672,0.9661739432706793
971673,0.0051053396998220054
971674,0.9998361419815143
971675,0.9999649511227917
971676,0.9648183691657719
971677,0.9999835467019962
971678,0.9999294964517886
971679,0.9891139183415076
971680,0.5775047715545896
971681,0.9142986242773525
971682,0.9776722469011638
971683,0.3668121735742628
971684,0.9983181762112793
971685,0.8650691316770143
971686,0.06572585976282161
971687,0.7027970333446092
971688,0.48429665030081165
971689,0.9925570134911946
971690,0.999849570024826
971691,0.9988986825417442
971692,0.9999827733895739
971693,0.9253685886257018
971694,0.8373887408138916
971695,0.9987649472671243
971696,0.7809523152790427
971697,0.9390875727200818
971698,0.9057699322847187
971699,0.4402309250833912
971700,0.944589143401461
971701,0.5779742691186094
971702,0.4102069658998023
971703,0.9955598248815601
971704,0.23937233117933554
971705,0.9543326290687656
971706,0.9564843006541264
971707,0.8443654789532837
971708,0.18317247605509052
971709,0.999989088112972
971710,0.6511886241789016
971711,0.9419848605746448
971712,0.9989829569883559
971713,0.99979267413695
971714,0.0712157359061178
971715,0.9800501044141212
971716,0.9997112501187982
971717,0.8641196176297669
971718,0.831229666735749
971719,0.9488624422186895
971720,0.710324642811569
971721,0.9999128826808548
971722,0.7099826934233076
971723,0.5226465938113162
971724,0.6731542210737379
971725,0.5223154557307009
971726,0.05524723616038073
971727,0.08133827333899578
971728,0.04602598852961359
971729,0.9179319413703046
971730,0.27464139990575753
971731,0.7365019518559779
971732,0.9743817888642228
971733,0.32801126284990856
971734,0.9998431476855856
971735,0.6282491902788039
971736,0.970123731505636
971737,0.9998036238469357
971738,0.9639462729039565
971739,0.40492886003377343
971740,0.9985822247164269
971741,0.9999463658166552
971742,0.3449530044180331
971743,0.09006738886347804
971744,0.9982394628255447
971745,0.9016723961015976
971746,0.9197010936640186
971747,0.9460003872368784
971748,0.9975548588863183
971749,0.9972753104438588
971750,0.9989267399965736
971751,0.00645909944392282
971752,0.9997058806037338
971753,0.5682032041138269
971754,0.8963197215586122
971755,0.9576792558050595
971756,0.9993625175724433
971757,0.11262029922487919
971758,0.14495550878642124
971759,0.9996067716423387
971760,0.0024445521818967347
971761,0.49945387812652
971762,0.999981696712205
971763,0.9951767124672042
971764,0.14909702700774205
971765,0.9998376030367542
971766,0.9298683298368746
971767,0.05622968574099032
971768,0.013733706771851192
971769,0.912201116556948
971770,0.9972488380536633
971771,0.011686442778000778
971772,0.990541663685875
971773,0.6776161287928286
971774,0.8882809052092341
971775,0.8633256885577415
971776,0.9993523567974432
971777,0.2336445946300787
971778,0.9999314728170798
971779,0.038127726362408014
971780,0.9774922886284558
971781,0.07064661402491262
971782,0.6710159090180559
971783,0.9992553817282277
971784,0.9995343484841581
971785,0.9992209007073608
971786,0.9999476417879444
971787,0.9778065034350942
971788,0.9974178673907883
971789,0.2302780973795947
971790,0.9698554407784739
971791,0.9881172831392773
971792,0.2960382590800535
971793,0.7065832302920563
971794,0.1469192229005498
971795,0.9872826051038344
971796,0.9769078048624528
971797,0.9798992272650193
971798,0.9986652425031738
971799,0.18027526600168975
971800,0.5474189651596695
971801,0.9606143185059614
971802,0.7674037982315856
971803,0.2580407253388129
971804,0.2986774802260685
971805,0.9993699628867438
971806,0.4065097580002821
971807,0.13355504273828964
971808,0.7166393454944533
971809,0.9999593103517548
971810,0.9975574518764172
971811,0.5495299201719026
971812,0.10269792620671059
971813,0.009755827771259782
971814,0.9772512631331605
971815,0.9805414011919231
971816,0.9998889047236692
971817,0.06880145920010983
971818,0.7453495414795805
971819,0.7626084396838138
971820,0.053429614613336444
971821,0.8559439292005842
971822,0.999052667876787
971823,0.26076972331223136
971824,0.027716663021089702
971825,0.9999389845130927
971826,0.9994791092918588
971827,0.6246515147693077
971828,0.999857716965749
971829,0.9207407556201895
971830,0.8792255849209254
971831,0.8707415995935066
971832,0.7820778270930184
971833,0.9989304546598203
971834,0.7411183537151226
971835,0.9996883547874299
971836,0.9574445226237094
971837,0.9961825809989949
971838,0.9985108389751229
971839,0.9212379547125897
971840,0.9999643950040287
971841,0.5799529699428031
971842,0.1806285114757913
971843,0.8543622700666791
971844,0.9997733668887154
971845,0.9999862273975371
971846,0.9996833017372648
971847,0.820170203322387
971848,0.9102945205709683
971849,0.9378843750406892
971850,0.9999532622753118
971851,0.09295110303113929
971852,0.9911945714311615
971853,0.9999107629840034
971854,0.40765351439145464
971855,0.06524829147925686
971856,0.9998255462827905
971857,0.2040550774557226
971858,0.7537534152850021
971859,0.05781268145845374
971860,0.9995306127829268
971861,0.9599464188653499
971862,0.039025193806831754
971863,0.999094279547972
971864,0.08859876857825136
971865,0.9999770508041803
971866,0.017932626862269603
971867,0.41003520581332636
971868,0.23575385434221535
971869,0.9998984224944536
971870,0.9873675154229797
971871,0.1507385303282156
971872,0.47972860604249556
971873,0.6127197193909164
971874,0.19106858514299824
971875,0.2837582259189393
971876,0.9932139075091599
971877,0.6775455966027013
971878,0.691093134093355
971879,0.9716831071972216
971880,0.9994831306310975
971881,0.97314486204501
971882,0.9992311928126667
971883,0.9869858057781474
971884,0.04983555409592577
971885,0.31367586435189215
971886,0.14011347473677976
971887,0.9999367289122848
971888,0.9999851019787869
971889,0.9984309150776501
971890,0.9967773043803207
971891,0.9958903583736053
971892,0.9999482769827401
971893,0.8944603093791994
971894,0.9998764901014309
971895,0.32144966597357194
971896,0.08620913322511176
971897,0.8623524853640272
971898,0.9992273079852529
971899,0.05255218940829646
971900,0.6915560412186356
971901,0.9992890706288204
971902,0.8315183506649059
971903,0.5945804217954087
971904,0.9869729879528983
971905,0.7619477457158326
971906,0.997406879661288
971907,0.0130393598017288
971908,0.6380532412573459
971909,0.9998577923631539
971910,0.999974024432576
971911,0.4495200245963744
971912,0.994481393492296
971913,0.9975992132488349
971914,0.3097363285157043
971915,0.9994773964995727
971916,0.7785897977217857
971917,0.9995398292111486
971918,0.21393987955793417
971919,0.9628363777018023
971920,0.998502441417197
971921,0.9999066774718849
971922,0.9999754512209423
971923,0.9999320001561834
971924,0.09796045181041038
971925,0.9921574723657018
971926,0.999886167496348
971927,0.9876303960491839
971928,0.3360242302845666
971929,0.9413359052557702
971930,0.9996645044525363
971931,0.48941276968816055
971932,0.9997643190814649
971933,0.9998433668600395
971934,0.9994485115783971
971935,0.7792223840368924
971936,0.05829118896782369
971937,0.7127779721132244
971938,0.9999363161875829
971939,0.7815411734991128
971940,0.9807613138026903
971941,0.9924902048182161
971942,0.9999426589362289
971943,0.9998327055408904
971944,0.9840737870396634
971945,0.9987272715651868
971946,0.9278070961325672
971947,0.34252904859073807
971948,0.9999874084723469
971949,0.9402573976504339
971950,0.8933648879660234
971951,0.8441602469034911
971952,0.9951593735934938
971953,0.9911444538915664
971954,0.9996762780061271
971955,0.940092264409767
971956,0.9992269812480199
971957,0.025474587974917435
971958,0.9998345735724625
971959,0.9999879545539704
971960,0.5618492006752096
971961,0.997588721868391
971962,0.9916172166988166
971963,0.9656603285871526
971964,0.9990108407736475
971965,0.9748281440334479
971966,0.917569145368933
971967,0.9939831307755684
971968,0.8697910139698077
971969,0.01599981706731077
971970,0.17986474398718197
971971,0.9217061081036021
971972,0.964195532050308
971973,0.1301373124773419
971974,0.9997671771482788
971975,0.999792249552339
971976,0.43413565786557995
971977,0.8744805953841855
971978,0.8122090415595571
971979,0.2144651773580984
971980,0.8915409274913748
971981,0.998003165137983
971982,0.9998652724452136
971983,0.34805738685936527
971984,0.9992463907275003
971985,0.9995286962331849
971986,0.9996303500774751
971987,0.9551393607596725
971988,0.2184004082474928
971989,0.016231658777695675
971990,0.07995700819971527
971991,0.9999810408903974
971992,0.8728295429914668
971993,0.8468979484340566
971994,0.9797375805174996
971995,0.9978345313392556
971996,0.019392817213281007
971997,0.9967401752665336
971998,0.19132486871418114
971999,0.9999843959825243
972000,0.5795801669603371
972001,0.7510621430406879
972002,0.9997884590812292
972003,0.9992136550882281
972004,0.999959924449928
972005,0.011591086700864879
972006,0.09665133090206732
972007,0.9977468755756993
972008,0.0858665439955471
972009,0.0768674114914722
972010,0.9977163506520248
972011,0.7950728770899096
972012,0.9969661888063003
972013,0.5519239641512287
972014,0.9976452119534301
972015,0.16880004815418234
972016,0.03642709795725617
972017,0.9990803345122601
972018,0.9762141261720677
972019,0.7599344636322869
972020,0.9863558499772619
972021,0.5872060036419092
972022,0.12545532278436722
972023,0.2946416948050178
972024,0.8886745224777638
972025,0.6798337888803869
972026,0.9202697115508418
972027,0.24484290220467173
972028,0.9998752390074873
972029,0.9998387806021551
972030,0.9987963046279527
972031,0.3197969325264486
972032,0.9984069073939872
972033,0.9989092181791596
972034,0.9478105911286969
972035,0.9874031071622089
972036,0.9998386176493848
972037,0.47899129017797437
972038,0.5259043965548066
972039,0.6495988167504241
972040,0.9978496664708623
972041,0.9998653255825295
972042,0.06905023199549568
972043,0.8448847103798303
972044,0.9762849462958532
972045,0.9997746915312501
972046,0.03211269974938873
972047,0.670300572985452
972048,0.9307466647177045
972049,0.9999731823883871
972050,0.9997069316281457
972051,0.880346917274597
972052,0.9952173594782409
972053,0.6191121816450323
972054,0.9416937683726847
972055,0.05498388630349914
972056,0.9952948796329343
972057,0.7190953317117457
972058,0.9998737579590717
972059,0.7040314238394477
972060,0.6246195416509069
972061,0.9999577081129046
972062,0.3883761079368231
972063,0.9999744097207356
972064,0.22607340568619871
972065,0.5859975612697552
972066,0.9999707204460258
972067,0.9998359986391194
972068,0.9993628505264925
972069,0.033664618713679095
972070,0.9417050070233957
972071,0.9989876365227628
972072,0.9477787151289819
972073,0.999429135381891
972074,0.9992076437062664
972075,0.22558071787602724
972076,0.9999734977381348
972077,0.9999458699286783
972078,0.14742681506604688
972079,0.9455288660475561
972080,0.9987509724402039
972081,0.2241794929072577
972082,0.6856379034817872
972083,0.557060166149386
972084,0.634739543641987
972085,0.998175971466984
972086,0.3538094000293589
972087,0.99978972407192
972088,0.9999174352995104
972089,0.2296281743498459
972090,0.997265458517279
972091,0.854331832420117
972092,0.48725671349220867
972093,0.9996399334472512
972094,0.9793927239978041
972095,0.6975110880824239
972096,0.9898211896823357
972097,0.9907952140589548
972098,0.9986317093188615
972099,0.05399006100350892
972100,0.9978524416041634
972101,0.99969595925706
972102,0.4282189656773621
972103,0.1386210740816091
972104,0.9996797673029735
972105,0.9936867918810931
972106,0.9939825679131808
972107,0.9936734445285675
972108,0.99917945828466
972109,0.5849763478622927
972110,0.8647281833125223
972111,0.9866705156188995
972112,0.9997850591459176
972113,0.9999692243754587
972114,0.9761021816524524
972115,0.997966068065625
972116,0.39336578211793616
972117,0.9998449756350594
972118,0.9998808982871554
972119,0.7771853748451003
972120,0.9917076000137178
972121,0.9976971438117437
972122,0.8031001874675916
972123,0.9983653425478072
972124,0.9885892997888017
972125,0.5404571570450604
972126,0.8021468735846411
972127,0.6953715721195047
972128,0.31327674640386094
972129,0.9997869840769252
972130,0.9995788473290248
972131,0.2553538371451661
972132,0.5563883190719383
972133,0.999855367768023
972134,0.9825583918570409
972135,0.5354583486094183
972136,0.9725048823226912
972137,0.9987004882648429
972138,0.9988352489120464
972139,0.019111751720333213
972140,0.1147196468099991
972141,0.9991603138264455
972142,0.9991746717004437
972143,0.0068619897791627514
972144,0.9818799797114557
972145,0.9999211798458396
972146,0.99985185426331
972147,0.9675233911834568
972148,0.9821800579898043
972149,0.9986811033146132
972150,0.9420527242317812
972151,0.34242152702147277
972152,0.9742511023838322
972153,0.9875950304984391
972154,0.29815819386493714
972155,0.9672499450684491
972156,0.8693804452021466
972157,0.9978419574977961
972158,0.8451571654128849
972159,0.9764914396104852
972160,0.6083373870044532
972161,0.008755168978443606
972162,0.7935739986124962
972163,0.009333366620628511
972164,0.8415557760059116
972165,0.9041343807222977
972166,0.22771873941711007
972167,0.9973755417024286
972168,0.03618983548810302
972169,0.5380185960885064
972170,0.8151931696907602
972171,0.12074199528139365
972172,0.9734030473687112
972173,0.12175109079783646
972174,0.6899932614695123
972175,0.5192073547854329
972176,0.18534495772585485
972177,0.9376162572056639
972178,0.7991902509137032
972179,0.9701008230609462
972180,0.5991345943284573
972181,0.14581489557982608
972182,0.9995529743888676
972183,0.9284923117753443
972184,0.9289439006127955
972185,0.9774473016002263
972186,0.20143651734331533
972187,0.9999829318222093
972188,0.9993627732587198
972189,0.5861229980588671
972190,0.9526233804649407
972191,0.43297313895060874
972192,0.8528583640170668
972193,0.9406270451198322
972194,0.6390465086643603
972195,0.7037659140024352
972196,0.2462794218793162
972197,0.9972962416621463
972198,0.013312120498156966
972199,0.9996171922706875
972200,0.9992260595208071
972201,0.9995771375908139
972202,0.9985586762912892
972203,0.9995507617066142
972204,0.9614473646617536
972205,0.9997785269538825
972206,0.07483932282167984
972207,0.031685595466113645
972208,0.34240661485983326
972209,0.9999250556171518
972210,0.040310897552241945
972211,0.9340033184296461
972212,0.9998793027886921
972213,0.996950507055586
972214,0.9952611919777186
972215,0.9999879127526276
972216,0.9999430838683425
972217,0.6029560208100491
972218,0.9996621653207923
972219,0.5938982349945442
972220,0.9997228947013415
972221,0.3500742130405792
972222,0.737170212291038
972223,0.22792883688018573
972224,0.9270966181166455
972225,0.6157396326887533
972226,0.9998142568050119
972227,0.9998020897029269
972228,0.9795485290959005
972229,0.6266761961126108
972230,0.05354321263253117
972231,0.994629802274231
972232,0.8974233965510817
972233,0.027414515837081717
972234,0.9998460888547605
972235,0.27127033901522524
972236,0.9996084736769588
972237,0.10120337869866385
972238,0.14849718409104956
972239,0.738293173023302
972240,0.8192194609333103
972241,0.3440626558290635
972242,0.7496655280325755
972243,0.99943440016626
972244,0.030364570336486246
972245,0.09734156096579852
972246,0.9779181094445182
972247,0.9999605239950906
972248,0.9554371074702638
972249,0.978613007563294
972250,0.8474852698736333
972251,0.01519791376494694
972252,0.9924277868999678
972253,0.9999425386564262
972254,0.8619798438549638
972255,0.9999858865925787
972256,0.9991882140791575
972257,0.8785115145875637
972258,0.9792460342280879
972259,0.9643017325514771
972260,0.10995828957850964
972261,0.7617576755638802
972262,0.9915694834797841
972263,0.9338698271996473
972264,0.9717828186461563
972265,0.9996944238660309
972266,0.9996157636872345
972267,0.9995732032064804
972268,0.9876268659320706
972269,0.8241358843594622
972270,0.9980499955342551
972271,0.05134089125999599
972272,0.932821387551588
972273,0.3811656936113056
972274,0.40024908156998856
972275,0.9975592163851156
972276,0.7231597747012211
972277,0.11256964629627206
972278,0.9997172360842416
972279,0.9995516341181443
972280,0.09404632718617678
972281,0.9994660800788667
972282,0.9999428141586082
972283,0.5708485450083001
972284,0.9993862161794715
972285,0.04713485816273846
972286,0.9986650708576595
972287,0.9970111613504855
972288,0.7033080934201371
972289,0.9999828665800163
972290,0.046431747212703614
972291,0.9832934207232928
972292,0.2565564165295803
972293,0.045491450076377504
972294,0.996066678885991
972295,0.20741347754382233
972296,0.6762552739530034
972297,0.04232457395046728
972298,0.8190375722946545
972299,0.03703281995651183
972300,0.003763602842283071
972301,0.4537537609956586
972302,0.9831178352007651
972303,0.6924968385164719
972304,0.9993571375137114
972305,0.021975748801150385
972306,0.21526521751854857
972307,0.998927529253596
972308,0.4690545115711768
972309,0.8651742751775373
972310,0.9986558020429099
972311,0.844011073330442
972312,0.9998899779065265
972313,0.6426158621987305
972314,0.8334003899620184
972315,0.9974716016160392
972316,0.8665426778670692
972317,0.9800028939958185
972318,0.6575203310553352
972319,0.8133503492905656
972320,0.5239669737987231
972321,0.5533494528724849
972322,0.9908696542795653
972323,0.9994516770732884
972324,0.06435846810619794
972325,0.9950263938476963
972326,0.9978991494776852
972327,0.9995755401008118
972328,0.9957340361445441
972329,0.9984055196448347
972330,0.025089820623340798
972331,0.9954285175932134
972332,0.9435944285614971
972333,0.8408093987149209
972334,0.9816697306934634
972335,0.9981135981070361
972336,0.03663274562217369
972337,0.1626469972151724
972338,0.9898982249361012
972339,0.9998454500724346
972340,0.9999931842568481
972341,0.8855664886933277
972342,0.7960238719456276
972343,0.03813963730789365
972344,0.9840510394604098
972345,0.99794849970822
972346,0.5805471560170203
972347,0.999932508691221
972348,0.7516851225543071
972349,0.10358948667751032
972350,0.9998437179967528
972351,0.11606767689838884
972352,0.869285134047975
972353,0.9622539006872837
972354,0.9083750404318616
972355,0.0671923124990662
972356,0.9992213340856876
972357,0.9998158424495875
972358,0.09137674654464151
972359,0.7422782472088028
972360,0.9965815865901686
972361,0.9997729764714338
972362,0.13383525383170947
972363,0.6739020660713322
972364,0.8281235147804136
972365,0.993916651370053
972366,0.7238168746604081
972367,0.953843690444528
972368,0.7913191049945424
972369,0.9995197754963222
972370,0.9996274592583447
972371,0.021608476098891466
972372,0.9993251146609012
972373,0.9989227972848631
972374,0.9963091309967098
972375,0.9991557011251169
972376,0.9996474505844368
972377,0.7914128505218027
972378,0.9830461849196788
972379,0.9997892629201073
972380,0.33265536139870056
972381,0.41450558681852034
972382,0.9950637969844494
972383,0.9744442296010971
972384,0.4571738523484108
972385,0.4298861941750965
972386,0.9679067740564642
972387,0.7503632071098829
972388,0.056876263648008796
972389,0.9120250609583787
972390,0.9999089027863294
972391,0.8145429314106385
972392,0.02169463880789118
972393,0.9933311737782765
972394,0.7211590545584755
972395,0.9996406135671125
972396,0.854046254269321
972397,0.9998635536556426
972398,0.9994867625470835
972399,0.7945544055988494
972400,0.9997346568414934
972401,0.995968344375451
972402,0.9993518709987999
972403,0.9999156799461414
972404,0.2679466684720739
972405,0.9977298064104967
972406,0.9999478841886464
972407,0.004844443031290462
972408,0.23677474862548986
972409,0.9998161139574788
972410,0.9966785806230924
972411,0.9999029968586731
972412,0.3202640647018862
972413,0.5914082336724784
972414,0.8019246149808938
972415,0.4333902732897708
972416,0.3501606172183704
972417,0.8103808216810359
972418,0.9998261583552486
972419,0.6760823991183008
972420,0.9981840183605745
972421,0.9999896478045444
972422,0.999780291389086
972423,0.999005486239292
972424,0.9993071121659325
972425,0.001853641330963165
972426,0.1686555690336665
972427,0.9994035770431611
972428,0.9988158004077963
972429,0.017611035988118372
972430,0.9989554337360771
972431,0.02419945143445642
972432,0.8418177002495076
972433,0.9993439850447636
972434,0.7930914070882938
972435,0.5228766817653917
972436,0.7469538222652017
972437,0.0012892381311761768
972438,0.9069675638653648
972439,0.6318998494913262
972440,0.0030315211175342906
972441,0.9988602443753575
972442,0.9999757999848974
972443,0.18215180564800393
972444,0.9283161989130642
972445,0.22193048221547595
972446,0.13612376250079847
972447,0.25582664337723054
972448,0.980226721706044
972449,0.9997487246032424
972450,0.9995940006276669
972451,0.9995339044876519
972452,0.9906850511383448
972453,0.11265615733750442
972454,0.9832291574631519
972455,0.5440501399875535
972456,0.5182791639769718
972457,0.9995018328461612
972458,0.9997426536203704
972459,0.9989342489063239
972460,0.5729865697987571
972461,0.005355521449265413
972462,0.7970041917526367
972463,0.525804743865541
972464,0.9999611772574124
972465,0.025297139574758085
972466,0.6758722934056027
972467,0.17575869473607092
972468,0.74155555252969
972469,0.023452503338724028
972470,0.6016634315243716
972471,0.03638569211785879
972472,0.8016551616036658
972473,0.9879379911882786
972474,0.8035400229853872
972475,0.22748031417443795
972476,0.4556798900436565
972477,0.5784617811501205
972478,0.42929352639610874
972479,0.7068170871396814
972480,0.4022092193575277
972481,0.9994564785240907
972482,0.038783497486988436
972483,0.9999491150446549
972484,0.996178743688756
972485,0.9272183923501096
972486,0.9982334389708571
972487,0.00505768304571163
972488,0.9971745408947775
972489,0.6137708828450491
972490,0.05805771966361395
972491,0.9999788422943401
972492,0.5220397830578892
972493,0.05333840149021425
972494,0.014853448537728447
972495,0.9979707659423608
972496,0.9998361538082421
972497,0.9898543805075869
972498,0.9997107538559256
972499,0.4624777596523842
972500,0.5791488762473045
972501,0.9647886261942374
972502,0.9566135287873693
972503,0.8192380336195846
972504,0.9998538777155868
972505,0.44645371098728515
972506,0.5777296524783009
972507,0.9987328176735064
972508,0.9210966875510465
972509,0.5439316082242555
972510,0.9999050492519477
972511,0.9949295500559951
972512,0.4081177499586574
972513,0.9792653140900689
972514,0.1408039139891345
972515,0.4351787509736893
972516,0.15791931625890204
972517,0.01654406384883529
972518,0.6995785094853462
972519,0.8648086401672649
972520,0.8497552498513847
972521,0.4677006936248365
972522,0.6216788934898516
972523,0.9573610645515489
972524,0.1798501501536342
972525,0.9999492158701844
972526,0.9293109781493318
972527,0.48395518582062585
972528,0.7009393865207056
972529,0.9999513458919697
972530,0.4392298828805357
972531,0.04702623761162322
972532,0.9964251537223372
972533,0.9988175424577381
972534,0.9962367313432294
972535,0.9490422268782733
972536,0.9975700182655629
972537,0.8933989371039812
972538,0.9972115610678913
972539,0.3080708415800122
972540,0.10508341531569465
972541,0.01065540470645851
972542,0.9878547720992973
972543,0.8115229690371092
972544,0.03150477726222263
972545,0.0678105929127365
972546,0.21077984252105508
972547,0.9025360363626709
972548,0.9998549573685755
972549,0.9998595268098991
972550,0.9485314827993534
972551,0.07366128007595876
972552,0.9675242077275423
972553,0.6374781231188686
972554,0.07394746031282842
972555,0.9999624041297752
972556,0.9968723147650724
972557,0.997829688567567
972558,0.8330452596325517
972559,0.8540995988541205
972560,0.999683606589667
972561,0.9955518655092154
972562,0.9967637703473453
972563,0.9999857981398899
972564,0.9997537121852949
972565,0.9988316636087307
972566,0.9999227062123226
972567,0.0024223398751577942
972568,0.6880260810159504
972569,0.9976203812277135
972570,0.44935984182639543
972571,0.4162034165060686
972572,0.9999391510818012
972573,0.5577512771399807
972574,0.9998700155688902
972575,0.8265088170346909
972576,0.9989851637288458
972577,0.757742004981532
972578,0.26289370555202435
972579,0.046983046131177576
972580,0.9709165313703928
972581,0.0293936454169653
972582,0.7457700919838117
972583,0.8962484768519026
972584,0.8587532733161287
972585,0.04813796483326717
972586,0.9945687483017582
972587,0.9946765460688961
972588,0.999722687833819
972589,0.05463562322333447
972590,0.2112773356017111
972591,0.9999155367264376
972592,0.9167340789698671
972593,0.6900600415893889
972594,0.005517361537470079
972595,0.8107431168141832
972596,0.9994845309558313
972597,0.8482615892375414
972598,0.23355229228177934
972599,0.8933350482534819
972600,0.9284862150031395
972601,0.9995058057923443
972602,0.9997539318776181
972603,0.8237561401411894
972604,0.9961066778196652
972605,0.9776146287125562
972606,0.9860966925054295
972607,0.897817827945705
972608,0.04680807263885528
972609,0.9988514162671329
972610,0.9997211869752485
972611,0.2863940453026806
972612,0.9916216676866938
972613,0.9999671530552379
972614,0.9997616862987238
972615,0.1064901368601043
972616,0.9988130123683219
972617,0.04734741260300296
972618,0.6362564392512482
972619,0.07496660806293061
972620,0.9987699304285949
972621,0.999992677261925
972622,0.9985351398692026
972623,0.9581892325222602
972624,0.41047262689205777
972625,0.9998488490976535
972626,0.998745303966688
972627,0.0011365139689227981
972628,0.9948726725101567
972629,0.025973596578847312
972630,0.9999367268758346
972631,0.9964904124464041
972632,0.9891887321481334
972633,0.9992586939001236
972634,0.9988401833405145
972635,0.9932892267708608
972636,0.8954676780275351
972637,0.9996787582222002
972638,0.004723231591756107
972639,0.9998734227653527
972640,0.6413527644105593
972641,0.9999327467749328
972642,0.9990780977505254
972643,0.012770806610682812
972644,0.9998860749911074
972645,0.9323408145981447
972646,0.9277031790725051
972647,0.999913143213345
972648,0.044578325986897496
972649,0.7294986409551354
972650,0.9471154993360839
972651,0.856078931328095
972652,0.9999870923610654
972653,0.9996977621913797
972654,0.999261641916643
972655,0.9465980260126113
972656,0.90541112352389
972657,0.9696931269669842
972658,0.6313884265539164
972659,0.9963573514529007
972660,0.9957531855650554
972661,0.2581102114426073
972662,0.9023548099070449
972663,0.9997831205437476
972664,0.6644965200271671
972665,0.5081772209450436
972666,0.999935538145748
972667,0.9980525168129221
972668,0.9999920133601818
972669,0.695405338052816
972670,0.22097706354481056
972671,0.9605455005521989
972672,0.6480167351507771
972673,0.07007926142916461
972674,0.9990665101575564
972675,0.06849144093399356
972676,0.05962876816825988
972677,0.9998425125111867
972678,0.09780514518369923
972679,0.9999946560588862
972680,0.2552877440230379
972681,0.9091957008071812
972682,0.5081278656316313
972683,0.5822707030714087
972684,0.9894358184629646
972685,0.14850515851272056
972686,0.9973496289461237
972687,0.9999697998131565
972688,0.309917484623099
972689,0.9998801341620113
972690,0.6005023412192131
972691,0.7018988231581578
972692,0.9984912316472565
972693,0.8954151558788288
972694,0.45841852084250234
972695,0.9996342921121977
972696,0.9998518836239718
972697,0.5986104239799184
972698,0.9999076170690249
972699,0.8293345615040439
972700,0.24716680168272728
972701,0.9994547428745351
972702,0.35090842112046716
972703,0.9982494055292389
972704,0.9978520949695718
972705,0.9904810250425684
972706,0.9992362997612283
972707,0.013564080658432828
972708,0.007547456590984595
972709,0.9887745657331133
972710,0.06095121035519463
972711,0.9998554276275836
972712,0.8220268241459374
972713,0.9997323462752926
972714,0.12144836747564079
972715,0.8553636843272634
972716,0.06611428776751886
972717,0.7320147438743219
972718,0.6345263047911525
972719,0.018913629700228612
972720,0.016276275393338084
972721,0.5830337783422274
972722,0.949479998779338
972723,0.020513207614515704
972724,0.9999581032757856
972725,0.4934159530585096
972726,0.9952834012438707
972727,0.09500714720711217
972728,0.9636280687392312
972729,0.9968133531215675
972730,0.7987909607634376
972731,0.2423698592941817
972732,0.9999525414612771
972733,0.9907711430037711
972734,0.0029073897167826565
972735,0.015359080676009971
972736,0.4798104245325307
972737,0.9999350877701786
972738,0.3751429372210874
972739,0.8428024851644562
972740,0.9999911962804453
972741,0.6150490189315824
972742,0.8312504135393648
972743,0.9994388847455575
972744,0.048767686218510437
972745,0.7089132927902344
972746,0.6922315954878527
972747,0.8485521814210388
972748,0.9984071311415574
972749,0.98845156397135
972750,0.6422411669455009
972751,0.5933208426104607
972752,0.9998048902260421
972753,0.5296207639511659
972754,0.999828773245026
972755,0.9989830930936768
972756,0.7871017010824071
972757,0.016917933877598185
972758,0.9939259496773585
972759,0.9372358251193246
972760,0.82352653245117
972761,0.14181518602925225
972762,0.9985507895347279
972763,0.99878054590935
972764,0.8056866563480997
972765,0.9960312562193242
972766,0.3452886413527118
972767,0.1531688059706726
972768,0.4023110269183714
972769,0.5448699814167545
972770,0.8096126356414355
972771,0.5470486966722022
972772,0.017450081388048662
972773,0.9893155159256143
972774,0.9993567479124377
972775,0.622944944108388
972776,0.15989340787283357
972777,0.9998307557587583
972778,0.04350516244317748
972779,0.6937589176486731
972780,0.9714714101772577
972781,0.9958986544797792
972782,0.8402926770481256
972783,0.012924925202888144
972784,0.9975473565232937
972785,0.05386776209536406
972786,0.809954417363681
972787,0.028857062494920347
972788,0.7788962316719493
972789,0.8874993524821143
972790,0.8780406117137614
972791,0.9906634248743613
972792,0.990312207642393
972793,0.9990738344408194
972794,0.9999718062575538
972795,0.007255608466285624
972796,0.9992238176927017
972797,0.5449889529257838
972798,0.6136075994025658
972799,0.20044109964621054
972800,0.9973125010964046
972801,0.9981197077006659
972802,0.17580960274302948
972803,0.9600758131321714
972804,0.9999532409429666
972805,0.6055394003794186
972806,0.6397894310804988
972807,0.9994732947568221
972808,0.9990648292890408
972809,0.9940002963432877
972810,0.364792966762244
972811,0.013610952674871401
972812,0.9942965174639686
972813,0.9999409958806714
972814,0.4417302762998276
972815,0.9998450021681544
972816,0.9951486310317557
972817,0.9996560235751251
972818,0.9967509911924721
972819,0.9999323801537734
972820,0.9999104659489417
972821,0.16615055176836693
972822,0.9997657079986909
972823,0.9777105690898319
972824,0.8537620820418839
972825,0.7004269816540178
972826,0.7676722178811008
972827,0.9996370026936086
972828,0.908885606852613
972829,0.9999249996632414
972830,0.9994652188014564
972831,0.5034683964199778
972832,0.9643978339906787
972833,0.8274436638147851
972834,0.6905992256592814
972835,0.8309695174692534
972836,0.9600262874999076
972837,0.9642926105694432
972838,0.9993025356294098
972839,0.9948521754258738
972840,0.9980620353753056
972841,0.033137141154175556
972842,0.24917481103509376
972843,0.9452127139345337
972844,0.04464915829654575
972845,0.005689380641165977
972846,0.9998614510749293
972847,0.9999372744420837
972848,0.993363696074575
972849,0.9950123313199049
972850,0.9969588314671206
972851,0.36710862122449517
972852,0.9988169377739925
972853,0.9700391345919983
972854,0.9861715638152322
972855,0.9998576234860749
972856,0.7344021449114286
972857,0.05731988970252279
972858,0.866067571260485
972859,0.10655750076279726
972860,0.4505066731855042
972861,0.9022952407665707
972862,0.970402129259779
972863,0.9804165852067025
972864,0.03394109939806341
972865,0.99985186336246
972866,0.999978039179785
972867,0.9884627730053395
972868,0.7976811335043438
972869,0.9819485559864329
972870,0.9998890054911377
972871,0.9273398326245575
972872,0.024312486285268477
972873,0.985778811080034
972874,0.5891471822874289
972875,0.3092399050697001
972876,0.40105613205228907
972877,0.5072089328769995
972878,0.10965350628103084
972879,0.5616042522656726
972880,0.970016416579665
972881,0.99991929150213
972882,0.008503256482725208
972883,0.8224111331977122
972884,0.9998135674372292
972885,0.9972749842808869
972886,0.9998620938614253
972887,0.11897525576836648
972888,0.005122664786637168
972889,0.9692600974762633
972890,0.9086424453168643
972891,0.8397166714900834
972892,0.9896313044100469
972893,0.9182125964694259
972894,0.8656621055182301
972895,0.10625489700292937
972896,0.04299435852485338
972897,0.9971153533740463
972898,0.9902339036480472
972899,0.9971421881435909
972900,0.9982767386566369
972901,0.30979238158443323
972902,0.9956758327003189
972903,0.9995018779968111
972904,0.9998528572936853
972905,0.999053828682571
972906,0.9858835505666683
972907,0.9673744530761863
972908,0.2619315291481933
972909,0.9664823019802535
972910,0.06798859713728275
972911,0.6231336285359483
972912,0.7146508744589432
972913,0.9311138293439238
972914,0.0623717160503446
972915,0.5049722106540154
972916,0.10203551967773886
972917,0.3433828113378093
972918,0.8800017480872347
972919,0.9992550217235107
972920,0.9994805926594934
972921,0.9927205183147871
972922,0.4996841404089562
972923,0.48931488309259424
972924,0.8112158456418311
972925,0.9986027673506032
972926,0.9995125223769026
972927,0.8160191417515132
972928,0.5294483856479852
972929,0.29876610545088633
972930,0.4538353518528222
972931,0.997955494611097
972932,0.0403420066988801
972933,0.6256636886368235
972934,0.9981436635240951
972935,0.8953279836307793
972936,0.9979440651170236
972937,0.9938553853940388
972938,0.9701875387271293
972939,0.9994704425161696
972940,0.07111000438981248
972941,0.09201102006487537
972942,0.9998434183392301
972943,0.015557834702874244
972944,0.22369444965818425
972945,0.1260310361393319
972946,0.9984969886499017
972947,0.9933378579487017
972948,0.002948111939883464
972949,0.997933906857837
972950,0.4404996584307081
972951,0.1408025318188678
972952,0.004271999284052401
972953,0.09743528434294055
972954,0.9999487762889907
972955,0.9985311899954069
972956,0.7963710669800671
972957,0.022858137611304168
972958,0.189356741573432
972959,0.9983792335454333
972960,0.9932508845872257
972961,0.957309370374708
972962,0.5792394499581431
972963,0.9976009298192563
972964,0.9987420585936269
972965,0.9061514401343069
972966,0.9790546460745684
972967,0.5013847538773379
972968,0.8581909040474947
972969,0.995107579277491
972970,0.05779191895021149
972971,0.919316167829479
972972,0.8755001539780396
972973,0.9997808699201739
972974,0.8441921167334137
972975,0.7255153637577441
972976,0.004350720811356734
972977,0.9860649884926561
972978,0.818700965745738
972979,0.9999545079242544
972980,0.3010277457248375
972981,0.9841708215187088
972982,0.5346916870080569
972983,0.039165130704687266
972984,0.9989368002109631
972985,0.9993521113129432
972986,0.8898783369017289
972987,0.9969390671280257
972988,0.9665057188993623
972989,0.9996951715803983
972990,0.9996056184671889
972991,0.9006725014279999
972992,0.8636596655813095
972993,0.9094457527401867
972994,0.9992014651804086
972995,0.9995301724399734
972996,0.023048994799699137
972997,0.8868856928791277
972998,0.9978868331331998
972999,0.9829673058783086
973000,0.9976486181942212
973001,0.9969188100252906
973002,0.9999834893222803
973003,0.9994286775104033
973004,0.3181746339111569
973005,0.7858175194980132
973006,0.9997055860963213
973007,0.9397531180172073
973008,0.10735787097901679
973009,0.8610090971203124
973010,0.4352554610925107
973011,0.9837133556523838
973012,0.9918333966842363
973013,0.9279243151242728
973014,0.8264090840307805
973015,0.34656205099956827
973016,0.9721854313060179
973017,0.999306219011834
973018,0.9997962777064122
973019,0.6712147034103342
973020,0.9962746059331584
973021,0.9995556201980131
973022,0.9986901352033752
973023,0.9137312606955472
973024,0.9997382841262576
973025,0.180987635528576
973026,0.5507413692465121
973027,0.9896752393968176
973028,0.5654478899143404
973029,0.5744216869370633
973030,0.7554248684122236
973031,0.3003185562694575
973032,0.005170529812425032
973033,0.04442212763679235
973034,0.66191180091399
973035,0.9999696800571815
973036,0.036908739296704136
973037,0.04670909649390435
973038,0.9999757611986287
973039,0.29590445182492026
973040,0.900358736047788
973041,0.08653251400208341
973042,0.996110535649484
973043,0.595290890078709
973044,0.04453291173160272
973045,0.9354494476023959
973046,0.9998289242975305
973047,0.9978735546446279
973048,0.014534911307757331
973049,0.025581263967253975
973050,0.5848822727793537
973051,0.9981980701783734
973052,0.9999084758415242
973053,0.9999525385169787
973054,0.9999927272475699
973055,0.99669310350937
973056,0.8899583088602223
973057,0.9049006763080587
973058,0.685285543891708
973059,0.8075049705844166
973060,0.9144423697670493
973061,0.261026548123369
973062,0.4164507469406151
973063,0.4784491575585683
973064,0.9997448548200304
973065,0.9982461090808399
973066,0.9971567115950069
973067,0.9459170433788572
973068,0.3548926875973671
973069,0.9998974730376623
973070,0.07051666825205435
973071,0.9987199331622545
973072,0.9920822924794013
973073,0.9982695446495318
973074,0.9998082257147829
973075,0.9996593430857676
973076,0.9661298849124181
973077,0.1315754591269128
973078,0.4782664531046234
973079,0.9990756175840387
973080,0.999876913184274
973081,0.9949361246201095
973082,0.9999310765956864
973083,0.6486334355880823
973084,0.9996086123484547
973085,0.9998680884960699
973086,0.996396769213838
973087,0.99557116263321
973088,0.05990691493207097
973089,0.8714142153327681
973090,0.41703432957344544
973091,0.8715870792464048
973092,0.49068345969061666
973093,0.9985541924926417
973094,0.9993103837738029
973095,0.20700645666361522
973096,0.627390672725108
973097,0.999841115247269
973098,0.9609395742409377
973099,0.7770632767545468
973100,0.44969197209900647
973101,0.999194715532076
973102,0.9986230347084812
973103,0.9102611135813938
973104,0.5031387869439763
973105,0.9995047267654928
973106,0.4538590346923676
973107,0.999341427848931
973108,0.07397913579522557
973109,0.9999670594824446
973110,0.06491437028970108
973111,0.9957352753684032
973112,0.9769922716758763
973113,0.6788928752049168
973114,0.9926502199759485
973115,0.9993959979197278
973116,0.9940482398952117
973117,0.7462080887127079
973118,0.8138114204285167
973119,0.7277563231375861
973120,0.9987403978075521
973121,0.999969193988767
973122,0.66642199899614
973123,0.9999785996107476
973124,0.24124963992198817
973125,0.9983095742932184
973126,0.9983251172269483
973127,0.7174597715804623
973128,0.9998487408654875
973129,0.016069087090319623
973130,0.31144654599977895
973131,0.9406303113094521
973132,0.006010800785788526
973133,0.9997657071869345
973134,0.013449320253786076
973135,0.03891538050388986
973136,0.999980753545559
973137,0.9992549699735023
973138,0.4796006111418749
973139,0.9998110948158906
973140,0.9933192058916448
973141,0.9850717131038911
973142,0.9957388217071594
973143,0.6079428291560413
973144,0.9532410654371963
973145,0.9505705655270064
973146,0.9999277989519468
973147,0.9829992959117879
973148,0.9935653949792876
973149,0.9996903361213905
973150,0.9957639405350314
973151,0.2844654115841885
973152,0.9999668783648759
973153,0.9595742202025783
973154,0.9999235400022668
973155,0.9996718184044006
973156,0.04438405142541415
973157,0.06550724735232434
973158,0.9973261681560891
973159,0.17333640161510538
973160,0.99008636740885
973161,0.9951853761022065
973162,0.9992242409426897
973163,0.9794309216804615
973164,0.9975045747980793
973165,0.546153146195927
973166,0.9996485307782311
973167,0.9999387438546345
973168,0.973505134513824
973169,0.9999410957577147
973170,0.207738736493484
973171,0.9969526331125202
973172,0.3539096184861231
973173,0.9994084881270252
973174,0.9973299594870961
973175,0.07788615131774453
973176,0.007956639682049424
973177,0.9999571426738243
973178,0.549339430423341
973179,0.005819741833148914
973180,0.6889654342668654
973181,0.12012790547528968
973182,0.9580880962730298
973183,0.13584439486435534
973184,0.1992024850321791
973185,0.9999927888500119
973186,0.981253212794849
973187,0.2631863592785407
973188,0.9957499376515917
973189,0.9260526409038194
973190,0.2992421468957356
973191,0.9991620742232363
973192,0.27551319697559024
973193,0.9848691117651285
973194,0.026471993449001256
973195,0.9553459235251304
973196,0.34062419171729924
973197,0.997157908751147
973198,0.9696271776539359
973199,0.9990716770692568
973200,0.9863555571110341
973201,0.9990436136794247
973202,0.920621493868336
973203,0.9996938081408723
973204,0.60782334601824
973205,0.34618773914205403
973206,0.9994397316778529
973207,0.2789509170802027
973208,0.05091039159236016
973209,0.9993003468568191
973210,0.5630630758128569
973211,0.4468195521784448
973212,0.6457404221952034
973213,0.3540467867192699
973214,0.9990835850897616
973215,0.9982427020816693
973216,0.9999755404992237
973217,0.9996793443536947
973218,0.9442665012558363
973219,0.9998957645473392
973220,0.7232242760672454
973221,0.2133161593798776
973222,0.9999451349483722
973223,0.18360926426286572
973224,0.9988309426943432
973225,0.030949806998288677
973226,0.7659366715486631
973227,0.17628393079111637
973228,0.009719924820732573
973229,0.9982075959779739
973230,0.995568183717745
973231,0.00870376414916655
973232,0.010392407432900035
973233,0.9807361055148685
973234,0.9999205392271702
973235,0.502723532470225
973236,0.9140958950984377
973237,0.017119641513940156
973238,0.9993713398065499
973239,0.1541343994689477
973240,0.9982379620836006
973241,0.9163798993220225
973242,0.11154733080947471
973243,0.9719183710103109
973244,0.9999079475922286
973245,0.9927500508985854
973246,0.9114610552369222
973247,0.9995035177975475
973248,0.9987325728760368
973249,0.997327652723754
973250,0.9997984126052064
973251,0.672413188561223
973252,0.8890127309378518
973253,0.8664143742422274
973254,0.9142240181307624
973255,0.9929220673368382
973256,0.9839425775438871
973257,0.48079054194110005
973258,0.9816627113555902
973259,0.32148427106022287
973260,0.9605293110722639
973261,0.9986534962521123
973262,0.3589630432130828
973263,0.621885025159685
973264,0.9966083296468788
973265,0.9996864233291094
973266,0.992837177183901
973267,0.8493546974703703
973268,0.9652812139399759
973269,0.9920243047973506
973270,0.9330626914429035
973271,0.8392526125973141
973272,0.9999419279760625
973273,0.991677923254526
973274,0.9895390220955993
973275,0.5573995402025304
973276,0.8850465774453777
973277,0.17695452208628648
973278,0.984419185990132
973279,0.19301130594835172
973280,0.8565165690478797
973281,0.9998408849122543
973282,0.9996706721041178
973283,0.8576705719423527
973284,0.05143092811577063
973285,0.9850671563297886
973286,0.9996266133702973
973287,0.3614813591196354
973288,0.999640193049768
973289,0.6885488369382539
973290,0.9994480952494885
973291,0.9907837420087584
973292,0.999591699734109
973293,0.6147404011656533
973294,0.9973261059674864
973295,0.6571461193445041
973296,0.998606033441891
973297,0.9999395622235031
973298,0.27130704079089757
973299,0.9540910336707418
973300,0.9894813943232099
973301,0.9983661251571535
973302,0.9940464864277809
973303,0.06781130047633344
973304,0.9550165956199443
973305,0.9024452489477144
973306,0.23643692130225358
973307,0.12284855590016691
973308,0.9994133240208396
973309,0.9993750374962993
973310,0.7213737762145931
973311,0.5847262693296948
973312,0.9999105744238103
973313,0.28380774168412926
973314,0.36438381873916814
973315,0.9523198402256461
973316,0.9892354817586566
973317,0.99248882396197
973318,0.9987016923831344
973319,0.9709514643537049
973320,0.884183195700878
973321,0.9998784373966504
973322,0.7530491417323264
973323,0.6586119017968521
973324,0.2196953675181244
973325,0.6884587670969036
973326,0.9479318743087113
973327,0.6104268812436258
973328,0.9044683136571915
973329,0.3317845780558618
973330,0.13638143432921876
973331,0.392552679480131
973332,0.999975638331388
973333,0.990660793237924
973334,0.999698858536064
973335,0.937482986773466
973336,0.9992346406123356
973337,0.0728328131036554
973338,0.10800271486380396
973339,0.9383329144573194
973340,0.9998709023956776
973341,0.0034959670324848265
973342,0.9705097808235373
973343,0.8664995842106605
973344,0.7844234494152098
973345,0.9999847979607082
973346,0.016852297211584644
973347,0.9985114304206837
973348,0.9988428457320849
973349,0.8463437291026428
973350,0.045652341933272146
973351,0.220889449030615
973352,0.9998101909828921
973353,0.9999797160950082
973354,0.6953083906269594
973355,0.3134116069145204
973356,0.9999767961220287
973357,0.6744997150778426
973358,0.7330626845115349
973359,0.9987407533767619
973360,0.37622545691473513
973361,0.999814826103044
973362,0.5689955217024001
973363,0.2644745026363406
973364,0.1440272261701529
973365,0.9881367244192326
973366,0.7140603526457923
973367,0.20595451629121048
973368,0.02362360955818843
973369,0.9993119172821707
973370,0.37642741185297607
973371,0.9989713839522955
973372,0.9998659724067556
973373,0.008079141282746958
973374,0.7997654483159429
973375,0.981630283611231
973376,0.9989970998171595
973377,0.4150715796914181
973378,0.97676607828068
973379,0.8473816117176789
973380,0.9999755933722064
973381,0.9993187365442671
973382,0.9897455379263946
973383,0.994159805558279
973384,0.18529047449112002
973385,0.9950487065151941
973386,0.9917997529239314
973387,0.9967708368330346
973388,0.9719038959657348
973389,0.9999615263755359
973390,0.9999704588975066
973391,0.31754446162764394
973392,0.9994786532469024
973393,0.21466158851959846
973394,0.9967479662615053
973395,0.1684755028060727
973396,0.6091582757529698
973397,0.057626386696931264
973398,0.9915974275901005
973399,0.6518457453681639
973400,0.9990329395346549
973401,0.99993573103148
973402,0.9998256186779817
973403,0.9981211317588022
973404,0.43353501700332986
973405,0.9330219303120194
973406,0.9978634174428087
973407,0.999987494431343
973408,0.9885553519666062
973409,0.24282374714653737
973410,0.9893268474897037
973411,0.9999761201358349
973412,0.9999259193016543
973413,0.0756426031051349
973414,0.9971248453138534
973415,0.9995316532788137
973416,0.033091212185884046
973417,0.5906328577995874
973418,0.8596941921604532
973419,0.5545229445608204
973420,0.9864775596067352
973421,0.023411323094737632
973422,0.8439295481737292
973423,0.9997900822457363
973424,0.939308129927668
973425,0.9971274189856016
973426,0.23165583136018814
973427,0.2200167450243201
973428,0.01589085985481805
973429,0.995684836368915
973430,0.9987834502503015
973431,0.9993568494795211
973432,0.07168306621371558
973433,0.9996481897825555
973434,0.9735088333926152
973435,0.9752018457684557
973436,0.31875209552584394
973437,0.9995135035734554
973438,0.603124110347171
973439,0.9998846992755325
973440,0.9964756091259801
973441,0.8999538700016729
973442,0.03809557833142146
973443,0.8788537623000989
973444,0.9999844807152924
973445,0.7632796933381685
973446,0.9983272550499257
973447,0.9997659624327703
973448,0.9752604201854884
973449,0.9999597530310629
973450,0.9846471686108063
973451,0.9078756998545119
973452,0.9983872089475601
973453,0.9185670503167924
973454,0.01911745990055211
973455,0.9999855956077781
973456,0.9858798976996502
973457,0.9987139024560894
973458,0.029638496528949825
973459,0.9857818380117429
973460,0.9966480379664454
973461,0.9873223225145671
973462,0.9998518220817358
973463,0.9961999454967219
973464,0.7988550136660281
973465,0.9989367592678761
973466,0.8696444627849241
973467,0.03425363086909617
973468,0.9999923120943904
973469,0.7034270858559295
973470,0.020391021916047573
973471,0.9845973856857767
973472,0.5056271480612191
973473,0.930004921434497
973474,0.2346318342044316
973475,0.17763766735355832
973476,0.9695328134798231
973477,0.9209808088732145
973478,0.6618297040896672
973479,0.6484806177346282
973480,0.9557458299010835
973481,0.020836151556076432
973482,0.826726875428744
973483,0.9316057642623625
973484,0.1649566405873792
973485,0.760118027264232
973486,0.9996714722265413
973487,0.013840212635560532
973488,0.9998604260119548
973489,0.5143358539104316
973490,0.9997883227859851
973491,0.9868805038694739
973492,0.9991174838838432
973493,0.9875798283793534
973494,0.9726380656096827
973495,0.9999542915867965
973496,0.9999888702294327
973497,0.9465593985495342
973498,0.9615301416422561
973499,0.9985692261925382
973500,0.9648929299519647
973501,0.15489840041026823
973502,0.017404806781993874
973503,0.7258048807159488
973504,0.9997336440412284
973505,0.14078682351517227
973506,0.9981127299622095
973507,0.29980539680973095
973508,0.9991127979513911
973509,0.903706018309789
973510,0.9999847693069696
973511,0.8708060606306619
973512,0.009209678436613834
973513,0.999841130720613
973514,0.3272996392910468
973515,0.999095206921158
973516,0.7665758183512269
973517,0.9810082835516163
973518,0.9990616725359422
973519,0.9998903301423958
973520,0.993982975582647
973521,0.7715043672861674
973522,0.7241740262157768
973523,0.9996439220517432
973524,0.9285302486372976
973525,0.9999768381523733
973526,0.9846619207872562
973527,0.5349039873541319
973528,0.9189157591114827
973529,0.9944633589597919
973530,0.999491007362581
973531,0.19208139854274153
973532,0.9771586205765858
973533,0.11748436950031797
973534,0.9851402942564373
973535,0.9908571063531395
973536,0.8423159105289493
973537,0.9996420549012283
973538,0.8501091525182954
973539,0.05193527740277236
973540,0.8460447560203486
973541,0.9769842201553688
973542,0.9997199003517104
973543,0.10741337368458889
973544,0.9999989216562616
973545,0.6314788690037043
973546,0.0464768182515954
973547,0.9999758594870688
973548,0.45481899076755183
973549,0.08840817040446905
973550,0.647299183028774
973551,0.2052548109908099
973552,0.877037842200463
973553,0.9993204316589583
973554,0.9764922913591518
973555,0.013636385873963108
973556,0.8031877238577363
973557,0.9992288803849957
973558,0.9899013799061874
973559,0.4497880973841868
973560,0.6752941431103322
973561,0.007457645628102487
973562,0.8489124236380353
973563,0.9998966649866069
973564,0.9289537373108068
973565,0.9995335641456216
973566,0.17248476436550053
973567,0.9749971012142746
973568,0.9127197166281041
973569,0.9147406804444131
973570,0.9997046526519555
973571,0.6456314729460756
973572,0.8804036798428733
973573,0.9510380683714157
973574,0.9988764266320079
973575,0.3597985750105378
973576,0.3528493913599465
973577,0.1295253277655438
973578,0.9998168914182486
973579,0.9982590108111896
973580,0.12283980405522518
973581,0.979017492186907
973582,0.9990960498426094
973583,0.6210893313031037
973584,0.9998589797774342
973585,0.4056584043790131
973586,0.9881833930442991
973587,0.06635881044602994
973588,0.05493901325300137
973589,0.3238361393495367
973590,0.9246178149761308
973591,0.07334072953078617
973592,0.9994335239689172
973593,0.44387883425262814
973594,0.9999699958618704
973595,0.9988126314326784
973596,0.999988696967846
973597,0.9945027311306447
973598,0.992294952371187
973599,0.2566301727265759
973600,0.07638145561089087
973601,0.3022795371247797
973602,0.6697446959809461
973603,0.7891099227983498
973604,0.18511004860461222
973605,0.15434442351509323
973606,0.7817544813839559
973607,0.999633420258656
973608,0.997126238952396
973609,0.9999881408018043
973610,0.999279591473317
973611,0.999220594071352
973612,0.9999897983084175
973613,0.020861957300406995
973614,0.9998063930184933
973615,0.433160078246734
973616,0.9908177833991698
973617,0.9380456095534949
973618,0.9373906914762637
973619,0.9606088314233221
973620,0.4012156319268667
973621,0.7322416788665007
973622,0.9895302753264111
973623,0.09184713478866613
973624,0.9996106898078269
973625,0.9951240613963674
973626,0.9867116481459862
973627,0.18550745897002055
973628,0.9573396623881787
973629,0.283527726447192
973630,0.9775313605508326
973631,0.21315169851628274
973632,0.9980234269213636
973633,0.9966919479146095
973634,0.9317239535356492
973635,0.9933091681761712
973636,0.997204642909066
973637,0.9997183272031707
973638,0.5238598175777684
973639,0.03235294276587617
973640,0.9991557123810647
973641,0.6408365592179357
973642,0.04419086868751671
973643,0.9383496918881022
973644,0.999763862073394
973645,0.9986596687363158
973646,0.5005081147259518
973647,0.9800948244848027
973648,0.7939720121485914
973649,0.2833662681458273
973650,0.9859358932931273
973651,0.8710428976819459
973652,0.99971539812435
973653,0.9999644349548767
973654,0.7888880045291687
973655,0.6493948306695586
973656,0.9925677267854802
973657,0.9980535517756184
973658,0.9996699050075368
973659,0.9374392192524463
973660,0.9998250495634754
973661,0.9368298058377409
973662,0.018864754537406953
973663,0.38580669559390723
973664,0.9998594238633021
973665,0.9535791063545136
973666,0.9998986569078276
973667,0.9849689539218993
973668,0.01752392176796243
973669,0.9066363074026922
973670,0.9617711532172053
973671,0.6216215786412251
973672,0.8698457785685547
973673,0.9995326978376841
973674,0.3168977972076612
973675,0.999835675851218
973676,0.29104542788165566
973677,0.9995535275380105
973678,0.9952665322285109
973679,0.9998261168686349
973680,0.9999079186847677
973681,0.0867769596888802
973682,0.13440214317395152
973683,0.9988116587650567
973684,0.7865298078007
973685,0.8400363997826976
973686,0.9031793604976518
973687,0.0921773972667595
973688,0.18545497726021443
973689,0.5868460172420094
973690,0.4594919656384956
973691,0.7641654916373042
973692,0.9880765793605785
973693,0.24743748962808576
973694,0.9996592281676199
973695,0.9987369307775213
973696,0.9998861480813358
973697,0.6850450906180223
973698,0.9626073127811929
973699,0.7854029241395284
973700,0.9852216952038342
973701,0.9187221551097964
973702,0.9153034761768476
973703,0.9993513015450178
973704,0.9998949991387871
973705,0.9996120730025216
973706,0.980323043999106
973707,0.8230298270057802
973708,0.016901678192350007
973709,0.9997178387263636
973710,0.9708653923480083
973711,0.7082572247179928
973712,0.275421828748212
973713,0.9999151368458383
973714,0.9997866882860484
973715,0.3919669719619213
973716,0.752001601595905
973717,0.3975104601573338
973718,0.9978117916920409
973719,0.873047061756957
973720,0.9994514020332715
973721,0.9736717499747527
973722,0.13199146213924434
973723,0.3097068319321367
973724,0.9995853826366271
973725,0.9966374468421637
973726,0.999944169830465
973727,0.938774182480433
973728,0.9999105875233271
973729,0.5629885765119855
973730,0.9989871825363043
973731,0.7759170423273155
973732,0.999840076466093
973733,0.99494989599055
973734,0.9993550786043378
973735,0.5452452015896787
973736,0.3591558701191899
973737,0.9999807107842388
973738,0.28648285093378234
973739,0.9554623694626425
973740,0.17411767905142628
973741,0.8886390720321864
973742,0.9999633215585746
973743,0.17913671403988604
973744,0.8890398799948751
973745,0.013092116655311861
973746,0.9969963607648811
973747,0.998255249526167
973748,0.2537074708370114
973749,0.9457999134709343
973750,0.9952413783160533
973751,0.635466604253685
973752,0.1517004847921974
973753,0.5811962934687278
973754,0.9999693513855119
973755,0.44196986241421277
973756,0.9988174663704152
973757,0.9974751059139036
973758,0.9999941359379321
973759,0.9995951962357426
973760,0.1848722292818039
973761,0.5319286273724453
973762,0.999956870935501
973763,0.9999048196002108
973764,0.7525291979759539
973765,0.24311109158162464
973766,0.996725502145397
973767,0.9936140662584685
973768,0.9997802897668335
973769,0.08158788065652132
973770,0.9738547851817649
973771,0.9999615177746694
973772,0.0826147580186619
973773,0.9916595092967626
973774,0.9968830882365531
973775,0.9557987025212966
973776,0.6424489020640456
973777,0.9872975945554703
973778,0.7483707025737739
973779,0.017173001076041996
973780,0.09771408637040156
973781,0.1759462457742737
973782,0.9982308240932645
973783,0.3624351997138278
973784,0.9310745247531409
973785,0.1653017151061105
973786,0.9714233397061729
973787,0.9997588387245523
973788,0.999508312770157
973789,0.028217439937138572
973790,0.9466835205988439
973791,0.9999731192416259
973792,0.41009850710187634
973793,0.9997463928876054
973794,0.9997125629313554
973795,0.99997043116832
973796,0.50363964658336
973797,0.1594680890832433
973798,0.9881767314533548
973799,0.8137983211571456
973800,0.5036654743021082
973801,0.981343314700869
973802,0.9998001848179786
973803,0.7109415789873845
973804,0.6837418547912273
973805,0.02724654852308048
973806,0.0869262164799442
973807,0.9924307703439761
973808,0.009516248347839597
973809,0.9921145598708163
973810,0.9998711672148927
973811,0.46923625737549607
973812,0.7693400720565834
973813,0.9997402258567609
973814,0.8365817647389855
973815,0.014863807063037074
973816,0.9961066751578942
973817,0.8140636603603442
973818,0.2924786025208615
973819,0.8050514540912344
973820,0.1791698208008788
973821,0.9882119692809794
973822,0.9122582643504562
973823,0.999917919233243
973824,0.8977121493809905
973825,0.9836445947948949
973826,0.9997064531337531
973827,0.7712096748722415
973828,0.09362775240065285
973829,0.9982200377103168
973830,0.9993315624877694
973831,0.48243084569493455
973832,0.7078127840179795
973833,0.7771465300204221
973834,0.8094644125281458
973835,0.6510098098156537
973836,0.2672295620456973
973837,0.9895935633668653
973838,0.7310822255706448
973839,0.9995168115666391
973840,0.9773428285594905
973841,0.9287304065237244
973842,0.9963540526119886
973843,0.9899360864866638
973844,0.9662131964399345
973845,0.33896523627043135
973846,0.9953236502885311
973847,0.9666080150982012
973848,0.9999479826294989
973849,0.7388350342795375
973850,0.9936686432211359
973851,0.045118305196515766
973852,0.9589754820986456
973853,0.9282530781754201
973854,0.9965393830172093
973855,0.9625643268542567
973856,0.9881993135313245
973857,0.5593403628281215
973858,0.9372487915946668
973859,0.890336949905327
973860,0.6589388423400172
973861,0.48095601192354015
973862,0.04193877846177795
973863,0.6025627055184484
973864,0.0498089936991869
973865,0.9145475959052327
973866,0.9999807471994979
973867,0.6389930064229536
973868,0.9963014185583347
973869,0.02118374475754044
973870,0.4047623938961491
973871,0.9557963452744078
973872,0.2991907407051784
973873,0.9999686784667546
973874,0.9754764719307258
973875,0.05429324558052811
973876,0.39618631727967346
973877,0.8431256337935384
973878,0.8141449643343496
973879,0.8688453275039336
973880,0.015228705455522153
973881,0.14505143474473073
973882,0.016185641051889663
973883,0.46003626361456695
973884,0.9772457931345928
973885,0.007224957216806122
973886,0.9999481371136933
973887,0.9999559150904689
973888,0.486508903785448
973889,0.006968595352031074
973890,0.8008183112992748
973891,0.37837418433836567
973892,0.8367742639070503
973893,0.45340133435466673
973894,0.9997584577604871
973895,0.9997148745488651
973896,0.9137975721174173
973897,0.9936146655638349
973898,0.9997417960266091
973899,0.035175943966148086
973900,0.9810231984740846
973901,0.741066125790395
973902,0.8536268942343158
973903,0.9999678085550836
973904,0.9875041362134338
973905,0.04732373049299735
973906,0.7156125477765646
973907,0.6363779140435624
973908,0.820200991888741
973909,0.44150376521455775
973910,0.8435885176076012
973911,0.999737431690482
973912,0.9979312009406257
973913,0.9640160138932571
973914,0.9980650289418769
973915,0.06351297583897692
973916,0.978228898248892
973917,0.9988166716288363
973918,0.45195475489789
973919,0.14072177158516666
973920,0.9996731617387956
973921,0.9999088044715916
973922,0.9909198041633221
973923,0.9957181414241111
973924,0.05181313977120722
973925,0.02558050021151805
973926,0.9999686012634685
973927,0.9982668992863035
973928,0.6882489239449554
973929,0.5937919722852051
973930,0.9941575494453488
973931,0.8915031647481502
973932,0.9979620213115645
973933,0.6266462768131876
973934,0.9937249259668167
973935,0.4982855632443295
973936,0.9989148997126936
973937,0.7504378233981872
973938,0.9146069134983683
973939,0.8809075775852759
973940,0.9997604700116661
973941,0.10024109326075727
973942,0.9955883537060735
973943,0.45841803369198797
973944,0.9941444609946087
973945,0.9999222359440001
973946,0.9962183463173268
973947,0.2934360622849092
973948,0.974748054634348
973949,0.03813626211384221
973950,0.9999623790296401
973951,0.9972736790389446
973952,0.3292081520075999
973953,0.9998205056671777
973954,0.9976571798229834
973955,0.9593805408142855
973956,0.9997679029263312
973957,0.9990680514536631
973958,0.9896612076681024
973959,0.987238416567811
973960,0.8253220178401559
973961,0.9996214184764118
973962,0.9946308068442637
973963,0.9987795277753581
973964,0.5527527695268686
973965,0.8422153832410179
973966,0.04205482108286287
973967,0.7405973390662213
973968,0.9967463924144014
973969,0.02834908035865221
973970,0.3381693894769795
973971,0.9994800436281559
973972,0.9949207126622273
973973,0.5958181260933558
973974,0.9956677384003012
973975,0.993035234245314
973976,0.9424373861662885
973977,0.9911815715339305
973978,0.09677187180405802
973979,0.446526331490647
973980,0.7041087021702817
973981,0.9067824582320778
973982,0.06761051973116335
973983,0.8073006950733674
973984,0.9999544511903411
973985,0.24986743636081826
973986,0.3635968815499714
973987,0.04026154085869821
973988,0.9999754077608644
973989,0.2909086339852629
973990,0.9999747800659136
973991,0.9998958271765865
973992,0.41869530055055965
973993,0.9980310715629026
973994,0.41538044082
973995,0.980762399950378
973996,0.57134305206047
973997,0.9995672863004847
973998,0.2422688978406734
973999,0.9831079760359435
974000,0.34898144684221954
974001,0.9969448256281941
974002,0.9957267752082171
974003,0.9779822593223584
974004,0.4990266696890508
974005,0.9997532190607581
974006,0.18788628463415252
974007,0.9971632377307363
974008,0.9998946392337542
974009,0.28948111714559294
974010,0.9998105200131936
974011,0.9998724407130328
974012,0.99996742458883
974013,0.9997536554055896
974014,0.9985318146531008
974015,0.7545015673079967
974016,0.33347395765312615
974017,0.31312343774317297
974018,0.9997520977209662
974019,0.033686619765902384
974020,0.5811285684546399
974021,0.9932080845131517
974022,0.8999620143468134
974023,0.9990305964654755
974024,0.7354679525632193
974025,0.9977011479676926
974026,0.9996193293864208
974027,0.9999565037912168
974028,0.003414376179948808
974029,0.8117208776931552
974030,0.9923190541756842
974031,0.8527091571885234
974032,0.997972983599464
974033,0.9996653207014334
974034,0.9986348437577732
974035,0.4187890737917904
974036,0.28362451665703675
974037,0.95346531181674
974038,0.9997104429601653
974039,0.9977327388061585
974040,0.4666107582242802
974041,0.9874209120978696
974042,0.6281033840862584
974043,0.994770300171143
974044,0.9471976385193535
974045,0.6967713160662287
974046,0.5475992060532325
974047,0.07110950558396506
974048,0.9988144981922655
974049,0.9259997903518247
974050,0.999190393513645
974051,0.26725896429813145
974052,0.9997520079529949
974053,0.2109855342214076
974054,0.9993605306259941
974055,0.999949219138738
974056,0.99858228896136
974057,0.12960504037970033
974058,0.818817103661842
974059,0.9950506844272407
974060,0.5129240452045724
974061,0.856926777721593
974062,0.041620525967944424
974063,0.1430889101868071
974064,0.7633060580204555
974065,0.5868500418489312
974066,0.014179128959862357
974067,0.9685296078894132
974068,0.9198234849305593
974069,0.8506675374838621
974070,0.1293037067247919
974071,0.1432061900435611
974072,0.9968790308203559
974073,0.4478498116963923
974074,0.801267207950399
974075,0.9989120271396839
974076,0.02682201562720969
974077,0.6615502928420187
974078,0.9472757378218164
974079,0.11833657045413479
974080,0.9986308615967047
974081,0.3335268318983442
974082,0.7103579687096543
974083,0.8584483772878249
974084,0.9998533833650989
974085,0.36755675117228903
974086,0.9978706936718862
974087,0.9984503731879321
974088,0.9994098227023621
974089,0.4175446459272815
974090,0.8845182084158032
974091,0.9999822731282317
974092,0.36029314442120924
974093,0.7977508651852117
974094,0.9321678004547722
974095,0.2372822861574695
974096,0.9988443373022833
974097,0.0026641587368607463
974098,0.5593711417226057
974099,0.11319281605251216
974100,0.9217966360620203
974101,0.27449731439440733
974102,0.9997899938594623
974103,0.9854835417311294
974104,0.998119676692496
974105,0.056285269144680745
974106,0.9998595319204888
974107,0.9977802845265201
974108,0.9997722276847482
974109,0.023064189470904623
974110,0.01869594452641445
974111,0.7175379613679173
974112,0.999896862559907
974113,0.999565966127067
974114,0.99999133842067
974115,0.7268784768893055
974116,0.9997203458324009
974117,0.9995306491536204
974118,0.9888812605066465
974119,0.9963544637765579
974120,0.9997881527771125
974121,0.9997330629971142
974122,0.00795559275957871
974123,0.7917336526046556
974124,0.9963795017534579
974125,0.9706924179286107
974126,0.9994839457005071
974127,0.987646981848895
974128,0.9997045016738374
974129,0.43273489287945144
974130,0.9994928275181523
974131,0.7992942754356344
974132,0.9998889245893683
974133,0.15659302606452155
974134,0.9998656307409081
974135,0.9998208816314054
974136,0.1847311766582641
974137,0.9998028860093864
974138,0.9990244875409269
974139,0.996568016462132
974140,0.9958573902988432
974141,0.43553991273176357
974142,0.9989345464673022
974143,0.9997694298623767
974144,0.6640038179158352
974145,0.9534826110511381
974146,0.9917345076826084
974147,0.3079322331087648
974148,0.020368504252093116
974149,0.9995788959308185
974150,0.058918938427520204
974151,0.989686761636984
974152,0.9254072822104311
974153,0.6192478946252038
974154,0.7333314610725112
974155,0.029946347483713595
974156,0.05787389153755168
974157,0.9141165820828691
974158,0.9978897582251394
974159,0.15139889387131547
974160,0.8079851130486317
974161,0.3654431184926839
974162,0.4532360528724468
974163,0.29746958804007906
974164,0.11552793364980224
974165,0.9995251123962026
974166,0.057645633446950256
974167,0.9996933498956968
974168,0.036808175568180404
974169,0.9874739141327
974170,0.06464576640620955
974171,0.9997434438328479
974172,0.14112527373089845
974173,0.16781166456534813
974174,0.9994428036806127
974175,0.9996512543309597
974176,0.9848897601452247
974177,0.9120784527388734
974178,0.04457772988958417
974179,0.999823006365755
974180,0.29764010893342036
974181,0.011432397317936733
974182,0.8719647192109221
974183,0.5029885322620915
974184,0.9982694371775427
974185,0.7809743257917598
974186,0.9970190010774755
974187,0.70074547369181
974188,0.9270951616682485
974189,0.327050188890431
974190,0.09148099584355052
974191,0.9250438703887003
974192,0.9993697916229783
974193,0.9922259982052912
974194,0.699148120063493
974195,0.7012630741125933
974196,0.9998859100363598
974197,0.9803651337914082
974198,0.999957264611965
974199,0.37442506505333817
974200,0.5728535573552695
974201,0.9997804583761738
974202,0.9965348579301068
974203,0.11274645490649107
974204,0.8875162410457833
974205,0.6711844313310691
974206,0.9990612721239189
974207,0.8385628003608543
974208,0.047326837725002166
974209,0.47981089563192014
974210,0.998729036081468
974211,0.09852417898169145
974212,0.6080237869247248
974213,0.8205697624429278
974214,0.9990449897721807
974215,0.8074321751124117
974216,0.2747649107262513
974217,0.9766282428916617
974218,0.8130196273115095
974219,0.9948805640745962
974220,0.9962212339213655
974221,0.9997792566069499
974222,0.9999109104090522
974223,0.6075697672184792
974224,0.002009695082705785
974225,0.9943565178560816
974226,0.8025748260398584
974227,0.27807388421366463
974228,0.5402085582186852
974229,0.00789818590514327
974230,0.9513760371703925
974231,0.5804091070303004
974232,0.9528850505469821
974233,0.08526275878842433
974234,0.3146949178063915
974235,0.9994424463880762
974236,0.9998397928535017
974237,0.8553479305344963
974238,0.19245281821072868
974239,0.9782415231914485
974240,0.9982870839945832
974241,0.9997562691464006
974242,0.9999747563609412
974243,0.9143098898172555
974244,0.9990256085880918
974245,0.9963580955311794
974246,0.6792043961363778
974247,0.9999147243073216
974248,0.9994949415857193
974249,0.9996361728567246
974250,0.4828734724553612
974251,0.9936946313862278
974252,0.048259322478546224
974253,0.998195174623505
974254,0.9805580374144751
974255,0.7902117874095225
974256,0.9998672541206359
974257,0.8850841555319632
974258,0.1181243543036815
974259,0.9994486936400795
974260,0.9998510268174563
974261,0.43552687241029586
974262,0.999957178930287
974263,0.01867444603074212
974264,0.017486740099029847
974265,0.024166192674710832
974266,0.8759056001137135
974267,0.8540665080887745
974268,0.9996790391221639
974269,0.0270305000831338
974270,0.8958402959080921
974271,0.9994423142511069
974272,0.9990328185026973
974273,0.9998397335480295
974274,0.04011548442593285
974275,0.06033550128669993
974276,0.6380877005936211
974277,0.9998971412496058
974278,0.2502179960182397
974279,0.43781648468376194
974280,0.9814109653852789
974281,0.7343637040018399
974282,0.34597996154536886
974283,0.9998028850315526
974284,0.9065556957034715
974285,0.9957523055953472
974286,0.9992767104689484
974287,0.9998920641259158
974288,0.7846695210700968
974289,0.9999679733840643
974290,0.9999799630413425
974291,0.023475041179914606
974292,0.8810134777065748
974293,0.35843145668473864
974294,0.9904785635968469
974295,0.09620457290258075
974296,0.9971911882252373
974297,0.29391460264319214
974298,0.9976779716869333
974299,0.9992921214757398
974300,0.9999796418575166
974301,0.9996574644943423
974302,0.9754342128788152
974303,0.9998683648449929
974304,0.3563623875259385
974305,0.7204030344473711
974306,0.008095376371799143
974307,0.9977353047662307
974308,0.8614681126961128
974309,0.4695980633781499
974310,0.9746628149089808
974311,0.9999078504916512
974312,0.9677751541281643
974313,0.013622223880871908
974314,0.04581169168688397
974315,0.9992359610521129
974316,0.9975802066109768
974317,0.2636238488887559
974318,0.99731179059911
974319,0.9999748842244311
974320,0.9991588020472612
974321,0.9972666738948616
974322,0.7065613240345479
974323,0.9992675961375291
974324,0.014252572080313396
974325,0.06485496298265646
974326,0.8872211282300475
974327,0.012797227186871825
974328,0.6197863696941508
974329,0.13456360912609486
974330,0.21143339425069363
974331,0.7580102870893523
974332,0.986507398418213
974333,0.9911390198544918
974334,0.4047860890449687
974335,0.908957622911314
974336,0.5428271070721993
974337,0.1350000051494511
974338,0.9995931502471348
974339,0.24956182497884488
974340,0.8924043886730044
974341,0.9989065130175585
974342,0.3904326859198562
974343,0.999131784839348
974344,0.9990599571462568
974345,0.9998331782895807
974346,0.7446049514674893
974347,0.9717072617833662
974348,0.873682017107686
974349,0.8498360835833072
974350,0.9497513658526546
974351,0.9998597306897308
974352,0.9980559956410393
974353,0.999792545038243
974354,0.8227625081213409
974355,0.021641057023449768
974356,0.9992294850253127
974357,0.2761476051945328
974358,0.9943339401765723
974359,0.025652232017693302
974360,0.999284750022768
974361,0.6288899859841002
974362,0.5809637606259416
974363,0.9987316592868511
974364,0.9999821785146072
974365,0.08147518119943098
974366,0.8879694418109775
974367,0.9997411855813993
974368,0.6676276125433345
974369,0.6192610138321147
974370,0.001191550785609538
974371,0.9023293493238976
974372,0.9995207677411532
974373,0.33310546549723574
974374,0.09290931529359307
974375,0.8529297733982707
974376,0.9991720340443684
974377,0.37324506845858724
974378,0.8352310489499137
974379,0.9977015649507275
974380,0.9997130954933413
974381,0.47399094873855285
974382,0.9814760904393824
974383,0.9524320120868675
974384,0.2106159969937311
974385,0.9996827593000372
974386,0.966115088959766
974387,0.9998895092635458
974388,0.7303736127504908
974389,0.06613751373612872
974390,0.9965354707931322
974391,0.42572090319130507
974392,0.74724229035081
974393,0.9994740802148412
974394,0.9969717480306045
974395,0.9999469644262171
974396,0.9955573368128617
974397,0.2443036593560099
974398,0.9777320176192583
974399,0.38321278060069586
974400,0.9962975017295873
974401,0.15290941821759196
974402,0.014167872628504745
974403,0.12523694672586394
974404,0.9999305600795189
974405,0.9521352775128548
974406,0.9999813376185978
974407,0.47225571408384776
974408,0.7812636168468092
974409,0.7684461105938452
974410,0.9967652548377268
974411,0.9994904557698061
974412,0.9970993208286757
974413,0.27906482640965535
974414,0.44295325199356317
974415,0.007675664802990114
974416,0.7042558873530678
974417,0.9942992447738368
974418,0.999841187693917
974419,0.020110924519321335
974420,0.866009995548634
974421,0.721632437557777
974422,0.9998177998295354
974423,0.548066304645687
974424,0.13366339087833384
974425,0.999543114720056
974426,0.9889386642550321
974427,0.868379750481527
974428,0.9192552847300892
974429,0.7560390294983598
974430,0.9989141396255168
974431,0.9909702214690698
974432,0.6451160189656344
974433,0.9999452073499435
974434,0.0018142732006740268
974435,0.040634404557760795
974436,0.5537128547039102
974437,0.5588617214153925
974438,0.07153897033472321
974439,0.313582170649357
974440,0.9998515324899147
974441,0.5269539807402065
974442,0.3097673425245454
974443,0.06194757869035364
974444,0.753338311256097
974445,0.1408945871528893
974446,0.9975907949106616
974447,0.9926765415742906
974448,0.8422059599885496
974449,0.09658751811785189
974450,0.3834522051724818
974451,0.9717814310721595
974452,0.9998537968270886
974453,0.999669144333637
974454,0.6606662398728409
974455,0.9999732372259078
974456,0.5726299840103588
974457,0.9985177445466847
974458,0.8830218914729704
974459,0.8980055657141042
974460,0.9998479485475653
974461,0.028313839394152777
974462,0.053797135689693076
974463,0.8236124559833913
974464,0.9965958107054289
974465,0.980235323711788
974466,0.029449576776391345
974467,0.9624585821610128
974468,0.006605982972918692
974469,0.999852174662949
974470,0.9790550978862855
974471,0.9837703999720253
974472,0.9592394845761139
974473,0.9438229434265842
974474,0.9995965819478395
974475,0.1036864917065966
974476,0.8516173815832595
974477,0.25103779115369196
974478,0.9995736283279171
974479,0.08659383454300945
974480,0.9041408649715262
974481,0.101866217594627
974482,0.8601516902958356
974483,0.1971095553479581
974484,0.25815300551313186
974485,0.9988589589426224
974486,0.018850074742875842
974487,0.6583712108241849
974488,0.9996404270688134
974489,0.9892464371707825
974490,0.9989110028968432
974491,0.014665146849549438
974492,0.9996785440120456
974493,0.8889800522923895
974494,0.9996486412619536
974495,0.9992965996154577
974496,0.14480736234883912
974497,0.9999253781421387
974498,0.8677752725787804
974499,0.946926073750913
974500,0.9958955962207579
974501,0.9396785250132942
974502,0.8625430966845321
974503,0.9969959156616837
974504,0.09447820874437322
974505,0.8688398692071116
974506,0.9984181413928241
974507,0.9984506759146857
974508,0.09772173394348257
974509,0.43986714694908746
974510,0.30198937197666825
974511,0.5215686279121537
974512,0.9590147767571314
974513,0.9998177374905022
974514,0.7004641022718682
974515,0.9998597443558941
974516,0.5098850863328509
974517,0.5461695114827323
974518,0.44483641462308654
974519,0.10628978235981454
974520,0.9832244417203002
974521,0.08570827950684964
974522,0.9947425170426096
974523,0.07897342241591587
974524,0.983851825019747
974525,0.7216858073381137
974526,0.9999928773929927
974527,0.9513605955094857
974528,0.9977588557205475
974529,0.3967720631028646
974530,0.9330738412329809
974531,0.025687173851169243
974532,0.9999915395589395
974533,0.9997836562170075
974534,0.4818361085277833
974535,0.11260973257343966
974536,0.06621305391375411
974537,0.9877594121111117
974538,0.9916333259960507
974539,0.9951468282946888
974540,0.5026514452738362
974541,0.9989470296911502
974542,0.017741712297005822
974543,0.9388645906044393
974544,0.9998713997319059
974545,0.9995472383274067
974546,0.9744845804046856
974547,0.845429712627807
974548,0.7675870355133495
974549,0.999919148146834
974550,0.046808854395810874
974551,0.8251764483762598
974552,0.03517529715855397
974553,0.20505972981264342
974554,0.943117008482818
974555,0.9393560062636539
974556,0.9999073628154143
974557,0.9996663656405306
974558,0.9959557766102268
974559,0.9714192234375283
974560,0.3328340821926637
974561,0.6317636250345747
974562,0.9951516545973236
974563,0.0044475493064873505
974564,0.7621076226178904
974565,0.8653999426866117
974566,0.9999830532920333
974567,0.027937071052103083
974568,0.4978502609403893
974569,0.9999486137328952
974570,0.9999883872840277
974571,0.12512850604816572
974572,0.9992788247862088
974573,0.963076672041713
974574,0.9991872571242009
974575,0.9999320772706912
974576,0.7618951342972777
974577,0.9999471919761987
974578,0.9921509366788172
974579,0.04780164898839667
974580,0.9996311804478932
974581,0.9979912590141173
974582,0.4758381560715923
974583,0.9954831948642124
974584,0.9814284027437328
974585,0.02914285016037848
974586,0.9999424254299165
974587,0.96357006349503
974588,0.9986705839835528
974589,0.9999753631317573
974590,0.08869177571932427
974591,0.9997208852480108
974592,0.018539207045307284
974593,0.999995602310313
974594,0.9998346039981962
974595,0.9987252062789889
974596,0.9999800896422113
974597,0.8060312161474303
974598,0.9999574942370997
974599,0.12907739440278465
974600,0.9065404919606331
974601,0.997789915264721
974602,0.9996358697780465
974603,0.7593951634744667
974604,0.04802706545739504
974605,0.9160131032208607
974606,0.9926480806044067
974607,0.967369199762768
974608,0.982079319977345
974609,0.8762875039061934
974610,0.9997537447313614
974611,0.2633294878914682
974612,0.3596805629300376
974613,0.9840272702273728
974614,0.999887810983934
974615,0.9766063671554074
974616,0.9999427569016708
974617,0.24387421883687
974618,0.9998216579633459
974619,0.5439807484415572
974620,0.9855175629385569
974621,0.9997270908430179
974622,0.9997746231037374
974623,0.9981545924513411
974624,0.9972206433410232
974625,0.8393624473829928
974626,0.9999493160453201
974627,0.450784853221903
974628,0.9996203644131361
974629,0.9898257998322186
974630,0.9965619313557288
974631,0.11164646780274207
974632,0.9752957491522636
974633,0.9887804414661057
974634,0.8207609839015193
974635,0.7637361261403541
974636,0.16607469644746534
974637,0.999987890202833
974638,0.7267680392290223
974639,0.05956877740113087
974640,0.9997273793181276
974641,0.02970961356431979
974642,0.2189375341811425
974643,0.5912783970318681
974644,0.7789968156908413
974645,0.9840309476518317
974646,0.9999580160584022
974647,0.23719373636529428
974648,0.4177518751685252
974649,0.9518592423564988
974650,0.6634603070821934
974651,0.9990949510948917
974652,0.9996875564894422
974653,0.9991624939403512
974654,0.3840068564268009
974655,0.6570164877596185
974656,0.9917632304487667
974657,0.9836613116980502
974658,0.9996292857365829
974659,0.9446277825598907
974660,0.6945934893746347
974661,0.09449711118621557
974662,0.04270105098092849
974663,0.7273596375531797
974664,0.99985369472455
974665,0.9965936870317731
974666,0.9835968614197907
974667,0.9493260335308957
974668,0.9998394959008918
974669,0.20279469307624712
974670,0.9999146403104962
974671,0.999917074438378
974672,0.9942804949866664
974673,0.7795183841576596
974674,0.8016837107633014
974675,0.9995368029043808
974676,0.1193610883881763
974677,0.7331648918776479
974678,0.9965225945979859
974679,0.998561381344139
974680,0.5220701829309378
974681,0.9998222551618329
974682,0.9999570703185816
974683,0.9999723556431052
974684,0.9986786140158777
974685,0.046869580233647096
974686,0.9995382974702827
974687,0.4803742526816185
974688,0.9999555516613854
974689,0.9803183981943429
974690,0.6328688674110725
974691,0.9677589266668135
974692,0.9988050654850087
974693,0.7923912200171767
974694,0.999463924640646
974695,0.9972885960488702
974696,0.9875108130625165
974697,0.6422644526082282
974698,0.8396244190184199
974699,0.9932132432027412
974700,0.15096479063055762
974701,0.947504153353206
974702,0.23816805151768644
974703,0.9987048926208866
974704,0.35004912717397774
974705,0.5506221751252562
974706,0.8625625575986267
974707,0.9993891470731626
974708,0.9873365305139602
974709,0.9998070819437415
974710,0.999861844622135
974711,0.021388742992999296
974712,0.9999452333546044
974713,0.9970961056341923
974714,0.7044118825144097
974715,0.9999724149081977
974716,0.9980036387039689
974717,0.7369914202347252
974718,0.9192991813433071
974719,0.08136312581180345
974720,0.0649797060516811
974721,0.9998848826841644
974722,0.9998192158722231
974723,0.2397418159841031
974724,0.9564864377112835
974725,0.9998305303133794
974726,0.6231577080035893
974727,0.654335222868556
974728,0.9975750371246546
974729,0.999974326144234
974730,0.058109396718434264
974731,0.9838654213092208
974732,0.9417688527980999
974733,0.9982669066189961
974734,0.9977423795625406
974735,0.02730988880770998
974736,0.9998662669133365
974737,0.9998162384139484
974738,0.7050016121678772
974739,0.8858110991133374
974740,0.12378769826282725
974741,0.9830705454338802
974742,0.22942389171790145
974743,0.07651491639296953
974744,0.994798241626773
974745,0.9985104941594519
974746,0.009804986809290312
974747,0.9905828671151667
974748,0.9381536490816721
974749,0.5645720714172596
974750,0.17676428280098802
974751,0.9972446129209092
974752,0.1771973210695418
974753,0.9827879781641138
974754,0.9969358748627233
974755,0.01888118038564549
974756,0.9994962372567269
974757,0.9966448963797399
974758,0.7813949395048497
974759,0.788888931423155
974760,0.7152365116053829
974761,0.9758375016922058
974762,0.9990895938998106
974763,0.8380315238855427
974764,0.014417028869430748
974765,0.05382428867138065
974766,0.8479596894627297
974767,0.26230702890327656
974768,0.9986120617084928
974769,0.39019359087224803
974770,0.9997678108606528
974771,0.29002945880101255
974772,0.8424969410025671
974773,0.21175471831781162
974774,0.9997482346494144
974775,0.5547187929862856
974776,0.05001415217058812
974777,0.8584642337480557
974778,0.06265585369397995
974779,0.9080791654394945
974780,0.9762429352333399
974781,0.652223005515888
974782,0.9635887948408168
974783,0.2955504069376216
974784,0.9999716492184032
974785,0.01807534521291886
974786,0.034154585162593516
974787,0.996529657969331
974788,0.9988106882287915
974789,0.9925190657085796
974790,0.9377213988596612
974791,0.9976758605895242
974792,0.9989886274047335
974793,0.14302379398732848
974794,0.49247526701119493
974795,0.9746970125548841
974796,0.8882570902002569
974797,0.9998164201304691
974798,0.14445959189106522
974799,0.4228243450470826
974800,0.05130327045026785
974801,0.9998819503109945
974802,0.9999799496880065
974803,0.43598883049851855
974804,0.15263931808784043
974805,0.9997753911498418
974806,0.36632016458472605
974807,0.9780805851092176
974808,0.18549930258660885
974809,0.9998532305859509
974810,0.8956751898519814
974811,0.9999261308797753
974812,0.9995377440912268
974813,0.4362618627633576
974814,0.9812449880364069
974815,0.998175700545237
974816,0.6798718064865699
974817,0.44973403911409865
974818,0.4541833541601131
974819,0.43021700529511053
974820,0.39586577353662855
974821,0.5310590902435331
974822,0.9997387188566821
974823,0.9962336737760583
974824,0.21635367339512
974825,0.9703587117601815
974826,0.5182717339167753
974827,0.9992518260069474
974828,0.999421083095581
974829,0.8088585205544726
974830,0.14858830635214185
974831,0.777427050486784
974832,0.9997418839825178
974833,0.667968155950226
974834,0.9994354064537556
974835,0.02916615581794823
974836,0.6644608315305162
974837,0.5134369061417061
974838,0.7558870779026938
974839,0.10560007228294159
974840,0.9995795282156023
974841,0.9979521185593909
974842,0.9418824873752298
974843,0.6431312889623033
974844,0.03877188282846142
974845,0.16849260406271183
974846,0.5855564373612314
974847,0.7000961201179339
974848,0.4190503371471954
974849,0.44650464969356285
974850,0.9999019074847728
974851,0.0217059625495182
974852,0.8392544679537572
974853,0.9915738308705044
974854,0.9999404360419835
974855,0.512702286992854
974856,0.9923237643060332
974857,0.9326686951934955
974858,0.4480404219598836
974859,0.8756525504320324
974860,0.9997591263470909
974861,0.9976114753800175
974862,0.5799955491619236
974863,0.9999235727466866
974864,0.2329596924586177
974865,0.9981396983209564
974866,0.6710743146377267
974867,0.768539187343585
974868,0.008607060743460744
974869,0.999100421878113
974870,0.9941334736527646
974871,0.9999609716347304
974872,0.5109965535296717
974873,0.9923486031124987
974874,0.9998478291144468
974875,0.9998755581025605
974876,0.12513881167871546
974877,0.2034988829276876
974878,0.9998983058680533
974879,0.9885830059528323
974880,0.9957755582113392
974881,0.9849194224942242
974882,0.8869730022249219
974883,0.9999311800399588
974884,0.30939813143442907
974885,0.9752142202943672
974886,0.479418658463163
974887,0.9991802058430047
974888,0.35618581924014714
974889,0.20323827364994793
974890,0.009495736037816338
974891,0.9996381030662025
974892,0.2413378441677969
974893,0.9592910066573958
974894,0.9997745037370676
974895,0.9947683674773071
974896,0.9968746525876997
974897,0.8130026264544273
974898,0.35208759486709007
974899,0.9993311680347247
974900,0.02371086967460832
974901,0.20340234369999546
974902,0.9999854574209573
974903,0.9985828745265171
974904,0.031230440080717823
974905,0.9974820598393404
974906,0.9995338093583213
974907,0.9999281007055504
974908,0.9926220287192665
974909,0.9994299937058418
974910,0.9994594936134154
974911,0.5175967003871573
974912,0.9561086874489202
974913,0.674062686597984
974914,0.9995279265792647
974915,0.2751671152529906
974916,0.9223923276372564
974917,0.9999217190090652
974918,0.910477099133552
974919,0.03856257446252026
974920,0.7496596458099951
974921,0.9998437344939968
974922,0.9999104848789433
974923,0.9996531243330112
974924,0.8617880564455462
974925,0.05183162304323731
974926,0.9994656181345511
974927,0.7990447219474206
974928,0.6619333397049356
974929,0.9965673965561498
974930,0.39176868960413386
974931,0.9969175430062788
974932,0.9999062361354438
974933,0.7621073892502971
974934,0.9937798778765146
974935,0.47694515663456255
974936,0.9915441699257476
974937,0.9992857482723716
974938,0.13069131929924294
974939,0.9973985100769622
974940,0.9970322608920188
974941,0.9999027259877097
974942,0.9888931785352033
974943,0.8747826287662555
974944,0.99240682929017
974945,0.971543758352005
974946,0.9988569671942602
974947,0.9709954763043604
974948,0.7864890320023563
974949,0.893517176165159
974950,0.9990118078502687
974951,0.4097604570625427
974952,0.9999434843153212
974953,0.9981438098427653
974954,0.9992560700131146
974955,0.5216564305152149
974956,0.7163012379764705
974957,0.9988334104175565
974958,0.9998391410370512
974959,0.9868048118553375
974960,0.9993579306758522
974961,0.9984931643045516
974962,0.06650046145244236
974963,0.005961292854730528
974964,0.9997369656470376
974965,0.9988533990739314
974966,0.9999011136221255
974967,0.03289113115643265
974968,0.7398239064084233
974969,0.08826359488308233
974970,0.9968576401735763
974971,0.9997754586974312
974972,0.6484254167745357
974973,0.49983280932174845
974974,0.8180939100520068
974975,0.9975625546624518
974976,0.8510319643235962
974977,0.9996302548041759
974978,0.9713704447809177
974979,0.9993325771773103
974980,0.9148210950591467
974981,0.2964855799349524
974982,0.9853744623924285
974983,0.9983271073826894
974984,0.852541055452217
974985,0.05023236601104357
974986,0.1232671225600437
974987,0.9999143056414407
974988,0.9995390395080852
974989,0.7541495483934747
974990,0.017506052659066733
974991,0.35543618510332564
974992,0.8494356116236073
974993,0.033164251197687185
974994,0.9993785389683991
974995,0.997529618434797
974996,0.28042686091039853
974997,0.6725268978459235
974998,0.9995631051155006
974999,0.21200319545485896
975000,0.06498175462645991
975001,0.9998486794975351
975002,0.9882721457419692
975003,0.6735132293610939
975004,0.4223167474890217
975005,0.9999731181608074
975006,0.4628654920678111
975007,0.939174779314293
975008,0.9285786121746826
975009,0.9992894579946234
975010,0.9935594868478737
975011,0.9995831196631082
975012,0.7230835302765588
975013,0.992311903860271
975014,0.632773676323936
975015,0.7521871193441834
975016,0.001724043094486229
975017,0.9998134989811615
975018,0.816258061970796
975019,0.9606887237315253
975020,0.013426823605835032
975021,0.5284226984325566
975022,0.9932402516827665
975023,0.9830073675724562
975024,0.41845372697586025
975025,0.9996897904457971
975026,0.6192354563951727
975027,0.9977127883788177
975028,0.9995706929922978
975029,0.9748546709040677
975030,0.17105350537045266
975031,0.8970234275582686
975032,0.9871352043844013
975033,0.9999771823430003
975034,0.2940582337657222
975035,0.9522154810842658
975036,0.16316141170716567
975037,0.44434482020846827
975038,0.9996462469595806
975039,0.08518469775524412
975040,0.999983898849403
975041,0.8162149376464797
975042,0.9991525087083437
975043,0.9996921968043797
975044,0.44417572432857144
975045,0.3710003794903044
975046,0.99994138206536
975047,0.9475891913941916
975048,0.9994542241363344
975049,0.9995487989969378
975050,0.999939140763039
975051,0.026426508003244784
975052,0.027418652687363557
975053,0.9998689745089713
975054,0.4505006406298553
975055,0.9998950509886543
975056,0.014841235363733045
975057,0.4374998089558172
975058,0.008964677913677544
975059,0.3415771011631341
975060,0.36313589140429925
975061,0.0622260487858177
975062,0.33069054301272205
975063,0.6214534174877524
975064,0.4826100664184946
975065,0.8625129914489774
975066,0.4846363148150579
975067,0.9773624432312121
975068,0.9996804543523963
975069,0.9940678410586363
975070,0.33463000189869085
975071,0.3596563912828295
975072,0.01715364637052944
975073,0.17444962642875847
975074,0.9972616056222807
975075,0.8689366929873094
975076,0.1812102844125701
975077,0.9792634259577417
975078,0.9999820087764129
975079,0.5984314032190063
975080,0.9987390901717751
975081,0.9975450106771944
975082,0.03437257448994287
975083,0.019597936605513275
975084,0.9854346869185902
975085,0.9999179281499653
975086,0.14593942265340537
975087,0.9863285064245739
975088,0.9944981551986276
975089,0.9999176649639892
975090,0.9992490516963135
975091,0.994471993136821
975092,0.9973056604385436
975093,0.9724315466639479
975094,0.8353567177298541
975095,0.9987253620480514
975096,0.5416471259428832
975097,0.9986661955685119
975098,0.19602538913859047
975099,0.3994465052090384
975100,0.45338824492002877
975101,0.27849266266939693
975102,0.6726580422078456
975103,0.9974574070361127
975104,0.600875639812189
975105,0.9778050577746273
975106,0.056000837226348826
975107,0.9979650776669734
975108,0.30636399475454956
975109,0.9546062601429892
975110,0.9905126344620679
975111,0.9014175750327657
975112,0.6472495737231776
975113,0.9972195321024895
975114,0.9847188182889901
975115,0.9222535288636844
975116,0.49012886518404597
975117,0.6986749273633585
975118,0.9995799490746695
975119,0.9998319698788046
975120,0.8559389293360817
975121,0.9712244737638556
975122,0.3024619209975639
975123,0.6617617646173031
975124,0.9998267279978357
975125,0.028601255688889098
975126,0.997465311495813
975127,0.960957630362664
975128,0.6310496027568203
975129,0.9997762361666185
975130,0.9988791234290189
975131,0.9986265435926498
975132,0.999667438417583
975133,0.7090449166169481
975134,0.9967495120001773
975135,0.053793224957017514
975136,0.9999607486486568
975137,0.999379839982888
975138,0.9873897656023116
975139,0.9999448850332413
975140,0.3864262294060308
975141,0.9159159209578885
975142,0.6885596010409076
975143,0.965183584282082
975144,0.9941868043940468
975145,0.6101188788770473
975146,0.14522832873118058
975147,0.9342346469100515
975148,0.12285409275505832
975149,0.8303368781290983
975150,0.017816550513808725
975151,0.9999745938710624
975152,0.9445739008738491
975153,0.9999914200523319
975154,0.9999069692468289
975155,0.015064641528186633
975156,0.9846299084787393
975157,0.9975231257909671
975158,0.727272730692305
975159,0.9653405460199724
975160,0.02662215512881217
975161,0.028852029083569302
975162,0.9999786754213589
975163,0.24614566660008558
975164,0.9660984121208227
975165,0.7070596071134589
975166,0.8605935346756168
975167,0.9979753245362719
975168,0.8158003637024385
975169,0.9910706470077573
975170,0.019111097293191267
975171,0.9582141727760907
975172,0.952952583495382
975173,0.998515765331943
975174,0.41535507459607557
975175,0.9702933099252795
975176,0.9994822729042887
975177,0.5358784664493857
975178,0.7054956081503747
975179,0.9768135942854717
975180,0.1698609552116742
975181,0.9098241729319253
975182,0.9932254643971383
975183,0.9972436913366842
975184,0.9999875078981362
975185,0.9993995049139686
975186,0.9969226334848773
975187,0.9993519549165161
975188,0.7802388715078654
975189,0.9990562988118338
975190,0.004609973601225666
975191,0.9948732791584743
975192,0.3465631778745191
975193,0.9963685059844297
975194,0.9994047952219738
975195,0.06454488029847198
975196,0.06466742418771228
975197,0.9969058361878173
975198,0.9764710961753633
975199,0.8597058212620587
975200,0.9726423788328384
975201,0.9337129442162415
975202,0.014782669207163805
975203,0.9978231812437097
975204,0.9859678618670209
975205,0.9999822046062454
975206,0.9974922908729551
975207,0.057434476560613554
975208,0.999908569721859
975209,0.9740783165036867
975210,0.2819989371985831
975211,0.9948702036090419
975212,0.22312329248726329
975213,0.9997354448886289
975214,0.8024831631891858
975215,0.9384094028413534
975216,0.4590124408096946
975217,0.8027525303992761
975218,0.6810866987200177
975219,0.9959799238186351
975220,0.9915124357346026
975221,0.9993065597102235
975222,0.9998474086504501
975223,0.9962276457445215
975224,0.9915830289703537
975225,0.9998491542450758
975226,0.9997361887392294
975227,0.5208389771772772
975228,0.7879069455993666
975229,0.9999428641442303
975230,0.029024449181996075
975231,0.9677505628800467
975232,0.9973840142845232
975233,0.5007248167180371
975234,0.9944776486825779
975235,0.9797995782305133
975236,0.038978212607220446
975237,0.3509857200151122
975238,0.5625908632780183
975239,0.9978941375130235
975240,0.9993321304238587
975241,0.9455723886179928
975242,0.9973427984168932
975243,0.9778889822295183
975244,0.9947293825092351
975245,0.7254061441470065
975246,0.9979468862856893
975247,0.7433664445407951
975248,0.999774523348633
975249,0.9109533805959782
975250,0.8549610884022593
975251,0.135860784102062
975252,0.09682019302741238
975253,0.9902901732872873
975254,0.9998462224277054
975255,0.9978434426196876
975256,0.8120054661779361
975257,0.9195986901960452
975258,0.9999767937876729
975259,0.3089940516635461
975260,0.9999211178548258
975261,0.1356109296252169
975262,0.07698042701442032
975263,0.9996645360231218
975264,0.7969944047979849
975265,0.9886088092300684
975266,0.9997423469600194
975267,0.580029698704615
975268,0.25630735586452474
975269,0.044690626465587295
975270,0.061317445955871144
975271,0.4304465408237459
975272,0.9995421879470474
975273,0.3285027565775207
975274,0.9959000982261921
975275,0.009247936991736674
975276,0.9999637490472765
975277,0.43732639868583223
975278,0.0357858208576421
975279,0.9271595836984218
975280,0.11968554530351905
975281,0.5329971943252068
975282,0.23741878433605135
975283,0.9989473474780715
975284,0.6375823662897934
975285,0.9993192785432921
975286,0.999942716138845
975287,0.9493897105503926
975288,0.9010199191691425
975289,0.9913751278980301
975290,0.9937162490277693
975291,0.9972517093226196
975292,0.9998172175313276
975293,0.9527811180219488
975294,0.8604331463750498
975295,0.9850866450549215
975296,0.3004212252448403
975297,0.8069179315562153
975298,0.9995662924216427
975299,0.5155480776720756
975300,0.9999303415662344
975301,0.08973789302980403
975302,0.769504784303711
975303,0.13572693725545626
975304,0.9977162312906999
975305,0.5798151740548727
975306,0.1004873496554682
975307,0.012404649545629453
975308,0.9991956404385418
975309,0.9792921018400714
975310,0.9044359384556202
975311,0.9988922873704194
975312,0.9963266137273634
975313,0.993103748978662
975314,0.9987850901561186
975315,0.9120920475522853
975316,0.9925295723909429
975317,0.999936514528141
975318,0.23308663419308895
975319,0.9999324069280799
975320,0.9999767930463757
975321,0.9987490784709707
975322,0.9983413866898205
975323,0.9999053440041854
975324,0.9996352768327311
975325,0.9977691666276804
975326,0.9137768869313917
975327,0.7259317473257771
975328,0.9993424624832041
975329,0.1488682400059194
975330,0.9994440256943322
975331,0.03591334707961608
975332,0.9184275645859266
975333,0.9782247860820603
975334,0.8647506995929494
975335,0.08657085732098435
975336,0.8390277178529004
975337,0.17240744497763902
975338,0.8281940165242818
975339,0.9622533652948856
975340,0.7545944762557835
975341,0.987903894115604
975342,0.8109263877016026
975343,0.9951848686271605
975344,0.9957864827141465
975345,0.9980599366502112
975346,0.999596698652354
975347,0.9628186190546881
975348,0.7831947306112137
975349,0.7851934895009013
975350,0.9935781527576502
975351,0.9999196247999831
975352,0.9998281313518207
975353,0.9999486312029084
975354,0.09468499305001542
975355,0.9998952789453784
975356,0.018582404094001793
975357,0.9993686021317805
975358,0.0039055735002755856
975359,0.9145478949891728
975360,0.5206340977413284
975361,0.9708657166155776
975362,0.9997323929993798
975363,0.9998950462962511
975364,0.9997857761901957
975365,0.9991105614488212
975366,0.6283703170532132
975367,0.9998613339326989
975368,0.9738511017527167
975369,0.9817143273456377
975370,0.9997431176124361
975371,0.9970756479787054
975372,0.9227753862674325
975373,0.9990510249976491
975374,0.9981462173632318
975375,0.9997230628473774
975376,0.0037031872686415553
975377,0.4693892311556083
975378,0.9999116534937456
975379,0.02093788222572027
975380,0.476654783966741
975381,0.766849992500571
975382,0.9964467186350237
975383,0.9071530859174877
975384,0.9951342524023171
975385,0.9985697409827285
975386,0.10970751528336585
975387,0.6016822284862358
975388,0.9947692470782379
975389,0.9996987198331744
975390,0.6990012280299178
975391,0.9998766584995307
975392,0.9869088368456476
975393,0.45743383772346247
975394,0.0707983279255325
975395,0.9996418143201796
975396,0.14331952835728917
975397,0.020937657138334235
975398,0.9193784043752227
975399,0.008398608037710576
975400,0.5719827193994618
975401,0.04453481487159934
975402,0.9977699992235378
975403,0.040780855303489516
975404,0.9996321043645651
975405,0.8702956061492191
975406,0.9997020053747593
975407,0.9931388808312209
975408,0.9754923700024265
975409,0.9999030267434792
975410,0.9998645338601139
975411,0.9986862871849298
975412,0.04123129159601515
975413,0.9470937458436903
975414,0.9999359088937017
975415,0.8509101038436279
975416,0.950146722404831
975417,0.10531579340164132
975418,0.4550957524013999
975419,0.4568732087310247
975420,0.9998970351251201
975421,0.7884609873435167
975422,0.018558615580815136
975423,0.9336384333360135
975424,0.9994615493819903
975425,0.9604540324496886
975426,0.9947496589595992
975427,0.11903274912741818
975428,0.239189470095163
975429,0.999613602843927
975430,0.9994468930861582
975431,0.9237655451908281
975432,0.972910785695315
975433,0.9992821993375898
975434,0.9998657045101335
975435,0.7142386576084312
975436,0.0170754684383698
975437,0.8863954403649855
975438,0.9998334540701154
975439,0.9990056008163897
975440,0.9963355352743972
975441,0.9995343451566634
975442,0.13287319929468666
975443,0.9512005259781331
975444,0.27973012379603057
975445,0.9862835672685508
975446,0.025519466540123055
975447,0.9968318019453537
975448,0.9984841830733979
975449,0.9984755257628661
975450,0.24092314810322302
975451,0.11064637426126986
975452,0.9998751419761785
975453,0.9999429975127636
975454,0.9998036978275999
975455,0.9661660635500471
975456,0.9998251813525988
975457,0.9980656245809251
975458,0.6679630145309499
975459,0.999947241517066
975460,0.973197914409876
975461,0.999864817570422
975462,0.02570597119432688
975463,0.9996690227750115
975464,0.011665484845302044
975465,0.9976827613522631
975466,0.9792300631397898
975467,0.5674263590794257
975468,0.9874523103709983
975469,0.9175103876668759
975470,0.7843241859670795
975471,0.9649034898249804
975472,0.682087636148823
975473,0.9995374740898316
975474,0.2247054948586712
975475,0.3352606446284728
975476,0.998013911897317
975477,0.36302175114238755
975478,0.993927791877214
975479,0.9985670405211953
975480,0.9999665514675233
975481,0.06691286038500786
975482,0.9998216509356861
975483,0.21032112879602108
975484,0.9942467139685486
975485,0.10796277299617774
975486,0.9997133880093048
975487,0.22556731003631103
975488,0.13944286546243095
975489,0.9797419489025839
975490,0.9972452639949448
975491,0.12626228105506995
975492,0.9994724896510039
975493,0.6371974508678012
975494,0.9998644258115733
975495,0.9997977091160242
975496,0.9639293739456768
975497,0.9895713109293693
975498,0.9999905361071714
975499,0.999808848451653
975500,0.30209868445827237
975501,0.37250166771024473
975502,0.5883188376849366
975503,0.3775187521586204
975504,0.516743657114996
975505,0.12333124605683918
975506,0.9923266714561294
975507,0.6168236894110513
975508,0.48343714243978086
975509,0.9997448987194328
975510,0.2306109489825622
975511,0.6130702340631546
975512,0.002597304602912824
975513,0.9968087336191401
975514,0.9997033324571108
975515,0.9994087779839094
975516,0.9925475515585896
975517,0.20522531671426186
975518,0.9980734894700947
975519,0.9968614522625706
975520,0.998058649674781
975521,0.8379182679956485
975522,0.989020493137179
975523,0.41171043262478657
975524,0.5050901630828127
975525,0.8047506267975053
975526,0.9997659321562242
975527,0.9997375076845432
975528,0.9981668586477307
975529,0.8286763077433403
975530,0.997798494775415
975531,0.9946871003111828
975532,0.9927519173124937
975533,0.9680663602163058
975534,0.9999764134918783
975535,0.9895836381677462
975536,0.9999263267218742
975537,0.6639121896156961
975538,0.9797185419414096
975539,0.9978279257095615
975540,0.9874044259096987
975541,0.002425435019583398
975542,0.9964749805301438
975543,0.6009384743097657
975544,0.8413587745876043
975545,0.020406775238387593
975546,0.936073252348506
975547,0.8510485707869684
975548,0.9999203919923441
975549,0.9934603163302868
975550,0.039918123065801975
975551,0.9931735944519311
975552,0.6720067852468938
975553,0.3333926784095421
975554,0.14438268241890667
975555,0.7186245085145548
975556,0.021192670361544513
975557,0.7159181263358685
975558,0.3937255589460437
975559,0.992497957916719
975560,0.9982481043080433
975561,0.9999821785595399
975562,0.14110481237275235
975563,0.995885578789639
975564,0.05755525896629379
975565,0.9996088525968714
975566,0.9990826690401959
975567,0.6237469757265819
975568,0.8181558959155917
975569,0.9995573325717391
975570,0.9979799498781045
975571,0.8122628186815986
975572,0.9166096377282644
975573,0.9773862201183423
975574,0.9996274940140735
975575,0.9290454003965687
975576,0.9970618179923234
975577,0.9951957613695616
975578,0.9964142993929647
975579,0.9848505836301403
975580,0.04172933825420257
975581,0.5485707669701683
975582,0.9999020124028914
975583,0.9997934892421683
975584,0.5001209870636761
975585,0.04564965559399028
975586,0.981660116072588
975587,0.47536368156296444
975588,0.022345368653443068
975589,0.553618680888303
975590,0.41001755599902107
975591,0.3494737530515829
975592,0.5585810084318688
975593,0.3384454514678099
975594,0.9795710493388643
975595,0.9989255132375972
975596,0.9900598554239627
975597,0.9995270574197681
975598,0.8145030480772141
975599,0.518662049973086
975600,0.9997128485956323
975601,0.9999845156649677
975602,0.9976576574802711
975603,0.42453508532749895
975604,0.3095385020871329
975605,0.021795645470120223
975606,0.9920869760807371
975607,0.9490493024655393
975608,0.9849784426039698
975609,0.9134164824935858
975610,0.8804784696472362
975611,0.028603364504941206
975612,0.8562787694417842
975613,0.9997286588963363
975614,0.9998575436187405
975615,0.9907982668040076
975616,0.004313634684397098
975617,0.9999662511406358
975618,0.15530029066769688
975619,0.5428068776304723
975620,0.12794938008994797
975621,0.9981066654804838
975622,0.9998446940385988
975623,0.9997454040139708
975624,0.9870620401822676
975625,0.9923758869090262
975626,0.9957916724530214
975627,0.7567915437705385
975628,0.9995647963320295
975629,0.993105096132088
975630,0.08792789383760538
975631,0.999553829901263
975632,0.9997786876877819
975633,0.08651494146649996
975634,0.9994819210561808
975635,0.9475058449673233
975636,0.2458052699326856
975637,0.4132238393814172
975638,0.7497746156350082
975639,0.33462928310559753
975640,0.058497451649737894
975641,0.4419338965840728
975642,0.010136275972183927
975643,0.6597141001861816
975644,0.00744202848180099
975645,0.9990834556444355
975646,0.9205095585206988
975647,0.22164801927853822
975648,0.2701029185537589
975649,0.9886241358143719
975650,0.9998628626740155
975651,0.9013058967363703
975652,0.999861727948621
975653,0.8952145790217069
975654,0.997959543576935
975655,0.01908144245277913
975656,0.982036016744121
975657,0.05362648325255029
975658,0.999685383479815
975659,0.43556703834452054
975660,0.9996714051874092
975661,0.695583058897667
975662,0.9947366909003708
975663,0.9851014216614301
975664,0.034535505747658124
975665,0.6914122699605824
975666,0.9971228688883038
975667,0.9929424559993008
975668,0.01681688680065413
975669,0.9998304105230884
975670,0.6463579472689804
975671,0.9896494986279225
975672,0.9987325789552909
975673,0.4456680127170491
975674,0.11457284968566199
975675,0.9997669388271704
975676,0.40886132926271523
975677,0.9999630670410167
975678,0.999154723937713
975679,0.003915556123133434
975680,0.9996922839276328
975681,0.9985240488264416
975682,0.01712055102382338
975683,0.4451606651722946
975684,0.41938905759302525
975685,0.9310604774888498
975686,0.3669573505417152
975687,0.35531767251596924
975688,0.981969942560078
975689,0.8127146586957449
975690,0.5772706005685997
975691,0.981385030341162
975692,0.7566410681788631
975693,0.02365639660334186
975694,0.7873116249783683
975695,0.006635704892490734
975696,0.9985312287222057
975697,0.9991327106744071
975698,0.6816536611705563
975699,0.9998452841958281
975700,0.4883859101044405
975701,0.7041590106791935
975702,0.04903838171715588
975703,0.7195105953832699
975704,0.5003394745753541
975705,0.9998927832043484
975706,0.9999442521142514
975707,0.14475978838017273
975708,0.1046380643520462
975709,0.15897500248908158
975710,0.9745615449755491
975711,0.5074096355884017
975712,0.9997499106859382
975713,0.9970699338608724
975714,0.10302660682406224
975715,0.9962645968742805
975716,0.38088068744690956
975717,0.9062135760813264
975718,0.9999756568012879
975719,0.9997693550705705
975720,0.999090457079942
975721,0.012042971012515238
975722,0.7779744854497215
975723,0.9994078663026256
975724,0.9355066003499873
975725,0.9999783852178418
975726,0.5860266311770639
975727,0.2620748165088913
975728,0.9945064229506114
975729,0.1307724916629374
975730,0.04519462414941187
975731,0.9845683765313652
975732,0.9384789270331788
975733,0.8819222689094894
975734,0.018363469839369324
975735,0.9967195909690162
975736,0.9998613091602546
975737,0.990881253461599
975738,0.9794417728601688
975739,0.35930557356757487
975740,0.9586299444708628
975741,0.9997414100916043
975742,0.9902577806003848
975743,0.015580180926014039
975744,0.5160740232214602
975745,0.8965487888567377
975746,0.8874213717952484
975747,0.4862043344444362
975748,0.7816898263822912
975749,0.9992821793092109
975750,0.784887357802736
975751,0.9977394016874406
975752,0.3682033328468814
975753,0.873629690618509
975754,0.8430491454823128
975755,0.9999732262491082
975756,0.32649618093488053
975757,0.9977249945364979
975758,0.525208104521425
975759,0.9997878389673314
975760,0.09566514981114396
975761,0.2502525445027274
975762,0.01632339402591767
975763,0.9358509691926252
975764,0.8715973371707109
975765,0.9993033072079388
975766,0.029530761792392956
975767,0.7365392105455174
975768,0.7254907874588508
975769,0.9990644287051604
975770,0.9999469094000291
975771,0.9990740246383385
975772,0.999518372511174
975773,0.7547396058489324
975774,0.3985012609002776
975775,0.027495182492132765
975776,0.10085509743924818
975777,0.995183557491697
975778,0.4168325435083729
975779,0.9546754580121326
975780,0.014944600204789812
975781,0.9988718275729385
975782,0.9895756986784642
975783,0.9994154475089356
975784,0.9999051077457424
975785,0.006383922256153436
975786,0.18670248667590517
975787,0.10301354228921332
975788,0.7739043409124874
975789,0.03464328624240912
975790,0.2542904687469147
975791,0.7605092177271171
975792,0.09034256500658847
975793,0.9995188395554035
975794,0.09966051976761012
975795,0.9985099280673808
975796,0.9880541036397488
975797,0.9660692536244391
975798,0.9999778995484665
975799,0.07694093866282796
975800,0.11407356974339275
975801,0.9998837270633351
975802,0.9992515903284437
975803,0.9973252282349866
975804,0.44136740276308806
975805,0.8103917278867345
975806,0.9993447048278796
975807,0.9635152351632303
975808,0.023562204916283504
975809,0.8403297362857979
975810,0.9995132027818348
975811,0.9928821250028521
975812,0.9750564343882571
975813,0.0030080981650836016
975814,0.9999533348442784
975815,0.024324166637524583
975816,0.9924845506068771
975817,0.9220323879680493
975818,0.9959905326244469
975819,0.8931115269458404
975820,0.9993999796118749
975821,0.7102089834305045
975822,0.9881492999122896
975823,0.7081008864132123
975824,0.6693243680628754
975825,0.5201484565906793
975826,0.0673092842368259
975827,0.9999197819262826
975828,0.3718712688385984
975829,0.9924741468482805
975830,0.17124863658831435
975831,0.9994347257337556
975832,0.005662070071892454
975833,0.9949160447788634
975834,0.9999859056279738
975835,0.23843738027998757
975836,0.723848566042313
975837,0.9999093675176471
975838,0.9998139727080334
975839,0.9998340531715766
975840,0.33752167635274843
975841,0.9998002543791888
975842,0.4997228135755212
975843,0.9949207295879333
975844,0.12340375999201635
975845,0.2695726511371694
975846,0.6386587522603205
975847,0.7192145950055557
975848,0.9872050418858509
975849,0.5960443876919677
975850,0.9264498391574484
975851,0.9958793490427557
975852,0.9803432843340236
975853,0.9661819376293828
975854,0.793427142533828
975855,0.9999844239407101
975856,0.9120958119238001
975857,0.004178457170157365
975858,0.9971565742744581
975859,0.41362094830858054
975860,0.9981034418371802
975861,0.9483634559376544
975862,0.04419653643726374
975863,0.9999066737229833
975864,0.9997890635888049
975865,0.9999097539451272
975866,0.9918073610602542
975867,0.9773144604799044
975868,0.08254730801378615
975869,0.9997768738724981
975870,0.9998600244818822
975871,0.01300361756196227
975872,0.8993574648674985
975873,0.9701308463980922
975874,0.9995871943033299
975875,0.6064611149798369
975876,0.9999793159672326
975877,0.5258136528173464
975878,0.3602538144886309
975879,0.990732152014299
975880,0.9944547970289151
975881,0.9997362631351989
975882,0.5364158865844674
975883,0.9946333415572196
975884,0.1867905812581165
975885,0.34687124067270775
975886,0.9997254161537185
975887,0.5567400364626734
975888,0.9339217708994267
975889,0.01794752217018888
975890,0.981408268472405
975891,0.9961087233303296
975892,0.9949567226989479
975893,0.9991684813580427
975894,0.7444698422595905
975895,0.9996228493527759
975896,0.6043412667812649
975897,0.970962256977795
975898,0.8593902540664041
975899,0.9894233342660661
975900,0.06520027138525988
975901,0.5279238236402284
975902,0.9480703041054184
975903,0.9575924680950608
975904,0.9998083030361391
975905,0.05190828415621575
975906,0.0036736462185939147
975907,0.947581079192993
975908,0.9976106537551782
975909,0.45303237401715424
975910,0.10423811889616466
975911,0.21985072953575413
975912,0.09693146448926612
975913,0.9995492641485416
975914,0.9995895862240607
975915,0.9990170929755534
975916,0.9999069654773237
975917,0.03482914739283629
975918,0.9914973797238651
975919,0.9999437946155662
975920,0.9999281069225023
975921,0.10758733039293325
975922,0.9999076497998033
975923,0.9871818305152762
975924,0.9997669522866626
975925,0.934602638065243
975926,0.9999722845963752
975927,0.1153416799988902
975928,0.4813323291798906
975929,0.4193255776849016
975930,0.6442519313467634
975931,0.018077527787411844
975932,0.5888688495615246
975933,0.8403533785139112
975934,0.4148615644372993
975935,0.9229315656840228
975936,0.9311689918538351
975937,0.34243309963139945
975938,0.999758207355762
975939,0.9994833240963095
975940,0.1843164557528475
975941,0.39468354457600224
975942,0.4571611796012093
975943,0.9965786552382462
975944,0.2090354938248023
975945,0.010571627130594344
975946,0.2211290512526884
975947,0.13691790862016004
975948,0.9955463860381517
975949,0.9979302152275014
975950,0.9893032092683551
975951,0.2812200688416215
975952,0.9887111128869885
975953,0.9994078185583536
975954,0.8294073772272552
975955,0.8603041527762725
975956,0.9883490262711232
975957,0.6968052365760588
975958,0.9362431191830747
975959,0.09987891650561376
975960,0.6459045279402966
975961,0.9991101243824172
975962,0.9999784129631832
975963,0.014592801233072664
975964,0.9550463765048737
975965,0.296754412259204
975966,0.6553819858682067
975967,0.9978612699572978
975968,0.5110176403668389
975969,0.9914286376640338
975970,0.9901671127028592
975971,0.9669631398200351
975972,0.05783375395506005
975973,0.8943507437397273
975974,0.7625763483126445
975975,0.015482251558123904
975976,0.9992018864110548
975977,0.9990570195694601
975978,0.2579860944377033
975979,0.9994650215414913
975980,0.359535028540949
975981,0.18931375727420469
975982,0.7279718014723202
975983,0.9758756474109442
975984,0.9996497333485523
975985,0.9997481901804555
975986,0.9986251812151614
975987,0.971890295300306
975988,0.9298232932603379
975989,0.9997395874628618
975990,0.487100670469748
975991,0.2690818785462665
975992,0.9972975079741012
975993,0.2583856372079845
975994,0.01479821769627726
975995,0.9999807719458867
975996,0.5031959718364396
975997,0.595052738442955
975998,0.9997687806502934
975999,0.9996082894498302
976000,0.9960915442889036
976001,0.4023543084194995
976002,0.09000929743553893
976003,0.9997691621418268
976004,0.2958756595404804
976005,0.0005808272296335304
976006,0.9976154683305365
976007,0.16473111163661472
976008,0.8765928913303518
976009,0.7485696565216376
976010,0.8845726992321543
976011,0.022604045392130286
976012,0.7277593980485146
976013,0.999735366656007
976014,0.9984809983495021
976015,0.9999812976608973
976016,0.9997251439895156
976017,0.999810378125287
976018,0.007323930866740468
976019,0.9996637739040319
976020,0.9996326742015672
976021,0.32538803150592377
976022,0.8387927247602622
976023,0.7339139379484081
976024,0.9998471925264514
976025,0.25797857273439373
976026,0.18135566499504888
976027,0.7650184662338783
976028,0.6236809852174489
976029,0.6128103379041531
976030,0.3028394544626302
976031,0.9974850259128265
976032,0.9996825998791667
976033,0.9877624566337515
976034,0.999473544925803
976035,0.9955777692457284
976036,0.98544519078416
976037,0.11383164877276275
976038,0.9991026797122051
976039,0.9998620752775358
976040,0.9981655491588622
976041,0.9999791503818095
976042,0.9984342446786709
976043,0.9962110300226354
976044,0.9997938854295856
976045,0.31281889408089086
976046,0.9994634844214982
976047,0.9933172168609832
976048,0.999795388447116
976049,0.9615526314769476
976050,0.9999786832637756
976051,0.9999653525362585
976052,0.9917676477440303
976053,0.47096236798876145
976054,0.999912018454876
976055,0.9999707882112792
976056,0.9666897770786844
976057,0.9999265791139865
976058,0.9918221025593229
976059,0.9996956687434617
976060,0.9999188220210153
976061,0.9999312493756647
976062,0.49834755413687015
976063,0.9999846994186611
976064,0.9997205531632474
976065,0.4870326560418635
976066,0.8288687577088253
976067,0.003985294774690183
976068,0.999902345798279
976069,0.4755401977305646
976070,0.8011382513214311
976071,0.8875628133741564
976072,0.9977944494659965
976073,0.015938928291968458
976074,0.999975877741114
976075,0.8833769498232239
976076,0.5644691082453043
976077,0.9991833631869453
976078,0.9998574868011804
976079,0.8472108547620071
976080,0.7420060285462822
976081,0.00973602822770076
976082,0.9998277218410576
976083,0.9993131066113484
976084,0.9991858993321407
976085,0.32128814923463417
976086,0.9936636102146528
976087,0.9699021741047802
976088,0.20794062671860863
976089,0.9765454777515614
976090,0.9980516870764642
976091,0.012417710066316678
976092,0.6390855905389501
976093,0.42520089263348815
976094,0.8663782051251652
976095,0.9997700271201224
976096,0.9999848226420179
976097,0.998498748441304
976098,0.9963640903372688
976099,0.27846786597998635
976100,0.970787050658988
976101,0.9981118729199991
976102,0.9989247081913362
976103,0.3787261571583037
976104,0.009909399651787401
976105,0.604494803491611
976106,0.998054301083863
976107,0.20248227731436225
976108,0.015809198464512318
976109,0.9909943465677374
976110,0.25377999541349217
976111,0.9929598767957841
976112,0.9997107841617765
976113,0.13297110801666506
976114,0.006959730693891011
976115,0.9998117271652756
976116,0.9997869871466591
976117,0.7674748498602447
976118,0.9998324701600005
976119,0.10825942032412322
976120,0.913352207061216
976121,0.9993730832936152
976122,0.01486438771819009
976123,0.9999405834393947
976124,0.8791659930112214
976125,0.8771556759179011
976126,0.9908160306687126
976127,0.9703762191803655
976128,0.997948617797925
976129,0.13120220288687054
976130,0.6248370593545245
976131,0.6849733537191286
976132,0.7838053417879127
976133,0.9998306131242533
976134,0.7833214091499435
976135,0.9141486672803771
976136,0.9824082566687153
976137,0.3457716143263858
976138,0.9999694697246548
976139,0.9607255400094282
976140,0.9995964337608689
976141,0.05844444063718433
976142,0.9999309762638728
976143,0.03415700075993052
976144,0.7730627102153074
976145,0.9997113129575177
976146,0.30386630502860246
976147,0.2113338515924984
976148,0.8104590464969971
976149,0.9623118661327208
976150,0.9560274246004343
976151,0.9995609999363613
976152,0.9991308801814403
976153,0.6809391602109558
976154,0.9915221295439536
976155,0.9619285699259333
976156,0.26700173770512403
976157,0.12111035787427427
976158,0.99979667296333
976159,0.8986248107005341
976160,0.9993860541082132
976161,0.15282688689416365
976162,0.15833822506987802
976163,0.984745822456923
976164,0.15178646382139882
976165,0.27106434346510316
976166,0.9688912130452259
976167,0.006093544837938423
976168,0.16399421126222907
976169,0.9354022080715232
976170,0.9913510681834661
976171,0.998450670437902
976172,0.9996899444170331
976173,0.08666317678797605
976174,0.11895781237708004
976175,0.10900730079811355
976176,0.1228802227826167
976177,0.8406349803497539
976178,0.011063882247824794
976179,0.9693767260572744
976180,0.0320700626934013
976181,0.9997323803276368
976182,0.996894876258993
976183,0.9991386383741758
976184,0.9997269461653115
976185,0.9999606669282146
976186,0.6146244463983894
976187,0.9933200225986559
976188,0.27534706886239546
976189,0.9839129253620849
976190,0.9074497780970103
976191,0.9930255369286387
976192,0.9990047686206575
976193,0.5812338991267674
976194,0.009886945547406949
976195,0.07915111611996084
976196,0.9984702195724058
976197,0.9977469815972937
976198,0.7572884821253869
976199,0.9811354608026054
976200,0.9974662102331293
976201,0.9999110811819171
976202,0.996739626984966
976203,0.5711393124477876
976204,0.9995706911113094
976205,0.9849923779648906
976206,0.9305031078202323
976207,0.9998274182162106
976208,0.12041664467477073
976209,0.011040886767965663
976210,0.9981204877122363
976211,0.9999356555435458
976212,0.7385435866791554
976213,0.36605204338640374
976214,0.13980458935514442
976215,0.9967596839360522
976216,0.8267484189463765
976217,0.04584428119527771
976218,0.13543822978226835
976219,0.9994526450198613
976220,0.9999725732932259
976221,0.8332545816365932
976222,0.3240701453910383
976223,0.9999453477122171
976224,0.9984603613518505
976225,0.996903286940013
976226,0.993202886971762
976227,0.9612382321510093
976228,0.9997459211484228
976229,0.6683062698881612
976230,0.2554928220557862
976231,0.18701884474075037
976232,0.9356374932223557
976233,0.758035702328794
976234,0.997118895096988
976235,0.9999643804869969
976236,0.5510645499229385
976237,0.016419289266499593
976238,0.9999154800225777
976239,0.9733242328545306
976240,0.701405550516776
976241,0.644896451542666
976242,0.9999319561975687
976243,0.9989132484976349
976244,0.9279035057730176
976245,0.12961414877966282
976246,0.9600037306062458
976247,0.9842223571311213
976248,0.1478417094373206
976249,0.059352954296722854
976250,0.09645425797673489
976251,0.7882015792598779
976252,0.11915524857561766
976253,0.13925407822736752
976254,0.9939787377337754
976255,0.4545670989604347
976256,0.7071141131401745
976257,0.9975016141597466
976258,0.9998368631544841
976259,0.9996054691330807
976260,0.3651075727764038
976261,0.999958784638883
976262,0.9998473905811183
976263,0.9885867573100473
976264,0.985827658898698
976265,0.4866401426461161
976266,0.04970832555742467
976267,0.8738138959829431
976268,0.9999562243945724
976269,0.33970952289818585
976270,0.7086141631604501
976271,0.01661293681464618
976272,0.9998183595308863
976273,0.9999229951354497
976274,0.8519518902215901
976275,0.9978935399081087
976276,0.9066171783618965
976277,0.9362583654920003
976278,0.4789300711845583
976279,0.02639532196115838
976280,0.01175525158869728
976281,0.5332911198846625
976282,0.9998404865463719
976283,0.038950703966191595
976284,0.9999788617716392
976285,0.9997370776029711
976286,0.9965232691090207
976287,0.9843110721050423
976288,0.997382401940011
976289,0.999939568815602
976290,0.5115744769924588
976291,0.4368349266379419
976292,0.8864047453694495
976293,0.9995038090252781
976294,0.9663667984252897
976295,0.008230660954776177
976296,0.30363724640126566
976297,0.9449015008173509
976298,0.9426002711627633
976299,0.9865466445486755
976300,0.5937289582087215
976301,0.2682730764991776
976302,0.1460886683839217
976303,0.5679852457053309
976304,0.07665423166390879
976305,0.9996719550006419
976306,0.18534258614521662
976307,0.9988283631802335
976308,0.07339387950413707
976309,0.9878689911297542
976310,0.5874066879257606
976311,0.9103984726006654
976312,0.9997561383702915
976313,0.9226307319019738
976314,0.6677903022564338
976315,0.6783673500126001
976316,0.9846302728129858
976317,0.13538339428404436
976318,0.35119542516844937
976319,0.9591081112531679
976320,0.03027642772125376
976321,0.999923642000915
976322,0.9825504033265238
976323,0.14741639611022844
976324,0.9996641336877605
976325,0.21557211583521185
976326,0.9999799034574706
976327,0.995480658037444
976328,0.9837672691535164
976329,0.3215583153597935
976330,0.9994420634794796
976331,0.9925477581330981
976332,0.9988016874643418
976333,0.45178706104789157
976334,0.14047641417944076
976335,0.7682938683448008
976336,0.9972153201287817
976337,0.3232131657478178
976338,0.9999683690411251
976339,0.4671517431789804
976340,0.730491358000469
976341,0.9996170772152875
976342,0.04908851776807365
976343,0.9782085650103713
976344,0.9998597594851923
976345,0.6496843087631385
976346,0.01776672739519703
976347,0.660061002685425
976348,0.7759869285200283
976349,0.3704065887864491
976350,0.9995962055014823
976351,0.025704050038328694
976352,0.9998977462608623
976353,0.9999123619340506
976354,0.9660548980601632
976355,0.21475722346490295
976356,0.3733980674573386
976357,0.06160838917964266
976358,0.7929154212124849
976359,0.9996845033897875
976360,0.9927602941436046
976361,0.10140325435655978
976362,0.45052526657078884
976363,0.9913483149116311
976364,0.9392573157289182
976365,0.1596449020412376
976366,0.08523978838997288
976367,0.9870776769244416
976368,0.9888957711866555
976369,0.0483922656270538
976370,0.9202707833842683
976371,0.9994524033111238
976372,0.9964866755796458
976373,0.9998061246214442
976374,0.9999472303469041
976375,0.4538337152202694
976376,0.011506320066620007
976377,0.9921418968941911
976378,0.9143635512977377
976379,0.9912380934248518
976380,0.9382225403324136
976381,0.9872123192823652
976382,0.04614607231578912
976383,0.9978542042003986
976384,0.9986638910131003
976385,0.079153072383322
976386,0.9910298206758799
976387,0.9568377008487068
976388,0.04880767707012851
976389,0.0042587817749021204
976390,0.9959872160936424
976391,0.9237373134517473
976392,0.9995257835992049
976393,0.9999920197276883
976394,0.9999784307130688
976395,0.006951386274970312
976396,0.022438275354431526
976397,0.9552359265148067
976398,0.9998173401421198
976399,0.11575373829342882
976400,0.40658467470053383
976401,0.38241078090450886
976402,0.06800845102806653
976403,0.5844716776720753
976404,0.8350223994486405
976405,0.9821411026559859
976406,0.9995859469181642
976407,0.9998916134493551
976408,0.2450490843191176
976409,0.9999121569798659
976410,0.9997712868156283
976411,0.9999293880894045
976412,0.9613112255671947
976413,0.046162354802403965
976414,0.2610855663148277
976415,0.8331819673708422
976416,0.12645378436289811
976417,0.9997982450476456
976418,0.058198467546173
976419,0.48873982082029566
976420,0.2675217761600612
976421,0.16583368185548827
976422,0.14122383035715863
976423,0.8477163625171669
976424,0.9998557987338252
976425,0.9993159463618023
976426,0.994646507079054
976427,0.13055949365551925
976428,0.03523743389210451
976429,0.9873479448872067
976430,0.9995029702969871
976431,0.591586503724469
976432,0.9979803350211376
976433,0.9999541310451627
976434,0.2674599661455624
976435,0.09093809165075259
976436,0.9970793392796122
976437,0.9993546525816268
976438,0.8423830675354579
976439,0.5865621922939787
976440,0.47227516148615234
976441,0.9939980491162304
976442,0.1633530487641953
976443,0.998332831027809
976444,0.9950319046348102
976445,0.09680818716298398
976446,0.997173965701363
976447,0.9999859531720414
976448,0.9990861993533462
976449,0.5530825882756517
976450,0.9966893350639507
976451,0.9153020139921034
976452,0.004032412755365538
976453,0.00898018642594941
976454,0.7556835304788594
976455,0.999592280640377
976456,0.9991050665540826
976457,0.9999855740333532
976458,0.9362444555240454
976459,0.9939947590502839
976460,0.31935788803539955
976461,0.08239086244469546
976462,0.9956235497039941
976463,0.10359914832147778
976464,0.8680560378205211
976465,0.7774207554416501
976466,0.2011487585372722
976467,0.9974225892131416
976468,0.9992376638697302
976469,0.9997378442862759
976470,0.98513517229885
976471,0.8638510658008575
976472,0.8793008582078514
976473,0.9996817379686609
976474,0.5510799674117504
976475,0.9933976276579668
976476,0.9907327136397635
976477,0.07163889386683148
976478,0.9998535390869326
976479,0.07527685885651683
976480,0.8137732290271504
976481,0.9991753897870109
976482,0.37473635025786567
976483,0.9841933702626199
976484,0.9998331707686268
976485,0.9099764209314258
976486,0.5949128870273613
976487,0.9486970107443724
976488,0.09017680306824091
976489,0.9998310961162504
976490,0.009244761459711273
976491,0.3662166201450033
976492,0.996539926359694
976493,0.9959707801699439
976494,0.6111309815956448
976495,0.9999322659322514
976496,0.9799488379871272
976497,0.9663901206176596
976498,0.9505562376867347
976499,0.9999459888493303
976500,0.6822411198910172
976501,0.938346912182698
976502,0.12500228113463155
976503,0.9707058948062983
976504,0.15939820478376593
976505,0.34647231900576214
976506,0.9211939751176235
976507,0.3607628226032275
976508,0.03762731216888738
976509,0.9925346943313001
976510,0.8207563254569549
976511,0.8591974384488297
976512,0.9997238717310208
976513,0.7760380265295829
976514,0.6450393162227328
976515,0.9958880551138056
976516,0.748816401592329
976517,0.9998201601604564
976518,0.8881530785307672
976519,0.9997930649839821
976520,0.9997222232580707
976521,0.9995225227333233
976522,0.07945857906968412
976523,0.04456423765620688
976524,0.9968929272646447
976525,0.010517547626659414
976526,0.17277808709725298
976527,0.9995435306467553
976528,0.8710752492538987
976529,0.09337454842423104
976530,0.6242167679544622
976531,0.9990754294408051
976532,0.633325707178698
976533,0.9998810349793534
976534,0.13441943008516713
976535,0.9996353783590193
976536,0.9966157480531068
976537,0.9917536922680019
976538,0.14200039976631004
976539,0.9995940817780004
976540,0.4280416497774736
976541,0.9971977155032242
976542,0.5301380982151231
976543,0.014002249573136677
976544,0.15354544109981624
976545,0.9925633493564041
976546,0.994124810932886
976547,0.9999364923746765
976548,0.9957116191438009
976549,0.9915086232882075
976550,0.17494175712283255
976551,0.2802960656207294
976552,0.9488599364973382
976553,0.2530794810438929
976554,0.9994051850709924
976555,0.9992904748185377
976556,0.9976649615458462
976557,0.031531108204288
976558,0.9998865480639545
976559,0.9998030465265962
976560,0.9530212851132285
976561,0.021349613889955668
976562,0.97167755409666
976563,0.9998927243635347
976564,0.9741604191783222
976565,0.9984372112671291
976566,0.08704360866596744
976567,0.9997784730099686
976568,0.5175641426249386
976569,0.9919611984854484
976570,0.019351136643988964
976571,0.8452241575546318
976572,0.03941413402070584
976573,0.9988456840343308
976574,0.9995127096701616
976575,0.9992187084086355
976576,0.037005768317596846
976577,0.9979908090563148
976578,0.9998257799400811
976579,0.9997890866706782
976580,0.04172802325985299
976581,0.9999763194957914
976582,0.06130785785226209
976583,0.9999064571870498
976584,0.9969575054148332
976585,0.9988974734683548
976586,0.9999569044542527
976587,0.01181105809522904
976588,0.49863621110297857
976589,0.027373336545301774
976590,0.9999652407575849
976591,0.9936184784527986
976592,0.9980872236568616
976593,0.6456579857451047
976594,0.9887797938736885
976595,0.9995565198375269
976596,0.15592156166071436
976597,0.9522042402875177
976598,0.6257754676320122
976599,0.9975082252476908
976600,0.005786827804781375
976601,0.3478401044452973
976602,0.9956488038227103
976603,0.611267376531686
976604,0.8447244765532107
976605,0.9998444788527121
976606,0.9777871129995139
976607,0.9985681830204098
976608,0.9966595149350537
976609,0.9906024804900629
976610,0.4938395159493183
976611,0.9998535846604355
976612,0.9995129377352134
976613,0.028037140390728615
976614,0.12499398394666644
976615,0.9988220515363428
976616,0.9982176301650423
976617,0.9816681195355317
976618,0.7826646900675893
976619,0.9869258320397227
976620,0.996515561401897
976621,0.028507738412770992
976622,0.11548879925945571
976623,0.7626782018658776
976624,0.991820255098286
976625,0.07817003863170034
976626,0.9999525266734405
976627,0.9917348668441696
976628,0.9986023186998166
976629,0.9993257098346178
976630,0.03513599734877702
976631,0.9979819892968415
976632,0.8136052124659697
976633,0.9991641965320885
976634,0.2519766062306184
976635,0.8242341733320988
976636,0.022169616965696085
976637,0.9970438380962878
976638,0.9998775688869093
976639,0.9170811999183904
976640,0.751655302127416
976641,0.9861821042970964
976642,0.9999747145691129
976643,0.9991802358196078
976644,0.9999503976778656
976645,0.72135838570467
976646,0.9570396439889179
976647,0.4390283558066545
976648,0.36864292455505476
976649,0.9994278142099178
976650,0.9980317515000231
976651,0.8010398432385177
976652,0.9778253061610382
976653,0.8911538408098167
976654,0.5851273111137986
976655,0.9919531707456308
976656,0.9988853739712611
976657,0.8239792524782087
976658,0.9997073993668254
976659,0.8934725850253911
976660,0.6678137926485651
976661,0.018803362088782555
976662,0.9990132005060479
976663,0.1890567413329135
976664,0.022029427854751094
976665,0.2770921943800761
976666,0.9997944043997216
976667,0.997690959545704
976668,0.7333460531136108
976669,0.7409847978091196
976670,0.12267457222620623
976671,0.6266398421572476
976672,0.8959494536935523
976673,0.9998263973015065
976674,0.9956861017894021
976675,0.9996842282207996
976676,0.21408809772806808
976677,0.9688192101261044
976678,0.9593201445238837
976679,0.9979938413294527
976680,0.9991199764668783
976681,0.4533806577349327
976682,0.7961052022302574
976683,0.9348312333507696
976684,0.9579936671906045
976685,0.999883741099349
976686,0.9953106846822763
976687,0.9796972525052989
976688,0.154804166822546
976689,0.9966071325381596
976690,0.0648652423062941
976691,0.9896689261076568
976692,0.9559783702540318
976693,0.16089292686044582
976694,0.40426802151197494
976695,0.9970415752519266
976696,0.9992364166982697
976697,0.9949137464205738
976698,0.9836027276278942
976699,0.9979839984913025
976700,0.9784117818688393
976701,0.9363224323970605
976702,0.9997156259638275
976703,0.9825853488506953
976704,0.8132763442812283
976705,0.26853867800625314
976706,0.999920340123922
976707,0.9829004598786231
976708,0.9901693850761931
976709,0.9999792616238304
976710,0.9575960861776103
976711,0.9955773835064768
976712,0.9996997658815197
976713,0.8044609174911819
976714,0.09436299548285823
976715,0.9986882714266692
976716,0.9999387627569626
976717,0.13356552427198698
976718,0.9182043438158314
976719,0.5922878680607381
976720,0.5280673325116866
976721,0.9262244908910894
976722,0.38917427383555414
976723,0.9806879203717469
976724,0.006402573759212871
976725,0.03711877583180301
976726,0.9950980569518113
976727,0.5295819499088507
976728,0.5209625586646237
976729,0.17856970831340158
976730,0.7746273808678981
976731,0.9963099453256796
976732,0.3806901811668411
976733,0.7663725828065173
976734,0.9980713080900638
976735,0.9999794954607231
976736,0.906049565197805
976737,0.207498971410014
976738,0.014478647046388946
976739,0.19248552596439583
976740,0.999754822625949
976741,0.8941644243940475
976742,0.9974029366477832
976743,0.9376977336395644
976744,0.9998524857811003
976745,0.999828215276495
976746,0.30267409619161434
976747,0.04608933905340777
976748,0.7820680045821535
976749,0.9999854002182782
976750,0.9998969867095145
976751,0.9992711293353995
976752,0.997656670807822
976753,0.8848437722228464
976754,0.11569981148438217
976755,0.9923509979017585
976756,0.9999753870877599
976757,0.9998752014438224
976758,0.9996894955007404
976759,0.2859895660418054
976760,0.9940365377578231
976761,0.017605323972344048
976762,0.4266978266392935
976763,0.30899797368681814
976764,0.9986901482266138
976765,0.04434430954593582
976766,0.9989766010021273
976767,0.9994312799279781
976768,0.8776621133797473
976769,0.9991650724849123
976770,0.9825927284052649
976771,0.2835059200381486
976772,0.9996113275364994
976773,0.9998632926157915
976774,0.9972651612300306
976775,0.9992631968368818
976776,0.999918480467628
976777,0.9993889985117037
976778,0.9923094256830564
976779,0.5397824530707781
976780,0.9996293433536678
976781,0.7261339274144762
976782,0.9890635311493359
976783,0.556982033679937
976784,0.9996711417943467
976785,0.9998994988906249
976786,0.90786670543427
976787,0.6090977176866004
976788,0.28667432837062756
976789,0.012506347992153239
976790,0.8904422217275887
976791,0.9999860020647391
976792,0.9962885030409702
976793,0.9996623167141248
976794,0.9972005497343578
976795,0.9999799684304111
976796,0.22024487454345165
976797,0.9996308823145921
976798,0.999981544680302
976799,0.9999705637038075
976800,0.1469951514691646
976801,0.26517017634348516
976802,0.9992258085330068
976803,0.99966126276039
976804,0.5833583808966677
976805,0.436899540765359
976806,0.9997372600553844
976807,0.5538974775988301
976808,0.9915484441815071
976809,0.21868095992028247
976810,0.033876144098484495
976811,0.1314899428011016
976812,0.7169701050870385
976813,0.7446962405796653
976814,0.999780898723819
976815,0.9998360283919783
976816,0.027253927055100085
976817,0.6153147180449
976818,0.9813169663088124
976819,0.9814665608028494
976820,0.75948614730432
976821,0.8314875134651055
976822,0.5245391604927668
976823,0.0291413031795861
976824,0.1393472533502328
976825,0.9997914813256396
976826,0.999975946414341
976827,0.134691954776988
976828,0.9998766233948982
976829,0.9990047533773226
976830,0.8465468905246256
976831,0.9933603704984464
976832,0.9997860334696369
976833,0.4808072868781553
976834,0.9987232535154358
976835,0.501104913851938
976836,0.9999095921397084
976837,0.9937170752220159
976838,0.9983897350086234
976839,0.9999709292353307
976840,0.058407797348187
976841,0.978134840015005
976842,0.9992697846120597
976843,0.9988574129387195
976844,0.9976101433677397
976845,0.9983876883378313
976846,0.009701407494171341
976847,0.9397327495636161
976848,0.318485247487882
976849,0.9925273283384439
976850,0.9956113112626654
976851,0.9981915457575286
976852,0.9997024798423342
976853,0.9889080576825141
976854,0.9976428300805797
976855,0.9997993063383668
976856,0.9910358477148962
976857,0.15215943042538996
976858,0.9999678412045978
976859,0.009997149464137963
976860,0.5984694771271881
976861,0.9272523530493766
976862,0.9911831183218957
976863,0.6806204255310813
976864,0.9995934642660795
976865,0.9998341873351337
976866,0.9299879074352781
976867,0.3593163574167041
976868,0.9995564582367882
976869,0.985719123247788
976870,0.9998168895109505
976871,0.9952260995467759
976872,0.7705433899689476
976873,0.943852238259847
976874,0.5945417158739054
976875,0.3000262673541917
976876,0.9999239184650193
976877,0.6880036555537946
976878,0.2260954657155468
976879,0.9953220284367884
976880,0.02294223798768881
976881,0.9965932413258234
976882,0.9999232122124405
976883,0.013811827949547247
976884,0.24539474340857143
976885,0.9915369492418686
976886,0.8551231833505765
976887,0.9984058202664916
976888,0.0203284022564197
976889,0.5073558190162625
976890,0.0985047162618082
976891,0.670556775785821
976892,0.01572185477264899
976893,0.9998681233136422
976894,0.9998718614131772
976895,0.924151869937764
976896,0.9975436128393562
976897,0.8845815069046892
976898,0.19067447257365802
976899,0.9998310163209037
976900,0.8911582321784343
976901,0.1286061192475487
976902,0.05008281385998588
976903,0.8370858339279859
976904,0.0861881319918538
976905,0.9889872052313793
976906,0.9911698363402112
976907,0.9991454691189049
976908,0.01600466160388958
976909,0.1405727668949678
976910,0.9963277156430308
976911,0.9998687227077369
976912,0.9999645015110558
976913,0.9983572736838676
976914,0.9996731385198565
976915,0.7384522947777882
976916,0.9950593382665711
976917,0.9968542770827601
976918,0.9998613707811608
976919,0.26095782087043085
976920,0.9947086411631534
976921,0.9551010093807228
976922,0.8820236132899475
976923,0.5020966906153229
976924,0.9891524440674331
976925,0.053480813683574796
976926,0.9999276930404565
976927,0.9992021138484786
976928,0.29679761927887677
976929,0.9983086787183246
976930,0.9996703650892027
976931,0.9963349866857122
976932,0.5675477982175484
976933,0.005653871529583889
976934,0.02678524078823919
976935,0.975667619358358
976936,0.24815945948946852
976937,0.9711821263213337
976938,0.9826095117981427
976939,0.999976047306538
976940,0.9037709755741418
976941,0.9998961078882214
976942,0.6438422267069415
976943,0.9498545297707264
976944,0.0764946311722541
976945,0.1701472630300319
976946,0.16262930957836993
976947,0.999947424035144
976948,0.8754656004397413
976949,0.023157455456370303
976950,0.9978236609196629
976951,0.6839907221589275
976952,0.8177149161783874
976953,0.6434393815384725
976954,0.9998605676393447
976955,0.8340180010086711
976956,0.9705210749047499
976957,0.9999237978980459
976958,0.9309653998644105
976959,0.9999611797614395
976960,0.9993001710207224
976961,0.6836907715509877
976962,0.9863204504060894
976963,0.0984775440371197
976964,0.4171634317331462
976965,0.9996571407282719
976966,0.9974347884186303
976967,0.9997948277813037
976968,0.988221506162063
976969,0.9030057072338347
976970,0.9965855781140001
976971,0.13329993233740844
976972,0.1527966340227604
976973,0.8315442435710485
976974,0.7254713740573965
976975,0.9995547196853237
976976,0.5908198916966666
976977,0.5726575953762347
976978,0.0352946595189896
976979,0.9999080630406706
976980,0.9997932884788666
976981,0.9999213794919576
976982,0.9934065585568966
976983,0.9550628104833019
976984,0.4145211935253741
976985,0.9281198521845726
976986,0.999673443458317
976987,0.336399589505548
976988,0.9999365792542121
976989,0.052726717622927785
976990,0.03444335572376962
976991,0.9992170549305763
976992,0.9999090047796461
976993,0.12699743443876818
976994,0.291268898635816
976995,0.20093128178923247
976996,0.5360731000711533
976997,0.18104901912518145
976998,0.9954964013587434
976999,0.8108804095685516
977000,0.07313512252789078
977001,0.052135033993035484
977002,0.3989734911236392
977003,0.996185268312492
977004,0.9831964242316051
977005,0.9998277739344384
977006,0.9999386391002837
977007,0.47661474879010435
977008,0.9979354116033465
977009,0.07042413668119121
977010,0.08932009378832628
977011,0.9171065998495775
977012,0.07724702356068411
977013,0.9412360612665611
977014,0.9942776573104265
977015,0.07985750383185126
977016,0.007644615390833623
977017,0.903282029805234
977018,0.9528163452262983
977019,0.999738003978609
977020,0.1939244959432059
977021,0.8388499040751036
977022,0.9198185000611881
977023,0.9884613741872217
977024,0.9993134626204664
977025,0.43885473203984493
977026,0.33541936189148847
977027,0.9956052713082612
977028,0.9799710354010251
977029,0.9739776232013682
977030,0.04667541107447921
977031,0.9944747067536287
977032,0.332899923582872
977033,0.9960968216405034
977034,0.9999235054991148
977035,0.526670314810441
977036,0.015223700147793196
977037,0.6630160721755123
977038,0.6195890139848921
977039,0.9783014329437626
977040,0.11563654499548096
977041,0.10210676062682193
977042,0.08139615155432785
977043,0.15182719532833638
977044,0.07348232008727346
977045,0.013994164260792252
977046,0.9994410947476597
977047,0.9373812012159748
977048,0.9994850247716247
977049,0.6121604942133027
977050,0.999442357511322
977051,0.29024522140270914
977052,0.9999081041824941
977053,0.9608320884166908
977054,0.12483415491857763
977055,0.7946119013964685
977056,0.9995344207220854
977057,0.9997385829344105
977058,0.09015551262776116
977059,0.9959498551268924
977060,0.8648380143894971
977061,0.9999674767972377
977062,0.018327842342387754
977063,0.9988210430754685
977064,0.039783642951596566
977065,0.02927302417343635
977066,0.9968352722829086
977067,0.9997242462359961
977068,0.9990975745339266
977069,0.16778777870945757
977070,0.9998531637831634
977071,0.9958612539295071
977072,0.9993619854392728
977073,0.7060532730993813
977074,0.9977656122376007
977075,0.021222361833200896
977076,0.008663351013882282
977077,0.9999550935300658
977078,0.9984362048356076
977079,0.7974217330429972
977080,0.008268306507971637
977081,0.06816294326581687
977082,0.19712638150117576
977083,0.9984720507294025
977084,0.7326683725411318
977085,0.6371590395581023
977086,0.971003533875279
977087,0.001903222644588365
977088,0.9982796211929059
977089,0.3874435576562049
977090,0.18207759115101002
977091,0.9998957013309251
977092,0.7004530196414122
977093,0.9857848371534103
977094,0.1908296091009704
977095,0.799516437156442
977096,0.9984222090266313
977097,0.9997446452174472
977098,0.2509387956762958
977099,0.9995840068869966
977100,0.7532566566636325
977101,0.49135057348105915
977102,0.1196261061572811
977103,0.5190013580455468
977104,0.04059481434146215
977105,0.6300710887949688
977106,0.9997472478248354
977107,0.9998727290971974
977108,0.9982043956456516
977109,0.9287925093392861
977110,0.042029144190726196
977111,0.9865508939522121
977112,0.9998855808302518
977113,0.9997638302107841
977114,0.9992749056807536
977115,0.12802978740886217
977116,0.9998153436189209
977117,0.24381918992488189
977118,0.9205201958809401
977119,0.0606508150088703
977120,0.5171305644993027
977121,0.9995988746410192
977122,0.9999645516464997
977123,0.9886052271752692
977124,0.9998967359353139
977125,0.00850924790594636
977126,0.5097797795288779
977127,0.02281132545083632
977128,0.07167334016720221
977129,0.006978899802194585
977130,0.9992661278934258
977131,0.035388561549012994
977132,0.4608846178363171
977133,0.9914126502218481
977134,0.9984140448407456
977135,0.7355192227233947
977136,0.9123154629215318
977137,0.01234337571440753
977138,0.7690274721090777
977139,0.09897448097071201
977140,0.999796149122442
977141,0.23278640142920629
977142,0.992219264124251
977143,0.9999810207358779
977144,0.9815470687419439
977145,0.9991293060198636
977146,0.9906251779485731
977147,0.9712222715387713
977148,0.9958526301509883
977149,0.003333833878688983
977150,0.999849640075656
977151,0.7110546262859718
977152,0.9925971083324792
977153,0.43181050433527207
977154,0.9995345865863005
977155,0.9990457360557072
977156,0.037591707187688186
977157,0.07350121961319663
977158,0.286248849424794
977159,0.9996778434910216
977160,0.9936983454946184
977161,0.7175168512158461
977162,0.6880980587815547
977163,0.9974391909349747
977164,0.9975591999998538
977165,0.999777354044525
977166,0.08496892883873598
977167,0.9660109503542529
977168,0.9998612061731929
977169,0.9977145949539025
977170,0.34916272415576993
977171,0.9367518135998614
977172,0.8825405940372761
977173,0.9999126237224576
977174,0.7292849608222981
977175,0.9996762891865353
977176,0.9993225545977935
977177,0.1345020663899539
977178,0.5346720162330338
977179,0.05308222452302114
977180,0.9999526705590159
977181,0.9743593287758319
977182,0.9997068951856712
977183,0.258010774153327
977184,0.9996081173287866
977185,0.993356085322872
977186,0.9991540478649265
977187,0.8556993024710811
977188,0.5458424058135803
977189,0.024177079379637218
977190,0.9976260132029313
977191,0.08830256465709649
977192,0.4341510404203282
977193,0.7292084397826133
977194,0.9997487591100913
977195,0.5747555641862816
977196,0.8985382647269854
977197,0.04520285653311237
977198,0.9680499191368677
977199,0.9996813328899921
977200,0.06334144578229092
977201,0.8411622221718815
977202,0.007473284521602824
977203,0.9816206126081626
977204,0.9992432036639055
977205,0.7586344160201428
977206,0.36216975559892134
977207,0.7997481483892058
977208,0.9904732275449697
977209,0.848995282537941
977210,0.9464018722260273
977211,0.06872372363812419
977212,0.9000441426387146
977213,0.9724592755558974
977214,0.008371939613995915
977215,0.6940636674676709
977216,0.995166699212765
977217,0.32588797122583785
977218,0.9996834292680193
977219,0.9995284555402925
977220,0.8547650466183384
977221,0.3592581105531266
977222,0.01873065742842806
977223,0.8671251378013303
977224,0.9999202751542897
977225,0.9175481973528528
977226,0.9940973218062309
977227,0.011755974078346236
977228,0.00239626100646687
977229,0.2905516604342317
977230,0.9999161458252299
977231,0.9992727627501057
977232,0.8971621688011733
977233,0.543062134393349
977234,0.18669511821870255
977235,0.978695280148888
977236,0.15872593147595732
977237,0.13837678001954573
977238,0.9997533771298268
977239,0.35808814569529634
977240,0.8812688330453058
977241,0.9368458350261231
977242,0.2837558704260431
977243,0.9999887943612218
977244,0.9954110973268103
977245,0.04700223405798561
977246,0.8953831882374639
977247,0.7532061516725599
977248,0.9996841435326995
977249,0.984401734091134
977250,0.9915404299824611
977251,0.7705256542717203
977252,0.9970921001760429
977253,0.9998035479360785
977254,0.9935946664606315
977255,0.9982741517826809
977256,0.08295025174573155
977257,0.9060438998463487
977258,0.9350914786543747
977259,0.8435647665547893
977260,0.9993048922292188
977261,0.8314489967503348
977262,0.9191206900843685
977263,0.9998965276827162
977264,0.9990036044376194
977265,0.9996705058969548
977266,0.040287301548273396
977267,0.7854779474929484
977268,0.9999711975811629
977269,0.9997375169246636
977270,0.5254188946399184
977271,0.9930036868111896
977272,0.07690970532615074
977273,0.9656585246327696
977274,0.9398108786810616
977275,0.9999686324405971
977276,0.9995037415179349
977277,0.9996982832468335
977278,0.9977761283683859
977279,0.9562174975152415
977280,0.7823171087430585
977281,0.6181747456443661
977282,0.07924531612888516
977283,0.9678694359853306
977284,0.9991934726821599
977285,0.9989828013601838
977286,0.15530403622758107
977287,0.5971193706840482
977288,0.9999440411305607
977289,0.005885777216380598
977290,0.9612605105575385
977291,0.39694888156130925
977292,0.9997129782928706
977293,0.9948501230542437
977294,0.8140856501824283
977295,0.10040928565116086
977296,0.9998796756269136
977297,0.9968883091779992
977298,0.14304888637560897
977299,0.9968696908628341
977300,0.053133756089278436
977301,0.9999762112248374
977302,0.9998414892747742
977303,0.990009626671412
977304,0.056747147453427786
977305,0.0424234149351323
977306,0.9999533839665478
977307,0.9820700669066478
977308,0.9988385162590043
977309,0.26304440383960875
977310,0.05056517698691225
977311,0.22614749834572573
977312,0.8736513001825297
977313,0.9999004439740367
977314,0.9963444814131658
977315,0.9995979230952671
977316,0.11450771410497276
977317,0.2856088370893378
977318,0.999857472125566
977319,0.5948638157696514
977320,0.9806342398654533
977321,0.9375055164802101
977322,0.14171784306837393
977323,0.9626148032599169
977324,0.12420658908454217
977325,0.9998545004375788
977326,0.9999404352670906
977327,0.9999093308957208
977328,0.06238685202991594
977329,0.04094684107420181
977330,0.4740096490049147
977331,0.9975950358341769
977332,0.9996571451062769
977333,0.9998610425217626
977334,0.32165965512820505
977335,0.9955373099998914
977336,0.20199700620060057
977337,0.5732050184495875
977338,0.21468292235601208
977339,0.9973893513183059
977340,0.9994428387294843
977341,0.08049206114234621
977342,0.7516653525064643
977343,0.18168175013558674
977344,0.9999280067083752
977345,0.9982271666019308
977346,0.993797422491967
977347,0.7032026176738974
977348,0.9998211700029795
977349,0.9998902656824947
977350,0.03024161763248623
977351,0.8366658170333058
977352,0.9955540769864172
977353,0.993088209093387
977354,0.9870194718251926
977355,0.7628850097527161
977356,0.7330072414149059
977357,0.4197011922641227
977358,0.9998190240059721
977359,0.7749549380791626
977360,0.9497191423910776
977361,0.39153315924591786
977362,0.4597408295733294
977363,0.6045474079399895
977364,0.871333062850003
977365,0.5613722596427115
977366,0.5753223919822792
977367,0.999576780686585
977368,0.9096542051981827
977369,0.999286871030746
977370,0.9997029273130456
977371,0.9991493592042875
977372,0.9996685801982492
977373,0.9987287825441942
977374,0.49816494411137635
977375,0.9936153112668284
977376,0.9402951966668487
977377,0.883684305478604
977378,0.48493571373422817
977379,0.6466752457321574
977380,0.053763517367333286
977381,0.027350427102056648
977382,0.5619545721057392
977383,0.9999192362963959
977384,0.9997144436484582
977385,0.8349653848981875
977386,0.9972282100642875
977387,0.9992439619894395
977388,0.0865902509333687
977389,0.9995898858634891
977390,0.8514554681812563
977391,0.543492954047897
977392,0.9999823809490268
977393,0.9938499373840869
977394,0.9998066382416182
977395,0.044088749401376574
977396,0.49202274922762845
977397,0.229064171956275
977398,0.9998738318790081
977399,0.9994517273081337
977400,0.27896299736351643
977401,0.9743643633644068
977402,0.9989187062446075
977403,0.9999170134814477
977404,0.11652534047666335
977405,0.9999194615652847
977406,0.9990116000562596
977407,0.9999083985995224
977408,0.909799501987435
977409,0.7142733130954333
977410,0.8402300544472945
977411,0.999879167256736
977412,0.9981372816026121
977413,0.07681045995584
977414,0.24966977325408057
977415,0.9372869305938596
977416,0.14029293393620706
977417,0.999959132374863
977418,0.9969678151688843
977419,0.9967170661866631
977420,0.9956836844476049
977421,0.05433573104241734
977422,0.028739045797430175
977423,0.9915587696631349
977424,0.9946399005517923
977425,0.8483719799862297
977426,0.08323739339140826
977427,0.8914096073845706
977428,0.6888245334024695
977429,0.12999639559944737
977430,0.03938335318730183
977431,0.0059507718083828005
977432,0.7188194342698702
977433,0.9834980090973973
977434,0.9228215371051326
977435,0.9995336162739716
977436,0.9940891271367756
977437,0.6857322955633913
977438,0.9536562238953559
977439,0.9966338813126533
977440,0.9997840147129422
977441,0.9982893721487284
977442,0.889983081767711
977443,0.13622803798329475
977444,0.9217460923686239
977445,0.9999090644606241
977446,0.027833383777933974
977447,0.9006542040265713
977448,0.9866634372652063
977449,0.38969278074420177
977450,0.9816817492337407
977451,0.1697699792992127
977452,0.004948853783499029
977453,0.9941292840838285
977454,0.9999637205973005
977455,0.45149878653068765
977456,0.9967843666104892
977457,0.9999802406662956
977458,0.9660835222024399
977459,0.8833914968792678
977460,0.8799943194918716
977461,0.06143554464470716
977462,0.7309419669362418
977463,0.9969898781938734
977464,0.9999132163145729
977465,0.04383759992211897
977466,0.9925049602409147
977467,0.9991292978371877
977468,0.1282452870792004
977469,0.13200960438591272
977470,0.43200126234344105
977471,0.514945654935447
977472,0.6701672893210127
977473,0.9523627197093528
977474,0.9998742404180354
977475,0.4073081288204243
977476,0.1504852149075818
977477,0.999973713665641
977478,0.9130511437019171
977479,0.9968286194655285
977480,0.9687025396515205
977481,0.9966249916614449
977482,0.020145005921102944
977483,0.3849467923300488
977484,0.8736874121814718
977485,0.4750202585162261
977486,0.02677649673418323
977487,0.9868219438945933
977488,0.4067612086599828
977489,0.4032296430571124
977490,0.9981203674137614
977491,0.9999786049507968
977492,0.89950249304333
977493,0.9997757554748483
977494,0.7171844723211305
977495,0.9974664745130979
977496,0.7647132527664282
977497,0.9999013898393793
977498,0.8641940958106615
977499,0.9972175225457264
977500,0.9665029650041826
977501,0.9998206094005779
977502,0.922408699242929
977503,0.9999635346328177
977504,0.9961986497158313
977505,0.9997498200196878
977506,0.5469088501057381
977507,0.5602103497497863
977508,0.9775187742502888
977509,0.13590901882347578
977510,0.01678885433965217
977511,0.7454732644981896
977512,0.9514078223502984
977513,0.997089312824418
977514,0.9998566309820265
977515,0.9733426508828248
977516,0.921735257252882
977517,0.9988599410366611
977518,0.9994753449506661
977519,0.2425147264384172
977520,0.25864955890906943
977521,0.724562597526354
977522,0.9997798809662013
977523,0.9994187114935709
977524,0.008500192473517191
977525,0.08651727355398846
977526,0.9904456300217523
977527,0.9992786418820054
977528,0.6278773334845134
977529,0.9982151006309739
977530,0.9997872591373689
977531,0.9975241717518872
977532,0.9992724970639673
977533,0.8996689322017593
977534,0.9999039330671886
977535,0.33242683614206014
977536,0.9998300931252057
977537,0.9998730119271546
977538,0.9999231149981529
977539,0.9683779769721033
977540,0.8834236290792601
977541,0.8405853238921115
977542,0.9992946796513897
977543,0.9998094685461656
977544,0.9999471054198092
977545,0.04153598726018163
977546,0.9780380149928507
977547,0.0027643954576029575
977548,0.04722905092334701
977549,0.04388694353491006
977550,0.9931967286600786
977551,0.9785808846858819
977552,0.9949454133021078
977553,0.23256882183779215
977554,0.4231898261065373
977555,0.9999232294301637
977556,0.00786291991323384
977557,0.9995889245446639
977558,0.9988402301621756
977559,0.062046449855056404
977560,0.33928907471753905
977561,0.9957323927633326
977562,0.9994328240136654
977563,0.33064364142559627
977564,0.7883915960087753
977565,0.762687959341073
977566,0.9980008529918143
977567,0.0066437902123165134
977568,0.9962194627865048
977569,0.9010678196391537
977570,0.01425427567066349
977571,0.9622395282186037
977572,0.9242827046715779
977573,0.7453384440381003
977574,0.964689659960299
977575,0.9999175296993938
977576,0.3902242351842392
977577,0.04501031869585193
977578,0.2401437999489637
977579,0.686669723296489
977580,0.9865915192761223
977581,0.9896871541565821
977582,0.7542562751714604
977583,0.3416926205392874
977584,0.9992999154095454
977585,0.9314944581261919
977586,0.8784035000264581
977587,0.9999693025090792
977588,0.12060860107458632
977589,0.04827886631636756
977590,0.9998999343396295
977591,0.6225125060604182
977592,0.9120374857490519
977593,0.992984674077551
977594,0.021213095654138894
977595,0.9949693695242076
977596,0.05972445914723754
977597,0.9993888626256282
977598,0.9572973904695541
977599,0.11921466025385195
977600,0.06348935518457169
977601,0.8783169012811095
977602,0.3806392839969851
977603,0.9994888457115191
977604,0.7722784509294555
977605,0.9898123081541548
977606,0.9456926221969919
977607,0.9984045859750135
977608,0.9954775600083638
977609,0.9748131686983734
977610,0.99934036507929
977611,0.9898142481556631
977612,0.9970732148931728
977613,0.03365214302666462
977614,0.9360647596143044
977615,0.9997169641800643
977616,0.371964521401429
977617,0.9999870176545282
977618,0.3939246360309697
977619,0.012100226558543937
977620,0.995095038324898
977621,0.033904015059027355
977622,0.8749643587634948
977623,0.035432184392771814
977624,0.9952000756047796
977625,0.9996404778990371
977626,0.6209007891939494
977627,0.9951886144552569
977628,0.9995322957102979
977629,0.9974368348449779
977630,0.020283194480097494
977631,0.19482328540053973
977632,0.9135231304175566
977633,0.9887512589557729
977634,0.9917880507181254
977635,0.9947637922763175
977636,0.5006391081705116
977637,0.998610349115979
977638,0.9945569757278385
977639,0.8086428010469187
977640,0.9997417502066577
977641,0.17741081921969148
977642,0.6680188625540486
977643,0.9996382172069964
977644,0.9976461683017671
977645,0.967153343748073
977646,0.9999308356159914
977647,0.2687468030746547
977648,0.9435683616096605
977649,0.7739519771315143
977650,0.9995155677423333
977651,0.6457718278397949
977652,0.9837026400540957
977653,0.9687279754030352
977654,0.9596406056940503
977655,0.30432091160632313
977656,0.9900239821728193
977657,0.652599433848344
977658,0.8396061531506196
977659,0.03821380274822726
977660,0.788422530564981
977661,0.9998334946846867
977662,0.7118791060924148
977663,0.999039960972974
977664,0.9515344952235567
977665,0.16445490581605365
977666,0.7289863024904506
977667,0.7571522951162482
977668,0.963241025224796
977669,0.5512785419393649
977670,0.9919291468354378
977671,0.7933020731520932
977672,0.9999964459954679
977673,0.5824250408915811
977674,0.999599969146594
977675,0.9982862477997356
977676,0.9806003750449901
977677,0.21662667895840562
977678,0.9984758510144247
977679,0.7319691524151526
977680,0.843943437551307
977681,0.9845915950388527
977682,0.9939292681630518
977683,0.9368814874447855
977684,0.9995564928818716
977685,0.412762352971222
977686,0.6586071646951925
977687,0.03880177495793159
977688,0.9975057503280313
977689,0.41532446765916714
977690,0.9997113790119094
977691,0.06361512346049356
977692,0.9998870549678164
977693,0.7846367573074098
977694,0.998777528077621
977695,0.9997027089035798
977696,0.9999678764634086
977697,0.980589932016422
977698,0.36808691516391595
977699,0.015709833480788297
977700,0.8787736829491026
977701,0.9737153878814048
977702,0.0012250300659388228
977703,0.22383188663111392
977704,0.999598750902175
977705,0.9141825575934988
977706,0.9496149456985974
977707,0.6081800223418462
977708,0.9692174044991474
977709,0.37899127300229973
977710,0.5123171641627479
977711,0.3160033351136605
977712,0.0014533269670791967
977713,0.9868577141735931
977714,0.9998008784794024
977715,0.48906910291568356
977716,0.9940345497220284
977717,0.7258711601533214
977718,0.966376277983095
977719,0.9999546756814697
977720,0.9888818694923776
977721,0.28482176960659167
977722,0.0876414663123492
977723,0.8621725162376379
977724,0.5954387281066775
977725,0.22746955325115428
977726,0.9999767138729163
977727,0.9996106015641165
977728,0.5926097326874142
977729,0.8056788707762166
977730,0.995622684389524
977731,0.19345703169697864
977732,0.7818993881208337
977733,0.8578553543668018
977734,0.9999858223998017
977735,0.28745062069390126
977736,0.8205609682579189
977737,0.9016172387025143
977738,0.8329407905813083
977739,0.6406035648254358
977740,0.03266054938325002
977741,0.9998813642037185
977742,0.21055066981978876
977743,0.0039054792280551523
977744,0.7873014406935074
977745,0.8802884975557014
977746,0.9957760705436614
977747,0.03250161647656669
977748,0.9742471827342811
977749,0.999972093002244
977750,0.7941850488357888
977751,0.9997596153789139
977752,0.4401355890381352
977753,0.9894258646528333
977754,0.9910025530447081
977755,0.3954993132590111
977756,0.0336756874806395
977757,0.43420541433283794
977758,0.9883431681031631
977759,0.9960220555257975
977760,0.18302385828386736
977761,0.5198702712147559
977762,0.9960409581120488
977763,0.9607511500327502
977764,0.9871026848039548
977765,0.9999105160595897
977766,0.7498686992242293
977767,0.1010367950299191
977768,0.573559380381322
977769,0.023990827231672108
977770,0.7752769683266498
977771,0.9274025695802592
977772,0.017707743889012865
977773,0.29623884482511953
977774,0.5804095257397291
977775,0.3366285981077438
977776,0.13114731933922014
977777,0.09170998272645586
977778,0.6369384544132723
977779,0.973508053037986
977780,0.7381025547148035
977781,0.999052263536556
977782,0.8683718323135995
977783,0.35745434620488603
977784,0.8410753197919322
977785,0.9999667302234567
977786,0.08358090444349398
977787,0.9920910178964124
977788,0.11416190613424217
977789,0.9999087485243039
977790,0.99342386258484
977791,0.9992908528851805
977792,0.05529005782002494
977793,0.9993777182952899
977794,0.9977733760454995
977795,0.7739623955619871
977796,0.9999536127861516
977797,0.0064408096059145725
977798,0.9963436254946235
977799,0.9978269828134239
977800,0.9978556433301291
977801,0.999681525755293
977802,0.005287735166496496
977803,0.9993425598498957
977804,0.9999616054351117
977805,0.7812754992239705
977806,0.10777213284329437
977807,0.019506802201198454
977808,0.8970014350123217
977809,0.05943837674830848
977810,0.885686802857921
977811,0.0008966837543456184
977812,0.9492736880025541
977813,0.996490784368466
977814,0.9564316816052214
977815,0.3915145650234615
977816,0.999774047210334
977817,0.9922091212092288
977818,0.18643678925894885
977819,0.07008723087704939
977820,0.9990312245625308
977821,0.9997806297280972
977822,0.9996980319945808
977823,0.7855270123555551
977824,0.3600354445420123
977825,0.9973053918437573
977826,0.9998155185435188
977827,0.8618698476356319
977828,0.9851033634159976
977829,0.010848109199888423
977830,0.9999003309537388
977831,0.7960365123078013
977832,0.9127166015195955
977833,0.43846862046535223
977834,0.9871398547297859
977835,0.0728832202265137
977836,0.9849867358256598
977837,0.7543374018997336
977838,0.967053208935333
977839,0.9996662390736861
977840,0.004953312682034723
977841,0.2941148544598726
977842,0.46759629282787685
977843,0.9914217675718584
977844,0.8121609130440235
977845,0.9252455101129611
977846,0.9974980625444881
977847,0.9747708755520017
977848,0.999980117758801
977849,0.829472100235594
977850,0.8590797751267215
977851,0.9993369660418361
977852,0.5139679399395574
977853,0.0837298887663886
977854,0.9995810366006238
977855,0.9997512859074487
977856,0.9867680232213407
977857,0.9952484304497843
977858,0.6804224566705726
977859,0.9767529129609984
977860,0.9945773224462009
977861,0.011083527838351847
977862,0.5384912696865017
977863,0.9999512334351107
977864,0.9949159667727692
977865,0.9033782517226232
977866,0.991585435788688
977867,0.18789803177602318
977868,0.013990589583933533
977869,0.26504320215585425
977870,0.9999050474775852
977871,0.9996173551173546
977872,0.6337584499069759
977873,0.9983552792301599
977874,0.9999294915570403
977875,0.7285654973294393
977876,0.3014770063206452
977877,0.8532365917618259
977878,0.9814553467152112
977879,0.9832239560956284
977880,0.5727850205588583
977881,0.1804319210961549
977882,0.8259959628348381
977883,0.9980278026054503
977884,0.999982719947506
977885,0.39372357138455194
977886,0.9999298702026869
977887,0.2818594754020121
977888,0.10970393247991062
977889,0.9999718661961021
977890,0.9946941770239139
977891,0.40477646080705093
977892,0.9961772471447468
977893,0.9967415411747431
977894,0.07414617914000779
977895,0.01767837323085715
977896,0.9999538824609596
977897,0.9987352328526936
977898,0.5571846613850314
977899,0.978610451801178
977900,0.9999039319217383
977901,0.9979733951454532
977902,0.9224315541191924
977903,0.9752230281394518
977904,0.9997454078838193
977905,0.016813088506845802
977906,0.9999270193103316
977907,0.5472079452017169
977908,0.38231997888005165
977909,0.9998815826096265
977910,0.9997334658639119
977911,0.9958821036984908
977912,0.14632147515300553
977913,0.05779253761068395
977914,0.38599189823494795
977915,0.512700351132023
977916,0.7344722573853858
977917,0.14526522579188503
977918,0.7047010253131579
977919,0.7593333845646508
977920,0.0553407035520217
977921,0.22691378013716118
977922,0.677115301876149
977923,0.25617954370728335
977924,0.9570318379157262
977925,0.1941177624324633
977926,0.728168850914479
977927,0.9996467817860906
977928,0.999671110733497
977929,0.9994643528631075
977930,0.17757608946731104
977931,0.9985590318751771
977932,0.027734780185790196
977933,0.9983786902932319
977934,0.017383571867155737
977935,0.9999278243660936
977936,0.9995578384354351
977937,0.8332846322442575
977938,0.9186815647104791
977939,0.9992845424032446
977940,0.9983713533603995
977941,0.2588749182055119
977942,0.9524168908281676
977943,0.9933147446473125
977944,0.023180710052686303
977945,0.04220442535828432
977946,0.9401798194080533
977947,0.0535614443478934
977948,0.9993935513678895
977949,0.9899548870357597
977950,0.9908468480288666
977951,0.7465711101970834
977952,0.8503867121522717
977953,0.9998056477702756
977954,0.5458546874972201
977955,0.7848816582766668
977956,0.8752570586992567
977957,0.9998667492254756
977958,0.640496334334451
977959,0.44180276263816465
977960,0.7973938108075778
977961,0.936596678976626
977962,0.9991247247796046
977963,0.9608390560908286
977964,0.011711154777100554
977965,0.9928573916947325
977966,0.7443601415541279
977967,0.9997629592947506
977968,0.9999674454753378
977969,0.3088341457453251
977970,0.9999761801888469
977971,0.10354534654971487
977972,0.6058573723447855
977973,0.6895741244129971
977974,0.15327535829502684
977975,0.6537643886957876
977976,0.6112412562446842
977977,0.9666006252392095
977978,0.15988634498122511
977979,0.13738132127842168
977980,0.9732031264497463
977981,0.9999865450271355
977982,0.9965143414203094
977983,0.9996938057839238
977984,0.30954804250693246
977985,0.6396186856582593
977986,0.2802902502651533
977987,0.9992301875441849
977988,0.9998367004953056
977989,0.46005011607045676
977990,0.017227880566055696
977991,0.99938085706142
977992,0.9995749535435885
977993,0.9997516687038317
977994,0.5630168306960291
977995,0.9938995844487553
977996,0.1498170199929572
977997,0.9999462364070149
977998,0.9996138589215499
977999,0.20339970745952957
978000,0.8202287604904757
978001,0.05028009730908939
978002,0.6399557126417493
978003,0.017651615267376495
978004,0.017751773275505367
978005,0.6476024039399503
978006,0.9999118201070445
978007,0.9962617742170082
978008,0.4838341430354056
978009,0.6530263531429902
978010,0.99989147042772
978011,0.9985904475979982
978012,0.2810324722901817
978013,0.28594989399008286
978014,0.9766347822177132
978015,0.010341239440834055
978016,0.9999480203178603
978017,0.5051946685392745
978018,0.2710833782405707
978019,0.9967209747257517
978020,0.09176600388184862
978021,0.9663462849273523
978022,0.9983282527248343
978023,0.9999831644507713
978024,0.9965032891935468
978025,0.9998736056228568
978026,0.9993043446456619
978027,0.7283799768620808
978028,0.04610372982282858
978029,0.5019893795156104
978030,0.3451644674296205
978031,0.994802633542865
978032,0.5904175749834261
978033,0.998293216613279
978034,0.9996910524314531
978035,0.9999361938356017
978036,0.9937756661378978
978037,0.49820091712261527
978038,0.9999305310961645
978039,0.6306128904501438
978040,0.2177240783003139
978041,0.005124873070980608
978042,0.7899117767689048
978043,0.9967745337347625
978044,0.9324476759076782
978045,0.042612864509080195
978046,0.7085497151901123
978047,0.006616285156006832
978048,0.7279173521942082
978049,0.868751254082529
978050,0.04590180151124501
978051,0.9998940986649338
978052,0.46629537650882846
978053,0.9967550408376713
978054,0.9984548472975423
978055,0.5580209553227272
978056,0.9959340875023344
978057,0.07871259398542509
978058,0.9995546652807349
978059,0.08873422494702951
978060,0.9999213858575342
978061,0.021634767518789944
978062,0.9881245972897181
978063,0.7533759164904479
978064,0.021305028848268175
978065,0.8196678422610156
978066,0.17682913983638204
978067,0.926679238583271
978068,0.06349155605295195
978069,0.5738061631588794
978070,0.006729450311616231
978071,0.04215419299134918
978072,0.9996790518722188
978073,0.9810038921753014
978074,0.9996895290904294
978075,0.8381045247026816
978076,0.5501915732518549
978077,0.9588322087873897
978078,0.8763420635823718
978079,0.9995190880483238
978080,0.9650228600175867
978081,0.9967195051571345
978082,0.2210670640377868
978083,0.702309026710619
978084,0.9999575074407893
978085,0.9987032366795057
978086,0.8152009564060301
978087,0.13029960285672731
978088,0.7569503610720476
978089,0.6152844719454384
978090,0.999190605881195
978091,0.9958782881998085
978092,0.14180237515770047
978093,0.9999161015197464
978094,0.9862037347336472
978095,0.6328358777115537
978096,0.1670240855505865
978097,0.9932614636550461
978098,0.9961859762649108
978099,0.8460257720033022
978100,0.7416328221202789
978101,0.05290632265734552
978102,0.04858089034716507
978103,0.8157516695732092
978104,0.99872095798317
978105,0.9983393538573744
978106,0.9994037965591178
978107,0.9963924220550784
978108,0.022315254083249803
978109,0.9664286633597492
978110,0.15959108425671198
978111,0.9346894702558026
978112,0.019541195706111698
978113,0.994708026059216
978114,0.40853038221028415
978115,0.9998521676249512
978116,0.9996689220153153
978117,0.8791565259266318
978118,0.9997473264847487
978119,0.66342815860689
978120,0.9980152091909714
978121,0.6781938042628203
978122,0.9827240130449792
978123,0.24874340642560183
978124,0.9851975003844848
978125,0.5343472635813764
978126,0.8019623030440322
978127,0.9999444148068791
978128,0.9611459274046574
978129,0.99618234713586
978130,0.9074992667023868
978131,0.445441704676254
978132,0.02909353450020213
978133,0.576698701026269
978134,0.9155218542861506
978135,0.4584844081519302
978136,0.19542056220201798
978137,0.5493973821490331
978138,0.2649268332483329
978139,0.10385527094863607
978140,0.9990987087177073
978141,0.9902753312902844
978142,0.971646582809887
978143,0.36693956605638994
978144,0.999716714368579
978145,0.9996615125976975
978146,0.9214675971230015
978147,0.9991835091126525
978148,0.8357963938270865
978149,0.83041372503998
978150,0.6343579680823328
978151,0.9862879980609369
978152,0.6385059813979903
978153,0.9998449071361124
978154,0.9816927231714765
978155,0.21148067763812894
978156,0.2738888733542459
978157,0.04933070638036363
978158,0.9999062240106102
978159,0.9969794449013228
978160,0.07168091513399656
978161,0.8568716080515437
978162,0.024320189837618453
978163,0.9998949854316482
978164,0.9984435102258679
978165,0.21047069685210523
978166,0.9982847621974684
978167,0.9994700907898122
978168,0.3434129731174469
978169,0.999620083622752
978170,0.9999178255946459
978171,0.929750490444385
978172,0.6708924685135127
978173,0.015872904100450634
978174,0.14464761804707105
978175,0.19800400083845487
978176,0.9985895754509235
978177,0.9997070287980276
978178,0.9997405566048467
978179,0.9955798901732857
978180,0.9939978630354096
978181,0.6020236968762211
978182,0.9999711693388731
978183,0.615116950297514
978184,0.33490698462690643
978185,0.6773941913699535
978186,0.9995487327945582
978187,0.06899635036188671
978188,0.999975436717687
978189,0.7092173743599757
978190,0.9966012081886823
978191,0.999285091801348
978192,0.9999675575784002
978193,0.06347621622831617
978194,0.9987944687199534
978195,0.9999863122985229
978196,0.34933952279847424
978197,0.9190294483348475
978198,0.8112032338959365
978199,0.9983343988245482
978200,0.9993747497180032
978201,0.1462921825526397
978202,0.7091978415329412
978203,0.995281256465157
978204,0.9895650683873933
978205,0.9997100096662104
978206,0.9884037138197996
978207,0.9997042493318433
978208,0.6762785553897372
978209,0.6698881921305538
978210,0.9996969894005552
978211,0.9961657351311614
978212,0.1491445418800441
978213,0.7854091903897144
978214,0.19756150367445913
978215,0.9856882827474941
978216,0.9924496009849022
978217,0.22861519292388705
978218,0.9999615161476771
978219,0.9232722387149215
978220,0.9992503138417723
978221,0.009508739393373072
978222,0.2141821744342
978223,0.9778239356418441
978224,0.9922856521230075
978225,0.9961186417701932
978226,0.1955642294824666
978227,0.999834913240824
978228,0.6701288682793809
978229,0.9244664707232312
978230,0.9996022785779777
978231,0.8759480839886452
978232,0.7675516038139002
978233,0.7462161055054375
978234,0.9985039190689695
978235,0.30655404165865036
978236,0.39321300785264646
978237,0.9985211771360927
978238,0.7841064081784794
978239,0.9831591389723958
978240,0.024261499000976815
978241,0.9993292971098391
978242,0.9996239662405784
978243,0.005207271644678897
978244,0.15822012016825945
978245,0.9146028746133904
978246,0.37006416909922013
978247,0.5740839495029681
978248,0.9378051689341856
978249,0.8618599581967039
978250,0.999910706315196
978251,0.38457159504224536
978252,0.16559454539942808
978253,0.0007371260978639791
978254,0.7849287572612502
978255,0.04057279500571851
978256,0.3722421190081512
978257,0.4094044128431829
978258,0.07521642916373227
978259,0.9993711139735727
978260,0.6643723451230208
978261,0.9999679034115059
978262,0.5422065747638428
978263,0.051851005975253425
978264,0.9039005978536128
978265,0.2778402526034902
978266,0.9231143552046179
978267,0.9622887210029372
978268,0.9998926373490726
978269,0.15650735579371672
978270,0.27962813727687297
978271,0.9965323820967822
978272,0.9999283832097462
978273,0.013679075356482672
978274,0.9068633557296037
978275,0.04379529706134395
978276,0.7104003522324187
978277,0.9944041327603681
978278,0.9792837526723247
978279,0.7873854737513587
978280,0.9999528138951416
978281,0.9991527832493257
978282,0.9999661364075472
978283,0.8334965014773638
978284,0.7272752806454118
978285,0.9382540895578817
978286,0.9999228909041801
978287,0.9977483638426816
978288,0.9997059069329259
978289,0.9914869168008366
978290,0.42993756544459427
978291,0.8567960077121246
978292,0.9960326393627335
978293,0.8923975636323678
978294,0.9957693447982945
978295,0.4580017414237225
978296,0.9952416803108914
978297,0.5269798023147191
978298,0.47378360510881046
978299,0.08354241303380933
978300,0.9963023943371261
978301,0.17957009310013755
978302,0.00646944748638207
978303,0.8456554373735028
978304,0.0057953469602028095
978305,0.9998018419918788
978306,0.9985688227865626
978307,0.9986007860424978
978308,0.9993757034612297
978309,0.6240945211750768
978310,0.9491828234902286
978311,0.9967934515167118
978312,0.8337336405839284
978313,0.9272293116732523
978314,0.9998121549677619
978315,0.9965647266369111
978316,0.18665858451834563
978317,0.9961483663565998
978318,0.8697121086983314
978319,0.9999311036107982
978320,0.9985495232710838
978321,0.9990795054966298
978322,0.9990760762441131
978323,0.9964228477009687
978324,0.6261818465949862
978325,0.9801304754114714
978326,0.9984130939048561
978327,0.8372704684022667
978328,0.050530538997669544
978329,0.9999662281914969
978330,0.02202755597611423
978331,0.9998285378724456
978332,0.06349547212330268
978333,0.9969221316133962
978334,0.9989259107632515
978335,0.9907282451189338
978336,0.9993648569608691
978337,0.192372147943546
978338,0.8381942781520051
978339,0.9996375962497219
978340,0.9980987051153248
978341,0.9999540293678594
978342,0.9996108636115981
978343,0.9996440765232009
978344,0.7706015358401549
978345,0.9998463454674659
978346,0.019007540387868272
978347,0.2848365209866863
978348,0.8953910703018744
978349,0.8889563050392679
978350,0.9452086559422195
978351,0.7542683867669638
978352,0.9975060018137663
978353,0.5966355767280798
978354,0.17415686774037928
978355,0.7655619562659733
978356,0.48076617881897454
978357,0.9999544911252843
978358,0.2189876498407945
978359,0.04159148851423153
978360,0.9999060896973763
978361,0.9998972130394219
978362,0.9494337463476963
978363,0.2049578341723179
978364,0.05625266600170992
978365,0.99926298916552
978366,0.9826629754894727
978367,0.3910450692006186
978368,0.9995052992950342
978369,0.2885569432596014
978370,0.542751470631223
978371,0.9049944341843823
978372,0.9931809428923293
978373,0.6410954151164603
978374,0.7504155036203723
978375,0.9999626318528356
978376,0.8937178219746338
978377,0.927433859350393
978378,0.997667965644881
978379,0.999512400867796
978380,0.07894665136255777
978381,0.93867857356746
978382,0.9997369740860509
978383,0.9959286602852176
978384,0.9717957036856113
978385,0.883673589733292
978386,0.5603369091937215
978387,0.9136215134977801
978388,0.9936239636653326
978389,0.9877688434247882
978390,0.986185839211873
978391,0.9999352394002272
978392,0.8176940905964701
978393,0.30501313891899456
978394,0.08408570263166738
978395,0.9997920481274098
978396,0.9999688347451008
978397,0.867863981100983
978398,0.9998697304738657
978399,0.998523629045303
978400,0.9005434706367805
978401,0.009253088272025808
978402,0.6538162009898121
978403,0.9921525833523326
978404,0.9999274951067473
978405,0.9998604642316231
978406,0.048839752632488284
978407,0.9286057844259709
978408,0.9981370387735675
978409,0.1212014652243894
978410,0.18759399687581985
978411,0.029404975279823185
978412,0.5080736065333591
978413,0.9999877577492198
978414,0.725898040728894
978415,0.9956556325100869
978416,0.9999182853479183
978417,0.7625160298803094
978418,0.9992910452760464
978419,0.551473010973688
978420,0.999842240006886
978421,0.25704954786835005
978422,0.9433974314364615
978423,0.9895032221396141
978424,0.9998177378293958
978425,0.7267220076126911
978426,0.027847522111423162
978427,0.99557638692998
978428,0.8338539972358021
978429,0.9999388553046646
978430,0.25911177331940527
978431,0.9999242579717349
978432,0.0699543937561664
978433,0.07251891552937406
978434,0.9973209987231095
978435,0.6614726900622345
978436,0.3767420428905293
978437,0.9960271779504412
978438,0.0558621037054666
978439,0.2680729629135919
978440,0.6771991897716888
978441,0.7381116902096494
978442,0.993891067448538
978443,0.04181296355899588
978444,0.5433824492917043
978445,0.9860041561644793
978446,0.0048048678441002125
978447,0.007425334272526413
978448,0.9962397781161061
978449,0.9976322575936806
978450,0.9999728900810683
978451,0.8861138149758803
978452,0.05926494360389045
978453,0.9867798560955011
978454,0.9869707998050598
978455,0.31985872058225334
978456,0.5009378745022601
978457,0.9183414246720654
978458,0.9711187329836097
978459,0.9996777023616463
978460,0.45584277972492104
978461,0.952631872859185
978462,0.007365402317479593
978463,0.5299319803411229
978464,0.9579704512418515
978465,0.8250917513492868
978466,0.999728109220499
978467,0.9729619642777707
978468,0.9938494768859534
978469,0.9998605074981224
978470,0.9997739303622883
978471,0.17293846066666446
978472,0.29703434687063773
978473,0.13336725745076947
978474,0.9997136310887731
978475,0.9525628426023727
978476,0.9285674197935104
978477,0.6475383993835518
978478,0.4135367351644025
978479,0.06888709405865112
978480,0.5862924213278922
978481,0.9976604716450298
978482,0.9993621359206661
978483,0.03749074527607132
978484,0.6507413258345652
978485,0.9980732639338227
978486,0.3253667134299001
978487,0.23421274921032964
978488,0.9999685583755238
978489,0.999930760834632
978490,0.279738323958437
978491,0.9990292659678339
978492,0.8415645042991572
978493,0.06604355468328099
978494,0.16637217039005983
978495,0.9930541662884587
978496,0.9824867899439982
978497,0.28103332577997736
978498,0.6431750022518814
978499,0.9994429928884729
978500,0.9171970678811034
978501,0.9994406203641991
978502,0.12493798239828667
978503,0.660130282387359
978504,0.08356617986897762
978505,0.5559873481795897
978506,0.3798357383407657
978507,0.25273939954029473
978508,0.9663810290641868
978509,0.9956568095596903
978510,0.18302544349531363
978511,0.9993319149819149
978512,0.9435533539188168
978513,0.17307211332357608
978514,0.22451731542530254
978515,0.8566493507896296
978516,0.6161139184399731
978517,0.9987466800942467
978518,0.12059609807380198
978519,0.0035951004680349462
978520,0.9999798591684292
978521,0.9999734655956338
978522,0.7377942061653995
978523,0.9273422001443012
978524,0.980718287661215
978525,0.8277389505552648
978526,0.9999825506318749
978527,0.9446928298472318
978528,0.9998442373653398
978529,0.3131511408877925
978530,0.19609422952223163
978531,0.9498809842998718
978532,0.4147887633692609
978533,0.8197273621098219
978534,0.9968400790928222
978535,0.999967994872877
978536,0.9935183502735514
978537,0.9849184005240409
978538,0.9998711815713824
978539,0.7508875291937567
978540,0.45292993262090064
978541,0.9980111676220422
978542,0.9998465779144139
978543,0.9803792839389278
978544,0.5883498289459863
978545,0.999906129502655
978546,0.9485531091891846
978547,0.4970525459383187
978548,0.601448441260436
978549,0.32834071115702823
978550,0.9715299360483012
978551,0.029518592603289536
978552,0.47158240586966316
978553,0.9982919007038735
978554,0.046314037100700034
978555,0.7408407454015007
978556,0.9992927628086405
978557,0.3132529768675242
978558,0.6294356659464322
978559,0.9969712330448421
978560,0.4764421683882649
978561,0.9997108630225741
978562,0.890699539699539
978563,0.6477031730299431
978564,0.999407177868963
978565,0.9996706660808201
978566,0.6338996782695535
978567,0.9992900150798562
978568,0.6853524990371735
978569,0.8905658777584817
978570,0.960095676486984
978571,0.43744052160990515
978572,0.14040019392095793
978573,0.7124445235111354
978574,0.6106850562448051
978575,0.999984731957
978576,0.9996422218973796
978577,0.919867185477184
978578,0.9810453509828747
978579,0.5778519235438865
978580,0.9393454236201215
978581,0.007254277586688758
978582,0.12122062496161636
978583,0.6408496991203327
978584,0.05133185850843225
978585,0.7503831609578686
978586,0.9988035793178573
978587,0.04724198402204867
978588,0.9990920506465929
978589,0.9725213993280791
978590,0.9455048576523044
978591,0.988611228795151
978592,0.9997184516877287
978593,0.9574997331940032
978594,0.04969540210783231
978595,0.22269633733633185
978596,0.9947275721428175
978597,0.8607345458261952
978598,0.8592562973537904
978599,0.8800116620054272
978600,0.830324832941079
978601,0.597934845771962
978602,0.8307601825832556
978603,0.9875856649363408
978604,0.9994134075130795
978605,0.007909940971679024
978606,0.5247316859864097
978607,0.978185566653368
978608,0.902590431754184
978609,0.9970641427274273
978610,0.7706027125810317
978611,0.17987625915941907
978612,0.999821418323249
978613,0.9999085958327207
978614,0.04103848768065422
978615,0.16240717533339274
978616,0.9779205235346696
978617,0.9990750381413664
978618,0.35328820351202445
978619,0.5469097867874718
978620,0.9999516743718533
978621,0.7058793530640414
978622,0.8716873514302439
978623,0.9996327737219596
978624,0.9200036997595273
978625,0.9995582764142396
978626,0.16433242772347495
978627,0.5902901742216194
978628,0.9996671423861119
978629,0.9793041692904318
978630,0.4991368299788666
978631,0.964019513048552
978632,0.919994677660944
978633,0.7544596308518756
978634,0.13453715078695266
978635,0.29325579486689846
978636,0.9844609818887416
978637,0.9852380607274727
978638,0.9994106224633601
978639,0.24622181210599337
978640,0.99460151772335
978641,0.5244749107724983
978642,0.8033745930906815
978643,0.24651027695848343
978644,0.9999217869936453
978645,0.9826703301268822
978646,0.9998441816766868
978647,0.9939445357730432
978648,0.9988293980562206
978649,0.9983630293164313
978650,0.9982578481336786
978651,0.9992451550885408
978652,0.9998769062945319
978653,0.9827922366477012
978654,0.07631831502972519
978655,0.09159120482969187
978656,0.9932122064864708
978657,0.907558309292456
978658,0.36866437122604845
978659,0.9905841882162576
978660,0.9891933202285201
978661,0.9994627022217426
978662,0.9990699090556056
978663,0.48058275482108603
978664,0.37850037582648344
978665,0.9996987594227539
978666,0.9999800491097883
978667,0.9994347149679454
978668,0.9987018576654401
978669,0.9993583808317311
978670,0.9540072877598056
978671,0.31824646416915775
978672,0.8536699909354019
978673,0.9998450953977369
978674,0.4332006618953883
978675,0.9802918130934835
978676,0.9997757458458267
978677,0.9496874593692174
978678,0.9992157404665115
978679,0.9962866603712492
978680,0.9998483008695039
978681,0.8285284685174483
978682,0.9628191713968551
978683,0.9772901562499144
978684,0.7939424451974525
978685,0.9994686681503306
978686,0.9996969911466664
978687,0.9878658818829134
978688,0.9990669270178004
978689,0.9996708435383719
978690,0.9989675196094183
978691,0.94706781237501
978692,0.014171469826170152
978693,0.9879535641519666
978694,0.11864180106602085
978695,0.01684143294687707
978696,0.9999432430431499
978697,0.8101932460522365
978698,0.9282177423373481
978699,0.9438330678289106
978700,0.9996195447977132
978701,0.029978795001032815
978702,0.12759381569460074
978703,0.09220974086817046
978704,0.9994503704995471
978705,0.8599940775211403
978706,0.14359079165416821
978707,0.8689306537602656
978708,0.9966465197101926
978709,0.9999659946443232
978710,0.9962927882883639
978711,0.8328360345833157
978712,0.40366885746259273
978713,0.999495823777313
978714,0.9998389069444535
978715,0.9872856795095404
978716,0.9985571559548703
978717,0.9802200009265885
978718,0.9368430783302637
978719,0.7893750471001749
978720,0.9347815522631752
978721,0.3126706361676034
978722,0.9743267398445652
978723,0.9962613584445699
978724,0.9985531599395041
978725,0.2586651768813943
978726,0.8151120194088038
978727,0.9991178931701492
978728,0.9913133245780661
978729,0.30020095139052416
978730,0.5572768004768598
978731,0.6923805922489108
978732,0.04183201739632329
978733,0.8392530189904795
978734,0.9994947904477509
978735,0.004173049032255212
978736,0.9999293617177717
978737,0.9654922116264719
978738,0.981224274760743
978739,0.023167639326691265
978740,0.9995960789383096
978741,0.26291421177163954
978742,0.9091895276435108
978743,0.4098573111077891
978744,0.8925330462522174
978745,0.9059248402761237
978746,0.9999844507634907
978747,0.9652749028190828
978748,0.022322286555443722
978749,0.18439584920346658
978750,0.1375518330153366
978751,0.7940455876272396
978752,0.09238420281144837
978753,0.9998162646701328
978754,0.9028990246296933
978755,0.7868520389473767
978756,0.47175593053906906
978757,0.9977626683253541
978758,0.98661930934304
978759,0.884878381049639
978760,0.9996210276385047
978761,0.9344004946423409
978762,0.9998801614480208
978763,0.9961085386836221
978764,0.8795805909252552
978765,0.9387629239289159
978766,0.9989766619005814
978767,0.9992623166747912
978768,0.9818601875028736
978769,0.8995138549083104
978770,0.4911784051795104
978771,0.18225011265994365
978772,0.9964115977869822
978773,0.5373226371819129
978774,0.9994572659298616
978775,0.9999898683862846
978776,0.023195466261397565
978777,0.9908969722159409
978778,0.8295821361578174
978779,0.013701774998590564
978780,0.8160522518945948
978781,0.7812511319900368
978782,0.9948828945221537
978783,0.6685812719839157
978784,0.2700935871788645
978785,0.5375043671806535
978786,0.9997546725695763
978787,0.9995773699266353
978788,0.032640923591340076
978789,0.1560024969740288
978790,0.7134356386724068
978791,0.9966216685223309
978792,0.08449086612474606
978793,0.9996271230069755
978794,0.02606198070287983
978795,0.9943958427698707
978796,0.48844503587872
978797,0.656965126002903
978798,0.3107309692914497
978799,0.5682014579385352
978800,0.47333259736441924
978801,0.944518732581396
978802,0.6678398250475744
978803,0.9998554131723402
978804,0.33395681897367296
978805,0.999833425843529
978806,0.33016559303428256
978807,0.9998925111355415
978808,0.9995800599969344
978809,0.9991756377611274
978810,0.9993826969641502
978811,0.7920435563317203
978812,0.14581268240132683
978813,0.9862141442854104
978814,0.24170713410708666
978815,0.6018019314469498
978816,0.8899998705885168
978817,0.9990222280368238
978818,0.9758065939063876
978819,0.6385749244935163
978820,0.5032890358635207
978821,0.9999892071014942
978822,0.9999202065632724
978823,0.6258802814971571
978824,0.9997470234165851
978825,0.8575582611351061
978826,0.9968389673165763
978827,0.9999763673059301
978828,0.995705332018504
978829,0.9982113365595191
978830,0.7089942843971665
978831,0.5090198272201881
978832,0.99980837988599
978833,0.9939042463892924
978834,0.21573012108789447
978835,0.04353419618371032
978836,0.008668367913693758
978837,0.9820545457512102
978838,0.4117091318384932
978839,0.171325207419392
978840,0.7293318956308582
978841,0.999838677608234
978842,0.941414687651311
978843,0.9956613570669592
978844,0.18180008578643986
978845,0.40761997283347623
978846,0.6614330703399778
978847,0.10121957557294645
978848,0.7562950397422967
978849,0.9997054270381074
978850,0.9928266931371483
978851,0.13429513534048795
978852,0.17265142104407982
978853,0.03995826433123507
978854,0.9817752780809585
978855,0.9645379641682104
978856,0.9996760430642098
978857,0.9999039889630447
978858,0.9980859537024817
978859,0.8550691298598044
978860,0.9963732889909638
978861,0.999903740806461
978862,0.9545278882868699
978863,0.7930285347628756
978864,0.21866598230721354
978865,0.9910398419031269
978866,0.9958280003227531
978867,0.9958174279778
978868,0.9999432841013702
978869,0.786603667424808
978870,0.9984925749263128
978871,0.39225045094805133
978872,0.9999474536317662
978873,0.2643164476795863
978874,0.17762902293700494
978875,0.9998598611377977
978876,0.282655934504807
978877,0.34812201114062635
978878,0.9992728453623068
978879,0.4928769821709927
978880,0.9999816316538388
978881,0.9892320983420997
978882,0.9465362513194678
978883,0.49483712291367254
978884,0.6464732955284985
978885,0.11263129294784764
978886,0.4159698217887131
978887,0.6335691668138257
978888,0.08407485412610387
978889,0.9184436536902604
978890,0.9998708710441915
978891,0.662499723986772
978892,0.7942576814945013
978893,0.9994882266532277
978894,0.25505686011158785
978895,0.999709275768497
978896,0.9991943499315706
978897,0.38851129372743726
978898,0.8640260691866967
978899,0.8647266020378894
978900,0.9999664719181003
978901,0.9972044548195843
978902,0.9634112438479587
978903,0.9828837295587343
978904,0.49746763663824345
978905,0.709057966130202
978906,0.5993964742079371
978907,0.3116730324170645
978908,0.2404391374402623
978909,0.7594875997937054
978910,0.43972618815934295
978911,0.9447954717043623
978912,0.9487430560797072
978913,0.9999408690820955
978914,0.9968865571225936
978915,0.9998011373634346
978916,0.10441698762782829
978917,0.9939707412686962
978918,0.9626748916796104
978919,0.007067646985048082
978920,0.9985352479932956
978921,0.36637349959756965
978922,0.31445321658124903
978923,0.9997326148882348
978924,0.9093109166229527
978925,0.40250150377459193
978926,0.9927730080927155
978927,0.993507853528133
978928,0.02206950767752964
978929,0.9942334715519674
978930,0.09636596472096402
978931,0.9996187622422433
978932,0.8068847554214787
978933,0.9997868937783926
978934,0.07655207992306962
978935,0.6505208169736041
978936,0.9995879061012856
978937,0.9920018743994069
978938,0.9998001184930418
978939,0.9212951474908802
978940,0.4905842613919207
978941,0.9066762206893093
978942,0.9996566736354501
978943,0.806442011408565
978944,0.94973609436695
978945,0.006810369015688112
978946,0.9941771115516018
978947,0.1399201476107411
978948,0.996458046405934
978949,0.9527293281136522
978950,0.9952751543801737
978951,0.9998109560632473
978952,0.019253668572584752
978953,0.08824915827505402
978954,0.8703689137312896
978955,0.295165608331361
978956,0.9917209898963153
978957,0.24236901036884656
978958,0.8644671953568603
978959,0.07352580852248568
978960,0.21263050059125116
978961,0.5281957374445801
978962,0.9314608602050956
978963,0.17076335608521565
978964,0.9983044983258877
978965,0.9993007791746649
978966,0.8494175755160909
978967,0.9863926923454679
978968,0.9609039590677227
978969,0.8874317905282594
978970,0.03879933433372694
978971,0.18006391516795106
978972,0.9995879326822588
978973,0.9977804186332888
978974,0.9978055051987201
978975,0.9998055744887789
978976,0.9300230505150975
978977,0.9953416675828659
978978,0.664255911013798
978979,0.3496384097113059
978980,0.5267889469530677
978981,0.04309399445080109
978982,0.9983994731074415
978983,0.9999578030846863
978984,0.03906289530611713
978985,0.9975942363545665
978986,0.832470546956511
978987,0.9971671855681055
978988,0.2304522964865262
978989,0.2489495301534961
978990,0.19258943014965552
978991,0.99974612709645
978992,0.9997787581146912
978993,0.9992443827410745
978994,0.8577242684585746
978995,0.3581132905389517
978996,0.9942647697882226
978997,0.9950755940393619
978998,0.6878978685764445
978999,0.9566596672736205
979000,0.9320738671884525
979001,0.3266958273483584
979002,0.9998852352625913
979003,0.9954525600903887
979004,0.0068394720684417185
979005,0.9999089886356394
979006,0.777390219412732
979007,0.9907739399239501
979008,0.03384121224842
979009,0.520422158114549
979010,0.9997410952140762
979011,0.9157615067647138
979012,0.9998434259528852
979013,0.25795755880722376
979014,0.09887720830470875
979015,0.993538595345153
979016,0.9998484886925665
979017,0.8385952406672322
979018,0.9992222074055299
979019,0.9922253341253203
979020,0.022753910663725653
979021,0.853053745223443
979022,0.9999181418281686
979023,0.9999745968137097
979024,0.9982726098724579
979025,0.9991527384804395
979026,0.9997921313757352
979027,0.04410513876665502
979028,0.86897797287664
979029,0.8634273814100452
979030,0.9996628885762133
979031,0.372899708247585
979032,0.2416369600533897
979033,0.6519396662162411
979034,0.999433694043482
979035,0.7302078522960751
979036,0.2973577635369986
979037,0.9997706685054311
979038,0.9992720733037961
979039,0.3339775468977897
979040,0.9903023369982349
979041,0.9656556380932089
979042,0.9740922950354047
979043,0.047019873961859235
979044,0.9997057192595022
979045,0.3129338682200273
979046,0.9997482743244069
979047,0.7721921175055898
979048,0.8401925870426487
979049,0.9991679009587899
979050,0.31275121521483157
979051,0.8013975536869891
979052,0.9938511829440966
979053,0.7869205512236119
979054,0.9990469723389249
979055,0.9823409946309107
979056,0.9147332146100897
979057,0.9976528568000271
979058,0.6860814205742514
979059,0.585405767628273
979060,0.10437887973004037
979061,0.6639257793822078
979062,0.9918259193332052
979063,0.023945488775821755
979064,0.8700750562544326
979065,0.8602804407056068
979066,0.9684889082824348
979067,0.3607083354734803
979068,0.5257547130665047
979069,0.7872243412015002
979070,0.9996339568520344
979071,0.9608265517828578
979072,0.07584747301492901
979073,0.4824182061160086
979074,0.9995115377527743
979075,0.9448279654522842
979076,0.130264721426584
979077,0.9999763018401737
979078,0.40823965273530216
979079,0.623789538378263
979080,0.9031513451263005
979081,0.9999165301171127
979082,0.9968915905371786
979083,0.022651834455898523
979084,0.9999352471327503
979085,0.8687449908881204
979086,0.9922111774037976
979087,0.8894851452518986
979088,0.8420572710203924
979089,0.999273817277361
979090,0.12707031259620116
979091,0.9989990204265525
979092,0.9470822195528227
979093,0.9964025459395931
979094,0.19268642836888875
979095,0.9983884480835443
979096,0.9996503915273003
979097,0.44574927307288914
979098,0.7143903226002404
979099,0.9984859769648107
979100,0.7736193883220268
979101,0.9516266051043774
979102,0.3845644954810302
979103,0.16774742321910122
979104,0.026377465330164263
979105,0.7216804860705075
979106,0.10626374184558957
979107,0.9508870636771521
979108,0.5784368528689103
979109,0.2942665727481116
979110,0.9021344662576842
979111,0.9999889277369738
979112,0.003832720363308628
979113,0.1693735071451938
979114,0.07831631722180235
979115,0.9997582860152062
979116,0.9276263944312892
979117,0.5687073572291622
979118,0.9999753753718614
979119,0.9999363936590001
979120,0.03736230605660453
979121,0.7618435845171878
979122,0.9295719920015222
979123,0.8968593180281899
979124,0.30999474045919445
979125,0.9934984568075292
979126,0.18859034529494684
979127,0.9999881578000855
979128,0.92960826316798
979129,0.11948310183570762
979130,0.9995757200948414
979131,0.7484144968131347
979132,0.5905668316302701
979133,0.697196338285872
979134,0.5013602035038995
979135,0.9606319353835303
979136,0.8992538073266119
979137,0.998711858370833
979138,0.9515894123830553
979139,0.05626393371887367
979140,0.9690874312587459
979141,0.9944111600028036
979142,0.10538553710818527
979143,0.21526251031406854
979144,0.9613267896283542
979145,0.9999690646380632
979146,0.9985296771491945
979147,0.19061623384960233
979148,0.27465342076210425
979149,0.994985896411563
979150,0.7907964772468858
979151,0.9993290188524446
979152,0.6709774438654497
979153,0.014854747855804207
979154,0.47067081321475973
979155,0.27944881988975184
979156,0.916720017729594
979157,0.37244705026553887
979158,0.9971676812586822
979159,0.8794741901016263
979160,0.9903391376875419
979161,0.9995411735087048
979162,0.9931256466620405
979163,0.9917170575983322
979164,0.6490546060009674
979165,0.3279817808203205
979166,0.9961221780750801
979167,0.9999454511375312
979168,0.9249638189953329
979169,0.9655662788606734
979170,0.999662978535705
979171,0.9988534686659398
979172,0.9998788054376005
979173,0.9979773594443007
979174,0.9994971594334796
979175,0.9697357146351224
979176,0.8530104413136705
979177,0.3390416699461833
979178,0.46627920955626406
979179,0.19837427928561632
979180,0.7660140099856929
979181,0.9996185087249192
979182,0.6390482427907427
979183,0.9357658224244176
979184,0.990085654476696
979185,0.03835841279861022
979186,0.9998080823433595
979187,0.07229584530118294
979188,0.026217747259796927
979189,0.3539264458198342
979190,0.9382225630639744
979191,0.06336156936354377
979192,0.5777094978964554
979193,0.9997108920464288
979194,0.9826831078292474
979195,0.9966271583777417
979196,0.9844777888820987
979197,0.45924633454342345
979198,0.9775482782925105
979199,0.9997579848810458
979200,0.11106707469264486
979201,0.3444160167273032
979202,0.9923152338747319
979203,0.9999566083449821
979204,0.9997145325438263
979205,0.999611020751969
979206,0.7227325768045582
979207,0.6816453226269386
979208,0.9992651784146976
979209,0.9973997301327292
979210,0.8333566361864579
979211,0.9995470612269678
979212,0.3570566900962693
979213,0.9768522136098154
979214,0.997961224519899
979215,0.9995139868154387
979216,0.6461526342565966
979217,0.9999486926510978
979218,0.9999314961859264
979219,0.9993206617063515
979220,0.045074819873841404
979221,0.05809274006142698
979222,0.0396344174325806
979223,0.9998553473855277
979224,0.00221605015753134
979225,0.9996779485661624
979226,0.26944359232772647
979227,0.9995427941375157
979228,0.15377611020412932
979229,0.9995387016095986
979230,0.25514170151809684
979231,0.999961969995219
979232,0.8470092232197834
979233,0.9998135476144047
979234,0.9996359419141696
979235,0.9999687407426745
979236,0.9244461013585424
979237,0.9921554628002289
979238,0.2910513912345733
979239,0.9968479083687071
979240,0.9985117171991291
979241,0.9998184395064684
979242,0.0272815079314947
979243,0.9999863011276672
979244,0.5449479169606264
979245,0.9756074108062349
979246,0.03599621771034647
979247,0.9775779696488256
979248,0.9999409202228833
979249,0.8992230563453368
979250,0.014569326913900667
979251,0.9999113367728656
979252,0.9999503242887154
979253,0.9997668361227745
979254,0.020466192038144287
979255,0.9933230536746034
979256,0.9998081605833063
979257,0.09052649454437431
979258,0.8918620288814687
979259,0.9997809292565683
979260,0.020945601724844914
979261,0.9995013282846739
979262,0.9803690999744532
979263,0.9997183653486219
979264,0.9999321919901902
979265,0.9839546109473474
979266,0.8689979206214228
979267,0.9966288884841337
979268,0.7071522303338302
979269,0.5273040453876261
979270,0.24227584722309403
979271,0.11773556868943996
979272,0.9923401837262509
979273,0.9956856464494822
979274,0.52481136490859
979275,0.9876777346169031
979276,0.99985665629502
979277,0.9995743052705317
979278,0.9993309607939512
979279,0.9891828840042781
979280,0.9998487630288646
979281,0.9396481503314978
979282,0.9999691547913118
979283,0.9991143917478658
979284,0.9986705322806153
979285,0.8038875093590366
979286,0.9991417471253405
979287,0.01306784443583437
979288,0.9628656019631835
979289,0.8522711227350794
979290,0.999735320930082
979291,0.003581382833440604
979292,0.9779794321897664
979293,0.9873311634168128
979294,0.9994393725770216
979295,0.9871072151334747
979296,0.9972757306808124
979297,0.9991743702957906
979298,0.7918862601827568
979299,0.9997075828294627
979300,0.9990074482028297
979301,0.34544483061801445
979302,0.988937935110749
979303,0.9997157333148702
979304,0.8357186163601911
979305,0.9994252424179473
979306,0.9959094914205402
979307,0.9942909707689342
979308,0.5600667067427093
979309,0.968085102178947
979310,0.3372279201285973
979311,0.9845370234308056
979312,0.9772262811683997
979313,0.9998717594174142
979314,0.1807657030889677
979315,0.99961479128596
979316,0.8887249841714949
979317,0.21580731147267618
979318,0.30128942992793933
979319,0.33534107760562126
979320,0.9939060226600964
979321,0.9963712454391805
979322,0.9994930708567423
979323,0.02620728040847394
979324,0.7964877945122378
979325,0.9853480689067513
979326,0.9981179674505523
979327,0.9966424606117599
979328,0.35529098892987904
979329,0.2519250543033617
979330,0.9999582251147465
979331,0.9828304737684419
979332,0.21077562216988338
979333,0.9999686796880821
979334,0.9734249060029769
979335,0.9860254477840622
979336,0.2856012230493958
979337,0.9894071381089735
979338,0.0008033197302261565
979339,0.6898089744850763
979340,0.08063176582096176
979341,0.999913494396283
979342,0.9991083524441646
979343,0.9996544257900818
979344,0.9985080982170698
979345,0.847218085705508
979346,0.4836877241240924
979347,0.7397878348380007
979348,0.9996050901398335
979349,0.8432528271689639
979350,0.9998810956080566
979351,0.9554800110757471
979352,0.9897486426157849
979353,0.9445863152975065
979354,0.9999158674242197
979355,0.9998096865303135
979356,0.49505240013182
979357,0.06744644808611303
979358,0.9991500338991297
979359,0.9954718555643318
979360,0.3370187053627268
979361,0.3108862071096234
979362,0.8648497760941898
979363,0.11332794646523436
979364,0.06546097959816354
979365,0.9986350078557017
979366,0.010233241541276571
979367,0.9993106972454668
979368,0.9997281762875484
979369,0.9826679735043744
979370,0.9651202856146637
979371,0.30664455237882293
979372,0.26291955795968586
979373,0.9996598162959747
979374,0.06129131762649791
979375,0.9755545675867703
979376,0.99977346534528
979377,0.4068354889924638
979378,0.9998095569825869
979379,0.9343171981773408
979380,0.9996044473357104
979381,0.9053654397239956
979382,0.9997470442001274
979383,0.44940765357378176
979384,0.7063315012639704
979385,0.9604102592496189
979386,0.12412896143484471
979387,0.3011164993863279
979388,0.8613245230167598
979389,0.9996059562899087
979390,0.9999418041709605
979391,0.7433924043134409
979392,0.9991756646498936
979393,0.757127854439388
979394,0.027971801233908876
979395,0.9982325150552489
979396,0.8005186807692772
979397,0.15268895788921816
979398,0.999740631236522
979399,0.7978010184393824
979400,0.6000718199450737
979401,0.9981561277346447
979402,0.999162460474853
979403,0.9998786508135851
979404,0.09191800361970734
979405,0.23404730888263575
979406,0.012622054786472006
979407,0.009631678047190494
979408,0.9331285603213577
979409,0.9306734478899352
979410,0.2026553833630189
979411,0.9999227093864314
979412,0.9547391775032026
979413,0.9987863818075198
979414,0.9998119766553499
979415,0.9945516313842888
979416,0.43017064485818046
979417,0.7910945849532254
979418,0.07875371169098677
979419,0.3791070629588488
979420,0.1066594529647362
979421,0.0739150251712983
979422,0.6757709412205185
979423,0.9989420309758489
979424,0.9760715251075673
979425,0.9834057132396152
979426,0.50354880243202
979427,0.970358565219994
979428,0.9276835904973914
979429,0.5994992569029924
979430,0.03218214973884127
979431,0.9995100711382789
979432,0.9955707948148431
979433,0.9859667688295335
979434,0.7079845894144094
979435,0.9996248448713838
979436,0.08652657634271249
979437,0.8856949138307908
979438,0.6192643709255029
979439,0.9883109016558322
979440,0.4234037305193175
979441,0.618895891816853
979442,0.950922439829291
979443,0.010234453560084896
979444,0.9289369766956175
979445,0.9979325573376765
979446,0.9959552111030879
979447,0.7870056788072743
979448,0.9919119011135851
979449,0.9927193108594732
979450,0.9997657740136541
979451,0.8016640642719945
979452,0.9997541341237606
979453,0.9999692110138243
979454,0.9291519509801639
979455,0.9697325664593628
979456,0.8347855571310167
979457,0.3962970158058122
979458,0.5711456187799996
979459,0.007894105270428133
979460,0.6637163125944916
979461,0.8627430884691802
979462,0.17815150659008655
979463,0.9170150516756308
979464,0.3972323748752334
979465,0.901931954928125
979466,0.9997770264418848
979467,0.963539662461639
979468,0.9971187518246636
979469,0.9999582143436396
979470,0.9996916964707424
979471,0.0526092677483191
979472,0.9956628464126729
979473,0.9956950203151833
979474,0.9928998700007605
979475,0.8934728480272257
979476,0.8966827190863831
979477,0.6763309536394905
979478,0.24522424452473662
979479,0.0078714936988707
979480,0.02525752682197465
979481,0.6732105399732944
979482,0.7032649746217834
979483,0.8655181394227214
979484,0.22842163930162845
979485,0.992296627299269
979486,0.1728982371895953
979487,0.9706427752591202
979488,0.9999773155402547
979489,0.9986799363608238
979490,0.3287704726333367
979491,0.9870128675410172
979492,0.9997798963464799
979493,0.6386589578408338
979494,0.7986739287270783
979495,0.9283846699888261
979496,0.328624768280411
979497,0.6390858610486044
979498,0.20698903835621868
979499,0.9995518651628524
979500,0.9880927008082873
979501,0.8791026593105369
979502,0.0904012264263931
979503,0.46507750890829247
979504,0.35839422359952566
979505,0.9999189705919979
979506,0.21361435278274096
979507,0.9900875155616362
979508,0.011695950199219228
979509,0.9990464383048665
979510,0.9856775026916165
979511,0.0032689959306897434
979512,0.9326769302324045
979513,0.6351703915573771
979514,0.49717656845354846
979515,0.27475341596447
979516,0.30327803076030063
979517,0.9938595688904475
979518,0.8933036089371305
979519,0.9302797889705989
979520,0.015772037047077428
979521,0.9999826677926011
979522,0.9355880610076617
979523,0.8959760761618005
979524,0.9835556815703566
979525,0.181319233914139
979526,0.006439371626215858
979527,0.8180921752406742
979528,0.14093826980842983
979529,0.9994750219994958
979530,0.9990331753558399
979531,0.9914896589531763
979532,0.04528726779250221
979533,0.03946695918547597
979534,0.9921106543568688
979535,0.9982619514747979
979536,0.35926876608330555
979537,0.6808908637563471
979538,0.9990613634262683
979539,0.9999658011204224
979540,0.9473977003554739
979541,0.9998653253814705
979542,0.028343353335073686
979543,0.042246360654792044
979544,0.02560357709061325
979545,0.9795490233737814
979546,0.485289682507196
979547,0.195395527369045
979548,0.9848864482517967
979549,0.7553033226472605
979550,0.9999895760567536
979551,0.999225779631582
979552,0.9999325245836788
979553,0.5752300226049089
979554,0.9999756397371634
979555,0.9993017282545033
979556,0.9997627185727813
979557,0.9948394497755817
979558,0.7435764574649573
979559,0.7844663592961567
979560,0.5744036409409498
979561,0.9998770216700842
979562,0.9737276414271698
979563,0.7764548210496145
979564,0.9846055759601449
979565,0.1320087000870725
979566,0.9998864486584406
979567,0.9997866503251438
979568,0.015706507478493836
979569,0.999986599862912
979570,0.912719641800302
979571,0.9999188127964743
979572,0.9957789714872389
979573,0.9998651601696814
979574,0.9980044400986952
979575,0.7451529561252701
979576,0.7498771787771427
979577,0.9824037988430304
979578,0.11395002594027201
979579,0.7854573075352949
979580,0.2112943549557181
979581,0.15639116483729298
979582,0.9975974925221082
979583,0.9997208367044557
979584,0.9853824706518541
979585,0.9923541474589352
979586,0.9971517886884915
979587,0.9999265188482304
979588,0.27732547816966835
979589,0.9410425295753319
979590,0.1330547612735696
979591,0.9999640918666598
979592,0.031168411413803776
979593,0.9886603255584755
979594,0.9883626490228192
979595,0.8783215157950173
979596,0.24240146159769874
979597,0.9920392251959524
979598,0.9967089430649303
979599,0.9606613569438819
979600,0.9997238880687925
979601,0.46608468625635324
979602,0.9696353771743256
979603,0.9999650285986542
979604,0.9995498733079144
979605,0.9905763187012071
979606,0.9039044372567087
979607,0.8833607392690461
979608,0.8176722826665331
979609,0.9093593271540253
979610,0.01536361364736822
979611,0.9971654854233692
979612,0.26202213389690854
979613,0.2239104602733037
979614,0.9999892856793946
979615,0.9765309224748607
979616,0.9442011042935805
979617,0.021460933314911345
979618,0.9998999899653336
979619,0.9971841703246589
979620,0.9966787062462743
979621,0.9990256530902981
979622,0.9980361692457606
979623,0.9999752210091358
979624,0.854334264573378
979625,0.9290061554085782
979626,0.9964133120895429
979627,0.9995813507398542
979628,0.04067190413339135
979629,0.9558248234113882
979630,0.9926270573916285
979631,0.5269251491234503
979632,0.1328853303659663
979633,0.9218701265597571
979634,0.9995743258392513
979635,0.04256711759387015
979636,0.9038289194232972
979637,0.10078936109869772
979638,0.24347721669317068
979639,0.7593504996782865
979640,0.1398268997344673
979641,0.9981605976115101
979642,0.7392692716402267
979643,0.013949952764676733
979644,0.14024347125938183
979645,0.5127150452847353
979646,0.2272150568865272
979647,0.6190872233373677
979648,0.9993363884831319
979649,0.7678801849511793
979650,0.9996070187267126
979651,0.38694249000555303
979652,0.006723521411114415
979653,0.51193383667408
979654,0.2540460957470965
979655,0.996126806661275
979656,0.9997237388704148
979657,0.9907357299801864
979658,0.75099533374404
979659,0.8238607823478643
979660,0.9973724019162271
979661,0.009480376393020882
979662,0.9999573371194487
979663,0.5299224186215787
979664,0.9997462921462719
979665,0.9929276718936357
979666,0.9845811791137072
979667,0.9982658464194254
979668,0.9345486815736652
979669,0.9999003626990015
979670,0.9972171185176518
979671,0.8172755161214583
979672,0.15459198532292717
979673,0.13633473287352313
979674,0.6660246872664918
979675,0.8973081510040964
979676,0.9979174290801412
979677,0.11591490178513156
979678,0.9993178490924375
979679,0.9995612700157074
979680,0.013006127861110602
979681,0.3893852890299942
979682,0.999666256750152
979683,0.9998526264731272
979684,0.12675727135520715
979685,0.9979768590484792
979686,0.9995879739252971
979687,0.4146359709526466
979688,0.9997985718384387
979689,0.9882731501411023
979690,0.7691778020041896
979691,0.016561288687574522
979692,0.2281093050811493
979693,0.999990477392078
979694,0.9999173468609792
979695,0.9999661324539855
979696,0.34157105525689546
979697,0.15828489752871738
979698,0.4357439334580907
979699,0.16672400904807128
979700,0.9999712944911363
979701,0.01630294204001618
979702,0.9874259192509458
979703,0.08556373278953901
979704,0.36403950994282314
979705,0.8087729973512086
979706,0.8864189738065834
979707,0.7316010622986691
979708,0.3115483130306312
979709,0.9085234655693706
979710,0.5502712675789524
979711,0.9999859590672643
979712,0.013618652792292817
979713,0.6677402492472428
979714,0.8948905044129306
979715,0.5571511641561899
979716,0.5628149211774027
979717,0.9865647724164319
979718,0.347992036213638
979719,0.9996644147501909
979720,0.9994674056121771
979721,0.999461749244916
979722,0.00792748001335564
979723,0.8177953174442135
979724,0.9998507332195888
979725,0.07996990561735651
979726,0.8988033849721591
979727,0.46378085265559216
979728,0.9998894833052288
979729,0.2568148590686341
979730,0.9562643413164178
979731,0.9844263370889155
979732,0.12896146732436414
979733,0.12636346360704898
979734,0.2097186009263064
979735,0.9953650573427014
979736,0.9995892928839536
979737,0.1493123181689359
979738,0.9596222994743516
979739,0.9989082690613547
979740,0.9737890555068539
979741,0.999307161548358
979742,0.9992657903346502
979743,0.3290487347870967
979744,0.0008378256001901037
979745,0.9996583693079332
979746,0.8611673046371849
979747,0.9465579867344482
979748,0.7641161980487545
979749,0.9999018134360199
979750,0.8615775378038851
979751,0.7820086874997267
979752,0.997261741277207
979753,0.9995771153675822
979754,0.9753348654645895
979755,0.80655934485771
979756,0.09647143188832902
979757,0.9997565975781848
979758,0.21255228392208142
979759,0.06246846600656125
979760,0.9363826290751667
979761,0.9998874988540917
979762,0.9304653418605695
979763,0.1533710282346094
979764,0.3083391563627765
979765,0.0035306372842309093
979766,0.9999823291259413
979767,0.9887870891207732
979768,0.9996656314812677
979769,0.0125201077846644
979770,0.9999183547832209
979771,0.9992268320095175
979772,0.9980409657303357
979773,0.9992881994169516
979774,0.9953610616136301
979775,0.021358613036713194
979776,0.002906556674717789
979777,0.9994032320109076
979778,0.6431247888009551
979779,0.991711130773848
979780,0.9878254555412058
979781,0.9828381870781818
979782,0.9874553827219524
979783,0.4443424791626218
979784,0.9993892950394451
979785,0.985236356080357
979786,0.5663221293510741
979787,0.9892313437553881
979788,0.5064416387569631
979789,0.5090479054394891
979790,0.9989624602042363
979791,0.410282168888394
979792,0.703210839363869
979793,0.0391944209810802
979794,0.9963384450495094
979795,0.9207206345808081
979796,0.3030840788716374
979797,0.06040489857512778
979798,0.9868681966759094
979799,0.4253957513135709
979800,0.9998136154803172
979801,0.9736236732488674
979802,0.9994011092333729
979803,0.997613631726884
979804,0.9998583118033076
979805,0.9998253274414826
979806,0.9601950455753347
979807,0.9999334935116302
979808,0.3898319810422807
979809,0.9998232758786871
979810,0.8122011988071842
979811,0.9922404825871329
979812,0.8881106108953272
979813,0.39095103116980223
979814,0.05698456231910895
979815,0.9997972316870157
979816,0.9720026458888666
979817,0.9997964913623647
979818,0.9999187441952969
979819,0.2529662392562038
979820,0.9560175039855309
979821,0.38087502241471205
979822,0.9807045969861702
979823,0.4600390906403722
979824,0.0879018198598625
979825,0.33045844767374677
979826,0.9793652294235973
979827,0.9929190607695719
979828,0.9994958756194066
979829,0.9997365983695294
979830,0.999807264637729
979831,0.802050600156466
979832,0.9997095834357891
979833,0.9990035438707838
979834,0.727906476870241
979835,0.8944476631254035
979836,0.9850352893660079
979837,0.9990757029264381
979838,0.6443614507176423
979839,0.999250067591248
979840,0.1899237396159967
979841,0.9948825157828596
979842,0.9967036236527411
979843,0.9997993764388265
979844,0.4941304863314159
979845,0.6340498409055049
979846,0.9856664725164781
979847,0.4904172740445849
979848,0.9955849609180195
979849,0.05903332723205296
979850,0.9928130604213752
979851,0.9998871938563081
979852,0.9991018716976598
979853,0.027571835748261532
979854,0.9984286517039507
979855,0.29226865770962346
979856,0.998087776709775
979857,0.9450462745722175
979858,0.9999895035677944
979859,0.8713400725328411
979860,0.9386392331574992
979861,0.9995885530639983
979862,0.99973504733625
979863,0.9483411148865764
979864,0.9995648222039911
979865,0.6594478907309932
979866,0.17414331677374303
979867,0.9936136406093865
979868,0.7168420291073625
979869,0.9958924715229045
979870,0.999644237835005
979871,0.4815806455609369
979872,0.995717339307486
979873,0.9927201826882575
979874,0.15090322256240943
979875,0.9991192771379096
979876,0.999550523198166
979877,0.01653283421409443
979878,0.9999030296629452
979879,0.9998716618113863
979880,0.999850368269527
979881,0.7332022709270158
979882,0.998888978312697
979883,0.9997398261441167
979884,0.9995644246303432
979885,0.9690766173335916
979886,0.1996753888954899
979887,0.9404205826510438
979888,0.5550782108162493
979889,0.9814516915939562
979890,0.9568526793885339
979891,0.015053374128253602
979892,0.9999557617730843
979893,0.5776976506461783
979894,0.9998344913070262
979895,0.04422234236234836
979896,0.7623995151093856
979897,0.8911018975674931
979898,0.8945585460834382
979899,0.5915790613341855
979900,0.9993863221789698
979901,0.9999768713167877
979902,0.007169787289763491
979903,0.9999591402892558
979904,0.28407034187446595
979905,0.7922990674138165
979906,0.6530189921226279
979907,0.9500725652906794
979908,0.11332198247317432
979909,0.9997402802136837
979910,0.956659946105739
979911,0.7936553844778891
979912,0.3858920118715804
979913,0.994290549476266
979914,0.26338465968809016
979915,0.9467921359194318
979916,0.5192401204811602
979917,0.9997171197130343
979918,0.9995285567610548
979919,0.9959742452936218
979920,0.8980594606007752
979921,0.7512209704356569
979922,0.9958420632976411
979923,0.19295497137666184
979924,0.8518624820408351
979925,0.9999760162671921
979926,0.9964931291533164
979927,0.9914157173887305
979928,0.9867006888076411
979929,0.5244361390130131
979930,0.9982298175634985
979931,0.9187247448363236
979932,0.5397237720782962
979933,0.6162532003313068
979934,0.9975098804031665
979935,0.9998581225933055
979936,0.9999288573785332
979937,0.9930126133696269
979938,0.9751502821667112
979939,0.12302856653846589
979940,0.9434796154406335
979941,0.9616042180464168
979942,0.8992281904812583
979943,0.9999849296271953
979944,0.9995652843685654
979945,0.9999211208114339
979946,0.8409932036424925
979947,0.9975693265622578
979948,0.6567013769892303
979949,0.9387041792469828
979950,0.9618115005435601
979951,0.9998655990297285
979952,0.9329479813812906
979953,0.9312380993553102
979954,0.003992966010394778
979955,0.9978252384789978
979956,0.9971551643076927
979957,0.7971681104073173
979958,0.9994806557882151
979959,0.638329701833804
979960,0.757935784746685
979961,0.9749749427758336
979962,0.309090144144507
979963,0.9996147759135088
979964,0.13238982462654583
979965,0.9997092651794226
979966,0.026326222762295917
979967,0.9997886908163605
979968,0.9967714599256713
979969,0.9989744623931729
979970,0.9998227154478985
979971,0.9941731697109717
979972,0.9881810642889501
979973,0.9999492587587366
979974,0.9950407031758266
979975,0.8873370292630007
979976,0.017019398328146477
979977,0.9982075717838296
979978,0.030179545474836585
979979,0.9997469383777893
979980,0.9952954463583121
979981,0.9995666162084961
979982,0.9419130082660356
979983,0.9992510167760762
979984,0.9968377896256788
979985,0.999843564132177
979986,0.9992396483182979
979987,0.10158578183816168
979988,0.9809682805156743
979989,0.9960960717896765
979990,0.9991771660165356
979991,0.054498915546796596
979992,0.6800951356145434
979993,0.9999910913882504
979994,0.6613269291192672
979995,0.9415795854144628
979996,0.9999869640001002
979997,0.049010874958271375
979998,0.9998791692482004
979999,0.0447798274833333
980000,0.566829983197293
980001,0.9451326492934872
980002,0.1979414807629768
980003,0.061569040728500876
980004,0.9999852321120984
980005,0.9999444298539835
980006,0.9999303663631334
980007,0.39200825447251464
980008,0.9994640873771523
980009,0.17303651098201522
980010,0.9826180428754838
980011,0.999927644426589
980012,0.999791137635725
980013,0.9999074221700355
980014,0.5601778523328814
980015,0.20105477862234258
980016,0.8616598947351204
980017,0.9939210905962897
980018,0.9988338152700094
980019,0.972032972388948
980020,0.03481819633145611
980021,0.9824500906207017
980022,0.996417415325524
980023,0.9911664956847014
980024,0.30430419241983575
980025,0.9250287917113271
980026,0.9948200997795529
980027,0.9998853209779222
980028,0.8814935117775745
980029,0.9999162544831643
980030,0.9994049960852969
980031,0.9992604352233544
980032,0.03988651465747427
980033,0.9970577585193127
980034,0.9966200298766799
980035,0.999828509648244
980036,0.14849987487831767
980037,0.9397561669860052
980038,0.18065536915165895
980039,0.3978575138990955
980040,0.8651164702438222
980041,0.9999687198650544
980042,0.9998245400111572
980043,0.32903217726588097
980044,0.9992226465292577
980045,0.0410020886456487
980046,0.3880854544991819
980047,0.9996620146247663
980048,0.14246115088354144
980049,0.9894420285382968
980050,0.9406103033711657
980051,0.9995883682596739
980052,0.013624156507481468
980053,0.9850680340188833
980054,0.7595294249482952
980055,0.9999432024572376
980056,0.4329190711543953
980057,0.15490096418223565
980058,0.998672614181314
980059,0.4742014584718799
980060,0.9995312316960575
980061,0.8582189822258852
980062,0.9982311559398155
980063,0.4936767756853219
980064,0.36205832092173995
980065,0.9949198746357253
980066,0.9996255615074049
980067,0.053225013378148944
980068,0.7954412366342537
980069,0.6098172787658205
980070,0.9999895363931911
980071,0.5678801313420699
980072,0.008288838994402132
980073,0.7733758629972121
980074,0.9985877462505275
980075,0.9999364150230083
980076,0.3063865047405025
980077,0.9999270348767776
980078,0.9999729050292573
980079,0.6570103371443465
980080,0.020789612247697584
980081,0.9187827081405533
980082,0.9058441204248187
980083,0.9979718277822431
980084,0.023509468971788086
980085,0.960783793597203
980086,0.25889503815782067
980087,0.917477119924405
980088,0.8466348445396648
980089,0.9916244861054234
980090,0.01113529321373859
980091,0.03759769066630828
980092,0.43794871333267404
980093,0.9639399713383167
980094,0.9998481198465499
980095,0.9910543681248971
980096,0.999979250593134
980097,0.03899208916828637
980098,0.11202958571917337
980099,0.5510703432345515
980100,0.7199772605495653
980101,0.9364665722187795
980102,0.9997268058586419
980103,0.9998849950149007
980104,0.6803144335023812
980105,0.15552549568335994
980106,0.9995765696209187
980107,0.9999295925731768
980108,0.6753480436099736
980109,0.999675476401887
980110,0.8718668677195238
980111,0.5234336482276457
980112,0.8683894597870401
980113,0.9998957496987235
980114,0.5708044188204439
980115,0.14696129635696845
980116,0.9518027380601164
980117,0.18076482785681808
980118,0.9997411225324906
980119,0.9954335228182436
980120,0.9999932323423077
980121,0.9907118335449423
980122,0.235361382723138
980123,0.9942679266073019
980124,0.3231114378431701
980125,0.8756674844083263
980126,0.9023903957561235
980127,0.5436710521150553
980128,0.99972936100501
980129,0.8506475791826078
980130,0.08484577328173755
980131,0.24088126464932674
980132,0.5196920124140576
980133,0.981928409098656
980134,0.9995995234918096
980135,0.6121741900294564
980136,0.33965193907303226
980137,0.9976502661843569
980138,0.8185210442361314
980139,0.9981784145133608
980140,0.9361045118987842
980141,0.2524464552309638
980142,0.5085136126722696
980143,0.7017449138201937
980144,0.05965930626548059
980145,0.019935906442030686
980146,0.9994152626610108
980147,0.9936246935755171
980148,0.9695381704244247
980149,0.010228447636784349
980150,0.720983716181109
980151,0.9913476912439247
980152,0.9654378915452457
980153,0.9913344038440961
980154,0.9486195678572622
980155,0.42596278849092306
980156,0.8774164650293952
980157,0.98106933288811
980158,0.9999444980024667
980159,0.9995562559210953
980160,0.9910179128555823
980161,0.8450798981929037
980162,0.8610088062255176
980163,0.9987747029474963
980164,0.9999469724591467
980165,0.08811157145420638
980166,0.991017762476169
980167,0.8790850461439269
980168,0.020313575620869977
980169,0.900085122977241
980170,0.13286917804419035
980171,0.2753914786868372
980172,0.8096539121422228
980173,0.9999811857353339
980174,0.274070624179875
980175,0.999891447051852
980176,0.9999136131741649
980177,0.9999319085405274
980178,0.25519886607762865
980179,0.9992297222548385
980180,0.5259453780528247
980181,0.998851431453055
980182,0.9999616492487041
980183,0.9444141969531836
980184,0.40983045181294986
980185,0.343285333720522
980186,0.6519569239639393
980187,0.9998762604297252
980188,0.9802870789459861
980189,0.874055243663012
980190,0.43545810054627476
980191,0.9998526299106706
980192,0.9309156005651849
980193,0.6349828772387881
980194,0.12417480125045727
980195,0.999964350461108
980196,0.17505404160780147
980197,0.9999895627223379
980198,0.9998967632967409
980199,0.06087610244057287
980200,0.9993953990950384
980201,0.9987942986315035
980202,0.9988503343875148
980203,0.3742330897214309
980204,0.2532670011366142
980205,0.8126260988766851
980206,0.07528114417002853
980207,0.9920017191136082
980208,0.19908071754909687
980209,0.9920698150251483
980210,0.999950184042925
980211,0.6471689340921098
980212,0.034433763402845916
980213,0.01827124251490737
980214,0.9978344231317493
980215,0.6788015948468802
980216,0.15586310695674538
980217,0.03226260991878472
980218,0.8532501228034017
980219,0.9997048557998872
980220,0.014780592674147256
980221,0.9626482367522131
980222,0.8977739667542753
980223,0.0745438409593976
980224,0.003128104237220095
980225,0.02700568418072826
980226,0.12968449474452742
980227,0.012011929762602049
980228,0.9999442925359794
980229,0.9255447400796424
980230,0.5088432294215443
980231,0.9627922109669437
980232,0.9999200249255425
980233,0.9928389355698528
980234,0.9977950241586506
980235,0.8667275381177433
980236,0.9999551799346897
980237,0.7284631817242004
980238,0.8053785606257036
980239,0.9999812571435871
980240,0.9995813043751767
980241,0.11917215261473488
980242,0.9988774076076001
980243,0.8775480910969266
980244,0.9992509447533352
980245,0.9999237996802095
980246,0.9999001421108119
980247,0.9928002646936518
980248,0.9988282972506504
980249,0.9825287648294452
980250,0.9496184754922183
980251,0.7949331938607098
980252,0.999979470786946
980253,0.3427366514841407
980254,0.9780937969641905
980255,0.07659790322559915
980256,0.11877223473230308
980257,0.3572527879665196
980258,0.9970217581842947
980259,0.09002287179997386
980260,0.07894806681870456
980261,0.9881823963144762
980262,0.9988546011133698
980263,0.8655553567173732
980264,0.45762761070177105
980265,0.9404675651192755
980266,0.00772539838390455
980267,0.964478720394071
980268,0.9729869256976182
980269,0.006731569465809542
980270,0.053479296814351755
980271,0.999929448384605
980272,0.12462010812933547
980273,0.26449600112899607
980274,0.5342176203091469
980275,0.2070169192294487
980276,0.9989148401199424
980277,0.9999806053625748
980278,0.9949825915852477
980279,0.501524472041492
980280,0.9496924338959745
980281,0.09139354652287965
980282,0.998676006967532
980283,0.3503940255178034
980284,0.9520598239170334
980285,0.9999831140860106
980286,0.9997567852146996
980287,0.04379622846089216
980288,0.9608574610905694
980289,0.5057149218251348
980290,0.9998839881630565
980291,0.7952034444938312
980292,0.9558642375539399
980293,0.2533212794278751
980294,0.02288371494783422
980295,0.998317622712646
980296,0.9832921322151551
980297,0.9991671743985415
980298,0.11055345876150213
980299,0.35365209571999623
980300,0.9958242863346757
980301,0.9961267007371519
980302,0.989774908016573
980303,0.999916332831343
980304,0.9999781603264987
980305,0.40629381056608993
980306,0.22578693264874405
980307,0.3731365170694916
980308,0.9979714866168894
980309,0.655684413681024
980310,0.31570578304784297
980311,0.9981361753699154
980312,0.6844673714236214
980313,0.9994237145849737
980314,0.9336685400383623
980315,0.9993467107374588
980316,0.9202497455719281
980317,0.06444113569149808
980318,0.9999355517396014
980319,0.9998690966387664
980320,0.999535125626849
980321,0.993112055260337
980322,0.5406009328317408
980323,0.9204580263264162
980324,0.35309447440710734
980325,0.9983746051052758
980326,0.3027704687140819
980327,0.9536732598866648
980328,0.9698510822403371
980329,0.9974843003415421
980330,0.4411275577076589
980331,0.51683083567497
980332,0.9999865292190966
980333,0.9999830312652473
980334,0.9999737052082571
980335,0.6224454570287266
980336,0.6050683169754119
980337,0.3211217398696293
980338,0.6775886471744343
980339,0.42501875190032457
980340,0.9230633659335472
980341,0.12491157964537658
980342,0.9999396398860523
980343,0.9999938533039054
980344,0.9997993145041568
980345,0.9393338642359337
980346,0.9995376237873907
980347,0.7956380861232921
980348,0.9997034049919076
980349,0.392873600421527
980350,0.9919923675860538
980351,0.948077004236577
980352,0.24148715629457385
980353,0.9998432865305922
980354,0.9761176252376287
980355,0.9984929627079322
980356,0.7672379441716741
980357,0.3942005763242087
980358,0.9995310680695171
980359,0.7400070108419022
980360,0.5890019484548792
980361,0.7912216489153565
980362,0.9999293817246431
980363,0.9996711932199074
980364,0.01646715565138991
980365,0.9988937166561779
980366,0.8879027603038918
980367,0.8236530091227319
980368,0.616098516828714
980369,0.9453099127387155
980370,0.016279274500310473
980371,0.9389503958138226
980372,0.9994981698064431
980373,0.999624413408165
980374,0.736051374517273
980375,0.0077967080299084
980376,0.2745359591591713
980377,0.0052738455225209155
980378,0.9999218496855018
980379,0.9786971518636334
980380,0.19756608931883982
980381,0.8514989183679116
980382,0.21454422994551467
980383,0.22687110510977287
980384,0.007327157746460089
980385,0.7262709812839736
980386,0.8945878111762446
980387,0.9999684206671666
980388,0.006586082174545799
980389,0.9469385181618755
980390,0.9282482654377673
980391,0.9998531030156105
980392,0.4352308477272783
980393,0.997894302235165
980394,0.20685902928857308
980395,0.999538193965028
980396,0.5044398846406767
980397,0.9999858607226266
980398,0.765904463626349
980399,0.9908263154037587
980400,0.9999802928753848
980401,0.7050455211020834
980402,0.9898177189725974
980403,0.9875330774629816
980404,0.6462652439503825
980405,0.9963153284523236
980406,0.08926772504774151
980407,0.9800551524656465
980408,0.6366163640400244
980409,0.6439436668176178
980410,0.9114843497435481
980411,0.130355461663347
980412,0.9147584798045516
980413,0.46931528260636624
980414,0.1494248734857009
980415,0.3161690112455232
980416,0.31299991815941036
980417,0.9997247898684876
980418,0.6889694816489653
980419,0.8575749730637084
980420,0.7837871885903587
980421,0.9990739244319805
980422,0.9988867509358129
980423,0.9957075791515387
980424,0.7867892376621917
980425,0.17783210078928496
980426,0.7242954756342739
980427,0.984675735978567
980428,0.9957450937061194
980429,0.012153218223083816
980430,0.9281960578888704
980431,0.9999893222523857
980432,0.9338978922605025
980433,0.9993496932637322
980434,0.7996191090483853
980435,0.13575583101002525
980436,0.9997627265378866
980437,0.605194856230503
980438,0.33423889003225593
980439,0.15890721666224963
980440,0.13894519986008755
980441,0.2922761919431747
980442,0.018657663233093542
980443,0.9994014156947356
980444,0.00994362418205297
980445,0.9938026555476147
980446,0.9236073287777411
980447,0.2708113817876254
980448,0.9827652665532218
980449,0.9980406391735895
980450,0.03605801955960791
980451,0.5260198777657549
980452,0.059087503825280996
980453,0.9522472873429453
980454,0.22776858570497088
980455,0.682200959395812
980456,0.01963302639921584
980457,0.7581655039317803
980458,0.9999518405559986
980459,0.15992876385218177
980460,0.5400439582090628
980461,0.9935347772024739
980462,0.9950869194484715
980463,0.37556536806163804
980464,0.999579416264111
980465,0.4145095268238205
980466,0.9382914876337263
980467,0.022648340818395712
980468,0.9993004518028452
980469,0.5147559176351
980470,0.99753113130689
980471,0.9573799488284767
980472,0.9718777533478025
980473,0.01628305964284789
980474,0.9995370479278345
980475,0.9925055231949277
980476,0.9975118211710602
980477,0.07102343866603161
980478,0.9922806068936747
980479,0.10594389048359347
980480,0.004116145105166028
980481,0.6856938188491128
980482,0.3577792196793616
980483,0.995744005041699
980484,0.8910673134306836
980485,0.5430639212592583
980486,0.9999282461587977
980487,0.4055185773120924
980488,0.9973126866603242
980489,0.9992481978068564
980490,0.9954705653211133
980491,0.8684108993631163
980492,0.7815057072696892
980493,0.9786047303104973
980494,0.27045911287237506
980495,0.9943191367761234
980496,0.9943866600298829
980497,0.8272643129664108
980498,0.6355547443852964
980499,0.9994488005996391
980500,0.3297158728530286
980501,0.9929176639042517
980502,0.99863479052107
980503,0.06139189135669826
980504,0.999905923972143
980505,0.593561766741596
980506,0.988419895168835
980507,0.9239765438469767
980508,0.039517077362698626
980509,0.8968435611835328
980510,0.4446161717715181
980511,0.6446468706728636
980512,0.23299006366707156
980513,0.9999855495463701
980514,0.8250808234959741
980515,0.9004745211300076
980516,0.02649517788191303
980517,0.9993889825823785
980518,0.9892770445130672
980519,0.9999405978732557
980520,0.9995966369500717
980521,0.1825894174975635
980522,0.4056054480741873
980523,0.9972501104659384
980524,0.9999245235417068
980525,0.8156648476191508
980526,0.9996915139302521
980527,0.6655355416289322
980528,0.04334792359586929
980529,0.9994454764997733
980530,0.9975508427656026
980531,0.9987610620715333
980532,0.9838481550884554
980533,0.7120954998298634
980534,0.9946126141862214
980535,0.9742020045562114
980536,0.9998717532187287
980537,0.9982977738761303
980538,0.9798162521498446
980539,0.9459486666017543
980540,0.9994880784401923
980541,0.8831060407302249
980542,0.5505859396314717
980543,0.013641752294513601
980544,0.9985868139916203
980545,0.4980798550703176
980546,0.9988591579572156
980547,0.28674723627160426
980548,0.952817678434746
980549,0.17114556744238402
980550,0.9999664070911658
980551,0.9870334801174553
980552,0.8415899319314954
980553,0.2949487925314021
980554,0.9997092658004452
980555,0.0946634908997504
980556,0.9474993052245225
980557,0.7196936967823717
980558,0.8643993074847371
980559,0.9995785535459984
980560,0.9630868054696043
980561,0.9993721356371383
980562,0.9936173909596809
980563,0.8383678638876344
980564,0.6646689388066951
980565,0.037449850157683554
980566,0.7266408049207401
980567,0.9994916319673421
980568,0.08339745543091687
980569,0.6520890264080097
980570,0.999727016235906
980571,0.9996097592477546
980572,0.9974909030797763
980573,0.0005982731618124993
980574,0.27994996200880234
980575,0.987337105500713
980576,0.9999876011165219
980577,0.4045139652994645
980578,0.007391196369945672
980579,0.17177252932494436
980580,0.4525754397972523
980581,0.9116741588878806
980582,0.48308484937706164
980583,0.9992930178967806
980584,0.9999654723095333
980585,0.5809059073280772
980586,0.5432187900439251
980587,0.9996938232629901
980588,0.5320185252667845
980589,0.9709757750038737
980590,0.5478110536626611
980591,0.9997681390907587
980592,0.9994510380276465
980593,0.2508617143193842
980594,0.019755336385383265
980595,0.2826995902786524
980596,0.6527897297408682
980597,0.975105641896777
980598,0.007323514306157913
980599,0.794297929295607
980600,0.006483823330860548
980601,0.7691064648950721
980602,0.999634365198925
980603,0.8895654749181667
980604,0.6629604813726141
980605,0.16030329882703265
980606,0.8898845474764976
980607,0.9996850669513924
980608,0.9999374829538965
980609,0.9992586063245013
980610,0.8343685582438576
980611,0.9998224274757117
980612,0.46863272744352147
980613,0.6251064812503152
980614,0.1588042396002869
980615,0.9997170342310644
980616,0.06656654792904945
980617,0.9882128803064547
980618,0.6287033122730601
980619,0.9997864530093616
980620,0.96268043005569
980621,0.7656044775927173
980622,0.9996202407212422
980623,0.9275930124551416
980624,0.9999744073321528
980625,0.9904281862172069
980626,0.9733274397969033
980627,0.9992761065910118
980628,0.08495803135909488
980629,0.022888269262481158
980630,0.9988122354798746
980631,0.9994724035842076
980632,0.8621051813503805
980633,0.9455873971974479
980634,0.25770119846385825
980635,0.3532532446301203
980636,0.27679338506239937
980637,0.998908630973012
980638,0.8969055102999409
980639,0.9965447685960229
980640,0.14761355588004943
980641,0.9956075758571168
980642,0.05194215390893496
980643,0.9999144709571236
980644,0.9992930515177638
980645,0.37590520604126576
980646,0.9984587855143372
980647,0.40214708821579337
980648,0.8792491493201464
980649,0.8456694260614904
980650,0.8696428560049684
980651,0.7874737542014233
980652,0.11264567236219346
980653,0.9528692239336436
980654,0.9911001014505503
980655,0.9963181287377177
980656,0.7471436042735775
980657,0.7928051171870505
980658,0.9398492662914543
980659,0.4454108732988623
980660,0.9999799236114434
980661,0.8168763262739751
980662,0.9913815639477663
980663,0.9994126083187613
980664,0.992144162183678
980665,0.5620515002079647
980666,0.9994592914828515
980667,0.5453361137175171
980668,0.7884142750042357
980669,0.9250341659969875
980670,0.9770088873484364
980671,0.9999065961968491
980672,0.016594332038807696
980673,0.9935851621930463
980674,0.9992552543255573
980675,0.5281133493555222
980676,0.9929277635982712
980677,0.5160821330111484
980678,0.5660062501997798
980679,0.9140210673691267
980680,0.8782285574223089
980681,0.022292331246117347
980682,0.9484558184413432
980683,0.9998820659529511
980684,0.9137163556652832
980685,0.9989427571791107
980686,0.8580864540010043
980687,0.7741591255133633
980688,0.9984107677582159
980689,0.5078808139584703
980690,0.9842765844403174
980691,0.9986306730160328
980692,0.9974791811423473
980693,0.9998177235041019
980694,0.9969277609521356
980695,0.999214152207409
980696,0.9595363307114324
980697,0.9983211456110415
980698,0.5845152948833517
980699,0.17739735756360475
980700,0.03599505560186177
980701,0.9933764893962989
980702,0.7006977772823977
980703,0.7318906239537698
980704,0.9962641313649107
980705,0.9907488125831807
980706,0.9745071859677372
980707,0.6291709449204678
980708,0.9986397030400103
980709,0.99770587174256
980710,0.11962692083052424
980711,0.9825998119354848
980712,0.7382297721770928
980713,0.8343157972130688
980714,0.9976918168517104
980715,0.0028459621803068598
980716,0.03731910541537073
980717,0.9969111507993229
980718,0.9981684004897959
980719,0.9986442890328067
980720,0.2047804218514156
980721,0.9999200080063402
980722,0.3590301905642924
980723,0.8164735495921905
980724,0.055668514940922856
980725,0.9937799797293301
980726,0.9999275321323412
980727,0.9702319877395987
980728,0.8164714895705644
980729,0.9974671533991074
980730,0.31385555640188
980731,0.984663340978856
980732,0.9994463386329151
980733,0.7575671553979201
980734,0.44154730069377546
980735,0.9270319259676663
980736,0.9998648384404709
980737,0.9956370096161467
980738,0.850547051680909
980739,0.5499954114037771
980740,0.9989714322796294
980741,0.9829557050593303
980742,0.9991897950987527
980743,0.1256839124728938
980744,0.4440329094845977
980745,0.9820429587127888
980746,0.827547192206239
980747,0.035359901493926336
980748,0.43983627518665785
980749,0.9989343215666118
980750,0.999883041054638
980751,0.07163292224539033
980752,0.14920275838024213
980753,0.08766446837766029
980754,0.9996923914577491
980755,0.9994729976528887
980756,0.6454930242073511
980757,0.8142732258380487
980758,0.9977760800265024
980759,0.9999735393999811
980760,0.9984129871687615
980761,0.05279979469350422
980762,0.8597432433716473
980763,0.25703169283049776
980764,0.04856371177255654
980765,0.19151798020083138
980766,0.11417597298527624
980767,0.9976189683331744
980768,0.9962976147870157
980769,0.9999125895627377
980770,0.999956367991042
980771,0.9999827958152305
980772,0.8324794714979611
980773,0.6649502626481366
980774,0.8465604120840704
980775,0.4542600310596506
980776,0.9493670796693209
980777,0.9118828266016217
980778,0.9998181772782526
980779,0.9234453541243977
980780,0.9996631876764996
980781,0.007412818225837124
980782,0.9981929443168633
980783,0.9814040190695931
980784,0.9961660604717557
980785,0.9850945425513685
980786,0.7966465642152004
980787,0.07493172150403418
980788,0.9993129172864589
980789,0.7243634002109496
980790,0.9997957042505587
980791,0.9776074930767139
980792,0.9976570333582206
980793,0.06946989551997797
980794,0.880028003314127
980795,0.6303802708281504
980796,0.9928016551499516
980797,0.012920316682086683
980798,0.9914805413946559
980799,0.9981545299210413
980800,0.9999521066225571
980801,0.94553606931141
980802,0.9998875610853979
980803,0.9689373205065113
980804,0.97606645699696
980805,0.9999589474362895
980806,0.388352295029513
980807,0.9995348018439177
980808,0.4751308194136882
980809,0.11990147071449822
980810,0.9993660115733225
980811,0.8787196487521927
980812,0.9990023709582361
980813,0.1734922360735899
980814,0.9934080046589713
980815,0.9999142759688211
980816,0.9989094448129652
980817,0.04311333506880497
980818,0.6552672522831597
980819,0.1744784148322159
980820,0.9984998370831846
980821,0.23365976978581354
980822,0.006459781180393673
980823,0.11938282389368508
980824,0.3657179697280395
980825,0.06754747868154533
980826,0.9998170096429608
980827,0.9869334099126932
980828,0.5277588775719488
980829,0.9999812693200221
980830,0.07281529801453933
980831,0.07292054363873958
980832,0.9910682895174198
980833,0.6364495334333111
980834,0.8481410999783864
980835,0.6369137454149523
980836,0.5754505103834361
980837,0.9970649697874499
980838,0.9961137249958749
980839,0.1771538201697675
980840,0.9956111134541862
980841,0.053164557338898466
980842,0.38553177277092493
980843,0.9990144748909724
980844,0.9981689693913558
980845,0.9998374505217797
980846,0.9992169326190091
980847,0.9997383099243055
980848,0.9999561346697132
980849,0.021983509115869826
980850,0.3798767148689458
980851,0.24546131281659261
980852,0.9956716988672825
980853,0.9708524680643547
980854,0.9998690256237579
980855,0.9997976101585522
980856,0.8575038781444464
980857,0.9993161056305817
980858,0.10806491797596982
980859,0.5647445127894437
980860,0.6691429797256017
980861,0.9997717434372937
980862,0.9998966937910851
980863,0.9997292146888888
980864,0.9998902148693611
980865,0.47002067758036936
980866,0.9999406449293204
980867,0.5312089027894088
980868,0.19990446348884772
980869,0.9994183925148468
980870,0.3877805250370835
980871,0.9996408386292824
980872,0.9993752360925517
980873,0.8026857217457948
980874,0.999964402202822
980875,0.12398121554206946
980876,0.9955043266773436
980877,0.040258512871851664
980878,0.9975698818143688
980879,0.8281832642195244
980880,0.9995424991797941
980881,0.1751878711894423
980882,0.7814201384350421
980883,0.999973404750599
980884,0.9838021726826341
980885,0.9999837927554874
980886,0.9999124054287463
980887,0.9926800898371362
980888,0.9999514531730682
980889,0.9987122444470972
980890,0.8778428761238094
980891,0.3628232061119132
980892,0.975196907345099
980893,0.2845704935244709
980894,0.9999763538621878
980895,0.0658952099149519
980896,0.7116316895838939
980897,0.3016711106199368
980898,0.002814908701237841
980899,0.3649610183556197
980900,0.9978547491076064
980901,0.9999820530243194
980902,0.2993871906862313
980903,0.6822279730378904
980904,0.045616299128265425
980905,0.0034849710732149947
980906,0.9999655258891884
980907,0.990509040583452
980908,0.6541413005101288
980909,0.2880982869632855
980910,0.7232627874659417
980911,0.9998801231862304
980912,0.9992846563226782
980913,0.21794380921976125
980914,0.49197649064032023
980915,0.9996802627648231
980916,0.002459607708508861
980917,0.9998568453253478
980918,0.8660217657392358
980919,0.17426876997529145
980920,0.9937373154280582
980921,0.027694650971425608
980922,0.16848952225618655
980923,0.9741250517686028
980924,0.895655111671674
980925,0.43372888450330377
980926,0.9998130104653883
980927,0.5081463532769632
980928,0.5694777614590023
980929,0.0556562122881049
980930,0.15703106943132777
980931,0.9948468804258864
980932,0.9362093428715702
980933,0.9934081191173938
980934,0.9754403536845431
980935,0.9998841523538844
980936,0.9999936193034931
980937,0.07230263630293213
980938,0.999014482139795
980939,0.8423463996747595
980940,0.907891185408936
980941,0.9996317995867188
980942,0.24154346014513606
980943,0.993699050895635
980944,0.9950598455753672
980945,0.9991242356090027
980946,0.9967920165699933
980947,0.9996402657544801
980948,0.8278135015504013
980949,0.999906071556567
980950,0.9834611281264178
980951,0.8316131207592237
980952,0.803457560747676
980953,0.5183322206368075
980954,0.03945517402516361
980955,0.9463752212739209
980956,0.9999564563318493
980957,0.5562662412053353
980958,0.9990533847247849
980959,0.10893618035826841
980960,0.4407161320702022
980961,0.010257732826139523
980962,0.07644957035538211
980963,0.8577057832044341
980964,0.07175869407764132
980965,0.9794555712381809
980966,0.9974104311372242
980967,0.9999706503334775
980968,0.9999209146564316
980969,0.5205652434526092
980970,0.9998238864462569
980971,0.9091572039635722
980972,0.7661145439734637
980973,0.7651515930128673
980974,0.9518475736922514
980975,0.07350191327440561
980976,0.999466174979653
980977,0.9998416047783129
980978,0.9997537935889937
980979,0.04759053461702083
980980,0.005096936369286983
980981,0.8651129419392307
980982,0.9998619860830429
980983,0.9974122708406599
980984,0.870875484870678
980985,0.9999305786580384
980986,0.05195813012711842
980987,0.19931061868409133
980988,0.24528620133904117
980989,0.9844862065831161
980990,0.9958100367296234
980991,0.9999665376593609
980992,0.39242520409587694
980993,0.013531677527563875
980994,0.9948116884298228
980995,0.7752239230336438
980996,0.57782898016458
980997,0.8857735656138588
980998,0.9999316825111901
980999,0.9999793032302429
981000,0.9998345791392597
981001,0.3462685028630813
981002,0.976312903126012
981003,0.5000092178768795
981004,0.5985482542299281
981005,0.9999350168603333
981006,0.9868026296748178
981007,0.9001634438124471
981008,0.7245085967855234
981009,0.16283444422586538
981010,0.9959319727333424
981011,0.9954510258730866
981012,0.9997664170342542
981013,0.4435645000068851
981014,0.490884600985817
981015,0.9973011808436285
981016,0.7971602690037551
981017,0.8653186810624707
981018,0.9985079774632969
981019,0.5311095651137018
981020,0.08674429991670798
981021,0.9796046144870174
981022,0.013622900568790347
981023,0.4251381510326344
981024,0.13937180880728667
981025,0.9999626248531515
981026,0.365595605055625
981027,0.8839396382346706
981028,0.2691580251648076
981029,0.9996541397691454
981030,0.9940325363307161
981031,0.009020478014438948
981032,0.9988466488986929
981033,0.9557326712137325
981034,0.1930398479751994
981035,0.9999754592832639
981036,0.8641165654363696
981037,0.8938998923758765
981038,0.010133180106810283
981039,0.9998561530033968
981040,0.083940844786677
981041,0.9885514300579471
981042,0.9925529562071607
981043,0.9739602115792512
981044,0.9995861604691441
981045,0.23418766921445996
981046,0.9944509450771084
981047,0.0038823897535857138
981048,0.22737247992445841
981049,0.15876237403413987
981050,0.8935821183249626
981051,0.002549110810372932
981052,0.9999354461586547
981053,0.9246965999920891
981054,0.9996654016629735
981055,0.9919802882195068
981056,0.9999387408662652
981057,0.5356258196337103
981058,0.031373280671831004
981059,0.9974011031919443
981060,0.9996761620893964
981061,0.7826567695948718
981062,0.8488720109251169
981063,0.999349282568502
981064,0.9998664973885567
981065,0.4229107501384378
981066,0.9025295480031399
981067,0.9948223534557132
981068,0.7983508651244762
981069,0.5049554451814419
981070,0.9999937683992227
981071,0.9996187304630098
981072,0.013473676990846001
981073,0.8224708605385691
981074,0.9999469979026687
981075,0.9205577271117685
981076,0.9981109248334681
981077,0.9998291355320652
981078,0.8427427067269764
981079,0.10414668039902786
981080,0.944869150285056
981081,0.9998188730227471
981082,0.8562965772045956
981083,0.975843034635862
981084,0.6828833492044566
981085,0.9990533380384847
981086,0.9683214621065717
981087,0.10357229898983777
981088,0.04413263323792625
981089,0.3854697881956723
981090,0.3429752724225254
981091,0.9493613211951941
981092,0.9401802697799375
981093,0.9999464879083826
981094,0.9998698100915507
981095,0.8272678715445062
981096,0.9996861704541671
981097,0.9826541689931398
981098,0.101332088175555
981099,0.9990239442927491
981100,0.06101548035671879
981101,0.9926874194798503
981102,0.6528105449616742
981103,0.9993149498582752
981104,0.019073690744066354
981105,0.9898348780041856
981106,0.999736036573733
981107,0.9440920098693205
981108,0.3572268460344984
981109,0.3326318502874416
981110,0.5161627950169758
981111,0.6297985425227881
981112,0.4246824739005586
981113,0.8929166029317872
981114,0.09071541030019173
981115,0.9999524206672099
981116,0.7128640111232037
981117,0.3377158789157114
981118,0.9998894053167353
981119,0.9931528207588762
981120,0.9941356886383491
981121,0.8384351800226916
981122,0.03752223594021399
981123,0.29504369184838
981124,0.2281778180717689
981125,0.9973460531448105
981126,0.1529690615586169
981127,0.9997761589806083
981128,0.9954687755435033
981129,0.9895200550505656
981130,0.9983392311412546
981131,0.9996253791874482
981132,0.09131102584424963
981133,0.9998249594280734
981134,0.6624933515475645
981135,0.08196856787903768
981136,0.9991846716717107
981137,0.9997874287002751
981138,0.9999703711116544
981139,0.15977216273459072
981140,0.9870514408407745
981141,0.2730299241869078
981142,0.29116127953876303
981143,0.9970403338312153
981144,0.9993631819186918
981145,0.9289496897777372
981146,0.9996043422728381
981147,0.18939911957730127
981148,0.18020898582466535
981149,0.6455772951966681
981150,0.978127287684833
981151,0.9997269878732771
981152,0.8084883818780217
981153,0.999804640993315
981154,0.12084049753478066
981155,0.9878505215493039
981156,0.6218291274750671
981157,0.07863135365153606
981158,0.9987021185251338
981159,0.03939221745144175
981160,0.5406065915944824
981161,0.6844980287645014
981162,0.6678347273046701
981163,0.9972757910550752
981164,0.9998093327833265
981165,0.8800042437558043
981166,0.9999328717239399
981167,0.6224603068241764
981168,0.8497584049419649
981169,0.9991568246214946
981170,0.9991186405124962
981171,0.5416097363020219
981172,0.023370853895504636
981173,0.10856199059195086
981174,0.8932897734245848
981175,0.9633240438568769
981176,0.07525614749732115
981177,0.9999757117787933
981178,0.9964491056464969
981179,0.9654010105852249
981180,0.9966614356748587
981181,0.4489650035319345
981182,0.007703179276600023
981183,0.02494443229233216
981184,0.8580794208824674
981185,0.9996945639352464
981186,0.015475191661482483
981187,0.3744943026970722
981188,0.3791683109376751
981189,0.9957780828870838
981190,0.05572920505111302
981191,0.9988747717632543
981192,0.9985486717549906
981193,0.2811018551685055
981194,0.1380550846602201
981195,0.023626342265598475
981196,0.3315112977045118
981197,0.999252823832804
981198,0.6532456578602541
981199,0.6131881701275882
981200,0.999021976910148
981201,0.9956298241301716
981202,0.9999552293705862
981203,0.41591087967263995
981204,0.9990747054026088
981205,0.98510402990553
981206,0.821808880014927
981207,0.0430992858017363
981208,0.9992633614612949
981209,0.995235200242057
981210,0.9998814608326672
981211,0.7102856748117763
981212,0.9992966274047915
981213,0.9718667588082816
981214,0.34614419298812643
981215,0.6433686336178857
981216,0.06878167490941593
981217,0.5478561770694643
981218,0.999333451504818
981219,0.9994544344554087
981220,0.05127943475291301
981221,0.08539280160404816
981222,0.9990680494141725
981223,0.9940519724236992
981224,0.02617106592956668
981225,0.4192926965458963
981226,0.9018073609578836
981227,0.06984731558260276
981228,0.7311103062456015
981229,0.05825321208606472
981230,0.9973645800013362
981231,0.5089156705108389
981232,0.5939572834201204
981233,0.9997779325650843
981234,0.3630870774173721
981235,0.6015780247575054
981236,0.9719747375467731
981237,0.9949305974440109
981238,0.0688753700272214
981239,0.013037326849626465
981240,0.5185990639987333
981241,0.5251013447922753
981242,0.9994090526401265
981243,0.9278377645365421
981244,0.996678133107544
981245,0.9972331726641108
981246,0.22162802778189306
981247,0.9997591135985818
981248,0.8421957986559876
981249,0.9999173610927942
981250,0.9550463192794139
981251,0.9938907352450477
981252,0.9997516589388873
981253,0.8944784952546494
981254,0.5750497030834839
981255,0.9977012637641026
981256,0.4557326588626599
981257,0.9422568186891546
981258,0.39051546244219504
981259,0.9996224495146455
981260,0.999896179072628
981261,0.9720430072138639
981262,0.8670376569283171
981263,0.15514068390626937
981264,0.9980629478418883
981265,0.8303034218534935
981266,0.9588961709181378
981267,0.9991516204368206
981268,0.9999198042245883
981269,0.9935740455701775
981270,0.13692954158754128
981271,0.9993939516406876
981272,0.5060462119160248
981273,0.8873457893599035
981274,0.9789625582130228
981275,0.7066691825514387
981276,0.47024041090775937
981277,0.1714354181429036
981278,0.9996335568763357
981279,0.9517234290642413
981280,0.797857869493855
981281,0.5531039404953524
981282,0.9834343729569535
981283,0.9998097417888183
981284,0.4392243789368184
981285,0.9996918978121292
981286,0.4895778840917663
981287,0.01325504073258329
981288,0.16293634070059665
981289,0.39677839936693293
981290,0.1278612064280653
981291,0.9792047392992063
981292,0.9997764768885324
981293,0.2847144773983042
981294,0.939506461347408
981295,0.9994848379186574
981296,0.9816563738374724
981297,0.32802575488430713
981298,0.13500228664511785
981299,0.9167188221102134
981300,0.9965368990905366
981301,0.3014118229679246
981302,0.9999009411154676
981303,0.707836363769884
981304,0.9999570437258569
981305,0.889297837627056
981306,0.023392522259125817
981307,0.9714311987180082
981308,0.36492069165633756
981309,0.9936622442878689
981310,0.7569624354065434
981311,0.7837512583425463
981312,0.999973000670149
981313,0.9907862940632656
981314,0.572219552958395
981315,0.9982950384745557
981316,0.8461083039481253
981317,0.9896514670426465
981318,0.9988495148073748
981319,0.2992003224232976
981320,0.999552116454868
981321,0.26142083733235577
981322,0.999853766164397
981323,0.9999789610179655
981324,0.9772484575728477
981325,0.9940893641754642
981326,0.9997388120751975
981327,0.47200095516798307
981328,0.9357052852973589
981329,0.9996825551933639
981330,0.706580394197953
981331,0.952364783867931
981332,0.9989351638651476
981333,0.997983401272635
981334,0.9999325134555981
981335,0.9945016395243564
981336,0.9996481299178923
981337,0.9997303948956198
981338,0.9960749116460098
981339,0.951954234661953
981340,0.9994636876062539
981341,0.9614653072150228
981342,0.018569453364768746
981343,0.2541080826037071
981344,0.9938041823639756
981345,0.9998769824011873
981346,0.9998622586219462
981347,0.9954713995156634
981348,0.9967145472740111
981349,0.9997344373320386
981350,0.9961538280137847
981351,0.30647785686120865
981352,0.9763228962791188
981353,0.6611677425776022
981354,0.6674922636674329
981355,0.8983310545935219
981356,0.9763669191666052
981357,0.9999838301784139
981358,0.823385608128954
981359,0.0653533822463305
981360,0.15601792028774308
981361,0.5506987915202567
981362,0.9995279892960331
981363,0.9993846770617596
981364,0.2079878903272964
981365,0.974317748674971
981366,0.9988039729961841
981367,0.9999117216401366
981368,0.19155121334423314
981369,0.9998997275616136
981370,0.9751248494926206
981371,0.999932866831125
981372,0.6001677463824161
981373,0.9941471502988511
981374,0.44321299946577597
981375,0.49362576631244687
981376,0.9758913026762863
981377,0.9558497114290335
981378,0.015667770719256367
981379,0.6039681841935363
981380,0.6289458371294919
981381,0.9997741509918634
981382,0.1392309903526242
981383,0.40589843535651293
981384,0.01432490951327342
981385,0.9924913927475661
981386,0.875615209111122
981387,0.9669525103244764
981388,0.9961474256584391
981389,0.05799174700627761
981390,0.013732731051771283
981391,0.0023246111611269398
981392,0.09593428681230579
981393,0.4747198910983616
981394,0.4326320088064769
981395,0.3953116528160008
981396,0.990933564843627
981397,0.9964209136467191
981398,0.8578250939749685
981399,0.5234660802802217
981400,0.5718102845733953
981401,0.5319792114952598
981402,0.005755075584542171
981403,0.9878895867328482
981404,0.9578238259020202
981405,0.16173358605342147
981406,0.9997297202421298
981407,0.37449016740946306
981408,0.8241834872101511
981409,0.9999747891931463
981410,0.8078583807896624
981411,0.055840807589358235
981412,0.9998904090871044
981413,0.9998463661543622
981414,0.9979323957753881
981415,0.999890882799219
981416,0.9988174574847853
981417,0.9998894588919536
981418,0.999407131097983
981419,0.5087052557862339
981420,0.999773344297064
981421,0.6142166898959415
981422,0.0233987406380943
981423,0.6500227860400078
981424,0.9964751320420373
981425,0.26773006879088435
981426,0.999881785213883
981427,0.778201827874066
981428,0.06398746028172649
981429,0.9994188959192588
981430,0.989872907896102
981431,0.9997354416177162
981432,0.9998524213789501
981433,0.5903296952401276
981434,0.3541641938976617
981435,0.07869880168310732
981436,0.9699455887040206
981437,0.9056540346836008
981438,0.6969615583913884
981439,0.434810751482359
981440,0.7791530440612208
981441,0.7626131544312179
981442,0.9993548560101274
981443,0.3038517239092583
981444,0.6096707929762535
981445,0.9998999301502964
981446,0.6924925079359354
981447,0.9951159182751297
981448,0.9970911207672126
981449,0.6960124500201643
981450,0.9996942904101837
981451,0.11451220936592695
981452,0.9999721375791406
981453,0.012080565133306182
981454,0.8222193408482972
981455,0.9985083492873101
981456,0.478402167391842
981457,0.04860000005368645
981458,0.7515620032307234
981459,0.9994849221367745
981460,0.8990883722269819
981461,0.2731233778887812
981462,0.8982982923762405
981463,0.4710185086838674
981464,0.9934245690742011
981465,0.9999217022384401
981466,0.9962160795432757
981467,0.9994499795946535
981468,0.7902132332427663
981469,0.47181904394284435
981470,0.3743247974939094
981471,0.9997413205501786
981472,0.045321658218856906
981473,0.826334686406663
981474,0.9528001467697008
981475,0.9988035222099604
981476,0.9585983756605335
981477,0.9349028066683405
981478,0.9998335180809763
981479,0.9999333937113692
981480,0.9736342663518657
981481,0.9997068214173243
981482,0.9065347650383093
981483,0.15517967635607924
981484,0.4502369524558415
981485,0.35906193084939875
981486,0.8606173447463212
981487,0.9849107598856844
981488,0.5445934980606135
981489,0.9301252115010843
981490,0.17480094467898327
981491,0.8354343971630274
981492,0.29712304958649294
981493,0.11171085753064698
981494,0.999839689145225
981495,0.9998181105551525
981496,0.9951878833131429
981497,0.8695065626774335
981498,0.025119344170881436
981499,0.9999780496533768
981500,0.9645510342420748
981501,0.9703407526410899
981502,0.5709863050127364
981503,0.8131052634037756
981504,0.02792704108081781
981505,0.336193759591046
981506,0.6231947828400317
981507,0.03475802807796123
981508,0.9999689475796103
981509,0.9993761061543884
981510,0.9998762980919379
981511,0.013313472779090493
981512,0.993472025290753
981513,0.10851161930642467
981514,0.11319670602662968
981515,0.76156059829395
981516,0.6678366904017643
981517,0.9636606614180303
981518,0.02958976799967456
981519,0.2846899026711301
981520,0.9999255891604426
981521,0.9996633053479638
981522,0.040799689852946165
981523,0.021781736510861863
981524,0.9999377809833834
981525,0.05353811826724114
981526,0.9998239383417968
981527,0.9901122915264132
981528,0.9998988250202563
981529,0.9999627482131745
981530,0.5856655245516877
981531,0.01565779031913718
981532,0.9940630274259457
981533,0.30115149482477827
981534,0.997548432526288
981535,0.9870381501799131
981536,0.9998659386504024
981537,0.9999452033884686
981538,0.8456940056149027
981539,0.3782484479032604
981540,0.9999303878808845
981541,0.6648132499875032
981542,0.5860411756476817
981543,0.6733290277777638
981544,0.7848216823970517
981545,0.9989066311287996
981546,0.9775736006445825
981547,0.9849127594982123
981548,0.9993604758626097
981549,0.8533057576808207
981550,0.9997483818744795
981551,0.8651620310338228
981552,0.9999864541453176
981553,0.8047682384324972
981554,0.9971855551876777
981555,0.9938674051517167
981556,0.991819120397384
981557,0.997128818498888
981558,0.7635500729046001
981559,0.9996434735163928
981560,0.9888028526462471
981561,0.9769942795886051
981562,0.254444006474018
981563,0.9628283741204751
981564,0.6947582413262621
981565,0.47078780957176813
981566,0.8978889517939084
981567,0.7345260421839548
981568,0.8134284271237217
981569,0.9974901873184567
981570,0.4557245873068587
981571,0.9996875273930307
981572,0.9999770362530034
981573,0.18716896420853835
981574,0.9999145216577467
981575,0.9884400480823399
981576,0.3361276162935343
981577,0.8464520837453451
981578,0.4639084220910099
981579,0.9609912405521885
981580,0.9961846124061791
981581,0.07472335840183264
981582,0.6226439779701236
981583,0.9704216648070778
981584,0.5540524410148778
981585,0.7051975624453384
981586,0.9627980281054058
981587,0.9996722337340472
981588,0.9172368214627706
981589,0.13449329849460784
981590,0.9642323466899816
981591,0.3272132114842521
981592,0.995753429687508
981593,0.9202823873787909
981594,0.6111824235057043
981595,0.03330693175209016
981596,0.9836459068725019
981597,0.9998036882279422
981598,0.9604142442347198
981599,0.06294358317348636
981600,0.9998787459924898
981601,0.999229105969526
981602,0.9926354394835
981603,0.0535117224288177
981604,0.9715932431567206
981605,0.9996626107528481
981606,0.371885712286473
981607,0.046471762200388546
981608,0.9942750079464364
981609,0.999707060156614
981610,0.9997275950106631
981611,0.932240874176611
981612,0.44070180242493806
981613,0.06722650889935554
981614,0.9998839610999709
981615,0.11811371805994453
981616,0.8290702812521622
981617,0.969725230340656
981618,0.9996760961669275
981619,0.7665078997666719
981620,0.9988780343095625
981621,0.9969435816361136
981622,0.10921361956350399
981623,0.7657757688449087
981624,0.10748514813260696
981625,0.3049199707136884
981626,0.0678164976069275
981627,0.9995969271999181
981628,0.8988555903377473
981629,0.9593092652924878
981630,0.8908894659695216
981631,0.6709978870944028
981632,0.7885142839673395
981633,0.24528657243042482
981634,0.1277267290451635
981635,0.9959197463865876
981636,0.4202391505224142
981637,0.970578043537585
981638,0.15571692085096542
981639,0.9832958287618024
981640,0.9401177090274575
981641,0.10443526101902231
981642,0.9998707243806577
981643,0.2995554476508795
981644,0.9917347409371162
981645,0.6205386782881928
981646,0.2577723251027097
981647,0.9999194038698815
981648,0.018043788257015275
981649,0.9999427048049976
981650,0.09315885260663456
981651,0.999415339037721
981652,0.8701391791075839
981653,0.9997790519159995
981654,0.9985013966149662
981655,0.9175625721506233
981656,0.8464755653124767
981657,0.4448419234419172
981658,0.9988855824835017
981659,0.9973897304843766
981660,0.18789091103607344
981661,0.9999617226819855
981662,0.8866690214795966
981663,0.9997147372088787
981664,0.9999502903719696
981665,0.436852424887627
981666,0.9995254163102397
981667,0.9998717576526412
981668,0.7177828837408196
981669,0.4025546478366921
981670,0.9855282051348089
981671,0.932054303845956
981672,0.9994730455199611
981673,0.9454885899251324
981674,0.5041931246599632
981675,0.3747462945993428
981676,0.9828673580905772
981677,0.9981495565069383
981678,0.9849001931870022
981679,0.1773496068205392
981680,0.9999285494450085
981681,0.9788452151880358
981682,0.9822698725524948
981683,0.9844248179116957
981684,0.03204925385604961
981685,0.9997943894496518
981686,0.9977404663151814
981687,0.9970516140563555
981688,0.03176542074197616
981689,0.9810306134210262
981690,0.7152334359553656
981691,0.025846393814604553
981692,0.9804520475113536
981693,0.6097083510600456
981694,0.9932584801049966
981695,0.6154681590292039
981696,0.9998747628664657
981697,0.1584340114170408
981698,0.999741186643959
981699,0.9999546990227419
981700,0.9993142783202857
981701,0.36344882089530406
981702,0.2913067157933473
981703,0.7015544144120036
981704,0.9960728599223846
981705,0.9268740163775495
981706,0.9922220597324378
981707,0.508011320103781
981708,0.9804952251915489
981709,0.9875616770811364
981710,0.999282218844858
981711,0.9969209851352879
981712,0.9998514079610497
981713,0.9998245555162562
981714,0.3540520190920197
981715,0.2625665141778749
981716,0.9793688440940906
981717,0.5928824860542817
981718,0.7461676918100851
981719,0.05916579747276193
981720,0.9995549094208857
981721,0.31277829700511806
981722,0.9997959393960388
981723,0.9843600719642583
981724,0.9994723036459463
981725,0.9972049733063896
981726,0.9998136495910052
981727,0.9890032678816048
981728,0.5291955973576574
981729,0.9963271919347991
981730,0.7383151918355302
981731,0.6400852975152839
981732,0.17859284449255128
981733,0.999978169833685
981734,0.6551068333541106
981735,0.9787928678239963
981736,0.9891872547347831
981737,0.9957338842931092
981738,0.9997666150699314
981739,0.8916323962983954
981740,0.8982031410401878
981741,0.841407555248808
981742,0.05535378243959797
981743,0.045404132973851936
981744,0.9726508548735676
981745,0.9999671133550759
981746,0.14736532284459805
981747,0.5818950387597492
981748,0.9964155991715371
981749,0.9690598599886726
981750,0.01631424062171296
981751,0.9997925789986699
981752,0.9996737790913406
981753,0.998633652201015
981754,0.9133828974747528
981755,0.7150577039215795
981756,0.016366953849877495
981757,0.21127681045716545
981758,0.999926218001072
981759,0.9924354020078299
981760,0.2806744280967838
981761,0.7063724457402049
981762,0.9928925910793213
981763,0.9997832076712585
981764,0.9996611519801409
981765,0.999872954597976
981766,0.07735984891129191
981767,0.7815553595194835
981768,0.9637986258241962
981769,0.9998663576783664
981770,0.3861816403202437
981771,0.9999680237300209
981772,0.018725756380744744
981773,0.999459529972547
981774,0.9976705736818363
981775,0.77220503227485
981776,0.9995199051546583
981777,0.11850507101581607
981778,0.3835842956430948
981779,0.9107781382510627
981780,0.9196870954911256
981781,0.6695755987013506
981782,0.9937848998295662
981783,0.23585890076339994
981784,0.9999512914802207
981785,0.6009937450342022
981786,0.2170196788931237
981787,0.999804172620796
981788,0.9999764112147196
981789,0.9934450577932299
981790,0.010972528397680873
981791,0.9998427727628441
981792,0.9995202919509283
981793,0.9978761282725265
981794,0.9997162451811974
981795,0.9820547691080179
981796,0.9970980304578649
981797,0.29407846335334203
981798,0.9979454462956835
981799,0.38360329479048977
981800,0.990556791183643
981801,0.8792475968981825
981802,0.9999223590704651
981803,0.18185698660823857
981804,0.4948592699133011
981805,0.9928219046418524
981806,0.44825579895699597
981807,0.006636247563898972
981808,0.9657641001784386
981809,0.8907042440646415
981810,0.9995755693667892
981811,0.4314469402349039
981812,0.4815246463788455
981813,0.2835564983049039
981814,0.9979709066231901
981815,0.9400892918646101
981816,0.9985262826957153
981817,0.08659164915046419
981818,0.8350222216197555
981819,0.9992254259732984
981820,0.6059057426296489
981821,0.7116983236910241
981822,0.9556251171051722
981823,0.08110008720363791
981824,0.4066043885187679
981825,0.9999823498210382
981826,0.5575852448530451
981827,0.05548275560681952
981828,0.42137657097901526
981829,0.5683054604108111
981830,0.998974904076902
981831,0.40351781957750144
981832,0.9996608558146032
981833,0.8428390281934506
981834,0.7070290361735465
981835,0.40326394049597886
981836,0.699697190506628
981837,0.3006031341294393
981838,0.9996891370165872
981839,0.9985431365518459
981840,0.45293840121663764
981841,0.33171587638417444
981842,0.9980487421278934
981843,0.9980414268481657
981844,0.9997633182518839
981845,0.9807409868598854
981846,0.9844933881838095
981847,0.1347692883588357
981848,0.9973895549516965
981849,0.32235819802788035
981850,0.9952773298778431
981851,0.9991348167488165
981852,0.999716081743698
981853,0.987436111046561
981854,0.9796136080748495
981855,0.9999030605057289
981856,0.9559017864389626
981857,0.9998072876678193
981858,0.870154108422408
981859,0.08136784060138877
981860,0.9936509172932834
981861,0.5086953558915953
981862,0.9999490068247066
981863,0.9982559893291932
981864,0.9886865575860806
981865,0.07927015661065506
981866,0.6557905224634017
981867,0.5441761621226318
981868,0.24759190372130124
981869,0.007970923038931488
981870,0.8914436434339217
981871,0.9247761712488487
981872,0.9960860623300491
981873,0.9986880867547032
981874,0.9126454406603843
981875,0.9933569018965905
981876,0.9960684595058359
981877,0.943859557386537
981878,0.9962466930349151
981879,0.3599693810735969
981880,0.27421779479411046
981881,0.5097614841649659
981882,0.9728331929540359
981883,0.1505623458610403
981884,0.9949079386789006
981885,0.24748744684601737
981886,0.9999563002520444
981887,0.9455117859940172
981888,0.7292538522170271
981889,0.06972419094925487
981890,0.9994303372250178
981891,0.8529880171037919
981892,0.7400108332599932
981893,0.9998389356361364
981894,0.9993827930763302
981895,0.999668482065983
981896,0.7035129759209084
981897,0.9992012365564137
981898,0.030473273626333335
981899,0.9999835664527534
981900,0.9984600169680203
981901,0.998791759911648
981902,0.9994610819707208
981903,0.008074925668736563
981904,0.5441353018703204
981905,0.9952288948552618
981906,0.9999816823776253
981907,0.9993928900109235
981908,0.7036650134755971
981909,0.9996215976727764
981910,0.9999093240892936
981911,0.9998246736039705
981912,0.9975606226892547
981913,0.9990311569917874
981914,0.5431561909052612
981915,0.8396254488885679
981916,0.999804746577209
981917,0.9965710433527131
981918,0.9990274257508689
981919,0.09109515480295358
981920,0.368056146294778
981921,0.995776378944792
981922,0.9967188051747605
981923,0.22530646408367966
981924,0.9616840960390663
981925,0.9998916226295936
981926,0.5973811237737745
981927,0.507979556593312
981928,0.08482113414429743
981929,0.9997517192359887
981930,0.030301043314263684
981931,0.9342783971713273
981932,0.9992259405650188
981933,0.9998217774509579
981934,0.9997222653403591
981935,0.4820414411260024
981936,0.9910560855477737
981937,0.28266037419826173
981938,0.9961778680028798
981939,0.6937306205414882
981940,0.13597751932531205
981941,0.9905157192750347
981942,0.1938771077979058
981943,0.9965237128504849
981944,0.9999475361805956
981945,0.09257006633926354
981946,0.05765033350537176
981947,0.8676901620019293
981948,0.9994901366522292
981949,0.14137437351585616
981950,0.9442421070392808
981951,0.9999765937267053
981952,0.9973602665583889
981953,0.5796293543864485
981954,0.6919868955880669
981955,0.9986978593079724
981956,0.2406969809340711
981957,0.9998386416694685
981958,0.9861088687992983
981959,0.9996569539301673
981960,0.1311205825104957
981961,0.4154208960788073
981962,0.6473949378123596
981963,0.9998227355825817
981964,0.6629078064532125
981965,0.9868259201307779
981966,0.3814233685769167
981967,0.05659430633760596
981968,0.16913819072368458
981969,0.032575334810170435
981970,0.011843788881562064
981971,0.7203230642062917
981972,0.007088040149804992
981973,0.9909341690057358
981974,0.9998738064629031
981975,0.9993239573050549
981976,0.48573416192803365
981977,0.6493438749376664
981978,0.9980402532406755
981979,0.3581852582157793
981980,0.11036704618491561
981981,0.9996688370511784
981982,0.024324125631471766
981983,0.9278166024758511
981984,0.9997355169140693
981985,0.9966064629094507
981986,0.9951121994169421
981987,0.7917854262680947
981988,0.9992741333423958
981989,0.9975143473129704
981990,0.7155674916109634
981991,0.14965871461332397
981992,0.8785731241719947
981993,0.9997476035045614
981994,0.983374500454123
981995,0.9999638040429701
981996,0.23759546659312863
981997,0.9999797297347757
981998,0.9996261997599842
981999,0.9999720457449214
982000,0.03793160109362066
982001,0.9997721633522318
982002,0.9988858028986978
982003,0.32567885016472786
982004,0.9899532364647614
982005,0.7750077005717306
982006,0.8920287258657351
982007,0.9998151679992212
982008,0.8659614317268236
982009,0.013272163103821103
982010,0.9999407203983705
982011,0.6256188286772018
982012,0.9577571432088671
982013,0.17999116016834754
982014,0.3474267758069489
982015,0.31551455499568304
982016,0.9378434304031709
982017,0.9999207369615313
982018,0.05988958928199953
982019,0.9984410077842982
982020,0.9994134192243297
982021,0.8948783170336758
982022,0.9202152292708533
982023,0.18057044231259362
982024,0.9980142431703781
982025,0.9990682274597344
982026,0.547264137232899
982027,0.9913679948474803
982028,0.9533430850431919
982029,0.9841820558604095
982030,0.3049902028133964
982031,0.896304624398099
982032,0.7465562341032377
982033,0.9981471294506685
982034,0.8039144508293254
982035,0.967530357794661
982036,0.07177526017002146
982037,0.9011330244346252
982038,0.662822926793431
982039,0.9996380791563325
982040,0.9998016518412245
982041,0.9997525219113134
982042,0.13864688331813824
982043,0.9106579164667465
982044,0.9944919768422463
982045,0.8173377582139496
982046,0.9998959507677649
982047,0.9676250043794671
982048,0.005054108407939779
982049,0.9999009781273802
982050,0.056553640814823676
982051,0.9994356327341904
982052,0.1115533627756958
982053,0.592447383398608
982054,0.5733546545689914
982055,0.9997317120502598
982056,0.9998217136301514
982057,0.998975988784696
982058,0.012722676031151108
982059,0.9994224555600273
982060,0.9112582403596956
982061,0.6724157285088419
982062,0.1638923049071894
982063,0.9909788916530288
982064,0.9411181778041384
982065,0.07242123817023725
982066,0.6817196250826032
982067,0.8402248869412359
982068,0.9893275363688709
982069,0.032563056355640406
982070,0.9979825218287492
982071,0.9999670982344695
982072,0.456659744503528
982073,0.9982194679554223
982074,0.9927073851531192
982075,0.5161945402841316
982076,0.9709179345133823
982077,0.40792105389076927
982078,0.7638392861662121
982079,0.9982500855575351
982080,0.9994309474532279
982081,0.9988846933073988
982082,0.9704658624120506
982083,0.9877672165478464
982084,0.9997064429791742
982085,0.9778537094758344
982086,0.021308473865366412
982087,0.19448058773741705
982088,0.6115076645472907
982089,0.9848335427649054
982090,0.9998459452023609
982091,0.9999872125688792
982092,0.9999780374785541
982093,0.9996294789040259
982094,0.5867662629294436
982095,0.9169099806709202
982096,0.8218917985493143
982097,0.9985581543598456
982098,0.9996597223454567
982099,0.8574016846155107
982100,0.8812527671141264
982101,0.274394012883719
982102,0.929213286070895
982103,0.6919360319760575
982104,0.9920729955425212
982105,0.540474959519753
982106,0.9999826996967096
982107,0.9996221984430866
982108,0.03752705631921297
982109,0.9754886682226436
982110,0.8964173090642695
982111,0.010275448954492119
982112,0.797138220417793
982113,0.7781020500887148
982114,0.9996971118855096
982115,0.8045383972618327
982116,0.9990542154844135
982117,0.9839609336162762
982118,0.020063834908477036
982119,0.016132076510534506
982120,0.04707433328361248
982121,0.9999591120516799
982122,0.999740314203246
982123,0.9990309233408087
982124,0.9864268086666161
982125,0.7721798380325562
982126,0.9997265883257167
982127,0.15610126948356048
982128,0.9984722249357413
982129,0.9990053461693686
982130,0.9912139899776592
982131,0.3822530898430361
982132,0.9771925727582975
982133,0.3083285201541306
982134,0.9352750182746604
982135,0.9274002268607797
982136,0.7769466229761819
982137,0.9347217580304232
982138,0.43989303036211885
982139,0.9999339877584875
982140,0.5574380906042335
982141,0.9996591810466017
982142,0.9076932307616201
982143,0.9997028252492093
982144,0.5604932912184016
982145,0.9987608065016411
982146,0.013639833362182281
982147,0.9997439331420515
982148,0.11041276959801379
982149,0.1731690251602756
982150,0.9997165917356646
982151,0.9998145198273914
982152,0.03661316235600716
982153,0.6738747232252464
982154,0.9900660313674359
982155,0.05791754496965344
982156,0.9551193071041367
982157,0.010409951935157834
982158,0.15809206803639456
982159,0.9999705005853003
982160,0.9998450946800485
982161,0.9167788234767891
982162,0.08772839818301494
982163,0.9963109590534693
982164,0.9186175543129385
982165,0.030005106647028955
982166,0.02843997668018017
982167,0.9998187670825938
982168,0.9995774322460229
982169,0.9822858942763439
982170,0.07068004534700859
982171,0.05449591628588034
982172,0.9999527247805717
982173,0.9995642214922984
982174,0.8609607191764727
982175,0.978267722467677
982176,0.9991300091247045
982177,0.4014859135931024
982178,0.9999859354846352
982179,0.9671907677633749
982180,0.934806691623888
982181,0.06270196552196397
982182,0.9297552219017429
982183,0.9763152731954857
982184,0.13813122335768993
982185,0.9983465120336221
982186,0.8428943702786498
982187,0.4211789114911698
982188,0.17294762385912116
982189,0.5370386954047485
982190,0.6561481445424513
982191,0.999704828315743
982192,0.9949618440941319
982193,0.9205812810842833
982194,0.007366984109824242
982195,0.5447948620824224
982196,0.998121708463514
982197,0.9577883289186895
982198,0.1411419181422996
982199,0.6621824148721712
982200,0.07680425737553342
982201,0.6266951308369506
982202,0.9997574737805859
982203,0.9968184150743848
982204,0.9661796535195897
982205,0.8373563977522944
982206,0.8349244624851843
982207,0.997373502424558
982208,0.9861394739440169
982209,0.10049594280795666
982210,0.9992300032781396
982211,0.28060720893274266
982212,0.9999843721340768
982213,0.9995642073466063
982214,0.9368941664730737
982215,0.999792850191566
982216,0.9913316093729525
982217,0.8074021351860976
982218,0.9999349982714761
982219,0.022392154538329136
982220,0.852613991535818
982221,0.06323654312513632
982222,0.8334355384362253
982223,0.012488832118086074
982224,0.5792564300798952
982225,0.9998332648691677
982226,0.9999487100799647
982227,0.9969975533987318
982228,0.7151319287745062
982229,0.9999845334061435
982230,0.09682398106574763
982231,0.9997620750088138
982232,0.9570940568404575
982233,0.9996083389764241
982234,0.4316211944787014
982235,0.4391187969766994
982236,0.9907962999662996
982237,0.9999794369256911
982238,0.948203720297725
982239,0.3023555090812534
982240,0.9980592711564311
982241,0.6504035811153683
982242,0.277045840114624
982243,0.9999430208054741
982244,0.9990765377838914
982245,0.997772585763401
982246,0.40020840091008764
982247,0.6585496278851324
982248,0.7646976140480801
982249,0.7770440881426406
982250,0.4444179811855937
982251,0.21965742251721238
982252,0.9993484986812512
982253,0.9998868739340329
982254,0.8155398540685244
982255,0.29471053123227653
982256,0.9996573838236444
982257,0.9903025285768671
982258,0.025483776981698583
982259,0.9999789887711941
982260,0.946679384059403
982261,0.9668142202547156
982262,0.9915057160238533
982263,0.25971193113332064
982264,0.9905476887800773
982265,0.0518042748875988
982266,0.9863754983400492
982267,0.6302409038518477
982268,0.039084083074086645
982269,0.9999239576171179
982270,0.4056312215007688
982271,0.9996706803460271
982272,0.9286637617141862
982273,0.8078070567441202
982274,0.9995834357753617
982275,0.9225811721578003
982276,0.007369365312553187
982277,0.6665880922580987
982278,0.9368010193980337
982279,0.9995447360058551
982280,0.9532705461668671
982281,0.7528263535938302
982282,0.6467238546119949
982283,0.5419449335479073
982284,0.9834067915286699
982285,0.16629808913455618
982286,0.5239637397459668
982287,0.47235867018256406
982288,0.36811246881473925
982289,0.9480658821677179
982290,0.8509281269130524
982291,0.9837862835117355
982292,0.8890019500408535
982293,0.8432908495708288
982294,0.9936984136075764
982295,0.963753119736572
982296,0.9846681173613964
982297,0.9999787398571105
982298,0.3158712951190163
982299,0.10899121412911504
982300,0.9994913607042093
982301,0.5247747222002432
982302,0.6660701670771407
982303,0.6811193004776419
982304,0.9992318143823646
982305,0.9984334332980339
982306,0.7636096259588583
982307,0.9999752855429949
982308,0.9981205462105871
982309,0.1829855079891072
982310,0.4276024329748753
982311,0.9059131675313621
982312,0.9985447887971804
982313,0.2344204671446987
982314,0.9815115501455767
982315,0.9803626687557585
982316,0.03141899007105306
982317,0.30295524770536114
982318,0.9984405232864829
982319,0.29490452685237756
982320,0.6147991835322546
982321,0.9993841889336965
982322,0.5487100076351092
982323,0.9996802091111088
982324,0.09327518160559253
982325,0.8253075457483519
982326,0.9986274547417923
982327,0.9783785255192452
982328,0.8818790243028098
982329,0.8483268928289364
982330,0.1298067607055639
982331,0.9983101231292298
982332,0.5805285801597456
982333,0.1173739327368069
982334,0.9997255501798141
982335,0.999303856746172
982336,0.056915458142412625
982337,0.9987193123512829
982338,0.9902108227152613
982339,0.9996373485905218
982340,0.49516073184457643
982341,0.9994932399744489
982342,0.9999277054945443
982343,0.9987134789253598
982344,0.999211627011696
982345,0.9998401491200123
982346,0.11754304024616621
982347,0.019175760074001704
982348,0.9997301145494106
982349,0.9973565021335127
982350,0.9424541838586521
982351,0.34547175628313104
982352,0.32425236405065394
982353,0.9917925103374174
982354,0.9186872944005404
982355,0.9999149524954094
982356,0.6266473665814505
982357,0.7741723673280912
982358,0.8673301109640977
982359,0.010018740032006895
982360,0.35733614999585195
982361,0.9834079181351306
982362,0.18057344596721875
982363,0.9996256624261108
982364,0.36864897307655914
982365,0.5700872068423208
982366,0.6792228191836472
982367,0.015548550677846417
982368,0.9998853504662621
982369,0.9929182633607612
982370,0.9999186591248896
982371,0.9981205379884392
982372,0.9999921009747746
982373,0.9730085575855537
982374,0.9985621266483208
982375,0.802315802340884
982376,0.9616340514284079
982377,0.18011413007589588
982378,0.8880532740107097
982379,0.9999006959221421
982380,0.9988295085283705
982381,0.011048756414353118
982382,0.767414489829339
982383,0.9995040634375311
982384,0.9998581308134442
982385,0.24546782749985507
982386,0.9968910327457764
982387,0.9999813770839255
982388,0.32921063265680195
982389,0.919095309489018
982390,0.7667780007332478
982391,0.9999505911387445
982392,0.01677207380209865
982393,0.9999252309714604
982394,0.9703266257975318
982395,0.11934717681948037
982396,0.03930299704441665
982397,0.6773649752418291
982398,0.999497979061571
982399,0.7851885545654118
982400,0.7076601738875123
982401,0.5133770877701509
982402,0.013381580789660896
982403,0.12147835841242208
982404,0.029546461093962
982405,0.9206500701481436
982406,0.9999896563840307
982407,0.320848920391136
982408,0.8929291878064545
982409,0.4764439047771582
982410,0.9997468088540228
982411,0.9990436205573543
982412,0.9602667145308414
982413,0.9747834955087673
982414,0.38694241508681615
982415,0.22670423019846095
982416,0.9995066648042374
982417,0.9986811293356288
982418,0.9946067392659839
982419,0.9997523310867621
982420,0.581914897641183
982421,0.999451842263556
982422,0.9996592255428464
982423,0.9966789004059704
982424,0.5964146824846263
982425,0.999985486845046
982426,0.8039512752219529
982427,0.9993060644816836
982428,0.9721327383157581
982429,0.0141825333789091
982430,0.9994251019519073
982431,0.1271059709506303
982432,0.9887825039943257
982433,0.02494558818361894
982434,0.30395328850610154
982435,0.3941650198260973
982436,0.14681510849669407
982437,0.14541486338451073
982438,0.9992758218197517
982439,0.007500669740619406
982440,0.5998939750104905
982441,0.9833998534082653
982442,0.1229978990007943
982443,0.1765681606023768
982444,0.9999856963498732
982445,0.997954608302844
982446,0.9999832655354826
982447,0.9945092889978813
982448,0.9962092916125721
982449,0.1651091999157541
982450,0.9999833725977292
982451,0.9695298668449693
982452,0.9988189144014401
982453,0.9993277634655542
982454,0.9999651228556674
982455,0.9996122466222916
982456,0.9975345634124921
982457,0.8376309645247161
982458,0.9996414609334832
982459,0.9997613345886904
982460,0.0387660095184289
982461,0.017230292631634527
982462,0.9996044987941582
982463,0.9992713614804729
982464,0.18702093473192696
982465,0.7948837971450484
982466,0.6722532513987158
982467,0.26907881321752103
982468,0.9999892248641099
982469,0.5212910851263006
982470,0.995566217300535
982471,0.9998718472894732
982472,0.9964818038771346
982473,0.9999413948263334
982474,0.9944972430130803
982475,0.6856739649343085
982476,0.9590962285226559
982477,0.8093344908167082
982478,0.999977550206286
982479,0.9637700011638666
982480,0.022277954500910174
982481,0.02519831232787638
982482,0.7837549789152236
982483,0.9924789078021108
982484,0.9981826694215503
982485,0.18552416516724404
982486,0.9060765992343894
982487,0.012067690021124917
982488,0.9925680041922018
982489,0.9444829914833838
982490,0.40943420858135704
982491,0.017437006876033067
982492,0.8035274298916155
982493,0.17204757187639885
982494,0.833284708266463
982495,0.9998704559079421
982496,0.9717341553569754
982497,0.9972810853138376
982498,0.9998735322872239
982499,0.943267243500709
982500,0.4121222240908856
982501,0.10828076362019942
982502,0.9999878780195315
982503,0.15989388173678964
982504,0.9995234962876915
982505,0.19166497229042
982506,0.9995175446876485
982507,0.020981151168871434
982508,0.6567834368368681
982509,0.9495795712491875
982510,0.9982067093133036
982511,0.47613535763488046
982512,0.9998583404022123
982513,0.9993425022131435
982514,0.7898716673182358
982515,0.6163235462050414
982516,0.9999483470134869
982517,0.6646541443239341
982518,0.9320632636094585
982519,0.6751333770652236
982520,0.9999306745841701
982521,0.008315033914325327
982522,0.05137366573817503
982523,0.008175936190873936
982524,0.4267931470135098
982525,0.770195365789066
982526,0.07818344652793506
982527,0.9805103293054485
982528,0.9254312066313253
982529,0.8012837623430256
982530,0.9942823495105808
982531,0.9995613103227738
982532,0.034377254442585777
982533,0.06457464200673982
982534,0.74919591173878
982535,0.8967091912950991
982536,0.9998715643917365
982537,0.9980317623155776
982538,0.0025045654637706662
982539,0.9999894321369804
982540,0.006379868903293215
982541,0.27624946563821795
982542,0.49243957031537067
982543,0.8975616699888905
982544,0.357310950038885
982545,0.9823815255311424
982546,0.9999417935697461
982547,0.037606910638937494
982548,0.9999237423288528
982549,0.9798077419993774
982550,0.9999831914497577
982551,0.9996973965702145
982552,0.9864170589490293
982553,0.9214056067654746
982554,0.9928824683041534
982555,0.9833944762799892
982556,0.9997628105234976
982557,0.023017683098304667
982558,0.9985090654066824
982559,0.5226203716288012
982560,0.9443611840561033
982561,0.8644454198108162
982562,0.9964270569585083
982563,0.08253406719178649
982564,0.9854328945125912
982565,0.1796706824929279
982566,0.22154114027539268
982567,0.0034353859373568657
982568,0.16759242217594641
982569,0.9999075213757547
982570,0.9999820149604566
982571,0.722573496242013
982572,0.08114801746918411
982573,0.12408042188532231
982574,0.9742024385403537
982575,0.9965043827903424
982576,0.9835008995917491
982577,0.9999864064818365
982578,0.9611771112785903
982579,0.9962672212855346
982580,0.9998513623345675
982581,0.9998637120589647
982582,0.6827292524436609
982583,0.2919870828453164
982584,0.9999867763417118
982585,0.9999746720536886
982586,0.8900303003798788
982587,0.18095075522818563
982588,0.9995744987531631
982589,0.9563362599716669
982590,0.9978169958430589
982591,0.9982599790380975
982592,0.674237077579094
982593,0.9942414254193391
982594,0.9998272157790109
982595,0.0652339353522371
982596,0.019850806077139828
982597,0.9993520399635216
982598,0.9813516607966195
982599,0.941251592421886
982600,0.9937378353563158
982601,0.9971167696384486
982602,0.8034636908318229
982603,0.9955962174955957
982604,0.5399740323492557
982605,0.9995179953448798
982606,0.00863527252411967
982607,0.005883173712418106
982608,0.9999926696590069
982609,0.998950424416087
982610,0.10626608083079121
982611,0.9937093813942663
982612,0.06883571500365405
982613,0.9377066429199739
982614,0.7158226691708114
982615,0.6151650737781169
982616,0.9994137499571217
982617,0.04962538577853061
982618,0.9879408944646687
982619,0.999779366812365
982620,0.9950473584992063
982621,0.41221325932981145
982622,0.9613957048389136
982623,0.9619535497215526
982624,0.024828280383636193
982625,0.9997666839733007
982626,0.9998946147742022
982627,0.5597422986519042
982628,0.9997886644420543
982629,0.843631247407931
982630,0.6202203740020441
982631,0.9513747561587622
982632,0.08234756530133336
982633,0.9938411231111544
982634,0.9994475814351276
982635,0.9420100021561475
982636,0.9999911085117729
982637,0.9998685285806383
982638,0.9514521154026574
982639,0.9934540072831155
982640,0.9998869934321661
982641,0.7153619070369323
982642,0.20888881374553647
982643,0.02841307904713687
982644,0.7266080633348326
982645,0.6267365740375913
982646,0.8306545648287836
982647,0.9244259860087307
982648,0.9147956667024901
982649,0.19547065243905193
982650,0.033778910925643
982651,0.9996583707326354
982652,0.9738546982380268
982653,0.7995551727686401
982654,0.9998311446328193
982655,0.9715665541822645
982656,0.9975855205913335
982657,0.1592506596987393
982658,0.24019855591115308
982659,0.9998479263108639
982660,0.167316712179912
982661,0.029967511783920497
982662,0.985617238618772
982663,0.6813777526394957
982664,0.9951934933151372
982665,0.9946481782772899
982666,0.9873806627749349
982667,0.6241995703855348
982668,0.8682921286468437
982669,0.9997933453459833
982670,0.9996377368568239
982671,0.7011420254527259
982672,0.9977257719171831
982673,0.9998377754254815
982674,0.9310129740970955
982675,0.9974099696222894
982676,0.9998508630258369
982677,0.998546638759997
982678,0.008816897678297358
982679,0.7349233374525239
982680,0.9998466975267482
982681,0.9999564245128133
982682,0.9303558183482329
982683,0.9781280975047534
982684,0.05925165072879972
982685,0.9991136808956349
982686,0.9987865987842013
982687,0.8594116299969352
982688,0.9998137868764221
982689,0.5336474426557271
982690,0.625309749649278
982691,0.9936609425908793
982692,0.30330363597558907
982693,0.9971156812099642
982694,0.9946678010402349
982695,0.21305877577956617
982696,0.9985121939501314
982697,0.9783371632511231
982698,0.9945786125886462
982699,0.9613936916713796
982700,0.9997034959765954
982701,0.9495711217171621
982702,0.9999111828223745
982703,0.9996421555791355
982704,0.9895721793925623
982705,0.9542244923107266
982706,0.8544438146372543
982707,0.91439034141997
982708,0.0957291725309023
982709,0.28347372406378685
982710,0.9780614258368221
982711,0.9999382466947522
982712,0.6381111319826376
982713,0.06966870844897005
982714,0.6339014247497676
982715,0.48770023955583847
982716,0.9997643955198796
982717,0.9156643813665414
982718,0.9998424318379667
982719,0.9961217453378097
982720,0.8030815735705537
982721,0.9995843106047575
982722,0.4895142994931039
982723,0.9999194444692558
982724,0.35652320713880203
982725,0.9925590797937407
982726,0.9995215561859067
982727,0.9999041081787055
982728,0.9998470245934699
982729,0.9411156087124769
982730,0.9828311937645571
982731,0.9994371163539573
982732,0.999925148664286
982733,0.996429738689367
982734,0.9892572015919419
982735,0.9129178953358007
982736,0.9996791427288115
982737,0.9440482262633778
982738,0.22999034980473787
982739,0.01783909907895722
982740,0.1604171250125251
982741,0.9983009212240018
982742,0.9983322830009205
982743,0.9367129686542193
982744,0.940370410588172
982745,0.9983596240927062
982746,0.027652810746342446
982747,0.10085641235623877
982748,0.9991242970088203
982749,0.9997062569087654
982750,0.005429302459865282
982751,0.41910387794499787
982752,0.999873322575185
982753,0.9998158626850416
982754,0.9729901969858537
982755,0.09073674646586347
982756,0.9979295621044544
982757,0.9752608456625642
982758,0.9999196144361501
982759,0.9994537918194895
982760,0.9881687968587136
982761,0.997968392809012
982762,0.9971994266725797
982763,0.9886571831359452
982764,0.13190526804341995
982765,0.9943076675959015
982766,0.5468197573364502
982767,0.9433064397360564
982768,0.998384295735212
982769,0.99981964793898
982770,0.9998484947822226
982771,0.9993892001540252
982772,0.12505292782598842
982773,0.9996830007801961
982774,0.9998046670705871
982775,0.9998422784980693
982776,0.9967349198051795
982777,0.027272151006741303
982778,0.3379055082467207
982779,0.9880306835856132
982780,0.7435559330503951
982781,0.33661172909499215
982782,0.6483674393207717
982783,0.9999572816133716
982784,0.24659621444437882
982785,0.9973184291632349
982786,0.9999759805833132
982787,0.9749590928344986
982788,0.7069677397235061
982789,0.9536187270251582
982790,0.4206763988603749
982791,0.9999341900317636
982792,0.0023301256203389744
982793,0.9853350166453796
982794,0.9936707571550457
982795,0.005784450798029242
982796,0.9999746973941843
982797,0.8339183073596679
982798,0.8561334433163827
982799,0.9993690459088875
982800,0.5986974372709096
982801,0.9997310666976026
982802,0.9976671838959359
982803,0.7705484216854854
982804,0.9983120409887962
982805,0.9952724789579677
982806,0.9831860345315668
982807,0.9995343348451587
982808,0.9201990508546984
982809,0.9800206718876172
982810,0.9999765601204892
982811,0.9422360537581858
982812,0.8979098805415595
982813,0.9989877826787923
982814,0.03920941297468314
982815,0.004208753734146433
982816,0.9975377603036747
982817,0.9999881850633459
982818,0.9992694597661319
982819,0.9958253369783983
982820,0.9908392099429308
982821,0.05419617191399574
982822,0.9997361706868686
982823,0.9933876677622966
982824,0.9799688130461488
982825,0.9918833062082143
982826,0.5314855349658497
982827,0.9994654477487734
982828,0.9995729044350412
982829,0.9648685733508118
982830,0.6284892914754365
982831,0.7697213606662238
982832,0.9985893737966294
982833,0.9999019475823885
982834,0.9999539253088312
982835,0.9999515833149448
982836,0.5828636988981665
982837,0.06543236984958502
982838,0.8060924363224368
982839,0.46438094321098966
982840,0.7599606755584465
982841,0.9986989526167762
982842,0.10429159730616455
982843,0.9739720144437227
982844,0.06819225848908977
982845,0.9994353594539944
982846,0.7304036183535916
982847,0.9464021298892875
982848,0.7304247092598776
982849,0.9952759179125661
982850,0.9999074176858241
982851,0.9999729375844733
982852,0.9998943240558804
982853,0.9999404617403826
982854,0.9966133318279278
982855,0.2861131367144917
982856,0.9785715533824055
982857,0.7110795214119061
982858,0.7261212414999525
982859,0.5867576465128913
982860,0.9998298837054986
982861,0.9620329001788426
982862,0.9174769010889667
982863,0.999252336478345
982864,0.0681145137009995
982865,0.9961071644295919
982866,0.9084436123298986
982867,0.7007366678952351
982868,0.7839754937702177
982869,0.9966198938979061
982870,0.9911552196059459
982871,0.9996726586977278
982872,0.998827081113802
982873,0.999710817532972
982874,0.13828644936532627
982875,0.2819402767099647
982876,0.8392857177173139
982877,0.3824407503997263
982878,0.9997435789684489
982879,0.5695267192817285
982880,0.9996789285657331
982881,0.026893334502438693
982882,0.9062394210690714
982883,0.9998090523727854
982884,0.4521501600321236
982885,0.8500377173184188
982886,0.017001105089476942
982887,0.9794611546013913
982888,0.9906191898962331
982889,0.9692966620544323
982890,0.025407794934678308
982891,0.6513257502453156
982892,0.9996711996719083
982893,0.5826985830081224
982894,0.9845730739335571
982895,0.2368098547096602
982896,0.03931574861449329
982897,0.2324879753448879
982898,0.5231408427013713
982899,0.0736160824119274
982900,0.44550869728356657
982901,0.9027631093022412
982902,0.7562254630873534
982903,0.9988512057330131
982904,0.9992953168018148
982905,0.6060603401096866
982906,0.8415851077112886
982907,0.6332163407459309
982908,0.9907800653685288
982909,0.9998440281100619
982910,0.9569118602302726
982911,0.6177882292647847
982912,0.9997909423371218
982913,0.9998618643791553
982914,0.9262796447066772
982915,0.9999600785710807
982916,0.6056478823645579
982917,0.9847293584471066
982918,0.041913012791884086
982919,0.9943874088983122
982920,0.044032207503119584
982921,0.10749684813893996
982922,0.6524567864420061
982923,0.10215108582892311
982924,0.9978684197050223
982925,0.99928678051976
982926,0.9957348024014598
982927,0.8060225660974378
982928,0.4307356532332247
982929,0.7790884367877688
982930,0.9999348203654816
982931,0.9268868432572163
982932,0.9991677499024966
982933,0.950386760237342
982934,0.016035909496211115
982935,0.2803692162034558
982936,0.9529711206654219
982937,0.9999285236278428
982938,0.41223742972062516
982939,0.9984251694392277
982940,0.5400550673999046
982941,0.011187592000509606
982942,0.2391878328963779
982943,0.9301650971453612
982944,0.07381790261628134
982945,0.539806450136619
982946,0.7577843965082659
982947,0.9746876548479513
982948,0.9924775234150641
982949,0.9996296774137237
982950,0.9985795606479422
982951,0.9996186586898588
982952,0.9997485832421216
982953,0.9993627995519835
982954,0.34688719330381246
982955,0.4932557620030255
982956,0.743389689640912
982957,0.999889669401899
982958,0.4330869752642659
982959,0.979427950825371
982960,0.999675598303882
982961,0.9733268563012148
982962,0.8548831063998268
982963,0.9951921890504412
982964,0.18543740896127728
982965,0.21762130391666112
982966,0.6408082192661044
982967,0.9317464194855694
982968,0.999852272535046
982969,0.9995223327327544
982970,0.23980910808355926
982971,0.06423006531470916
982972,0.9548291639858576
982973,0.005721906528218187
982974,0.7550406463190795
982975,0.005835292333906314
982976,0.9998580180723962
982977,0.9987816476624677
982978,0.48087207107729046
982979,0.9997828563603157
982980,0.07856908673421839
982981,0.7129278468521532
982982,0.012442772161757555
982983,0.9999684652084613
982984,0.9337337917541924
982985,0.07389807227620519
982986,0.9999309927907556
982987,0.9999397608970224
982988,0.3606771571191925
982989,0.8937541249274175
982990,0.11961939127941201
982991,0.9999791157638922
982992,0.05452079431284584
982993,0.444992274636911
982994,0.9995830547852063
982995,0.5300109481892634
982996,0.9981571913098695
982997,0.3502585660356363
982998,0.9999444251482652
982999,0.9985335370061859
983000,0.9978142424803572
983001,0.20415543784943183
983002,0.982978914739578
983003,0.9998662256609938
983004,0.9996463516919136
983005,0.004815726995725898
983006,0.9996703120871021
983007,0.8109935758583702
983008,0.03563398435905187
983009,0.9997214403568788
983010,0.011861977519061661
983011,0.6418821386181364
983012,0.8741646992028342
983013,0.982702156474613
983014,0.9905370624655405
983015,0.048083193876595626
983016,0.9995091480871556
983017,0.9998768118815964
983018,0.31641517616272663
983019,0.1432917391879558
983020,0.5614011544678003
983021,0.9998613967176836
983022,0.15571103768308334
983023,0.9944994960766312
983024,0.7351749616002056
983025,0.5830903150417147
983026,0.1853661246257695
983027,0.8439779420534537
983028,0.9765876290508395
983029,0.9775030829582024
983030,0.999466715306788
983031,0.9999419586697171
983032,0.08284121769013861
983033,0.30212618638857636
983034,0.8723700457052697
983035,0.9999074710055365
983036,0.9843962918864706
983037,0.9989351337788471
983038,0.40497409946945256
983039,0.9998576983708705
983040,0.9998994893063591
983041,0.9996197006829037
983042,0.01798992702906843
983043,0.017890756099530655
983044,0.9996812578670463
983045,0.9893054686972714
983046,0.999362535248159
983047,0.9789752769531432
983048,0.9598841192435514
983049,0.03533561824841571
983050,0.9997858487862897
983051,0.9820707885781494
983052,0.9991358339228894
983053,0.9997079013151859
983054,0.9752231941619793
983055,0.04074479769688533
983056,0.7996340080375053
983057,0.9750144795229028
983058,0.24395509890084913
983059,0.04535017977699328
983060,0.984106010006842
983061,0.999701842488568
983062,0.6620016557089325
983063,0.9995240817879214
983064,0.9791021957362306
983065,0.9889312375269315
983066,0.9988781638087184
983067,0.9973069186614456
983068,0.014401845164640202
983069,0.6735185235187944
983070,0.7932770297220668
983071,0.8713509327448861
983072,0.24660943011158531
983073,0.9733098305006617
983074,0.2636488296025216
983075,0.9907331250483351
983076,0.5270061476933998
983077,0.9999175540196418
983078,0.5682136114636316
983079,0.9943514850797426
983080,0.994478826053469
983081,0.0018476846123557798
983082,0.9998926468877252
983083,0.9997536963391411
983084,0.9928351178360569
983085,0.9995499162416954
983086,0.9994820804133939
983087,0.010919361488574093
983088,0.021051546195738947
983089,0.8152908885031112
983090,0.3006184222114522
983091,0.01028516002498988
983092,0.9002607455557199
983093,0.004748085160540072
983094,0.3007036528503086
983095,0.738175913482586
983096,0.9917002795391888
983097,0.9771595466177458
983098,0.9239918965233124
983099,0.8146183505215487
983100,0.3689771892286812
983101,0.9517867903102071
983102,0.9997578517525892
983103,0.0833425655682275
983104,0.9992320534550356
983105,0.9954798429023953
983106,0.6436858894945738
983107,0.9890437809804167
983108,0.7888828815233947
983109,0.9999273993190847
983110,0.8888871481371592
983111,0.9080192467704402
983112,0.3522393763792946
983113,0.9931638196530412
983114,0.5754642107021078
983115,0.9545105881785865
983116,0.9995195720721102
983117,0.850098566288806
983118,0.9995479848534351
983119,0.04131710935056322
983120,0.24266780842283697
983121,0.9993709524905138
983122,0.9180118578342861
983123,0.9997974172849
983124,0.994428678162435
983125,0.8212133365384187
983126,0.07126459686026641
983127,0.9997356008467251
983128,0.9997568627017399
983129,0.8683267144593403
983130,0.9696547672688705
983131,0.802604320498825
983132,0.9952307349280138
983133,0.801062414914266
983134,0.9999594757352691
983135,0.5564953883692916
983136,0.6013230978298545
983137,0.9997769965768243
983138,0.9999279068863041
983139,0.999982234371188
983140,0.631051244009831
983141,0.9993467700577764
983142,0.8597755204510487
983143,0.9998424967477051
983144,0.9960706737906129
983145,0.9746628004541874
983146,0.5058202850458073
983147,0.9987223577269821
983148,0.9820823304609356
983149,0.004344094708979547
983150,0.7105738246889881
983151,0.44392911364926607
983152,0.7200320914154053
983153,0.9987752122404674
983154,0.019740812519562195
983155,0.3064675112112111
983156,0.9996346456678618
983157,0.9237185879922559
983158,0.05318532106988176
983159,0.5824143427667537
983160,0.4631854631912553
983161,0.02758868521042038
983162,0.5820831938877153
983163,0.2653890713625263
983164,0.022244666531414593
983165,0.9999483251420891
983166,0.9214669574161902
983167,0.994199060450077
983168,0.04223521325398355
983169,0.2684281643153169
983170,0.9970142073915061
983171,0.9996903219745942
983172,0.9976953290929658
983173,0.780892744119251
983174,0.09201096990309877
983175,0.7401966937941534
983176,0.9751574455013104
983177,0.48507327112409976
983178,0.895916360693831
983179,0.9685872602136816
983180,0.17099051207024446
983181,0.9995423387852413
983182,0.9935363364975692
983183,0.6820721849425588
983184,0.9910743792208192
983185,0.9998022366460302
983186,0.9545289713228756
983187,0.9994650236241234
983188,0.9676345259242696
983189,0.9896132964418469
983190,0.026537206958425118
983191,0.8665307766756001
983192,0.009617848386330423
983193,0.9973484074511048
983194,0.9998273247697247
983195,0.9981843179385212
983196,0.9999302180442526
983197,0.9999347211524761
983198,0.6570911157194321
983199,0.029322458497489982
983200,0.9776608087757868
983201,0.9952379174545758
983202,0.8851866451012798
983203,0.993175529334511
983204,0.9146784871824893
983205,0.015113885256457587
983206,0.0038998973875993387
983207,0.2843349004386754
983208,0.9996864065255819
983209,0.105283784099793
983210,0.8726082679175676
983211,0.9766058294604779
983212,0.9941804281992572
983213,0.33455556932677744
983214,0.43892577275304945
983215,0.9948951296275755
983216,0.9999871090441768
983217,0.9686642490504545
983218,0.2057630385166198
983219,0.9965817333549004
983220,0.15232350062495237
983221,0.9886140451756908
983222,0.4343372860024218
983223,0.17665943754426028
983224,0.8517050066180112
983225,0.932449836367502
983226,0.9974357833311844
983227,0.9426329017207238
983228,0.6879145665428763
983229,0.8613590817210479
983230,0.9638864297356666
983231,0.9980199175257649
983232,0.9996590395150087
983233,0.9997118571962031
983234,0.9998670874067259
983235,0.9091978409710272
983236,0.9997777597661699
983237,0.9998156041851188
983238,0.08507943704204113
983239,0.9954291991254454
983240,0.9999220456738767
983241,0.020150010855079642
983242,0.9995385024746859
983243,0.03776191929011731
983244,0.997037583933148
983245,0.6357803291683716
983246,0.17051583039350376
983247,0.9806030362385443
983248,0.9997432075681381
983249,0.8373977101015433
983250,0.8601018987937734
983251,0.9999911878961193
983252,0.9999268946149535
983253,0.9993604929409836
983254,0.9898926376129504
983255,0.9308877784998212
983256,0.0814409581187307
983257,0.9993475311639499
983258,0.6956621406288863
983259,0.19295008744991457
983260,0.9961685954911808
983261,0.999971968048347
983262,0.017713084889891692
983263,0.9998289830673855
983264,0.09241956362401642
983265,0.825410074456703
983266,0.9997181660113148
983267,0.9994196160102979
983268,0.9753150417448244
983269,0.10091160050657508
983270,0.11134493774090887
983271,0.9998633584624284
983272,0.43676152256133083
983273,0.11982435743892175
983274,0.9965411275766738
983275,0.5311039966541028
983276,0.014027475911366221
983277,0.004011525919914216
983278,0.9993420471265178
983279,0.672027668154696
983280,0.015399653555554942
983281,0.2623902455253259
983282,0.04224541276402523
983283,0.6584939948909984
983284,0.7604719581358111
983285,0.9990248761590528
983286,0.985469487883432
983287,0.9582274677398797
983288,0.21441917425193074
983289,0.10216964868507267
983290,0.9945692658653846
983291,0.998145489351268
983292,0.024860012689393685
983293,0.9999518604051978
983294,0.25637034918985474
983295,0.9999156220156213
983296,0.04151746499432681
983297,0.9998791498594178
983298,0.9998721002011743
983299,0.8033589131376526
983300,0.1252355262359713
983301,0.9894289388657933
983302,0.16536210585538463
983303,0.8020693764040927
983304,0.16785002226835172
983305,0.05927571706956278
983306,0.27702834404712656
983307,0.9661064491924666
983308,0.9999875199231034
983309,0.9311597910745137
983310,0.13272489206972568
983311,0.07511638694126987
983312,0.9813536216472891
983313,0.908538943406673
983314,0.9431734728122514
983315,0.35835451852529254
983316,0.9904170557825112
983317,0.9952218086011428
983318,0.9364380817802668
983319,0.9980182764011041
983320,0.7757863168262384
983321,0.9996081311156875
983322,0.8297124077604268
983323,0.7837001047633892
983324,0.1516748670801971
983325,0.9989556306582337
983326,0.9999851712663723
983327,0.9137930207288187
983328,0.8512102032844744
983329,0.40027649186772246
983330,0.9049533373849685
983331,0.9985644455301133
983332,0.9999383421390351
983333,0.5742485620023626
983334,0.8534789619407515
983335,0.9997650764049639
983336,0.07633120723841
983337,0.7265257320651595
983338,0.9990301395153285
983339,0.9998471899050767
983340,0.9937812984389822
983341,0.9948360670724439
983342,0.9998882044347368
983343,0.9757801394722753
983344,0.16392017334256181
983345,0.7723550715861609
983346,0.40773190486278926
983347,0.9822802771508993
983348,0.9997210754225947
983349,0.9980692804954421
983350,0.9634498256097248
983351,0.08370690670088128
983352,0.021543737658676843
983353,0.4671252022269759
983354,0.1946409696485714
983355,0.9989052091348504
983356,0.984003269747024
983357,0.050954362495490256
983358,0.052099709832183226
983359,0.9998511074869069
983360,0.9963622337292026
983361,0.5323281908278203
983362,0.9977548712669025
983363,0.9940583746720065
983364,0.9995496770937331
983365,0.9998951234400756
983366,0.838647897801357
983367,0.8881901495923156
983368,0.9996752445318642
983369,0.4891973873927591
983370,0.56262195548316
983371,0.8542968549513033
983372,0.13194414259773457
983373,0.5670638526370033
983374,0.999961442788099
983375,0.9983996759112596
983376,0.9747450211543727
983377,0.9711317179323594
983378,0.9999453664628488
983379,0.3844814977226689
983380,0.4916016890171538
983381,0.11173261025132283
983382,0.13119885585810057
983383,0.9997852095442195
983384,0.9985117778694828
983385,0.38346859311479936
983386,0.041386824702675816
983387,0.30576720899498955
983388,0.9905346660585229
983389,0.10827839318373494
983390,0.9979393467217017
983391,0.26137424993455854
983392,0.023825714346351886
983393,0.9990923567342269
983394,0.4134863428322208
983395,0.3687931238914414
983396,0.707523486309104
983397,0.9999306257483784
983398,0.9997457073468528
983399,0.958594918280848
983400,0.9998216901205095
983401,0.7147904072761391
983402,0.5652571020017181
983403,0.09189339557761536
983404,0.4872373409277335
983405,0.381755334621196
983406,0.999732116664755
983407,0.03517922279312461
983408,0.5831955263271839
983409,0.9998264166139545
983410,0.21743951327411604
983411,0.9097780733936284
983412,0.9991864887905064
983413,0.07961191877232678
983414,0.753727666695773
983415,0.9231782392892722
983416,0.9990956208502925
983417,0.9956393066110064
983418,0.8814012485515103
983419,0.9956219821543282
983420,0.3849430853588688
983421,0.96889756723186
983422,0.9999527454374332
983423,0.9157952421213609
983424,0.831775392922383
983425,0.9001131748207644
983426,0.9987002974488015
983427,0.6067839339861623
983428,0.9999708321700389
983429,0.9994758337081706
983430,0.9997604104707333
983431,0.9950348418309471
983432,0.08378384199236574
983433,0.3939686754077953
983434,0.9821287783009208
983435,0.6250526768029339
983436,0.82666685060758
983437,0.9992027382231523
983438,0.9898530832056515
983439,0.26797296419728495
983440,0.9998252282980302
983441,0.539393371967128
983442,0.9983299592025406
983443,0.9485032094492182
983444,0.4674225770709781
983445,0.9996468581496829
983446,0.8047626553030713
983447,0.9999034665509263
983448,0.49342403341811936
983449,0.9999429490130155
983450,0.4126614477297574
983451,0.9794089237943142
983452,0.2566232016222014
983453,0.9999725338003633
983454,0.03996042798850594
983455,0.47491524800132046
983456,0.975408099968453
983457,0.1532704001631502
983458,0.9800220202479503
983459,0.3502578611535758
983460,0.9574918662744429
983461,0.9971542978948339
983462,0.7381523060880952
983463,0.7692873253144186
983464,0.020515611147407093
983465,0.8200163181258662
983466,0.8459199858821465
983467,0.6518196618190397
983468,0.40148937192286005
983469,0.9997925675752322
983470,0.989976851703168
983471,0.9925408888294325
983472,0.9998434256076691
983473,0.999904719130063
983474,0.9997357395843238
983475,0.9997663570788224
983476,0.9999400160486978
983477,0.6697278509951046
983478,0.7941748772558546
983479,0.5864876485304353
983480,0.9976718881425783
983481,0.9979857613465793
983482,0.22857387854788055
983483,0.9073422789440586
983484,0.003676910668036954
983485,0.9987552498344247
983486,0.7551031878649688
983487,0.9999502363426477
983488,0.06102483327234961
983489,0.7879268467865146
983490,0.9994439701778322
983491,0.5586156223212191
983492,0.6485757229735418
983493,0.5312693832498191
983494,0.6944579730769106
983495,0.7295701736540179
983496,0.9999283540579749
983497,0.999388011614829
983498,0.9093731788335266
983499,0.594777086049231
983500,0.9987485451507212
983501,0.9999794155435566
983502,0.9996599808362132
983503,0.9954824872985469
983504,0.9275182642612747
983505,0.6568350301610439
983506,0.9974476934571801
983507,0.98987884989075
983508,0.9993478188439076
983509,0.05679279384071017
983510,0.5131299555888041
983511,0.9940700078031137
983512,0.9999250748524154
983513,0.9967058737791633
983514,0.44007516236571576
983515,0.24229992735247186
983516,0.055037789244135694
983517,0.6399641571477509
983518,0.9993375681143435
983519,0.9998619089304106
983520,0.45446154852836457
983521,0.9979472148560116
983522,0.9999759465423973
983523,0.9956688815100387
983524,0.5814258906197919
983525,0.3244151526812943
983526,0.9399902117715395
983527,0.5910477518423141
983528,0.6781964676741208
983529,0.9975953227047629
983530,0.03253969897227091
983531,0.9991520738466937
983532,0.9996471494908241
983533,0.9972381193792308
983534,0.8635280336999429
983535,0.9537414773238146
983536,0.9975027839051924
983537,0.6778436832109458
983538,0.9999559544665882
983539,0.9985834232325841
983540,0.9956554745943409
983541,0.6035274758132287
983542,0.9981414208750419
983543,0.060601919102887244
983544,0.9655737340566091
983545,0.04274378824305506
983546,0.8408718439735565
983547,0.9998677107837606
983548,0.12023569787822036
983549,0.42725946926558456
983550,0.9978486603438048
983551,0.0718812879070218
983552,0.1501540069336072
983553,0.9947722755147713
983554,0.8580782434431
983555,0.6391381075955463
983556,0.0726017751033547
983557,0.10643367494620318
983558,0.9997998006281481
983559,0.9999885781115582
983560,0.022828738086631394
983561,0.023091851594891518
983562,0.564393722061566
983563,0.8359790291680964
983564,0.998663811505554
983565,0.9967786522987732
983566,0.99878651713227
983567,0.08651315150148757
983568,0.06868506391226202
983569,0.24668182350415505
983570,0.8952403030125216
983571,0.6046854928403932
983572,0.9754460573196916
983573,0.9972121574883515
983574,0.9858446972428563
983575,0.9999395838179725
983576,0.9980027413983181
983577,0.09525526843371442
983578,0.2747507128514124
983579,0.2669299406975022
983580,0.9989704736364869
983581,0.9991790233860582
983582,0.9686679302529846
983583,0.9328480465795452
983584,0.9350849087119526
983585,0.604271959260247
983586,0.9993919574809793
983587,0.5548577441331212
983588,0.5155530315789912
983589,0.9995635276838447
983590,0.08044679841199322
983591,0.5700612707109695
983592,0.7450681466147622
983593,0.9997890263851467
983594,0.45442573399829034
983595,0.15415920851251474
983596,0.9844602993066313
983597,0.508602914784541
983598,0.9621201689112946
983599,0.3469087638486311
983600,0.9938464981020313
983601,0.9483494720107659
983602,0.0553804708702692
983603,0.08096358743202156
983604,0.0009513582790618557
983605,0.999791523357587
983606,0.024432951763017182
983607,0.9730728736680206
983608,0.6415509032046238
983609,0.9858390456060107
983610,0.49089318003261717
983611,0.030024045768073816
983612,0.9998294061271015
983613,0.9989924274005355
983614,0.9989766718188553
983615,0.7721032633520688
983616,0.9949704142208227
983617,0.9981426509015239
983618,0.9960129352616426
983619,0.7743240269259675
983620,0.9887460509382563
983621,0.9996707450414078
983622,0.9999283119821777
983623,0.15397874859759111
983624,0.9998019416108759
983625,0.995095694181884
983626,0.9993327928949747
983627,0.9998406599174834
983628,0.9938017089337309
983629,0.9994874869404202
983630,0.9467282767524324
983631,0.1921455419426736
983632,0.6020781989952451
983633,0.9979595378485724
983634,0.9988656512457561
983635,0.9996356702328779
983636,0.8814374720766469
983637,0.7608248379870266
983638,0.988634780899557
983639,0.7800027666473452
983640,0.9971464025160515
983641,0.0198730649357142
983642,0.11928163971161798
983643,0.3643112211021359
983644,0.8174409434471873
983645,0.9945015539006801
983646,0.004671376348452534
983647,0.999988999900069
983648,0.008994878273204323
983649,0.9278693002025327
983650,0.16873720657796565
983651,0.9833278541615367
983652,0.8178831542983694
983653,0.6337075221500414
983654,0.7384733389309845
983655,0.9936777028920019
983656,0.007699434958160131
983657,0.9986154340357056
983658,0.9990822232315919
983659,0.34286008020883
983660,0.2952147456687196
983661,0.40170988215941017
983662,0.5293375453906194
983663,0.9998814806683822
983664,0.9942419041995109
983665,0.9999786524880403
983666,0.331252581615414
983667,0.7593854218829359
983668,0.9977231606733259
983669,0.9999509018428072
983670,0.9907895447526739
983671,0.6408120820700063
983672,0.028769097396905495
983673,0.9998557579370789
983674,0.01783331022878833
983675,0.9823041161851266
983676,0.6839491615514044
983677,0.6896471488902391
983678,0.6883803449425863
983679,0.6305382677771886
983680,0.22556508046302395
983681,0.9903096035776223
983682,0.7578625170860813
983683,0.15356956326765234
983684,0.34961909382588735
983685,0.9997224342541349
983686,0.02426336679236435
983687,0.9996374736357073
983688,0.9990331176266037
983689,0.9997099284437942
983690,0.6509288844815142
983691,0.4274506508639536
983692,0.99948891114406
983693,0.9896225957140561
983694,0.46690989266924077
983695,0.9981825002599867
983696,0.9962402789683338
983697,0.05811249684600456
983698,0.37527626105664214
983699,0.9999515669329957
983700,0.6777759188773351
983701,0.8347971201884088
983702,0.9986771504088239
983703,0.11055072512296718
983704,0.522112872797642
983705,0.6810285257945052
983706,0.2009772518085051
983707,0.6821969585717659
983708,0.16881898478379292
983709,0.21363203666292038
983710,0.8839132824826867
983711,0.9873901547521688
983712,0.9996637858095903
983713,0.5625552695835898
983714,0.9999123900056531
983715,0.9998275116205152
983716,0.9845631297265812
983717,0.019220731326881582
983718,0.5819115629929301
983719,0.05231894347998693
983720,0.9421746110333438
983721,0.047882160309788875
983722,0.9998788820720161
983723,0.03574702493462184
983724,0.1629069832395032
983725,0.9999644575624753
983726,0.9937851956596842
983727,0.9598719770146644
983728,0.343903784255552
983729,0.9981311270950688
983730,0.9766685409745093
983731,0.30928835570839547
983732,0.949654407103004
983733,0.9986372901365379
983734,0.9935153173937403
983735,0.725128944376159
983736,0.03197985917878992
983737,0.0254589933737496
983738,0.9959960924410276
983739,0.3727247650884581
983740,0.22389362626530573
983741,0.8333039153046694
983742,0.9989625842158816
983743,0.5512477596094982
983744,0.9115750703237591
983745,0.9323934742785098
983746,0.9999882237926854
983747,0.9917017844326601
983748,0.4556365637602553
983749,0.9934990515264069
983750,0.012408369050642704
983751,0.33837514948235553
983752,0.5884390357942877
983753,0.9975698983655474
983754,0.8907948701404717
983755,0.9954106746812111
983756,0.9967316994478026
983757,0.9999085419132507
983758,0.711328463212945
983759,0.02974783032757846
983760,0.16092028995270663
983761,0.9828668517315544
983762,0.9990207735153593
983763,0.23891677014791574
983764,0.9862647776052649
983765,0.6247078582889799
983766,0.7936730265546914
983767,0.9852082340044759
983768,0.9996652489333884
983769,0.9974352321502626
983770,0.5466808045382417
983771,0.9700763368488057
983772,0.12662601627451697
983773,0.5296675809333877
983774,0.045598756640447415
983775,0.9999399666943496
983776,0.9927334566226411
983777,0.9841041479339077
983778,0.9815288600371691
983779,0.3704514303518036
983780,0.38055100905899536
983781,0.9978695735920619
983782,0.10777067059807285
983783,0.9986964460357661
983784,0.7300833655120499
983785,0.9998691238558499
983786,0.20098860479196884
983787,0.9841143708015705
983788,0.9972423953524026
983789,0.8178883177172652
983790,0.02785481842915039
983791,0.7277785479798093
983792,0.996555068342597
983793,0.9999636446710002
983794,0.6719191484505914
983795,0.9997391880229514
983796,0.9922480385177175
983797,0.08983541721662724
983798,0.2954375733187028
983799,0.7566841825379929
983800,0.6443724037056964
983801,0.9976696516487724
983802,0.882827481032123
983803,0.9957478696944145
983804,0.9419908434110957
983805,0.8834122111624372
983806,0.1696301549058551
983807,0.9998700335076542
983808,0.37757640486961574
983809,0.10215899731158005
983810,0.2407240079652508
983811,0.41625592726327515
983812,0.9997738476926457
983813,0.39369472588880194
983814,0.9998593736709624
983815,0.2178438255724701
983816,0.9991248922369564
983817,0.8223323944199
983818,0.9813012493601988
983819,0.9980849183639107
983820,0.5600135348734804
983821,0.6873254361449089
983822,0.9999473222022278
983823,0.9639811223589019
983824,0.9709709279450625
983825,0.9973856056644597
983826,0.9935372459554245
983827,0.9997419238393449
983828,0.024885455086828843
983829,0.9997394560653856
983830,0.9997337006039295
983831,0.559870942226992
983832,0.9796634118324994
983833,0.5880726727072461
983834,0.022416387390082327
983835,0.8394041919669846
983836,0.8140741432483444
983837,0.3404750983721431
983838,0.9125052778539364
983839,0.16313437922345475
983840,0.06654194411204238
983841,0.9998894133886691
983842,0.24274553168732882
983843,0.826050533983103
983844,0.8697974362797569
983845,0.9691730105231797
983846,0.5290861057800428
983847,0.9990331598297809
983848,0.8774872178627624
983849,0.9999828197116931
983850,0.9553712475555307
983851,0.999056047359078
983852,0.33567218484514977
983853,0.47839892066163703
983854,0.8858424872739229
983855,0.9998686236303972
983856,0.9948514088618305
983857,0.999847473500396
983858,0.9975404517573884
983859,0.20536859502184104
983860,0.4786208575054946
983861,0.06180406096157322
983862,0.999704069593391
983863,0.9990973626010631
983864,0.9997049152694887
983865,0.9964186444526194
983866,0.9997899416093214
983867,0.47998501464130067
983868,0.1443628466982509
983869,0.3636489848392479
983870,0.17211091686879468
983871,0.99882723978845
983872,0.9968076943852442
983873,0.9779371896097437
983874,0.5584243209675556
983875,0.6513408803245848
983876,0.6607345703201524
983877,0.9997183977951167
983878,0.23233985919568803
983879,0.9995868204204293
983880,0.09091002116650942
983881,0.996550870338792
983882,0.6053551542573853
983883,0.4319790063715039
983884,0.9997941987280043
983885,0.9993395790940427
983886,0.6244732659273968
983887,0.3911717816797056
983888,0.9651335216662373
983889,0.11969175203645306
983890,0.9914149076519744
983891,0.6790442848980636
983892,0.7949967305746211
983893,0.8401632619260999
983894,0.987663807703952
983895,0.16558898475787212
983896,0.9996069772497547
983897,0.04907266229938553
983898,0.9969870554984036
983899,0.9580781472655555
983900,0.9996947292389164
983901,0.39881381891867346
983902,0.04917716738055648
983903,0.999799119062408
983904,0.9996681148138123
983905,0.06623510119571685
983906,0.9222189834608818
983907,0.9764651442194108
983908,0.9998210935285979
983909,0.9999681159954907
983910,0.3248877043919782
983911,0.2643988054987795
983912,0.8738629730493337
983913,0.9770239503975664
983914,0.5842460071927791
983915,0.9993359178034542
983916,0.04944854218545754
983917,0.3166904851058394
983918,0.8774524237435355
983919,0.8378661353282512
983920,0.96539301952251
983921,0.9998119576553437
983922,0.9997449458065524
983923,0.14847543125763862
983924,0.6087790239983164
983925,0.999991414765728
983926,0.9999543543099825
983927,0.35738087998204093
983928,0.9979256046449092
983929,0.9589713836286509
983930,0.9981255917415592
983931,0.317277888465724
983932,0.9838738282910827
983933,0.9998011349428089
983934,0.9524559945968644
983935,0.5106059720059285
983936,0.16041877613552058
983937,0.999675770050866
983938,0.9919756135044984
983939,0.12016020803829895
983940,0.0682479668591301
983941,0.9944570694451282
983942,0.048458474508041596
983943,0.7701577407389888
983944,0.9999669023370272
983945,0.11168821648505828
983946,0.7203774518118888
983947,0.9999210232708076
983948,0.7791663520674044
983949,0.9970151550670608
983950,0.04244541880948713
983951,0.9948892205401629
983952,0.999724062435949
983953,0.9995804015971886
983954,0.6834276087917529
983955,0.9024517257202727
983956,0.9995757386825546
983957,0.9767012202520422
983958,0.999317100630086
983959,0.0678434532065734
983960,0.9963277766395817
983961,0.9972925020639007
983962,0.9998055111811889
983963,0.9961075295069299
983964,0.9923198299263072
983965,0.9669414375462657
983966,0.7303961435867016
983967,0.906458129774006
983968,0.01598922638784551
983969,0.3118087095741042
983970,0.9999688098343651
983971,0.9947673189176978
983972,0.9995474622735252
983973,0.09148191726500479
983974,0.9020564514949072
983975,0.9354129558921851
983976,0.9999622254245191
983977,0.12204805355444585
983978,0.999444034969103
983979,0.98161170410071
983980,0.9980330187291799
983981,0.9639196372628221
983982,0.9999568198228782
983983,0.2458557499132823
983984,0.17233447222102238
983985,0.9997228222901087
983986,0.9922971028694436
983987,0.9996800994362188
983988,0.456466731445732
983989,0.958945728135002
983990,0.999771792027186
983991,0.9983658219942634
983992,0.9819665400035749
983993,0.7708377330393108
983994,0.997644556513725
983995,0.9789294131757889
983996,0.9987309748465623
983997,0.9980977582536992
983998,0.41374447966827105
983999,0.5328520813822337
984000,0.05401245393768605
984001,0.9414889093031269
984002,0.9671912145539734
984003,0.4366075510204667
984004,0.006621676031861169
984005,0.22201620209428133
984006,0.9977892922994538
984007,0.12643863838056452
984008,0.08937740331863639
984009,0.8812494611362778
984010,0.9996809090744885
984011,0.9825145368992892
984012,0.9911434206833056
984013,0.6658756323486015
984014,0.24641536476207562
984015,0.9949480244988725
984016,0.9999553108196008
984017,0.940320151769227
984018,0.9957795442904104
984019,0.9456533204631528
984020,0.4191854050416678
984021,0.8178448499259614
984022,0.75631646331745
984023,0.8365576052285464
984024,0.008842050297509941
984025,0.6388716323998834
984026,0.8684665115848089
984027,0.25507497989344174
984028,0.9995482088310684
984029,0.28036916916389815
984030,0.1590523847886071
984031,0.9549370854449715
984032,0.6466249487384101
984033,0.24325864399897124
984034,0.99642029847826
984035,0.35834054033339074
984036,0.06752638745832396
984037,0.9933381379488153
984038,0.04007464881831766
984039,0.9987665962866272
984040,0.9970632621271239
984041,0.0330214836918634
984042,0.9994285688219986
984043,0.9999468092478534
984044,0.9484457212342161
984045,0.998040132541067
984046,0.9983442477891586
984047,0.9110415074948752
984048,0.5066595543489817
984049,0.29502976407975556
984050,0.14834809071030014
984051,0.8406138524667459
984052,0.8467411582437052
984053,0.9718133158687223
984054,0.9999694171362417
984055,0.9998366478506917
984056,0.8216226611337509
984057,0.14505621483465253
984058,0.9997862759456311
984059,0.9990234052526187
984060,0.023031305732653575
984061,0.999875587721397
984062,0.03736323097210679
984063,0.8258537494381424
984064,0.022091218306188543
984065,0.9994315111653311
984066,0.7967812622112892
984067,0.8892366171031474
984068,0.9964519727542058
984069,0.011250738225791257
984070,0.9878755737984608
984071,0.018579329946484462
984072,0.958907734390078
984073,0.998329528087405
984074,0.99986002853102
984075,0.098872249849381
984076,0.654506517131276
984077,0.015108436410983618
984078,0.9959775572590353
984079,0.9998602231453035
984080,0.999873424025714
984081,0.9811463476432344
984082,0.9821059150894482
984083,0.12410005076631855
984084,0.6409774804676476
984085,0.9997234346905507
984086,0.9991506126222467
984087,0.7436367329144769
984088,0.6801455044512293
984089,0.8034699242402412
984090,0.9998702619057698
984091,0.025589388658204572
984092,0.7553207352256741
984093,0.2256787851732498
984094,0.997877979886505
984095,0.9895735723446296
984096,0.5175999411663038
984097,0.9998750668366427
984098,0.9994895036039759
984099,0.019616939208150528
984100,0.022575170456542455
984101,0.09330538875136112
984102,0.8950937628902551
984103,0.05245157950451945
984104,0.9997139380397946
984105,0.9997989272902306
984106,0.9844963205248133
984107,0.35436322985184165
984108,0.7315252261762142
984109,0.996208651284961
984110,0.9991527086928789
984111,0.9675615098717786
984112,0.1377067631854669
984113,0.9921351438524277
984114,0.999797691470723
984115,0.9987892228901719
984116,0.05790169151059109
984117,0.9087616991877383
984118,0.08103758302911616
984119,0.992384557915351
984120,0.956081117862424
984121,0.08118512679894217
984122,0.9998214203108329
984123,0.06904206183257824
984124,0.029744287584418293
984125,0.9968080634350247
984126,0.9628001893038618
984127,0.8531607434541184
984128,0.9120147700296026
984129,0.003864024296732893
984130,0.9995817197287971
984131,0.20817966186657724
984132,0.7264994936705567
984133,0.9999823193826309
984134,0.8740002763927961
984135,0.17255836723267853
984136,0.9185248938322788
984137,0.9216144945961919
984138,0.8649558996746631
984139,0.9995956309653515
984140,0.0313335225697683
984141,0.21079423377699183
984142,0.9992681459677542
984143,0.7897558944616353
984144,0.9997695077035073
984145,0.9995745804395927
984146,0.5731986112963166
984147,0.9997689404622765
984148,0.24415375942916984
984149,0.9706827926539732
984150,0.2482450701556858
984151,0.9995269395410838
984152,0.9924690845693006
984153,0.09333265795525707
984154,0.9996984348433835
984155,0.9999937929410752
984156,0.4640573528709148
984157,0.024441192393169893
984158,0.9999861879825938
984159,0.9984298607869819
984160,0.9982093137933932
984161,0.965178582875964
984162,0.999984213810116
984163,0.25819934124791344
984164,0.9998053619243401
984165,0.9276470341246252
984166,0.9999136062286067
984167,0.008026875944235474
984168,0.1688757141441225
984169,0.73276224212245
984170,0.999937398993729
984171,0.7723059496494891
984172,0.9876014249791814
984173,0.18733250157261555
984174,0.09377387867006926
984175,0.953622175401186
984176,0.40862837307838457
984177,0.8858893419416838
984178,0.07307355936283176
984179,0.9332497846569847
984180,0.4689082153466669
984181,0.08606562009523994
984182,0.07886566781698778
984183,0.8044874893184246
984184,0.9933390481002385
984185,0.5005506345989796
984186,0.9981558053040414
984187,0.9967310980539349
984188,0.9991839911630132
984189,0.05354661348762642
984190,0.6333794626734114
984191,0.9874849936026894
984192,0.9999164553660357
984193,0.9987784879465834
984194,0.9999212645932563
984195,0.6456967016388789
984196,0.9045900145730263
984197,0.3396563407711836
984198,0.9245768117336062
984199,0.5949294404387422
984200,0.42976729061705077
984201,0.590457593159479
984202,0.15746862017211383
984203,0.999243793721313
984204,0.7881353584486392
984205,0.9999048123316165
984206,0.9307804027193458
984207,0.999926756632583
984208,0.9806830314441248
984209,0.9998360812670752
984210,0.8897689550941391
984211,0.49372407957547937
984212,0.02334101448970814
984213,0.02682557521469489
984214,0.9917248424826776
984215,0.9999435938596617
984216,0.9996399432204628
984217,0.9999540140317842
984218,0.9997276129431893
984219,0.997151788282775
984220,0.481582861046142
984221,0.9687842946443618
984222,0.21753129458384574
984223,0.9956685918336103
984224,0.597143963907608
984225,0.028523920802808765
984226,0.9999531790999372
984227,0.8160477752546992
984228,0.992451693936958
984229,0.1685492375410494
984230,0.8543034154399032
984231,0.04834048630829389
984232,0.3980393480793447
984233,0.562944623368367
984234,0.994776254312971
984235,0.9994926936038696
984236,0.9997303808507767
984237,0.9906458810488028
984238,0.9998786619445459
984239,0.003392837213010929
984240,0.9421160888795037
984241,0.47682292016264627
984242,0.31204901355410325
984243,0.7190464489903621
984244,0.35999367827469786
984245,0.7486616049890309
984246,0.9576431526934401
984247,0.9997370689625829
984248,0.9997013150194571
984249,0.36255537703086566
984250,0.9950896697846524
984251,0.9529783621501353
984252,0.9937723509013288
984253,0.9959773550313409
984254,0.9625250579839071
984255,0.22391640058348256
984256,0.9774037492942108
984257,0.06801505393577734
984258,0.04718831436976577
984259,0.10700625471730893
984260,0.15353938877105017
984261,0.9944458357686065
984262,0.8797967569609223
984263,0.9862362763328631
984264,0.712043466726018
984265,0.9906125325006621
984266,0.2631442178865849
984267,0.9997989397099235
984268,0.48617829501717896
984269,0.808350191965135
984270,0.9999697591900667
984271,0.9919649147158673
984272,0.9978054867163355
984273,0.9999404937629217
984274,0.7193684575145518
984275,0.146061152450531
984276,0.9737074177255127
984277,0.003405062803060758
984278,0.6520851809133636
984279,0.9999480359781299
984280,0.996630381510407
984281,0.15687291108011353
984282,0.9445363536083005
984283,0.9970246179967637
984284,0.4160973860241852
984285,0.37953893844974584
984286,0.5812218079333283
984287,0.9982512019846368
984288,0.9991932686103826
984289,0.9510957783567042
984290,0.014796802839292312
984291,0.8109020405333054
984292,0.9517154180897107
984293,0.2816649981004742
984294,0.07339373137758161
984295,0.9984464024135071
984296,0.9999696525468074
984297,0.9595236246607171
984298,0.0035417322054540844
984299,0.9970180480093184
984300,0.9911027711536053
984301,0.2689231700858106
984302,0.10640438900505358
984303,0.9965222609014707
984304,0.3483286996367564
984305,0.7040632516738821
984306,0.9830691907888544
984307,0.9576021476028956
984308,0.9997230906929022
984309,0.9997030383632041
984310,0.9998950164184222
984311,0.7308603668247008
984312,0.07978826985412113
984313,0.07737331190967775
984314,0.9998675662612883
984315,0.019837575694069867
984316,0.6789032995489308
984317,0.20256758667339378
984318,0.9985636284289384
984319,0.5762810267450665
984320,0.11713102208459697
984321,0.06511077473829598
984322,0.9277363892938448
984323,0.7483778112881508
984324,0.9757687404200919
984325,0.9986037831485212
984326,0.9974979556495883
984327,0.9981818400783224
984328,0.7814452286239674
984329,0.9815082982483654
984330,0.9996531414071264
984331,0.4923839616342606
984332,0.6721777443852197
984333,0.379414962650959
984334,0.2758457624519246
984335,0.6539028969040326
984336,0.02480274034395253
984337,0.30306377725182015
984338,0.9998124790729177
984339,0.9237052893765605
984340,0.9267389042814285
984341,0.34004854735799983
984342,0.9984793868726194
984343,0.7109649620879396
984344,0.9991360988110747
984345,0.9321126862172816
984346,0.9995233666702946
984347,0.9977419239814898
984348,0.047138010278398125
984349,0.009321256431132179
984350,0.9998758678979505
984351,0.997051504329226
984352,0.009056774687705264
984353,0.038100652030235216
984354,0.10738289173438281
984355,0.9995840730091559
984356,0.9182432312235547
984357,0.10229356693573671
984358,0.4267853553904476
984359,0.9306605106261032
984360,0.007736285471110372
984361,0.996744140922201
984362,0.24973880267407417
984363,0.9861396622830674
984364,0.5471992972456472
984365,0.6651846234706296
984366,0.8668862557290967
984367,0.0752092958836301
984368,0.6483843634172688
984369,0.21623167824597378
984370,0.49040324514223765
984371,0.9903223703105251
984372,0.9927802636650583
984373,0.9961334621463016
984374,0.0032973442444053642
984375,0.34024305429351936
984376,0.9992805638795546
984377,0.21633143849349804
984378,0.568943604669754
984379,0.7527394555398198
984380,0.9996708442225435
984381,0.9106097754996544
984382,0.9948576489102112
984383,0.0034047633891158453
984384,0.8306437785759566
984385,0.9998998874013074
984386,0.42263640515229517
984387,0.619853614341635
984388,0.9886125613371125
984389,0.9995902463956365
984390,0.9994191122243861
984391,0.9998484111046535
984392,0.9985201381289056
984393,0.99933249220344
984394,0.4924961426174751
984395,0.9872126756642754
984396,0.7997982164715971
984397,0.9965130233941655
984398,0.962760858571978
984399,0.04913349749899659
984400,0.012041681116712832
984401,0.42134990487345236
984402,0.9992520887675753
984403,0.037396190707989316
984404,0.14767847255076058
984405,0.27296530761751053
984406,0.1667404328930401
984407,0.5946207040713808
984408,0.9999087317059141
984409,0.9999795813935806
984410,0.9544100700707698
984411,0.9968983050693888
984412,0.5833634331207638
984413,0.999759074188093
984414,0.998642106569299
984415,0.9981852846903312
984416,0.9972621978385622
984417,0.12659921252085343
984418,0.9999946925156021
984419,0.4082789725865647
984420,0.9975182051799469
984421,0.8610621092880263
984422,0.6076062894106471
984423,0.9952936273432751
984424,0.9979353182371027
984425,0.08136665129528074
984426,0.99979686150333
984427,0.9462080634434427
984428,0.9996751834856654
984429,0.5827531770928083
984430,0.99955775060224
984431,0.9999093793157268
984432,0.08590478486023453
984433,0.9999657572127292
984434,0.3777574563696117
984435,0.9902458730918409
984436,0.0862277126997496
984437,0.06992471256635364
984438,0.9818873949355139
984439,0.8207310924050341
984440,0.9993781853561752
984441,0.9992483284309442
984442,0.01579320219637031
984443,0.9972777309945047
984444,0.4104716263735563
984445,0.999345701084106
984446,0.9938295484260636
984447,0.21119314995799632
984448,0.9999734740306641
984449,0.29079700128971026
984450,0.9852833458808006
984451,0.9952025207200923
984452,0.06146871084496705
984453,0.04031786096419439
984454,0.6571669120253507
984455,0.5649785525133968
984456,0.4264694915606952
984457,0.8764838815706264
984458,0.5620734936842876
984459,0.41174002556520073
984460,0.757911923530329
984461,0.9484770798550903
984462,0.9747464398677654
984463,0.38691155471170957
984464,0.9997417338602176
984465,0.8400879641810399
984466,0.9991600184448415
984467,0.9997632867871868
984468,0.9998667169925893
984469,0.9818525745443816
984470,0.036057614361419625
984471,0.636371854425323
984472,0.9998999749119164
984473,0.9964386376377484
984474,0.9962993751798696
984475,0.8884710008041619
984476,0.999753135128642
984477,0.8163280431193864
984478,0.8769754288080898
984479,0.30809892931649346
984480,0.09317393738206553
984481,0.5100332460027575
984482,0.6000074830896523
984483,0.9996501025614235
984484,0.5619250553176501
984485,0.00816004034749625
984486,0.9922437429768007
984487,0.94566398285972
984488,0.9999424193288398
984489,0.9772626246727747
984490,0.23661599968833685
984491,0.9998663624036958
984492,0.9999796687387454
984493,0.5311671643023326
984494,0.49778202686932693
984495,0.26664175862667666
984496,0.9996640305096072
984497,0.9999070680666909
984498,0.40753196730894503
984499,0.9464882035220386
984500,0.9998992817215318
984501,0.999763646698516
984502,0.15532604705192413
984503,0.999689159570708
984504,0.2806696559961139
984505,0.9986791535420603
984506,0.15795430318719017
984507,0.9904663945801818
984508,0.1014806586520595
984509,0.7082808170111323
984510,0.9997204825635847
984511,0.6666693468670087
984512,0.9979973864147577
984513,0.9983782211986448
984514,0.9773892980101012
984515,0.9997963915565589
984516,0.11641930836949826
984517,0.5655746721198988
984518,0.010526452073985663
984519,0.9915354478805397
984520,0.9995441250930561
984521,0.030334988950143728
984522,0.266051741577909
984523,0.6542417285891553
984524,0.9845868582984054
984525,0.9986319071715943
984526,0.9982919659901738
984527,0.2765617215334972
984528,0.01466335167258216
984529,0.9999317839089445
984530,0.6457348148455155
984531,0.9328051815062277
984532,0.13475280403038323
984533,0.9998966012456566
984534,0.0464260609079911
984535,0.9951166181802231
984536,0.9996978175708459
984537,0.763151322947273
984538,0.9717303027138027
984539,0.9999864760794477
984540,0.01970493556256066
984541,0.6860659108460275
984542,0.6761887114457852
984543,0.2380633637336801
984544,0.9139864132694808
984545,0.24371258983566113
984546,0.5047183609689869
984547,0.7743532515549358
984548,0.9998928371701702
984549,0.9996447127965324
984550,0.954755578497422
984551,0.7150799157193231
984552,0.021205692714649324
984553,0.9535833973987825
984554,0.9985777048716976
984555,0.2609555784048429
984556,0.36642765857601134
984557,0.9998507786418684
984558,0.9981889295821971
984559,0.609758620013391
984560,0.5349002728587919
984561,0.8952872691889529
984562,0.9994181268627135
984563,0.00750447447908972
984564,0.9997102745426645
984565,0.9888727623486224
984566,0.14901565164805836
984567,0.5261842073035241
984568,0.9781683539897937
984569,0.9725013749951089
984570,0.4443389573613871
984571,0.4050543249596888
984572,0.03396979971331779
984573,0.6685895392864749
984574,0.9991890222708097
984575,0.012388856972225314
984576,0.9999047264395435
984577,0.8543643535371372
984578,0.17560714525331478
984579,0.9464676537379056
984580,0.9995832546299994
984581,0.6934165822299825
984582,0.9842589738422096
984583,0.9829579952603166
984584,0.10292524209901335
984585,0.9958455836272745
984586,0.9999177094767961
984587,0.9995624382145223
984588,0.9997282484328414
984589,0.9881324464969685
984590,0.013110745905124926
984591,0.960243772530837
984592,0.9988611279762116
984593,0.8881004413111087
984594,0.6687584620394169
984595,0.7652927690802581
984596,0.9988776241554982
984597,0.885007261779201
984598,0.5005078922392712
984599,0.9999731450731413
984600,0.9337347933286595
984601,0.9999462552099614
984602,0.3663880774829182
984603,0.7740718011019315
984604,0.9091718321326303
984605,0.9991589200629478
984606,0.21037499327992043
984607,0.26202014329116863
984608,0.10521795435530082
984609,0.9994979315861797
984610,0.7330244987645743
984611,0.9513864024967877
984612,0.8015177854109354
984613,0.41492560593430117
984614,0.656872143100417
984615,0.7500569282057201
984616,0.11557424894249162
984617,0.999945543909172
984618,0.7772366553972878
984619,0.9982087094028752
984620,0.16623503331680436
984621,0.9851244785347736
984622,0.06711455806214722
984623,0.9725062900918663
984624,0.2854637883556649
984625,0.047666894209969335
984626,0.9997089217584432
984627,0.02169426096498186
984628,0.8910517055289258
984629,0.1794442271734172
984630,0.9995761855621248
984631,0.02310181537554093
984632,0.9999375356605439
984633,0.8315636641232046
984634,0.43413247151880935
984635,0.9963863380869998
984636,0.03723287855711666
984637,0.9989562634307575
984638,0.999058112103789
984639,0.8007405725237994
984640,0.9999708613231253
984641,0.6911770972042587
984642,0.9978231525097395
984643,0.9996594200023827
984644,0.8846561752100713
984645,0.9991463277118331
984646,0.9857792997947654
984647,0.3283094040909251
984648,0.9998832861547657
984649,0.9759878563841887
984650,0.9977019927369919
984651,0.6660582420583007
984652,0.01886814269442432
984653,0.9196413839497803
984654,0.9955488550523119
984655,0.728050940264789
984656,0.9944689604140295
984657,0.5691541342472252
984658,0.9995852560457374
984659,0.8512183021983187
984660,0.9874396828109543
984661,0.7322946494795753
984662,0.8579691262611612
984663,0.8508195100532479
984664,0.9879092729668257
984665,0.9976382758940476
984666,0.7849351022146671
984667,0.9996120046140241
984668,0.9990871612104052
984669,0.9994265332753027
984670,0.9997109691193038
984671,0.049867153692767105
984672,0.11979935861103483
984673,0.9995301898178983
984674,0.14582064757660182
984675,0.44046029232522
984676,0.9861750648718144
984677,0.9718604841405937
984678,0.999952242207735
984679,0.8154455579302053
984680,0.0011211963164335479
984681,0.6244325699737087
984682,0.9998557511385937
984683,0.9998587220047146
984684,0.9962101561740988
984685,0.9936037618514004
984686,0.17802207022815156
984687,0.20897628704884305
984688,0.775269023280924
984689,0.9370640939396278
984690,0.7253732649502571
984691,0.9995951515402326
984692,0.24793983575191453
984693,0.9988534935210637
984694,0.8560479806479514
984695,0.8102901513833354
984696,0.9995168723878014
984697,0.5684395325055325
984698,0.8744152027396657
984699,0.8904409103324606
984700,0.9999656562253583
984701,0.12055112976686114
984702,0.999539062968896
984703,0.06305923301065651
984704,0.9978330101731069
984705,0.26374877028890326
984706,0.8536776514492435
984707,0.9836516742930775
984708,0.8690823981769866
984709,0.998883164884881
984710,0.262055168316749
984711,0.9985302092038157
984712,0.8589508794744694
984713,0.9618403090935734
984714,0.9999102735797928
984715,0.9945777712964027
984716,0.5948841691462073
984717,0.47188560178624694
984718,0.8169151679692465
984719,0.993629103260891
984720,0.9997519642847823
984721,0.9997753332798058
984722,0.008849279042186561
984723,0.07614935718899904
984724,0.999984344758575
984725,0.0025961285476946492
984726,0.6104818122676119
984727,0.9052859319148807
984728,0.19598463331685684
984729,0.8410761926513416
984730,0.3268297947637253
984731,0.9980653227697707
984732,0.9579682711861615
984733,0.7960426155136677
984734,0.8201919883076993
984735,0.9880436746351693
984736,0.5686217335556308
984737,0.9997935911240524
984738,0.4725824264684224
984739,0.9639210626207466
984740,0.3142290459734593
984741,0.9982457872901616
984742,0.9997369463137641
984743,0.6384844452276184
984744,0.9999375958526331
984745,0.539644910656391
984746,0.9998941858978916
984747,0.9986960219384537
984748,0.999794683640169
984749,0.9969713891937368
984750,0.3104024487767411
984751,0.9509251395489433
984752,0.9879338062692424
984753,0.9977628108686323
984754,0.2728547347586853
984755,0.0195670255454101
984756,0.9472693083976964
984757,0.4724642962438406
984758,0.31719791993844015
984759,0.3132933372428764
984760,0.11995957279801525
984761,0.4519050812433248
984762,0.9904029552927782
984763,0.9970604586907381
984764,0.9999599961735872
984765,0.9998157218737436
984766,0.46698714202220093
984767,0.9693903455643577
984768,0.9997967227876717
984769,0.7474676576845336
984770,0.1487539946326496
984771,0.04861509297476901
984772,0.9732844040574113
984773,0.1070126752628699
984774,0.8957846730010693
984775,0.6194025340987594
984776,0.9188185470040999
984777,0.3137384005702827
984778,0.1549954535560327
984779,0.42320605747701573
984780,0.02097365577420361
984781,0.07113290300613465
984782,0.9586757572434105
984783,0.99785692229944
984784,0.03625225413849091
984785,0.9884810988568209
984786,0.478954114263074
984787,0.9455729762761048
984788,0.9945550325901826
984789,0.009840780407557724
984790,0.7089692522555985
984791,0.9997303759089151
984792,0.8904192492421898
984793,0.6888444280346808
984794,0.6075101278849757
984795,0.9996488050059823
984796,0.9993485517213103
984797,0.05554880640666915
984798,0.9998085566017679
984799,0.3436969571634791
984800,0.9642252398653719
984801,0.7676713236562829
984802,0.3506985642443784
984803,0.029655052174614262
984804,0.9466236001075898
984805,0.9945857883549587
984806,0.49890446164946
984807,0.7794736895691783
984808,0.02105457959783319
984809,0.9999919906473544
984810,0.2950633700752123
984811,0.021523515435396295
984812,0.34581037281095567
984813,0.9999140542998404
984814,0.9993015404607324
984815,0.607541623168225
984816,0.9996879219285466
984817,0.9824047894087352
984818,0.9425695126236658
984819,0.5553209804318954
984820,0.9994782363625359
984821,0.9999573096808134
984822,0.9999755856340586
984823,0.6244247695747243
984824,0.9999138507861862
984825,0.025210836680616903
984826,0.9955867467512931
984827,0.9996358000101347
984828,0.5436341001777061
984829,0.1555287008539516
984830,0.07862654533332408
984831,0.9996534822954429
984832,0.992486638594151
984833,0.545851238446375
984834,0.40423901107577
984835,0.8828802934188591
984836,0.8758780467246732
984837,0.9991672013284523
984838,0.00587731274942401
984839,0.6689061947564852
984840,0.6807172392371752
984841,0.9772886384367563
984842,0.9956274941093448
984843,0.9999925671197616
984844,0.11936283906544663
984845,0.9991910323829112
984846,0.9971552435526448
984847,0.2540052669820993
984848,0.03428980503938511
984849,0.771476311977684
984850,0.9016781365661239
984851,0.9979921858472744
984852,0.9995127862628146
984853,0.876062638397814
984854,0.8410445432787296
984855,0.14587394565930517
984856,0.8627080537287439
984857,0.9904732073449642
984858,0.9771289692349737
984859,0.997943899651723
984860,0.9984152005939285
984861,0.9996961719842216
984862,0.8693153973114247
984863,0.9984315935166717
984864,0.9996532543575001
984865,0.5108653787682064
984866,0.7188335603538709
984867,0.027432226458025295
984868,0.911389839202357
984869,0.8448147083365453
984870,0.999466309695267
984871,0.8943470031834632
984872,0.9973723274927828
984873,0.9922254140832085
984874,0.08877234113978644
984875,0.9884572211440049
984876,0.20068834317403977
984877,0.9979637774257332
984878,0.030966949531826184
984879,0.9995514757282086
984880,0.9318985712070426
984881,0.9266119487961888
984882,0.9997535587187094
984883,0.9998830971411444
984884,0.970620956074031
984885,0.9938454148979782
984886,0.77956724351745
984887,0.003857322468873475
984888,0.9113357396272328
984889,0.9999566802118607
984890,0.9999842580794548
984891,0.9941411116328305
984892,0.1970682484087372
984893,0.9530480202066935
984894,0.004278449749861002
984895,0.9970987516162058
984896,0.9999805070630512
984897,0.9927809387745437
984898,0.9901334808154441
984899,0.6478937601888334
984900,0.999931243400855
984901,0.9237037741096831
984902,0.61938284231456
984903,0.35333767052938353
984904,0.9980681986036717
984905,0.9845788456254718
984906,0.9236290850547221
984907,0.6509376897483983
984908,0.4882103757279189
984909,0.9996527050457018
984910,0.9977267221666325
984911,0.9999709278424705
984912,0.9997662362279676
984913,0.9999002033005218
984914,0.24018051832825255
984915,0.9992387233203353
984916,0.11354211324953185
984917,0.21852546615957535
984918,0.6751324097265896
984919,0.718246736501186
984920,0.9994132951579239
984921,0.9474874061798915
984922,0.410223881553166
984923,0.9881616879133148
984924,0.9962712621164397
984925,0.999105036235272
984926,0.23360256357981485
984927,0.5040554204722332
984928,0.6670236450978821
984929,0.9999880727137408
984930,0.12417637404501748
984931,0.13906330171560916
984932,0.8792403184127339
984933,0.2822687746925739
984934,0.9998804683525739
984935,0.7354362180740031
984936,0.9968621501724566
984937,0.9999757942544816
984938,0.9913338511063081
984939,0.9998624621685674
984940,0.29661910881034714
984941,0.44772943234767526
984942,0.021327783246868313
984943,0.9999947741865022
984944,0.9976903018463263
984945,0.319881046789695
984946,0.9960476265495881
984947,0.2047569140750768
984948,0.15739813767486405
984949,0.872257431085786
984950,0.9995136833609131
984951,0.9043160070006929
984952,0.44934835797590544
984953,0.9999478589844968
984954,0.17112523453073017
984955,0.6138851279803114
984956,0.9984293346052107
984957,0.34745590359350775
984958,0.9997364676608582
984959,0.05183084536614598
984960,0.9508043628564671
984961,0.11193218304673944
984962,0.3025095946330216
984963,0.999782023591623
984964,0.9733652171817013
984965,0.4476370004972118
984966,0.9969451454684528
984967,0.9998654250758159
984968,0.9786915147372081
984969,0.9109415758159443
984970,0.6296660371347921
984971,0.25165135637750563
984972,0.43276755230500974
984973,0.31111669958863686
984974,0.0162147095004895
984975,0.9998151419745582
984976,0.6974778485092717
984977,0.9999078586789953
984978,0.9916780088820972
984979,0.98879291310686
984980,0.9880065738824745
984981,0.5359941053323829
984982,0.013048983965682923
984983,0.9894631726675991
984984,0.9972096408201208
984985,0.743847267753256
984986,0.7619435022334267
984987,0.38267475492687886
984988,0.04031983683590906
984989,0.9971756230488822
984990,0.43176612232504524
984991,0.39420619623754716
984992,0.9851218151800107
984993,0.545081025843923
984994,0.9996829826847831
984995,0.9999601931038773
984996,0.10462194951609494
984997,0.47517883361568236
984998,0.13060070748130728
984999,0.9921291938363499
985000,0.7127121030599555
985001,0.8176124509407889
985002,0.9998418232883672
985003,0.9998133343292659
985004,0.9996735093807496
985005,0.9982014437052862
985006,0.03625231983057914
985007,0.9893766662108193
985008,0.9991301506508188
985009,0.9998816620124702
985010,0.9865573157293408
985011,0.9936162772801547
985012,0.060692532438907466
985013,0.9989870923575729
985014,0.9998458629640711
985015,0.5333405083911804
985016,0.9995856721056485
985017,0.999979603649608
985018,0.5135216606764182
985019,0.9581771782267346
985020,0.19745436723054421
985021,0.48452172615640665
985022,0.28833692506193753
985023,0.022632553706722236
985024,0.0482160348637311
985025,0.7348383605101816
985026,0.9997908054166251
985027,0.9999457437746788
985028,0.9992595277515255
985029,0.9978099403000209
985030,0.0517189226272738
985031,0.832688448140352
985032,0.9998946886624553
985033,0.9981665478272121
985034,0.4413073742710418
985035,0.8413246709023079
985036,0.04352088473729945
985037,0.21669710625274724
985038,0.5253178313864131
985039,0.9971919699774703
985040,0.9999394632934748
985041,0.8528204731265393
985042,0.9999778051657179
985043,0.9976737293413025
985044,0.2775293933119063
985045,0.14676586099017594
985046,0.3321619405755136
985047,0.9990285786764455
985048,0.9776955923967439
985049,0.9883300037697056
985050,0.619366002110396
985051,0.9476598014561037
985052,0.519332806044277
985053,0.6959042351768467
985054,0.9999896377336972
985055,0.999756744368413
985056,0.0756502029437532
985057,0.8296365598426759
985058,0.9975566748819545
985059,0.9999625802361811
985060,0.9867136650759528
985061,0.9999794220706353
985062,0.8153689066393499
985063,0.05882124470605541
985064,0.9543032231204759
985065,0.9986345931280664
985066,0.8413540352647547
985067,0.8225420427278444
985068,0.9992085141966429
985069,0.9852827749748405
985070,0.8987986008662889
985071,0.9999899008762593
985072,0.9981730493727551
985073,0.9993430578020169
985074,0.08758335739957965
985075,0.9999865124943559
985076,0.9610242042209209
985077,0.07530448541448224
985078,0.8689131859681982
985079,0.999919505281506
985080,0.18672902596983493
985081,0.999499715489919
985082,0.9776183712227244
985083,0.9998018613678585
985084,0.981792593511666
985085,0.3111411132833146
985086,0.010080295450033394
985087,0.9982976688438288
985088,0.45632595843809903
985089,0.9890814550662069
985090,0.6095459591402155
985091,0.7988799357612744
985092,0.9932316359809803
985093,0.18122517353991982
985094,0.9670998837091255
985095,0.6861555700228774
985096,0.33713312388232614
985097,0.9465391955773539
985098,0.9996537650205415
985099,0.06593794954666074
985100,0.6181264523306111
985101,0.9914778353124449
985102,0.31365055266468256
985103,0.9449838420375976
985104,0.9932160337115467
985105,0.9700356210999382
985106,0.1915877024216181
985107,0.9607979231832562
985108,0.9986774543443202
985109,0.999916665708996
985110,0.9354133135839292
985111,0.3359197281056484
985112,0.9996610036019666
985113,0.6175181246950376
985114,0.988749447569486
985115,0.031672604249176686
985116,0.994863525899376
985117,0.01019879565548593
985118,0.19561586821147942
985119,0.9999095781265547
985120,0.8686629969428425
985121,0.06105239599159573
985122,0.9939984454602558
985123,0.003945234526372034
985124,0.9998588220492658
985125,0.9999568559912695
985126,0.9993606939969577
985127,0.9999492010648467
985128,0.16980333329930625
985129,0.9677969311774277
985130,0.008952915344424956
985131,0.05877485567428929
985132,0.9998207594590598
985133,0.9997528633122639
985134,0.9877025427024194
985135,0.9951169310714514
985136,0.4800155717523865
985137,0.2870725220261157
985138,0.14918239756489
985139,0.9996721807194688
985140,0.9999025261577829
985141,0.9978782514406019
985142,0.9996998120565066
985143,0.9953625672642152
985144,0.03492752065554103
985145,0.9990753960128613
985146,0.7357003338108873
985147,0.8746411508267182
985148,0.028306410067792498
985149,0.9977797166035747
985150,0.5191112931413051
985151,0.9675195967738945
985152,0.9967445367462099
985153,0.978519068224472
985154,0.8060793696794764
985155,0.1709803346574968
985156,0.510340532526472
985157,0.7519991357511986
985158,0.9629397743229605
985159,0.9991593653692117
985160,0.7632496547240346
985161,0.9999471704972662
985162,0.9988192857019969
985163,0.9999793914309956
985164,0.016813016968635623
985165,0.9939649261604068
985166,0.9999339233698598
985167,0.9886018440446591
985168,0.9999251653378436
985169,0.9480298940439241
985170,0.02781823002105157
985171,0.9999464827680868
985172,0.9219023035311034
985173,0.9999784033776157
985174,0.11604964130125558
985175,0.12080532157923686
985176,0.02547953373140816
985177,0.9996847614445773
985178,0.9784607929602523
985179,0.986015422976296
985180,0.8368586647556058
985181,0.007870559611554556
985182,0.15024128180980037
985183,0.9997007285391436
985184,0.7389862071832833
985185,0.6646893406142824
985186,0.5009182290435346
985187,0.9999680188604854
985188,0.9999794581494784
985189,0.9997115756942287
985190,0.9834201902727316
985191,0.9999134996726848
985192,0.5977944302668731
985193,0.9998193996636846
985194,0.026124300016030808
985195,0.9903078215962118
985196,0.927643129232168
985197,0.9987204304680454
985198,0.980459096436315
985199,0.6474197870687718
985200,0.8278323201287341
985201,0.14074924463211452
985202,0.8283626027038207
985203,0.66416146206352
985204,0.04313586958101877
985205,0.9831776874191198
985206,0.41549690963100705
985207,0.8313728916713413
985208,0.8844553569926266
985209,0.9996160041281803
985210,0.07628301689677432
985211,0.9998074411085726
985212,0.9937751564978985
985213,0.9997525507220926
985214,0.9998039052452153
985215,0.7868085292464034
985216,0.9995900079859502
985217,0.09151355593843169
985218,0.03421715677942718
985219,0.999462295881315
985220,0.9997874506357995
985221,0.9999033961873631
985222,0.2234555248598292
985223,0.9999363175366858
985224,0.9999569007272285
985225,0.34854312057054887
985226,0.30542362707647663
985227,0.7327290160295626
985228,0.19136179697511582
985229,0.9995914870778662
985230,0.03120391090708411
985231,0.9998452432257119
985232,0.999947435907903
985233,0.9639763239500312
985234,0.9955070733691975
985235,0.8334548776609383
985236,0.2681130518194358
985237,0.9300588971602834
985238,0.9997758531736789
985239,0.9949859636997016
985240,0.9954923155795063
985241,0.974274472223249
985242,0.9995730752464295
985243,0.9995542637591923
985244,0.0462393359524182
985245,0.6070451221211353
985246,0.10772260692971025
985247,0.9995475393689435
985248,0.9984787924089513
985249,0.9965650224320439
985250,0.04207415147043636
985251,0.09487686658475022
985252,0.9884028537339393
985253,0.9999736406507534
985254,0.9605953804796927
985255,0.9893462281714819
985256,0.08132010703799963
985257,0.18955469078579076
985258,0.9999459894532821
985259,0.7169342215312358
985260,0.5545330078324496
985261,0.661272375742817
985262,0.04527596884610571
985263,0.83342401847381
985264,0.9995502550967084
985265,0.9966168330399197
985266,0.7033633183253218
985267,0.9998239692829434
985268,0.9999605447997291
985269,0.9998498138497365
985270,0.5709895140119489
985271,0.7145875298899255
985272,0.9999450959199396
985273,0.9755712599966199
985274,0.9810555592255956
985275,0.49291279802802734
985276,0.7812125191097901
985277,0.5731653287946245
985278,0.7286771056701254
985279,0.9989234964870193
985280,0.10720991042881958
985281,0.9726529381864781
985282,0.9994518192473605
985283,0.00613017241990484
985284,0.999835296925935
985285,0.9999874448460502
985286,0.999950999984052
985287,0.9792211217594904
985288,0.9999418116838408
985289,0.0931898260247753
985290,0.01278647455848068
985291,0.9996132446611558
985292,0.666298349737947
985293,0.018491851180882597
985294,0.29594655016499033
985295,0.9374821586042021
985296,0.6701036121047887
985297,0.1323922812650935
985298,0.997688209489291
985299,0.9948034136476431
985300,0.8139405087145608
985301,0.7407597043059599
985302,0.506881821570557
985303,0.6917083178090317
985304,0.8998628709140982
985305,0.0999216616267372
985306,0.25908476761215204
985307,0.03536442970040929
985308,0.8803375268037714
985309,0.41171814780463006
985310,0.9962470647212525
985311,0.9994540231855955
985312,0.9999541449219572
985313,0.9371219264911654
985314,0.9998049138054239
985315,0.4951324792087166
985316,0.15983448945988823
985317,0.990365968851866
985318,0.9999408873686797
985319,0.19817205345635824
985320,0.9990192791041241
985321,0.8218272847510755
985322,0.7092774020951915
985323,0.021822033178822905
985324,0.8555278307930896
985325,0.4017593582837467
985326,0.07883472947352703
985327,0.7474634256070095
985328,0.30191929758101277
985329,0.601543480501538
985330,0.9998187561008679
985331,0.9959654269617858
985332,0.00682432977135957
985333,0.9800217205307058
985334,0.28058389676327794
985335,0.8236938537568556
985336,0.2833114858134371
985337,0.999957990721789
985338,0.023621859855230437
985339,0.9975327207992192
985340,0.5931897255708204
985341,0.9703716020338753
985342,0.9998662997827228
985343,0.5805947069948141
985344,0.9996817619048928
985345,0.4738743423515543
985346,0.9999101323740112
985347,0.9726693419605753
985348,0.9998358054941117
985349,0.9975154112706737
985350,0.9902195578590584
985351,0.8995347925263002
985352,0.997102729464522
985353,0.5845692331862079
985354,0.9998726697814684
985355,0.9998308160657814
985356,0.999981725736462
985357,0.9999274125181836
985358,0.993346415286771
985359,0.09735201093929
985360,0.9995186896476762
985361,0.9973417120983801
985362,0.6997975721749714
985363,0.9334174819088137
985364,0.24785444045447494
985365,0.013322003899214679
985366,0.995702172845733
985367,0.9999246868602132
985368,0.9500008478051162
985369,0.9421064600311642
985370,0.2774628726482277
985371,0.09368668281714475
985372,0.9414892914183103
985373,0.555515943907946
985374,0.8355617327845475
985375,0.9983730206117759
985376,0.24686508805937513
985377,0.7635125857288353
985378,0.10815153596319768
985379,0.9809850896343932
985380,0.8765515546455512
985381,0.07771569928335784
985382,0.9997207460528666
985383,0.8580837478011565
985384,0.9999580340446735
985385,0.8360703921818806
985386,0.1253526134214176
985387,0.9907442870437468
985388,0.9990545192237914
985389,0.7830163698937371
985390,0.9239205596211777
985391,0.999936458406085
985392,0.9955795227747495
985393,0.999763951679977
985394,0.3473991292469954
985395,0.4014643258902779
985396,0.9996578736514716
985397,0.2527404741702334
985398,0.6752004668131842
985399,0.996503305543019
985400,0.9960361872398836
985401,0.9740183509993647
985402,0.103915126642673
985403,0.2345506092427917
985404,0.9997927519075255
985405,0.9998553812644857
985406,0.2397336871670921
985407,0.111712063953768
985408,0.9976582038233751
985409,0.998972386591247
985410,0.9998958439236513
985411,0.7730745962221632
985412,0.9096336531749021
985413,0.6856691515084025
985414,0.5390845525592187
985415,0.9998692915346368
985416,0.9433749135055786
985417,0.37369627150636536
985418,0.006539770775875829
985419,0.9994493914899962
985420,0.9999198957057347
985421,0.9998287336548647
985422,0.43694476102473667
985423,0.9995964983759257
985424,0.24424969085293996
985425,0.9963943312579924
985426,0.9995059070667873
985427,0.9992286792793059
985428,0.994895718839784
985429,0.7584881511778239
985430,0.07797513217643409
985431,0.9985273889050679
985432,0.9978066899071274
985433,0.260099419064612
985434,0.9788913404333417
985435,0.99638214351831
985436,0.9998432249137084
985437,0.5653899219306872
985438,0.038186328219068456
985439,0.9924137854013079
985440,0.9997087856069067
985441,0.9992638507666496
985442,0.9985737474695027
985443,0.4196949530802877
985444,0.455903300775028
985445,0.9995904974930039
985446,0.7781265952757115
985447,0.9999288897720744
985448,0.9334110661890229
985449,0.18029951837193547
985450,0.19758067432765644
985451,0.727267927255757
985452,0.030121905537717972
985453,0.9999288136396807
985454,0.9992556924359453
985455,0.09190887071409182
985456,0.9989057033453455
985457,0.18228380011019052
985458,0.9973552528542629
985459,0.017890274191623683
985460,0.9482668468639583
985461,0.8537312100300527
985462,0.9970598075232462
985463,0.10942306539333224
985464,0.8346514502474447
985465,0.24327501351884384
985466,0.9884498355798685
985467,0.046137828331260844
985468,0.9183009220369085
985469,0.025395244848261476
985470,0.6402989792609874
985471,0.9997966732929957
985472,0.04528601039252193
985473,0.9824024145967891
985474,0.9805779729688697
985475,0.42734039865505313
985476,0.9998034994938769
985477,0.8620217040122011
985478,0.5633763192074817
985479,0.9865149064157269
985480,0.9986592747467689
985481,0.9896242026909738
985482,0.8129178873483378
985483,0.9918194815048598
985484,0.9994818868339626
985485,0.9980619592558455
985486,0.9971835992639875
985487,0.9803204454988037
985488,0.9999771883621758
985489,0.7705833062307379
985490,0.9927937581835518
985491,0.9948162302393607
985492,0.2288771196859153
985493,0.009005811766600896
985494,0.9999660603479223
985495,0.5720789147449425
985496,0.9161929576039185
985497,0.19230165663127574
985498,0.734069059965549
985499,0.4171322347101921
985500,0.9998039090449752
985501,0.8018347269233329
985502,0.872482001264058
985503,0.9871775365360242
985504,0.09010310093157183
985505,0.9999155276442072
985506,0.531781654303962
985507,0.334350740705122
985508,0.08317076420158823
985509,0.9998611806977773
985510,0.9999526010533231
985511,0.9967465772968631
985512,0.10579160825729547
985513,0.4643023327040028
985514,0.40523755207231826
985515,0.9998467549329929
985516,0.9986193541845086
985517,0.982170329107604
985518,0.9998709921593509
985519,0.9399817302177254
985520,0.784865820749998
985521,0.9986333769169844
985522,0.10400455019428514
985523,0.5798575475989032
985524,0.6988116798297995
985525,0.9994860162014175
985526,0.999802108258822
985527,0.9910738987396002
985528,0.7524682764053998
985529,0.9997841110857455
985530,0.24663721675205647
985531,0.411881874179165
985532,0.9852244541381703
985533,0.8702326254198219
985534,0.9985406253899264
985535,0.9994776090960726
985536,0.9962673558814057
985537,0.9564360603106236
985538,0.6173544837426235
985539,0.9999417891320336
985540,0.48067281122636224
985541,0.0054190108024242505
985542,0.9911333805654436
985543,0.05189088053063662
985544,0.9166481765986056
985545,0.999826111817478
985546,0.6996407223482441
985547,0.9162706505311375
985548,0.04075447422119784
985549,0.041549594732504934
985550,0.9948760487327551
985551,0.002475610424624359
985552,0.9873288778056142
985553,0.9999790204455552
985554,0.4480664124457119
985555,0.0660594557482641
985556,0.9999773499564298
985557,0.8082033068593735
985558,0.9998971505206794
985559,0.9995874268884033
985560,0.9996061824520566
985561,0.9984094781327744
985562,0.9991702921583262
985563,0.9995516280895171
985564,0.9999512405683
985565,0.5782998074937497
985566,0.6415296445615238
985567,0.8268767954786307
985568,0.9990365823834408
985569,0.8723335074695118
985570,0.9992987189285131
985571,0.04375762628886783
985572,0.08938213870541112
985573,0.8426819955881019
985574,0.9060194035873236
985575,0.13257919106282795
985576,0.608561824409069
985577,0.01140373250282987
985578,0.005567398823234274
985579,0.9982891926574471
985580,0.9996720100295362
985581,0.9417930626023323
985582,0.4156385182581847
985583,0.9997173570390174
985584,0.9992513388179582
985585,0.8899046817600982
985586,0.9995280325056004
985587,0.007405736320582439
985588,0.06121062808092208
985589,0.99948367297845
985590,0.1027047478524595
985591,0.0024554697692161947
985592,0.9999342668057642
985593,0.8253751261414872
985594,0.9997877961872881
985595,0.9777719534412392
985596,0.9984714831310793
985597,0.05902300626733717
985598,0.24482294733761906
985599,0.9980382864948407
985600,0.7767668128792181
985601,0.8183057930766202
985602,0.9994240368554848
985603,0.5569123880979983
985604,0.998991810655443
985605,0.9984959872292529
985606,0.9999903174325966
985607,0.9999889693086262
985608,0.5114799409480616
985609,0.9999444935458638
985610,0.4477195231598218
985611,0.015467092717912025
985612,0.9742939887539289
985613,0.009015372589641319
985614,0.9895927551826229
985615,0.9994820802119926
985616,0.9968647400300444
985617,0.9991777792312229
985618,0.5248403850342953
985619,0.9942487430340147
985620,0.9998827850173182
985621,0.3153531335891117
985622,0.3749708128717551
985623,0.027140195336807615
985624,0.9999876465541289
985625,0.06392551435753746
985626,0.6322487545868606
985627,0.9992649235654582
985628,0.9240243269002202
985629,0.36358168152608156
985630,0.9987352206991063
985631,0.11891183436045694
985632,0.9995538714905439
985633,0.990499453800924
985634,0.32156486794292616
985635,0.8073900839566222
985636,0.9996458325966895
985637,0.23496578748774585
985638,0.9867543147116455
985639,0.3836474337061118
985640,0.02110240076281121
985641,0.9982847607887211
985642,0.9998483666444993
985643,0.13473802239141558
985644,0.008248717421788208
985645,0.9792117898830011
985646,0.999873896480297
985647,0.995505545164362
985648,0.0793378732249804
985649,0.9982517084503826
985650,0.9337500827055293
985651,0.9976111646046925
985652,0.999982071460519
985653,0.8484567196750061
985654,0.7660306268925057
985655,0.004331651415746463
985656,0.9908905336700953
985657,0.9993505303514769
985658,0.9998504045555123
985659,0.9032625592001123
985660,0.971610271694048
985661,0.9996984933653666
985662,0.9802695245470919
985663,0.9876173412531368
985664,0.9937687435956216
985665,0.99931159546761
985666,0.9992828236867228
985667,0.9998264795862049
985668,0.9713549418645514
985669,0.8483283488024295
985670,0.9578298948349677
985671,0.9998421109669138
985672,0.9992175138933022
985673,0.9987327303361355
985674,0.9993719300702696
985675,0.9988465335797636
985676,0.04012524370265128
985677,0.9845010370690022
985678,0.8715561181642396
985679,0.6479382756569052
985680,0.8260882372979064
985681,0.9857853713355437
985682,0.3820632397460293
985683,0.9998422591049443
985684,0.9991239787551955
985685,0.3077543792689539
985686,0.008551829247662934
985687,0.9956571100931209
985688,0.9912367699254233
985689,0.9088907371535292
985690,0.9987182939229992
985691,0.981323226370636
985692,0.8067233651890136
985693,0.9993583503951577
985694,0.999846246483364
985695,0.03038484692663016
985696,0.9968151194880008
985697,0.9999770334934011
985698,0.6934549212061595
985699,0.9993288082546065
985700,0.9823186132520155
985701,0.999912961800167
985702,0.9625695038925224
985703,0.24933001428542778
985704,0.6230983132229507
985705,0.04460678439405515
985706,0.9994425232724061
985707,0.004372765353115082
985708,0.6665209965271919
985709,0.7290376419509054
985710,0.994477029221164
985711,0.16083051732690012
985712,0.8916032098302542
985713,0.08480439016539223
985714,0.29266822453893
985715,0.32622996225254575
985716,0.9971397300807473
985717,0.9995345862121552
985718,0.9668488176720629
985719,0.992058942968145
985720,0.9996728366207264
985721,0.99938446828801
985722,0.9995645332380257
985723,0.9988265560023368
985724,0.9916344992563729
985725,0.15188889545583228
985726,0.8534857616601041
985727,0.009198954310109255
985728,0.9933977977036954
985729,0.19532435405277818
985730,0.0012433230444145085
985731,0.8561114055975446
985732,0.834524435602382
985733,0.8391398387039881
985734,0.7924816907880108
985735,0.9460001715004334
985736,0.9886385066690948
985737,0.9997743158684872
985738,0.9991595974367075
985739,0.9942410807620117
985740,0.9994858256621846
985741,0.995811641040413
985742,0.9995286288678158
985743,0.04798321893068741
985744,0.9984424910176057
985745,0.704933607778709
985746,0.820540765110749
985747,0.2725303068387657
985748,0.9997224360212578
985749,0.9996500888000586
985750,0.9982591595216757
985751,0.960443006172745
985752,0.2783968480734681
985753,0.9961674721626236
985754,0.870353923806267
985755,0.9444696964225074
985756,0.6018126377044787
985757,0.24395756560378715
985758,0.9943718688091219
985759,0.9996902731043619
985760,0.999819862877806
985761,0.9939887056804573
985762,0.9996834057997952
985763,0.46600974168684706
985764,0.9651629948721334
985765,0.1581222036459168
985766,0.6092775476392043
985767,0.7622132218261373
985768,0.8836563674120004
985769,0.0516880370205596
985770,0.9889972460488632
985771,0.793718028669141
985772,0.9978071089599378
985773,0.6387317591570052
985774,0.7094225116062811
985775,0.6970206885671949
985776,0.8889706552984572
985777,0.9937685792636077
985778,0.001969734116170012
985779,0.7122561912988106
985780,0.3374112638545945
985781,0.8958735488039395
985782,0.9993791408077553
985783,0.9991078442783121
985784,0.9999167801285734
985785,0.9891703666438569
985786,0.05275847543591012
985787,0.9847068110156172
985788,0.8767647658269572
985789,0.935412447978111
985790,0.9962317484478695
985791,0.05267806911690928
985792,0.992479252363349
985793,0.9999560190262138
985794,0.9999394058335415
985795,0.006004402583159706
985796,0.9925348623934334
985797,0.999743516751036
985798,0.7956378033528095
985799,0.9950186461248518
985800,0.3335922195999349
985801,0.959053248368086
985802,0.011573973693015188
985803,0.9593064383203163
985804,0.2221868043318831
985805,0.9638576487720378
985806,0.4870076449238001
985807,0.9983810572860811
985808,0.7626150115009527
985809,0.6639157506805397
985810,0.6147172876629566
985811,0.9998620529913641
985812,0.8896710802513175
985813,0.485940693247633
985814,0.2260772264877915
985815,0.9351397724232253
985816,0.9862164556302964
985817,0.9999235881386358
985818,0.9998989177508092
985819,0.06907510372100518
985820,0.9070302595067739
985821,0.5942500701362885
985822,0.9607132652257842
985823,0.7957198777496437
985824,0.6592792774037227
985825,0.726386615365427
985826,0.9952594633334402
985827,0.8676077865567109
985828,0.8824015722014049
985829,0.7830789153464522
985830,0.999678686434225
985831,0.5422147739349212
985832,0.996067438645724
985833,0.5989657676488338
985834,0.9993239030521766
985835,0.01333982322167597
985836,0.9999789708657505
985837,0.9340131188781107
985838,0.34576608536214887
985839,0.5251699307868403
985840,0.9878212943836231
985841,0.06944445851269619
985842,0.1465567841060559
985843,0.8507761560953426
985844,0.9837629424950127
985845,0.9730939529147693
985846,0.9969809523849067
985847,0.9503519185673416
985848,0.9928316577276822
985849,0.9776707894441754
985850,0.9997748393691592
985851,0.06924013242237494
985852,0.9993357619874074
985853,0.17351681182734896
985854,0.31039130345746246
985855,0.9991206179880996
985856,0.9996969884409157
985857,0.7157259984373141
985858,0.9844240012866567
985859,0.23503917439275315
985860,0.9753083667679066
985861,0.9998748998108422
985862,0.005993918790542323
985863,0.999986724489424
985864,0.3699289879436519
985865,0.9999824090221303
985866,0.9989684113872832
985867,0.08517809199071125
985868,0.9976711208132267
985869,0.7940958423988709
985870,0.48546756111594924
985871,0.14256818421854012
985872,0.9998587771305791
985873,0.9681853918066973
985874,0.9999003827827676
985875,0.9965748154402733
985876,0.888974354756753
985877,0.01207777525205808
985878,0.01856748875203123
985879,0.31731077532565793
985880,0.12984841014015264
985881,0.9982193471120506
985882,0.8556326158900723
985883,0.47762046036531136
985884,0.9937616536019287
985885,0.9302376907619926
985886,0.9913171930372456
985887,0.9809769146493261
985888,0.9998117634159582
985889,0.019677170934427418
985890,0.014491026417741915
985891,0.7572327714865539
985892,0.9813022497153124
985893,0.9998160060054203
985894,0.9994258119643554
985895,0.9178330701789199
985896,0.01856592724781299
985897,0.11082627994301188
985898,0.9910294952984458
985899,0.9983780607985696
985900,0.5066617334399837
985901,0.9992830776519895
985902,0.1014841018003284
985903,0.9915800109592925
985904,0.4934172236867585
985905,0.9989813625395565
985906,0.9671523090053713
985907,0.7552074632328845
985908,0.024425186853595744
985909,0.9469613335402383
985910,0.5008781522055841
985911,0.9996121767953124
985912,0.8979927505481946
985913,0.012553272565334615
985914,0.9796554232558616
985915,0.023942445713735293
985916,0.9874916506873482
985917,0.9998567221194492
985918,0.8531002277516869
985919,0.4571692002619129
985920,0.005233010246806548
985921,0.9999831017599261
985922,0.999632003162351
985923,0.9995557511092198
985924,0.6565659976721301
985925,0.36879763345581074
985926,0.980513068776891
985927,0.9503857061999862
985928,0.9995945822313268
985929,0.00972388051713943
985930,0.9877975853602778
985931,0.999391232362688
985932,0.5377891526127494
985933,0.993542885307668
985934,0.9456267829454043
985935,0.96975981009048
985936,0.6664292073038359
985937,0.023829177836262642
985938,0.9978678369846246
985939,0.7467921748982744
985940,0.9997476538286307
985941,0.9902658086104577
985942,0.9057557621961388
985943,0.9999422530934865
985944,0.7848532265325844
985945,0.9996291763090406
985946,0.8383696829614538
985947,0.930705251191124
985948,0.928704141817617
985949,0.9988346162764455
985950,0.5381938758906906
985951,0.9029167844746229
985952,0.9994733144906953
985953,0.9981608292511828
985954,0.9975397347831964
985955,0.030186753050080624
985956,0.9998844184561513
985957,0.22936681497040462
985958,0.9957241532020908
985959,0.9882400327959937
985960,0.45743916920697575
985961,0.25179324125788044
985962,0.7031921089402475
985963,0.9998433192142254
985964,0.8419219345521087
985965,0.9963408169674735
985966,0.07091432312002538
985967,0.24721078359217727
985968,0.9493696947384036
985969,0.2887639443993636
985970,0.030083832723542387
985971,0.9997386794343388
985972,0.999902353867096
985973,0.21890004017276837
985974,0.03958588415997573
985975,0.9909728622037784
985976,0.8551527292675771
985977,0.999421566319922
985978,0.9376682703927115
985979,0.9964370984417568
985980,0.08232793227016322
985981,0.9865847318879506
985982,0.27141698087870214
985983,0.9978828815080172
985984,0.40836711033966694
985985,0.10780467814118491
985986,0.0735008924493915
985987,0.808196983067222
985988,0.9704152577024973
985989,0.5471525793368808
985990,0.9944663882910934
985991,0.8641210269155934
985992,0.7832232174353995
985993,0.023235574214780626
985994,0.153149528383707
985995,0.9953773146009073
985996,0.9997710038881239
985997,0.9997154830040829
985998,0.9999494176212146
985999,0.9981228450765041
986000,0.9998180907205394
986001,0.7904094629005345
986002,0.8605383852891302
986003,0.054095504936433135
986004,0.9995889080967452
986005,0.9999823456156011
986006,0.9831738496387001
986007,0.9996846366590175
986008,0.5505087459130662
986009,0.9999245501971308
986010,0.9998924544034932
986011,0.9999839527801431
986012,0.9995259622527255
986013,0.6323732479492954
986014,0.4327828809847713
986015,0.7194272252325751
986016,0.6550692755963002
986017,0.8784686130863593
986018,0.28473036949523783
986019,0.9830426115993091
986020,0.132456732896332
986021,0.38459714655138066
986022,0.2336728339226325
986023,0.45044643311299415
986024,0.9999745031342708
986025,0.8986692827836864
986026,0.00585515571905818
986027,0.9946732202971416
986028,0.776980806701171
986029,0.05608756091059621
986030,0.6058299853543552
986031,0.999958810840512
986032,0.6856743665956814
986033,0.03469416656250394
986034,0.9973139221870606
986035,0.29505834268203757
986036,0.9540217075293864
986037,0.7516494638793951
986038,0.9998364480327815
986039,0.8232648233142617
986040,0.8988799818206298
986041,0.9998098803279678
986042,0.8377741586015806
986043,0.9993825412816104
986044,0.9939127989525376
986045,0.9151728552252635
986046,0.10274247312026341
986047,0.9936062889970819
986048,0.22488589105962378
986049,0.9830580200677903
986050,0.8932827233060625
986051,0.999611641546598
986052,0.9957360244808874
986053,0.9276546338442028
986054,0.2881874367352496
986055,0.13061307602002875
986056,0.9963902322205156
986057,0.9999127742156968
986058,0.9992198719792178
986059,0.9965001978810715
986060,0.5122308442286917
986061,0.9998626443831977
986062,0.9948550957261905
986063,0.3893686679749966
986064,0.9854419849234758
986065,0.9958319820754855
986066,0.979269486987489
986067,0.9829601613204382
986068,0.9998896838090559
986069,0.06246617330239848
986070,0.009732855225097222
986071,0.027833871080698146
986072,0.36140541864314296
986073,0.35128555175055204
986074,0.9979475488735474
986075,0.6015123278038582
986076,0.9994491850475962
986077,0.7217690011731603
986078,0.6510960979832878
986079,0.9964642815574674
986080,0.8056870262751528
986081,0.7911499824661679
986082,0.0899103187065592
986083,0.9671949793183168
986084,0.9997556615080831
986085,0.9931855770553074
986086,0.9331718541004861
986087,0.8284557320473934
986088,0.010961282065891493
986089,0.03082643888079581
986090,0.9997900903942989
986091,0.640327959142706
986092,0.07048359660068176
986093,0.31993229311944327
986094,0.9998737218869442
986095,0.352869490219058
986096,0.9999112408006273
986097,0.9998608677012756
986098,0.9990517353362147
986099,0.988640360791218
986100,0.012711774220578868
986101,0.9919834786100329
986102,0.010552220716227738
986103,0.9991980315302089
986104,0.9997934800601866
986105,0.6746250194499589
986106,0.6930525753325103
986107,0.6690003418679933
986108,0.009153146310829557
986109,0.9997671299931505
986110,0.9969581016105252
986111,0.652766501078534
986112,0.041812145740665184
986113,0.9997335845918088
986114,0.9997816852457732
986115,0.22892859764883833
986116,0.9991100807078768
986117,0.9998540312474538
986118,0.999675605191627
986119,0.3084115043925384
986120,0.31195519890718376
986121,0.5798963534625838
986122,0.012013148584898364
986123,0.05938985528110924
986124,0.9982707323112461
986125,0.9997581480957267
986126,0.14624411568572576
986127,0.9998944775276353
986128,0.4174652425445474
986129,0.9999904708560805
986130,0.9961542309121505
986131,0.9962668910503734
986132,0.9998489376601785
986133,0.9221766214327345
986134,0.054407847119742704
986135,0.33565902960074767
986136,0.8291347483453053
986137,0.997145158048658
986138,0.9999433281782575
986139,0.9943030164569799
986140,0.9318151211989202
986141,0.9995320343271927
986142,0.423661083898204
986143,0.9994139218631142
986144,0.8863740664767759
986145,0.8325603731999293
986146,0.041972852035974166
986147,0.9960197545582796
986148,0.2776589382794457
986149,0.5983531235319234
986150,0.07345979144471955
986151,0.9997007138409438
986152,0.9763436535464797
986153,0.9998607234495194
986154,0.41706570378884883
986155,0.23516114492204704
986156,0.4553888124911235
986157,0.9997824743925412
986158,0.9998112998641023
986159,0.998107907006913
986160,0.9997091803956727
986161,0.9998426165618175
986162,0.9916315947366656
986163,0.9999763567391989
986164,0.015550674854586667
986165,0.9997760799052795
986166,0.058609044491280814
986167,0.0840360528000368
986168,0.9881952350877666
986169,0.6040895918837799
986170,0.32232359359834345
986171,0.9991257254298921
986172,0.9988901066315639
986173,0.9517411753306336
986174,0.7587890094577696
986175,0.9993730950497122
986176,0.7553634908149607
986177,0.3179472515858925
986178,0.9997985173980456
986179,0.9656972479349255
986180,0.9512304072066259
986181,0.9999259494244708
986182,0.9864615906943962
986183,0.37895901102057417
986184,0.2237141377535456
986185,0.9966444273858692
986186,0.12404331005637462
986187,0.04697424712860189
986188,0.9998362956542131
986189,0.9934905538839738
986190,0.9956956698250589
986191,0.3502898144157189
986192,0.9991227635674103
986193,0.42573216265783737
986194,0.6695259035299241
986195,0.0047556680400991595
986196,0.9510257979462388
986197,0.04381367040025917
986198,0.714099647522487
986199,0.9763249483572721
986200,0.9901570449619762
986201,0.9945942911636378
986202,0.9959158339580262
986203,0.9675937356787722
986204,0.1740754130459367
986205,0.9524656245593979
986206,0.9956618475600317
986207,0.9994635250123639
986208,0.9994946697260221
986209,0.9999553318172472
986210,0.9774008189683339
986211,0.9998234042129093
986212,0.9998864923204691
986213,0.9998072425661326
986214,0.043789338640528426
986215,0.7405203550165165
986216,0.999904954220949
986217,0.9997955172324849
986218,0.9981707985861075
986219,0.9980130547505335
986220,0.9997579259698438
986221,0.0343868642294756
986222,0.9999810428156599
986223,0.9128592759543827
986224,0.9176274051433422
986225,0.9636444459700402
986226,0.9957666607259896
986227,0.048002144826936974
986228,0.9125271168781128
986229,0.9995004383393142
986230,0.9996107853305016
986231,0.9987546608260909
986232,0.6546504937242357
986233,0.9996951070438025
986234,0.9419399119508474
986235,0.01069500559721598
986236,0.9988283674551444
986237,0.9996497818537722
986238,0.9979379528980906
986239,0.9465742126436774
986240,0.3516633425741715
986241,0.44182724184585104
986242,0.9997537114684718
986243,0.9998677780787395
986244,0.9562330531022258
986245,0.9672861983448008
986246,0.030556854327344653
986247,0.9885942909343282
986248,0.7195343530736724
986249,0.9999162040426743
986250,0.7055240744769395
986251,0.9547888375377651
986252,0.9999344707043235
986253,0.9693723027000277
986254,0.9759187065895629
986255,0.0473281335452113
986256,0.9092401170675337
986257,0.9998928885951879
986258,0.08809527319306153
986259,0.9999680068425838
986260,0.995844759167246
986261,0.9998441183486553
986262,0.9076597176765506
986263,0.9951436565790749
986264,0.9993244564325621
986265,0.972593286869994
986266,0.9997965755953524
986267,0.9998028939905056
986268,0.9937541849647025
986269,0.9613241965905919
986270,0.7668791745515873
986271,0.9930155260390283
986272,0.9889443999467089
986273,0.9985831610009579
986274,0.9995346303313799
986275,0.9323900617224383
986276,0.987815318727933
986277,0.9997884898395387
986278,0.9999673508977751
986279,0.9184116074988621
986280,0.027120387016060496
986281,0.9187292813490597
986282,0.12778198046607825
986283,0.9965258576314726
986284,0.9978028264632448
986285,0.08977297720099842
986286,0.6654525911916364
986287,0.29570246061992933
986288,0.9354585893837535
986289,0.9896155590313656
986290,0.9868625538191567
986291,0.9996304254567634
986292,0.8000766030556598
986293,0.12902987656371306
986294,0.5493193656195311
986295,0.5925439636085144
986296,0.9998913199125384
986297,0.5976129941743321
986298,0.9994440318163695
986299,0.45145423608415974
986300,0.9998846020106695
986301,0.9999043364571951
986302,0.2514232722217866
986303,0.04299780812953402
986304,0.9999067864622411
986305,0.6768945514327244
986306,0.9658746062685732
986307,0.020195555783717442
986308,0.9960976928820157
986309,0.9761188285090682
986310,0.12222367838711548
986311,0.7493189034735526
986312,0.9734463104452283
986313,0.05187152707679464
986314,0.9059911603879394
986315,0.262907705349729
986316,0.9985144217032543
986317,0.17847700598045163
986318,0.9835178375080182
986319,0.17147904698744132
986320,0.4188752130318303
986321,0.4956557631118225
986322,0.487301978230558
986323,0.9973951021859984
986324,0.9996475528570419
986325,0.8369150852228674
986326,0.9994294622150866
986327,0.9423840635423018
986328,0.9995658560434835
986329,0.9836789745970571
986330,0.5311473072751626
986331,0.018590524155009325
986332,0.9246841472356377
986333,0.17280029464182295
986334,0.15741689987097796
986335,0.2839052224444791
986336,0.6323746519003094
986337,0.8610484642906999
986338,0.9687156804654138
986339,0.9998049203070326
986340,0.0974170846902461
986341,0.8243620214258283
986342,0.994624996542286
986343,0.9374302267638861
986344,0.9994986499839134
986345,0.9807373798429168
986346,0.8561280027563138
986347,0.3342287929663159
986348,0.15472073919022789
986349,0.8874877257421061
986350,0.9955772331897117
986351,0.9979405125129399
986352,0.6988800704006015
986353,0.9732026482464091
986354,0.9997207758360134
986355,0.8816564601346322
986356,0.998336850061135
986357,0.9977342851895542
986358,0.9992847248715093
986359,0.9704063065916115
986360,0.15118572011942347
986361,0.059815764156686546
986362,0.9998500043670228
986363,0.9999604643466138
986364,0.08264620344274426
986365,0.6482144054867721
986366,0.9994322614913551
986367,0.9950545466811758
986368,0.9990847325034993
986369,0.4065325386015778
986370,0.9981558212994016
986371,0.6283895166333031
986372,0.004578728354383634
986373,0.9168443956122021
986374,0.08372432788641462
986375,0.9953224895477523
986376,0.927815320476083
986377,0.9715678042370175
986378,0.499552116885829
986379,0.9847586886336309
986380,0.9999875030613554
986381,0.956446039702695
986382,0.9886575782366662
986383,0.8643180703747007
986384,0.7299357792211565
986385,0.05562744907939542
986386,0.9334894869246632
986387,0.9993775558318642
986388,0.7920814473999375
986389,0.9970374806589093
986390,0.9998701271328092
986391,0.7761079539359829
986392,0.20999334024261734
986393,0.9141050126753185
986394,0.9998201071504121
986395,0.08560318467024845
986396,0.5071098304975774
986397,0.9996025813201966
986398,0.8720329229973626
986399,0.9938361332696518
986400,0.9994687487930948
986401,0.9999539084349256
986402,0.999978188858665
986403,0.9957474268776054
986404,0.293277692069689
986405,0.9239993495720611
986406,0.14673398661332518
986407,0.04857507170044265
986408,0.048885019297486045
986409,0.24866746721884908
986410,0.9982893082433016
986411,0.9964157645633812
986412,0.6769276675480025
986413,0.6342633508323576
986414,0.9997677464377
986415,0.18700090316303297
986416,0.9974062940862916
986417,0.03311464908539981
986418,0.9999719176725528
986419,0.9998628134104856
986420,0.9299281001854767
986421,0.1031189761944224
986422,0.20908774096015514
986423,0.9994976621148755
986424,0.8380276589110847
986425,0.8388748171857212
986426,0.6297637412566696
986427,0.9997257786625644
986428,0.9982891788961187
986429,0.9669960480151555
986430,0.22117554842081832
986431,0.1918436612166597
986432,0.8964143982553012
986433,0.846251384268992
986434,0.5330145097190916
986435,0.9997938381293838
986436,0.8097677855015539
986437,0.02733259289119997
986438,0.9437446167012299
986439,0.19292238496319145
986440,0.507979708936387
986441,0.671126668275833
986442,0.9998965878264028
986443,0.9999750059075376
986444,0.9988722543379814
986445,0.9476370118311722
986446,0.290900097125648
986447,0.9372697134369126
986448,0.9156214214539249
986449,0.8521535641152467
986450,0.9998661288870107
986451,0.4238204002166265
986452,0.6102970912093973
986453,0.9996363895864895
986454,0.8150067412352624
986455,0.007050075219770722
986456,0.9896311342667432
986457,0.16911976359577646
986458,0.26190047211724776
986459,0.9489594595250692
986460,0.931033637094236
986461,0.9994165310062029
986462,0.7669093118993315
986463,0.9999422182188028
986464,0.8710498981650923
986465,0.22373823041356994
986466,0.9843130545396853
986467,0.002506992282226055
986468,0.9996777195891429
986469,0.6954836539802984
986470,0.8014080082226063
986471,0.9628231105581349
986472,0.1999752297404669
986473,0.031034125469753183
986474,0.9448875989986901
986475,0.15904453560041287
986476,0.9767099520552326
986477,0.15295111203909995
986478,0.5075039214167534
986479,0.04668103148971649
986480,0.5498943715520486
986481,0.9685743776678317
986482,0.023115628848710844
986483,0.5771148231668322
986484,0.9103282144363649
986485,0.5870220224799012
986486,0.8077452030307428
986487,0.22307137994188947
986488,0.3258153688939671
986489,0.99999264653662
986490,0.9998036739454585
986491,0.9403726471683489
986492,0.9842264258359172
986493,0.9689851673590217
986494,0.9158730430406058
986495,0.9347330455573609
986496,0.9941292329767212
986497,0.9996094934306902
986498,0.9995933542554352
986499,0.17734602243705733
986500,0.6861116143101389
986501,0.756371702601645
986502,0.9992396351020136
986503,0.9998146694816262
986504,0.7548099778414019
986505,0.6837427385460885
986506,0.9999529158651501
986507,0.010309327128148709
986508,0.9998185543852471
986509,0.24016155920214743
986510,0.9989373010566482
986511,0.9909492948725229
986512,0.4842482781944702
986513,0.7862284918830963
986514,0.015351519307294259
986515,0.9999813509780167
986516,0.6324645638012718
986517,0.9999610830429635
986518,0.9885071510030062
986519,0.8382968559171794
986520,0.9981957828478414
986521,0.9045178375624021
986522,0.8482231509969684
986523,0.9988390214778174
986524,0.999988370848199
986525,0.9700820195188925
986526,0.9949817813442456
986527,0.9993864964576531
986528,0.9988654866380289
986529,0.9999777099503616
986530,0.9586599472801169
986531,0.12941238696695653
986532,0.6184981496193828
986533,0.9999305568689187
986534,0.9999416762179906
986535,0.9999288253033651
986536,0.9980733485240882
986537,0.8240049122204907
986538,0.48680650037094264
986539,0.998273013197854
986540,0.5998483626996549
986541,0.02307517008786799
986542,0.9980743627970197
986543,0.1382980860267784
986544,0.8131543794391617
986545,0.2857013910919919
986546,0.9996328616174001
986547,0.009393689511262304
986548,0.588865370303852
986549,0.9955400837024997
986550,0.9996463293961122
986551,0.9997170464942959
986552,0.9996974755035493
986553,0.8368583841171995
986554,0.9996175205622322
986555,0.5561884387373977
986556,0.5610584816140959
986557,0.9999122354647916
986558,0.9026671876304266
986559,0.893710285833955
986560,0.18602501867183596
986561,0.9999759974089604
986562,0.9257728875295919
986563,0.24239736569384593
986564,0.5266499504347538
986565,0.9979884399687791
986566,0.7994854032207312
986567,0.9663215446126829
986568,0.9993725658598294
986569,0.9929979576368193
986570,0.6993738287922322
986571,0.007221804081761705
986572,0.9980759494027871
986573,0.20389843180202782
986574,0.9983131944792366
986575,0.9469469768041507
986576,0.011834408963269007
986577,0.9999827942816228
986578,0.31162177465000557
986579,0.9989532549224894
986580,0.9999094215935337
986581,0.999336708671464
986582,0.9957682473773858
986583,0.9999792775994378
986584,0.7886907176985707
986585,0.13319214663924753
986586,0.9997207581607084
986587,0.019149275017499114
986588,0.9994672341976203
986589,0.466585960210928
986590,0.997374270094754
986591,0.025156458252273327
986592,0.2199201846929959
986593,0.9999434084041862
986594,0.5214836174804459
986595,0.5870282180500901
986596,0.9995315975075338
986597,0.9303119662043395
986598,0.9988256099007027
986599,0.9519585635460842
986600,0.12848172257495794
986601,0.987714896131912
986602,0.999765750146914
986603,0.9564359069400423
986604,0.18679742730091847
986605,0.9950748011152643
986606,0.04288464982428081
986607,0.9999575235692275
986608,0.9313416210434255
986609,0.9989440294068794
986610,0.06737652232028882
986611,0.8449361092719787
986612,0.4578641483552063
986613,0.9905476361426744
986614,0.07415191574731286
986615,0.5957624892265541
986616,0.9997421560970442
986617,0.9982650920674573
986618,0.9999713361052927
986619,0.011369493388110791
986620,0.18431675313746976
986621,0.998165381323382
986622,0.19753144368664738
986623,0.9997965350711681
986624,0.9999548268010816
986625,0.999911194849198
986626,0.6492625516344077
986627,0.30713913169819246
986628,0.9996773095200944
986629,0.9985067784120409
986630,0.8563192579739952
986631,0.958090927895775
986632,0.290750710991741
986633,0.05204846717963327
986634,0.7872523246381107
986635,0.9979682641359886
986636,0.1193013667069776
986637,0.9782968334006317
986638,0.3062650763060678
986639,0.9948911956033686
986640,0.9991357217462316
986641,0.9343417011356915
986642,0.9998776351836312
986643,0.9999344963155437
986644,0.04633045605382615
986645,0.16197197486298653
986646,0.9999581450382101
986647,0.9997333573840248
986648,0.98121196288774
986649,0.5670309148492736
986650,0.9917420421449853
986651,0.9991135675788378
986652,0.4343699488458801
986653,0.8234155133212938
986654,0.9924820328073938
986655,0.1948715436293627
986656,0.5581313262416456
986657,0.6406478668055158
986658,0.9935640278627289
986659,0.9909465614051525
986660,0.564565344282385
986661,0.9993312940110671
986662,0.640374825777035
986663,0.9225512240384143
986664,0.9593526787179479
986665,0.7008016250728506
986666,0.12816220940438
986667,0.6787397677305553
986668,0.9995185781173673
986669,0.5868280297190829
986670,0.9975947345313808
986671,0.9995395243708443
986672,0.9999822032575411
986673,0.9998313495484101
986674,0.7045390000319779
986675,0.8518846037037648
986676,0.8961055374367438
986677,0.9731109565238064
986678,0.7946423826337499
986679,0.9458450544952509
986680,0.2886267627574217
986681,0.8580188962826912
986682,0.9807086569270631
986683,0.26449871711771333
986684,0.9999369024764457
986685,0.9999320007482048
986686,0.870410676475946
986687,0.8466307536508904
986688,0.009691452022595842
986689,0.9918995154998295
986690,0.8144351612939668
986691,0.9340683914436874
986692,0.9886288067593558
986693,0.8854951596785292
986694,0.9986924797699595
986695,0.9920112798598043
986696,0.9084148012799731
986697,0.8834045019933784
986698,0.9982896569982332
986699,0.013545823862412447
986700,0.9992022965697611
986701,0.99991321563479
986702,0.9998035241744937
986703,0.8869856857086087
986704,0.9346008794767424
986705,0.43620377737517674
986706,0.9108126433169236
986707,0.4749405830951957
986708,0.26186251867855226
986709,0.9997092180303965
986710,0.9998184253405499
986711,0.4169860678836609
986712,0.7381494211630534
986713,0.9657535082900347
986714,0.271068750349637
986715,0.9989734268301044
986716,0.9666865712127994
986717,0.9854740113180664
986718,0.8942197874617883
986719,0.40756376634743585
986720,0.015124292379109179
986721,0.9967162119722215
986722,0.6907887319944713
986723,0.9969449431009464
986724,0.9998578099279867
986725,0.025157979177921175
986726,0.9889768164083622
986727,0.37234796090864103
986728,0.5374969348952414
986729,0.2636460075395819
986730,0.9924922800598643
986731,0.9997423439171598
986732,0.9753958225812089
986733,0.9913852347097439
986734,0.9999472552426212
986735,0.9881185133268723
986736,0.060517424269372955
986737,0.9920091576676076
986738,0.8161382193962208
986739,0.9675889568395537
986740,0.5083017768426589
986741,0.9379948890346763
986742,0.5070177194370177
986743,0.9992819349410176
986744,0.9999247372008366
986745,0.7765737328744834
986746,0.6704019715246303
986747,0.9998537828773995
986748,0.7534671993782376
986749,0.9996018930335225
986750,0.9984403829076407
986751,0.9999957141903801
986752,0.01826426427880741
986753,0.07527679426764104
986754,0.7491891670383559
986755,0.9956823813661078
986756,0.2050962861414395
986757,0.3037546028767726
986758,0.998016287215473
986759,0.9746238151152229
986760,0.3040167247645415
986761,0.6970631350119373
986762,0.9995117243231607
986763,0.38651530884001173
986764,0.9999319139372328
986765,0.9999905779201258
986766,0.9956719361524192
986767,0.6877526572013101
986768,0.03897946028140608
986769,0.9277104010183405
986770,0.6715666005828351
986771,0.9996610281091796
986772,0.07784515899757774
986773,0.8284071540650816
986774,0.7686914993679712
986775,0.9946649433794259
986776,0.5969681552591058
986777,0.9803908706985889
986778,0.9864144821943412
986779,0.9966477813566202
986780,0.8609598845469129
986781,0.06516342566999334
986782,0.996546223324507
986783,0.905292084125126
986784,0.45278905227004895
986785,0.6803832365462742
986786,0.9996113534786322
986787,0.9999516690382131
986788,0.9430449200236721
986789,0.9999258817372279
986790,0.08950894571255882
986791,0.06633655416404653
986792,0.9125878833977967
986793,0.6430073373534686
986794,0.015100709088840515
986795,0.06658908855665688
986796,0.9680733821457428
986797,0.582420318434164
986798,0.9980196601605412
986799,0.9618949359659998
986800,0.6506742980205812
986801,0.9982307069405196
986802,0.9994584512522773
986803,0.7028641443316043
986804,0.02387234675462896
986805,0.9271745318806152
986806,0.06316269047430642
986807,0.03471323598491508
986808,0.9993427992738646
986809,0.9997363527678267
986810,0.8944305816821991
986811,0.9997155840903067
986812,0.999473736482831
986813,0.5922068939352036
986814,0.9999569704536111
986815,0.023113342926718614
986816,0.06898408434408489
986817,0.9989928834427865
986818,0.08163849998431959
986819,0.9995028784820187
986820,0.0032481499306439357
986821,0.055730242107876374
986822,0.006811289215668042
986823,0.9998353014593192
986824,0.7375954794182681
986825,0.9399075255021399
986826,0.7351868935541942
986827,0.9998479565880135
986828,0.14971765871624867
986829,0.4152087588790857
986830,0.9315817731749378
986831,0.991278577396017
986832,0.9998625386284588
986833,0.9994442689605549
986834,0.9906898062080782
986835,0.9992835751986614
986836,0.999933468958937
986837,0.06748536308909608
986838,0.8053791324386306
986839,0.1765485259977824
986840,0.99980288886457
986841,0.9987392000679092
986842,0.7065868365399701
986843,0.9976607818819724
986844,0.9549778283442041
986845,0.5657437957582875
986846,0.9869084201761007
986847,0.9157975447621622
986848,0.9998526017418435
986849,0.584033435458531
986850,0.9841932206285575
986851,0.008137212687981576
986852,0.9997008434117298
986853,0.7485043730357674
986854,0.7020670565206415
986855,0.999514242783788
986856,0.9855750440000237
986857,0.0104617497075864
986858,0.9902408186255224
986859,0.8945446152493258
986860,0.10234439900182714
986861,0.15482260295345732
986862,0.9991164177614165
986863,0.2779523565731378
986864,0.9993281584237161
986865,0.9621665138324257
986866,0.998881363577337
986867,0.999757611748097
986868,0.9991135825746487
986869,0.99811606802347
986870,0.13419720291187326
986871,0.4906368335340897
986872,0.10548473064157363
986873,0.9833792535828068
986874,0.97870995403961
986875,0.980847858482965
986876,0.9991926349491822
986877,0.42133697887940963
986878,0.04877898570239512
986879,0.9731861842992546
986880,0.9993903055521667
986881,0.3296891287805329
986882,0.8547892648143836
986883,0.9993434035628272
986884,0.9991110497315603
986885,0.03941931808756964
986886,0.49191407988891533
986887,0.837918446635876
986888,0.9429204822730487
986889,0.999485523619855
986890,0.22741071676907443
986891,0.9704237347611991
986892,0.037557666612008545
986893,0.8912908134606539
986894,0.30402582726589467
986895,0.9897144254073389
986896,0.06067953195960202
986897,0.3273610907567297
986898,0.14408369703559992
986899,0.9883958752062998
986900,0.20109386482256936
986901,0.14016928255951241
986902,0.9999308924504933
986903,0.649656165512083
986904,0.9917216719547851
986905,0.9955785507968613
986906,0.9999627387460018
986907,0.9979962452230388
986908,0.9463295831058135
986909,0.43871855014226213
986910,0.9996690754729651
986911,0.999911791614799
986912,0.9999526193272871
986913,0.999441975735023
986914,0.1406509439560935
986915,0.9990278798438387
986916,0.05860870199754428
986917,0.9575395160484346
986918,0.9755450728978772
986919,0.9882921509544822
986920,0.5930295480721495
986921,0.9830852111502536
986922,0.9975858127652231
986923,0.9998041353155438
986924,0.5798225419914556
986925,0.06374870766471907
986926,0.02744599111284688
986927,0.9998650199779553
986928,0.8882762202756328
986929,0.9452059359769928
986930,0.6367809367253643
986931,0.998483502404174
986932,0.9988320755793596
986933,0.012935258181597874
986934,0.9934186386770828
986935,0.7359544491903744
986936,0.9491469731152415
986937,0.06107921393769408
986938,0.9999678832208413
986939,0.09459933791103353
986940,0.5111140375968587
986941,0.9996589760226755
986942,0.9296188947114546
986943,0.9999480089563358
986944,0.8413248348532373
986945,0.191811251297029
986946,0.7053738315397113
986947,0.33484881551645307
986948,0.825378839344918
986949,0.35680276491031027
986950,0.14032827990252417
986951,0.06874545976602721
986952,0.4640010853397105
986953,0.943102265912798
986954,0.9492180620708743
986955,0.9968384013641248
986956,0.9996533290130502
986957,0.9786398941582515
986958,0.5675804868308468
986959,0.9999713681880695
986960,0.9977272037579682
986961,0.9991268099938134
986962,0.8390024367335808
986963,0.947935328724899
986964,0.9999909137472152
986965,0.1485029722384575
986966,0.08627590699291768
986967,0.5945897818011681
986968,0.6609426311050115
986969,0.8817798841237777
986970,0.025955821420210884
986971,0.04452445097405992
986972,0.9942705432219399
986973,0.4833479765173032
986974,0.992960474596117
986975,0.7939201705637935
986976,0.09647799636689554
986977,0.9999567848770889
986978,0.07190928972996527
986979,0.0007278147976716889
986980,0.38982060747110014
986981,0.9995167489247577
986982,0.993276403285924
986983,0.9991533133963757
986984,0.993201394581129
986985,0.2449907180698398
986986,0.9987965324054483
986987,0.029482134466205123
986988,0.9862468461497016
986989,0.9981650890660921
986990,0.20583049637707024
986991,0.33288009225076304
986992,0.0777952912338882
986993,0.13081304985344705
986994,0.9993129423310768
986995,0.06689053723336467
986996,0.9999430367309361
986997,0.5214058116047273
986998,0.986598259923369
986999,0.2100258003680168
987000,0.032581727683090346
987001,0.9998659472400506
987002,0.013006749123343112
987003,0.9926186170284304
987004,0.9989575311576762
987005,0.999434238536901
987006,0.012403408514325458
987007,0.9427594075866941
987008,0.9994915011248477
987009,0.7642657443938259
987010,0.3869271886937568
987011,0.6141026136831326
987012,0.5832303072673602
987013,0.9994618523047369
987014,0.9047772151279787
987015,0.5175760711012826
987016,0.22754303882432583
987017,0.9820786762176421
987018,0.9993814957590876
987019,0.0664080116135321
987020,0.9997438204721898
987021,0.9995555998192007
987022,0.9987426172542073
987023,0.6293489506236604
987024,0.9996983899671663
987025,0.8521447453631565
987026,0.22450115657020722
987027,0.8948055494978644
987028,0.43952073091232724
987029,0.9989887030570355
987030,0.2894407846864393
987031,0.9993669483054451
987032,0.12133545687144567
987033,0.6386322133044775
987034,0.9947292798485915
987035,0.10917025468519775
987036,0.9997712117771962
987037,0.7930151639489433
987038,0.9833148777291433
987039,0.9992275689911347
987040,0.46449796911863045
987041,0.9998842339470138
987042,0.9998548240750966
987043,0.9536883455255212
987044,0.4944429171989738
987045,0.8741400796561677
987046,0.939375352586127
987047,0.9621584152421581
987048,0.5496727193217719
987049,0.9483304690129553
987050,0.023863490742555112
987051,0.923349442658657
987052,0.17215749089157634
987053,0.9869330532637433
987054,0.8494389537596805
987055,0.16157020551952922
987056,0.9971604183199956
987057,0.009938729412001369
987058,0.9955823601647398
987059,0.5844620306520634
987060,0.09726458014120182
987061,0.027556389664868917
987062,0.9997827978174129
987063,0.08566572945726396
987064,0.9326828867103907
987065,0.05210816483361284
987066,0.02982126589289126
987067,0.8531901951017389
987068,0.9996747245417272
987069,0.0477845710268996
987070,0.9999363172254703
987071,0.9976099796654732
987072,0.5480710305720754
987073,0.5603429344087443
987074,0.961854592488838
987075,0.9981645437922753
987076,0.9999661799026752
987077,0.3204051909241306
987078,0.10695280678619926
987079,0.9999863723971902
987080,0.999674502682307
987081,0.9992147768553932
987082,0.9994442875588371
987083,0.17180203391883894
987084,0.04531024912685037
987085,0.9943823568020997
987086,0.9818984920370646
987087,0.4840196824019312
987088,0.16498155531775438
987089,0.6591734484440351
987090,0.48189965063215573
987091,0.31481214466129964
987092,0.8682777833310769
987093,0.9990204441301562
987094,0.5143981446957832
987095,0.5868700470652309
987096,0.9998217524895852
987097,0.9915138551651683
987098,0.7963153739676361
987099,0.6443975489509888
987100,0.9723171129880284
987101,0.039107194979709665
987102,0.9304835937588344
987103,0.009555873470525951
987104,0.6642870973532318
987105,0.9998426017942734
987106,0.9584766802683004
987107,0.7329015678297806
987108,0.9996849062694935
987109,0.7975899794118323
987110,0.7303902303546018
987111,0.418244209292855
987112,0.9995442162839872
987113,0.9998413033439892
987114,0.6271748788320874
987115,0.9999862868015663
987116,0.9947525772211078
987117,0.33029860556610935
987118,0.5617891015569169
987119,0.999851978153986
987120,0.022692636806050742
987121,0.026522821686372065
987122,0.990179173848839
987123,0.10370409053635968
987124,0.4707704796893123
987125,0.997168862201711
987126,0.9999706450892859
987127,0.989326144121595
987128,0.9995344230860798
987129,0.10952097100093758
987130,0.999608782269948
987131,0.9998937752568825
987132,0.9794014096959245
987133,0.06630220383777824
987134,0.9997040580685228
987135,0.9999804204875039
987136,0.06227938211216076
987137,0.7986215513490282
987138,0.9957641516787487
987139,0.9999897452250656
987140,0.7377866796632936
987141,0.4255803579484014
987142,0.9974896435380017
987143,0.9671535073211273
987144,0.33606498421658165
987145,0.9977447391711806
987146,0.9997281761607733
987147,0.06333882337964604
987148,0.9968888529263444
987149,0.9859913222053049
987150,0.04108472432050965
987151,0.018233216075059823
987152,0.19547478665237175
987153,0.9807739489236758
987154,0.6615409023865902
987155,0.2419645788372598
987156,0.07430574259172164
987157,0.017086501669906922
987158,0.3757109284714003
987159,0.999859062003633
987160,0.9731660312809718
987161,0.9999674128143134
987162,0.07463564627059316
987163,0.29237508106951743
987164,0.12055451506875531
987165,0.11926339293468181
987166,0.9999530306765756
987167,0.9900349015381207
987168,0.6836783105480113
987169,0.6239424450106343
987170,0.9999726240631119
987171,0.999653263275597
987172,0.49235913028639433
987173,0.5220083610538624
987174,0.5407658543939687
987175,0.033092683710039435
987176,0.46759733569420603
987177,0.9200560747265079
987178,0.032885005305176816
987179,0.9994601581954492
987180,0.9985005180210837
987181,0.04495306156074737
987182,0.5542164632538685
987183,0.9888116071696543
987184,0.9999726238213612
987185,0.9998316114616059
987186,0.9999895223557884
987187,0.9952667994889768
987188,0.020263279239513293
987189,0.04231019545796694
987190,0.00756058402049687
987191,0.9958185205000001
987192,0.9969807699291575
987193,0.05123620827402893
987194,0.9996980419383004
987195,0.30687490524594196
987196,0.4669189299885932
987197,0.8060522511401697
987198,0.9852800931559382
987199,0.45435434390596613
987200,0.812328637623285
987201,0.9833955938522094
987202,0.7784707675382954
987203,0.12721885336433542
987204,0.058507954749100095
987205,0.9977860936011955
987206,0.9996920585293574
987207,0.9999867754196304
987208,0.9763299501339563
987209,0.9965899559951381
987210,0.5024284450303106
987211,0.6295608044498511
987212,0.8946530943944321
987213,0.6369509543521295
987214,0.9181146346397091
987215,0.999902540354261
987216,0.9989451928932868
987217,0.46239078332289174
987218,0.999205070756709
987219,0.9996376392825055
987220,0.9999806820892317
987221,0.9997675120624152
987222,0.9985850294158978
987223,0.8888673799450966
987224,0.9991486648091868
987225,0.23564330420965018
987226,0.9995047818689667
987227,0.9518422142585352
987228,0.9998607555708219
987229,0.4258171667087066
987230,0.19350991780838173
987231,0.9414067623052883
987232,0.9984812390529859
987233,0.9995627356823057
987234,0.9972137055221986
987235,0.9996157232639233
987236,0.12818833177893868
987237,0.6545420037991484
987238,0.756123164447085
987239,0.03167881767770121
987240,0.958940860194823
987241,0.9982077358446803
987242,0.20809793115351272
987243,0.3553727495226929
987244,0.9999865164850962
987245,0.9996509926580162
987246,0.0029275994657103213
987247,0.9989427270459988
987248,0.7975580811941098
987249,0.6241274819971674
987250,0.9999727832156191
987251,0.12230565308893321
987252,0.9598505509054301
987253,0.9986853832016356
987254,0.9998676661778213
987255,0.9766810388842958
987256,0.9930853992411719
987257,0.009653104614091506
987258,0.997715368379261
987259,0.7691974631285969
987260,0.30222613377535557
987261,0.2737613019239034
987262,0.9938540532114186
987263,0.9575952826699876
987264,0.9141078707190826
987265,0.9986083987601352
987266,0.4421117206304269
987267,0.10675067101424182
987268,0.9999742432670887
987269,0.9999455155108002
987270,0.14356051844527418
987271,0.9920496240505061
987272,0.43833628208748443
987273,0.9999632534312947
987274,0.9951082477371224
987275,0.6543089987252446
987276,0.9999728186444017
987277,0.9973622649904993
987278,0.9990223024684297
987279,0.998752520556226
987280,0.9971278525591045
987281,0.9995231692164456
987282,0.999125425297794
987283,0.9904814650262898
987284,0.06060370907518872
987285,0.733226967207952
987286,0.03048012009278138
987287,0.6541871053773809
987288,0.7521584854252246
987289,0.9999497089816265
987290,0.8083701703605011
987291,0.9990057246764998
987292,0.9971994445861896
987293,0.9995869007735574
987294,0.9034823147547351
987295,0.9998467316418499
987296,0.9994862349211522
987297,0.9997486331963967
987298,0.9805491051161941
987299,0.9991825183757935
987300,0.6606907878069495
987301,0.43630082937454173
987302,0.21340955895151434
987303,0.6970286430173762
987304,0.995988283459591
987305,0.030477928520322856
987306,0.9999322341089257
987307,0.9245292666091515
987308,0.12244670802695881
987309,0.3739340317218031
987310,0.9949441250432755
987311,0.9999745711478888
987312,0.9752076368256708
987313,0.9796903373897017
987314,0.9998577685878316
987315,0.7669547866954616
987316,0.9579670962337258
987317,0.8384828350566225
987318,0.9581700581707173
987319,0.4332417563994229
987320,0.2534466538551366
987321,0.9632626532664413
987322,0.9995674108771703
987323,0.8101289591032226
987324,0.3363611569915599
987325,0.7430933610711516
987326,0.1396379161466753
987327,0.9999842346249193
987328,0.10201054455119507
987329,0.10897566276464937
987330,0.998669427731894
987331,0.3542815020067489
987332,0.9924291116197876
987333,0.9975613983965268
987334,0.8757957274395662
987335,0.12964256757633524
987336,0.9998543035741108
987337,0.9894684602927104
987338,0.7546089796275455
987339,0.00462009911888806
987340,0.13895175951753613
987341,0.9987661033445578
987342,0.9997247650832236
987343,0.18975495356698419
987344,0.8857847718969101
987345,0.9999370135042753
987346,0.8132955183519595
987347,0.9999851342669356
987348,0.9987027192738562
987349,0.9999763887339818
987350,0.13105687412531358
987351,0.9975010122416281
987352,0.7754744212104312
987353,0.9223262274352263
987354,0.999436561327431
987355,0.9966957974542046
987356,0.4771071528452958
987357,0.09533601549868083
987358,0.8463398433419353
987359,0.887774362086355
987360,0.9999844385048879
987361,0.36064253287438586
987362,0.9969434085983784
987363,0.9877326537629362
987364,0.6206997220389516
987365,0.9999153590107964
987366,0.9231174369291474
987367,0.9985926515670611
987368,0.22403594801517207
987369,0.9994212411305787
987370,0.9998237247136017
987371,0.9977322022519284
987372,0.05752536185838635
987373,0.04587490442672819
987374,0.9933851563941076
987375,0.008978946401543385
987376,0.530099338498611
987377,0.03301656052258149
987378,0.9882769803775776
987379,0.999361779943146
987380,0.9356485632249727
987381,0.9999149317164168
987382,0.9998421024887292
987383,0.9998009885000159
987384,0.7477626204864986
987385,0.21555848614215484
987386,0.05968915971252624
987387,0.9999665294652568
987388,0.5386866815030101
987389,0.9979286227671696
987390,0.8890436072464696
987391,0.6733291136200151
987392,0.19543902337297905
987393,0.9982557786276681
987394,0.7029586953712025
987395,0.9995948862355851
987396,0.9993602200200284
987397,0.9997054974834174
987398,0.16323841491562122
987399,0.9982400239357085
987400,0.1485316962914046
987401,0.9999246495381638
987402,0.6621148290905999
987403,0.998878001250175
987404,0.5435299076636471
987405,0.981838190032112
987406,0.5889990423325183
987407,0.7472064365095924
987408,0.9710622898264726
987409,0.9934737729569636
987410,0.10026444761864997
987411,0.2201923244317095
987412,0.6444932754565028
987413,0.05481700731032256
987414,0.9613633162612182
987415,0.9989184722800983
987416,0.7965528410572986
987417,0.2686438171938982
987418,0.05561135173958224
987419,0.453247460818446
987420,0.9987251348273427
987421,0.9998207536952052
987422,0.5489048889808804
987423,0.9861994003409342
987424,0.9999850714355458
987425,0.9981997611166011
987426,0.9977577761163915
987427,0.9975754094222385
987428,0.9502607043519335
987429,0.9940674302924537
987430,0.9992562596614898
987431,0.875607280739415
987432,0.9999889626680228
987433,0.8777577338794438
987434,0.14301541309845325
987435,0.9979989553222611
987436,0.3142392904808443
987437,0.946961299032143
987438,0.18032843971662144
987439,0.97443009291567
987440,0.0827926987575525
987441,0.010250613110473566
987442,0.996046443808491
987443,0.19455747617755098
987444,0.9996211261468287
987445,0.9345137138591271
987446,0.11845245464697225
987447,0.40834391074204346
987448,0.03490802694127313
987449,0.9996068825163067
987450,0.3745799987953552
987451,0.9999815614371739
987452,0.7457103780285166
987453,0.24468043723137625
987454,0.3276327907944597
987455,0.9098460595834832
987456,0.9991093875191757
987457,0.8144831364101872
987458,0.999855496649335
987459,0.12325263095520803
987460,0.9615155405848536
987461,0.0307451095697198
987462,0.2221117554463079
987463,0.9695114756049013
987464,0.9950797717747513
987465,0.9987005330758065
987466,0.9982247926698123
987467,0.8443447737010955
987468,0.9975238973047623
987469,0.8711992568356537
987470,0.9996580615728634
987471,0.35368629822983133
987472,0.8457638312202118
987473,0.9986146290046235
987474,0.0025104766594024955
987475,0.05499426051049906
987476,0.17317192517772692
987477,0.6793965813440371
987478,0.29167381382082863
987479,0.9944687039490713
987480,0.9967944109535165
987481,0.04535355742243641
987482,0.9809292601190805
987483,0.5230362399835925
987484,0.10818368527679595
987485,0.023212121692793235
987486,0.9442544906964652
987487,0.9146561789215073
987488,0.6581101359196073
987489,0.9894554345124364
987490,0.9997857968942381
987491,0.24890191033362288
987492,0.9565592428091095
987493,0.9999314172904239
987494,0.023500228639065146
987495,0.9938901390293149
987496,0.3613984738296479
987497,0.9998533618460611
987498,0.99917498198943
987499,0.6771577322419767
987500,0.16236978347363432
987501,0.24886770681380105
987502,0.9976269208313246
987503,0.3397589540117967
987504,0.2950463772438024
987505,0.5154296955372291
987506,0.9999628873630009
987507,0.22809921714484357
987508,0.07069894393218039
987509,0.9996701107721916
987510,0.9716331992856986
987511,0.9997959491326939
987512,0.9856981705300509
987513,0.9874684396348357
987514,0.9823416316727392
987515,0.9993580755002078
987516,0.9977532065863945
987517,0.9885283617805621
987518,0.24255655461255998
987519,0.7774265563294096
987520,0.09352410461199032
987521,0.9999113992105425
987522,0.9983985234202465
987523,0.023718457273334943
987524,0.9576850617137391
987525,0.03370176673283632
987526,0.18645041055538145
987527,0.005145679062511045
987528,0.999990361421391
987529,0.996001351538926
987530,0.5969769224400775
987531,0.33941228525387657
987532,0.9988808620924015
987533,0.2565999490447592
987534,0.9936228171181366
987535,0.018671826350967327
987536,0.058322713133967946
987537,0.957167925551923
987538,0.9765388070175389
987539,0.19285436180707116
987540,0.9957619166496381
987541,0.46355434864855893
987542,0.9995363945200009
987543,0.9983407064714164
987544,0.9997786490906797
987545,0.6119388372318919
987546,0.998196968166084
987547,0.02872805051071808
987548,0.11966924849126494
987549,0.9994952376399892
987550,0.4153198707296262
987551,0.4509656189041422
987552,0.9858730618813258
987553,0.1815625299928733
987554,0.011803880384974506
987555,0.0354068058574074
987556,0.9995872694367829
987557,0.9999475170666658
987558,0.03074081704404622
987559,0.3255367447303922
987560,0.009507684985964672
987561,0.03378725667236269
987562,0.8532950231257904
987563,0.05591339989891196
987564,0.14755315056567708
987565,0.4350553772605037
987566,0.4087879564673247
987567,0.8303776647885869
987568,0.4201751433379375
987569,0.9997975425366281
987570,0.9437655684079496
987571,0.23460859243451848
987572,0.9999926437151807
987573,0.6949805558788767
987574,0.9999045227542468
987575,0.2585749118142698
987576,0.9997396548889217
987577,0.5642809956158347
987578,0.9999365274224072
987579,0.48415673424441036
987580,0.4826895822941268
987581,0.999863722708507
987582,0.8343243285279766
987583,0.5754187877948068
987584,0.9998867254526393
987585,0.9997344879316326
987586,0.2897659001104683
987587,0.08704715498941487
987588,0.9884813731122823
987589,0.03383638763731355
987590,0.9994995612927512
987591,0.9996017093496555
987592,0.7740206192549055
987593,0.9889441237308985
987594,0.019715609951809897
987595,0.0492456706801665
987596,0.9997910648901862
987597,0.456563030739335
987598,0.9994872182647491
987599,0.25205732040677054
987600,0.9999017116263466
987601,0.9988245612816677
987602,0.9997102828688742
987603,0.9992916147563832
987604,0.11588651704704594
987605,0.08997589462015937
987606,0.29062023304482615
987607,0.07799514398835664
987608,0.9987192235663948
987609,0.43920745235835407
987610,0.9405441265405199
987611,0.5284623798665345
987612,0.09746188455648502
987613,0.45759419706017346
987614,0.018338590791621034
987615,0.9538879517515522
987616,0.5881037833991963
987617,0.029529943394921754
987618,0.5670957956649408
987619,0.005650266346396036
987620,0.2621735427614863
987621,0.9127423854905592
987622,0.4093352147674407
987623,0.90858632685235
987624,0.9998327798915574
987625,0.23901969574673382
987626,0.45089564204976207
987627,0.9946210826754333
987628,0.959724652971711
987629,0.999949933391176
987630,0.9990519522497776
987631,0.9999430161619135
987632,0.999795674219754
987633,0.1425664343272346
987634,0.9896935594032987
987635,0.6204119447305414
987636,0.996242440017098
987637,0.9997997703136114
987638,0.8149431816710277
987639,0.9999125603031882
987640,0.9850457696919667
987641,0.9999756546585761
987642,0.5306537801370115
987643,0.9997461871242896
987644,0.98327201773835
987645,0.9984067898388899
987646,0.8691527972173216
987647,0.5217218707883827
987648,0.9997556078853346
987649,0.08697470438859997
987650,0.07238931651545549
987651,0.004984040299822107
987652,0.7644850659354986
987653,0.8608387386632858
987654,0.7046404196925996
987655,0.010609305214414805
987656,0.9996385180148735
987657,0.9998870562307898
987658,0.9975680432044667
987659,0.9320433116513
987660,0.9978658182799733
987661,0.9999922022137929
987662,0.9983079474562951
987663,0.9998425442495019
987664,0.19919712801511966
987665,0.2910864768945253
987666,0.999991945752309
987667,0.9050995269933974
987668,0.192266531645361
987669,0.5728205539179769
987670,0.7216048893648435
